instance_id,num_cities,city_coordinates,distance_matrix,best_route,total_distance
2286,75,"[[19.07528868970989, 26.699796521260456], [19.405142884748816, 99.6260488410579], [60.26554751967947, 11.829473297455728], [8.994530380083866, 29.097077021526296], [79.17007149033294, 83.58207804728946], [70.22457164380153, 74.01387923643588], [89.74218310425228, 14.233838973902513], [5.032765451157384, 3.0147940849956756], [51.52853427325436, 47.886920212578765], [83.62795512493321, 96.39180737253045], [10.812209477108315, 35.136520596980105], [0.36694925021235614, 27.74243303340792], [72.55544322672883, 62.77361108424484], [73.07587829865615, 92.83883956373458], [55.47320195025151, 71.88756077739603], [7.179948002963721, 83.74432955432697], [37.53018762480126, 1.162090349952516], [5.63021261457699, 17.075169822534775], [31.08598630927063, 8.455427489053434], [43.290030012337, 23.792980497865745], [88.42656604740435, 37.516663349030964], [97.91283030202071, 28.090611330620728], [98.50510104512067, 67.41524799617075], [77.41831075063023, 4.404077016668062], [18.79868536856438, 9.74479653837742], [52.956360854368, 95.35637167626476], [9.146744003477902, 58.740403213372346], [3.658790899868658, 3.474315007071549], [68.48232615688575, 69.23972373975768], [89.43182077004491, 62.85518107210364], [91.20657611328382, 93.03486714342233], [71.64499797888656, 0.4726124285520106], [76.04188309267455, 99.08358692552132], [95.14014025435692, 26.70254616943877], [94.15326613270736, 75.31604046819544], [58.15528492378444, 94.7379294522914], [65.30110267134144, 55.08359137448725], [71.48588980274641, 59.11282942987107], [95.40930173480237, 88.35291552203695], [9.19177646354472, 82.75095689366397], [91.79779713429562, 90.90701270149583], [16.015579490688957, 86.92285278699347], [19.131406196607703, 87.08837181181602], [75.77417966887613, 63.56259794773806], [47.05027723875892, 90.35949918985008], [60.07290970241369, 4.024962473548255], [42.519039946698726, 66.59959679794288], [37.51754282330118, 28.83221193332671], [40.02179986584746, 92.45736918954363], [81.64650482260687, 57.70289544727413], [8.719554554721398, 0.014032667408914179], [54.389215552000095, 10.211968359332356], [83.39270752678505, 77.5293668800367], [80.31661528401956, 15.923022851020807], [45.94666412145695, 78.13421324110938], [63.15563631933454, 50.255068672762015], [18.626595301036208, 73.89928250428333], [68.8723969382345, 72.51177942260138], [4.937697420810694, 26.845818333335625], [57.88735271190468, 18.835525369732476], [18.04630852144643, 5.730226892868195], [92.6475869982769, 34.60885868144453], [70.73525169304601, 25.842874187291308], [43.29792851482619, 85.08423113577781], [18.68995652364727, 71.03911222681603], [38.56652061285432, 28.934385884249146], [86.118374070998, 80.49358722603883], [68.66328217245933, 8.713065436980195], [80.07774927486628, 42.590499125855075], [30.07780758099079, 42.2137114894455], [3.6864803479628505, 49.85845097605082], [6.754628168747267, 71.4209139515588], [98.27041767492989, 98.15897275867025], [97.7426164893623, 77.83009318714274], [88.01740658561768, 50.83111941686583]]","[[0.0, 72.92699830104587, 43.7922816859354, 10.361884089973646, 82.74646138331524, 69.67690844100498, 71.75799651445553, 27.53491963509528, 38.75702980385714, 94.99485838923464, 11.809182495141474, 18.737370559390715, 64.50927860725162, 85.38405408908669, 58.02363422080691, 58.271587236099684, 31.50805819463485, 16.5349178938371, 21.84293612799975, 24.388589067750704, 70.18977332285371, 78.84980870811783, 89.25717382721426, 62.45804456936271, 16.95725608159624, 76.56142868991883, 33.54365031992062, 27.87635908202702, 65.19739840697602, 79.10280297429769, 97.99624594763534, 58.748953353922545, 92.11192100461184, 76.06485161434517, 89.44407119781125, 78.46294436481415, 54.24449915460983, 61.623662755182764, 98.12231463888455, 56.91587118737316, 97.01097795656078, 60.30073238666524, 60.3886013648079, 67.62862091803512, 69.53529843304523, 46.850325802416585, 46.2774624965405, 18.56512679777821, 69.01314870136414, 69.83086159690353, 28.62466107988172, 38.97334868769235, 81.97789695229767, 62.18230402429996, 58.030768053722795, 49.97927463739205, 47.20161864617158, 67.66453847672376, 14.138345350714012, 39.600796386028684, 20.994800560773868, 73.99619140643948, 51.667069719430685, 63.20979738422014, 44.340990044372376, 19.618906990527957, 85.95665893828232, 52.74932788902068, 63.03819974199159, 19.019384311619266, 27.80537175323151, 46.387250617894374, 106.66903169859012, 93.82353489545733, 73.04338686469308], [72.92699830104587, 0.0, 96.83910028554429, 71.29317441833102, 61.880980034755936, 56.90867746883912, 110.63059582609306, 97.67445816913633, 60.90032598872867, 64.30419838482338, 65.05949398582693, 74.36199996266863, 64.6765536733557, 54.098188968243946, 45.50086378092731, 20.04206569693218, 100.11827190162155, 83.6922716305331, 91.91585445840542, 79.50561041486871, 92.85220849067387, 106.21099662190225, 85.40690295310772, 111.50224914305464, 89.88329826067266, 33.82180317984914, 42.152944926777565, 97.4325588297541, 57.72260104230253, 79.0938198099759, 72.10332509560857, 112.07321898056358, 56.63933797556147, 105.13623099803506, 78.60189842605993, 39.057230050328336, 63.95677948344321, 65.98276401148622, 76.83564080121018, 19.725150997819476, 72.91582805192174, 13.147635908799288, 12.540664937076258, 66.9181649352789, 29.156858470856722, 103.89145764972211, 40.311273509362024, 73.07411563373527, 21.82742570763484, 75.04357351804462, 100.18350944211389, 96.01439021719614, 67.69543398564844, 103.52006583139303, 34.15188643419047, 65.96665338296307, 25.738543907670874, 56.41092828245909, 74.20423795855065, 89.48736869498418, 93.90565377096863, 97.93717698593629, 89.88179422029722, 27.970156727098065, 28.59588146075913, 73.24253960669431, 69.40249493181142, 103.39987832448158, 83.27195865046946, 58.39590954761949, 52.190901019223794, 30.912216949203284, 78.87891911000229, 81.3131198123707, 84.19375195149253], [43.7922816859354, 96.83910028554429, 0.0, 54.10071475406071, 74.20119483500837, 62.97684100912585, 29.574533296263173, 55.93173325266642, 37.10087436308103, 87.73021391367149, 54.670385926707, 61.97632097991171, 52.40559809151599, 82.01598623153241, 60.24898711019944, 89.38583459640338, 25.113535165291225, 54.886584446710984, 29.37398470669571, 20.767611783167393, 38.11659346353776, 41.00905401283005, 67.4688209670318, 18.691008436780276, 41.519230891834006, 83.84609091956676, 69.3813189446847, 57.220045133430915, 57.99527831660678, 58.77324518195968, 86.90030632919996, 16.07700785436099, 88.66889595078497, 37.913658687403604, 71.9647252750999, 82.93530798280032, 43.54624606446823, 48.59641805826845, 84.20760458671052, 87.39786567978479, 85.13248500987137, 87.16120303051358, 85.76665662121394, 54.007720348305256, 79.63421585761932, 7.806887890134571, 57.57347444176422, 28.40008518976992, 83.13042111680534, 50.611423561534544, 52.88283301815125, 6.094883068543979, 69.65157246435093, 20.46466384863556, 67.8332437730014, 38.53412764312502, 74.74264884815388, 61.28964132363291, 57.32941317333964, 7.398687463542456, 42.657530968092786, 39.59162637813362, 17.49257299476133, 75.19414631901256, 72.34853909246941, 27.630161116160107, 73.36981110981546, 8.9573403000742, 36.58912472858129, 42.83108185784559, 68.17179758008956, 80.0909376210159, 94.32471909707063, 75.8986990954477, 47.867463705939066], [10.361884089973646, 71.29317441833102, 54.10071475406071, 0.0, 88.843806238216, 75.93837682206457, 82.10419761329644, 26.381453040598583, 46.49945907565574, 100.49243166606851, 6.30704653549107, 8.733282114248928, 71.93120733295277, 90.38490716401922, 63.17667616287566, 54.67737117480178, 39.93303412876358, 12.483784952027543, 30.23425409188456, 34.703238104796256, 79.87701624485467, 88.92399582899141, 97.36747140407124, 72.74309568224804, 21.694059438855888, 79.51689548010002, 29.643716985279237, 26.172429177478204, 71.76510246580311, 87.2339800442954, 104.14826676094702, 68.87990319086595, 96.91985902955356, 86.17888302021585, 96.89273892851669, 82.00915372776052, 62.01394207278925, 69.3261523173719, 104.77961206593046, 53.6542424357219, 103.32883979766308, 58.25045470630783, 58.87059132346056, 75.14914298812218, 72.12020686951395, 56.90001548420477, 50.30240283786222, 28.52424218714454, 70.5494016654905, 78.08074178825319, 29.08434425267472, 49.166297105235245, 88.7737318337508, 72.52858400886939, 61.401147519067344, 58.14710661139121, 45.825912874274806, 73.9607685744923, 4.639618447738898, 49.958057587074265, 25.058818257364376, 83.83444172077023, 61.82642238017012, 65.66037274797938, 43.04806157386249, 29.572437754321502, 92.68057254281027, 63.05448333575512, 72.35258425605225, 24.830438524023045, 21.42918672332455, 42.38306659972039, 112.87041018393701, 101.24786245969902, 81.95720567855847], [82.74646138331524, 61.880980034755936, 74.20119483500837, 88.843806238216, 0.0, 13.098564653744065, 70.14946761420788, 109.48711061950287, 45.14641594377176, 13.563255209778216, 83.78406373344686, 96.58156154291405, 21.834504904343255, 11.082726398762139, 26.425430179572764, 71.99030632854819, 92.34140079273293, 99.15280976897249, 89.19693308516253, 69.72885745684648, 46.986222691419044, 58.571271850970184, 25.203368064333578, 79.19737693190505, 95.37635138172352, 28.736607589752655, 74.29922745820052, 110.0872708160191, 17.88661587319965, 23.128072909337604, 15.304661552425335, 83.4494458147253, 15.813991910746184, 59.07896616369558, 17.112086341246407, 23.79231546125915, 31.694037905291328, 25.647432154289284, 16.92552773603664, 69.9832304000624, 14.598428772562684, 63.242791174920015, 60.140962963816314, 20.305458988148278, 32.827040989206985, 81.81709006538657, 40.394340972429276, 68.79303005286764, 40.141723481239204, 25.99740014105513, 109.30184602790871, 77.4420029225695, 7.380106203201286, 67.66876910896613, 33.66710602568477, 36.97501437046307, 61.3128782443917, 15.1193125776507, 93.43151784235714, 68.15475186829839, 98.9799228512873, 50.7938937208208, 58.3520509271022, 35.90358067876314, 61.7670648319724, 68.08097092878754, 7.603794073054983, 75.60265650764416, 41.00162705835854, 64.1980694990795, 82.67439479420743, 73.42949232852612, 24.027257101011934, 19.442858780856472, 33.92492637427496], [69.67690844100498, 56.90867746883912, 62.97684100912585, 75.93837682206457, 13.098564653744065, 0.0, 62.88553387633144, 96.38901227318772, 32.127243909106255, 26.08490667812493, 71.00195626183258, 83.79220811152432, 11.479398523845152, 19.039671240974414, 14.903829642915257, 63.79111406304041, 79.85177449714315, 86.10718813268166, 76.35273051765883, 56.98778994667904, 40.78430295837641, 53.62449256332149, 29.040149404985495, 69.98052905924841, 82.31121898042515, 27.453471318076716, 62.95855858489914, 96.98883073693568, 5.082123576138336, 22.213396042033935, 28.320354738510947, 73.55498307172509, 25.73579911542244, 53.470999577000875, 23.964099061239292, 23.982367257618286, 19.560070175206864, 14.95433745893844, 28.980658918602032, 61.65499666291137, 27.40040175493842, 55.72482775554551, 52.7394910054884, 11.833318630352926, 28.358900063878384, 70.72131722341315, 28.680447533065337, 55.77752947696666, 35.3888364420415, 19.912527456638745, 96.222889269485, 65.73767819237315, 13.62932338764578, 58.96097811626759, 24.625067430843394, 24.78812066337499, 51.598103599643956, 2.0210591988105944, 80.54316802291302, 56.5407614594347, 85.93735113350272, 45.338143571680675, 48.1737119345957, 29.11351578512046, 51.62040095101891, 55.08532396172238, 17.16390314658297, 65.31947571501554, 32.93195905201147, 51.21536227980545, 70.78702075759348, 63.52288716435329, 37.00749952103225, 27.781401711214354, 29.22371174437952], [71.75799651445553, 110.63059582609306, 29.574533296263173, 82.10419761329644, 70.14946761420788, 62.88553387633144, 0.0, 85.44912174707105, 50.919670401876836, 82.38516586845617, 81.65085936974201, 90.39034539113582, 51.492654856218294, 80.35242269901099, 67.06947671726599, 107.92697052012403, 53.82344362853377, 84.15994736599706, 58.94013455820958, 47.42551753592039, 23.319964818226993, 16.086317657447623, 53.89852499310335, 15.763947789949812, 71.08538086668383, 89.07335196704969, 92.06768740578144, 86.75320034100497, 58.97142423493794, 48.62233264878187, 78.81463371391355, 22.734983296545817, 85.94869369490426, 13.58700116001995, 61.24126870724777, 86.47913459566918, 47.60324236769062, 48.45013962268349, 74.33541378051878, 105.74953171534067, 76.70072436751963, 103.53407559596607, 101.45769941474018, 51.26823170219001, 87.27952205266736, 31.37653492010442, 70.5138131302289, 54.226612890140835, 92.6878481181388, 44.216500059650535, 82.2609824185771, 35.581002768203966, 63.613203763252365, 9.575733439508584, 77.46809223455486, 44.77022960589567, 92.82990886709949, 61.902070381832935, 85.73717289131835, 32.185489541263756, 72.19840615012313, 20.581127274037712, 22.271801459603587, 84.7162726626883, 90.96844492130117, 53.245229935617495, 66.35876905387845, 21.78988308684384, 29.958328661924963, 65.89924864948614, 93.1380532176964, 100.78341043382856, 84.35732846459555, 64.0975076294286, 36.6379010023792], [27.53491963509528, 97.67445816913633, 55.93173325266642, 26.381453040598583, 109.48711061950287, 96.38901227318772, 85.44912174707105, 0.0, 64.61705828624211, 122.05109770238546, 32.63751349842422, 25.16398157653187, 90.16888722355067, 112.68639825703902, 85.36800118361072, 80.75808498227778, 32.550191382876434, 14.073063241308068, 26.615236405468508, 43.53563278869469, 90.24912720131526, 96.2055250868502, 113.50989377739668, 72.3988762023712, 15.322972433408179, 104.03671442531717, 55.87726131672498, 1.4487807099124823, 91.7147101697873, 103.46048740213568, 124.61757178454604, 66.66072464279563, 119.46341593166778, 93.16892503800995, 114.76033230299704, 105.99592273633404, 79.64566606200232, 86.96555240808077, 124.30009364852548, 79.84455543148584, 123.5038979802121, 84.62378223268469, 85.24751106429427, 93.11489804603762, 96.92558386037824, 55.0494134334993, 73.81224770727071, 41.494575853634984, 96.04273408543236, 94.12998189252578, 4.753628401488242, 49.878437065450946, 108.13279835888457, 76.38246143934471, 85.53872946657229, 74.8993435290748, 72.17619350209308, 94.36805348962747, 23.831213872888654, 55.17157721950498, 13.29382858985095, 93.13722066101276, 69.55528692718038, 90.55172666559957, 69.3817463505358, 42.383227511417346, 112.15096661127146, 63.885154414940054, 84.84094546020708, 46.5167632253794, 46.86299899180569, 68.42778709279462, 133.21289174734275, 119.13205051231961, 95.77500525950603], [38.75702980385714, 60.90032598872867, 37.10087436308103, 46.49945907565574, 45.14641594377176, 32.127243909106255, 50.919670401876836, 64.61705828624211, 0.0, 58.164395444402594, 42.66604967960727, 54.98461735596361, 25.763238640478626, 49.84940408773043, 24.322646866726867, 57.03113981742871, 48.77666895741885, 55.2812797715627, 44.41554216335996, 25.46352064097537, 38.32762680133147, 50.43210052569812, 50.87389715458237, 50.60670092437011, 50.259970231804814, 47.49092030071616, 43.74944845046431, 65.29924832472463, 27.264872596507576, 40.75178475130346, 60.10560802728307, 51.50522977968779, 56.76268979583939, 48.48453237735313, 50.6875172413026, 47.31734239117767, 15.539488926365376, 22.89797103425182, 59.691025534828455, 54.8443444261855, 58.926580497485304, 52.77285276866114, 50.85595063610538, 28.871754243668743, 42.70801740946959, 44.68643740750564, 20.768612207094446, 23.651422558020858, 46.03183527441449, 31.677208207476525, 64.22166384059389, 37.78340236827543, 43.520112379957254, 43.01679140548016, 30.75802350518192, 11.865817675972872, 41.942586712391275, 30.119649122377364, 51.121757079581215, 29.739168015441777, 53.835362290479296, 43.209760645342286, 29.237612064064326, 38.09701840128456, 40.17954932152801, 22.96110527825065, 47.53579441810386, 42.75734420598403, 29.03635227669196, 22.188262050967943, 47.88265925511884, 50.582126578086545, 68.64461327105582, 55.06664147069297, 36.607459780521225], [94.99485838923464, 64.30419838482338, 87.73021391367149, 100.49243166606851, 13.563255209778216, 26.08490667812493, 82.38516586845617, 122.05109770238546, 58.164395444402594, 0.0, 95.15431136949941, 107.91261138728538, 35.39468380157645, 11.134177365121909, 37.324900904388294, 77.48713756542207, 105.80029854729376, 111.24197422263421, 102.43761708492266, 83.05262106620692, 59.07037540572318, 69.77901575388087, 32.57254156528547, 92.19708357251959, 108.21524247368238, 30.68906681831935, 83.45704910476445, 122.5917110343944, 31.090605051025392, 34.035131262285255, 8.288820409857653, 96.6647982497503, 8.049482346121188, 70.63372801634404, 23.55780385384501, 25.526304851104996, 45.19117424671232, 39.20652938908946, 14.262675419633105, 75.67573914734456, 9.84018755112689, 68.2722084002642, 65.16409085452088, 33.75557406371638, 37.071758274400146, 95.3229993309568, 50.76926942602035, 81.79528750811613, 43.783291108540894, 38.73961862565027, 122.06532649814392, 91.00477209550357, 18.863907409794564, 80.53688753553351, 41.871463255496124, 50.474889748554965, 68.78292269091541, 28.071021219229713, 105.01809962564082, 81.71631104426542, 111.89492636529552, 62.43786117489927, 71.71731851762121, 41.88522802518703, 69.71156872063736, 81.1235883953244, 16.09209713969036, 88.94663132449324, 53.91831535416912, 76.17666555773329, 92.49860889245188, 80.82730921881655, 14.748714622977348, 23.318681329194646, 45.77164592975817], [11.809182495141474, 65.05949398582693, 54.670385926707, 6.30704653549107, 83.78406373344686, 71.00195626183258, 81.65085936974201, 32.63751349842422, 42.66604967960727, 95.15431136949941, 0.0, 12.797499447366564, 67.64640185894248, 84.8900587186772, 57.83807744927816, 48.74333200603427, 43.22166432370161, 18.790036808927262, 33.509800901738785, 34.40181286936399, 77.65084304333854, 87.38514167451429, 93.44495424617871, 73.35431695050893, 26.61810376103135, 73.5021085365624, 23.662566424888887, 32.46023197943653, 66.99903598154751, 83.36286594394184, 99.07306757965924, 70.01581740157934, 91.34625122039846, 84.74863912663645, 92.52094650160664, 76.11632367822061, 58.025211021894826, 65.23924332415183, 99.94324743211227, 47.64200192059956, 98.33114052913157, 52.047086961641234, 52.61372329256101, 70.90909282135406, 66.05130520865244, 58.26272938641889, 44.66820191651929, 27.43937202010818, 64.3341266673413, 74.3420383832546, 35.18477459053936, 50.201481678316895, 84.05404281245487, 72.11117057852952, 55.526853646454704, 54.48306920050685, 39.54258889460177, 69.04994815568868, 10.160985972039613, 49.81758279940271, 30.2830364791212, 81.83707864488622, 60.63944963471695, 59.5826797774745, 36.756699855509574, 28.438851271010524, 87.91064735875216, 63.59988674986233, 69.66546346206076, 20.524373345579036, 16.35577114379378, 36.510562405744395, 107.7996644598026, 96.84852504724904, 78.78428074610406], [18.737370559390715, 74.36199996266863, 61.97632097991171, 8.733282114248928, 96.58156154291405, 83.79220811152432, 90.39034539113582, 25.16398157653187, 54.98461735596361, 107.91261138728538, 12.797499447366564, 0.0, 80.23940489701424, 97.59165182808, 70.60801222363934, 56.41479740231916, 45.69049029783373, 11.89505971623138, 36.27185990135819, 43.10439696182252, 88.60040456302185, 97.54650244011927, 105.85380996822968, 80.50832982140528, 25.761285211413973, 85.65798802021507, 32.21737033321362, 24.49036083822785, 79.76045202420481, 95.73639022687877, 111.87019156429754, 76.31646838257309, 104.00123004426071, 94.77889584605808, 105.16235713763284, 88.47535408425372, 70.45554073279618, 77.73033819163597, 112.72390763857267, 55.71189525253588, 111.12769263081366, 61.214391368482445, 62.24182913430233, 83.48254077292604, 78.10396972066445, 64.24422248947869, 57.329555430935464, 37.166573972906576, 75.89815636127835, 86.62560511822505, 28.9591125939668, 56.79544390239663, 96.80916960313454, 80.81860897081081, 67.94734667553435, 66.70260854939983, 49.63737933229774, 81.8369766001404, 4.65785967579679, 58.20592597429498, 28.232905684944736, 92.53574392833038, 70.39393661741022, 71.63205141716698, 47.01420024544975, 38.21816327203865, 100.67765952508816, 70.89785555111219, 81.08191356434583, 33.04773824187918, 22.36375496977722, 44.14308708375034, 120.5967586482701, 109.50248522269115, 90.64044411861288], [64.50927860725162, 64.6765536733557, 52.40559809151599, 71.93120733295277, 21.834504904343255, 11.479398523845152, 51.492654856218294, 90.16888722355067, 25.763238640478626, 35.39468380157645, 67.64640185894248, 80.23940489701424, 0.0, 30.069732559303098, 19.3614835701471, 68.65658314323527, 70.87134835159051, 81.03908949537667, 68.3387220110959, 48.74375828268531, 29.829615292328075, 42.964026245174814, 26.36151615734152, 58.57175076622707, 75.51055679546619, 38.02315501948084, 63.53683894335923, 90.90189886408592, 7.642047862872252, 16.876574671640647, 35.54726960303758, 62.307650766546786, 36.47697367563457, 42.55808106479787, 24.975557834198586, 35.05826875194633, 10.571748201220005, 3.8138257495265915, 34.301598566660076, 66.43830680612622, 34.08454885225257, 61.48123344653822, 58.69697881351979, 3.3140254306163603, 37.56986444810347, 60.060114525105206, 30.279096563174146, 48.78189255248777, 44.0404750835741, 10.40958971386807, 89.51974846705002, 55.612391729464626, 18.307884274659322, 47.48908726751842, 30.724179795311457, 15.654720502276353, 55.06451854996231, 10.411376112184284, 76.57000613703805, 46.32179028931103, 78.89989509703813, 34.596929332638815, 36.975565242079746, 36.79355832480822, 54.495955509539435, 47.9618600826529, 22.314807808990338, 54.20047521334436, 21.539338351182966, 47.191725984544206, 70.06950412709605, 66.3665812677868, 43.74224196016395, 29.344358065509006, 19.537026849985093], [85.38405408908669, 54.098188968243946, 82.01598623153241, 90.38490716401922, 11.082726398762139, 19.039671240974414, 80.35242269901099, 112.68639825703902, 49.84940408773043, 11.134177365121909, 84.8900587186772, 97.59165182808, 30.069732559303098, 0.0, 27.3643983564332, 66.52055127436911, 98.32661120921469, 101.43496178449601, 94.2534416488104, 75.19659175972967, 57.41242718689296, 69.34844802982137, 35.958370064334275, 88.54131208851605, 99.25035848131891, 20.276413640696813, 72.45438270574556, 113.15807647786052, 24.042025475251467, 34.15459896807648, 18.13175750051116, 92.377309625674, 6.913324384887675, 69.71973149393335, 27.409939183617997, 15.040965695828318, 38.54745000498413, 33.76346876383689, 22.77949334129462, 64.67568201452536, 18.821323011784777, 57.366162496693796, 54.250105527404635, 29.400325737017564, 26.14343204742823, 89.76069271181898, 40.2767703644397, 73.22051353545385, 33.056279595390855, 36.16614726464625, 112.9521189760258, 84.7135833832812, 18.461227455813066, 77.25588089378691, 30.858066970573322, 43.7240064978398, 57.64920849901683, 20.75713442478654, 94.85721134662283, 75.54589215301912, 103.03477059375548, 61.431119597274765, 67.03683994363455, 30.77109431267008, 58.59229129571039, 72.62695758435781, 17.958617743382636, 84.24142019813426, 50.73383401565991, 66.42091295653442, 81.62231527657111, 69.69387172716576, 25.750119059811436, 28.874044413031235, 44.58584774889577], [58.02363422080691, 45.50086378092731, 60.24898711019944, 63.17667616287566, 26.425430179572764, 14.903829642915257, 67.06947671726599, 85.36800118361072, 24.322646866726867, 37.324900904388294, 57.83807744927816, 70.60801222363934, 19.3614835701471, 27.3643983564332, 0.0, 49.72747070429816, 72.96604642069144, 74.08590816143594, 67.95860372483946, 49.61369096059042, 47.61599306273801, 60.986021640042104, 43.263679008194764, 70.96202069237386, 72.15776682912723, 23.603380565266228, 48.15587667053158, 85.8201922004889, 13.275856040253164, 35.13931808229358, 41.522073594822324, 73.22309631844202, 34.09830614837317, 60.126130255846476, 38.83171175919403, 23.007236202020326, 19.466921181262705, 20.484138577515893, 43.197221818867845, 47.539286072263835, 41.00263121773802, 42.22515809295732, 39.39277566640497, 21.941620324107337, 20.30167898004911, 68.0183031246348, 13.99188608666768, 46.649423991810835, 25.72669517225995, 29.769892740411542, 85.74209927312643, 61.68511754573146, 28.483833445269983, 61.230912874014344, 11.391908971101804, 22.956143240804224, 36.90148297654754, 13.413727119746047, 67.69487263037139, 53.10693537379066, 76.01029652908893, 52.6463344750378, 48.508177924268644, 17.955205144335324, 36.79302935416956, 46.16070956176431, 31.83064978200912, 64.53677306609389, 38.25835295021729, 39.05718098806263, 56.27740410637892, 48.72080859924162, 50.21741492026941, 42.68509220934261, 38.76208170516692], [58.271587236099684, 20.04206569693218, 89.38583459640338, 54.67737117480178, 71.99030632854819, 63.79111406304041, 107.92697052012403, 80.75808498227778, 57.03113981742871, 77.48713756542207, 48.74333200603427, 56.41479740231916, 68.65658314323527, 66.52055127436911, 49.72747070429816, 0.0, 87.98274420084586, 66.68716922405117, 78.99314806802525, 69.9864435188224, 93.47732380875851, 106.44149699444394, 92.77350097256384, 105.96368847021263, 74.90611420003985, 47.2262585410264, 25.081160638445798, 80.3472076849051, 62.99496136329074, 84.86299015474582, 84.53867943305258, 105.30869641901998, 70.54969114744081, 104.8368278451354, 87.3807422915198, 52.14733179087605, 64.80359969167459, 68.86192670219233, 88.34963454683717, 2.2437118793990454, 84.92045938099712, 9.389962392229396, 12.410478297563408, 71.50154479783811, 40.41538843902719, 95.6704911929453, 39.278407308540224, 62.73523986648599, 33.97799719625124, 78.88868344018118, 83.74445059289394, 87.38262461970142, 76.46574707199713, 99.74317893432004, 39.17054612409269, 65.22889142768723, 15.098035825366258, 62.70668575273869, 56.94267526941848, 82.367431385168, 78.76723941455779, 98.58504862976463, 85.97589872027747, 36.142825740432244, 17.1435948238837, 63.16048499903273, 79.00533169212973, 97.00459254924438, 83.71216870451521, 47.42472150794462, 34.065482284538575, 12.330752981060312, 92.2239426817565, 90.75557897553325, 87.281006591669], [31.50805819463485, 100.11827190162155, 25.113535165291225, 39.93303412876358, 92.34140079273293, 79.85177449714315, 53.82344362853377, 32.550191382876434, 48.77666895741885, 105.80029854729376, 43.22166432370161, 45.69049029783373, 70.87134835159051, 98.32661120921469, 72.96604642069144, 87.98274420084586, 0.0, 35.64876581248854, 9.7324455929471, 23.352365473676738, 62.5467530290913, 66.11511762744624, 90.04121814319313, 40.01965572126343, 20.604174875307052, 95.44909352680651, 64.1940961771618, 33.9502267880903, 74.78368169370951, 80.62144234628293, 106.4037677759074, 34.12177699504093, 105.2224794395634, 63.01762868790587, 93.30048948344997, 95.82187799401207, 60.65271630571093, 67.16604700521022, 104.65291130373546, 86.37018403958618, 104.87671109335714, 88.4182488909783, 87.87400641774464, 73.18761012581675, 89.70401245211733, 22.72378391607649, 65.62740203314833, 27.670124472609725, 91.32927279880434, 71.71549403128105, 28.83349812876035, 19.134448375501375, 89.08047853700722, 45.26105964445171, 77.43090325567765, 55.378553081495376, 75.15347580278076, 77.93017525587075, 41.49607572797261, 26.95856961676504, 20.01223166937832, 64.47180799012628, 41.372906238282106, 84.12010787588392, 72.37231856396858, 27.79162437329707, 93.02848090090941, 32.03571133716761, 59.38525116617226, 41.722578617552536, 59.302040946896106, 76.70356806377877, 114.4454924562482, 97.48599514193427, 70.82352523595038], [16.5349178938371, 83.6922716305331, 54.886584446710984, 12.483784952027543, 99.15280976897249, 86.10718813268166, 84.15994736599706, 14.073063241308068, 55.2812797715627, 111.24197422263421, 18.790036808927262, 11.89505971623138, 81.03908949537667, 101.43496178449601, 74.08590816143594, 66.68716922405117, 35.64876581248854, 0.0, 26.87557203653658, 38.254291611559324, 85.28241787946358, 92.9377290386685, 105.64027816847945, 72.89778890258948, 15.07126561233648, 91.47519265286677, 41.813367079465046, 13.742989314138782, 81.67942741056727, 95.49093653040187, 114.42547621375081, 68.07052812132687, 108.088777471362, 90.0261824215798, 105.96381466207391, 93.75706615715333, 70.74782844043621, 78.12896417574376, 114.63333666634794, 65.77228705513116, 113.4724356170539, 70.61554121193845, 71.30309026214336, 84.15020551258651, 84.1796571879962, 55.984954925850246, 61.75317359603166, 33.98573034429522, 82.85684796725748, 86.1921618854968, 17.338582256030953, 49.239657815384334, 98.49728705318974, 74.69528891667859, 73.1684566278255, 66.40843365208363, 58.29138654210375, 84.0998903802952, 9.795159499222667, 52.286781721619505, 16.818655345953545, 88.76628689786483, 65.6927602802375, 77.74374085320527, 55.52174340547209, 35.00630500575305, 102.47067776003028, 63.58531786225296, 78.69858794312636, 35.06609725619359, 32.840852886530776, 54.35737498514631, 123.11291846191563, 110.34425975387641, 89.03434092212342], [21.84293612799975, 91.91585445840542, 29.37398470669571, 30.23425409188456, 89.19693308516253, 76.35273051765883, 58.94013455820958, 26.615236405468508, 44.41554216335996, 102.43761708492266, 33.509800901738785, 36.27185990135819, 68.3387220110959, 94.2534416488104, 67.95860372483946, 78.99314806802525, 9.7324455929471, 26.87557203653658, 0.0, 19.600490172556437, 64.2845044658082, 69.6517589334505, 89.56337122952218, 46.50911447006387, 12.354765758719802, 89.61075484210397, 54.86263880408623, 27.875841325127325, 71.36677731754254, 79.77198498734164, 103.7697785033265, 41.337135410018554, 101.16568557787718, 66.60249227886958, 91.91204138889681, 90.42907205383611, 57.83476337806631, 64.79447949999839, 102.57240126521945, 77.45438731459974, 102.39232333382357, 79.90152686003788, 79.53648168316698, 70.94952333672167, 83.4454045831799, 29.323552787027012, 59.257566100010465, 21.367692048547177, 84.47588397507572, 70.5810111335435, 23.906367686576626, 23.369337366903707, 86.64411224956952, 49.79377280081783, 71.24586253894694, 52.68465103666132, 66.61932590135166, 74.37088846622194, 31.96778827507176, 28.741253853315428, 13.321408150031445, 66.88671499279803, 43.29419762690044, 77.59578004479411, 63.799523115786066, 21.802434048042645, 90.65351709144298, 37.578179063145555, 59.71093663749287, 33.773335088487826, 49.64819514129993, 67.50309233229511, 112.07351985132425, 96.2078509669931, 70.97102141749775], [24.388589067750704, 79.50561041486871, 20.767611783167393, 34.703238104796256, 69.72885745684648, 56.98778994667904, 47.42551753592039, 43.53563278869469, 25.46352064097537, 83.05262106620692, 34.40181286936399, 43.10439696182252, 48.74375828268531, 75.19659175972967, 49.61369096059042, 69.9864435188224, 23.352365473676738, 38.254291611559324, 19.600490172556437, 0.0, 47.17675652526676, 54.7916046695232, 70.36765088340681, 39.251358248536526, 28.234330787530183, 72.21327377221004, 48.85781753147658, 44.53631418198447, 51.96208479583066, 60.45593740924121, 84.20471635532222, 36.71299191393041, 82.10578113896821, 51.931681125367156, 72.3995476321692, 72.48559571203353, 38.256890211204, 45.19400665907045, 82.97230679693911, 68.10825115773585, 82.80879657251437, 68.76973481481083, 67.74913775286011, 51.350194264653176, 66.67263959057054, 25.931440131649648, 42.81355888901719, 7.662601503909796, 68.74212393207127, 51.19669414861645, 41.95898155686324, 17.53954989020122, 67.0509057749542, 37.85372174891543, 54.406132750316985, 33.08903783008212, 55.84735009395634, 55.027073938199514, 38.473643368684584, 15.416166557960148, 31.040433993494716, 50.52872106537351, 27.52166886729812, 61.29125114684557, 53.26688069521491, 6.981804236308368, 71.05790496595006, 29.516194934724826, 41.312019983393135, 22.66905714491705, 47.41149541269171, 60.02712414352361, 92.48320838110577, 76.71436450777351, 52.26470292014683], [70.18977332285371, 92.85220849067387, 38.11659346353776, 79.87701624485467, 46.986222691419044, 40.78430295837641, 23.319964818226993, 90.24912720131526, 38.32762680133147, 59.07037540572318, 77.65084304333854, 88.60040456302185, 29.829615292328075, 57.41242718689296, 47.61599306273801, 93.47732380875851, 62.5467530290913, 85.28241787946358, 64.2845044658082, 47.17675652526676, 0.0, 13.37309486103302, 31.551580492938474, 34.8944846400852, 74.96211279023196, 67.84959333566843, 82.07153780176097, 91.3480004384249, 37.47165949573421, 25.358450612367058, 55.587763118531434, 40.66795710921971, 62.800210593298004, 12.728598077015784, 38.23072068983038, 64.73502726751082, 29.04107464625213, 27.447784992919672, 51.313576494700875, 91.23756459310242, 53.496678429781674, 87.66026767525099, 85.20078320453877, 28.956408447728702, 67.11454816413648, 43.881930856135284, 54.344438268150384, 51.644441540440766, 73.22228176822227, 21.294440507704, 88.08890389337826, 43.63585220008277, 40.32810651971862, 23.066352363168082, 58.77352658190241, 28.2999445143043, 78.71296521406104, 40.0876998411318, 84.16803501269115, 35.799838929145324, 77.22537272167632, 5.125655650991638, 21.19575327695328, 65.56879921649914, 77.37537907262671, 50.593276403272164, 43.038863090584485, 34.93185712499061, 9.769675070932163, 58.53750828148769, 85.63411613474591, 88.42965365630597, 61.43607332340798, 41.37585553374656, 13.320741415081756], [78.84980870811783, 106.21099662190225, 41.00905401283005, 88.92399582899141, 58.571271850970184, 53.62449256332149, 16.086317657447623, 96.2055250868502, 50.43210052569812, 69.77901575388087, 87.38514167451429, 97.54650244011927, 42.964026245174814, 69.34844802982137, 60.986021640042104, 106.44149699444394, 66.11511762744624, 92.9377290386685, 69.6517589334505, 54.7916046695232, 13.37309486103302, 0.0, 39.32909652548165, 31.3221525353604, 81.21340313607864, 80.90591239257702, 93.90861419069252, 97.41553258239269, 50.59055273760699, 35.78411424070594, 65.28958728865244, 38.114995452065315, 74.28553638261056, 3.100731364065728, 47.374840157738525, 77.60494460608606, 42.333742460432035, 40.75243796326349, 60.31428488961516, 104.20738347776062, 63.11334178942878, 100.83844666214927, 98.42382092701664, 41.81365430599656, 80.40157771672395, 44.84434240677945, 67.46416805721235, 60.399840406172515, 86.57049683484063, 33.7858064164174, 93.50793927771744, 47.05263983458326, 51.52693000444356, 21.393386650285688, 72.14460838954933, 41.222878390787756, 91.56823365844778, 53.07152668439553, 92.98346543275719, 41.08157095901167, 82.9376156730529, 8.379160791758352, 27.270370391919904, 78.93706477770564, 90.11568930510701, 59.352307699193936, 53.71388163669872, 35.08597085223199, 22.985579421009817, 69.28962595987109, 96.70803414656787, 100.93231861694655, 70.06927387907656, 49.7397731005812, 24.800204002139388], [89.25717382721426, 85.40690295310772, 67.4688209670318, 97.36747140407124, 25.203368064333578, 29.040149404985495, 53.89852499310335, 113.50989377739668, 50.87389715458237, 32.57254156528547, 93.44495424617871, 105.85380996822968, 26.36151615734152, 35.958370064334275, 43.263679008194764, 92.77350097256384, 90.04121814319313, 105.64027816847945, 89.56337122952218, 70.36765088340681, 31.551580492938474, 39.32909652548165, 0.0, 66.44592081634461, 98.38187674236386, 53.43588799178879, 89.77844343263783, 114.38647411160905, 30.078160245077594, 10.154734132514239, 26.638944262692995, 72.13030981125571, 38.826277845337145, 40.851524465505115, 9.020032638017524, 48.73024300142863, 35.419983950321665, 28.266020770707733, 21.16529930791151, 90.62038355250209, 24.430532837466444, 84.76477930693848, 81.7753950438062, 23.05510136626381, 56.338597389200125, 74.13070639109034, 55.992002323487284, 72.16739519815404, 63.61921369122031, 19.45615734485654, 112.26917736571231, 72.23867768759652, 18.18460444029527, 54.61016631251538, 53.640334709814596, 39.29448321089288, 80.14124021632139, 30.067786504278352, 101.98400680578432, 63.322909994109935, 101.38372217906846, 33.32521043712034, 49.99426764282208, 57.965721456542056, 79.89736971231179, 71.22787497259753, 18.01316080378356, 65.85195813976425, 30.916588585077378, 72.92058648369441, 96.43034767394118, 91.83787145172893, 30.744620481582935, 10.442719140610953, 19.6220553411412], [62.45804456936271, 111.50224914305464, 18.691008436780276, 72.74309568224804, 79.19737693190505, 69.98052905924841, 15.763947789949812, 72.3988762023712, 50.60670092437011, 92.19708357251959, 73.35431695050893, 80.50832982140528, 58.57175076622707, 88.54131208851605, 70.96202069237386, 105.96368847021263, 40.01965572126343, 72.89778890258948, 46.50911447006387, 39.251358248536526, 34.8944846400852, 31.3221525353604, 66.44592081634461, 0.0, 58.86241385590049, 94.18443022375484, 87.25504667734427, 73.76537958967864, 65.4485516009401, 59.672908327698714, 89.69689637999586, 6.984808813989757, 94.68951446532095, 28.483064573816925, 72.85990181293732, 92.36486918664855, 52.1079639515994, 55.02945764690069, 85.85501291708638, 103.88981455025936, 87.68995102491202, 102.8573952655511, 101.16351045836964, 59.18136333142248, 91.16222935156912, 17.349543664323747, 71.31789244999527, 46.784666897361234, 95.6654654974169, 53.466266666085936, 68.83888139891135, 23.750175315474287, 73.36894052963156, 11.877974671761917, 80.16606220356734, 48.018093650001695, 91.02773968012116, 68.64176403549132, 75.87536531701865, 24.284254641178993, 59.38681101217972, 33.826907787203254, 22.456297613148116, 87.5984460627052, 88.82143608199344, 45.94777089314245, 76.58527708169727, 9.757966315322733, 38.27891647846367, 60.58623357925199, 86.616874375419, 97.38897508851217, 96.04577470548158, 76.18698874760877, 47.621540279048205], [16.95725608159624, 89.88329826067266, 41.519230891834006, 21.694059438855888, 95.37635138172352, 82.31121898042515, 71.08538086668383, 15.322972433408179, 50.259970231804814, 108.21524247368238, 26.61810376103135, 25.761285211413973, 75.51055679546619, 99.25035848131891, 72.15776682912723, 74.90611420003985, 20.604174875307052, 15.07126561233648, 12.354765758719802, 28.234330787530183, 74.96211279023196, 81.21340313607864, 98.38187674236386, 58.86241385590049, 0.0, 92.1742295448332, 49.93725508641694, 16.387048030615258, 77.51200245562288, 88.37280555671042, 110.36366477918625, 53.653575413707486, 106.10468016783994, 78.20219310626307, 99.88944324924152, 93.66309076190149, 64.94675613294692, 72.20210649742076, 109.76530831808412, 73.63553590849435, 109.16123694377268, 77.22822051971681, 77.34429092846787, 78.37450286478528, 85.42179304361035, 41.668670438233306, 61.604573968720075, 26.734342162658546, 85.39198008911163, 79.055851529684, 14.009876640252944, 35.59359616909119, 93.63298390513921, 61.82739022029876, 73.58073842594554, 60.071800755853204, 64.15471677547148, 80.29365311623938, 22.012994646785536, 40.13184851665257, 4.0844632889430175, 77.92228088402739, 54.374212873086634, 79.22274496756363, 61.29441212439914, 27.550093457347565, 97.65926413177142, 49.875269257224076, 69.52671322375069, 34.37221313768642, 42.86588402132596, 62.8410914370287, 118.88154941994831, 104.24851020784739, 80.4942065902854], [76.56142868991883, 33.82180317984914, 83.84609091956676, 79.51689548010002, 28.736607589752655, 27.453471318076716, 89.07335196704969, 104.03671442531717, 47.49092030071616, 30.68906681831935, 73.5021085365624, 85.65798802021507, 38.02315501948084, 20.276413640696813, 23.603380565266228, 47.2262585410264, 95.44909352680651, 91.47519265286677, 89.61075484210397, 72.21327377221004, 67.84959333566843, 80.90591239257702, 53.43588799178879, 94.18443022375484, 92.1742295448332, 0.0, 57.09651193459479, 104.27158165665077, 30.383135091929606, 48.854749684633155, 38.32059956015047, 96.70673671751027, 23.384470713053076, 80.57803051197418, 45.81266068939439, 5.235578503274565, 42.12231574549257, 40.70550082746701, 43.02674270150887, 45.54377376483973, 39.09544689057838, 37.891233400548366, 34.82078947063183, 39.13434429439793, 7.736314259390834, 91.60825058072373, 30.59231552419912, 68.29217328289045, 13.255454853899684, 47.33823648009541, 105.10497913644267, 85.15645887882478, 35.272840809442755, 84.01333482280151, 18.59404715098296, 46.24016384728793, 40.48381749145069, 27.842334669691, 83.66294255702218, 76.67955790278806, 96.1850174539761, 72.56482459058776, 71.75106474891608, 14.09972292426424,