instance_id,num_cities,city_coordinates,distance_matrix,best_route,total_distance
210,51,"[[67.4983185549112, 23.113426054299346], [83.86773203548134, 71.98778987151636], [4.555472414169303, 51.863759963067004], [6.194113625650354, 47.764802735812275], [83.71562567980814, 46.304772257699355], [77.17272977080495, 45.42683987739024], [55.4326760102691, 84.94189308034761], [92.46053436682212, 48.10258310773972], [60.12494124051406, 35.667677849488655], [20.541861571853758, 78.81132081249606], [57.00855376298822, 12.244252218365547], [1.632505699183051, 87.25920127802237], [61.703578809523975, 70.88861761852809], [25.679774159560242, 19.89878542206779], [87.45594822875475, 84.0913283394825], [35.01228487705287, 27.996357336985135], [17.81873435053449, 11.680999879179254], [57.62466449785253, 25.38214393505489], [76.45359061606416, 89.41546214957913], [71.52274543225138, 99.63313607251503], [1.3036780902732192, 46.60315898365827], [79.5009083485289, 97.01999932473184], [77.65288637668904, 61.11197280168204], [73.95761320892998, 47.49799526937242], [1.7356384841800243, 28.994091610083128], [4.988009813324523, 54.91344177122581], [56.49918793402037, 87.58720151445482], [46.5504463742987, 90.08928651193332], [67.55616317041493, 82.92544987768707], [80.42143811330071, 9.81912214543199], [20.58608288737811, 43.64073719470313], [13.945727722794544, 5.6387100198066475], [20.489845948251407, 28.38914127637834], [26.65760328180571, 12.714043540407038], [83.9592692767654, 47.07032591117123], [96.15729017495256, 49.30722859566241], [84.03103932664828, 81.42368410031298], [19.909379126993475, 53.080347114276215], [58.22148199240711, 92.95535337661904], [50.00216729045227, 64.15656579053018], [94.92509132591339, 23.23789796024186], [92.41207351161547, 33.7513018674103], [79.91604562892147, 46.792764827416335], [26.775845805370714, 88.04968609074324], [34.040905894863386, 56.28195816559555], [20.568095182724434, 33.584673157821484], [92.63932816649663, 70.39633591272654], [91.44049489795579, 80.59851739680542], [22.690767013176526, 74.31246358898316], [35.12521852767683, 51.30455250867178], [69.65687576731074, 7.06196578409971]]","[[0.0, 51.54280877324753, 69.198147230708, 66.07492651757282, 28.299109334203248, 24.320416707258836, 62.99475426419421, 35.32095962006022, 14.559393227654793, 72.8502871160909, 15.105432971802387, 91.94012063402029, 48.12533571535396, 41.94191900402666, 64.16082565942887, 32.85095739899184, 50.97804875600209, 10.130948882554437, 66.9040872299223, 76.62546595592666, 70.23886373892516, 74.87485381843267, 39.331981930232224, 25.225576370662473, 66.02508854567576, 70.1340124231122, 65.40526428737954, 70.1753463328521, 59.81205179434195, 18.540375819862863, 51.20672180467237, 56.33156917145359, 47.303590433661164, 42.14393409126776, 29.067093928005608, 38.82591848101284, 60.6087209030922, 56.238096639990474, 70.45533697814238, 44.616752778262544, 27.427055217203982, 27.089842890978126, 26.73782022560271, 76.64879421333205, 47.11210019010843, 48.08422695298704, 53.55132051565099, 62.27169127860356, 68.03718189081005, 42.927348114456585, 16.19594844536742], [51.54280877324753, 0.0, 81.82549178583999, 81.3630389221821, 25.68346803091573, 27.391734518180662, 31.246779051640043, 25.383840411841874, 43.39205747629656, 63.69243632079595, 65.50347890598647, 83.64118875846378, 22.19139175143045, 78.09675298182788, 12.624220328210601, 65.74268669205883, 89.43924761739649, 53.48630504100422, 18.939198874785465, 30.276457203692093, 86.3782524086939, 25.410247130293317, 12.52628051334908, 26.41894196994963, 92.70457853479986, 80.70652972897865, 31.502045169154623, 41.47582415988059, 19.63923840810509, 62.26411638041885, 69.3406267231964, 96.39132266066247, 76.92592933600623, 82.37946246569491, 24.917632096201277, 25.79614504245177, 9.43730730496712, 66.6945447423175, 33.12655823674411, 34.75923684585687, 49.988170158935105, 39.17951998364621, 25.503041238813406, 59.30824549309404, 52.243523549068506, 74.03812125531394, 8.914798056523216, 11.466968469741378, 61.221116922455664, 52.94930529163036, 66.46285480856788], [69.198147230708, 81.82549178583999, 0.0, 4.414362396861846, 79.35510197427675, 72.9019890413783, 60.68486414488811, 87.98548953229037, 57.88159415109327, 31.332661457887884, 65.73455055690481, 35.51592600929008, 60.23164677630302, 38.314432289113384, 88.94439304273881, 38.69457757250697, 42.31510752854016, 59.309486052991005, 81.11393060429351, 82.25891410275392, 6.184503940453021, 87.49802466729844, 73.68012872353236, 69.53932015957946, 23.042855594916855, 3.0802025473469667, 63.04215937198406, 56.78704709570687, 70.24183665107358, 86.73751391801524, 18.016619427428182, 47.16918630862821, 28.371851938304783, 44.957807829839936, 79.54834986476024, 91.63748615993497, 84.79478080082323, 15.402030244178672, 67.59112096508079, 47.079880525439705, 94.79508424838623, 89.7041999834049, 75.53099355179842, 42.46370501218721, 29.81461492123053, 24.30080456202533, 90.01234368422315, 91.51335103023968, 28.85884967695355, 30.57486043175602, 79.02780194465086], [66.07492651757282, 81.3630389221821, 4.414362396861846, 0.0, 77.53525985098618, 71.01711075655332, 61.697423545799175, 86.26708203638586, 55.27092000084182, 34.201522711915, 61.99852284960973, 39.756958926529286, 60.13328146484098, 34.00302762067932, 89.01180947209423, 34.94679424155487, 37.91005982049835, 56.089972169803204, 81.67724001561324, 83.4155509293666, 5.026507329408551, 88.31738528486544, 72.69458818819898, 67.76402483617163, 19.292941630365256, 7.249670783197338, 64.15936366311514, 58.48072776423667, 70.7217946022976, 83.36408324969513, 14.971195537360417, 42.8333422537694, 24.0787088447461, 40.58706849578893, 77.76825658006044, 89.97639808513148, 84.80275524587749, 14.709300452834334, 68.91322751395063, 46.77430343618363, 92.05843503728744, 87.3493835896201, 73.72833997853395, 45.23803185858256, 29.120195334162673, 20.19127090234082, 89.35861128593433, 91.35096243862338, 31.25568539903038, 29.146846472757897, 75.39391961270259], [28.299109334203248, 25.68346803091573, 79.35510197427675, 77.53525985098618, 0.0, 6.6015340747773115, 47.88269361129967, 8.927796581281148, 25.877947557013467, 71.04646486992031, 43.28263757813347, 91.73278499061483, 32.99841905523244, 63.760773226520776, 37.97122375288821, 52.030889500933554, 74.43927659899491, 33.44390275260707, 43.718059611799696, 54.70448533618246, 82.41248776816823, 50.89005893731358, 16.000312365929183, 9.830696238690308, 83.7876957857125, 79.19688561309543, 49.446672778958145, 57.431126066706064, 40.02751875821875, 36.63405977827366, 63.18572826199068, 80.756221301323, 65.71505958395076, 66.21144142615893, 0.8033894439699885, 12.798818674827448, 35.12032822708069, 64.16498666559241, 53.16228062345291, 38.14818224908823, 25.646302071174294, 15.271470909221893, 3.8307891238222664, 70.60294868543131, 50.666774363023194, 64.4159260508675, 25.69116395602109, 35.15301637275876, 67.14509772865652, 48.84695967783367, 41.68508497084467], [24.320416707258836, 27.391734518180662, 72.9019890413783, 71.01711075655332, 6.6015340747773115, 0.0, 45.10065816752058, 15.520198813184214, 19.64353169010995, 65.73871614409141, 38.828831012832076, 86.34970708198112, 29.792562112077615, 57.473524703601804, 40.0085897013277, 45.62153915893756, 68.27648562671004, 27.99851230576874, 43.99450023047419, 54.49995293777326, 75.87817030966788, 51.64566310203197, 15.692480531097585, 3.824481554953498, 77.20615232870543, 72.80542157581397, 46.956271417621615, 54.15217797835421, 38.71206666059173, 35.75561030067052, 56.61482816632708, 74.70441128570017, 59.188111070214305, 60.18226523141627, 6.9827046915357265, 19.37707280121596, 36.644361148383226, 57.77254970988532, 51.16746415257066, 33.00063784656433, 28.416465019172893, 19.197806788096067, 3.064560795040187, 66.00418875156774, 44.476823446781495, 57.83010954048231, 29.371608709641485, 37.95544784682795, 61.665740270683116, 42.45633883788041, 39.09413799530404], [62.99475426419421, 31.246779051640043, 60.68486414488811, 61.697423545799175, 47.88269361129967, 45.10065816752058, 0.0, 52.2321457890717, 49.497127589467034, 35.42531366843888, 72.71471912611119, 53.850053322024436, 15.38891721738347, 71.52510763630136, 32.034566080370716, 60.49616859878078, 82.35269928675632, 59.600071575291715, 21.49166515375933, 21.788137934645025, 66.33104060663882, 26.928803507380124, 32.58224745494872, 41.77581574898428, 77.54694274073186, 58.70581091975019, 2.8522104401783475, 10.265946738885924, 12.29003596869337, 79.1698739697223, 54.03767694639194, 89.49950682401138, 66.47717735692753, 77.74874313899005, 47.41331166709988, 54.11398628634211, 28.813958055130485, 47.71857848684744, 8.484867985179697, 21.483022494538236, 73.26004286952998, 63.15023727819744, 45.32980668767681, 28.824855503329765, 35.76310526210202, 62.073368157778496, 39.948819732140315, 36.268828673901666, 34.424081339750806, 39.29202858268076, 79.16824448222332], [35.32095962006022, 25.383840411841874, 87.98548953229037, 86.26708203638586, 8.927796581281148, 15.520198813184214, 52.2321457890717, 0.0, 34.64415465286778, 78.20052472975642, 50.424823479179985, 98.90890525217016, 38.27784847507043, 72.49223501695975, 36.33504734782418, 60.86511056576935, 83.05377796672727, 41.590337648634865, 44.30548750398288, 55.62183828609179, 91.16918733282243, 50.60499496967139, 19.710673738067527, 18.512796056497624, 92.71537725874958, 87.7372802604242, 53.4064933129286, 62.21430255361676, 42.811911365482615, 40.1318230566977, 72.01281027999553, 89.26228419650218, 74.6217111856962, 74.7152894131321, 8.563706151619433, 3.888081050662228, 34.3708038601017, 72.7217179468313, 56.427685654214095, 45.39210608433038, 24.98652854017152, 14.351363060473332, 12.612684949002157, 76.87814610244938, 58.98944962566413, 73.34366040192648, 22.294469748183293, 32.51193974276713, 74.53038488712437, 57.42465542272805, 46.950389943306426], [14.559393227654793, 43.39205747629656, 57.88159415109327, 55.27092000084182, 25.877947557013467, 19.64353169010995, 49.497127589467034, 34.64415465286778, 0.0, 58.55078243862303, 23.62982732071555, 77.99391197544657, 35.256300072307546, 37.88307674440391, 55.60426125548601, 26.258230481790754, 48.633073740707374, 10.585064557897665, 56.173384334564574, 64.97299274371558, 59.829137936507664, 64.33922172184289, 30.897265353279632, 18.20162696137367, 58.769442992643896, 58.39932051092582, 52.04597030161443, 56.089022101309446, 47.8384790356112, 32.864808188893456, 40.33473683057397, 55.08410542099423, 40.297864378560384, 40.582410451295885, 26.421498363231215, 38.52749037104001, 51.62473858267318, 43.8234239537637, 57.31928928738543, 30.23387650568929, 36.953347264644954, 32.343954724125574, 22.70364228883319, 62.096996334196085, 33.24643519032057, 39.61165205574206, 47.573785302893484, 54.767182174171026, 53.80275889705006, 29.48725122533047, 30.152023789309354], [72.8502871160909, 63.69243632079595, 31.332661457887884, 34.201522711915, 71.04646486992031, 65.73871614409141, 35.42531366843888, 78.20052472975642, 58.55078243862303, 0.0, 75.90121382809781, 20.710635525717873, 41.91725410679506, 59.13615621502109, 67.12207887582363, 52.83515556567577, 67.18552976998546, 65.03699881336281, 56.9084287097266, 55.06903403828425, 37.51630834801796, 61.706767618925916, 59.79076913927782, 61.91741983903602, 53.248759161402965, 28.51369718569458, 37.01277348714054, 28.348527188262416, 47.19396797012857, 91.3536379335746, 35.17061141835484, 73.46931299510777, 50.42220636582247, 66.37960800913383, 70.9172641698544, 81.16763209783662, 63.5428999489906, 25.738745919363243, 40.246831579789635, 32.90397328267701, 92.8507953447932, 84.82766454169156, 67.45725802174469, 11.14495188137037, 26.263974925934853, 45.22665526304616, 72.58689041575616, 70.92115537087669, 4.9857307301238, 31.133528592519436, 86.94972436075233], [15.105432971802387, 65.50347890598647, 65.73455055690481, 61.99852284960973, 43.28263757813347, 38.828831012832076, 72.71471912611119, 50.424823479179985, 23.62982732071555, 75.90121382809781, 0.0, 93.24027714237967, 58.83200534892024, 32.250338137866784, 78.03234058329639, 27.05484541760328, 39.19386685156664, 13.152330257299257, 79.58332174812081, 88.58599652928298, 65.44896979952178, 87.70879837418973, 53.049435285158374, 39.11645453269612, 57.75510612116164, 67.28147389821964, 75.34467109345424, 78.54439110668633, 71.46386336301526, 23.538147961803496, 48.08675133084016, 43.56650289276068, 39.9283541252787, 30.35458612792239, 44.036308605073636, 53.909997037632344, 74.26983587936103, 55.17187150187908, 80.7202145999845, 52.3829910545139, 39.478146707496165, 41.42417645769093, 41.453020482053404, 81.61176652315532, 49.66721648823171, 42.22938061839281, 68.19983081056489, 76.53668491910497, 70.92371500530142, 44.77261908566349, 13.668801784055722], [91.94012063402029, 83.64118875846378, 35.51592600929008, 39.756958926529286, 91.73278499061483, 86.34970708198112, 53.850053322024436, 98.90890525217016, 77.99391197544657, 20.710635525717873, 93.24027714237967, 0.0, 62.26178469960868, 71.52409904845072, 85.88188811723592, 68.01686798098753, 77.29203403092664, 83.44993752160816, 74.85214899443663, 70.97717853115971, 40.65737205769089, 78.47777589655111, 80.39139155000906, 82.53408192715754, 58.26520094351626, 32.51934141294286, 54.86766264033591, 45.00700808679033, 66.06595201451512, 110.4747108030533, 47.558474504726064, 82.54404902738429, 61.81652890502913, 78.63355550365085, 91.61245387179318, 101.85915329843102, 82.60491271521241, 38.75871739677193, 56.874936366078, 53.60369323956922, 113.14695670422631, 105.3756387005469, 88.12403249365002, 25.15576311572693, 44.831841297115695, 56.91670684443575, 92.5559180383687, 90.05464804046697, 24.71979745785193, 49.137547565373225, 105.16135936756083], [48.12533571535396, 22.19139175143045, 60.23164677630302, 60.13328146484098, 32.99841905523244, 29.792562112077615, 15.38891721738347, 38.27784847507043, 35.256300072307546, 41.91725410679506, 58.83200534892024, 62.26178469960868, 0.0, 62.43138224388379, 28.939524893918644, 50.51901784327558, 73.69817888902381, 45.68891210202533, 23.68136010812746, 30.375374472037045, 65.0993971400759, 31.616357294844345, 18.707303272967792, 26.40610862930482, 73.15261564931417, 58.9225085168214, 17.490808686688236, 24.459826421167744, 13.384247253262913, 63.87363723990114, 49.32641745047724, 80.86014334679298, 59.201159327476724, 67.91539935729026, 32.597956654219985, 40.65482233399293, 24.688116957746544, 45.43005200806884, 22.339781226797758, 13.499761233203866, 58.088380747178725, 48.18912603551348, 30.20437169316029, 38.915919671998935, 31.282230949173687, 55.53118300142881, 30.939665957396834, 31.282044884480058, 39.162765549519456, 33.01431267645536, 64.32026443425181], [41.94191900402666, 78.09675298182788, 38.314432289113384, 34.00302762067932, 63.760773226520776, 57.473524703601804, 71.52510763630136, 72.49223501695975, 37.88307674440391, 59.13615621502109, 32.250338137866784, 71.52409904845072, 62.43138224388379, 0.0, 89.08972021974, 12.355825638514528, 11.372244550131493, 32.41208477261942, 86.08454437816387, 91.97360865355486, 36.156847579622905, 94.04464960436312, 66.33046967662342, 55.609946299851856, 25.613399381861946, 40.67155358490482, 74.37444412227565, 73.22766828147317, 75.6702873589737, 55.661920414180905, 24.282214988555857, 18.46720326033011, 9.950954595985491, 7.25097687890407, 64.30234959678633, 76.36711853667406, 84.79494857577401, 33.679570887493576, 79.97640195692935, 50.50079138742995, 69.32577891384584, 68.15491169887022, 60.538081165110924, 68.15971416463259, 37.33153871434279, 14.60933896786157, 83.86646814051764, 89.49262457788481, 54.495711164951096, 32.79540555640689, 45.81232808138149], [64.16082565942887, 12.624220328210601, 88.94439304273881, 89.01180947209423, 37.97122375288821, 40.0085897013277, 32.034566080370716, 36.33504734782418, 55.60426125548601, 67.12207887582363, 78.03234058329639, 85.88188811723592, 28.939524893918644, 89.08972021974, 0.0, 76.79181986069649, 100.46191927516612, 65.85342680883568, 12.22285866175931, 22.25791407488699, 93.95518342095265, 15.180026117922589, 24.98301027914904, 39.003552062439645, 101.90032874295012, 87.47748242308558, 31.153525277264116, 41.34290246467194, 19.93390874755383, 74.6045906462597, 78.15260209830475, 107.51077080947579, 87.10449183742412, 93.76116218123865, 37.185768574688815, 35.855919269385446, 4.341235627618299, 74.32509639394428, 30.54873084079163, 42.428533611915725, 61.310097761518215, 50.5834107492599, 38.05302841139725, 60.80907355156254, 60.22065938695524, 83.81471889081627, 14.643095476977813, 5.298711205597626, 65.49927399365008, 61.75336379847751, 79.05902653192956], [32.85095739899184, 65.74268669205883, 38.69457757250697, 34.94679424155487, 52.030889500933554, 45.62153915893756, 60.49616859878078, 60.86511056576935, 26.258230481790754, 52.83515556567577, 27.05484541760328, 68.01686798098753, 50.51901784327558, 12.355825638514528, 76.79181986069649, 0.0, 23.702511864440073, 22.762992418089222, 74.09243049957679, 80.40423992275517, 38.50302895908795, 82.11882105607337, 53.98948864229451, 43.55516594990354, 33.2916005748599, 40.32352325308965, 63.346315699991514, 63.15584711063306, 63.84598046641746, 48.91219762842471, 21.28055274139909, 30.7191182147693, 14.527749710943311, 17.41694059055846, 52.53211930804562, 64.75233514464246, 72.50736192184307, 29.27975930984441, 68.98070742763184, 39.144057661046986, 60.10147512514762, 57.68756470714233, 48.67907830071758, 60.6155196545281, 28.302275374296773, 15.487539818807688, 71.54463153519455, 77.14356829394191, 47.92704352258957, 23.308468765040747, 40.478345169273645], [50.97804875600209, 89.43924761739649, 42.31510752854016, 37.91005982049835, 74.43927659899491, 68.27648562671004, 82.35269928675632, 83.05377796672727, 48.633073740707374, 67.18552976998546, 39.19386685156664, 77.29203403092664, 73.69817888902381, 11.372244550131493, 100.46191927516612, 23.702511864440073, 0.0, 42.097902837707004, 97.36885022299249, 103.0519241316544, 38.63035438354328, 105.29689176555442, 77.61151224370118, 66.59152257050985, 23.63068170682006, 45.09624733942886, 85.19347942254335, 83.50671043994392, 86.88833915550782, 62.63038485514908, 32.079323982928, 7.177008226496232, 16.920308097557076, 8.899032710929571, 75.01316389359002, 86.90605511746905, 96.16710109293447, 41.45210184144425, 90.76289194070254, 61.55857676648088, 77.96763546030257, 77.78987387219351, 71.33661125807096, 76.89217176861817, 47.45950199570451, 22.075549553365278, 95.10842204823696, 100.845366015966, 62.82067294050849, 43.238181247085805, 52.04352391525001], [10.130948882554437, 53.48630504100422, 59.309486052991005, 56.089972169803204, 33.44390275260707, 27.99851230576874, 59.600071575291715, 41.590337648634865, 10.585064557897665, 65.03699881336281, 13.152330257299257, 83.44993752160816, 45.68891210202533, 32.41208477261942, 65.85342680883568, 22.762992418089222, 42.097902837707004, 0.0, 66.74424544728626, 75.54049567653279, 60.186252496859986, 74.90362053897344, 40.96035085868245, 27.493200865674424, 56.00561931417332, 60.35490840243963, 62.21523837414911, 65.64794442716786, 58.39406412205334, 27.60254579741281, 41.29446398171365, 47.93383669773668, 37.256365653704414, 33.45802815420043, 34.11581226192157, 45.356068145163846, 61.95119737093944, 46.79351675139154, 67.57584498439736, 39.5165567060591, 37.36200787372145, 35.77997527091855, 30.908257144766356, 69.84891162041532, 38.87148298336439, 37.9535349481077, 57.028976417527815, 64.74842302261929, 60.12115580147684, 34.32486467886483, 21.91809835536862], [66.9040872299223, 18.939198874785465, 81.11393060429351, 81.67724001561324, 43.718059611799696, 43.99450023047419, 21.49166515375933, 44.30548750398288, 56.173384334564574, 56.9084287097266, 79.58332174812081, 74.85214899443663, 23.68136010812746, 86.08454437816387, 12.22285866175931, 74.09243049957679, 97.36885022299249, 66.74424544728626, 0.0, 11.345223427600446, 86.48932104603867, 8.19238249905811, 28.32888666340378, 41.991712668932074, 96.09117747563302, 79.35816687437541, 20.03798201783557, 29.91073510990883, 11.01292306519489, 79.69517649028153, 72.22536856610247, 104.526442209123, 82.80188739734743, 91.44806160467853, 43.005183120259254, 44.68675614902552, 11.013003466369433, 67.21226404124064, 18.572576955395935, 36.57443972541345, 68.70710545866281, 57.90657921382151, 42.76310233990004, 49.69651571005023, 53.82067364421068, 78.99535175737876, 24.97409183263355, 17.388094051046693, 55.843905372713465, 56.21810894305853, 82.63349016200571], [76.62546595592666, 30.276457203692093, 82.25891410275392, 83.4155509293666, 54.70448533618246, 54.49995293777326, 21.788137934645025, 55.62183828609179, 64.97299274371558, 55.06903403828425, 88.58599652928298, 70.97717853115971, 30.375374472037045, 91.97360865355486, 22.25791407488699, 80.40423992275517, 103.0519241316544, 75.54049567653279, 11.345223427600446, 0.0, 87.99372641513676, 8.395210967050238, 39.00587965598063, 52.19196765454827, 99.29811125468086, 80.16683916858176, 19.256474736558676, 26.733888319412873, 17.17208644355019, 90.25377459766449, 75.69473114624483, 110.22733371216583, 87.63597220466032, 97.81518096279764, 54.01403648490485, 56.03175669251212, 22.09166261910904, 69.50612736407528, 14.883426716645126, 41.493641953073876, 79.89932540114162, 69.114253998985, 53.502825360080514, 46.22187079401203, 57.30805284620902, 83.41927736108282, 36.06522632613904, 27.550561734894647, 55.00635028193818, 60.50150373384622, 92.58997266536659], [70.23886373892516, 86.3782524086939, 6.184503940453021, 5.026507329408551, 82.41248776816823, 75.87817030966788, 66.33104060663882, 91.16918733282243, 59.829137936507664, 37.51630834801796, 65.44896979952178, 40.65737205769089, 65.0993971400759, 36.156847579622905, 93.95518342095265, 38.50302895908795, 38.63035438354328, 60.186252496859986, 86.48932104603867, 87.99372641513676, 0.0, 93.0411984555227, 77.71555368372913, 72.65944549887658, 17.61436469331246, 9.09038504436548, 68.74762577047538, 62.75598240449827, 75.5559434795493, 87.25070382052716, 19.508641101191284, 42.87082338634443, 26.454857363358098, 42.323677393910785, 82.65691138269494, 94.89214782044608, 89.75681181132312, 19.700915642356097, 73.40410292405045, 51.7654802055143, 96.49302792912492, 92.01037956441714, 78.61259619429639, 48.64818534482436, 34.13803213329528, 23.25077932262572, 94.38387703005358, 96.33447014366178, 35.00304464338571, 34.146737745148755, 78.96623070858189], [74.87485381843267, 25.410247130293317, 87.49802466729844, 88.31738528486544, 50.89005893731358, 51.64566310203197, 26.928803507380124, 50.60499496967139, 64.33922172184289, 61.706767618925916, 87.70879837418973, 78.47777589655111, 31.616357294844345, 94.04464960436312, 15.180026117922589, 82.11882105607337, 105.29689176555442, 74.90362053897344, 8.19238249905811, 8.395210967050238, 93.0411984555227, 0.0, 35.95554969665254, 49.83128542054415, 103.31970440083977, 85.5869980611797, 24.860748511595247, 33.671467511955576, 18.475206669622583, 87.2057357969484, 79.50032883368583, 112.46342401822511, 90.51243098084755, 99.49828677461387, 50.14824878585283, 50.53655653279477, 16.240909311314944, 74.03947184669072, 21.664148557677507, 44.16085356589415, 75.37707809592855, 64.57264330825079, 50.22895006079555, 53.48269570333766, 61.04260660039639, 86.58589419494331, 29.689013604175482, 20.303172059569157, 61.18026101393337, 63.71109734315121, 90.49504282532597], [39.331981930232224, 12.52628051334908, 73.68012872353236, 72.69458818819898, 16.000312365929183, 15.692480531097585, 32.58224745494872, 19.710673738067527, 30.897265353279632, 59.79076913927782, 53.049435285158374, 80.39139155000906, 18.707303272967792, 66.33046967662342, 24.98301027914904, 53.98948864229451, 77.61151224370118, 40.96035085868245, 28.32888666340378, 39.00587965598063, 77.71555368372913, 35.95554969665254, 0.0, 14.106573929717708, 82.4317100381299, 72.92877397094051, 33.88829728972807, 42.509369366818504, 24.036880031516382, 51.367513149486484, 59.681354995695244, 84.4741673378287, 65.86650813620382, 70.30560756231806, 15.392800676945292, 21.94914453227605, 21.28958550399715, 58.29939657216224, 37.30389205948578, 27.817832634008738, 41.62660938513996, 31.087616808904485, 14.496951638576984, 57.5683389940967, 43.878626721126444, 63.37527602576122, 17.629317510811788, 23.870977545828314, 56.525105236121576, 43.64387729658831, 54.63825989419858], [25.225576370662473, 26.41894196994963, 69.53932015957946, 67.76402483617163, 9.830696238690308, 3.824481554953498, 41.77581574898428, 18.512796056497624, 18.20162696137367, 61.91741983903602, 39.11645453269612, 82.53408192715754, 26.40610862930482, 55.609946299851856, 39.003552062439645, 43.55516594990354, 66.59152257050985, 27.493200865674424, 41.991712668932074, 52.19196765454827, 72.65944549887658, 49.83128542054415, 14.106573929717708, 0.0, 74.55473213535598, 69.36710343793347, 43.72574836912865, 50.64751606554815, 36.0011541845508, 38.22928867091779, 53.51073433171079, 73.16847792051949, 56.77984181703624, 58.71298184378859, 10.01079543189317, 22.273279565989196, 35.38963515498478, 54.33575489027556, 48.10402510969416, 29.17826864228748, 32.0653623094245, 23.01170755400267, 6.000022239947708, 62.2138152165226, 40.87176931525087, 55.17264872425738, 29.552334560485278, 37.433884613557744, 57.855900564440695, 39.01851809970082, 40.664097470318815], [66.02508854567576, 92.70457853479986, 23.042855594916855, 19.292941630365256, 83.7876957857125, 77.20615232870543, 77.54694274073186, 92.71537725874958, 58.769442992643896, 53.248759161402965, 57.75510612116164, 58.26520094351626, 73.15261564931417, 25.613399381861946, 101.90032874295012, 33.2916005748599, 23.63068170682006, 56.00561931417332, 96.09117747563302, 99.29811125468086, 17.61436469331246, 103.31970440083977, 82.4317100381299, 74.55473213535598, 0.0, 26.122607680677067, 80.20099049644517, 75.76931995420907, 85.09367117806066, 80.98848385569661, 23.87181352724444, 26.354508692866116, 18.763961802126975, 29.76817586828353, 84.18714692411916, 96.58194366551378, 97.57763662086765, 30.173374905129872, 85.33283965510141, 59.71647505921054, 93.36705996375873, 90.80113941309955, 80.1808507663454, 64.1449547677164, 42.28779922894089, 19.3838815578559, 99.88807051472503, 103.48902369330504, 49.92867162747988, 40.157449134482306, 71.37445353428714], [70.1340124231122, 80.70652972897865, 3.0802025473469667, 7.249670783197338, 79.19688561309543, 72.80542157581397, 58.70581091975019, 87.7372802604242, 58.39932051092582, 28.51369718569458, 67.28147389821964, 32.51934141294286, 58.9225085168214, 40.67155358490482, 87.47748242308558, 40.32352325308965, 45.09624733942886, 60.35490840243963, 79.35816687437541, 80.16683916858176, 9.09038504436548, 85.5869980611797, 72.92877397094051, 69.36710343793347, 26.122607680677067, 0.0, 60.99980366476852, 54.44975836592265, 68.55250843457762, 87.88458208127807, 19.24509683251999, 50.08233120891994, 30.72206764355373, 47.43796467105722, 79.35977751755823, 91.34148733093302, 83.37021928117436, 15.033545763266847, 65.42927172782616, 45.953342805631635, 95.35207762143212, 89.94889148194932, 75.36680930760633, 39.65754007523732, 29.085109727253133, 26.413167751747057, 89.00827837929482, 90.18733440566993, 26.262323963479272, 30.352519348512246, 80.44765986603429], [65.40526428737954, 31.502045169154623, 63.04215937198406, 64.15936366311514, 49.446672778958145, 46.956271417621615, 2.8522104401783475, 53.4064933129286, 52.04597030161443, 37.01277348714054, 75.34467109345424, 54.86766264033591, 17.490808686688236, 74.37444412227565, 31.153525277264116, 63.346315699991514, 85.19347942254335, 62.21523837414911, 20.03798201783557, 19.256474736558676, 68.74762577047538, 24.860748511595247, 33.88829728972807, 43.72574836912865, 80.20099049644517, 60.99980366476852, 0.0, 10.25855194248877, 11.999526228195403, 81.36429328880521, 56.7542319153239, 92.33824903146476, 69.28984807458446, 80.60093026486734, 48.945615493138206, 55.11915637975341, 28.213326426002613, 50.29450376661359, 5.637672501911715, 24.314727382189655, 74.9492022598996, 64.71506348073906, 47.03759442101647, 29.726939958227522, 38.527817136214956, 64.86383040810355, 40.02043972971478, 35.63336411348564, 36.32117828692934, 42.11029787427487, 81.59312678496624], [70.1753463328521, 41.47582415988059, 56.78704709570687, 58.48072776423667, 57.431126066706064, 54.15217797835421, 10.265946738885924, 62.21430255361676, 56.089022101309446, 28.348527188262416, 78.54439110668633, 45.00700808679033, 24.459826421167744, 73.22766828147317, 41.34290246467194, 63.15584711063306, 83.50671043994392, 65.64794442716786, 29.91073510990883, 26.733888319412873, 62.75598240449827, 33.671467511955576, 42.509369366818504, 50.64751606554815, 75.76931995420907, 54.44975836592265, 10.25855194248877, 0.0, 22.193708420198917, 87.12372448884794, 53.21292986630318, 90.52606005011089, 66.97807713464664, 79.89151038255113, 57.009218571368244, 64.21849577612781, 38.46930611820282, 45.60052696422373, 12.017795624489729, 26.161429267096704, 82.51796425920845, 72.64473385930175, 54.66124773180661, 19.879506974237714, 36.04752492091134, 62.19207267602499, 50.11982969003378, 45.882362132446424, 28.604063360957742, 40.432554001088974, 86.1826146420309], [59.81205179434195, 19.63923840810509, 70.24183665107358, 70.7217946022976, 40.02751875821875, 38.71206666059173, 12.29003596869337, 42.811911365482615, 47.8384790356112, 47.19396797012857, 71.46386336301526, 66.06595201451512, 13.384247253262913, 75.6702873589737, 19.93390874755383, 63.84598046641746, 86.88833915550782, 58.39406412205334, 11.01292306519489, 17.17208644355019, 75.5559434795493, 18.475206669622583, 24.036880031516382, 36.0011541845508, 85.09367117806066, 68.55250843457762, 11.999526228195403, 22.193708420198917, 0.0, 74.22971408978977, 61.23297389788874, 94.06018789447081, 72.03781765652336, 81.25474620488826, 39.42907308814665, 44.13852362842314, 16.543181218052293, 56.222292630583794, 13.701650882026641, 25.698517101787747, 65.66324757639202, 55.099120786328406, 38.1881869605007, 41.10099854213914, 42.81527905851719, 68.1350921371319, 28.03825713142004, 23.997414794968993, 45.684650651562876, 45.29511365304365, 75.892563616159], [18.540375819862863, 62.26411638041885, 86.73751391801524, 83.36408324969513, 36.63405977827366, 35.75561030067052, 79.1698739697223, 40.1318230566977, 32.864808188893456, 91.3536379335746, 23.538147961803496, 110.4747108030533, 63.87363723990114, 55.661920414180905, 74.6045906462597, 48.91219762842471, 62.63038485514908, 27.60254579741281, 79.69517649028153, 90.25377459766449, 87.25070382052716, 87.2057357969484, 51.367513149486484, 38.22928867091779, 80.98848385569661, 87.88458208127807, 81.36429328880521, 87.12372448884794, 74.22971408978977, 0.0, 68.73260783320698, 66.60702603676675, 62.74265972973661, 53.84171715009988, 37.41882455847334, 42.50797091288788, 71.69548461144392, 74.38577060545435, 86.04923587746147, 62.27270525100078, 19.759035929919666, 26.767976455092544, 36.977096623968755, 94.85710679369295, 65.65020106520703, 64.39894467215788, 61.79705223682182, 71.6319928842804, 86.55761940017291, 61.423028590035145, 11.112052632234073], [51.20672180467237, 69.3406267231964, 18.016619427428182, 14.971195537360417, 63.18572826199068, 56.61482816632708, 54.03767694639194, 72.01281027999553, 40.33473683057397, 35.17061141835484, 48.08675133084016, 47.558474504726064, 49.32641745047724, 24.282214988555857, 78.15260209830475, 21.28055274139909, 32.079323982928, 41.29446398171365, 72.22536856610247, 75.69473114624483, 19.508641101191284, 79.50032883368583, 59.681354995695244, 53.51073433171079, 23.87181352724444, 19.24509683251999, 56.7542319153239, 53.21292986630318, 61.23297389788874, 68.73260783320698, 0.0, 38.577822464641294, 15.251899540854373, 31.517038888300217, 63.46591866433627, 75.78335236513816, 73.84316877310333, 9.463834498395528, 62.03510808376576, 35.863703720922885, 77.08802776340754, 72.50361273926798, 59.41363275469958, 44.83824156935749, 18.461655662417858, 10.056080124550672, 76.86047240300252, 79.91386124341382, 30.743852967300022, 16.43534393718686, 61.204160248911386], [56.33156917145359, 96.39132266066247, 47.16918630862821, 42.8333422537694, 80.756221301323, 74.70441128570017, 89.49950682401138, 89.26228419650218, 55.08410542099423, 73.46931299510777, 43.56650289276068, 82.54404902738429, 80.86014334679298, 18.46720326033011, 107.51077080947579, 30.7191182147693, 7.177008226496232, 47.93383669773668, 104.526442209123, 110.22733371216583, 42.87082338634443, 112.46342401822511, 84.4741673378287, 73.16847792051949, 26.354508692866116, 50.08233120891994, 92.33824903146476, 90.52606005011089, 94.06018789447081, 66.60702603676675, 38.577822464641294, 0.0, 23.672929808301102, 14.548268785512487, 81.3540090978876, 93.08963699271224, 103.22457652609815, 47.81499836112258, 97.90065690915401, 68.73431659876567, 82.86970945845586, 83.35037637491968, 77.75435082195204, 83.40372238082261, 54.48444519790161, 28.71989913780378, 101.912868971884, 107.81656487539013, 69.22831892708582, 50.33825583958917, 55.729325075839505], [47.303590433661164, 76.92592933600623, 28.371851938304783, 24.0787088447461, 65.71505958395076, 59.188111070214305, 66.47717735692753, 74.6217111856962, 40.297864378560384, 50.42220636582247, 39.9283541252787, 61.81652890502913, 59.201159327476724, 9.950954595985491, 87.10449183742412, 14.527749710943311, 16.920308097557076, 37.256365653704414, 82.80188739734743, 87.63597220466032, 26.454857363358098, 90.51243098084755, 65.86650813620382, 56.77984181703624, 18.763961802126975, 30.72206764355373, 69.28984807458446, 66.97807713464664, 72.03781765652336, 62.74265972973661, 15.251899540854373, 23.672929808301102, 0.0, 16.84487814019043, 66.1615776490656, 78.50559529675654, 82.76560873028474, 24.698028007515568, 74.78283294675255, 46.37117388400767, 74.61327671490369, 72.12183846714075, 62.210662818323925, 59.990785973768894, 31.010328274497066, 5.19612109883784, 83.48743729194786, 88.08980384396601, 45.97603273186388, 27.19025933093905, 53.593332007878736], [42.14393409126776, 82.37946246569491, 44.957807829839936, 40.58706849578893, 66.21144142615893, 60.18226523141627, 77.74874313899005, 74.7152894131321, 40.582410451295885, 66.37960800913383, 30.35458612792239, 78.63355550365085, 67.91539935729026, 7.25097687890407, 93.76116218123865, 17.41694059055846, 8.899032710929571, 33.45802815420043, 91.44806160467853, 97.81518096279764, 42.323677393910785, 99.49828677461387, 70.30560756231806, 58.71298184378859, 29.76817586828353, 47.43796467105722, 80.60093026486734, 79.89151038255113, 81.25474620488826, 53.84171715009988, 31.517038888300217, 14.548268785512487, 16.84487814019043, 0.0, 66.81193803608456, 78.54468582108922, 89.51383060434357, 40.92648278879282, 86.2261343415587, 56.49160790956663, 69.07388389038408, 69.03779105040954, 63.22832376236708, 75.33573534363626, 44.1890975497769, 21.740866806916266, 87.64037238673048, 93.83562669322289, 61.72601673899699, 39.508579959064974, 43.36915283062437], [29.067093928005608, 24.917632096201277, 79.54834986476024, 77.76825658006044, 0.8033894439699885, 6.9827046915357265, 47.41331166709988, 8.563706151619433, 26.421498363231215, 70.9172641698544, 44.036308605073636, 91.61245387179318, 32.597956654219985, 64.30234959678633, 37.185768574688815, 52.53211930804562, 75.01316389359002, 34.11581226192157, 43.005183120259254, 54.01403648490485, 82.65691138269494, 50.14824878585283, 15.392800676945292, 10.01079543189317, 84.18714692411916, 79.35977751755823, 48.945615493138206, 57.009218571368244, 39.42907308814665, 37.41882455847334, 63.46591866433627, 81.3540090978876, 66.1615776490656, 66.81193803608456, 0.0, 12.401429250392662, 34.35343315902404, 64.3312426668382, 52.61054494870563, 38.01347614365025, 26.23421192355165, 15.774862944285166, 4.052739520583525, 70.35091954364168, 50.761177798770255, 64.8097506800091, 24.888675435262932, 34.35270529510752, 67.05194579488544, 49.017274377953115, 42.487967004279426], [38.82591848101284, 25.79614504245177, 91.63748615993497, 89.97639808513148, 12.798818674827448, 19.37707280121596, 54.11398628634211, 3.888081050662228, 38.52749037104001, 81.16763209783662, 53.909997037632344, 101.85915329843102, 40.65482233399293, 76.36711853667406, 35.855919269385446, 64.75233514464246, 86.90605511746905, 45.356068145163846, 44.68675614902552, 56.03175669251212, 94.89214782044608, 50.53655653279477, 21.94914453227605, 22.273279565989196, 96.58194366551378, 91.34148733093302, 55.11915637975341, 64.21849577612781, 44.13852362842314, 42.50797091288788, 75.78335236513816, 93.08963699271224, 78.50559529675654, 78.54468582108922, 12.401429250392662, 0.0, 34.32947237896616, 76.34121011965286, 57.829787647516426, 48.48503051056281, 26.09843508301695, 16.000422001625026, 16.434736153823923, 79.46548203822542, 62.50673602585093, 77.2070278476582, 21.380516928352957, 31.644792818434397, 77.60535936744941, 61.06474492185878, 49.869170775086616], [60.6087209030922, 9.43730730496712, 84.79478080082323, 84.80275524587749, 35.12032822708069, 36.644361148383226, 28.813958055130485, 34.3708038601017, 51.62473858267318, 63.5428999489906, 74.26983587936103, 82.60491271521241, 24.688116957746544, 84.79494857577401, 4.341235627618299, 72.50736192184307, 96.16710109293447, 61.95119737093944, 11.013003466369433, 22.09166261910904, 89.75681181132312, 16.240909311314944, 21.28958550399715, 35.38963515498478, 97.57763662086765, 83.37021928117436, 28.213326426002613, 38.46930611820282, 16.543181218052293, 71.69548461144392, 73.84316877310333, 103.22457652609815, 82.76560873028474, 89.51383060434357, 34.35343315902404, 34.32947237896616, 0.0, 70.106576426638, 28.2685805460335, 38.159107782806444, 59.19684178823043, 48.403489148712865, 34.87454290479254, 57.63732373676046, 55.95641003052377, 79.47399730333575, 13.989461919620906, 7.455262031059495, 61.75110091853932, 57.4364117599255, 75.73824482367172], [56.238096639990474, 66.6945447423175, 15.402030244178672, 14.709300452834334, 64.16498666559241, 57.77254970988532, 47.71857848684744, 72.7217179468313, 43.8234239537637, 25.738745919363243, 55.17187150187908, 38.75871739677193, 45.43005200806884, 33.679570887493576, 74.32509639394428, 29.27975930984441, 41.45210184144425, 46.79351675139154, 67.21226404124064, 69.50612736407528, 19.700915642356097, 74.03947184669072, 58.29939657216224, 54.33575489027556, 30.173374905129872, 15.033545763266847, 50.29450376661359, 45.60052696422373, 56.222292630583794, 74.38577060545435, 9.463834498395528, 47.81499836112258, 24.698028007515568, 40.92648278879282, 64.3312426668382, 76.34121011965286, 70.106576426638, 0.0, 55.29767943044189, 32.066470332966226, 80.73369091167768, 75.03500971670017, 60.335178094438746, 35.637101917753085, 14.489663975225715, 19.5067990674653, 74.76288487850628, 76.6417002625665, 21.413521162315366, 15.319112740256264, 67.76802226882467], [70.45533697814238, 33.12655823674411, 67.59112096508079, 68.91322751395063, 53.16228062345291, 51.16746415257066, 8.484867985179697, 56.427685654214095, 57.31928928738543, 40.246831579789635, 80.7202145999845, 56.874936366078, 22.339781226797758, 79.97640195692935, 30.54873084079163, 68.98070742763184, 90.76289194070254, 67.57584498439736, 18.572576955395935, 14.883426716645126, 73.40410292405045, 21.664148557677507, 37.30389205948578, 48.10402510969416, 85.33283965510141, 65.42927172782616, 5.637672501911715, 12.017795624489729, 13.701650882026641, 86.04923587746147, 62.03510808376576, 97.90065690915401, 74.78283294675255, 86.2261343415587, 52.61054494870563, 57.829787647516426, 28.2685805460335, 55.29767943044189, 0.0, 29.94874455796832, 78.78882235343532, 68.36750882940233, 51.0062611150999, 31.825989485437287, 43.92764706552155, 70.30401985578283, 41.15212514803452, 35.44283021784556, 40.124668803234485, 47.62590260534315, 86.65126809750598], [44.616752778262544, 34.75923684585687, 47.079880525439705, 46.77430343618363, 38.14818224908823, 33.00063784656433, 21.483022494538236, 45.39210608433038, 30.23387650568929, 32.90397328267701, 52