instance_id,num_cities,city_coordinates,distance_matrix,best_route,total_distance
1950,84,"[[96.08930790583419, 69.58236779621797], [31.66687872444499, 35.01437885831076], [40.315917124388335, 12.99750461990702], [41.79604466733152, 83.69468286246068], [18.928367343894458, 28.25100178930149], [78.42554903440445, 81.0333520425397], [45.985811201615114, 73.35438091308927], [98.58289915771998, 91.55024939213557], [46.96299854883491, 29.101559254620945], [47.55110959777794, 10.942987834353524], [76.06569052970899, 65.00503428329134], [53.834403466742074, 96.84974419770475], [5.379371206340078, 34.79254205322566], [19.419052588726725, 86.7520847024863], [8.543615888850631, 9.136813183112746], [20.919577961490564, 50.507994046682846], [96.30432876765701, 11.080508975453608], [43.79354861938698, 44.10940773866508], [33.001095413138195, 56.33528505921813], [33.674505119776434, 98.094825616979], [43.09116057611524, 56.13711151419577], [46.40003861488557, 60.427582361724205], [92.91311580253998, 89.71008262241482], [75.81699116964182, 50.12947571053509], [80.30154477943195, 37.063218858550314], [94.28020297897245, 66.46678249821393], [53.49184149034446, 41.33239516400293], [65.4981010632683, 53.12195609151446], [5.230153799272874, 31.0428211081234], [40.88785422472255, 99.57919099044791], [36.01824310459448, 60.94019245158474], [36.702267225821984, 26.017955475762], [60.368040021687094, 10.0563551173242], [77.56781494855424, 50.64634810850769], [11.934032460588263, 35.43123916275188], [0.9698300464226484, 89.7773822918306], [14.512098723679824, 61.70654266985852], [36.11027684500466, 7.540139596040496], [17.21423112275824, 37.38682078575689], [1.9588106626003743, 57.10351899677776], [78.51331855585346, 76.58729417647945], [47.18670044951325, 66.07140461718923], [96.47180795225162, 29.62422863876505], [32.763923231287485, 36.209874975923405], [60.704843000639755, 70.92735042358943], [9.619584551515493, 30.437538518811824], [19.903846831260363, 93.23517829075274], [93.54512082594252, 3.720976572358603], [79.07277604351533, 38.72566760110606], [49.66906132472988, 97.19900184152176], [40.61256622118421, 82.11848800136801], [99.81738137549583, 10.349386957176366], [53.40602076933092, 3.712665704694762], [83.09879482939444, 11.8813334515107], [55.47311445312692, 88.7960166578672], [98.70503780357163, 29.868385741261307], [25.980598425546976, 21.46958398869575], [41.2287982797079, 81.17959222276893], [35.740056221943725, 45.19932452067932], [20.18671616411487, 20.11819905143961], [15.219463342351403, 34.575835964295074], [20.709731478367576, 88.83609527637275], [55.45392296570852, 0.7096533482812695], [73.48315898604235, 40.44188736510572], [24.433760817518223, 88.52222506186177], [78.83639617062134, 14.06614229221984], [83.42731037583175, 85.81869589871445], [32.183663056895874, 17.678894458166607], [96.9746292781751, 34.63386324227529], [54.537478552374594, 95.82868403342552], [2.592780977253295, 72.43707973851681], [29.646311718804785, 95.0410629260824], [36.15947939604738, 11.738342105356015], [58.197362526864524, 2.0810929293978875], [72.40472127500267, 52.01056237303564], [20.872800318143813, 51.31050786687066], [34.11746585113155, 95.30640890236066], [85.32832489407663, 49.994635925094265], [80.01100025859009, 7.492606032735194], [63.42997175297802, 56.91956395888524], [95.9175374295493, 58.535143672815835], [53.80926877433221, 58.026728573601275], [86.29806821234362, 61.1736917434259], [98.07836576748409, 66.83674360580885]]","[[0.0, 73.11084215656649, 79.45135530588323, 56.097378455808844, 87.53337971540277, 21.050734373829368, 50.24528301187625, 22.108953370608404, 63.65602981038818, 76.12183377523235, 20.54013716882203, 50.28903225333696, 97.15258406884503, 78.56925116756454, 106.38568166449103, 77.55204725758377, 58.50225396901954, 58.169735545554225, 64.46400357226102, 68.61900507733378, 54.67703847934572, 50.52557351500356, 20.376778459848186, 28.09593985524828, 36.14897664064084, 3.60273956670952, 51.113648849790344, 34.73855336039471, 98.69489624030048, 62.82523291046206, 60.689537986724915, 73.65241762193635, 69.42157564258261, 26.488083037092775, 90.82075738620969, 97.23967132156035, 81.95651090285607, 86.29439290613759, 85.19290454514939, 94.95405298678797, 18.9204755548987, 49.028480279032834, 39.95996985999716, 71.58091659946753, 35.41001743708788, 94.9174942575376, 79.77267654677118, 65.91051313591593, 35.23773976225393, 54.0140515851455, 56.87550595593284, 59.35018576949414, 78.4900035316804, 59.14526857186667, 44.931497562027644, 39.80003032108565, 85.02982483047161, 56.072909063451355, 65.08890057592268, 90.59750229847414, 88.12144478287506, 77.79965658191782, 79.96677625526254, 36.88096485641124, 74.11636541121554, 58.13530990330934, 20.589913348572036, 82.32801460081765, 34.959716310194445, 49.146959607309704, 93.54009796862711, 71.153474265316, 83.291750211756, 77.40944149939862, 29.491151040668843, 77.40403012096186, 67.09869967803795, 22.349004345481926, 64.1377462392114, 35.02825772098902, 11.048559450408055, 43.83074841711713, 12.906363070059049, 3.3903987039802534], [73.11084215656649, 0.0, 23.654779992073074, 49.722952452916424, 14.422653763091446, 65.60578588879389, 40.926612183836795, 87.60170345172446, 16.399168190730677, 28.83991429019151, 53.578856861071294, 65.68874758934503, 26.28844352719485, 53.167654180612665, 34.703511197545495, 18.856208136705405, 68.9262654991424, 15.158353244180965, 21.362611624056594, 63.112386478538504, 24.01424682721475, 29.37510702385938, 82.11407654280016, 46.66581813035797, 48.677802822505065, 70.06912350622056, 22.72105476803158, 38.37233323887582, 26.733381674084743, 65.21994598920551, 26.288441993431714, 10.309741560188094, 38.03497875464053, 48.48973508783944, 19.737248901162065, 62.77973671974565, 31.729451394834307, 27.83123443001165, 14.646074675408634, 37.02025688760177, 62.633028131564885, 34.718924455771116, 65.02870575069363, 1.6225651349699977, 46.18381638576524, 22.517341047311863, 59.39722557386596, 69.34114126694179, 47.5509491467693, 64.73797891452972, 47.94603657186239, 72.4765675033932, 38.110202612935346, 56.39485600672841, 58.814976187806536, 67.23537772541336, 14.689971126506162, 47.14506581358506, 10.969224816345513, 18.806655876317862, 16.453260850695234, 54.92573380446096, 41.74491185826479, 42.16703859067872, 53.99451453618575, 51.611936519898606, 72.52738044821234, 17.343185561883026, 65.30885908146215, 64.97264078380441, 47.389468249629395, 60.06068174102216, 23.705639576256576, 42.29028130511755, 44.14116072035526, 19.54676314137471, 60.34181190599183, 55.71318431756698, 55.62914763297008, 38.584079787260364, 68.42056358653484, 31.9351479805586, 60.5712515594984, 73.64202950347418], [79.45135530588323, 23.654779992073074, 0.0, 70.71267063972893, 26.269687122419803, 77.98218116231857, 60.622604816334615, 97.80375711864791, 17.421947857259642, 7.5212398811043535, 63.109662019532095, 84.93496073585243, 41.17749260704997, 76.65779171473304, 32.006000440103215, 42.22860156290311, 56.02122018161472, 31.3056614126901, 43.95076597823197, 85.35609172340138, 43.22878276345656, 47.818707729359986, 93.01228377252006, 51.37226426236058, 46.66914420453655, 75.96780781767279, 31.248536046402116, 47.372080319835696, 39.45433100770954, 86.58357538709895, 48.13492825907306, 13.51260915142384, 20.266671978519717, 52.963565849848564, 36.177393806188974, 86.27435414804569, 55.121750986415215, 6.889865250010049, 33.59355055893464, 58.45175891565338, 74.18020498735267, 53.516787314097314, 58.56562153917749, 24.409972333173606, 61.413152770605215, 35.304668470605456, 82.79333843831112, 54.031491736935244, 46.51916254259372, 84.71938055010777, 69.1216199485142, 59.56036245005137, 16.04864627053569, 42.7974352362226, 77.29912714921893, 60.77759491374349, 16.651651300348753, 68.18819855288798, 32.52530872905431, 21.35155779999046, 33.09767931505343, 78.33194972899118, 19.497448800431265, 43.049507279113136, 77.17659157277726, 38.535299303702864, 84.62575333398965, 9.38344110846377, 60.64933369264162, 84.04318587776451, 70.39956030442337, 82.73443019112212, 4.342978796589562, 20.95027765635628, 50.51445364512451, 42.96418286134527, 82.54196824867368, 58.26580968319209, 40.074973904997556, 49.63271922784558, 71.86944240128967, 47.007462690736624, 66.59807222762423, 78.96305546157218], [56.097378455808844, 49.722952452916424, 70.71267063972893, 0.0, 59.97443152803558, 36.72605712447875, 11.156880747591456, 57.32762657231415, 54.83709107597203, 72.97896890074814, 39.03474851392809, 17.831929825943657, 60.972071325244706, 22.584894963168058, 81.63700111340796, 39.206927661771196, 90.79631757320502, 39.635640888789325, 28.738263352887365, 16.532498781884353, 27.587987672751627, 23.718236148172693, 51.46979692707188, 47.791714052382936, 60.474515078923574, 55.23936481026734, 43.947185147311814, 38.68435212856871, 64.10368882656145, 15.910449658892068, 23.476580346315593, 57.90122149543297, 75.94420533880344, 48.70125233566285, 56.75473346594665, 41.276858318197746, 35.04129015013052, 76.36650061281107, 52.427889975233484, 47.896713967445706, 37.39883922982569, 18.42930020028507, 76.89637904833609, 48.33617897245084, 22.81550858548576, 62.222568327134724, 23.880732382214337, 95.25628893173003, 58.41033329530068, 15.631731266110654, 1.9710432447387372, 93.52009380254006, 80.82026115841349, 82.84367401660177, 14.597460204353153, 78.33200981438085, 64.20351446514901, 2.5782648021755055, 38.96880303413009, 67.14858428986389, 55.847791321848305, 21.704071634442325, 84.10144328774926, 53.61788444337447, 18.020934053718914, 78.86774563425114, 41.685413706354446, 66.71193445602644, 73.83522344694565, 17.594832248813848, 40.78761468938869, 16.623969179130135, 72.17676802967843, 83.2453079115668, 44.05422312175529, 38.55537503696227, 13.920946600798603, 55.05227139111122, 85.24751811053063, 34.422867304274234, 59.68365262822028, 28.34010287243147, 49.87609788851224, 58.75278533313669], [87.53337971540277, 14.422653763091446, 26.269687122419803, 59.97443152803558, 0.0, 79.5354708753841, 52.5967686887497, 101.74300558546831, 28.047530992920425, 33.448897159651175, 67.93771121703675, 76.96894710091861, 15.045499172842508, 58.50314071932224, 21.75305194348578, 22.345886065868168, 79.25821868880219, 29.491800201376556, 31.412873827394403, 71.38352965619553, 36.89818006856027, 42.30868775742175, 96.18191940973215, 60.95066153791515, 62.00259735051048, 84.4887272289475, 36.95614424823023, 52.79492841737879, 13.97981793239817, 74.63196124170797, 36.88694944924653, 17.913626457286522, 45.2580560691761, 62.770505431586436, 10.023798142367374, 64.0937170056994, 33.7457648325907, 26.910180729467214, 9.29523812070495, 33.47287862086807, 76.72524729624722, 47.2113996824052, 77.5555989813882, 15.961399346984122, 59.72055467804969, 9.562132604455371, 64.99149756546653, 78.54541385303529, 61.04972171677787, 75.49050918906521, 58.06815436844046, 82.84624556733012, 42.31830010203179, 66.22544680982591, 70.71928567733555, 79.79306411261562, 9.783741135956035, 57.43470122841005, 23.872128651196228, 8.229576059939163, 7.332086758476665, 60.61127626949255, 45.74540509638012, 55.90029501031744, 60.52214232882236, 61.56445530381867, 86.45318419417548, 16.95500863639266, 78.30683190017459, 76.38554796913942, 47.109031686887015, 67.644560744221, 23.865857461898326, 47.19023323120778, 58.51698171383489, 23.14134049991049, 68.75417323014406, 69.86944960493969, 64.51355701073759, 52.93655874585969, 82.73126108127882, 45.86143467155364, 74.98386565735142, 88.05442477232138], [21.050734373829368, 65.60578588879389, 77.98218116231857, 36.72605712447875, 79.5354708753841, 0.0, 33.33621436616697, 22.735960368013156, 60.71905125431674, 76.58909952050686, 16.201108059439022, 29.23837719737413, 86.45204800209795, 59.28296994946962, 100.26263950308082, 65.10556189615471, 72.20146132813751, 50.6236418652531, 51.704695139834335, 47.89310818875985, 43.22431954544151, 38.08189939813307, 16.887132510196178, 31.01377349626533, 44.010134881105806, 21.530327447386508, 46.88129423303233, 30.759794130997378, 88.63757141715897, 41.86916137094901, 46.92669451998597, 69.04727441599852, 73.23802102915138, 30.399107155456168, 80.6267602932611, 77.9477162522785, 66.77166083863291, 84.80468463575146, 75.17875452034265, 80.12364811227691, 4.446924109679823, 34.6370543156994, 54.484543038136145, 63.98537463612567, 20.39986987844114, 85.4060717662885, 59.78021572849215, 78.776930963333, 42.31263482220469, 32.98884385394543, 37.82854992306779, 73.85007387334306, 81.26786160815489, 69.30974607855963, 24.22959378813195, 55.03736404797864, 79.361926067464, 37.19703822748973, 55.732654925816014, 84.27584184107954, 78.44303709489779, 58.24086536217386, 83.54395355838749, 40.891248746516894, 54.50868200531568, 66.96847002218786, 6.922220188525211, 78.435319305572, 49.96980026791887, 28.09878574022293, 76.31844212727744, 50.75066459947606, 81.16784489481556, 81.50238492493644, 29.640726831652678, 64.77473543510729, 46.55025657823502, 31.797015784319136, 73.55783424804491, 28.39616371530895, 28.498053229359282, 33.69370827445283, 21.363114599777276, 24.244110555965392], [50.24528301187625, 40.926612183836795, 60.622604816334615, 11.156880747591456, 52.5967686887497, 33.33621436616697, 0.0, 55.65557735904805, 44.26360943086058, 62.431019093856655, 31.217154411272137, 24.77160665803225, 55.99909271893572, 29.753842273291408, 74.33581905779558, 33.91568135387866, 80.06240276277694, 29.32702629320314, 21.40683226894572, 27.63436016243081, 17.458905114519105, 12.933433617469056, 49.6958840902586, 37.806024916042496, 49.946151145533875, 48.78306354739802, 32.88993861365526, 28.108370102264022, 58.74769530310357, 26.715722504393902, 15.920568109414177, 48.23817328562649, 64.91139018288122, 38.89829963540348, 50.96752216504184, 47.91819626875351, 33.55989739084743, 66.55103709911157, 46.05940948109674, 46.93045162243197, 32.68777237513492, 7.381319577985989, 66.79193129294035, 39.42756196895827, 14.91778717161699, 56.2526248441943, 32.7950448968768, 84.32496031438336, 47.894624208700755, 24.12741757192563, 10.280142736097757, 82.87018288123942, 70.03590512869773, 71.80744472524633, 18.12327336494569, 68.33994900197602, 55.607919311023636, 9.157680054485995, 29.96135336668298, 59.158130159434606, 49.50094654592852, 29.640574991087185, 73.25913993040417, 42.88748496617404, 26.354399478646886, 67.78094253970693, 39.46169039047549, 57.360780027829584, 64.02451138072315, 24.046316042645724, 43.402724724344786, 27.153110688859183, 62.39465550116615, 72.31184941470802, 33.963471544241116, 33.41550021339126, 24.954942480400533, 45.754902136773055, 74.13155118270039, 23.96668407727523, 52.0844225895313, 17.208817932453012, 42.112317128685575, 52.498703196053235], [22.108953370608404, 87.60170345172446, 97.80375711864791, 57.32762657231415, 101.74300558546831, 22.735960368013156, 55.65557735904805, 0.0, 81.02131225031158, 95.4032188216671, 34.80909550063294, 45.06120850354241, 109.12531770837143, 79.30912298082801, 122.06165245215375, 87.84109620826712, 80.50199379984727, 72.4741773958283, 74.43834156778003, 65.23749761101915, 65.82874284969397, 60.759125549325994, 5.9609275314384345, 47.264860720243405, 57.472118581729724, 25.44982329653924, 67.49100951119759, 50.7083581961514, 111.2469502660812, 58.251026712064935, 69.65135873010416, 90.13153806650037, 90.00905656022047, 45.98655134426914, 103.23453593164922, 97.6291673583374, 89.21068499089944, 104.69253596402719, 97.74731268010433, 102.58065954381057, 25.033539388599202, 57.36497862563257, 61.96199441935905, 85.9924103193465, 43.12830972929248, 107.93162083471637, 78.69709181655422, 87.97363454223623, 56.31235517476239, 49.238927037319776, 58.73259421909761, 81.21024569921688, 98.7744473483272, 81.15967997722035, 43.197677428663695, 61.68198457648598, 100.90784773739739, 58.284160950036174, 78.08733024434902, 106.0589426868029, 100.97299746164599, 77.92045223803984, 100.55904970202239, 56.93910453960155, 74.21094021732314, 79.96068554790352, 16.20316564050507, 99.32691294182763, 56.93910382474823, 44.25272962520587, 97.87449127585785, 69.02491482683617, 101.32434988439587, 98.16171110527772, 47.42028940050418, 87.51054941935188, 64.5747692653443, 43.618261651888204, 86.08485834254273, 49.345847633816106, 33.122520417381516, 55.93303519190539, 32.76663433955124, 24.71865534758449], [63.65602981038818, 16.399168190730677, 17.421947857259642, 54.83709107597203, 28.047530992920425, 60.71905125431674, 44.26360943086058, 81.02131225031158, 0.0, 18.168092652527992, 46.217163474925535, 68.09576175231558, 41.97124430099135, 63.89250381279741, 43.29711364137456, 33.71194456562999, 52.529278701759495, 15.338869872819942, 30.604093849852188, 70.2613326158949, 27.311393506505585, 31.33108117499298, 76.05791464702185, 35.703307418760026, 34.276036649800936, 60.29160590933841, 13.86431163805571, 30.340228895352766, 41.77797061221274, 70.73898468065286, 33.66728732144952, 10.714066433808023, 23.289803295008568, 37.42769981736911, 35.5962541983132, 76.13755348140673, 46.001585222361285, 24.138690645397638, 30.88097670103913, 53.00459109078071, 57.011557719591266, 36.97052215850594, 49.51156826266933, 15.878976423784382, 44.02539148999997, 37.36730401794515, 69.6083240880457, 53.047790652679964, 33.521057146557446, 68.15118827007595, 53.39590550300394, 56.08234793462446, 26.19367196525315, 40.02913875591384, 60.298012549108655, 51.74772119716315, 22.327296329682362, 52.39277212133335, 19.623773363801398, 28.24305328547838, 32.21210537824776, 65.24912892604198, 29.63437393378686, 28.843057245525728, 63.548265733456354, 35.24169745046001, 67.42758801945415, 18.67902643703483, 50.316693011561284, 67.15565447950141, 62.02163769975482, 68.17540456211476, 20.449873736949446, 29.262886638596722, 34.235999753983165, 34.26274714873729, 67.43952718671437, 43.6854543107334, 39.4856591226945, 32.326499845056496, 57.121648862111655, 29.724347530807332, 50.75302343518602, 63.535225693433176], [76.12183377523235, 28.83991429019151, 7.5212398811043535, 72.97896890074814, 33.448897159651175, 76.58909952050686, 62.431019093856655, 95.4032188216671, 18.168092652527992, 0.0, 61.12107813161312, 86.1362326243489, 48.44849590436008, 80.86057011623431, 39.049287219138684, 47.69306232436992, 48.75341312657519, 33.3785960426055, 47.667216827959116, 88.24966277968407, 45.413653899072116, 49.49798036229298, 90.89536197338289, 48.31708696832581, 41.89101900580998, 72.57065482757429, 30.96463100485304, 45.83841037711685, 46.85153783316366, 88.88630649371694, 51.310110885544574, 18.572884272537195, 12.84756097733087, 49.773079241439405, 43.2232649960565, 91.56788385737985, 60.56826511529034, 11.936164803232225, 40.24428526846812, 64.88029253472685, 72.57984113169721, 55.129621176001024, 52.366243759523314, 29.27586832977206, 61.40964466328141, 42.64783814830651, 86.81230182752415, 46.557561314193755, 42.01776708177444, 86.28201244710569, 71.51290238980343, 52.269642504456215, 9.303630631393808, 35.560067742108195, 78.25504621379393, 54.542598552125156, 24.002003641945254, 70.52058009132774, 36.23530854034108, 28.86164459746611, 40.04805688568321, 82.38808024419012, 12.929640127713455, 39.276663032910484, 80.95029254690917, 31.44078958475162, 83.02694406279588, 16.778881107856897, 54.80822817052452, 85.17271141845195, 76.17594535986255, 85.98295192199993, 11.419361937927254, 13.851927040544338, 48.002580054539706, 48.386659934278214, 85.42628166208384, 54.33368397362688, 32.6427577923315, 48.64137966257439, 67.85517399991271, 47.4978230899037, 63.43855623420007, 75.34663595860272], [20.54013716882203, 53.578856861071294, 63.109662019532095, 39.03474851392809, 67.93771121703675, 16.201108059439022, 31.217154411272137, 34.80909550063294, 46.217163474925535, 61.12107813161312, 0.0, 38.83703997486394, 76.87229947280785, 60.67763831883817, 87.63839736499115, 57.01980276192179, 57.5973689277745, 38.44630479217023, 43.928622834804315, 53.77682485017379, 34.146151758274236, 30.016728163237996, 29.90276160761832, 14.877637387139119, 28.261059966943762, 18.273072308952404, 32.71043416593675, 15.902248093999523, 78.55638222095335, 49.32395441478148, 40.253210858068236, 55.40281047154104, 57.14694719367248, 14.437044241658828, 70.62208524623344, 79.07627638920151, 61.64190710180167, 69.99035079303923, 65.00969151690667, 74.52693196060788, 11.838058421367995, 28.898671487476047, 40.84373925485204, 52.001963911984554, 16.46297255288205, 74.89991163608026, 62.85772600318104, 63.72806456340739, 26.450853984400837, 41.63212197961508, 39.36742716252184, 59.593477853457195, 65.3468827077767, 53.58723865021209, 31.465298851547548, 41.79861380180798, 66.36152411929368, 38.40866290533561, 44.926861914943935, 71.67487532798455, 68.03087147223926, 60.26774983811619, 67.51844912089167, 24.69853549703716, 56.735477683018466, 51.01418946750631, 22.077181808377766, 64.5398779505507, 36.87264229736946, 37.597357551561934, 73.84784179481396, 55.28943611415102, 66.55708964958801, 65.41176913312663, 13.500333185159887, 56.86646800774539, 51.74772321068427, 17.638266758378776, 57.64759207575085, 15.00120726379991, 20.879542855297824, 23.32477352368296, 10.926149307869716, 22.088753476960953], [50.28903225333696, 65.68874758934503, 84.93496073585243, 17.831929825943657, 76.96894710091861, 29.23837719737413, 24.77160665803225, 45.06120850354241, 68.09576175231558, 86.1362326243489, 38.83703997486394, 0.0, 78.73364267806576, 35.86612752079999, 98.71582297988637, 56.8413893663842, 95.70818285640544, 53.68763224317463, 45.55708642725584, 20.198310055561823, 42.10624333551175, 37.17315770225711, 39.72556513422703, 51.63349348658192, 65.38301141271523, 50.586431578203474, 55.51840588883605, 45.256616027748784, 81.81029404821714, 13.231138162321948, 40.086300361308346, 72.87422305402222, 87.03896136036111, 51.942551253671056, 74.34967283843196, 53.33555498764406, 52.737920549952186, 91.051359894342, 69.83463526931502, 65.35166062544947, 31.931422311544832, 31.488063496169488, 79.60664672893962, 64.19625282356772, 26.817409240440004, 79.78427962225301, 34.1225403551572, 101.24183143640785, 63.36705556147683, 4.179958858863007, 19.79461768436387, 97.96298311145883, 93.13806365792959, 89.8667648608785, 8.21875300655983, 80.62180974438638, 80.36170112938606, 20.111065239041114, 54.72815778946152, 83.7848248870206, 73.27450612234385, 34.0802356707193, 96.15373061895693, 59.7320676513397, 30.557247309684023, 86.4767274103885, 31.582022827942865, 82.07787770632885, 75.70927899618118, 1.2397090122746997, 56.75986311956874, 24.255620180670487, 86.9272897715688, 94.8690290609863, 48.532555364471975, 56.21645068590904, 19.77724735072432, 56.455896575195524, 93.11236416629345, 41.0669480804263, 56.91220236042001, 38.82302376042012, 48.23557035461764, 53.46314996891433], [97.15258406884503, 26.28844352719485, 41.17749260704997, 60.972071325244706, 15.045499172842508, 86.45204800209795, 55.99909271893572, 109.12531770837143, 41.97124430099135, 48.44849590436008, 76.87229947280785, 78.73364267806576, 0.0, 53.82292007722425, 25.85012317702841, 22.10143564005475, 93.96599608479995, 39.52787639782285, 35.029265256049186, 69.33825572917978, 43.333240162079555, 48.37200064356292, 103.3348571644694, 72.08800066656887, 74.95657453533175, 94.37486634497986, 48.55491196099267, 62.850848034034755, 3.752688769497206, 73.87937632913287, 40.27952448270028, 32.52871323389047, 60.29620752760308, 73.90882610596191, 6.5857055928472485, 55.16136971926926, 28.42129731553591, 41.074103776721635, 12.115865275881253, 22.571662025847857, 84.23405225896248, 52.21321692581682, 91.23893629288972, 27.42120570326575, 66.0804979190136, 6.078278127674044, 60.22044605091212, 93.48070168445591, 73.79828855109848, 76.52543939168996, 59.00104398093756, 97.55001586754912, 57.205924361785286, 81.02612102211901, 73.6597473648204, 93.45548331265682, 24.533890325967747, 58.62541978459892, 32.094739692691086, 20.846913614072605, 9.842478080959669, 56.17584526336289, 60.573129656435086, 68.33769832526981, 57.008320442397654, 76.32508213985794, 93.24778380673807, 31.8016822765344, 91.59539551861275, 78.37046730542933, 37.747533729293465, 64.95204899926219, 38.45661445585713, 62.127120574800244, 69.20157350494392, 22.647064716276862, 66.99109019002327, 81.38144047541152, 79.46802225873952, 62.12469172751572, 93.59952283386933, 53.71482478524727, 85.11051982056131, 98.08126449934045], [78.56925116756454, 53.167654180612665, 76.65779171473304, 22.584894963168058, 58.50314071932224, 59.28296994946962, 29.753842273291408, 79.30912298082801, 63.89250381279741, 80.86057011623431, 60.67763831883817, 35.86612752079999, 53.82292007722425, 0.0, 78.3734999629281, 36.275138647018395, 107.87739830994455, 49.117348822890285, 33.31146330954054, 18.217455868433387, 38.69942221644053, 37.69553064267126, 73.55356605474869, 67.24539363818177, 78.58537551101955, 77.56084916547552, 56.779425334415116, 57.0461590180238, 57.487797827744046, 25.00888041093406, 30.68854684331316, 63.145419161807375, 86.9428232137941, 68.44634963950568, 51.863809281925256, 18.695620821988058, 25.52170393884044, 80.9514003258742, 49.41447681869294, 34.40781156255912, 59.962115011322865, 34.62272081323254, 95.92037868747427, 52.27428178856739, 44.214688791555496, 57.16080550242037, 6.5011943465655, 111.30516119940408, 76.58396347549625, 32.00314213070555, 21.694129124668166, 110.91106119078752, 89.72546524593888, 98.28905821465247, 36.1119514116895, 97.58085190753293, 65.61142265806129, 22.510390479549187, 44.64310739993629, 66.63830748392206, 52.34498526342206, 2.4513163949672125, 93.2835027024016, 71.18681042136525, 5.317959713254615, 93.8811319829362, 64.0150629117827, 70.24272838473797, 93.4407645720459, 36.27242061923388, 22.09169037130359, 13.16449730544298, 76.85898430320154, 93.1285894314774, 63.359722694307315, 35.47137932271076, 17.006463916669865, 75.46616603779049, 99.76697390132765, 53.16897873384112, 81.53658040421772, 44.808850175204824, 71.60347000775943, 81.14128641296513], [106.38568166449103, 34.703511197545495, 32.006000440103215, 81.63700111340796, 21.75305194348578, 100.26263950308082, 74.33581905779558, 122.06165245215375, 43.29711364137456, 39.049287219138684, 87.63839736499115, 98.71582297988637, 25.85012317702841, 78.3734999629281, 0.0, 43.18262432124351, 87.78223441180712, 49.65521249027525, 53.158856760848956, 92.43965366508554, 58.33147424100776, 63.748346994615105, 116.66303726469835, 78.77883854663828, 77.00054865138844, 103.13819732539679, 55.2892257479792, 71.96183834613652, 22.15518481596799, 96.05193104239206, 58.638257513992066, 32.83112258546439, 51.8325813949961, 80.54428313391443, 26.512105954235974, 80.99545430556498, 52.90745926293644, 27.61286227132568, 29.550676778779916, 48.41657284941116, 97.18707052661534, 68.81014232021133, 90.28344893495614, 36.32594062924517, 80.86324323371146, 21.32788335465874, 84.86218157013643, 85.17386411197299, 76.48439538815448, 97.19182750421304, 79.71663838054909, 91.2818196645348, 45.189122004391386, 74.60567738691309, 92.45521366438315, 92.51421567747363, 21.357565304315326, 79.1105755236323, 45.168031734442565, 16.004768652153242, 26.300395800898627, 80.62251506073548, 47.6612414119366, 72.09127497285718, 80.96011564352344, 70.46540459833595, 107.18058983243571, 25.13600967968125, 92.03338356695535, 98.13722980723682, 63.57936915486259, 88.45826075157744, 27.73813025388318, 50.15254473594294, 76.91813278246964, 43.93892706894828, 89.88448713939398, 86.97846409446662, 71.48629551043634, 72.77158327082913, 100.37129679629578, 66.62734542241671, 93.56063053671198, 106.51644664845624], [77.55204725758377, 18.856208136705405, 42.22860156290311, 39.206927661771196, 22.345886065868168, 65.10556189615471, 33.91568135387866, 87.84109620826712, 33.71194456562999, 47.69306232436992, 57.01980276192179, 56.8413893663842, 22.10143564005475, 36.275138647018395, 43.18262432124351, 0.0, 85.0728348719485, 23.752061813650176, 13.413440441558636, 49.266567829643996, 22.875009051368405, 27.343227816940633, 81.97483296457608, 54.898718136922845, 60.88497321200459, 75.07638930979773, 33.83997586064361, 44.655095112512655, 25.00101974060273, 52.978433597252874, 18.352123927840584, 29.13512089591586, 56.50235615428767, 56.64840594040536, 17.551312366285373, 44.04630852889837, 12.902065007145389, 45.57404797317419, 13.634323706680208, 20.075149960336237, 63.223167042712866, 30.531647063120214, 78.38540115474181, 18.566763956914397, 44.71931829849895, 23.032868604707676, 42.7392557627717, 86.39151856808091, 59.33479302767768, 54.83231713643773, 37.242947180044965, 88.53009153346889, 56.966408706724316, 73.20023168706808, 51.574407990333825, 80.47714702849022, 29.47614606479965, 36.78602132072969, 15.742571200565784, 30.398630335377998, 16.92113967301015, 38.32867568048543, 60.601119801406576, 53.51874955424046, 38.1763178007124, 68.42781883681344, 71.79179811695727, 34.70777136073777, 77.69400787434614, 56.42807972111933, 28.5789483183207, 45.380062867832095, 41.65741839560673, 61.11299349504758, 51.50706450175781, 0.8038759727156372, 46.702057966742174, 64.41079271354232, 73.08980636918271, 42.99118292215736, 75.42631540445886, 33.73815541268662, 66.24276635859344, 78.8676524175469], [58.50225396901954, 68.9262654991424, 56.02122018161472, 90.79631757320502, 79.25821868880219, 72.20146132813751, 80.06240276277694, 80.50199379984727, 52.529278701759495, 48.75341312657519, 57.5973689277745, 95.70818285640544, 93.96599608479995, 107.87739830994455, 87.78223441180712, 85.0728348719485, 0.0, 62.03458862030458, 77.81577032663964, 107.21000937765216, 69.72616941518801, 70.18241822167413, 78.702669441879, 44.09708385973552, 30.5154109958061, 55.42324764885615, 52.42218695204341, 52.12012030864077, 93.23625502911399, 104.41744283958873, 78.232986399051, 61.44536636709285, 35.95087954360568, 43.77799191827034, 87.81403623337887, 123.6198386837765, 96.19232912864678, 60.29807710209052, 83.35025846714889, 104.972349873357, 67.87973888967042, 73.73289642404926, 18.54447594915413, 68.32911657055041, 69.63453035810878, 88.81970205174258, 112.1892300108162, 7.859767532047348, 32.57577634872822, 97.93489155043962, 90.26608931165106, 3.588325240422458, 43.52642810502275, 13.229793892425414, 87.78888424358959, 18.94063666412243, 71.0869884638573, 89.14704443021684, 69.513485621141, 76.6522719191838, 84.42029253297162, 108.44572071008395, 42.14629640458956, 37.187314115725165, 105.65319648682365, 17.721249265127046, 75.83939732909066, 64.45927754923767, 23.56289031491697, 94.48133653035656, 112.01108411704577, 107.20385187380873, 60.14844678260951, 39.15520866049501, 47.396840711505824, 85.48899516916278, 104.69578853944455, 40.43243669735478, 16.68369267970195, 56.408707757780114, 47.456210992865095, 63.322805199973395, 51.08279759494675, 55.78445040898028], [58.169735545554225, 15.158353244180965, 31.3056614126901, 39.635640888789325, 29.491800201376556, 50.6236418652531, 29.32702629320314, 72.4741773958283, 15.338869872819942, 33.3785960426055, 38.44630479217023, 53.68763224317463, 39.52787639782285, 49.117348822890285, 49.65521249027525, 23.752061813650176, 62.03458862030458, 0.0, 16.307946604839103, 54.92558952658757, 12.048195179164656, 16.52502989786358, 67.0235289291285, 32.584384161058, 37.181750380477126, 55.21552747699838, 10.088046562674876, 23.501353675940507, 40.7169633718608, 55.54583615281124, 18.53997545578238, 19.431595837285776, 37.87247229950444, 34.401056022633945, 33.02028739585293, 62.60538932236605, 34.16229596765179, 37.36768707916235, 27.416296137990745, 43.80630351103838, 47.54235513632795, 22.22257379860834, 54.63350089365243, 13.56669650546654, 31.704793446753115, 36.807333889823404, 54.62654285109011, 64.08154421594088, 35.68765256376684, 53.41373092713821, 38.1419563136747, 65.40954700845286, 41.52464795507112, 50.82864499362192, 46.187717791230824, 56.72810901092478, 28.807339586256486, 37.15880140680507, 8.126909522530235, 33.65799508059403, 30.12253874088912, 50.332287767354224, 44.93888083877915, 29.915274851056996, 48.44893937246746, 46.15841161895221, 57.536942826193496, 28.86800088410601, 54.01863829771712, 52.82343770390864, 49.999602550743084, 52.85998308788198, 33.259057460227936, 44.42802157184259, 29.682106483295392, 24.02533133476798, 52.10335407527596, 41.94965495680343, 51.502368590283346, 23.445451922875673, 54.08338068874555, 17.146616851283675, 45.80200841036527, 58.85043048627849], [64.46400357226102, 21.362611624056594, 43.95076597823197, 28.738263352887365, 31.412873827394403, 51.704695139834335, 21.40683226894572, 74.43834156778003, 30.604093849852188, 47.667216827959116, 43.928622834804315, 45.55708642725584, 35.029265256049186, 33.31146330954054, 53.158856760848956, 13.413440441558636, 77.81577032663964, 16.307946604839103, 0.0, 41.764969869835525, 10.092011085362014, 14.00994561501759, 68.58080853653196, 43.26329852315918, 51.07587538061626, 62.11099954453691, 25.396011104275694, 32.655487429822124, 37.562400493553966, 43.957210611470266, 5.505302197366888, 30.54241552102435, 53.76512823172758, 44.9283484425768, 29.678279537201433, 46.30740576094128, 19.25339987905162, 48.894102200049936, 24.66311785734948, 31.051789415688933, 49.814719999995404, 17.205330984759836, 68.8622675005652, 20.126807537824394, 31.311755012935365, 34.891092359559444, 39.15533221560194, 80.2112490286538, 49.32239230946237, 44.132351363759284, 26.883229750493573, 81.1117679135088, 56.44024314726908, 66.97711027165889, 39.48025754289287, 70.83434763694983, 35.56549576614675, 26.171256998803496, 11.467847375513255, 38.41725698735695, 28.100890804659223, 34.747378205391, 59.98616814188289, 43.490200751248224, 33.307631690156065, 62.350262435580966, 58.41296662723362, 38.665032393082214, 67.55416155987658, 44.98382332856903, 34.40833298382729, 38.85089206073402, 44.70864245549767, 59.819472081636555, 39.64024416390717, 13.127982622779484, 38.98711038987601, 52.70998744633562, 67.79040085485907, 30.43448532730363, 62.954889039090844, 20.876806743174424, 53.51614231987419, 65.9191303672795], [68.61900507733378, 63.112386478538504, 85.35609172340138, 16.532498781884353, 71.38352965619553, 47.89310818875985, 27.63436016243081, 65.23749761101915, 70.2613326158949, 88.24966277968407, 53.77682485017379, 20.198310055561823, 69.33825572917978, 18.217455868433387, 92.43965366508554, 49.266567829643996, 107.21000937765216, 54.92558952658757, 41.764969869835525, 0.0, 43.00143221701214, 39.75877786333078, 59.82906409688288, 63.84875818769459, 76.80454316600397, 68.36215125727554, 60.12237796156422, 55.09355908025082, 72.83579086341977, 7.364492234484364, 37.22848201842903, 72.14043632197316, 91.99628847664513, 64.63730088421848, 66.32777109741669, 33.745749882328944, 41.125478170215395, 90.5874392189567, 62.89994014817979, 51.82829819058602, 49.73020308644836, 34.7574296397006, 92.90707127870621, 61.89164947892026, 38.32376383312411, 71.80632075959025, 14.602986058829691, 111.76275769920953, 74.73754027514477, 16.019623229966715, 17.41780857211533, 109.88240116133517, 96.4226364477585, 99.37568437331899, 23.69909738631606, 94.254004048916, 77.0105437898753, 18.525454540355728, 52.93581526324407, 79.13453570631503, 66.14567720950683, 15.931398026947685, 99.79085539021919, 70.06133178664592, 13.305113176803424, 95.39610067807303, 51.244950889884, 80.42974943511453, 89.63369602996546, 20.985686982465143, 40.30376532330011, 5.054879686792113, 86.3922296369699, 99.09595047231072, 60.19791493206069, 48.504185728360035, 2.823381303310903, 70.58148018900695, 101.76361321877694, 50.801476033399446, 73.75068478759215, 44.8426260170204, 64.28382004101988, 71.58858119383555], [54.67703847934572, 24.01424682721475, 43.22878276345656, 27.587987672751627, 36.89818006856027, 43.22431954544151, 17.458905114519105, 65.82874284969397, 27.311393506505585, 45.413653899072116, 34.146151758274236, 42.10624333551175, 43.333240162079555, 38.69942221644053, 58.33147424100776, 22.875009051368405, 69.72616941518801, 12.048195179164656, 10.092011085362014, 43.00143221701214, 0.0, 5.418192869301341, 60.07804600365413, 33.27268663612282, 41.81418507632939, 52.22087862875902, 18.092920982784378, 22.608895245406025, 45.42223293873166, 43.49791751450976, 8.5496051400081, 30.789308513004038, 49.21307421290244, 34.91114692320865, 37.409888829581554, 53.90616201868025, 29.116684903384797, 49.095808551049004, 31.956046068545408, 41.14370125341445, 40.901580004472926, 10.74540023967355, 59.602235466983316, 22.444299660017517, 22.999847294035362, 42.19969731782005, 43.748349423266426, 72.75337316669265, 39.972928724106694, 41.58542551798614, 26.09933627785355, 72.89979318413432, 53.42956914704528, 59.65890286015823, 34.927308327378626, 61.50568505434455, 38.660170742506565, 25.1116354179161, 13.178540114195394, 42.68460646207373, 35.23804918024471, 39.62514236613692, 56.78944455297784, 34.20546196792541, 37.37504709357991, 55.20587214222044, 50.07995040173735, 39.97509176050043, 58.01566931105523, 41.30906830543279, 43.655557655897525, 41.16164958130757, 44.936610119160434, 56.12709223375852, 29.60258854664178, 22.736570438862945, 40.18408957410508, 42.681472045668464, 61.06850641464463, 20.35385643843148, 52.88077769563161, 10.883404613441607, 43.49947135185716, 56.01852248724146], [50.52557351500356, 29.37510702385938, 47.818707729359986, 23.718236148172693, 42.30868775742175, 38.08189939813307, 12.933433617469056, 60.759125549325994, 31.33108117499298, 49.49798036229298, 30.016728163237996, 37.17315770225711, 48.37200064356292, 37.69553064267126, 63.748346994615105, 27.343227816940633, 70.18241822167413, 16.52502989786358, 14.00994561501759, 39.75877786333078, 5.418192869301341, 0.0, 54.96299819862489, 31.167420461245204, 41.17287459157085, 48.259528363014006, 20.36958129516622, 20.447693378039126, 50.5808620889555, 39.53773684681395, 10.394443088579925, 35.750093599117655, 52.27203456349671, 32.666539839748765, 42.5760819421993, 54.08617759198107, 31.913577830994345, 53.87913139216679, 37.184513617473705, 44.565369281103834, 35.94995180112083, 5.698382796315295, 58.787997798497386, 27.792822702616423, 17.744648710742553, 47.457397008343, 42.170920427197906, 73.74481620315987, 39.22347352488456, 36.91644349116953, 22.449726594677863, 73.22047638864827, 57.146002111803085, 60.85669224452114, 29.784035481798988, 60.577862608518636, 43.98498806273413, 21.386622918943186, 18.588573411942487, 48.083101571794735, 40.50359324952737, 38.301899258266296, 60.4003631404041, 33.65892769439379, 35.6626738862849, 56.581802876912484, 44.89685401792972, 45.05058991269236, 56.77239793044079, 36.32431593721174, 45.423604535231235, 38.454913882203186, 49.75450904045659, 59.52721798102711, 27.33294250064157, 27.10647417875198, 36.97829274789086, 40.3020823777661, 62.70413432593742, 17.38749020999167, 49.55364782789963, 7.788503737406688, 39.90500526211095, 52.07424358686046], [20.376778459848186, 82.11407654280016, 93.01228377252006, 51.46979692707188, 96.18191940973215, 16.887132510196178, 49.6958840902586, 5.9609275314384345, 76.05791464702185, 90.89536197338289, 29.90276160761832, 39.72556513422703, 103.3348571644694, 73.55356605474869, 116.66303726469835, 81.97483296457608, 78.702669441879, 67.0235289291285, 68.58080853653196, 59.82906409688288, 60.07804600365413, 54.96299819862489, 0.0, 43.11498487737562, 54.136346273477, 23.283468985777077, 62.40542854769246, 45.7195148289618, 105.49952321812948, 52.95306546575285, 63.75525954583706, 84.94908215030995, 86.04590788083235, 41.96967491501875, 97.48745963569547, 91.94331038676252, 83.25213347941383, 99.89225220502986, 92.02198036877036, 96.62232461994465, 19.482344246585303, 51.475160600742704, 60.19114668089403, 80.49967444152377, 37.28490131050929, 102.23036159957059, 73.0943202662942, 85.99142858237336, 52.829590001345764, 43.8877221868499, 52.84864989195239, 79.66046007632958, 94.6380804670254, 78.445108793802, 37.451157760897004, 60.12133603041347, 95.58623089232091, 52.38356559322186, 72.45665137582347, 100.65862836003721, 95.26850889545271, 72.20867372930475, 96.56224696519325, 52.961101629434566, 68.48965662601023, 76.9425743283505, 10.252970068558607, 94.21