instance_id,num_cities,city_coordinates,distance_matrix,best_route,total_distance
742,62,"[[52.9246975776943, 98.4041616329956], [10.084058357021563, 70.34216061243397], [36.106938139037666, 2.923179034645995], [44.85918135796799, 58.98624126349762], [25.815270094105546, 35.529670018275624], [86.10835972153227, 88.36232663053913], [66.52623680386824, 62.91228659549647], [73.82314542982566, 58.28335559223444], [73.88958540628626, 5.86397614999915], [55.14397286050696, 31.072712877368268], [91.75098768317868, 51.051059089797576], [85.23316344543235, 67.38874070114835], [35.71406720499214, 18.761997526242556], [41.5462008349612, 95.44543773920908], [57.09428462240553, 32.12422303170126], [36.340320319063366, 13.589278662752491], [50.22693147497893, 29.39852544117073], [50.70468421107975, 37.89986024474429], [68.72243715579403, 5.736713742043564], [97.17608550692259, 86.48045157991692], [93.352346004851, 48.07376851142537], [72.38507968977656, 37.97675616243444], [70.80271010127673, 26.205013017790925], [24.170613473237125, 76.9386754505551], [52.454011045856596, 42.076013857958685], [64.8545793317268, 7.733415168104685], [10.966797100102276, 29.443615571408856], [42.283618183049995, 43.488951331541124], [27.800471969403475, 35.852930660326464], [12.707051475881503, 0.9462193036168243], [59.57014251572179, 35.8019138894788], [30.504571275537053, 77.30298627196852], [18.785956298506623, 60.10946308649194], [14.075834498172956, 77.60063245611657], [55.376079807775334, 48.991049998629975], [71.77625277570144, 58.687100688065264], [58.44664332560453, 58.70944946532737], [1.6144997885864765, 72.33546688799024], [48.84771235564407, 49.8977725855872], [8.865785205258824, 5.8959141187698405], [24.39357168327042, 50.92217039352707], [85.24685415893778, 4.087418572965262], [3.556656740395292, 45.78522748317955], [39.21859650375937, 32.98827371029991], [38.459556860138, 8.358779685728956], [96.8021183657571, 89.33556068054949], [73.01669194177576, 41.76982209488921], [73.40542322088022, 88.67410134740801], [93.99147955482896, 69.99281229323479], [7.633199684399495, 40.067619385055394], [84.18827940733543, 60.308270832309006], [28.587489739142303, 81.86294825869325], [87.91936699736813, 5.761200498995134], [72.01459403594865, 64.09155526518559], [59.430671221230135, 92.60510055765225], [77.62488134733428, 40.10133969207317], [84.24857018286829, 46.00413791001032], [51.75971717767164, 69.9545084496206], [75.61543293169424, 39.503174060259205], [30.07656721962748, 86.66934831513949], [95.55983803160052, 80.1342757759632], [66.53081845390086, 2.8887517688729325]]","[[0.0, 51.21324311263489, 96.95078684818841, 40.23462436940044, 68.46986749145532, 34.66978343591065, 38.00888136999828, 45.237420350729884, 94.88525939729959, 67.36801299068105, 61.23558707011684, 44.786083801851476, 81.480550448759, 11.7568803346828, 66.41096082059626, 86.42109662757485, 69.05835045947339, 60.54501586281315, 94.00438539982999, 45.82968683171357, 64.55651190330522, 63.483681398071546, 74.3797041709214, 35.882648309938624, 56.3301143046741, 91.4522079731579, 80.72188256972048, 55.936686469043686, 67.40833189311614, 105.43011704938573, 62.95397811866228, 30.78833650948845, 51.30241312935389, 44.06836721260108, 49.47388074760495, 43.96391774497378, 40.07695171687702, 57.552699700931804, 48.67742379090493, 102.46445050648153, 55.3946264259308, 99.70140333773743, 72.1523089524923, 66.83633442494886, 91.19984158981768, 44.80477182452145, 60.0927337740912, 22.674527470988718, 49.93681360743233, 73.85439690948698, 49.28192817571674, 29.426372954733576, 99.03204095376492, 39.2654950629576, 8.715319982992318, 63.31917659389525, 61.04873038118474, 28.473495492944938, 63.12048643625071, 25.68546095486993, 46.38473812315105, 96.47963539944212], [51.21324311263489, 0.0, 72.2669312281584, 36.58231928118419, 38.20183927620936, 78.13079278544419, 56.92910095665702, 64.8697618262137, 90.71152933120585, 59.77027204621433, 83.91444418882965, 75.2071185777077, 57.59696673910141, 40.24973207123054, 60.585246772191816, 62.53223889973751, 57.33961565272241, 51.98594134881832, 87.24862883433279, 88.57463309791488, 86.19448366668209, 70.20638620749855, 75.06558777117145, 15.55458270259061, 50.93317134441614, 83.18452364444633, 40.90807028156298, 41.92739559850354, 38.77342252077241, 69.44549490815355, 60.34816624425781, 21.57430049196712, 13.432465389549382, 8.283700276241204, 50.07231901498505, 62.78349523587247, 49.74192993316027, 8.700959271961004, 43.82458069528103, 64.45776040628795, 24.122566027198133, 100.19549249081565, 25.40964259054835, 47.37229337620402, 68.16970314153775, 88.77370769448659, 69.1150844481442, 65.92158447225397, 83.90814845004259, 30.373583172905562, 74.78044210616487, 21.79691539881391, 101.13869526700246, 62.245171031059996, 54.13618656845411, 74.00182443795617, 78.05584003410539, 41.67746168295956, 72.4251623761471, 25.812351092079048, 86.03484428040178, 87.95566548012268], [96.95078684818841, 72.2669312281584, 0.0, 56.74212463275764, 34.1921289979521, 98.99489937457975, 67.26088578964337, 66.98702442181661, 37.89692233143737, 33.9824211401865, 73.57005564952277, 81.05056849789686, 15.843690188228214, 92.68200437231256, 35.96066855511575, 10.668652610271227, 30.005302517263644, 37.900691535335646, 32.73662709659879, 103.49521030195133, 72.90824680256675, 50.446573955316936, 41.783254847778636, 74.97179173676491, 42.42842522793487, 29.147302547632577, 36.54258126566909, 41.03331888124143, 33.961241472541644, 23.48325074657818, 40.39224139951194, 74.59049697605256, 59.75188277852352, 77.85943473433666, 49.93544388311934, 66.19603435869855, 60.093014539028054, 77.50996070438428, 48.671755330115936, 27.402875160134354, 49.40755129731722, 49.153705863804625, 53.82077680910265, 30.22568999435374, 5.922885216254429, 105.59831724261156, 53.58536743205818, 93.51148414440752, 88.59433300362986, 46.802384880775705, 74.86564057553187, 79.29709496182396, 51.890096839682826, 70.92904907505674, 92.665223104183, 55.73109758578965, 64.6032952214081, 68.8346469067078, 53.84252219997926, 83.96300520218854, 97.44845183804689, 30.423899793579206], [40.23462436940044, 36.58231928118419, 56.74212463275764, 0.0, 30.213925445198978, 50.640390077100015, 22.019880191423063, 28.97249148800857, 60.53709119207356, 29.747974774998497, 47.55847575954129, 41.23906432496516, 41.25073207962572, 36.60940927685605, 29.51721151085939, 46.1893408350197, 30.070677892283104, 21.881621696615138, 58.35209643646551, 59.10152333615776, 49.70582540341146, 34.62764131708739, 41.80521030866852, 27.39172748042276, 18.53745475773506, 55.015162663520215, 44.96065439321014, 15.70985426103991, 28.74281867643273, 66.35061118827771, 27.457702270412568, 23.27139828897206, 26.097407769067313, 35.97374046943552, 14.508928334816687, 26.918733603036248, 13.590280954472716, 45.258196040173935, 9.925152010361439, 64.1413080856641, 21.997054765422174, 68.15456585647586, 43.36087296876467, 26.602829067500483, 51.03033469929105, 60.1593707918674, 33.00379510399484, 41.18564022639108, 50.350047983471846, 41.7574899310331, 39.351311484594376, 28.073326683565575, 68.46228561538501, 27.63115395287109, 36.64090633534218, 37.8183897483162, 41.47359352021243, 12.95840575322425, 36.407923842375894, 31.38279937793518, 54.93446960586763, 60.13807597535309], [68.46986749145532, 38.20183927620936, 34.1921289979521, 30.213925445198978, 0.0, 80.16574244357912, 49.06312771377806, 53.12707691421226, 56.49064688442919, 29.66542217659825, 67.73796847186642, 67.42022274574542, 19.471543981990212, 61.94643979731563, 31.463849399588252, 24.334285587857288, 25.169826086005994, 25.002014654740975, 52.23643583684783, 87.68322597922726, 68.6921467824353, 46.63405833051619, 45.9436501224654, 41.44165327651778, 27.431316723078655, 47.92389226102437, 16.047342739029137, 18.290889748788537, 2.0113487833753583, 36.984327203240966, 33.755970270827596, 42.03569312383487, 25.565161445086403, 43.67814360246178, 32.48153663088123, 51.46531379758673, 40.02634999831175, 44.04933559765899, 27.14656088560559, 34.13860756839296, 15.458017148828855, 67.23636189150439, 24.50759733931327, 13.642135244818398, 29.968905039806536, 89.07416290655247, 47.61211739022939, 71.3383014651087, 76.39177777677719, 18.73981506949749, 63.41440904544991, 46.416138080028645, 68.87002707775103, 54.31536450711724, 66.238961074225, 52.01092175511799, 59.36467836077596, 43.10665651029046, 49.9584322514429, 51.31691095047236, 82.7881369012891, 52.184149148980296], [34.66978343591065, 78.13079278544419, 98.99489937457975, 50.640390077100015, 80.16574244357912, 0.0, 32.111743580001644, 32.49109091606997, 83.39829901009328, 65.12213984250472, 37.73552617640767, 20.991838301093072, 85.92898538717309, 45.12157430331713, 63.281441594288815, 89.8213028649586, 69.02323336175955, 61.64317280434946, 84.43495845123257, 11.22657595915817, 40.93462168617315, 52.22101230564502, 64.01401835419772, 62.98241196238954, 57.22794714879345, 83.38311906180515, 95.48648567236917, 62.723422910739636, 78.46684930129052, 114.14608128343714, 58.88016610008325, 56.69294752183643, 73.01048076195065, 72.83198989151468, 49.94567501119415, 32.95494385131928, 40.55198735134783, 86.00042208951999, 53.55257005972822, 112.99170106898715, 72.18365716462044, 84.2793113400134, 92.8848374972468, 72.55987618120818, 93.1180752479048, 10.737954109467633, 48.396830930961514, 12.706761948414577, 19.98956315917247, 92.14515446175442, 28.119686256129807, 57.886893186207786, 82.62097666786788, 28.06607514187546, 27.01296344934675, 49.00094147667233, 42.39899726186998, 38.9702067583387, 49.97317582966678, 56.05736300034927, 12.531211557993037, 87.68701227501519], [38.00888136999828, 56.92910095665702, 67.26088578964337, 22.019880191423063, 49.06312771377806, 32.111743580001644, 0.0, 8.641289124229793, 57.52154924310167, 33.812932245347525, 27.874303127885018, 19.23506552452756, 53.838999064698314, 41.017168604714044, 32.20041272967931, 57.82688531782721, 37.26713754655101, 29.596334205407505, 57.217736997423266, 38.66356975568842, 30.65651242059926, 25.61458018277717, 36.955542985754754, 44.617691693313944, 25.143146171024554, 55.20418725698984, 64.86141595983707, 31.06397447800997, 47.24292122255448, 82.07495479736764, 27.988561163531998, 38.78985208290148, 47.82248636732766, 54.46826788278182, 17.836110266071316, 6.739055101188806, 9.10734158340015, 65.59214838047268, 21.952398538214098, 81.09003890096741, 43.80552883713618, 61.73189298914416, 65.257215441719, 40.511156067354335, 61.350009284578285, 40.18480331821168, 22.116279367394245, 26.664476463486196, 28.363240356587127, 63.16857320781376, 17.85297305833453, 42.40844380915442, 61.02386960432568, 5.613620908312176, 30.528842951030946, 25.367680408996907, 24.494215487884606, 16.359797997333374, 25.111750953238793, 43.50834855922774, 33.75717570507181, 60.02353500148425], [45.237420350729884, 64.8697618262137, 66.98702442181661, 28.97249148800857, 53.12707691421226, 32.49109091606997, 8.641289124229793, 0.0, 52.41942154754774, 33.00500817800971, 19.33167454102904, 14.59782686217714, 54.90209091215764, 49.22216474189693, 31.050845402880487, 58.33114683308089, 37.29765040667713, 30.821261033640578, 52.7936245642313, 36.61196569952315, 22.036908663880098, 20.357455967656094, 32.22022799263379, 53.04144500969311, 26.820101237909704, 51.339377233650154, 69.1567142786319, 34.8369943648835, 51.197758105903496, 83.80169531678247, 26.618852588040944, 47.310096363821565, 55.06747548287615, 62.792502331086176, 20.65529407462319, 2.086331622708897, 15.382404654338151, 73.56324039362566, 26.34559279280492, 83.45000102744048, 49.97469167784641, 55.38682795145597, 71.36933962824787, 42.86392391965869, 61.180443574483604, 38.629944836060126, 16.53321371652623, 30.393616425154914, 23.32108654437813, 68.65072441971746, 10.561074003206954, 51.0123684617973, 54.38088118189639, 6.08325912526865, 37.21727409841121, 18.5752226953055, 16.10803116984815, 24.960181795380045, 18.865511200688367, 52.14909096010978, 30.821202412296298, 55.8725349833975], [94.88525939729959, 90.71152933120585, 37.89692233143737, 60.53709119207356, 56.49064688442919, 83.39829901009328, 57.52154924310167, 52.41942154754774, 0.0, 31.41462075381918, 48.589115611474135, 62.56175681520255, 40.29552264655926, 95.24144468658444, 31.171825334891285, 38.33572234227613, 33.37358538442339, 39.54538548507819, 5.168715194614963, 83.91231850973652, 46.480809172299914, 32.14800425497785, 20.573929619922925, 86.73862490692238, 42.08082132188241, 9.226382661137666, 67.19580852604233, 49.13833454165835, 54.986759952013266, 61.37985655363875, 33.18624053412945, 83.58104820072641, 77.3238824285547, 93.40145960144221, 46.93287108510785, 52.86538244230847, 55.05568553772042, 98.19443508660086, 50.656397763908224, 65.02380804456921, 66.93352107095863, 11.495377781720407, 80.87290747047656, 44.02050646708736, 35.5177556647766, 86.5591681490739, 35.91645466939301, 82.81154054980688, 67.20560819935477, 74.56405205914207, 55.409785431649524, 88.47668412306786, 14.030158029327362, 58.25775967417677, 87.93794893511429, 34.44052116445611, 41.455290997909074, 67.80359428721067, 33.68344082374307, 91.9189247835903, 77.3671587650433, 7.937468814273686], [67.36801299068105, 59.77027204621433, 33.9824211401865, 29.747974774998497, 29.66542217659825, 65.12213984250472, 33.812932245347525, 33.00500817800971, 31.41462075381918, 0.0, 41.70381099625063, 47.16156556936519, 23.001629208354984, 65.79321477323458, 2.215714235470201, 25.67582171686304, 5.194246774895961, 8.143538843083062, 28.745217772762825, 69.54650244010033, 41.82003910818037, 18.572064461991136, 16.397882604116887, 55.34469725726171, 11.32733538983194, 25.278819110087657, 44.20720321619511, 17.876009056298614, 27.758197402466305, 52.043231179992745, 6.4773698388845915, 52.38643229505996, 46.529971319889455, 62.05996526646047, 17.919840368322358, 32.2364258151699, 27.833376392979435, 67.58712418721896, 19.850082351544643, 52.68341151050608, 36.60038437293772, 40.42758428551799, 53.64428460239305, 16.04016787345809, 28.183195317557978, 71.62374271897029, 20.829359879015037, 60.426819566652725, 54.99002559470514, 48.35475065465197, 41.21030928933732, 57.31400183084167, 41.41134047223211, 37.07912905499242, 61.681524920129775, 24.22617073646417, 32.71123719461268, 39.02879979514134, 22.139407245959546, 60.98656161454616, 63.5647631284881, 30.397301135676038], [61.23558707011684, 83.91444418882965, 73.57005564952277, 47.55847575954129, 67.73796847186642, 37.73552617640767, 27.874303127885018, 19.33167454102904, 48.589115611474135, 41.70381099625063, 0.0, 17.58982300161155, 64.67395111892924, 67.01776986846306, 39.48812720568877, 66.88592565331493, 46.83032625752942, 43.10165959433316, 50.8301488654895, 35.84234281706646, 3.3806223779731885, 23.366124827308706, 32.498559030527694, 72.36902416916712, 40.30885522745333, 50.98857771241151, 83.62396225701798, 50.04204351352714, 65.73166335805375, 93.58653119515708, 35.6109986525545, 66.63548006547443, 73.52516907789813, 82.08720526517918, 36.43319311287131, 21.384554377271098, 34.17353210061682, 92.61540079971437, 42.91877332346573, 94.38720203057352, 67.35753931432414, 47.411889684924056, 88.351394968922, 55.551024641255054, 68.28328726622637, 38.616278733518214, 20.907300090686103, 41.857532705097285, 19.07379926094576, 84.8318230710343, 11.953682516747694, 70.27801922850841, 45.451651325939885, 23.65543858605736, 52.64352969276175, 17.872974993002295, 9.041995451444816, 44.2339475329077, 19.842121252365846, 71.22076008338448, 29.331567189482666, 54.366025994444385], [44.786083801851476, 75.2071185777077, 81.05056849789686, 41.23906432496516, 67.42022274574542, 20.991838301093072, 19.23506552452756, 14.59782686217714, 62.56175681520255, 47.16156556936519, 17.58982300161155, 0.0, 69.40245704777482, 51.920409771247286, 45.115215924073034, 72.69726421675388, 51.659391520503135, 45.407157462334155, 63.82457607205502, 22.519476273779553, 20.9520709268306, 32.09576437316756, 43.63871457335554, 61.80482394461428, 41.41505731340412, 63.04002343696252, 83.39859525945485, 49.151433042761035, 65.52115204353112, 98.35977616424948, 40.697890255751204, 55.61934075604683, 66.84473966003381, 71.88635611938936, 35.07022193445, 16.02519839784851, 28.15755238805638, 83.76485546889164, 40.37121519878925, 98.04766279911118, 63.02859560138047, 63.3013236086864, 84.48528588397458, 57.45200170592977, 75.31471682531792, 24.809345520524058, 28.382585621359173, 24.350811416887694, 9.137247393434613, 82.26905885983065, 7.157152800982495, 58.46567398104952, 61.68605515747009, 13.623582826571846, 36.07815695670605, 28.328222858384834, 21.40725719066866, 33.571636379237816, 29.497551883476003, 58.42937563572938, 16.403928564583154, 67.15672922683113], [81.480550448759, 57.59696673910141, 15.843690188228214, 41.25073207962572, 19.471543981990212, 85.92898538717309, 53.838999064698314, 54.90209091215764, 40.29552264655926, 23.001629208354984, 64.67395111892924, 69.40245704777482, 0.0, 76.90490092037977, 25.212353465604874, 5.210490706602388, 17.993303070979092, 24.31000591640038, 35.485356197562936, 91.45145550053557, 64.66336753756383, 41.4001220542443, 35.86936492203914, 59.31085211296802, 28.701377620435263, 31.157648753373536, 26.95411548738333, 25.584785411307834, 18.834144125668647, 29.098534781623105, 29.31673718027453, 58.77232521490215, 44.6785613814756, 62.69129186007775, 36.060925570073174, 53.80051199215914, 45.96269066868179, 63.505095208495774, 33.792441810105274, 29.771905356984607, 34.09443264978822, 51.66081930129386, 42.00421413494198, 14.651575330693808, 10.759398444322683, 93.34011897847134, 43.827454907111836, 79.42506266297711, 77.5941568153349, 35.24861193720681, 63.84232196795615, 63.50211090755904, 53.79975882618376, 58.07320425990944, 77.55824373572692, 47.0306694205424, 55.65727438528031, 53.64826239204706, 44.970161116803666, 68.14095462533004, 85.7209007383384, 34.66456531403459], [11.7568803346828, 40.24973207123054, 92.68200437231256, 36.60940927685605, 61.94643979731563, 45.12157430331713, 41.017168604714044, 49.22216474189693, 95.24144468658444, 65.79321477323458, 67.01776986846306, 51.920409771247286, 76.90490092037977, 0.0, 65.20214062050182, 82.02153357927399, 66.61493607704891, 58.26981471501426, 93.73474799542257, 56.347626795207844, 70.19937124212899, 65.2202868070564, 75.1676775619174, 25.385257268218705, 54.47270627583592, 90.75615357463323, 72.74160063024067, 51.96171921881962, 61.15727235572317, 98.80181587750847, 62.30740253713683, 21.23831746087077, 42.03165278711603, 32.75756557299146, 48.469327339615035, 47.59234584579063, 40.437084351351515, 46.136877887447355, 46.12918676318851, 95.32642207896876, 47.71303828043763, 101.27208286058976, 62.52473065264678, 62.500520641485025, 87.14134140550675, 55.59268854662501, 62.22108585761623, 32.570861940795695, 58.29531200789367, 64.9368494208307, 55.25366379902686, 18.772645358425727, 100.96401809201723, 43.719434242049104, 18.108611109145418, 66.06542496771577, 65.329430402582, 27.460943030595526, 65.49999573424581, 14.442030357579899, 56.14182650996427, 95.86955322403485], [66.41096082059626, 60.585246772191816, 35.96066855511575, 29.51721151085939, 31.463849399588252, 63.281441594288815, 32.20041272967931, 31.050845402880487, 31.171825334891285, 2.215714235470201, 39.48812720568877, 45.115215924073034, 25.212353465604874, 65.20214062050182, 0.0, 27.82572904821052, 7.388502324997534, 8.613070221071114, 28.83599448348402, 67.53628909062095, 39.611046643871596, 16.372555018648363, 14.931777399175942, 55.608481974787786, 10.980449877614289, 25.595579349067375, 46.205310966126156, 18.668499931891514, 29.53016627668986, 54.24292011748933, 4.433427833322303, 52.422643044668774, 47.441560681494195, 62.59944780290107, 16.954116895825983, 30.35039799148204, 26.619600646690593, 68.51970999410896, 19.593494274767792, 54.899110598095106, 37.71868836194722, 39.731971707513864, 55.25306002255359, 17.896558587904387, 30.200155234773938, 69.64085881262643, 18.616139130649696, 58.85526297536943, 52.87185495648876, 50.094874676668546, 39.095077744298585, 57.328685156059976, 40.56099925400262, 35.27783954725444, 60.525988208770706, 22.02588913290081, 30.496020417888325, 38.20455607154277, 19.936946932179072, 60.86976052065876, 61.51880983554904, 30.72069254936511], [86.42109662757485, 62.53223889973751, 10.668652610271227, 46.1893408350197, 24.334285587857288, 89.8213028649586, 57.82688531782721, 58.33114683308089, 38.33572234227613, 25.67582171686304, 66.88592565331493, 72.69726421675388, 5.210490706602388, 82.02153357927399, 27.82572904821052, 0.0, 21.04210666964043, 28.237197574776133, 33.320628245302096, 94.94268489584813, 66.629956573002, 43.5198085575995, 36.69895179454178, 64.50773471524019, 32.72835331819402, 29.109347370032303, 29.91948661585524, 30.484639003943837, 23.845318410628707, 26.802580961033186, 32.14071876924919, 63.980407190105396, 49.72206004365615, 67.77286140726136, 40.19509364375016, 57.35432730403349, 50.24459503392441, 68.24219546959164, 38.402364334780835, 28.53135008593684, 39.19782657174448, 49.8210236486232, 45.94940389261699, 19.61136106062395, 5.643516905766317, 96.9181523893167, 46.25255953499057, 83.7350132901908, 80.65367175294965, 39.05382570939125, 66.8736975069574, 68.71244677710615, 52.16969296421665, 61.83149478425953, 82.3204981430003, 49.06428802417752, 57.843958241395455, 58.43626381289022, 47.05384623394517, 73.34801417413036, 89.07967174896147, 32.03072670790137], [69.05835045947339, 57.33961565272241, 30.005302517263644, 30.070677892283104, 25.169826086005994, 69.02323336175955, 37.26713754655101, 37.29765040667713, 33.37358538442339, 5.194246774895961, 46.83032625752942, 51.659391520503135, 17.993303070979092, 66.61493607704891, 7.388502324997534, 21.04210666964043, 0.0, 8.51474844721222, 30.03273319686396, 73.90919669448752, 46.99538362548384, 23.76067285697465, 20.822132159716364, 54.21252226859273, 12.871619788232303, 26.14087001163374, 39.260160267798405, 16.17517628422501, 23.33678282643691, 47.08795089714309, 11.326913797314097, 51.80549062914055, 43.95107064796438, 60.25234379928071, 20.25785642874842, 36.36198411135971, 30.441647952389136, 64.85945925824375, 20.54559268716786, 47.57223097266964, 33.62483858939633, 43.20934060691245, 49.46350723124163, 11.578848451996057, 24.10688712338515, 75.90583789931736, 25.93110416137889, 63.64618117869219, 59.692811909485094, 43.90962939300734, 45.9215147129052, 56.75192596039755, 44.4909297051822, 40.96716439101766, 63.873155263163135, 29.41424637989926, 37.85786927225879, 40.58493796708397, 27.325444734402442, 60.71230791433355, 68.03814208887378, 31.1220955396309], [60.54501586281315, 51.98594134881832, 37.900691535335646, 21.881621696615138, 25.002014654740975, 61.64317280434946, 29.596334205407505, 30.821261033640578, 39.54538548507819, 8.143538843083062, 43.10165959433316, 45.407157462334155, 24.31000591640038, 58.26981471501426, 8.613070221071114, 28.237197574776133, 8.51474844721222, 0.0, 36.866074026548446, 67.22845374448467, 43.84440062191223, 21.68053184529509, 23.252958872900603, 47.20260588775032, 4.527737114280602, 33.320173176128975, 40.62767217082593, 10.10704171481194, 22.995496496821247, 53.003694892759896, 9.11030898822418, 44.27923783587512, 38.88536549841136, 54.01688574390403, 12.034800662143336, 29.59933051644905, 22.20308389526961, 59.96379917519207, 12.140767892124073, 52.67585820519262, 29.357370523637435, 48.33676361232892, 47.80288182590465, 12.492153261371383, 31.978408097261745, 69.06956431719188, 22.64513841194652, 55.617866833801735, 53.886029936508955, 43.12600096255691, 40.29004855206306, 49.213040944771166, 49.17139478535366, 33.765620752295575, 55.396806469275134, 27.01006341369487, 34.509007556927536, 32.07200595689294, 24.962291902239617, 52.95264089034145, 61.60950153609623, 38.42192397292236], [94.00438539982999, 87.24862883433279, 32.73662709659879, 58.35209643646551, 52.23643583684783, 84.43495845123257, 57.217736997423266, 52.7936245642313, 5.168715194614963, 28.745217772762825, 50.8301488654895, 63.82457607205502, 35.485356197562936, 93.73474799542257, 28.83599448348402, 33.320628245302096, 30.03273319686396, 36.866074026548446, 0.0, 85.6105209919955, 48.98018595777776, 32.447423404645576, 20.573740806408235, 83.99157305695603, 39.81465083369491, 4.352831346610226, 62.43181202391765, 46.08950630769875, 50.809386496839636, 56.21985654405343, 31.427388645638928, 81.13160072541896, 73.8244403411529, 90.28108326201459, 45.266575521667846, 53.038375423591326, 53.96019522619825, 94.54559311927656, 48.42730432374508, 59.856863662302416, 63.299082196222955, 16.60652076289707, 76.48831538229824, 40.163716634844995, 30.37625970395698, 88.18863705886884, 36.28809063225622, 83.06949272319082, 69.04614909453404, 70.07500279775817, 56.720782080342154, 86.0582220698368, 19.196945458681295, 58.447633195148036, 87.36391441624475, 35.49902856796136, 43.156995445667434, 66.420320882699, 34.4628384377754, 89.68608923386827, 79.0900962343558, 3.5936165537121276], [45.82968683171357, 88.57463309791488, 103.49521030195133, 59.10152333615776, 87.68322597922726, 11.22657595915817, 38.66356975568842, 36.61196569952315, 83.91231850973652, 69.54650244010033, 35.84234281706646, 22.519476273779553, 91.45145550053557, 56.347626795207844, 67.53628909062095, 94.94268489584813, 73.90919669448752, 67.22845374448467, 85.6105209919955, 0.0, 38.59655798258775, 54.472033545459624, 65.79273078497161, 73.62638411985264, 63.02236137677165, 85.12212112651153, 103.36944456400917, 69.72411392415479, 85.88435030999987, 120.21282211658303, 63.10721932313768, 67.30019821207395, 82.70696096117003, 83.57333848416376, 56.14887093585892, 37.65131945326225, 47.657090239801626, 96.6027807929862, 60.612903361012094, 119.55156551545886, 81.00423247843587, 83.25213780221124, 102.08182358703507, 78.87004263208262, 97.72730609134702, 2.879496379436245, 50.82043571618692, 23.87166698870212, 16.792378161471174, 100.8567270625702, 29.21756581862924, 68.74384922534874, 81.2482881827674, 33.68031073543836, 38.23908504003503, 50.331616341967724, 42.490618032200075, 48.329631785934154, 51.68874483510543, 67.09978417523881, 6.548755854066673, 89.03204293989164], [64.55651190330522, 86.19448366668209, 72.90824680256675, 49.70582540341146, 68.6921467824353, 40.93462168617315, 30.65651242059926, 22.036908663880098, 46.480809172299914, 41.82003910818037, 3.3806223779731885, 20.9520709268306, 64.66336753756383, 70.19937124212899, 39.611046643871596, 66.629956573002, 46.99538362548384, 43.84440062191223, 48.98018595777776, 38.59655798258775, 0.0, 23.271783668273702, 31.412235613278664, 74.96195680930681, 41.33578187601252, 49.39095882061608, 84.4657401962781, 51.27412124951683, 66.68130973025373, 93.40593891182002, 35.942115803651916, 69.31226413355607, 75.53147964751325, 84.59669598203445, 37.98734262353607, 24.04517870436095, 36.490077951206786, 94.89184599592532, 44.541995993811064, 94.42960529892751, 69.0175771033484, 44.726926777645204, 89.8248475117918, 56.19639657879962, 67.75321865056385, 41.405753493325825, 21.290339748243277, 45.23568010920432, 21.928359993478438, 86.0922207271984, 15.286044735097686, 73.04926608194695, 42.65994224916724, 26.680876139574814, 55.979635171525125, 17.63271861719216, 9.33606475144804, 46.99695259267821, 19.699065323285755, 74.11776414100339, 32.13641465857145, 52.54598060928277], [63.483681398071546, 70.20638620749855, 50.446573955316936, 34.62764131708739, 46.63405833051619, 52.22101230564502, 25.61458018277717, 20.357455967656094, 32.14800425497785, 18.572064461991136, 23.366124827308706, 32.09576437316756, 41.4001220542443, 65.2202868070564, 16.372555018648363, 43.5198085575995, 23.76067285697465, 21.68053184529509, 32.447423404645576, 54.472033545459624, 23.271783668273702, 0.0, 11.877618876612885, 61.989240253126596, 20.3482532651568, 31.166778950380714, 62.008224652954674, 30.60199798090419, 44.635164168432894, 70.2333803226835, 12.998175013716569, 57.450233765087596, 57.98898812790928, 70.49836627434406, 20.26377915631664, 20.719291507713987, 24.982485462217213, 78.6701721256103, 26.384053774637533, 71.16095276232214, 49.70682639590983, 36.247930213304265, 69.26993597561507, 33.53953732691635, 45.035159929093254, 56.86755295627098, 3.845293643510785, 50.70761195053291, 38.62466006710085, 64.78562860115242, 25.258900827696454, 62.0018285391135, 35.765291958251325, 26.117426975043777, 56.143322934543804, 5.654146848549018, 14.324149692075697, 38.052361557416944, 3.572832722975966, 64.50564903933945, 48.107441047794275, 35.57302948780815], [74.3797041709214, 75.06558777117145, 41.783254847778636, 41.80521030866852, 45.9436501224654, 64.01401835419772, 36.955542985754754, 32.22022799263379, 20.573929619922925, 16.397882604116887, 32.498559030527694, 43.63871457335554, 35.86936492203914, 75.1676775619174, 14.931777399175942, 36.69895179454178, 20.822132159716364, 23.252958872900603, 20.573740806408235, 65.79273078497161, 31.412235613278664, 11.877618876612885, 0.0, 68.9090483156493, 24.26032614568447, 19.40567408703444, 59.923493149051474, 33.347760456645176, 44.07124685310688, 63.349129520567686, 14.774000166003212, 65.076438620312, 62.09069504071475, 76.54703203351, 27.51698391002436, 32.49667374914415, 34.77370809874618, 83.15664267239055, 32.301219511779074, 65.1816090907948, 52.58085200373399, 26.416307114815424, 70.03867853639964, 32.30431638904341, 36.94005421926425, 68.27470452739405, 15.721482029267488, 62.523284561165354, 49.54886874749573, 64.67270600184968, 36.636125057254475, 69.85649995171563, 26.66325962072501, 37.90591967140141, 67.3668679217799, 15.480630334353398, 23.933167358948527, 47.71429481851492, 14.14225541255153, 72.90099146765222, 59.34038055993916, 23.70436872972395], [35.882648309938624, 15.55458270259061, 74.97179173676491, 27.39172748042276, 41.44165327651778, 62.98241196238954, 44.617691693313944, 53.04144500969311, 86.73862490692238, 55.34469725726171, 72.36902416916712, 61.80482394461428, 59.31085211296802, 25.385257268218705, 55.608481974787786, 64.50773471524019, 54.21252226859273, 47.20260588775032, 83.99157305695603, 73.62638411985264, 74.96195680930681, 61.989240253126596, 68.9090483156493, 0.0, 44.89271379155814, 80.27797411953331, 49.29626233031416, 38.03899293167273, 41.24577914975046, 76.85223903642334, 54.27116921683703, 6.344426200683168, 17.669661051760805, 10.116459342705308, 41.89094051888893, 50.984476801347, 38.82204145148582, 23.021029378056806, 36.60832742703112, 72.67263381739588, 26.01746040154162, 95.06636000679849, 37.35602404485053, 46.45513541490016, 70.05266594661816, 73.68187203347786, 60.18959734129284, 50.614095979945525, 70.16550687755202, 40.409910049497256, 62.279134402652105, 6.614926956307628, 95.55174784565875, 49.53882288813942, 38.58378607690134, 64.91801028789212, 67.57445149797141, 28.459396197231317, 63.62378653818156, 11.382718658214358, 71.46071119492294, 85.30989487314353], [56.3301143046741, 50.93317134441614, 42.42842522793487, 18.53745475773506, 27.431316723078655, 57.22794714879345, 25.143146171024554, 26.820101237909704, 42.08082132188241, 11.32733538983194, 40.30885522745333, 41.41505731340412, 28.701377620435263, 54.47270627583592, 10.980449877614289, 32.72835331819402, 12.871619788232303, 4.527737114280602, 39.81465083369491, 63.02236137677165, 41.33578187601252, 20.3482532651568, 24.26032614568447, 44.89271379155814, 0.0, 36.51284949966096, 43.36780381170827, 10.268071059750268, 25.42683136922203, 57.196860011189465, 9.487025746296103, 41.50563204781124, 38.19349684892235, 52.296108475390014, 7.507077372464693, 25.48091896191928, 17.680011927166717, 59.16325212963517, 8.613088867314756, 56.64744521219477, 29.4218072638843, 50.184698177494106, 49.037837674507415, 16.055006044612, 36.50611768157705, 64.809099582806, 20.564960467337897, 51.091520135949196, 50.04706709698087, 44.865786290425255, 36.59889319114858, 46.39623894554604, 50.759798483285685, 29.44996554099174, 51.0084541023132, 25.248208843306625, 32.03629425019755, 27.88713869640846, 23.30388311845014, 49.893040298282365, 57.50255316370154, 41.63890028377151], [91.4522079731579, 83.18452364444633, 29.147302547632577, 55.015162663520215, 47.92389226102437, 83.38311906180515, 55.20418725698984, 51.339377233650154, 9.226382661137666, 25.278819110087657, 50.98857771241151, 63.04002343696252, 31.157648753373536, 90.75615357463323, 25.595579349067375, 29.109347370032303, 26.14087001163374, 33.320173176128975, 4.352831346610226, 85.12212112651153, 49.39095882061608, 31.166778950380714, 19.40567408703444, 80.27797411953331, 36.51284949966096, 0.0, 58.09669418645622, 42.28364522495534, 46.51573952906569, 52.58736244744627, 28.561615726953004, 77.58768121961027, 69.75362659909622, 86.370764604937, 42.33242711013062, 51.4216649996095, 51.377210089009125, 90.40316779317793, 45.100474795940016, 56.01893856404565, 59.18075462386311, 20.71565021427691, 72.148289892932, 35.986268152479106, 26.402429661975827, 87.63307253865463, 35.001386811736275, 81.39110277169819, 68.74002825861851, 65.72508692338897, 56.01702782838006, 82.52568971990004, 23.148953772517917, 56.81114121162214, 85.04482206491735, 34.79602206516068, 42.904255037489854, 63.58411644413101, 33.54271232720401, 86.25770497910592, 78.64284791756165, 5.126455017510896], [80.72188256972048, 40.90807028156298, 36.54258126566909, 44.96065439321014, 16.047342739029137, 95.48648567236917, 64.86141595983707, 69.1567142786319, 67.19580852604233, 44.20720321619511, 83.62396225701798, 83.39859525945485, 26.95411548738333, 72.74160063024067, 46.205310966126156, 29.91948661585524, 39.260160267798405, 40.62767217082593, 62.43181202391765, 103.36944456400917, 84.4657401962781, 62.008224652954674, 59.923493149051474, 49.29626233031416, 43.36780381170827, 58.09669418645622, 0.0, 34.32221932445816, 18.012549223093597, 28.550482996544662, 49.01747793483049, 51.693751881478626, 31.647013356528902, 48.257272910688044, 48.52099116152244, 67.4757091206218, 55.77476876781983, 43.89961701845142, 43.05039232989869, 23.641245624647006, 25.329954460163318, 78.48862084969858, 17.943200941456464, 28.473299262046996, 34.64710873289566, 104.66492949280808, 63.262349127440935, 86.06295647438061, 92.39770154875897, 11.134735235395429, 79.46076022567786, 55.30167491550072, 80.51431423949207, 70.19482342554844, 79.61231236747226, 67.50472041971042, 75.12968232517245, 57.49082335681851, 65.42660645239366, 60.332145677722934, 98.61807950883919, 61.58344956704372], [55.936686469043686, 41.92739559850354, 41.03331888124143, 15.70985426103991, 18.290889748788537, 62.723422910739636, 31.06397447800997, 34.8369943648835, 49.13833454165835, 17.876009056298614, 50.04204351352714, 49.151433042761035, 25.584785411307834, 51.96171921881962, 18.668499931891514, 30.484639003943837, 16.17517628422501, 10.10704171481194, 46.08950630769875, 69.72411392415479, 51.27412124951683, 30.60199798090419, 33.347760456645176, 38.03899293167273, 10.268071059750268, 42.28364522495534, 34.32221932445816, 0.0, 16.37285362840214, 51.813679145408734, 18.91862754376549, 35.80691141388538, 28.78161783216469, 44.2638210004235, 14.201606991368497, 33.17829469817392, 22.201507723563296, 49.86079272064727, 9.173893512189695, 50.298986150939, 19.372829152907602, 58.29511496896584, 38.79497940127624, 10.938856814117168, 35.3376909951063, 71.23326786672372, 30.781118043235367, 54.8658776542316, 58.10471214557302, 34.81891747914723, 45.154071143043595, 40.74490857171112, 59.21152550581866, 36.17178754239642, 52.023240409414896, 35.50325048030189, 42.04025879881765, 28.11089051819947, 33.5692760555572, 44.87269522643748, 64.66247292663688, 47.28956465757782], [67.40833189311614, 38.77342252077241, 33.961241472541644, 28.74281867643273, 2.0113487833753583, 78.46684930129052, 47.24292122255448, 51.197758105903496, 54.986759952013266, 27.758197402466305, 65.73166335805375, 65.52115204353112, 18.834144125668647, 61.15727235572317, 29.53016627668986, 23.845318410628707, 23.33678282643691, 22.995496496821247, 50.809386496839636, 85.88435030999987, 66.68130973025373, 44.635164168432894, 44.07124685310688, 41.24577914975046, 25.42683136922203, 46.51573952906569, 18.012549223093597, 16.37285362840214, 0.0, 38.03011753774777, 31.769711508487344, 41.538166344527674, 25.877419850565904, 43.945833465152546, 30.545446917718852, 49.55066718399712, 38.23098574032584, 44.9074669588179, 25.303041567798896, 35.439317190478874, 15.449561666802243, 65.64399884862542, 26.199486579617293, 11.7719933453683, 29.488038736441023, 87.30188382439111, 45.60171217003107, 69.784580326913, 74.47671450247282, 20.602972418169347, 61.46257796891274, 46.01674821596922, 67.22941144682, 52.46244856742308, 64.97136517547702, 50.00520722045521, 57.35359448668413, 41.67688854352254, 47.95409021870963, 50.86736589264757, 80.94547062313583, 50.85938289831061], [105.43011704938573, 69.44549490815355, 23.48325074657818, 66.35061118827771, 36.984327203240966, 114.14608128343714, 82.07495479736764, 83.80169531678247, 61.37985655363875, 52.043231179992745, 93.58653119515708, 98.35977616424948, 29.098534781623105, 98.80181587750847, 54.24292011748933, 26.802580961033186, 47.08795089714309, 53.003694892759896, 56.21985654405343, 120.21282211658303, 93.40593891182002, 70.2333803226835, 63.349129520567686, 76.85223903642334, 57.196860011189465, 52.58736244744627, 28.550482996544662, 51.813679145408734, 38.03011753774777, 0.0, 58.40435554709295, 78.40349209619617, 59.4747215105245, 76.66663304669274, 64.25691974644003, 82.60254188129802, 73.67971919934274, 72.24589520241463, 60.84736590472578, 6.265365538017404, 51.32417015304593, 72.60778268303264, 45.76315524897848, 41.5879221693755, 26.79808920398278, 122.00268826653202, 72.82732507778253, 106.67930268043281, 106.65172409105979, 39.44905469506091, 92.91619400450911, 82.46032587991961, 75.36628191715116, 86.62977581763424, 102.88074239064034, 75.8119257627281, 84.54824024213941, 79.29221064691183, 73.78416644169542, 87.46516406374825, 114.60947835111655, 53.85880915953027], [62.95397811866228, 60.34816624425781, 40.39224139951194, 27.457702270412568, 33.755970270827596, 58.88016610008325, 27.988561163531998, 26.618852588040944, 33.18624053412945, 6.4773698388845915, 35.6109986525545, 40.697890255751204, 29.31673718027453, 62.30740253713683, 4.433427833322303, 32.14071876924919, 11.326913797314097, 9.11030898822418, 31.427388645638928, 63.10721932313768, 35.942115803651916, 12.998175013716569, 14.774000166003212, 54.27116921683703, 9.487025746296103, 28.561615726953004, 49.01747793483049, 18.91862754376549, 31.769711508487344, 58.40435554709295, 0.0, 50.66701530991248, 47.4784876903814, 61.78078128195368, 13.83992316828033, 25.936863775039892, 22.935070014913013, 68.50953961756272, 17.710554506237212, 58.86680450434475, 38.28855301886822, 40.80567036564921, 56.89619617349542, 20.545120981267385, 34.623437750269176, 65.20790875690406, 14.711411210876992, 54.65238511517074, 48.51645058344412, 52.11182470456233, 34.73635263846265, 55.5116533732877, 41.305241673666075, 30.905795294820972, 56.80335789283363, 18.559597423159538, 26.70412266088688, 35.034304034056156, 16.46665331464481, 58.79937813272581, 57.10180814790261, 33.641154116552386], [30.78833650948845, 21.57430049196712, 74.59049697605256, 23.27139828897206, 42.03569312383487, 56.69294752183643, 38.78985208290148, 47.310096363821565, 83.58104820072641, 52.38643229505996, 66.63548006547443, 55.61934075604683, 58.77232521490215, 21.23831746087077, 52.422643044668774, 63.980407190105396, 51.80549062914055, 44.27923783587512, 81.13160072541896, 67.30019821207395, 69.31226413355607, 57.450233765087596, 65.076438620312, 6.344426200683168, 41.50563204781124, 77.58768121961027, 51.693751881478626, 35.80691141388538, 41.538166344527674, 78.40349209619617, 50.66701530991248, 0.0, 20.807286620542396, 16.431432845338033, 37.68497939782885, 45.275853276597545, 33.563060072512485, 29.314032123734098, 32.97751600531689, 74.61371868555668, 27.079360450884206, 91.41792432982493, 41.46756825353507, 45.16334780661643, 69.40162402607945, 67.38061736937397, 55.406553402