instance_id,num_cities,city_coordinates,distance_matrix,best_route,total_distance
744,50,"[[13.551864313787476, 74.36833487132984], [82.66248136588167, 23.911436942291132], [23.526926711279515, 32.96112234232178], [39.763918585969435, 49.960000023336114], [38.85979610834273, 16.888219603248512], [20.52011314121389, 18.86035031021609], [54.22041136570564, 85.82141746924106], [69.20652152787204, 16.083653435067625], [27.531407463049074, 82.70637532095765], [53.66433153624326, 36.92451198409093], [91.02253837335135, 25.75820141444105], [18.52973930678753, 22.425678408425654], [63.24067380937052, 78.07447739917906], [51.437984166705995, 1.1397525513108908], [80.8679934633201, 57.028962014291096], [14.361015335775662, 36.62660078071702], [40.272576238689574, 98.97628456121807], [98.64353087574243, 40.33879854673202], [19.494270697208005, 74.98303871502642], [44.17428114657882, 26.07842610835003], [42.83358052959635, 52.00759002274191], [91.00714995106745, 50.533222768761235], [87.46740734196597, 87.59149543271285], [73.10803367195476, 92.89995985287918], [47.295365385149466, 46.957914601817706], [43.72803528085609, 42.253577639946016], [6.069404784187082, 74.67957558480082], [14.205791261565693, 61.5566205617345], [84.97049857409111, 83.87636427682129], [57.21045149804749, 54.664527414121736], [66.81808465542466, 21.986955136373087], [96.00278349232113, 37.77339531433343], [21.70953170828899, 15.603696543944112], [78.85379647341028, 78.4880898008421], [7.228490167257872, 79.90283231628861], [75.5308154887833, 61.0934322904807], [74.55398428593585, 70.25918901567985], [98.11094163054607, 52.838393179416784], [52.41300632839777, 81.06961985176899], [97.67542464244306, 71.96272276981992], [84.68306761666832, 93.19229126663227], [13.098505926822346, 74.85060563215353], [91.44793011181648, 76.50512260444205], [43.66390956100147, 53.76708358886885], [15.115948420268055, 94.64624538939536], [16.313680899679305, 79.50261021945775], [30.366053882747135, 45.79474004550943], [19.420932980108528, 80.0719943766141], [88.92864131307022, 26.36600226762488], [99.58969882399418, 67.61413955375897]]","[[0.0, 85.56971390592962, 42.59177290576552, 35.816736300500594, 62.804896807094394, 55.94365774382089, 42.25048899490582, 80.58873965848966, 16.27730153316871, 54.87303435279942, 91.45846277922958, 52.180636253970846, 49.82683294696821, 82.44867097843056, 69.51341665284457, 37.75040685268054, 36.325578229584664, 91.64388174208928, 5.974115368920524, 57.18083333616376, 36.843205815004964, 81.03970534308871, 75.08901035692654, 62.37273789946604, 43.47361273122225, 44.06766304519079, 7.488929923148545, 12.828392105159574, 72.04876086916906, 47.8989797723956, 74.70675453010645, 90.2072262879494, 59.32815735439425, 65.4317562385362, 8.403316164780081, 63.38464662111442, 61.140360816398434, 87.25695356771708, 39.43470018991864, 84.1579489528582, 73.57981664619732, 0.6619055172583851, 77.92536768361919, 36.484884861725455, 20.33814185393586, 5.829958336429277, 33.15369198341359, 8.183990393580084, 89.36376472707668, 86.30253832648036], [85.56971390592962, 0.0, 59.82399710941227, 50.187790618528446, 44.36215524027714, 62.34731273066168, 68.13073487598848, 15.567178607509089, 80.59950427037863, 31.784159821924998, 8.561605701253592, 64.14994998002147, 57.53991275885489, 38.64607140892516, 33.16610700288754, 69.47492823529751, 86.20693362337549, 22.918380237697416, 81.23134460732997, 38.54915560900084, 48.74151372030595, 27.898978016892137, 63.86107705777581, 69.64699393456057, 42.213422335859256, 43.03864794949223, 91.89071379347544, 78.12476092622595, 60.00932805546879, 39.91939876753809, 15.960843879308223, 19.238439404819676, 61.51650691064436, 54.709387840231955, 93.943192324305, 37.859760118830124, 47.051693350524566, 32.793653680148196, 64.66906999143167, 50.34197588001606, 69.31031340794416, 86.22033162601677, 53.32241443517526, 49.11464383975216, 97.80566056737919, 86.5594701325967, 56.690345581995466, 84.57837580353488, 6.729758645009541, 46.86637287459557], [42.59177290576552, 59.82399710941227, 0.0, 23.50748279916065, 22.21339880358489, 14.417791084162122, 61.125287738680605, 48.69778577433883, 49.906172564120496, 30.396901602568494, 67.8788602108971, 11.660508601252435, 60.103215496820155, 42.32761159877059, 62.18728843371123, 9.87165961355695, 68.1059352838065, 75.4780387091353, 42.21497092457141, 21.764299957177645, 27.12037633886404, 69.73061911304451, 84.10031347907399, 77.78785515466359, 27.58348909309701, 22.235883452162742, 45.22382572029729, 30.076337617608093, 79.79770914323989, 40.070158893763384, 44.6604601634269, 72.6354444283451, 17.452310876874776, 71.65031251603128, 49.69067487023614, 59.12555548155354, 63.205271791975996, 77.1873122825805, 56.114464519079064, 83.78021593045692, 85.83628184182139, 43.168052658728904, 80.68049740651878, 28.954897714943055, 62.255915069529536, 47.09714438218269, 14.542193913542691, 47.28946445406082, 65.73340004635203, 83.58454942946649], [35.816736300500594, 50.187790618528446, 23.50748279916065, 0.0, 33.08413664596735, 36.57201471445577, 38.66563648409296, 44.882889013108574, 34.95653620576627, 19.056375012300858, 56.68485828166898, 34.77109771712368, 36.627610813923894, 50.19661712120771, 41.70749567107112, 28.68949335387052, 49.01892371835877, 59.66050838911277, 32.20265658140957, 24.28540447620687, 3.6899118219569917, 51.24643738888429, 60.759791690224134, 54.366075460991354, 8.107725190642102, 8.666208347477864, 41.789683849934356, 28.065984398236175, 56.51508328223122, 18.069700844863895, 38.91553856702629, 57.54409839669367, 38.81129312838008, 48.39287612457519, 44.21682155145237, 37.45963464989498, 40.27909811744634, 58.417978785005296, 33.58285078109473, 61.950482984296556, 62.343892690361564, 36.4772049348123, 58.10232852691732, 5.450120629883411, 51.03315547959931, 37.718423412750056, 10.279555032342417, 36.339637687958714, 54.53298718142265, 62.37621841413658], [62.804896807094394, 44.36215524027714, 22.21339880358489, 33.08413664596735, 0.0, 18.445413274311857, 70.62389304701921, 30.35738905781075, 66.78594171964205, 24.912392129351325, 52.91151347236822, 21.07070619541487, 65.86490219033614, 20.155024914832456, 58.10307949088758, 31.460990938769633, 82.1002214140774, 64.21856893082676, 61.23750143563583, 10.61619738079721, 35.34347381466889, 62.059106912730364, 85.80007624038787, 83.37101673837815, 31.230520109834593, 25.828301163077843, 66.44584704387297, 51.02044687351315, 81.32409488394133, 41.99757118040925, 28.419412423880964, 60.84004907664364, 17.198301325469192, 73.44429231438889, 70.508020330406, 57.43574227886397, 64.20697349727762, 69.30449643313155, 65.59681124208545, 80.57592108630196, 89.00608723079858, 63.429348617026655, 79.4964587979932, 37.190457310120586, 81.30240388324054, 66.54990024967397, 30.128567524422962, 66.10642022019958, 50.957998629931645, 79.1279978179537], [55.94365774382089, 62.34731273066168, 14.417791084162122, 36.57201471445577, 18.445413274311857, 0.0, 74.96328845171571, 48.765524780616445, 64.2298463157093, 37.74722705043765, 70.83905923619533, 4.083277170196962, 73.01615677854805, 35.636138029841, 71.4052489582363, 18.803567256175846, 82.51498481686832, 81.022170652065, 56.132063087894394, 24.730957972825006, 39.957856892631966, 77.27608432114633, 95.94743618592298, 90.81493911784297, 38.81220493410627, 32.95224931533684, 57.65942145282662, 43.16065516405537, 91.54744264343071, 51.265193131663665, 46.403424701950826, 77.81604458375978, 3.4670607553194746, 83.41634089231515, 62.47280889109663, 69.3527979704109, 74.57546413636791, 84.70445125778339, 69.90815297762272, 93.66324814830092, 98.19430825341853, 56.479987116326896, 91.39844086782038, 41.88216017479968, 75.97833170900427, 60.78797380323381, 28.677585314988765, 61.22151228398369, 68.81904923744162, 92.89204134720224], [42.25048899490582, 68.13073487598848, 61.125287738680605, 38.66563648409296, 70.62389304701921, 74.96328845171571, 0.0, 71.32979202464172, 26.870177090998105, 48.9000673905511, 70.4413690606058, 72.75193332884174, 11.890341248329392, 84.72736437769285, 39.23135382285935, 63.315886165229344, 19.172705415199047, 63.57737153306346, 36.3782256267138, 60.581760861889386, 35.67961383019425, 50.97568852861842, 33.29408231866797, 20.17047442824488, 39.47566487038616, 44.81346475443547, 49.42327463241696, 46.79690364801052, 30.8115415914987, 31.30003415173549, 65.06565878895594, 63.674006105517414, 77.37884483527725, 25.701777303458815, 47.363174599406584, 32.64362992820923, 25.605412360341898, 54.902263507363806, 5.083925015802164, 45.611419596995546, 31.341716711140513, 42.56019054573462, 38.37553259565154, 33.747889576492035, 40.08786113116333, 38.42977413001386, 46.59576457692528, 35.27122852705407, 68.84480824924786, 48.88637042739438], [80.58873965848966, 15.567178607509089, 48.69778577433883, 44.882889013108574, 30.35738905781075, 48.765524780616445, 71.32979202464172, 0.0, 78.58372734733734, 25.998097137988456, 23.864942271194277, 51.07208177709152, 62.27723175246153, 23.21725852848908, 42.57356248129905, 58.56656243210289, 87.79727492931342, 38.142490528733255, 77.07428539407864, 26.95382235040959, 44.56524696278227, 40.76812758667239, 73.80265183498199, 76.91532180707262, 37.85919658555186, 36.52421380849232, 86.13813094839762, 71.36435433134608, 69.6013980864418, 40.402840656915565, 6.368170983123979, 34.47440439016398, 47.49941473890929, 63.145732967515755, 88.96158701602931, 45.45191840524675, 54.438809808766585, 46.758703950673244, 67.12077162747468, 62.71322694826735, 78.6464589608333, 81.25062513742411, 64.38504634139531, 45.52434441314378, 95.3827602541007, 82.58097038264772, 48.901233056694686, 81.07473468040949, 22.241598556221106, 59.82080292202901], [16.27730153316871, 80.59950427037863, 49.906172564120496, 34.95653620576627, 66.78594171964205, 64.2298463157093, 26.870177090998105, 78.58372734733734, 0.0, 52.71535574394688, 85.28902752145787, 60.94909720296107, 36.00841820116932, 84.99787267769523, 59.19561605630677, 47.92499191930609, 20.665123480290838, 82.77648010142755, 11.146546358462404, 59.02296058714435, 34.30119413875429, 71.16376626874187, 60.134752680889946, 46.70265540839983, 40.84809024341831, 43.574758667024426, 22.913905668651225, 24.99768336315425, 57.451005751156615, 40.83124892605531, 72.32075077299778, 81.89811980514365, 67.35476030953511, 51.49545170653483, 20.495567913545756, 52.640882185422775, 48.64211321460637, 76.63920015571848, 24.93537508364453, 70.96202657902806, 58.10565111531359, 16.432338974045948, 64.21664428140487, 33.132163072992704, 17.225101465423876, 11.666254757895544, 37.020319272426875, 8.527588129028636, 83.32981435370468, 73.62182376382404], [54.87303435279942, 31.784159821924998, 30.396901602568494, 19.056375012300858, 24.912392129351325, 37.74722705043765, 48.9000673905511, 25.998097137988456, 52.71535574394688, 0.0, 38.9913081317109, 38.00862725993889, 42.249567867553786, 35.85394860084151, 33.82644133306822, 39.304445237645, 63.480403195892386, 45.10859924619954, 51.14728257368814, 14.411753370853818, 18.568909781891307, 39.74522734094415, 60.9080548508189, 59.25629347886774, 11.884144812445912, 11.275146297908304, 60.75131175560938, 46.51577338483338, 56.43183966804556, 18.090967753031833, 19.903563140784023, 42.346961129997005, 38.41466390686542, 48.60082452746967, 63.27261162795931, 32.592634585490494, 39.33927153371147, 47.20966811548166, 44.16283916852178, 56.255244479672854, 64.25126437211841, 55.53354649917079, 54.71951259285768, 19.587768069511405, 69.41020348744873, 56.63890493569948, 24.929714949853985, 55.08462200548704, 36.81105365876833, 55.23579094101715], [91.45846277922958, 8.561605701253592, 67.8788602108971, 56.68485828166898, 52.91151347236822, 70.83905923619533, 70.4413690606058, 23.864942271194277, 85.28902752145787, 38.9913081317109, 0.0, 72.56935734930286, 59.23533347219925, 46.615501243313894, 32.87818807086205, 77.42810354919986, 89.0867350190698, 16.452153034046113, 86.82958991046263, 46.84935163948839, 54.874457267264084, 24.775026133398153, 61.93541156560087, 69.49061235089196, 48.59520034702156, 50.08859610317501, 98.03231996303431, 84.74868406223979, 58.432422850930834, 44.4840746971645, 24.496487059843847, 13.00644939624313, 70.05288617977081, 54.11579629525648, 99.76514206005233, 38.58201678237252, 47.450512865676586, 27.992539126782837, 67.45405083669533, 46.681031365953466, 67.73142080060212, 92.09896299417807, 50.74870410557621, 55.021243203392956, 102.50547790728437, 92.03192306380544, 63.880137688276825, 89.87089629478199, 2.180327217686597, 42.72371467592054], [52.180636253970846, 64.14994998002147, 11.660508601252435, 34.77109771712368, 21.07070619541487, 4.083277170196962, 72.75193332884174, 51.07208177709152, 60.94909720296107, 38.00862725993889, 72.56935734930286, 0.0, 71.38526804045456, 39.19238726277001, 71.29828306202336, 14.80015053201603, 79.57855402184198, 82.09201832482465, 52.56621008976166, 25.903379932590052, 38.28532607854764, 77.73679375731811, 94.86298425925331, 89.13705492623643, 37.80597646310053, 32.06399394854118, 53.718988323816156, 39.36911429665876, 90.50171979422284, 50.354154553871304, 48.290338315429985, 78.97863628600793, 7.526653723665083, 82.35281321348116, 58.577653191826364, 68.87900896636702, 73.66655117825135, 85.19448915884556, 67.72878008696172, 93.37000734343627, 96.8719584910833, 52.705514801022595, 90.78352733193759, 40.17474571235672, 72.30120513013331, 57.11993574773104, 26.195636746200584, 57.65320434171535, 70.50908846244977, 92.80470924265902], [49.82683294696821, 57.53991275885489, 60.103215496820155, 36.627610813923894, 65.86490219033614, 73.01615677854805, 11.890341248329392, 62.27723175246153, 36.00841820116932, 42.249567867553786, 59.23533347219925, 71.38526804045456, 0.0, 77.8347953695405, 27.452433699001503, 64.08703058087904, 31.055096983512787, 51.74305505975636, 43.85549883868267, 55.38155540439687, 33.10486480300535, 39.1087957363166, 26.028988645546566, 17.80897865243003, 34.96417224911334, 40.79068425395053, 57.271977094205226, 51.742239041032306, 22.491046566276577, 24.17414609509224, 56.201494837256966, 51.93778054641103, 75.01622641057745, 15.61860027470969, 56.04201636326685, 20.9619530455463, 13.75026277772249, 43.04411138201653, 11.234289536495897, 34.97292680896586, 26.23594001209417, 50.2456998073653, 28.25087932407841, 31.21056058909753, 50.89806173223182, 46.94871911882758, 46.07300813862535, 43.86524547314002, 57.73766599804402, 37.82420240208727], [82.44867097843056, 38.64607140892516, 42.32761159877059, 50.19661712120771, 20.155024914832456, 35.636138029841, 84.72736437769285, 23.21725852848908, 84.99787267769523, 35.85394860084151, 46.615501243313894, 39.19238726277001, 77.8347953695405, 0.0, 63.1643030642757, 51.322685188390956, 98.47158640909875, 61.35901602087636, 80.45639652431477, 25.974965261750935, 51.5904317773192, 63.288496434916475, 93.65907954690775, 94.28428654652225, 46.0050569400344, 41.83049037772927, 86.40841143653165, 70.96783869271015, 89.27360439849707, 53.835145613307226, 25.906627466069526, 57.68921147858671, 33.06034726669384, 82.06334163134997, 90.3222126265266, 64.61352981675749, 72.88241186091588, 69.64994186081898, 79.93581396898784, 84.58010411627043, 97.8718828751685, 83.08553095221863, 85.32722178634472, 53.19842298519544, 100.3132816911313, 85.87464201912172, 49.37706101013962, 85.17857926881234, 45.18753199740014, 82.08186006535269], [69.51341665284457, 33.16610700288754, 62.18728843371123, 41.70749567107112, 58.10307949088758, 71.4052489582363, 39.23135382285935, 42.57356248129905, 59.19561605630677, 33.82644133306822, 32.87818807086205, 71.29828306202336, 27.452433699001503, 63.1643030642757, 0.0, 69.56604404134909, 58.374358827294685, 24.383012260060674, 63.9459358860864, 48.003793563099975, 38.36444635193538, 12.041475101869615, 31.266926815627563, 36.700755603932706, 35.050639823824305, 39.97109552169938, 76.85293115949182, 66.81578327244117, 27.15904189086967, 23.775404156756473, 37.75370423603797, 24.491605054762488, 72.22033104680565, 21.553448793028167, 77.11024827014477, 6.708605470431953, 14.659659559497575, 17.74486203545863, 37.2510338394424, 22.483481784286155, 36.364009314276394, 70.07363571416586, 22.16429314955805, 37.346803208213146, 75.75217116272273, 68.35440098643116, 51.736386080240464, 65.62562443496081, 31.704749552446458, 21.50693458291878], [37.75040685268054, 69.47492823529751, 9.87165961355695, 28.68949335387052, 31.460990938769633, 18.803567256175846, 63.315886165229344, 58.56656243210289, 47.92499191930609, 39.304445237645, 77.42810354919986, 14.80015053201603, 64.08703058087904, 51.322685188390956, 69.56604404134909, 0.0, 67.51956794851321, 84.36422724116393, 38.6984061895862, 31.62427559999389, 32.361424548058054, 77.89752298105367, 89.11770328645032, 81.35049541739656, 34.516770683897334, 29.90124962320221, 38.94585596670654, 24.9305030192962, 84.96022171357451, 46.49130001039657, 54.461576787662125, 81.64982207836987, 22.270231148904152, 76.88760031272203, 43.86006305512956, 65.88148673858278, 68.95175489004981, 85.30458585069161, 58.507571840339466, 90.49824481915475, 90.24892452071084, 38.2448490242848, 86.79106481967999, 33.94783882475172, 58.02455587490006, 42.920450698885254, 18.444946095575098, 43.73905567418947, 75.27025126659645, 90.6871327606387], [36.325578229584664, 86.20693362337549, 68.1059352838065, 49.01892371835877, 82.1002214140774, 82.51498481686832, 19.172705415199047, 87.79727492931342, 20.665123480290838, 63.480403195892386, 89.0867350190698, 79.57855402184198, 31.055096983512787, 98.47158640909875, 58.374358827294685, 67.51956794851321, 0.0, 82.73767649227241, 31.73978303975873, 73.0021990641558, 47.03846308742158, 70.14789523288988, 48.548589128493894, 33.39294815994747, 52.49028844108861, 56.8278600482951, 41.95458264159958, 45.60382147230491, 47.17957030004327, 47.43862813957431, 81.43722037490139, 82.77469210271431, 85.41413849554257, 43.68382629004836, 38.15374430951425, 51.75184954359952, 44.72009072300025, 73.98636044813122, 21.634201713484163, 63.44146534816161, 44.78555931173952, 36.338388532000316, 55.89159117190548, 45.33622165841883, 25.526557982307338, 30.87479001118197, 54.09635719958496, 28.145394187448186, 87.40518155851892, 67.09772851050134], [91.64388174208928, 22.918380237697416, 75.4780387091353, 59.66050838911277, 64.21856893082676, 81.022170652065, 63.57737153306346, 38.142490528733255, 82.77648010142755, 45.10859924619954, 16.452153034046113, 82.09201832482465, 51.74305505975636, 61.35901602087636, 24.383012260060674, 84.36422724116393, 82.73767649227241, 0.0, 86.39924052703124, 56.30503874556303, 57.016762904867655, 12.737370169914819, 48.55639093096411, 58.43575357001456, 51.773031556979696, 54.948867462467234, 98.73832988861794, 87.06278103881036, 45.634103935804895, 43.83978300927518, 36.73757182613834, 3.6816898956657926, 80.81253305636477, 42.976761289163804, 99.60934913878567, 31.06368352909436, 38.41270650080212, 12.510935907658569, 61.61380692755066, 31.638739117521077, 54.66613418836663, 92.24432839916344, 36.87519038867605, 56.595738347380845, 99.63009491827646, 91.17021630893385, 68.49511779803785, 88.62813812886434, 17.018170144652682, 27.291747119521407], [5.974115368920524, 81.23134460732997, 42.21497092457141, 32.20265658140957, 61.23750143563583, 56.132063087894394, 36.3782256267138, 77.07428539407864, 11.146546358462404, 51.14728257368814, 86.82958991046263, 52.56621008976166, 43.85549883868267, 80.45639652431477, 63.9459358860864, 38.6984061895862, 31.73978303975873, 86.39924052703124, 0.0, 54.77923009672685, 32.75049047058712, 75.5770163408382, 69.13262967751704, 56.52832602662456, 39.47541573446237, 40.72459905463625, 13.428295299627479, 14.430409528778405, 66.0774368187326, 42.841010675363435, 71.05018115548694, 85.07708323706639, 59.42065009756869, 59.46291855845793, 13.21566271845359, 57.732274498819166, 55.261983464717936, 81.67598346232849, 33.47670272727457, 78.23947303386834, 67.68423835942016, 6.397135727772668, 71.96975644338316, 32.160351284171746, 20.144761172068925, 5.526543046408967, 31.14727032749899, 5.089484074673446, 84.76289315348362, 80.43368872345776], [57.18083333616376, 38.54915560900084, 21.764299957177645, 24.28540447620687, 10.61619738079721, 24.730957972825006, 60.581760861889386, 26.95382235040959, 59.02296058714435, 14.411753370853818, 46.84935163948839, 25.903379932590052, 55.38155540439687, 25.974965261750935, 48.003793563099975, 31.62427559999389, 73.0021990641558, 56.30503874556303, 54.77923009672685, 0.0, 25.9638020991491, 52.833272472566975, 75.22069179071396, 72.81675224267384, 21.11147097132512, 16.181305956033544, 61.75802241835042, 46.441497259027884, 70.7455511881792, 31.418257833564763, 23.010475268054524, 53.13159098061638, 24.78678935991071, 62.844583152918275, 65.28444052547934, 47.003009519481814, 53.61777852456357, 60.21012524324568, 55.60492767685053, 70.48220367924682, 78.39153447766792, 57.831040981560655, 69.12054402272521, 27.693360796928484, 74.47101813317094, 60.25243973529265, 24.070732756570802, 59.39725296501675, 44.75528408980793, 69.25376529678024], [36.843205815004964, 48.74151372030595, 27.12037633886404, 3.6899118219569917, 35.34347381466889, 39.957856892631966, 35.67961383019425, 44.56524696278227, 34.30119413875429, 18.568909781891307, 54.874457267264084, 38.28532607854764, 33.10486480300535, 51.5904317773192, 38.36444635193538, 32.361424548058054, 47.03846308742158, 57.016762904867655, 32.75049047058712, 25.9638020991491, 0.0, 48.19612587755271, 57.082333695657226, 50.87954818385847, 6.738452786354535, 9.794937818372649, 43.1928645445697, 30.17837475096007, 52.831227836819586, 14.62031925592617, 38.42518649457072, 55.04158830092302, 42.088821544688486, 44.70651882149797, 45.23126133910002, 33.93614155572944, 36.59651459175055, 55.28360411704296, 30.600113993545875, 58.35953382825539, 58.715919357526104, 37.49637347483565, 54.43789202287104, 1.9455754700438297, 50.855895048895874, 38.20053942025801, 13.929778373308485, 36.54808964931243, 52.74699660867449, 58.862733134911174], [81.03970534308871, 27.898978016892137, 69.73061911304451, 51.24643738888429, 62.059106912730364, 77.27608432114633, 50.97568852861842, 40.76812758667239, 71.16376626874187, 39.74522734094415, 24.775026133398153, 77.73679375731811, 39.1087957363166, 63.288496434916475, 12.041475101869615, 77.89752298105367, 70.14789523288988, 12.737370169914819, 75.5770163408382, 52.833272472566975, 48.19612587755271, 0.0, 37.22694387905717, 45.992594781420756, 43.857758018688536, 47.998616724423506, 88.30326669127575, 77.58842694278339, 33.885192126851926, 34.048267274519844, 37.41657755082367, 13.702903018895976, 77.60303922148957, 30.482430866553333, 88.7774622308248, 18.735926812706605, 25.68696955226205, 7.468444740880897, 49.21361060497776, 22.4430246993362, 43.12528425968126, 81.61551275965464, 25.975639900197784, 47.45355904919463, 87.78059714149241, 80.11454130305717, 60.825946362434905, 77.44110980812518, 24.256437184977816, 19.115906030638293], [75.08901035692654, 63.86107705777581, 84.10031347907399, 60.759791690224134, 85.80007624038787, 95.94743618592298, 33.29408231866797, 73.80265183498199, 60.134752680889946, 60.9080548508189, 61.93541156560087, 94.86298425925331, 26.028988645546566, 93.65907954690775, 31.266926815627563, 89.11770328645032, 48.548589128493894, 48.55639093096411, 69.13262967751704, 75.22069179071396, 57.082333695657226, 37.22694387905717, 0.0, 15.309193535101157, 57.13913585381839, 62.99729722840404, 82.41572965493349, 77.75010675400686, 4.476243168167526, 44.717654230048275, 68.77754164628871, 50.54399811483978, 97.5004686999193, 12.532608918069554, 80.60644744614123, 29.06251151155365, 21.614007975337042, 36.34642951350562, 35.65593767541898, 18.667140974322475, 6.254715155714102, 75.45239406808341, 11.77931339292403, 55.3429060894794, 72.6945878662879, 71.6120300690951, 70.76392674076503, 68.46068630397734, 61.24292790213857, 23.36759933518261], [62.37273789946604, 69.64699393456057, 77.78785515466359, 54.366075460991354, 83.37101673837815, 90.81493911784297, 20.17047442824488, 76.91532180707262, 46.70265540839983, 59.25629347886774, 69.49061235089196, 89.13705492623643, 17.80897865243003, 94.28428654652225, 36.700755603932706, 81.35049541739656, 33.39294815994747, 58.43575357001456, 56.52832602662456, 72.81675224267384, 50.87954818385847, 45.992594781420756, 15.309193535101157, 0.0, 52.69691989039989, 58.5511770737316, 69.47057050311503, 66.72240312587707, 14.904474183099124, 41.408711797820025, 71.19141589091879, 59.691772357332596, 92.82520307348202, 15.515018162006552, 67.14938254808938, 31.898668738829354, 22.68689659871195, 47.22366494373411, 23.837808231723802, 32.27885679154487, 11.578724820840083, 62.66516263426628, 24.599644099612377, 48.97283378931184, 58.018371788718305, 58.353127457076454, 63.60643496849711, 55.19838293787857, 68.38902790719092, 36.614905399633884], [43.47361273122225, 42.213422335859256, 27.58348909309701, 8.107725190642102, 31.230520109834593, 38.81220493410627, 39.47566487038616, 37.85919658555186, 40.84809024341831, 11.884144812445912, 48.59520034702156, 37.80597646310053, 34.96417224911334, 46.0050569400344, 35.050639823824305, 34.516770683897334, 52.49028844108861, 51.773031556979696, 39.47541573446237, 21.11147097132512, 6.738452786354535, 43.857758018688536, 57.13913585381839, 52.69691989039989, 0.0, 5.903950399845001, 49.67967708356759, 36.16686510307819, 52.74834203280957, 12.557898457343565, 31.69677245920872, 49.56579438694597, 40.46877654390672, 44.6103857956158, 51.87217069816295, 31.576154022953784, 35.86058691221346, 51.154694969800346, 34.49345856656832, 56.244029036752025, 59.45971631059695, 44.129665869190006, 53.12707852585975, 7.717010671040796, 57.52992064573985, 44.933528532734464, 16.96922399503922, 43.28424957458285, 46.44735211042141, 56.22612327982674], [44.06766304519079, 43.03864794949223, 22.235883452162742, 8.666208347477864, 25.828301163077843, 32.95224931533684, 44.81346475443547, 36.52421380849232, 43.574758667024426, 11.275146297908304, 50.08859610317501, 32.06399394854118, 40.79068425395053, 41.83049037772927, 39.97109552169938, 29.90124962320221, 56.8278600482951, 54.948867462467234, 40.72459905463625, 16.181305956033544, 9.794937818372649, 47.998616724423506, 62.99729722840404, 58.5511770737316, 5.903950399845001, 0.0, 49.69524920557675, 35.27279912304857, 58.595197293913785, 18.325043556583925, 30.72273372963973, 52.466382896506204, 34.56921552488847, 50.46542351842965, 52.43742147725893, 36.964265882159765, 41.64796994563373, 55.403418875045716, 39.77579483915639, 61.586963906971235, 65.36105277280176, 44.72956854670493, 58.73973693448765, 11.513684525113078, 59.69625740716099, 46.2497270721274, 13.82325497362996, 44.95628840025947, 47.91147917660878, 61.34886758849835], [7.488929923148545, 91.89071379347544, 45.22382572029729, 41.789683849934356, 66.44584704387297, 57.65942145282662, 49.42327463241696, 86.13813094839762, 22.913905668651225, 60.75131175560938, 98.03231996303431, 53.718988323816156, 57.271977094205226, 86.40841143653165, 76.85293115949182, 38.94585596670654, 41.95458264159958, 98.73832988861794, 13.428295299627479, 61.75802241835042, 43.1928645445697, 88.30326669127575, 82.41572965493349, 69.47057050311503, 49.67967708356759, 49.69524920557675, 0.0, 15.440619594002406, 79.43527883433724, 54.91820110185562, 80.41712725421226, 97.21151551136776, 61.1111532754206, 72.88396568590414, 5.3503167951328745, 70.77761557644051, 68.62708974560857, 94.59747223845315, 46.782069960855516, 91.64629923509983, 80.76403052012307, 7.031181561479824, 85.39803984308759, 43.0195201146391, 21.92048938425474, 11.32284664815102, 37.74468017549586, 14.399357124288098, 95.91587170444491, 93.78681028588574], [12.828392105159574, 78.12476092622595, 30.076337617608093, 28.065984398236175, 51.02044687351315, 43.16065516405537, 46.79690364801052, 71.36435433134608, 24.99768336315425, 46.51577338483338, 84.74868406223979, 39.36911429665876, 51.742239041032306, 70.96783869271015, 66.81578327244117, 24.9305030192962, 45.60382147230491, 87.06278103881036, 14.430409528778405, 46.441497259027884, 30.17837475096007, 77.58842694278339, 77.75010675400686, 66.72240312587707, 36.16686510307819, 35.27279912304857, 15.440619594002406, 0.0, 74.20117762228942, 43.553435570694184, 65.83169326423662, 85.18444541796865, 46.561543643618684, 66.82843128837854, 19.6281995176218, 61.32677343414909, 60.97244540775976, 84.35687136879248, 42.90161330831332, 84.11579316574978, 77.25193941502204, 13.340019485182989, 78.67531841360575, 30.470602553858264, 33.1021397690374, 18.069359244908952, 22.574121586305626, 19.23581998900008, 82.59469677734371, 85.5985117100062], [72.04876086916906, 60.00932805546879, 79.79770914323989, 56.51508328223122, 81.32409488394133, 91.54744264343071, 30.8115415914987, 69.6013980864418, 57.451005751156615, 56.43183966804556, 58.432422850930834, 90.50171979422284, 22.491046566276577, 89.27360439849707, 27.15904189086967, 84.96022171357451, 47.17957030004327, 45.634103935804895, 66.0774368187326, 70.7455511881792, 52.831227836819586, 33.885192126851926, 4.476243168167526, 14.904474183099124, 52.74834203280957, 58.595197293913785, 79.43527883433724, 74.20117762228942, 0.0, 40.298283171335356, 64.496582039891, 47.404588993821314, 93.07581365832888, 8.151536445171672, 77.84348930623231, 24.66109500093756, 17.14442276683543, 33.704998050189126, 32.67825141582615, 17.416945781612657, 9.320360091475735, 72.4365076891539, 9.812865183958227, 51.115585484685624, 70.67990178524558, 68.7959907097189, 66.57218251000099, 65.65987191502452, 57.646410403172155, 21.86734937961493], [47.8989797723956, 39.91939876753809, 40.070158893763384, 18.069700844863895, 41.99757118040925, 51.265193131663665, 31.30003415173549, 40.402840656915565, 40.83124892605531, 18.090967753031833, 44.4840746971645, 50.354154553871304, 24.17414609509224, 53.835145613307226, 23.775404156756473, 46.49130001039657, 47.43862813957431, 43.83978300927518, 42.841010675363435, 31.418257833564763, 14.62031925592617, 34.048267274519844, 44.717654230048275, 41.408711797820025, 12.557898457343565, 18.325043556583925, 54.91820110185562, 43.553435570694184, 40.298283171335356, 0.0, 34.06068620644952, 42.310227666209094, 52.783177378663815, 32.18689961019109, 55.99257533644339, 19.415626558582176, 23.32362750585058, 40.941236660875, 26.837369222718007, 44.007290465791606, 47.31948038467796, 48.51125123003144, 40.61054715336561, 13.57623673451635, 58.0558779248019, 47.8484712694176, 28.27180240615617, 45.53665652271577, 42.507059303234875, 44.31357645779451], [74.70675453010645, 15.960843879308223, 44.6604601634269, 38.91553856702629, 28.419412423880964, 46.403424701950826, 65.06565878895594, 6.368170983123979, 72.32075077299778, 19.903563140784023, 24.496487059843847, 48.290338315429985, 56.201494837256966, 25.906627466069526, 37.75370423603797, 54.461576787662125, 81.43722037490139, 36.73757182613834, 71.05018115548694, 23.010475268054524, 38.42518649457072, 37.41657755082367, 68.77754164628871, 71.19141589091879, 31.69677245920872, 30.72273372963973, 80.41712725421226, 65.83169326423662, 64.496582039891, 34.06068620644952, 0.0, 33.1806922726556, 45.557958023185805, 57.768820113778176, 83.09734412592991, 40.065299624229674, 48.8881653040062, 43.94376095635385, 60.81338299650553, 58.73459612210437, 73.41224359484404, 75.36815429953509, 59.82357287292492, 39.32038134047453, 89.17669735615706, 76.54244168015356, 43.53804278710664, 74.96907209291882, 22.54002594250235, 56.17667356716424], [90.2072262879494, 19.238439404819676, 72.6354444283451, 57.54409839669367, 60.84004907664364, 77.81604458375978, 63.674006105517414, 34.47440439016398, 81.89811980514365, 42.346961129997005, 13.00644939624313, 78.97863628600793, 51.93778054641103, 57.68921147858671, 24.491605054762488, 81.64982207836987, 82.77469210271431, 3.6816898956657926, 85.07708323706639, 53.13159098061638, 55.04158830092302, 13.702903018895976, 50.54399811483978, 59.691772357332596, 49.56579438694597, 52.466382896506204, 97.21151551136776, 85.18444541796865, 47.404588993821314, 42.310227666209094, 33.1806922726556, 0.0, 77.53052820802523, 44.17888752452367, 98.26375027173592, 31.031042497904455, 38.927853521640166, 15.211787909734019, 61.43803164487394, 34.230218232952645, 56.56315051406906, 90.81761262887905, 38.998633158012595, 54.72801649083936, 98.87973080279896, 89.95376839587459, 66.12505005772542, 87.48686364538649, 13.422820258587663, 30.0555482125913], [59.32815735439425, 61.51650691064436, 17.452310876874776, 38.81129312838008, 17.198301325469192, 3.4670607553194746, 77.37884483527725, 47.49941473890929, 67.35476030953511, 38.41466390686542, 70.05288617977081, 7.526653723665083, 75.01622641057745, 33.06034726669384, 72.22033104680565, 22.270231148904152, 85.41413849554257, 80.81253305636477, 59.42065009756869, 24.78678935991071, 42.088821544688486, 77.60303922148957, 97.5004686999193, 92.82520307348202, 40.46877654390672, 34.56921552488847, 61.1111532754206, 46.561543643618684, 93.07581365832888, 52.783177378663815, 45.557958023185805, 77.53052820802523, 0.0, 84.97007656130764, 65.90963074682988, 70.4701826737396, 76.02472640897257, 84.9917529625342, 72.30830151714028, 94.58941128060961, 99.92825554289183, 59.86940789347791, 92.58740685477385, 44.02770511439816, 79.31708434228793, 64.12633136909922, 31.407554566860103, 64.50890721117877, 68.07522251560815, 93.65044907552429], [65.4317562385362, 54.709387840231955, 71.65031251603128, 48.39287612457519, 73.44429231438889, 83.41634089231515, 25.701777303458815, 63.145732967515755, 51.49545170653483, 48.60082452746967, 54.11579629525648, 82.35281321348116, 15.61860027470969, 82.06334163134997, 21.553448793028167, 76.88760031272203, 43.68382629004836, 42.976761289163804, 59.46291855845793, 62.844583152918275, 44.70651882149797, 30.482430866553333, 12.532608918069554, 15.515018162006552, 44.6103857956158, 50.46542351842965, 72.88396568590414, 66.82843128837854, 8.151536445171672, 32.18689961019109, 57.768820113778176, 44.17888752452367, 84.97007656130764, 0.0, 71.63927693545747, 17.70921546898577, 9.284567463247686, 32.07404833154299, 26.566514278249404, 19.920695314744396, 15.817520121945996, 65.85582378152792, 12.749288646980782, 43.005305359229126, 65.75408174759451, 62.54834376428697, 58.48005044254767, 59.453965525594604, 53.08685814176218, 23.414107718830333], [8.403316164780081, 93.943192324305, 49.69067487023614, 44.21682155145237, 70.508020330406, 62.47280889109663, 47.363174599406584, 88.96158701602931, 20.495567913545756, 63.27261162795931, 99.76514206005233, 58.577653191826364, 56.04201636326685, 90.3222126265266, 77.11024827014477, 43.86006305512956, 38.15374430951425, 99.60934913878567, 13.21566271845359, 65.28444052547934, 45.23126133910002, 88.7774622308248, 80.60644744614123, 67.14938254808938, 51.87217069816295, 52.43742147725893, 5.3503167951328745, 19.6281995176218, 77.84348930623231, 55.99257533644339, 83.09734412592991, 98.26375027173592, 65.90963074682988, 71.63927693545747, 0.0, 70.84490929952806, 68.01266069220877, 94.82670430722759, 45.199578470039576, 90.79478672020969, 78.5863937781827, 7.744809841785776, 84.28794988526586, 44.839905753032205, 16.720652700694238, 9.094001779814427, 41.215395340094844, 12.193616262097443, 97.6785896136307, 93.17512991321789], [63.38464662111442, 37.859760118830124, 59.12555548155354, 37.45963464989498, 57.43574227886397, 69.3527979704109, 32.64362992820923, 45.45191840524675, 52.640882185422775, 32.592634585490494, 38.58201678237252, 68.87900896636702, 20.9619530455463, 64.61352981675749, 6.708605470431953, 65.88148673858278, 51.75184954359952, 31.06368352909436, 57.732274498819166, 47.003009519481814, 33.93614155572944, 18.735926812706605, 29.06251151155365, 31.898668738829354, 31.576154022953784, 36.964265882159765, 70.77761557644051, 61.32677343414909, 24.66109500093756, 19.415626558582176, 40.065299624229674, 31.031042497904455, 70.4701826737396, 17.70921546898577, 70.84490929952806, 0.0, 9.217662151781758, 24.041792098408827, 30.552924080352348, 24.668303348479515, 33.37814354608779, 63.930064098148335, 22.1556930890511, 32.698242746479615, 69.1067828057208, 62.012634688140714, 47.68548705147534, 59.232632340581546, 37.22225319362433, 24.926882888774077], [61.140360816398434, 47.051693350524566, 63.205271791975996, 40.27909811744634, 64.20697349727762, 74.57546413636791, 25.605412360341898, 54.438809808766585, 48.64211321460637, 39.33927153371147, 47.450512865676586, 73.66655117825135, 13.75026277772249, 72.88241186091588, 14.659659559497575, 68.95175489004981, 44.72009072300025, 38.41270650080212, 55.261983464717936, 53.61777852456357, 36.59651459175055, 25.68696955226205, 21.614007975337042, 22.68689659871195, 35.86058691221346, 41.64796994563373, 68.62708974560857, 60.97244540775976, 17.14442276683543, 23.32362750585058, 48.8881653040062, 38.927853521640166, 76.02472640897257, 9.284567463247686, 68.01266069220877, 9.217662151781758, 0.0, 29.298709304413833, 24.639162318919333, 23.184111615738367, 25.07041100527794, 61.626754959948194, 18.011582161570846, 35.01694244106814, 64.2464678106368, 58.96926126443893, 50.5082414733588, 55.99950442050865, 46.18703938928509, 25.175052911307915], [87.25695356771708, 32.793653680148196, 77.1873122825805, 58.417978785005296, 69.30449643313155, 84.70445125778339, 54.902263507363806, 46.758703950673244, 76.63920015571848, 47.20966811548166, 27.992539126782837, 85.19448915884556, 43.04411138201653, 69.64994186081898, 17.74486203545863, 85.30458585069161, 73.98636044813122, 12.510935907658569, 81.67598346232849, 60.21012524324568, 55.28360411704296, 7.468444740880897, 36.34642951350562, 47.22366494373411, 51.154694969800346, 55.403418875045716, 94.59747223845315, 84.35687136879248, 33.704998050189126, 40.941236660875, 43.94376095635385, 15.211787909734019, 84.9917529625342, 32.07404833154299, 94.82670430722759, 24.041792098408827, 29.298709304413833, 0.0, 53.715020713996395, 19.12928794621732, 42.5293415345917, 87.81601062075286, 24.5867810861056, 54.4549517221219, 92.9304331442908, 86.03355353251317, 68.11007902970515, 83.26936108541918, 28.01967379729892, 14.8495590424787], [39.43470018991864, 64.66906999143167, 56.114464519079064, 33.58285078109473, 65.59681124208545, 69.90815297762272, 5.083925015802164, 67.12077162747468, 24.93537508364453, 44.16283916852178, 67.45405083669533, 67.72878008696172, 11.234289536495897, 79.93581396898784, 37.2510338394424, 58.507571840339466, 21.634201713484163, 61.61380692755066, 33.47670272727457, 55.60492767685053, 30.600113993545875, 49.21361060497776, 35.65593767541898, 23.837808231723802, 34.49345856656832, 39.77579483915639, 46.782069960855516, 42.90161330831332, 32.67825141582615, 26.837369222718007, 60.81338299650553, 61.43803164487394, 72.30830151714028, 26.566514278249404, 45.199578470039576, 30.552924080352348, 24.639162318919333, 53.715020713996395, 0.0, 46.16949302403953, 34.47195987728985, 39.803342569302565, 39.30088942884324, 28.67010953296554, 39.69124953426523, 36.1333200190112, 41.59789967638798, 33.00715317029894, 65.77140241112481, 49.05802956575201], [84.1579489528582, 50.34197588001606, 83.78021593045692, 61.950482984296556, 80.57592108630196, 93.66324814830092, 45.611419596995546, 62.71322694826735, 70.96202657902806, 56.255244479672854, 46.681031365953466, 93.37000734343627, 34.97292680896586, 84.58010411627043, 22.483481784286155, 90.49824481915475, 63.44146534816161, 31.638739117521077, 78.23947303386834, 70.48220367924682, 58.35953382825539, 22.4430246993362, 18.667140974322475, 32.27885679154487, 56.244029036752025, 61.586963906971235, 91.64629923509983, 84.11579316574978, 17.416945781612657, 44.007290465791606, 58.73459612210437, 34.230218232952645, 94.58941128060961, 19.920695314744396, 90.79478672020969, 24.668303348479515, 23.184111615738367, 19.12928794621732, 46.16949302403953, 0.0, 24.88967496063469, 84.62620780145637, 7.7081180833300165, 56.99407904858324, 85.61897752550348, 81.71036193541407, 72.2171358607223, 78.67353907968767, 46.42808567199695, 