instance_id,num_cities,city_coordinates,distance_matrix,best_route,total_distance
599,59,"[[44.2745161299012, 37.353942042700936], [47.09779732630592, 21.451770031972895], [37.374546122364585, 55.2316876127497], [36.695172972663585, 65.43382502558379], [12.865007704512543, 3.5507134614878533], [90.05458595592158, 12.150135393492445], [41.68624293375041, 62.5114531986445], [94.27709964560059, 91.35386652449998], [90.53187962072634, 80.02082798596199], [22.542947353413357, 68.39720394068829], [5.06669483625819, 75.24382417146207], [32.05565797163212, 57.30013077820405], [80.67021130638543, 80.76799918637985], [49.54934217428032, 87.47334099413774], [87.57633057283829, 0.586666924845991], [59.64982894617231, 68.91284895131594], [93.22335638881745, 76.11035110473547], [51.61479377809454, 3.9678415507478415], [1.9170942143003966, 48.12980504537461], [6.503595433375353, 53.39037233153541], [4.051104151950014, 41.10790119030728], [65.14921953987296, 31.291976398309462], [48.64984195853391, 66.41072811468987], [24.283202126041438, 53.850967919436634], [24.455537631304892, 6.622127852309334], [42.59625090643917, 36.212170943297814], [8.187782155760882, 88.84815373986763], [42.1238474040617, 82.48925489269233], [79.81753064886217, 61.203897824724095], [62.44547087211316, 10.780353984681367], [75.39145958208148, 83.09450914549461], [90.99312692540373, 60.493478459714034], [86.66889223614528, 37.19374982209921], [16.179347856417138, 10.790624619276423], [45.625175471289026, 66.86019978677517], [89.83822533025078, 20.46318472232267], [81.78625475098593, 59.24224897056154], [34.221990014930746, 48.45742383125543], [13.231411870471055, 53.195997489216666], [68.86301639000628, 6.364541561169068], [69.38144301198342, 7.043848681557163], [12.924055657024736, 16.668549142389622], [3.960174253976745, 99.26306831502706], [92.71594392841071, 63.57330053870005], [49.333732796764, 29.371292903115464], [36.96216743662972, 83.2960742940743], [99.29723921728085, 86.45345199299858], [45.663291504045475, 21.965302120672703], [96.92270866271751, 15.084582616600983], [11.224039716153634, 38.62703031865189], [95.49516183793457, 4.7785387417636604], [34.713052742032325, 51.48646343485757], [31.554425085008077, 9.219113273306023], [35.59265802929053, 14.360063014160641], [97.95636722733386, 94.26279547365819], [53.971472353526, 51.601699543322034], [61.92002947746145, 23.026856850100508], [80.29757438179291, 30.443965180060584], [86.54215873522246, 10.517835812261445]]","[[0.0, 16.150851103664934, 19.163073155741568, 29.084811689738657, 46.14342295537146, 52.25941697805275, 25.290304974423254, 73.59517784668022, 62.930174266543794, 37.893867455754034, 54.5242736616056, 23.391257763622075, 56.65180478196768, 50.39620959012439, 56.80563047482696, 35.10505447175404, 62.43435117046266, 34.18349575469655, 43.70664039695353, 41.034248459937615, 40.3982064011496, 21.737080529088285, 29.38435456054856, 25.919191699947103, 36.56824185219433, 2.0298313732215014, 62.880093886960694, 45.18652279203283, 42.80334416724388, 32.19222232963788, 55.32145739847565, 52.13508166538075, 42.39467875789626, 38.6645614594682, 29.53715502068909, 48.59371645542181, 43.43073237403222, 14.978003509177194, 34.85175810245917, 39.5592882550477, 39.35809366602344, 37.55977704009489, 73.8781840375881, 55.081999665044215, 9.450839146233893, 46.52042518308135, 73.74457222948573, 15.451179103539983, 57.16429432977654, 33.0749866959013, 60.70182408269617, 17.063110590315056, 30.876679000072887, 24.578306142984797, 78.23272164556917, 17.234545360971975, 22.72948550704475, 36.67981060558258, 50.067256855380066], [16.150851103664934, 0.0, 35.15145012284729, 45.195528040991015, 38.63070943730739, 43.95231616555897, 41.4147618934486, 84.33379904513949, 72.91676113470906, 52.97937732805876, 68.26564776719422, 38.87635431155232, 68.15806644519748, 66.06707125682051, 45.53969896103468, 49.09284581254415, 71.52012083125278, 18.057990255896794, 52.469167001882866, 51.652333385565726, 47.32210144700659, 20.55926811111116, 44.98573945623135, 39.6259230542705, 27.066403737340593, 15.431570083217608, 77.82198800772069, 61.23981332394431, 51.48604289271433, 18.69305228482129, 67.82594348228116, 58.74568033115444, 42.58733943411187, 32.70490084272883, 45.43230247219136, 42.75185945517282, 51.29726480926395, 29.918084013625702, 46.41797109633738, 26.482998769419957, 26.535807179819855, 34.50686629871381, 88.96882973730054, 62.090567976467014, 8.229109911442597, 62.669362234858205, 83.36666235067588, 1.5236542128132324, 50.23009919623638, 39.773308273101094, 51.18888095405354, 32.48791631088363, 19.77964387967859, 13.515196582744009, 88.81463594615184, 30.923545364643278, 14.905685640968949, 34.39599933299412, 40.9317549645529], [19.163073155741568, 35.15145012284729, 0.0, 10.22473254745001, 57.19825664021204, 68.05297009305136, 8.460834260218842, 67.39964693377284, 58.65324871734622, 19.831972726493273, 38.003721717349194, 5.706928095632272, 50.26547356299701, 34.46374720878903, 74.20443011029225, 26.141201205233532, 59.623889485589835, 53.20494870183737, 36.161687347432654, 30.925815080719183, 36.19299832374152, 36.66800044289356, 15.87775937395312, 13.16395360450532, 50.2970186044451, 19.72329118559034, 44.51891716695166, 27.668227928165706, 42.861103932732824, 51.03403108829827, 47.13409098273984, 53.87614175355577, 52.49094930104221, 49.23661756784966, 14.258161874336812, 62.93875141174651, 44.59242610262794, 7.471898004642692, 24.228804464603787, 58.133653962422386, 57.84902133451565, 45.6611665716048, 55.27461201951391, 55.96653301155458, 28.491791106408368, 28.06741626832363, 69.3485291202558, 34.283461081253265, 71.81764199348292, 30.97682406502829, 76.96444765055382, 4.5945893348829605, 46.37920661495096, 40.9104488181715, 72.06652780066744, 16.989254654245464, 40.492368140011436, 49.56629437793108, 66.4588795638633], [29.084811689738657, 45.195528040991015, 10.22473254745001, 0.0, 66.3128665762666, 75.40808003607386, 5.783687098326781, 63.14686714852156, 55.777877676330135, 14.459152968713223, 33.114901667787066, 9.363871077425948, 46.571889521963044, 25.51411236927393, 82.4260038608927, 23.21680077741024, 57.52759102768983, 63.250788212532605, 38.845126716209734, 32.50501664519855, 40.711003421816535, 44.44433140161559, 11.99451750622904, 16.977031514337884, 60.07182698811794, 29.81153783496037, 36.89040688753874, 17.898552847478307, 43.32932050792599, 60.41588978678669, 42.53589497050092, 54.52224158675788, 57.40099706907316, 58.367614572160456, 9.043201290738828, 69.61711357968346, 45.51418756810318, 17.15560641461599, 26.46341829527373, 67.26031816102311, 66.9162281254654, 54.2505129044685, 47.07438626948599, 56.05165769040711, 38.21307914198259, 17.86424459565751, 66.03668235113511, 44.384001999906395, 78.50096984404226, 36.97814045933731, 84.4778222063529, 14.087501409091063, 56.449279058603665, 51.08566046553427, 67.70556445820678, 22.13138530806922, 49.34211523155543, 55.9058109739247, 74.16527395547382], [46.14342295537146, 38.63070943730739, 57.19825664021204, 66.3128665762666, 0.0, 77.66711690409939, 65.62798511680657, 119.73855854331515, 108.99459348351068, 65.56469967380922, 72.11598856608568, 57.0725934189205, 102.76212750917063, 91.59010758522821, 74.77009654003793, 80.38052161067819, 108.26987216297857, 38.75203112859013, 45.90372769431402, 50.24399628180551, 38.5775484696949, 59.187975776966006, 72.33212152832623, 51.57994535071, 11.99057839906042, 44.166929111816096, 85.42558022558383, 84.1865370700678, 88.35456975072071, 50.10479048961689, 101.17693717550931, 96.67720257970335, 81.11021678876217, 7.962484801567813, 71.28337569783773, 78.80931363619293, 88.60973660834023, 49.72658574285698, 49.64663612176255, 56.06865974245495, 56.62428324958498, 13.117968577940545, 96.12570379659954, 99.89435907634913, 44.684116110264654, 83.30663647918202, 119.76391234550086, 37.614152864070775, 84.84531353036704, 35.11468040866937, 82.6392759348239, 52.679912656257386, 19.53010697484755, 25.16720340119753, 124.37532427465163, 63.234790261194156, 52.779876112381054, 72.59750709689952, 74.00583340421679], [52.25941697805275, 43.95231616555897, 68.05297009305136, 75.40808003607386, 77.66711690409939, 0.0, 69.82663487367797, 79.31620671043503, 67.87237083102345, 87.87237374140196, 105.84779261080058, 73.50100496296818, 69.2566077646177, 85.52344752035708, 11.826053981322852, 64.39297243697806, 64.03866253979024, 39.30098669503794, 95.19849830098642, 93.17470236069731, 90.74773320777356, 31.411579924787876, 68.2536793729457, 77.87704645307412, 65.83155784630023, 53.20972768647692, 112.18181484855248, 85.1172569462237, 50.11056684991207, 27.643073939395777, 72.44385027122026, 48.352452657231275, 25.271437347583802, 73.88774643879512, 70.47810767840691, 8.315864420726525, 47.81247182556125, 66.59953425672634, 87.10087756012938, 21.9671508543927, 21.294435967289363, 77.26276442760295, 122.47820544282874, 51.491987141777955, 44.21262430551844, 88.77245927804958, 74.87596074172377, 45.46344158767034, 7.4687408591284825, 83.1581684823453, 9.161894079485991, 67.89721645429874, 58.573541062426656, 54.50674612902652, 82.4919819903855, 53.46416557949356, 30.16382498762883, 20.73314937769003, 3.8731830454543537], [25.290304974423254, 41.4147618934486, 8.460834260218842, 5.783687098326781, 65.62798511680657, 69.82663487367797, 0.0, 59.98068869349403, 51.889058854432875, 20.027676537072917, 38.769892615971905, 10.950162011694813, 43.0470819159778, 26.171055996677254, 77.0751535747986, 19.070088883065015, 53.30107022884942, 59.379546871363615, 42.28967951491455, 36.345739796019984, 43.29567772536853, 39.05338657410023, 7.980980907687126, 19.438874314788904, 58.4851595953044, 26.31502159711731, 42.611837203910426, 19.98259388065365, 38.153699740241464, 55.740938012216816, 39.49308574196369, 49.34816137419225, 51.61806701654935, 57.66841254467186, 5.867434398700896, 63.92707009217396, 40.23305412254139, 15.913227614017913, 29.940860473842083, 62.37830313433612, 61.99741331892296, 54.118714593497415, 52.668182726326506, 51.040747480596494, 34.011091214753094, 21.31472175241989, 62.3878690055191, 40.74073247461562, 72.80367572748825, 38.70932033994498, 78.92077777950867, 13.045143952501249, 54.24690984413692, 48.535431940864285, 64.61017430931759, 16.430142626171623, 44.36709892142956, 50.1912213839494, 68.6686932401538], [73.59517784668022, 84.33379904513949, 67.39964693377284, 63.14686714852156, 119.73855854331515, 79.31620671043503, 59.98068869349403, 0.0, 11.935846662499747, 75.31797237091351, 90.65334958435577, 70.93070366396779, 17.23972150517948, 44.89577671457572, 91.01420125084829, 41.26314512747955, 15.279893232736091, 97.24397000660696, 101.9739677271656, 95.63166281641648, 103.27336198258071, 66.75225872571075, 52.000065363160154, 79.4078906265631, 109.79306927365018, 75.57457719345874, 86.1257753661788, 52.901257629212935, 33.43799856703305, 86.63338567421579, 20.6127238598621, 31.03462627995027, 54.69189209748518, 112.20380911896207, 54.469711180817626, 71.02951760757654, 34.45543771470228, 73.80190369148066, 89.57916318127567, 88.70772787894492, 87.90888935651674, 110.4364722302995, 90.66257488710225, 27.824396734964417, 76.56203795902677, 57.87857522216346, 7.015401905785593, 84.72352218863435, 76.31515521110568, 98.37647086535806, 86.58389605574833, 71.67485969740373, 103.345302726677, 96.80862289489943, 4.690296106776636, 56.610761972500256, 75.60132433305226, 62.493545333824486, 81.20525335344391], [62.930174266543794, 72.91676113470906, 58.65324871734622, 55.777877676330135, 108.99459348351068, 67.87237083102345, 51.889058854432875, 11.935846662499747, 0.0, 68.97538362919875, 85.59858395842208, 62.73514628946532, 9.889932595564517, 41.654631503428035, 79.48912638630387, 32.81902271701367, 4.747196712985591, 85.43182262013167, 94.17864692606277, 88.14722747671988, 94.8321696339638, 54.94342917794278, 44.03793702301808, 71.2302523208804, 98.7595673948243, 64.93860894811162, 82.81589260090901, 48.47092648674577, 21.65350167025627, 74.7200749217785, 15.449266481521533, 19.53279623086076, 43.00094528713345, 101.59291332546404, 46.795450763533864, 59.561682543340034, 22.544074615327677, 64.55270830298473, 81.8225754030474, 76.77752381786473, 75.9801321210748, 100.18226177849371, 88.68440665071171, 16.59190453288999, 65.28907033981461, 53.66974288987934, 10.872450527494419, 73.37325318588258, 65.24997056331762, 89.460493826334, 75.4058105259486, 62.68932440574662, 92.14783204050457, 85.61339921855118, 16.061029049885448, 46.30669758234571, 63.77264863917806, 50.62219206433903, 69.61741013454683], [37.893867455754034, 52.97937732805876, 19.831972726493273, 14.459152968713223, 65.56469967380922, 87.87237374140196, 20.027676537072917, 75.31797237091351, 68.97538362919875, 0.0, 18.769539435687097, 14.616316091255687, 59.42907865405042, 33.0642460386221, 93.95536101437479, 37.11046417543196, 71.10002011663768, 70.68461637806716, 28.917006686343214, 21.965104255620933, 32.96444007698991, 56.498604766829324, 26.182361087765724, 14.64996481427904, 61.804676419313886, 37.921119873138124, 24.986238523244076, 24.124625319937266, 57.72453156626975, 70.08503964480155, 54.85413407453363, 68.90497775862299, 71.3147415057649, 57.95699595106951, 23.133344692343915, 82.62157488456913, 59.946498412403756, 23.108328981172075, 17.826423383010848, 77.41834406292965, 77.188592920917, 52.61536662143866, 36.02805906013007, 70.33860598807958, 47.3367501734561, 20.73379477122398, 78.84953654429629, 51.86975824377086, 91.51275585881231, 31.84934705118785, 96.79545526463755, 20.834697253035287, 59.86028020268485, 55.59053470005043, 79.72585980991784, 35.63483059654774, 60.0751445418522, 69.10893774041418, 86.28974627636494], [54.5242736616056, 68.26564776719422, 38.003721717349194, 33.114901667787066, 72.11598856608568, 105.84779261080058, 38.769892615971905, 90.65334958435577, 85.59858395842208, 18.769539435687097, 0.0, 32.4095705573805, 75.80506719371893, 46.1331442231608, 111.27232862454662, 54.9490652923139, 88.16092016885128, 85.12926179432864, 27.29633706649435, 21.900640188039926, 34.15102724975319, 74.44242538656877, 44.46925116336112, 28.756363661598737, 71.30823536344911, 54.14736865765983, 13.957756591291966, 37.75882443574765, 76.05791863116362, 86.30100189392223, 70.76161241179352, 87.18328068033814, 90.03736323594877, 65.4041740996728, 41.41588474541728, 100.93131744285577, 78.37053835734174, 39.59220226435187, 23.51104560965118, 93.88464313559399, 93.74232496439684, 59.099923551551186, 24.044718277143392, 88.42280242268426, 63.7484099783069, 32.89619893601934, 94.89494849696293, 66.9827184647163, 109.80283065815202, 37.130883211003365, 114.64145888360869, 37.99103481410336, 71.13973786088634, 68.10775874686885, 94.81673115181268, 54.31967710642221, 77.19399805726339, 87.55976589075722, 104.05625779657274], [23.391257763622075, 38.87635431155232, 5.706928095632272, 9.363871077425948, 57.0725934189205, 73.50100496296818, 10.950162011694813, 70.93070366396779, 62.73514628946532, 14.616316091255687, 32.4095705573805, 0.0, 53.98254943554472, 34.877666230940804, 79.36600070771158, 29.93816118502069, 63.99462257399752, 56.80574678442914, 31.502823673457325, 25.849450885275722, 32.34877638592581, 42.09047293057393, 18.93066100321725, 8.503398984991673, 51.24472470161635, 23.575541338767238, 39.559489996099586, 27.126747171424398, 47.92114229428834, 55.566449958994276, 50.4315541756862, 59.02391647537291, 58.196837645894554, 49.14459671237322, 16.598997699323203, 68.52580306189208, 49.76850489118356, 9.10420016648556, 19.26645144625372, 62.84278703737756, 62.60118304837587, 44.91039560449388, 50.49994388163563, 60.9837925288527, 32.84131323068306, 26.454922309665314, 73.28946981844095, 37.86446627921168, 77.39435878631251, 27.975721615617203, 82.35950631739412, 6.392219876134086, 48.08363004924799, 43.085493950847486, 75.55886487893466, 22.64453661615326, 45.45919039302187, 55.21355023506319, 71.8147748568579], [56.65180478196768, 68.15806644519748, 50.26547356299701, 46.571889521963044, 102.76212750917063, 69.2566077646177, 43.0470819159778, 17.23972150517948, 9.889932595564517, 59.42907865405042, 75.80506719371893, 53.98254943554472, 0.0, 31.835045222152242, 80.47819907625271, 24.132987002555126, 13.389366568775124, 82.11261474707307, 85.24849071101262, 79.0583415096581, 86.27520474737186, 51.85342820240344, 35.091812233038276, 62.482168468530254, 93.04676121329712, 58.60757878434924, 72.93141595487883, 38.58477538222659, 19.58267413794283, 72.32158491609145, 5.768697284197016, 22.751236836123304, 43.985217750484956, 95.16251583384683, 37.70386479955119, 60.99773052078375, 21.554662496175578, 56.58100865943552, 72.85744263248507, 75.33448319581085, 74.58342079351445, 93.2645758110195, 78.90815779534681, 20.99422149034933, 60.19631468912458, 43.781094808954165, 19.47538298492653, 68.43421378410645, 67.66428069961789, 81.23196418683186, 77.42207215598643, 54.492832182561145, 86.78481164089771, 80.2620694730884, 21.929904545129272, 39.541063421986614, 60.709215420034724, 50.325413629167, 70.49514324190962], [50.39620959012439, 66.06707125682051, 34.46374720878903, 25.51411236927393, 91.59010758522821, 85.52344752035708, 26.171055996677254, 44.89577671457572, 41.654631503428035, 33.0642460386221, 46.1331442231608, 34.877666230940804, 31.835045222152242, 0.0, 94.84379778081116, 21.130823408017417, 45.128007454775236, 83.53103930646195, 61.779809538979876, 54.905237139439286, 64.9603238241563, 58.30696272033828, 21.08181116383531, 42.05760102658742, 84.65587807675507, 51.73058121807696, 41.384402342566304, 8.943102752913298, 40.07800990523186, 77.7696881299116, 26.210478829606895, 49.45199972573252, 62.497186218442145, 83.62891552209466, 20.983342792499354, 78.1892265566588, 42.85105703855844, 41.91860584844888, 49.93924648316895, 83.37658758409783, 82.83849019203744, 79.7165614012574, 47.08895732511562, 49.34133602539813, 58.102448139257774, 13.262221720345664, 49.75835039242785, 65.62320128475172, 86.5122430173278, 62.08696219910404, 94.60152569659907, 38.92519544696027, 80.29658272450685, 74.43346323596944, 48.88084253177755, 36.14318602030091, 65.6230388116912, 64.79045832242865, 85.3851172916528], [56.80563047482696, 45.53969896103468, 74.20443011029225, 82.4260038608927, 74.77009654003793, 11.826053981322852, 77.0751535747986, 91.01420125084829, 79.48912638630387, 93.95536101437479, 111.27232862454662, 79.36600070771158, 80.47819907625271, 94.84379778081116, 0.0, 73.81298424680094, 75.7345084665506, 36.12013940297782, 97.96864169659352, 96.75236269812716, 92.83552054605525, 38.0235629464957, 76.47273074347405, 82.72306733327213, 63.40868465892404, 57.379300303893025, 118.71239056884029, 93.6694301361908, 61.111763664857754, 27.11957531325639, 83.40272842640603, 60.00417123491585, 36.61832823302108, 72.12246455604985, 78.43519982989429, 20.00480261454777, 58.94066748132793, 71.68190164303486, 91.07638881341761, 19.584993311677366, 19.306712034713595, 76.3648419481449, 129.3394517881393, 63.19597803223453, 47.86492429087785, 96.96720877362458, 86.66305139672663, 47.050492949791646, 17.249473696441004, 85.30381917708361, 8.95989274124055, 73.38470840561791, 56.68309293295861, 53.77739907198887, 94.24946801357692, 61.08862454667199, 34.08530342798974, 30.73171896899882, 9.984869897003486], [35.10505447175404, 49.09284581254415, 26.141201205233532, 23.21680077741024, 80.38052161067819, 64.39297243697806, 19.070088883065015, 41.26314512747955, 32.81902271701367, 37.11046417543196, 54.9490652923139, 29.93816118502069, 24.132987002555126, 21.130823408017417, 73.81298424680094, 0.0, 34.33636239019103, 65.44016944058207, 61.35962494684086, 55.366681470071654, 62.163762102498985, 38.02069631860573, 11.280971696148008, 38.440324567475834, 71.54559438700596, 36.88033169782165, 55.188392229443934, 22.16932176002329, 21.590834153428652, 58.19967856289132, 21.187695036047362, 32.454400744579296, 41.666905700287394, 72.58013287035708, 14.174070469813735, 57.08510523897133, 24.156610925371655, 32.634328697792554, 49.00702871727122, 63.223204444630305, 62.62968550699663, 70.09111749711083, 63.42297261372542, 33.494458306849495, 40.86510118030808, 26.862746621150766, 43.35423735082292, 48.9866857731308, 65.47327560894638, 57.11644135273848, 73.4717471969759, 30.42238846020464, 65.97494825551617, 59.621757153149645, 45.93485238652353, 18.218661515576205, 45.94211664219522, 43.65987185254378, 64.28977337799053], [62.43435117046266, 71.52012083125278, 59.623889485589835, 57.52759102768983, 108.26987216297857, 64.03866253979024, 53.30107022884942, 15.279893232736091, 4.747196712985591, 71.10002011663768, 88.16092016885128, 63.99462257399752, 13.389366568775124, 45.128007454775236, 75.7345084665506, 34.33636239019103, 0.0, 83.28153557228424, 95.49735320971811, 89.64660827730005, 95.79593973132454, 52.88519519807854, 45.616673210742974, 72.44463409780823, 97.763111997548, 64.45904583313651, 85.98430380666726, 51.49611861120354, 20.047905455663177, 72.21694233755424, 19.150848734831076, 15.77531726052752, 39.4647039228771, 101.00715776060503, 48.488680391024566, 55.75003353071285, 20.37989606163416, 65.1601536276426, 83.2092470188455, 73.87762931865856, 73.06585105532784, 99.90648386639192, 92.21693987038105, 12.547314625062409, 64.11582192116512, 56.7182157694296, 11.994656668645904, 72.06695568240882, 61.13779213231206, 90.16034201319472, 71.36797989984623, 63.48063859806202, 90.98073854819391, 84.46535072250494, 18.759334427541607, 46.275094831655835, 61.625933161300594, 47.460453473544305, 65.93190778735165], [34.18349575469655, 18.057990255896794, 53.20494870183737, 63.250788212532605, 38.75203112859013, 39.30098669503794, 59.379546871363615, 97.24397000660696, 85.43182262013167, 70.68461637806716, 85.12926179432864, 56.80574678442914, 82.11261474707307, 83.53103930646195, 36.12013940297782, 65.44016944058207, 83.28153557228424, 0.0, 66.4841361652078, 66.91492184015826, 60.346405036938535, 30.4924421106087, 62.51323877171657, 56.88006855260596, 27.28865020878805, 33.48179943645723, 95.34449504700699, 79.09292266879045, 63.80721357965361, 12.795072957095579, 82.62178502915579, 68.88977245879646, 48.298558976049904, 36.08630206142386, 63.176928161711174, 41.63084272472026, 62.972828845862274, 47.76853100355902, 62.42351595167226, 17.413941374944866, 18.030963503618832, 40.72199884192315, 106.54643591431778, 72.40245358303328, 25.505657800038346, 80.67011819057885, 95.27587067611465, 18.955974421907495, 46.65178542261234, 53.2228558021965, 43.88785630447847, 50.43499059001698, 20.736302631055096, 19.097306116248987, 101.49246343296504, 47.692120535415725, 21.66665518718718, 39.03443384493425, 35.536224443154744], [43.70664039695353, 52.469167001882866, 36.161687347432654, 38.845126716209734, 45.90372769431402, 95.19849830098642, 42.28967951491455, 101.9739677271656, 94.17864692606277, 28.917006686343214, 27.29633706649435, 31.502823673457325, 85.24849071101262, 61.779809538979876, 97.96864169659352, 61.35962494684086, 95.49735320971811, 66.4841361652078, 0.0, 6.9792235674752, 7.33901438640072, 65.43557248727058, 50.1810906616465, 23.08624022553674, 47.23207276443862, 42.38895837095507, 41.19836705095845, 52.888134736183716, 78.98993542659875, 71.12429876888189, 81.36960672761751, 89.92997288916524, 85.45445905148614, 39.970317409857856, 47.552329641524466, 92.17140107868627, 80.63850950275105, 32.306557024208665, 12.396777399904277, 78.90560011723365, 78.99046884925387, 33.33112394136639, 51.17406363239206, 92.1028374289194, 50.99234640856664, 49.64699034211908, 104.64986648901004, 50.973630345601585, 100.58853563944754, 13.30120152773073, 103.1318914317974, 32.967287593861876, 48.91230229012665, 47.69107961780916, 106.54480168796637, 52.170032919927955, 65.04237271417541, 80.3510336151827, 92.60702875464084], [41.034248459937615, 51.652333385565726, 30.925815080719183, 32.50501664519855, 50.24399628180551, 93.17470236069731, 36.345739796019984, 95.63166281641648, 88.14722747671988, 21.965104255620933, 21.900640188039926, 25.849450885275722, 79.0583415096581, 54.905237139439286, 96.75236269812716, 55.366681470071654, 89.64660827730005, 66.91492184015826, 6.9792235674752, 0.0, 12.524927577458048, 62.67095283831442, 44.11162840883755, 17.785571749074887, 50.09531834759076, 39.97212005926295, 35.49775693359975, 45.99507926684317, 73.72912774076002, 70.32145541100877, 75.0191546928716, 84.7875878204506, 81.78511718026313, 43.684764965604586, 41.37552750523933, 89.60390741425006, 75.50975601953564, 28.153922978604847, 6.730623714826252, 78.10330429430904, 78.11289247337254, 37.27887616088164, 45.94315213489018, 86.81164126948468, 49.10536470850702, 42.685777705807745, 98.5080076105217, 50.20972848069294, 98.19852118471731, 15.499640693131752, 101.40320140950547, 28.273633490158094, 50.78035243107646, 48.677906776267854, 100.1706765590938, 47.501565128423564, 63.189589605835245, 77.27929172941965, 90.7977202523294], [40.3982064011496, 47.32210144700659, 36.19299832374152, 40.711003421816535, 38.5775484696949, 90.74773320777356, 43.29567772536853, 103.27336198258071, 94.8321696339638, 32.96444007698991, 34.15102724975319, 32.34877638592581, 86.27520474737186, 64.9603238241563, 92.83552054605525, 62.163762102498985, 95.79593973132454, 60.346405036938535, 7.33901438640072, 12.524927577458048, 0.0, 61.88159729255624, 51.27650986861018, 23.910741061210917, 40.070057004366596, 38.854813253657376, 47.91913833118262, 56.23122098072487, 78.38622624442692, 65.80016857241603, 82.77875065788375, 89.07702245813948, 82.71045574084478, 32.653201283171654, 48.90382693682703, 88.23624242964982, 79.82235406244298, 31.053145360926326, 15.178936785507862, 73.53696353721126, 73.67776359856259, 26.000215324751927, 58.155238212481194, 91.46664955309237, 46.7788887327511, 53.506822334741614, 105.48955029993587, 45.8040744406725, 96.44868083075589, 7.589843535280901, 98.39633256374611, 32.37081471951016, 42.11089475613497, 41.355972580686604, 107.90570522234336, 51.011400345948694, 60.62785401745754, 76.98859495887008, 87.98026020701207], [21.737080529088285, 20.55926811111116, 36.66800044289356, 44.44433140161559, 59.187975776966006, 31.411579924787876, 39.05338657410023, 66.75225872571075, 54.94342917794278, 56.498604766829324, 74.44242538656877, 42.09047293057393, 51.85342820240344, 58.30696272033828, 38.0235629464957, 38.02069631860573, 52.88519519807854, 30.4924421106087, 65.43557248727058, 62.67095283831442, 61.88159729255624, 0.0, 38.801497170706774, 46.67911179229815, 47.58757374103353, 23.083429306348343, 80.977273966447, 56.13670000297481, 33.314897481608725, 20.689052924135105, 52.805358441217024, 38.9953237144418, 22.31428337411801, 53.08816965635366, 40.5744600925731, 26.95940904543774, 32.52704532353038, 35.37154381224671, 56.34931138131073, 25.20256523856135, 24.61469913051577, 54.2338673459632, 91.45582867893293, 42.450066923039905, 15.931686853882296, 59.15180558717749, 64.87584787632544, 21.602968418682156, 35.66839250982421, 54.4217606756231, 40.29688065253719, 36.526395332899824, 40.197282258876115, 34.06288330686586, 71.00445756716387, 23.182469376426376, 8.87354887321657, 15.172072285716135, 29.8198384386101], [29.38435456054856, 44.98573945623135, 15.87775937395312, 11.99451750622904, 72.33212152832623, 68.2536793729457, 7.980980907687126, 52.000065363160154, 44.03793702301808, 26.182361087765724, 44.46925116336112, 18.93066100321725, 35.091812233038276, 21.08181116383531, 76.47273074347405, 11.280971696148008, 45.616673210742974, 62.51323877171657, 50.1810906616465, 44.11162840883755, 51.27650986861018, 38.801497170706774, 0.0, 27.41314854022931, 64.49838046969322, 30.79933148397602, 46.266795352267096, 17.35245309101693, 31.599618668042837, 57.315424651361546, 31.51924273531758, 42.7547380446291, 47.94872265828627, 64.40441677459788, 3.0578803349819736, 61.70623686929053, 33.90293417967803, 23.032239283233388, 37.80336354620863, 63.35705911907016, 62.88263397685807, 61.242274417051576, 55.46568899943848, 44.157358821249346, 37.045748304913936, 20.53574082733858, 54.468978598349466, 44.545654955414705, 70.4602219094637, 46.61142066819378, 77.41453843758038, 20.419788683991932, 59.69199348526425, 53.66341201945272, 56.62924235985606, 15.736170985614407, 45.3680301830481, 47.90810999747352, 67.52661016692439], [25.919191699947103, 39.6259230542705, 13.16395360450532, 16.977031514337884, 51.57994535071, 77.87704645307412, 19.438874314788904, 79.4078906265631, 71.2302523208804, 14.64996481427904, 28.756363661598737, 8.503398984991673, 62.482168468530254, 42.05760102658742, 82.72306733327213, 38.440324567475834, 72.44463409780823, 56.88006855260596, 23.08624022553674, 17.785571749074887, 23.910741061210917, 46.67911179229815, 27.41314854022931, 0.0, 47.22915448759022, 25.426264263526225, 38.520975576554164, 33.74077806895824, 56.018989839809244, 57.54508267927102, 58.88326318770916, 67.03981662425896, 64.57117967991736, 43.81627116895002, 24.994398173339462, 73.56769083043119, 57.75523329153259, 11.3079539498305, 11.071181243100622, 65.1330985604767, 64.99813645294391, 38.87881781402661, 49.752229339275864, 69.119924060645, 35.02547038641323, 32.05885916187332, 81.7925896918095, 38.39015375381955, 82.33669011649495, 20.057666836409815, 86.48263705164189, 10.694515665960754, 45.22027346746517, 41.07840506963589, 84.02887040960644, 29.7733538139044, 48.64829489607387, 60.708299897518614, 75.85471650650197], [36.56824185219433, 27.066403737340593, 50.2970186044451, 60.07182698811794, 11.99057839906042, 65.83155784630023, 58.4851595953044, 109.79306927365018, 98.7595673948243, 61.804676419313886, 71.30823536344911, 51.24472470161635, 93.04676121329712, 84.65587807675507, 63.40868465892404, 71.54559438700596, 97.763111997548, 27.28865020878805, 47.23207276443862, 50.09531834759076, 40.070057004366596, 47.58757374103353, 64.49838046969322, 47.22915448759022, 0.0, 34.708156509056884, 83.81980196512933, 77.8973050598524, 77.74393792571648, 38.21682708191525, 91.883041120905, 85.61175856934665, 69.31901298382252, 9.266697496204982, 63.84965839108279, 66.83165945879867, 77.81830293675402, 42.960162730227815, 47.90726805037679, 44.408225819119345, 44.92788469015097, 15.293974541005573, 94.88099793839403, 88.89836409181589, 33.71126080702844, 77.68725669015532, 109.42723888657737, 26.17597793695798, 72.95960538499156, 34.632157295767065, 71.06354218745143, 46.02200803431229, 7.559003661674853, 13.561382353146843, 114.38207277550198, 53.79918467814702, 40.898695367721714, 60.710896897613836, 62.20872174069048], [2.0298313732215014, 15.431570083217608, 19.72329118559034, 29.81153783496037, 44.166929111816096, 53.20972768647692, 26.31502159711731, 75.57457719345874, 64.93860894811162, 37.921119873138124, 54.14736865765983, 23.575541338767238, 58.60757878434924, 51.73058121807696, 57.379300303893025, 36.88033169782165, 64.45904583313651, 33.48179943645723, 42.38895837095507, 39.97212005926295, 38.854813253657376, 23.083429306348343, 30.79933148397602, 25.426264263526225, 34.708156509056884, 0.0, 62.884731109604, 46.27949506993747, 44.833135939609605, 32.26094925854294, 57.21432816510289, 54.146463440392836, 44.083570759096055, 36.66207555851999, 30.797338456596712, 49.797938857431994, 45.45592255446419, 14.834906934965309, 33.922619824391134, 39.75957681743642, 39.6009790244593, 35.530160765416, 73.94702210687923, 57.101795430205684, 9.60162874636924, 47.41979387650311, 75.75743129846224, 14.57326350809772, 58.290127816355586, 31.46501518783381, 61.533470657192815, 17.188624855322956, 29.164140306999023, 22.947002726620024, 80.21606751410759, 19.137221676649613, 23.39360865702783, 38.14003132563347, 50.90620465839038], [62.880093886960694, 77.82198800772069, 44.51891716695166, 36.89040688753874, 85.42558022558383, 112.18181484855248, 42.611837203910426, 86.1257753661788, 82.81589260090901, 24.986238523244076, 13.957756591291966, 39.559489996099586, 72.93141595487883, 41.384402342566304, 118.71239056884029, 55.188392229443934, 85.98430380666726, 95.34449504700699, 41.19836705095845, 35.49775693359975, 47.91913833118262, 80.977273966447, 46.266795352267096, 38.520975576554164, 83.81980196512933, 62.884731109604, 0.0, 34.52668705632699, 76.77907106944505, 95.07091113193583, 67.44952694970743, 87.52549761448016, 93.95457457489434, 78.46555279076193, 43.416915336132135, 106.5049241026967, 79.32997394150154, 48.054042924658496, 36.00714437469234, 102.39643708365294, 102.15972031607907, 72.3348298299446, 11.240245289987936, 88.22600714644084, 72.32210055817134, 29.305133244267665, 91.14092254581038, 76.66635273461631, 115.39043117629906, 50.31282239809278, 121.20345998731497, 45.82014712026141, 82.98665005534471, 79.36940771862118, 89.93173639409805, 59.020713638012744, 84.96821480113175, 92.79478097506887, 110.7928113001739], [45.18652279203283, 61.23981332394431, 27.668227928165706, 17.898552847478307, 84.1865370700678, 85.1172569462237, 19.98259388065365, 52.901257629212935, 48.47092648674577, 24.124625319937266, 37.75882443574765, 27.126747171424398, 38.58477538222659, 8.943102752913298, 93.6694301361908, 22.16932176002329, 51.49611861120354, 79.09292266879045, 52.888134736183716, 45.99507926684317, 56.23122098072487, 56.13670000297481, 17.35245309101693, 33.74077806895824, 77.8973050598524, 46.27949506993747, 34.52668705632699, 0.0, 43.2883377143343, 74.5327770166401, 33.273117568656915, 53.591236800661946, 63.52907837118734, 76.24834844022341, 16.016449723273542, 78.25532085208533, 45.973142604100204, 34.93715608907435, 41.144474238577565, 80.68429300592214, 80.21836346303873, 72.00689649983715, 41.68724942993735, 54.01271664942772, 53.60504018562093, 5.224356193124179, 57.31065860795835, 60.627357881459524, 86.86947127669586, 53.65345151743045, 94.27328682659544, 31.876213007519496, 74.02855085089425, 68.44153140214581, 57.060376160937885, 33.08182722286637, 62.67109066913405, 64.54413693467545, 84.57465072918087], [42.80334416724388, 51.48604289271433, 42.861103932732824, 43.32932050792599, 88.35456975072071, 50.11056684991207, 38.153699740241464, 33.43799856703305, 21.65350167025627, 57.72453156626975, 76.05791863116362, 47.92114229428834, 19.58267413794283, 40.07800990523186, 61.111763664857754, 21.590834153428652, 20.047905455663177, 63.80721357965361, 78.98993542659875, 73.72912774076002, 78.38622624442692, 33.314897481608725, 31.599618668042837, 56.018989839809244, 77.74393792571648, 44.833135939609605, 76.77907106944505, 43.2883377143343, 0.0, 53.33218760069431, 22.333583883587504, 11.198153767940086, 24.96854746891878, 81.18692274259296, 34.657046967034226, 41.954976176727754, 2.7791978730058533, 47.34369995011654, 67.0659204197887, 55.922771551923184, 55.156349120974916, 80.36251787208195, 84.86954092977417, 13.114234036001898, 44.07467149716272, 48.21458718277361, 31.89042225507764, 52.020951975019926, 49.189209692288166, 72.21344711840244, 58.56286594200801, 46.139380775743646, 70.93479529486977, 64.42192342655328, 37.70819680365533, 27.572104403568407, 42.164048735366706, 30.763678230825423, 51.130201498048834], [32.19222232963788, 18.69305228482129, 51.03403108829827, 60.41588978678669, 50.10479048961689, 27.643073939395777, 55.740938012216816, 86.63338567421579, 74.7200749217785, 70.08503964480155, 86.30100189392223, 55.566449958994276, 72.32158491609145, 77.7696881299116, 27.11957531325639, 58.19967856289132, 72.21694233755424, 12.795072957095579, 71.12429876888189, 70.32145541100877, 65.80016857241603, 20.689052924135105, 57.315424651361546, 57.54508267927102, 38.21682708191525, 32.26094925854294, 95.07091113193583, 74.5327770166401, 53.33218760069431, 0.0, 73.46383913396305, 57.32681232379024, 35.83910744206069, 46.26612415568709, 58.54802680328008, 29.053746882246177, 52.1787426704759, 47.075752398866264, 64.97007324392469, 7.790012184449753, 7.878399672860708, 49.87024570944533, 106.06470032851156, 60.855539968909234, 22.74952054935463, 76.86304993932407, 84.16929720713061, 20.167910381266893, 34.744874582961344, 58.30156423727939, 33.59023458010404, 49.25519629350146, 30.9304733617169, 27.090364971838152, 90.72123123564661, 41.691616712607455, 12.257769825377403, 26.558524148818265, 24.098117805400687], [55.32145739847565, 67.82594348228116, 47.13409098273984, 42.53589497050092, 101.17693717550931, 72.44385027122026, 39.49308574196369, 20.6127238598621, 15.449266481521533, 54.85413407453363, 70.76161241179352, 50.4315541756862, 5.768697284197016, 26.210478829606895, 83.40272842640603, 21.187695036047362, 19.150848734831076, 82.62178502915579, 81.36960672761751, 75.0191546928716, 82.77875065788375, 52.805358441217024, 31.51924273531758, 58.88326318770916, 91.883041120905, 57.21432816510289, 67.44952694970743, 33.273117568656915, 22.333583883587504, 73.46383913396305, 0.0, 27.463040835844875, 47.265845953830286, 93.45547545539132, 33.90552270824063, 64.2759040355178, 24.694609142582962, 53.801978620738794, 68.9767535534275, 77.00719768959135, 76.28776609767749, 91.18434468410847, 73.23831530861277, 26.100102362561653, 59.7092043879642, 38.42982075562677, 24.14060473599431, 67.97458296127675, 71.33684036623643, 78.06929258976271, 80.85511773951019, 51.515059319487136, 85.90261758974626, 79.42523962834287, 25.177483522914173, 38.08691257519009, 61.55974562442593, 52.87863218998813, 73.42827523320085], [52.13508166538075, 58.74568033115444, 53.87614175355577, 54.52224158675788, 96.67720257970335, 48.352452657231275, 49.34816137419225, 31.03462627995027, 19.53279623086076, 68.90497775862299, 87.18328068033814, 59.02391647537291, 22.751236836123304, 49.45199972573252, 60.00417123491585, 32.454400744579296, 15.77531726052752, 68.88977245879646, 89.92997288916524, 84.7875878204506, 89.07702245813948, 38.9953237144418, 42.7547380446291, 67.03981662425896, 85.61175856934665, 54.146463440392836, 87.52549761448016, 53.591236800661946, 11.198153767940086, 57.32681232379024, 27.463040835844875, 0.0, 23.697602415313547, 89.81912501503808, 45.81251095060566, 40.04695012602484, 9.291505285506407, 58.03299576212577, 78.10337737127195, 58.47806086110903, 57.65351511396008, 89.52879044405614, 95.27757316523149, 3.528937866279275, 52.00091877058227, 58.64557067727044, 27.25579767324631, 59.49129643350941, 45.794407532690876, 82.7118421297864, 55.8965367990584, 56.99625487471768, 78.49853375535484, 72.09371660957167, 34.47975474232208, 38.074488040385106, 47.42354615647703, 31.896208121925852, 50.17345887873277], [42.39467875789626, 42.58733943411187, 52.49094930104221, 57.40099706907316, 81.11021678876217, 25.271437347583802, 51.61806701654935, 54.69189209748518, 43.00094528713345, 71.3147415057649, 90.03736323594877, 58.196837645894554, 43.985217750484956, 62.497186218442145, 36.61832823302108, 41.666905700287394, 39.4647039228771, 48.298558976049904, 85.45445905148614, 81.78511718026313, 82.71045574084478, 22.31428337411801, 47.94872265828627, 64.57117967991736, 69.31901298382252, 44.083570759096055, 93.95457457489434, 63.52907837118734, 24.96854746891878, 35.83910744206069, 47.265845953830286, 23.697602415313547, 0.0, 75.27217870725943, 50.642718522808046, 17.02810855084184, 22.58265846863977, 53.6427805467444, 75.16073078981174, 35.601815917785984, 34.75445927449358, 76.54792475974477, 103.40856989839094, 27.063767848890635, 38.14583807721857, 67.79515330769634, 50.85266370055422, 43.74202682541661, 24.371213056196456, 75.45846582554597, 33.59537087853292, 53.88590650582354, 61.80764337354125, 55.94782349650884, 58.17459121692588, 35.73108285722098, 28.516785659120732, 9.281879330991636, 26.676215054623373], [38.6645614594682, 32.70490084272883, 49.23661756784966, 58.367614572160456, 7.962484801567813, 73.88774643879512, 57.66841254467186, 112.20380911896207, 101.59291332546404, 57.95699595106951, 65.4041740996728, 49.14459671237322, 95.16251583384683, 83.62891552209466, 72.12246455604985, 72.58013287035708, 101.00715776060503, 36.08630206142386, 39.970317409857856, 43.684764965604586, 32.653201283171654, 53.08816965635366, 64.40441677459788, 43.81627116895002, 9.266697496204982, 36.66207555851999, 78.46555279076193, 76.24834844022341, 81.18692274259296, 46.26612415568709, 9