instance_id,num_cities,city_coordinates,distance_matrix,best_route,total_distance
2021,27,"[[30.41515825236466, 89.3637122157672], [29.70612715415344, 19.963767911702234], [33.6889055154559, 8.69529210251725], [94.22795699722785, 51.81653121660129], [95.75664605869312, 2.4440860566859013], [82.87440873012069, 44.94153053012615], [69.28427893423826, 80.92464192946726], [38.48259961372445, 71.9806334419954], [79.65998614255938, 50.416627178286944], [26.454087706732587, 93.61062028573251], [43.172786289643675, 44.97445892786781], [19.429824924779147, 16.8128539628268], [67.31008960525278, 68.52801282452006], [73.44142641548046, 69.42701360352535], [9.436706770683223, 46.686268371695306], [32.67802215308423, 41.78326190352448], [48.604087445966094, 56.09737098492622], [90.3662899111805, 38.47584067453976], [89.26479099491141, 54.18107429414747], [46.03046101816618, 81.63215063619678], [35.54571073953077, 65.16535065101424], [11.067067747815019, 38.678378074338625], [94.78911632579, 56.805568921988744], [71.01652187795425, 46.31522492405475], [49.47018611034213, 5.976210416203975], [41.78094057178177, 28.074245809790167], [60.42240506527231, 93.26513517428624]]","[[0.0, 69.4035661512112, 80.73482163670386, 74.03961159161047, 108.74066139388255, 68.7408407455135, 39.774696100399865, 19.163899336359876, 62.784779260993005, 5.8074355805476205, 46.1861762932899, 73.3778207741032, 42.37171614009448, 47.42079400009787, 47.55480669325838, 47.634229341398786, 37.91420055990363, 78.63659235476277, 68.56454831074456, 17.42454375088019, 24.73627440101034, 54.252665401807754, 72.1390266969089, 59.17468197094156, 85.53694840851209, 62.33441826199841, 30.259807705800377], [69.4035661512112, 0.0, 11.951613721060697, 71.95599388832436, 68.33454689876814, 58.74312548003957, 72.68189774171591, 52.752068854502845, 58.50439868372257, 73.71861790056695, 28.40573134734587, 10.74851832685142, 61.42103773118655, 66.02566982505736, 33.54014659354022, 22.020955427588447, 40.77707903031101, 63.42201655328853, 68.68812484386612, 63.79242356235175, 45.577229167529225, 26.41308707993948, 74.78712309747522, 48.9994693737605, 24.21300871667071, 14.545823139510187, 79.476915964809], [80.73482163670386, 11.951613721060697, 0.0, 74.3264287925005, 62.38174406963989, 61.09831034186521, 80.52396901076399, 63.46663636559004, 62.08067376026374, 85.22297547720667, 37.498292495534045, 16.407808807009143, 68.6319057625329, 72.58515629509176, 45.0719804517308, 33.10340814364416, 49.69325642775225, 64.02504959147879, 71.8166793190132, 73.97363939261376, 56.50057732546482, 37.559725616397884, 77.76782430230027, 52.99632335174629, 16.013813488091362, 21.00059232834716, 88.69463543734574], [74.03961159161047, 71.95599388832436, 74.3264287925005, 0.0, 49.3961054265971, 13.272855483752002, 38.333656029428376, 59.280147506316645, 14.635077934160751, 79.62438847315319, 51.51159490041845, 82.58340016500829, 31.683516257886556, 27.24351195286837, 84.94631076061118, 62.362336168773005, 45.824262808610705, 13.88835831992073, 5.497643197964136, 56.67424265065944, 60.18136759946191, 84.19230706390373, 5.020497686266774, 23.854456422661574, 64.06709815378166, 57.570701300830855, 53.48646661974559], [108.74066139388255, 68.33454689876814, 62.38174406963989, 49.3961054265971, 0.0, 44.40703576419847, 82.82501959717652, 90.08689038061986, 50.60105890314322, 114.51716708626188, 67.6305768478491, 77.66752935139009, 71.94645197030383, 70.60227765780624, 96.99743612426178, 74.34032250490807, 71.42855708550745, 36.432722657499255, 52.14269013056753, 93.50637973172478, 86.94431415751174, 92.11540909367383, 54.37009226678455, 50.36616493240618, 46.421032701151766, 59.75183571890857, 97.45240658599825], [68.7408407455135, 58.74312548003957, 61.09831034186521, 13.272855483752002, 44.40703576419847, 0.0, 38.463956294774505, 51.9783205087007, 6.348952344924786, 74.51129392260906, 39.70163609582817, 69.40055950538685, 28.258984002339616, 26.23966533106004, 73.45842483486132, 50.29564480259759, 36.04036205661832, 9.896132019114887, 11.234151256655618, 51.99690458834288, 51.468520026968996, 72.0799646062174, 16.814150708670645, 11.937190493859628, 51.323856640086525, 44.42047297268788, 53.28473734918336], [39.774696100399865, 72.68189774171591, 80.52396901076399, 38.333656029428376, 82.82501959717652, 38.463956294774505, 0.0, 32.07395729852705, 32.22412549831325, 44.66944512124965, 44.43225974421295, 81.21445647703824, 12.552841776757326, 12.226092274406406, 68.94924305424583, 53.591656681456094, 32.31197459991042, 47.395695108440464, 33.383218419913156, 23.264578574389283, 37.23769924992753, 71.93045591431874, 35.10308267246019, 34.65274031112965, 77.52332333389927, 59.578502759691354, 15.192780587992594], [19.163899336359876, 52.752068854502845, 63.46663636559004, 59.280147506316645, 90.08689038061986, 51.9783205087007, 32.07395729852705, 0.0, 46.48207748677261, 24.74957433082205, 27.4104234360304, 58.36516183486421, 29.033511126625417, 35.051969211937326, 38.51582525870439, 30.750192964094154, 18.83407927716029, 61.76154513346053, 53.81129312080537, 12.25242816467928, 7.4211451798497095, 43.13527095154637, 58.31557602761446, 41.43874144188898, 66.9127111690169, 44.03010252071942, 30.567712986804576], [62.784779260993005, 58.50439868372257, 62.08067376026374, 14.635077934160751, 50.60105890314322, 6.348952344924786, 32.22412549831325, 46.48207748677261, 0.0, 68.5316617989785, 36.89082471797671, 68.9701811990941, 21.921273560374093, 20.001631861329127, 70.32229050995483, 47.768608272335236, 31.571184552527242, 16.03768445611965, 10.316168782056437, 45.88413521952346, 46.51445085572043, 69.59004918761305, 16.422824260935005, 9.56718218414005, 53.724991093278824, 43.977313453284054, 46.96891698973279], [5.8074355805476205, 73.71861790056695, 85.22297547720667, 79.62438847315319, 114.51716708626188, 74.51129392260906, 44.66944512124965, 24.74957433082205, 68.5316617989785, 0.0, 51.42947670290341, 77.11833231999748, 47.94111062736403, 52.845594244840235, 49.91478795382209, 52.199735984680146, 43.56450804901265, 84.40742570056874, 74.1611323043153, 22.95034045877006, 29.862869486409572, 57.04657410912045, 77.61628657862481, 64.98203568434798, 90.6064599181822, 67.30474573310423, 33.970074243850306], [46.1861762932899, 28.40573134734587, 37.498292495534045, 51.51159490041845, 67.6305768478491, 39.70163609582817, 44.43225974421295, 27.4104234360304, 36.89082471797671, 51.42947670290341, 0.0, 36.834823314093306, 33.725054670262836, 38.91166926814421, 33.779481240563776, 10.969221154220204, 12.378134143711835, 47.63883734180021, 47.00249636192784, 36.76890896174276, 21.58342859749009, 32.717240060880705, 52.95489297594104, 27.875998008471086, 39.50342556638884, 16.95743016906672, 51.27902846428471], [73.3778207741032, 10.74851832685142, 16.407808807009143, 82.58340016500829, 77.66752935139009, 69.40055950538685, 81.21445647703824, 58.36516183486421, 68.9701811990941, 77.11833231999748, 36.834823314093306, 0.0, 70.47678626301274, 75.40227377398669, 31.500528549307138, 28.267224881918075, 48.93271780020759, 74.1705268825751, 79.20420681218044, 70.06522005819406, 50.967496618681295, 23.410186933725456, 85.31377409461643, 59.42707459460403, 31.93518660530483, 25.027810871039808, 86.74873445192634], [42.37171614009448, 61.42103773118655, 68.6319057625329, 31.683516257886556, 71.94645197030383, 28.258984002339616, 12.552841776757326, 29.033511126625417, 21.921273560374093, 47.94111062736403, 33.725054670262836, 70.47678626301274, 0.0, 6.196893857498695, 61.857822799215555, 43.75684858210937, 22.459638762177345, 37.877716714172635, 26.226771785779658, 24.990818725919507, 31.94187317015479, 63.67321416714773, 29.874949381647365, 22.51989312814741, 65.0460616889043, 47.83560092708382, 25.678111699842486], [47.42079400009787, 66.02566982505736, 72.58515629509176, 27.24351195286837, 70.60227765780624, 26.23966533106004, 12.226092274406406, 35.051969211937326, 20.001631861329127, 52.845594244840235, 38.91166926814421, 75.40227377398669, 6.196893857498695, 0.0, 67.92455837551022, 49.25273733622168, 28.18816736551228, 35.27642428064458, 21.973109293835126, 30.005439406865026, 38.134591091464785, 69.54163649289062, 24.799692142359763, 23.238651810735938, 67.82790566487279, 52.08106919084541, 27.16157132677621], [47.55480669325838, 33.54014659354022, 45.0719804517308, 84.94631076061118, 96.99743612426178, 73.45842483486132, 68.94924305424583, 38.51582525870439, 70.32229050995483, 49.91478795382209, 33.779481240563776, 31.500528549307138, 61.857822799215555, 67.92455837551022, 0.0, 23.752856946715998, 40.28216182579187, 81.3449970819649, 80.17914408825834, 50.59958040507426, 31.986818693504606, 8.172171310628125, 85.950183597767, 61.580932941014474, 57.096307120323985, 37.316977959435455, 69.05890430060683], [47.634229341398786, 22.020955427588447, 33.10340814364416, 62.362336168773005, 74.34032250490807, 50.29564480259759, 53.591656681456094, 30.750192964094154, 47.768608272335236, 52.199735984680146, 10.969221154220204, 28.267224881918075, 43.75684858210937, 49.25273733622168, 23.752856946715998, 0.0, 21.41339007507695, 57.783001584512284, 57.928992396135015, 42.02643878411123, 23.55728575248691, 21.83285720878888, 63.90193837034778, 38.6054303171628, 39.548978578252225, 16.456009418924427, 58.48191223485163], [37.91420055990363, 40.77707903031101, 49.69325642775225, 45.824262808610705, 71.42855708550745, 36.04036205661832, 32.31197459991042, 18.83407927716029, 31.571184552527242, 43.56450804901265, 12.378134143711835, 48.93271780020759, 22.459638762177345, 28.18816736551228, 40.28216182579187, 21.41339007507695, 0.0, 45.32769446183458, 40.7058350375263, 25.664148628559868, 15.898096031656067, 41.38174913942719, 46.190458289004106, 24.45419388825547, 50.128643145930766, 28.84182514765727, 39.00147851282919], [78.63659235476277, 63.42201655328853, 64.02504959147879, 13.88835831992073, 36.432722657499255, 9.896132019114887, 47.395695108440464, 61.76154513346053, 16.03768445611965, 84.40742570056874, 47.63883734180021, 74.1705268825751, 37.877716714172635, 35.27642428064458, 81.3449970819649, 57.783001584512284, 45.32769446183458, 0.0, 15.74381348050714, 61.871906493474576, 60.972336706898865, 79.29948081238057, 18.855777128484966, 20.87748711773542, 52.23712542835298, 49.68630944396855, 62.43799349310451], [68.56454831074456, 68.68812484386612, 71.8166793190132, 5.497643197964136, 52.14269013056753, 11.234151256655618, 33.383218419913156, 53.81129312080537, 10.316168782056437, 74.1611323043153, 47.00249636192784, 79.20420681218044, 26.226771785779658, 21.973109293835126, 80.17914408825834, 57.928992396135015, 40.7058350375263, 15.74381348050714, 0.0, 51.21297570806749, 54.83059283436618, 79.71961810691992, 6.116056115909551, 19.871359089852927, 62.508555249741995, 54.187475900966255, 48.57413963207828], [17.42454375088019, 63.79242356235175, 73.97363939261376, 56.67424265065944, 93.50637973172478, 51.99690458834288, 23.264578574389283, 12.25242816467928, 45.88413521952346, 22.95034045877006, 36.76890896174276, 70.06522005819406, 24.990818725919507, 30.005439406865026, 50.59958040507426, 42.02643878411123, 25.664148628559868, 61.871906493474576, 51.21297570806749, 0.0, 19.521411069831842, 55.384704082201935, 54.71531437376488, 43.26185940347447, 75.73409403485904, 53.72622817040731, 18.505523032826225], [24.73627440101034, 45.577229167529225, 56.50057732546482, 60.18136759946191, 86.94431415751174, 51.468520026968996, 37.23769924992753, 7.4211451798497095, 46.51445085572043, 29.862869486409572, 21.58342859749009, 50.967496618681295, 31.94187317015479, 38.134591091464785, 31.986818693504606, 23.55728575248691, 15.898096031656067, 60.972336706898865, 54.83059283436618, 19.521411069831842, 0.0, 36.06610152197546, 59.83031886940734, 40.16846627318358, 60.80497788905417, 37.61154276819376, 37.5292927035762], [54.252665401807754, 26.41308707993948, 37.559725616397884, 84.19230706390373, 92.11540909367383, 72.0799646062174, 71.93045591431874, 43.13527095154637, 69.59004918761305, 57.04657410912045, 32.717240060880705, 23.410186933725456, 63.67321416714773, 69.54163649289062, 8.172171310628125, 21.83285720878888, 41.38174913942719, 79.29948081238057, 79.71961810691992, 55.384704082201935, 36.06610152197546, 0.0, 85.66198962270217, 60.433918293518644, 50.44037340768816, 32.49291622693847, 73.5911908614657], [72.1390266969089, 74.78712309747522, 77.76782430230027, 5.020497686266774, 54.37009226678455, 16.814150708670645, 35.10308267246019, 58.31557602761446, 16.422824260935005, 77.61628657862481, 52.95489297594104, 85.31377409461643, 29.874949381647365, 24.799692142359763, 85.950183597767, 63.90193837034778, 46.190458289004106, 18.855777128484966, 6.116056115909551, 54.71531437376488, 59.83031886940734, 85.66198962270217, 0.0, 25.984294563760262, 68.09867195461472, 60.29391034379328, 50.10360081041546], [59.17468197094156, 48.9994693737605, 52.99632335174629, 23.854456422661574, 50.36616493240618, 11.937190493859628, 34.65274031112965, 41.43874144188898, 9.56718218414005, 64.98203568434798, 27.875998008471086, 59.42707459460403, 22.51989312814741, 23.238651810735938, 61.580932941014474, 38.6054303171628, 24.45419388825547, 20.87748711773542, 19.871359089852927, 43.26185940347447, 40.16846627318358, 60.433918293518644, 25.984294563760262, 0.0, 45.73270904369516, 34.45943315489764, 48.13033745513886], [85.53694840851209, 24.21300871667071, 16.013813488091362, 64.06709815378166, 46.421032701151766, 51.323856640086525, 77.52332333389927, 66.9127111690169, 53.724991093278824, 90.6064599181822, 39.50342556638884, 31.93518660530483, 65.0460616889043, 67.82790566487279, 57.096307120323985, 39.548978578252225, 50.128643145930766, 52.23712542835298, 62.508555249741995, 75.73409403485904, 60.80497788905417, 50.44037340768816, 68.09867195461472, 45.73270904369516, 0.0, 23.397599560819447, 87.97333394534324], [62.33441826199841, 14.545823139510187, 21.00059232834716, 57.570701300830855, 59.75183571890857, 44.42047297268788, 59.578502759691354, 44.03010252071942, 43.977313453284054, 67.30474573310423, 16.95743016906672, 25.027810871039808, 47.83560092708382, 52.08106919084541, 37.316977959435455, 16.456009418924427, 28.84182514765727, 49.68630944396855, 54.187475900966255, 53.72622817040731, 37.61154276819376, 32.49291622693847, 60.29391034379328, 34.45943315489764, 23.397599560819447, 0.0, 67.80380708039952], [30.259807705800377, 79.476915964809, 88.69463543734574, 53.48646661974559, 97.45240658599825, 53.28473734918336, 15.192780587992594, 30.567712986804576, 46.96891698973279, 33.970074243850306, 51.27902846428471, 86.74873445192634, 25.678111699842486, 27.16157132677621, 69.05890430060683, 58.48191223485163, 39.00147851282919, 62.43799349310451, 48.57413963207828, 18.505523032826225, 37.5292927035762, 73.5911908614657, 50.10360081041546, 48.13033745513886, 87.97333394534324, 67.80380708039952, 0.0]]",Route_1,1164.514726591894
