instance_id,num_cities,city_coordinates,distance_matrix,best_route,total_distance
2294,48,"[[98.4258747151085, 8.546142406058188], [97.20012487920539, 46.69195481496299], [62.53894210945538, 46.06714048991659], [0.6324330874322825, 6.523195260747383], [71.83517891503476, 36.44261263237056], [40.674213899514875, 84.27430691165809], [75.11892144482165, 83.78643958355678], [47.11820378661942, 85.88007920473595], [35.0056967434835, 28.779562746790187], [79.92035952623888, 74.58933018936703], [42.833379138849594, 12.319477136001167], [92.00506500595725, 78.96638768386678], [48.68151743610299, 39.30452816554077], [21.50786135543884, 93.61849165129976], [81.42565592393153, 16.703509680634333], [75.97711669080086, 22.400277307038287], [54.1756863572069, 69.41353784739897], [11.189089691880483, 15.66610213847255], [31.917569690153126, 91.56844859086436], [76.28984382506589, 44.489598596994064], [12.354696008241117, 61.63126953565917], [94.7531947329471, 8.132183494176958], [30.048569401001867, 42.26933979598131], [98.83541611659857, 65.69554770019336], [9.008176743681384, 69.5584025776962], [28.101734072204486, 75.97164141185482], [10.576415599446577, 15.102270952851548], [80.42895605660902, 56.485907269198734], [84.87054519361492, 0.05496313245024753], [25.451334358455526, 31.2260102528624], [34.384675823294444, 87.07730022945806], [16.496275675026816, 13.323911229891117], [8.397516164797869, 31.26677515296502], [34.993424692175005, 20.348238725518687], [81.7155080339137, 81.11923881125168], [67.70519006798492, 2.777698208447421], [86.46981442788166, 85.87694774891008], [55.760724953167404, 38.31953507719169], [17.67433732836443, 62.25291742318233], [20.755613185188583, 18.606177562032578], [69.18171469314055, 52.137513568703355], [54.89415590104484, 91.92371138557095], [31.12178149828925, 5.557151150782391], [1.902329187538221, 20.67830054834299], [8.983637504098152, 81.58384043617508], [24.83431023599453, 80.12920501457893], [57.866940425712166, 21.881863634372767], [26.25774905722541, 55.22090147324392]]","[[0.0, 38.165501005431224, 51.92010428583128, 97.81436264955387, 38.53930661311374, 95.23659604556734, 78.76748307583301, 92.80632993976225, 66.56958969858036, 68.58685548256953, 55.72040577185849, 70.71235919065248, 58.48571941620014, 114.68951732962641, 18.856035633192164, 26.379609373310895, 75.25236871701995, 87.52685580883221, 106.37696161075579, 42.212982677307316, 101.12506378912896, 3.695935636898327, 76.2411301347132, 57.15087269353688, 108.2498064744737, 97.42526711969349, 88.09375851010351, 51.20654388194786, 15.995220657834787, 76.41766775957821, 101.33320237999303, 82.06878988874237, 92.85113082608692, 64.52104457807374, 74.4720798451171, 31.25756570254575, 78.24960595789511, 52.026626984250754, 96.98055719092727, 78.31905153578917, 52.492175942991366, 94.0575863598472, 67.37043144037607, 97.28301034817099, 115.47475538337021, 102.66378726161913, 42.69506542178956, 85.94632915344228], [38.165501005431224, 0.0, 34.66681387059962, 104.58894942638669, 27.35743955382456, 67.87939157950562, 43.169205984799824, 63.59172834191823, 64.72248976000085, 32.81545129103037, 64.32114943148345, 32.68987097092936, 49.07778866980933, 89.05851232085224, 33.88422512608985, 32.256808160667426, 48.655653788980274, 91.43577914743513, 79.21938970750891, 21.02594175474506, 86.15062347204382, 38.63733209542269, 67.29703505168982, 19.073822898901867, 91.10814535059289, 75.04590368120856, 92.20398655097466, 19.42147286772707, 48.23927371362558, 73.39676002650535, 74.67768585289599, 87.3300498629541, 90.13234426158616, 67.55490304604346, 37.74932108272421, 52.9000294217408, 40.62761663715054, 42.276722655564726, 81.0339092163021, 81.44061794975464, 28.542694678236327, 61.93308335327589, 77.83584994369207, 98.78451332063126, 94.86618115538435, 79.71738097734563, 46.50419361349815, 71.45322678764656], [51.92010428583128, 34.66681387059962, 0.0, 73.4584199638228, 13.381014730807536, 44.02106206889174, 39.76180836171474, 42.69507301236694, 32.510612799629776, 33.40103256888778, 39.07958538467003, 44.165743110247696, 15.419505310723657, 62.8066922000817, 34.91318909830144, 27.215895153307013, 24.799159589610642, 59.674370345674305, 54.84557856143903, 13.841095925406545, 52.54237023298212, 49.76765048059591, 32.711582181928705, 41.26388729826198, 58.45838036690976, 45.60921477937437, 60.48906766309781, 20.702736539656424, 51.14509714022823, 39.94683711390964, 49.74430532206442, 56.49819638507625, 56.127932595349264, 37.68577235180999, 39.954852989138104, 43.59662751876183, 46.44897634952822, 10.294154528132983, 47.69499069186329, 49.99951060680585, 8.998658617495082, 46.48943805296509, 51.26497066345181, 65.73729550431212, 64.26201542470602, 50.81204093908707, 24.632401756877123, 37.418128085636056], [97.81436264955387, 104.58894942638669, 73.4584199638228, 0.0, 77.23342896212462, 87.45615800820002, 107.32122749531725, 91.96978801104781, 40.94956834988856, 104.49676551495105, 42.59714463684192, 116.6060632736195, 58.16640176047133, 89.56212457691507, 81.43208002989964, 76.99937065714478, 82.59585438372578, 13.965519855665738, 90.617078336452, 84.64922670534894, 56.34102677688581, 94.13451341493793, 46.29358405602596, 114.65248871718717, 63.58923213316791, 74.68366065877646, 13.133290826373207, 94.14753140263318, 84.48607907862294, 35.01723759572508, 87.33943964218352, 17.26010542658835, 25.933400492047827, 37.03794771398674, 110.17728784175736, 67.17725416494083, 116.8977077163548, 63.64067716293156, 58.2771690498028, 23.472128973314426, 82.3387517719222, 101.18094048331223, 30.50464895292231, 14.211954186809827, 75.52379141277532, 77.4827434297163, 59.25940874212815, 55.02838730065019], [38.53930661311374, 27.35743955382456, 13.381014730807536, 77.23342896212462, 0.0, 57.08657213676156, 47.45756963210187, 55.27198169590491, 37.61825475182901, 38.99413040303699, 37.72307061247972, 47.06480372370675, 23.329864988892876, 76.17033565852024, 21.945601714179983, 14.640451834810047, 37.40240081779476, 64.10625185085964, 68.0608060219178, 9.197718335299808, 64.59408861046775, 36.42411079242377, 42.19089337899143, 39.80888115763827, 71.02033332463438, 58.95047339988181, 64.86945557004367, 21.807949593158668, 38.65206087837744, 46.676267805329026, 62.979455141173595, 59.973899042366476, 63.64845912373694, 40.20377750499521, 45.75611249029853, 33.91730046815083, 51.55507778103154, 16.18366176228564, 59.99640484871572, 54.10416297447045, 15.91762506714405, 58.00991794187362, 51.10276372315421, 71.68763496232269, 77.38247027179769, 64.16852819376186, 20.177390759889818, 49.29428206430032], [95.23659604556734, 67.87939157950562, 44.02106206889174, 87.45615800820002, 57.08657213676156, 0.0, 34.448162395279404, 6.641047381424269, 55.78349860552277, 40.42349218790167, 71.98721777214699, 51.60455679337352, 45.67710488200627, 21.322824819717535, 78.90812800659714, 71.23686184135538, 20.078152696576872, 74.67568755451124, 11.396636374197556, 53.397529069018745, 36.25882286016823, 93.39250037613115, 43.328069232287135, 61.05649627332121, 34.918415621573466, 15.066569065641657, 75.43638393506158, 48.503965597320736, 95.11158481729889, 55.18929098947727, 6.885859478079546, 74.95686322269934, 62.06112825116169, 64.17798345037941, 41.16238913066686, 85.86251162611438, 45.82363457220494, 48.36779786314285, 31.842360422734142, 68.62254634371932, 42.95871375944988, 16.14683062809523, 79.2946377497366, 74.4829582487271, 31.804578949098534, 16.37328365987637, 64.71790187818108, 32.433544766458105], [78.76748307583301, 43.169205984799824, 39.76180836171474, 107.32122749531725, 47.45756963210187, 34.448162395279404, 0.0, 28.07888025256224, 68.07956591573756, 10.375000185945876, 78.42118950558603, 17.560602059240065, 51.74530678351841, 54.505183347735134, 67.37873836864564, 61.39216088491497, 25.400775583677483, 93.4205746160422, 43.896656565397066, 39.31428201994477, 66.55974424909671, 78.16054728563677, 61.2781054547654, 29.828719192281245, 67.62446008641757, 47.66221751971081, 94.25099512096108, 27.81214720631415, 84.29741582290787, 72.31506024618027, 40.86696135199742, 91.6601467326012, 84.91207849560126, 75.06304562000827, 7.115399819207206, 81.34727771786373, 11.541793443927581, 49.416385711628266, 61.34796509212075, 84.87541364922141, 32.201008398897606, 21.800374622482906, 89.7528266528301, 96.66078105548895, 66.17195195038579, 50.41743239312598, 64.26357733998323, 56.59862308062038], [92.80632993976225, 63.59172834191823, 42.69507301236694, 91.96978801104781, 55.27198169590491, 6.641047381424269, 28.07888025256224, 0.0, 58.37106994594284, 34.69095609080707, 73.68528956974305, 45.41618038287492, 46.60178005367752, 26.753928059921634, 77.21657233571577, 69.73178689078654, 17.915218237773026, 78.87270640148296, 16.23012086238721, 50.637500604517896, 42.385212556084696, 91.18019329808791, 46.83235003538646, 55.516532341654944, 41.458066635229436, 21.443023571657413, 79.65425553513586, 44.425483233933896, 93.76134507637813, 58.79218046486498, 12.789686179684619, 78.75341257663344, 66.94702853269787, 66.64407238969311, 34.923331204684324, 85.61442478578846, 39.35161076585709, 48.33940969666794, 37.751609844657764, 72.25485468431016, 40.315744433461035, 9.848396885943501, 81.90029485409187, 79.34574503851543, 38.37581026001266, 23.01400586005391, 64.89458325258936, 37.08293071870552], [66.56958969858036, 64.72248976000085, 32.510612799629776, 40.94956834988856, 37.61825475182901, 55.78349860552277, 68.07956591573756, 58.37106994594284, 0.0, 64.15498208270037, 18.226547396510075, 75.94501550191343, 17.256968699124865, 66.22898354683392, 47.965025466177686, 41.465076090865495, 44.92892647579238, 27.188115428921602, 62.86478119136095, 44.17223139788638, 39.903664910002576, 63.214537774171845, 14.371749939602433, 73.73617172277464, 48.36098452363017, 47.694412558454495, 27.997465743008583, 53.20633433550786, 57.5465527547803, 9.86260340804619, 58.301045124263176, 24.113809987251138, 26.7241744355438, 8.431332952440743, 70.15160840152107, 41.777431983661224, 76.86785272865302, 22.842553886323678, 37.69405115489155, 17.5089305080531, 41.395580313533415, 66.20222288547737, 23.54496120120502, 34.080249305895634, 58.86798203909958, 52.34732910583504, 23.879169075654293, 27.850870405941897], [68.58685548256953, 32.81545129103037, 33.40103256888778, 104.49676551495105, 38.99413040303699, 40.42349218790167, 10.375000185945876, 34.69095609080707, 64.15498208270037, 0.0, 72.47743589243741, 12.8529661495583, 47.12624013214994, 61.433939548901016, 57.90538950058212, 52.337810470192004, 26.2597986082805, 90.53139928765657, 50.917170912566256, 30.31789053000487, 68.79702190162352, 68.09232957635813, 59.428757595327816, 20.901644260230857, 71.09042058970194, 51.837059409859634, 91.36351994056938, 18.110565751990727, 74.69856900046143, 69.62221067047696, 47.21702961873831, 88.18200481189851, 83.62033782153303, 70.43099798223638, 6.772168395334726, 72.84312495120523, 13.050121443080796, 43.57965098739926, 63.456712484937036, 81.4529348010018, 24.88779946920457, 30.443252772083728, 84.5384111535407, 94.83254807757613, 71.28072463744437, 55.36391459684049, 57.13519339837152, 57.05095786470738], [55.72040577185849, 64.32114943148345, 39.07958538467003, 42.59714463684192, 37.72307061247972, 71.98721777214699, 78.42118950558603, 73.68528956974305, 18.226547396510075, 72.47743589243741, 0.0, 82.82309687876152, 27.611477696977005, 84.04943467917735, 38.84048878179543, 34.64289062709702, 58.20979042697524, 31.820762930997226, 79.99721478010326, 46.413917569141624, 57.970708077812944, 52.088392942842376, 32.564484233358264, 77.3642879792142, 66.48638133327769, 65.33467213792282, 32.376776217058364, 58.00087029079639, 43.789743475604084, 25.682532492855824, 75.23372050740858, 26.356249860575275, 39.30430969895425, 11.221670926704478, 79.02674961039234, 26.63930411998339, 85.52683770433022, 29.036516367295587, 55.91355688681617, 22.95539918518728, 47.746317259423385, 80.51270984489274, 13.523704079309919, 41.77583965589992, 77.09317111208945, 70.15786254110434, 17.817048030189863, 45.99221371892213], [70.71235919065248, 32.68987097092936, 44.165743110247696, 116.6060632736195, 47.06480372370675, 51.60455679337352, 17.560602059240065, 45.41618038287492, 75.94501550191343, 12.8529661495583, 82.82309687876152, 0.0, 58.73663996594334, 72.0037490219442, 63.15528381513502, 58.79302654530441, 39.01690439987048, 102.65548215314129, 61.394780172507, 37.889538958729, 81.51495324592081, 70.88749325644854, 72.00889300171622, 14.925444387585395, 83.52840022997347, 63.97346488711122, 103.48550792261287, 25.285930832806095, 79.23329033737403, 81.90569394343083, 58.1884537677687, 100.05254610070442, 96.257338727107, 81.77049907253328, 10.512361802069625, 79.96999641104765, 8.85408602706442, 54.45933173195422, 76.18659439320835, 93.38008005303922, 35.22348372590134, 39.307910299376324, 95.37132807634279, 107.3126465235213, 83.0626780410854, 67.18081899255972, 66.5135658028766, 69.90391741412814], [58.48571941620014, 49.07778866980933, 15.419505310723657, 58.16640176047133, 23.329864988892876, 45.67710488200627, 51.74530678351841, 46.60178005367752, 17.256968699124865, 47.12624013214994, 27.611477696977005, 58.73663996594334, 0.0, 60.73231606255912, 39.78673952292618, 32.106127697999405, 30.606181665733065, 44.322198988688754, 54.88667709247385, 28.09100641448498, 42.63943404009862, 55.62656309044128, 18.86734905816857, 56.67362230290058, 49.892593424710135, 42.04764770023423, 45.141422664456684, 36.09847153088912, 53.38702169367356, 24.594793300340704, 49.8661952706714, 41.36281232672518, 41.07805048828003, 23.38171919043309, 53.288972228790215, 41.183849105194454, 59.974541727205136, 7.147404455727739, 38.57555946132183, 34.76029122342026, 24.185607330295305, 52.9846706080087, 38.04247338938401, 50.35105568349409, 57.99536116943907, 47.279419741292266, 19.69571615513537, 27.49829681234304], [114.68951732962641, 89.05851232085224, 62.8066922000817, 89.56212457691507, 76.17033565852024, 21.322824819717535, 54.505183347735134, 26.753928059921634, 66.22898354683392, 61.433939548901016, 84.04943467917735, 72.0037490219442, 60.73231606255912, 0.0, 97.49900798213221, 89.6601016683231, 40.65792147903178, 78.63238569065668, 10.609651462864338, 73.58473847234855, 33.27105069799371, 112.5734770890412, 52.05457799444828, 82.21460651390836, 27.113280908498396, 18.838537118850404, 79.27353542692309, 69.64570499089028, 112.99983881437277, 62.51697940863645, 14.442975318706006, 80.45082744187391, 63.71512929678846, 74.50094215724425, 61.49139809859192, 101.9129183837947, 65.42160842549569, 65.04793050381917, 31.598973925203666, 75.01608589053762, 63.193890802462356, 33.429282726900745, 88.58457626054982, 75.52912265955722, 17.369197245359185, 13.893383897473122, 80.42466307095943, 38.690261884116445], [18.856035633192164, 33.88422512608985, 34.91318909830144, 81.43208002989964, 21.945601714179983, 78.90812800659714, 67.37873836864564, 77.21657233571577, 47.965025466177686, 57.90538950058212, 38.84048878179543, 63.15528381513502, 39.78673952292618, 97.49900798213221, 0.0, 7.882876452425747, 59.33723881955192, 70.24422716834336, 89.75416246929004, 28.25673907553212, 82.39721542179501, 15.84584877185397, 57.386554950366055, 51.99345669674301, 89.65450905549504, 79.72547949406386, 70.86733253072234, 39.79488118489783, 17.001216551983333, 57.82756866396578, 84.64823805040626, 65.01727543657242, 74.46608555508432, 46.57505928036946, 64.41638125255659, 19.54940941468794, 69.35710539806684, 33.55504784199689, 78.35163794312402, 60.69987010684455, 37.48976831620534, 79.76214163370857, 51.523985586392584, 79.62260016895446, 97.24866760880502, 85.00234841088772, 24.12111990758803, 67.28363410636311], [26.379609373310895, 32.256808160667426, 27.215895153307013, 76.99937065714478, 14.640451834810047, 71.23686184135538, 61.39216088491497, 69.73178689078654, 41.465076090865495, 52.337810470192004, 34.64289062709702, 58.79302654530441, 32.106127697999405, 89.6601016683231, 7.882876452425747, 0.0, 51.82228315335388, 65.13706746249605, 82.00902145892844, 22.091534879030004, 74.74545581338518, 23.582188356837833, 50.04209328496185, 48.95898580501677, 81.90682326084902, 71.84666528745662, 65.80663036492918, 34.375122452964284, 24.050075594386616, 51.29082025398448, 76.89634862218251, 60.16935157628155, 68.15876459638898, 41.03503225511433, 58.99869130192641, 21.294843989419274, 64.33804781144468, 25.73179478470251, 70.62185926192991, 55.35169050982455, 30.503781876873784, 72.64983910329373, 47.91338011399448, 74.09479973392871, 89.39138883695503, 77.12467663683415, 18.11759468275489, 59.575237209279756], [75.25236871701995, 48.655653788980274, 24.799159589610642, 82.59585438372578, 37.40240081779476, 20.078152696576872, 25.400775583677483, 17.915218237773026, 44.92892647579238, 26.2597986082805, 58.20979042697524, 39.01690439987048, 30.606181665733065, 40.65792147903178, 59.33723881955192, 51.82228315335388, 0.0, 68.82321075155264, 31.404837646692194, 33.320244721057165, 42.53891082108471, 73.49788144802834, 36.317010621373875, 44.814226679890524, 45.16774192361186, 26.886050474599482, 69.64632167099177, 29.26359175282425, 75.84712417406568, 47.78468019702197, 26.52720489315223, 67.57058682184011, 59.58872687204035, 52.681711632267024, 29.924324771662793, 67.99546010615725, 36.24851132709201, 31.134375786650075, 37.1970827590698, 60.813560576487255, 22.883223140478353, 22.521636512563667, 67.89050486770486, 71.46766558649477, 46.802110472115864, 31.236867248881246, 47.67478799209827, 31.318399549381297], [87.52685580883221, 91.43577914743513, 59.674370345674305, 13.965519855665738, 64.10625185085964, 74.67568755451124, 93.4205746160422, 78.87270640148296, 27.188115428921602, 90.53139928765657, 31.820762930997226, 102.65548215314129, 44.322198988688754, 78.63238569065668, 70.24422716834336, 65.13706746249605, 68.82321075155264, 0.0, 78.68186627182725, 71.19622277062076, 45.9799440184101, 83.90303678326119, 32.610001974250984, 100.91988881762316, 53.93641096624031, 62.63222498832974, 0.8326314607426835, 80.376710464636, 75.31709331831269, 21.107400679797202, 75.0839159125962, 5.801041398916786, 15.848466211662947, 24.2604362661928, 96.21896270725944, 57.967064420974424, 102.94051854401296, 49.99808690114294, 47.03604782800304, 10.008117467547907, 68.50772515745902, 87.89400309708614, 22.34956582846291, 10.553011587453085, 65.95462259490985, 65.89145374108077, 47.0898868134527, 42.32784716333713], [106.37696161075579, 79.21938970750891, 54.84557856143903, 90.617078336452, 68.0608060219178, 11.396636374197556, 43.896656565397066, 16.23012086238721, 62.86478119136095, 50.917170912566256, 79.99721478010326, 61.394780172507, 54.88667709247385, 10.609651462864338, 89.75416246929004, 82.00902145892844, 31.404837646692194, 78.68186627182725, 0.0, 64.69402467499754, 35.76228063865421, 104.45059170633401, 49.33452432172184, 71.74541916284147, 31.769205383163566, 16.05680527509782, 79.38841968758047, 59.867681705423834, 105.72954003218587, 60.687907065085575, 5.1241610314612505, 79.74975821865361, 64.72622912889821, 71.28659886161876, 50.882419835414, 95.73166208616915, 54.84834170473157, 58.34331875444521, 32.59248434463444, 73.81112562956501, 54.253250036523674, 22.97933257429036, 86.01497873145445, 76.98264578410132, 25.013149452183267, 13.45469650688988, 74.36121276895508, 36.78556443857499], [42.212982677307316, 21.02594175474506, 13.841095925406545, 84.64922670534894, 9.197718335299808, 53.397529069018745, 39.31428201994477, 50.637500604517896, 44.17223139788638, 30.31789053000487, 46.413917569141624, 37.889538958729, 28.09100641448498, 73.58473847234855, 28.25673907553212, 22.091534879030004, 33.320244721057165, 71.19622277062076, 64.69402467499754, 0.0, 66.1932021353304, 40.776916996091195, 46.29454621772495, 30.95149604332891, 71.80019260610048, 57.560515471549955, 71.98520455779648, 12.690298334717076, 45.255555071649646, 52.54024001229169, 59.74743036811262, 67.42826455706366, 69.16799270588353, 47.83512819720961, 37.02929076195129, 42.586135233817615, 42.6209393525858, 21.436287120089954, 61.24796402808558, 61.26991314859337, 10.441077682433974, 52.036242348785464, 59.63127802175308, 78.10557117587764, 76.85120810334945, 62.592759026395434, 29.16355687844074, 51.17002411842288], [101.12506378912896, 86.15062347204382, 52.54237023298212, 56.34102677688581, 64.59408861046775, 36.25882286016823, 66.55974424909671, 42.385212556084696, 39.903664910002576, 68.79702190162352, 57.970708077812944, 81.51495324592081, 42.63943404009862, 33.27105069799371, 82.39721542179501, 74.74545581338518, 42.53891082108471, 45.9799440184101, 35.76228063865421, 66.1932021353304, 0.0, 98.24288676214319, 26.228943533494995, 86.57617055205647, 8.60457026551731, 21.29825047593098, 46.562968014627415, 68.26843805145928, 95.13248600419178, 33.10591681452737, 33.65739872184736, 48.48457021175077, 30.621263713798918, 47.08291271040673, 72.04653490173641, 80.79245045562695, 77.98014933544209, 49.269872257089105, 5.3558407249306175, 43.837586027893444, 57.614594114460424, 52.22296124504759, 59.131296708527806, 42.26579753217265, 20.23534336201066, 22.313995344980775, 60.42664694835258, 15.309725757782369], [3.695935636898327, 38.63733209542269, 49.76765048059591, 94.13451341493793, 36.42411079242377, 93.39250037613115, 78.16054728563677, 91.18019329808791, 63.214537774171845, 68.09232957635813, 52.088392942842376, 70.88749325644854, 55.62656309044128, 112.5734770890412, 15.84584877185397, 23.582188356837833, 73.49788144802834, 83.90303678326119, 104.45059170633401, 40.776916996091195, 98.24288676214319, 0.0, 73.1575968695065, 57.70793212496555, 105.47695720334372, 95.1031506248605, 84.4648581628579, 50.43080820855249, 12.763551648704803, 73.04842699008447, 99.38153516469872, 78.42894502235555, 89.40085319606506, 60.99559099427722, 74.14237329840391, 27.57290461723084, 78.18479876742266, 49.312157680673174, 94.18176097212337, 74.73517663490631, 50.895674338731794, 92.78880925508932, 63.68349505020368, 93.69465452024696, 112.92281813149091, 100.36045793591924, 39.365587265728706, 83.1202348362169], [76.2411301347132, 67.29703505168982, 32.711582181928705, 46.29358405602596, 42.19089337899143, 43.328069232287135, 61.2781054547654, 46.83235003538646, 14.371749939602433, 59.428757595327816, 32.564484233358264, 72.00889300171622, 18.86734905816857, 52.05457799444828, 57.386554950366055, 50.04209328496185, 36.317010621373875, 32.610001974250984, 49.33452432172184, 46.29454621772495, 26.228943533494995, 73.1575968695065, 0.0, 72.666481254058, 34.45854133126651, 33.758484889058096, 33.42475733941499, 52.34781896401247, 69.19178149821211, 11.962010593304912, 45.01727598504229, 31.960952740957723, 24.286303443725064, 22.471899474501047, 64.64353951628718, 54.56748881280218, 71.30904824606444, 26.013763673396625, 23.50457389892142, 25.422515259887252, 40.358195128923626, 55.52350661195819, 36.72787196838985, 35.473705951691265, 44.60225685331391, 38.21724601551295, 34.48928747754291, 13.494934929770018], [57.15087269353688, 19.073822898901867, 41.26388729826198, 114.65248871718717, 39.80888115763827, 61.05649627332121, 29.828719192281245, 55.516532341654944, 73.73617172277464, 20.901644260230857, 77.3642879792142, 14.925444387585395, 56.67362230290058, 82.21460651390836, 51.99345669674301, 48.95898580501677, 44.814226679890524, 100.91988881762316, 71.74541916284147, 30.95149604332891, 86.57617055205647, 57.70793212496555, 72.666481254058, 0.0, 89.91025848680455, 71.47623295563557, 101.73166087467438, 20.581915576743604, 67.10964135122933, 81.07633728356736, 67.90491341263645, 97.58341229550423, 96.76959298664379, 78.30822626187356, 23.04303582970174, 70.19791135428304, 23.668481426790816, 51.03797689916521, 81.23405944118602, 91.18039485446708, 32.606169625122234, 51.17373271159692, 90.56358568848798, 106.87645148828413, 91.24571204113668, 75.395584320446, 59.983788742078396, 73.3296390919863], [108.2498064744737, 91.10814535059289, 58.45838036690976, 63.58923213316791, 71.02033332463438, 34.918415621573466, 67.62446008641757, 41.458066635229436, 48.36098452363017, 71.09042058970194, 66.48638133327769, 83.52840022997347, 49.892593424710135, 27.113280908498396, 89.65450905549504, 81.90682326084902, 45.16774192361186, 53.93641096624031, 31.769205383163566, 71.80019260610048, 8.60457026551731, 105.47695720334372, 34.45854133126651, 89.91025848680455, 0.0, 20.14183615764855, 54.478708177150615, 72.60728511145835, 102.88744841598727, 41.7103072835634, 30.836317556908604, 56.730852653137354, 38.29649640864066, 55.649558284885345, 73.62071011452336, 88.910077321114, 79.16186095098614, 56.228708030634955, 11.334568920886957, 52.288923272468224, 62.644569143850376, 51.04635267383551, 67.71389591106136, 49.39390087744767, 12.025462895972714, 19.031772525861108, 68.26588572743172, 22.430151201459946], [97.42526711969349, 75.04590368120856, 45.60921477937437, 74.68366065877646, 58.95047339988181, 15.066569065641657, 47.66221751971081, 21.443023571657413, 47.694412558454495, 51.837059409859634, 65.33467213792282, 63.97346488711122, 42.04764770023423, 18.838537118850404, 79.72547949406386, 71.84666528745662, 26.886050474599482, 62.63222498832974, 16.05680527509782, 57.560515471549955, 21.29825047593098, 95.1031506248605, 33.758484889058096, 71.47623295563557, 20.14183615764855, 0.0, 63.34206380950158, 55.83755005087009, 94.79472536548111, 44.824057451989255, 12.75974195744561, 63.71361519770125, 48.85469548127167, 56.04871386577658, 53.86032414870454, 83.22131366707296, 59.20260043306962, 46.71938449926293, 17.231772710050006, 57.83391682042566, 47.4934780560465, 31.181763963907766, 70.47922477711049, 61.186292257001334, 19.924818550642325, 5.287853405317632, 61.73873637583041, 20.83251038006051], [88.09375851010351, 92.20398655097466, 60.48906766309781, 13.133290826373207, 64.86945557004367, 75.43638393506158, 94.25099512096108, 79.65425553513586, 27.997465743008583, 91.36351994056938, 32.376776217058364, 103.48550792261287, 45.141422664456684, 79.27353542692309, 70.86733253072234, 65.80663036492918, 69.64632167099177, 0.8326314607426835, 79.38841968758047, 71.98520455779648, 46.562968014627415, 84.4648581628579, 33.42475733941499, 101.73166087467438, 54.478708177150615, 63.34206380950158, 0.0, 81.19102637042597, 75.80263296744376, 21.937141497967115, 75.81054078592778, 6.181205919454292, 16.310695839902067, 24.9741969021277, 97.05158688870932, 58.4430660182132, 103.77313169273856, 50.80022800334773, 47.681903857123416, 10.765380857890648, 69.32669238811508, 88.6881943417373, 22.654389683970305, 10.311735117382021, 66.5006467865313, 66.57168852399002, 47.77401610992086, 43.074455699936735], [51.20654388194786, 19.42147286772707, 20.702736539656424, 94.14753140263318, 21.807949593158668, 48.503965597320736, 27.81214720631415, 44.425483233933896, 53.20633433550786, 18.110565751990727, 58.00087029079639, 25.285930832806095, 36.09847153088912, 69.64570499089028, 39.79488118489783, 34.375122452964284, 29.26359175282425, 80.376710464636, 59.867681705423834, 12.690298334717076, 68.26843805145928, 50.43080820855249, 52.34781896401247, 20.581915576743604, 72.60728511145835, 55.83755005087009, 81.19102637042597, 0.0, 56.605469437385615, 60.5029031110177, 55.28027736411068, 77.13848276230712, 76.31862785443442, 58.0544451195716, 24.666905741316786, 55.19479994933071, 30.005420016087193, 30.63557906081312, 63.01904932513261, 70.68084444980883, 12.058564013290475, 43.679102321075334, 70.88678059196755, 86.30536383394573, 75.72542368533678, 60.41332776959293, 41.30961613486349, 54.18597519131558], [15.995220657834787, 48.23927371362558, 51.14509714022823, 84.48607907862294, 38.65206087837744, 95.11158481729889, 84.29741582290787, 93.76134507637813, 57.5465527547803, 74.69856900046143, 43.789743475604084, 79.23329033737403, 53.38702169367356, 112.99983881437277, 17.001216551983333, 24.050075594386616, 75.84712417406568, 75.31709331831269, 105.72954003218587, 45.255555071649646, 95.13248600419178, 12.763551648704803, 69.19178149821211, 67.10964135122933, 102.88744841598727, 94.79472536548111, 75.80263296744376, 56.605469437385615, 0.0, 67.09900740589296, 100.60671031249518, 69.64987951039906, 82.59722379381915, 53.8474157579673, 81.12564977125183, 17.379951176083825, 85.83688429568923, 48.0786761521723, 91.56372572925343, 66.7448279888223, 54.394222693384116, 96.63566019133401, 54.02965548441926, 85.49296411635734, 111.38123986149128, 100.08113568942076, 34.721869995464324, 80.49062444748584], [76.41766775957821, 73.39676002650535, 39.94683711390964, 35.01723759572508, 46.676267805329026, 55.18929098947727, 72.31506024618027, 58.79218046486498, 9.86260340804619, 69.62221067047696, 25.682532492855824, 81.90569394343083, 24.594793300340704, 62.51697940863645, 57.82756866396578, 51.29082025398448, 47.78468019702197, 21.107400679797202, 60.687907065085575, 52.54024001229169, 33.10591681452737, 73.04842699008447, 11.962010593304912, 81.07633728356736, 41.7103072835634, 44.824057451989255, 21.937141497967115, 60.5029031110177, 67.09900740589296, 0.0, 56.56121623318566, 20.016948455044826, 17.053866915143004, 14.46987910585131, 75.19967749506503, 50.938146614282466, 81.91446684914615, 31.128399455419878, 31.986726174488318, 13.465139229937602, 48.473055764461904, 67.4617718651413, 26.287721437357103, 25.803290963570962, 52.98203563905759, 48.90708718243275, 33.735509374180154, 24.00843829457331], [101.33320237999303, 74.67768585289599, 49.74430532206442, 87.33943964218352, 62.979455141173595, 6.885859478079546, 40.86696135199742, 12.789686179684619, 58.301045124263176, 47.21702961873831, 75.23372050740858, 58.1884537677687, 49.8661952706714, 14.442975318706006, 84.64823805040626, 76.89634862218251, 26.52720489315223, 75.0839159125962, 5.1241610314612505, 59.74743036811262, 33.65739872184736, 99.38153516469872, 45.01727598504229, 67.90491341263645, 30.836317556908604, 12.75974195744561, 75.81054078592778, 55.28027736411068, 100.60671031249518, 56.56121623318566, 0.0, 75.89174690825072, 61.56417120720501, 66.73183816126966, 47.70436220738007, 90.64590211604384, 52.0989684114438, 53.23772289501405, 29.924661975161186, 69.81436806081568, 49.31148553844868, 21.074308390875746, 81.58542262675151, 73.91840096767613, 25.988282901986715, 11.810398383039784, 69.2954666892557, 32.87669509509694], [82.06878988874237, 87.3300498629541, 56.49819638507625, 17.26010542658835, 59.973899042366476, 74.95686322269934, 91.6601467326012, 78.75341257663344, 24.113809987251138, 88.18200481189851, 26.356249860575275, 100.05254610070442, 41.36281232672518, 80.45082744187391, 65.01727543657242, 60.16935157628155, 67.57058682184011, 5.801041398916786, 79.74975821865361, 67.42826455706366, 48.48457021175077, 78.42894502235555, 31.960952740957723, 97.58341229550423, 56.730852653137354, 63.71361519770125, 6.181205919454292, 77.13848276230712, 69.64987951039906, 20.016948455044826, 75.89174690825072, 0.0, 19.685940957101106, 19.785997536854588, 94.07313490761571, 52.28360663151481, 100.79801205245755, 46.54544218966467, 48.943186209340666, 6.785594567106574, 65.43891205580081, 87.47757307084161, 16.559830395046934, 16.342286141389145, 68.67210254196527, 67.32362213962007, 42.24654366064723, 43.01911382214854], [92.85113082608692, 90.13234426158616, 56.127932595349264, 25.933400492047827, 63.64845912373694, 62.06112825116169, 84.91207849560126, 66.94702853269787, 26.7241744355438, 83.62033782153303, 39.30430969895425, 96.257338727107, 41.07805048828003, 63.71512929678846, 74.46608555508432, 68.15876459638898, 59.58872687204035, 15.848466211662947, 64.72622912889821, 69.16799270588353, 30.621263713798918, 89.40085319606506, 24.286303443725064, 96.76959298664379, 38.29649640864066, 48.85469548127167, 16.310695839902067, 76.31862785443442, 82.59722379381915, 17.053866915143004, 61.56417120720501, 19.685940957101106, 0.0, 28.749900662682027, 88.66113051681964, 65.79534701601183, 95.27620220726068, 47.88543587855772, 32.345021621432636, 17.692181700539766, 64.26746076165723, 76.4277529428202, 34.312927611623635, 12.421885860137705, 50.32047890212499, 51.552936398619075, 50.351767604704214, 29.87955968115375], [64.52104457807374, 67.55490304604346, 37.68577235180999, 37.03794771398674, 40.20377750499521, 64.17798345037941, 75.06304562000827, 66.64407238969311, 8.431332952440743, 70.43099798223638, 11.221670926704478, 81.77049907253328, 23.38171919043309, 74.50094215724425, 46.57505928036946, 41.03503225511433, 52.681711632267024, 24.2604362661928, 71.28659886161876, 47.83512819720961, 47.08291271040673, 60.99559099427722, 22.471899474501047, 78.30822626187356, 55.649558284885345, 56.04871386577658, 24.9741969021277, 58.0544451195716, 53.8474157579673, 14.46987910585131, 66.73183816126966, 19.785997536854588, 28.749900662682027, 0.0, 76.65551202107083, 37.13197393169503, 83.32964902418983, 27.46358047833294, 45.34261664118788, 14.343990156361706, 46.684014054552485, 74.2905605656437, 15.289404588285324, 33.09274153804545, 66.53050387931232, 60.63803704761173, 22.92487137092441, 35.95016878841649], [74.4720798451171, 37.74932108272421, 39.954852989138104, 110.17728784175736, 45.75611249029853, 41.16238913066686, 7.115399819207206, 34.923331204684324, 70.15160840152107, 6.772168395334726, 79.02674961039234, 10.512361802069625, 53.288972228790215, 61.49139809859192, 64.41638125255659, 58.99869130192641, 29.924324771662793, 96.21896270725944, 50.882419835414, 37.02929076195129, 72.04653490173641, 74.14237329840391, 64.64353951628718, 23.04303582970174, 73.62071011452336, 53.86032414870454, 97.05158688870932, 24.666905741316786, 81.12564977125183, 75.19967749506503, 47.70436220738007, 94.07313490761571, 88.66113051681964, 76.65551202107083, 0.0, 79.5844582410866, 6.72601097406177, 50.054624206879254, 66.76233689779907, 87.3154717488043, 31.57588278328528, 28.91576659617666, 90.93598988502843, 100.11618518333715, 72.73335442172133, 56.889813058618486, 63.85781702195331, 61.20691878856259], [31.25756570254575, 52.9000294217408, 43.59662751876183, 67.17725416494083, 33.91730046815083, 85.86251162611438, 81.34727771786373, 85.61442478578846, 41.777431983661224, 72.84312495120523, 26.63930411998339, 79.96999641104765, 41.183849105194454, 101.9129183837947, 19.54940941468794, 21.294843989419274, 67.99546010615725, 57.967064420974424, 95.73166208616915, 42.586135233817615, 80.79245045562695, 27.57290461723084, 54.56748881280218, 70.19791135428304, 88.910077321114, 83.22131366707296, 58.4430660182132, 55.19479994933071, 17.379951176083825, 50.938146614282466, 90.64590211604384, 52.28360663151481, 65.79534701601183, 37.13197393169503, 79.5844582410866, 0.0, 85.19152775690851, 37.495231895315996, 77.7199326202382, 49.54597388406525, 49.381894428699766, 90.06183576744586, 36.688842189907504, 68.19419377177574, 98.27832308464647, 88.43736734405864, 21.48860843900324, 66.84444580526606], [78.24960595789511, 40.62761663715054, 46.44897634952822, 116.8977077163548, 51.55507778103154, 45.82363457220494, 11.541793443927581, 39.35161076585709, 76.86785272865302, 13.050121443080796, 85.52683770433022, 8.85408602706442, 59.974541727205136, 65.42160842549569, 69.35710539806684, 64.33804781144468, 36.24851132709201, 102.94051854401296, 54.84834170473157, 42.6209393525858, 77.98014933544209, 78.18479876742266, 71.30904824606444, 23.668481426790816, 79.16186095098614, 59.20260043306962, 103.77313169273856, 30.005420016087193, 85.83688429568923, 81.91446684914615, 52.0989684114438, 100.79801205245755, 95.27620220726068, 83.32964902418983, 6.72601097406177, 85.19152775690851, 0.0, 56.61056152692824, 72.7386587598445, 94.04101640508173, 37.910787531240466, 32.149425529565015, 97.5431928672619, 106.78259763023055, 77.60501520303013, 61.90292338434585, 70.09632794954877, 67.56690010246116], [52.026626984250754, 42.276722655564726, 10.294154528132983, 63.64067716293156, 16.18366176228564, 48.36779786314285, 49.416385711628266, 48.33940969666794, 22.842553886323678, 43.57965098739926, 29.036516367295587, 54.45933173195422, 7.147404455727739, 65.04793050381917, 33.55504784199689, 25.73179478470251, 31.134375786650075, 49.99808690114294, 58.34331875444521, 21.436287120089954, 49.269872257089105, 49.312157680673174, 26.013763673396625, 51.03797689916521, 56.228708030634955, 46.71938449926293, 50.80022800334773, 30.63557906081312, 48.0786761521723, 31.128399455419878, 53.23772289501405, 46.54544218966467, 47.88543587855772, 27.46358047833294, 50.054624206879254, 37.495231895315996, 56.61056152692824, 0.0, 44.981993206461205, 40.17429917757333, 19.26290464058688, 53.611180360274716, 40.99330841874227, 56.673979480436934, 63.71731341176613, 52.004726972957265, 16.57206040535852, 34.00120251947183], [96.98055719092727, 81.0339092163021, 47.69499069186329, 58.2771690498028, 59.99640484871572, 31.842360422734142, 61.34796509212075, 37.751609844657764, 37.69405115489155, 63.456712484937036, 55.91355688681617, 76.18659439320835, 38.57555946132183, 31.598973925203666, 78.35163794312402, 70.62185926192991, 37.1970827590698, 47.03604782800304, 32.59248434463444, 61.24796402808558, 5.3558407249306175, 94.18176097212337, 23.50457389892142, 81.23405944118602, 11.334568920886957, 17.231772710050006, 47.681903857123416, 63.01904932513261, 91.56372572925343, 31.986726174488318, 29.924661975161186, 48.943186209340666, 32.345021621432636, 45.34261664118788, 66.76233689779907, 77.7199326202382, 72.7386587598445, 44.981993206461205, 0.0, 43.75536722977795, 52.49124991974052, 47.5990641603568, 58.26871946351531, 44.46577345649083, 21.194641963707586, 19.256865531241502, 56.967247851374054, 11.096134697602425], [78.31905153578917, 81.44061794975464, 49.99951060680585, 23.472128973314426, 54.10416297447045, 68.62254634371932, 84.87541364922141, 72.25485468431016, 17.5089305080531, 81.4529348010018, 22.95539918518728, 93.38008005303922, 34.76029122342026, 75.01608589053762, 60.69987010684455, 55.35169050982455, 60.813560576487255, 10.008117467547907, 73.81112562956501, 61.26991314859337, 43.837586027893444, 74.73517663490631, 25.422515259887252, 91.18039485446708, 52.288923272468224, 57.83391682042566, 10.765380857890648, 70.68084444980883, 66.7448279888223, 13.465139229937602, 69.81436806081568, 6.785594567106574, 17.692181700539766, 14.343990156361706, 87.3154717488043, 49.54597388406525, 94.04101640508173, 40.17429917757333, 43.75536722977795, 0.0, 58.90193376834689, 80.87583609909721, 16.665369356154013, 18.966813416239827, 64.06844334401556, 61.658078761497464, 37.255613386411326, 37.02582215493109], [52.492175942991366, 28.542694678236327, 8.998658617495082, 82.3387517719222, 15.91762506714405, 42.95871375944988, 32.201008398897606, 40.315744433461035, 41.395580313533415, 24.88779946920457, 47.746317259423385, 35.22348372590134, 24.185607330295305, 63.193890802462356, 37.48976831620534, 30.503781876873784, 22.883223140478353, 68.50772515745902, 54.253250036523674, 10.441077682433974, 57.614594114460424, 50.895674338731794, 40.358195128923626, 32.606169625122234, 62.644569143850376, 47.4934780560465, 69.32669238811508, 12.058564013290475, 54.394222693384116, 48.473055764461904, 49.31148553844868, 65.43891205580081, 64.26746076165723, 46.684014054552485, 31.57588278328528, 49.381894428699766, 37.910787531240466, 19.26290464058688, 52.49124991974052, 58.90193376834689, 0.0, 42.273820184134195, 60.15221257594277, 74.27111011605969, 67.01413778632009, 52.442607411214766, 32.30214342225014, 43.0345687428501], [94.0575863598472, 61.93308335327589, 46.48943805296509, 101.18094048331223, 58.00991794187362, 16.14683062809523, 21.800374622482906, 9.848396885943501, 66.20222288547737, 30.443252772083728, 80.51270984489274, 39.307910299376324, 52.9846706080087, 33.429282726900745, 79.76214163370857, 72.64983910329373, 22.521636512563667, 87.89400309708614, 22.97933257429036, 52.036242348785464, 52.22296124504759, 92.78880925508932, 55.52350661195819, 51.17373271159692, 51.04635267383551, 31.181763963907766, 88.6881943417373, 43.679102321075334, 96.63566019133401, 67.4617718651413, 21.074308390875746, 87.47757307084161, 76.4277529428202, 74.2905605