instance_id,num_cities,city_coordinates,distance_matrix,best_route,total_distance
1863,59,"[[10.543398999379905, 44.98321193503033], [76.07958690092065, 61.82420501270366], [27.837570243946963, 62.43213436876049], [73.1444037791819, 12.60125869664308], [18.343146640770392, 12.403733625425751], [34.613879571964276, 71.37567419738284], [95.02557267252185, 24.454271337411303], [31.90666678405274, 80.41091121855126], [81.00784923157659, 10.865496639939353], [70.59194224032173, 71.42916492505705], [30.969614701152125, 16.49145559605675], [17.165052669447245, 6.558957750043115], [45.67248342048257, 69.0525625985196], [24.33352654142117, 30.50450687607247], [89.07635395894425, 15.510220149149934], [43.80170798627493, 80.29113831133714], [28.069211796065506, 80.51920598903627], [55.9871861713133, 56.28616370430679], [53.48636472862961, 62.27971506295232], [1.2036642094663152, 97.55622518277647], [12.430270090165008, 74.12150787141188], [22.619414341710232, 92.90096128172067], [83.80953717731371, 31.47375291425497], [26.732218104175598, 40.20013850237878], [21.47690082493996, 16.538361022667083], [43.72475617944724, 82.4492110667387], [52.40019889313145, 53.53019647571572], [22.86573290698438, 75.56876933061699], [42.01353549828144, 61.777967945239496], [31.524984036458413, 88.19965746472009], [96.57364078297394, 7.287984361948718], [40.146804223862866, 39.72713526161806], [80.13173894122947, 53.646896999857184], [41.40206696295866, 84.85681978198134], [59.166782752937195, 38.79323248938877], [12.695627711875002, 32.85597460073328], [71.11843870336118, 25.220338124954502], [67.68226906282497, 31.791741513953266], [42.4909179847709, 52.40994869669633], [56.75905316521281, 96.21053486661837], [85.56486253558252, 73.33025411485607], [62.22458506806349, 93.32893531479809], [86.39088533480319, 42.4278976354556], [91.13492432195898, 38.609682681745284], [91.46342142548161, 48.13484085963303], [74.4414258008032, 2.5852217214960116], [97.6807599444157, 39.854614977912085], [42.29918234772671, 93.20248086229594], [51.35401774168319, 3.0788380279112904], [74.94269045718758, 95.75219974962546], [89.25072847852498, 43.96897651380517], [29.45005891484539, 50.5517778043302], [8.624266665643198, 51.129192419818004], [68.97195896346412, 2.376446441525404], [84.52493951167077, 48.029631641078275], [7.757896490838279, 79.59139045134523], [93.05298296599541, 37.992422838320216], [54.94477872414605, 40.28771874110585], [53.64152659980408, 20.0365886741693]]","[[0.0, 67.66543410418865, 24.56732083754233, 70.48032842555355, 33.500126420587904, 35.72044371595715, 86.94064107538827, 41.370413183375746, 78.28957301890597, 65.61414462530135, 35.05724557313035, 38.99063486273113, 42.58387269409594, 19.99501232332846, 83.8813582358532, 48.50530673712397, 39.622733217066354, 46.82835157494408, 46.295435261780725, 53.39618308356519, 29.199324865301076, 49.41599790554107, 74.50122473182638, 16.880629593410756, 30.473775702989244, 50.04701344983913, 42.72051781151856, 32.97447852702487, 35.67118333756187, 48.04048370789785, 93.92620871263814, 30.066392249183036, 70.12557660914398, 50.41985711224136, 49.01580656464978, 12.316735516899618, 63.71739649712541, 58.64183970508949, 32.79939615677398, 68.993661337206, 80.19834656312185, 70.76901838077816, 75.89051860787244, 80.84315573357082, 80.98137313184554, 76.68472731425966, 87.2881560076395, 57.73670991619719, 58.4934453992691, 82.00462708887937, 78.71386400900649, 19.709660448617594, 6.438644658139212, 72.31343640911491, 74.04423684256008, 34.72009568595991, 82.80520864377226, 44.64896614477277, 49.797415744010024], [67.66543410418865, 0.0, 48.24584696358519, 49.310381706005096, 75.99920740412135, 42.551562226039856, 41.89823766882642, 47.92402862065842, 51.196462071320916, 11.062074798107068, 63.95285577311141, 80.77852374681316, 31.254457209468416, 60.486182340255716, 48.1030263902596, 37.18721679132103, 51.521832063834566, 20.84165225246396, 22.597813556456757, 82.96493876530698, 64.82637725551794, 61.83651696420524, 31.31935621713412, 53.87729632790533, 70.9384309990151, 38.36959663254464, 25.08991817513679, 54.96023385300706, 34.06608278087847, 51.776221651048715, 58.25981125431435, 42.18347262259244, 9.126242517857069, 41.62969771878844, 28.573915369051743, 69.68991789118142, 36.938544402482975, 31.18435201632021, 34.883046047359564, 39.44239729852701, 14.91172759296027, 34.416698086774424, 21.966784363335385, 27.669066336179146, 20.59274278949866, 59.261629349570846, 30.810283399407908, 46.105443573080954, 63.73673911039196, 33.947037579034294, 22.187567581985512, 47.972705733283945, 68.2979027672579, 59.87114809350503, 16.174493352963484, 70.59409507106255, 29.258332412992303, 30.174498464693315, 47.43070133714119], [24.56732083754233, 48.24584696358519, 0.0, 67.34853625164776, 50.92136055225009, 11.220751881007294, 77.17866123981489, 18.43350112342399, 74.06886454022262, 43.69076428303044, 46.04731988486041, 56.88334111885826, 19.024042629261395, 32.11933560304538, 77.1482641731148, 23.954075137165876, 18.088554878863413, 28.81273732685879, 25.649247360541988, 44.08023033248337, 19.339760880456044, 30.912433816701892, 63.963133637061375, 22.259457395806184, 46.33245673823571, 25.555548056770377, 26.125987529840188, 14.046008138481401, 14.191050863194052, 26.03002625772812, 88.1222144133921, 25.827005742587634, 53.02697875014017, 26.208053859872912, 39.24687552526995, 33.226911536711334, 57.07846664278613, 50.26364191206224, 17.75288161563745, 44.4683315918054, 58.74699387478618, 46.228552834942604, 61.87616823471857, 67.6318285843093, 65.21243393909579, 75.85230587248897, 73.4017406427109, 33.99930069828523, 63.8422829278406, 57.69851910828359, 64.12849758354172, 11.989286543067422, 22.2914228144644, 72.79233192955003, 58.488374223568314, 26.412750090420413, 69.64445100794646, 35.00251269665211, 49.63090225209641], [70.48032842555355, 49.310381706005096, 67.34853625164776, 0.0, 54.80161311589338, 70.27825562104242, 24.88532621447987, 79.36434922319575, 8.052741415212525, 58.88325408065037, 42.35382468788985, 56.30450382870124, 62.78101719800929, 51.99065331474486, 16.195341714906803, 73.77610452339465, 81.51454162741209, 46.93336810385931, 53.426468405204645, 111.32302700024685, 86.43464055651216, 94.87263458399656, 21.677548486711792, 53.99804760973035, 51.81729090035664, 75.79084453407098, 45.88572745503376, 80.57823614422433, 58.20205917700647, 86.29770562429913, 24.024155151338412, 42.71597775811119, 41.63612945970198, 78.92047930867888, 29.688270086234315, 63.751925809271206, 12.780676825054211, 19.952682687325755, 50.24308898613317, 85.19971112867634, 61.9861168345363, 81.46287628637415, 32.63583404771054, 31.62430944050674, 39.97776718201503, 10.099666470338704, 36.67121762992049, 86.30170739766642, 23.78018963455736, 83.17038435027725, 35.261131807952175, 57.87432655043596, 75.14818540808018, 11.043372736289164, 37.211371958696226, 93.61128718205389, 32.265503896688415, 33.13255833674065, 20.872142921813182], [33.500126420587904, 75.99920740412135, 50.92136055225009, 54.80161311589338, 0.0, 61.1753751516137, 77.62351397136706, 69.34655927196488, 62.683579379433255, 78.82853659501228, 13.271667814898752, 5.962324248036398, 62.89660144110941, 19.06626978791207, 70.80139035384718, 72.50405547810081, 68.80635086038812, 57.81644559988931, 61.01359931955605, 86.86028250263561, 62.00036908745953, 80.61073207581899, 68.18734432106538, 29.034748907156363, 5.188020720931915, 74.50231548586483, 53.397272914413264, 63.32673623496975, 54.754929671525076, 76.93362663867126, 78.397583535847, 34.95665546034721, 74.28881923682994, 76.03396280632948, 48.61044039822839, 21.21764904423391, 54.30926995632605, 53.01173314714483, 46.72913550677874, 92.19198342792862, 90.7237564631878, 92.05687865072281, 74.37704730541904, 77.3653324424448, 81.38357702125224, 56.95103248163796, 83.95241373389473, 84.27531786852306, 34.302642591287686, 100.74956657714908, 77.6160403568763, 39.73206230413472, 39.92640463161065, 51.612238136656664, 75.16138847193042, 68.01638589703339, 78.97050499633399, 46.012999218680186, 36.1142091693483], [35.72044371595715, 42.551562226039856, 11.220751881007294, 70.27825562104242, 61.1753751516137, 0.0, 76.49307622016322, 9.432099930965759, 76.24881644202988, 35.978102432260144, 55.005073565324714, 67.12427497775184, 11.299980822073838, 42.144251999995745, 78.01993381417131, 12.802409591089528, 11.244414165347376, 26.163171862571033, 20.950111421273714, 42.44600971195396, 22.352899861235144, 24.641533641860327, 63.34331890032057, 32.15640858932006, 56.38892734235705, 14.339849767475387, 25.195520040456444, 12.474012861073623, 12.119029380701745, 17.10519478430199, 89.14170739764941, 32.12854294816692, 48.84859324975192, 15.093732948757077, 40.79780094893671, 44.31903678576996, 58.846392288197734, 51.57912475222461, 20.536467026346607, 33.27429966108159, 50.98845994548871, 35.27459045377763, 59.31974455140816, 65.3317587367257, 61.41666502821431, 79.48811100062414, 70.50537975382078, 23.14029749036596, 70.31849014804654, 47.123539610424466, 61.12538209579851, 21.454596355267984, 32.94510590952283, 77.08028963604959, 55.10128498815393, 28.08454772324717, 67.30208226199704, 37.14574585046917, 54.75174018947612], [86.94064107538827, 41.89823766882642, 77.17866123981489, 24.88532621447987, 77.62351397136706, 76.49307622016322, 0.0, 84.35130009279645, 19.52309832596968, 52.94943742541537, 64.54899058978884, 79.89056780083256, 66.51868160246717, 70.95048087416284, 10.74193906891216, 75.77361035914036, 87.3294403927406, 50.37127149750501, 56.18069054078982, 118.93883370732989, 96.37851624504002, 99.63734806064933, 13.231499304214031, 70.08505269295772, 73.97343284351726, 77.42859166396114, 51.59778980228731, 88.42926201255709, 64.83312744142653, 89.97665813779838, 17.23594857843731, 56.96437131127548, 32.772483523271106, 80.77096150958083, 38.61940731568553, 82.75752808625964, 23.919404527336646, 28.31068209852431, 59.509745754604545, 81.32212411684951, 49.78319725325267, 76.28646096015841, 19.940137103889445, 14.680354727152773, 23.946989255511156, 30.032689415699174, 15.627559108649693, 86.63941683529552, 48.622153996364055, 74.07237510670362, 20.3512295350063, 70.57781413712165, 90.42531224412173, 34.14998007955788, 25.808155885814116, 103.22668845960001, 13.681105811002864, 43.09487324749569, 41.61916853400528], [41.370413183375746, 47.92402862065842, 18.43350112342399, 79.36434922319575, 69.34655927196488, 9.432099930965759, 84.35130009279645, 0.0, 85.1321960638631, 39.714258190328884, 63.926323792958044, 75.30887210560671, 17.84684260708273, 50.4777341758676, 86.48972674809896, 11.89564419238681, 3.838982748351768, 34.086285461843396, 28.185521769376226, 35.165837940065025, 20.46671987986079, 15.564524037318806, 71.33549900266628, 40.54233788982036, 64.7184879805424, 11.992577005325291, 33.80174083374311, 10.255965260881592, 21.197532173182548, 7.79809270315634, 97.61546987159974, 41.50987221301575, 55.15405734543345, 10.484690148590353, 49.75083019850838, 51.28875138816917, 67.7020119010618, 60.36321215089031, 29.9345999744481, 29.44943490559763, 54.123356107410764, 32.95529571445486, 66.41716187808366, 72.4936493643604, 67.7403258128657, 88.69071918924263, 77.2725339032349, 16.481159961967972, 79.73988339113463, 45.68866891679261, 67.94377099222868, 29.960019533893902, 37.40974754100601, 86.38989279644942, 61.78373484916933, 24.16267205758335, 74.41908450851771, 46.26689071405601, 64.16746024195933], [78.28957301890597, 51.196462071320916, 74.06886454022262, 8.052741415212525, 62.683579379433255, 76.24881644202988, 19.52309832596968, 85.1321960638631, 0.0, 61.45281958218226, 50.353513572517265, 63.98788127515727, 68.07586005238568, 59.98057665146949, 9.309899301956378, 78.76685005667461, 87.48793379442085, 51.85624915617535, 58.31684118070214, 117.83034567687173, 93.29634139564502, 100.69273453373444, 20.79782878122516, 61.695748212298085, 59.80062883029285, 80.71094844363617, 51.368027701709906, 86.98861527571641, 64.12983890470692, 91.81027381721115, 15.971614217752913, 50.0261849739792, 42.79037024841489, 83.92457261981886, 35.454063442727794, 71.76448097701915, 17.431635455558656, 24.80884542579561, 56.65240938713318, 88.7230503340671, 62.63076158448859, 84.57558590230695, 32.01815476086038, 29.53468315402389, 38.7081775399976, 10.567916984780473, 33.441814150121886, 90.9820853946394, 30.6591222048392, 85.10310520651137, 34.1142996123211, 65.06309749007578, 82.82842641831313, 14.728429237947823, 37.33018690578996, 100.44303886629991, 29.680892366174515, 39.3058621282585, 28.862164566895878], [65.61414462530135, 11.062074798107068, 43.69076428303044, 58.88325408065037, 78.82853659501228, 35.978102432260144, 52.94943742541537, 39.714258190328884, 61.45281958218226, 0.0, 67.73537292979913, 84.03913557472879, 25.032532163010654, 61.76300397000302, 58.894837307140094, 28.2179238018292, 43.48346180997672, 21.038283813250608, 19.398794158083007, 74.14415962028158, 58.22395398668062, 52.5585527936709, 42.08491136822487, 53.84168916933399, 73.6565519576181, 29.039406050992863, 25.520826741321645, 47.90540034238383, 30.164066951535784, 42.51442864869875, 69.20361047799835, 43.95367008137995, 20.179612822307625, 32.13021527572907, 34.57800392240243, 69.56920473724948, 46.21182611375002, 39.74407544113918, 33.9322582530576, 28.380717333161027, 15.093126987996994, 23.44381814405494, 33.02544636042896, 38.71863282097556, 31.276895258985586, 68.95148322913406, 41.60235869479502, 35.70094605529179, 71.00609076665187, 24.709088067424283, 33.19958209773754, 46.13588469462572, 65.20798800639436, 69.07171834972091, 27.233555971841987, 63.36196990932471, 40.2804427961676, 34.85144755286168, 54.115741555388645], [35.05724557313035, 63.95285577311141, 46.04731988486041, 42.35382468788985, 13.271667814898752, 55.005073565324714, 64.54899058978884, 63.926323792958044, 50.353513572517265, 67.73537292979913, 0.0, 17.006482480167772, 54.57879000034917, 15.50494347748716, 58.115023618469834, 65.0773549911837, 64.093409625308, 47.00529412401802, 51.02517747943322, 86.35686815083933, 60.538667179457306, 76.86441572776268, 54.922915438072444, 24.08437616116711, 9.492829760122978, 67.17975246204469, 42.791801373160666, 59.63054501030074, 46.613693131159934, 71.71035246277604, 66.2464498739473, 24.982346107928517, 61.6233826214372, 69.15677176147665, 35.950654218533586, 24.53030947091147, 41.08675527422011, 39.773329499163616, 37.72106276304815, 83.78679332709697, 78.81173835897506, 82.95101845164105, 61.1900013426335, 64.10210956888736, 68.27008483178886, 45.64188537799164, 70.68390280657813, 77.54315250527216, 24.401274502536467, 90.64158513190019, 64.43370530177805, 34.0942018343164, 41.21998776200897, 40.53901396018138, 62.151664207862716, 67.23381322680326, 65.70111268054018, 33.7797369675651, 22.947408517777422], [38.99063486273113, 80.77852374681316, 56.88334111885826, 56.30450382870124, 5.962324248036398, 67.12427497775184, 79.89056780083256, 75.30887210560671, 63.98788127515727, 84.03913557472879, 17.006482480167772, 0.0, 68.68860353059013, 24.995526411745324, 72.46627044140244, 78.39608317250772, 74.75974187911633, 63.08686916985552, 66.51346108288631, 92.38651742432337, 67.7282536684325, 86.51411234657655, 71.14938041468729, 34.97512969049265, 10.87108661513116, 80.40365911456598, 58.71807896064494, 69.24486875976409, 60.55234252968311, 82.8939773371222, 79.41193453118115, 40.35206195410875, 78.62618903929675, 81.96333363545135, 52.94519617470467, 26.67412331636885, 57.08953478547243, 56.468420631460894, 52.3804622427102, 98.00556185619224, 95.58734229991511, 97.77213543014199, 77.96663874193369, 80.61507849612684, 85.13989462144023, 57.41405313254663, 87.12852522695509, 90.21543422268752, 34.365630592074695, 106.2717735183119, 81.21486416141126, 45.67591920014698, 45.38117279314825, 51.97546479448667, 79.10228282656412, 73.63579845183295, 82.14037187735205, 50.645207263474816, 38.88675463083753], [42.58387269409594, 31.254457209468416, 19.024042629261395, 62.78101719800929, 62.89660144110941, 11.299980822073838, 66.51868160246717, 17.84684260708273, 68.07586005238568, 25.032532163010654, 54.57879000034917, 68.68860353059013, 0.0, 44.060227878068574, 68.9251653076372, 11.393216612439483, 21.008547844348655, 16.412618120341225, 10.340609500307487, 52.81983209684799, 33.62646209873884, 33.16911385164752, 53.540655641648705, 34.51370780538753, 57.82013130637975, 13.53749724234536, 16.917624110119267, 23.71937644965359, 8.142949543433966, 23.806784340524555, 80.03618522632495, 29.841478165061595, 37.74618952400277, 16.37104156251804, 33.13190566700377, 48.96596772359158, 50.68294133689616, 43.275852988912014, 16.943994691538247, 29.3337260916439, 40.12107371658689, 29.382211305678158, 48.65039608113747, 54.71382339361211, 50.342438221873536, 72.42623453517834, 59.64378402017794, 24.3843743465879, 66.21791423747405, 39.618375079908155, 50.281703761985604, 24.605814248709745, 41.15601491005088, 70.62980975734664, 44.175524562352976, 39.35203672692237, 56.65372025829779, 30.222370892101324, 49.65955445779271], [19.99501232332846, 60.486182340255716, 32.11933560304538, 51.99065331474486, 19.06626978791207, 42.144251999995745, 70.95048087416284, 50.4777341758676, 59.98057665146949, 61.76300397000302, 15.50494347748716, 24.995526411745324, 44.060227878068574, 0.0, 66.45646948540333, 53.45763517441294, 50.15401750290866, 40.824600387191836, 43.12252114254355, 70.92900294926447, 45.212059121121776, 62.41999441708828, 59.483907731783525, 9.98794242305493, 14.255298680934546, 55.446118712949406, 36.30317449531621, 45.08815996162811, 35.92508989493785, 58.1416155808355, 75.87912112881521, 18.30619090362274, 60.407042036964285, 56.96936887787584, 35.80584743571873, 11.873082566329334, 47.08237935141696, 43.367850433240555, 28.452403156566003, 73.27139203757919, 74.7216242743027, 73.36648502498937, 63.192428562379945, 67.29131162545805, 69.40642235065063, 57.36103251974229, 73.94079502811317, 65.2211678102117, 38.50031501783376, 82.57450513066615, 66.29883143742536, 20.68990031873681, 25.92601974123899, 52.761514694963296, 62.69079831509686, 51.80997636272544, 69.12620759702244, 32.13658343057813, 31.121313900667957], [83.8813582358532, 48.1030263902596, 77.1482641731148, 16.195341714906803, 70.80139035384718, 78.01993381417131, 10.74193906891216, 86.48972674809896, 9.309899301956378, 58.894837307140094, 58.115023618469834, 72.46627044140244, 68.9251653076372, 66.45646948540333, 0.0, 79.03392262748028, 89.15177864076655, 52.51257561471664, 58.771021668047425, 120.22128158435959, 96.48785012052925, 102.00907624489727, 16.809929724833687, 67.0550769425176, 67.60727133727733, 80.85540134226228, 52.826687860248896, 89.39169799186571, 65.99707090154726, 92.71415467558883, 11.127195112071215, 54.594503522262116, 39.17157463046895, 84.15336310101821, 37.90357652468854, 78.32554206339307, 20.415021710268796, 26.88484343445032, 59.42888869721876, 86.93071221433175, 57.92656471612791, 82.32113897779567, 27.051305014509246, 23.191008629084223, 32.71183222616373, 19.525283776396343, 25.82025100461803, 90.68732633981855, 39.71792934094548, 81.4772099067219, 28.459290579631173, 69.16072457390287, 87.98437097273329, 24.01421891166515, 32.8363746057967, 103.53302812287062, 22.83118516452127, 42.17687594503732, 35.72275188162797], [48.50530673712397, 37.18721679132103, 23.954075137165876, 73.77610452339465, 72.50405547810081, 12.802409591089528, 75.77361035914036, 11.89564419238681, 78.76685005667461, 28.2179238018292, 65.0773549911837, 78.39608317250772, 11.393216612439483, 53.45763517441294, 79.03392262748028, 0.0, 15.734149206123762, 26.920711069401897, 20.450035297028048, 45.96386143797374, 31.972354549434325, 24.651515154022036, 63.11706198474851, 43.57356710801849, 67.54860196043703, 2.1594442799434623, 28.10839827889179, 21.461962196191255, 18.599328962383904, 14.603514170891314, 90.07961688227489, 40.72832754889541, 45.05315465372353, 5.157879829170721, 44.2511210049239, 56.724624161727164, 61.473545613038176, 54.05989906613705, 27.911984966239807, 20.526080501899163, 42.33928420162735, 22.56959349820341, 56.98651613938268, 63.06962115061658, 57.49492493919378, 83.52844893101552, 67.36515908986381, 12.998474901414173, 77.5807753099926, 34.76787612225135, 58.18000430862012, 33.021196138771046, 45.69323216895888, 81.87942808436317, 51.95369475317565, 36.0506032430268, 64.92202567538449, 41.52639645792978, 61.052704955022904], [39.622733217066354, 51.521832063834566, 18.088554878863413, 81.51454162741209, 68.80635086038812, 11.244414165347376, 87.3294403927406, 3.838982748351768, 87.48793379442085, 43.48346180997672, 64.093409625308, 74.75974187911633, 21.008547844348655, 50.15401750290866, 89.15177864076655, 15.734149206123762, 0.0, 36.96827872095858, 31.284352197864838, 31.81222516793973, 16.896953538576373, 13.528050725119842, 74.24581025834385, 40.34122897391445, 64.31957001217118, 15.774060654758259, 36.33735774141671, 7.182131693176781, 23.3597552839587, 8.42209573964842, 100.27795675928981, 42.5424643513123, 58.588631347308755, 14.020696142420922, 52.03955979743636, 50.08124113846008, 70.07995950601716, 62.797771458786976, 31.59297318899108, 32.70053210165361, 57.94334200760086, 36.47846883777877, 69.65892172899792, 75.72114790626858, 71.18688727127252, 90.68675832509619, 80.61871121341545, 19.06193913041917, 80.86527547643367, 49.286581345279124, 71.26778555741801, 29.999224836167986, 35.240300633280185, 88.2004852341541, 65.1369452247344, 20.332495446952365, 77.66220316610803, 48.38252436454845, 65.66650806673181], [46.82835157494408, 20.84165225246396, 28.81273732685879, 46.93336810385931, 57.81644559988931, 26.163171862571033, 50.37127149750501, 34.086285461843396, 51.85624915617535, 21.038283813250608, 47.00529412401802, 63.08686916985552, 16.412618120341225, 40.824600387191836, 52.51257561471664, 26.920711069401897, 36.96827872095858, 0.0, 6.49436415493528, 68.58900970987143, 47.067020726399114, 49.53838510193328, 37.27920257617338, 33.385825785897666, 52.63884129335176, 28.89415575154034, 4.52347577631475, 38.32557300394783, 15.014087616390485, 40.21032724664695, 63.62453832296369, 22.915477808827983, 24.288374939391954, 32.078155979274705, 17.77955221347623, 49.22532676657594, 34.55488854149792, 27.143170085283188, 14.041876575027315, 39.93183180574476, 34.137075988321385, 37.564239291967574, 33.41311810141442, 39.34236239026999, 36.400650158028704, 56.78336138468596, 44.814616895841205, 39.37227350793659, 53.408667417670486, 43.7821783818735, 35.470781597104946, 27.149628076196958, 47.64284308193233, 55.45143767132472, 29.70814176999639, 53.56489500422875, 41.33441963904337, 16.032368961774775, 36.32538793586354], [46.295435261780725, 22.597813556456757, 25.649247360541988, 53.426468405204645, 61.01359931955605, 20.950111421273714, 56.18069054078982, 28.185521769376226, 58.31684118070214, 19.398794158083007, 51.02517747943322, 66.51346108288631, 10.340609500307487, 43.12252114254355, 58.771021668047425, 20.450035297028048, 31.284352197864838, 6.49436415493528, 0.0, 63.07069794928999, 42.729743316348696, 43.479067908350764, 43.22617368284647, 34.6885004388632, 55.829000070217354, 22.407533789201903, 8.816679178160118, 33.37996489641187, 11.483795571102112, 33.97271929088733, 69.86131836198753, 26.202342073865896, 28.008954186830742, 25.607731449376814, 24.16365064739148, 50.29553388878639, 41.04007129237242, 33.6309415715661, 14.775389579348186, 34.088282769183344, 33.9285194915477, 32.25539602838764, 38.42918333111912, 44.47116450442761, 40.52572394891471, 63.26568674907194, 49.558346242718464, 32.884198246340745, 59.2392669214499, 39.75903853049702, 40.17925908537953, 26.744878192205963, 46.227069968018306, 61.8724916286452, 34.15344788001364, 48.895673756762775, 46.426176262385894, 22.040301123224857, 42.2434113478654], [53.39618308356519, 82.96493876530698, 44.08023033248337, 111.32302700024685, 86.86028250263561, 42.44600971195396, 118.93883370732989, 35.165837940065025, 117.83034567687173, 74.14415962028158, 86.35686815083933, 92.38651742432337, 52.81983209684799, 70.92900294926447, 120.22128158435959, 45.96386143797374, 31.81222516793973, 68.58900970987143, 63.07069794928999, 0.0, 25.985046758936377, 21.915880902103357, 105.78574284798522, 62.78079119638721, 83.51585739207206, 45.12499460190262, 67.52315430525047, 30.865732375996757, 54.27273058880513, 31.732125606604402, 131.31560353788254, 69.71923547551506, 90.31982109336855, 42.156689640740595, 82.539762669683, 65.71291844470062, 100.6009753877871, 93.51134805720595, 61.17862048840261, 55.57168455653725, 87.77077792296265, 61.167170623293444, 101.46918320959196, 107.52825869624547, 102.90430992485142, 119.9302348090424, 112.41577212155195, 41.325496980196206, 106.96277222948468, 73.76109068964193, 103.07220161765206, 54.83864410436487, 47.016323888469174, 116.84062673187881, 96.92945055982896, 19.123107690064828, 109.47211474054907, 78.53527372677573, 93.5896546445951], [29.199324865301076, 64.82637725551794, 19.339760880456044, 86.43464055651216, 62.00036908745953, 22.352899861235144, 96.37851624504002, 20.46671987986079, 93.29634139564502, 58.22395398668062, 60.538667179457306, 67.7282536684325, 33.62646209873884, 45.212059121121776, 96.48785012052925, 31.972354549434325, 16.896953538576373, 47.067020726399114, 42.729743316348696, 25.985046758936377, 0.0, 21.365545417067064, 83.14944842140693, 36.81310930722694, 58.28945297955268, 32.38356836578908, 44.96217647655341, 10.535342895820724, 32.05514888619409, 23.723456676090354, 107.45616174160243, 44.172153350337965, 70.72975735101342, 30.896794912346987, 58.586591105350415, 41.26638645169797, 76.39126610904405, 69.60310704524512, 37.08145565698101, 49.527427981973844, 73.13887266470945, 53.37039509982206, 80.4652567084336, 86.34530865106501, 83.19582845535064, 94.6721905772316, 91.87962760571185, 35.44341193689974, 81.00690754331815, 66.14899493774303, 82.52610480489916, 29.07241625788626, 23.305197529587133, 91.34722995374922, 76.67090298291292, 7.1937952771776725, 88.3477935026504, 54.33423167122972, 67.99666276866482], [49.41599790554107, 61.83651696420524, 30.912433816701892, 94.87263458399656, 80.61073207581899, 24.641533641860327, 99.63734806064933, 15.564524037318806, 100.69273453373444, 52.5585527936709, 76.86441572776268, 86.51411234657655, 33.16911385164752, 62.41999441708828, 102.00907624489727, 24.651515154022036, 13.528050725119842, 49.53838510193328, 43.479067908350764, 21.915880902103357, 21.365545417067064, 0.0, 86.70370845849843, 52.86106200605651, 76.37114674705371, 23.551529390765854, 49.36549655283462, 17.33394215594081, 36.67114191920419, 10.070324183846388, 113.13182322225305, 55.98808060379573, 69.63152334600426, 20.43272502527059, 65.29438301148494, 60.85952650649238, 83.2635701547814, 75.9275813933355, 45.10430974083045, 34.299682452073185, 65.9176913077106, 39.60748300557077, 81.32853537635373, 87.41806472276602, 82.11883370454804, 104.12710350325074, 91.91365763515441, 19.682077706078193, 94.30636912942975, 52.400904422131326, 82.66844111827925, 42.896515551804235, 44.05388555311717, 101.70175111552612, 76.45737551268556, 19.95017264387871, 89.30753150290448, 61.75016172525227, 79.19335985072145], [74.50122473182638, 31.31935621713412, 63.963133637061375, 21.677548486711792, 68.18734432106538, 63.34331890032057, 13.231499304214031, 71.33549900266628, 20.79782878122516, 42.08491136822487, 54.922915438072444, 71.14938041468729, 53.540655641648705, 59.483907731783525, 16.809929724833687, 63.11706198474851, 74.24581025834385, 37.27920257617338, 43.22617368284647, 105.78574284798522, 83.14944842140693, 86.70370845849843, 0.0, 57.74054171905067, 64.096984996118, 64.84818425756065, 38.380115086201876, 75.22311979504339, 51.626070981605956, 77.14598333165117, 27.34728032769903, 44.435937810922, 22.47608770463002, 68.17730823511262, 25.70681090432902, 71.12734113018132, 14.148115669678496, 16.130402771975145, 46.320109950420914, 70.16109764560963, 41.89329134681713, 65.51315705538151, 11.254183439200817, 10.226572762440428, 18.33504283081921, 30.369536467284334, 16.206470003816854, 74.38780418967528, 43.123449922742644, 64.88713045223808, 13.628542679946866, 57.61010250532537, 77.71204027735935, 32.66201113250766, 16.571328278604703, 89.99532817460896, 11.3108066744689, 30.180461794952862, 32.26325445548585], [16.880629593410756, 53.87729632790533, 22.259457395806184, 53.99804760973035, 29.034748907156363, 32.15640858932006, 70.08505269295772, 40.54233788982036, 61.695748212298085, 53.84168916933399, 24.08437616116711, 34.97512969049265, 34.51370780538753, 9.98794242305493, 67.0550769425176, 43.57356710801849, 40.34122897391445, 33.385825785897666, 34.6885004388632, 62.78079119638721, 36.81310930722694, 52.86106200605651, 57.74054171905067, 0.0, 24.238359540299427, 45.538231001962586, 28.92292660424824, 35.57934449149255, 26.44090362987976, 48.23820504431953, 77.2077341460167, 13.422922663424552, 55.06654283425153, 47.00450668231234, 32.465063814569696, 15.841799558618906, 46.8458215684926, 41.80439945066719, 19.935297512400847, 63.55135973889117, 67.51951281880274, 63.893482949629664, 59.70024695501489, 64.42234176038232, 65.21570504811302, 60.75401602752436, 70.9493831950797, 55.24109585623613, 44.544628927686325, 73.55461340608338, 62.63200682864954, 10.702480782970254, 21.150463938896028, 56.69944787186301, 58.320661951775655, 43.7229414700488, 66.35750040733996, 28.21269655729, 33.62557992641301], [30.473775702989244, 70.9384309990151, 46.33245673823571, 51.81729090035664, 5.188020720931915, 56.38892734235705, 73.97343284351726, 64.7184879805424, 59.80062883029285, 73.6565519576181, 9.492829760122978, 10.87108661513116, 57.82013130637975, 14.255298680934546, 67.60727133727733, 67.54860196043703, 64.31957001217118, 52.63884129335176, 55.829000070217354, 83.51585739207206, 58.28945297955268, 76.37114674705371, 64.096984996118, 24.238359540299427, 0.0, 69.56441059483775, 48.21458548613315, 59.046743852268406, 49.682747490604356, 72.36232019484588, 75.66432330160457, 29.77053146368317, 69.4077335519504, 71.16476693473935, 43.76992693330291, 18.530387755503877, 50.395029609470136, 48.658007258934305, 41.573545909018115, 87.13486993611122, 85.63052001021255, 86.931962311296, 69.88628972102954, 73.07108509725134, 76.78834940183204, 54.77162588673743, 79.69112775714987, 79.44151734829315, 32.76890102678307, 95.56894321305604, 73.11450185182491, 34.9354228697714, 36.9014338688735, 49.56148073035493, 70.4752105878763, 64.52825427712153, 74.72223432856504, 41.038163252203844, 32.35430030055955], [50.04701344983913, 38.36959663254464, 25.555548056770377, 75.79084453407098, 74.50231548586483, 14.339849767475387, 77.42859166396114, 11.992577005325291, 80.71094844363617, 29.039406050992863, 67.17975246204469, 80.40365911456598, 13.53749724234536, 55.446118712949406, 80.85540134226228, 2.1594442799434623, 15.774060654758259, 28.89415575154034, 22.407533789201903, 45.12499460190262, 32.38356836578908, 23.551529390765854, 64.84818425756065, 45.538231001962586, 69.56441059483775, 0.0, 30.192262439145175, 21.96450159610531, 20.741951894838095, 13.48710770020405, 91.88152482194512, 42.871639825121505, 46.42242657836823, 3.3453646919438635, 46.30659402549928, 58.50039244851466, 63.44728316017848, 56.03696677237797, 30.06459114019157, 18.954338042735024, 42.82230582048333, 21.46187476950445, 58.49875302830408, 64.57265901540588, 58.79163343693753, 85.56734532965581, 68.74263566561567, 10.847353227664806, 79.736200989937, 33.9341852483057, 59.60992035748054, 34.94586142486454, 47.042405679898295, 83.95873321544389, 53.37941932788701, 36.0802180499211, 66.40542129594222, 43.628893419704646, 63.19555181725625], [42.72051781151856, 25.08991817513679, 26.125987529840188, 45.88572745503376, 53.397272914413264, 25.195520040456444, 51.59778980228731, 33.80174083374311, 51.368027701709906, 25.520826741321645, 42.791801373160666, 58.71807896064494, 16.917624110119267, 36.30317449531621, 52.826687860248896, 28.10839827889179, 36.33735774141671, 4.52347577631475, 8.816679178160118, 67.52315430525047, 44.96217647655341, 49.36549655283462, 38.380115086201876, 28.92292660424824, 48.21458548613315, 30.192262439145175, 0.0, 36.85082596859492, 13.263050580142094, 40.46907610238166, 63.9502552736884, 18.45725276960217, 27.731785597966805, 33.20114807843474, 16.216188351955, 44.764678294649485, 33.938482308928215, 26.57258159825671, 9.972402078095165, 42.90234137814859, 38.62560286947242, 40.99339186863755, 35.75790547997027, 41.50904342336402, 39.43406163250121, 55.50861317222361, 47.300642050844814, 40.938010255754214, 50.46220431402589, 47.862944815144694, 38.07070340674046, 23.142599309606133, 43.84172741649309, 53.77108306877496, 32.59225633963503, 51.69256228136867, 43.52092901675979, 13.484735928747156, 33.51660272222058], [32.97447852702487, 54.96023385300706, 14.046008138481401, 80.57823614422433, 63.32673623496975, 12.474012861073623, 88.42926201255709, 10.255965260881592, 86.98861527571641, 47.90540034238383, 59.63054501030074, 69.24486875976409, 23.71937644965359, 45.08815996162811, 89.39169799186571, 21.461962196191255, 7.182131693176781, 38.32557300394783, 33.37996489641187, 30.865732375996757, 10.535342895820724, 17.33394215594081, 75.22311979504339, 35.57934449149255, 59.046743852268406, 21.96450159610531, 36.85082596859492, 0.0, 23.597130056983882, 15.314110002854356, 100.47448073711493, 39.790176659510635, 61.31854477725583, 20.733151266070518, 51.6740392255036, 43.90687728951778, 69.73727942458771, 62.64942200426686, 30.355870313523937, 39.68424930082579, 62.73907718922033, 43.180351309633245, 71.65027821085388, 77.63154373302935, 73.88006024247565, 89.36806095630777, 82.90228640840016, 26.24131741259108, 77.88692132247827, 55.851413331845265, 73.5222044221941, 25.868962368137222, 28.28625603154506, 86.50375836385521, 67.52971097082212, 15.634199751121235, 79.61301329905362, 47.68456470640371, 63.489940666875285], [35.67118333756187, 34.06608278087847, 14.191050863194052, 58.20205917700647, 54.754929671525076, 12.119029380701745, 64.83312744142653, 21.197532173182548, 64.12983890470692, 30.164066951535784, 46.613693131159934, 60.55234252968311, 8.142949543433966, 35.92508989493785, 65.99707090154726, 18.599328962383904, 23.3597552839587, 15.014087616390485, 11.483795571102112, 54.27273058880513, 32.05514888619409, 36.67114191920419, 51.626070981605956, 26.44090362987976, 49.682747490604356, 20.741951894838095, 13.263050580142094, 23.597130056983882, 0.0, 28.42737041710226, 77.1100732692171, 22.129706452909847, 38.97578412856905, 23.086950770337175, 28.67981791007043, 41.18278057625411, 46.72853184783416, 39.47223908515822, 9.380174768067068, 37.45706817225582, 45.05744558288526, 37.469321673432226, 48.41254382395761, 54.31095913365511, 51.29742815080614, 67.49332763304001, 59.82869949168468, 31.425811146203458, 59.43763506054627, 47.31360980738844, 50.48279485584837, 16.848391286481778, 35.04625077478336, 65.2326402400234, 44.67925942002543, 38.61044968903232, 56.309655955642505, 25.080826585705584, 43.33073874870377], [48.04048370789785, 51.776221651048715, 26.03002625772812, 86.29770562429913, 76.93362663867126, 17.10519478430199, 89.97665813779838, 7.79809270315634, 91.81027381721115, 42.51442864869875, 71.71035246277604, 82.8939773371222, 23.806784340524555, 58.1416155808355, 92.71415467558883, 14.603514170891314, 8.42209573964842, 40.21032724664695, 33.97271929088733, 31.732125606604402, 23.723456676090354, 10.070324183846388, 77.14598333165117, 48.23820504431953, 72.36232019484588, 13.48710770020405, 40.46907610238166, 15.314110002854356, 28.42737041710226, 0.0, 103.81727500187883, 49.23333415557141, 59.63648110103981, 10.427431654539909, 56.61328346885888, 58.459112998297165, 74.39110374876996, 67.00150925454355, 37.43200450227998, 26.475127979728452, 56.04826156252344, 31.125150517917632, 71.45152988668319, 77.54038031772234, 72.09580990762996, 95.76874532613989, 81.93796323460289, 11.879039994792048, 87.39991120863195, 44.06969622997089, 72.72286235271827, 37.70501501370208, 43.57364151345702, 93.6370625421131, 66.50282892514079, 25.277988673443332, 79.41322976118948, 53.329547677331824, 71.66132431026963], [93.92620871263814, 58.25981125431435, 88.1222144133921, 24.024155151338412, 78.397583535847, 89.14170739764941, 17.23594857843731, 97.61546987159974, 15.971614217752913, 69.20361047799835, 66.2464498739473, 79.41193453118115, 80.03618522632495, 75.87912112881521, 11.127195112071215, 90.07961688227489, 100.27795675928981, 63.62453832296369, 69.86131836198753, 131.31560353788254, 107.45616174160243, 113.13182322225305, 27.34728032769903, 77.2077341460167, 75.66432330160457, 91.88152482194512, 63.9502552736884, 100.47448073711493, 77.1100732692171, 103.81727500187883, 0.0, 65.08676052132378, 49.18825995237877, 95.18837526818862, 48.906581226363485, 87.68832990544423, 31.137383069158357, 37.883313931548244, 70.43388794247771, 97.42905816761191, 66.95352561752085, 92.64395754379588, 36.58554377601673, 31.7903825453495, 41.165276965230106, 22.62633236893378, 32.58544372130345, 101.62193438105552, 45.41509904049285, 91.07038715276168, 37.40481559723567, 79.85819347964495, 98.27076844923718, 28.03526429355028, 42.485915611436546, 114.52518922182233, 30.905623656764064, 53.12197874145734, 44.784967792176694], [30.066392249183036, 42.18347262259244, 25.827005742587634, 42.71597775811119, 34.95665546034721, 32.12854294816692, 56.96437131127548, 41.50987221301575, 50.0261849739792, 43.95367008137995, 24.982346107928517, 40.35206195410875, 29.841478165061595, 18.30619090362274, 54.594503522262116, 40.72832754889541, 42.5424643513123, 22.915477808827983, 26.202342073865896, 69.71923547551506, 44.172153350337965, 55.98808060379573, 44.435937810922, 13.422922663424552, 29.77053146368317, 42.871639825121505, 18.45725276960217, 39.790176659510635, 22.129706452909847, 49.23333415557141, 65.08676052132378, 0.0, 42.338573088867975, 45.14713844145252, 19.042892575300268, 28.298055422943904, 34.2007208329877, 28.656104023893338, 12.897620941595406, 58.875642211593174, 56.4975186842007, 57.97052161181269, 46.32287939231718, 51.000363639940225, 52.000814555546775, 50.553365966347314, 57.534096950700466, 53.51864458952625, 38.32361315121702, 65.95120582406257, 49.286799393106776, 15.218188012489561, 33.52129594076321, 47.18011764607366, 45.14809340109426, 51.363412912014226, 52.93461038192329, 14.808588830422226, 23.871010806336177], [70.12557660914398, 9.126242517857069, 53.02697875014017, 41.63612945970198, 74.28881923682994, 48.84859324975192, 32.772483523271106, 55.15405734543345, 42.79037024841489, 20.179612822307625, 61.6233826214372, 78.62618903929675, 37.74618952400277, 60.407042036964285, 39.17157463046895, 45.05315465372353, 58.588631347308755, 24.288374939391954, 28.008954186830742, 90.31982109336855, 70.72975735101342, 69.63152334600426, 22.47608770463002, 55.06654283425153, 69.4077335519504, 46.42242657836823, 27.731785597966805, 61.31854477725583, 38.97578412856905, 59.63648110103981, 49.18825995237877, 42.338573088867975, 0.0, 49.73979062692773, 25.693593313636836, 70.56834667146637, 29.821281505768077, 25.15227865554803, 37.66113969837959, 48.55868314562493, 20.419436312202482, 43.535391633310034, 12.846900805822001, 18.63297890761241, 12.601182119820725, 51.377761199461666, 22.320286323054667, 54.735240504623846, 58.18320913828158, 42.42384640528699, 13.297297286127366, 50.77610120057761, 71.55178144250561, 52.47094233579645, 7.131190739495281, 76.88361211264956, 20.298303092174432, 28.510535048049125, 42.79467461777937], [50.41985711224136, 41.62969771878844, 26.208053859872912, 78.92047930867888, 76.03396280632948, 15.093732948757077, 80.77096150958083, 10.484690148590353, 83.92457261981886, 32.13021527572907, 69.15677176147665, 81.96333363545135, 16.37104156251804, 56.96936887787584, 84.15336310101821, 5.157879829170721, 14.020696142420922, 32.078155979274705, 25.607731449376814, 42.156689640740595, 30.896794912346987, 20.43272502527059, 68.17730823511262, 47.00450668231234, 71.16476693473935, 3.3453646919438635, 