instance_id,num_cities,city_coordinates,distance_matrix,best_route,total_distance
2116,95,"[[7.77617317524304, 14.060115739989387], [84.54291661541963, 33.32475905124661], [19.36595128339189, 49.476641491929975], [77.83341954151159, 21.23413777445776], [74.13706034272057, 21.62369434912028], [35.05759351861612, 45.893788891861945], [61.95924219225102, 93.98525583681689], [61.5823801810364, 17.14346560764438], [42.70429192501819, 80.91275151906196], [69.4029293130681, 99.15445513526629], [43.34307245309248, 11.391262944234493], [2.599833874626556, 36.3913033450201], [61.82122370590159, 17.53436099858636], [64.22509877594665, 94.38967131050617], [75.01665794973898, 86.94300641043789], [23.598261985905378, 98.2109639245426], [87.11125494507544, 58.96485668120592], [43.93492325523244, 4.875293523470536], [62.89673990129708, 29.04784516409823], [73.92854740693917, 71.98046668725775], [32.931025796101075, 88.40061929872284], [95.13522755931348, 77.73245416433473], [55.91070186664092, 79.3573747735592], [74.33931584502803, 19.353078724933482], [41.537297995344424, 39.60406321623612], [29.710234821927738, 17.939936912738517], [58.034153263252094, 77.86197185883907], [16.51699098941949, 75.72500456788639], [44.11437220681441, 16.95781393863216], [11.368158022183428, 5.966293169328429], [97.65482872056211, 53.036678682096216], [83.18136810494052, 32.31124519471395], [9.810804504704262, 8.207845026621696], [87.85390268697984, 1.418710557164693], [23.68608571081977, 5.523328822185169], [25.801819086939602, 52.261571672266136], [72.61502177423039, 90.1970769318977], [91.75662359117246, 10.81588031476638], [68.23868002712081, 56.180616198911224], [22.773039141332863, 18.351508945386996], [69.0829354101119, 42.27311674054908], [81.25822084341266, 81.84917845023494], [22.70561812627001, 26.74348674631607], [57.36109965746883, 55.55872988336705], [86.15138104271539, 81.1096598988658], [43.22267316623457, 90.58371946406912], [90.96417189041985, 85.43200870750425], [35.68500713244216, 72.11328884972762], [25.227371170857605, 15.87377783415298], [16.84530998333489, 89.2563656347854], [83.34888151156859, 52.91936899378318], [77.05847376839402, 56.08117573083376], [60.62400209080133, 32.84492196056835], [26.57484305678054, 77.61376526834044], [66.79297645859101, 44.978494239420776], [82.99798274932863, 29.928479019768737], [36.11718865332407, 95.94372065037365], [39.51261482926751, 82.97225203268039], [31.341488934427897, 31.19017446292929], [94.62311834217823, 90.615080471534], [30.017280830671023, 21.69074117465557], [16.16226006580993, 72.79843799818472], [33.37149680264948, 26.41519807681476], [68.62778397461368, 62.82288503714659], [66.79486127465007, 4.155398737162008], [47.25875274483657, 60.700628455786074], [77.98970591027665, 27.2551751265389], [57.521578786875175, 44.70628822689137], [14.92179438960749, 92.30658578485614], [7.365791853083259, 8.691591234946937], [23.87854143266397, 38.94380432306649], [57.05814340816755, 5.450753833086042], [15.906481633409019, 23.940263228828318], [77.78640713738446, 90.52574730706428], [66.26792100357147, 6.215750587421254], [88.21003836028076, 27.756872472403636], [39.7957985393818, 80.54185899056682], [55.11754427750235, 22.98263271909561], [75.4012515618084, 87.80683723741437], [64.5510928315141, 72.9023857449598], [94.24931885649536, 95.44528493786552], [52.7097050579981, 19.596748845313815], [58.648796637998416, 89.74562164981157], [95.0152538243136, 61.26449657437385], [59.210446887551804, 54.360534603418934], [16.032153980074437, 79.68075119043048], [78.21821860492183, 11.085200769898462], [63.795019147304146, 50.29657287723133], [20.881368767879284, 86.53948449644862], [89.01026221212148, 62.08128248720227], [85.75141223663495, 90.80258184413331], [38.41056800993658, 17.354105709553647], [10.001255888044746, 23.04222584764444], [2.6614867611851722, 53.568011960115506], [13.977929570132275, 2.0552641361784696]]","[[0.0, 79.14707436361664, 37.26463810281803, 70.42360655756765, 66.79053126777167, 41.924439677735265, 96.55999682891127, 53.89447985421749, 75.42710646715628, 105.06618708789966, 35.66689080206034, 22.923272637347925, 54.15660501710128, 98.18003208204057, 99.16248557387905, 85.62536858029989, 91.16189422353926, 37.30705250346363, 57.1218776782738, 87.92555754924221, 78.48106191778467, 108.10074497108398, 81.12129738632218, 66.77325377153744, 42.33564457744465, 22.274561110223406, 81.2190950869136, 62.281300646482336, 36.45355076955484, 8.855073062713267, 97.96604096019257, 77.58251831926306, 6.195869361870561, 81.06940167998792, 18.05552679291565, 42.24068117205907, 100.00456563167782, 84.04309082581774, 73.68752468174922, 15.598783428466335, 67.48698038273993, 99.97483859772296, 19.589696950945235, 64.65910539180604, 103.1422056201176, 84.33454979147842, 109.60926163423716, 64.41330546525109, 17.545189701851264, 75.74117269150574, 84.97809016875945, 81.02966529755551, 56.08709268479533, 66.27560907066417, 66.62528948394517, 76.87734119218122, 86.64951189388626, 75.86886223795452, 29.133537695951986, 115.77156174932031, 23.51368355372062, 59.33394437456307, 28.42127110354857, 77.97901131975102, 59.84403866619621, 61.10819516121939, 71.44263272968182, 58.4276755276363, 78.57206868233396, 5.384186864403843, 29.639234487367567, 50.02832899950683, 12.795281553218574, 103.67461439709056, 59.015410094818364, 81.59171412338239, 73.7907758062991, 48.174855755718376, 100.05863360254263, 81.76676734049033, 118.74826604787968, 45.273354123607184, 91.19385737432658, 99.19128370201003, 65.34223957656, 66.13795442837215, 70.5048358865986, 66.71725361479352, 73.65463357356448, 94.36635882249095, 109.40541124837883, 30.810980458393214, 9.253609839670574, 39.837593813562634, 13.512151731351713], [79.14707436361664, 0.0, 67.14849303052155, 13.827525948032777, 15.658759846533727, 51.05661282468034, 64.72803272712575, 28.089508555021112, 63.364718440951975, 67.54826498163932, 46.67446208020354, 82.00044209008958, 27.669694601420865, 64.35633015476469, 54.457929211795026, 89.01949511635141, 25.768410277885295, 49.5820654426288, 22.064654058858565, 40.08651352431024, 75.47938563571375, 45.653482193466076, 54.210750148455624, 17.30090517349371, 43.46162552979138, 56.950116285218115, 51.829314669692465, 80.15801505242901, 43.615869764546694, 78.12189802219655, 23.674501358762683, 1.6973581483504276, 78.84001490771631, 32.077383921896946, 66.90645253286436, 61.718063896188504, 58.10968263947321, 23.636564689175895, 28.075226387006634, 63.55876007204921, 17.862925969845108, 48.635465499196734, 62.18653093385923, 35.11695647545676, 47.8119640553562, 70.6112672755354, 52.501409371999536, 62.38305349190972, 61.82936743025321, 87.81406811398867, 19.630956640708614, 23.955612804213235, 23.92372704386979, 72.95076163959887, 21.233697732780453, 3.731157823358618, 79.15924128244176, 67.02687250866961, 53.24423310237903, 58.17036526696379, 55.75298493967742, 78.95622533886498, 51.63580384301339, 33.51762049511383, 34.14447319130744, 46.255238635022636, 8.93221246752845, 29.32050314064171, 91.24667963720658, 81.01297145054745, 60.924051786473484, 39.145535188015046, 69.27502413482624, 57.59864128405261, 32.6936355351439, 6.667019037507924, 65.0519723205271, 31.189936105981985, 55.24370446880001, 44.34029265705911, 62.87427121562246, 34.66715480499879, 62.07913647733214, 29.83787491558388, 32.92776754647528, 82.72002541153313, 23.12141339696766, 26.805180728570342, 82.9734878051592, 29.10145729689561, 57.490525955821475, 48.818596415898135, 75.24752270392855, 84.34665282811373, 77.18289129687385], [37.26463810281803, 67.14849303052155, 0.0, 64.93137809060936, 61.446407967667454, 16.0954797627187, 61.60523663901126, 53.175756991640675, 39.15235826284968, 70.50946276014554, 45.00442643460494, 21.268022178460292, 53.12964746339799, 63.47852677278433, 67.08747761445953, 48.9177538001129, 68.40652304928034, 50.920669912685625, 48.08601955975121, 59.021174540695185, 41.21998659435803, 80.86639708281162, 47.20568839281707, 62.68572281631383, 24.270072452123227, 33.18987703563873, 47.96828977974757, 26.402521450116524, 40.8651255185154, 44.23929371275209, 78.36977858312238, 66.08372155189558, 42.36052869898233, 83.6669840091711, 44.16511356393637, 7.012576594525671, 67.03444913295601, 82.06743502736117, 49.33038507583283, 31.31105433727197, 50.2361351966917, 69.8472202768807, 22.977156031794873, 38.478865616977, 73.89818320954225, 47.528255158409, 80.1192462876395, 27.90572320162495, 34.110243169762484, 39.85950433014976, 64.07548465080653, 58.06932945363954, 44.48416404740742, 29.04592665090019, 47.639857741960434, 66.56700447308694, 49.39426483855067, 39.08764481940993, 21.858828386583536, 85.76719859825596, 29.757470953800013, 23.540812001644465, 26.98120600863789, 51.03773483282897, 65.60119318880929, 30.06636420873635, 62.69400429053323, 38.45267455532625, 43.059896175347774, 42.51381129488931, 11.458801363192382, 57.95670911395977, 25.769643867453105, 71.40013130527413, 63.80673511067972, 72.18903442844926, 37.18099510691842, 44.49841460627055, 67.89078570159175, 50.896586433003534, 87.86714357112149, 44.77291480744662, 56.25595703665339, 76.56220021898928, 40.142698487699704, 30.387537694565832, 70.2672903248594, 44.436633071517946, 37.09381109740393, 70.77575163399723, 78.19758801886684, 37.343737511810914, 28.044176762787743, 17.198210583709095, 47.72648958701173], [70.42360655756765, 13.827525948032777, 64.93137809060936, 0.0, 3.7168300541388426, 49.37478795066481, 74.46284097346201, 16.757979564137663, 69.25021693520924, 78.37505357638359, 35.86734207051121, 76.74524141880049, 16.434073252520314, 74.41047292553925, 65.76921440374194, 94.16413371991383, 38.854669976666464, 37.63933893812349, 16.85699919455775, 50.89634490327806, 80.79332400896328, 59.08817407549089, 62.12017570408024, 3.9682671015919886, 40.6800024585869, 48.235802749332784, 59.989353540821234, 82.03023207502828, 33.98913206759477, 68.19632004528589, 37.473855820096304, 12.300522860308671, 69.25864898478754, 22.2049822848939, 56.3805221588732, 60.58043496168614, 69.16009436438276, 17.38952844400641, 36.23969343992583, 55.135787278124326, 22.786171430705743, 60.711715674024774, 55.4024134399579, 39.96615449198947, 60.45053046256902, 77.50656904532563, 65.52696612528658, 66.06948374813543, 52.878443470522186, 91.35958072672234, 32.161688359992226, 34.855653706169136, 20.759921926858166, 76.19779563471633, 26.185603819702912, 10.112580423287275, 85.56731673372676, 72.66415089956875, 47.546001704833984, 71.38353588434859, 47.81831874793819, 80.38786580473494, 44.76277426046338, 42.59539441148941, 20.335513165763647, 49.92408373147249, 6.023065351149533, 31.04050131205016, 94.9166236517317, 71.57514949848688, 56.78698055895837, 26.090751370120504, 61.98603676352267, 69.29162548090027, 18.955545629995388, 12.256438554891124, 70.45755039276754, 22.783068792009804, 66.61711307814709, 53.34817758061095, 76.0051058392043, 25.177014754620703, 71.14684236670568, 43.561967987818115, 38.00227989660545, 85.06117236901594, 10.156229253109368, 32.27540580273173, 86.65058798301276, 42.34868407952551, 70.0175907797148, 39.613329470082284, 67.85625695830198, 81.83091651560464, 66.67347893666573], [66.79053126777167, 15.658759846533727, 61.446407967667454, 3.7168300541388426, 0.0, 46.00263271129055, 73.37911716451488, 13.330132915246304, 67.10597015543044, 77.67516246963706, 32.44953532182325, 73.04558197593576, 12.976998085713111, 73.43796283425995, 65.32523417573077, 91.75935919768203, 39.53090094964882, 34.535170694062764, 13.470813596417276, 50.357204032386406, 78.46715866387703, 59.90923096199299, 60.542365320904025, 2.279605799478245, 37.22953356816269, 44.579287732141566, 58.49826898011717, 79.03811839654581, 30.38309139819149, 64.69226623198541, 39.241062857389515, 14.000830188774588, 65.71036602532293, 24.421161600760353, 52.957743639713534, 57.227397932482354, 68.59027190679399, 20.670216575241138, 35.056693199445, 51.468144237897405, 21.258946914982822, 60.645031635660246, 51.68564135864502, 37.85524393824062, 60.68709911725748, 75.57237854105199, 65.98979212194159, 63.464632268073856, 49.2465149509825, 88.63702885632506, 32.62325705246845, 34.581102925945494, 17.564700180409776, 73.46463472102938, 24.482284329962177, 12.144356480347827, 83.48039861366958, 70.44499809757383, 43.85177845800761, 71.96867326447753, 44.11983045602829, 77.33001910445348, 41.0461895760384, 41.565916800288846, 18.948594637648885, 47.42836913180938, 6.823228972828403, 28.440822200821724, 92.20910401697836, 68.01206941911741, 53.15924127131715, 23.521339430239593, 58.27664015877855, 68.99862776785523, 17.301100684714367, 15.351370758816746, 68.19583848712512, 19.06800212000422, 66.1952157033329, 52.16699113803337, 76.51228776854883, 21.52301239541355, 69.86045585127313, 44.80281424326492, 35.979223158310326, 82.13891886607102, 11.301137096789557, 30.481006859608524, 83.96563877900645, 43.104855547822254, 70.147071535192, 35.98071207682791, 64.15148980858294, 78.28918856675946, 63.261714143011915], [41.924439677735265, 51.05661282468034, 16.0954797627187, 49.37478795066481, 46.00263271129055, 0.0, 55.10433643804611, 39.11707295330175, 35.84410328078669, 63.374290209240016, 35.48342511568404, 33.820162516979956, 38.99421817700254, 56.59146556239174, 57.28669207676413, 53.55747457243221, 53.6696979780405, 41.96813011726112, 32.539266915456466, 46.813094477816065, 42.559992029088505, 67.99281372513217, 39.42922403289455, 47.40741508555626, 9.030349892465935, 28.460711261347488, 39.368604495320284, 35.12343051091592, 30.320222405202507, 46.426223934459465, 63.003450139521554, 50.00383159039212, 45.36111463056237, 69.03247681112784, 41.94145009486606, 11.234679250805915, 58.08047648163699, 66.67263067640066, 34.73907479956722, 30.157709808578392, 34.21743937907204, 58.543044023172335, 22.78827260585635, 24.307559944492905, 62.054272168318406, 45.42970856389737, 68.47493213894178, 26.227005659879143, 31.588515876997757, 47.031907609147666, 48.79966466879447, 43.21870882341396, 28.703905230308173, 32.834645676817125, 31.74857941148921, 50.52892279580253, 50.061146719598575, 37.345142170882006, 15.165939158368708, 74.48520435670724, 24.722303104557817, 32.87694891298601, 19.55143018491573, 37.59723372202057, 52.434219526222996, 19.186213392313064, 46.80346352037487, 22.495350452079318, 50.592471001070074, 46.377142969219015, 13.163338901924778, 46.0398010444009, 29.132840154663892, 61.78805082897333, 50.48198951514116, 56.16164286995724, 34.97054972950205, 30.451973690088284, 58.174860257010046, 39.99163419633012, 77.1946313474716, 31.672249004586625, 49.79486018507469, 61.89652400575207, 25.59386857834267, 38.7753294118773, 55.44796988966448, 29.072738752759435, 43.04692694448839, 56.32872631304863, 67.72490635390598, 28.735969691067968, 33.9118561718617, 33.29266334705258, 48.64327790081259], [96.55999682891127, 64.72803272712575, 61.60523663901126, 74.46284097346201, 73.37911716451488, 55.10433643804611, 0.0, 76.84271436251878, 23.273235248485136, 9.062510653218999, 84.66598749023785, 82.70793625430277, 76.4510194220375, 2.301664166040771, 14.835409776855858, 38.593022831002926, 43.116726482150284, 90.91458330009205, 64.94417762072118, 25.049451348061837, 29.560539785401815, 36.94319378830939, 15.829079078434866, 75.65201969615694, 58.089327037057984, 82.60078090814855, 16.59417395759928, 48.97381923830039, 79.06747871391474, 101.52238958261174, 54.32274724824082, 65.22317239245784, 100.38537621861532, 96.12023068609007, 96.3864463407286, 55.210733248886406, 11.30910862603252, 88.34607497201358, 38.32260583094399, 85.18228793818976, 52.20050129044689, 22.79769618428797, 77.86078931486371, 38.70065647532774, 27.40511910059013, 19.042832472135153, 30.23977485449935, 34.18652319061434, 86.31705129632806, 45.361098772996556, 46.30252403935822, 40.80080983106561, 61.15491225263645, 38.988221370203554, 49.24456994655967, 67.42328426009179, 25.916159351545645, 25.002746504385573, 69.86178540024656, 32.83727892396907, 79.03661016176065, 50.460329190532896, 73.36873920240627, 31.86789612383065, 89.95991573169952, 36.386409686689476, 68.6285613911231, 49.47837411637028, 47.06739241693515, 101.26921566375174, 66.93056966052022, 88.67005590581279, 83.82814410771127, 16.200844097388625, 87.87519994186535, 71.2411612940099, 25.921866316291254, 71.33148897894846, 14.793933631077005, 21.241588948248918, 32.32306817056026, 74.96134943837941, 5.378991337350814, 46.511804864247196, 39.71994975389112, 48.10318372860095, 84.47942615859729, 43.72723517182268, 41.747229799374175, 41.82847355101967, 24.004099007556697, 80.16778171791931, 87.93489548997434, 71.76194953978923, 103.69826293155032], [53.89447985421749, 28.089508555021112, 53.175756991640675, 16.757979564137663, 13.330132915246304, 39.11707295330175, 76.84271436251878, 0.0, 66.50491742611318, 82.38302854366447, 19.124857695564025, 62.043694493091934, 0.45808889533551517, 77.29139833811215, 71.08062827133347, 89.52503849997485, 48.99747134338427, 21.49280768617745, 11.976718836908551, 56.20964803817466, 76.80157589688592, 69.25907234083279, 62.47190111247363, 12.946883704711244, 30.104547243999914, 31.882095544866402, 60.8220923319517, 73.90998586079051, 17.468994508262064, 51.443146197860905, 50.88756516522215, 26.392760691880646, 52.537047530082816, 30.617981908967792, 39.63781923222005, 50.13511669253814, 73.88199583145374, 30.83055790952842, 39.60057390905122, 38.82813825876644, 26.225134790996027, 67.63111695247247, 40.04451315381256, 38.64649710688234, 68.52233077941432, 75.70039450468849, 74.34120528182883, 60.76475457108282, 36.3771739855137, 84.86268791523463, 41.877151804610556, 41.90053391500133, 15.73067767664887, 69.87263267231693, 28.318529843540215, 24.941623870775626, 82.8127778446192, 69.42984707512429, 33.34398795966587, 80.55909985185323, 31.890958155577163, 71.83636448953557, 29.695436753292846, 46.21955294062175, 13.994993397047452, 45.85185643254362, 19.27296051414757, 27.860353527959674, 88.46866621111272, 54.871419066164165, 43.55266036042348, 12.537472912029518, 46.178828114586025, 75.1500482835179, 11.889880081937445, 28.66490162877937, 67.0373882483817, 8.711485281803363, 72.00189786613475, 55.83789420886702, 84.84281815715924, 9.205594086380984, 72.66139947988324, 55.35722548696277, 37.29257690459301, 77.36753321013762, 17.704623489639406, 33.22686101370073, 80.4511017181817, 52.64690018046455, 77.52294831367765, 23.172769548443316, 51.917316530210414, 69.27062334335375, 49.93833739332494], [75.42710646715628, 63.364718440951975, 39.15235826284968, 69.25021693520924, 67.10597015543044, 35.84410328078669, 23.273235248485136, 66.50491742611318, 0.0, 32.33538292954049, 69.52442314915609, 59.9210055241859, 66.19877238801985, 25.392370794787755, 32.87024447993191, 25.77340746698813, 49.5347196668995, 76.04741594493684, 55.657016327538486, 32.47675850076101, 12.311981754060644, 52.52730054697367, 13.29768627869685, 69.21248480541466, 41.325169136156184, 64.29946266836728, 15.630480004936134, 26.696206635419944, 63.97048043682166, 81.23376703775797, 61.61685589942289, 63.249506820771934, 79.79965502898388, 91.42094891439514, 77.75125222254711, 33.26535276613527, 31.31853218916846, 85.55526047250399, 35.548326166544705, 65.65945407852067, 46.785192186529905, 38.56529956375341, 57.74301862328108, 29.28563514778722, 43.447535323780556, 9.684851062592605, 48.47101917445376, 11.256149531180617, 67.34620150411968, 27.171728755682853, 49.35192121757475, 42.388877860286115, 51.29943714009018, 16.46336633485213, 43.261247887658485, 64.98444092648106, 16.410970798170606, 3.7984661442658743, 51.00439158450984, 52.81760808326303, 60.565722646898756, 27.754666979272464, 55.29090699189785, 31.611243401343224, 80.44903192502981, 20.718905185464543, 64.21990302414449, 39.121093722873546, 30.028097318702816, 80.4033928395934, 45.99784136609708, 76.81501251160833, 62.96020217888348, 36.37532811939834, 78.32551668219735, 69.97371246299129, 2.932046220983589, 59.245147464958414, 33.41585832178905, 23.269049608503085, 53.55449868064633, 62.12697059931939, 18.22763904867927, 55.87925068575094, 31.264570599682518, 26.70057616164596, 78.3398100064876, 37.17753581658365, 22.53663903782461, 49.98866981754948, 44.16857832194182, 63.70351263625477, 66.47169553668522, 48.48877217393015, 83.92679673671476], [105.06618708789966, 67.54826498163932, 70.50946276014554, 78.37505357638359, 77.67516246963706, 63.374290209240016, 9.062510653218999, 82.38302854366447, 32.33538292954049, 0.0, 91.55049996107286, 91.66169746847925, 81.97147081024126, 7.036554125979779, 13.439993644540607, 45.81438338138756, 43.917976052953755, 97.65848476596929, 70.4078636397336, 27.54826432470973, 38.02426503366341, 33.48213402147951, 23.957558145896492, 79.95390915381522, 65.7475671522939, 90.39528730019225, 24.13750013874268, 57.84342336222903, 85.99883106487242, 109.78191203187873, 54.08344594342827, 68.24851713186251, 108.73135347924915, 99.4621243825041, 104.19605368538957, 64.03123716144738, 9.5158899876595, 91.12294688603973, 42.98960699201163, 93.29235108192215, 56.88223847276283, 20.97666652294756, 86.16256272362264, 45.22823146767465, 24.619611501076676, 27.547473965126937, 25.557635208332655, 43.22178791143305, 94.27168794981868, 53.48154378258612, 48.29257472151619, 43.748311505243066, 66.88814359077567, 47.9400280800824, 54.23879232515023, 70.54829017827588, 33.44023545371976, 33.98962484632391, 77.89619176188899, 26.626656836930167, 86.90141705950636, 59.40714183687075, 81.17427946195976, 36.33983814067302, 95.03485010996343, 44.37410666346443, 72.4102147359318, 55.72943001689968, 54.909811301702774, 109.69109430248545, 75.48372250435284, 94.5133714178372, 92.29867051307393, 12.030681577337122, 92.99156456438533, 73.8330695610988, 34.97157314013546, 77.49979842435081, 12.835431498605024, 26.696656429545726, 25.12172400328086, 81.29017385975011, 14.289069849014508, 45.73445229381777, 45.938894355523125, 56.812540912865344, 88.50933786765626, 49.178667277258405, 50.134612015639014, 41.938855892924195, 18.35828644981054, 87.47470277350206, 96.5485901130858, 80.82415452862801, 111.8042194605453], [35.66689080206034, 46.67446208020354, 45.00442643460494, 35.86734207051121, 32.44953532182325, 35.48342511568404, 84.66598749023785, 19.124857695564025, 69.52442314915609, 91.55049996107286, 0.0, 47.8018149226858, 19.472537775725907, 85.58501512930152, 81.92241426493962, 89.03661055259938, 64.64441677130309, 6.542793353325831, 26.345792953748507, 67.87137016714755, 77.71004878212302, 84.16401239870137, 69.11828749522488, 32.00246263864541, 28.27053095681279, 15.12413278913749, 68.07483381530014, 69.7027184404914, 5.61973249214953, 32.431858564112545, 68.4405400390468, 44.99706054626713, 33.683039402653115, 45.61431583639935, 20.514136068735525, 44.475585495642314, 84.06666006995543, 48.41697015478951, 51.24331606611966, 21.715692363898043, 40.20235613671281, 80.01172623378837, 25.72149483915901, 46.33864718053391, 81.81201719935724, 79.19254804357651, 88.03295487941416, 61.203026024231235, 18.662035598656093, 82.25026220574455, 57.66323222371264, 55.98139504090342, 27.54795844218891, 68.31246834329409, 40.963399565263586, 43.77373973552615, 84.86065932360061, 71.68340396833935, 23.15242761095663, 94.37190455843088, 16.84208936513269, 67.15383615355968, 18.03194243060041, 57.31080515779438, 24.542700131691426, 49.464594199274956, 38.105812150436314, 36.20664236630045, 85.76163779431897, 36.07842771947979, 33.734411278062545, 14.946331315824013, 30.17024898719722, 86.30532961263228, 23.501800127180157, 47.758536461509124, 69.24151995574566, 16.522652329495575, 82.8677672097119, 65.06457067081482, 98.26761692536243, 12.452461813958417, 79.8352724113011, 71.8147182713045, 45.80536953637777, 73.54821869200624, 34.87648911754187, 43.953444285578094, 78.43330501070945, 68.22734277218788, 90.02568995913232, 7.738545982655376, 35.31885712242012, 58.599228424584375, 30.813511488966846], [22.923272637347925, 82.00044209008958, 21.268022178460292, 76.74524141880049, 73.04558197593576, 33.820162516979956, 82.70793625430277, 62.043694493091934, 59.9210055241859, 91.66169746847925, 47.8018149226858, 0.0, 62.15108436869442, 84.62555146536887, 88.31574656843452, 65.28862395020982, 87.4742567934609, 51.979308279109354, 60.742433721773814, 79.71432695303392, 60.20755890541818, 101.35033219208171, 68.46993457032295, 73.73502811816161, 39.06978292929572, 32.793700046529615, 69.22990764881318, 41.7232227188594, 45.837947199268065, 31.66330293174688, 96.50140188242332, 80.68476023030087, 29.091328952331196, 92.14845899615807, 37.382641260908095, 28.11045240779988, 88.30168632534243, 92.75254937594339, 68.55709319581739, 27.062749171392415, 66.74277877491674, 90.8491070380585, 22.300738227598274, 58.01884581963019, 94.7659878176672, 67.72763864872285, 101.06061060284246, 48.6897210702445, 30.5446279594532, 54.75078447350818, 82.4232106166883, 77.01805067254928, 58.1324429049987, 47.68744522727091, 64.76495504717091, 80.65748843559301, 68.33669203489477, 59.43347691703511, 29.20846584852966, 106.81059352920846, 31.1098525504745, 38.851240106912385, 32.34838350950747, 71.12185813906963, 71.83421948331238, 50.84645830337564, 75.94143562230191, 55.547610549796424, 57.25687313554056, 28.106732404058445, 21.431254199962407, 62.63405688083285, 18.22348140590396, 92.64749765684859, 70.45700322101099, 86.04452631381918, 57.730506243685745, 54.20242018503287, 89.12689573133049, 71.90978809841206, 109.02752331136355, 52.84937323050951, 77.38326375010847, 95.70415657588642, 59.39406348884541, 45.325528327596196, 79.74044730725764, 62.7551370114095, 53.376535957756836, 90.14841736711244, 99.37188843934325, 40.556424560378446, 15.263646938122376, 17.17681926103648, 36.17215296615886], [54.15660501710128, 27.669694601420865, 53.12964746339799, 16.434073252520314, 12.976998085713111, 38.99421817700254, 76.4510194220375, 0.45808889533551517, 66.19877238801985, 81.97147081024126, 19.472537775725907, 62.15108436869442, 0.0, 76.89289524067793, 70.65181910461736, 89.2732270186348, 48.539382490776994, 21.91282120474547, 11.563608983187322, 55.77603169699042, 76.5288840943673, 68.80140458985748, 62.10490560843691, 12.649520345522527, 29.97514634171344, 32.11355008292967, 60.44636080562393, 73.7470304557308, 17.71623539364579, 51.762264538830706, 50.4426586258849, 25.973295426140275, 52.84001897860737, 30.617226590303172, 39.98191646040092, 50.03375530857782, 73.46003242270558, 30.68006109821063, 39.17546153708202, 39.05673371591106, 25.782523005624533, 67.18774145305447, 40.185054397111415, 38.2850536843464, 68.07183842305118, 75.37980402200012, 73.88776619501931, 60.51414034880491, 36.6315107496612, 84.65742001865353, 41.41906374386121, 41.44913407381547, 15.35729847877647, 69.65516611329902, 27.89083675285751, 24.537100177208526, 82.51499923642648, 69.1360370067637, 33.39903401465845, 80.1046556101021, 32.07438664384637, 71.68583658788359, 29.803627767096796, 45.79715790617205, 14.273531513184935, 45.55647271989306, 18.86568429989739, 27.510008646491055, 88.26348095153806, 55.168728781526916, 43.566172675046715, 12.98847550918863, 46.35945559394479, 74.71699644146807, 12.16075896055998, 28.29963391451386, 66.74626698906377, 8.638459504983741, 71.57260700368438, 55.43528073129957, 84.39012634288508, 9.342013471485796, 72.28091351346046, 54.901442540053516, 36.91860260043032, 77.19334634690738, 17.619679604742693, 32.821614762618346, 80.235770023734, 52.18881133926713, 77.07714388188163, 23.411349642518324, 52.11185699856807, 69.26975152969263, 50.28501997053938], [98.18003208204057, 64.35633015476469, 63.47852677278433, 74.41047292553925, 73.43796283425995, 56.59146556239174, 2.301664166040771, 77.29139833811215, 25.392370794787755, 7.036554125979779, 85.58501512930152, 84.62555146536887, 76.89289524067793, 0.0, 13.111467024531258, 40.806153271372445, 42.174561476297974, 91.78515704220116, 65.35532710840992, 24.41985600246098, 31.862011042427106, 35.112660743085684, 17.178449730408754, 75.71517426364228, 59.29754766024683, 83.87990059158184, 17.649154526656226, 51.229223429444545, 80.00083661560448, 103.01723150883325, 53.175340558338206, 64.9081746460893, 101.92263047362447, 95.92663820683711, 97.67619161057671, 57.01863906819543, 9.379160705557283, 87.99183712169553, 38.41927546142271, 86.6029756060137, 52.342466860165786, 21.151624253085416, 79.37174282773023, 39.432936690238705, 25.634362818984126, 21.344487600991677, 28.19960549955199, 36.20461360874491, 87.66737298876228, 47.65705837746269, 45.66733012077312, 40.40094488096231, 61.65001273221634, 41.21859749256606, 49.47785782896405, 67.13915760732696, 28.150838012609345, 27.222496685288473, 71.24260100527007, 30.631472859636553, 80.34493917773793, 52.68982654007997, 74.6490037852112, 31.872333340791425, 90.27085701454438, 37.720133962043825, 68.5310512646462, 50.13357891550435, 49.34729038882665, 102.84523184078756, 68.5717788557629, 89.22721721144892, 85.42720797044645, 14.10102808941169, 88.19758170343755, 70.81812767832255, 28.081179036794225, 71.98550346658229, 12.970739976068584, 21.489758330414116, 30.04277136975701, 75.67420659223092, 7.256882442528865, 45.22511303691541, 40.342019273661315, 50.38762009855946, 84.47154677522506, 44.09519586001902, 44.04888607022705, 40.720219976268375, 21.823138684606608, 81.24572829464907, 89.61407875779285, 73.86803230372, 105.12098154713111], [99.16248557387905, 54.457929211795026, 67.08747761445953, 65.76921440374194, 65.32523417573077, 57.28669207676413, 14.835409776855858, 71.08062827133347, 32.87024447993191, 13.439993644540607, 81.92241426493962, 88.31574656843452, 70.65181910461736, 13.111467024531258, 0.0, 52.63856295562454, 30.480422220680023, 87.75638854304226, 59.15016575835284, 15.00205251027658, 42.11086640171887, 22.12670594131649, 20.55673527532246, 67.59332154036025, 57.98140292973067, 82.54753525539451, 19.2580023354937, 59.565548766109636, 76.50410727178674, 102.99689136260818, 40.769177522617035, 55.23849948586882, 102.23027419326883, 86.48236833969119, 96.24963140163149, 60.20716136631402, 4.044357956233014, 77.94591571893068, 31.500248193398903, 86.22174453521646, 45.06226920936536, 8.056313713096664, 79.75228557980985, 36.009603604308104, 12.570202459838594, 32.00175401368792, 16.018936136537945, 42.034501055016754, 86.77446818262803, 58.21732864989032, 35.029042986417636, 30.92930010093769, 55.97991857638799, 49.331979186031596, 42.76270827507646, 57.57046012616112, 39.927203362766456, 35.725396683994674, 70.82300938736736, 19.947366167754172, 79.2641284535759, 60.530231833760084, 73.47064058955027, 24.951913067585362, 83.1948671783948, 38.19900132306006, 59.76182910144943, 45.716716393800645, 60.333743543861964, 103.44043532678457, 70.13579943180414, 83.44756122662149, 86.39073209873538, 4.528525465846696, 81.19993984522408, 60.638797293384684, 35.79781593749915, 66.9843573357, 0.9455770429105542, 17.511912571608388, 21.028171240320262, 70.94447515728325, 16.606069254954445, 32.54734558079031, 36.21399974039865, 59.42989196883919, 75.92533613509175, 38.326052081006694, 54.136793077708674, 28.529393205733548, 11.407509462122594, 78.62964403733766, 91.16091411223363, 79.68162305252056, 104.55455585779367], [85.62536858029989, 89.01949511635141, 48.9177538001129, 94.16413371991383, 91.75935919768203, 53.55747457243221, 38.593022831002926, 89.52503849997485, 25.77340746698813, 45.81438338138756, 89.03661055259938, 65.28862395020982, 89.2732270186348, 40.806153271372445, 52.63856295562454, 0.0, 74.66027865195166, 95.52553146044731, 79.5481449383822, 56.755410454668855, 13.540433597719424, 74.41039447180685, 37.41058132293893, 93.77217393709668, 61.290927742866195, 80.50337874572753, 39.998901061845544, 23.574621250719325, 83.80325268883867, 93.05189264975384, 86.74728309111804, 88.8421041143372, 91.05303616656182, 116.17886070124916, 92.68767670987562, 46.002198993646836, 49.66754599209869, 110.83078496462127, 61.31326979400102, 79.86371856050145, 72.09645111991665, 59.93645701371325, 71.47305161583962, 54.39799882660719, 64.848649200381, 21.054509546281356, 68.56724811236217, 28.76070326935607, 82.35330114828395, 11.215488900620578, 74.97643033028818, 68.06550739600276, 75.12406320448424, 20.811165929725036, 68.5527474807119, 90.50317437274411, 12.722575091877872, 22.03372339270445, 67.46661236222123, 71.42987936333704, 76.78898549024974, 26.47811546378394, 72.45790579671056, 57.27105706962398, 103.5007030547618, 44.349115999443804, 89.40443577432235, 63.35251963647373, 10.494892622891125, 90.97917988942133, 59.267822330461215, 98.61044691615085, 74.66793466290214, 54.73040863555954, 101.40916663510436, 95.59529616355948, 23.969928234541126, 81.56449578176651, 52.83744487693297, 48.14206563641713, 70.70516824948999, 83.83120499111854, 36.05831387108836, 80.40788626064207, 56.489714684320326, 20.015363457288245, 102.83111526353483, 62.54253077488251, 11.983527894513244, 74.72672650637246, 62.59311632391452, 82.20240829895664, 76.38859704758676, 49.30863734589106, 96.63575630986692], [91.16189422353926, 25.768410277885295, 68.40652304928034, 38.854669976666464, 39.53090094964882, 53.6696979780405, 43.116726482150284, 48.99747134338427, 49.5347196668995, 43.917976052953755, 64.64441677130309, 87.4742567934609, 48.539382490776994, 42.174561476297974, 30.480422220680023, 74.66027865195166, 0.0, 69.20893338858782, 38.48857384887264, 18.52538479669643, 61.66004663889072, 20.410949311650953, 37.27370797958215, 41.61989165329904, 49.51591537727192, 70.55438436544674, 34.67821800859767, 72.55654802031464, 60.11092716956035, 92.44384493189975, 12.095877080569993, 26.94177083729135, 92.47504458170258, 57.55093795411211, 82.93822395192981, 61.674800000923796, 34.43243177487222, 48.37254774140075, 19.076846675933083, 76.08449268490591, 24.56897408320639, 23.620969307453983, 72.01598943649174, 29.94450599692144, 22.16559648322849, 54.09214447809899, 26.746123183947795, 53.08050708665645, 75.40859465063538, 76.5171780455287, 7.12063025524694, 10.458203727685724, 37.19980582713598, 63.34381545029154, 24.666794988553217, 29.326272109729736, 62.99072294725426, 53.31027642430864, 62.3032886227415, 32.5294444722713, 68.1841738746752, 72.28504580085364, 62.82867084754263, 18.881818818936512, 58.45367851462916, 39.890284973580634, 32.9955536564039, 32.84593901098795, 79.51722527170236, 94.26950780812588, 66.32660548882376, 61.37547325022414, 79.3526426079821, 32.90961263421363, 56.71783461566919, 31.227321424841794, 52.00307148176213, 48.14891445858199, 31.128508182064103, 26.518213193824973, 37.17221545984048, 52.281110826105255, 41.92334701493475, 8.231739908503394, 28.278169531615248, 74.03638888621005, 48.69853740650218, 24.875409461625352, 71.74090828943774, 3.6494298739082023, 31.866752513266846, 64.05631510147353, 85.06695810113125, 84.62203778718856, 92.66706536865377], [37.30705250346363, 49.5820654426288, 50.920669912685625, 37.63933893812349, 34.535170694062764, 41.96813011726112, 90.91458330009205, 21.49280768617745, 76.04741594493684, 97.65848476596929, 6.542793353325831, 51.979308279109354, 21.91282120474547, 91.78515704220116, 87.75638854304226, 95.52553146044731, 69.20893338858782, 0.0, 30.722349248353172, 73.50320914827947, 84.2470522045318, 89.04850935012439, 75.43871486640185, 33.67541169895501, 34.81143563916901, 19.313898309593952, 74.33601752346972, 75.96989248912972, 12.083852924834087, 32.5850345706705, 72.14809258463765, 47.88543491969121, 34.286460593378614, 44.05479224930253, 20.25920461539387, 50.73725281854727, 90.01308113298859, 48.18926845725471, 56.77066784932337, 25.08851771922794, 45.06683588535835, 85.5453534890974, 30.477881669996325, 52.431602436237334, 87.14303141835454, 85.71138534293067, 93.27987236500599, 67.74222561686948, 21.701132738221872, 88.62286656318383, 62.142524033300305, 60.98534226543559, 32.57031573824768, 74.7813991329122, 46.16012677529561, 46.40673141421646, 91.4033664241856, 78.22206683669006, 29.17306200676075, 99.60222982981651, 21.827964870039903, 73.38170327790165, 23.990695416896706, 62.989369997981576, 22.871270510292383, 55.92419747105157, 40.7503045663423, 42.08450246348953, 92.11944698634044, 36.76772361365704, 39.533806797661676, 13.135831216574955, 33.897885031579385, 92.09735715187014, 22.373189615421662, 49.838263139494906, 75.7796904387959, 21.282075689958745, 88.70045524051723, 71.08242908137711, 103.60724757237772, 17.138204178944047, 86.13634927367693, 76.08509966979481, 51.78929143155136, 79.83997138016795, 34.84117231155221, 49.57333988117665, 84.85579804452018, 72.83070338392342, 95.56211398286493, 13.646950371851004, 38.49066394670341, 63.831633135762225, 30.08943396600079], [57.1218776782738, 22.064654058858565, 48.08601955975121, 16.85699919455775, 13.470813596417276, 32.539266915456466, 64.94417762072118, 11.976718836908551, 55.657016327538486, 70.4078636397336, 26.345792953748507, 60.742433721773814, 11.563608983187322, 65.35532710840992, 59.15016575835284, 79.5481449383822, 38.48857384887264, 30.722349248353172, 0.0, 44.3273140139621, 66.48831340401189, 58.39102019987306, 50.79225823830726, 14.997367786981995, 23.825605933491982, 34.99613900280475, 49.05572050008748, 65.80150696705554, 22.337103465836634, 56.4619588126358, 42.23255701377955, 20.545459866351724, 57.03001089480212, 37.232097086238916, 45.726122415596656, 43.75968748311017, 61.91666615987847, 34.13645307966847, 27.65363607801825, 41.52496804548881, 14.600576123706876, 55.902815485280904, 40.25712778195507, 27.08265720913389, 57.01939045704896, 64.60443272529766, 62.98376486804825, 50.94223041960068, 39.90660835705964, 75.80105629051708, 31.43469017499323, 30.518120316508327, 4.425282968754517, 60.645929673435944, 16.40019022058795, 20.120523850618117, 72.05693944456756, 58.77634695617542, 31.627890198474013, 69.26101033319665, 33.69251857443202, 64.01738809751281, 29.64238200145899, 34.2578193205041, 25.195817894231602, 35.3050326783049, 15.199055523675666, 16.555337391811978, 79.39309580671302, 59.14442716910453, 40.2535690270268, 24.30868010184253, 47.26702619488895, 63.25531315471866, 23.079631816444866, 25.34619674358042, 56.43834646556529, 9.864212414393855, 60.074803048698314, 43.88573359505514, 73.42754398489028, 13.896003041361492, 60.84624139811611, 45.491884602797235, 25.579699037218656, 68.99261254829428, 23.609411328919304, 21.267706388576027, 71.20800520025747, 42.10847929879879, 65.84818562402558, 27.135146145249074, 53.235323727487526, 65.0347930000386, 55.87172303379672], [87.92555754924221, 40.08651352431024, 59.021174540695185, 50.89634490327806, 50.357204032386406, 46.813094477816065, 25.049451348061837, 56.20964803817466, 32.47675850076101, 27.54826432470973, 67.87137016714755, 79.71432695303392, 55.77603169699042, 24.41985600246098, 15.00205251027658, 56.755410454668855, 18.52538479669643, 73.50320914827947, 44.3273140139621, 0.0, 44.1635391472982, 21.972907022548398, 19.469502582957414, 52.62899100730245, 45.79764775796371, 69.82576906971008, 16.947680321454378, 57.53354129741631, 62.58096642238413, 90.9487406467376, 30.361217514415898, 40.73403766745768, 90.43247330659337, 71.922715103353, 83.31180066775228, 52.00977599835736, 18.263905343406275, 63.70986522155562, 16.793149384615887, 74.11444619230366, 30.099943463069955, 12.292907896265618, 68.33866283641783, 23.327103647638907, 15.255813016117262, 35.901695318799455, 21.706139321966578, 38.24377092356242, 74.29512164898168, 59.6401934873183, 21.261894081267208, 16.204440500836657, 41.33523662837642, 47.68760183303267, 27.928889860369623, 43.01888334460148, 44.76534810872552, 36.1286003087677, 58.97037806464534, 27.848053739584383, 66.76268287348071, 57.77207829257493, 61.00055784384874, 10.581086647595875, 68.19918856019564, 28.957083724831246, 44.90929428949578, 31.82875162471312, 62.409518658760184, 91.84814741158628, 59.97019391489872, 68.63536423404707, 75.32875456925566, 18.94229434274431, 66.20938816047213, 46.472435584230524, 35.19008359505415, 52.48467940558717, 15.894743229087847, 9.422663586434302, 31.0408029509411, 56.51807821904077, 23.432275058228903, 23.653355005004276, 22.958320703785873, 58.40622