instance_id,num_cities,city_coordinates,distance_matrix,best_route,total_distance
2358,52,"[[55.80369982065334, 46.05128456974632], [30.762586886223264, 46.80941853988699], [16.95274955042274, 87.29061021861543], [17.77044368910703, 66.60656323865297], [62.578692204801264, 54.157201206251116], [67.4295846504155, 65.45526852099798], [76.48321951001597, 11.619381679742924], [8.179587987822101, 43.86534137012702], [27.222392793801532, 94.09821020521773], [11.409929551243902, 12.865341130532926], [43.72674998243018, 19.688476546466294], [95.40796016689764, 89.33656150484127], [49.38689119679386, 57.56045526099073], [91.41741588374845, 74.15458954764664], [83.4530012000132, 70.91149143332413], [96.61923078814344, 65.9707911166946], [76.1606856206906, 80.04262705094094], [50.69601171520466, 3.5335271134196544], [46.276775849978826, 3.7978008685697673], [81.74319787118259, 41.30696019516353], [96.51580748462746, 98.8232692398144], [31.7093221176744, 75.00126930338502], [13.43599053746397, 7.7809980051473655], [41.382816187770686, 73.65881984668697], [11.885756557310978, 58.32502977493485], [94.03768932453072, 60.061462809423084], [79.2561382733772, 6.079040360177091], [25.329733196942648, 38.203517811633716], [28.39079632997079, 95.16804558718741], [67.04859079239547, 8.6389794593829], [92.62694585393379, 64.40721062805795], [80.3326279066853, 71.59593772557973], [98.8806684938199, 91.41495166584751], [97.03424903889906, 30.003977191270703], [87.4559774259966, 12.322498333459942], [30.550008960217, 43.87878159379292], [45.57612385015673, 54.266711340660244], [86.9543601098806, 78.8614052817785], [27.408671366949566, 4.472645784969631], [68.7614568767614, 26.950515319950163], [68.04880811170256, 92.63069103926989], [48.80393132436116, 40.44797096113205], [55.378561531016125, 86.37002242220755], [38.370758578170324, 59.529345035103276], [78.83586745701466, 48.7069476535773], [18.56078753343341, 38.39040734949569], [50.21836875805958, 80.40627477322784], [55.95723982965095, 92.35560955311283], [67.72002296442368, 14.724647831754234], [77.11060248875167, 8.325820282079254], [44.13461413037285, 83.45168615326288], [20.032293912122455, 69.24634575593012]]","[[0.0, 25.052586774853463, 56.65755304346813, 43.23248839847428, 10.564393324901697, 22.620251794693306, 40.16464205254867, 47.67425275280126, 55.905260704013244, 55.42665135730078, 28.997419958804546, 58.66952051040609, 13.177118156692556, 45.36664548436037, 37.18216981385772, 45.416894535316466, 39.62093177269793, 42.823453584426886, 43.314191268319966, 26.369796603020486, 66.65101706996616, 37.66484638189465, 57.09323623373765, 31.147036597735344, 45.60077369786666, 40.72005706884652, 46.344332733660565, 31.468239303665698, 56.248764347618305, 39.06569014669128, 41.14476236273225, 35.414652587616295, 62.557873385169245, 44.24335275425519, 46.25470461022117, 25.346965720871058, 13.118557362016938, 45.2423215318684, 50.34938772300597, 23.081222971477846, 48.16205751535763, 8.966263569523619, 40.32097921158173, 22.035552052800572, 23.184764230939944, 38.02267159757863, 34.80605227485711, 46.30457954349205, 33.51651722033291, 43.326605648583396, 39.17853493247823, 42.63337124957032], [25.052586774853463, 0.0, 42.771935740286786, 23.67958452081141, 32.653552146052476, 41.13558613363101, 57.69501661095278, 22.7740955830674, 47.4211217853297, 39.073337931348426, 30.060189942772208, 77.37946869395905, 21.504639072331802, 66.53395116902828, 57.941260586212636, 68.58757719187605, 56.262185494732016, 47.646030308600125, 45.72405618388074, 51.2766978678929, 83.83869442982008, 28.207742856701863, 42.70162234001566, 28.873510713992484, 22.112078721443243, 64.64793319124786, 63.32920521213517, 10.17729957079383, 48.41675536777144, 52.66551527401226, 64.31859137810963, 55.42166092885528, 81.42313324449236, 68.36926256293967, 66.35878386634076, 2.93833665267217, 16.5846945494419, 64.690379749398, 42.46941342439212, 42.87528609416662, 59.07496345100932, 19.13003200292086, 46.59385782747509, 14.82163305907449, 48.11071524697312, 14.824427707998609, 38.82365512169415, 52.05022625073808, 48.94164477076474, 60.24222676130555, 39.00598529031839, 24.870763764067522], [56.65755304346813, 42.771935740286786, 0.0, 20.700203457302848, 56.38749361233626, 54.99720928159513, 96.28089988254318, 44.30262225158902, 12.321079089262566, 74.63138436594075, 72.71104163853146, 78.48188319313601, 43.99835972103099, 75.6144270043862, 68.4876558340373, 82.46989098658209, 59.649919980665686, 90.2987082510701, 88.49264224544395, 79.44997333595751, 80.39454217756861, 19.203758331725602, 79.5873484185225, 27.975951541448286, 29.405429233928462, 81.75276392030658, 102.35737064440245, 49.796751861799414, 13.888228904981307, 93.25058890338221, 79.05842120232008, 65.29419365547209, 82.03166519563779, 98.4622002797647, 102.91220987084226, 45.491453351241674, 43.70212184098253, 70.50728314709905, 83.4753947817316, 79.5303037037213, 51.37434830407933, 56.645658553883806, 38.436837906607366, 35.063071104824246, 72.92612219756293, 48.926635146879576, 33.97050920713608, 39.331977832304176, 88.5614755241989, 99.26935740635625, 27.451613796319684, 18.305165212993963], [43.23248839847428, 23.67958452081141, 20.700203457302848, 0.0, 46.505545368891475, 49.67248494430298, 80.44115974045157, 24.68091742939051, 29.071119600248707, 54.1163107923318, 53.61936865768144, 80.89645719078267, 32.885130721191324, 74.03275771305259, 65.823481888569, 78.85135023054603, 59.91617614298108, 71.14984831955842, 68.97500709479871, 68.7937729144027, 85.08083488573752, 16.271552530709226, 58.98503716337908, 24.643020478042192, 10.15939659378494, 76.5475740728781, 86.27903374699193, 29.391764958787228, 30.472121097192204, 76.0826954776185, 74.88880469241343, 62.76082179070791, 84.81936514868299, 87.30693067497988, 88.33364769342644, 26.07430434383624, 30.420844729937855, 70.26090979213505, 62.8770159192615, 64.59632777824135, 56.61421338139533, 40.58755110559207, 42.48487785684395, 21.782102539222837, 63.63475636825855, 28.227222614941937, 35.26045773551215, 46.05697325686588, 72.01870323790716, 83.1739108491194, 31.286221393201682, 3.4762649740600966], [10.564393324901697, 32.653552146052476, 56.38749361233626, 46.505545368891475, 0.0, 12.295425269890774, 44.75267555857687, 55.36411218918067, 53.341841999464094, 65.75150173196637, 39.28725881539302, 48.11806548423522, 13.623720196626426, 35.0936963557168, 26.766453202480534, 36.03219634737993, 29.23227353987707, 51.99956225080222, 52.932236673037806, 23.073945728457435, 56.096215800133216, 37.24772723823506, 67.57038811872388, 28.802400763240676, 50.86398057111268, 32.00826150945779, 50.88857197555483, 40.52166039323688, 53.391961765659296, 45.73716764711653, 31.748389573484435, 24.885975253085785, 52.018972037113784, 42.07806586650069, 48.67259685317217, 33.63751566497856, 17.002921017398684, 34.70548781999784, 60.87269842174991, 27.90036444035608, 38.860411577418134, 19.434171740184617, 33.00769201884244, 24.79685423172148, 17.146457679929494, 46.7564724950359, 29.013642632951623, 38.768054268817494, 39.76631171748752, 48.08005713304975, 34.617204744553106, 45.14286533795091], [22.620251794693306, 41.13558613363101, 54.99720928159513, 49.67248494430298, 12.295425269890774, 0.0, 54.59185851530786, 63.060978892634104, 49.36634871367517, 76.8368545709969, 51.54050464380326, 36.78458442230182, 19.69433582205167, 25.516548230580774, 16.926908943776898, 29.194198142652404, 17.000680957956902, 64.14292261914031, 65.18500316374973, 28.071699600011453, 44.26546995946576, 36.973818931039325, 79.0039852461233, 27.308101393173462, 55.99961735415884, 27.149297862060624, 60.542578745892946, 50.15032810590392, 49.05992371084125, 56.81756646542379, 25.21914822049948, 14.289728603205457, 40.78082667021155, 46.186905184261285, 56.78157866248152, 42.72760104673478, 24.551121374107005, 23.6842006323051, 72.94212620843639, 38.52778092105635, 27.182476464472632, 31.181403000346787, 24.1382287869773, 29.656903780699608, 20.263502642489975, 55.86292188825652, 22.79821353631686, 29.244538692388453, 50.731452077879354, 57.943903583288865, 29.43682556126852, 47.548663871148904], [40.16464205254867, 57.69501661095278, 96.28089988254318, 80.44115974045157, 44.75267555857687, 54.59185851530786, 0.0, 75.53269487760589, 96.06969451236733, 65.08521706971129, 33.735687155886396, 79.98816067954621, 53.33660328381952, 64.29372010088645, 59.70035289541378, 57.96149288946962, 68.42400554803068, 27.0251943549072, 31.202665991429487, 30.149953407413495, 89.47526242794785, 77.60132451470093, 63.163963383806134, 71.28064394668696, 79.71354830841491, 51.52469926785817, 6.195519381415029, 57.6488981322339, 96.40155812043528, 9.894191044975651, 55.201220868236895, 60.09996023396149, 82.87930206263451, 27.5742301219728, 10.995262130183601, 56.12957076467602, 52.669187285685815, 68.05243951217945, 49.59220815204525, 17.16593361452329, 81.4491960658973, 39.965366937131385, 77.67280656587333, 61.22029293456078, 37.1621111109963, 63.80984204252817, 73.63069364386746, 83.30458770715732, 9.297112001665239, 3.352783333618136, 78.7801512818067, 80.66953569655077], [47.67425275280126, 22.7740955830674, 44.30262225158902, 24.68091742939051, 55.36411218918067, 63.060978892634104, 75.53269487760589, 0.0, 53.72122044669183, 31.167853976031207, 42.989783886087075, 98.36879979724752, 43.42347271050373, 88.57750588039397, 79.9848796326796, 91.16041535198518, 77.00795825498052, 58.60291398730853, 55.28836699386583, 73.60808388558732, 104.03682766557972, 39.026841999918105, 36.46518344730536, 44.61060101176739, 14.9270986541123, 87.37235211908256, 80.49646293166916, 18.060557209051723, 55.14036998998942, 68.6036155364394, 86.90986505096566, 77.29842911574667, 102.40923515108577, 89.92935120082127, 85.32113963836231, 22.370425009860174, 38.81609707024639, 86.19854530205623, 43.83539794579621, 62.89892032765247, 77.21646745737223, 40.767826677875284, 63.51685614756309, 34.01275925931175, 70.8219667887908, 11.736447781848934, 55.70007991572308, 68.07356406107218, 66.28908972900655, 77.5534803815738, 53.47749618485158, 28.01217630531589], [55.905260704013244, 47.4211217853297, 12.321079089262566, 29.071119600248707, 53.341841999464094, 49.36634871367517, 96.06969451236733, 53.72122044669183, 0.0, 82.75755561821602, 76.2181229720082, 68.35162687410465, 42.734909919416395, 67.2216408193962, 60.823558340001824, 74.88039014451215, 50.91675483195223, 93.55732258238834, 92.28885869929108, 75.89093663877016, 69.45432673631782, 19.616974449836075, 87.4112464684352, 24.865362835174334, 38.922138291054985, 74.98522536989807, 102.24913167769873, 55.92672704640385, 1.5842078676256603, 94.28364739812015, 71.8283441051411, 57.68058027181822, 71.70849568000256, 94.77217934622111, 101.56452023111491, 50.329554333502514, 43.85667275895723, 61.64469274579994, 89.62575800156368, 78.95762644161255, 40.852782037606296, 57.8282887200863, 29.197512297590833, 36.32206627948962, 68.73367066323533, 56.37714700743936, 26.763482703536816, 28.787637819146966, 89.10791465010604, 99.22568387113401, 19.984286450259642, 25.871078225193624], [55.42665135730078, 39.073337931348426, 74.63138436594075, 54.1163107923318, 65.75150173196637, 76.8368545709969, 65.08521706971129, 31.167853976031207, 82.75755561821602, 0.0, 33.02926065908383, 113.59364723805788, 58.6506849317399, 100.78476988504055, 92.5178887435502, 100.40325610015547, 93.30299113746159, 40.37919024254285, 36.02661873145922, 75.8662924333465, 120.96187772869757, 65.36772069200431, 5.473158880988057, 67.78068299845879, 45.462178819164265, 95.15682102025372, 68.18476307880675, 28.909931356844968, 84.03621241724477, 55.7989494317141, 96.19130963039902, 90.55176047435681, 117.56347853993553, 87.3227171688242, 76.04798534919588, 36.444150822182266, 53.67869491844116, 100.31172150792749, 18.06646270992329, 59.0558195143866, 97.82879745069765, 46.46625481981255, 85.65149601707674, 53.89262994348035, 76.36018504839804, 26.5078059326659, 77.89655108537235, 91.1217077700724, 56.340781336526014, 65.85731298781411, 77.80319456469222, 57.03650453648793], [28.997419958804546, 30.060189942772208, 72.71104163853146, 53.61936865768144, 39.28725881539302, 51.54050464380326, 33.735687155886396, 42.989783886087075, 76.2181229720082, 33.02926065908383, 0.0, 86.7283299994882, 38.29260986561154, 72.39445475703583, 64.8226217450496, 70.2827657947545, 68.51703192713178, 17.59411834347515, 16.09398040962084, 43.733387078377746, 95.1262319583272, 56.60321205598185, 32.54716812511928, 54.02121788313757, 50.066277150141374, 64.50712082610274, 38.046736859257216, 26.100899977900426, 77.02179442861201, 25.806968916221585, 66.26457827626707, 63.51672869934847, 90.48006388267103, 54.296399597103964, 44.34526996022965, 27.546276740227377, 34.62765520772428, 73.28070532169563, 22.311458837635737, 26.066717408079185, 76.89037109260087, 21.371344803998433, 67.69189960949794, 40.19927170797219, 45.54911409938079, 31.35423227804526, 61.063836563336174, 73.68919256789715, 24.501362082493685, 35.26459365349956, 63.76451405384859, 54.93095346933335], [58.66952051040609, 77.37946869395905, 78.48188319313601, 80.89645719078267, 48.11806548423522, 36.78458442230182, 79.98816067954621, 98.36879979724752, 68.35162687410465, 113.59364723805788, 86.7283299994882, 0.0, 55.925483611422855, 15.697665947038717, 21.963703035695215, 23.397145175202148, 21.37369399730578, 96.7539097149171, 98.64457837900875, 49.93564188598153, 9.551175285178262, 65.29178425979093, 115.63180247095261, 56.253957776010964, 89.09362264514921, 29.307150079936406, 84.80976463612082, 86.74990520216146, 67.27039806146647, 85.53568599890303, 25.08399042709686, 23.280794119468922, 4.0471482287213965, 59.354868181322374, 77.42351035491158, 79.20204283457262, 60.9352631998629, 13.460767133472341, 108.74643657889771, 67.8384470353988, 27.556750363003257, 67.54279968809722, 40.13917175626705, 64.3561381590516, 43.8793775991385, 92.20085989283228, 46.06353430650498, 39.566071149981795, 79.58366370360397, 83.05139066543872, 51.609958067071, 78.00710116514426], [13.177118156692556, 21.504639072331802, 43.99835972103099, 32.885130721191324, 13.623720196626426, 19.69433582205167, 53.33660328381952, 43.42347271050373, 42.734909919416395, 58.6506849317399, 38.29260986561154, 55.925483611422855, 0.0, 45.18772287009236, 36.588932993822, 47.975281682115295, 34.961180132339884, 54.04278639739565, 53.8525377748291, 36.20920716422774, 62.639880011991025, 24.833011154679134, 61.404084741190815, 17.97839144873835, 37.5089279163774, 44.72078724934552, 59.51897177465097, 30.87778940351989, 43.0716478649201, 52.01198349623454, 43.7787663806201, 33.97989682932702, 59.96466391095735, 55.04207656820902, 59.12468243723263, 23.281244097564002, 5.03693327163561, 43.18616899336912, 57.4574421798541, 36.2262642081886, 39.72642169240828, 17.12241107805138, 29.426030541183465, 11.190697244305488, 30.751045506284424, 36.30068048939662, 22.860945389913386, 35.41005850559795, 46.59409961061497, 56.5035702350434, 26.418596698148068, 31.59513282777828], [45.36664548436037, 66.53395116902828, 75.6144270043862, 74.03275771305259, 35.0936963557168, 25.516548230580774, 64.29372010088645, 88.57750588039397, 67.2216408193962, 100.78476988504055, 72.39445475703583, 15.697665947038717, 45.18772287009236, 0.0, 8.599394550409915, 9.697083842993155, 16.353495160359614, 81.52034848304368, 83.5927933250866, 34.24262326739532, 25.190024904129878, 59.71409655840962, 102.40388836996704, 50.037055811999245, 81.09167526826883, 14.33464524025972, 69.15328676420306, 75.23337930652775, 66.43733970518643, 69.90089270939507, 9.822136150085603, 11.376257013755005, 18.80479300532612, 44.506464543207365, 61.95886134019943, 67.98136342302496, 49.9695082513823, 6.486368876014256, 94.61866972834544, 52.359498681902565, 29.79023590931241, 54.33272681202288, 38.0528030947834, 55.02586326762284, 28.38798757895741, 81.16135178074886, 41.67067376734485, 39.85851496263966, 63.980343884096406, 67.36550877517789, 48.18816604668805, 71.55366165349503], [37.18216981385772, 57.941260586212636, 68.4876558340373, 65.823481888569, 26.766453202480534, 16.926908943776898, 59.70035289541378, 79.9848796326796, 60.823558340001824, 92.5178887435502, 64.8226217450496, 21.963703035695215, 36.588932993822, 8.599394550409915, 0.0, 14.062720973769594, 11.685696563566136, 74.91869216692305, 76.7223513227934, 29.653864794567788, 30.817271916057724, 51.90505378094224, 94.27534663211057, 42.15979459597954, 72.66560068441252, 15.157794820908947, 64.96814889295351, 66.69427128167727, 60.168320772395035, 64.39697530448314, 11.245751611473203, 3.1945572802340627, 25.65939982998551, 43.10307430247923, 58.725581573294974, 59.40954459674157, 41.372775373537735, 8.686808643774443, 86.92000412749128, 46.35093198030336, 26.627294196460745, 46.13658117814414, 32.049030298316765, 46.49690157897877, 22.679499299310585, 72.58526230948321, 34.56431258138181, 34.86928584401113, 58.34799052297182, 62.906217934830394, 41.26974733835962, 63.44256318137897], [45.416894535316466, 68.58757719187605, 82.46989098658209, 78.85135023054603, 36.03219634737993, 29.194198142652404, 57.96149288946962, 91.16041535198518, 74.88039014451215, 100.40325610015547, 70.2827657947545, 23.397145175202148, 47.975281682115295, 9.697083842993155, 14.062720973769594, 0.0, 24.83080016691074, 77.50712216458422, 79.99902177898527, 28.802793459530534, 32.852640916823944, 65.5350728990891, 101.51602573469339, 55.76887378867768, 85.07772517952215, 6.4486058471170455, 62.357828621249695, 76.50629996022398, 74.21319921164881, 64.50859925364672, 4.287554424186656, 17.230661850021093, 25.544459409972344, 35.969208277282476, 54.4252196204532, 69.6649047778559, 52.36777873164493, 16.1114139286596, 92.58576248342169, 47.94410798577524, 39.0770945157418, 54.200712278570364, 46.0100145471786, 58.603555714803335, 24.784840174710702, 82.78766896159568, 48.59447690358356, 48.472220421920845, 58.83308095297393, 60.85662856786829, 55.319225202389156, 76.65695114108205], [39.62093177269793, 56.262185494732016, 59.649919980665686, 59.91617614298108, 29.23227353987707, 17.000680957956902, 68.42400554803068, 77.00795825498052, 50.91675483195223, 93.30299113746159, 68.51703192713178, 21.37369399730578, 34.961180132339884, 16.353495160359614, 11.685696563566136, 24.83080016691074, 0.0, 80.63555041272029, 81.89213382715116, 39.13587011666746, 27.695550312680446, 44.73632757855882, 95.68767112661709, 35.35891962029256, 67.84482690334812, 26.811083265575544, 74.0283323011343, 65.83537640390621, 50.107290973911724, 71.98271432461584, 22.706914646993432, 9.420810103002907, 25.40723103571301, 54.21782114353772, 68.6556585466865, 58.207882143870826, 39.997665549367966, 10.858116496268318, 89.93097888011796, 53.60523215191775, 14.975376846513425, 48.12617579342846, 21.724010077859806, 42.998527008960366, 31.449664563421944, 71.08203476068955, 25.944865462497084, 23.659855450324898, 65.86109014702842, 71.72309750128248, 32.20700139823742, 57.157292147122064], [42.823453584426886, 47.646030308600125, 90.2987082510701, 71.14984831955842, 51.99956225080222, 64.14292261914031, 27.0251943549072, 58.60291398730853, 93.55732258238834, 40.37919024254285, 17.59411834347515, 96.7539097149171, 54.04278639739565, 81.52034848304368, 74.91869216692305, 77.50712216458422, 80.63555041272029, 0.0, 4.427130701725384, 48.895398709744974, 105.73357384892665, 73.94682248483919, 37.50133580476513, 70.74102269446385, 67.14420801027919, 71.23137322867119, 28.67334069668636, 42.95877489966736, 94.31016705160137, 17.13103867641073, 73.917579657256, 74.23490255681227, 100.22427814774731, 53.36587828932481, 37.79604601231847, 45.09546524973492, 50.99087402257191, 83.59998240225181, 23.3062687784794, 29.57559205747203, 90.77127388336102, 36.96290211538221, 82.9687364482574, 57.3362319097647, 53.221136820513465, 47.40964810041142, 76.87423154453678, 88.9777660440848, 20.372975775420564, 26.845794448075775, 80.18705682704605, 72.51508893637607], [43.314191268319966, 45.72405618388074, 88.49264224544395, 68.97500709479871, 52.932236673037806, 65.18500316374973, 31.202665991429487, 55.28836699386583, 92.28885869929108, 36.02661873145922, 16.09398040962084, 98.64457837900875, 53.8525377748291, 83.5927933250866, 76.7223513227934, 79.99902177898527, 81.89213382715116, 4.427130701725384, 0.0, 51.62174081115362, 107.488603762267, 72.67836421790574, 33.0814606595829, 70.03222696613447, 64.46674259023631, 73.80179205763406, 33.058166910340475, 40.28066476951882, 93.10440313610427, 21.328509234124894, 76.30097516276622, 75.87086674468753, 102.19557052591695, 57.12341693194174, 42.052313958998845, 43.05596605234423, 50.47377375890115, 85.37687373477725, 18.880169025824415, 32.27396888117907, 91.4620345547004, 36.73719481132776, 83.07234362221028, 56.28952055479252, 55.470045170638755, 44.326340154665154, 76.70980660028879, 89.08533471829053, 24.06675780756521, 31.164528313437, 79.6826850562906, 70.51443015482216], [26.369796603020486, 51.2766978678929, 79.44997333595751, 68.7937729144027, 23.073945728457435, 28.071699600011453, 30.149953407413495, 73.60808388558732, 75.89093663877016, 75.8662924333465, 43.733387078377746, 49.93564188598153, 36.20920716422774, 34.24262326739532, 29.653864794567788, 28.802793459530534, 39.13587011666746, 48.895398709744974, 51.62174081115362, 0.0, 59.38312724091777, 60.32159803252788, 76.09116055428525, 51.72623350431153, 71.90046452661453, 22.42511735542801, 35.31560280305671, 56.49876415621502, 75.81223693983436, 35.820782271654465, 25.535808979049005, 30.321805148486774, 52.95756516842419, 19.0150906019407, 29.542086582610427, 51.257749230533506, 38.41890671265343, 37.914279073214765, 65.64303076875883, 19.355441320240566, 53.119315306607874, 32.95046499135834, 52.20894201789257, 47.04491257809817, 7.950621643734968, 63.249689774648594, 50.22520533642485, 57.191609816392535, 30.054430040368686, 33.30490249113126, 56.48525026122122, 67.74101366939763], [66.65101706996616, 83.83869442982008, 80.39454217756861, 85.08083488573752, 56.096215800133216, 44.26546995946576, 89.47526242794785, 104.03682766557972, 69.45432673631782, 120.96187772869757, 95.1262319583272, 9.551175285178262, 62.639880011991025, 25.190024904129878, 30.817271916057724, 32.852640916823944, 27.695550312680446, 105.73357384892665, 107.488603762267, 59.38312724091777, 0.0, 69.04613114859038, 123.25157660468636, 60.60442428237856, 93.82085546249782, 38.840941123542905, 94.33656858164987, 93.49979377360249, 68.22300055533192, 94.87635628958247, 34.635073771403114, 31.673693858436533, 7.776614743546529, 68.82124482823559, 86.97392648423369, 85.85093649836861, 67.67671845325127, 22.133623485077766, 116.95228261434303, 77.0454199397324, 29.132766399158967, 75.39296104980704, 42.98088366876776, 70.17734101360548, 53.14344709101132, 98.63628101183355, 49.82608270597426, 41.0710120650355, 88.89193061729642, 92.55457983692563, 54.590063049996225, 82.0031843965044], [37.66484638189465, 28.207742856701863, 19.203758331725602, 16.271552530709226, 37.24772723823506, 36.973818931039325, 77.60132451470093, 39.026841999918105, 19.616974449836075, 65.36772069200431, 56.60321205598185, 65.29178425979093, 24.833011154679134, 59.71409655840962, 51.90505378094224, 65.5350728990891, 44.73632757855882, 73.94682248483919, 72.67836421790574, 60.32159803252788, 69.04613114859038, 0.0, 69.6597410305909, 9.766199776165594, 25.905032644956666, 64.09386223929518, 83.73155539606421, 37.346668789146484, 20.437991072622292, 75.18522078043975, 61.83195744021651, 48.74240606501138, 69.14765898192019, 79.32277336733938, 83.88276287989808, 31.14407244132926, 24.94413927554062, 55.37973340972303, 70.65962306920471, 60.677307525813326, 40.39003284291631, 38.550695068417134, 26.25797863284275, 16.84503417273678, 53.965754202498076, 38.900374994589995, 19.28208732645366, 29.818360767656376, 70.21425547214989, 80.66530705034172, 15.026557374779086, 13.01814628702207], [57.09323623373765, 42.70162234001566, 79.5873484185225, 58.98503716337908, 67.57038811872388, 79.0039852461233, 63.163963383806134, 36.46518344730536, 87.4112464684352, 5.473158880988057, 32.54716812511928, 115.63180247095261, 61.404084741190815, 102.40388836996704, 94.27534663211057, 101.51602573469339, 95.68767112661709, 37.50133580476513, 33.0814606595829, 76.09116055428525, 123.25157660468636, 69.6597410305909, 0.0, 71.56055110543988, 50.567799763668845, 96.07226887875684, 65.84214841423932, 32.66482551347791, 88.65744357580657, 53.61946510616171, 97.35366125601132, 92.4527264218396, 119.56350277566109, 86.50161633391389, 74.15917801736077, 39.949212840643284, 56.5146858229712, 102.26130726329579, 14.359004282171838, 58.55234939559007, 100.90604665421138, 48.145844655717696, 89.08094083682796, 57.44244143119769, 77.14970677661842, 31.035455283590984, 81.40868610414515, 94.66214428089808, 54.72632318588332, 63.676942753719814, 81.66063026519237, 61.818283641129874], [31.147036597735344, 28.873510713992484, 27.975951541448286, 24.643020478042192, 28.802400763240676, 27.308101393173462, 71.28064394668696, 44.61060101176739, 24.865362835174334, 67.78068299845879, 54.02121788313757, 56.253957776010964, 17.97839144873835, 50.037055811999245, 42.15979459597954, 55.76887378867768, 35.35891962029256, 70.74102269446385, 70.03222696613447, 51.72623350431153, 60.60442428237856, 9.766199776165594, 71.56055110543988, 0.0, 33.24457316326169, 54.382200980165585, 77.46880095396722, 38.92017363665357, 25.12845741268798, 69.902157549291, 52.07257530002485, 39.00440123350803, 60.17709894127212, 70.73066708050195, 76.71297493421513, 31.68912101610223, 19.840304973990182, 45.86755400775388, 70.58330825890447, 54.14107200397162, 32.72624362549355, 34.02989029617487, 18.906495143968318, 14.446956409387045, 45.00363291244271, 42.00840287337082, 11.117334986769059, 23.70619686536224, 64.5514143290591, 74.46392110329403, 10.172149350819588, 21.801713901538836], [45.60077369786666, 22.112078721443243, 29.405429233928462, 10.15939659378494, 50.86398057111268, 55.99961735415884, 79.71354830841491, 14.9270986541123, 38.922138291054985, 45.462178819164265, 50.066277150141374, 89.09362264514921, 37.5089279163774, 81.09167526826883, 72.66560068441252, 85.07772517952215, 67.84482690334812, 67.14420801027919, 64.46674259023631, 71.90046452661453, 93.82085546249782, 25.905032644956666, 50.567799763668845, 33.24457316326169, 0.0, 82.17028207979484, 85.25498074890082, 24.19949899432285, 40.371080639970174, 74.24043289749171, 80.96994857947715, 69.72152605438502, 93.07554798972522, 89.73487500037949, 88.47084932996752, 23.60187289751662, 33.93391808855594, 77.82697449015319, 56.04498323302416, 64.95541119963737, 65.8116004567929, 41.01878667101972, 51.750803830146744, 26.512368949054668, 67.63745155737166, 21.022492948673232, 44.23765973475111, 55.681020086408964, 70.84107996644083, 82.18394902102621, 40.88199696103657, 13.625021601086788], [40.72005706884652, 64.64793319124786, 81.75276392030658, 76.5475740728781, 32.00826150945779, 27.149297862060624, 51.52469926785817, 87.37235211908256, 74.98522536989807, 95.15682102025372, 64.50712082610274, 29.307150079936406, 44.72078724934552, 14.33464524025972, 15.157794820908947, 6.4486058471170455, 26.811083265575544, 71.23137322867119, 73.80179205763406, 22.42511735542801, 38.840941123542905, 64.09386223929518, 96.07226887875684, 54.382200980165585, 82.17028207979484, 0.0, 55.96960054321199, 72.10099163504584, 74.44452104870592, 58.07480721847008, 4.568995649264901, 17.912923269482338, 31.725316557980943, 30.206486253902696, 48.190534970599536, 65.51766730713156, 48.806787159285186, 20.090081874571567, 86.77293709544375, 41.6560052141861, 41.667452216116395, 49.3029606139518, 46.761827067114545, 55.66947393361852, 18.974203606897998, 78.52641179074844, 48.311947060222415, 49.93027686319249, 52.42181182448093, 54.43439148611024, 55.112788551374194, 74.57318971914728], [46.344332733660565, 63.32920521213517, 102.35737064440245, 86.27903374699193, 50.88857197555483, 60.542578745892946, 6.195519381415029, 80.49646293166916, 102.24913167769873, 68.18476307880675, 38.046736859257216, 84.80976463612082, 59.51897177465097, 69.15328676420306, 64.96814889295351, 62.357828621249695, 74.0283323011343, 28.67334069668636, 33.058166910340475, 35.31560280305671, 94.33656858164987, 83.73155539606421, 65.84214841423932, 77.46880095396722, 85.25498074890082, 55.96960054321199, 0.0, 62.76973168651314, 102.58720126486506, 12.473071141145073, 59.84107236802471, 65.52574051713817, 87.56334818142987, 29.807110305478858, 10.306218006280435, 61.65312214315347, 58.791113325668846, 73.18835469543752, 51.87234646846396, 23.361438410613935, 87.27423723315196, 45.91906247648094, 83.76622512428646, 67.29449712022277, 42.629978979279464, 68.7600904461536, 79.7980565798272, 89.36713635556696, 14.416257661892093, 3.1066612014462422, 84.97086427211362, 86.58852240272066], [31.468239303665698, 10.17729957079383, 49.796751861799414, 29.391764958787228, 40.52166039323688, 50.15032810590392, 57.6488981322339, 18.060557209051723, 55.92672704640385, 28.909931356844968, 26.100899977900426, 86.74990520216146, 30.87778940351989, 75.23337930652775, 66.69427128167727, 76.50629996022398, 65.83537640390621, 42.95877489966736, 40.28066476951882, 56.49876415621502, 93.49979377360249, 37.346668789146484, 32.66482551347791, 38.92017363665357, 24.19949899432285, 72.10099163504584, 62.76973168651314, 0.0, 57.04671359680776, 51.13242617998271, 72.21875344131753, 64.34572351104877, 90.78103753464593, 72.1718093060882, 67.30154077907629, 7.7110244482635135, 25.844583974858534, 73.82857479115896, 33.79487700220111, 44.86585212472806, 69.18985870143099, 23.581254158029672, 56.77098070890662, 24.997184836679107, 54.52731830836249, 6.771525167560319, 48.99506990762923, 62.2132879898994, 48.45816754792831, 59.78239903418861, 49.000206991327076, 31.491586650334817], [56.248764347618305, 48.41675536777144, 13.888228904981307, 30.472121097192204, 53.391961765659296, 49.05992371084125, 96.40155812043528, 55.14036998998942, 1.5842078676256603, 84.03621241724477, 77.02179442861201, 67.27039806146647, 43.0716478649201, 66.43733970518643, 60.168320772395035, 74.21319921164881, 50.107290973911724, 94.31016705160137, 93.10440313610427, 75.81223693983436, 68.22300055533192, 20.437991072622292, 88.65744357580657, 25.12845741268798, 40.371080639970174, 74.44452104870592, 102.58720126486506, 57.04671359680776, 0.0, 94.7718542482368, 71.22156887522019, 57.04032027069136, 70.58971448913918, 94.64818756696074, 101.74517343675774, 51.33469392298669, 44.3650157795779, 60.791426374560004, 90.70071727790862, 79.26803686698457, 39.739099971964805, 58.40361844423916, 28.38564218329886, 37.00968283458546, 68.58089254456392, 57.62229843376776, 26.35057486407708, 27.70953993964569, 89.54288531258634, 99.57505514983335, 19.62500642846185, 27.23598877975574], [39.06569014669128, 52.66551527401226, 93.25058890338221, 76.0826954776185, 45.73716764711653, 56.81756646542379, 9.894191044975651, 68.6036155364394, 94.28364739812015, 55.7989494317141, 25.806968916221585, 85.53568599890303, 52.01198349623454, 69.90089270939507, 64.39697530448314, 64.50859925364672, 71.98271432461584, 17.13103867641073, 21.328509234124894, 35.820782271654465, 94.87635628958247, 75.18522078043975, 53.61946510616171, 69.902157549291, 74.24043289749171, 58.07480721847008, 12.473071141145073, 51.13242617998271, 94.7718542482368, 0.0, 61.35428147519048, 64.34317552146054, 88.68564001863506, 36.81851203619831, 20.737158448277416, 50.734506307173206, 50.427737934744485, 72.98923715523259, 39.8582682556881, 18.391472366175904, 83.99766692477098, 36.669872367692854, 78.60219222801577, 58.41444486544159, 41.76579900324248, 56.88773616853102, 73.71432052450648, 84.4481629192085, 6.122595911875557, 10.066883730725133, 78.24315567084595, 76.70583433962385], [41.14476236273225, 64.31859137810963, 79.05842120232008, 74.88880469241343, 31.748389573484435, 25.21914822049948, 55.201220868236895, 86.90986505096566, 71.8283441051411, 96.19130963039902, 66.26457827626707, 25.08399042709686, 43.7787663806201, 9.822136150085603, 11.245751611473203, 4.287554424186656, 22.706914646993432, 73.917579657256, 76.30097516276622, 25.535808979049005, 34.635073771403114, 61.83195744021651, 97.35366125601132, 52.07257530002485, 80.96994857947715, 4.568995649264901, 59.84107236802471, 72.21875344131753, 71.22156887522019, 61.35428147519048, 0.0, 14.241771345962556, 27.72232174297323, 34.68438830756975, 52.34076966661622, 65.38319732715243, 48.13117053458003, 15.52745864947897, 88.5752526950388, 44.41357436104373, 37.42525486083101, 49.944987414918124, 43.24126774937358, 54.47501657132055, 20.897179255053004, 78.50267422956263, 45.32612342587845, 46.10618551107144, 55.57618063372712, 58.188308572807514, 52.09796813713567, 72.75576072957068], [35.414652587616295, 55.42166092885528, 65.29419365547209, 62.76082179070791, 24.885975253085785, 14.289728603205457, 60.09996023396149, 77.29842911574667, 57.68058027181822, 90.55176047435681, 63.51672869934847, 23.280794119468922, 33.97989682932702, 11.376257013755005, 3.1945572802340627, 17.230661850021093, 9.420810103002907, 74.23490255681227, 75.87086674468753, 30.321805148486774, 31.673693858436533, 48.74240606501138, 92.4527264218396, 39.00440123350803, 69.72152605438502, 17.912923269482338, 65.52574051713817, 64.34572351104877, 57.04032027069136, 64.34317552146054, 14.241771345962556, 0.0, 27.144486054934266, 44.820032681062706, 59.69993907656498, 56.97850378171677, 38.83705268595026, 9.83027752309214, 85.47795912844556, 46.12055659660712, 24.358839786069638, 44.31991134624928, 28.99963805471433, 43.66235376959453, 22.937876064708433, 70.13107378798327, 31.376593871288016, 32.01755016069936, 58.25308075644669, 63.35210500929036, 38.09009020901129, 60.34609235302377], [62.557873385169245, 81.42313324449236, 82.03166519563779, 84.81936514868299, 52.018972037113784, 40.78082667021155, 82.87930206263451, 102.40923515108577, 71.70849568000256, 117.56347853993553, 90.48006388267103, 4.0471482287213965, 59.96466391095735, 18.80479300532612, 25.65939982998551, 25.544459409972344, 25.40723103571301, 100.22427814774731, 102.19557052591695, 52.95756516842419, 7.776614743546529, 69.14765898192019, 119.56350277566109, 60.17709894127212, 93.07554798972522, 31.725316557980943, 87.56334818142987, 90.78103753464593, 70.58971448913918, 88.68564001863506, 27.72232174297323, 27.144486054934266, 0.0, 61.43872598549415, 79.91332642388944, 83.23921249877641, 64.9720419790401, 17.315552503047453, 112.54870468018498, 71.15356956490238, 30.855820145419344, 71.4514711373663, 43.79365960132304, 68.39693785697271, 47.17804208863692, 96.24388592241802, 49.89198715724878, 42.93373458655646, 82.77915517794455, 85.89376885417317, 55.32218421202672, 81.90551423539746], [44.24335275425519, 68.36926256293967, 98.4622002797647, 87.30693067497988, 42.07806586650069, 46.186905184261285, 27.5742301219728, 89.92935120082127, 94.77217934622111, 87.3227171688242, 54.296399597103964, 59.354868181322374, 55.04207656820902, 44.506464543207365, 43.10307430247923, 35.969208277282476, 54.21782114353772, 53.36587828932481, 57.12341693194174, 19.0150906019407, 68.82124482823559, 79.32277336733938, 86.50161633391389, 70.73066708050195, 89.73487500037949, 30.206486253902696, 29.807110305478858, 72.1718093060882, 94.64818756696074, 36.81851203619831, 34.68438830756975, 44.820032681062706, 61.43872598549415, 0.0, 20.109151689958036, 67.91659867843858, 56.891290338190004, 49.88639534422676, 74.15908541460747, 28.43720109369136, 69.00913760614004, 49.34815652798159, 70.08799723726177, 65.67459523552189, 26.09563557980113, 78.92031659495915, 68.79039357359468, 74.66623563407339, 33.05724967419453, 29.443066736240727, 75.19992664053059, 86.42490719642508], [46.25470461022117, 66.35878386634076, 102.91220987084226, 88.33364769342644, 48.67259685317217, 56.78157866248152, 10.995262130183601, 85.32113963836231, 101.56452023111491, 76.04798534919588, 44.34526996022965, 77.42351035491158, 59.12468243723263, 61.95886134019943, 58.725581573294974, 54.4252196204532, 68.6556585466865, 37.79604601231847, 42.052313958998845, 29.542086582610427, 86.97392648423369, 83.88276287989808, 74.15917801736077, 76.71297493421513, 88.47084932996752, 48.190534970599536, 10.306218006280435, 67.30154077907629, 101.74517343675774, 20.737158448277416, 52.34076966661622, 59.69993907656498, 79.91332642388944, 20.109151689958036, 0.0, 65.06987213937548, 59.27258337821271, 66.54079769441317, 60.55822941584328, 23.737396224582497, 82.61987676381018, 47.80191291541463, 80.69694191339102, 68.10172600493657, 37.39163607286435, 73.66195131002611, 77.60180483472476, 86.00854237609637, 19.88160508413331, 11.09054633634266, 83.28326289054853, 88.23988612841548], [25.346965720871058, 2.93833665267217, 45.491453351241674, 26.07430434383624, 33.63751566497856, 42.72760104673478, 56.12957076467602, 22.370425009860174, 50.329554333502514, 36.444150822182266, 27.546276740227377, 79.20204283457262, 23.281244097564002, 67.98136342302496, 59.40954459674157, 69.6649047778559, 58.207882143870826, 45.09546524973492, 43.05596605234423, 51.257749230533506, 85.85093649836861, 31.14407244132926, 39.949212840643284, 31.68912101610223, 23.60187289751662, 65.51766730713156, 61.65312214315347, 7.7110244482635135, 51.33469392298669, 50.734506307173206, 65.38319732715243, 56.97850378171677, 83.23921249877641, 67.91659867843858, 65.06987213937548, 0.0, 18.267271638411675, 66.37194278239689, 39.531146470325154, 41.79331227501486, 61.505354339142215, 18.57353340841158, 49.213438915597706, 17.495835522123464, 48.52664544632794, 13.18573783547633, 41.48616799743084, 54.731437304808814, 47.239532771692026, 58.58243702477418, 41.83964953129918, 27.461530207784524], [13.118557362016938, 16.5846945494419, 43.70212184098253, 30.420844729937855, 17.002921017398684, 24.551121374107005, 52.669187285685815, 38.81609707024639, 43.85667275895723, 53.67869491844116, 34.62765520772428, 60.9352631998629, 5.03693327163561, 49.9695082513823, 41.372775373537735, 52.36777873164493, 39.997665549367966, 50.99087402257191, 50.47377375890115, 38.41890671265343, 67.67671845325127, 24.94413927554062, 56.5146858229712, 19.840304973990182, 33.93391808855594, 48.806787159285186, 58.791113325668846, 25.844583974858534, 44.3650157795779, 50.427737934744485, 48.13117053458003, 38.83705268595026, 64.9720419790401, 56.891290338190004, 59.27258337821271, 18.267271638411675, 0.0, 48.135822482043515, 53.004766712947664, 35.829237119933524, 44.46140434393028, 14.19071269412967, 33.566506623205974, 8.92258942822289, 33.721232436702735, 31.33505105669269, 26.548582151033504, 39.47824383148627, 45.32027200409535, 55.72242649296966, 29.220552785402298, 29.612103861737925], [45.2423215318684, 64.690379749398, 70.50728314709905, 70.26090979213505, 34.70548781999784, 23.6842006323051, 68.05243951217945, 86.19854530205623, 61.64469274579994, 100.31172150792749, 73.28070532169563, 13.460767133472341, 43.18616899336912, 6.486368876014256, 8.686808643774443, 16.1114139286596, 10.858116496268318, 83.59998240225181, 85.37687373477725, 37.914279073214765, 22.133623485077766, 55.37973340972303, 102.26130726329579, 45.86755400775388, 77.82697449015319, 20.090081874571567, 73.18835469543752, 73.82857479115896, 60.791426374560004, 72.98923715523259, 15.52745864947897, 9.83027752309214, 17.315552503047453, 49.88639534422676, 66.54079769441317, 66.37194278239689, 48.135822482043515, 0.0, 95.28576277358594, 55.00656528705177, 23.388311752396085, 54.139146214413174, 32.45628424904127, 52.28857323711445, 31.228212209564923, 79.47063887628303, 36.76846042937723, 33.80702611268139, 66.95881855012338, 71.21915694076512, 43.06508242449659, 67.60926204199193], [50.34938772300597, 42.46941342439212, 83.4753947817316, 62.8770159192615, 60.87269842174991, 72.94212620843639, 49.59220815204525, 43.83539794579621, 89.62575800156368, 18.06646270992329, 22.311458837635737, 108.74643657889771, 57.4574421798541, 94.61866972834544, 86.92000412749128, 92.58576248342169, 89.93097888011796, 23.3062687784794, 18.88