instance_id,num_cities,city_coordinates,distance_matrix,best_route,total_distance
1758,79,"[[97.52498163011751, 22.076669551148964], [11.802860358115508, 66.69767191317827], [1.865810177486893, 71.17477137923001], [8.981389896098724, 66.3191837403739], [72.95217898495935, 7.4047208941507625], [0.005762456116376047, 83.5967488321203], [5.753125596015806, 30.9260956598149], [1.587648567476796, 94.17018242532338], [2.3896913539216302, 37.559652515776165], [69.02364202751798, 33.431702316950805], [50.89994459086247, 27.768774557200103], [93.98304722775293, 55.96635753342696], [73.36389172284625, 52.17486950043908], [3.12558505993773, 66.85384067954625], [64.86045042267904, 27.268126783081858], [47.86163684307074, 3.9610851608199105], [91.05256795670523, 89.7243658026886], [45.88168900414372, 3.5499608859093645], [39.09671478116612, 14.297654976032826], [0.9757698869928721, 6.133396321757156], [4.178116281929722, 85.108589319694], [40.98472787253702, 70.61900954820082], [58.73780488854356, 97.79384913978356], [82.93279501104146, 68.77603977041403], [91.95190603820528, 78.23175033758586], [28.341901890385746, 69.84773031582398], [77.15034449409984, 73.09533458294337], [61.00290859269912, 21.367157100657142], [54.75981727181781, 14.21108134702319], [33.05764555142697, 4.3871688053378595], [11.334168960374225, 39.42290239982302], [51.381859395333684, 54.490007619294026], [4.693059860137938, 26.837375386302643], [1.8855750330225685, 29.0307534229137], [91.78287467714816, 13.66801448331213], [15.21358253376459, 93.11864103724281], [81.69427039965507, 41.90475186366239], [21.966049179435366, 48.49106758698104], [9.225289881114573, 80.84680304927276], [58.93644270383436, 91.58856623839425], [60.68462466716329, 39.10758577537392], [22.108055575306974, 76.80312024961279], [5.731660693601814, 71.36336389332946], [16.8163567536871, 66.12074534347092], [0.8364040763107483, 84.74444855854073], [1.4234921721022697, 28.466622511842786], [49.218105405215454, 87.48028142588352], [95.96473363224294, 37.862988972815714], [29.44088103612699, 96.6734374391701], [92.86945116025522, 79.2053586676984], [20.219640651159644, 60.474023245355745], [73.92678950564243, 84.25726444609268], [56.14808799970504, 53.95840486563911], [45.306048432162804, 47.43109192467509], [14.970245149524741, 69.8894098912213], [64.69772249495081, 26.248445134457178], [16.965622285979688, 48.83954291465632], [45.75021542673701, 17.22726325358721], [86.46369155404359, 42.028046603171134], [87.05463637721402, 80.66733226099527], [64.67632784181656, 17.917466550457696], [26.419239739611598, 76.47615367795905], [95.43279188008079, 24.81757708933924], [80.77996462952157, 64.10323235440924], [20.914645572534873, 38.013966257629015], [47.302503629710316, 14.783638191836424], [38.660486504292955, 37.41597090752419], [33.37845421766431, 76.19972280382689], [85.59600880519201, 78.9870424427649], [89.01332471088303, 45.80223779866789], [51.535206644780175, 84.33443219531334], [82.32606808140133, 99.12892129509821], [85.51926310662222, 33.97793975684146], [60.527943537865966, 43.44519327588434], [94.03764244768665, 68.21180796810835], [59.417100826453066, 87.00292641456372], [94.48066690914575, 49.24065597062109], [93.90731713165228, 66.52347617316461], [64.20318767861541, 96.46833802609561]]","[[0.0, 96.64013621246632, 107.52348899716934, 98.98165334517488, 28.619725841305385, 115.30272443894754, 92.19753739876477, 120.0060268224509, 96.38696082675801, 30.680011868562595, 46.97120541684892, 34.074275499954666, 38.59611257231346, 104.48081702913623, 33.074504186649726, 52.864186489912235, 67.95662548199655, 54.86591480344261, 58.94383288124502, 97.85672306737926, 112.63507526539414, 74.5195213844062, 85.07371135926562, 48.9260982421644, 56.430951344846406, 84.07361517656034, 54.93660000446725, 36.52896421838328, 43.48248797377249, 66.85024949630993, 87.91898533713407, 56.3898236767421, 92.95391341711479, 95.89189421812453, 10.182203705936994, 108.72961019809672, 25.372510050330014, 80.04294282872235, 106.0696193749946, 79.50458551255727, 40.58650032454705, 93.18099131050361, 104.18825273385526, 91.94434589382949, 115.22122875190057, 96.31369463834774, 81.30920450274327, 15.86323594660826, 100.99565601070138, 57.318069438277234, 86.31611966829232, 66.50790218487377, 52.23497270187548, 58.04880462358909, 95.40095730236303, 33.09127760973988, 84.88852554149504, 52.00137648998864, 22.812487466714543, 59.51885320210708, 33.110920031080646, 89.52837764118318, 3.448163581251185, 45.239668161986195, 78.25050170552342, 50.749242387540136, 60.83027989841833, 83.92902878306658, 58.147148987036196, 25.206167740821503, 77.40212149973067, 78.5369751892335, 16.90495518403707, 42.72463731588707, 46.26675406082989, 75.28365964563896, 27.334044894921636, 44.593790098155026, 81.51357120524614], [96.64013621246632, 0.0, 10.899054359037391, 2.8467435544822073, 85.17566089600987, 20.609471599768675, 36.27953911424382, 29.310226641353825, 30.62077603694749, 66.18793385530746, 55.17282886398698, 82.8778874142288, 63.25086855220903, 8.678680503622376, 66.10443928077433, 72.36100247321168, 82.52723663096434, 71.75653259368663, 59.0822838444809, 61.52444527164371, 19.92733303723492, 29.444155285507748, 56.30152090470384, 71.16029241564081, 80.97471511854488, 16.83635241809338, 65.65990991875354, 66.899180259952, 67.82434914206605, 65.83589211946628, 27.278796227710806, 41.41888738607417, 40.489412225068115, 38.95060072414209, 95.96325993629867, 26.640207116579184, 74.15860086447358, 20.851159394827537, 14.381995044857495, 53.30226266350922, 56.130559725133345, 14.433195576336276, 7.65690192049228, 5.046582048797347, 21.11751194313229, 39.61495200386059, 42.799736215216605, 88.96437406783414, 34.779969699630286, 82.0258152792812, 10.4678552360006, 64.55789543230888, 46.13879213300792, 38.64795875047447, 4.496611806386311, 66.58833522075184, 18.58942930946656, 59.9978687046632, 78.6309743536414, 76.5374496848565, 71.93825129219631, 17.585711582076346, 93.53025066160332, 69.02587942426037, 30.096172512927613, 62.89110882812534, 39.733488344120474, 23.575309574227784, 74.80947390368243, 79.98796767266829, 43.47084833187561, 77.62286237993291, 80.65165160467868, 53.98899419003295, 82.24872031413067, 51.76310709127407, 84.50069290667548, 82.10464156327221, 60.266797360589294], [107.52348899716934, 10.899054359037391, 0.0, 8.614418497526822, 95.49812128571718, 12.560465810068127, 40.43596318043837, 22.997093361120143, 33.61920087823554, 77.0370926309984, 65.48608171041427, 93.36423947893606, 73.97953727937569, 4.5008304640281205, 76.78618456020358, 81.44504702999026, 91.09536330924736, 80.68774741644772, 67.97901608548851, 65.04746452464964, 14.124377576326678, 39.122865345535914, 62.793304445910906, 81.10246570440938, 90.36208065026624, 26.509327987970522, 75.30902781399273, 77.3174938102212, 77.7344065943805, 73.7123765155021, 33.13353288930879, 52.251511670659816, 44.42744674412094, 42.14402259101313, 106.73380709467101, 25.684556496908133, 85.0253909363785, 30.30792018053929, 12.153605972484785, 60.61171600861858, 66.99221843261441, 21.010159679362445, 3.8704479520231705, 15.781698961051768, 13.60866693221069, 42.710439296462354, 50.081029554268184, 99.82125145697347, 37.557509285033305, 91.35728216359276, 21.24544901104545, 73.2388992720219, 56.94707157965869, 49.505723039499806, 13.167322054663376, 77.2413360534451, 26.960466544117672, 69.54261036980641, 89.47811519345545, 85.71607096327583, 82.3498733871877, 25.119226849954938, 104.42111629054835, 79.23036310063931, 38.242608778957944, 72.41859577504721, 49.93500591051199, 31.910764190512385, 84.09386268572219, 90.76593386092188, 51.38312581207497, 85.17797602363689, 91.55055690552288, 64.88586434794905, 92.21944380780813, 59.688202747145446, 95.17676768089927, 92.1589580533962, 67.27342080969002], [98.98165334517488, 2.8467435544822073, 8.614418497526822, 0.0, 86.96652108202613, 19.469877848638337, 35.540010892927384, 28.81571686742548, 29.50527284960354, 68.45917378546808, 56.949971693478744, 85.62980065140414, 65.91788958081996, 5.880162270023815, 68.17224108693283, 73.4860943384182, 85.34331148734432, 72.81213780693861, 60.109668506092476, 60.71588720367283, 19.393638117608504, 32.29089877367603, 58.875762372178116, 73.99220540047934, 83.82133255812971, 19.679432553202652, 68.50490924908661, 68.75262254284232, 69.36078681812879, 66.44727654535025, 26.998991078841417, 44.01964585794711, 39.71401472282719, 37.957576636438965, 98.12355224961095, 27.514562262185397, 76.70219993577142, 22.05545515928447, 14.529666547687246, 55.98257758316343, 58.42683929155, 16.799472509083607, 6.000374430402823, 7.837479407110023, 20.145251987109106, 38.599717739461354, 45.46191076293731, 91.51970885098699, 36.60562108911386, 84.87202322860273, 12.667445726986486, 67.37714501111041, 48.759473586030744, 40.941920206555054, 6.972295318952223, 68.6292489445252, 19.216810616013184, 61.3348448109515, 81.20077840532785, 79.38073558534711, 73.78788748642957, 20.18025385068063, 95.89696689475252, 71.83276254116826, 30.717876355384373, 64.22164909724583, 41.4275812417227, 26.32188822434722, 77.65484192688399, 82.61994711310805, 46.21013413498775, 80.34874421243615, 83.09032493613527, 56.39385278656839, 85.07730675442727, 54.512183482799195, 87.18831619280172, 84.92617295166805, 62.91596343121049], [28.619725841305385, 85.17566089600987, 95.49812128571718, 86.96652108202613, 0.0, 105.48177475611503, 71.19668424327713, 112.34385393258141, 76.73581016569287, 26.321800177965816, 30.016590801817294, 52.92003375028058, 44.77204165109826, 91.70578532692562, 21.448332444132934, 25.325756297448674, 84.28610810089798, 27.343566016936713, 34.55003613184067, 71.98763597178478, 103.76783157112992, 70.8375904492994, 91.49996139867115, 62.17758017864699, 73.33115114246516, 76.74116397403553, 65.82462548660891, 18.377559351777563, 19.423917403968847, 40.0084918297095, 69.44021245877668, 51.79095397062638, 70.97137031442968, 74.28423439867001, 19.844998030633516, 103.34709297532409, 35.59039616526006, 65.48032771076505, 97.23608294318225, 85.34260764967023, 33.99359543527529, 86.03059175895604, 92.78634648295579, 81.23301092975787, 105.74553638748483, 74.5651174271531, 83.51886998253686, 38.174386252381765, 99.30829171215802, 74.5119407584651, 74.81357798668144, 76.85872309679725, 49.4936659094668, 48.64585195487347, 85.24224897524317, 20.572359981056028, 69.65155423161092, 28.921085038873965, 37.16632420696769, 74.60757018419547, 13.379369692838974, 83.28371546478562, 28.435638150296786, 57.23631216200321, 60.37243398580853, 26.689965648455864, 45.56967522984774, 79.36518115464717, 72.69040645650699, 41.62126507522369, 79.85528902396022, 92.20194540239139, 29.395026178682198, 38.12187398257479, 64.35913771841469, 80.74077447502454, 47.05019931971044, 62.722763335864855, 89.49230551005009], [115.30272443894754, 20.609471599768675, 12.560465810068127, 19.469877848638337, 105.48177475611503, 0.0, 52.98329820480374, 10.691111336956057, 46.09877822925612, 85.32291364224275, 75.54455961090684, 97.95493135298591, 79.80444618095527, 17.031097042904932, 85.90136327895867, 92.90868442566834, 91.25277245980011, 92.2609825286164, 79.56423168078814, 77.46942555976996, 4.437814564360072, 42.984849930197335, 60.42359196067608, 84.24100038257706, 92.10253269299636, 31.495591885211724, 77.8560610296204, 87.1388198443852, 88.38765395185743, 85.82880952317426, 45.60330582918188, 59.04833376767115, 56.952587569973836, 54.59836582098268, 115.38226126774447, 17.942804203359437, 91.71278504799365, 41.40849005524957, 9.620908883722723, 59.47011198840978, 75.24101241156303, 23.122818825646736, 13.507095086904263, 24.248851077376898, 1.416749859087572, 55.14835251970221, 49.36533727167842, 106.30005145835645, 32.209097949881055, 92.96746198168145, 30.712559487038227, 73.92397798368988, 63.485369578492175, 57.96611638758136, 20.29351825391557, 86.45159125583261, 38.674283556875416, 80.60684582304678, 95.93190558360266, 87.09815114213583, 92.17402100559812, 27.356437223351705, 112.07724557397688, 83.09313402091011, 50.149491128120104, 83.49985581804249, 60.22335046276937, 34.18263520377766, 85.71429089184323, 96.69938574155431, 51.53472416863166, 83.77279450788312, 98.86650093713764, 72.62975847734585, 95.28216443877741, 59.50889994511561, 100.52785031083171, 95.44107401831616, 65.47508849613583], [92.19753739876477, 36.27953911424382, 40.43596318043837, 35.540010892927384, 71.19668424327713, 52.98329820480374, 0.0, 63.38111477150311, 7.437524215904262, 63.32010987221414, 45.25708720077402, 91.71441427519201, 70.87119362609153, 36.023698192600435, 59.22040682457211, 50.002385049658, 103.60131002472377, 48.57730289300943, 37.259897736334864, 25.24878349619765, 54.20538048517229, 53.073469944236685, 85.31513755008474, 85.96115192450671, 98.32626665450744, 45.00162729027625, 82.92048949286792, 56.07059681828213, 51.77883286135322, 38.07691490368842, 10.165813780111092, 51.35405821318406, 4.2239049278378, 4.307002385916562, 87.74371255456057, 62.907972038481965, 76.73062208876965, 23.90370535971226, 50.04131244368585, 80.67465869334552, 55.53743215809016, 48.705083100641936, 40.4372739305117, 36.89252566582203, 54.042476435060976, 4.979431067006061, 71.327276672232, 90.47792390035171, 69.88435238908536, 99.59990670878635, 32.89924136573774, 86.55554294771177, 55.408839574764116, 42.85847181812771, 40.0386706667316, 59.12990713687378, 21.133188935284625, 42.27795175053653, 81.47053928883645, 95.31068289504537, 60.342093054553175, 50.01895699884622, 89.8874660002556, 82.03504723355367, 16.736475065250286, 44.57499016368203, 33.54121170557851, 53.03640350013461, 93.19195568732155, 84.57872286563976, 70.34521559171374, 102.54287369440655, 79.82449777952586, 56.18726266409057, 95.83517234329877, 77.61722221923254, 90.59801160539529, 95.07015822388165, 87.81910550592069], [120.0060268224509, 29.310226641353825, 22.997093361120143, 28.81571686742548, 112.34385393258141, 10.691111336956057, 63.38111477150311, 0.0, 56.61621118788352, 90.7566866947989, 82.7094281564495, 99.98220806704582, 83.15909685150311, 27.35960114890071, 92.08329112149102, 101.38522190243731, 89.57531516418594, 100.86618149834739, 88.24143408490481, 88.03891243628978, 9.424595089000519, 45.89975600869048, 57.264922317068184, 85.21675499045284, 91.75910115978431, 36.15759598597889, 78.44660749375186, 93.97049334918262, 96.02467063194086, 95.13858441692484, 55.60808691152497, 63.670870141738334, 67.40438029572401, 65.14011030800333, 120.89573134043454, 13.666448541756628, 95.64907784793029, 50.0186039780794, 15.357278496984984, 57.40687181018431, 80.77339991582589, 26.883116493107774, 23.180246074034077, 31.916836836214653, 9.455624104887034, 65.70376498060425, 48.09797494649844, 109.89783537367889, 27.96549382036759, 92.5003428895469, 38.50431498531219, 73.01518509553165, 67.77778843800802, 63.99875832823921, 27.724534371755404, 92.71593081957748, 47.86803687360716, 88.7160928032054, 99.6129760681474, 86.52706494403972, 98.9679651749671, 30.490762100226327, 116.69059426642731, 84.70799495819529, 59.389000896684074, 91.60824951223769, 67.78964402987026, 36.51838910598098, 85.36938754354337, 99.91349716899595, 50.90678285329703, 80.89055245691605, 103.28418076650995, 77.76234882902645, 96.0251975937141, 58.2719066729156, 103.18805746824309, 96.37043929749602, 62.65769910668512], [96.38696082675801, 30.62077603694749, 33.61920087823554, 29.50527284960354, 76.73581016569287, 46.09877822925612, 7.437524215904262, 56.61621118788352, 0.0, 66.76169077558816, 49.488442694348954, 93.42456652207234, 72.46338168700821, 29.303429828621113, 63.31280471226531, 56.53814247809775, 102.87012685802526, 55.21062383604768, 43.457175453856884, 31.45804749641592, 47.58255830560283, 50.81828343490738, 82.48192736503087, 86.38086813613918, 98.36467780855367, 41.425079357207025, 82.77644567100491, 60.80876699003832, 57.33921750668232, 45.17673173415249, 9.136486183579143, 51.835021494441094, 10.966892600762536, 8.543784465986192, 92.53081428656222, 57.019763157355506, 79.42352388281437, 22.421632883702248, 43.823541716006446, 78.20906984662946, 58.31548119814722, 43.918830213746425, 33.96850985787114, 31.997885837489118, 47.21035563267956, 9.14421869332646, 68.44683742394574, 93.57553393059422, 65.009279577549, 99.60397469731855, 29.03403998541525, 85.42963989133615, 56.203952606178085, 44.037018755481895, 34.69126036567731, 63.32640963369602, 18.43078104549223, 47.89092921397933, 84.19266034144766, 95.00749953984419, 65.31034033345193, 45.737438257147694, 93.9115490325549, 82.76228957002776, 18.530524271529742, 50.357795176164565, 36.271079736406385, 49.53138859037548, 92.94901774609751, 87.01490716025053, 67.84660409536542, 100.89895530845678, 83.20669664200659, 58.435399862093895, 96.63799239201465, 75.47690219516362, 92.82884045610494, 95.9915564456012, 85.38818159696721], [30.680011868562595, 66.18793385530746, 77.0370926309984, 68.45917378546808, 26.321800177965816, 85.32291364224275, 63.32010987221414, 90.7566866947989, 66.76169077558816, 0.0, 18.987816082624896, 33.62711099209939, 19.23912896900452, 73.88906038671033, 7.437864458317947, 36.2815068456343, 60.44946269332868, 37.79508513930984, 35.52087755184164, 73.3192363098558, 82.9182902592428, 46.573345661459314, 65.1788645903976, 37.98271615805462, 50.32643036412364, 54.59973512572997, 40.48761560665476, 14.487422686883109, 23.935099062484497, 46.229188067987934, 57.99973949249869, 27.471525560986525, 64.66768087431547, 67.28215507045893, 30.142760782408597, 80.36201314378063, 15.242617621846806, 49.40851674551776, 76.31536343935936, 59.02518455179123, 10.087361576244703, 63.89172204319209, 73.78811456540758, 61.5968681805564, 85.33754945080365, 67.78224161198678, 57.56308004782166, 27.303089903537074, 74.60772097424321, 51.61250070391156, 55.79531944113622, 51.061518004613795, 24.230670833583147, 27.541008611583045, 65.19918830492347, 8.38527063082, 54.29032115667297, 28.35905906584708, 19.443571240255714, 50.56007806016008, 16.111817155353236, 60.5636845583223, 27.77852316758564, 32.84743332379405, 48.32672845049225, 28.62792603230441, 30.62344868771935, 55.67479672495978, 48.476100860035785, 23.50781916482356, 53.82316677050634, 67.03043428459706, 16.50466267835021, 13.13190367051629, 42.841054680363314, 54.42574469094952, 29.966366670781273, 41.403656645746985, 63.22067875036841], [46.97120541684892, 55.17282886398698, 65.48608171041427, 56.949971693478744, 30.016590801817294, 75.54455961090684, 45.25708720077402, 82.7094281564495, 49.488442694348954, 18.987816082624896, 0.0, 51.49036238483894, 33.17056513125692, 61.72545522212234, 13.969479992967312, 24.000778911627123, 73.82904882048307, 24.73325342081654, 17.910535913551357, 54.410594659984845, 73.96474563957145, 43.98243014381246, 70.46235253198932, 52.03555809548339, 65.05209806982339, 47.744149465801115, 52.37919948650601, 11.960375733325558, 14.09644147628977, 29.411683436147587, 41.246445871303095, 26.725578351787075, 46.21627095443781, 49.03061302706718, 43.24633403077626, 74.45885767207072, 33.88386572436632, 35.589095690836395, 67.48373103038976, 64.323798956147, 14.97693573588879, 56.86246504124751, 62.77469306662756, 51.30852388293215, 75.8458009171187, 49.48137362395713, 59.73518758299169, 46.18147221573331, 72.16885737992608, 66.38645695196173, 44.84321957204513, 61.00151700291433, 26.710292864970327, 20.442563403194406, 55.36326600631921, 13.881285122214237, 39.94390453454999, 11.732142644378422, 38.315883616878594, 64.073544816155, 16.936263015224917, 54.51342670230337, 44.63052827582425, 47.04262344861139, 31.687254696439943, 13.474247581815677, 15.584374600047262, 51.503003533439845, 61.86378453636956, 42.16438711346992, 56.56922468895421, 77.97353256135666, 35.171735057742936, 18.39696897771516, 59.1312094233028, 59.8433513149345, 48.583135440349345, 57.8926678449415, 69.97575506894262], [34.074275499954666, 82.8778874142288, 93.36423947893606, 85.62980065140414, 52.92003375028058, 97.95493135298591, 91.71441427519201, 99.98220806704582, 93.42456652207234, 33.62711099209939, 51.49036238483894, 0.0, 20.964850470246954, 91.50746265104831, 40.88660040735783, 69.51066717002014, 33.88496467558402, 71.14224694557988, 68.91146684154846, 105.51624359057162, 94.41501626154914, 54.98656259072311, 54.69703978854275, 16.917329371550313, 22.357845407269643, 67.09286453509968, 24.01544786345639, 47.79952107473827, 57.28843563564137, 79.82679549668455, 84.28833244651095, 42.62676170907223, 93.92124064894124, 95.95556864224939, 42.355526015357576, 87.0914504284168, 18.67465635407383, 72.40392232244612, 88.3341043963123, 49.97205460731225, 37.32295714722659, 74.83438451360315, 89.58445752499162, 77.83193246037933, 97.49090036219711, 96.55830703961917, 54.745113165237946, 18.211508291381804, 76.30699555846776, 23.265667192672897, 73.90100946505606, 34.67894011870654, 37.888204149895024, 49.41964154825311, 80.2301332369026, 41.72271038725209, 77.34646230611972, 61.86374939467706, 15.837210023745781, 25.65425947880456, 48.02709554199482, 70.60821354619367, 31.182499622559682, 15.509033559447065, 75.24147574953338, 62.25021705164548, 58.3498292111587, 63.89292420983648, 24.50090502811137, 11.314038707605809, 51.054547595486824, 44.708970836945156, 23.56111538036274, 35.7214713759869, 12.245572137972085, 46.45506709209537, 6.744085324136904, 10.557390256164238, 50.27176601826188], [38.59611257231346, 63.25086855220903, 73.97953727937569, 65.91788958081996, 44.77204165109826, 79.80444618095527, 70.87119362609153, 83.15909685150311, 72.46338168700821, 19.23912896900452, 33.17056513125692, 20.964850470246954, 0.0, 71.75577968184749, 26.31832720242714, 54.54295558823651, 41.50727574123527, 55.85385576702137, 51.07761540714588, 85.78961146540786, 76.62441793902329, 37.2638773310913, 47.90630145836233, 19.161491707889898, 32.00742593757361, 48.36640960288601, 21.260364151566527, 33.19501539766866, 42.27719003359672, 62.51606048173244, 63.32692295480914, 22.103610785507026, 73.19611845378316, 75.13188315103446, 42.68532319639737, 71.11856920976247, 13.22386196132819, 51.5296867315808, 70.25553372967086, 41.97130895918884, 18.207627989957395, 56.86573198462821, 70.3016144271174, 58.24183345429242, 79.50480453620582, 75.74630065417696, 42.77255087228257, 26.75122388322648, 62.52482240185505, 33.33337957044887, 53.788357242550425, 32.08733269317935, 17.30794315430467, 28.456036192921726, 61.02149540437891, 27.336458612839774, 56.49680697975086, 44.54043444973685, 16.569935742964095, 31.611025344850503, 35.341808429455966, 52.861637909769684, 35.14907967808556, 14.045781492430352, 54.327291506094625, 45.57740808903546, 37.71142295696434, 46.64792373439695, 29.470617676007475, 16.897194668153436, 38.868097007223454, 47.80171110972259, 21.88335681678996, 15.523170191460727, 26.164620472092643, 37.51674992215105, 21.319657673313646, 25.058229007169697, 45.23085067317785], [104.48081702913623, 8.678680503622376, 4.5008304640281205, 5.880162270023815, 91.70578532692562, 17.031097042904932, 36.023698192600435, 27.35960114890071, 29.303429828621113, 73.88906038671033, 61.72545522212234, 91.50746265104831, 71.75577968184749, 0.0, 73.33636441799206, 77.18039275542358, 90.85271179627347, 76.39021940939152, 63.68732078776458, 60.75848968074491, 18.28506685490223, 38.04590899313978, 63.63963480241488, 79.83035518851511, 89.55206377700475, 25.393424535649913, 74.28742326552803, 73.61265490608199, 73.7384163530266, 69.26769333755954, 28.63279980296182, 49.81498148825091, 40.04715310499154, 37.843408336058864, 103.38688074628207, 28.912962849851652, 82.43479452727698, 26.308829770385355, 15.264645255821382, 61.04636335948951, 63.89755630470909, 21.431806989383933, 5.208399929347527, 13.710385054481307, 18.036468608232003, 38.42493511840564, 50.497232494880386, 97.2603567251951, 39.770631793083346, 90.58985318038307, 18.2457887483492, 72.90877663052966, 54.56810499575949, 46.43742735650276, 12.227454889580452, 73.75585573830243, 22.716988233045893, 65.41908208558857, 86.9572311285583, 85.05820480523181, 78.63372463455573, 25.20284221621276, 101.428141497131, 77.70307916997443, 33.88493810814473, 68.28547518639246, 46.144527274364506, 31.66356904954766, 83.3581752304402, 88.43005035734609, 51.46904449986178, 85.52425000883387, 88.7104449517654, 61.991898923145975, 90.92219890450383, 59.788965564298984, 93.0374938144091, 90.78233318574513, 67.8785090786022], [33.074504186649726, 66.10443928077433, 76.78618456020358, 68.17224108693283, 21.448332444132934, 85.90136327895867, 59.22040682457211, 92.08329112149102, 63.31280471226531, 7.437864458317947, 13.969479992967312, 40.88660040735783, 26.31832720242714, 73.33636441799206, 0.0, 28.847492998458744, 67.72598329585544, 30.37671441264642, 28.844465900813915, 67.28988957354235, 83.83236119315013, 49.490899808009644, 70.79099026197645, 45.27158578495403, 57.71687702200479, 56.09480389404144, 47.44654329894257, 7.049969656880832, 16.507853451238816, 39.17852263240947, 54.888991405155195, 30.37603022686424, 60.16893246411463, 62.99953795873589, 30.16255927974241, 82.46879239273957, 22.307135377872175, 47.85752683102411, 77.23953417080492, 64.59266830823324, 12.554294483187576, 65.43304091141468, 73.76044814556367, 61.788032056976526, 86.0383988425982, 63.44827865354014, 62.210823209261825, 32.85920782368636, 77.92074847431134, 59.008306009865876, 55.63661974743105, 57.70580833799028, 28.076256928470457, 28.087716185332848, 65.61711938192384, 1.0325846420534577, 52.52847376581123, 21.587496890979814, 26.164006965205953, 57.82782233369069, 9.35247282331055, 62.44322693188538, 30.670397062794407, 40.12799440580971, 45.240544094204814, 21.544000347420578, 28.096562951697695, 58.18433787704345, 55.720818537132175, 30.444615410936837, 58.60141069242713, 73.95283353664625, 21.721144805306288, 16.74718173960937, 50.27617291963719, 59.98230023798703, 36.880201512497436, 48.833420127473445, 69.203332509298], [52.864186489912235, 72.36100247321168, 81.44504702999026, 73.4860943384182, 25.325756297448674, 92.90868442566834, 50.002385049658, 101.38522190243731, 56.53814247809775, 36.2815068456343, 24.000778911627123, 69.51066717002014, 54.54295558823651, 77.18039275542358, 28.847492998458744, 0.0, 96.02498027554418, 2.0221811526894644, 13.552436470835534, 46.936163626813034, 92.1583821463361, 67.01172106895031, 94.46098997620798, 73.6950776937413, 86.37177515542162, 68.71731995941411, 75.08244028418248, 21.80973093764272, 12.355052207284714, 14.81012172249743, 50.90968858492344, 50.65139654177317, 48.85540597735232, 52.36684567866202, 44.981102807172846, 94.94717067949354, 50.83668887949443, 51.512142212484655, 86.04755035320541, 88.32455357857323, 37.41263853546915, 77.26065637821262, 79.4858608098933, 69.48116845484773, 93.47365574650527, 52.50735797337526, 83.53021101207815, 58.849358558834645, 94.52462382619652, 87.67784238442512, 62.91098572125705, 84.42078293368189, 50.67935724175266, 43.54506309761856, 73.6775925861827, 27.931705903362413, 54.485224473015265, 13.433152332433805, 54.214501578105434, 86.13907102283213, 21.852103214023394, 75.61885714283056, 51.94235311496426, 68.56160859629524, 43.42509700078694, 10.836986853339237, 34.69712593114634, 73.67620611485461, 83.9808138413052, 58.68682533953887, 80.45725591029777, 101.21617486875536, 48.15712175414995, 41.46601161106179, 79.12255604349834, 83.8419712714535, 64.9890259737858, 77.68048302128261, 93.93954500842949], [67.95662548199655, 82.52723663096434, 91.09536330924736, 85.34331148734432, 84.28610810089798, 91.25277245980011, 103.60131002472377, 89.57531516418594, 102.87012685802526, 60.44946269332868, 73.82904882048307, 33.88496467558402, 41.50727574123527, 90.85271179627347, 67.72598329585544, 96.02498027554418, 0.0, 97.29561330351943, 91.58929732957955, 122.88726430860825, 86.99698699572228, 53.58920831944372, 33.307063417225464, 22.466932951420084, 11.527749963178184, 65.78531961432672, 21.674789422540588, 74.67054311725532, 83.78197826237832, 103.17871978348488, 94.26165900835849, 53.05869499297002, 106.83041796376017, 107.86318746800708, 76.05985750658715, 75.91490508687284, 48.72671967661891, 80.45577641479532, 82.30743926098584, 32.17018409214619, 59.0277087474213, 70.1448813111239, 87.27418637440617, 77.89830519698046, 90.3535046417833, 108.56280366262317, 41.8946079067727, 52.093490748019626, 62.002335131898896, 10.674763495334059, 76.63475797830918, 17.97724908872823, 49.97526070786603, 62.30140499162118, 78.62534781955415, 68.72969070199986, 84.61940830213129, 85.48761911975582, 47.916559265259885, 9.90016734654779, 76.49795306293038, 65.9771342278549, 65.05442016264756, 27.60378340539941, 87.13950641056906, 86.77661426594227, 74.03444046810014, 59.23866443321024, 12.044257997466081, 43.96944213220372, 39.88324497015187, 12.829554321311821, 56.020366648648924, 55.439286662771124, 21.718674321948566, 31.75230720581581, 40.62859367729534, 23.375860892236982, 27.683395432416958], [54.86591480344261, 71.75653259368663, 80.68774741644772, 72.81213780693861, 27.343566016936713, 92.2609825286164, 48.57730289300943, 100.86618149834739, 55.21062383604768, 37.79508513930984, 24.73325342081654, 71.14224694557988, 55.85385576702137, 76.39021940939152, 30.37671441264642, 2.0221811526894644, 97.29561330351943, 0.0, 12.710185028603844, 44.98017019095513, 91.60238997863067, 67.247583724542, 95.11671876616562, 75.01483735223317, 87.74870126258323, 68.57870196626698, 76.25147748607675, 23.36886310457002, 13.873739619282667, 12.851342637153564, 49.80360503051285, 51.2361223701749, 47.31603158418476, 50.84219539785569, 47.003126010804245, 94.67355078653374, 52.475050997185804, 50.90835785745093, 85.54819346482265, 89.00125070228039, 38.51586156407988, 77.01435582521503, 78.80788285942016, 68.99200393135469, 92.85269259774184, 50.96441201601176, 83.99660933837833, 60.70992715950993, 94.56364022184691, 89.05946892924993, 62.44108904537967, 85.44118743378243, 51.443271404466635, 43.88490655463948, 73.18770289813477, 29.48328854637398, 53.733464012549135, 13.67793425040646, 55.923716001576864, 87.42025259165369, 23.657211755813247, 75.47858323072634, 53.92238213578932, 69.88982992655428, 42.557266406311435, 11.323171817733959, 34.62733602701725, 73.71783221755729, 85.25245140801296, 60.378745457746106, 80.98205397773572, 102.29139963471093, 49.969982778657865, 42.498733384851455, 80.62350972351898, 84.54350849548581, 66.7045745862679, 79.19674604853353, 94.70745548289507], [58.94383288124502, 59.0822838444809, 67.97901608548851, 60.109668506092476, 34.55003613184067, 79.56423168078814, 37.259897736334864, 88.24143408490481, 43.457175453856884, 35.52087755184164, 17.910535913551357, 68.91146684154846, 51.07761540714588, 63.68732078776458, 28.844465900813915, 13.552436470835534, 91.58929732957955, 12.710185028603844, 0.0, 38.98540187042463, 78.95249802110867, 56.35299081927291, 85.77521122350491, 69.92493360543672, 82.95323858969188, 56.58159480407184, 70.03746041573734, 23.01867041335173, 15.66334174516725, 11.6055199496239, 37.44378464522845, 42.027966750620664, 36.61770145562013, 40.02165802664043, 52.68992210788567, 82.35989223893101, 50.76124056042391, 38.2445966110361, 72.94580957692796, 79.79661501474689, 32.88723946326338, 64.77304787239468, 66.10387256810088, 56.40963613660616, 80.16609071975847, 40.249612951964096, 73.87922145138631, 61.557262239530765, 82.93976526206202, 84.28829797913866, 49.88587890629865, 78.15037467930586, 43.170874561952196, 33.71024278196543, 60.601400573228474, 28.253017208290437, 41.023496650028754, 7.269915783592502, 54.887203503155234, 81.8834312099996, 25.83446612893208, 63.45773455028693, 57.30987998735375, 64.94681559486858, 29.883959936946496, 8.220167292271798, 23.122431243660152, 62.16562157035766, 79.66744125145355, 59.02716904700568, 71.1327367890785, 95.21092758739805, 50.421886141665055, 36.178399010505004, 76.97558980424097, 75.49155306376964, 65.48584176615687, 75.7082461145277, 85.92063858156682], [97.85672306737926, 61.52444527164371, 65.04746452464964, 60.71588720367283, 71.98763597178478, 77.46942555976996, 25.24878349619765, 88.03891243628978, 31.45804749641592, 73.3192363098558, 54.410594659984845, 105.51624359057162, 85.78961146540786, 60.75848968074491, 67.28988957354235, 46.936163626813034, 122.88726430860825, 44.98017019095513, 38.98540187042463, 0.0, 79.04009192488668, 75.88880702896523, 108.34247227346259, 103.15548819825092, 116.08113542172, 69.34278287705666, 101.4222213928911, 61.92999958552276, 54.38724803168939, 32.12936439905572, 34.863844399105105, 69.85081041551298, 21.03504204534858, 22.91542510235466, 91.1191568837787, 88.14277115667227, 88.28967211581455, 47.27329203458876, 75.16746453728892, 103.257085271967, 68.20883014157691, 73.76166604986533, 65.40311282158336, 62.043583350207854, 78.61117577420848, 22.337713564778966, 94.57609979480384, 100.14824153822441, 94.90922820398123, 117.40511206518471, 57.64746565494168, 106.88868057053169, 73.01517738219013, 60.58608138841479, 65.2738431850256, 66.82142196113566, 45.60142910650474, 46.12835198544021, 92.71790911025126, 113.86342197051592, 64.7813661087106, 74.80289881157422, 96.28721418110702, 98.63676489096757, 37.60225396222299, 47.127411807561714, 48.97690618281529, 77.19601063866659, 111.66126717755861, 96.5620424571153, 93.12174105418086, 123.55581200974106, 89.01079060926158, 70.27539810267714, 111.86706985094692, 99.77609964017861, 102.9631079637653, 110.82975330544471, 110.26381116813718], [112.63507526539414, 19.92733303723492, 14.124377576326678, 19.393638117608504, 103.76783157112992, 4.437814564360072, 54.20538048517229, 9.424595089000519, 47.58255830560283, 82.9182902592428, 73.96474563957145, 94.41501626154914, 76.62441793902329, 18.28506685490223, 83.83236119315013, 92.1583821463361, 86.99698699572228, 91.60238997863067, 78.95249802110867, 79.04009192488668, 0.0, 39.555967675387386, 56.014957266375255, 80.4304146234824, 88.04276848534869, 28.5794043406686, 73.95447504795838, 85.39336743855549, 87.09170518347523, 85.73199484838356, 46.2427408279088, 56.264472887074135, 58.27348917097552, 56.12467749790783, 113.04136157370573, 13.636071425201354, 88.74303195254346, 40.709377968864494, 6.605814374856407, 55.14040635862912, 72.86341892180891, 19.760150291388708, 13.83274095255947, 22.80928190643795, 3.3614935607726695, 56.70890898128937, 45.10238955612284, 103.23240710527759, 27.78404209348347, 88.88757514202949, 29.39714866716728, 69.75386849851893, 60.59052691525309, 55.7772409940276, 18.657263142562588, 84.42238630651238, 38.45730147753988, 79.5997101489622, 92.88083256847383, 82.99543570200414, 90.41394019140749, 23.85763017922239, 109.37285757574672, 79.42964302769148, 49.980145398480666, 82.49431213881947, 58.85252507039066, 30.529127700585207, 81.64769781871335, 93.49867303378386, 47.36341760144017, 79.39566788656091, 96.0766646562807, 70.07953768167417, 91.4343243141089, 55.271456707228985, 97.16511355684432, 91.63370512971278, 61.09053189201913], [74.5195213844062, 29.444155285507748, 39.122865345535914, 32.29089877367603, 70.8375904492994, 42.984849930197335, 53.073469944236685, 45.89975600869048, 50.81828343490738, 46.573345661459314, 43.98243014381246, 54.98656259072311, 37.2638773310913, 38.04590899313978, 49.490899808009644, 67.01172106895031, 53.58920831944372, 67.247583724542, 56.35299081927291, 75.88880702896523, 39.555967675387386, 0.0, 32.459877546973466, 41.988532651883794, 51.53258262980168, 12.66633018949274, 36.25029670631061, 53.16457964528342, 58.065544446835155, 66.70453779401831, 43.038967750362055, 19.189712012560562, 56.86753605536713, 57.08175540669884, 76.31426837534251, 34.21089518289198, 49.81742112094229, 29.178004638263907, 33.36569587812574, 27.604100658551744, 37.16255860284121, 19.863836039001388, 35.26092467468247, 24.583420091476558, 42.56073226439438, 57.8092994509385, 18.764087905591026, 63.99810870074481, 28.49725622771799, 52.59039742999652, 23.110811201607014, 35.65363124983466, 22.5278325352171, 23.58714342803002, 26.024711852494523, 50.30957265130364, 32.42317998006778, 53.603996530273946, 53.719449919632034, 47.152998409112556, 57.78187036992948, 15.699031241040085, 71.15028383255573, 40.325131382099535, 38.2870350315733, 56.191662949418436, 33.28428867967772, 9.43396837785304, 45.38931989991449, 54.061245586175644, 17.303913450791423, 50.218736325010596, 57.670554219386894, 33.4716830969578, 53.10749819343144, 24.66140921756391, 57.60945664642719, 53.080823726794755, 34.7460020509494], [85.07371135926562, 56.30152090470384, 62.793304445910906, 58.875762372178116, 91.49996139867115, 60.42359196067608, 85.31513755008474, 57.264922317068184, 82.48192736503087, 65.1788645903976, 70.46235253198932, 54.69703978854275, 47.90630145836233, 63.63963480241488, 70.79099026197645, 94.46098997620798, 33.307063417225464, 95.11671876616562, 85.77521122350491, 108.34247227346259, 56.014957266375255, 32.459877546973466, 0.0, 37.78135529100089, 38.54675375082712, 41.290392059125416, 30.80646419244873, 76.4602507897669, 83.67737721378056, 96.87248584960035, 75.19489425838523, 43.92416902493146, 89.1944820754838, 89.22185478968926, 90.38325449983374, 43.77459882614921, 60.42011670877992, 61.50549802069483, 52.332509146368835, 6.208461392965091, 58.718545749424635, 42.21787813345439, 59.23024457806994, 52.54134864861631, 59.35367782663998, 89.95106888792309, 14.035467831250894, 70.55176981508774, 29.318340157539044, 38.865167634374735, 53.63225131400402, 20.345623088712042, 43.91187548119482, 52.123117671638624, 51.90623291364229, 71.7932131343941, 64.35401570504727, 81.60669238111713, 62.27800192636724, 33.09320966538573, 80.09683233700886, 38.71606634317145, 81.68266861880522, 40.26058203038969, 70.74055257098497, 83.79415991883299, 63.62850692364317, 33.30770119149446, 32.78809381112748, 60.164231486477895, 15.265429111104458, 23.6260148589521, 69.20777987089726, 54.37812970851741, 46.05622315805517, 10.812282655985571, 60.290668866299804, 47.06092664716269, 5.623823321773528], [48.9260982421644, 71.16029241564081, 81.10246570440938, 73.99220540047934, 62.17758017864699, 84.24100038257706, 85.96115192450671, 85.21675499045284, 86.38086813613918, 37.98271615805462, 52.03555809548339, 16.917329371550313, 19.161491707889898, 79.83035518851511, 45.27158578495403, 73.6950776937413, 22.466932951420084, 75.01483735223317, 69.92493360543672, 103.15548819825092, 80.4304146234824, 41.988532651883794, 37.78135529100089, 0.0, 13.067319007754922, 54.60141145003467, 7.217550946021875, 52.235257004404325, 61.40888667319383, 81.44603880960763, 77.38197416608129, 34.634552874974034, 88.77109736173516, 90.26815414646619, 55.814141229085465, 71.9614756309123, 26.899815184877138, 64.25281467592147, 74.68935425221217, 33.10945919074943, 37.08366548908065, 61.352122607490344, 77.24447802928296, 66.16973625708589, 83.63496567664065, 90.93192821564656, 38.555530746228776, 33.54769938224761, 60.329509010005765, 14.405132005259814, 63.260281442218584, 17.9102331816791, 30.610175331976436, 43.259436619637945, 67.97166892687757, 46.272174956309875, 68.91394477330238, 63.55958295115608, 26.98003648760055, 12.585404774755755, 54.036034860735725, 57.03572287265347, 45.701163694258796, 5.144881708908808, 69.22828920739646, 64.68923474691094, 54.25395118884808, 50.10732243142458, 10.552596044960238, 23.764856794596138, 35.04100640769826, 30.35894488315865, 34.89409092903921, 33.81758645534127, 11.119172366588185, 29.752433005079883, 22.693271372374657, 11.203311052337579, 33.43144587822209], [56.430951344846406, 80.97471511854488, 90.36208065026624, 83.82133255812971, 73.33115114246516, 92.10253269299636, 98.32626665450744, 91.75910115978431, 98.36467780855367, 50.32643036412364, 65.05209806982339, 22.357845407269643, 32.00742593757361, 89.55206377700475, 57.71687702200479, 86.37177515542162, 11.527749963178184, 87.74870126258323, 82.95323858969188, 116.08113542172, 88.04276848534869, 51.53258262980168, 38.54675375082712, 13.067319007754922, 0.0, 64.16014665983022, 15.667450046146012, 64.74119559355779, 74.03983741747437, 94.45398953965534, 89.47260032997082, 47.00637224788082, 101.26938339380123, 102.62885