instance_id,num_cities,city_coordinates,distance_matrix,best_route,total_distance
410,94,"[[7.112281789173192, 63.29312558915198], [85.70245825581078, 96.33333614603518], [24.47276117404744, 43.56105259019157], [80.94964126828417, 9.904742358084007], [3.9602825472246583, 27.07750969675783], [83.470239956044, 68.37537824859947], [92.42174740483469, 54.043702302588635], [93.91660243922787, 87.21070345661016], [66.11657789838378, 37.00239231084128], [98.60706842443733, 67.2619472233437], [96.73995247531005, 29.10132933027303], [80.28249544004645, 73.95278986583729], [80.64310755584687, 35.568573891928466], [88.99734845325824, 43.06491655185953], [36.93550294064295, 69.74861620090269], [26.13943447727769, 45.17484782591721], [89.61030160391998, 76.426118261261], [35.732622265933486, 97.49732809645309], [12.224543806367816, 93.8516373124357], [81.81012560860006, 46.19008918711164], [75.89830542229082, 81.52441017700758], [91.53665694943996, 20.747237794261466], [90.06236765141276, 88.21697333032053], [87.39919124689708, 94.23411226541434], [56.722005747717574, 94.58489192937704], [31.3368424586279, 53.62887740355116], [90.41717750912909, 5.653452685309257], [26.36475205497061, 91.87442978355217], [74.99896468868384, 26.582818826991115], [10.17370916164978, 78.13923415081916], [55.88811800507957, 70.00637269321288], [18.673179712175568, 3.224793908917478], [72.3601070800694, 22.87802674052405], [10.668436588124807, 91.5096382632597], [1.7025259589669939, 59.53767269157739], [92.91512575176175, 81.03183320596821], [74.92025123278027, 80.1318245880872], [63.655717738334076, 6.854065611069526], [62.65153626516682, 65.2728345362581], [23.596416046737023, 69.53946370929044], [70.08467586003346, 29.835667009411093], [3.298214986471326, 64.75903926539101], [38.734548912897004, 1.2336344294690993], [32.24091704377754, 43.78440635615127], [65.99435932055931, 71.82587500661697], [65.70183382615448, 65.68243391036542], [79.72078629985869, 31.85675569690177], [13.283763611595845, 70.79073361978845], [83.16582647612786, 41.91611331310521], [84.25972946778938, 7.359005452492962], [70.49140021030574, 93.80173079128069], [81.32629117012736, 84.26807527825439], [77.39343933864482, 68.99504129298518], [84.22896137853093, 24.91237641836196], [52.686015699319874, 72.52639130309856], [35.051888161477365, 83.99197444628011], [63.890836580966834, 35.124179639984554], [17.54426519739901, 89.04081968536792], [60.46729420731776, 83.25896495295514], [81.45269107265779, 41.21644458847397], [18.640936361848304, 41.00555234417289], [9.007410017280392, 29.20357798931368], [1.2994183260428671, 29.080351301051046], [60.33899825503597, 91.24326214165588], [46.67414282899468, 60.869581874777445], [58.28322670034202, 18.861631123485278], [78.5793261828706, 0.9230722485758402], [73.5497974777208, 43.15750993681057], [9.563182405254578, 77.15517396073992], [60.77552425508386, 33.05716257754765], [26.944075031236437, 83.07621209143058], [0.6672464396055733, 29.354248254004222], [9.540432452017377, 19.519839246042224], [76.84321576739201, 36.030455917360726], [28.89218598939346, 80.35941646640535], [25.64839053589134, 73.37457657941466], [13.819596883220376, 12.42750451862702], [69.00331930504184, 38.45873191637724], [81.56418958734966, 41.7683848270261], [76.56063301427956, 81.31762008137781], [54.25701156503986, 6.86049419054775], [22.56471636891978, 15.40135480905066], [76.30835344754101, 94.85835678490281], [22.853294740151075, 60.83835051035543], [35.09400867672316, 87.06661283890988], [74.54052538211643, 86.36158151346163], [1.0214819885601578, 31.900502786574393], [80.4157477882995, 64.9606038015358], [5.436392099870635, 67.28437128092668], [46.125573662082346, 27.384261583434466], [86.53034589904274, 7.409037546967701], [14.831409420295605, 92.10429752902013], [51.10684007221897, 52.38035940905312], [79.96461892098272, 27.45236494313159]]","[[0.0, 85.25298440934729, 26.281951017931412, 91.11682127288483, 36.35252307181271, 76.52690420700456, 85.80942113057138, 90.03910602934391, 64.59651395899532, 91.5808251032744, 95.92808912946867, 73.94260347192328, 78.58392395866308, 84.34657422467168, 30.51389648812283, 26.273647035045773, 83.5368108673058, 44.598782025590644, 30.983186757893698, 76.63081446416321, 71.16106228113235, 94.53902733504762, 86.613595530828, 86.04262017612781, 58.65406509300284, 26.081162409313368, 101.30171540193535, 34.46082646699368, 77.17673443253909, 15.15847211897547, 49.235656644764134, 61.1707350914859, 76.75062814163594, 28.439722650584844, 6.585505645609249, 87.61729155813488, 69.86746384435243, 79.89072311693296, 55.5745268559655, 17.627915989489072, 71.308652698188, 4.086074948120393, 69.65162037629061, 31.81255154606427, 59.497116459820255, 58.638250333276126, 79.12168021017129, 9.710886368687353, 79.00074881481102, 95.29089399720745, 70.33980127366937, 77.12112358398787, 70.51207661945061, 86.13979439143537, 46.49966041012768, 34.77159686079336, 63.382125241520804, 27.780749253787455, 56.96834289007846, 77.54918630418825, 25.09274391943556, 34.142184560490705, 34.70307343924362, 60.11899432825671, 39.6360241834323, 67.76889628402138, 94.85547948367046, 69.42180139239277, 14.077048656808428, 61.59510574058805, 28.01197127573465, 34.545417574945915, 43.840580663551314, 74.87093101536749, 27.669884554833153, 21.100307617170646, 51.30594003291496, 66.68768727347661, 77.50097444332486, 71.74925706643945, 73.53412427037001, 50.32295145254414, 76.05563853779137, 15.931271431067076, 36.71724030511877, 71.26515061908665, 31.97803322026015, 73.32242911329276, 4.3288160532437425, 53.02342366296158, 97.10952684091275, 29.827312314960654, 45.327801890471385, 81.19127508083707], [85.25298440934729, 0.0, 80.83309790192914, 86.55917682995602, 107.13614136576784, 28.046928679137064, 42.820111831719565, 12.27577255622353, 62.48013768991213, 31.806832874377932, 68.13199702871015, 23.027480294733675, 60.97502243790762, 53.37022416548755, 55.54244561839802, 78.51716200195818, 20.28715267220204, 49.98339110260402, 73.5198118940762, 50.29408980208447, 17.76022807114699, 75.81092360894142, 9.213259753972741, 2.699193165375435, 29.033148033801144, 69.13241625674182, 90.80236694100239, 59.50500166478964, 70.56698548766126, 77.68923533631316, 39.77441249387113, 114.72630395685798, 74.65722212054357, 75.18891187463123, 91.70555858249848, 16.91622193730106, 19.46137109891825, 92.15529622823922, 38.67944886977732, 67.63927911377975, 68.30706499012953, 88.2462210652645, 106.065723844341, 74.96350052410891, 31.4487649223583, 36.59921837193726, 64.75345416116576, 76.791222661095, 54.47631266554715, 88.98602692962302, 15.420288990026913, 12.834381877185262, 28.573102051372054, 71.43615808166949, 40.70449731713549, 52.13242234430666, 64.97928654785864, 68.54721057283683, 28.420990247505383, 55.28048711868381, 86.93912455942964, 101.924162270241, 107.92051297110139, 25.869170001779377, 52.73411867156976, 82.18077231441303, 95.67579352956203, 54.54682077830921, 78.51745813417918, 68.00901543285241, 60.2353628474596, 108.24594894717904, 108.17101035186332, 60.95017261126059, 59.01333023068373, 64.29304542908635, 110.48680618154377, 60.23562945995194, 54.721651839269235, 17.579667166391598, 94.83778553495303, 102.64677322597959, 9.509193933479521, 72.17971570943767, 51.44985257170202, 14.967452553093688, 106.40703809571389, 31.81505370617644, 85.36090285302791, 79.50034388091898, 88.92815234382154, 70.99711494610315, 55.93497082815503, 69.11954133302343], [26.281951017931412, 80.83309790192914, 0.0, 65.74484925542579, 26.314805067405146, 64.00354099980449, 68.75282303138202, 82.02279628508049, 42.15712865020627, 77.83076459798522, 73.69959657506082, 63.548281908115314, 56.73612190125016, 64.52649467095686, 29.001869253651307, 2.3199428791569843, 72.95897281909185, 55.09905886034638, 51.76061959048735, 57.39760616723179, 63.92028723724963, 70.83809894481719, 79.34826863268235, 80.79291168513437, 60.36096384654078, 12.185101901659529, 76.06347465323431, 48.35040894678588, 53.30251085380815, 37.418090925286116, 41.06433489260894, 40.751060225907594, 52.16306601630135, 49.89615461456987, 27.816110468828942, 78.02830684401927, 62.30867209103412, 53.69084631670662, 43.92061409784497, 25.9931880510083, 47.632268166262705, 29.96190990794357, 44.66552269548246, 7.771366193996433, 50.22890899544287, 46.78880147284452, 56.47419628528187, 29.438906151997838, 58.71611141568878, 69.89327431675423, 68.13105668382686, 69.92414153310443, 58.71529578171881, 62.59853501352949, 40.43486833985284, 41.79207305158846, 40.310860744512986, 46.004491862533584, 53.58666489197517, 57.028147418027416, 6.36716280203224, 21.10246818068848, 27.325711858549646, 59.66556854719001, 28.15113733730832, 41.87133864464744, 68.88771838772145, 49.0786953680023, 36.75405460247851, 37.791828650061134, 39.59236318520396, 27.72247862689122, 28.301137435122087, 52.90911453202006, 37.06279670592508, 29.83669413746118, 32.905739999759525, 44.82191744801091, 57.119566314707825, 64.33276600272173, 47.26555361147269, 28.2242664050559, 72.92696376504787, 17.35303129002583, 44.78330795137797, 65.86855311077107, 26.190282876637774, 59.8962314621657, 30.416758493147437, 27.028371314570506, 71.81999730984022, 49.491436560587715, 28.056270805637084, 57.782662572060865], [91.11682127288483, 86.55917682995602, 65.74484925542579, 0.0, 78.88133679361806, 58.524940659397274, 45.6054492817565, 78.38592796781576, 30.89178534655527, 60.01361248692021, 24.85644542961733, 64.05152202025769, 25.665662117202626, 34.12275990444822, 74.28683335046618, 65.1777501006668, 67.08278832533, 98.57504696317665, 108.4906456503364, 36.29554831935666, 71.79758221780155, 15.154029441589705, 78.84064498710477, 84.57564261590908, 88.07784088142704, 66.13039990202448, 10.378232332798936, 98.48116463090122, 17.707873572445585, 98.31163937080777, 65.11747781673233, 62.63369201342832, 15.55911968069444, 107.69775655504164, 93.50686102280207, 72.12652682201963, 70.48543553628554, 17.560934476118756, 58.3133456265021, 82.73869973567115, 22.699983056807824, 95.07227720421345, 43.09642833557737, 59.332718193261414, 63.70154728586394, 57.82427264301481, 21.986381561345127, 91.02623210355497, 32.08799381848981, 4.175818516290184, 84.54631555654406, 74.36428677896839, 59.19721277543693, 15.361738849254133, 68.7044645339388, 87.15229026677169, 30.44704967933273, 101.40394691253509, 76.16015043067983, 31.315742936585234, 69.63932142768273, 74.48576839970252, 81.92595433122729, 83.90919738623454, 61.418439089772164, 24.371955311824934, 9.289176043125224, 34.066174422285044, 98.07470142573219, 30.708786353109545, 90.94319747799834, 82.60475893689947, 72.0536271948194, 26.44646742715845, 87.60045521470462, 84.18223202463912, 67.17743064496665, 30.95230085380673, 31.86956825915651, 71.54762398693498, 26.865664469356943, 58.64309169834536, 85.08030416503912, 77.26200825325506, 89.75908475732123, 76.72499605782728, 82.89948204103857, 55.05845004655082, 94.84024786605121, 38.964718361496104, 6.113330244637475, 105.49117239373227, 51.91118210066545, 17.57524757754369], [36.35252307181271, 107.13614136576784, 26.314805067405146, 78.88133679361806, 0.0, 89.59546458430502, 92.48030227247821, 108.20416110424014, 62.943691873641015, 102.8241367394593, 92.80174027394892, 89.56769546988973, 77.15149915892421, 86.52687302715643, 53.92762270193804, 28.62566030151097, 98.84943566690113, 77.25563018089427, 67.28359482811696, 80.1616414468658, 90.21942200590604, 87.80486145878555, 105.60115090607954, 107.10770632198577, 85.67990482596478, 38.13726733372488, 89.07179635150271, 68.5609298847232, 71.04040455580122, 51.43837453220438, 67.3749758701735, 28.025370531750493, 68.52861922747054, 64.78038686397815, 32.53858703850052, 104.03861376854418, 88.60066300227875, 63.02803085408036, 70.02532472312289, 46.782424877010236, 66.1818919550384, 37.687345410452814, 43.32615249594532, 32.84683673529719, 76.48949522009269, 72.81730102020472, 75.91110011838035, 44.696456737673344, 80.58351162835044, 82.68506869671019, 94.2258525998545, 96.20945941938616, 84.55476315071797, 80.29787421492932, 66.6318085487432, 64.85325155608503, 60.46834050944774, 63.43481984986499, 79.6831116451786, 78.77171357121037, 20.236402061953516, 5.476646974527621, 3.330401311471818, 85.41547501291642, 54.46446550049912, 54.94072189363248, 79.06994543648868, 71.42315448075534, 50.39012745523889, 57.1290463678259, 60.531887355634666, 4.0034516687647725, 9.394490704747012, 73.43076467533469, 58.82653651422152, 51.12526215155545, 17.65867296529471, 66.03127175733567, 78.98220179246395, 90.6245025502207, 54.20782845558262, 21.964916361952334, 99.13872399311832, 38.68772779788371, 67.58699134083699, 92.17468117547455, 5.647814716155718, 85.3262385446626, 40.23394857405777, 42.166406907877224, 84.88029311112398, 65.92923884948515, 53.50730875329649, 76.00526076575946], [76.52690420700456, 28.046928679137064, 64.00354099980449, 58.524940659397274, 89.59546458430502, 0.0, 16.897527068397345, 21.538244237207323, 35.85266842875505, 15.177723964071983, 41.45523113894149, 6.424113592346558, 32.9283933665937, 25.906917988099583, 46.55499470052792, 61.84727858796978, 10.124957866143777, 55.91929993900185, 75.6636570338738, 22.247315127636437, 15.173372507051285, 48.30638514988982, 20.90801384491183, 26.1555115262209, 37.44872014697365, 54.17887431274852, 63.10546638551515, 61.75145481251435, 42.64247328267972, 73.94399440504205, 27.63030210106711, 91.88720071941212, 46.83421875905677, 76.38911283715159, 82.24393042541439, 15.792141076562565, 14.536723760916388, 64.63348357748345, 21.04861517666975, 59.88513909545917, 40.79807187317103, 80.25354506414814, 80.6802070905971, 56.82569334961472, 17.81326280788553, 17.971316190127034, 36.710600591562724, 70.2280243436971, 26.46101601400504, 61.02148017610358, 28.547323600825816, 16.036655987862165, 6.10831302670388, 43.46962371923836, 31.062829434340067, 50.87450115041746, 38.58750115560138, 69.08903398987427, 27.398114283740686, 27.233769130473867, 70.37006447735439, 84.13764305019848, 91.08316567927368, 32.526826718522074, 37.5538246119956, 55.551748767367, 67.62939170403237, 27.099004800111135, 74.42672885840555, 41.98126342708539, 58.40652221097463, 91.5367921730844, 88.61422080463623, 33.01683586007062, 55.87827079279074, 58.037558996891256, 89.33855077939654, 33.23097231333532, 26.675178105190767, 14.671206213116795, 68.09914591021327, 80.72007162283501, 27.434299162088692, 61.0837198804528, 51.86156576213599, 20.08091905906581, 90.15660946570124, 4.581550712054985, 78.04147427774494, 55.45174249800022, 61.04309090249132, 72.62472490503427, 36.100280881425405, 41.072891264689], [85.80942113057138, 42.820111831719565, 68.75282303138202, 45.6054492817565, 92.48030227247821, 16.897527068397345, 0.0, 33.200671034253446, 31.342753372955972, 14.593840992028289, 25.31341273950984, 23.31808752590395, 21.91042506394037, 11.500445414851125, 57.6660007742301, 66.87302585314175, 22.558297179497217, 71.42740723032863, 89.53358674130148, 13.201733072362664, 32.06576741993936, 33.30822621918678, 34.25462195902441, 40.50302610101666, 54.01906710357111, 61.08631345877717, 48.43175155297789, 76.12286500382716, 32.52158481431293, 85.70492663727973, 39.868696029822246, 89.56233966932231, 37.06438648838152, 89.92941780586973, 90.88542705175273, 26.992640327525727, 31.414845099786216, 55.26614039221086, 31.81758762102557, 70.54817402403391, 32.93893953899091, 89.76537459930452, 75.30749332354789, 61.04904173091437, 31.85298270229635, 29.144705438381106, 25.565113195010756, 80.89056519025074, 15.256162261077087, 47.39282073046489, 45.40529657848556, 32.19661272290084, 21.198881596396998, 30.261458832082326, 43.823945131197696, 64.71630207293398, 34.23391900177789, 82.65249885411136, 43.29686652498308, 16.877758656965813, 74.92397101394852, 87.03438089458494, 94.47988013312462, 49.12341646536054, 46.2540371898653, 49.02261445845754, 54.89457134017506, 21.786685802944387, 86.02140382483404, 37.97259919039713, 71.62549967786246, 95.01819609209277, 89.7842385313551, 23.815282767872585, 68.76424932761225, 69.51520616277936, 88.93933879120266, 28.130305305919688, 16.38810485949737, 31.550618705731072, 60.68609552002403, 79.83254853106044, 43.88026304995945, 69.89947675358975, 66.15876546587378, 36.93485369829318, 94.04429702523936, 16.227222964203023, 87.98731358852118, 53.42341698803257, 47.00532489592643, 86.42262121427045, 41.3483769631179, 29.364592158374208], [90.03910602934391, 12.27577255622353, 82.02279628508049, 78.38592796781576, 108.20416110424014, 21.538244237207323, 33.200671034253446, 0.0, 57.3909040927382, 20.49276326932741, 58.17792250313571, 19.017390631880286, 53.32068278252364, 44.41902251533829, 59.59672970384849, 79.75435822290132, 11.612558060992328, 59.08629447923891, 81.96154248275282, 42.769820858842905, 18.89425729295058, 66.50606294455089, 3.9834287816328926, 9.581488399278417, 37.918553224984684, 71.02088003036441, 81.63229219012693, 67.7126489925604, 63.510766116645186, 84.23279485963731, 41.73912583385807, 112.76172074882109, 67.84818188887502, 83.35909043436466, 96.27685356735468, 6.259504223962648, 20.27244152029854, 85.86565313744583, 38.193906001284624, 72.50656058924535, 62.12773560812863, 93.35828495368357, 102.16220157122997, 75.430321813286, 31.880160087643127, 35.48999235763569, 57.1452598948268, 82.28772755912644, 46.55297069013818, 80.43350588981704, 24.334784584875052, 12.929617103723247, 24.593195540795183, 63.04706131998088, 43.767457160987156, 58.95264882465541, 60.121149179594205, 76.39426170328765, 33.681930740303464, 47.65313143312661, 88.32520530809037, 102.8318898140357, 109.3484368191193, 33.81888573413677, 54.08978347353045, 77.0800438203518, 87.64010122345569, 48.53339678647046, 84.95065123276127, 63.48966099254147, 67.10002568004657, 109.73974577588305, 108.17296870884235, 53.95292643244545, 65.38436256524678, 69.65620692688277, 109.58128098556368, 54.74875711451173, 47.09125636140842, 18.329160001134273, 89.60490654762158, 101.23079669239486, 19.197318406042733, 75.79904155763118, 58.822770242949005, 19.394673758469278, 108.11439174181987, 26.02575668383601, 90.69623109960291, 76.5714410128373, 80.14276428743658, 79.23645005795818, 55.18902626782759, 61.365437063422604], [64.59651395899532, 62.48013768991213, 42.15712865020627, 30.89178534655527, 62.943691873641015, 35.85266842875505, 31.342753372955972, 57.3909040927382, 0.0, 44.39901618421656, 31.626221189096242, 39.572782303869424, 14.597119549677199, 23.670316038400163, 43.861718100723294, 40.803933943402825, 45.89319362787766, 67.69654360142772, 78.3338240852974, 18.185192152492167, 45.5839036089187, 30.173008920553986, 56.53613141962467, 61.06078446843762, 58.343827850191175, 38.54957851647038, 39.66453273501412, 67.75801173508296, 13.691760539749827, 69.43950114353362, 34.55262816152922, 58.2391808429407, 15.442776933133583, 77.75304647459083, 68.24228124185382, 51.5437079825197, 44.01877545702863, 30.248593942917253, 28.4820016350775, 53.54087391029414, 8.1919321884039, 68.67734829688936, 45.04641552596902, 34.547881452371044, 34.82369716793084, 28.68304026416803, 14.544829404069176, 62.71330220832044, 17.74321084679428, 34.75491811678057, 56.96756903779917, 49.652594737683735, 33.921927905670685, 21.776751815004683, 37.97807927456075, 56.329705997043966, 2.9123199084275897, 71.18474193769428, 46.60026736851732, 15.904546642163742, 47.64411642121277, 57.63921027298791, 65.29948628271974, 54.54770743613887, 30.78394092880693, 19.759772454371642, 38.17115967530812, 9.650814800013368, 69.358001816854, 6.640157503333147, 60.47546486014711, 65.89468184850085, 59.215706491030915, 10.770581243638311, 57.14443889496396, 54.41148754512093, 57.783209787102365, 3.233295686380507, 16.16611862994346, 45.52930594263876, 32.391099640320014, 48.614498494125925, 58.7467864148182, 49.39498530132799, 58.89673996237661, 50.072871397082466, 65.29472251435763, 31.40267264579681, 67.8165407469798, 22.18442447000393, 35.95119706164465, 75.27541739837152, 21.48892974728822, 16.821749697566748], [91.5808251032744, 31.806832874377932, 77.83076459798522, 60.01361248692021, 102.8241367394593, 15.177723964071983, 14.593840992028289, 20.49276326932741, 44.39901618421656, 0.0, 38.20626754798786, 19.50787918577719, 36.4303966930462, 26.035418399580667, 61.721677811170146, 75.75881420462785, 12.842267869615712, 69.76656961812432, 90.3822558825865, 26.947365159837517, 26.816147497213187, 47.049005427295974, 22.63017963792173, 29.208118698120995, 50.00901701535132, 68.63777308597942, 62.15046992941943, 76.31989630628887, 47.03332913036283, 89.09980023212107, 42.807015734470596, 102.42159718184234, 51.56389606340857, 91.22035677418577, 97.21190651090143, 14.899931924794299, 26.957356177016273, 69.79046550686921, 36.010510439846044, 75.04522004413043, 47.05585328362205, 95.3417122350216, 89.13168170221809, 70.39645569381558, 32.93050609852666, 32.94312259446433, 40.12753717228624, 85.39624510256169, 29.679003512780334, 61.597147400986685, 38.66330186313719, 24.24528106525262, 21.28430581540794, 44.723775663395244, 46.22182877009393, 65.72027654489541, 47.30806335765188, 83.93746096197246, 41.35875909132625, 31.187190797349043, 84.16638609981051, 97.34751283639953, 104.53044070912934, 45.16136246507061, 52.324861162274786, 62.99684761919523, 69.296152795177, 34.769105887232314, 89.59179411461041, 51.00189238550887, 73.38716233369405, 105.02000938664305, 101.055304252473, 38.06666956371766, 70.93453695841634, 73.21429448467909, 100.97391463684832, 41.30383969976128, 30.665639447280235, 26.145884069702735, 74.93505903050216, 92.04325261363107, 35.47949422286304, 76.02563266518192, 66.529193130994, 30.72449387742837, 103.79488635134574, 18.336311734693883, 93.17067902304638, 65.91310267683139, 61.05913546459527, 87.38136763800493, 49.7768354697979, 43.958432237897576], [95.92808912946867, 68.13199702871015, 73.69959657506082, 24.85644542961733, 92.80174027394892, 41.45523113894149, 25.31341273950984, 58.17792250313571, 31.626221189096242, 38.20626754798786, 0.0, 47.77553143860176, 17.347439827868246, 15.966517627120409, 72.31026285450639, 72.40712077151187, 47.858829581493886, 91.65100646746447, 106.4681017312849, 22.691968705130765, 56.414126398854144, 9.842008419098194, 59.49159188171632, 65.79915830162615, 76.74329306827536, 69.8510373175746, 24.28539483785269, 94.30339853218662, 21.886375787082045, 99.49085681925135, 57.81085496779217, 82.24363862976604, 25.161604810095344, 106.31605180307011, 99.79220127873982, 52.071167955489166, 55.499646922940414, 39.868625899610784, 49.70309757532784, 83.57762639207613, 26.665389988970965, 100.01415191236718, 64.35243011357608, 66.14921256179818, 52.637233036012205, 47.974389225697436, 17.24077700596874, 93.28955938190833, 18.667500774563422, 25.069595408058213, 69.82212002814168, 57.27958461197151, 44.33729609156384, 13.19364334525891, 61.85859158440869, 82.57360474170295, 33.396693562285236, 99.32119304282038, 65.18247643397537, 19.505803723828322, 79.0010559641795, 87.73260204130646, 95.44053645477453, 72.01839543950497, 59.29424226071614, 39.79662267953378, 33.52346222417757, 27.117512829457933, 99.54376536788415, 36.18133101321793, 88.23124433707622, 96.07303894956623, 87.72434807125576, 21.068766619906793, 85.03358697586972, 83.75040657196736, 84.58015018530092, 29.272543496943552, 19.76760162967217, 55.97987096907453, 47.95263304655905, 75.42980149331487, 68.85809246922592, 80.41440607663236, 84.61794419066904, 61.41295501234551, 95.75939099827897, 39.40009167843109, 98.96607918795655, 50.64349577483911, 23.974811558262903, 103.33626385372898, 51.22786535667764, 16.856182824382312], [73.94260347192328, 23.027480294733675, 63.548281908115314, 64.05152202025769, 89.56769546988973, 6.424113592346558, 23.31808752590395, 19.017390631880286, 39.572782303869424, 19.50787918577719, 47.77553143860176, 0.0, 38.385909876278035, 32.09375922048126, 43.550394199688625, 61.3159114624507, 9.65014617414712, 50.388852738700834, 70.9073262101677, 27.804697497156642, 8.749317473284108, 54.38278148937108, 17.294878732708476, 21.493705996938523, 31.317412251057018, 52.99753167414607, 69.04716677707235, 56.8182033249831, 47.66371631987711, 70.23366877204379, 24.711532913601413, 93.79849250674843, 51.68554600304767, 71.79387240906347, 79.89122108714463, 14.480890967199507, 8.181328317402354, 69.12805894395936, 19.651777170265344, 56.85762081505557, 45.28041578116856, 77.53131294553134, 83.75146224396053, 56.72851680056818, 14.44557373687058, 16.762889987380802, 42.099781589817745, 67.07330815103587, 32.166166112982815, 66.71244646242872, 22.13246487989065, 10.367961355336936, 5.7381108449264975, 49.198950644327134, 27.633318782587722, 46.33133995286935, 42.146737148012285, 64.52700347772618, 21.89171292168855, 32.757253546921945, 69.89422197792864, 84.15836123400099, 90.83976119050044, 26.395141816049634, 36.06510358457496, 59.32119011497295, 73.04957522652364, 31.522666253967472, 70.79178271525707, 45.30975895007234, 54.113066119130686, 91.2557822129897, 89.2602127993168, 38.077973380505846, 51.78811417529103, 54.637164542853256, 90.56863486677162, 37.24309283617683, 32.209915671877916, 8.251847309546756, 71.96319858030702, 82.21686303984414, 21.279956127401245, 58.907568381639, 47.052860581776855, 13.67290496932954, 89.72571037307775, 8.993173322211293, 75.14257775477135, 57.75225650773232, 66.836416780323, 67.92143911616868, 36.28482633216024, 46.50151141063655], [78.58392395866308, 60.97502243790762, 56.73612190125016, 25.665662117202626, 77.15149915892421, 32.9283933665937, 21.91042506394037, 53.32068278252364, 14.597119549677199, 36.4303966930462, 17.347439827868246, 38.385909876278035, 0.0, 11.224459641652384, 55.485403426867705, 55.34375193235798, 41.830007183692594, 76.4991652653802, 89.87778005280502, 10.685434867204139, 46.20013025898944, 18.394059424462544, 53.484356817413456, 59.05328153025383, 63.68001967974071, 52.5098308964061, 31.471366672872225, 78.20798733868428, 10.611321444193203, 82.32980763318935, 42.41192631720875, 69.90273285458338, 15.154474055002652, 89.58714896701642, 82.49929163405575, 47.09044890480964, 44.92921540716191, 33.363069382532146, 34.728082842764195, 66.39537910968575, 12.014437198586222, 82.66992001500643, 54.17762781278188, 49.09452056438509, 39.104701878188926, 33.61675513602721, 3.8246922506495658, 76.01237894247745, 6.830473442898117, 28.440458955388507, 59.11140096879863, 48.70429318989838, 33.584059707483256, 11.243348799770605, 46.34090259017055, 66.50853334056252, 16.758164251103665, 82.70879625027955, 51.78259209259747, 5.705599782283132, 62.24009935290974, 71.91791386488683, 79.60853002652723, 59.26152011384462, 42.356009839954424, 27.912115801931037, 34.70691541573513, 10.387829328486085, 82.3516913286975, 20.025684832303668, 71.6977111306488, 80.21693215536528, 72.89137322519588, 3.827860056138947, 68.44251209233033, 66.73614267629797, 70.71697582868329, 11.993234923483504, 6.267858305650621, 45.93083741482312, 38.99204921233185, 61.480210217585636, 59.448031495378444, 63.07316446491611, 68.7514976133975, 51.158294854581094, 79.70607256421017, 29.392909258376434, 81.62071951224249, 35.474541773927804, 28.76836913126571, 86.76098004664613, 33.9856915353832, 8.144519293866907], [84.34657422467168, 53.37022416548755, 64.52649467095686, 34.12275990444822, 86.52687302715643, 25.906917988099583, 11.500445414851125, 44.41902251533829, 23.670316038400163, 26.035418399580667, 15.966517627120409, 32.09375922048126, 11.224459641652384, 0.0, 58.50175711155834, 62.89331569724256, 33.366832199959845, 76.15785240125066, 92.05082584617227, 7.837274795418686, 40.62902384047566, 22.46167564466473, 45.16461554378387, 51.19414709152131, 60.79478275033234, 58.620228764760675, 37.43839664283304, 79.40535695723288, 21.624391169057517, 86.27498980704831, 42.68563224185707, 80.82526882930198, 26.159287466686607, 92.09945437227546, 88.83545310937762, 38.16851764452878, 39.64997273039349, 44.19755618976801, 34.457124677662236, 70.55624427953482, 23.080342893355986, 88.40235538303219, 65.39269975798184, 56.760991639660126, 36.82838905349171, 32.468955837906464, 14.549140013639722, 80.63044004381887, 5.943601387301055, 36.01884397211193, 54.006429612930035, 41.91116091059234, 28.40813397304625, 18.76838375014393, 46.75993349957987, 67.71363787292306, 26.33234211188065, 84.96662153875778, 49.290217306742754, 7.767799147124712, 70.3865449025323, 81.18206056597138, 88.80594019462927, 56.05759555897662, 45.91579076499511, 39.10442814541999, 43.41048524617638, 15.447828477710528, 86.4403400383498, 29.94372222491747, 73.83435862214215, 89.38785905768243, 82.87202281690222, 14.04302594756398, 70.73549518228906, 70.22653316377148, 81.1809420197893, 20.517751789021137, 7.545385691887122, 40.22364004198714, 50.17620158624165, 71.96226270727787, 53.32514458891736, 68.49037009886442, 69.58246413574622, 45.64647774042945, 88.68143669865118, 23.5173338222779, 87.00008858654158, 45.6494470282401, 35.741122103453776, 88.91258290739411, 39.01881726807267, 18.037238439917452], [30.51389648812283, 55.54244561839802, 29.001869253651307, 74.28683335046618, 53.92762270193804, 46.55499470052792, 57.6660007742301, 59.59672970384849, 43.861718100723294, 61.721677811170146, 72.31026285450639, 43.550394199688625, 55.485403426867705, 58.50175711155834, 0.0, 26.840737441678204, 53.09636002573869, 27.774771534251183, 34.51937322778068, 50.682698770399476, 40.70343107149044, 73.36498555062363, 56.24539064720021, 56.090314270789975, 31.754468746857917, 17.064318858006526, 83.4774191068466, 24.521264261475164, 57.55096161811863, 28.046320183774874, 18.954367733850635, 68.9850083861461, 58.75163601805848, 34.110128348717474, 36.68277571752089, 57.10542142440184, 39.378320421632104, 68.33516205242975, 26.102624225498687, 13.340726514246532, 51.88363112198531, 34.005338094294096, 68.53859710812704, 26.385210433220614, 29.13300771040511, 29.05229132159138, 57.15219649832409, 23.674686523879014, 53.96194058032815, 78.30738117017292, 41.286203059496984, 46.704997286519806, 40.464953882669974, 65.16870114444299, 15.993582671797583, 14.367367843222084, 43.8798543619076, 27.353413251384566, 27.13438268360712, 52.87593834725097, 34.07132058165631, 49.23290056370015, 54.072528113853174, 31.776459794148774, 13.17870848905559, 55.18342649736171, 80.44354240436938, 45.25144745525969, 28.356675216637242, 43.756249670964834, 16.6569338081798, 54.28711994068629, 57.213808835436616, 52.24499857372855, 13.31480491230152, 11.855230706487172, 61.806593154351305, 44.8040367034021, 52.67459558027575, 41.27944747860694, 65.22998199458854, 56.215161010925776, 46.698184431884776, 16.66437585024246, 17.4156282883529, 41.11117037132379, 52.175632147301286, 43.74307664932424, 31.59535546223349, 43.34969367849857, 79.66097862076818, 31.43831162770355, 22.416135708110218, 60.33637122424611], [26.273647035045773, 78.51716200195818, 2.3199428791569843, 65.1777501006668, 28.62566030151097, 61.84727858796978, 66.87302585314175, 79.75435822290132, 40.803933943402825, 75.75881420462785, 72.40712077151187, 61.3159114624507, 55.34375193235798, 62.89331569724256, 26.840737441678204, 0.0, 70.74738777955602, 53.19465380664706, 50.626613723398606, 55.679947611869885, 61.62171630876795, 69.81049232695709, 77.06338919046932, 78.4829231541323, 58.1089160440752, 9.92389368262843, 75.45574148551448, 46.70012551405705, 52.27731089847889, 36.62724601483798, 38.750339338803656, 42.609294571215266, 51.31762666344278, 48.849407166910616, 28.345250678974637, 75.7939070488545, 60.0129844923981, 53.62792051983375, 41.67808353053455, 24.496968177356006, 46.545404803376016, 30.087569894645053, 45.710689585681564, 6.257908355844348, 47.94467941336164, 44.56169351866085, 55.21170927522664, 28.660807357982705, 57.119425198714275, 69.33979105964892, 65.81542836836095, 67.63038950262889, 56.51879891803782, 61.522035752674974, 38.11597965634131, 39.82714086818549, 39.06640873919874, 44.700116578415006, 51.271843452242386, 55.45471405910016, 8.579656100403538, 23.42194958349, 29.59829759939811, 57.375159783267804, 25.84567514990716, 41.54044717752415, 68.61604683921756, 47.45326302787418, 36.021013206805755, 36.69464553412122, 37.90990450539553, 29.985392014134813, 30.5566086709251, 51.521775401212835, 35.29208850868246, 28.204003721514493, 34.98809643335104, 43.38685095092989, 55.52933881448853, 62.037063504149295, 47.52460242634753, 29.987322254239764, 70.60716318563188, 16.00450032701196, 42.83811824762113, 63.55322676801839, 28.409853457013757, 57.770185443383596, 30.2893874333623, 26.757255434098628, 71.22723221056032, 48.27260796896519, 25.98635679192085, 56.66777638066889], [83.5368108673058, 20.28715267220204, 72.95897281909185, 67.08278832533, 98.84943566690113, 10.124957866143777, 22.558297179497217, 11.612558060992328, 45.89319362787766, 12.842267869615712, 47.858829581493886, 9.65014617414712, 41.830007183692594, 33.366832199959845, 53.09636002573869, 70.74738777955602, 0.0, 57.851535975854546, 79.32341535829289, 31.2259539442876, 14.629129151907152, 55.71219413176647, 11.799518082144822, 17.944739046943408, 37.56835191294615, 62.57403799885748, 70.77726500403863, 65.10491430482314, 51.940789991535844, 79.45506267627252, 34.32781379337133, 101.93384692643168, 56.25804223952256, 80.36996097935298, 89.51534288938157, 5.668727617380948, 15.150242218766719, 74.25571313775625, 29.17483104390449, 66.3721259059481, 50.51653401156225, 87.0970552232039, 90.78684836843064, 66.00551220091918, 24.059820613066094, 26.211478113836492, 45.653374380680425, 76.53429271869601, 35.10657632402323, 69.2740549839767, 25.834943415694212, 11.407064421820225, 14.299392592594389, 51.79405777961636, 37.129647990694295, 55.0805106836247, 48.655328741491374, 73.16176798960896, 29.933303760704522, 36.14232601429952, 79.31750937056303, 93.41731339459116, 100.20196482289828, 32.80787942727649, 45.6674890342088, 65.53667523951403, 76.30460258682596, 36.94238883225275, 80.05043918816617, 52.07984928792368, 63.018090266279636, 100.63114829883615, 98.23191201112158, 42.365174577235905, 60.84538107818539, 64.03466228622159, 99.1970437212679, 43.19919148928533, 35.57946606375201, 13.936306553590656, 78.03352592905807, 90.65943003296405, 22.730799408455024, 68.55272765445196, 55.544993648220945, 18.05025167168217, 99.14892533074887, 14.69686502947172, 84.66887609416072, 65.54407120849386, 69.08576957280914, 76.40476438915384, 45.395099611100235, 49.91460416035478], [44.598782025590644, 49.98339110260402, 55.09905886034638, 98.57504696317665, 77.25563018089427, 55.91929993900185, 71.42740723032863, 59.08629447923891, 67.69654360142772, 69.76656961812432, 91.65100646746447, 50.388852738700834, 76.4991652653802, 76.15785240125066, 27.774771534251183, 53.19465380664706, 57.851535975854546, 0.0, 23.789090233839644, 68.96063426907914, 43.22518028045957, 94.8929220139867, 55.11666007874829, 51.769517361325775, 21.19048143324458, 44.08813725153154, 106.89105684145808, 10.925839909438066, 81.0599362952457, 32.0623430254296, 34.088071776996685, 95.80362875374313, 83.12408061841472, 25.769474834194764, 50.980220606803215, 59.50589237122106, 42.86293242584223, 94.84671999998177, 41.988640322224875, 30.478347765025585, 75.88256695176864, 46.084556319401315, 96.31048895112454, 53.826294385162896, 39.68370236390464, 43.70744940640255, 79.01672810244834, 34.888299520375654, 73.06969480187152, 102.37088132104299, 34.95468614689848, 47.4741590159644, 50.477757796806486, 87.29530409727016, 30.182200603085512, 13.522498886567165, 68.43460149503329, 20.058137185672607, 28.540059233540898, 72.5111201136096, 59.02072902540104, 73.3367116349783, 76.5932650262977, 25.388719547941616, 38.2270671842788, 81.80527243877124, 105.65238723813546, 66.20388643140247, 33.14578129268946, 69.13524334333482, 16.88807713526965, 76.63589180179208, 82.25885711985161, 73.94766577467502, 18.45263080139876, 26.14572374859737, 87.84677321897419, 67.76795053992853, 72.15433237903677, 43.91707427778123, 92.51047864642965, 83.14531000434421, 40.66145755510078, 38.8556008211736, 10.45024631768404, 40.373979197444086, 74.21459930559641, 55.27404575649387, 42.786496956539, 70.87916149745061, 103.42296079901332, 21.585770246158095, 47.66453017386131, 82.84181547529275], [30.983186757893698, 73.5198118940762, 51.76061959048735, 108.4906456503364, 67.28359482811696, 75.6636570338738, 89.53358674130148, 81.96154248275282, 78.3338240852974, 90.3822558825865, 106.4681017312849, 70.9073262101677, 89.87778005280502, 92.05082584617227, 34.51937322778068, 50.626613723398606, 79.32341535829289, 23.789090233839644, 0.0, 84.34320579903124, 64.85605944836476, 107.86410209208765, 78.04150343966722, 75.17562041578059, 44.503503025662326, 44.53257655313638, 117.86860369451604, 14.277774298752876, 92.00935744552206, 15.845678775399717, 49.750420667238245, 90.85598301890462, 93.02440200215605, 2.8118373390026075, 35.890960248822225, 81.70261557633594, 64.17931902793535, 101.063065132394, 57.96231134590328, 26.84029179350986, 86.28927705749628, 30.43121107231559, 96.33729718430662, 53.920152199425566, 58.106172353568546, 60.44273792745976, 91.64664804161791, 23.085216605380566, 87.92021519489036, 112.56128703659645, 58.26687777681223, 69.76314320605007, 69.74837138292905, 99.6857955905835, 45.73725860939743, 24.86565105001273, 78.21969121480936, 7.172405588022816, 49.391979854665266, 86.96550975537212, 53.23418816793281, 64.72805824418644, 65.68620751976354, 48.1851050421653, 47.69267085949933, 88.00513222617471, 114.18701917933176, 79.56557853891277, 16.907239069755175, 77.80209419303924, 18.242104817519156, 65.52468479724604, 74.38024373142139, 86.71137055731859, 21.444120856296063, 24.484886711634413, 81.4397543926906, 79.32340963010546, 86.72169086503652, 65.5456631861852, 96.61359804673769, 79.1287937067429, 64.09171664281092, 34.6820912271565, 23.85474754766358, 62.76450028177381, 62.95595018054278, 74.058977294001, 27.420770010694334, 74.6136171323859, 113.98980339858764, 3.1383028292033703, 56.84804177669633, 94.85558047741155], [76.63081446416321, 50.29408980208447, 57.39760616723179, 36.29554831935666, 80.1616414468658, 22.247315127636437, 13.201733072362664, 42.769820858842905, 18.185192152492167, 26.947365159837517, 22.691968705130765, 27.804697497156642, 10.685434867204139, 7.837274795418686, 50.682698770399476, 55.679947611869885, 31.2259539442876, 68.96063426907914, 84.34320579903124, 0.0, 35.82546381740583, 27.2386508278769, 42.82941150097522, 48.368024647050404, 54.51119784610117, 51.01850529039736, 41.44032144298181, 71.84182920996025, 20.756612537980633, 78.43802665335791, 35.201787429617326, 76.3694345629876, 25.154623942789765, 84.35046796047668, 81.21197883954423, 36.568677231411435, 34.63396845503581, 43.32326483420792, 27.04076026465759, 62.72184046669802, 20.12345140806179, 80.67791529623682, 62.262252866751915, 49.62755028838368, 30.121951760493157, 25.286924822100513, 14.484812311128634, 72.8083374006539, 4.483837041397098, 38.90827191063517, 48.93855290960118, 38.081059866042494, 23.228709782473864, 21.414757228400003, 39.2659469152645, 60.12749203408409, 21.06075196570756, 77.24173689545161, 42.774034211973756, 4.986471702621196, 63.38158953803326, 74.75812303785787, 82.30866976003989, 49.907892192568546, 38.07919105569287, 36.06049905887019, 45.38216486069148, 8.799406669722217, 78.60316327772956, 24.797746176488285, 66.11255227920297, 82.8710587585252, 77.03382880829518, 11.308772769249499, 62.990882358175305, 62.39500654026252, 75.91194978297735, 14.959551228048126, 4.428538582258031, 35.51760970596769, 48.02073652174837, 66.76799143736457, 48.97825811400825, 60.74931658747232, 62.07484004851576, 40.82396212004522, 82.0426548660161, 18.822234415606907, 79.23330049364262, 40.3366632170157, 39.06725541813525, 81.20506726736711, 31.321098131278916, 18.828388268183712], [71.16106228113235, 17.76022807114699, 63.92028723724963, 71.79758221780155, 90.21942200590604, 15.173372507051285, 32.06576741993936, 18.89425729295058, 45.5839036089187, 26.816147497213187, 56.414126398854144, 8.749317473284108, 46.20013025898944, 40.62902384047566, 40.70343107149044, 61.