instance_id,num_cities,city_coordinates,distance_matrix,best_route,total_distance
230,26,"[[9.486414066521077, 55.50584190116123], [34.90933213724361, 52.04704946033705], [80.90162734502448, 33.791075021968744], [73.38187803454929, 55.40395832976183], [16.614962591681582, 30.90996935225404], [70.99705774091245, 56.21989631779467], [57.61690161019513, 7.792296853678826], [31.15252591808687, 4.751757850248128], [89.80540268769445, 73.3311470838387], [0.6119457101063097, 11.649912974721932], [65.08752730576865, 75.38202284111784], [15.07149014134087, 67.49571347210205], [71.86850432128882, 41.33216676252589], [64.57258972252095, 35.07913015895577], [0.2794430279600246, 89.20649929303312], [24.091803345850394, 33.43876963835692], [72.81341981207424, 92.8998351150908], [45.67001160118234, 88.82418844243311], [16.98814079270313, 42.58313629432779], [74.43054968939184, 43.77892040152975], [16.31106719080434, 97.55712210913916], [25.004686430837054, 41.44136230481759], [70.9992452790496, 68.36128065687186], [31.93726321669912, 9.153712909882882], [60.42120123634952, 26.63501228926727], [95.47942697857744, 45.11688511948845]]","[[0.0, 25.65712393038964, 74.64357834557373, 63.895545196451, 25.608068074684088, 61.51478813218702, 67.77260665040039, 55.18511982963987, 82.27321215306819, 44.74481747208164, 59.04698436162109, 13.226870190985448, 63.972011469779176, 58.75148764927427, 34.935692698860734, 26.46267322574526, 73.54332318559405, 49.18704043540969, 14.942296479296571, 65.99440460872687, 42.60147952121693, 20.943408592897665, 62.84179110578286, 51.50301437380298, 58.548077223037254, 86.61829306044166], [25.65712393038964, 0.0, 49.483045795242035, 38.618721172223125, 27.954608073895542, 36.328179009434116, 49.74049496783724, 47.44426415755272, 58.877766376849124, 52.99282358932951, 38.147666328510006, 25.14361141130696, 38.481022852280766, 34.17336881240567, 50.794231282596776, 21.524102933356687, 55.728538095077475, 38.319057585410974, 20.266592008065786, 40.37683240346279, 49.16362650900763, 14.511464661094285, 39.60600926774989, 42.99618022684101, 36.00870864268458, 60.965265248987016], [74.64357834557373, 49.483045795242035, 0.0, 22.883691891141012, 64.3511929569978, 24.518411933948627, 34.90150310216127, 57.60429701495813, 40.53016794944979, 83.28663778685605, 44.49598521829554, 73.95680913418326, 11.767131179749903, 16.379760551151367, 97.8304955072639, 56.81091639729514, 59.659572751087744, 65.34455081084758, 64.51537882311997, 11.90092018926462, 90.76369991444358, 56.4180370012488, 35.960482313506695, 54.81339769010199, 21.694632687078478, 18.46039589285929], [63.895545196451, 38.618721172223125, 22.883691891141012, 0.0, 61.82586986794416, 2.5205401471226687, 50.15381132250637, 65.94667234662427, 24.312882565766802, 84.91100950662934, 21.63144275428541, 59.55091836973413, 14.152936723794122, 22.151799040647482, 80.5392933881732, 53.96277399343493, 37.50018560822428, 43.414966566895686, 57.832750909555195, 11.672241390260249, 70.9504521971039, 50.35182971072724, 13.17456415735276, 62.10266740486273, 31.553627356427363, 24.374690655826665], [25.608068074684088, 27.954608073895542, 64.3511929569978, 61.82586986794416, 0.0, 59.98336999386581, 47.07000940120243, 29.92645612919977, 84.59548948722234, 25.040892974846134, 65.78261982832336, 36.61828750785534, 56.227894078687726, 48.13850747429502, 60.54200692538101, 7.892906850469836, 83.67203864641297, 64.79392445106063, 11.679130465374595, 59.23049900652176, 66.64784559919589, 13.464683569196819, 66.03219610050049, 26.61029106999075, 44.01433632447477, 80.13388920206768], [61.51478813218702, 36.328179009434116, 24.518411933948627, 2.5205401471226687, 59.98336999386581, 0.0, 50.24202392359612, 65.08883155730102, 25.427322753596815, 83.30994785012719, 20.052671713757658, 57.050969876344986, 14.913212613426838, 22.09537922512405, 78.03266627852463, 52.144823546063314, 36.724883680509386, 41.28558018379756, 55.703898731203694, 12.906074101342998, 68.5516141208295, 48.30841837916625, 12.141384536143802, 61.16284140604454, 31.41837207409897, 26.882396864101946], [67.77260665040039, 49.74049496783724, 34.90150310216127, 50.15381132250637, 47.07000940120243, 50.24202392359612, 0.0, 26.63846951693047, 73.01671377915815, 57.13533231992619, 68.00133312914132, 73.31173161893757, 36.44216038240924, 28.159418831821114, 99.57839381866776, 42.209877753071076, 86.45361319446253, 81.90784843553809, 53.489239240710724, 39.720723005829264, 98.8124274078188, 46.85953675229593, 62.029742229214435, 25.715701073445473, 19.05024990334281, 53.16667862941607], [55.18511982963987, 47.44426415755272, 57.60429701495813, 65.94667234662427, 29.92645612919977, 65.08883155730102, 26.63846951693047, 0.0, 90.24019382183913, 31.309927875378413, 78.35954729235257, 64.77193588839351, 54.7349724903508, 45.12926075002129, 89.92080181642237, 29.543162467365992, 97.49724922034851, 85.31665122493172, 40.3960765540339, 58.276125114439424, 93.9845973145551, 37.20111564716509, 75.05952594786159, 4.471355608188333, 36.54493370809048, 75.9427001067786], [82.27321215306819, 58.877766376849124, 40.53016794944979, 24.312882565766802, 84.59548948722234, 25.427322753596815, 73.01671377915815, 90.24019382183913, 0.0, 108.44375228124734, 24.802811428711248, 74.96138986120128, 36.683334971217235, 45.82479295050833, 90.92262788086566, 76.87443604159442, 25.916424006985213, 46.77571033023967, 79.04298702222503, 33.31246323227971, 77.38420521046865, 72.22251173044336, 19.451764155999317, 86.41449313041765, 55.17209711154731, 28.779144008231228], [44.74481747208164, 52.99282358932951, 83.28663778685605, 84.91100950662934, 25.040892974846134, 83.30994785012719, 57.13533231992619, 31.309927875378413, 108.44375228124734, 0.0, 90.65805231815467, 57.687363073311204, 77.1915366800823, 68.11675418242439, 77.55729907225553, 32.03213994261453, 108.6949985524318, 89.36497130201921, 35.0006295703931, 80.5075115233508, 87.32989749524623, 38.503717392694085, 90.39110113826561, 31.424616650844804, 61.65792932032538, 100.59760050201146], [59.04698436162109, 38.147666328510006, 44.49598521829554, 21.63144275428541, 65.78261982832336, 20.052671713757658, 68.00133312914132, 78.35954729235257, 24.802811428711248, 90.65805231815467, 0.0, 50.633959445190996, 34.718501526676505, 40.30618214696741, 66.26615981727858, 58.65054025521614, 19.14583928390569, 23.616344598414027, 58.217848995325085, 32.955244667093325, 53.58057566780431, 52.52240065196427, 9.178193188926906, 74.06165705358453, 48.969844156668216, 42.8910961276495], [13.226870190985448, 25.14361141130696, 73.95680913418326, 59.55091836973413, 36.61828750785534, 57.050969876344986, 73.31173161893757, 64.77193588839351, 74.96138986120128, 57.687363073311204, 50.633959445190996, 0.0, 62.53344701982598, 59.1708858598894, 26.27095123452556, 35.231257053961606, 63.08327701183323, 37.29843642953974, 24.986197216822063, 63.92170385699529, 30.086954656536538, 27.883644009953905, 55.93445272186772, 60.73090918989655, 61.042552351238285, 83.46405372887641], [63.972011469779176, 38.481022852280766, 11.767131179749903, 14.152936723794122, 56.227894078687726, 14.913212613426838, 36.44216038240924, 54.7349724903508, 36.683334971217235, 77.1915366800823, 34.718501526676505, 62.53344701982598, 0.0, 9.60889361987643, 86.12168955670558, 48.424362404230976, 51.57632484585201, 54.23885271694314, 54.89461927911711, 3.5426938674117427, 79.04349703951864, 46.863945106402255, 27.04308801146868, 51.283105488060585, 18.629200131226426, 23.912334929278533], [58.75148764927427, 34.17336881240567, 16.379760551151367, 22.151799040647482, 48.13850747429502, 22.09537922512405, 28.159418831821114, 45.12926075002129, 45.82479295050833, 68.11675418242439, 40.30618214696741, 59.1708858598894, 9.60889361987643, 0.0, 84.04392185794877, 40.514008050440715, 58.40501007781185, 56.9722629840845, 48.17250136783578, 13.147841076511941, 78.94728643345869, 40.07613964415593, 33.89695330569101, 41.67963286402751, 9.40941831147438, 32.495986118597166], [34.935692698860734, 50.794231282596776, 97.8304955072639, 80.5392933881732, 60.54200692538101, 78.03266627852463, 99.57839381866776, 89.92080181642237, 90.92262788086566, 77.55729907225553, 66.26615981727858, 26.27095123452556, 86.12168955670558, 84.04392185794877, 0.0, 60.63883388346193, 72.62794584464656, 45.39217858824231, 49.52694779917875, 86.9600571702825, 18.07611337416217, 53.78518358093156, 73.72797006850642, 86.08522629817976, 86.7883751792763, 104.91392196543718], [26.46267322574526, 21.524102933356687, 56.81091639729514, 53.96277399343493, 7.892906850469836, 52.144823546063314, 42.209877753071076, 29.543162467365992, 76.87443604159442, 32.03213994261453, 58.65054025521614, 35.231257053961606, 48.424362404230976, 40.514008050440715, 60.63883388346193, 0.0, 76.87271439665864, 59.440421327690736, 11.579355042825936, 51.38976650311374, 64.58872176070608, 8.054492219385699, 58.47982459408332, 25.520878137131174, 36.961010066710756, 72.33651352614758], [73.54332318559405, 55.728538095077475, 59.659572751087744, 37.50018560822428, 83.67203864641297, 36.724883680509386, 86.45361319446253, 97.49724922034851, 25.916424006985213, 108.6949985524318, 19.14583928390569, 63.08327701183323, 51.57632484585201, 58.40501007781185, 72.62794584464656, 76.87271439665864, 0.0, 27.447686698580988, 75.15472012994267, 49.14752660446964, 56.69396946663073, 70.23994171042463, 24.605525479762704, 93.18944769886367, 67.41360267309796, 52.886276018965525], [49.18704043540969, 38.319057585410974, 65.34455081084758, 43.414966566895686, 64.79392445106063, 41.28558018379756, 81.90784843553809, 85.31665122493172, 46.77571033023967, 89.36497130201921, 23.616344598414027, 37.29843642953974, 54.23885271694314, 56.9722629840845, 45.39217858824231, 59.440421327690736, 27.447686698580988, 0.0, 54.41401121805015, 53.443846455884696, 30.630242364675365, 51.69320919795565, 32.56225842518281, 80.84536504818449, 63.91471838522137, 66.26693160243481], [14.942296479296571, 20.266592008065786, 64.51537882311997, 57.832750909555195, 11.679130465374595, 55.703898731203694, 53.489239240710724, 40.3960765540339, 79.04298702222503, 35.0006295703931, 58.217848995325085, 24.986197216822063, 54.89461927911711, 48.17250136783578, 49.52694779917875, 11.579355042825936, 75.15472012994267, 54.41401121805015, 0.0, 57.45485392449813, 54.978155162113886, 8.097447240421271, 59.84740708344179, 36.61970247099355, 46.268492506048084, 78.53217105251723], [65.99440460872687, 40.37683240346279, 11.90092018926462, 11.672241390260249, 59.23049900652176, 12.906074101342998, 39.720723005829264, 58.276125114439424, 33.31246323227971, 80.5075115233508, 32.955244667093325, 63.92170385699529, 3.5426938674117427, 13.147841076511941, 86.9600571702825, 51.38976650311374, 49.14752660446964, 53.443846455884696, 57.45485392449813, 0.0, 79.18313725035111, 49.48110888721938, 24.820682619135543, 54.81408933011593, 22.13990581372149, 21.09135805778508], [42.60147952121693, 49.16362650900763, 90.76369991444358, 70.9504521971039, 66.64784559919589, 68.5516141208295, 98.8124274078188, 93.9845973145551, 77.38420521046865, 87.32989749524623, 53.58057566780431, 30.086954656536538, 79.04349703951864, 78.94728643345869, 18.07611337416217, 64.58872176070608, 56.69396946663073, 30.630242364675365, 54.978155162113886, 79.18313725035111, 0.0, 56.785187451543905, 61.99349950371861, 89.77383115524724, 83.52035432646304, 94.96108490859305], [20.943408592897665, 14.511464661094285, 56.4180370012488, 50.35182971072724, 13.464683569196819, 48.30841837916625, 46.85953675229593, 37.20111564716509, 72.22251173044336, 38.503717392694085, 52.52240065196427, 27.883644009953905, 46.863945106402255, 40.07613964415593, 53.78518358093156, 8.054492219385699, 70.23994171042463, 51.69320919795565, 8.097447240421271, 49.48110888721938, 56.785187451543905, 0.0, 53.29335275363106, 33.02352077447377, 38.38694467852411, 70.57052163072403], [62.84179110578286, 39.60600926774989, 35.960482313506695, 13.17456415735276, 66.03219610050049, 12.141384536143802, 62.029742229214435, 75.05952594786159, 19.451764155999317, 90.39110113826561, 9.178193188926906, 55.93445272186772, 27.04308801146868, 33.89695330569101, 73.72797006850642, 58.47982459408332, 24.605525479762704, 32.56225842518281, 59.84740708344179, 24.820682619135543, 61.99349950371861, 53.29335275363106, 0.0, 70.9321825489226, 43.04621339507881, 33.75768386516212], [51.50301437380298, 42.99618022684101, 54.81339769010199, 62.10266740486273, 26.61029106999075, 61.16284140604454, 25.715701073445473, 4.471355608188333, 86.41449313041765, 31.424616650844804, 74.06165705358453, 60.73090918989655, 51.283105488060585, 41.67963286402751, 86.08522629817976, 25.520878137131174, 93.18944769886367, 80.84536504818449, 36.61970247099355, 54.81408933011593, 89.77383115524724, 33.02352077447377, 70.9321825489226, 0.0, 33.420510964061435, 73.01339829729272], [58.548077223037254, 36.00870864268458, 21.694632687078478, 31.553627356427363, 44.01433632447477, 31.41837207409897, 19.05024990334281, 36.54493370809048, 55.17209711154731, 61.65792932032538, 48.969844156668216, 61.042552351238285, 18.629200131226426, 9.40941831147438, 86.7883751792763, 36.961010066710756, 67.41360267309796, 63.91471838522137, 46.268492506048084, 22.13990581372149, 83.52035432646304, 38.38694467852411, 43.04621339507881, 33.420510964061435, 0.0, 39.631538142059036], [86.61829306044166, 60.965265248987016, 18.46039589285929, 24.374690655826665, 80.13388920206768, 26.882396864101946, 53.16667862941607, 75.9427001067786, 28.779144008231228, 100.59760050201146, 42.8910961276495, 83.46405372887641, 23.912334929278533, 32.495986118597166, 104.91392196543718, 72.33651352614758, 52.886276018965525, 66.26693160243481, 78.53217105251723, 21.09135805778508, 94.96108490859305, 70.57052163072403, 33.75768386516212, 73.01339829729272, 39.631538142059036, 0.0]]",Route_0,1326.7545856183183
