instance_id,num_cities,city_coordinates,distance_matrix,best_route,total_distance
2526,69,"[[82.41183464668282, 69.58542163150408], [73.28297493250012, 34.636473155429314], [46.0957882523626, 48.60642106609555], [15.840207366871317, 33.044696381516346], [68.03278244645755, 1.7365799349245314], [61.90931562778164, 56.23804037314204], [54.480687659979544, 55.97627393554181], [56.469231760437125, 77.62955332173796], [65.59199678612647, 11.953286310794653], [51.32890126693106, 3.557586337459495], [8.997220095588776, 70.13455447311487], [31.298101289838986, 10.156570253189656], [4.054831334336351, 53.138509950299806], [46.11814976853579, 25.932537391008815], [6.423113527762958, 13.023086570851284], [23.828911864100057, 40.077179348559575], [67.84744144723868, 31.583135836671893], [55.329496693038806, 67.23885933665377], [73.37918652694701, 16.857968951734048], [11.777852009970502, 88.91841687658936], [49.454599440584005, 76.67666951368726], [11.846112838850875, 42.428575675070576], [71.73654006712201, 56.70113345184398], [24.2658764315825, 47.47147146828592], [64.37335026804325, 97.22704238758905], [98.59716564908544, 82.84316376863494], [74.44336507874075, 11.656861855437594], [57.56334753184197, 81.05118650751943], [18.302151263930888, 95.43635070711343], [99.63159822137584, 65.43198086178903], [16.303702514074804, 45.97459465646118], [91.71906080059166, 59.39480566481635], [33.374483182225724, 40.41546498823916], [66.2283347717387, 72.4830967026481], [97.36132762707909, 89.70156271635169], [22.825754154818835, 30.16139869877503], [13.956937273227965, 63.996969507764526], [35.463456592326224, 35.78698353925266], [35.76526906589886, 37.294655851616035], [22.955996330879092, 60.65084986004982], [48.873258147428174, 89.97646498539903], [63.0267280902836, 49.574222911008235], [91.89022634105143, 64.17774690521371], [41.95993866588137, 79.931667375928], [83.92937537469426, 95.1245089248415], [39.48810332907099, 89.72058654273275], [92.59578361962424, 24.713778631697558], [24.24943712338159, 50.02836730113057], [8.613352529486896, 29.873915254933237], [79.18422426610856, 55.331817524071866], [63.519301692477455, 21.107403110743228], [80.73271932524352, 12.515553132548218], [17.60929051486231, 64.151380113139], [99.75960305138763, 51.907470430385125], [1.096692806804811, 77.48901341438726], [62.727971807756, 85.30678157890844], [50.04009328788447, 79.6610129752454], [85.95849654457125, 95.79175559095769], [22.310871441611223, 54.3217976555304], [16.888803915734417, 74.33569917607392], [49.29097769301124, 54.984199939366675], [8.254713993064989, 6.326316582836766], [51.46347526394125, 10.329328026104678], [70.03600082937382, 18.921058290387826], [21.924177445047622, 22.570985957600342], [33.053140227452495, 70.25193844468656], [96.3839824345772, 10.86851926851703], [98.10991546438457, 72.19470718643626], [74.79297532633578, 69.73644755284106]]","[[0.0, 36.12153207249876, 41.94012029593895, 75.94080695171229, 69.35576732863903, 24.46437966874449, 31.07020876987051, 27.161124777211793, 60.03640534942084, 72.97824183349148, 73.4166682474998, 78.38623676271438, 80.06447946461907, 56.76976188560524, 94.72900023119915, 65.59493276449795, 40.69760772944914, 27.18380737937569, 53.49554185305869, 73.23198896841372, 33.71149876461571, 75.61094746504496, 16.732208349674867, 62.209157272651495, 33.00675865185267, 20.922061710835063, 58.47405018454362, 27.366239714079814, 69.12540804587618, 17.71359161197569, 70.19797920530031, 13.801199674684645, 57.05741151873828, 16.440869472757388, 25.062850446755082, 71.44756519702571, 68.68263078500681, 57.84880827995114, 56.73266814749653, 60.12340045751124, 39.25086957835176, 27.86091223262667, 10.91250910914788, 41.754049976566236, 25.58413394347917, 47.41172403771988, 46.0127934620966, 61.362389618883796, 83.8046520277873, 14.614468817586191, 52.02928099757835, 57.094564704101266, 65.02998180208772, 24.768024291259433, 81.6983418161589, 25.1915782526132, 33.90349804263582, 26.44524059660538, 62.00890254678991, 65.69499747255686, 36.19650314945518, 97.47303686247575, 66.85121971853007, 52.153992900201736, 76.61014185783866, 49.363194380360085, 60.35640427420536, 15.913456961523899, 7.620356039723779], [36.12153207249876, 0.0, 30.56636328069427, 57.464817922767544, 33.31617467629071, 24.412862024784612, 28.4413977155357, 46.163913413430805, 23.951578450628347, 38.050999413384815, 73.43549585989386, 48.60036276503812, 71.65794604652525, 28.525185783442467, 70.2664895004374, 49.7524435365064, 6.234412005274851, 37.21885228757742, 17.77876453502088, 82.03297848952374, 48.32359246190864, 61.9290310403019, 22.11878601526392, 50.6696470003462, 63.22152140266223, 54.44899697435189, 23.008890472819402, 49.00441103790776, 81.97265447436776, 40.52916535177531, 58.09638959957224, 30.86849997620577, 40.32473757367062, 38.49850466865853, 60.09934406328359, 50.65528027758085, 66.19378740036612, 37.837014174298105, 37.61175599116735, 56.65291316867936, 60.484286961726994, 18.11979489532855, 34.91298697821106, 55.07074741124013, 61.417817558239896, 64.62470807947655, 21.71277149506145, 51.392589304983744, 64.84475321492008, 21.52027003162644, 16.68427557348407, 23.341675050773745, 63.01340229948695, 31.611693776471316, 83.94759992862268, 51.75797761402447, 50.66991941114388, 62.45508320310948, 54.641260371263115, 68.9661588846765, 31.458638190700565, 70.92347767821296, 32.663861837270424, 16.047339505561034, 52.757009588092956, 53.72988896476283, 33.14471571127757, 45.02219363493537, 35.13243948103154], [41.94012029593895, 30.56636328069427, 0.0, 34.02304292501109, 51.749528712182155, 17.55873746317804, 11.16338969100068, 30.821267594693836, 41.515713104585515, 45.35176933958819, 42.89247355041691, 41.19906026811245, 42.28453485894893, 22.67389470181006, 53.29253994326343, 23.844532882116187, 27.621126999318406, 20.794930331058524, 41.861056282271484, 52.94126702452596, 28.270487447294677, 34.80238554476285, 26.88814836008751, 21.859395249928646, 51.94260381348938, 62.67813956582473, 46.570967756632776, 34.41173811909807, 54.45666687585098, 56.1175766714561, 29.908107310358844, 46.88147011624003, 15.130213619009576, 31.231635704970444, 65.7036239079339, 29.69365819551043, 35.63389851804575, 16.654862804407596, 15.31912722479333, 26.08674443356603, 41.46317490138804, 16.95857789457349, 48.36937820818811, 31.597093350079984, 59.96092738256362, 41.64175912333437, 52.2791347638171, 21.892578394196978, 41.902741696513594, 33.76500489193983, 32.55418266685024, 50.02267228311837, 32.45190757294349, 53.76524849463205, 53.4707652056338, 40.293249950714255, 31.30407674500365, 61.76966331956867, 24.461966340697625, 38.92356209419503, 7.1333932260864525, 56.741115042030636, 38.65162241674194, 38.13600059468559, 35.526196676663425, 25.271309623535085, 62.873298833382385, 57.11284156582881, 35.63715147552032], [75.94080695171229, 57.464817922767544, 34.02304292501109, 0.0, 60.86265726101349, 51.57803739450887, 44.93266035300347, 60.320204671013784, 54.03783979018082, 46.14040586603521, 37.71583285637283, 27.61906591830925, 23.294987271197982, 31.10203532865282, 22.12569808582527, 10.64308302259246, 52.02776716251016, 52.23643126868697, 59.77243735761234, 56.02120467293865, 55.07882019335348, 10.198528408292967, 60.696186240977994, 16.706996695763912, 80.46638738447757, 96.58468562991777, 62.3840489189117, 63.60380113989901, 62.4402089781662, 89.83280791191187, 12.938203010924761, 80.32389842168935, 19.020490483233417, 63.98711435327423, 99.27584575999671, 7.557199842131034, 31.009513345544086, 19.813935727659008, 20.373272668070403, 28.508492812855618, 65.82103554515753, 49.997929809845054, 82.17586154634613, 53.67148602529359, 92.1414017986048, 61.41155843166077, 77.20636422242933, 18.951522973194734, 7.89184919985945, 67.15042997445212, 49.15073759713574, 68.06235252181733, 31.156948309545708, 86.01319210954267, 46.8259387316606, 70.21244906313524, 57.81620162010898, 94.09446273102732, 22.2392565566563, 41.3043153496393, 40.003697976275774, 27.774296188932468, 42.24932159441676, 56.005903099221655, 12.112526654509015, 40.995901253786556, 83.54090335580719, 91.10997868771227, 69.43855884233822], [69.35576732863903, 33.31617467629071, 51.749528712182155, 60.86265726101349, 0.0, 54.844380165865786, 55.907098640354086, 76.76886812998961, 10.504214573704356, 16.802848293602263, 90.3519814005772, 37.687306041134136, 82.06909672836973, 32.64499169282904, 62.63494660582047, 58.51481639600898, 29.847131361022313, 66.72272533219258, 16.038716980780034, 103.7559149684346, 77.20858702160473, 69.37420528489257, 55.08920006522996, 63.302625266913196, 95.56055600137614, 86.67444526347876, 11.811331976868209, 80.00259922775562, 106.0791342374797, 71.10266702178784, 68.06540719891225, 62.33386540708576, 51.93509272983517, 70.76952498199059, 92.72541053103262, 53.400802697326284, 82.4654663538678, 47.11890249369385, 48.016342870544925, 74.18091295825448, 90.29598377052022, 48.09886345563913, 66.84367555569658, 82.42733092071165, 94.73123533318795, 92.49856282492935, 33.634694685458, 65.18495267086243, 65.74479668056169, 54.743073962778276, 19.88970334181441, 16.657570648814247, 80.23799486441627, 59.36084061740463, 101.08843294021354, 83.73839990547116, 79.97470930120649, 95.74814511840196, 69.68284056106359, 88.8050598476331, 56.44966148307507, 59.954008627577814, 18.66486700373368, 17.300843338954323, 50.59719290132364, 76.92808148843191, 29.785614930008915, 76.60927898347755, 68.33507301398988], [24.46437966874449, 24.412862024784612, 17.55873746317804, 51.57803739450887, 54.844380165865786, 0.0, 7.433238537263914, 22.072411257352215, 44.437614504793366, 53.73244276461805, 54.70651659298596, 55.322222764993185, 57.937452840995974, 34.172861018567026, 70.32958734144714, 41.367748063689454, 25.35992223864574, 12.81842560855114, 41.016435286342414, 59.8428830594833, 23.934442054252838, 51.93289505441505, 9.838129668829858, 38.65075995218635, 41.062997368053274, 45.3192114899971, 46.30965205728198, 25.190864609554257, 58.635248075660286, 38.82652631616383, 46.74623263383226, 29.97642531014314, 32.62806390987497, 16.809395632047345, 48.750922887806155, 46.98421030967953, 48.576039064279016, 33.43096148402185, 32.28564677624232, 39.202474052209816, 36.16932526254848, 6.756853837400521, 31.01441514864462, 30.973627519474455, 44.688258722844786, 40.29629832804282, 43.99361767526605, 38.16839646392598, 59.46029579327169, 17.298662038282583, 35.16750957333713, 47.602273236280546, 45.001257436275026, 38.097218980900635, 64.41877792667385, 29.080266732422377, 26.2586002001782, 46.29103034390722, 39.64478235680016, 48.52186856420432, 12.680479804385778, 73.28025960857306, 47.08211391037852, 38.191624266720794, 52.271233279035805, 32.07909284712085, 56.981541719249634, 39.56132763596719, 18.660002240543758], [31.07020876987051, 28.4413977155357, 11.16338969100068, 44.93266035300347, 55.907098640354086, 7.433238537263914, 0.0, 21.74439734313489, 45.40357507846092, 52.51335608178889, 47.63614939792685, 51.350536086272584, 50.50564216610206, 31.185864514923104, 64.45546319948141, 34.52987935291219, 27.81537871609419, 11.294525518672456, 43.44416007049704, 53.93252223009872, 21.301829496098456, 44.73530036039988, 17.27107013521334, 31.388954786273306, 42.420403950945555, 51.65359038311691, 48.60780571936575, 25.263689999244217, 53.534887265955305, 46.13041424048008, 39.465374484885125, 37.39495679023468, 26.222330990039957, 20.260365508230144, 54.55405014604356, 40.846573891894295, 41.30987657776312, 27.73558227595397, 26.443709032307165, 31.869386932745524, 34.45948718662284, 10.678064635369225, 38.29801226177244, 27.030168890647136, 48.98785064581032, 36.92500803319113, 49.29608658540562, 30.810811452122245, 52.77447830783424, 24.71194134252995, 36.02130891881857, 50.77404277059079, 37.76681464524043, 45.46136096715394, 57.555615419943706, 30.46795651880436, 24.09742189024257, 50.755541880937876, 32.21233253405773, 41.8356094565805, 5.283682461611129, 67.8377395450328, 45.74655442218448, 40.187768964036756, 46.645896092412755, 25.74751223226919, 61.567813377342866, 46.546182399015144, 24.534290456808115], [27.161124777211793, 46.163913413430805, 30.821267594693836, 60.320204671013784, 76.76886812998961, 22.072411257352215, 21.74439734313489, 0.0, 66.30683893993636, 74.25011306727086, 48.060034324252825, 72.01520154339971, 57.85395904732275, 52.72311025105714, 81.72275996435894, 49.75511304335126, 47.431384323945494, 10.453014757261279, 63.08036173838823, 46.09509588188824, 7.079057432622876, 56.836005925568045, 25.905394441736306, 44.11990475415811, 21.131414223104777, 42.4493173987323, 68.37737555545557, 3.5923060809566176, 42.116600845160825, 44.852766385408955, 51.14006401776174, 39.68698110806276, 43.79789700869494, 11.032955511437963, 42.63680235653559, 58.18169204061751, 44.6446248053694, 46.81926138263371, 45.338262264692936, 37.56878119126205, 14.496380333027213, 28.81149636119523, 37.88928546367101, 14.690790149689795, 32.559683027790534, 20.845906244482418, 64.07188900197696, 42.425707256311064, 67.60758939745553, 31.830172890438867, 56.960134748093, 69.48776762456336, 41.13096384295561, 50.355553762995974, 55.372717304075714, 9.905133047698552, 6.742451321521372, 34.63354340486725, 41.35269101118294, 39.71724743109253, 23.755827943243542, 86.07433585560815, 67.48613133781791, 60.25566041307589, 64.99851242793555, 24.550815545623013, 77.78317934639912, 41.993857787140705, 19.951458516805378], [60.03640534942084, 23.951578450628347, 41.515713104585515, 54.03783979018082, 10.504214573704356, 44.437614504793366, 45.40357507846092, 66.30683893993636, 0.0, 16.55063962002533, 81.16667243165539, 34.340929761757224, 74.04758860406628, 23.971862222785163, 59.178553705191774, 50.34986218257238, 19.75899853302091, 56.23000527261425, 9.203055789675126, 93.91269084100881, 66.70481186778359, 61.78481450251645, 45.16774552588101, 54.49210677189942, 85.28246346571295, 78.1966488902181, 8.85633039747452, 69.56277036206122, 95.94660770716717, 63.392943114744135, 59.88977687217811, 54.16014431880677, 42.98911255055525, 60.533155147453385, 83.98859961992937, 46.4810376985411, 73.31251142613472, 38.41580479161206, 39.13845547158272, 64.72465705164917, 79.7943145352997, 37.708294500801294, 58.47214005063913, 71.96898264693704, 85.16872503810188, 82.03149540866424, 29.866949419396846, 56.20426168795619, 59.730351104594924, 45.45817438138982, 9.385836102252023, 15.151159130092056, 70.90120660265771, 52.57149557088945, 91.94876705199297, 73.40938568824781, 69.47084246276711, 86.27678276136386, 60.56687679463621, 79.1426966350324, 46.015027449559696, 57.61273111397219, 14.221545658375685, 8.264322010667454, 44.94011561839687, 66.76458662176005, 30.81108728543035, 68.45760603674361, 58.511124832989886], [72.97824183349148, 38.050999413384815, 45.35176933958819, 46.14040586603521, 16.802848293602263, 53.73244276461805, 52.51335608178889, 74.25011306727086, 16.55063962002533, 0.0, 78.89527182872398, 21.089796974896114, 68.50624551304911, 22.973688555100516, 45.89254260926889, 45.71575320228474, 32.53142472166323, 63.80681228960827, 25.75102440164611, 94.07846133763331, 73.14310173808848, 55.406176498123536, 56.92721951138895, 51.583297883347, 94.57338233599225, 92.30650901369935, 24.492380472783353, 77.74397975114971, 97.634387168943, 78.4958039058478, 55.008791501098635, 68.914149848677, 40.9983456665753, 70.5175091581226, 97.67174075939052, 38.98964256633801, 71.06041606093784, 35.922783560212864, 37.1539568107091, 63.754705506105076, 86.45376087769498, 47.480206338338604, 72.93850121183439, 76.94659001340099, 97.197182182276, 86.97279517285361, 46.37391563693752, 53.78504310377817, 50.17137900869013, 58.79192150587776, 21.368245864155362, 30.738082007637594, 69.34421384225656, 68.4342324216054, 89.38193708134024, 82.54010983648642, 76.11433880695354, 98.52081428295297, 58.47265348595795, 78.71252481375208, 51.46697697604749, 43.16308001609423, 6.773078742965152, 24.207268422677544, 35.01638399601552, 69.15301905611139, 45.644387161463825, 83.06333515925897, 70.21541456995011], [73.4166682474998, 73.43549585989386, 42.89247355041691, 37.71583285637283, 90.3519814005772, 54.70651659298596, 47.63614939792685, 48.060034324252825, 81.16667243165539, 78.89527182872398, 0.0, 63.989748343978206, 17.700077290477193, 57.721588109741695, 57.169448052030454, 33.51753093672565, 70.35311245439304, 46.422676624963586, 83.56693225424482, 18.988559730425592, 40.982908787309505, 27.852063676149594, 64.16135184692692, 27.326675567848504, 61.6483470522329, 90.49673471134605, 87.76581582280937, 49.77792270805375, 26.958535507597, 90.75629287723297, 25.240609019474288, 83.41609637287772, 38.43794005153193, 57.279281923558756, 90.50460381343969, 42.29753582405155, 7.891054662658464, 43.36147256906681, 42.367291477592005, 16.875665532795356, 44.53986779829096, 57.80929828403516, 83.1067629065849, 34.38785013307432, 78.98940256940388, 36.23957246698623, 95.14077307505165, 25.23665760075528, 40.26246918117281, 71.73100149597191, 73.32338612180078, 92.01049486451, 10.486473779512298, 92.57449299086558, 10.793812938886862, 55.83180236123797, 42.13396315885415, 81.12539702126665, 20.671153580182928, 8.940174047835159, 43.04788198992031, 63.81255783914799, 73.3488100680699, 79.67781965343484, 49.28893665159326, 24.056206525289646, 105.58839501083193, 89.13650601798348, 65.79695962203985], [78.38623676271438, 48.60036276503812, 41.19906026811245, 27.61906591830925, 37.687306041134136, 55.322222764993185, 51.350536086272584, 72.01520154339971, 34.340929761757224, 21.089796974896114, 63.989748343978206, 0.0, 50.88853405232269, 21.645206768346508, 25.03960726454895, 30.838800873501928, 42.366873600073156, 61.93460819310235, 42.611342143255754, 81.14473868018891, 68.95347729247932, 37.68105875167637, 61.657632894051275, 37.971753174556916, 93.14096420306923, 99.05808871823426, 43.17134075177298, 75.60363598400365, 86.26433603375929, 87.89105654639508, 38.82992231256706, 77.94290329883012, 30.330052297182707, 71.44730303066079, 103.40094632086266, 21.724958621677185, 56.564163224987524, 25.9666761448275, 27.50329576408953, 51.17873570304446, 81.73188933109188, 50.60095947404875, 81.17692495463817, 70.58497683445637, 99.94799454668788, 79.98442861910875, 63.00252514604926, 40.49004650977436, 30.056139476620718, 65.83223936403624, 34.03125762679165, 49.490870476598516, 55.70298943723937, 80.18799716324551, 73.79554848644324, 81.45790951818749, 71.98701148233846, 101.59303016072234, 45.07036289897548, 65.7768077677503, 48.30382991586539, 23.359549252679876, 20.166113972788697, 39.71701286966686, 15.555968807177095, 60.12099000968062, 65.08977489427518, 91.1731810755897, 73.76696988823818], [80.06447946461907, 71.65794604652525, 42.28453485894893, 23.294987271197982, 82.06909672836973, 57.937452840995974, 50.50564216610206, 57.85395904732275, 74.04758860406628, 68.50624551304911, 17.700077290477193, 50.88853405232269, 0.0, 50.09478715988079, 40.18527035444837, 23.698367409708542, 67.33595813675802, 53.17810790601876, 78.24412999081692, 36.603917659319144, 51.138868776426314, 13.244121702186218, 67.77540839569606, 20.99051378788866, 74.71360263586455, 99.09903852282783, 81.70234275314964, 60.351295083425335, 44.63287418333022, 96.36414164839076, 14.1900150639498, 87.88719112578205, 31.96119299381767, 65.11342078481064, 100.21456519888068, 29.669768873340697, 14.695504278048082, 35.88282610651098, 35.448266161092874, 20.339353213564962, 58.01488010130212, 59.07951209253986, 88.52638797857057, 46.41842787784226, 90.23728107354128, 50.92902013653391, 92.99175007558657, 20.432696598176193, 23.706992256005716, 75.16140153303282, 67.54269050268378, 86.77397724757702, 17.46444024010212, 95.71268874978118, 24.529525117755572, 66.9128919759532, 53.08566175197111, 92.34451655920097, 18.29434803953884, 24.779662695310268, 45.27378390326125, 47.00021768268568, 63.87648688103392, 74.32596266467912, 35.40744347547065, 33.671521401520714, 101.54518331821114, 95.96612685637042, 72.65931838443502], [56.76976188560524, 28.525185783442467, 22.67389470181006, 31.10203532865282, 32.64499169282904, 34.172861018567026, 31.185864514923104, 52.72311025105714, 23.971862222785163, 22.973688555100516, 57.721588109741695, 21.645206768346508, 50.09478715988079, 0.0, 41.74146406912836, 26.39850417102908, 22.451979415015433, 42.3209303399727, 28.731723190622063, 71.73895081975341, 50.85370036976618, 38.03540185641422, 40.03758765267381, 30.683016982986018, 73.5945567823098, 77.41360670117842, 31.71928016784707, 56.29438721817838, 74.86327429579943, 66.51236877315475, 35.92471745916324, 56.56117471359432, 19.291351167029536, 50.708718314403235, 81.8067959767801, 23.673169652292508, 49.83216412659044, 14.513186954208388, 15.371397944100705, 41.735435454389595, 64.1031612628811, 29.065947689508256, 59.647121008022374, 54.15899517810903, 78.8493354859667, 64.13168273460636, 46.493610542839555, 32.53996945010621, 37.7113282106107, 44.24571114832881, 18.057740974515415, 37.1238992050665, 47.68055153796658, 59.59951893007577, 68.4470730338865, 61.65376761446861, 53.87142776625535, 80.42116387334138, 37.05046018205977, 56.54397164838939, 29.224406475786466, 42.63852322843746, 16.493412234491192, 24.924374386268475, 24.42638583231588, 46.205019035439534, 52.47455169513349, 69.59405186043558, 52.35482944520142], [94.72900023119915, 70.2664895004374, 53.29253994326343, 22.12569808582527, 62.63494660582047, 70.32958734144714, 64.45546319948141, 81.72275996435894, 59.178553705191774, 45.89254260926889, 57.169448052030454, 25.03960726454895, 40.18527035444837, 41.74146406912836, 0.0, 32.16964021791483, 64.16715272714671, 73.01495963774758, 67.06580376277665, 76.08399559979692, 76.83415517415295, 29.901366373234843, 78.57235815253637, 38.79504362781052, 102.21808114732762, 115.63260381211151, 68.03397086038198, 85.10667373940348, 83.26498449606902, 106.9322861425779, 34.40098725083978, 97.08622432095491, 38.42809807436316, 84.3336071380459, 118.9510297877624, 23.72273934718506, 51.52761630323944, 36.89900446482969, 38.07979998601782, 50.41567265953615, 87.88536412647487, 67.37918632114179, 99.60635846452462, 75.76030706277982, 112.90643993162375, 83.52125509412176, 86.962068464488, 41.07515812340215, 16.992574090612397, 84.16773699434835, 57.66568196820059, 74.31133899996658, 52.33768199044595, 101.11229195666209, 64.68559717195772, 91.62515828061596, 79.64329324476917, 114.78906621708498, 44.24934337122808, 62.1994143041153, 59.98657194085672, 6.94272918504435, 45.12084352517347, 63.88572220184959, 18.20564102873688, 63.12131025908411, 89.98666620521792, 109.12263896937245, 88.83041886780354], [65.59493276449795, 49.7524435365064, 23.844532882116187, 10.64308302259246, 58.51481639600898, 41.367748063689454, 34.52987935291219, 49.75511304335126, 50.34986218257238, 45.71575320228474, 33.51753093672565, 30.838800873501928, 23.698367409708542, 26.39850417102908, 32.16964021791483, 0.0, 44.83056682491859, 41.59379406042208, 54.7207588636673, 50.30600885458156, 44.678837765936144, 12.211328230943682, 50.70992693809656, 7.407192044566027, 70.07109483139942, 86.13490115785882, 58.04771589500234, 53.074300866648365, 55.634368300874165, 79.93067758223238, 9.560767912441953, 70.585005554392, 9.5515636920578, 53.36529342616611, 88.71074113416712, 9.966395099750558, 25.87686695840944, 12.400339153236493, 12.256388548833508, 20.592180550964038, 55.831514289208954, 40.331905897548474, 72.20235373506407, 43.78486438040622, 81.50014851316573, 52.05456901351795, 70.46216525645225, 9.960069435555555, 18.31993024084476, 57.41876519910327, 43.990674639534525, 63.22726107658002, 24.864650252540663, 76.84676734424131, 43.776695985853955, 59.656129462241495, 47.47531902173681, 83.4517782820584, 14.325278267300728, 34.95441716160007, 29.50484806214995, 37.170907666571814, 40.60300176837575, 50.82004062250189, 17.609509369905446, 31.553169023230833, 78.21370780853181, 80.92714680675617, 58.96615940517317], [40.69760772944914, 6.234412005274851, 27.621126999318406, 52.02776716251016, 29.847131361022313, 25.35992223864574, 27.81537871609419, 47.431384323945494, 19.75899853302091, 32.53142472166323, 70.35311245439304, 42.366873600073156, 67.33595813675802, 22.451979415015433, 64.16715272714671, 44.83056682491859, 0.0, 37.78927836273618, 15.729931449823532, 80.19434712989522, 48.70034308464243, 57.04184754364957, 25.417295140729845, 46.38741228347064, 65.7357724286169, 59.775714149437576, 20.989583209959708, 50.525742199736555, 80.82059656200857, 46.432498655331116, 53.51514841773163, 36.651646472990784, 35.58644249967886, 40.93199610653057, 65.18298106411874, 45.044130174149366, 62.887542911027495, 32.655701042692264, 32.586611446836734, 53.48059314536449, 61.398701297066495, 18.625748075883482, 40.502644063809704, 54.84289655239979, 65.54490592545703, 64.68551022524453, 25.684012706176006, 47.33933401306485, 59.25874386884322, 26.31582274168281, 11.33462702879267, 23.01310705167812, 59.87121465575808, 37.83470146474697, 81.01241904941843, 53.96701845782214, 51.269717364348956, 66.71399528951235, 50.89819200315296, 66.51739931143443, 29.865567937013804, 64.72403019163997, 26.835772661579202, 12.849824899867036, 46.79919894675321, 52.018455306850626, 35.26229588509131, 50.646984719087, 38.78035115592504], [27.18380737937569, 37.21885228757742, 20.794930331058524, 52.23643126868697, 66.72272533219258, 12.81842560855114, 11.294525518672456, 10.453014757261279, 56.23000527261425, 63.80681228960827, 46.422676624963586, 61.93460819310235, 53.17810790601876, 42.3209303399727, 73.01495963774758, 41.59379406042208, 37.78927836273618, 0.0, 53.516590129394324, 48.649244287322794, 11.116954558898662, 50.063508134956685, 19.49960869100808, 36.819806176655185, 31.322235076420114, 45.99549427602652, 58.7766825251975, 13.99180015026856, 46.54162469353241, 44.33893333910968, 44.44301479071989, 37.225388566734466, 34.66290672506485, 12.094903762188846, 47.65761067019661, 49.30751835515896, 41.49937978582854, 37.20053817430961, 35.76890164654056, 33.03703065595603, 23.636449115628192, 19.268802537598805, 36.688654400413576, 18.43508767984016, 39.94449290653975, 27.502323572391386, 56.54342251984427, 35.5270479910483, 59.82087571859733, 26.66131415200586, 46.85279244027971, 60.332113853317416, 37.846353616693115, 47.00091314867665, 55.19295857244829, 19.52401721406869, 13.501395831662496, 41.873661368624276, 35.4553253541433, 39.090305664006806, 13.66163931075663, 76.98293986972268, 57.04069490878078, 50.50634773826531, 55.77754266967451, 22.479206015629927, 69.73583038079896, 43.066514348875586, 19.62307181372084], [53.49554185305869, 17.77876453502088, 41.861056282271484, 59.77243735761234, 16.038716980780034, 41.016435286342414, 43.44416007049704, 63.08036173838823, 9.203055789675126, 25.75102440164611, 83.56693225424482, 42.611342143255754, 78.24412999081692, 28.731723190622063, 67.06580376277665, 54.7207588636673, 15.729931449823532, 53.516590129394324, 0.0, 94.80207049111968, 64.425637786316, 66.6346387827248, 39.877011482491966, 57.87316964582432, 80.87207831915809, 70.63987829851473, 5.308859672024036, 66.1128576245459, 95.9585425726009, 55.21434372345601, 64.07330776331754, 46.32206241013584, 46.42555233068432, 56.08288079379013, 76.68984446646952, 52.274570946472544, 75.84912049452225, 42.378180349439155, 42.80730029107595, 66.78558622785883, 77.11585432300669, 34.31510846275394, 50.81161265464794, 70.46602421778346, 78.97441208445402, 80.35898557434301, 20.760331152226343, 59.279065470997296, 66.06079103034057, 38.909323909832594, 10.736620493467987, 8.539966028172353, 73.12282844967393, 43.867914583496486, 94.34448818576857, 69.27256545750518, 66.9995194896259, 79.92985495874481, 63.33649237842691, 80.59064957737456, 45.09824047731374, 65.9705436117943, 22.86747805288638, 3.928514761041993, 51.77119394921915, 66.91117984584727, 23.77170886283751, 60.61157935768515, 52.897375151674666], [73.23198896841372, 82.03297848952374, 52.94126702452596, 56.02120467293865, 103.7559149684346, 59.8428830594833, 53.93252223009872, 46.09509588188824, 93.91269084100881, 94.07846133763331, 18.988559730425592, 81.14473868018891, 36.603917659319144, 71.73895081975341, 76.08399559979692, 50.30600885458156, 80.19434712989522, 48.649244287322794, 94.80207049111968, 0.0, 39.615624133002896, 46.48989131502883, 68.06612685326803, 43.287411999721854, 53.24772009107027, 87.0316144920495, 99.48022121235294, 46.45648408848143, 9.22225255424716, 90.93895424984458, 43.18165339191491, 85.21878010092385, 53.09379266801384, 56.8768390666146, 85.58705869528733, 59.78664840037571, 25.0165335636585, 58.17178932190039, 56.92458940895927, 30.397471202282855, 37.110492078433666, 64.60969662749206, 83.84565147695952, 31.49158651914111, 72.41793909220047, 27.72185968402897, 103.21711893780069, 40.84086668060191, 59.129241739698756, 75.31054824391857, 85.29660721974334, 102.9182749309248, 25.444287867386596, 95.44945611766315, 15.643478686825656, 51.07796606103407, 39.366211839621066, 74.49839467163856, 36.16449308194803, 15.452426505761427, 50.58424337334801, 82.66720953570075, 88.04086312278793, 91.06943566811549, 67.11877166176771, 28.303273764453834, 115.10857405969433, 87.93695267688948, 65.8699758138254], [33.71149876461571, 48.32359246190864, 28.270487447294677, 55.07882019335348, 77.20858702160473, 23.934442054252838, 21.301829496098456, 7.079057432622876, 66.70481186778359, 73.14310173808848, 40.982908787309505, 68.95347729247932, 51.138868776426314, 50.85370036976618, 76.83415517415295, 44.678837765936144, 48.70034308464243, 11.116954558898662, 64.425637786316, 39.615624133002896, 0.0, 50.8658057642994, 29.925021621421866, 38.56702425253102, 25.39462446086208, 49.527946302600206, 69.65639809834057, 9.213478959481384, 36.36482731813869, 51.42153468660493, 45.18406099025132, 45.6612254778876, 39.666674835669, 17.290004334328962, 49.64576969365604, 53.59818859101344, 37.69428088699846, 43.21710884925354, 41.69341394257421, 30.967771349203915, 13.312494780787452, 30.31081140344257, 44.2380548488322, 8.17098226720987, 39.10029353658158, 16.415688112334095, 67.53742518917522, 36.68013383629174, 62.11686772092197, 36.598542303280794, 57.32154235534649, 71.37905602341068, 34.21997333637384, 56.072333744113244, 48.36472926228689, 15.832284997936378, 3.041234772550702, 41.20583720202693, 35.164218539259934, 32.64982665019677, 21.693086647803327, 81.52669942039793, 66.3777470583596, 61.313169147446544, 60.70707642708326, 17.614909413022804, 80.82746826969033, 48.861311522295445, 26.271657225867173], [75.61094746504496, 61.9290310403019, 34.80238554476285, 10.198528408292967, 69.37420528489257, 51.93289505441505, 44.73530036039988, 56.836005925568045, 61.78481450251645, 55.406176498123536, 27.852063676149594, 37.68105875167637, 13.244121702186218, 38.03540185641422, 29.901366373234843, 12.211328230943682, 57.04184754364957, 50.063508134956685, 66.6346387827248, 46.48989131502883, 50.8658057642994, 0.0, 61.56759845142715, 13.404526313173882, 75.90772441580465, 95.7031038914443, 69.75180542023116, 59.84790401917869, 53.39948170154628, 90.74936966188717, 5.695994762027562, 81.65501072294279, 21.622288136988107, 62.13453384837586, 97.7117560177993, 16.463175708078502, 21.671437246176218, 24.53343987435067, 24.463915618060575, 21.341995869154363, 60.26451084651518, 51.67703215100158, 82.94628717158623, 48.09703102129746, 89.29086246013999, 54.77785985385424, 82.66996652649125, 14.546452697024145, 12.964190583401733, 68.56321827921725, 55.899113104059026, 75.10095519259768, 22.47430643156406, 88.42302419128248, 36.67130111542069, 66.53949288703264, 53.338865097156024, 91.32510273347226, 15.841713975783664, 32.303146339097694, 39.49381729603402, 36.28045282562348, 50.98918615893576, 62.75879570180397, 22.2686159335073, 34.98396098886677, 90.23684699815742, 91.25495180300602, 68.6150665926301], [16.732208349674867, 22.11878601526392, 26.88814836008751, 60.696186240977994, 55.08920006522996, 9.838129668829858, 17.27107013521334, 25.905394441736306, 45.16774552588101, 56.92721951138895, 64.16135184692692, 61.657632894051275, 67.77540839569606, 40.03758765267381, 78.57235815253637, 50.70992693809656, 25.417295140729845, 19.49960869100808, 39.877011482491966, 68.06612685326803, 29.925021621421866, 61.56759845142715, 0.0, 48.35959642438375, 41.1893901276234, 37.48198174774709, 45.12552831041813, 28.17453585165738, 65.99735572417671, 29.22947084579102, 56.4611203724419, 20.163258785585334, 41.6757772062678, 16.71558224010819, 41.78107309697428, 55.647304510842304, 58.23840419152158, 41.87049380334374, 40.87228535684769, 48.94018499054492, 40.37297795317311, 11.254051649470668, 21.49583259981061, 37.76643612265241, 40.31154940679567, 46.15458757772062, 38.18768008104905, 47.953631292025285, 68.58743646686405, 7.572517813639288, 36.52994177521677, 45.092091872047725, 54.63758156623273, 28.43011192702941, 73.63507299037634, 29.99062198176429, 31.58942656290859, 41.59736512412087, 49.48290571409909, 57.61295053383757, 22.511133489372863, 81.0405109576861, 50.60969763747449, 37.81832773807427, 60.383262896036506, 40.98816584222561, 52.03964775183176, 30.587673283762236, 13.388846485243542], [62.209157272651495, 50.6696470003462, 21.859395249928646, 16.706996695763912, 63.302625266913196, 38.65075995218635, 31.388954786273306, 44.11990475415811, 54.49210677189942, 51.583297883347, 27.326675567848504, 37.971753174556916, 20.99051378788866, 30.683016982986018, 38.79504362781052, 7.407192044566027, 46.38741228347064, 36.819806176655185, 57.87316964582432, 43.287411999721854, 38.56702425253102, 13.404526313173882, 48.35959642438375, 0.0, 63.90795173566579, 82.31826755299603, 61.647924771693845, 47.28973296381298, 48.33420795120768, 77.4762668084275, 8.101657465137519, 68.49889035511228, 11.521889792231358, 48.85109319977935, 84.41756684655857, 17.36987540133185, 19.47732815412491, 16.183728236102006, 15.3558981194154, 13.244312012011493, 49.11412942116722, 38.817846217142225, 69.65739257001218, 36.96950306284553, 76.35800603060945, 44.90772668809313, 72.02005831413152, 2.556948679749454, 23.55154961330107, 55.47801338359822, 47.28525663538108, 66.41099738049535, 17.95910600412287, 75.62394360080422, 37.91917581283407, 53.9522332428681, 41.23683834854398, 78.36344322514975, 7.123834177074881, 27.858713703973585, 26.128466893887015, 44.15066356443801, 46.03529300140805, 53.94469742261967, 25.01035251273762, 24.41650426824216, 80.87519597007322, 77.87284818891126, 55.21518706629536], [33.00675865185267, 63.22152140266223, 51.94260381348938, 80.46638738447757, 95.56055600137614, 41.062997368053274, 42.420403950945555, 21.131414223104777, 85.28246346571295, 94.57338233599225, 61.6483470522329, 93.14096420306923, 74.71360263586455, 73.5945567823098, 102.21808114732762, 70.07109483139942, 65.7357724286169, 31.322235076420114, 80.87207831915809, 53.24772009107027, 25.39462446086208, 75.90772441580465, 41.1893901276234, 63.90795173566579, 0.0, 37.123651535920665, 86.1606696503263, 17.550910253313127, 46.105986101275924, 47.47704694026462, 70.26737816101152, 46.680467221074814, 64.71850652793609, 24.813379769153943, 33.83547686264327, 78.89235264702518, 60.38255081447147, 67.90186141504739, 66.4101894739487, 55.255905267834905, 17.112093045933985, 47.67184279380476, 43.0050508742711, 28.310616673642322, 19.668725554390598, 25.992737342657968, 77.81181892756344, 61.94871536971069, 87.43924223340174, 44.43615481734705, 76.12443026129361, 86.27667916509408, 57.278937834884445, 57.49826509061758, 66.28367195029148, 12.033282512454537, 22.671736699569202, 21.632812761351552, 60.084208828459154, 52.714283987472946, 44.85460623612045, 106.82810158939483, 87.85145208743943, 78.51046272192559, 85.8804927502993, 41.33535762173972, 92.10035334898794, 42.00920895315528, 29.399003226702614], [20.922061710835063, 54.44899697435189, 62.67813956582473, 96.58468562991777, 86.67444526347876, 45.3192114899971, 51.65359038311691, 42.4493173987323, 78.1966488902181, 92.30650901369935, 90.49673471134605, 99.05808871823426, 99.09903852282783, 77.41360670117842, 115.63260381211151, 86.13490115785882, 59.775714149437576, 45.99549427602652, 70.63987829851473, 87.0316144920495, 49.527946302600206, 95.7031038914443, 37.48198174774709, 82.31826755299603, 37.123651535920665, 0.0, 75.17243951122556, 41.072927967012205, 81.27655069194093, 17.441884673459416, 90.17486048302203, 24.43632181961492, 77.80814823636922, 33.98635317267831, 6.9688544067643425, 92.28583407386742, 86.71301688694595, 78.74102689858462, 77.6048568177726, 78.8294696953033, 50.23296689906397, 48.70398806989921, 19.83383022935664, 56.71201188100917, 19.13048641251453, 59.50781622917305, 58.43836071162448, 81.26743261685762, 104.41660745134907, 33.671003331162126, 71.00535672586109, 72.56108640475587, 83.11689777043163, 30.957525466879694, 97.64737134446679, 35.953699107907696, 48.66123056358909, 18.094252869751912, 81.4436431458408, 82.15006592171319, 56.63234090517708, 118.39166556170743, 86.48607485264488, 70.01268245561573, 97.5268298378528, 66.7424769066155, 72.00866358195613, 10.65959850676663, 27.173985480290575], [58.47405018454362, 23.008890472819402, 46.570967756632776, 62.3840489189117, 11.811331976868209, 46.30965205728198, 48.60780571936575, 68.37737555545557, 8.85633039747452, 24.492380472783353, 87.76581582280937, 43.17134075177298, 81.70234275314964, 31.71928016784707, 68.03397086038198, 58.04771589500234, 20.989583209959708, 58.7766825251975, 5.308859672024036, 99.48022121235294, 69.65639809834057, 69.75180542023116, 45.12552831041813, 61.647924771693845, 86.1606696503263, 75.17243951122556, 0.0, 71.41783591164145, 100.85057580821378, 59.381903918576064, 67.51242217352055, 50.76771554660877, 50.13691568475153, 61.37847805732044, 81.3400783122109, 54.834256093064816, 79.98809172451035, 45.844258507309, 46.40357305390501, 71.0729203084717, 82.38804890828175, 39.5988114663144, 55.342897776662475, 75.608346499447, 84.00495520287781, 85.53254021740347, 22.36053162573711, 63.180715679364, 68.30411105339851, 43.93150917612117, 14.444649212955369, 6.34770254087164, 77.367864637979, 47.55021972337591, 98.55763041108129, 74.57587488435878, 72.25015047475028, 84.91924750351134, 67.3653741892034, 85.09503016353558, 50.0989103338675, 66.40295358976567, 23.018203274112196, 8.496670493325102, 53.641245088275824, 71.73934564616653, 21.9547756533649, 64.99951018643245, 58.08063792786074], [27.366239714079814, 49.00441103790776, 34.41173811909807, 63.60380113989901, 80.00259922775562, 25.190864609554257, 25.263689999244217, 3.5923060809566176, 69.56277036206122, 77.74397975114971, 49.77792270805375, 75.60363598400365, 60.351295083425335, 56.29438721817838, 85.10667373940348, 53.074300866648365, 50.525742199736555, 13.99180015026856, 66.1128576245459, 46.45648408848143, 9.213478959481384, 59.84790401917869, 28.17453585165738, 47.28973296381298, 17.550910253313127, 41.072927967012205, 71.41783591164145, 0.0, 41.813568150024174, 44.87423872425117, 54.15464525668953, 40.442695015308274, 47.290200062133735, 12.185818264356042, 40.72724184394545, 61.61550857411169, 46.8227010446566, 50.37115493902181, 48.88548046044374, 40.17265851890909, 12.457056209907787, 31.94757838056664, 38.2498048726371, 15.643519147696185, 29.886883880256942, 20.04676906537217, 66.34135289855993, 45.52177433070041, 70.81818342481945, 33.5998251731326, 60.238945524330134, 72.34606299868251, 43.38121861224744, 51.282357265002986, 56.57890218961478, 6.6920425374463175, 7.65061676396484, 31.99326279638756, 44.24022263611617, 41.2251897324614, 27.348124094618495, 89.52735630365807, 70.98443286207167, 63.3697081621625, 68.48419015243017, 26.783838799297364, 80.20379339552466, 41.502546874536094, 20.61269976372115], [69.12540804587618, 81.97265447436776, 54.45666687585098, 62.4402089781662, 106.0791342374797, 58.635248075660286, 53.534887265955305, 42.116600845160825, 95.94660770716717, 97.634387168943, 26.958535507597, 86.26433603375929, 44.63287418333022, 74.86327429579943, 83.26498449606902, 55.634368300874165, 80.82059656200857, 46.54162469353241, 95.9585425726009, 9.22225255