instance_id,num_cities,city_coordinates,distance_matrix,best_route,total_distance
1760,90,"[[87.42915803703293, 36.905083094867905], [7.326840421994496, 60.126401868831124], [51.75654113599193, 6.359406901007903], [39.31602505463508, 19.02456321076562], [68.59122474956672, 3.3702820419257207], [22.22356163617667, 41.656289863248276], [34.155793023204986, 19.578495160403907], [97.89020646377354, 32.63067329232342], [42.039642418582545, 95.74656059053], [66.05958251955568, 36.18643056835381], [19.586676613394015, 4.410280736623173], [80.07569825191582, 34.33951286891481], [42.747416847637055, 88.46860996011227], [8.775484030644009, 62.562321163494786], [76.97319996108159, 12.77261454022851], [91.6126228481822, 13.471100046030138], [0.10103931785868658, 28.799521070344003], [43.425075315402864, 92.23462137756175], [79.3766091756353, 14.252799417137174], [41.54290238864364, 91.54216426046628], [81.23440337413089, 80.86865342993057], [40.774387650109524, 8.030464999251997], [33.771764295737285, 88.21864999756448], [60.58907421636178, 55.411922885775446], [85.72840017199755, 2.6834803804684393], [57.67720179482655, 91.56015280595274], [11.859712451941128, 64.44983057501754], [24.01578777987884, 19.002252012632614], [15.042274568317083, 65.3828125824219], [72.16836456166371, 47.97378325485866], [74.04497299794795, 79.55505569994654], [85.64137092428003, 59.24094861542929], [99.04090267253262, 29.88314397198438], [65.33845806373262, 36.761332387719094], [85.962268509859, 90.79991451311726], [84.60438397889686, 79.76684594330467], [45.242684838840155, 11.02098461707951], [89.355253560127, 7.840222754711301], [6.387721045468253, 99.28937799719505], [15.980639909141448, 93.97511009258015], [22.219334299602878, 45.124224152124945], [47.83817473955706, 27.543289091941414], [5.948395754729264, 22.906324852496308], [99.75398766133866, 24.633827555189846], [40.44189878888922, 8.252734385545924], [71.32038796145348, 55.13090782064428], [60.8113387925962, 60.67392875654862], [98.98483863388303, 56.72394315808695], [11.251920244914926, 24.18428757809791], [74.1215128484184, 36.418788564569645], [86.37265124689215, 57.46436219753915], [60.90512875373957, 43.34618244973301], [62.33338311968344, 89.95093052374088], [41.14305097701936, 73.65474122644007], [86.73558385391202, 83.15270881939904], [38.734751873565486, 16.01642020061602], [13.0846358295308, 79.12681465553172], [14.245073311493062, 50.444120096943145], [59.70153216775466, 22.495922774935007], [87.91446592392347, 74.4852927711407], [95.2017572782795, 29.757154719472958], [92.55105618189259, 93.57391279293802], [94.28923644719892, 61.34269032963546], [95.09386934193077, 18.517892741760523], [89.46796572117428, 77.95651531309271], [67.68511734136702, 44.592121977121955], [99.62100359246645, 2.501050709681818], [23.699674339736752, 52.103474734045655], [92.85581491032234, 5.170699830928704], [21.004988190491545, 86.64166689683951], [79.8299753506526, 24.648672670068773], [96.90482986246982, 30.305056444651534], [59.5981509107408, 86.4332408324744], [97.74795707428544, 79.31209914985445], [89.12127487904165, 73.0017272878975], [16.286633353426915, 29.216845771118393], [70.3307021841633, 12.479165914933532], [39.270862258677255, 17.779310813328685], [21.23050833575203, 56.46055622441192], [70.54701724488302, 24.10350944777032], [64.89501430226245, 27.49276329307886], [55.79504624265217, 6.683125772779586], [79.73949622407706, 1.0240576980171445], [38.77625834872058, 65.61664762038592], [11.828824818592576, 70.18630604789597], [50.90374023626, 33.1753529343379], [44.77560373145849, 87.77353843573594], [72.99737177906401, 36.9289944740406], [70.39596663196345, 10.468169681317917], [88.64069322551684, 53.59478323161603]]","[[0.0, 83.40030535257358, 46.96353831121098, 51.32822378290211, 38.463627132700836, 65.37846562704927, 56.02019340690695, 11.300624467112444, 74.31371072655476, 21.381656139107385, 75.22309795546963, 7.7881654704835075, 68.22943132181987, 82.73266767132253, 26.300249006933594, 23.80447309560411, 87.70348028877528, 70.69453375437274, 24.04099621441637, 71.34955567994466, 44.39786596154762, 54.867213980884934, 74.24417856900264, 32.602043165221595, 34.26383909689153, 62.22825359402035, 80.43291751381, 65.89208517060274, 77.78715816302683, 18.85226619612749, 44.70074465122951, 22.407299509604638, 13.569828389686366, 22.09116768249647, 53.91479035001852, 42.954744359094406, 49.494293357009205, 29.128610515383173, 102.27176912578695, 91.44330879944822, 65.7257589654603, 40.68278684424463, 82.6745417552081, 17.392099867130575, 55.03416773435256, 24.324332679080957, 35.6856599409105, 22.941686255850435, 77.23205420171321, 13.316527431588666, 20.586407258653665, 27.29490594085731, 58.68270484690986, 59.1011089537114, 46.2528261872051, 52.98567192291169, 85.49726661269665, 74.42590798948012, 31.248122143133635, 37.58334315967256, 10.559648622222378, 56.89982513114772, 25.38222455094094, 19.920757226291222, 41.10202943822141, 21.187678253395237, 36.50039098980279, 65.51670169309325, 32.19502579534614, 82.98131180026454, 14.421067020234926, 11.54767112135364, 56.812000198417174, 43.644388233300845, 36.13628344759857, 71.55674539485278, 29.81581162124461, 51.817145981237566, 69.0266452291665, 21.186952720201067, 24.42088036722767, 43.75024266672709, 36.695761094806045, 56.49299589846487, 82.60175654299597, 36.71535145673248, 66.38467777781612, 14.431806066801016, 31.449006348011576, 16.733616111513527], [83.40030535257358, 0.0, 69.74874947556631, 52.08328978218269, 83.51396245444543, 23.728829310183862, 48.620216331412145, 94.6453293024555, 49.73705188100062, 63.42442132307012, 57.04901171325248, 77.18393589246477, 45.36406059662504, 2.8341261642692968, 84.2199297756197, 96.33696231131283, 32.149427089127904, 48.31169964346644, 85.41403034249804, 46.45093134860971, 76.76306964516165, 61.909006242195154, 38.58119235604797, 53.47047653469636, 97.19307485799334, 59.356883243241235, 6.2641012617413265, 44.381490120424154, 9.335832992089806, 65.97051911219113, 69.48943663688618, 78.31953597447684, 96.57185854435424, 62.540181109974526, 84.40613087033958, 79.73434505676626, 62.03993279582975, 97.2754084458861, 39.17423444605101, 34.937419681199124, 21.13886728607374, 51.98872422382411, 37.24559360250024, 99.00757737775808, 61.54254194302739, 64.18823168985469, 53.48730084466471, 91.72112821748804, 36.15579941453965, 70.87721208637986, 79.09062311157398, 56.14453441175452, 62.57173682294755, 36.42186241910765, 82.67986057812313, 54.14930640848501, 19.853661980099833, 11.899938093266448, 64.49155985320522, 81.85684535812251, 92.97468572099507, 91.55273310452242, 86.97090134099092, 97.13042467327345, 84.05401484076053, 62.32523922480858, 108.8066801788979, 18.232856339807217, 101.66284800016055, 29.835398537347633, 80.71786570260588, 94.41148677521262, 58.51785775701276, 92.43413501951686, 82.80159124554937, 32.181959970328045, 78.99206093648189, 53.044289532102134, 14.378817953669142, 72.76289944674147, 66.17438334130203, 72.14811664452807, 93.47020812428006, 31.925047945811222, 11.021321862606994, 51.23773254245333, 46.54862010583496, 69.64724257685823, 80.2723782186498, 81.57576049155114], [46.96353831121098, 69.74874947556631, 0.0, 17.753101833794968, 17.09799519804432, 46.02246000581242, 22.012056435950605, 53.089495329859965, 89.9137440294788, 33.07912232318672, 32.22885781728843, 39.81031260529968, 82.60197060266941, 70.75407296749518, 26.01939881174678, 40.485595325223315, 56.319176059456034, 86.27842015309372, 28.725838611400267, 85.79289345756847, 80.128472969591, 11.108561128930527, 83.81162137994292, 49.841378041259084, 34.170157186449146, 85.40621362287433, 70.47165573243215, 30.485913620576188, 69.5104293457828, 46.35082366992777, 76.51390199148534, 62.80636228818977, 52.81265995670661, 33.2978308712683, 91.10560416882167, 80.42159465081936, 8.010033124957674, 37.62786190504834, 103.41329394398228, 94.63839894222136, 48.73558909265517, 21.543223061929705, 48.70509908586765, 51.358634358786354, 11.47195800230096, 52.54905712345574, 55.06411394908718, 69.04417858834977, 44.25325620428816, 37.46676374726417, 61.72512887852423, 38.101420195202365, 84.25801094209325, 68.12714727130658, 84.38450479200108, 16.21187532223995, 82.40516908146617, 57.88412697723168, 17.986384490616548, 77.12672591624822, 49.345125479894875, 96.28376029115049, 69.51396713631556, 45.01058535465901, 80.92155137672363, 41.41811248743429, 48.01972176873168, 53.66290633516196, 41.11646056357258, 85.9703395282246, 33.50544658673008, 51.105401935572445, 80.45688114974077, 86.23981473985222, 76.40237034436718, 42.196882228483474, 19.556352140210876, 16.920590485974813, 58.66825242026005, 25.84444171555709, 24.8844977754243, 4.0514586761389975, 28.48704489025921, 60.66224788871449, 75.28675570795795, 26.829502996459897, 81.71287720182183, 37.22462317865669, 19.086909503760264, 59.93013809810035], [51.32822378290211, 52.08328978218269, 17.753101833794968, 0.0, 33.19779866333341, 28.361018264230793, 5.189878151077075, 60.13369238041292, 76.77032612595681, 31.776525251810675, 24.55248342123314, 43.54191821889305, 69.52877158818876, 53.18139725118656, 38.172630039253725, 52.590636941399666, 40.41490947029461, 73.32528152575473, 40.34377436256948, 72.55178457256766, 74.71172555879426, 11.090402019056208, 69.4158517459932, 42.149526269648305, 49.2050764871004, 74.82342259751265, 53.07828196965894, 15.300253542128063, 52.32878985297379, 43.78736749618995, 69.78567436252317, 61.346518442032846, 60.7039519522473, 31.492221270489893, 85.60124463499355, 75.76714568737874, 9.959044457327437, 51.27391013821521, 86.75663489105563, 78.49920176518741, 31.200787426395525, 12.049718913353546, 33.592659295434544, 60.697703173472135, 10.83050727830037, 48.248806888446964, 46.86916004218164, 70.5805253761088, 28.53448324953161, 38.909909486172275, 60.761371073580705, 32.521232463361464, 74.56774337815067, 54.66072057469919, 79.75608826867183, 3.063788974544861, 65.57717902905557, 40.1962831146202, 20.678956392497163, 73.74076876663806, 56.90697309351171, 91.60553510702847, 69.37490795424767, 55.78014546684121, 77.38340992235379, 38.19038437151685, 62.527729063366564, 36.579841405010136, 55.30315206512499, 70.05260010829927, 40.902454398219206, 58.68321707945668, 70.39385234486299, 83.95759446980344, 73.44451750730728, 25.184032757240185, 31.697829944795387, 1.2460711101141715, 41.57570790626147, 31.641279494763044, 26.944296308575716, 20.58808435359734, 44.25014372972358, 46.595210888352, 58.07813794319643, 18.289887723308187, 68.9654159257523, 38.144485525859935, 32.2362317692518, 60.23307233121687], [38.463627132700836, 83.51396245444543, 17.09799519804432, 33.19779866333341, 0.0, 60.131344384532134, 38.059231871845874, 41.40773871652225, 96.11640527385717, 32.91365699051632, 49.01558257651784, 33.03008310073545, 88.93608840815438, 84.15236379997148, 12.596085298817664, 25.13983481980294, 73.05854979421767, 92.35911369703445, 15.321674244019865, 92.22739591087131, 78.52291088291217, 28.204498425135885, 91.71499534444331, 52.653269555425716, 17.15093227732381, 88.86264233316712, 83.3617162526178, 47.23693540232791, 81.93316794528286, 44.74671216622959, 76.3797296884493, 58.41437210093677, 40.374679358908985, 33.54910929231624, 89.138621233277, 78.05675015295833, 24.57005425016917, 21.23970956537766, 114.32300224338914, 104.77169705287893, 62.39987103869139, 31.859431171288517, 65.61845009730796, 37.72606738171849, 28.569614854390228, 51.83252562669178, 57.82935718385411, 61.40346015858618, 61.00015301240635, 33.50802694629361, 56.94162481139538, 40.70809114994213, 86.80650478735072, 75.45400881535467, 81.81963938939312, 32.42427767775376, 93.91503419141264, 71.89889015388236, 21.09067963929253, 73.69350310915283, 37.47515832071654, 93.33149802146349, 63.412837248372334, 30.526059036549626, 77.45285344760731, 41.23179741750453, 31.041951261932976, 66.25839847268871, 24.33129342810194, 95.90919374862573, 24.064069123846334, 39.078668178625875, 83.5483722170035, 81.34663253945669, 72.59491115334131, 58.3422243124511, 9.27348624614349, 32.66961534411258, 71.14502563075887, 20.825269336726507, 24.40401756643762, 13.218060295137091, 11.39248548567564, 69.01841963715844, 87.67183760986333, 34.6581788227567, 87.69887966420909, 33.846732659843696, 7.3237355361532135, 54.078477289225894], [65.37846562704927, 23.728829310183862, 46.02246000581242, 28.361018264230793, 60.131344384532134, 0.0, 25.095959133185698, 76.20303730135069, 57.60585425914162, 44.17596730796037, 37.33923350155994, 58.312991147693275, 51.1138136475087, 24.85785461401116, 61.901450684725624, 74.89490463920805, 25.587154932087984, 54.84224467563496, 63.3831375972957, 53.49614370667237, 70.85117429589684, 38.403505615807504, 47.97305875117869, 40.75696253882006, 74.51002883130387, 61.21565271320125, 25.039066837497415, 22.724821352153608, 24.78948898816734, 50.342765736685344, 64.20105238600692, 65.81062800439534, 77.71428985761113, 43.391875998234, 80.48427546829511, 73.10117291046117, 38.319733304726114, 75.16774877074113, 59.769111546597415, 52.689970790265534, 3.467936865391445, 29.245259362959573, 24.828254315860647, 79.37714521619169, 38.04872306874234, 50.91231368060357, 43.01961337517415, 78.22613260370262, 20.631233086530422, 52.1615640091618, 66.06815306037983, 38.71846292951696, 62.77873920337113, 37.17321571455462, 76.70563080247739, 30.496267302278383, 38.56890189140088, 11.86938229914911, 42.09177998285112, 73.43730889723778, 73.94191271766552, 87.41507913253382, 74.70619686003951, 76.45565490192963, 76.41672754348996, 45.55625267004494, 86.73809298428361, 10.550951636616913, 79.49914139529784, 45.00187849520159, 60.06461473807266, 75.53901193430458, 58.32525406325157, 84.39131637390828, 73.87719867771918, 13.783573076518982, 56.26367863550215, 29.338039932214418, 14.837535420337357, 51.412609953985026, 44.96063119594625, 48.47851880144102, 70.42060083703404, 29.121993618354637, 30.36465670813845, 29.90784070649089, 51.33610053913308, 50.99340269214042, 57.38710171772604, 67.48157520732818], [56.02019340690695, 48.620216331412145, 22.012056435950605, 5.189878151077075, 38.059231871845874, 25.095959133185698, 0.0, 65.05716571293806, 76.57499116981317, 35.96769804619268, 21.03173511074189, 48.23406825061264, 69.42379935625496, 49.91762596940948, 43.35493452768442, 57.78051201416847, 35.28106530086052, 73.24501533275848, 45.53334216419602, 72.34182092759501, 77.28440368714723, 13.310251516713118, 68.64122911292381, 44.5281135597043, 54.269469617252824, 75.72724548009597, 50.105408398006794, 10.156365614728289, 49.63226855808952, 47.44731795300474, 72.03009435791999, 64.99134516133454, 65.6982742645138, 35.60348991616065, 88.07043474949091, 78.53469233007937, 14.005361717239094, 56.43374418410899, 84.40906742750694, 76.58454481216275, 28.196867141204066, 15.831788016639885, 28.40302292223811, 65.79270115601152, 12.95330007475625, 51.431324724219444, 48.98318877655118, 74.71672812523276, 23.362378133207756, 43.368816482420236, 64.51309327499446, 35.78309546571104, 75.80406481589362, 54.525793550462275, 82.50039421821248, 5.801313831576656, 63.16641528671978, 36.730417397049365, 25.711790531338067, 76.84237981682281, 61.88872968684414, 94.26202093094291, 73.21392638125853, 60.94730529660257, 80.42033129450363, 41.83177160674082, 67.65598941590643, 34.16437785455175, 60.4423455518075, 68.34041755139322, 45.954734590251306, 63.659254953542586, 71.53230454665, 87.24715911860987, 76.65015281519257, 20.302824182834353, 36.86494986486726, 5.422268676341607, 39.08131794836149, 36.67147330900841, 31.74169757462152, 25.190232859952562, 49.21525319502904, 46.26943031584504, 55.31404913793542, 21.57239618530743, 69.0169856397941, 42.54066368405771, 37.367742954690705, 64.23170715619794], [11.300624467112444, 94.6453293024555, 53.089495329859965, 60.13369238041292, 41.40773871652225, 76.20303730135069, 65.05716571293806, 0.0, 84.27870866123837, 32.02861268435238, 83.23360705284314, 17.896279935474606, 78.47676355435084, 94.00711302139597, 28.842046710233838, 20.161778270549902, 97.86418618902243, 80.74082696106724, 26.086385965089395, 81.52044188192755, 51.03252398536772, 62.188318893645906, 84.8598714366115, 43.70766294344802, 32.322498288012014, 71.34261910143199, 91.72624853388892, 75.12099308755243, 89.0869375802772, 29.950361836872375, 52.635471151843774, 29.294039066763332, 2.9787613417283443, 32.81278208963607, 59.37959521616273, 48.97276642464429, 56.90993039785581, 26.218540366032155, 113.20816114864884, 102.33433939547564, 76.69530433587643, 50.309913115848936, 92.45463487049688, 8.211164478678327, 62.40666599050736, 34.8168897099622, 46.489424655597496, 24.118123318623855, 87.04903256541303, 24.068664555734056, 27.374553563756006, 38.50607886710591, 67.45294341538178, 70.02295199219233, 51.738783126079845, 61.444293580197304, 96.71543812787587, 85.5209166644263, 39.510606329656824, 43.027021405565584, 3.9350817032814094, 61.17667011665297, 28.936947099014542, 14.387149688779301, 46.10169296260207, 32.48728464386627, 30.179294486006768, 76.70348787921235, 27.917651061899225, 93.96022679345391, 19.745487631178296, 2.525759443924181, 66.03785120965894, 46.68164259086194, 41.312421399032836, 81.67494941975919, 34.14102408714265, 60.471402187464186, 80.27809562786368, 28.641971298985414, 33.39282595012557, 49.44974960827268, 36.447584714651086, 67.69441161662292, 93.8988123585646, 46.98962315726415, 76.5630237101189, 25.261211048195534, 35.314441666787324, 22.91391281932077], [74.31371072655476, 49.73705188100062, 89.9137440294788, 76.77032612595681, 96.11640527385717, 57.60585425914162, 76.57499116981317, 84.27870866123837, 0.0, 64.22123177511367, 94.05557767086516, 72.23272840784274, 7.312284870081384, 46.986146677597, 90.02793547412622, 96.05587851080756, 78.99843372217825, 3.775333276305014, 89.63973559088207, 4.233638997080047, 41.92351855274069, 87.72522040671862, 11.181558323861019, 44.39554503319303, 102.80780345976142, 16.188244913650333, 43.47773547984369, 78.8324059961172, 40.630223528088486, 56.4798915751316, 35.86789673393535, 56.86625039829133, 87.10415213528377, 63.419964968488976, 44.20029853031834, 45.46546496301447, 84.78609971439246, 99.83131417247263, 35.827518093941315, 26.119143336904145, 54.36419373461142, 68.44931862471365, 81.29131582231537, 91.58584195472356, 87.50841335948323, 50.06988425660959, 39.78022232869195, 69.03274616642366, 77.90406122500168, 67.44650431149934, 58.574246777669174, 55.692963684477334, 21.1050998461175, 22.110005857725664, 46.43632504003327, 79.7986064296234, 33.38575087542471, 53.14931031089444, 75.34983934888903, 50.562248179189766, 84.73967278418479, 50.558118228635536, 62.55914293757298, 93.69641472398871, 50.6550250445939, 57.22295845085343, 109.59168886177739, 47.33997647031044, 103.85696865907906, 22.92064064699657, 80.51719648539164, 85.39777080303627, 19.875591698990554, 58.08190634460833, 52.28773811426821, 71.34017402461409, 87.94227128475369, 78.01639687523632, 44.45683524872038, 77.10640178695455, 71.97880847487582, 90.11940166190023, 101.94916150306369, 30.3061269576943, 39.57297199281483, 63.19595127597706, 8.429387082486521, 66.46718807821208, 89.8692665985361, 62.83653611415833], [21.381656139107385, 63.42442132307012, 33.07912232318672, 31.776525251810675, 32.91365699051632, 44.17596730796037, 35.96769804619268, 32.02861268435238, 64.22123177511367, 0.0, 56.29791009879097, 14.137277149840939, 57.24406825398588, 63.06469332656886, 25.832418134175438, 34.18982466721383, 66.3708961309241, 60.4460140072133, 25.659839719615476, 60.54192644138054, 47.1887298814035, 37.843090210952816, 61.23606016379456, 19.988647176398697, 38.84983988560233, 56.00458392900592, 61.126472949802846, 45.42000295846519, 58.78090194359824, 13.27625328901323, 44.09766554928972, 30.248260107158654, 33.57825041524847, 0.9222432340199694, 58.12701212184874, 47.36203400847177, 32.659499368114744, 36.69054083336359, 86.84879403877626, 76.4685031508457, 44.7420553633064, 20.167389421198628, 61.56066911673551, 35.61987611205823, 37.90194061203026, 19.661365472928185, 25.04359458493156, 38.80543664961777, 56.10642815551198, 8.06527810220095, 29.417191156495225, 8.822156234552228, 53.89346915369639, 44.99675374603225, 51.31596558511697, 33.96285747793749, 68.1925330396616, 53.74034866993376, 15.094860314613651, 44.095790894898, 29.842954572377764, 63.206971869242864, 37.81204525084013, 33.98774838399422, 47.882067454282804, 8.561425787587005, 47.5507497381087, 45.25167528363204, 40.98796925338494, 67.64353142111877, 17.965065433840326, 31.400952935038564, 50.6605570454365, 53.51613189050826, 43.44200417834814, 50.258547342117765, 24.088936475832813, 32.50319354911813, 49.200468120685635, 12.889299950746603, 8.771320871220945, 31.23788883456149, 37.72972972121242, 40.131252827946895, 64.00755122206239, 15.452059533738666, 55.80535324834966, 6.977415063143229, 26.0812800725728, 28.51240612721737], [75.22309795546963, 57.04901171325248, 32.22885781728843, 24.55248342123314, 49.01558257651784, 37.33923350155994, 21.03173511074189, 83.23360705284314, 94.05557767086516, 56.29791009879097, 0.0, 67.48837436784322, 87.1907254244542, 59.14847158523895, 57.99260029156833, 72.59363179766059, 31.21738465773762, 91.00211020460763, 60.59464670887707, 89.85566747126359, 98.21570632885133, 21.494762921947792, 85.00034982712752, 65.43977468712772, 66.16426100828713, 95.11040064208464, 60.534729865998564, 15.249349213817785, 61.14164889528446, 68.28332636263058, 92.8032502092272, 85.8465187444461, 83.43764618003145, 56.034061505582685, 108.94442630829185, 99.52845920044679, 26.494002412984727, 69.8528369604245, 95.79277386663952, 89.63739263429134, 40.798971493573646, 36.51415098204828, 22.980564673570285, 82.6788340905982, 21.206242996659892, 72.44969911352753, 69.75005993043592, 95.08305531575378, 21.45878631909532, 63.23442841168598, 85.29420828759574, 56.773399840831935, 95.62679375121371, 72.52222131340557, 103.48596872990473, 22.39087446766747, 74.99891316019473, 46.34271347349682, 44.00331901215147, 97.87335747639334, 79.75026297548871, 115.21264673328977, 93.92428710290922, 76.81380650789211, 101.45167907798397, 62.67408049536092, 80.0570962144447, 47.870215207085465, 73.27308417129302, 82.24361663716125, 63.551927986476834, 81.53916991738798, 91.26162423676692, 108.25649248379885, 97.67213981459261, 25.025106479859286, 51.381543759872024, 23.794918148836558, 52.076226448218506, 54.63313623019403, 50.84925235534557, 36.27963417356031, 60.24805568300574, 64.14405190106521, 66.23193920020236, 42.52279215313097, 87.08567496188938, 62.53134494968283, 51.16915057588267, 84.77955234575901], [7.7881654704835075, 77.18393589246477, 39.81031260529968, 43.54191821889305, 33.03008310073545, 58.312991147693275, 48.23406825061264, 17.896279935474606, 72.23272840784274, 14.137277149840939, 67.48837436784322, 0.0, 65.75226037563503, 76.68277157244556, 21.788910004048418, 23.845152188364693, 80.1663120066465, 68.52088550845248, 20.09887516331198, 68.97042614964744, 46.54356581641559, 47.29438671584463, 71.04235157668965, 28.701480453483946, 32.15676339289867, 61.44830574021045, 74.56575588716844, 58.12009233222577, 72.06269945757715, 15.761321487934367, 45.615950725527036, 25.515842422575247, 19.481740231850747, 14.934907369845439, 56.76643958560692, 45.65250907305443, 41.91768819087177, 28.077081815510564, 98.22628449126908, 87.54759254363819, 58.852942553832406, 32.94611630885472, 75.00383166031037, 21.94163625370859, 47.448478073756654, 22.559644552188264, 32.628469248813026, 29.302189497642495, 69.56896592493084, 6.306798810629893, 23.96685781433434, 21.180907247387722, 58.37310613485411, 55.33026481624556, 49.2654257581526, 45.21957067895164, 80.58352713678761, 67.77189354013709, 23.566443727028474, 40.90391084693097, 15.804925430978605, 60.53386399231553, 30.515508532612447, 21.814424730827405, 44.61678597153219, 16.08236577206689, 37.359157291355864, 59.10849696357039, 31.845738111205208, 78.89780797412315, 9.693954998027147, 17.305967450698244, 55.973980010817655, 48.320205387408905, 39.706287667025705, 63.994425685511665, 23.93407022027283, 44.03719941773019, 62.86570555879547, 13.984689048079307, 16.653262291018937, 36.802524495015746, 33.317151514612036, 51.806398201180876, 77.08844475432548, 29.19517773229785, 64.04132854203539, 7.537116201808198, 25.75923581580662, 21.07426334747031], [68.22943132181987, 45.36406059662504, 82.60197060266941, 69.52877158818876, 88.93608840815438, 51.1138136475087, 69.42379935625496, 78.47676355435084, 7.312284870081384, 57.24406825398588, 87.1907254244542, 65.75226037563503, 0.0, 42.72268739833717, 83.07399082947447, 89.51220503813188, 73.3424412284419, 3.8264948706740114, 82.76281934028263, 3.3011499691999444, 39.230185713952075, 80.46233907213156, 8.979132403261563, 37.56420234736253, 95.9502651613076, 15.246511592393633, 39.127382304285895, 71.94754209852798, 36.06284721539799, 50.05420216405423, 32.542103044068654, 51.90517781501796, 81.24785148767818, 56.42692351330031, 43.277689230210854, 42.75191685096203, 77.4878121618019, 93.13016303197472, 37.935688997810544, 27.327310357663247, 47.95975348321297, 61.13763602564071, 75.18364969811319, 85.58404384358903, 80.24900066489005, 43.90691360379225, 33.14890012113994, 64.57841341760992, 71.58519686615966, 60.77431864837426, 53.52031815780779, 48.63883187427972, 19.641979255235324, 14.900493169867698, 44.30821189700362, 72.56322264853038, 31.099030808705407, 47.52099974123673, 68.1163525206767, 47.28208415316581, 78.73050747002286, 50.06462431649182, 58.24409569589751, 87.36849505456279, 47.88855626256108, 50.46815930501601, 103.07776730555385, 41.05166932851067, 97.20799035212109, 21.81904958671442, 73.81124941927656, 79.47341909094538, 16.973213188762646, 55.757520707448386, 48.88516306930894, 64.89179164297748, 80.84078943362425, 70.77473734090064, 38.56802893403177, 70.1119386852941, 64.87349188824122, 82.8197202155749, 94.94716244791692, 23.19444508066076, 35.91938152860002, 55.891590456330235, 2.14398378251892, 59.761122293724384, 82.75573085208141, 57.64006078575593], [82.73266767132253, 2.8341261642692968, 70.75407296749518, 53.18139725118656, 84.15236379997148, 24.85785461401116, 49.91762596940948, 94.00711302139597, 46.986146677597, 63.06469332656886, 59.14847158523895, 76.68277157244556, 42.72268739833717, 0.0, 84.43899184476082, 96.29091108863753, 34.85932674629893, 45.61841268823977, 85.54723118313368, 43.743971147727976, 74.73564606983126, 63.22699715758694, 35.819844169580186, 52.30464915725485, 97.5050094927292, 56.8529000162006, 3.615958618862211, 46.14917640431772, 6.872251122253195, 65.04984811920663, 67.44523124046155, 76.93761163142698, 95.9988251204646, 62.169615193240176, 82.18978876003654, 77.75614278152713, 63.137675818612024, 97.4043495521898, 36.80459367713797, 32.22852121237824, 22.018726971197296, 52.46166612535943, 39.756640596732254, 98.56804122166346, 62.8672652469691, 62.98484668542492, 52.07010857190135, 90.39808800891173, 38.457849630539705, 70.38172901403078, 77.76444911143486, 55.55861630766824, 60.154671285943294, 34.21551070612451, 80.6333753992373, 55.35412022722452, 17.115818235584975, 13.295382807221168, 64.79798344620067, 80.03209173238912, 92.44284533102024, 89.33121125709877, 85.52244940207659, 96.90601280490824, 82.14778034062806, 61.589552325063714, 108.90484210072356, 18.22413029521076, 101.80029587391601, 27.006955825151323, 80.53685789021225, 93.84728405173526, 56.149481517180234, 90.5353854694055, 81.02115345565426, 34.18096097672974, 79.35595328378861, 54.18012651603804, 13.869360685073142, 72.76539365813518, 66.17609513361718, 73.02960843467964, 93.93002127614076, 30.155851335842403, 8.212675294015225, 51.36520098887474, 43.95013190902983, 69.14852350657202, 80.69005201799973, 80.36708515493444], [26.300249006933594, 84.2199297756197, 26.01939881174678, 38.172630039253725, 12.596085298817664, 61.901450684725624, 43.35493452768442, 28.842046710233838, 90.02793547412622, 25.832418134175438, 57.99260029156833, 21.788910004048418, 83.07399082947447, 84.43899184476082, 0.0, 14.656076707945413, 78.52509671998199, 86.25362136083557, 2.8226447035414806, 86.37099020620587, 68.22923396166192, 36.508108619784274, 86.93945197536317, 45.67877179396814, 13.35829924903842, 81.11603868043038, 83.12821971333952, 53.32256452916892, 81.2605221374006, 35.5275769240087, 66.84660769552052, 47.26989802793848, 27.924070627255748, 26.661316602606874, 78.54338224467918, 67.42745739535694, 31.778826241862102, 13.32830597095786, 111.65778160439692, 101.55755838744457, 63.59726762492086, 32.66531067312065, 71.74409311743823, 25.683704219416477, 36.809853055209516, 42.73381907965699, 50.55434363217494, 49.155178001274194, 66.7046691698104, 23.81750753916024, 45.669486455828, 34.538760357622806, 78.55454598685276, 70.6429962986849, 71.05393592205802, 38.375789077281866, 92.11204318509596, 73.17076058014158, 19.82052550741675, 62.67508241160714, 24.91495348112732, 82.28924233312381, 51.564497299763154, 19.00965229621636, 66.37062672120997, 33.14739103273681, 24.868213302341694, 66.21921998720367, 17.608139165548256, 92.67727674495703, 12.214823876331726, 26.545364749008105, 75.68209956963176, 69.70719866145289, 61.442019388882336, 62.875051549881704, 6.648976523650233, 38.033317969869714, 70.82290532191683, 13.026319653214646, 19.0411488128985, 22.036244425271573, 12.069837732518783, 65.2035135611179, 86.83387348980204, 33.10420614246112, 81.61999625181036, 24.481378662967586, 6.969251349565605, 42.456799876388956], [23.80447309560411, 96.33696231131283, 40.485595325223315, 52.590636941399666, 25.13983481980294, 74.89490463920805, 57.78051201416847, 20.161778270549902, 96.05587851080756, 34.18982466721383, 72.59363179766059, 23.845152188364693, 89.51220503813188, 96.29091108863753, 14.656076707945413, 0.0, 92.78647752407677, 92.33489064143903, 12.260957731822742, 92.74733405586895, 68.19191771454507, 51.128530858677976, 94.5132855308769, 52.167932584930256, 12.28807611270939, 85.14407180192, 94.65388361297158, 67.82275247532392, 92.50861654008678, 39.60447359733014, 68.37917457917452, 46.157717530272606, 18.01484185265869, 35.11077694455457, 77.53497308333698, 66.6651433368665, 46.43462303718429, 6.066506010262003, 120.94652007307045, 110.45855547157213, 76.27154620998732, 45.980743923501066, 86.18226772757393, 13.816233439858093, 51.436119030490886, 46.339123648553944, 56.36334037073605, 43.876622509796, 81.071665272079, 28.85368845343255, 44.304225725247946, 42.8423942163398, 81.89284675097254, 78.54456283276906, 69.85207305868936, 52.93909607745068, 102.35876907273652, 85.74813078427577, 33.162706971877725, 61.12616525296985, 16.67685410332772, 80.10830960073997, 47.94635978507458, 6.131002663831936, 64.52106893378264, 39.256127239122414, 13.582199548944162, 78.13212494963891, 8.392983392943428, 101.68269235825082, 16.24096400515371, 17.646233113975384, 79.67684984720552, 66.12623903607242, 59.582735708538095, 76.95409801825447, 21.305024770462694, 52.51876409079444, 82.47263416281695, 23.596776668010456, 30.173459308250365, 36.45511471148217, 17.201744069868706, 74.23502909913466, 97.88804329365475, 45.22688034120468, 87.83256065034406, 29.94662557554674, 21.428114517440036, 40.23359688195108], [87.70348028877528, 32.149427089127904, 56.319176059456034, 40.41490947029461, 73.05854979421767, 25.587154932087984, 35.28106530086052, 97.86418618902243, 78.99843372217825, 66.3708961309241, 31.21738465773762, 80.1663120066465, 73.3424412284419, 34.85932674629893, 78.52509671998199, 92.78647752407677, 0.0, 76.81786280614217, 80.5991506601099, 75.19353223024363, 96.4044465145034, 45.669190431195254, 68.29605115235864, 66.0834494882683, 89.52146395228435, 85.16989715519739, 37.539458728825714, 25.84379374222918, 39.516803118005534, 74.57447082022698, 89.68739946961458, 90.7955331628115, 98.9457972792908, 65.72146714794174, 105.90656006791971, 98.6837548110535, 48.51643555293403, 91.68209719399101, 70.76964247975393, 67.08218183194474, 27.490269253096788, 47.753661818264064, 8.30188767461149, 99.73997752160606, 45.27201548343115, 75.93113689002553, 68.56907705123858, 102.7510540875674, 12.068244513488144, 74.41158336466745, 90.90909823379114, 62.5199380151101, 87.24883662952483, 60.79833465056857, 102.27322878179525, 40.69362866202297, 51.97509266935058, 25.856186196640472, 59.9329133233183, 98.98680532372, 95.10553936965738, 112.88368988118792, 99.65176538282874, 95.54763020122154, 101.99439993331622, 69.40471054394237, 102.9360618662373, 33.16579308950358, 95.71713320180737, 61.50356828902873, 79.83691366381476, 96.81549721283383, 82.83448521911419, 109.93835132277093, 99.39032837186738, 16.190973231714587, 72.10103701552106, 40.69054021912098, 34.80786300209618, 70.60232525387636, 64.80715091845948, 59.924597189276746, 84.34310987834792, 53.39731617307132, 43.01635646506274, 50.99080628021564, 73.98480539785469, 73.34823531698623, 72.64582059446516, 91.94604580803947], [70.69453375437274, 48.31169964346644, 86.27842015309372, 73.32528152575473, 92.35911369703445, 54.84224467563496, 73.24501533275848, 80.74082696106724, 3.775333276305014, 60.4460140072133, 91.00211020460763, 68.52088550845248, 3.8264948706740114, 45.61841268823977, 86.25362136083557, 92.33489064143903, 76.81786280614217, 0.0, 85.87011903549917, 2.005510355306489, 39.4807613356062, 84.24586694005696, 10.455354597877303, 40.6265182176509, 99.04028547921229, 14.268076851474348, 42.05195278037816, 75.76081022163147, 39.0717674775473, 52.77497956435741, 33.14135663883553, 53.579828828307974, 83.55134341993723, 59.64463207050065, 42.561381423179505, 43.02535166947943, 81.23397380556514, 96.08327530067193, 37.70325187936584, 27.49956973728065, 51.66307171246814, 64.84168350232753, 78.80935356898196, 87.99325935258311, 84.0348539888543, 46.42018986749939, 36.03275560398427, 65.93857420063476, 75.27257028564998, 63.699909496216804, 55.25816864353164, 51.919473504718326, 19.045717312226465, 18.7194973626703, 44.25247208437499, 76.36238160664202, 33.05082245962966, 50.96978040205358, 71.6129117579678, 47.89931672473249, 81.14344480669693, 49.14423361484046, 59.51028727464811, 90.021221703108, 48.20593396778145, 53.4636080733657, 105.87774109664541, 44.71689137869719, 100.1175531661607, 23.107173053232742, 76.76703204676079, 81.82514991855544, 17.1820950539052, 55.83875950730931, 49.57869370631041, 68.61293664104157, 84.17152388576696, 74.5711120832797, 42.099673882300046, 73.33108581506114, 68.20899111063581, 86.44116253820314, 98.17384627624924, 27.020881298125982, 38.52857711275566, 59.53089633162964, 4.661028643596059, 62.71549318411, 86.09983508348839, 59.47679543265846], [24.04099621441637, 85.41403034249804, 28.725838611400267, 40.34377436256948, 15.321674244019865, 63.3831375972957, 45.53334216419602, 26.086385965089395, 89.63973559088207, 25.659839719615476, 60.59464670887707, 20.09887516331198, 82.76281934028263, 85.54723118313368, 2.8226447035414806, 12.260957731822742, 80.5991506601099, 85.87011903549917, 0.0, 86.0525147054361, 66.64175421714053, 39.10049810825642, 86.89504547789626, 45.244280462314066, 13.198272304877413, 80.29502580273271, 84.13247458777852, 55.564177718829825, 82.17776375424542, 34.4828006606007, 65.51954685402625, 45.42225014301992, 25.11955631844162, 26.527414934900605, 76.82988831427305, 65.7222939467762, 34.28657780432348, 11.861470532932952, 112.06514840520401, 101.85625036623959, 64.96151888943439, 34.22440594772806, 73.9363647243123, 22.86926538288118, 39.39432006372387, 41.66440263463178, 49.99590496772425, 46.77906276478518, 68.84480880210735, 22.780410713866033, 43.77423628788305, 34.461870600096745, 77.5930319515022, 70.64273255787009, 69.29178900818921, 40.68010475932583, 92.75377934764748, 74.51126529975583, 21.33208236337713, 60.83459750417002, 22.154465595262984, 80.40774266883342, 49.39477986884415, 16.285677394654638, 64.49805342707492, 32.51408117584692, 23.408099089575877, 67.32454748950725, 16.253415645082978, 92.9913666499594, 10.405754253280655, 23.767908534908116, 74.84118875491693, 67.60339418494299, 59.55161656609283, 64.84032489532217, 9.218145643159533, 40.26049202871915, 71.85028724774814, 13.228687832556263, 19.62175408858085, 24.76671293176237, 13.233718089830747, 65.47238646570732, 87.69983087531402, 34.18723880704857, 81.25594528149227, 23.556410847591888, 9.74553039780063, 40.41800271836778], [71.34955567994466, 46.45093134860971, 85.79289345756847, 72.55178457256766, 92.22739591087131, 53.49614370667237, 72.34182092759501, 81.52044188192755, 4.233638997080047, 60.54192644138054, 89.85566747126359, 68.97042614964744, 3.3011499691999444, 43.743971147727976, 86.37099020620587, 92.74733405586895, 75.19353223024363, 2.005510355306489, 86.0525147054361, 0.0, 41.101570334118605, 83.51523530709139, 8.452001793346467, 40.843004334700765, 99.23821801729494, 16.134309434125868, 40.188136425343956, 74.6273315577623, 37.23701055518647, 53.25526036703674, 34.642103942080205, 54.66299899690553, 84.30809462668172, 59.72577341949163, 44.42556720288459, 44.642460933714204, 80.60613352184403, 96.39520701973763, 35.99869575351453, 25.677782001040622, 50.279473421997544, 64.30774818642465, 77.31653997527577, 88.68627835968546, 83.29670664447634, 47.0369880260777, 36.388468016371434, 67.17056319799858, 73.85544766900297, 64.03087073904831, 56.3116593267653, 51.93985437516886, 20.85128566378175, 17.891891569914833, 45.964784570569506, 75.5779314688444, 31.048572291850537, 49.33782227046736, 71.39411249349008, 49.409096021986294, 81.8331235628192, 51.048601895594935, 60.77979913026728, 90.55523337979817, 49.8134675840615, 53.73752760447966, 106.30797590870205, 43.28730782535104, 100.46414713299629, 21.114468831149182, 77.07554199065213, 82.55256741775455, 18.764143939646594, 57.520280465465305, 51.06318959846572, 67.24823009104327, 84.14092419537971, 73.79783679089837, 40.537791929942365, 73.41124465325382, 68.17365249938825, 86.04754509856771, 98.24717500406801, 26.072720078632486, 36.59233643584977, 59.11268856674711, 4.96516853476912, 63.02366189578205, 86.0551678474275, 60.48310200926041], [44.39786596154762, 76.76306964516165, 80.128472969591, 74.71172555879426, 78.52291088291217, 70.85117429589684, 77.28440368714723, 51.03252398536772, 41.92351855274069, 47.1887298814035, 98.21570632885133, 46.54356581641559, 39.230185713952075, 74.73564606983126, 68.22923396166192, 68.19191771454507, 96.4044465145034, 39.4807613356062, 66.64175421714053, 41.101570334118605, 0.0, 83.32115317403554, 48.02837242537047, 32.77613073610661, 78.31422151814813, 25.869864807444614, 71.29113187830849, 84.26993292301253, 67.9794761865654, 34.121335606684525, 7.30845046026866, 22.072131263909917, 54.00549594208262, 46.88429211187778, 10.99921158283864, 3.5455252099066654, 78.57544553938793, 73.4785675869413, 77.08014627120761, 66.5569895097029, 68.99596076776785, 62.9198106226649, 95.01375941087193, 59.205832848912806, 83.28925578366989, 27.581139400886634, 28.72156805495199, 29.967398719640695, 90.05923204733321, 45.01537179874913, 23.961686904150334, 42.6756984131608, 20.969890888313753, 40.73520671739681, 5.9565002890359064, 77.53729768633237, 68.1720237245384, 73.57460547479067, 62.21768419437552, 9.239617360547328, 52.9855855446823, 17.014412897679104, 23.488122563537452, 63.87254617835472, 8.733389796304218, 38.7242803192553, 80.49564102302458, 64.3248050946705, 76.58483782819, 60.50545543876451, 56.23751999077094, 52.936184282739475, 22.34036825166728, 16.58675125016081, 11.139626073579704, 82.98266123164034, 69.25325048114375, 75.77073270559912, 64.778257378312, 57.76246007218723, 55.8207961528959, 78.42610155447503, 79.85858886168707, 45.114496120572575, 70.22283731251153, 56.52079297520427, 37.106893002889976, 44.70505920651545, 71.22990820612252, 28.26158390743967], [54.867213980884934, 61.909006242195154, 11.108561128930527, 11.090402019056208, 28.204498425135885, 38.403505615807504, 13.310251516713118, 62.188318893645906, 87.72522040671862, 37.843090210952816, 21.494762921947792, 47.29438671584463, 80.46233907213156, 63.22699715758694, 36.508108619784274, 51.128530858677976, 