instance_id,num_cities,city_coordinates,distance_matrix,best_route,total_distance
1003,24,"[[62.17583522241268, 84.59282883564599], [39.957594824701715, 13.8851657097515], [59.20884736965499, 10.768815555140176], [60.909944141450524, 2.6685585946067625], [83.68445227501708, 90.38062361158813], [26.90039537921448, 22.21381768234567], [40.35897236907901, 27.223767871777792], [71.1270735291524, 33.63620696885526], [44.345921202845304, 31.68030160917974], [47.205290977845735, 77.15200167147506], [7.633032723022371, 64.20412618247], [32.01388149584105, 79.87793445546907], [18.124187245021684, 79.64433927727954], [78.46938075338242, 55.23289587645252], [87.19513999581892, 14.52011707223816], [27.399440527353068, 37.495134803781994], [34.331843620560996, 28.434851140587327], [6.362359843785281, 45.19098508712748], [68.13325847043001, 23.00252664836666], [50.09071352111519, 6.8436656856894595], [58.1366838247547, 91.2377868644885], [2.0324081894870782, 8.314608281898295], [54.37094956671926, 9.459871285839338], [85.19995689178135, 10.63912805250763]]","[[0.0, 74.11628586954053, 73.88361086031672, 81.93404991061826, 22.273732868201684, 71.6623868468994, 61.37739535559648, 51.73685320252034, 55.8358430708868, 16.717748169702773, 58.22900050977282, 30.52824399830544, 44.32871798770226, 33.57804772970161, 74.40531261423622, 58.54562674620238, 62.68178624706457, 68.3201970476031, 61.8777521834496, 78.68279695749084, 7.7762594618673155, 97.13701017691982, 75.53725935112747, 77.45489034378559], [74.11628586954053, 0.0, 19.501855369059527, 23.76579931469968, 88.1112543441067, 15.487314197104316, 13.344639806676792, 36.90040695610312, 18.328236960499787, 63.68062210858132, 59.80698201815848, 66.46915155300898, 69.28900774888255, 56.504800197459744, 47.2418123808355, 26.742061999350227, 15.59943661633865, 45.920519817526895, 29.614089423147902, 12.339482043605804, 79.46009864315619, 38.332113056455334, 15.077401157279983, 45.35866053887584], [73.88361086031672, 19.501855369059527, 0.0, 8.276949501699475, 83.28922629908442, 34.27570777840098, 25.02165548640131, 25.78685139478992, 25.65534687405975, 67.45971216220316, 74.26571940204332, 74.2673312032801, 80.19842308646483, 48.45639880393294, 28.236586869334246, 41.54677489576545, 30.5115409122306, 63.068510360644936, 15.142945572383503, 9.927092544019935, 80.47611371240373, 57.22908640423569, 5.011844994788431, 25.99143307013884], [81.93404991061826, 23.76579931469968, 8.276949501699475, 0.0, 90.62055269236144, 39.22584046031075, 32.02031766604568, 32.60958415490969, 33.40730591733287, 75.73374948409581, 81.39444310668588, 82.43949391670776, 88.06754115397595, 55.419701984114766, 28.83350411329192, 48.33057275600951, 37.017526374186076, 69.16354319670677, 21.57884442472693, 11.596864681370162, 88.61263549351513, 59.147629849775996, 9.427639053255142, 25.564324690757164], [22.273732868201684, 88.1112543441067, 83.28922629908442, 90.62055269236144, 0.0, 88.71945980528032, 76.58906995139095, 58.1172657743906, 70.66291693740541, 38.803680848335574, 80.4302644129071, 52.72716912708192, 66.43354688792671, 35.532516599855214, 75.94169724650449, 77.23261923484964, 79.20201202007999, 89.55897167741136, 69.14945827071318, 90.03867292990704, 25.562143916939846, 115.76652009729852, 86.06654168720016, 79.75589550774468], [71.6623868468994, 15.487314197104316, 34.27570777840098, 39.22584046031075, 88.71945980528032, 0.0, 14.360811101490821, 45.67789440408528, 19.848442991831316, 58.57040929765429, 46.19975402164865, 57.890397334008206, 58.09721714403228, 61.23413898561561, 60.78362655731821, 15.289463660501097, 9.691629390993775, 30.81819471678898, 41.24040567855759, 27.821438279191895, 75.7628803406417, 28.488678607930044, 30.286870027350027, 59.43746556326783], [61.37739535559648, 13.344639806676792, 25.02165548640131, 32.02031766604568, 76.58906995139095, 14.360811101490821, 0.0, 31.429212910447454, 5.979670054080924, 50.395442342040994, 49.38151502844485, 53.31136652071218, 56.94121509058538, 47.29603026471289, 48.528438482983596, 16.53633708559964, 6.147601453835694, 38.45244540544225, 28.093234877919, 22.584405039000625, 66.43674925973116, 42.73735881179265, 22.625019931551577, 47.80966608229085], [51.73685320252034, 36.90040695610312, 25.78685139478992, 32.60958415490969, 58.1172657743906, 45.67789440408528, 31.429212910447454, 0.0, 26.85248006611068, 49.65758823213783, 70.46907763651078, 60.56516450882426, 70.18585465005015, 22.810665206138, 24.972137531912637, 43.89757637928571, 37.16104205318193, 65.78739268362959, 11.047084944191363, 34.06418516268797, 59.04821954254964, 73.58842394333263, 29.415351388387236, 26.96129976137797], [55.8358430708868, 18.328236960499787, 25.65534687405975, 33.40730591733287, 70.66291693740541, 19.848442991831316, 5.979670054080924, 26.85248006611068, 0.0, 45.56151338647055, 49.047276635977205, 49.75028658531364, 54.663774487148046, 41.46245516628162, 46.157637336739974, 17.91634707092604, 10.526856062856368, 40.314879406476805, 25.320766034074452, 25.492373816027033, 61.133290305938665, 48.33620804527596, 24.377217180205434, 45.95414254139509], [16.717748169702773, 63.68062210858132, 67.45971216220316, 75.73374948409581, 38.803680848335574, 58.57040929765429, 50.395442342040994, 49.65758823213783, 45.56151338647055, 0.0, 41.6366557622633, 15.434041324060113, 29.187708732625453, 38.1823324110276, 74.30976377928017, 44.32763023024367, 50.38934810761057, 51.86185115021007, 58.05295400450269, 70.36751929934238, 17.82988205449405, 82.33575206483594, 68.07033993714299, 76.59998038488204], [58.22900050977282, 59.80698201815848, 74.26571940204332, 81.39444310668588, 80.4302644129071, 46.19975402164865, 49.38151502844485, 70.46907763651078, 49.047276635977205, 41.6366557622633, 0.0, 28.98437600952948, 18.667203958214913, 71.40217906676169, 93.80101105507119, 33.22771581005736, 44.634824300812234, 19.055554147739485, 73.19733000359994, 71.36439649541963, 57.28383353509105, 56.16943302476858, 71.98170819781646, 94.26471635593501], [30.52824399830544, 66.46915155300898, 74.2673312032801, 82.43949391670776, 52.72716912708192, 57.890397334008206, 53.31136652071218, 60.56516450882426, 49.75028658531364, 15.434041324060113, 28.98437600952948, 0.0, 13.891658399504283, 52.587939090904115, 85.53721752980476, 42.63325898599246, 51.495279097733814, 43.14145360958273, 67.37522843194428, 75.23813043136029, 28.485909644422463, 77.58993745740807, 73.8819471406097, 87.30848142150579], [44.32871798770226, 69.28900774888255, 80.19842308646483, 88.06754115397595, 66.43354688792671, 58.09721714403228, 56.94121509058538, 70.18585465005015, 54.663774487148046, 29.187708732625453, 18.667203958214913, 13.891658399504283, 0.0, 65.09578287779696, 94.9313479927177, 43.15768484522896, 53.71312502926618, 36.40568909893815, 75.55926245482308, 79.5097281944129, 41.65822739268327, 73.12233500816009, 78.991691500101, 96.23345598013486], [33.57804772970161, 56.504800197459744, 48.45639880393294, 55.419701984114766, 35.532516599855214, 61.23413898561561, 47.29603026471289, 22.810665206138, 41.46245516628162, 38.1823324110276, 71.40217906676169, 52.587939090904115, 65.09578287779696, 0.0, 41.63735381022492, 54.0626207518777, 51.63581495257553, 72.80290129354627, 33.847187836316465, 56.09693710296858, 41.349374111971535, 89.68799521418121, 51.729142326460604, 45.098833509201626], [74.40531261423622, 47.2418123808355, 28.236586869334246, 28.83350411329192, 75.94169724650449, 60.78362655731821, 48.528438482983596, 24.972137531912637, 46.157637336739974, 74.30976377928017, 93.80101105507119, 85.53721752980476, 94.9313479927177, 41.63735381022492, 0.0, 64.05760778149495, 54.66395455737935, 86.45600321489401, 20.86400248047243, 37.890188306562166, 82.03654510886243, 85.38851929893264, 33.211949125948095, 4.363809275152376], [58.54562674620238, 26.742061999350227, 41.54677489576545, 48.33057275600951, 77.23261923484964, 15.289463660501097, 16.53633708559964, 43.89757637928571, 17.91634707092604, 44.32763023024367, 33.22771581005736, 42.63325898599246, 43.15768484522896, 54.0626207518777, 64.05760778149495, 0.0, 11.408196733238388, 22.400555244694488, 43.23516642001217, 38.13668088828416, 61.911636838657586, 38.665093530530825, 38.9029343415262, 63.734957367358746], [62.68178624706457, 15.59943661633865, 30.5115409122306, 37.017526374186076, 79.20201202007999, 9.691629390993775, 6.147601453835694, 37.16104205318193, 10.526856062856368, 50.38934810761057, 44.634824300812234, 51.495279097733814, 53.71312502926618, 51.63581495257553, 54.66395455737935, 11.408196733238388, 0.0, 32.60460163188189, 34.23515437736079, 26.730530669823715, 67.1630787910118, 38.053616146941145, 27.597384434207665, 53.891119008620684], [68.3201970476031, 45.920519817526895, 63.068510360644936, 69.16354319670677, 89.55897167741136, 30.81819471678898, 38.45244540544225, 65.78739268362959, 40.314879406476805, 51.86185115021007, 19.055554147739485, 43.14145360958273, 36.40568909893815, 72.80290129354627, 86.45600321489401, 22.400555244694488, 32.60460163188189, 0.0, 65.63514001685252, 58.16086158754491, 69.2884447625285, 37.12971380996365, 59.845945398711905, 86.07669564314726], [61.8777521834496, 29.614089423147902, 15.142945572383503, 21.57884442472693, 69.14945827071318, 41.24040567855759, 28.093234877919, 11.047084944191363, 25.320766034074452, 58.05295400450269, 73.19733000359994, 67.37522843194428, 75.55926245482308, 33.847187836316465, 20.86400248047243, 43.23516642001217, 34.23515437736079, 65.63514001685252, 0.0, 24.220698087775645, 68.96362984507427, 67.7130515765142, 19.308150108939646, 21.074292867032234], [78.68279695749084, 12.339482043605804, 9.927092544019935, 11.596864681370162, 90.03867292990704, 27.821438279191895, 22.584405039000625, 34.06418516268797, 25.492373816027033, 70.36751929934238, 71.36439649541963, 75.23813043136029, 79.5097281944129, 56.09693710296858, 37.890188306562166, 38.13668088828416, 26.730530669823715, 58.16086158754491, 24.220698087775645, 0.0, 84.7767971066899, 48.08081096933928, 5.016468114953383, 35.31380048421012], [7.7762594618673155, 79.46009864315619, 80.47611371240373, 88.61263549351513, 25.562143916939846, 75.7628803406417, 66.43674925973116, 59.04821954254964, 61.133290305938665, 17.82988205449405, 57.28383353509105, 28.485909644422463, 41.65822739268327, 41.349374111971535, 82.03654510886243, 61.911636838657586, 67.1630787910118, 69.2884447625285, 68.96362984507427, 84.7767971066899, 0.0, 100.11964487950519, 81.8645725017288, 85.02096536378866], [97.13701017691982, 38.332113056455334, 57.22908640423569, 59.147629849775996, 115.76652009729852, 28.488678607930044, 42.73735881179265, 73.58842394333263, 48.33620804527596, 82.33575206483594, 56.16943302476858, 77.58993745740807, 73.12233500816009, 89.68799521418121, 85.38851929893264, 38.665093530530825, 38.053616146941145, 37.12971380996365, 67.7130515765142, 48.08081096933928, 100.11964487950519, 0.0, 52.351070102190285, 83.20002733961357], [75.53725935112747, 15.077401157279983, 5.011844994788431, 9.427639053255142, 86.06654168720016, 30.286870027350027, 22.625019931551577, 29.415351388387236, 24.377217180205434, 68.07033993714299, 71.98170819781646, 73.8819471406097, 78.991691500101, 51.729142326460604, 33.211949125948095, 38.9029343415262, 27.597384434207665, 59.845945398711905, 19.308150108939646, 5.016468114953383, 81.8645725017288, 52.351070102190285, 0.0, 30.851553269980833], [77.45489034378559, 45.35866053887584, 25.99143307013884, 25.564324690757164, 79.75589550774468, 59.43746556326783, 47.80966608229085, 26.96129976137797, 45.95414254139509, 76.59998038488204, 94.26471635593501, 87.30848142150579, 96.23345598013486, 45.098833509201626, 4.363809275152376, 63.734957367358746, 53.891119008620684, 86.07669564314726, 21.074292867032234, 35.31380048421012, 85.02096536378866, 83.20002733961357, 30.851553269980833, 0.0]]",Route_3,1266.4151464343204
