instance_id,num_cities,city_coordinates,distance_matrix,best_route,total_distance
2625,53,"[[32.39445955445015, 13.068475525774137], [87.02983395697407, 38.2046811353798], [79.9237134852946, 33.90684579671458], [88.3662896353485, 55.65171401562752], [88.6194832224689, 97.26549909311346], [30.11559465424768, 21.558806041313915], [26.277696904974967, 31.32960559170708], [94.64916992996719, 86.13775751988595], [72.2151824311365, 77.78149968617987], [97.19519945075751, 47.6718948522502], [2.4891695434717365, 14.260639393434161], [25.748484742252288, 11.876388082838618], [31.52876464299853, 10.344728646243006], [79.53494118310607, 38.88099711914067], [61.20149675050843, 29.678246174690482], [21.866037814768944, 56.667521436313116], [74.15412029717842, 79.09279500929571], [81.84618312593504, 41.340055731690875], [46.046240063118624, 57.85980826223959], [34.91398867118941, 57.050571964765105], [47.93112482261026, 79.15597768030642], [11.464835476810997, 69.98055362916175], [16.54162510730265, 87.73049853788879], [39.3963367386189, 16.684891685366164], [50.79707260063472, 16.426702576066365], [88.31656428669491, 73.09329427726229], [99.7750758943772, 71.69331044233047], [56.43422356901825, 42.80206286136013], [73.66075309919373, 42.001118068834344], [65.26772761505532, 69.64104146387388], [22.939821026613604, 46.31883397580284], [20.76621285674548, 0.15997006653467594], [72.11792585658661, 56.33121469463206], [6.234022560759723, 47.084021728647365], [35.598644205949434, 85.66633959929388], [57.75390523953833, 22.78719381948968], [32.44574746639722, 22.481324468661747], [5.25549990220433, 30.793045678016263], [50.77983273403712, 48.52834835971891], [37.869111646809536, 7.764565381198107], [96.45713112773514, 77.5049288290683], [73.1643384589827, 71.72200804065598], [69.89386995038896, 2.7126617239853767], [33.84859973066886, 93.18839905642716], [39.58181393552436, 61.56199053686685], [5.208945893270767, 50.6345595599525], [44.592811530254764, 45.79782994954189], [56.3426177088519, 58.230125934738076], [71.17269403294353, 88.31350646528585], [47.25385412120713, 78.61804690269805], [22.45005375736161, 55.23840609255768], [77.10869611206851, 93.15472283007695], [55.68182485391516, 58.79641068452444]]","[[0.0, 60.14027742330706, 51.89670177161076, 70.3290691171772, 101.24421990448819, 8.790843958146498, 19.258339923132905, 95.99358798937845, 75.98332360726995, 73.46109528310082, 29.92904317428273, 6.7520407045554, 2.8580106268992074, 53.744872119948894, 33.25251679233752, 44.85225154479848, 78.1222121333612, 56.96275284367968, 46.82557633778384, 44.05420336515913, 67.88921791183164, 60.63855042856305, 76.32647011535516, 7.880656694815555, 18.706519073545376, 82.03816589754526, 89.3141574854845, 38.23606242435331, 50.398460169388535, 65.4301686518157, 34.56843251794108, 17.37370525978539, 58.73345192860372, 42.911838077395956, 72.6685397356941, 27.157963302271735, 9.412988668405603, 32.41424868924127, 39.942765657277796, 7.622550646214921, 90.86298698267731, 71.43122498154816, 38.90306748240249, 80.13311843557432, 49.02325020977516, 46.37092648077156, 34.92864772535894, 51.11838169044195, 84.64966716034439, 67.21270649653242, 43.326599805021786, 91.7233337718195, 51.31613232184981], [60.14027742330706, 0.0, 8.304717740917011, 17.498144761794155, 59.08220715768702, 59.29853112055347, 61.139911842560664, 48.53487501119425, 42.258708764406826, 13.891104750274618, 87.86604050722018, 66.69769693652977, 62.101092161826564, 7.5253452413606405, 27.199321608999046, 67.72884761784033, 42.86749186056216, 6.058119328415748, 45.45304160151975, 55.418669516733736, 56.61905814020667, 81.9742341717697, 86.14751404551126, 52.26902902507343, 42.27402684433261, 34.912333091693526, 35.83196177857549, 30.939090060083668, 13.897670897368618, 38.233938106607546, 64.60161943582776, 76.40855659954956, 23.47203063369464, 81.2822602327463, 69.98411465004847, 33.08744350057906, 56.803577729572645, 82.10952472310336, 37.69138752582378, 57.821944495019274, 40.41513826193235, 36.2720714638683, 39.412240539377855, 76.49479008569435, 52.88552265443434, 82.75964959557722, 43.11098214329951, 36.64319419034262, 52.55799903452678, 56.70422122327746, 66.78844059077171, 55.83848187752397, 37.506226157140645], [51.89670177161076, 8.304717740917011, 0.0, 23.326302448252463, 63.95260244005113, 51.3159116384835, 53.70788826615915, 54.26699924390209, 44.54668006634492, 22.085760185161945, 79.88793414226201, 58.483300834031546, 53.826057240531746, 4.989321124295593, 19.19381291530397, 62.35977918366101, 45.55280684873675, 7.677792616150461, 41.49009058010225, 50.611336563888365, 55.416691218065395, 77.3817186095088, 83.15211796195027, 44.03480406883152, 33.96934818683329, 40.07515051865914, 42.68364440756105, 25.117345065790882, 10.234349828546788, 38.622929223551644, 58.319991857855634, 68.10625156448558, 23.744107500059457, 74.85859011559451, 68.14511695872268, 24.802158328423847, 48.833388116219865, 74.7331109406613, 32.60604426242868, 49.51775803807163, 46.627746493213394, 38.41452389763461, 32.76697851950956, 75.08141357477123, 48.91089745529644, 76.56443628784159, 37.27825287053335, 33.877574214966046, 55.10594402204256, 55.375185915795825, 61.30462484329723, 59.31471365329174, 34.74420246200366], [70.3290691171772, 17.498144761794155, 23.326302448252463, 0.0, 41.61455533185175, 67.49422078908874, 66.68251873934527, 31.126731812704747, 27.396818752302845, 11.900721087767314, 95.33153105691004, 76.40201993502373, 72.68581134250087, 18.95388247053975, 37.5838662747787, 66.50800972000602, 27.412953789194876, 15.726898986458458, 42.37761527030414, 53.47060203443484, 46.770214494398566, 78.22499150762518, 78.662766611606, 62.58170283098783, 54.314340565223944, 17.441651144124695, 19.684847467567813, 34.42049357651405, 20.06468476001527, 27.004533875991807, 66.08876942754745, 87.4591563358846, 16.262565808006705, 82.57793074384921, 60.70668952504706, 44.9131914488293, 65.01831879683536, 86.74881417971231, 38.25551046139517, 69.59270068866503, 23.30289067341889, 22.121339688623625, 56.069363707416024, 66.1904920392272, 49.14118881207744, 83.3085569258655, 44.868880269123906, 32.127305702167085, 36.910871240917594, 47.09230085888956, 65.91753162673551, 39.15621383729621, 32.835397899037666], [101.24421990448819, 59.08220715768702, 63.95260244005113, 41.61455533185175, 0.0, 95.67762721996318, 90.74161323827606, 12.656372083307183, 25.470125978131666, 50.32959855221879, 119.6170458931581, 106.03802492042391, 103.99312709500485, 59.08704574450971, 72.93684075441904, 78.12949675776005, 23.22700794933292, 56.334117631941226, 58.01111533976555, 67.09337157227888, 44.5364712912492, 81.83708155675748, 72.70580352391528, 94.42538027443709, 89.24934603441743, 24.174102786682884, 27.89953548453394, 63.262602105274645, 57.25308216068094, 36.17202163631479, 83.12268470602389, 118.4632857338327, 44.13521309244198, 96.46525176934155, 54.274762744564235, 80.62072848003463, 93.53160622513361, 106.62148366086271, 61.70209891645742, 102.88837325165638, 21.258148128357508, 29.85517433891972, 96.38925068164127, 54.92242186194525, 60.65833440114985, 95.56025460038745, 67.72937905640475, 50.65132184847432, 19.609401445031903, 45.37447238411686, 78.38794513070982, 12.222794336227052, 50.643460602444975], [8.790843958146498, 59.29853112055347, 51.3159116384835, 67.49422078908874, 95.67762721996318, 0.0, 10.497522707183625, 91.29634884232073, 70.2379282985227, 71.98310070359426, 28.57415966956047, 10.621716740059176, 11.302768742204117, 52.3672618634594, 32.12878175744911, 36.06490100824962, 72.45378959979195, 55.383676502559055, 39.64275754014637, 35.81466226989825, 60.28952890835522, 51.88946383762301, 67.54957836376667, 10.482710278631792, 21.308730981100197, 77.73774079491986, 85.82489066803116, 33.82227355273204, 48.10477050174922, 59.5615128663198, 25.778881094254665, 23.352111704746783, 54.52812329417114, 34.955201637830044, 64.34158601770665, 27.665595033227834, 2.506122977183031, 26.519718941734997, 33.975976046060225, 15.823972356622013, 86.78230301533577, 66.10250508106714, 44.01690971848409, 71.72680058674962, 41.107956374240516, 38.28499177457528, 28.233315223306523, 45.08483604309311, 78.37011827275971, 59.577486563586035, 34.540931904822315, 85.64068475583625, 45.16936269404787], [19.258339923132905, 61.139911842560664, 53.70788826615915, 66.68251873934527, 90.74161323827606, 10.497522707183625, 0.0, 87.62757466339905, 65.33016945814863, 72.7761127404201, 29.27872335172371, 19.460414614301516, 21.63189249246541, 53.78993941343608, 34.96282001748504, 25.719111867957942, 67.62746616700922, 56.46295929982887, 33.08544925393819, 27.13215152978409, 52.49983626394831, 41.39222931763894, 57.2350576061218, 19.661290814273723, 28.69314034396555, 74.78654129340792, 83.85161529499632, 32.2650488337329, 48.569900070454906, 54.66249732092523, 15.356379225908972, 31.653161535397658, 52.215007881562514, 25.494126951767477, 55.13039743370968, 32.614789436802354, 10.785959695859324, 21.029043329744663, 29.935788163768976, 26.261607259269653, 84.00781787370454, 61.8862127764485, 52.16608119703676, 62.32037306135928, 33.030238107450536, 28.575750504741976, 23.34037145817912, 40.34274975344661, 72.54464643162966, 51.73196162125622, 24.213252434461285, 80.0383383256407, 40.23714853769416], [95.99358798937845, 48.53487501119425, 54.26699924390209, 31.126731812704747, 12.656372083307183, 91.29634884232073, 87.62757466339905, 0.0, 23.939733500627483, 38.550030571792675, 116.87508623056817, 101.30180358711401, 98.6345212865762, 49.61493035554811, 65.62334388354604, 78.52311210923774, 21.67206857284502, 46.59131417558725, 56.23066072757658, 66.44062193821688, 47.23686048396311, 84.7389446239507, 78.12378243643211, 88.75007689179071, 82.35677034440752, 14.500341910498653, 15.327001119993277, 57.77858216421711, 48.87286141709343, 33.695857210303764, 82.02302964626725, 113.36168347928312, 37.36424701085172, 96.65625982609994, 59.05240742881477, 73.31135299348098, 89.00228780759711, 105.13926654629152, 57.78396320249304, 96.77981331169461, 8.820116490026583, 25.87299395865358, 87.02052335876918, 61.20801322242541, 60.302421336314104, 96.22905351876153, 64.28801422210104, 47.394386205133785, 23.577082177761984, 47.988144456504564, 78.53331964672658, 18.891956593238632, 47.60255485840702], [75.98332360726995, 42.258708764406826, 44.54668006634492, 27.396818752302845, 25.470125978131666, 70.2379282985227, 65.33016945814863, 23.939733500627483, 0.0, 39.12274982099235, 94.32187744919686, 80.63893432802188, 78.75977831814777, 39.58317784305927, 49.34799155651917, 54.5970369263364, 2.340721143749656, 37.6926386960554, 32.88901539802213, 42.674939017034795, 24.322924242174487, 61.249158479569594, 56.5555263722434, 69.35324175404041, 64.98574118323673, 16.770025868039376, 28.224347219627614, 38.37446629191635, 35.80957111219325, 10.70206468353648, 58.463326754036835, 93.1241017715611, 21.4505054732963, 72.77258144928906, 37.455861651442774, 56.86389202095925, 68.11547061059501, 81.80167415433922, 36.26597688144858, 77.98733017477987, 24.243526312142052, 6.133378854055129, 75.10471972271442, 41.3444943894196, 36.44186077048014, 72.29655657903346, 42.260507616546796, 25.183219143542406, 10.583475273061365, 24.97534228477251, 54.63294885587068, 16.133272017093173, 25.175097163209525], [73.46109528310082, 13.891104750274618, 22.085760185161945, 11.900721087767314, 50.32959855221879, 71.98310070359426, 72.7761127404201, 38.550030571792675, 39.12274982099235, 0.0, 100.4268096283755, 79.91214768430096, 75.53408500360976, 19.727255385231402, 40.24075082308187, 75.86437827083796, 38.963627850092706, 16.6037492389012, 52.15371152744332, 62.98340099224399, 58.46534461107338, 88.5853913663535, 90.05382159363509, 65.58126939973889, 55.93789605961046, 26.927267055951557, 24.159556482181028, 41.05085161663795, 24.20801260743976, 38.75573326183589, 74.26770495072667, 89.99318301199908, 26.53023692034373, 90.9630765531978, 72.37204881487638, 46.63543753998481, 69.47702043500068, 93.47622105393846, 46.42326765812689, 71.4995079677675, 29.842162473779155, 33.99838561433666, 52.59938436872963, 78.00348614687677, 59.264128683839466, 92.03395148374598, 52.6357609824216, 42.194901096818484, 48.25879591043474, 58.75204081608436, 75.12715153043325, 49.7207728945935, 42.978077236194224], [29.92904317428273, 87.86604050722018, 79.88793414226201, 95.33153105691004, 119.6170458931581, 28.57415966956047, 29.27872335172371, 116.87508623056817, 94.32187744919686, 100.4268096283755, 0.0, 23.3811975276781, 29.30243062485479, 80.88394736960134, 60.702882673952004, 46.624099654597664, 96.63888228001447, 83.85004707182884, 61.62877508359309, 53.6874959829964, 79.2235838053216, 56.43820887823908, 74.8016825350837, 36.98670017108155, 48.356440393099774, 104.05586465494714, 112.97371056280254, 61.03017046833973, 76.38670344352772, 83.71461214764574, 38.0257410968668, 23.084176133053752, 81.35168720982311, 33.03631868178834, 78.70839430654374, 55.91862965002436, 31.064066442730518, 16.76225048172635, 59.21371487402744, 35.97136751373213, 113.26878630284632, 91.086708075591, 68.38676352336289, 84.92941249699585, 60.110582163123276, 36.47546095216859, 52.605237920985104, 69.52344659183112, 101.00125572416022, 78.39485242449021, 45.58085411933517, 108.59258789912633, 69.37502074571182], [6.7520407045554, 66.69769693652977, 58.483300834031546, 76.40201993502373, 106.03802492042391, 10.621716740059176, 19.460414614301516, 101.30180358711401, 80.63893432802188, 79.91214768430096, 23.3811975276781, 0.0, 5.979767249708252, 60.18497990086387, 39.67142815654594, 44.959081632451756, 82.83206452563765, 63.36449696216854, 50.26404084891204, 46.09461304392813, 70.8421675087543, 59.83407632923454, 76.41081296036981, 14.470161402356522, 25.458537186695985, 87.53441712775934, 95.173527822422, 43.56617871527607, 56.595802104367436, 69.98946876116965, 34.55677460292429, 12.731751029370752, 64.23672375160751, 40.25408924780671, 74.4444933239597, 33.81408912023264, 12.542647397721765, 27.88910830822003, 44.38394500744432, 12.799089127324775, 96.47185099367996, 76.35287428657735, 45.086460450502365, 81.71447234972857, 51.57538257530592, 43.864205365858226, 38.804289330036156, 55.53980540855895, 88.91564460935305, 70.12082382681916, 43.48728840520282, 96.14592560912985, 55.65512888479546], [2.8580106268992074, 62.101092161826564, 53.826057240531746, 72.68581134250087, 103.99312709500485, 11.302768742204117, 21.63189249246541, 98.6345212865762, 78.75977831814777, 75.53408500360976, 29.30243062485479, 5.979767249708252, 0.0, 55.84721662139721, 35.41547586503441, 47.31986286570111, 80.89015745629393, 59.097824866240714, 49.68339645684748, 46.82836257884078, 70.73913636092546, 62.92052824777543, 78.82367495356436, 10.10427424620134, 20.20539775489107, 84.6299986832266, 91.76713729768021, 40.91161728247207, 52.699444423520426, 68.22294581880904, 36.985216055982484, 14.817618846451719, 61.33707612122805, 44.60492835104421, 75.43148544354459, 29.027106967380266, 12.171187931141326, 33.29291380416812, 42.76204435090949, 6.845235029056514, 93.41405281312569, 74.16664636375369, 39.11687296746733, 82.87614470922986, 51.84649957789436, 48.12487230189627, 37.7834846605551, 53.93272269643701, 87.46868840945434, 70.06086229018926, 45.80245916977302, 94.52526270501303, 54.138117901261474], [53.744872119948894, 7.5253452413606405, 4.989321124295593, 18.95388247053975, 59.08704574450971, 52.3672618634594, 53.78993941343608, 49.61493035554811, 39.58317784305927, 19.727255385231402, 80.88394736960134, 60.18497990086387, 55.84721662139721, 0.0, 20.51355185502316, 60.349505905118825, 40.57020979690779, 3.3747308897524197, 38.492705479210784, 48.178448015076924, 51.19448473957152, 74.83796968107953, 79.71468910487168, 45.866923410865915, 36.469993612427885, 35.321355879539816, 38.552703650322385, 23.431131232627976, 6.651408902322508, 33.90772347248226, 57.08177504803212, 70.37813129876513, 18.961070902926686, 73.75848618039835, 64.18151184765073, 27.081802588137432, 49.86322721136889, 74.71847399082047, 30.330309063324805, 52.00263142428237, 42.16833661949755, 33.4531998083247, 37.43125351588922, 70.96855430743021, 45.94213577182056, 75.2495834265857, 35.62014880766764, 30.20385164274621, 50.13481981275222, 51.196696254727385, 59.38222967128753, 54.32792990433815, 31.074022206566465], [33.25251679233752, 27.199321608999046, 19.19381291530397, 37.5838662747787, 72.93684075441904, 32.12878175744911, 34.96282001748504, 65.62334388354604, 49.34799155651917, 40.24075082308187, 60.702882673952004, 39.67142815654594, 35.41547586503441, 20.51355185502316, 0.0, 47.70429025604388, 51.083931850135954, 23.710775560564667, 31.998160055775998, 37.95098549679899, 51.22644518260629, 64.01571260877476, 73.24321224269235, 25.38291283579075, 16.848010257496615, 51.18684683823157, 57.03671303101385, 13.962859951036684, 17.523876297261847, 40.169132935239865, 41.723674233784976, 50.063367924726435, 28.80189499586837, 57.657473422232215, 61.56437820477478, 7.705354617967409, 29.642685420409702, 55.95710268842615, 21.53920688554308, 32.00952359136866, 59.416759664788636, 43.712555331209195, 28.331962456104417, 69.14998549847652, 38.522510816055735, 59.78572423414857, 23.144965020926808, 28.962364257319614, 59.47704199597615, 50.88851373553558, 46.421935645533495, 65.43930073060255, 29.636704983310736], [44.85225154479848, 67.72884761784033, 62.35977918366101, 66.50800972000602, 78.12949675776005, 36.06490100824962, 25.719111867957942, 78.52311210923774, 54.5970369263364, 75.86437827083796, 46.624099654597664, 44.959081632451756, 47.31986286570111, 60.349505905118825, 47.70429025604388, 0.0, 56.89408110261004, 61.90758464416918, 24.209579274460197, 13.053572279606485, 34.42556353880557, 16.89443210773792, 31.515994623245565, 43.65686729669049, 49.56135870135287, 68.45055501468632, 79.3447701473966, 37.245273630811496, 53.83117980438678, 45.29921521865255, 10.404246370658573, 56.518253482803594, 50.25301338220304, 18.335849245355572, 32.08607070279429, 49.35398289622745, 35.78583964955709, 30.74733265685721, 30.037537765340456, 51.454810105589274, 77.44694150497668, 53.46169858790945, 72.23433772261127, 38.43639280957205, 18.37946003932115, 17.715962866377332, 25.192388464226333, 34.51197319788573, 58.588520342053535, 33.56138830650279, 1.5438410821582678, 66.20473669837591, 33.88273339782431], [78.1222121333612, 42.86749186056216, 45.55280684873675, 27.412953789194876, 23.22700794933292, 72.45378959979195, 67.62746616700922, 21.67206857284502, 2.340721143749656, 38.963627850092706, 96.63888228001447, 82.83206452563765, 80.89015745629393, 40.57020979690779, 51.083931850135954, 56.89408110261004, 0.0, 38.52839412075653, 35.22630632713158, 45.00719416681937, 26.223071591808967, 63.34808106216774, 58.25641187243966, 71.43423489610991, 66.87743130495267, 15.380794153419432, 26.6680658760696, 40.385789331024185, 37.09495800573982, 12.973188504923735, 60.80326448143953, 95.29249453295256, 22.852475275575312, 75.08462721127817, 39.11184251729934, 58.645441248935384, 70.31676159326818, 84.1420565341445, 38.477821119175246, 80.02698416556734, 22.35946356946517, 7.4369461894174975, 76.49885289139368, 42.69919251684783, 38.76304261296574, 74.58758769711955, 44.524439068264805, 27.431744118237653, 9.690738997811131, 26.90445513484381, 56.941569765372634, 14.368971162988489, 27.443923108805453], [56.96275284367968, 6.058119328415748, 7.677792616150461, 15.726898986458458, 56.334117631941226, 55.383676502559055, 56.46295929982887, 46.59131417558725, 37.6926386960554, 16.6037492389012, 83.85004707182884, 63.36449696216854, 59.097824866240714, 3.3747308897524197, 23.710775560564667, 61.90758464416918, 38.52839412075653, 0.0, 39.42763176975594, 49.49193062154421, 50.796408657913034, 75.9856053257582, 80.10467203455767, 49.09039185480108, 39.8085723163891, 32.40577094434691, 35.25287601645094, 25.453981090775926, 8.21208062163712, 32.79925274361359, 59.11639136974124, 73.66520361388193, 17.871033449434382, 75.83002024731395, 64.0597712895301, 30.408001231395758, 52.8777343331131, 77.31346698829498, 31.887139689510228, 55.32898307538416, 39.00484389996607, 31.598060904513094, 40.43430917021898, 70.65421938784165, 46.85299937387278, 77.1987948874154, 37.519134401304825, 30.5893170967791, 48.17082564415607, 50.85546039234164, 61.000527265932035, 52.03079386020481, 31.45310750984602], [46.82557633778384, 45.45304160151975, 41.49009058010225, 42.37761527030414, 58.01111533976555, 39.64275754014637, 33.08544925393819, 56.23066072757658, 32.88901539802213, 52.15371152744332, 61.62877508359309, 50.26404084891204, 49.68339645684748, 38.492705479210784, 31.998160055775998, 24.209579274460197, 35.22630632713158, 39.42763176975594, 0.0, 11.161625528490918, 21.379420535635873, 36.64404469230523, 41.98547893301592, 41.70845201320326, 41.70458795625634, 44.93149681611055, 55.48111013983871, 18.293329327286198, 31.844299095285006, 22.54468982843959, 25.82829239749999, 62.99484981619921, 26.116458381799234, 41.244760126259436, 29.704468421322087, 36.97509577719766, 37.90264521647432, 48.95400003744268, 10.463414523305694, 50.758238626328904, 54.10349988691923, 30.455735803038696, 60.08258668326384, 37.37501514625726, 7.449493858893212, 41.471542217821984, 12.149229412441448, 10.30303488308763, 39.48121608233405, 20.79333554693705, 23.741351214941577, 47.01709444599784, 9.680997797647686], [44.05420336515913, 55.418669516733736, 50.611336563888365, 53.47060203443484, 67.09337157227888, 35.81466226989825, 27.13215152978409, 66.44062193821688, 42.674939017034795, 62.98340099224399, 53.6874959829964, 46.09461304392813, 46.82836257884078, 48.178448015076924, 37.95098549679899, 13.053572279606485, 45.00719416681937, 49.49193062154421, 11.161625528490918, 0.0, 25.653358365588595, 26.777737234035676, 35.76033609260258, 40.613785696684886, 43.61847222473362, 55.76023692171401, 66.49338633199805, 25.809698210702596, 41.56678741742025, 32.86136622358161, 16.079517749116167, 58.62337541321469, 37.21089110700083, 30.362354646905334, 28.623956933216306, 41.178160118869776, 34.6572515801799, 39.61166043931156, 18.00981129831755, 49.37451971165338, 64.85321193402027, 40.96755173814382, 64.62352964394572, 36.15352818884275, 6.491647728509936, 30.39004412001874, 14.842635035543246, 21.461069171917575, 47.87551344992916, 24.848103640376802, 12.594983869959059, 55.532900570081665, 20.841088564370718], [67.88921791183164, 56.61905814020667, 55.416691218065395, 46.770214494398566, 44.5364712912492, 60.28952890835522, 52.49983626394831, 47.23686048396311, 24.322924242174487, 58.46534461107338, 79.2235838053216, 70.8421675087543, 70.73913636092546, 51.19448473957152, 51.22644518260629, 34.42556353880557, 26.223071591808967, 50.796408657913034, 21.379420535635873, 25.653358365588595, 0.0, 37.60290766908693, 32.53956207932755, 63.051401197958015, 62.79471006199324, 40.83797069827042, 52.37830338066062, 37.33510159292952, 45.193996990743834, 19.77604125162045, 41.26552158999103, 83.53622963138969, 33.25614453915802, 52.604740238883224, 13.945425431894037, 57.2182384303, 58.752133821032416, 64.4994740614628, 30.7598246835696, 72.09700312226065, 48.55408582430725, 26.30549324802819, 79.53579526191773, 19.88030086900521, 19.47458281691107, 51.367848544265044, 33.52477226865871, 22.553147980998116, 24.980609936637624, 0.864907581466038, 34.94760668897568, 32.361945740632514, 21.784979211167606], [60.63855042856305, 81.9742341717697, 77.3817186095088, 78.22499150762518, 81.83708155675748, 51.88946383762301, 41.39222931763894, 84.7389446239507, 61.249158479569594, 88.5853913663535, 56.43820887823908, 59.83407632923454, 62.92052824777543, 74.83796968107953, 64.01571260877476, 16.89443210773792, 63.34808106216774, 75.9856053257582, 36.64404469230523, 26.777737234035676, 37.60290766908693, 0.0, 18.46169919631215, 60.17139141457273, 66.44576615392303, 76.91474095003038, 88.32684811827828, 52.544421452738725, 68.19956732388214, 53.80396333867916, 26.29738143470429, 70.43741555586594, 62.16994310731591, 23.486433889247675, 28.783408506906067, 66.10515251948073, 51.926635157272194, 39.67639887513945, 44.786896747352436, 67.58709191652133, 85.32471237667941, 61.72407416652216, 89.10062486246129, 32.243402294859166, 29.350241603549044, 20.332329945368446, 41.0154473578235, 46.39060130100024, 62.45899081037636, 36.81657433248399, 18.38493771167976, 69.61435597097596, 45.60950781340468], [76.32647011535516, 86.14751404551126, 83.15211796195027, 78.662766611606, 72.70580352391528, 67.54957836376667, 57.2350576061218, 78.12378243643211, 56.5555263722434, 90.05382159363509, 74.8016825350837, 76.41081296036981, 78.82367495356436, 79.71468910487168, 73.24321224269235, 31.515994623245565, 58.25641187243966, 80.10467203455767, 41.98547893301592, 35.76033609260258, 32.53956207932755, 18.46169919631215, 0.0, 74.63120055843824, 79.10541701763309, 73.25223302243258, 84.7643718311926, 60.08314026719682, 73.16946781709959, 51.975585834395844, 41.9030174668199, 87.67237078125004, 63.83290868231107, 41.93307462208917, 19.168482700776543, 76.91608974359465, 67.15948052754239, 58.04524235727991, 52.048664152725024, 82.76117536449787, 80.56705516755424, 58.8421909458385, 100.37178192257095, 18.147177430225984, 34.86604526239908, 38.788378502109666, 50.450151185852235, 49.54181058251004, 54.634179688190905, 32.03557063337887, 33.02492393009832, 60.80947540694883, 48.67377811626022], [7.880656694815555, 52.26902902507343, 44.03480406883152, 62.58170283098783, 94.42538027443709, 10.482710278631792, 19.661290814273723, 88.75007689179071, 69.35324175404041, 65.58126939973889, 36.98670017108155, 14.470161402356522, 10.10427424620134, 45.866923410865915, 25.38291283579075, 43.65686729669049, 71.43423489610991, 49.09039185480108, 41.70845201320326, 40.613785696684886, 63.051401197958015, 60.17139141457273, 74.63120055843824, 0.0, 11.403659053637769, 74.6665691345529, 81.67936260880494, 31.18326823605354, 42.602365507443814, 58.937956066062384, 33.896717319711186, 24.90290244855958, 51.40557676517354, 44.98717805129992, 69.08590757075291, 19.34524263487221, 9.050377022112771, 36.94099009191566, 33.817003327454714, 9.050118112703538, 83.39670961421864, 64.57059792887318, 33.545830472604564, 76.7043937853847, 44.877482138795806, 48.18046950380738, 29.573070936813686, 44.8685070796574, 78.36067469200802, 62.42961071952796, 42.11353677888351, 85.26345714790594, 45.150826742928245], [18.706519073545376, 42.27402684433261, 33.96934818683329, 54.314340565223944, 89.24934603441743, 21.308730981100197, 28.69314034396555, 82.35677034440752, 64.98574118323673, 55.93789605961046, 48.356440393099774, 25.458537186695985, 20.20539775489107, 36.469993612427885, 16.848010257496615, 49.56135870135287, 66.87743130495267, 39.8085723163891, 41.70458795625634, 43.61847222473362, 62.79471006199324, 66.44576615392303, 79.10541701763309, 11.403659053637769, 0.0, 67.96186336034634, 73.84607472090345, 26.971041900886934, 34.30449844753481, 55.14676527061945, 40.86032286800256, 34.15346429710758, 45.24321906078955, 54.09007900234212, 70.88807770546944, 9.426206512875643, 19.324326131712645, 47.75381302021194, 32.10165041290085, 15.561645003223429, 76.25870879388879, 59.64784479258486, 23.510903545166588, 78.61048771739686, 46.50780844363357, 56.995217133691824, 30.019260127763904, 42.16964874233138, 74.7186624757153, 62.29219619138999, 48.06143783900879, 81.11405934797799, 42.65035720567726], [82.03816589754526, 34.912333091693526, 40.07515051865914, 17.441651144124695, 24.174102786682884, 77.73774079491986, 74.78654129340792, 14.500341910498653, 16.770025868039376, 26.927267055951557, 104.05586465494714, 87.53441712775934, 84.6299986832266, 35.321355879539816, 51.18684683823157, 68.45055501468632, 15.380794153419432, 32.40577094434691, 44.93149681611055, 55.76023692171401, 40.83797069827042, 76.91474095003038, 73.25223302243258, 74.6665691345529, 67.96186336034634, 0.0, 11.543718768293864, 43.97774835447765, 34.37319046785761, 23.305941761779682, 70.6469410783582, 99.40985745255236, 23.31015227157066, 86.10473805022593, 54.19649957616938, 58.862380781788396, 75.38646868022107, 93.21186323769365, 44.860258398588456, 82.5396165306632, 9.259122415873565, 15.214150435587753, 72.75183231512689, 58.05663096462044, 50.08040392952294, 86.0887391017519, 51.54424243280877, 35.2597083501973, 22.925251281630977, 41.432705170035824, 68.24363883468612, 22.979930909371564, 35.629020451167705], [89.3141574854845, 35.83196177857549, 42.68364440756105, 19.684847467567813, 27.89953548453394, 85.82489066803116, 83.85161529499632, 15.327001119993277, 28.224347219627614, 24.159556482181028, 112.97371056280254, 95.173527822422, 91.76713729768021, 38.552703650322385, 57.03671303101385, 79.3447701473966, 26.6680658760696, 35.25287601645094, 55.48111013983871, 66.49338633199805, 52.37830338066062, 88.32684811827828, 84.7643718311926, 81.67936260880494, 73.84607472090345, 11.543718768293864, 0.0, 52.08774968333242, 39.54218181885947, 34.56832210608947, 80.91675009875615, 106.58057620325903, 31.637192258073622, 96.72407016744114, 65.67998118209827, 64.47935348877186, 83.39699053344407, 102.98923197854785, 54.19547324850741, 88.99007166258706, 6.6920599031655925, 26.610752909447257, 75.17457260451012, 69.34218841291262, 61.039924871135966, 96.88252645401138, 60.95619911300482, 45.47126302537548, 33.08061613677611, 52.97575588504668, 79.05645404171707, 31.214691959280483, 45.94066619760867], [38.23606242435331, 30.939090060083668, 25.117345065790882, 34.42049357651405, 63.262602105274645, 33.82227355273204, 32.2650488337329, 57.77858216421711, 38.37446629191635, 41.05085161663795, 61.03017046833973, 43.56617871527607, 40.91161728247207, 23.431131232627976, 13.962859951036684, 37.245273630811496, 40.385789331024185, 25.453981090775926, 18.293329327286198, 25.809698210702596, 37.33510159292952, 52.544421452738725, 60.08314026719682, 31.18326823605354, 26.971041900886934, 43.97774835447765, 52.08774968333242, 0.0, 17.245139379392732, 28.255292710526714, 33.67851957470847, 55.59276091446898, 20.712712685034816, 50.3824905399753, 47.659915942654656, 20.0583285065015, 31.43850178603469, 52.56879540063618, 8.047513984047042, 39.652107262496095, 52.972842436727106, 33.410477000559084, 42.2885583138618, 55.21678439867481, 25.217822999722255, 51.820624055398, 12.214485642809766, 15.428335031031217, 47.83841563565112, 36.97382717609413, 36.188208449046876, 54.431830585224276, 16.012035039770858], [50.398460169388535, 13.897670897368618, 10.234349828546788, 20.06468476001527, 57.25308216068094, 48.10477050174922, 48.569900070454906, 48.87286141709343, 35.80957111219325, 24.20801260743976, 76.38670344352772, 56.595802104367436, 52.699444423520426, 6.651408902322508, 17.523876297261847, 53.83117980438678, 37.09495800573982, 8.21208062163712, 31.844299095285006, 41.56678741742025, 45.193996990743834, 68.19956732388214, 73.16946781709959, 42.602365507443814, 34.30449844753481, 34.37319046785761, 39.54218181885947, 17.245139379392732, 0.0, 28.886125424865313, 50.90437722794157, 67.44267234926507, 14.412910365544835, 67.61804419470833, 57.925604914452926, 24.94399113794299, 45.60371729919379, 69.3173827525394, 23.79372295431884, 49.52961879309509, 42.1923622201776, 29.725035377811473, 39.46862311530328, 64.84709161359302, 39.293788646956784, 68.9941028040615, 29.314846889594282, 23.733910543982745, 46.379173741033014, 45.1455844004464, 52.89387035661631, 51.26967516075613, 24.60332731350639], [65.4301686518157, 38.233938106607546, 38.622929223551644, 27.004533875991807, 36.17202163631479, 59.5615128663198, 54.66249732092523, 33.695857210303764, 10.70206468353648, 38.75573326183589, 83.71461214764574, 69.98946876116965, 68.22294581880904, 33.90772347248226, 40.169132935239865, 45.29921521865255, 12.973188504923735, 32.79925274361359, 22.54468982843959, 32.86136622358161, 19.77604125162045, 53.80396333867916, 51.975585834395844, 58.937956066062384, 55.14676527061945, 23.305941761779682, 34.56832210608947, 28.255292710526714, 28.886125424865313, 0.0, 48.327808126134634, 82.5106302139683, 14.969191847775363, 63.19649888856948, 33.720389835611, 47.45250852983419, 57.45712564989138, 71.48870016748864, 25.60556400850538, 67.67113453597005, 32.165503508716114, 8.16620381291795, 67.08807053056067, 39.26371921516106, 26.926515285745552, 62.994472902541645, 31.55868961840333, 14.486772589189183, 19.583911193256128, 20.12675495207922, 45.17509380425143, 26.326825603148293, 14.473961050329235], [34.56843251794108, 64.60161943582776, 58.319991857855634, 66.08876942754745, 83.12268470602389, 25.778881094254665, 15.356379225908972, 82.02302964626725, 58.463326754036835, 74.26770495072667, 38.0257410968668, 34.55677460292429, 36.985216055982484, 57.08177504803212, 41.723674233784976, 10.404246370658573, 60.80326448143953, 59.11639136974124, 25.82829239749999, 16.079517749116167, 41.26552158999103, 26.29738143470429, 41.9030174668199, 33.896717319711186, 40.86032286800256, 70.6469410783582, 80.91675009875615, 33.67851957470847, 50.90437722794157, 48.327808126134634, 0.0, 46.21001287459739, 50.18698797822597, 16.723313507760032, 41.33366670253619, 42.02092988060622, 25.66299859684404, 23.532643623250546, 27.927552805110057, 41.3438670819167, 79.85842095046293, 56.283420328579666, 64.0794894548284, 48.12231897634327, 22.567892013330457, 18.248545704024725, 21.659257673017198, 35.46301879882682, 63.9528150744257, 40.427853777091656, 8.933008380384573, 71.60913009381929, 35.03896024640374], [17.37370525978539, 76.40855659954956, 68.10625156448558, 87.4591563358846, 118.4632857338327, 23.352111704746783, 31.653161535397658, 113.36168347928312, 93.1241017715611, 89.99318301199908, 23.084176133053752, 12.731751029370752, 14.817618846451719, 70.37813129876513, 50.063367924726435, 56.518253482803594, 95.29249453295256, 73.66520361388193, 62.99484981619921, 58.62337541321469, 83.53622963138969, 70.43741555586594, 87.67237078125004, 24.90290244855958, 34.15346429710758, 99.40985745255236, 106.58057620325903, 55.59276091446898, 67.44267234926507, 82.5106302139683, 46.21001287459739, 0.0, 76.106551302024, 49.12281729692794, 86.78329476576481, 43.359896708484015, 25.192347866830723, 34.336096717258336, 56.92378586189724, 18.717345349246926, 108.21902676832602, 88.69435633476013, 49.193931802699375, 93.94379940499783, 64.2202068028034, 52.81773130210978, 51.48321142906174, 68.10156815197738, 101.54732553923986, 82.80860438737105, 55.10416894619949, 108.73131775587339, 68.24464909048869], [58.73345192860372, 23.47203063369464, 23.744107500059457, 16.262565808006705, 44.13521309244198, 54.52812329417114, 52.215007881562514, 37.36424701085172, 21.4505054732963, 26.53023692034373, 81.35168720982311, 64.23672375160751, 61.33707612122805, 18.961070902926686, 28.80189499586837, 50.25301338220304, 22.852475275575312, 17.871033449434382, 26.116458381799234, 37.21089110700083, 33.25614453915802, 62.16994310731591, 63.83290868231107, 51.40557676517354, 45.24321906078955, 23.31015227157066, 31.637192258073622, 20.712712685034816, 14.412910365544835, 14.969191847775363, 50.18698797822597, 76.106551302024, 0.0, 66.52968729254651, 46.842368486773545, 36.49008666417464, 52.150712425941514, 71.57361302342147, 22.720011909044295, 59.42811371993817, 32.26023997861655, 15.426324875175794, 53.66465920268139, 53.13184884051377, 32.953901056651794, 67.15104972712543, 29.471751099412753, 15.889185348965697, 31.99625681394086, 33.39049195703149, 49.6798928089196, 37.16017410002514, 16.619946072072523], [42.911838077395956, 81.2822602327463, 74.85859011559451, 82.57793074384921, 96.46525176934155, 34.955201637830044, 25.494126951767477, 96.65625982609994, 72.77258144928906, 90.9630765531978, 33.03631868178834, 40.25408924780671, 44.60492835104421, 73.75848618039835, 57.657473422232215, 18.335849245355572, 75.08462721127817, 75.83002024731395, 41.244760126259436, 30.362354646905334, 52.604740238883224, 23.486433889247675, 41.93307462208917, 44.98717805129992, 54.09007900234212, 86.10473805022593, 96.72407016744114, 50.3824905399753, 67.61804419470833, 63.19649888856948, 16.723313507760032, 49.12281729692794, 66.52968729254651, 0.0, 48.48583562894171, 56.961690263565174, 35.94923135472191, 16.320337229222392, 44.569219012799486, 50.46581525093274, 95.21365925275991, 71.32108773530199, 77.59764015957059, 53.74177593879051, 36.35501025149908, 3.695551523894537, 38.38034627903835, 51.333292770758824, 76.92139796065152, 51.739939359503886, 18.150858164933986, 84.53241301998811, 50.81599361103489], [72.6685397356941, 69.98411465004847, 68.14511695872268, 60.70668952504706, 54.274762744564235, 64.34158601770665, 55.13039743370968, 59.05240742881477, 37.455861651442774, 72.37204881487638, 78.70839430654374, 74.4444933239597, 75.43148544354459, 64.18151184765073, 61.56437820477478, 32.08607070279429, 39.11184251729934, 64.0597712895301, 29.704468421322087, 28.623956933216306, 13.945425431894037, 28.783408506906067, 19.168482700776543, 69.08590757075291, 70.88807770546944, 54.19649957616938, 65.67998118209827, 47.659915942654656, 57.925604914452926, 33.720389835611, 41.33366670253619, 86.78329476576481, 46.842368486773545, 48.48583562894171, 0.0, 66.66815255775677, 63.26363011168811, 62.703945585655305, 40.12105280817153, 77.93485387634455, 61.40329027152792, 40.07026038509859, 89.76344011847203, 7.722955013601225, 24.43123584303358, 46.37628031936608, 40.87044295759429, 34.395613920037505, 35.67240549093744, 13.620658871934472, 33.147316154932575, 42.180093559163346, 33.54589728750131], [27.157963302271735, 33.08744350057906, 24.802158328423847, 44.9131914488293, 80.62072848003463, 27.665595033227834, 32.614789436802354, 73.31135299348098, 56.86389202095925, 46.63543753998481, 55.91862965002436, 33.81408912023264, 29.027106967380266, 27.081802588137432, 7.705354617967409, 49.35398289622745, 58.645441248935384, 30.408001231395758, 36.97509577719766, 41.178160118869776, 57.2182384303, 66.10515251948073, 76.91608974359465, 19.34524263487221, 9.426206512875643, 58.862380781788396, 64.47935348877186, 20.0583285065015, 24.94399113794299, 47.45250852983419, 42.02092988060622, 43.359896708484015, 36.49008666417464, 56.961690263565174, 66.66815255775677, 0.0, 25.310006043657484, 53.10533143615331, 26.6691717977134, 24.921564586124898, 67.02216214604879, 51.30397153116914, 23.459871739507253, 74.3491313351123, 42.8218374528154, 59.46804630542366, 26.50856017844439, 35.47101872543806, 66.88618348834567, 56.80964028654262, 47.95250887562934, 72.9807993158147, 36.06878451455757], [9.412988668405603, 56.803577729572645, 48.833388116219865, 65.01831879683536, 93.53160622513361, 2.506122977183031, 10.785959695859324, 89.00228780759711, 68.11547061059501, 69.47702043500068, 31.064066442730518, 12.542647397721765, 12.171187931141326, 49.86322721136889, 29.642685420409702, 35.78583964955709, 70.31676159326818, 52.8777343331131, 37.90264521647432, 34.6572515801799, 58.752133821032416, 51.926635157272194, 67.15948052754239, 9.050377022112771, 19.324326131712645, 75.38646868022107, 83.39699053344407, 31.43850178603469, 45.60371729919379, 57.45712564989138, 25.66299859684404, 25.192347866830723, 52.150712425941514, 35.94923135472191, 63.26363011168811, 25.310006043657484, 0.0, 28.43227518268862, 31.85256875327943, 15.684255706657646, 84.41003657770533, 63.895606821273134, 42.345742457640334, 70.72098975011022, 39.72684111512465, 39.1720309154293, 26.29088422269919, 43.00043271463273, 76.37835149310813, 58.05696881801754, 34.24821585483593, 83.60327874956313, 43.11265219427196], [32.41424868924127, 82.10952472310336, 74.7331109406613, 86.74881417971231, 106.62148366086271, 26.519718941734997, 21.029043329744663, 105.13926654629152, 81.80167415433922, 93.47622105393846, 16.76225048172635, 27.88910830822003, 33.29291380416812, 74.71847399082047, 55.95710268842615, 30.74733265685721, 84.1420565341445, 77.31346698829498, 48.95400003744268, 39.61166043931156, 64.4994740614628, 39.67639887513945, 58.04524235727991, 36.94099009191566, 47.75381302021194, 93.21186323769365, 102.98923197854785, 52.56879540063618, 69.