instance_id,num_cities,city_coordinates,distance_matrix,best_route,total_distance
2578,57,"[[32.52803717427655, 98.1530186536056], [52.34807251601513, 54.556668874763915], [38.37838966974196, 25.543386258397426], [44.13177351854362, 78.48464667552936], [84.19129951467988, 79.86619279140878], [53.41348644097352, 72.96979490076932], [3.469913814013048, 64.43171570764522], [97.95210536592953, 60.359601386345915], [56.61273610204276, 79.61506669826674], [93.47893616493079, 38.200917431082125], [14.97791335044103, 95.93233972686247], [39.06216335116214, 3.8708395411538588], [41.50776709557245, 10.611094099408824], [96.43609806343217, 71.95916219255446], [88.48372783692581, 27.80276032105544], [56.52300484526638, 75.06709184319213], [60.94043213130526, 49.58679032287498], [33.925586825994635, 72.7728487671881], [95.8964559762282, 65.37456034395466], [90.82158563393838, 31.379215977376298], [21.749211382066967, 23.740103838545657], [26.247119474547365, 56.97443313923759], [82.31996713929335, 95.02095779443371], [54.66466215895879, 78.63361265340149], [39.96745387650773, 45.979295556808665], [45.37771485113827, 2.5167882185098245], [47.785553180983854, 95.44058689472776], [99.82664054227405, 16.937684653385453], [78.84635683511029, 70.44477672047657], [36.36476162052088, 46.626763244079804], [67.96077278856414, 57.854977964072454], [5.832446783259981, 84.80424778397673], [8.83243877721438, 37.7417917970979], [28.192749099723137, 39.766817898363605], [42.552782347447916, 7.399476209104838], [66.12279544679205, 58.90493585181802], [10.507996913553598, 10.04606567494707], [70.85130944175806, 94.26213466334652], [45.49702010679029, 64.7068930019251], [59.89412762775774, 34.90827852692067], [15.735747024896751, 98.23829468078975], [96.87067435846622, 72.990136732385], [82.47154307721782, 91.70829368378101], [53.60553863875759, 27.868955428043495], [16.214717516699306, 86.07980653941158], [3.870133691753397, 36.03937959961711], [8.254548107460513, 19.037041942954346], [37.46270197149947, 26.207623927008996], [9.607797679718688, 97.87456607865221], [94.75420172259815, 51.91894476624122], [74.48927300591102, 49.63332993135021], [30.4013908951123, 13.80890919206017], [92.08942354869599, 47.882424885940175], [4.912954983757345, 59.78135204684839], [38.68925178708958, 41.78025277614733], [39.42359482125657, 49.047679206747866], [37.56559579882409, 49.66978994363883]]","[[0.0, 47.890244465724706, 72.84494039319726, 22.836189555511204, 54.80420308486976, 32.716918400992334, 44.514051776866225, 75.55561585668707, 30.392900242319662, 85.49424851277796, 17.69006108320828, 94.50832822078642, 88.00127330960672, 69.0677809323144, 89.88992248851167, 33.29742467860862, 56.266710597535834, 25.418618540204566, 71.34412260738137, 88.63903494433448, 75.18952704155126, 41.65484164073716, 49.89034069703969, 29.513342343985077, 52.701444976875905, 96.4956102018842, 15.49674419810493, 105.47526957562307, 53.97345094792427, 51.66890216565565, 53.66014197267161, 29.84701375439071, 64.89220071551968, 58.546931271594296, 91.3055364258533, 51.66255691508816, 90.81694410333021, 38.52028265100312, 35.87252206650424, 68.91153793378889, 16.792506675948353, 69.08795543651266, 50.35760381326548, 73.37649904076926, 20.29499566406993, 68.40599088195987, 82.75590638955717, 72.11442809193417, 22.921930859427796, 77.52215904254128, 64.14752922928989, 84.37091575452907, 77.9403062901123, 47.275549310074204, 56.7084587886134, 49.58712612618266, 48.74423517749252], [47.890244465724706, 0.0, 32.20128269188376, 25.299321944466723, 40.67632120258308, 18.443923576100957, 49.865729194003585, 45.97175043339166, 25.418706831444464, 44.263512623753556, 55.75369884161534, 52.39817437251579, 45.262851920143135, 47.39832033253332, 44.961730486846875, 20.931017899224464, 9.926144094208704, 25.907859596504085, 44.871911903070824, 44.91553778421933, 43.42753715473758, 26.21269413302401, 50.35546787672026, 24.188133646345438, 15.061575313774076, 52.50461946051486, 41.137711838964236, 60.575592408761615, 30.896456799649375, 17.842354959297854, 15.957294653200691, 55.485308570637045, 46.65137158569373, 28.323476856660683, 48.16376780934523, 14.444736671999626, 61.08834359868699, 43.80517994733591, 12.245977663933184, 21.0476172288142, 56.99602451860356, 48.1877039511054, 47.829558900345496, 26.717321536114113, 47.95130396277989, 51.89412832631771, 56.620515647093264, 32.01940982743691, 60.8536877374641, 42.488085185827046, 22.68197578443068, 46.28214292066272, 40.29789715016298, 47.72198329436626, 18.702946078891294, 14.049593974368763, 15.569303246509438], [72.84494039319726, 32.20128269188376, 0.0, 53.252966868205874, 71.06187457479145, 49.75257150774767, 52.2580506135011, 69.0014234468085, 57.06345604153771, 56.535681825338855, 74.1767285767976, 21.68333064034462, 15.256682214514724, 74.33116277508806, 50.156252690994194, 52.74300403577044, 32.97167024955091, 47.438903676566426, 69.96320733550823, 52.766899771049886, 16.726667271427022, 33.69092495872425, 82.20702632413867, 55.532106121286326, 20.497597759398907, 24.066881191493927, 70.52739455078897, 62.047930146042305, 60.4465981832346, 21.17931734124146, 43.808176742966864, 67.60982256391473, 31.9650482844974, 17.494378566796946, 18.61792217473544, 43.39061008093655, 31.88927308124836, 76.00497944781306, 39.80521523305217, 23.465467970595586, 76.13960189337853, 75.31627645235528, 79.51101277197252, 15.4037118152542, 64.46616588371872, 36.06917807299345, 30.81847411570751, 1.1312363330070196, 77.84308920929607, 62.24068019566991, 43.408769637994226, 14.189096569931369, 58.171365869721456, 47.87665005044778, 16.23984204268101, 23.5275209236041, 24.140090899991073], [22.836189555511204, 25.299321944466723, 53.252966868205874, 0.0, 40.083341835548325, 10.796470945266156, 43.021758488223654, 56.79036350383481, 12.532049969518601, 63.70181553997439, 33.97601441480175, 74.78583530545743, 67.92425596950764, 52.709812310750806, 67.34797291906914, 12.853882480573217, 33.43078081856619, 11.695763427365296, 53.399032889802974, 66.32390335790986, 59.143419399148556, 27.97409760207291, 41.61475360298401, 10.53394199594579, 32.77101477574905, 75.9780750503066, 17.34514383159424, 83.0057030989211, 35.633436597345046, 32.79102332279148, 31.51831907565984, 38.81720992737501, 53.90754359851077, 41.870308867283036, 71.10270510577661, 29.444356358882473, 76.25219814900773, 31.030029441778844, 13.8452300283251, 46.33952598039106, 34.591052746969446, 53.024346307319064, 40.55616808835721, 51.49466405380076, 28.931789940617897, 58.502994271128564, 69.43481123786643, 52.70069850342507, 39.5963872364559, 57.169631406961265, 41.88049967465126, 66.11712657108177, 56.88964910134163, 43.45030445499481, 37.10570810964726, 29.81110532005963, 29.553521927620032], [54.80420308486976, 40.67632120258308, 71.06187457479145, 40.083341835548325, 0.0, 31.54099049595663, 82.18372826956102, 23.87188484221258, 27.579706746437747, 42.68788312154782, 71.05359879465387, 88.38513815396996, 81.35202907495086, 14.575878168767211, 52.240079838153584, 28.081415559488267, 38.176498633723924, 50.7637410121378, 18.62842180060972, 48.93820199586163, 83.95922957903855, 62.3021721972522, 15.269865328681819, 29.55235299147725, 55.714184255153796, 86.54146256110948, 39.59722361225492, 64.84181540893528, 10.83196625869488, 58.24291719662807, 27.34819145724828, 78.5142928930394, 86.33320943170257, 68.87523150879011, 83.5774558365223, 27.673907055904138, 101.50901059890208, 19.626473894356646, 41.55781068587792, 51.103489281219375, 70.87804169497947, 14.423823811877327, 11.966324237179744, 60.325794331954306, 68.25997872793066, 91.50015974686742, 97.29632987541646, 71.15338249815015, 76.72678967882315, 29.87680664385464, 31.751461621348433, 85.18755182434933, 32.944525686183226, 81.78298563453164, 59.337805606965276, 54.35005209827756, 55.54978840592984], [32.716918400992334, 18.443923576100957, 49.75257150774767, 10.796470945266156, 31.54099049595663, 0.0, 50.668128473948336, 46.28936763678734, 7.375285462710332, 53.04823373200157, 44.77244402183114, 70.57355103874455, 63.485066895806725, 43.03448023722173, 57.1837638171486, 3.7507011572947375, 24.564604912659004, 19.48889476555884, 43.15657873958973, 55.93873559898974, 58.533655251385724, 31.52559423764763, 36.3570957493205, 5.800368282472008, 30.15431721264825, 70.90980027904818, 23.164846764324704, 72.75835520684926, 25.55790706015982, 31.37856489498625, 20.978113144624203, 49.03070068797472, 56.819732606469096, 41.695602572197274, 66.46368622589006, 18.956444694938114, 76.15954786677858, 27.521653358250777, 11.443163330573409, 38.60929601622636, 45.36638765251954, 43.45719267838624, 34.576032047013605, 45.1012483773039, 39.44135918863452, 61.79319846026126, 70.3425301863583, 49.40777428068185, 50.3903363282151, 46.39173451578109, 31.44486248339663, 63.47887002184894, 46.09993758587372, 50.261680995998866, 34.49044250348502, 27.712536636143106, 28.178819506995545], [44.514051776866225, 49.865729194003585, 52.2580506135011, 43.021758488223654, 82.18372826956102, 50.668128473948336, 0.0, 94.56990343390844, 55.26928358538326, 93.7532873172656, 33.536895606637664, 70.2454834787817, 65.90552019798041, 93.27043403179871, 92.5690496193797, 54.10861016062982, 59.356821725372185, 31.577246861145806, 92.43135102372977, 93.39583667463644, 44.60874349370207, 23.966897191905193, 84.57560310659156, 53.128110590912286, 40.89697103743019, 74.76444364637624, 54.08720721945708, 107.42579658335218, 75.61590484320577, 37.40437600660032, 64.8253374123357, 20.509062027112186, 27.223311928047313, 34.92242500896318, 69.13860683453655, 62.89617534052285, 54.83916067186987, 73.68925547062717, 42.028007160555255, 63.681435657995074, 35.962973267301955, 93.79204998676053, 83.57792251742721, 62.05172290783845, 25.121103838812733, 28.395156728248143, 45.64612942544798, 51.152622994077745, 34.001439076698674, 92.13788935942422, 72.54475585190065, 57.3408492898748, 90.15151985583456, 4.869111828171204, 41.87470047891464, 39.106722657767754, 37.15413815810298], [75.55561585668707, 45.97175043339166, 69.0014234468085, 56.79036350383481, 23.87188484221258, 46.28936763678734, 94.56990343390844, 0.0, 45.603907678120876, 22.6056744497931, 90.27810506244586, 81.60272964371653, 75.2388018249688, 11.698208796142884, 33.9057233101187, 43.962263880394445, 38.54759932649301, 65.21873800436967, 5.4199176894007906, 29.844715614338398, 84.54506876317002, 71.78484774480297, 38.0233267032903, 46.986617532923034, 59.74121696199976, 78.16557793025626, 61.21567203228414, 43.462359978394005, 21.60417525486819, 63.09985541232883, 30.09573338952781, 95.30777636107564, 91.94498509162547, 72.73534572997112, 76.64111070238421, 31.862533197249814, 100.8856975929348, 43.40316696189025, 52.63492104994983, 45.78405295311766, 90.52251092714813, 12.676747065057569, 34.96267034329543, 54.97508576869404, 85.68856122920533, 97.17453669483666, 98.75831963479814, 69.46456281728939, 95.97962948678682, 9.026143799571848, 25.798399207714176, 82.03697927937749, 13.785897559186996, 93.04094730888696, 62.10698840779764, 59.611627472961814, 61.32538305121908], [30.392900242319662, 25.418706831444464, 57.06345604153771, 12.532049969518601, 27.579706746437747, 7.375285462710332, 55.26928358538326, 45.603907678120876, 0.0, 55.44590576951136, 44.71813798278089, 77.75095209392789, 70.6378674869957, 40.552595868925856, 60.82988744269542, 4.548859964961949, 30.338528886526543, 23.696469958415012, 41.78519676130142, 59.13495312472906, 65.85952346073857, 37.877024185147675, 29.970038506307212, 2.181339984941619, 37.52906234704321, 77.91258080085926, 18.12087878140653, 76.13078061447584, 24.050532409463393, 38.70670013563392, 24.541381345772784, 51.04473903978327, 63.53210183362313, 48.94464826343119, 73.57155570789351, 22.78926827297622, 83.45952838964082, 20.427275166407227, 18.596042187718457, 44.827050303836, 44.91940400875931, 40.799403055814935, 28.546874384116602, 51.83341844962104, 40.91201250043122, 68.41507593454298, 77.51265335011182, 56.73692581173344, 50.426912990076794, 47.13646751462857, 34.9066628487462, 70.83420771977721, 47.59785613425188, 55.37367248569042, 41.865551883496934, 35.06895715625848, 35.48962036485817], [85.49424851277796, 44.263512623753556, 56.535681825338855, 63.70181553997439, 42.68788312154782, 53.04823373200157, 93.7532873172656, 22.6056744497931, 55.44590576951136, 0.0, 97.44397212354782, 64.3408067356468, 58.8404687770991, 33.88751829021155, 11.535760812576202, 52.20015014813528, 34.47306696907498, 68.86087317042816, 27.280969029606023, 7.321005570825486, 73.17286756157283, 69.8037396386016, 57.905436503043816, 56.047753831457335, 54.07385600242501, 59.89227470665981, 73.24114286946278, 22.190502901481455, 35.408739595158686, 57.73234631949173, 32.20960660326959, 99.26619515682245, 84.64774253550098, 65.30496356163687, 59.516400462333465, 34.30764949332407, 87.61776325418074, 60.45551727250689, 54.816338892455825, 33.74582693358942, 98.22672815831146, 34.95416523917616, 54.627850186835246, 41.1902569682743, 90.89635584317685, 89.63486892093822, 87.35244955635044, 57.2857537463564, 102.93353298959124, 13.777175915649213, 22.165454258131476, 67.62948161267035, 9.780712239359037, 91.1572716835543, 54.90647644618884, 55.13285924745041, 57.077461993376815], [17.69006108320828, 55.75369884161534, 74.1767285767976, 33.97601441480175, 71.05359879465387, 44.77244402183114, 33.536895606637664, 90.27810506244586, 44.71813798278089, 97.44397212354782, 0.0, 95.1597126652895, 89.35070282408718, 84.91259681476733, 100.22347206784288, 46.490355952180224, 65.27222289947494, 29.92283996627721, 86.49617576226015, 99.59602608168169, 72.50909873655499, 40.55506740664725, 67.34822065598644, 43.293001620960375, 55.855024461182325, 98.23753455218365, 32.81132505856069, 115.92869375720453, 68.76622674801114, 53.74418248728831, 65.24621730839493, 14.403957408321668, 58.514158338785, 57.6992003943563, 92.72778075019369, 63.14133038173415, 86.00251289045845, 55.89835396262931, 43.66284920132154, 75.77204200983415, 2.427290696987248, 85.04568762587166, 67.62568017158362, 78.26057575576166, 9.929858748013237, 60.914279456870844, 77.1886679601768, 73.26050581796453, 5.710550369143429, 91.11221170840498, 75.40026681708521, 83.55920956049954, 90.85691674977456, 37.52595498003489, 59.11578546864703, 52.87497266816284, 51.48229706252662], [94.50832822078642, 52.39817437251579, 21.68333064034462, 74.78583530545743, 88.38513815396996, 70.57355103874455, 70.2454834787817, 81.60272964371653, 77.75095209392789, 64.3408067356468, 95.1597126652895, 0.0, 7.170216815742084, 89.03812703470943, 54.91109057773285, 73.30612066899819, 50.68142461191214, 69.09320729119042, 83.7427279874528, 58.615258842759296, 26.353860620482244, 54.627987356207825, 100.89391283005808, 76.37349155617224, 42.118186320847386, 6.459074680881528, 91.98432562409964, 62.15355283084154, 77.5556004600869, 42.840926551451844, 61.23248181055816, 87.4896029993424, 45.39909310262907, 37.50553863618887, 4.963436079133014, 61.32723347866341, 29.214274571690684, 95.81824483383413, 61.17542629313889, 37.38038729623534, 97.20770693806872, 90.10716502638029, 97.97853131405381, 28.060993048650765, 85.32479145054701, 47.67907214954649, 34.33835832267372, 22.393977168096207, 98.51020383718571, 73.55422186174339, 57.87301292660003, 13.182344553293115, 68.91233538792868, 65.5145315236998, 37.911247339755484, 45.17828543535448, 45.823395470087], [88.00127330960672, 45.262851920143135, 15.256682214514724, 67.92425596950764, 81.35202907495086, 63.485066895806725, 65.90552019798041, 75.2388018249688, 70.6378674869957, 58.8404687770991, 89.35070282408718, 7.170216815742084, 0.0, 82.34504843447462, 50.02293748921266, 66.18181781899341, 43.55150245967304, 62.62246562550498, 77.182684024814, 53.50857487518234, 23.72280381013277, 48.81031215568293, 93.75852367343127, 69.28323692017597, 35.401726499480866, 8.97186063892909, 85.06146863324929, 58.66103262072757, 70.5282912010222, 36.38102430189144, 54.145600678275564, 82.32467754597042, 42.47059969291562, 32.05223758914078, 3.377357894859971, 54.2051175807053, 31.00491910098194, 88.64840700684891, 54.242691659697265, 30.469844514273866, 91.33850940459274, 83.40381562258668, 90.85585684534554, 21.075812059075783, 79.5943774041305, 45.422341988501415, 34.304127596157834, 16.112550838436892, 92.91136416286545, 67.39081040619298, 51.093195451423355, 11.557578192378207, 62.830375362087835, 61.293511403057934, 31.2963333500884, 38.49304935677017, 39.25713228936848], [69.0677809323144, 47.39832033253332, 74.33116277508806, 52.709812310750806, 14.575878168767211, 43.03448023722173, 93.27043403179871, 11.698208796142884, 40.552595868925856, 33.88751829021155, 84.91259681476733, 89.03812703470943, 82.34504843447462, 0.0, 44.866780789987004, 40.03391358530046, 41.957899411676706, 62.5158068092186, 6.6066780674455305, 40.96650808462557, 88.89999229866329, 71.77071004352854, 27.039074848268857, 42.301313767728644, 62.15835620993055, 86.19281756274432, 54.02085544864087, 55.12584483610306, 17.654811237658908, 65.19429345059368, 31.776912409176862, 91.50965986796153, 94.04908057559946, 75.45529609602157, 84.0914072116174, 33.004683620407235, 105.90972612381891, 33.94118427292503, 51.45274600530268, 52.03925041472093, 84.87131118391578, 1.1188230682213833, 24.187537919779274, 61.46871686612556, 81.45466526598803, 99.29092879806689, 102.84326212421823, 74.63956524712383, 90.61325458289173, 20.11067104288715, 31.306643324714113, 87.98883153461722, 24.465953050489755, 92.32976106937292, 65.15723158964973, 61.443971051259275, 62.94880580390667], [89.88992248851167, 44.961730486846875, 50.156252690994194, 67.34797291906914, 52.240079838153584, 57.1837638171486, 92.5690496193797, 33.9057233101187, 60.82988744269542, 11.535760812576202, 100.22347206784288, 54.91109057773285, 50.02293748921266, 44.866780789987004, 0.0, 57.05615521908247, 35.11662144124103, 70.7028967258177, 38.29606631793838, 4.272775929145119, 66.85806506442363, 68.73413937384494, 67.50020753677543, 61.05329435962826, 51.80941296887004, 49.97508119754883, 78.93805801978998, 15.707053762731729, 43.717507733574365, 55.41416538677442, 36.3913103526149, 100.40121429941787, 80.26899896943695, 61.466582716163494, 50.258787849592686, 38.30609116188311, 79.97196269811863, 68.75864030382674, 56.65485019310636, 29.45935554444369, 101.25923766634163, 45.95911072784548, 64.18772125538727, 34.87825201376077, 92.83869865848735, 85.0135413408001, 80.70662363614913, 51.045955182326786, 105.50578334998981, 24.918049581480474, 25.931034216306124, 59.74433641813119, 20.40083259585661, 89.48019000896697, 51.71905007257833, 53.462540436971466, 55.4150083891043], [33.29742467860862, 20.931017899224464, 52.74300403577044, 12.853882480573217, 28.081415559488267, 3.7507011572947375, 54.10861016062982, 43.962263880394445, 4.548859964961949, 52.20015014813528, 46.490355952180224, 73.30612066899819, 66.18181781899341, 40.03391358530046, 57.05615521908247, 0.0, 25.860383396108364, 22.713582994091876, 40.548906530582904, 55.54298463158056, 61.997390343871515, 35.2700089872217, 32.61349459962191, 4.021630046313223, 33.469182252892125, 73.40138993974706, 22.168048227135834, 72.48608725001995, 22.79688226833119, 34.859820147750106, 20.66589944116912, 51.6172924750301, 60.560450092632195, 45.262707952439456, 69.09466927514111, 18.798171876080154, 79.65622887713928, 23.95307874736367, 15.129641750011745, 40.30005900474309, 46.90954104919803, 40.40109129316563, 30.826226416385516, 47.288219358832926, 41.78561848701834, 65.53996615558889, 73.95411014725667, 52.44561707800048, 52.16529060963269, 44.692965081424774, 31.13941291367668, 66.59507231830543, 44.76579338026272, 53.82611901139609, 37.76316198645672, 31.13518358890409, 31.692369768308353], [56.266710597535834, 9.926144094208704, 32.97167024955091, 33.43078081856619, 38.176498633723924, 24.564604912659004, 59.356821725372185, 38.54759932649301, 30.338528886526543, 34.47306696907498, 65.27222289947494, 50.68142461191214, 43.55150245967304, 41.957899411676706, 35.11662144124103, 25.860383396108364, 0.0, 35.60049400012543, 38.355928945670485, 34.99141463551861, 46.94681017955041, 35.47116025000749, 50.21302710444207, 29.717051944077138, 21.280973552998127, 49.5760352110508, 47.703474718834336, 50.77500670210486, 27.48959323200087, 24.75328950587856, 10.846571339092032, 65.39999510049587, 53.43731806018749, 34.18834015209185, 46.020377407271425, 10.662303955162052, 64.08509520688857, 45.76146720771254, 21.61287764236757, 14.715755558520051, 66.41108666373222, 42.880052817901074, 47.30549422580863, 22.923023689430206, 57.72460290350709, 58.656212810615024, 60.90229471416067, 33.13290260182835, 70.47516333560668, 33.894099166680284, 13.54892080501413, 47.03923700312972, 31.195585070059185, 56.94740805570441, 23.58086205335332, 21.52359004958594, 23.374983689990643], [25.418618540204566, 25.907859596504085, 47.438903676566426, 11.695763427365296, 50.7637410121378, 19.48889476555884, 31.577246861145806, 65.21873800436967, 23.696469958415012, 68.86087317042816, 29.92283996627721, 69.09320729119042, 62.62246562550498, 62.5158068092186, 70.7028967258177, 22.713582994091876, 35.60049400012543, 0.0, 62.41092288076439, 70.36041156709729, 50.52201692518615, 17.56555712810477, 53.263443384711834, 21.551283001165046, 27.46631848452773, 71.18332164295107, 26.569249503517188, 86.37426950505122, 44.98105709814459, 26.259614655587487, 37.16095737202068, 30.561071312404675, 43.09107832765048, 33.50020152341709, 65.94017244581134, 35.05680036169073, 66.9554541050116, 42.723511080237024, 14.105236991241396, 45.91394985026861, 31.294715329719423, 62.94546257301101, 52.10816579515153, 49.027136775116155, 22.152878297022223, 47.46238531921315, 59.55282666624519, 46.69937202970712, 34.94926438349445, 64.30401000186538, 46.699571394787284, 59.0691639282171, 63.26582887541472, 31.78854814941693, 31.356554500222757, 24.353885985353628, 23.388052341455374], [71.34412260738137, 44.871911903070824, 69.96320733550823, 53.399032889802974, 18.62842180060972, 43.15657873958973, 92.43135102372977, 5.4199176894007906, 41.78519676130142, 27.280969029606023, 86.49617576226015, 83.7427279874528, 77.182684024814, 6.6066780674455305, 38.29606631793838, 40.548906530582904, 38.355928945670485, 62.41092288076439, 0.0, 34.37204892922887, 85.03670883452138, 70.1540605537541, 32.60720673303967, 43.31123745097181, 59.1965334460899, 80.64268548007439, 56.73292624504084, 48.596062365039806, 17.7880008665027, 62.41396101001306, 28.930027900597867, 92.13597834683264, 91.34392693766964, 72.38472489399574, 78.78234508223746, 30.46845749937725, 101.74689805314192, 38.23285648485435, 50.4038581423803, 47.16314211612724, 86.63581415409071, 7.677636692648863, 29.558311825256485, 56.526030192763336, 82.32792153302091, 96.58880278018242, 99.13762971970132, 70.3459488199158, 92.20619785766657, 13.504011824459443, 26.57167321843585, 83.35838247410085, 17.9016283836362, 91.15526003419531, 61.881786987304174, 58.7856368060871, 60.40802150677097], [88.63903494433448, 44.91553778421933, 52.766899771049886, 66.32390335790986, 48.93820199586163, 55.93873559898974, 93.39583667463644, 29.844715614338398, 59.13495312472906, 7.321005570825486, 99.59602608168169, 58.615258842759296, 53.50857487518234, 40.96650808462557, 4.272775929145119, 55.54298463158056, 34.99141463551861, 70.36041156709729, 34.37204892922887, 0.0, 69.49351710095137, 69.46205310335404, 64.20707763586103, 59.50042958156412, 52.90845906400861, 53.83479476936473, 77.174862054313, 17.01907285617959, 40.85981082869987, 56.551157187794864, 34.979747522350884, 100.38619300539374, 82.23565269002954, 63.18799752812558, 53.897173303095705, 36.98236730274188, 83.09859105287619, 65.97782501460856, 56.2587797243895, 31.128153514184934, 100.53864711986272, 42.04830793833236, 60.90419384249711, 37.38122634520847, 92.51129324627631, 87.07624314266299, 83.48439941566787, 53.60891558348399, 104.96337903747295, 20.912817314291065, 24.494021965048685, 62.92309284203847, 16.551837277408183, 90.4818995904597, 53.159776135802964, 54.35005108064002, 56.309373547688466], [75.18952704155126, 43.42753715473758, 16.726667271427022, 59.143419399148556, 83.95922957903855, 58.533655251385724, 44.60874349370207, 84.54506876317002, 65.85952346073857, 73.17286756157283, 72.50909873655499, 26.353860620482244, 23.72280381013277, 88.89999229866329, 66.85806506442363, 61.997390343871515, 46.94681017955041, 50.52201692518615, 85.03670883452138, 69.49351710095137, 0.0, 33.53731982844233, 93.54024050472725, 64.00565763940438, 28.74866967127184, 31.760593541298498, 76.28138937355482, 78.373195998618, 73.76591684439472, 27.155358357379395, 57.43982106715686, 63.10446157826055, 19.04967926801229, 17.27352719840461, 26.453821580930153, 56.617845007302144, 17.716985746825245, 85.93237379193991, 47.35225690062542, 39.74622952257011, 74.74049901052561, 89.82649909552737, 91.1420671113722, 32.122780105922786, 62.58489558334457, 21.70100466114756, 14.2907217483504, 15.906050480592407, 75.12211670554389, 78.25455699605884, 58.753495705191554, 13.17151614023015, 74.36798446375869, 39.779782577612295, 24.746958249745553, 30.868385137106454, 30.37279436481437], [41.65484164073716, 26.21269413302401, 33.69092495872425, 27.97409760207291, 62.3021721972522, 31.52559423764763, 23.966897191905193, 71.78484774480297, 37.877024185147675, 69.8037396386016, 40.55506740664725, 54.627987356207825, 48.81031215568293, 71.77071004352854, 68.73413937384494, 35.2700089872217, 35.47116025000749, 17.56555712810477, 70.1540605537541, 69.46205310335404, 33.53731982844233, 0.0, 67.76210064314901, 35.730614176740964, 17.582395358942367, 57.72014180314276, 44.08570189151546, 83.76686188389426, 54.296684310457344, 14.472075001641413, 41.72294610871249, 34.51459755310689, 25.945434989327943, 17.31726008687056, 52.18765176120884, 39.92237937506648, 49.49739035397183, 58.13696283417337, 20.74486948330357, 40.23725061478332, 42.58163007795335, 72.41677475575293, 66.08802370914353, 39.945111490161615, 30.785903426850886, 30.643204131261136, 41.98783484748342, 32.7473027873688, 44.15527040177253, 68.69336416882417, 48.79751196170269, 43.364967758203974, 66.46708674126374, 21.518024265112928, 19.638476860207994, 15.377026060609925, 13.470921220102953], [49.89034069703969, 50.35546787672026, 82.20702632413867, 41.61475360298401, 15.269865328681819, 36.3570957493205, 84.57560310659156, 38.0233267032903, 29.970038506307212, 57.905436503043816, 67.34822065598644, 100.89391283005808, 93.75852367343127, 27.039074848268857, 67.50020753677543, 32.61349459962191, 50.21302710444207, 53.263443384711834, 32.60720673303967, 64.20707763586103, 93.54024050472725, 67.76210064314901, 0.0, 32.14593246939074, 64.79830256035825, 99.60798860057852, 34.53696332953573, 80.02175428005926, 24.820448116930848, 66.73738817522094, 39.84339994469389, 77.16684478227934, 93.17359970569835, 77.34840469174307, 96.22345359358555, 39.581756047399715, 111.25507340531004, 11.49373402891804, 47.69561774841518, 64.15958608435722, 66.66190534992774, 26.40227560734299, 3.3161300901750157, 73.03362120234802, 66.70718262249316, 98.1488814724754, 106.10957432996179, 82.14285821837122, 72.76814322048945, 44.85971150994095, 46.05818639121977, 96.38949837724608, 48.140248891134185, 85.05101612616129, 68.8346714453495, 62.87798583088207, 63.71563528296322], [29.513342343985077, 24.188133646345438, 55.532106121286326, 10.53394199594579, 29.55235299147725, 5.800368282472008, 53.128110590912286, 46.986617532923034, 2.181339984941619, 56.047753831457335, 43.293001620960375, 76.37349155617224, 69.28323692017597, 42.301313767728644, 61.05329435962826, 4.021630046313223, 29.717051944077138, 21.551283001165046, 43.31123745097181, 59.50042958156412, 64.00565763940438, 35.730614176740964, 32.14593246939074, 0.0, 35.809389220462585, 76.68127771725217, 18.16030075410262, 76.45908594325593, 25.530597160015194, 36.86902180459519, 24.66856739714109, 49.22054445466166, 61.42258308682682, 47.02541776046196, 72.25648640456549, 22.814677442012858, 81.5724382749251, 22.500183343099433, 16.673307441761725, 44.036940783412156, 43.58674099895523, 42.58164259696968, 30.727347924095305, 50.7757044839275, 39.16432108923724, 66.28991485622709, 75.53575263885575, 55.17600681664783, 48.99321713679636, 48.175145695118324, 35.128785820065026, 69.21667798496136, 48.43808743322166, 53.203760175615265, 40.16694998119763, 33.280889283524125, 33.63452238921868], [52.701444976875905, 15.061575313774076, 20.497597759398907, 32.77101477574905, 55.714184255153796, 30.15431721264825, 40.89697103743019, 59.74121696199976, 37.52906234704321, 54.07385600242501, 55.855024461182325, 42.118186320847386, 35.401726499480866, 62.15835620993055, 51.80941296887004, 33.469182252892125, 21.280973552998127, 27.46631848452773, 59.1965334460899, 52.90845906400861, 28.74866967127184, 17.582395358942367, 64.79830256035825, 35.809389220462585, 0.0, 43.797950499370295, 50.075363379102505, 66.53222822176397, 45.936138973951905, 3.6604106186885472, 30.408185351156515, 51.69695953049809, 32.206298039738655, 13.313096981435725, 38.666346920857634, 29.174887655211503, 46.465649831836615, 57.31531284711848, 19.526879135218014, 22.795608017002444, 57.603633621349495, 62.988586602896476, 62.43187381841553, 22.67116617119361, 46.60733274544277, 37.44086609250251, 41.61241908504857, 19.92969596211311, 60.12343824934295, 55.107777783922714, 34.714664958970374, 33.56252850756659, 52.15670257744361, 37.67379269433973, 4.38927794235191, 3.1162093792286956, 4.403256867883037], [96.4956102018842, 52.50461946051486, 24.066881191493927, 75.9780750503066, 86.54146256110948, 70.90980027904818, 74.76444364637624, 78.16557793025626, 77.91258080085926, 59.89227470665981, 98.23753455218365, 6.459074680881528, 8.97186063892909, 86.19281756274432, 49.97508119754883, 73.40138993974706, 49.5760352110508, 71.18332164295107, 80.64268548007439, 53.83479476936473, 31.760593541298498, 57.72014180314276, 99.60798860057852, 76.68127771725217, 43.797950499370295, 0.0, 92.95498935420817, 56.32626175155097, 75.72556779697739, 45.02136406966923, 59.768802481905446, 91.2965181608735, 50.757837625640214, 41.02301499192007, 5.641000413393624, 60.083122109590235, 35.67334085928494, 95.216136319693, 62.19021922067969, 35.49556147324725, 100.20605299092583, 87.28125646197714, 96.5974986199301, 26.65388276593616, 88.5056972427643, 53.353944808304576, 40.63309355930121, 24.978052875513487, 101.84592663859698, 69.84705095660095, 55.38457656402677, 18.756392918605993, 65.11547219890822, 70.11866414567996, 39.829074646895826, 46.91029057136111, 47.79576106494748], [15.49674419810493, 41.137711838964236, 70.52739455078897, 17.34514383159424, 39.59722361225492, 23.164846764324704, 54.08720721945708, 61.21567203228414, 18.12087878140653, 73.24114286946278, 32.81132505856069, 91.98432562409964, 85.06146863324929, 54.02085544864087, 78.93805801978998, 22.168048227135834, 47.703474718834336, 26.569249503517188, 56.73292624504084, 77.174862054313, 76.28138937355482, 44.08570189151546, 34.53696332953573, 18.16030075410262, 50.075363379102505, 92.95498935420817, 0.0, 94.18588235005915, 39.86933721429782, 50.132064183156274, 42.658146758881216, 43.2804210480632, 69.61678014294706, 59.020729629742675, 88.19647986940528, 40.87919092942293, 93.17639430471112, 23.095840784502563, 30.81878199942648, 61.73149869773416, 32.17168387726932, 53.975659639322274, 34.88621371966473, 67.8218077744769, 32.929346689567566, 73.87196692272238, 86.0244270153576, 69.99831725393598, 38.255264602171565, 64.03270476393872, 53.02257484314684, 83.46220643461156, 64.9970130330089, 55.76415251859427, 54.425859265300076, 47.14047338917204, 46.89790381702548], [105.47526957562307, 60.575592408761615, 62.047930146042305, 83.0057030989211, 64.84181540893528, 72.75835520684926, 107.42579658335218, 43.462359978394005, 76.13078061447584, 22.190502901481455, 115.92869375720453, 62.15355283084154, 58.66103262072757, 55.12584483610306, 15.707053762731729, 72.48608725001995, 50.77500670210486, 86.37426950505122, 48.596062365039806, 17.01907285617959, 78.373195998618, 83.76686188389426, 80.02175428005926, 76.45908594325593, 66.53222822176397, 56.32626175155097, 94.18588235005915, 0.0, 57.4733086389608, 70.06319621487222, 51.86191685205745, 115.93437303735942, 93.34214283434603, 75.18366662992791, 58.06265798986125, 53.82563838332607, 89.58411975243345, 82.5750590779534, 72.34365848441675, 43.78981424755708, 116.96609578582574, 56.13034045993624, 76.75834405976896, 47.49613607362336, 108.49694323314702, 97.83928636684196, 91.59615392536578, 63.04912852844211, 121.20321110558973, 35.34711013170141, 41.36408362112284, 69.49571587125442, 31.897358430848218, 104.13542885119675, 65.99191992006764, 68.40745341402713, 70.34080188111386], [53.97345094792427, 30.896456799649375, 60.4465981832346, 35.633436597345046, 10.83196625869488, 25.55790706015982, 75.61590484320577, 21.60417525486819, 24.050532409463393, 35.408739595158686, 68.76622674801114, 77.5556004600869, 70.5282912010222, 17.654811237658908, 43.717507733574365, 22.79688226833119, 27.48959323200087, 44.98105709814459, 17.7880008665027, 40.85981082869987, 73.76591684439472, 54.296684310457344, 24.820448116930848, 25.530597160015194, 45.936138973951905, 75.72556779697739, 39.86933721429782, 57.4733086389608, 0.0, 48.703015285894196, 16.643286116665017, 74.41253570658095, 77.27505383185763, 59.21929697405847, 72.74567661147063, 17.17722159361824, 91.2038142444141, 25.123441687012914, 33.83934942912602, 40.27442980091249, 68.95961652465355, 18.203155764124478, 21.57032982915888, 49.49544890135382, 64.55367070237378, 82.49342633135376, 87.32673504945184, 60.576666936561104, 74.47396470007855, 24.418558077022926, 21.26265498359289, 74.52876099616775, 26.161776244855574, 74.69843730014559, 49.33809905937595, 44.855210921507904, 46.21364849600978], [51.66890216565565, 17.842354959297854, 21.17931734124146, 32.79102332279148, 58.24291719662807, 31.37856489498625, 37.40437600660032, 63.09985541232883, 38.70670013563392, 57.73234631949173, 53.74418248728831, 42.840926551451844, 36.38102430189144, 65.19429345059368, 55.41416538677442, 34.859820147750106, 24.75328950587856, 26.259614655587487, 62.41396101001306, 56.551157187794864, 27.155358357379395, 14.472075001641413, 66.73738817522094, 36.86902180459519, 3.6604106186885472, 45.02136406966923, 50.132064183156274, 70.06319621487222, 48.703015285894196, 0.0, 33.531786822795084, 48.884993352926735, 28.930460050986756, 10.669612869560376, 39.712361408523584, 32.191522172629746, 44.79642525644008, 58.80859283198308, 20.255597673743484, 26.28600290589662, 55.58152948983117, 65.99994649949141, 64.48394903447925, 25.47743602201587, 44.30086796722247, 34.17592042160784, 39.38752118658417, 20.448636225045764, 57.81238980271094, 58.6287804810707, 38.242879227638525, 33.355259480152775, 55.73880724565469, 34.091924957184325, 5.375120301002913, 3.900935099206853, 3.271393314477833], [53.66014197267161, 15.957294653200691, 43.808176742966864, 31.51831907565984, 27.34819145724828, 20.978113144624203, 64.8253374123357, 30.09573338952781, 24.541381345772784, 32.20960660326959, 65.24621730839493, 61.23248181055816, 54.145600678275564, 31.776912409176862, 36.3913103526149, 20.66589944116912, 10.846571339092032, 37.16095737202068, 28.930027900597867, 34.979747522350884, 57.43982106715686, 41.72294610871249, 39.84339994469389, 24.66856739714109, 30.408185351156515, 59.768802481905446, 42.658146758881216, 51.86191685205745, 16.643286116665017, 33.531786822795084, 0.0, 67.72142966629808, 62.45558534466808, 43.68841085092159, 56.491801490140084, 2.1167362317744542, 74.74298328280373, 36.521723139372185, 23.485504555658437, 24.323276490007334, 66.01716129203392, 32.63212281975316, 36.83217940318412, 33.24506422052767, 58.94315214090752, 67.70177510107747, 71.21562625302151, 43.95096518974218, 70.7575941995921, 27.44311068681693, 10.498419474466798, 57.885778413069595, 26.10830523799997, 63.07724032529407, 33.394890800945596, 29.865348444954662, 31.477993696668044], [29.84701375439071, 55.485308570637045, 67.60982256391473, 38.81720992737501, 78.5142928930394, 49.03070068797472, 20.509062027112186, 95.30777636107564, 51.04473903978327, 99.26619515682245, 14.403957408321668, 87.4896029993424, 82.32467754597042, 91.50965986796153, 100.40121429941787, 51.6172924750301, 65.39999510049587, 30.561071312404675, 92.13597834683264, 100.38619300539374, 63.10446157826055, 34.51459755310689, 77.16684478227934, 49.22054445466166, 51.69695953049809, 91.2965181608735, 43.2804210480632, 115.93437303735942, 74.41253570658095, 48.884993352926735, 67.72142966629808, 0.0, 47.15797615971976, 50.28273272590847, 85.67310958815877, 65.61783675594253, 74.90424928712477, 65.70315156541268, 44.46551524691203, 73.56815264659987, 16.689786448656985, 91.80159094468017, 76.94944399111111, 74.3229158543272, 10.460334398144125, 48.804334251243176, 65.81179179265752, 66.5885678679765, 13.6046497461537, 94.8078143196013, 77.1411255399058, 75.12636765179187, 93.82689937766752, 25.039783869685223, 54.13532840478029, 49.0601408775869, 47.34366773052631], [64.89220071551968, 46.65137158569373, 31.9650482844974, 53.90754359851077, 86.33320943170257, 56.819732606469096, 27.223311928047313, 91.94498509162547, 63.53210183362313, 84.64774253550098, 58.514158338785, 45.39909310262907, 42.47059969291562, 94.04908057559946, 80.26899896943695, 60.560450092632195, 53.43731806018749, 43.09107832765048, 91.34392693766964, 82.23565269002954, 19.04967926801229, 25.945434989327943, 93.17359970569835, 61.42258308682682, 32.206298039738655, 50.757837625640214, 69.61678014294706, 93.34214283434603, 77.27505383185763, 28.930460050986756, 62.45558534466808, 47.15797615971976, 0.0, 19.46592783544228, 45.36207320808824, 61.07424689350052, 27.746364455572206, 83.91000820059368, 45.51272577048818, 51.14024702445203, 60.88910022261008, 94.83236127470926, 91.29677435699553, 45.84870084508223, 48.898483704667015, 5.246206157912909, 18.713674805667434, 30.86630847752006, 60.13777285719892, 87.08352894751805, 66.72502199424837, 32.21804719797106, 83.87227165566247, 22.38536506759615, 30.12869811634678, 32.61352354822491, 31.110632462429358], [58.546931271594296, 28.323476856660683, 17.494378566796946, 41.870308867283036, 68.87523150879011, 41.695602572197274, 34.92242500896318, 72.73534572997112, 48.94464826343119, 65.30496356163687, 57.6992003943563, 37.50553863618887, 32.05223758914078, 75.45529609602157, 61.466582716163494, 45.262707952439456, 34.18834015209185, 33.50020152341709, 72.38472489399574, 63.18799752812558, 17.27352719840461, 17.31726008687056, 77.34840469174307, 47.02541776046196, 13.313096981435725, 41.02301499192007, 59.020729629742675, 75.18366662992791, 59.21929697405847, 10.669612869560376, 43.68841085092159, 50.28273272590847, 19.46592783544228, 0.0, 35.40982014787691, 42.48477344521364, 34.58429661872491, 69.20615810584245, 30.355314876596363, 32.07152639650309, 59.78369759232051, 76.29184971012657, 75.12725459124947, 28.060096284900922, 47.83687027251841, 24.606572629177133, 28.762049126745577, 16.42509565870998, 61.00746526342296, 67.6616668630047, 47.3362037503357, 26.05170096145592, 64.40999986349031, 30.700657831105495, 10.687866422863216, 14.569361078865121, 13.635215824267332], [91.3055364258533, 48.16376780934523, 18.61792217473544, 71.10270510577661, 83.5774558365223, 66.46368622589006, 69.13860683453655, 76.64111070238421, 73.57155570789351, 59.516400462333465, 92.72778075019369, 4.963436079133014, 3.377357894859971, 84.0914072116174, 50.258787849592686, 69.09466927514111, 46.020377407271425, 65.94017244581134, 78.78234508223746, 53.897173303095705, 26.453821580930153, 52.18765176120884, 96.22345359358555, 72.25648640456549, 38.666346920857634, 5.641000413393624, 88.19647986940528, 58.06265798986125, 72.74567661147063, 39.712361408523584, 56.491801490140084, 85.67310958815877, 45.36207320808824, 35.40982014787691, 0.0, 56.642368334228486, 32.15389104455373, 91.35605108281361, 57.382998836323935, 32.518555642764845, 94.71454125329797, 85.