instance_id,num_cities,city_coordinates,distance_matrix,best_route,total_distance
1514,28,"[[4.6782665036418924, 30.714790269526283], [38.31804878804186, 61.17228049496597], [97.20566988063611, 99.35663203105031], [72.59839538955386, 19.45859318540083], [89.46006452401299, 8.90822654178015], [16.837472090407747, 87.604242266435], [2.2406722580366245, 25.011122801374896], [39.41004348065908, 95.15003681176265], [84.892589261098, 54.1097764152088], [41.98203730821754, 40.17279969178652], [14.29953721217444, 32.921169806894426], [50.41812326499541, 69.19178502235572], [32.38019501101023, 78.85664677583043], [9.868065861607855, 93.75571970608215], [37.865603753603025, 24.991286107818734], [68.14531965932682, 81.58101949375552], [85.75585544902364, 4.843034224945553], [82.8910025207055, 41.68349929996186], [43.92503213624139, 67.30101807658733], [29.963726925165634, 12.287693512751607], [68.50869013760864, 51.213332564673784], [82.04138088077872, 85.70443708675468], [42.12720634393426, 46.61997843855106], [70.96509011970596, 17.932610060668207], [11.20866661207246, 30.7830171211534], [55.03892052116832, 13.978191951031482], [75.1944764218791, 94.93994223998415], [6.890252575986667, 37.696997694674764]]","[[0.0, 45.37944097247765, 115.20860565124076, 68.84653862523204, 87.54130166486705, 58.17435886204349, 6.202716202878895, 73.19970853043094, 83.55634597200871, 38.48409097889509, 9.8710161943836, 59.77134448678899, 55.543093098070486, 63.25419196860204, 33.67726018594359, 81.33535585314893, 85.10536522468244, 78.97812768779238, 53.655015401827626, 31.287575866659584, 67.04113078937146, 94.91529235699309, 40.6865838557862, 67.50797816553917, 6.530756501315365, 53.06890988467394, 95.3803229542724, 7.32421346712709], [45.37944097247765, 0.0, 70.18401969235033, 53.992350125549926, 73.12343748183504, 34.059709017420296, 51.08039176659213, 33.99529933288308, 47.10697171494821, 21.316730656437006, 37.081183279794985, 14.516344416300113, 18.654621900032836, 43.256005818139165, 36.18382319976661, 36.14114988693245, 73.64325825323928, 48.64731027426819, 8.306604999117562, 49.593321508144754, 31.790807932112113, 50.13538148190154, 15.042578782467778, 54.18024000480312, 40.72377598364024, 50.06864832415986, 50.001258931746904, 39.22748114906333], [115.20860565124076, 70.18401969235033, 0.0, 83.60152252955912, 90.77944953507917, 81.22293937816276, 120.60516372063046, 57.948510544315596, 46.89232237226104, 80.94674548649608, 106.24075242098867, 55.668595396046264, 67.98964323731026, 87.51701145866761, 95.13909880928321, 34.06576516183341, 95.20461344269243, 59.42305899769221, 62.1802922512188, 110.01126736443875, 56.04724729976432, 20.40436442696138, 76.25478199889538, 85.54787770613017, 109.99011425116433, 95.22348860465858, 22.44993955870116, 109.35623031820599], [68.84653862523204, 53.992350125549926, 83.60152252955912, 0.0, 19.890352493477728, 88.05174646677207, 70.57648184336978, 82.64781509919877, 36.767535981852774, 36.965385610781865, 59.833083106888154, 54.45507177307565, 71.73306359009236, 97.23763289958688, 35.17069100544016, 62.28182506876381, 19.66553632482692, 24.49253382884845, 55.77687136910093, 43.23351428213419, 32.01701363483698, 66.91548258206038, 40.81953222078781, 2.235242850672303, 62.42548659681695, 18.394835018100604, 75.52598024406069, 68.1923707686721], [87.54130166486705, 73.12343748183504, 90.77944953507917, 19.890352493477728, 0.0, 107.08456388627009, 88.69343637041881, 99.71285997845929, 45.43172835406328, 56.84748545499539, 78.90327185894908, 71.82186714611055, 90.28229614304632, 116.33564951184385, 54.043067892136904, 75.73409525495995, 5.499723033397636, 33.427100980738764, 74.04834419339069, 59.59223929912271, 47.20891954162424, 77.1537090557962, 60.51921756449806, 20.57920251399336, 81.25138606857293, 34.79252367557684, 87.20643961242968, 87.44465214995236], [58.17435886204349, 34.059709017420296, 81.22293937816276, 88.05174646677207, 107.08456388627009, 0.0, 64.2725848998902, 23.800420048568245, 75.85102646487611, 53.68417741481065, 54.7419357262923, 38.297241611823466, 17.835264580427932, 9.295875315026693, 66.04971309676884, 51.660182294730234, 107.6994016754589, 80.44739596095802, 33.851984014823394, 76.45182196751738, 63.199787051881096, 65.23157963182983, 48.158909249770055, 88.2266137157108, 57.09934393776971, 82.94664518384327, 58.81626007019909, 50.888900919685526], [6.202716202878895, 51.08039176659213, 120.60516372063046, 70.57648184336978, 88.69343637041881, 64.2725848998902, 0.0, 79.3790237760687, 87.62460286026314, 42.5353093580026, 14.421687405143052, 65.36817038752359, 61.70681715872792, 69.16644227350778, 35.62493701830517, 86.8537607756567, 85.91587525161354, 82.35559428228417, 59.38030903291193, 30.50333445607579, 71.26012903557775, 100.25882253266128, 45.36384290747196, 69.08799427574723, 10.664881001338458, 53.93867427740275, 101.05591190056074, 13.511107243358124], [73.19970853043094, 33.99529933288308, 57.948510544315596, 82.64781509919877, 99.71285997845929, 23.800420048568245, 79.3790237760687, 0.0, 61.26144745340799, 55.03736688464556, 67.10416837849333, 28.195897866543678, 17.745233962087948, 29.574863682453664, 70.17574790772564, 31.777890553664616, 101.50511811343502, 68.91490718663847, 28.212638428055307, 83.39904575874804, 52.69881609070699, 43.66520677482142, 48.60606484517015, 83.41613730240125, 70.27397015350229, 82.66274974643636, 35.785049680750255, 66.01809224957387], [83.55634597200871, 47.10697171494821, 46.89232237226104, 36.767535981852774, 45.43172835406328, 75.85102646487611, 87.62460286026314, 61.26144745340799, 0.0, 45.11712301432868, 73.70438282479498, 37.62918799738425, 58.0513491877843, 84.85564171428902, 55.31205875488374, 32.17359531347111, 49.274304810449436, 12.586449555940105, 43.03893113620827, 69.03815275497898, 16.637954726106734, 31.723051117099864, 43.41629935614949, 38.76548203979385, 77.28815016618252, 50.01785290112774, 41.96612722090133, 79.71037469280068], [38.48409097889509, 21.316730656437006, 80.94674548649608, 36.965385610781865, 56.84748545499539, 53.68417741481065, 42.5353093580026, 55.03736688464556, 45.11712301432868, 0.0, 28.616550238540047, 30.220341756603858, 39.85768935503075, 62.46948438503446, 15.729697387736191, 48.981200582999634, 56.25246201337639, 40.936849513154904, 27.19771059547424, 30.36476463072659, 28.732502091679155, 60.64553579061992, 6.448812901741161, 36.53277138545103, 32.17403239766701, 29.26840743751972, 64.05080807275795, 35.179012937007414], [9.8710161943836, 37.081183279794985, 106.24075242098867, 59.833083106888154, 78.90327185894908, 54.7419357262923, 14.421687405143052, 67.10416837849333, 73.70438282479498, 28.616550238540047, 0.0, 51.18700798604159, 49.36575970044674, 60.99574083300943, 24.86448366075407, 72.5751283766965, 76.77491200727079, 69.14887946537166, 45.383299974142716, 25.905736494945142, 57.212196944796666, 85.8779988609352, 31.016713675588658, 58.614348154546995, 3.758347771842881, 44.928095468702466, 86.91675186902117, 8.815102428999257], [59.77134448678899, 14.516344416300113, 55.668595396046264, 54.45507177307565, 71.82186714611055, 38.297241611823466, 65.36817038752359, 28.195897866543678, 37.62918799738425, 30.220341756603858, 51.18700798604159, 0.0, 20.46402717965589, 47.40985174585979, 45.9483389294746, 21.627450677102875, 73.41333015942881, 42.55812108799899, 6.762782862809838, 60.46865270667307, 25.504771368228745, 35.67489453991555, 24.046325204667454, 55.22391569493661, 54.887293089620236, 55.40661176365541, 35.73283190370351, 53.72706166853832], [55.543093098070486, 18.654621900032836, 67.98964323731026, 71.73306359009236, 90.28229614304632, 17.835264580427932, 61.70681715872792, 17.745233962087948, 58.0513491877843, 39.85768935503075, 49.36575970044674, 20.46402717965589, 0.0, 26.995894743837102, 54.14394508131352, 35.868737750523046, 91.25226556106217, 62.71510638230762, 16.334497815448337, 66.61279799371798, 45.490888985481256, 50.131084310376544, 33.67799007381378, 72.11471680745537, 52.52911081411974, 68.7214067245292, 45.73549043922389, 48.41336466126573], [63.25419196860204, 43.256005818139165, 87.51701145866761, 97.23763289958688, 116.33564951184385, 9.295875315026693, 69.16644227350778, 29.574863682453664, 84.85564171428902, 62.46948438503446, 60.99574083300943, 47.40985174585979, 26.995894743837102, 0.0, 74.24560226776859, 59.535381374975465, 116.89491968401111, 89.68759901091207, 43.12456597042018, 83.90992125737328, 72.4470670156395, 72.6210062769221, 57.11768771140954, 97.37551196011805, 62.98697072587344, 91.67802378641795, 65.33714333898384, 56.13775632777171], [33.67726018594359, 36.18382319976661, 95.13909880928321, 35.17069100544016, 54.043067892136904, 66.04971309676884, 35.62493701830517, 70.17574790772564, 55.31205875488374, 15.729697387736191, 24.86448366075407, 45.9483389294746, 54.14394508131352, 74.24560226776859, 0.0, 64.18145464246467, 51.95602237841577, 48.019959552133635, 42.74143296139429, 14.96064578262717, 40.331060778550004, 75.08385969421771, 22.04453647903256, 33.84377203029312, 27.278864453974883, 20.40125122891733, 79.28593336387162, 33.479956503929735], [81.33535585314893, 36.14114988693245, 34.06576516183341, 62.28182506876381, 75.73409525495995, 51.660182294730234, 86.8537607756567, 31.777890553664616, 32.17359531347111, 48.981200582999634, 72.5751283766965, 21.627450677102875, 35.868737750523046, 59.535381374975465, 64.18145464246467, 0.0, 78.73277179114355, 42.535247509125064, 28.116556833567888, 79.1163639788067, 30.36986084141988, 14.494933256714027, 43.58000243410157, 63.71083996315811, 76.30346981147258, 68.86160025834435, 15.10468232048398, 75.35244264552209], [85.10536522468244, 73.64325825323928, 95.20461344269243, 19.66553632482692, 5.499723033397636, 107.6994016754589, 85.91587525161354, 101.50511811343502, 49.274304810449436, 56.25246201337639, 76.77491200727079, 73.41333015942881, 91.25226556106217, 116.89491968401111, 51.95602237841577, 78.73277179114355, 0.0, 36.951688043232735, 75.17191979613898, 56.28662858205497, 49.473925247494556, 80.94667253258736, 60.40506676233147, 19.751043885984366, 78.93140107807294, 32.046547365395945, 90.7138113013963, 85.43515805684379], [78.97812768779238, 48.64731027426819, 59.42305899769221, 24.49253382884845, 33.427100980738764, 80.44739596095802, 82.35559428228417, 68.91490718663847, 12.586449555940105, 40.936849513154904, 69.14887946537166, 42.55812108799899, 62.71510638230762, 89.68759901091207, 48.019959552133635, 42.535247509125064, 36.951688043232735, 0.0, 46.6326507532404, 60.542628782087206, 17.253076002214538, 44.02913604148639, 41.06161108659858, 26.57690964452996, 72.50639829041725, 39.28514384608561, 53.80971314376026, 76.1052310108092], [53.655015401827626, 8.306604999117562, 62.1802922512188, 55.77687136910093, 74.04834419339069, 33.851984014823394, 59.38030903291193, 28.212638428055307, 43.03893113620827, 27.19771059547424, 45.383299974142716, 6.762782862809838, 16.334497815448337, 43.12456597042018, 42.74143296139429, 28.116556833567888, 75.17191979613898, 46.6326507532404, 0.0, 56.757236743544354, 29.3797526514166, 42.32660951315356, 20.759036058774793, 56.2885818419277, 49.02983751647667, 54.46872773481013, 41.73353896858738, 47.412792786856116], [31.287575866659584, 49.593321508144754, 110.01126736443875, 43.23351428213419, 59.59223929912271, 76.45182196751738, 30.50333445607579, 83.39904575874804, 69.03815275497898, 30.36476463072659, 25.905736494945142, 60.46865270667307, 66.61279799371798, 83.90992125737328, 14.96064578262717, 79.1163639788067, 56.28662858205497, 60.542628782087206, 56.757236743544354, 0.0, 54.78064954570284, 90.01166745778852, 36.423289524658315, 41.3881247055668, 26.340639375825095, 25.132113298464194, 94.21897324691433, 34.322266206527175], [67.04113078937146, 31.790807932112113, 56.04724729976432, 32.01701363483698, 47.20891954162424, 63.199787051881096, 71.26012903557775, 52.69881609070699, 16.637954726106734, 28.732502091679155, 57.212196944796666, 25.504771368228745, 45.490888985481256, 72.4470670156395, 40.331060778550004, 30.36986084141988, 49.473925247494556, 17.253076002214538, 29.3797526514166, 54.78064954570284, 0.0, 37.050911053621746, 26.778379138474243, 33.371250969369896, 60.83330079116821, 39.59659568747916, 44.234784185478794, 63.083461825215785], [94.91529235699309, 50.13538148190154, 20.40436442696138, 66.91548258206038, 77.1537090557962, 65.23157963182983, 100.25882253266128, 43.66520677482142, 31.723051117099864, 60.64553579061992, 85.8779988609352, 35.67489453991555, 50.131084310376544, 72.6210062769221, 75.08385969421771, 14.494933256714027, 80.94667253258736, 44.02913604148639, 42.32660951315356, 90.01166745778852, 37.050911053621746, 0.0, 55.863550162702886, 68.67098918377113, 89.630551608869, 76.64063613216025, 11.496723711763604, 89.17626546602825], [40.6865838557862, 15.042578782467778, 76.25478199889538, 40.81953222078781, 60.51921756449806, 48.158909249770055, 45.36384290747196, 48.60606484517015, 43.41629935614949, 6.448812901741161, 31.016713675588658, 24.046325204667454, 33.67799007381378, 57.11768771140954, 22.04453647903256, 43.58000243410157, 60.40506676233147, 41.06161108659858, 20.759036058774793, 36.423289524658315, 26.778379138474243, 55.863550162702886, 0.0, 40.67663512525673, 34.73852965972318, 35.10268633725064, 58.5513727608461, 36.34917462886968], [67.50797816553917, 54.18024000480312, 85.54787770613017, 2.235242850672303, 20.57920251399336, 88.2266137157108, 69.08799427574723, 83.41613730240125, 38.76548203979385, 36.53277138545103, 58.614348154546995, 55.22391569493661, 72.11471680745537, 97.37551196011805, 33.84377203029312, 63.71083996315811, 19.751043885984366, 26.57690964452996, 56.2885818419277, 41.3881247055668, 33.371250969369896, 68.67098918377113, 40.67663512525673, 0.0, 61.12252540630026, 16.409762358645157, 77.12338761924633, 67.05382781617536], [6.530756501315365, 40.72377598364024, 109.99011425116433, 62.42548659681695, 81.25138606857293, 57.09934393776971, 10.664881001338458, 70.27397015350229, 77.28815016618252, 32.17403239766701, 3.758347771842881, 54.887293089620236, 52.52911081411974, 62.98697072587344, 27.278864453974883, 76.30346981147258, 78.93140107807294, 72.50639829041725, 49.02983751647667, 26.340639375825095, 60.83330079116821, 89.630551608869, 34.73852965972318, 61.12252540630026, 0.0, 46.9413816023152, 90.61067761428563, 8.15179901359777], [53.06890988467394, 50.06864832415986, 95.22348860465858, 18.394835018100604, 34.79252367557684, 82.94664518384327, 53.93867427740275, 82.66274974643636, 50.01785290112774, 29.26840743751972, 44.928095468702466, 55.40661176365541, 68.7214067245292, 91.67802378641795, 20.40125122891733, 68.86160025834435, 32.046547365395945, 39.28514384608561, 54.46872773481013, 25.132113298464194, 39.59659568747916, 76.64063613216025, 35.10268633725064, 16.409762358645157, 46.9413816023152, 0.0, 83.43291582773196, 53.67379221556875], [95.3803229542724, 50.001258931746904, 22.44993955870116, 75.52598024406069, 87.20643961242968, 58.81626007019909, 101.05591190056074, 35.785049680750255, 41.96612722090133, 64.05080807275795, 86.91675186902117, 35.73283190370351, 45.73549043922389, 65.33714333898384, 79.28593336387162, 15.10468232048398, 90.7138113013963, 53.80971314376026, 41.73353896858738, 94.21897324691433, 44.234784185478794, 11.496723711763604, 58.5513727608461, 77.12338761924633, 90.61067761428563, 83.43291582773196, 0.0, 89.11914326006027], [7.32421346712709, 39.22748114906333, 109.35623031820599, 68.1923707686721, 87.44465214995236, 50.888900919685526, 13.511107243358124, 66.01809224957387, 79.71037469280068, 35.179012937007414, 8.815102428999257, 53.72706166853832, 48.41336466126573, 56.13775632777171, 33.479956503929735, 75.35244264552209, 85.43515805684379, 76.1052310108092, 47.412792786856116, 34.322266206527175, 63.083461825215785, 89.17626546602825, 36.34917462886968, 67.05382781617536, 8.15179901359777, 53.67379221556875, 89.11914326006027, 0.0]]",Route_4,1292.7183199160397
