instance_id,num_cities,city_coordinates,distance_matrix,best_route,total_distance
866,61,"[[48.26326134527884, 47.69859059403766], [87.64987404045816, 24.113818479949156], [79.70657648090071, 37.598630355582564], [16.346954704049686, 84.74404199690238], [90.14621762305333, 27.377658861262965], [76.0530176770318, 71.52727292281998], [39.36322988001879, 15.184351627485249], [99.07618065127134, 47.06288858918067], [21.989648537854766, 54.50175527638091], [82.17553816822893, 6.005148300115904], [99.16127805150128, 48.41618919147606], [65.94938657806705, 39.919732264668674], [65.48149120366188, 75.61376700624237], [20.578342602786435, 93.6698677317412], [74.16300446740087, 29.230711383168938], [28.548911868853466, 11.390843078194878], [25.164459265588835, 4.957482701987914], [48.14003730926405, 57.60395181475201], [36.04702597986371, 93.20841035735951], [68.45986016781677, 85.03487324726977], [49.15893987038198, 18.65952790092218], [1.5507715436209435, 20.319970224610252], [32.860508544731296, 29.354254226011477], [51.03885391842372, 56.47535219877797], [99.84190340333147, 90.01665418954167], [31.702743163120783, 28.197422202417133], [65.76624469606345, 42.48560034898651], [19.84978633515979, 64.23115691667181], [95.54490044819796, 24.772889316909474], [32.5571089542128, 92.94187615008386], [96.8884706311741, 77.10207826169362], [28.23086820334124, 76.8566773220192], [84.43936995000986, 50.26585482414806], [53.5821663529102, 75.52169056486848], [31.98287162308471, 42.48193915130878], [18.82748193569127, 36.973258661173325], [97.16092030619055, 12.12953976037625], [91.67222597716567, 26.835574090928503], [20.951593077920506, 21.58524704493582], [57.35664477259492, 32.92293924059733], [25.31632621787635, 72.15981957268941], [84.77016657496776, 20.83164274036794], [2.5518837454703514, 4.073607214678132], [73.90535916366025, 46.07061953073228], [47.67674962582541, 87.77729418605834], [7.226786614093362, 95.2577777934945], [55.549644420426525, 75.11875012107305], [2.116296339380508, 86.50700282601098], [32.195923741588395, 89.92528852150987], [95.63655520431267, 46.76405090050447], [8.795165302636276, 94.38559088623013], [8.254047321873582, 88.57192526351902], [15.720985754942884, 35.14210985523716], [28.404453220884395, 21.12529163170922], [53.174932335141925, 74.26707600849876], [36.91377399937671, 54.7122868210164], [56.13180041105766, 87.95264178703943], [50.31267634012585, 10.85421696052794], [4.551635350106286, 13.978747148523386], [46.75156973913298, 88.62409197083666], [92.91287574204736, 44.644277330616035]]","[[0.0, 45.90802473722375, 33.025615263555665, 48.89801733464231, 46.55236076778555, 36.6070574958467, 33.71032921311648, 50.81689566902217, 27.140113847394247, 53.74370334869919, 50.9030750777784, 19.321223114965083, 32.798239489043056, 53.66388960418311, 31.809735244719413, 41.31474440139768, 48.58350503366887, 9.906127652916824, 47.12090938631447, 42.4487998223811, 29.05287252777292, 54.144672469257934, 23.953276824227274, 9.20518649450084, 66.71712541039098, 25.58410309352132, 18.262795335677442, 32.87326134357461, 52.546561974184456, 47.89194202407465, 56.824079976002345, 35.37641582508948, 36.267088102141564, 28.32694198933326, 17.095746306653293, 31.32886615439536, 60.466010527115294, 48.16226394202629, 37.786689916684246, 17.3496252142405, 33.53973099008474, 45.32755250861551, 63.18757169666887, 25.693724337090572, 40.08299486832424, 62.81614876316601, 28.37175579349766, 60.296229063038275, 45.180231910969106, 47.38251086100399, 61.13433242879518, 57.19586255817877, 34.880724034074234, 33.17397289838527, 27.018677412691666, 13.341768914920106, 41.01588161283985, 36.90132748651151, 55.20628668124525, 40.95341102343575, 44.753959548750906], [45.90802473722375, 0.0, 15.65043537544228, 93.59556778827768, 4.109061366913225, 48.811092384007644, 49.1053498363075, 25.63630826860093, 72.35117079769104, 18.918041360668337, 26.890846853640372, 26.84656526774664, 56.06854640357296, 96.62626101072269, 14.424917464709443, 60.45492397384264, 65.35588925280916, 51.79397869741702, 86.2375588399318, 63.87199344309716, 38.87545882694635, 86.18264753037829, 55.039410772944805, 48.86343887827487, 67.02111111098283, 56.09596485281335, 28.57298728390755, 78.77977364839718, 7.922488014950889, 88.16186413348804, 53.78761327353749, 79.45078611005594, 26.348365062430066, 61.67153329846471, 58.61913523017455, 70.01347625133866, 15.299769197517655, 4.856672596400976, 66.74619357581058, 31.548064093554277, 78.70126685863252, 4.366393554444747, 87.42584297450345, 25.90391479259824, 75.17239396513898, 107.3747453454308, 60.26547762504232, 105.87210381959896, 86.05980590717574, 24.017079437730217, 105.62285305390532, 102.26702709304502, 72.76941789411529, 59.32074831634405, 60.85943514616259, 59.24878152500622, 71.19539540266774, 39.62175367859855, 83.71401880409148, 76.38224060992775, 21.19431356590387], [33.025615263555665, 15.65043537544228, 0.0, 78.97551209416187, 14.610077531095431, 34.12478979259333, 46.15176601019431, 21.558148102957944, 60.14116230395678, 31.689807197308543, 22.25994142780133, 13.95162313478226, 40.58945264121032, 81.48700327315093, 10.037592270945188, 57.48003794827831, 63.563252516470456, 37.371904981672756, 70.70080609016159, 48.75126426572067, 35.942282958605, 80.04300057666364, 47.565994353593005, 34.32446568359838, 56.1522983762078, 48.91575132756669, 14.772113118568189, 65.51432513258754, 20.380189873604362, 72.70451941331282, 43.07829944487165, 64.73749141181906, 13.522496432177995, 46.050442996485685, 47.972895578131904, 60.88230648062471, 30.876021345345976, 16.094102895892487, 60.898083054708536, 22.833780562330986, 64.44202917176867, 17.514902749644218, 84.1235626189051, 10.26784899312921, 59.529892593368594, 92.61693809667547, 44.62417230370907, 91.71848488797524, 70.67772830623046, 18.378497106500152, 90.84705345580676, 87.77095599908367, 64.03272845598879, 53.88208180552578, 45.26039159881458, 46.08797220359789, 55.59942925950349, 39.739967455087594, 78.77921083057568, 60.74232628406427, 14.968215707684097], [48.89801733464231, 93.59556778827768, 78.97551209416187, 0.0, 93.47316792242145, 61.15142631608299, 73.2686798520699, 90.90651323179605, 30.764198344639034, 102.63145610140322, 90.4318806668809, 66.85521663107342, 49.97564005029645, 9.878006306855996, 80.1525139098455, 74.36114274444132, 80.27230799481018, 41.80172958906413, 21.441509741938898, 52.11371699170685, 73.78203964283867, 66.10134688369371, 57.79901426281789, 44.75094070522841, 83.66126282593197, 58.59454282936093, 65.023396664778, 20.809812198831867, 99.34210468809323, 18.165175078075904, 80.90324713860056, 14.26316660399223, 76.32379972687256, 38.360301777636934, 45.06181570720932, 47.83514143238299, 108.6451240111698, 95.01203685631478, 63.32642477148604, 66.08495570398505, 15.453552322204425, 93.62975329167116, 81.84145056574532, 69.34409512844614, 31.47628740311575, 13.91819335939834, 40.36703016935262, 14.339444493316334, 16.674385598924413, 87.91655402240109, 12.246999148713824, 8.952532613697878, 49.60588180157276, 64.75128314182072, 38.28925113812487, 36.399180964288064, 39.914020851621785, 81.32266898082871, 71.74159542162083, 30.651189262928128, 86.43107884718576], [46.55236076778555, 4.109061366913225, 14.610077531095431, 93.47316792242145, 0.0, 46.34443555059198, 52.22632081055004, 21.616024359864042, 73.35553500453841, 22.810434863410705, 22.8886669114622, 27.254178356281976, 54.17629424681588, 96.09550557524837, 16.090273659200584, 63.638088870252375, 68.7407682401123, 51.75082579307039, 85.20804175069027, 61.60075056710141, 41.904209156316035, 88.87611622312008, 57.319799317880495, 48.74486284204979, 63.384935580041486, 58.4492234241336, 28.6815790345866, 79.37108145120338, 5.994213928923719, 87.2649530222027, 50.179436628318555, 79.25707388999986, 23.588930132559025, 60.45475691757786, 60.09254613504351, 71.9613618239945, 16.784254223755035, 1.6194311949104858, 69.43664810884684, 33.255168353219176, 78.79312620775411, 8.47067009903228, 90.641304881407, 24.76271919818917, 73.83611351727443, 107.16035920574161, 58.95875398990577, 106.04502043430006, 85.26689003982466, 20.148846196627616, 105.39476584680025, 102.23045435264244, 74.82915098983703, 62.05753433279583, 59.71175241313576, 59.840412263336255, 69.47164266612542, 43.12464658853049, 86.63696295211467, 75.06144838473953, 17.486866800933782], [36.6070574958467, 48.811092384007644, 34.12478979259333, 61.15142631608299, 46.34443555059198, 0.0, 67.2358930087355, 33.594227691114, 56.680826862424375, 65.80755330688334, 32.68201170019168, 33.183128059914054, 11.333869854158705, 59.73051213128149, 42.3387679085028, 76.63569835978609, 83.79249576925389, 31.19284122502724, 45.50330858442355, 15.495525402025738, 59.31517415274555, 90.40338781566436, 60.36684811339103, 29.19364153416472, 30.129193545880764, 62.003409687787816, 30.809681015027266, 56.67483146903179, 50.65477154556634, 48.4817419963943, 21.568369302536784, 48.11819335276633, 22.855607714804215, 22.823113975307706, 52.78076531384059, 66.84864877076816, 63.036769097399926, 47.34245042668852, 74.36647727060088, 42.8934603270726, 50.7406343622722, 51.43963068009653, 99.76178480105037, 25.547086703085093, 32.69978256150361, 72.80238281640307, 20.815547635487476, 75.43892277951782, 47.55976941104681, 31.571064394614723, 71.03605708464077, 69.90865865280867, 70.45448294681148, 69.35953728796865, 23.041556150987102, 42.598405524886864, 25.819520516148554, 65.90739633716272, 91.7838792678543, 33.92456444551678, 31.732479669621263], [33.71032921311648, 49.1053498363075, 46.15176601019431, 73.2686798520699, 52.22632081055004, 67.2358930087355, 0.0, 67.68956794535043, 42.984875925643706, 43.78528879304023, 68.41170654937947, 36.31339674609806, 65.83219438533459, 80.7022194748679, 37.52765025576067, 11.460374390051745, 17.498398068980563, 43.31806584668361, 78.09450011998459, 75.66841655975622, 10.393882063346693, 38.15961980702846, 15.59075124604724, 42.90998630697375, 96.21612888637017, 15.100432527842667, 37.979960151763564, 52.78601697470437, 56.99403620426368, 78.05482625654366, 84.51602330343599, 62.669013340510084, 57.11891341882229, 61.9901010199595, 28.27769390564763, 29.941165865003548, 57.87836291865049, 53.59087662638083, 19.492558371786902, 25.26698379317234, 58.68150858719038, 45.756767771912685, 38.45157793438729, 46.33702882618769, 73.06743405838343, 86.2815424279572, 62.0816570209116, 80.46275307350159, 75.08380601087397, 64.5287885306097, 84.89548204779793, 79.70895309574883, 30.93974500132613, 12.465534645516717, 60.67562480099948, 39.60375606902975, 74.6753574507648, 11.77456767854924, 34.83246468274571, 73.81045337601344, 61.11834253628496], [50.81689566902217, 25.63630826860093, 21.558148102957944, 90.90651323179605, 21.616024359864042, 33.594227691114, 67.68956794535043, 0.0, 77.44462648152383, 44.40010984202528, 1.3559734834055364, 33.88818625782293, 44.08804619698135, 91.29140749863176, 30.637442639280057, 79.03537481941397, 85.06355131970452, 52.01542763914381, 78.11583397653573, 48.77735846496562, 57.432410932892175, 101.1256105260614, 68.5427674049512, 48.95078376124687, 42.960590202926426, 69.96489048772845, 33.62295943211828, 81.06522678495834, 22.567986339735064, 80.80636360492856, 30.118748169757026, 76.85524147969255, 14.983164559161184, 53.661986050377415, 67.24951460125263, 80.88049380183138, 34.98581259002527, 21.53979564962058, 82.17397034440526, 44.050628162520816, 77.91259250484879, 29.878759973135622, 105.66464974746935, 25.190372213318692, 65.5710632279715, 103.7258816805761, 51.7850434252185, 104.67596339992946, 79.43647834757107, 3.452582682505805, 101.9318394078889, 99.85819960391069, 84.20328664505051, 75.28115297950171, 53.35721516462753, 62.63128686259549, 59.29748486064021, 60.73670433777838, 100.147142142237, 66.82214104350476, 6.620876665829085], [27.140113847394247, 72.35117079769104, 60.14116230395678, 30.764198344639034, 73.35553500453841, 56.680826862424375, 42.984875925643706, 77.44462648152383, 0.0, 77.29335158220205, 77.4112040751548, 46.31515911316934, 48.34519022352821, 39.19353030486166, 57.97141302748925, 43.607048581681035, 49.64588974006494, 26.33375127585378, 41.18027450254488, 55.603523826801414, 44.975945290186196, 39.826399813576835, 27.396576544660455, 29.116171074757947, 85.57033149667687, 28.040366361112266, 45.39579661640532, 9.961940901481887, 79.33587180355597, 39.866202633762185, 78.23431568057048, 23.209811773890358, 62.59321494456895, 37.94634187147425, 15.631394285594512, 17.811442704317415, 86.29093085025646, 74.97385664331162, 32.93287222956254, 41.43029959068985, 17.96869553082023, 71.239525006811, 54.04465576777298, 52.595865424422165, 42.03675358579774, 43.34738127725265, 39.38697500525136, 37.67341235298049, 36.86454612636787, 74.05227160963004, 42.0096980564957, 36.7347685948469, 20.3492506967278, 33.98732182072471, 36.92140069337604, 14.925610350083984, 47.797995176385875, 52.03173555554412, 44.115739727069034, 42.160249086884114, 71.60498605899429], [53.74370334869919, 18.918041360668337, 31.689807197308543, 102.63145610140322, 22.810434863410705, 65.80755330688334, 43.78528879304023, 44.40010984202528, 77.29335158220205, 0.0, 45.68601261732974, 37.59636951775547, 71.58247692159073, 107.14157705836213, 24.568831409568123, 53.89638908587007, 57.02070431736665, 61.81303942423979, 98.652159378984, 80.21107933592332, 35.358578679617366, 81.88569545410532, 54.563292553741114, 59.302062254567424, 85.8488997158907, 55.136195521476, 40.001103659094206, 85.29224713285824, 23.04274182137392, 100.09986596857021, 72.60333209723004, 89.05035981040312, 44.31856356362088, 75.16735036048692, 62.04724043592679, 70.51241087762767, 16.1885715422717, 22.8930932371962, 63.175239843782464, 36.61345297154188, 87.23193517741872, 15.051811650292487, 79.64707900858396, 40.91011911127804, 88.75162113271692, 116.54761786928917, 74.06502666262311, 113.53427140876187, 97.67574823370477, 42.92420204073337, 114.87289390283001, 110.82264870987406, 72.56149161307805, 55.8564974804406, 74.16687881494386, 66.49069587973179, 85.98644058893053, 32.229728989710395, 78.03235590005389, 89.89297743723542, 40.10327555711343], [50.9030750777784, 26.890846853640372, 22.25994142780133, 90.4318806668809, 22.8886669114622, 32.68201170019168, 68.41170654937947, 1.3559734834055364, 77.4112040751548, 45.68601261732974, 0.0, 34.2814748158866, 43.29014069168828, 90.68171351029126, 31.5118428676994, 79.73068739651384, 85.81484929879353, 51.84189414844904, 77.39348739742657, 47.78603438293101, 58.186705652921866, 101.57366046844537, 68.98658856486124, 48.79259998014114, 41.60603248237972, 70.42338012226271, 33.91754909820972, 80.8728998022223, 23.91827368202718, 80.1164910631771, 28.77578644135937, 76.41979067186408, 14.837649446642372, 53.02983714792665, 67.4400001023187, 81.1446822502736, 36.341744014903306, 22.84313571053877, 82.68406303597892, 44.58327217269106, 77.56827247650978, 31.11287984811686, 106.2997631443608, 25.364603996565908, 64.8070463268367, 103.17986789396261, 51.137083884104406, 104.2527628355562, 78.78682634198933, 3.8927152582725486, 101.38648936379167, 99.38112365241872, 84.48954705027047, 75.83746666212085, 52.75426372883088, 62.56510693733344, 58.43515234728722, 61.6205132000303, 100.68228198917299, 66.05643777333168, 7.298619767249534], [19.321223114965083, 26.84656526774664, 13.95162313478226, 66.85521663107342, 27.254178356281976, 33.183128059914054, 36.31339674609806, 33.88818625782293, 46.31515911316934, 37.59636951775547, 34.2814748158866, 0.0, 35.69710131388906, 70.33924007362815, 13.480307349505125, 47.03927111136637, 53.71935582606425, 25.09789916454689, 61.105109297107155, 45.18493580303954, 27.090872821521973, 67.31517132401657, 34.73475457938802, 22.28031722388547, 60.48474421784102, 36.197308441181725, 2.5723957656365193, 52.117353263245064, 33.246372622004856, 62.66092839333158, 48.371001394303384, 52.79227726243924, 21.18777329288026, 37.688825544273655, 34.0630157548768, 47.213934424291004, 41.790604650895176, 28.859308062863736, 48.58965700799331, 11.081079566414179, 51.869729359846296, 26.8062851096428, 72.82985683432767, 10.056386723994558, 51.22729247430585, 80.6885557528407, 36.70320823852977, 79.02554769045267, 60.33118521966608, 30.465926518522156, 78.95020433782818, 75.4704449137849, 50.45510801827226, 41.98634324993217, 36.6459643543653, 32.586599517628784, 49.025966541526834, 33.004710072360496, 66.65297116143157, 52.35141665484383, 27.374277597340377], [32.798239489043056, 56.06854640357296, 40.58945264121032, 49.97564005029645, 54.17629424681588, 11.333869854158705, 65.83219438533459, 44.08804619698135, 48.34519022352821, 71.58247692159073, 43.29014069168828, 35.69710131388906, 0.0, 48.397474393625764, 47.18852107749934, 74.0850819948908, 81.34969929864053, 25.001589277547186, 34.29226177527511, 9.880684414116594, 59.2470339687443, 84.52538600195312, 56.60451423957806, 23.976419522012122, 37.25696023223111, 58.217811481896184, 33.129390435417825, 47.029951112639594, 59.06440061175738, 37.20589083745637, 31.442223635634917, 37.27135280567477, 31.65308545074868, 11.899681087103657, 47.11555508336054, 60.57792886803937, 70.94951259358243, 55.36485069120657, 70.01423281232327, 43.457104193036045, 40.31340014448196, 58.07868917822896, 95.27922101825045, 30.72066265833511, 21.562936166201034, 61.47762004687212, 9.944175292213282, 64.29471601005358, 36.231873390072025, 41.732888760125604, 59.71365770021599, 58.67618084592636, 64.14096144477804, 65.90675757627157, 12.380022933248174, 35.39754709294706, 15.48110295726689, 66.51234672215095, 86.66788913546051, 22.805229964895453, 41.37136870423192], [53.66388960418311, 96.62626101072269, 81.48700327315093, 9.878006306855996, 96.09550557524837, 59.73051213128149, 80.7022194748679, 91.29140749863176, 39.19353030486166, 107.14157705836213, 90.68171351029126, 70.33924007362815, 48.397474393625764, 0.0, 83.80764200274821, 82.6641873628723, 88.83084894175013, 45.39159950942918, 15.475564879145384, 48.653908929058936, 80.27080180057655, 75.77767431584455, 65.47785687424317, 48.07571877093373, 79.34770343221415, 66.41079288351462, 68.27719768049151, 29.447724677611035, 101.81737783837896, 12.000867262203531, 78.08794585358702, 18.472804871505435, 77.21488943413266, 37.66442242500785, 52.44299109061455, 56.72363698826425, 111.86472318553196, 97.57644725914247, 72.0855870162531, 71.01290609179354, 22.025681840560303, 97.08757533675164, 91.39170157938818, 71.48048072435553, 27.73168019030887, 13.445650065483008, 39.587067527480734, 19.802873172594996, 12.20614865460616, 88.50927031413966, 11.804894193538779, 13.337063829060508, 58.72897374889139, 72.96549546833789, 37.9342324139428, 42.24380936099841, 36.01020736717984, 87.99183266339574, 81.28671505954755, 26.655162197220243, 87.38302580394966], [31.809735244719413, 14.424917464709443, 10.037592270945188, 80.1525139098455, 16.090273659200584, 42.3387679085028, 37.52765025576067, 30.637442639280057, 57.97141302748925, 24.568831409568123, 31.5118428676994, 13.480307349505125, 47.18852107749934, 83.80764200274821, 0.0, 48.978631511381316, 54.68132279401191, 38.49981288658281, 74.471295020931, 56.094833418565784, 27.146881341826727, 73.15693868781075, 41.30268069116282, 35.73509188155684, 65.98739798947489, 42.47283221729867, 15.690686924214083, 64.61390602203292, 21.841649509779632, 76.09312095985618, 52.99164631504774, 66.16640970604847, 23.41112870228013, 50.659901807005234, 44.212652534396526, 55.87456570041036, 28.659277796208737, 17.672281135345575, 53.75785921153961, 17.207157602066886, 65.03004156511147, 13.52982786448837, 75.90146573812132, 16.841878978335817, 64.25903869051002, 94.02143776426196, 49.51938278542745, 92.03967467092403, 73.79070103101662, 27.722398451087983, 92.29362231556932, 88.68692291879567, 58.74022627708255, 46.47088165214243, 49.68675186097965, 45.131096344479495, 61.42792060682582, 30.10869806291932, 71.26264886600232, 65.41376316566442, 24.272117502025125], [41.31474440139768, 60.45492397384264, 57.48003794827831, 74.36114274444132, 63.638088870252375, 76.63569835978609, 11.460374390051745, 79.03537481941397, 43.607048581681035, 53.89638908587007, 79.73068739651384, 47.03927111136637, 74.0850819948908, 82.6641873628723, 48.978631511381316, 0.0, 7.2692946806340535, 50.19425878642652, 82.1604286180541, 83.76351815477986, 21.85422232146309, 28.436400837971714, 18.47360295018117, 50.38264042343323, 106.13533254695317, 17.099934318337105, 48.4975648100064, 53.55159709662913, 68.31940900841249, 81.64947421121224, 94.80644345807809, 65.46660679318161, 68.08090659479717, 68.84351406939173, 31.28015880108793, 27.36724660987291, 68.61598483293437, 64.98532526711197, 12.713973613633405, 35.9654923530911, 60.854893921354694, 57.0084044592643, 27.00717334210132, 57.0954832364571, 78.74493056769468, 86.5349395557656, 69.21188983395338, 79.63115357062436, 78.61908048742931, 75.84204453959616, 85.31317991448748, 79.80476786682623, 26.99404308172789, 9.735520373456701, 67.52674693417335, 44.12163195559647, 81.37889629299042, 21.7703792238716, 24.136414973944195, 79.34930048875795, 72.44660609752472], [48.58350503366887, 65.35588925280916, 63.563252516470456, 80.27230799481018, 68.7407682401123, 83.79249576925389, 17.498398068980563, 85.06355131970452, 49.64588974006494, 57.02070431736665, 85.81484929879353, 53.71935582606425, 81.34969929864053, 88.83084894175013, 54.68132279401191, 7.2692946806340535, 0.0, 57.44151718471784, 88.91938197223524, 91.03230314468725, 27.63116251856646, 28.171124768339375, 25.5818614510828, 57.650456859759075, 113.18914840696854, 24.142161135829074, 55.288919272031976, 59.511462788826805, 73.11673433881863, 88.29442088743806, 101.7309022610343, 71.96455412758884, 74.60806672878094, 76.07150259733673, 38.138898501317925, 32.63689923918003, 72.35280785719141, 70.01381232145815, 17.153156810331122, 42.642743428751686, 67.20250846846747, 61.68329839409895, 22.629843294422717, 63.764922510522, 85.8249636849359, 92.06466962828561, 76.45824300064805, 84.74397941288507, 85.25825190831227, 81.93964516968519, 90.9139170768595, 85.30730939949831, 31.627375931729514, 16.489257303418118, 74.75564410727856, 51.123252338212, 88.58426863260121, 25.830298042103085, 22.500482705600213, 86.40662500724818, 78.51681095767061], [9.906127652916824, 51.79397869741702, 37.371904981672756, 41.80172958906413, 51.75082579307039, 31.19284122502724, 43.31806584668361, 52.01542763914381, 26.33375127585378, 61.81303942423979, 51.84189414844904, 25.09789916454689, 25.001589277547186, 45.39159950942918, 38.49981288658281, 50.19425878642652, 57.44151718471784, 0.0, 37.60210620597284, 34.13723263007598, 38.95775040231575, 59.671223950877305, 32.11712024950986, 3.110767562309453, 61.02185045412482, 33.6887017067735, 23.22170833261144, 29.056120657113173, 57.66367759654511, 38.62119304796654, 52.503206438098935, 27.695531299226015, 37.03362279884355, 18.725974752869938, 22.12982760899842, 35.84482392934702, 66.86530581317574, 53.30801551336966, 45.12824606625055, 26.345744150027485, 27.07018792268897, 51.903459274736136, 70.31200138211608, 28.228878189439943, 30.176898868732287, 55.60309967333932, 19.01763490166156, 54.346767066886095, 36.040027247083934, 48.717785910131205, 53.8600772929487, 50.49660955745199, 39.440198375464036, 41.47512420788413, 17.40717885867317, 11.592700907852265, 31.383295883466552, 46.80019304766462, 61.66933814727903, 31.05119864830408, 46.61073078233041], [47.12090938631447, 86.2375588399318, 70.70080609016159, 21.441509741938898, 85.20804175069027, 45.50330858442355, 78.09450011998459, 78.11583397653573, 41.18027450254488, 98.652159378984, 77.39348739742657, 61.105109297107155, 34.29226177527511, 15.475564879145384, 74.471295020931, 82.1604286180541, 88.91938197223524, 37.60210620597284, 0.0, 33.42751155838186, 75.69318437862206, 80.63942134660547, 63.93361516925955, 39.67458212282925, 63.874671763619105, 65.15597727049995, 58.7880550473208, 33.19686414518419, 90.68306129772826, 3.5000801890208404, 62.937233183818485, 18.12378259764039, 64.69839279802775, 24.905846801916592, 50.889018772757055, 58.81245602236202, 101.53172576594865, 86.59974750996854, 73.196650315265, 63.94089365078885, 23.62606804786642, 87.24873019210237, 95.22046883200484, 60.45845445816666, 12.835400069635917, 28.893011334725724, 26.600525060653677, 34.58617175746371, 5.060620262248678, 75.5512443216458, 27.27727377082554, 28.177059050030397, 61.52107903172598, 72.48713626287417, 25.537018679370384, 38.5058798036705, 20.761051688599657, 83.58063143003876, 85.26018509894647, 11.644880083672918, 74.78101286967487], [42.4487998223811, 63.87199344309716, 48.75126426572067, 52.11371699170685, 61.60075056710141, 15.495525402025738, 75.66841655975622, 48.77735846496562, 55.603523826801414, 80.21107933592332, 47.78603438293101, 45.18493580303954, 9.880684414116594, 48.653908929058936, 56.094833418565784, 83.76351815477986, 91.03230314468725, 34.13723263007598, 33.42751155838186, 0.0, 69.12461207250885, 93.085148191066, 66.08816210619409, 33.45351552917329, 31.775002423170598, 67.68738059470857, 42.634448377834694, 52.87469991574753, 66.06894969812124, 36.763136966410414, 29.51465956368957, 41.051853588719005, 38.265250227675004, 17.659173763198808, 56.047505684621804, 69.08901334944106, 78.35137844289471, 62.657580138051415, 79.26468638114217, 53.28165780105266, 45.02367742436181, 66.24259130361311, 104.39630239471438, 39.34293490577995, 20.963266835255865, 62.08056921611562, 16.278917915452997, 66.35989471777665, 36.5922019927751, 46.93856193157574, 60.39297751989597, 60.30962309123139, 72.59942639739127, 75.42459975339845, 18.69691087386798, 43.75631154615584, 12.668639651434287, 76.3681219358427, 95.56795621709179, 22.003008075753808, 47.21599526829832], [29.05287252777292, 38.87545882694635, 35.942282958605, 73.78203964283867, 41.904209156316035, 59.31517415274555, 10.393882063346693, 57.432410932892175, 44.975945290186196, 35.358578679617366, 58.186705652921866, 27.090872821521973, 59.2470339687443, 80.27080180057655, 27.146881341826727, 21.85422232146309, 27.63116251856646, 38.95775040231575, 75.69318437862206, 69.12461207250885, 0.0, 47.63711536333311, 19.49399997038857, 37.86252295019872, 87.52486655032546, 19.891963985214897, 29.042801205694907, 54.18302180665398, 46.78707649051372, 76.11496601312258, 75.45621113809457, 61.8457143579269, 47.36737957900294, 57.03394143259633, 29.368769096071418, 35.43148423087693, 48.44410047544922, 43.292346054451286, 28.358671435379943, 16.451360694743148, 58.57261676540339, 35.67740952313024, 48.83612149726947, 36.92902939662212, 69.13365681177123, 87.32466640825965, 56.819757816716695, 82.56082705554388, 73.25675772934956, 54.31420569393315, 85.81183433892217, 80.99971320560743, 37.27964972081847, 20.90044752775017, 55.75237754583613, 38.075523804129936, 69.64306437940628, 7.890119562963227, 44.85221650059933, 70.00596872011698, 50.888251170439936], [54.144672469257934, 86.18264753037829, 80.04300057666364, 66.10134688369371, 88.87611622312008, 90.40338781566436, 38.15961980702846, 101.1256105260614, 39.826399813576835, 81.88569545410532, 101.57366046844537, 67.31517132401657, 84.52538600195312, 75.77767431584455, 73.15693868781075, 28.436400837971714, 28.171124768339375, 59.671223950877305, 80.63942134660547, 93.085148191066, 47.63711536333311, 0.0, 32.58708208012299, 61.28851395517138, 120.49387684845455, 31.16401197223774, 67.93336552094796, 47.5714857771548, 94.09954706040196, 78.96413223652753, 110.96614195530023, 62.5158124572514, 88.13214935665904, 75.85839422453003, 37.64658791915211, 23.996181732159727, 95.96032355921974, 90.35668012360935, 19.442036972441823, 57.21127786430088, 57.027813998141006, 83.22096801976491, 16.27717840079116, 76.80027532081398, 81.71962071669057, 75.15245937633281, 76.93363731233812, 66.18944857659339, 76.05278225317794, 97.73138743433293, 74.41906613850131, 68.58034173721016, 20.505872183951382, 26.86575445046215, 74.66822751269022, 49.32923457295097, 86.90953327972356, 49.672163675844565, 7.015432537325855, 81.90583132497174, 94.54473015325291], [23.953276824227274, 55.039410772944805, 47.565994353593005, 57.79901426281789, 57.319799317880495, 60.36684811339103, 15.59075124604724, 68.5427674049512, 27.396576544660455, 54.563292553741114, 68.98658856486124, 34.73475457938802, 56.60451423957806, 65.47785687424317, 41.30268069116282, 18.47360295018117, 25.5818614510828, 32.11712024950986, 63.93361516925955, 66.08816210619409, 19.49399997038857, 32.58708208012299, 0.0, 32.649750317171545, 90.36832424328237, 1.6366676540058835, 35.42908018369175, 37.224685810741605, 62.85158623883528, 63.5883457346572, 79.87136301006402, 47.72749490265285, 55.656751463240475, 50.60453814058257, 13.156988943679908, 15.967938639443767, 66.56751265531761, 58.86562542753934, 14.21899223486849, 24.754720819015155, 43.465286282613455, 52.60463385816231, 39.46801047093726, 44.318355467357605, 60.27248624327964, 70.71323863766287, 51.08019157476671, 64.89717448905141, 60.57468009479713, 65.14547608585822, 69.34129716968488, 64.12651945192769, 18.090398399328738, 9.358004831565863, 49.29338063474513, 25.67992947683373, 63.050170894932414, 25.43284371797393, 32.21488040392583, 60.87590038270084, 61.96831135782727], [9.20518649450084, 48.86343887827487, 34.32446568359838, 44.75094070522841, 48.74486284204979, 29.19364153416472, 42.90998630697375, 48.95078376124687, 29.116171074757947, 59.302062254567424, 48.79259998014114, 22.28031722388547, 23.976419522012122, 48.07571877093373, 35.73509188155684, 50.38264042343323, 57.650456859759075, 3.110767562309453, 39.67458212282925, 33.45351552917329, 37.86252295019872, 61.28851395517138, 32.649750317171545, 0.0, 59.217873807339316, 34.25677311161146, 20.312784051824394, 32.13892411913487, 54.642788458191625, 40.882542313477785, 50.275731529045736, 30.58762210696788, 33.97281749902087, 19.21539599631048, 23.64204030868222, 37.655067884143314, 63.98277962623596, 50.29500344116405, 46.07127849898069, 24.385049465394253, 30.12724594297858, 49.07418341133224, 71.39278082503512, 25.12241079243644, 31.481984013866946, 58.5113132350394, 19.181332514765373, 57.40484891950316, 38.39211191955856, 45.6427905905328, 56.76015702239736, 53.48578949594426, 41.26086572651204, 41.975503296949256, 17.919494053230274, 14.234685885038934, 31.886640835937946, 45.62691436314668, 62.984307021795836, 32.43335126941934, 43.51330872527809], [66.71712541039098, 67.02111111098283, 56.1522983762078, 83.66126282593197, 63.384935580041486, 30.129193545880764, 96.21612888637017, 42.960590202926426, 85.57033149667687, 85.8488997158907, 41.60603248237972, 60.48474421784102, 37.25696023223111, 79.34770343221415, 65.98739798947489, 106.13533254695317, 113.18914840696854, 61.02185045412482, 63.874671763619105, 31.775002423170598, 87.52486655032546, 120.49387684845455, 90.36832424328237, 59.217873807339316, 0.0, 92.00305756722996, 58.48377206993376, 84.04540833773883, 65.3851136662753, 67.3483517807124, 13.247982357166899, 72.81020088949052, 42.630553444313485, 48.477492122166524, 82.85165857071628, 96.83459244978197, 77.9332423582457, 63.70708368521491, 104.43437435552748, 71.16663184099613, 76.63503244182024, 70.8076483174364, 129.81354031205913, 51.02899459454104, 52.21319758314038, 92.76329680706766, 46.73062969233368, 97.78860837905034, 67.64604136298186, 43.456560433999165, 91.15150095657367, 91.59925012393676, 100.43676817731902, 99.24378632259214, 49.25297353013342, 72.15502633616502, 43.758807693913084, 93.38006104900617, 121.90979654168096, 53.108594013670626, 45.898409625598255], [25.58410309352132, 56.09596485281335, 48.91575132756669, 58.59454282936093, 58.4492234241336, 62.003409687787816, 15.100432527842667, 69.96489048772845, 28.040366361112266, 55.136195521476, 70.42338012226271, 36.197308441181725, 58.217811481896184, 66.41079288351462, 42.47283221729867, 17.099934318337105, 24.142161135829074, 33.6887017067735, 65.15597727049995, 67.68738059470857, 19.891963985214897, 31.16401197223774, 1.6366676540058835, 34.25677311161146, 92.00305756722996, 0.0, 36.93878952311364, 37.933133577688906, 63.933938344954605, 64.75009079442688, 81.49137653651121, 48.78295834131899, 57.167888917114155, 52.13727587014121, 14.287263433465993, 15.581644881891775, 67.40140800506133, 59.984943938148255, 12.621730803170971, 26.085497485513113, 44.42385287140489, 53.57617133255968, 37.8382221351675, 45.831342769177965, 61.684114876178654, 71.38742004717372, 52.63350371413373, 65.38627553358121, 61.72983644390094, 66.57516070826335, 70.04020843166477, 64.76821717887815, 17.425419835661927, 7.8034445825032375, 50.82782613540809, 27.022081491237074, 64.55590682214452, 25.438482284029575, 30.64887234079188, 62.27238232648979, 63.381222565817794], [18.262795335677442, 28.57298728390755, 14.772113118568189, 65.023396664778, 28.6815790345866, 30.809681015027266, 37.979960151763564, 33.62295943211828, 45.39579661640532, 40.001103659094206, 33.91754909820972, 2.5723957656365193, 33.129390435417825, 68.27719768049151, 15.690686924214083, 48.4975648100064, 55.288919272031976, 23.22170833261144, 58.7880550473208, 42.634448377834694, 29.042801205694907, 67.93336552094796, 35.42908018369175, 20.312784051824394, 58.48377206993376, 36.93878952311364, 0.0, 50.8054168258366, 34.648354513742746, 60.404324881891235, 46.54990322478676, 50.89474845931101, 20.229136571980586, 35.21129111270969, 33.78337327136581, 47.26133049711683, 43.67054008281196, 30.266205378519512, 49.448738789676575, 12.73443592573699, 50.16727211468012, 28.81046557928816, 73.96983606134344, 8.893680163471622, 48.77055835775532, 78.81478836338628, 34.19504913345756, 77.38992054429686, 58.116180732156856, 30.175165102796175, 77.06693782043088, 73.69940427802406, 50.58117036126779, 43.03680112104238, 34.1848408225995, 31.336191973315554, 46.47660028240557, 35.204505251448836, 67.52680265473037, 49.903088810786606, 27.232323871785063], [32.87326134357461, 78.77977364839718, 65.51432513258754, 20.809812198831867, 79.37108145120338, 56.67483146903179, 52.78601697470437, 81.06522678495834, 9.961940901481887, 85.29224713285824, 80.8728998022223, 52.117353263245064, 47.029951112639594, 29.447724677611035, 64.61390602203292, 53.55159709662913, 59.511462788826805, 29.056120657113173, 33.19686414518419, 52.87469991574753, 54.18302180665398, 47.5714857771548, 37.224685810741605, 32.13892411913487, 84.04540833773883, 37.933133577688906, 50.8054168258366, 0.0, 85.36219996321748, 31.3971566713375, 78.10646256444277, 15.154085217755743, 66.0821002547222, 35.57175300323261, 24.90462270361153, 27.277062224372326, 93.22869701002936, 80.97464078961144, 42.660140727459186, 48.85661596854884, 9.630511398791809, 78.09080356367484, 62.59511338874804, 57.024644426453236, 36.45216682570249, 33.496138956484714, 37.32317715699869, 28.472618046239205, 28.506411696058027, 77.77360817273704, 32.116888613269566, 26.961716691989903, 29.38059994577305, 43.946535102224566, 34.80352033829081, 19.539410505501692, 43.34851081477576, 61.457996929093355, 52.529402348279135, 36.31420150397076, 75.64298305591534], [52.546561974184456, 7.922488014950889, 20.380189873604362, 99.34210468809323, 5.994213928923719, 50.65477154556634, 56.99403620426368, 22.567986339735064, 79.33587180355597, 23.04274182137392, 23.91827368202718, 33.246372622004856, 59.06440061175738, 101.81737783837896, 21.841649509779632, 68.31940900841249, 73.11673433881863, 57.66367759654511, 90.68306129772826, 66.06894969812124, 46.78707649051372, 94.09954706040196, 62.85158623883528, 54.642788458191625, 65.3851136662753, 63.933938344954605, 34.648354513742746, 85.36219996321748, 0.0, 92.81418341585112, 52.3464344196957, 85.1111033298407, 27.806907379272552, 65.85067866663694, 65.98289137649067, 77.68147343710442, 12.746207600306658, 4.387741564353491, 74.66138605524787, 39.048254574357514, 84.72056301447687, 11.47293836016017, 95.26889017418819, 30.362197866195274, 79.12594325547744, 112.99649877217651, 64.29872630806308, 111.98216302821075, 90.87314219223508, 21.991352582096965, 111.22699657728964, 108.12034973694043, 80.494584237255, 67.23945733538275, 65.15281048552917, 65.83294396855264, 74.46525080011831, 47.32529490586572, 91.63125994093349, 80.36022151560474, 20.04493990125857], [47.89194202407465, 88.16186413348804, 72.70451941331282, 18.165175078075904, 87.2649530222027, 48.4817419963943, 78.05482625654366, 80.80636360492856, 39.866202633762185, 100.09986596857021, 80.1164910631771, 62.66092839333158, 37.20589083745637, 12.000867262203531, 76.09312095985618, 81.64947421121224, 88.29442088743806, 38.62119304796654, 3.5000801890208404, 36.763136966410414, 76.11496601312258, 78.96413223652753, 63.5883457346572, 40.882542313477785, 67.3483517807124, 64.75009079442688, 60.404324881891235, 31.3971566713375, 92.81418341585112, 0.0, 66.252722905229, 16.65682984162576, 67.17895356618568, 27.304137130513134, 50.46320432188994, 57.628020976671564, 103.4615201607109, 88.68280686003177, 72.29423570385494, 64.94066341324319, 22.00733537302623, 89.02858613115221, 93.79702960863393, 62.50273987962591, 15.977372778458284, 25.435971187990955, 29.091588279279264, 31.113512616678268, 3.03813358473326, 78.1754954189606, 23.805761452641327, 24.692818297154083, 60.201893891470654, 71.93654399207952, 27.818030147645867, 38.477032507521955, 24.096857405371708, 83.9859748077998, 83.78235072798678, 14.836643056742798, 77.30120721097268], [56.824079976002345, 53.78761327353749, 43.07829944487165, 80.90324713860056, 50.179436628318555, 21.568369302536784, 84.51602330343599, 30.118748169757026, 78.23431568057048, 72.60333209723004, 28.77578644135937, 48.371001394303384, 31.442223635634917, 78.08794585358702, 52.99164631504774, 94.80644345807809, 101.7309022610343, 52.503206438098935, 62.937233183818485, 29.51465956368957, 75.45621113809457, 110.96614195530023, 79.87136301006402, 50.275731529045736, 13.247982357166899, 81.49137653651121, 46.54990322478676, 78.10646256444277, 52.3464344196957, 66.252722905229, 0.0, 68.65804099127466, 29.58315392515872, 43.33513142375196, 73.56147643040678, 87.77152225321947, 64.97310973110788, 50.53642893834128, 94.06661427354449, 59.28373790811762, 71.742579942925, 57.56053515177164, 119.30024815023945, 38.615733110994064, 50.356267925056635, 91.48140251585492, 41.386376296986526, 95.2376901549728, 65.95119668685855, 30.363846864392446, 89.77277010513546, 89.37347696949894, 91.37176560515861, 88.45033228921, 43.80537259440092, 64.0177084628398, 42.17630728559449, 80.98199639932649, 111.85099946154249, 51.44381042430696, 32.70036996738587], [35.37641582508948, 79.45078611005594, 64.73749141181906, 14.26316660399223, 79.25707388999986, 48.11819335276633, 62.669013340510084, 76.85524147969255, 23.209811773890358, 89.05035981040312, 76.41979067186408, 52.79227726243924, 37.27135280567477, 18.472804871505435, 66.16640970604847, 65.46660679318161, 71.96455412758884, 27.695531299226015, 18.12378259764039, 41.051853588719005, 61.8457143579269, 62.5158124572514, 47.72749490265285, 30.58762210696788, 72.81020088949052, 48.78295834131899, 50.89474845931101, 15.154085217755743, 85.1111033298407, 16.65682984162576, 68.65804099127466, 0.0, 62.18092561001757, 25.38642368491683, 34.5788975238752, 40.97695397872976, 94.55662017979158, 80.78933496843395, 55.74871165530247, 52.71132897745099, 5.5276602376120065, 79.59583381202202, 77.18021467343621, 55.08121711448214, 22.302515037287858, 27.924396895351393, 27.374000894187407, 27.840611451097185, 13.656876074155374, 73.8179707457322, 26.172683431128146, 23.158592506045316, 43.549997678684846, 55.731656019899525, 25.07812533612455, 23.785854698196765, 30.026362508112417, 69.59835504061854, 67.18883963442691, 21.942844685570794, 72.25926108426093], [36.267088102141564, 26.348365062430066, 13.522496432177995, 76.32379972687256, 23.588930132559025, 22.855607714804215, 57.11891341882229, 14.983164559161184, 62.59321494456895, 44.31856356362088, 14.837649446642372, 21.18777329288026, 31.65308545074868, 77.21488943413266, 23.41112870228013, 68.08090659479717, 74.60806672878094, 37.03362279884355, 64.69839279802775,