instance_id,num_cities,city_coordinates,distance_matrix,best_route,total_distance
133,52,"[[75.30388940367868, 5.977106657933772], [1.555855335565659, 43.23419720411835], [61.98718390068756, 43.66235608858785], [69.06404559010221, 86.41298771144825], [2.897018829234266, 81.97963409808703], [54.36756427965557, 79.7174946855754], [4.733526089305029, 19.359422683407924], [91.82625619771791, 11.338732532805896], [6.349301280954933, 47.991904976950536], [7.488661973617128, 96.87921319395642], [41.48137502401224, 52.72621284516903], [68.02481932314447, 93.88902321310965], [28.220936550923327, 84.50340768015622], [5.8226715480489855, 80.51353015928176], [96.02905855659584, 83.57144351634483], [71.76804779251198, 95.15082085774806], [27.18816580574289, 61.44254846303997], [27.898666465893385, 27.564854824306238], [0.9175743043862705, 64.10080122951844], [82.04963407128623, 4.266652988570585], [70.26715268381348, 94.68199513361124], [9.867640327618354, 1.092211679605326], [80.8562035996957, 20.078409924138853], [15.691175845889004, 12.541691403592093], [30.136707855169753, 13.331395535878531], [19.982976660427244, 11.058813425563773], [36.72910029123456, 95.59451631165452], [58.11773329756505, 80.31799665518062], [69.30520130017375, 99.54347736060943], [35.447878765610966, 13.301061901415157], [84.0593433474594, 66.4372441852105], [70.56779411959585, 82.86012439955287], [42.06421380130691, 64.6255833437549], [88.13252525108935, 54.9761270653659], [96.82577457878662, 76.77747178631047], [64.85019779016487, 0.00039356077393692956], [95.76751426916242, 74.26469273987377], [22.16583827496268, 6.201019095465443], [15.330479594510072, 50.285634874594805], [40.92410326477211, 91.06423223235858], [78.62853006883365, 65.82789616461507], [59.14753427402542, 34.89185768753404], [80.79032693920644, 67.84494579741023], [84.83612262675526, 7.420732586146695], [19.161095652829175, 29.316146503869934], [71.6789356345466, 84.27097649972161], [34.52676830431599, 11.784874534920508], [7.184829296968709, 16.636974492261757], [20.479725510343716, 33.48586770998998], [83.49036667550834, 25.691461219235844], [29.7361184703382, 90.23522080158892], [60.36258053228081, 34.49251739172175]]","[[0.0, 82.6248347948615, 39.96889628328517, 80.67754713470755, 104.97208716452003, 76.65490549316432, 71.82800679768552, 17.370539326655013, 80.74638382591587, 113.41119011842432, 57.70131201513655, 88.21275380375297, 91.5597313318878, 101.89856752218735, 80.31446786796012, 89.24378678703307, 73.42709371879414, 52.08921224856297, 94.40173591996113, 6.959218553515454, 88.84776843718483, 65.61832741005752, 15.155030410288797, 59.97307221250226, 45.761991367686655, 55.553821924496035, 97.5668717757843, 76.30158509026181, 93.75846620670399, 40.52335011311732, 61.09080293774899, 77.0287544725866, 67.4130540156594, 50.65054687358686, 73.99921110256507, 12.041626459752475, 71.28782754112801, 53.13852288629895, 74.56578006609418, 91.77030365796382, 59.94305831474962, 33.12235858418363, 62.1106312688849, 9.640929729011276, 60.800691370087414, 78.37774138510984, 41.18863645309284, 68.94809012631826, 61.33857580040784, 21.346526319073917, 95.79066523873091, 32.192722160562056], [82.6248347948615, 0.0, 60.43284530928582, 80.13590768886684, 38.76864196256117, 64.18806428547099, 24.085316062570868, 95.73957352324378, 6.753732840662018, 53.97208477680373, 41.038341624905925, 83.57053650410072, 49.134247623598895, 37.522718267378266, 102.7242890795322, 87.32174861512964, 31.44136440436117, 30.650807311780454, 20.876363817188246, 89.4299609602163, 85.83774400037119, 42.95384399215485, 82.61195869465857, 33.79108163768816, 41.364751641433145, 37.078485967181045, 63.077414165091646, 67.63471165248447, 88.094885835526, 45.217937162509706, 85.7041826478467, 79.57927997179046, 45.809589679062015, 87.3692891726149, 101.00251869288302, 76.65073753220736, 99.19036410970018, 42.381926308149865, 15.47459358741658, 61.948133110031286, 80.31607823628889, 58.19274964770606, 82.96861115283524, 90.65432790570284, 22.442295380002605, 81.24816087502155, 45.564690258403274, 27.186349586552694, 21.287150826682925, 83.79147769523156, 54.80167378424683, 59.45290484328276], [39.96889628328517, 60.43284530928582, 0.0, 43.33241829767428, 70.42628346170802, 36.85148060006813, 62.19818248855423, 43.99075897644079, 55.806083682550856, 76.17166646731968, 22.419672098194454, 50.588250927779924, 52.99198953795384, 67.17485748550773, 52.45554774668663, 52.409229175360394, 39.078215174759606, 37.69823030137906, 64.39896937081745, 44.20999128695305, 51.68714976988008, 67.29534915034385, 30.20335115660489, 55.78365470499324, 43.9820417031328, 53.17277893868599, 57.748766679959374, 36.859308638622714, 56.3582566557693, 40.32546220160098, 31.715544303344437, 40.12595060916224, 28.92026338975138, 28.48824824456595, 48.06597848904863, 43.75572899988716, 45.58084826242204, 54.67258304448144, 47.12447218368871, 51.87090926352127, 27.717243173700364, 9.218744611121942, 30.63259429353386, 42.84307732878547, 45.16511445863949, 41.749132965443835, 42.074318234878724, 61.1037586449376, 42.73675254094376, 28.023917139697858, 56.6494743926912, 9.312640754972865], [80.67754713470755, 80.13590768886684, 43.33241829767428, 0.0, 66.31538324276289, 16.149804635592947, 92.92252860427378, 78.4491046626624, 73.54807103012858, 62.45854419827605, 43.538517618872, 7.547920114577031, 40.88772495361126, 63.51594280286405, 27.114319052779024, 9.146658187732417, 48.75563704816667, 71.81706748916008, 71.7061727768211, 83.16637431441698, 8.356072667630704, 103.845313898491, 67.37455900222146, 91.1352382063921, 82.80251649585169, 89.92887695054887, 33.61322886777123, 12.52879358843989, 13.132704005772341, 80.46987242206744, 24.97777580686141, 3.8579913624795052, 34.694119180411896, 36.76796328140412, 29.386336341652804, 86.5152757675209, 29.336944459332017, 92.91610064259703, 64.7493763491291, 28.521753621862086, 22.698576108104174, 52.46678983531348, 21.960825458070158, 80.55144184824285, 75.83108655640767, 3.3802162616757276, 82.2324680318177, 93.26161820286246, 71.84508465623233, 62.411717806864495, 39.51322964948368, 52.64456982798974], [104.97208716452003, 38.76864196256117, 70.42628346170802, 66.31538324276289, 0.0, 51.52023217810187, 62.647135900497474, 113.57176688286506, 34.16261092097921, 15.591043711035708, 48.42019411326411, 66.20773328144975, 25.449366237068215, 3.2724462700689685, 93.1456423081773, 70.11917563062552, 31.809302221450892, 59.88364207329032, 17.988075643858053, 110.9253980501507, 68.55716528168827, 81.18721986605793, 99.5459494118587, 70.60678678010194, 73.85513736987808, 72.94993324104901, 36.468818924400885, 55.24570884136239, 68.69159547749672, 76.00200498388898, 82.63709097860098, 67.67650324573209, 42.83961063740296, 89.41074290629912, 94.07270406115227, 102.75598407119526, 93.19039244159445, 78.19006263296907, 34.045565546490465, 39.09717475635208, 77.43474951793364, 73.35788420541392, 79.1653766597011, 110.78378277441215, 55.11772056707403, 68.82007214043325, 76.99185230910601, 65.483192370027, 51.58291337969641, 98.30384592227288, 28.080099383088776, 74.54741467636961], [76.65490549316432, 64.18806428547099, 36.85148060006813, 16.149804635592947, 51.52023217810187, 0.0, 78.14495890906854, 77.96671542239889, 57.55229468728755, 49.92149901174847, 29.909583228799903, 19.681281364017437, 26.58102903908363, 48.55141895762252, 41.83937173258839, 23.25864104409063, 32.751997814488945, 58.485044207682925, 55.68467062717387, 80.36869104779045, 21.834220505456507, 90.3447749430258, 65.25694173196435, 77.51420236872279, 70.66999761834883, 76.78746237575677, 23.73173460971213, 3.7979429008856807, 24.823428223907847, 69.05864930421986, 32.52640154649322, 16.5022291944472, 19.471471976778037, 41.85938199640312, 42.55987965741257, 80.40336943845995, 41.757501220651555, 80.25972427608102, 48.888938960141445, 17.591904303237627, 27.955597079961162, 45.07977202057759, 28.96756468301793, 78.45479499566619, 61.48000757730285, 17.90021717238934, 70.77074300491846, 78.774123342031, 57.321452783966954, 61.37548298379354, 26.783029800767704, 45.62059612827105], [71.82800679768552, 24.085316062570868, 62.19818248855423, 92.92252860427378, 62.647135900497474, 78.14495890906854, 0.0, 87.4612777646703, 28.67803640000449, 77.56873529032394, 49.63614698006946, 97.77754933689413, 69.2488067149832, 61.16380546533244, 111.61567035114591, 101.18282036590546, 47.69905995068833, 24.575452087111866, 44.90381322595201, 78.775454619715, 99.8406036397246, 18.974986874027035, 76.1260728922967, 12.90548519009433, 26.108595426045294, 17.36219619669435, 82.67712058979015, 81.02975576864665, 102.95136649901427, 31.306152681051206, 92.24373453535848, 91.4685189861899, 58.67372108516173, 90.68595642225473, 108.52564026363424, 63.15683830718533, 106.30980991377916, 21.840995698946642, 32.69137537770159, 80.32021905314205, 87.29141218246043, 56.58746171975042, 90.19691184935333, 80.98739589145941, 17.529720840540612, 93.24804382949976, 30.741032209996877, 3.6634152875939803, 21.154177963139198, 79.01097804191421, 75.15655915927263, 57.65069170157769], [17.370539326655013, 95.73957352324378, 43.99075897644079, 78.4491046626624, 113.57176688286506, 77.96671542239889, 87.4612777646703, 0.0, 93.00411212447831, 120.12495007803227, 65.17308176694416, 85.91308915815418, 96.94692556645731, 110.3710523609187, 72.35487601882306, 86.17887138860998, 81.78309788881754, 65.95471001785393, 105.1105338999835, 12.066343658417198, 86.08655159355638, 82.59664584556451, 14.025833840023566, 76.14458332819379, 61.72172292273929, 71.84382485210463, 100.67141445897849, 76.77501803955803, 91.03447107462168, 56.412517923134864, 55.64324686369117, 74.61388412677452, 72.90918551739927, 43.79344528461285, 65.62944292869479, 29.26201732369817, 63.049266317437954, 69.84962365351117, 85.83976374704629, 94.58955796255937, 56.06468521508982, 40.2821122971513, 57.573812381184354, 8.013282156639725, 74.85594812773039, 75.66390642786625, 57.30122472977487, 84.80709000818156, 74.70490638292034, 16.59782741423565, 100.39841166149591, 39.06482611855299], [80.74638382591587, 6.753732840662018, 55.806083682550856, 73.54807103012858, 34.16261092097921, 57.55229468728755, 28.67803640000449, 93.00411212447831, 0.0, 48.900583304215445, 35.44963013176149, 76.8792233841915, 42.56122952909985, 32.52588881761144, 96.47985503561928, 80.64475024572582, 24.8027838129583, 29.692415156273206, 17.0000057771749, 87.421038920927, 79.15463503039484, 47.03147819314553, 79.56407291735209, 36.66044547988594, 42.0379783795753, 39.36915487911756, 56.47070739585148, 61.03234189057241, 81.36958868310383, 45.27893334567359, 79.86915034283054, 73.07398680905071, 39.39840393146263, 82.08090570363778, 94.945253051163, 75.66729848745956, 93.19804821368335, 44.68378884161599, 9.269453098388293, 55.23261995793006, 74.44736056984803, 54.39912357911206, 77.04290707697432, 88.35270881038058, 22.647870309855413, 74.72705102791308, 45.87939299165465, 31.36606084233737, 20.250777913278938, 80.29977435832409, 48.28499715346141, 55.67466031021599], [113.41119011842432, 53.97208477680373, 76.17166646731968, 62.45854419827605, 15.591043711035708, 49.92149901174847, 77.56873529032394, 120.12495007803227, 48.900583304215445, 0.0, 55.722454902189305, 60.60996273524914, 24.14513970272743, 16.450261556872665, 89.53490135619465, 64.30261877499395, 40.54414456470028, 72.25682361944116, 33.4305770824724, 118.89669830548537, 62.81692974871437, 95.81653926707594, 106.21280312252188, 84.73546374195983, 86.56310887254654, 86.72513428009073, 29.268646690371355, 53.26890984776793, 61.87392696331333, 88.13072776903994, 82.40013788328223, 64.61819993558484, 47.28388121445904, 90.8806982335397, 91.57073602548252, 112.58708400501271, 91.12942608173731, 91.85833870228866, 47.24886923728262, 33.937335456956795, 77.62129296695251, 80.69120974449127, 78.84239196004677, 118.26009226339467, 68.56393868911469, 65.41680873600352, 89.28664886627156, 80.24281392221452, 64.71077177305796, 104.13431302317122, 23.21835384955906, 81.77867128334114], [57.70131201513655, 41.038341624905925, 22.419672098194454, 43.538517618872, 48.42019411326411, 29.909583228799903, 49.63614698006946, 65.17308176694416, 35.44963013176149, 55.722454902189305, 0.0, 48.978887213249095, 34.432968795607984, 45.20705848760636, 62.664806980704384, 52.126096270555, 16.741276425666754, 28.593424230560974, 42.12841309300535, 63.19899195099536, 50.88131939046661, 60.54335882505539, 51.14935152017947, 47.74861398130656, 40.99576934275276, 46.8866005015539, 43.1309118525274, 32.21917054215436, 54.46119320538919, 39.88415229183039, 44.731149850636186, 41.881647548435325, 11.913635855729938, 46.7053736898396, 60.34455749056701, 57.67247087377602, 58.4028340949173, 50.37542668158099, 26.26453412103876, 38.34206935398986, 39.38991284233886, 25.102936213429057, 42.11614639009882, 62.70742126094976, 32.345418181122426, 43.668807870704214, 41.527818835810145, 49.78640551094386, 28.48262914858425, 49.95631266468099, 39.30491991324233, 26.248191772663798], [88.21275380375297, 83.57053650410072, 50.588250927779924, 7.547920114577031, 66.20773328144975, 19.681281364017437, 97.77754933689413, 85.91308915815418, 76.8792233841915, 60.60996273524914, 48.978887213249095, 0.0, 40.89546261722858, 63.6239813456201, 29.844427718478215, 3.950176283395268, 52.15751138817127, 77.5177621941567, 73.42152615514985, 90.7130898679129, 2.378416146739914, 109.51486519875914, 74.91762847652427, 96.72744508221143, 89.02269580052646, 95.75417640958612, 31.342155899577687, 16.802473489169564, 5.797605515493343, 86.92339480522054, 31.79160474846994, 11.318274155323374, 39.11907401828172, 43.801065332818105, 33.500749482205535, 93.94228547289613, 33.98192857079457, 98.95570831899232, 68.39553285146677, 27.24753667694484, 29.99775879645009, 59.66130848293121, 29.004347141948923, 88.08737254972999, 80.97728013113064, 10.288799181545416, 88.67474641762571, 98.3330230286521, 76.87052192096839, 69.92918286964657, 38.462642720672775, 59.88868680375604], [91.5597313318878, 49.134247623598895, 52.99198953795384, 40.88772495361126, 25.449366237068215, 26.58102903908363, 69.2488067149832, 96.94692556645731, 42.56122952909985, 24.14513970272743, 34.432968795607984, 40.89546261722858, 0.0, 22.750854879994396, 67.81452622512965, 44.82988182966417, 23.083973731655384, 56.9394648668753, 34.08430635857552, 96.6202125860651, 43.26069733188942, 85.40650502451612, 83.19285830621776, 73.04439412298616, 71.19779134464345, 73.90515819872883, 13.978610120739576, 30.188344127460763, 43.75066292045629, 71.5681684701365, 58.688277679631696, 42.37872963978212, 24.223216660464733, 66.79265499351283, 69.03849568367761, 92.1002832470841, 68.31816336139663, 78.53615901735616, 36.56528211730576, 14.297372603545623, 53.75593190182815, 58.46161423872106, 55.14567216105552, 95.6400444063558, 55.92597351176298, 43.458620647759176, 72.99142810561278, 71.05188640737714, 51.601509018460895, 80.70659795096401, 5.928697825656989, 59.44892282679446], [101.89856752218735, 37.522718267378266, 67.17485748550773, 63.51594280286405, 3.2724462700689685, 48.55141895762252, 61.16380546533244, 110.3710523609187, 32.52588881761144, 16.450261556872665, 45.20705848760636, 63.6239813456201, 22.750854879994396, 0.0, 90.25820234878952, 67.55029923705143, 28.638901650271794, 57.36646905066876, 17.130021888242798, 107.81528692075412, 65.98360818102255, 79.52425794358527, 96.34539267646208, 68.68448326154869, 71.44656446674719, 70.88350948871431, 34.38958390247934, 52.29542730236483, 66.27345225816084, 73.45181272098199, 79.49288421659196, 64.78763308944926, 39.5711541265565, 86.180455866728, 91.0797611623422, 99.8329305349375, 90.16164761815317, 76.08842487049867, 31.68791673793577, 36.65280102254947, 74.27220799716287, 70.17747490373, 76.03053586935447, 107.63680833448382, 52.9063857276077, 65.96336803432493, 74.48189897233543, 63.89107791871136, 49.25880902232764, 95.06697696508036, 25.81403131341299, 71.36200171071584], [80.31446786796012, 102.7242890795322, 52.45554774668663, 27.114319052779024, 93.1456423081773, 41.83937173258839, 111.61567035114591, 72.35487601882306, 96.47985503561928, 89.53490135619465, 62.664806980704384, 29.844427718478215, 67.81452622512965, 90.25820234878952, 0.0, 26.88268258395348, 72.31014113535265, 88.19573857818776, 97.0839860518709, 80.52747425316794, 28.05566166459169, 119.27536910698451, 65.28078463287743, 107.23526044934283, 96.30922189104186, 105.0765820458642, 60.50652303442089, 38.05067015670611, 31.13310796859121, 92.7793397108186, 20.90107339126094, 25.47119866862874, 57.19396897524917, 29.665592210111015, 6.840526901381321, 89.19776762547936, 9.31042509392744, 106.96708786089334, 87.29378960404453, 55.61203089671079, 24.85179800892683, 61.07330767094892, 21.898439940107117, 76.9689066435539, 94.08677364479406, 24.360168979580987, 94.52958897826896, 111.23632597435571, 90.64362430743621, 59.222556047527185, 66.62702029197675, 60.669915478803475], [89.24378678703307, 87.32174861512964, 52.409229175360394, 9.146658187732417, 70.11917563062552, 23.25864104409063, 101.18282036590546, 86.17887138860998, 80.64475024572582, 64.30261877499395, 52.126096270555, 3.950176283395268, 44.82988182966417, 67.55029923705143, 26.88268258395348, 0.0, 55.889296880441236, 80.57534004057212, 77.35562883465592, 91.46388897089774, 1.5724133320878129, 112.59965543840023, 75.62050951534466, 99.8442979668416, 91.80188900550756, 98.75808476337323, 35.04175662910026, 20.157970126856238, 5.035974979778296, 89.54628813832798, 31.233722668756013, 12.349163060986779, 42.5923453106631, 43.37974347323825, 31.07200714142043, 95.40157474303939, 31.815165234839306, 101.84520814732637, 72.09773933631378, 31.11348776051083, 30.11478257638385, 61.566386964150425, 28.757822132624316, 88.6980437665699, 84.27155961953034, 10.880209291717561, 91.30604527750883, 101.66324892676934, 80.20634918280945, 70.4415743818012, 42.31839087744622, 61.721264267679615], [73.42709371879414, 31.44136440436117, 39.078215174759606, 48.75563704816667, 31.809302221450892, 32.751997814488945, 47.69905995068833, 81.78309788881754, 24.8027838129583, 40.54414456470028, 16.741276425666754, 52.15751138817127, 23.083973731655384, 28.638901650271794, 72.31014113535265, 55.889296880441236, 0.0, 33.885143314850744, 26.404739832114256, 79.2392814427205, 54.411946532050564, 62.78665266370191, 67.75876502503976, 50.23419750812721, 48.20142047904764, 50.896321153364134, 35.459643805165975, 36.23424746956073, 56.79370970183927, 48.84491361997189, 57.09008513164531, 48.3787630230903, 15.212774731066396, 61.286454897439505, 71.30607568053428, 72.06640723825268, 69.76771760293627, 55.46936398314868, 16.28132190898802, 32.65149502255411, 51.626953715895105, 41.5492528638962, 53.98316746732208, 79.00407278282724, 33.11403868575929, 50.00565694584507, 50.197008542178075, 49.06804388126896, 28.75028991027553, 66.69391322972068, 28.905190592280487, 42.74161867774024], [52.08921224856297, 30.650807311780454, 37.69823030137906, 71.81706748916008, 59.88364207329032, 58.485044207682925, 24.575452087111866, 65.95471001785393, 29.692415156273206, 72.25682361944116, 28.593424230560974, 77.5177621941567, 56.9394648668753, 57.36646905066876, 88.19573857818776, 80.57534004057212, 33.885143314850744, 0.0, 45.418660415651615, 58.95026294580018, 79.37127407127228, 32.02996626076646, 53.484087320634856, 19.357641034045923, 14.408337606241847, 18.30594296269276, 68.60037466098073, 60.795443687873416, 83.03868513654396, 16.138351678325915, 68.30142225767635, 69.8442645614309, 39.67568940427017, 66.1777575173745, 84.6925492653009, 46.10005631186788, 82.38358673597293, 22.119647287324096, 25.96522996870243, 64.82154684217164, 63.54194987394632, 32.09636599753715, 66.48318190659771, 60.395857265345455, 8.911350417317264, 71.64004609118241, 17.115475801563427, 23.419684430243933, 9.492053439291478, 55.623257148383736, 62.697296605158265, 33.19485238945577], [94.40173591996113, 20.876363817188246, 64.39896937081745, 71.7061727768211, 17.988075643858053, 55.68467062717387, 44.90381322595201, 105.1105338999835, 17.0000057771749, 33.4305770824724, 42.12841309300535, 73.42152615514985, 34.08430635857552, 17.130021888242798, 97.0839860518709, 77.35562883465592, 26.404739832114256, 45.418660415651615, 0.0, 100.80940639513534, 75.79296433049734, 63.6410719495644, 91.25872774620993, 53.633954809887236, 58.57721673094342, 56.36436850699747, 47.68982578267062, 59.45465176349997, 77.02629951807609, 61.424388006622564, 83.17459182524985, 72.13227659033649, 41.14998588282835, 87.69097642994846, 96.74234262348585, 90.5331022834939, 95.39295467672606, 61.675550203740364, 19.964735418138968, 48.24467816146265, 77.73014539249708, 65.14515040204151, 79.9604604289423, 101.26674149962125, 39.278470891490585, 73.57993087607672, 62.18146112178015, 47.875811572091095, 36.33114248423643, 91.06889392097574, 38.903937772594986, 66.41053558927193], [6.959218553515454, 89.4299609602163, 44.20999128695305, 83.16637431441698, 110.9253980501507, 80.36869104779045, 78.775454619715, 12.066343658417198, 87.421038920927, 118.89669830548537, 63.19899195099536, 90.7130898679129, 96.6202125860651, 107.81528692075412, 80.52747425316794, 91.46388897089774, 79.2392814427205, 58.95026294580018, 100.80940639513534, 0.0, 91.179827609241, 72.25176328945179, 15.856731494227052, 66.87242510049916, 52.69840097924157, 62.43719568941892, 101.95454576069035, 79.72792953626767, 96.12540678237852, 47.46940216575851, 62.203065367507875, 79.42774324570178, 72.40189436602375, 51.0730097629903, 74.00103493206066, 17.720653991701823, 71.32955773133816, 59.91502959367776, 81.05055377924414, 96.0475353494258, 61.65622932012369, 38.24146098120609, 63.59076325174481, 4.208650208511715, 67.69376182324908, 80.67368323401818, 48.11389015581127, 75.87993046913894, 68.15142074189822, 21.473195341114245, 100.63448000736211, 37.20122538467474], [88.84776843718483, 85.83774400037119, 51.68714976988008, 8.356072667630704, 68.55716528168827, 21.834220505456507, 99.8406036397246, 86.08655159355638, 79.15463503039484, 62.81692974871437, 50.88131939046661, 2.378416146739914, 43.26069733188942, 65.98360818102255, 28.05566166459169, 1.5724133320878129, 54.411946532050564, 79.37127407127228, 75.79296433049734, 91.179827609241, 0.0, 111.3873810619223, 75.35132995114388, 98.61828808427707, 90.71037789059996, 97.57732768080922, 33.5504642767838, 18.81310297934145, 4.955740096888222, 88.516880480132, 31.432315845949788, 11.82569291524581, 41.21642453308894, 43.53995287113295, 32.03017878898251, 94.83643327707621, 32.66702738268142, 100.71057327074476, 70.63338342716825, 29.56522886124821, 30.04116607402836, 60.8153471534949, 28.82645336289312, 88.46910662245821, 82.97302713738046, 10.506304778330854, 90.27351593434314, 100.35140642158997, 78.89077205986544, 70.24633199008142, 40.77423863634778, 60.99896540390113], [65.61832741005752, 42.95384399215485, 67.29534915034385, 103.845313898491, 81.18721986605793, 90.3447749430258, 18.974986874027035, 82.59664584556451, 47.03147819314553, 95.81653926707594, 60.54335882505539, 109.51486519875914, 85.40650502451612, 79.52425794358527, 119.27536910698451, 112.59965543840023, 62.78665266370191, 32.02996626076646, 63.6410719495644, 72.25176328945179, 111.3873810619223, 0.0, 73.4836841701235, 12.845394189457322, 23.677684006340172, 14.20046405890968, 98.2457307578583, 92.76204221881163, 115.00206680124447, 28.344393136617704, 98.86547461142787, 101.83565299514055, 71.22575839162114, 95.02035860479565, 115.28215694487946, 54.99339680295115, 112.84059698392464, 13.317116278099082, 49.495812939047916, 95.18123960377831, 94.43923339241111, 59.75720891767301, 97.39586740928945, 75.23512155303887, 29.714622811774436, 103.63080210304514, 26.877604646035504, 15.774572131374013, 34.0876121624894, 77.62363630241312, 91.3303481819148, 60.54188143702898], [15.155030410288797, 82.61195869465857, 30.20335115660489, 67.37455900222146, 99.5459494118587, 65.25694173196435, 76.1260728922967, 14.025833840023566, 79.56407291735209, 106.21280312252188, 51.14935152017947, 74.91762847652427, 83.19285830621776, 96.34539267646208, 65.28078463287743, 75.62050951534466, 67.75876502503976, 53.484087320634856, 91.25872774620993, 15.856731494227052, 75.35132995114388, 73.4836841701235, 0.0, 65.59941286484468, 51.16629214369923, 61.537816657700716, 87.46361283600275, 64.38824303556963, 80.30020296864996, 45.91131026728461, 46.469362146356325, 63.61914053256786, 59.07003582355141, 35.64821900801823, 58.9051000619351, 25.677207072855182, 56.20053764216282, 60.30871378302122, 72.15328783646113, 81.44666724877422, 45.80369003287427, 26.281258693794253, 47.76658129976352, 13.26863033830813, 62.38286721281745, 64.84526082039285, 47.06590383750207, 73.75171095970778, 61.84722330673691, 6.200416111146469, 86.80576718241164, 25.055041020048417], [59.97307221250226, 33.79108163768816, 55.78365470499324, 91.1352382063921, 70.60678678010194, 77.51420236872279, 12.90548519009433, 76.14458332819379, 36.66044547988594, 84.73546374195983, 47.74861398130656, 96.72744508221143, 73.04439412298616, 68.68448326154869, 107.23526044934283, 99.8442979668416, 50.23419750812721, 19.357641034045923, 53.633954809887236, 66.87242510049916, 98.61828808427707, 12.845394189457322, 65.59941286484468, 0.0, 14.467101563468233, 4.540757792416643, 85.67593588737354, 79.96024218795785, 102.19478697626093, 19.771291151847272, 87.05709010275385, 89.1971145955157, 58.380381384780875, 83.95493096643901, 103.48458142605178, 50.73355487347669, 101.1036540844951, 9.062305384917371, 37.745666910627065, 82.47720924189858, 82.46532710429321, 48.86701362631563, 85.41867137586452, 69.33431967315175, 17.129585149028944, 90.99296448931781, 18.850790833083302, 9.440830217023922, 21.48461610181639, 69.06262899249893, 78.9528018732804, 49.773217278135995], [45.761991367686655, 41.364751641433145, 43.9820417031328, 82.80251649585169, 73.85513736987808, 70.66999761834883, 26.108595426045294, 61.72172292273929, 42.0379783795753, 86.56310887254654, 40.99576934275276, 89.02269580052646, 71.19779134464345, 71.44656446674719, 96.30922189104186, 91.80188900550756, 48.20142047904764, 14.408337606241847, 58.57721673094342, 52.69840097924157, 90.71037789059996, 23.677684006340172, 51.16629214369923, 14.467101563468233, 0.0, 10.404945296502516, 82.52684822408396, 72.59574721927214, 94.69262870628008, 5.311257531818307, 75.68277068924003, 80.42957710892061, 52.66269173679627, 71.39886903574825, 92.0480103643889, 37.185238968268706, 89.55595713687279, 10.69471972735464, 39.81005149971403, 78.47777902441395, 71.46565188861376, 36.14528430788646, 74.41448977468856, 55.017832680498046, 19.390108992083295, 82.2081555333732, 4.654498679080519, 23.18869512472171, 22.348603012835376, 54.76663339309803, 76.90486858680767, 36.89710635389683], [55.553821924496035, 37.078485967181045, 53.17277893868599, 89.92887695054887, 72.94993324104901, 76.78746237575677, 17.36219619669435, 71.84382485210463, 39.36915487911756, 86.72513428009073, 46.8866005015539, 95.75417640958612, 73.90515819872883, 70.88350948871431, 105.0765820458642, 98.75808476337323, 50.896321153364134, 18.30594296269276, 56.36436850699747, 62.43719568941892, 97.57732768080922, 14.20046405890968, 61.537816657700716, 4.540757792416643, 10.404945296502516, 0.0, 86.17840633884856, 79.06386105805463, 101.30260408850104, 15.626607928478073, 84.69091663934209, 87.83081472331278, 57.9394500590072, 81.07460397959257, 101.1125988621515, 46.20991432377638, 98.68272047559753, 5.325697192081778, 39.5017626181735, 82.7006518832218, 80.24308916445887, 45.846227455068586, 83.1997516683735, 64.95510891318696, 18.275822813839675, 89.62417640486808, 14.561903725659244, 13.9609618874498, 22.43255498815267, 65.17133547796361, 79.77485355761252, 46.68673141719539], [97.5668717757843, 63.077414165091646, 57.748766679959374, 33.61322886777123, 36.468818924400885, 23.73173460971213, 82.67712058979015, 100.67141445897849, 56.47070739585148, 29.268646690371355, 43.1309118525274, 31.342155899577687, 13.978610120739576, 34.38958390247934, 60.50652303442089, 35.04175662910026, 35.459643805165975, 68.60037466098073, 47.68982578267062, 101.95454576069035, 33.5504642767838, 98.2457307578583, 87.46361283600275, 85.67593588737354, 82.52684822408396, 86.17840633884856, 0.0, 26.28394328661747, 32.8145798435813, 82.30342743390378, 55.59045264806565, 36.155524299622265, 31.425121246156177, 65.51462159370561, 62.97373599440406, 99.64453035192031, 62.77336774964747, 90.57199316066414, 50.10784075172088, 6.17426301570569, 51.39663306741107, 64.71011471383171, 52.071396730344794, 100.44352509974405, 68.5671721113864, 36.7384477679318, 83.83857298955586, 84.30395814399094, 64.19911535134186, 84.10144555900769, 8.81043943918782, 65.51332429601926], [76.30158509026181, 67.63471165248447, 36.859308638622714, 12.52879358843989, 55.24570884136239, 3.7979429008856807, 81.02975576864665, 76.77501803955803, 61.03234189057241, 53.26890984776793, 32.21917054215436, 16.802473489169564, 30.188344127460763, 52.29542730236483, 38.05067015670611, 20.157970126856238, 36.23424746956073, 60.795443687873416, 59.45465176349997, 79.72792953626767, 18.81310297934145, 92.76204221881163, 64.38824303556963, 79.96024218795785, 72.59574721927214, 79.06386105805463, 26.28394328661747, 0.0, 22.24361815587133, 70.7473805047962, 29.421801799233183, 12.706944083491248, 22.449216550992407, 39.28228723382235, 38.86962536706317, 80.59927695069456, 38.13329903772193, 82.37636261879706, 52.27515503152127, 20.275662573261688, 25.112861175480795, 45.4378101536491, 25.87708445979809, 77.63944511069518, 64.17794274857992, 14.125588783335767, 72.47980723527891, 81.544057377887, 60.08217648962042, 60.231461033799036, 30.06438748704465, 45.88043034707619], [93.75846620670399, 88.094885835526, 56.3582566557693, 13.132704005772341, 68.69159547749672, 24.823428223907847, 102.95136649901427, 91.03447107462168, 81.36958868310383, 61.87392696331333, 54.46119320538919, 5.797605515493343, 43.75066292045629, 66.27345225816084, 31.13310796859121, 5.035974979778296, 56.79370970183927, 83.03868513654396, 77.02629951807609, 96.12540678237852, 4.955740096888222, 115.00206680124447, 80.30020296864996, 102.19478697626093, 94.69262870628008, 101.30260408850104, 32.8145798435813, 22.24361815587133, 0.0, 92.65026990487229, 36.245101498207546, 16.731061133438335, 44.28691367080918, 48.38095533876593, 35.71656427195247, 99.64272471513041, 36.59605114722417, 104.57023506429917, 73.07260519223924, 29.62067392278651, 34.98092158180241, 65.44471044909658, 33.715056194636574, 93.42274681271829, 86.29200038493724, 15.45586934585045, 94.39868522158761, 103.59743643389986, 82.14338000628469, 75.20198936777733, 40.64918149437864, 65.66275853992259], [40.52335011311732, 45.217937162509706, 40.32546220160098, 80.46987242206744, 76.00200498388898, 69.05864930421986, 31.306152681051206, 56.412517923134864, 45.27893334567359, 88.13072776903994, 39.88415229183039, 86.92339480522054, 71.5681684701365, 73.45181272098199, 92.7793397108186, 89.54628813832798, 48.84491361997189, 16.138351678325915, 61.424388006622564, 47.46940216575851, 88.516880480132, 28.344393136617704, 45.91131026728461, 19.771291151847272, 5.311257531818307, 15.626607928478073, 82.30342743390378, 70.7473805047962, 92.65026990487229, 0.0, 72.01755589083146, 77.92221525400117, 51.7492259902481, 67.17501791380015, 88.29779559155642, 32.27079395257235, 85.76142904761538, 15.060650963405891, 42.101881043699954, 77.95575472461627, 67.9973305702818, 32.059883560228485, 70.92935130702227, 49.73707776441899, 22.841677674518092, 79.68323700710809, 1.7740542867187052, 28.4592388879374, 25.129106577891772, 49.61454060885465, 77.14589432593183, 32.70810526337083], [61.09080293774899, 85.7041826478467, 31.715544303344437, 24.97777580686141, 82.63709097860098, 32.52640154649322, 92.24373453535848, 55.64324686369117, 79.86915034283054, 82.40013788328223, 44.731149850636186, 31.79160474846994, 58.688277679631696, 79.49288421659196, 20.90107339126094, 31.233722668756013, 57.09008513164531, 68.30142225767635, 83.17459182524985, 62.203065367507875, 31.432315845949788, 98.86547461142787, 46.469362146356325, 87.05709010275385, 75.68277068924003, 84.69091663934209, 55.59045264806565, 29.421801799233183, 36.245101498207546, 72.01755589083146, 0.0, 21.25400891837829, 42.03418871112649, 12.163388362411744, 16.42869663810117, 69.15812601520535, 14.083686208081748, 86.36671108257862, 70.60121242651744, 49.67028767045191, 5.4648913875301615, 40.195890842211924, 3.5592263353735802, 59.021623388137805, 74.7646871651397, 21.70982504313631, 73.75877913032843, 91.59562092146939, 71.61117940604942, 40.74975538532146, 59.307305216844696, 39.774390477158406], [77.0287544725866, 79.57927997179046, 40.12595060916224, 3.8579913624795052, 67.67650324573209, 16.5022291944472, 91.4685189861899, 74.61388412677452, 73.07398680905071, 64.61819993558484, 41.881647548435325, 11.318274155323374, 42.37872963978212, 64.78763308944926, 25.47119866862874, 12.349163060986779, 48.3787630230903, 69.8442645614309, 72.13227659033649, 79.42774324570178, 11.82569291524581, 101.83565299514055, 63.61914053256786, 89.1971145955157, 80.42957710892061, 87.83081472331278, 36.155524299622265, 12.706944083491248, 16.731061133438335, 77.92221525400117, 21.25400891837829, 0.0, 33.83714790694881, 32.95507680243824, 26.95329665567144, 83.05676313498627, 26.625313914256214, 90.66072884997662, 64.1268920481482, 30.75801997575046, 18.843361236529628, 49.308994578025235, 18.16468457480773, 76.77686523663773, 74.2267217122409, 1.7958672319516304, 79.69094481267989, 91.6673650398545, 70.33229585796268, 58.61099667543078, 41.49238223174834, 49.43249732743344], [67.4130540156594, 45.809589679062015, 28.92026338975138, 34.694119180411896, 42.83961063740296, 19.471471976778037, 58.67372108516173, 72.90918551739927, 39.39840393146263, 47.28388121445904, 11.913635855729938, 39.11907401828172, 24.223216660464733, 39.5711541265565, 57.19396897524917, 42.5923453106631, 15.212774731066396, 39.67568940427017, 41.14998588282835, 72.40189436602375, 41.21642453308894, 71.22575839162114, 59.07003582355141, 58.380381384780875, 52.66269173679627, 57.9394500590072, 31.425121246156177, 22.449216550992407, 44.28691367080918, 51.7492259902481, 42.03418871112649, 33.83714790694881, 0.0, 47.06804995219896, 56.09364430580277, 68.52456654971849, 54.56149659871067, 61.72013493334179, 30.336886239985578, 26.46321989271869, 36.58407823399307, 34.2918981652082, 38.85969806081102, 71.4271036426138, 42.08692375159957, 35.5383345348747, 53.375589851917674, 59.32518894114939, 37.88894330189838, 56.850611320931904, 28.42244650291646, 35.253820909098515], [50.65054687358686, 87.3692891726149, 28.48824824456595, 36.76796328140412, 89.41074290629912, 41.85938199640312, 90.68595642225473, 43.79344528461285, 82.08090570363778, 90.8806982335397, 46.7053736898396, 43.801065332818105, 66.79265499351283, 86.180455866728, 29.665592210111015, 43.37974347323825, 61.286454897439505, 66.1777575173745, 87.69097642994846, 51.0730097629903, 43.53995287113295, 95.02035860479565, 35.64821900801823, 83.95493096643901, 71.39886903574825, 81.07460397959257, 65.51462159370561, 39.28228723382235, 48.38095533876593, 67.17501791380015, 12.163388362411744, 32.95507680243824, 47.06804995219896, 0.0, 23.47064582654186, 59.702579897066705, 20.744681802474084, 82.04032513393476, 72.95298875833902, 59.42210397640027, 14.425214626055256, 35.2634028190955, 14.816017400409306, 47.6695061264103, 73.59003127628164, 33.599238304627896, 68.84084160573029, 89.56796358243564, 70.9840303161405, 29.650316861044445, 68.21542359322208, 34.5072180122926], [73.99921110256507, 101.00251869288302, 48.06597848904863, 29.386336341652804, 94.07270406115227, 42.55987965741257, 108.52564026363424, 65.62944292869479, 94.945253051163, 91.57073602548252, 60.34455749056701, 33.500749482205535, 69.03849568367761, 91.0797611623422, 6.840526901381321, 31.07200714142043, 71.30607568053428, 84.6925492653009, 96.74234262348585, 74.00103493206066, 32.03017878898251, 115.28215694487946, 58.9051000619351, 103.48458142605178, 92.0480103643889, 101.1125988621515, 62.97373599440406, 38.86962536706317, 35.71656427195247, 88.29779559155642, 16.42869663810117, 26.95329665567144, 56.09364430580277, 23.47064582654186, 0.0, 83.16944902916697, 2.7265313897216132, 102.73821958411648, 85.69305997297093, 57.69842614615132, 21.23753549850452, 56.33874742035849, 18.35553326776686, 70.38543191890196, 91.01856816187392, 26.23959073189712, 90.02890580401338, 107.94618328497471, 87.7660651497034, 52.79785582394494, 68.42611318282005, 55.83531040681681], [12.041626459752475, 76.65073753220736, 43.75572899988716, 86.5152757675209, 102.75598407119526, 80.40336943845995, 63.15683830718533, 29.26201732369817, 75.66729848745956, 112.58708400501271, 57.67247087377602, 93.94228547289613, 92.1002832470841, 99.8329305349375, 89.19776762547936, 95.40157474303939, 72.06640723825268, 46.10005631186788, 90.5331022834939, 17.720653991701823, 94.83643327707621, 54.99339680295115, 25.677207072855182, 50.73355487347669, 37.185238968268706, 46.20991432377638, 99.64453035192031, 80.59927695069456, 99.64272471513041, 32.27079395257235, 69.15812601520535, 83.05676313498627, 68.52456654971849, 59.702579897066705, 83.16944902916697, 0.0, 80.44293996880857, 43.132381156672764, 70.57483959716991, 94.15455757870896, 67.25401504326798, 35.35441471849443, 69.69197217382928, 21.318973306079034, 54.2854255278204, 84.54680839285034, 32.532819853392226, 60.01725209092836, 55.587910460208825, 31.740933406341316, 96.82624961062369, 34.78283075056854], [71.28782754112801, 99.19036410970018, 45.58084826242204, 29.336944459332017, 93.19039244159445, 41.757501220651555, 106.30980991377916, 63.049266317437954, 93.19804821368335, 91.12942608173731, 58.4028340949173, 33.98192857079457, 68.31816336139663, 90.16164761815317, 9.31042509392744, 31.815165234839306, 69.76771760293627, 82.38358673597293, 95.39295467672606, 71.32955773133816, 32.66702738268142, 112.84059698392464, 56.20053764216282, 101.1036540844951, 89.55595713687279, 98.68272047559753, 62.77336774964747, 38.13329903772193, 36.59605114722417, 85.76142904761538, 14.083686208081748, 26.625313914256214, 54.56149659871067, 20.744681802474084, 2.7265313897216132, 80.44293996880857, 0.0, 100.24904178658109, 83.9351640455752, 57.35873305570859, 19.10299232768039, 53.77028059163339, 16.295069534121783, 67.73190040352287, 88.81956531052751, 26.084197041861653, 87.48803717797573, 105.67802982318068, 85.62221503214212, 50.10077018763144, 67.93528536564052, 53.247866293750484], [53.13852288629895, 42.381926308149865, 54.67258304448144, 92.91610064259703, 78.19006263296907, 80.25972427608102, 21.840995698946642, 69.84962365351117, 44.68378884161599, 91.85833870228866, 50.37542668158099, 98.95570831899232, 78.53615901735616, 76.08842487049867, 106.96708786089334, 101.84520814732637, 55.46936398314868, 22.119647287324096, 61.675550203740364, 59.91502959367776, 100.71057327074476, 13.317116278099082, 60.30871378302122, 9.062305384917371, 10.69471972735464, 5.325697192081778, 90.57199316066414, 82.37636261879706, 104.57023506429917, 15.060650963405891, 86.36671108257862, 90.66072884997662, 61.72013493334179, 82.04032513393476, 102.73821958411648, 43.132381156672764, 100.24904178658109, 0.0, 44.61138281519528, 86.91166463338314, 82.11820768641475, 46.80608996790082, 85.06940913382898, 62.68215249761201, 23.309603028195014, 92.44709329796156, 13.563629040905697, 18.257595543845802, 27.336897047260734, 64.34730078044747, 84.37449969405414, 47.533146276246704], [74.56578006609418, 15.47459358741658, 47.12447218368871, 64.7493763491291, 34.045565546490465, 48.888938960141445, 32.69137537770159, 85.83976374704629, 9.269453098388293, 47.24886923728262, 26.26453412103876, 68.39553285146677, 36.56528211730576, 31.68791673793577, 87.29378960404453, 72.09773933631378, 16.28132190898802, 25.96522996870243, 19.964735418138968, 81.05055377924414, 70.63338342716825, 49.495812939047916, 72.15328783646113, 37.745666910