instance_id,num_cities,city_coordinates,distance_matrix,best_route,total_distance
1490,89,"[[3.257840323398775, 57.07801936317015], [43.90206536636973, 90.44405314769786], [41.41149556622762, 79.6670935817828], [74.18311890596074, 18.832675034046265], [76.10454555362058, 38.062380332732545], [97.74886769921778, 22.77220532219949], [86.55219870207624, 85.3744135909738], [79.3808738061316, 66.5498354858729], [13.030057213940182, 79.22954624582435], [74.61643615094562, 20.29115397758574], [13.098443056787223, 52.83440144615581], [23.508902638878237, 91.66687828801517], [44.37271894327417, 85.45724727081263], [6.3793333807472425, 60.015944039701196], [53.3611721119575, 81.0970896675802], [68.50037603491555, 65.73826359664415], [44.779275744904126, 37.26135714863932], [48.7557568280007, 22.211093700126238], [90.10886036953582, 66.54689941576115], [84.29464407649556, 41.691054872489964], [36.37652960915191, 28.64863799835834], [11.729376751838117, 67.78526282816448], [51.34406887654252, 15.535888967963052], [97.68871784867981, 77.99331384890425], [32.70190806258372, 23.826086626868147], [99.0343782371424, 93.025144153882], [65.84655031563402, 90.41770055514182], [69.95887679290766, 29.903493234705834], [69.14375206903523, 69.75948290864899], [19.248962249792445, 46.639087785252364], [40.30184542025436, 85.3574209923965], [62.110194665426256, 3.0626483416915318], [9.173969343688881, 84.46093340776422], [76.30678045829232, 37.17450309001881], [67.23395131499119, 51.514498434211575], [97.64390240452519, 14.368573811567797], [57.343440726736496, 89.10307240106289], [62.121241963934736, 39.370439110263646], [71.4642056530262, 64.64783788816074], [15.462533164943315, 76.08105032227962], [86.06820026482382, 59.6735851595549], [53.355281290142564, 30.843448093466353], [39.14722562690797, 92.31098213137122], [5.392505452866859, 35.05595519022393], [33.46614110299934, 42.3996122261851], [59.816679194013155, 57.26782761415706], [18.95215088719485, 7.320848779710786], [24.89940205279636, 35.08264946006416], [71.8623848584305, 53.04151169346093], [88.55696768462168, 6.141439314578767], [72.36970286769338, 97.40701779179179], [92.98724589634251, 22.350760361515242], [27.29093283004953, 18.99864445825994], [66.06318132859191, 49.85068714238303], [19.787783185631426, 83.5436436737376], [22.463143803025275, 63.555630549129624], [26.615705373551847, 19.368746323726384], [87.09277388463876, 4.4736533009917645], [60.1158687574452, 99.55986132652346], [27.05164513161078, 17.792552030790286], [39.53397830555181, 89.48285809126327], [15.602648730698421, 42.82221648741535], [43.7242512929563, 24.24243383265078], [59.15294103100802, 9.467842862560582], [95.63945893155963, 68.41874438040328], [94.94845874895198, 14.301071101827889], [89.79689648570971, 35.46964584243416], [94.71708103634255, 10.588141572894871], [58.31767399207283, 45.670570107058076], [61.07832985237908, 41.98649377266451], [74.31886966178796, 56.11420611565487], [80.23103662046888, 74.23299181707134], [56.082720067173284, 25.78480492568844], [15.688809069296383, 15.58250808921825], [59.24822800880036, 22.64250920149431], [82.99570635568504, 87.68680892049994], [79.99149203690496, 1.29299571183904], [4.722864251817882, 46.74591605709422], [62.87548687043669, 37.070978562230636], [31.798087741073655, 33.26316045878094], [51.795760645388334, 22.869177699285082], [32.52293824556784, 65.7865475097621], [69.8392585926754, 98.77006228877141], [36.515613835079755, 53.311553329932224], [13.994427038249135, 84.94156820397403], [61.374618316030194, 42.58258550648746], [76.25243461220414, 68.23003928458272], [86.40146940208061, 42.71411480178211], [65.35377435300505, 76.3278155968976]]","[[0.0, 52.58559916796529, 44.33923412106519, 80.57978347493415, 75.287694815519, 100.52583315522153, 87.96951781163084, 76.71004841137538, 24.21128592596301, 80.28276691405381, 10.716611179938242, 40.081101364960816, 49.95812066682454, 4.286621083329472, 55.563113615082734, 65.81480301764915, 46.00793084661658, 57.321574572336715, 87.36566472307558, 82.48467881222169, 43.64719125891342, 13.653277704530826, 63.54552678385448, 96.71938881951026, 44.41445885890387, 102.3002492443776, 70.91460329490984, 72.0241843856169, 67.09525232241924, 19.0967869798361, 46.604537012215374, 79.88278862300409, 28.014720490455474, 75.71193839063203, 64.21756412957059, 103.59935064713261, 62.85583658714096, 61.469166670032024, 68.62514425471099, 22.584723000057398, 82.8510270028787, 56.55091795118402, 50.293236552136754, 22.125282046842436, 33.58566765854015, 56.55915736257271, 52.173627519507924, 30.85698448101802, 68.7231905911445, 99.35027083824524, 80.01798334497838, 96.21511701516476, 45.02919418090821, 63.21981643288932, 31.203658137737236, 20.268278871700506, 44.3574022330488, 98.97229619454721, 70.97564578083217, 45.92921826870972, 48.64187249576161, 18.857948198181973, 52.11243703655759, 73.42336950544407, 93.07510677179042, 101.17824276895675, 89.19602035783463, 102.59679063568665, 56.22913108125382, 59.757536378433535, 71.06756522217074, 78.86168922919035, 61.398152983411904, 43.317507313419505, 65.73224378686955, 85.41092013055317, 94.86844664623344, 10.435451779308153, 62.885176801993644, 37.171134328912586, 59.381601167100285, 30.533332914605452, 78.55769664430431, 33.470371454971996, 29.860536637665515, 59.89722436756373, 73.8415759834179, 84.37526184031722, 65.01122732304968], [52.58559916796529, 0.0, 11.061003363834047, 77.75044487849543, 61.48853045165708, 86.4809638567368, 42.9503797281077, 42.774752903739675, 32.84579200469742, 76.5819941935722, 48.61428852202523, 20.429791662024858, 5.008966724104882, 48.30968059874756, 13.298136212382436, 34.86334644131641, 53.189929984692455, 68.40537314991171, 52.020590740133194, 63.312046686836254, 62.25196400044246, 39.35101868353845, 75.27693190495697, 55.208920423599274, 67.55291989988248, 55.19269836910468, 21.944500772348892, 65.90991440061757, 32.63424878206432, 50.26579834919209, 6.231806346778816, 89.25830985651872, 35.23972722912204, 62.35150778879569, 45.38597946623826, 93.1432423982417, 13.508101307775286, 54.22593887373512, 37.75071256145647, 31.860678617991525, 52.199661229589964, 60.34563293339426, 5.108221292979042, 67.45982211715648, 49.16479247074611, 36.79588120884433, 86.7868961129518, 58.53192488953502, 46.69828233815485, 95.39911425243227, 29.306812544895948, 83.94076167229369, 73.3510473472602, 46.2486369997269, 25.08215014707857, 34.389164392849544, 73.1472315397034, 96.20991088298855, 18.600682222907686, 74.58000587709816, 4.472592146328484, 55.39581490345581, 66.20185811424872, 82.39985340206029, 56.23052657777638, 91.67054048170009, 71.61369269935581, 94.65269373336575, 47.036948834293064, 51.411663290329635, 45.866331669202005, 39.78181320461018, 65.79655560571264, 80.00149223250227, 69.51657406213934, 39.190753520822874, 96.178780192617, 58.69017792751774, 56.64517467778555, 58.447932068252854, 68.0343605616052, 27.15652993878641, 27.240785977573356, 37.86003445508813, 30.409606556507363, 50.951056822693275, 39.24294589161853, 63.90889107076977, 25.679641372844635], [44.33923412106519, 11.061003363834047, 0.0, 69.09996943821706, 54.17157817493823, 80.06826967608009, 45.50007232176807, 40.171334853096525, 28.384810913865476, 68.02992196905645, 39.00797751290968, 21.55220792676028, 6.503439369391614, 40.16740053470046, 12.034934912701551, 30.460133778461312, 42.539257466123196, 57.923484838898446, 50.43384611290902, 57.28127043112262, 51.26630172254251, 31.971957703105474, 64.89581972503618, 56.3021073000179, 56.51614788909853, 59.15094354609038, 26.695457495651276, 57.37045314798378, 29.448918485878387, 39.774703643116524, 5.7975123532805135, 79.35160474080728, 32.59200818031989, 54.98455378012183, 38.20167318900971, 86.1741275732396, 18.5166026277869, 45.30688642418884, 33.59677700541472, 26.1955789392465, 48.92812742755767, 50.26333033323197, 12.845031569152328, 57.33691060196038, 38.10503672923257, 28.990996882841767, 75.75223627308259, 47.5438943486853, 40.449700488109045, 87.34252902616623, 35.680744250889596, 77.10525323174221, 62.29005547468891, 38.687513539717614, 21.968445045887613, 24.87205812944725, 62.08708472362702, 87.9820018530212, 27.3052336562523, 63.51900657795321, 9.993713222306914, 44.98490350193994, 55.47289200464107, 72.40644783940168, 55.382283904764755, 84.49214946773667, 65.53290325333886, 87.25472510390465, 37.96817716633263, 42.50425829036271, 40.467688071561994, 39.19803859443943, 55.8439420096381, 69.0542590893076, 59.74907738176857, 42.350471320825726, 87.35511058092135, 49.29360604923064, 47.69834313124597, 47.38926692086258, 57.73938179292849, 16.482597201295178, 34.24997991398036, 26.806420124520603, 27.919808903500893, 42.11635085225606, 36.6701137795147, 58.22044646398649, 24.17402512954993], [80.57978347493415, 77.75044487849543, 69.09996943821706, 0.0, 19.325461087297775, 23.892769096071145, 67.68158616035214, 47.99941726300038, 85.9504450627231, 1.521487648175071, 69.91033559211793, 88.72822187964495, 72.98968126843302, 79.33104674426835, 65.65371884325319, 47.24857463397312, 34.70161836457686, 25.650817821796597, 50.30185334073954, 24.994968896018424, 39.06009886283349, 79.35254098511581, 23.07576660940626, 63.6592048853741, 41.780677500107956, 78.24389793743295, 72.0688161045894, 11.849355976665835, 51.175531051605155, 61.57075732533161, 74.65576011156986, 19.860746249707383, 92.37563436305763, 18.464360124946463, 33.41246041474609, 23.881720249828067, 72.25997168071864, 23.817821659735042, 45.89576926717771, 82.0090462260755, 42.535104311458646, 24.042826149098655, 81.40378020552836, 70.67774273615994, 47.04543346622569, 41.03237190138321, 56.41792243604818, 51.89360669397642, 34.28746581638659, 19.174853136305902, 78.5952658723127, 19.130397702132512, 46.89247978970248, 32.06322599822564, 84.5361580059944, 68.374692501337, 47.57043412237075, 19.309083271839647, 81.94367659216438, 47.14294937744286, 78.68933415886285, 63.30220837457183, 30.9355476196173, 17.708933580337682, 54.02918471081943, 21.254053095666634, 22.816197053606952, 22.127266726010223, 31.17667323922813, 26.60516525638702, 37.281778230881855, 55.729457276569555, 19.38959896835009, 58.584536086214264, 15.41316977436953, 69.41580116092248, 18.47640520107032, 74.85904087703196, 21.459223141507064, 44.77420883099922, 22.748344195868402, 62.77130549162061, 80.05532464198262, 51.06499766775047, 89.40393942606363, 26.983623455926434, 49.440688328463665, 26.82557090214536, 58.16913712250544], [75.287694815519, 61.48853045165708, 54.17157817493823, 19.325461087297775, 0.0, 26.500304394386095, 48.451851846336716, 28.67524067763661, 75.3201608377764, 17.833422435421475, 64.71461627497217, 75.09822803936845, 57.036674448177685, 73.09968653823445, 48.674913898658005, 28.70153146622781, 31.335509677207064, 31.61043392090081, 31.740961876645823, 8.957956950660266, 40.8281005634838, 70.90565634767962, 33.47422916936492, 45.391143906446416, 45.67779547721182, 59.55403121329202, 53.350782767393135, 10.214532940607192, 32.45241065996816, 57.498845758368496, 59.31824515137824, 37.69380713362083, 81.4403325094514, 0.9106178972524824, 16.113563341562436, 32.020936291948125, 54.37951177731787, 14.044351072470285, 26.98739164544292, 71.57424770350418, 23.797449217740798, 23.867174260994428, 65.64110216375599, 70.77592251145944, 42.85843107945436, 25.182211893080556, 64.89559290377369, 51.291768511268295, 15.568246647769051, 34.263818999246105, 59.46204709758823, 23.06253613508492, 52.40414881112403, 15.48525663132961, 72.38869413593817, 59.391125501749826, 52.90176986482643, 35.34039820753841, 63.54193854671284, 53.075917130105516, 63.09890586817709, 60.68884213256127, 35.206169596710325, 33.241607497594444, 36.098776695039106, 30.326438644850132, 13.935664540475448, 33.18524178800195, 19.34573212853801, 15.53015855005001, 18.139929781772903, 36.40523401484682, 23.486429138662285, 64.4624376751921, 22.84530294996782, 50.100618857079354, 36.974261295705645, 71.90791485051137, 13.266155099111328, 44.56562257271329, 28.66618966615017, 51.65255019080083, 61.03012755335316, 42.424294828715915, 77.81596929590123, 15.407887955120518, 30.168021443389264, 11.29890589002, 39.74698249381946], [100.52583315522153, 86.4809638567368, 80.06826967608009, 23.892769096071145, 26.500304394386095, 0.0, 63.59561208730163, 47.474878645488076, 101.80721091458497, 23.26510273156143, 89.83000627818652, 101.28202394910527, 82.33120757110277, 98.66857592583214, 73.29433575283511, 51.97649880743923, 54.91550958022802, 48.99632393447283, 44.43639898756982, 23.215059801705074, 61.65303190954017, 97.08515936476411, 46.96562176902967, 55.22114128594795, 65.05549649164342, 70.26469918694052, 74.79084756675066, 28.69039668362671, 55.009607299108886, 82.04793253991168, 84.953337716683, 40.725687863772045, 107.9398526565004, 25.830007476584125, 41.91991812102164, 8.404287017919593, 77.66841350421909, 39.30431376346161, 49.44140028035107, 98.04526406884271, 38.70594044347317, 45.12134167035324, 90.93840736282395, 93.1696740264738, 67.21238011273513, 51.27181371966257, 80.29736607982385, 73.88228258412583, 39.82889531563313, 19.001931582830327, 78.83182885051505, 4.780236191706773, 70.55891401957524, 41.68005396426061, 98.84886654812665, 85.62259045260387, 71.21453724910265, 21.175205818550022, 85.51366396073698, 70.87237985052006, 88.53973424396168, 84.55769768950199, 54.04461813831828, 40.82464471168457, 45.69525285345511, 8.922018004256637, 14.981950538743558, 12.555601929668967, 45.59774278394534, 41.39948341023235, 40.75112053606311, 54.36071147781609, 41.774916096459954, 82.37441938276758, 38.500858141800826, 66.56997468793864, 27.868994167323308, 96.06547831451246, 37.69094860306686, 66.77997841243518, 45.95320937151863, 78.13229490371602, 80.96061106483522, 68.42633378698135, 104.30645239656789, 41.41904370258145, 50.284304748261725, 22.944350106414845, 62.59109732865518], [87.96951781163084, 42.9503797281077, 45.50007232176807, 67.68158616035214, 48.451851846336716, 63.59561208730163, 0.0, 20.144295510100108, 73.77848388040366, 66.16867166250688, 80.3386993221992, 63.356548915447945, 42.17956109470212, 84.08769417587081, 33.46550083371836, 26.672957995063637, 63.716899584090726, 73.60826039225428, 19.16050970706703, 43.74165499629865, 75.73249887271916, 76.86242846250612, 78.21145649667008, 13.360489965006794, 81.78050106252878, 14.640303415293078, 21.310997595277524, 57.89957976663318, 23.385467162091196, 77.65404755856201, 46.25035640340233, 85.86406850237512, 77.38362116549158, 49.27676904272572, 38.98318273989125, 71.86692684261374, 29.445788136574443, 52.088744611122785, 25.63666270427224, 71.69454056638719, 25.70538536082455, 63.84090791761262, 47.90978454734544, 95.4926335595252, 68.3005348716652, 38.79134154213042, 103.25756846023582, 79.56336389366972, 35.51347879151178, 79.25833275660834, 18.59910621362838, 63.35132752184027, 88.98112362020592, 41.008962114704275, 66.78951188429478, 67.70130169561465, 89.15790118612497, 80.90256631915416, 30.00177442084729, 90.04234496686345, 47.19737667993957, 82.73166334288902, 74.64148999350401, 80.70022800880545, 19.23728195085365, 71.56757083591839, 50.01013804962748, 75.23065722093959, 48.71943732223383, 50.31331414577664, 31.714572059333708, 12.809698248043885, 66.92765190236886, 99.46119878532105, 68.41636239928329, 4.242146858602783, 84.33698894620382, 90.48867773537847, 53.79413089487098, 75.58832826658666, 71.51863044175298, 57.47038788013098, 21.418818154492698, 59.427997049128464, 72.5590627278848, 49.649281010987906, 20.000367763235296, 42.660565070155684, 23.048083003792698], [76.71004841137538, 42.774752903739675, 40.171334853096525, 47.99941726300038, 28.67524067763661, 47.474878645488076, 20.144295510100108, 0.0, 67.55150573752337, 46.503392145684415, 67.68658476344825, 61.25800356883203, 39.78770070394978, 73.29336014885239, 29.81019088300186, 10.910723196966547, 45.33305142720201, 53.88712103153516, 10.727986965180797, 25.339773318919335, 57.32254696713922, 67.66277657918837, 58.21069635378018, 21.59005211970167, 63.27910049498671, 32.97274943777238, 27.438164940649038, 37.838187431573324, 10.728490016710843, 63.342597526602596, 43.369294808301824, 65.79437125971722, 72.45561995432887, 29.535744501842927, 19.328970129389536, 55.28491913268975, 31.532474563242037, 32.19649792556106, 8.141942612675196, 64.62505958667057, 9.591827443991756, 44.18458516750966, 47.77429353010272, 80.41233206203546, 51.87866577595119, 21.654407887343385, 84.61503069698882, 62.91593248766419, 15.45970529270681, 61.101350450336916, 31.643675794520366, 46.24599013218209, 70.52997744956576, 21.359365353965877, 61.96874991823769, 56.996431922618875, 70.78289464443321, 62.55338358131743, 38.22044250824852, 71.52356858819033, 45.974978051691025, 68.04896690698969, 55.32911497298816, 60.56007881602204, 16.365647275217814, 54.51864892503646, 32.77913538721853, 58.02508455674853, 29.65808674149331, 30.63235007796311, 11.598545008315027, 7.730049677752172, 46.95307960311987, 81.57418447277908, 48.30296811008287, 21.44384900938822, 65.25969653559294, 77.2399742060648, 33.78506775813214, 58.0699945244728, 51.66176857948251, 46.86415190241279, 33.6033545365917, 44.86293154516496, 67.92380476168276, 29.977563415814146, 3.551086678088891, 24.848145666263555, 17.098783995345915], [24.21128592596301, 32.84579200469742, 28.384810913865476, 85.9504450627231, 75.3201608377764, 101.80721091458497, 73.77848388040366, 67.55150573752337, 0.0, 85.24444940133753, 26.39523338822696, 16.263253972297537, 31.955386155327517, 20.332108529135418, 40.37433030217613, 57.08739771281158, 52.62453584996246, 67.28617646753389, 78.11524452061307, 80.5467545918307, 55.708940507237784, 11.517959567919087, 74.32930422862628, 84.6676862268434, 58.79221932841614, 87.10374134503539, 53.988487109849366, 75.32562647804733, 56.90719506267053, 33.178498496996774, 27.951767043958665, 90.61046423341709, 6.498986482614688, 75.97743322447134, 60.87845276383044, 106.61354765250837, 45.400027280722504, 63.2352183660514, 60.226040235342516, 3.978688959039946, 75.61088515768762, 62.98680966048014, 29.210108708099593, 44.828989991416215, 42.119800149236745, 51.68466969578861, 72.15214456097512, 45.71465676034597, 64.39763916312802, 105.10083529658328, 62.0613729957487, 98.12414741370428, 61.896155805359776, 60.62697102428845, 8.017374690383264, 18.29357143545979, 61.38310193555066, 105.23178954395598, 51.287380124071184, 63.016737347399186, 28.41809699874701, 36.498107995478755, 62.97393176306603, 83.63023179770109, 83.31378450842585, 104.52909353178181, 88.36332098270371, 106.69776144059723, 56.36641830846879, 60.79211676735967, 65.50295780039924, 67.38647630909473, 68.62850831491531, 63.70254647607765, 73.06306914631527, 70.47494130380106, 102.75183532514933, 33.52902750078078, 65.28331859497412, 49.65025269009938, 68.40519647831387, 23.67882230878387, 60.07592802874013, 34.97590208404906, 5.792858017284884, 60.664621647086975, 64.17209796538462, 81.95572499848043, 52.40411640327305], [80.28276691405381, 76.5819941935722, 68.02992196905645, 1.521487648175071, 17.833422435421475, 23.26510273156143, 66.16867166250688, 46.503392145684415, 85.24444940133753, 0.0, 69.59544834350528, 87.78652517627928, 71.84220309566761, 78.95797071828633, 64.41388099239825, 45.85679844984389, 34.3255580692097, 25.931851140679868, 48.78123813732125, 23.486665726788473, 39.14253430071419, 78.80655185565155, 23.753223441597356, 62.143941269884074, 42.06332623206397, 76.72332906417984, 70.67279131645037, 10.68128855371013, 49.770129980664755, 61.31696977287821, 73.5602490497245, 21.289140014104937, 91.65411640475652, 16.96775592497941, 32.08423789667138, 23.776903875035018, 70.9467158369154, 22.80677528597883, 44.46855028730616, 81.3123408384549, 41.01364147600704, 23.73578768701595, 80.28026247153963, 70.78101395247975, 46.713281929908256, 39.82847221787172, 57.15541506148165, 51.8707221669866, 32.865950907277735, 19.8633543110405, 77.14858561410733, 18.485903525613583, 47.3431499314705, 30.77213299361726, 83.70817545946545, 67.76268025792159, 48.00959269816539, 20.14577699914367, 80.58408291657219, 47.630372205154195, 77.57751456851743, 63.16863053370697, 31.143854896162534, 18.87495019376107, 52.518877033078226, 21.19604292749684, 21.467021015190152, 22.320044232358025, 30.162301155323416, 25.57279982667552, 35.824287994352225, 54.23325186574867, 19.330774237300247, 59.115451276091605, 15.547047722616082, 67.91455274349077, 19.74389128990397, 74.73262894815048, 20.479560617819327, 44.74018230514215, 22.965831943119035, 61.981395584139904, 78.62417233356882, 50.418443396574894, 88.62676823907913, 25.927854889689545, 47.96679284090871, 25.33132805152155, 56.79704524902934], [10.716611179938242, 48.61428852202523, 39.00797751290968, 69.91033559211793, 64.71461627497217, 89.83000627818652, 80.3386993221992, 67.68658476344825, 26.39523338822696, 69.59544834350528, 0.0, 40.20371781793189, 45.192149782052056, 9.834682956840078, 49.19214262940266, 56.88482957794484, 35.3014853583368, 47.00245741114824, 78.22171677513937, 72.06298087436815, 33.56814661389868, 15.013413955905737, 53.42197045627046, 88.25239635645634, 35.011114933523494, 94.86980950081461, 64.76779439896278, 61.31015801693621, 58.54515389671803, 8.729879592554667, 42.4001403364876, 69.85255330221423, 31.869091889218275, 65.1193238108862, 54.15159645232086, 92.8846305474369, 57.210456313939126, 50.838106716054504, 59.54930330415141, 23.366548868184836, 73.28956201851278, 45.871723903802696, 47.296294738401535, 19.376651558785177, 22.885103228233202, 46.928124353746774, 45.88844486017194, 21.316363005944467, 58.76430677478853, 88.73681114188399, 74.16063893648163, 85.50715287573622, 36.69175952319675, 53.048713945272134, 31.429362538105323, 14.235251088233191, 36.09247086739299, 88.39639673550913, 66.28655158136331, 37.717675678519925, 45.18790654983915, 10.32060529742697, 41.89798016766825, 63.25879533347046, 83.99935146375631, 90.46680394615872, 78.63960513358123, 91.9040180781929, 45.78317732348564, 49.19092027814077, 61.30821928883883, 70.46051935977134, 50.78709227772037, 37.34184723276837, 55.14846333698075, 78.10453074843461, 84.44641204293936, 10.354707849624155, 52.213404331104805, 27.06861993350352, 48.942793368922885, 23.346714993590712, 73.00414429828966, 23.422031534004667, 32.11966600868358, 49.35269828207958, 65.00347924406564, 73.99833696200925, 57.29363103640541], [40.081101364960816, 20.429791662024858, 21.55220792676028, 88.72822187964495, 75.09822803936845, 101.28202394910527, 63.356548915447945, 61.25800356883203, 16.263253972297537, 87.78652517627928, 40.20371781793189, 0.0, 21.768287671596532, 35.98893971430946, 31.66825578041861, 51.928082365516964, 58.41566144893527, 73.90202743609976, 71.17982655407265, 78.69237121970988, 64.31853879754298, 26.62872109387959, 81.06000255568892, 75.42951245388524, 68.46082355574927, 75.53768827880805, 42.35607224247086, 77.280759779866, 50.62087963302272, 45.22885151846397, 17.939124243502192, 96.64765548372002, 16.04418755171926, 75.87512673434547, 59.36407575000709, 107.10287608269928, 33.93153501161866, 65.00638660028389, 55.04307069293749, 17.540299173291658, 70.26547178134665, 67.75172307200607, 15.651581889347964, 59.43904828465337, 50.26340719687162, 50.01549085673621, 84.46902793534576, 56.601311298184854, 61.88681755689383, 107.45162389556644, 49.19681900817367, 98.14257173216154, 72.76658546546562, 59.66121417411703, 8.934968974984132, 28.130692508002042, 72.3648540989194, 107.91462906499346, 37.44821957920148, 73.9592259581502, 16.17321842869977, 49.480398515731295, 70.3897437935418, 89.59452493191066, 75.78451610505891, 105.30469267214393, 86.90355034623286, 107.9090645775641, 57.68284779201319, 62.28645492194616, 62.01326670531472, 59.340887092352084, 73.49490575795645, 76.48519629303824, 77.72813458259124, 59.61980181627688, 106.57261166452923, 48.69094459991438, 67.30854493248466, 58.98902309697348, 74.38595258633862, 27.405188543603586, 46.87170901251786, 40.500685040892016, 11.651396554983094, 61.99258198853831, 57.71625063614289, 79.69848183624917, 44.56770280162267], [49.95812066682454, 5.008966724104882, 6.503439369391614, 72.98968126843302, 57.036674448177685, 82.33120757110277, 42.17956109470212, 39.78770070394978, 31.955386155327517, 71.84220309566761, 45.192149782052056, 21.768287671596532, 0.0, 45.72479914226186, 9.990158391669217, 31.160586545730418, 48.19760484818259, 63.397846671521854, 49.49137185977024, 59.23883610765433, 57.36860754225703, 37.11989794663218, 70.26803019017648, 53.8359177632173, 62.72645206715054, 55.18305953815629, 22.039317834147187, 61.16266067635231, 29.32616388291463, 46.23908148135796, 4.072097312968608, 84.28219253012263, 35.21284729595163, 57.887888806493386, 40.923662398888794, 88.83365624332596, 13.473368712551006, 49.38627294949642, 34.16109147845647, 30.392629220837136, 49.023569785392034, 55.34756983733692, 8.61855335530412, 63.71614620447901, 44.417489526337604, 32.14279528612042, 82.16752429916593, 54.00750110226942, 42.50248986997929, 90.79231921582046, 30.440567083552335, 79.66053552985902, 68.61875330122656, 41.69296442648755, 24.659297332530773, 30.979191368557654, 68.43245931828201, 91.56061154482322, 21.135999840929358, 69.84647865078234, 6.294358858285333, 51.43406254553272, 61.218248052051194, 77.41346489651274, 54.02396884506871, 87.29895110414108, 67.54343937029806, 90.22160374635314, 42.15971360251209, 46.57020340886608, 41.92595863053373, 37.57396515047961, 60.81056241931897, 75.53307792850971, 64.55208818214652, 38.68728604863625, 91.39101836164068, 55.41369994317117, 51.80331476368607, 53.687466395922016, 63.02672449684894, 22.964183670950003, 28.736313010143004, 33.09198905508658, 30.382668480021387, 46.12267559115156, 36.23662465148544, 59.94490168808114, 22.88124141725882], [4.286621083329472, 48.30968059874756, 40.16740053470046, 79.33104674426835, 73.09968653823445, 98.66857592583214, 84.08769417587081, 73.29336014885239, 20.332108529135418, 78.95797071828633, 9.834682956840078, 35.98893971430946, 45.72479914226186, 0.0, 51.4947363479928, 62.384043485115406, 44.63548810255642, 56.78880147862423, 83.98385004207869, 80.0412219035015, 43.40206987986494, 9.433200862343702, 63.24794650731113, 93.06228837273223, 44.75023706576364, 98.35936472709975, 66.7878483648412, 70.34996825857178, 63.51620897825539, 18.562532975840032, 42.34297199317134, 79.68441999787072, 24.604217024121713, 73.56343711002563, 61.445578370668, 102.04363756668128, 58.68050164989941, 59.44238594040335, 65.24948305789299, 18.455139072631244, 79.6896023008704, 55.29714460728792, 46.00765422838268, 24.979489040516302, 32.31145770692117, 53.50796269206027, 54.174244844851316, 31.059010322487303, 65.8534185701942, 98.26304411709704, 75.84735500568196, 94.44361583410755, 46.040350307982685, 60.543324600239096, 27.080235897043725, 16.468707851097765, 45.406006580547405, 97.97757671262626, 66.71833802395074, 47.01233142339414, 44.35684280708012, 19.511376506717262, 51.7144750181569, 73.07642709546019, 89.65476600221817, 99.67115719311514, 86.95407172501785, 101.22581349419357, 53.88303052655288, 57.59376087680975, 68.05148160702153, 75.20770252382356, 60.35062164670127, 45.39820005199939, 64.74483493528948, 81.46008452663305, 94.16546374513378, 13.37301509137966, 60.977756599376995, 36.9029064242665, 58.67311236873246, 26.772895617331915, 74.35754023074212, 30.87303442182871, 26.062931366043752, 57.69231625494453, 70.3542581255279, 81.87121318506824, 61.18873950073488], [55.563113615082734, 13.298136212382436, 12.034934912701551, 65.65371884325319, 48.674913898658005, 73.29433575283511, 33.46550083371836, 29.81019088300186, 40.37433030217613, 64.41388099239825, 49.19214262940266, 31.66825578041861, 9.990158391669217, 51.4947363479928, 0.0, 21.565922973482344, 44.6678899291983, 59.06581389447459, 39.52341873674758, 50.09705845708633, 55.1300114587945, 43.70825000740074, 65.59222318718739, 44.436074707086874, 60.88327340371079, 47.205087030761966, 15.580707821089925, 53.816987247597226, 19.432734164849638, 48.487078231245285, 13.736682155376569, 78.5233686789141, 44.31505763498973, 49.55496497876643, 32.67389947491273, 80.08529846676225, 8.941712523285272, 42.63627786925034, 24.460124846202092, 38.22914444177039, 39.09880095345343, 50.25364191938019, 18.104907038405937, 66.48893926821933, 43.51214794944844, 24.688201669971487, 81.40586257261268, 54.10546240918407, 33.60670064960471, 82.8075693752339, 25.046716289939177, 70.86153350374343, 67.34889957253117, 33.729493161121084, 33.66241331965667, 35.53014130824489, 67.27338525027461, 83.71960319289252, 19.65959979508334, 68.55403485818572, 16.171345046579884, 53.764970053844465, 57.665606152887825, 71.86301959329356, 44.13835039533563, 78.68424560268636, 58.3902872116322, 81.74241839082731, 35.77156970360182, 39.86468656399979, 32.60934769600936, 27.73275063903904, 55.37919886239464, 75.57358888266391, 58.750280038470144, 30.35835996352506, 84.13006211457244, 59.545680950976354, 45.04243159937083, 52.469528215320125, 58.24895059352737, 25.85816489692713, 24.163221956837468, 32.49321257171166, 39.5540217034265, 39.339323212790504, 26.259681727199094, 50.64498005299444, 12.906141316182161], [65.81480301764915, 34.86334644131641, 30.460133778461312, 47.24857463397312, 28.70153146622781, 51.97649880743923, 26.672957995063637, 10.910723196966547, 57.08739771281158, 45.85679844984389, 56.88482957794484, 51.928082365516964, 31.160586545730418, 62.384043485115406, 21.565922973482344, 0.0, 37.06244460120243, 47.79607208575204, 21.623609484253286, 28.770247659558176, 49.067115629585004, 56.80789175328567, 53.052966869637785, 31.656682620302462, 55.119514579791876, 40.94995898692159, 24.821712260373598, 35.864439091583684, 4.072362640595787, 52.824996701446814, 34.35212461763156, 63.00053305744179, 62.21061722687737, 29.611287785254557, 14.280032456800159, 59.06090210851092, 25.8919195104947, 27.128500136205748, 3.158055450892443, 54.036894928852504, 18.585176155157836, 38.039742951667904, 39.59440376114967, 70.17127174668627, 42.09620250160967, 12.130740973168542, 76.60039797013386, 53.299264631703096, 13.13432953067567, 62.88122401091155, 31.904258060822162, 49.820500123832375, 62.312199499426185, 16.07342538560229, 51.86471114148698, 46.08894269337385, 62.48566050330523, 64.02366540960107, 34.84537896605131, 63.378139378263725, 37.454745562205936, 57.64819831585122, 48.32970354793668, 57.041518131472074, 27.27113488109766, 57.838446132285526, 37.009877114921224, 61.06432330228742, 22.503327373641625, 24.884399516705518, 11.246214940296154, 14.483397574891628, 41.8387026508348, 72.83310659229606, 44.0777300911041, 26.30310329488845, 65.46173156673653, 66.54532496206033, 29.213911230045532, 49.00704326746448, 46.00872418343263, 35.97747018930945, 33.05892211401779, 34.31396422788903, 57.7898380675106, 24.227295575099102, 8.142687410475451, 29.164371611058378, 11.047158626120735], [46.00793084661658, 53.189929984692455, 42.539257466123196, 34.70161836457686, 31.335509677207064, 54.91550958022802, 63.716899584090726, 45.33305142720201, 52.62453584996246, 34.3255580692097, 35.3014853583368, 58.41566144893527, 48.19760484818259, 44.63548810255642, 44.6678899291983, 37.06244460120243, 0.0, 15.566721930897133, 53.96678819534311, 39.762879124958076, 12.032666943928746, 44.988939100454616, 22.695648845776223, 66.77201030645287, 18.06569412248339, 77.80241697794068, 57.178902596924196, 26.232622253838546, 40.617187057482816, 27.19813852180977, 48.30402405157214, 38.33943706801288, 59.12307369348591, 31.527624348818513, 26.59632477362895, 57.6085781874472, 53.34249414869977, 17.46974582135779, 38.23747914674247, 48.646068428962096, 46.97960464313098, 10.711555804477312, 55.33697858820122, 39.44846602639819, 12.425324167513343, 25.02763198904183, 39.54079437499434, 19.998903600108054, 31.34498487339928, 53.71159649058564, 66.17198926297444, 50.46121562814524, 25.2857432700502, 24.72844246180319, 52.59871430302719, 34.48765806063203, 25.49629013732896, 53.53004435288998, 64.15851235833146, 26.330652477258518, 52.48426722292834, 29.701830255250783, 13.061601773970827, 31.290281080990805, 59.645125642337646, 55.17355941612837, 45.05326188599214, 56.61488166971429, 15.93747438206501, 16.97015264852088, 35.04308095683796, 51.22234980195879, 16.10835511381462, 36.27985319631002, 20.56845387764121, 63.271018286612666, 50.335109025837525, 41.16397647690761, 18.09721252309348, 13.58296060369707, 16.011429969279362, 31.04680811349097, 66.41779541919698, 18.052614924654865, 56.75481861633335, 17.427589227698604, 44.1544901717074, 41.977846191287725, 44.15312184505459], [57.321574572336715, 68.40537314991171, 57.923484838898446, 25.650817821796597, 31.61043392090081, 48.99632393447283, 73.60826039225428, 53.88712103153516, 67.28617646753389, 25.931851140679868, 47.00245741114824, 73.90202743609976, 63.397846671521854, 56.78880147862423, 59.06581389447459, 47.79607208575204, 15.566721930897133, 0.0, 60.6279048044005, 40.52753871305324, 13.953037057486352, 58.71931294945031, 7.159449523316758, 74.20303739725239, 16.134877202393167, 86.84796780852658, 70.31526463515293, 22.555383101287298, 51.73509124640266, 38.30636789495367, 63.709710944192324, 23.34532007916411, 73.76828887862213, 31.3522331524632, 34.642938681766886, 49.513189112739305, 67.44097515065428, 21.75038684307195, 48.130561032669064, 63.32780564926477, 52.873969981209946, 9.781266157817187, 70.755340645886, 45.22567895037997, 25.32486188106918, 36.760285585208855, 33.316277115920315, 27.107242774609258, 38.52831338873245, 42.92283981430107, 78.81653029387327, 44.23170957558779, 21.70388212727363, 32.61125677579614, 67.8293828897959, 48.996655262779996, 22.321756584412658, 42.24149226428685, 78.17853923150459, 22.149310937657358, 67.90089457005519, 39.037763243609625, 5.42608428640647, 16.446637384595757, 65.82726262215195, 46.86506340829432, 43.12962264284111, 47.40818852409595, 25.33332376811161, 23.30047754811228, 42.460496572848875, 60.80272297935325, 8.152042825690732, 33.72478585963174, 10.50133662038943, 73.88804657911757, 37.593057570359534, 50.406875887259986, 20.498364680780487, 20.241312222765632, 3.1104176182114665, 46.5008018623968, 79.40900275169183, 33.422442904018006, 71.71793694906293, 23.963166394921945, 53.60793450482375, 42.86692838897119, 56.6048917904879], [87.36566472307558, 52.020590740133194, 50.43384611290902, 50.30185334073954, 31.740961876645823, 44.43639898756982, 19.16050970706703, 10.727986965180797, 78.11524452061307, 48.78123813732125, 78.22171677513937, 71.17982655407265, 49.49137185977024, 83.98385004207869, 39.52341873674758, 21.623609484253286, 53.96678819534311, 60.6279048044005, 0.0, 25.526811768442972, 65.75288273076019, 78.38926582203791, 64.06896476766744, 13.728606731180042, 71.55854958365434, 27.942124357621573, 34.03637519166108, 41.81819047601399, 21.20981986605483, 73.60330240862994, 53.24072182214485, 69.38425913451833, 82.89372231497606, 32.45358340449993, 27.37214904832612, 52.71958385008625, 39.77880923446045, 39.01111096538808, 18.74112014217604, 75.25273548943822, 7.973041009952181, 51.240238206595876, 57.10408193656397, 90.3799776420802, 61.575069017610744, 31.681499552104754, 92.57970824267203, 72.4035391347492, 22.700867078308338, 60.42539185591622, 35.59528922565171, 44.28977094706147, 78.78406291795118, 29.273848138189678, 72.34599651449757, 67.71182067578125, 79.10220515585841, 62.14647746179272, 44.60308509469252, 79.70695567198901, 55.53266512738455, 78.19230238854571, 62.77897552094708, 64.93294725404745, 5.8387776140144245, 52.46949865095947, 31.078819332878087, 56.14818142229125, 38.032889144686386, 38.026112442123534, 18.92524494015457, 12.515886641349425, 53.09733111083528, 90.19818855617484, 53.665390241673286, 22.30454513979846, 66.03357547928827, 87.65185266145346, 40.13086769937861, 67.1412949196291, 58.10023222685427, 57.590941665236386, 38.06821484825694, 55.20335551499251, 78.305624326551, 37.415838992753585, 13.958276920396065, 24.119418944947334, 26.617298980705275], [82.48467881222169, 63.312046686836254, 57.28127043112262, 24.994968896018424, 8.957956950660266, 23.215059801705074, 43.74165499629865, 25.339773318919335, 80.5467545918307, 23.486665726788473, 72.06298087436815, 78.69237121970988, 59.23883610765433, 80.0412219035015, 50.09705845708633, 28.770247659558176, 39.762879124958076, 40.52753871305324, 25.526811768442972, 0.0, 49.66135652621747, 77.11436773217416, 42.06938446781801, 38.694382266749855, 54.598237149364735, 53.40831850448456, 52.10199768619466, 18.55965605752836, 31.89649167295305, 65.23360908309823, 61.98481962324565, 44.54552263450193, 86.44291921397758, 9.17633942194589, 19.686728547749556, 30.40922013523068, 54.536838633439054, 22.294506470456124, 26.29893603488607, 76.94498865798073, 18.06977855642855, 32.78589243040188, 67.8282126283495, 79.18062911581296, 50.8334414342585, 29.01390380203231, 73.83056604858129, 59.761741918628694, 16.834308400106313, 35.80422557262859, 56.977826800066744, 21.203969396545677, 61.35445041947693, 19.97412908509602, 76.89456607172977, 65.58348950450608, 61.847760095610106, 37.32243976694686, 62.7169190597203, 62.031438531431846, 65.47956669954442, 68.70130822033957, 44.163459407100035, 40.87102426248129, 29.035740226953095, 29.389028191353653, 8.305462774220521, 32.802719519943984, 26.280021237989008, 23.2181939499318, 17.53691440808058, 32.794672824435764, 32.387056730704906, 73.40583636312118, 31.466967601218066, 46.01409164209993, 40.626595986167544, 79.7321752247021, 21.9117639757844, 53.16876744223767, 37.55583156570903, 57.104310608542946, 58.88099232446538, 49.1718589765482, 82.53924774954902, 22.93735834248905, 27.730755970453465, 2.342085517535557, 39.477357299623115], [43.64719125891342, 62.25196400044246, 51.26630172254251, 39.06009886283349, 40.8281005634838, 61.65303190954017, 75.73249887271916, 57.32254696713922, 55.708940507237784, 39.14253430071419, 33.56814661389868, 64.31853879754298, 57.36860754225703, 43.40206987986494, 55.1300114587945, 49.067115629585004, 12.032666943928746, 13.953037057486352, 65.75288273076019, 49.66135652621747, 0.0, 46.251027524161984, 19.899030600886377, 78.7024870097175, 6.0629897939189314, 89.83507410516422, 68.43901818103701, 33.605783788426905, 52.571783657903914, 24.839682912310916, 56.844473547406544, 36.288626096059026, 62.0885786909552, 40.83032339372875, 38.40609388891195, 62.90954778430778, 63.987108082516116, 27.888119931500608, 50.2701442495028, 51.838489427594716, 58.58164797022018, 17.120023364421296, 63.72260836573601, 31.639587015547978, 14.05559153757325, 36.99322406638427, 27.540580364277886, 13.15754386024298, 43.06109856794159, 56.82756470533525, 77.60942799065988, 56.95995489181357, 13.25407273845954, 36.480462966044826, 57.346736227999806, 37.57765870207627, 13.468113425835892, 56.183336662472804, 74.77939433490084, 14.311117114142958, 60.916104739078605, 25.148448340556424, 8.56759295791694, 29.776967933271855, 71.37055522771183, 60.30359490949256, 53.85407826000718, 61.07210060218049, 27.769767545756757, 28.07271507910288, 46.8399252846941, 63.25465277965933, 19.913198694231184, 24.46845994209046, 23.64715988885348, 75.22534989188486, 51.483940335626144, 36.46184311975043, 27.805225345413874, 6.500457482140509, 16.466780107155152, 37.33730693655748, 77.6966432707416, 24.663307504758645, 60.57930757799013, 28.619212640396896, 56.18518601547538, 51.964721099932724, 55.794127732389654], [13.653277704530826, 39.35101868353845, 31.971957703105474, 79.35254098511581, 70.90565634767962, 97.08515936476411, 76.86242846250612, 67.66277657918837, 11.517959567919087, 78.80655185565155, 15.013413955905737, 26.62872109387959, 37.11989794663218, 9.433200862343702, 43.70825000740074, 56.80789175328567, 44.988939100454616, 58.71931294945031, 78.38926582203791, 77.11436773217416, 46.251027524161984, 0.0, 65.56920695660591, 86.56334459484108, 48.70581322467394, 90.88022278628772, 58.65914857888339, 69.46728109379843, 57.448307529379505, 22.44337062489777, 33.54350471188742, 82.01977590561145, 16.87033183730991, 71.46509414541372, 57