instance_id,num_cities,city_coordinates,distance_matrix,best_route,total_distance
1515,76,"[[35.8742432408813, 99.64940574323805], [49.68411444777754, 36.40307110232881], [13.742337845564057, 98.95573282124188], [27.83173400900657, 52.05887385304735], [94.8671348036782, 49.40060551471206], [99.62128361668812, 59.12577978861785], [19.374880387841408, 36.8373065274872], [16.42942992130283, 17.774798346856823], [80.85727526158577, 7.704499210968341], [71.8944351684108, 66.50120865562215], [77.2069940304576, 76.59088063989502], [51.2925306543643, 54.51990327395044], [77.33703486013293, 15.722438890241097], [56.91264718057363, 7.674507266831121], [22.284797808777956, 39.29286175085461], [21.29541298866705, 66.96946463837354], [49.21405899392678, 64.14175453378894], [67.67328820536639, 89.64388156955934], [1.5304903567830763, 77.4110564419399], [83.53526922958352, 51.9132538735271], [82.9149929781935, 94.74448175529042], [24.819089789706016, 95.83406240307997], [46.78399075991574, 71.5305656373466], [86.24987621432449, 85.2581065373496], [78.11681597910989, 48.28716403572146], [69.07254009518348, 99.95789372588065], [1.3442243497955753, 21.50497179618629], [37.19334942829132, 20.176758816800866], [26.309833511445746, 40.444996347404384], [38.39316079178082, 67.03834361926181], [72.2004849525008, 37.89505884175253], [61.30064251844195, 12.99660006115716], [23.45607569421836, 99.29775724701287], [48.67871862840567, 46.92370574259951], [60.62433982430172, 58.05471041710035], [10.582883468719173, 20.92830128922514], [81.27076974843108, 50.61137193779784], [24.7449367654321, 95.06056046392948], [11.572708170766433, 91.58825784243149], [52.565776500176185, 99.18835644579863], [41.08583526515417, 99.15350301407555], [95.77523078225987, 32.74742554517284], [92.55137822157191, 15.260061845470075], [68.66326345699531, 17.052174811749033], [21.911660020688217, 7.016722190087665], [94.73976962108988, 69.45791385326567], [90.0502263572694, 43.94335586741318], [98.95823080784804, 23.884491985036515], [81.45772540844249, 95.05587255470506], [68.06101911394002, 59.2818189288736], [61.20468234387207, 32.67811527293634], [92.29558119110935, 16.563469346078797], [47.47472005637216, 24.47481260830713], [28.515453529766344, 7.640065795188589], [8.358372629414168, 76.6708406509711], [29.838367904236808, 9.580815950542354], [54.20079936943822, 84.08369251108401], [0.5616203052236979, 13.878975816742479], [51.619595224237045, 4.990478346340921], [60.85026782542185, 95.8372853536567], [43.36353064353074, 56.00609040425223], [76.5066952380877, 23.45978722470079], [58.13774922701443, 84.83352208008273], [95.51245896196036, 96.1288989937664], [30.943644216852995, 37.068631498092785], [61.75561604179246, 26.39181493618088], [9.495007034354487, 1.343095527465843], [26.05905743152738, 65.4030021914853], [3.1073233828866176, 64.06991005078268], [68.62600285639193, 78.50116388583571], [97.10875298532716, 18.16355251784674], [52.787985306163655, 67.96725955898182], [72.72120960510105, 38.53875360501432], [5.903555272962069, 38.95933934676864], [90.6372685619129, 94.67220581620765], [84.53867452449721, 46.19769732597765]]","[[0.0, 64.73647648938686, 22.142773506270235, 48.265315500222805, 77.49260080385886, 75.53707313091176, 64.94296561172428, 84.15195839280759, 102.35887361144385, 48.95158012419505, 47.32960878535465, 47.69062360559154, 93.61035655313749, 94.3503915735119, 61.867482814937865, 35.78436588987278, 37.930778778415466, 33.336013178594314, 40.91500387156957, 67.45601228670323, 47.29577587032463, 11.695010159564692, 30.161096794211044, 52.39097145795697, 66.50199113384419, 33.19973010224338, 85.43345223929485, 79.48359359407328, 59.97199367523143, 32.7081995603865, 71.64632019943535, 90.30620417667, 12.423145410156401, 54.25821624885076, 48.401301223860294, 82.68412886149645, 66.82494577965751, 12.038229256078653, 25.603646463789115, 16.69789953858918, 5.235132371225715, 89.79979544996024, 101.65559007312471, 88.86744288142006, 93.679068059193, 66.15645379372522, 77.70586296667103, 98.58961225269591, 45.814347028791346, 51.62877692060665, 71.60157046048535, 100.43226674274875, 76.06438401347337, 92.30314417011016, 35.8488157294847, 90.27060794258782, 24.044834953869046, 92.75531245363695, 95.95951565639963, 25.265273913263556, 44.28124207356473, 86.34728788621862, 26.742739342010918, 59.74203496841263, 62.77470917381924, 77.69504533053554, 101.78405931716111, 35.625188121631666, 48.36911773755747, 38.98622694710758, 101.92943372506613, 35.91424588504516, 71.35972768309118, 67.68697287128627, 54.988739405678146, 72.28631962468141], [64.73647648938686, 0.0, 72.14323802993731, 26.88179106031044, 47.015329726407536, 54.86385289647774, 30.312344510190147, 38.11674945227644, 42.37185367348393, 37.40583150646912, 48.70902314715831, 18.188089801524388, 34.530747979499395, 29.624011637848277, 27.55128748854519, 41.71597756657345, 27.742665889212155, 56.197813762532505, 63.248923901601366, 37.23528500841322, 67.14172685358012, 64.42291656108458, 35.24700823775831, 61.02351531110777, 30.816394682365782, 66.44641847230086, 50.583577746346286, 20.47711945463755, 23.721175539533093, 32.649740529575666, 22.565747674751716, 26.13056851692556, 68.14434358108173, 10.568565370364809, 24.258648278626417, 42.05204828359991, 34.63513542219078, 63.7390276179194, 67.06626666179805, 62.851380508666324, 63.33677533639598, 46.23585999414673, 47.79779434124212, 27.104709634358123, 40.43348522322469, 55.88053947829772, 41.064326185001306, 50.83948628951392, 66.70617266559037, 29.345318659368008, 12.107798337412502, 47.00369023666835, 12.131148926502133, 35.71306034716587, 57.700175053985674, 33.36595611245082, 47.894071664524425, 54.04030254559469, 31.47216340656592, 60.47403413801517, 20.596799396461797, 29.78220001594209, 49.16271476321613, 75.28221355823867, 18.75228506386831, 15.682678366865135, 53.332600180355385, 37.4050708086069, 54.174269199521156, 46.163238106670505, 50.811183597815386, 31.716431186888695, 23.135878912197295, 43.85512363449738, 71.22115480810658, 36.20462761861597], [22.142773506270235, 72.14323802993731, 0.0, 48.96760628551447, 95.06283881655136, 94.66582532963363, 62.3732668753465, 81.22539372608728, 113.27489774770591, 66.59551457765481, 67.2900378790222, 58.176970766223405, 104.7476334194677, 100.9749362307084, 60.271318274820956, 32.86594432514812, 49.701670851455766, 54.72895011275956, 24.7649409322554, 84.16678737317136, 69.30072765590678, 11.508225746468472, 42.94054753233931, 73.79002700982323, 81.92299614723198, 55.3392772582239, 78.43681279612416, 82.19535686062565, 59.84520223061171, 40.32843668426042, 84.53260240880878, 98.23830641976758, 9.719757388957971, 62.67282141499837, 62.21588015320887, 78.09137099220966, 83.04978232655895, 11.671741544630438, 7.680298203140269, 38.82413556950281, 27.34421262688513, 105.41790870590145, 114.96012432609791, 98.61288396873263, 92.30124322367745, 86.20153872233638, 94.0704813808508, 113.56689488599655, 67.82759484818361, 67.26469042725515, 81.51930282549972, 113.83803020372915, 81.7635682035807, 92.50295125795641, 22.926044152651105, 90.81276314094923, 43.10527452488578, 86.09172955215195, 101.31216943222138, 47.21103453214379, 52.173622133426676, 98.17842105275645, 46.58743809167793, 81.81896905289312, 64.23315538770198, 87.01032732945151, 97.70499873837636, 35.74195453626253, 36.47086731890603, 58.571375904566686, 116.09192724488483, 49.84825032780222, 84.43173983545515, 60.50631158948911, 77.01414787865245, 88.2923076857572], [48.265315500222805, 26.88179106031044, 48.96760628551447, 0.0, 67.08808650021894, 72.13654131143225, 17.413055016750356, 36.13046321074003, 69.1304460785469, 46.36919956191422, 55.13379779387449, 23.58952405296425, 61.4093748394069, 53.062901429829964, 13.919036108967392, 16.280332000557802, 24.560126777070618, 54.772093677636086, 36.530652604000565, 55.703725559862626, 69.68663100373377, 43.878732408571146, 27.172317105744384, 67.19277036666362, 50.42633502135688, 63.206963156093224, 40.43672957655026, 33.228137209946695, 11.713169162978721, 18.328345538123028, 46.57466817874284, 51.43956716969484, 47.44110548876835, 21.470135519926814, 33.33624232363576, 35.58982148188683, 53.45863637013332, 43.11233429777907, 42.7425797044205, 53.22556704644329, 48.92417905211064, 70.63462882697686, 74.44988188150506, 53.783666431640825, 45.42953557385576, 69.13329026161712, 62.745537070504, 76.50342698546324, 68.73491726133618, 40.872561892086274, 38.5923241552274, 73.59015786523918, 33.86336273335208, 44.42406984579381, 31.384083754067156, 42.525427484718534, 41.483932046791914, 46.918692601988425, 52.737995759896, 54.834048627676985, 16.02551793853546, 56.45493429832527, 44.638908194534025, 80.7641482717486, 15.309844904569498, 42.53971891792737, 53.92889510561529, 13.461357411533431, 27.48747844660004, 48.6144739040839, 77.1245626675574, 29.59545935740202, 46.88132539523211, 25.542960418892346, 75.89750477768561, 57.00903869483213], [77.49260080385886, 47.015329726407536, 95.06283881655136, 67.08808650021894, 0.0, 10.825014808030637, 76.53049691611726, 84.57343097115653, 43.986832635258644, 28.638707308730243, 32.4220855824099, 43.87429015171809, 37.967398004291994, 56.405765713481905, 73.28275464007248, 75.64035339507907, 47.97400134753762, 48.56981120448338, 97.4490356943195, 11.607091761695003, 46.892651948225186, 84.04043389276018, 52.93131281351903, 36.87841543754616, 16.787284850499926, 56.757382845253446, 97.59457546566355, 64.6552297602383, 69.1397606014911, 59.16417451584317, 25.419571588040785, 49.5172799878717, 87.11638832120519, 46.2547816042976, 35.319435721159984, 88.9635157297823, 13.65016842558424, 83.67768008064975, 93.36894300049697, 65.3316543269583, 73.2651280599073, 16.677920775809515, 34.2189925418471, 41.63008338326876, 84.37354364068669, 20.05771272297885, 7.279023333801605, 25.842002944327398, 47.5837752686996, 28.56932300401662, 37.58726360743745, 32.93767447376452, 53.54751280492547, 78.39954263604274, 90.70519090609001, 76.25192565041648, 53.44780034059425, 100.77358900633581, 61.9887818462843, 57.56311730162843, 51.92546265668802, 31.780997382037654, 51.034687626826475, 46.732749274292594, 65.10215228354976, 40.32092655936142, 97.96899747387438, 70.64437848160813, 92.92497773769556, 39.18468455131497, 31.317380669546296, 45.99321107330708, 24.666208257638196, 89.57420679028029, 45.468775684876334, 10.813681732142912], [75.53707313091176, 54.86385289647774, 94.66582532963363, 72.13654131143225, 10.825014808030637, 0.0, 83.28421982271787, 92.9020354323373, 54.73788547062907, 28.69102779347542, 28.415314979790118, 48.54773384373042, 48.78972990071512, 66.86748888917074, 79.83906734807043, 78.71763081838643, 50.6561772818845, 44.181771661101806, 99.78053449769628, 17.62896448853397, 39.34198872309962, 83.32386341158589, 54.27391849116066, 29.354608449483123, 24.08148084762611, 50.99497288290565, 105.23167570723042, 73.58174503023044, 75.6540837398151, 61.73727958888332, 34.67915384356375, 59.969765353125766, 86.10996847514723, 52.38354263134458, 39.01164973113988, 96.88593326495547, 20.229594664233865, 83.05284931880631, 93.84222993647634, 61.799925553390366, 70.91274455504416, 26.657263456661994, 44.4317991191409, 52.23588084791474, 93.5635585216751, 11.427255716884844, 17.947454782955703, 35.24752480788064, 40.260233642689656, 31.560650241981918, 46.64026384668691, 43.18814867802508, 62.60953296169076, 87.78848340052006, 92.9341061318974, 85.58246763822186, 51.82584101311733, 108.90404108686697, 72.3518690205869, 53.39406620906949, 56.34418542710261, 42.50114376674487, 48.80339782416396, 37.23054217915356, 72.13276609311471, 50.05318407307455, 107.05878913484536, 73.82956482610344, 96.64051398901535, 36.55287865988545, 41.0392114100141, 47.6605664587857, 33.873878267969836, 95.8629121506492, 36.664164109377175, 19.86505507640653], [64.94296561172428, 30.312344510190147, 62.3732668753465, 17.413055016750356, 76.53049691611726, 83.28421982271787, 0.0, 19.288724597220842, 68.03532421876479, 60.31791378866479, 70.17763192843695, 36.488499917564454, 61.688321312937404, 47.53475356518504, 3.8075413131937244, 30.19330054648361, 40.44637759818174, 71.56305307476725, 44.32438874593856, 65.9078120157551, 85.96852244198529, 59.247418676729204, 44.21404255496657, 82.56415045518982, 59.84742462268199, 80.33720127473177, 23.668228608727244, 24.394091271566722, 7.817224613846249, 35.69030163702195, 52.83619344332157, 48.230164990858256, 62.59364232264398, 30.991133970149825, 46.38637872926875, 18.176788976519052, 63.409983422690416, 58.47037544300484, 55.3040736401605, 70.63489938164818, 65.989953070447, 76.50974230017648, 76.29139743953837, 53.111167776473955, 29.92828931177966, 82.12168137247583, 71.03168634574152, 80.63054674653206, 85.10981774224109, 53.610598215212136, 42.03607026795772, 75.68657133004494, 30.69905935527828, 30.594590105812443, 41.32885050371283, 29.195904671320697, 58.69468137253799, 29.682043459979994, 45.32043799523484, 72.11938203136418, 30.706637986010623, 58.67710192894027, 61.69438149470456, 96.50090055702834, 11.571076344639357, 43.64899826060306, 36.843600692589455, 29.337300344774366, 31.721413990653996, 64.51007730881255, 79.94538159152603, 45.6673795616288, 53.37345560401608, 13.637434642808975, 91.77801231236425, 65.8326437429405], [84.15195839280759, 38.11674945227644, 81.22539372608728, 36.13046321074003, 84.57343097115653, 92.9020354323373, 19.288724597220842, 0.0, 65.21010795787487, 73.82838118664031, 84.57685165187847, 50.6521325200303, 60.942173564156384, 41.724174761911925, 22.300501917135048, 49.434734577476654, 56.78667563320133, 88.2671973901343, 61.46919293215565, 75.29029031033971, 101.70871279780451, 78.50882178269309, 61.73396051359691, 97.10247991112149, 68.82105824946267, 97.59794165276779, 15.539550221828044, 20.902386643440288, 24.729744286751927, 53.93794922461442, 59.28942116158138, 45.12490331064566, 81.82521969817473, 43.47039710515253, 59.79683417807952, 6.642792050767823, 72.6817715508532, 77.7318254004851, 73.97306637464054, 89.07302053033918, 85.0319463366252, 80.7461186651495, 76.16347492532262, 52.23883182660121, 12.0743964427814, 93.8277876342869, 78.1333160090668, 82.75464538092976, 101.00021606254955, 66.24691509914416, 47.19038127525524, 75.87582109236968, 31.76004141487021, 15.772912557868985, 59.44649497570877, 15.7143553905746, 76.31216020576417, 16.339057965448312, 37.44044032758464, 89.8162720100919, 46.76620012458766, 60.34564529843535, 78.97123734649414, 111.32605521813623, 24.14362057117541, 46.13801169458814, 17.834995887855275, 48.5919286245273, 48.173809173656636, 80.07604946388001, 80.68025966662893, 61.97763880791736, 59.99921914435258, 23.655418290309886, 106.86446832889871, 73.80196736398746], [102.35887361144385, 42.37185367348393, 113.27489774770591, 69.1304460785469, 43.986832635258644, 54.73788547062907, 68.03532421876479, 65.21010795787487, 0.0, 59.475924070625986, 68.98302761866792, 55.36927109210046, 8.756680260491265, 23.944646864272364, 66.54742491570181, 84.02351792521942, 64.70283551850785, 82.9932521112767, 105.60181307310755, 44.28979160604555, 87.06430246385217, 104.43705347918042, 72.35161001799612, 77.7408654079051, 40.67508821572686, 93.00305791997536, 80.70178628057926, 45.41030366393425, 63.618893060362936, 72.96373146963, 31.407163343342607, 20.260015193942337, 108.0935827393568, 50.73071720334259, 54.2633895449907, 71.50775540640487, 42.908865108354895, 103.8252183678803, 108.79722514431981, 95.7585768311625, 99.7230551877071, 29.149503534317766, 13.92259209926928, 15.364666056505172, 58.9496275930424, 63.294611695034234, 37.38669658600486, 24.27831867853829, 87.35343705553743, 53.140983060903004, 31.779016781517278, 14.467763973474037, 37.35824411658148, 52.34186139096157, 100.06221631808953, 51.053398245806925, 80.89714998790178, 80.53270370617396, 29.3633758825516, 90.3751533322271, 61.14592870573682, 16.3449272539379, 80.40561567440385, 89.63062471186856, 57.91047253343263, 26.722446631304003, 71.64524257311007, 79.57362580367476, 96.03184136671072, 71.84547135161456, 19.32620822306814, 66.47920970772492, 31.88960345321613, 81.20914463314733, 87.51588576441097, 38.66883760412667], [48.95158012419505, 37.40583150646912, 66.59551457765481, 46.36919956191422, 28.638707308730243, 28.69102779347542, 60.31791378866479, 73.82838118664031, 59.475924070625986, 0.0, 11.40284010292755, 23.83254388970604, 51.069612787742095, 60.70448721139559, 56.581006179145064, 50.60118881223624, 22.80277367271662, 23.52448493134549, 71.20470144712647, 18.663264515196932, 30.31724212096489, 55.46624605554347, 25.60915559017402, 23.619904863658014, 19.24758281886558, 33.575480155833404, 83.67791571293769, 57.88022118489694, 52.5060197317898, 33.505580114772044, 28.60778694068967, 54.54330007945459, 58.49690819230142, 30.368538239027536, 14.08397605645014, 76.39369252530055, 18.450001655165284, 55.12451156575591, 65.3304736312215, 37.974289678280485, 44.89256235580714, 41.34743369808683, 55.24820741635967, 49.554489390176954, 77.6960870413443, 23.035872283908375, 28.956682753864307, 50.483993247307545, 30.113540984159837, 8.174023897283199, 35.47213640906928, 53.94427278578682, 48.60597135001937, 73.11887708958761, 64.34479511102755, 70.7717733240395, 24.944107246286862, 88.64237059812307, 64.76603336582373, 31.34611663879449, 30.40000033088913, 43.28783780398962, 22.91986307949657, 37.889458727799735, 50.43058474469741, 41.37099367701284, 90.21789366793526, 45.84853225263225, 68.83006581937934, 12.437104779866521, 54.518719939726054, 19.162612859153768, 27.97467512637864, 71.50769744860693, 33.83635448209949, 23.918807687821882], [47.32960878535465, 48.70902314715831, 67.2900378790222, 55.13379779387449, 32.4220855824099, 28.415314979790118, 70.17763192843695, 84.57685165187847, 68.98302761866792, 11.40284010292755, 0.0, 34.03949843870968, 60.86858066070209, 71.8423763036757, 66.38968181020223, 56.73338118310106, 30.636337130361497, 16.16392217344527, 75.68094804254194, 25.476112925955377, 19.029831461267317, 55.81032659919785, 30.84097786913406, 12.525754386415404, 28.31833592546743, 24.742405731571864, 93.752958229373, 69.16389878700721, 62.42632377598556, 39.97204791113882, 39.018351551305486, 65.55337169628301, 58.35035104641561, 41.15827697805196, 24.871148486737777, 86.81644342008238, 26.295420618205252, 55.61831106102701, 67.32592965022329, 33.43404722992786, 42.588848762887785, 47.613317157218745, 63.22119470714791, 60.148589541255404, 88.87146610274222, 18.928217958662373, 35.08289455518571, 57.01824012000984, 18.94794563169806, 19.576835149980614, 46.73761805535448, 61.89471357992991, 60.00077218455755, 84.41019478759331, 68.84866783335453, 82.06177862291868, 24.19560337164062, 99.03179449060245, 76.03507471073704, 25.25800044644094, 39.61203861287214, 53.13570838798228, 20.774437063014336, 26.77357293217871, 60.84657519698735, 52.52324513274494, 101.228169731981, 52.357234863049975, 75.15008911885539, 8.791051791970881, 61.72384207888573, 25.897004221035182, 38.315618666406394, 80.62452033184564, 22.52346763093583, 31.264982501515433], [47.69062360559154, 18.188089801524388, 58.176970766223405, 23.58952405296425, 43.87429015171809, 48.54773384373042, 36.488499917564454, 50.6521325200303, 55.36927109210046, 23.83254388970604, 34.03949843870968, 0.0, 46.728572008242395, 47.18131872714032, 32.76143095756034, 32.477971710318094, 9.843783119801941, 38.755942373462126, 54.77467980680901, 32.34793365775713, 51.16636431703426, 49.06834841077898, 17.597998920936913, 46.54946990525791, 27.538869286793904, 48.792824390737216, 59.873358041590436, 37.12463444197522, 28.67469549142109, 17.975124242431434, 26.71194499334982, 42.71237540555969, 52.72498867881468, 8.033320001241576, 9.978853838161564, 52.779457157874454, 30.23196051179481, 48.45946374741542, 54.32980037275267, 44.686596018822826, 45.7857494918432, 49.525260192334144, 56.95285463928473, 41.298583925089474, 55.85506039992319, 45.94351677766397, 40.17489677947808, 56.66169249115962, 50.52824734820859, 17.431524486502216, 23.98571354362958, 55.874332477800166, 30.28668273134032, 52.120191906544314, 48.31155091685714, 49.797617099313655, 29.706491899528164, 65.00238649030189, 49.53050479141691, 42.408447292390306, 8.06708084489509, 40.00606084892572, 31.07688051318619, 60.718288713867736, 26.807164449855144, 30.01108977298193, 67.63731117417267, 27.48035685606132, 49.122467662290816, 29.589696164604742, 58.488549896377684, 13.530254087494491, 26.73173070182111, 47.98218665198002, 56.215796716391445, 34.27193011888957], [93.61035655313749, 34.530747979499395, 104.7476334194677, 61.4093748394069, 37.967398004291994, 48.78972990071512, 61.688321312937404, 60.942173564156384, 8.756680260491265, 51.069612787742095, 60.86858066070209, 46.728572008242395, 0.0, 21.952786053255657, 59.88583837758902, 75.94024644425453, 55.994034494406016, 74.55043720327363, 97.73493605143518, 36.71775045469258, 79.21866494288155, 95.79147548860085, 63.62417398136348, 70.10454918287486, 32.57405996178853, 84.63990622092483, 76.21249855547565, 40.390053801137725, 56.70079474489051, 64.42008542069468, 22.7598159146281, 16.266409458106818, 99.43838091539256, 42.36529407934946, 45.51192577758533, 66.95683483637009, 35.1099974276318, 95.18648179675512, 100.40203757988309, 87.06419834884403, 90.96643300091725, 25.09615985491291, 15.22136775888729, 8.775107291357555, 56.10491671285398, 56.483240405115396, 30.95230836424486, 23.110500317642447, 79.44037882329636, 44.536098363840026, 23.40401160706423, 14.982170756055833, 31.11851363962621, 49.486074389117064, 92.04761550592684, 47.894079956927584, 72.17025972860351, 76.79754316500966, 27.86685627303121, 81.79365568987299, 52.69697873747392, 7.781775063358256, 71.72833741622122, 82.435094878705, 51.06864629331265, 18.884284407999374, 69.34916189153468, 71.39740428823384, 88.58627452159072, 63.38020503787201, 19.921844125607844, 57.72501295549545, 23.278532169115973, 75.11787769071572, 80.06223775405236, 31.314613051741144], [94.3503915735119, 29.624011637848277, 100.9749362307084, 53.062901429829964, 56.405765713481905, 66.86748888917074, 47.53475356518504, 41.724174761911925, 23.944646864272364, 60.70448721139559, 71.8423763036757, 47.18131872714032, 21.952786053255657, 0.0, 46.89145223165027, 69.16993090334955, 56.98963303948652, 82.67266609251945, 89.0526225627707, 51.63168316156159, 90.86970036486285, 93.81952668726386, 64.65435694140353, 82.94508956621333, 45.81489565921233, 93.0810744031517, 57.26370023843977, 23.34859733821043, 44.83789869125595, 62.185500259971, 33.8673843281888, 6.8977659279342936, 97.54056649698359, 40.10358039368139, 50.51674506283934, 48.18827722158485, 49.364891196108964, 93.11865488031123, 95.3793877369587, 91.61702830949557, 92.83800212375549, 46.24880144598835, 36.437066134338046, 15.033882780529881, 35.007167599988, 72.44363686035159, 49.12767583046978, 45.06212053512993, 90.76322969564856, 52.79773493008821, 25.36931175980064, 36.482402141857776, 19.269787958578192, 28.397214536929823, 84.3683092022399, 27.141308205955628, 76.45729336198943, 56.691566038461566, 5.934678614592902, 88.25066739877714, 50.19482530603944, 25.161513917657913, 77.16874005694129, 96.5097139429011, 39.22248913891844, 19.333699950600106, 47.838471669250744, 65.45626881107931, 77.94520077681547, 71.78870377026325, 41.54211106991066, 60.433672853309645, 34.677259810345966, 59.838684607108895, 93.30567849923646, 47.40499508638662], [61.867482814937865, 27.55128748854519, 60.271318274820956, 13.919036108967392, 73.28275464007248, 79.83906734807043, 3.8075413131937244, 22.300501917135048, 66.54742491570181, 56.581006179145064, 66.38968181020223, 32.76143095756034, 59.88583837758902, 46.89145223165027, 0.0, 27.694281534563896, 36.64222401159253, 67.78893904808363, 43.402051153366166, 62.5371453346004, 82.16387726609405, 56.597968223601505, 40.490492799300675, 78.76760110419843, 56.551849895152294, 76.61161095284469, 27.4757465017864, 24.24232461578371, 4.186684432378119, 32.082567261712235, 49.93525484067056, 47.05028711136273, 60.016325907121264, 27.474876455757293, 42.684042068848385, 21.77594728527138, 60.06208087069148, 55.82193568337038, 53.381244990986374, 67.11488624188364, 62.74372782900368, 73.78134231465627, 74.26282915564077, 51.43549583124653, 32.27829637318249, 78.48345882199693, 67.92481433091183, 78.20635004079315, 81.307740926836, 49.950183643745, 39.477997456712394, 73.60798237214502, 29.225105016591368, 32.260200906449924, 39.8880762250321, 30.657170235148314, 54.998633399490764, 33.43294840607074, 45.13517305424099, 68.443899057387, 26.900650362763276, 56.48628514768278, 57.960209356251944, 92.69641572058197, 8.939956450449575, 41.52568483358309, 40.04701617428428, 26.381517574418925, 31.3317354739996, 60.70253900433627, 77.75006094483989, 41.86484846693462, 50.44204906607089, 16.384637445218342, 87.97119987340699, 62.63562820356684], [35.78436588987278, 41.71597756657345, 32.86594432514812, 16.280332000557802, 75.64035339507907, 78.71763081838643, 30.19330054648361, 49.434734577476654, 84.02351792521942, 50.60118881223624, 56.73338118310106, 32.477971710318094, 75.94024644425453, 69.16993090334955, 27.694281534563896, 0.0, 28.06148141496765, 51.62399144569296, 22.353500979414022, 64.0350621728864, 67.5901192034063, 29.07888069229068, 25.89345938888479, 67.48004679490276, 59.81387960674479, 58.05936899600023, 49.649471673937576, 49.419648937872616, 26.994292568946722, 17.097886543455893, 58.62292575494404, 67.18250144494853, 32.40041614419427, 33.93637985211216, 40.326632996921695, 47.27099545449324, 62.16615329310316, 28.302100257172324, 26.46915124820208, 44.89869289233803, 37.78191551589646, 81.965792976481, 88.04132506085809, 68.81459933491682, 59.955909529211326, 73.48650148595732, 72.50811021177863, 88.81344571715532, 66.39540756209902, 47.393267589595055, 52.61792871036238, 87.07346465015583, 49.911437263433136, 59.767102594226806, 16.170457933983855, 58.021022715088066, 37.0899076373466, 56.995527564535635, 68.9996432602664, 48.96874119279028, 24.64137559931063, 70.29493378805513, 40.94486888219488, 79.73984276964934, 31.418914499317992, 57.30247539551843, 66.67885649415169, 5.014590010709268, 18.417763716431956, 48.71513958473999, 90.16473578603647, 31.50837517036296, 58.761534080529316, 31.960544469578604, 74.67084305876661, 66.56708230777231], [37.930778778415466, 27.742665889212155, 49.701670851455766, 24.560126777070618, 47.97400134753762, 50.6561772818845, 40.44637759818174, 56.78667563320133, 64.70283551850785, 22.80277367271662, 30.636337130361497, 9.843783119801941, 55.994034494406016, 56.98963303948652, 36.64222401159253, 28.06148141496765, 0.0, 31.48176657096989, 49.49542495123012, 36.434622276595285, 45.52230074156546, 39.99396080106102, 7.778159238920636, 42.63275828656865, 32.965700374873926, 40.9530841118988, 64.10472924106298, 45.578704532447375, 32.95663656225127, 11.20187779933731, 34.889322336488114, 52.5538992589936, 43.58231556996789, 17.22636913231387, 12.932386272708339, 57.96352528771435, 34.795171469499195, 39.42981743273364, 46.585210482121475, 35.20650956599618, 35.942879025362366, 56.156447634693976, 65.3264350620334, 50.94801343177766, 63.31421886087528, 45.83505075832524, 45.55840069199948, 63.99320133711161, 44.66919203278361, 19.463475533657743, 33.670991132684506, 64.18497313413329, 39.70505738138707, 60.17369108235467, 42.73365309971976, 57.89916600684242, 20.555983797012473, 69.95288925210158, 59.20016958724941, 33.764004944960995, 10.020863875306269, 48.988880955721, 22.534007445768736, 56.27361060304802, 32.661323412137754, 39.7787454906251, 74.30528017280905, 23.189326057666342, 46.106791585796735, 24.145728430907752, 66.39199329097355, 5.235211359923789, 34.75772988006071, 50.0994387914193, 51.45863140835986, 39.62092441450378], [33.336013178594314, 56.197813762532505, 54.72895011275956, 54.772093677636086, 48.56981120448338, 44.181771661101806, 71.56305307476725, 88.2671973901343, 82.9932521112767, 23.52448493134549, 16.16392217344527, 38.755942373462126, 74.55043720327363, 82.67266609251945, 67.78893904808363, 51.62399144569296, 31.48176657096989, 0.0, 67.26449076475251, 40.929240261080096, 16.07251338891029, 43.29896835492128, 27.64877866786638, 19.0872901347394, 42.6549570101132, 10.408494252863884, 95.09182791943934, 75.85979047823068, 64.27647852300873, 36.99102874181992, 51.94647402953582, 76.91174406863577, 45.25880243501539, 46.752615927885415, 32.366084214471506, 89.33725586930261, 41.33313818799075, 43.26873891847581, 56.1342647525472, 17.8699163564249, 28.23695369309519, 63.45806398504421, 78.43387023219137, 72.59845687761386, 94.45302579183658, 33.76488869922357, 50.88482495309003, 72.82200870732433, 14.808793179352827, 30.364538248660857, 57.331853201800726, 77.11682023157861, 68.22748496424305, 90.8733284195014, 60.71704044547712, 88.55267172992494, 14.574760986040145, 101.21411419398117, 86.16217114026995, 9.214763021261586, 41.50259398153372, 66.77097740826375, 10.68017144177317, 28.584521675323977, 64.13441874376178, 63.5282832857058, 105.74375260820324, 48.15978027276147, 69.44632339224947, 11.18337259441203, 77.30384225996416, 26.29540233939133, 51.35382765413325, 79.90258272968659, 23.50805050499266, 46.604851475149786], [40.91500387156957, 63.248923901601366, 24.7649409322554, 36.530652604000565, 97.4490356943195, 99.78053449769628, 44.32438874593856, 61.46919293215565, 105.60181307310755, 71.20470144712647, 75.68094804254194, 54.77467980680901, 97.73493605143518, 89.0526225627707, 43.402051153366166, 22.353500979414022, 49.49542495123012, 67.26449076475251, 0.0, 85.8773642690241, 83.20988462933872, 29.694545158856045, 45.633972770724604, 85.08202239767728, 81.93696590195454, 71.2059572955315, 55.90639494229195, 67.43592767803564, 44.502870088223965, 38.29425078129885, 80.967661461208, 87.87316587138316, 30.97997683214012, 56.146540247976134, 62.18320654584383, 57.2035615210675, 84.12333354652344, 29.161884614720353, 17.373519452706905, 55.48739701225926, 45.13711658671134, 104.2924303233372, 110.21591607850876, 90.27737155994282, 73.28543082789638, 93.54796747127816, 94.63525053246263, 111.16320304830693, 81.85171005334286, 68.95636670759313, 74.57912050260107, 109.27364993241464, 70.09363846956747, 74.80761574382866, 6.867888740079406, 73.50018677773862, 53.091294235494246, 63.5394678742543, 88.0548610703779, 62.11571388011099, 46.991231423609406, 92.36975018129247, 57.091809858777445, 95.82780417342084, 49.92639452580252, 78.93053127654812, 76.48377738836692, 27.310144079116302, 13.434008687748355, 67.10436745715144, 112.4520831657928, 52.120208058413816, 81.11211028532351, 38.699589717827784, 90.76323705013492, 88.68276284669514], [67.45601228670323, 37.23528500841322, 84.16678737317136, 55.703725559862626, 11.607091761695003, 17.62896448853397, 65.9078120157551, 75.29029031033971, 44.28979160604555, 18.663264515196932, 25.476112925955377, 32.34793365775713, 36.71775045469258, 51.63168316156159, 62.5371453346004, 64.0350621728864, 36.434622276595285, 40.929240261080096, 85.8773642690241, 0.0, 42.83571902615361, 73.32548772361176, 41.65927735803824, 33.45516836385128, 6.5198284593542475, 50.1742758050117, 87.63578879274404, 56.16741626027502, 58.36327118844684, 47.608594749549866, 18.02739932871269, 44.82058197899329, 76.5166691369387, 35.21185468508177, 23.7197844570815, 79.25981248308251, 2.61205943169711, 72.92457238305643, 82.17491182883349, 56.515880981681676, 63.51059425608878, 22.740836271407034, 37.7458170821753, 37.900809873292125, 76.24413268660564, 20.817202569699568, 10.293878792925607, 31.991862040936688, 43.19261204185604, 17.13908304479462, 29.472795382254542, 36.419092956858165, 45.31259500115305, 70.62078519998049, 79.14861897389761, 68.37684193092994, 43.53674590628688, 91.27558667641487, 56.74819037106162, 49.43611868031544, 40.3796965304768, 29.308712300096065, 41.57857718913015, 45.80912951895391, 54.646517134662005, 33.551410378896875, 89.66215110671821, 59.0380236147592, 81.341494715374, 30.482834228617946, 36.37694053744829, 34.68611490518946, 17.199451822494524, 78.7050628194226, 43.34473861673262, 5.802965520670978], [47.29577587032463, 67.14172685358012, 69.30072765590678, 69.68663100373377, 46.892651948225186, 39.34198872309962, 85.96852244198529, 101.70871279780451, 87.06430246385217, 30.31724212096489, 19.029831461267317, 51.16636431703426, 79.21866494288155, 90.86970036486285, 82.16387726609405, 67.5901192034063, 45.52230074156546, 16.07251338891029, 83.20988462933872, 42.83571902615361, 0.0, 58.10611975751046, 42.945724150701245, 10.055484124306956, 46.70444167540718, 14.791658669447646, 109.62580040153567, 87.46893158793957, 78.43837194777294, 52.438760775287115, 57.85030309198838, 84.55705947627892, 59.63300396832376, 58.81283108140514, 42.93032190510315, 103.34777484149963, 44.16372778867461, 58.17091494506405, 71.41206726409858, 30.67283754553036, 42.060883293658215, 63.316827898257955, 80.06642822656352, 78.98864698521453, 106.85301320156711, 27.91479641548719, 51.29976556330282, 72.65344885343949, 1.4901654269939646, 38.44789973847793, 65.75387012306284, 78.74176869076284, 78.70094883036467, 102.69610105525635, 76.71600967594546, 100.34928052828373, 30.629354252260516, 115.41797105005088, 95.05357988267491, 22.091770317744025, 55.3622717857246, 71.5721590721233, 26.68593130450828, 12.673308972101673, 77.63713541188633, 71.55282170271762, 118.80367538621343, 63.98062073690631, 85.4996694466631, 21.633784091302413, 77.88518181278428, 40.30702444761988, 57.1226495915611, 95.09334178040962, 7.722613806366289, 48.573929429169844], [11.695010159564692, 64.42291656108458, 11.508225746468472, 43.878732408571146, 84.04043389276018, 83.32386341158589, 59.247418676729204, 78.50882178269309, 104.43705347918042, 55.46624605554347, 55.81032659919785, 49.06834841077898, 95.79147548860085, 93.81952668726386, 56.597968223601505, 29.07888069229068, 39.99396080106102, 43.29896835492128, 29.694545158856045, 73.32548772361176, 58.10611975751046, 0.0, 32.75846195524345, 62.33451983629108, 71.42377168223886, 44.445178014248924, 77.94795069704983, 76.66257162102978, 55.40912339465316, 31.834710990459865, 74.84600684907932, 90.51490958261529, 3.722229089723708, 54.419710372032604, 52.050892081889025, 76.24659086450745, 72.33176275386244, 0.7770482101379163, 13.910193469603644, 27.94870143555868, 16.60197862704743, 94.94576185694982, 105.2607831154376, 90.16039805269565, 88.86491473226197, 74.73019925307814, 83.3531439279095, 103.31192048475792, 56.643981358941545, 56.62094095544255, 72.8874818019067, 104.10045060158166, 74.8693536372037, 88.27142313666178, 25.262309422371207, 86.39916478990523, 31.644210377673392, 85.46964983644584, 94.71443319695337, 36.03117817986059, 43.933627668568526, 88.93618085224556, 35.087675244980666, 70.69398399821479, 59.0837205698821, 78.65451484069509, 95.72549468862132, 30.4563120773751, 38.47547498295823, 47.111304412436574, 106.1060955401171, 39.4818669411967, 74.68176144865734, 59.93773076106772, 65.8284328206182, 77.65434655551026], [30.161096794211044, 35.24700823775831, 42.94054753233931, 27.172317105744384, 52.93131281351903, 54.27391849116066, 44.21404255496657, 61.73396051359691, 72.35161001799612, 25.60915559017402, 30.84097786913406, 17.597998920936913, 63.62417398136348, 64.65435694140353, 40.490492799300675, 25.89345938888479, 7.778159238920636, 27.64877866786638, 45.633972770724604, 41.65927735803824, 42.945724150701245, 32.75846195524345, 0.0, 41.7851827070526, 39.01283960737797, 36.123294613363015, 67.58204207159638, 52.24168714842383, 37.22235528704322, 9.517672310702695, 42.15857557411262, 60.307199440471884, 36.26580415764018, 24.679699098152415, 19.31719276036474, 62.2182394982845, 40.33547557723776, 32.239425514589776, 40.52339371482665, 28.25566206533432, 28.20453235494556, 62.484186434137946, 72.53291219892493, 58.70773067237163, 69.14238087265261, 48.0005480343703, 51.31297385316917, 70.65620750550245, 41.901168719170094, 24.55083973118397, 41.442360515281365, 71.3630614412682, 47.0608223482223, 66.45100016260211, 38.76790626184013, 64.22558384494928, 14.580467902589245, 73.89325638577564, 66.71556255649816, 28.083389643183057, 15.896819765938753, 56.517598132744794, 17.489324785324047, 54.5851776330464, 37.928109407438, 47.55687519636797, 79.47797976616275, 21.61179990767077, 44.30928407168149, 22.927335919475073, 73.35270807775993, 6.981769168304412, 41.96664130711178, 52.26944411101976, 49.5847303526702, 45.46614524065915], [52.39097145795697, 61.02351531110777, 73.79002700982323, 67.19277036666362, 36.87841543754616, 29.354608449483123, 82.56415045518982, 97.10247991112149, 77.7408654079051, 23.619904863658014, 12.525754386415404, 46.54946990525791, 70.10454918287486, 82.94508956621333, 78.76760110419843, 67.48004679490276, 42.63275828656865, 19.0872901347394, 85.08202239767728, 33.45516836385128, 10.055484124306956, 62.33451983629108, 41.7851827070526, 0.0, 37.854950247600684, 22.608507680473906, 106.17641879374867, 81.49923092540054, 74.83998639844278, 51.20766516670776, 49.40287119027811, 76.44729936512186, 64.34417748179108, 53.67604835155511, 37.37235443147211, 99.31675404696385, 35.0026816059924, 62.28118238757707, 74.94498143672489, 36.450931895694104, 47.25328177072722, 53.36763061919689, 70.28111544528663, 70.43676647059787, 101.29718795482452, 17.936676919441293, 41.48917068498711, 62.675536213826106, 10.906921118132328, 31.711228934503165, 58.24016841814868, 68.96016043707154, 72.0979996666895, 96.73584553499798, 78.3634319445075, 94.38914439902057, 32.07058738025411, 111.5233495873087, 87.41938284420924, 27.514707535007776, 51.91261006989082, 62.56166434330057, 28.11533310690092, 14.281791476817256, 73.3553324736334, 63.75899205816789, 113.72352006345574, 63.38106842211388, 85.7999053710539, 18.87477645251176, 67.96759804350754, 37.665256303110255, 48.63869610340745, 92.73137080934386, 10.386263853950226, 39.09787435376889], [66.50199113384419, 30.816394682365782, 81.92299614723198, 50.42633502135688, 16.787284850499926, 24.08148084762611, 59.84742462268199, 68.82105824946267, 40.67508821572686, 19.24758281886558, 28.31833592546743, 27.538869286793904, 32.57405996178853, 45.81489565921233, 56.551849895152294, 59.81387960674479, 32.965700374873926, 42.6549570101132, 81.93696590195454, 6.5198284593542475, 46.70444167540718, 71.42377168223886, 39.01283960737797, 37.854950247600684, 0.0, 52.45629831562719, 81.31000336143688, 49.64801099850712, 52.39716620635647, 43.92693384719671, 11.958211537639453, 39.09229585867384, 74.7654809939735, 29.469655480623143, 20.034761898732917, 72.86521399885979, 3.9178267893169605, 70.96695078858689, 79.39208404410316, 56.95425363589384, 62.91802582486346, 23.522395407669364, 36.04366887841494, 32.634248989521, 69.72997150755437, 26.91696928743026, 12.69940757108877, 32.091353590598615, 46.88788513410103, 14.899714319847693, 23.01440130386072, 34.74809617372826, 38.806779343832964, 64.12863441713598, 75.3118418097166, 61.878832653899224, 43.05075262247494, 84.84534042908578, 50.76126179890994, 50.5880195549696, 35.600177891395155, 24.87953231306965, 41.65092309410844, 50.90618821501581, 48.488798772595146, 27.333041828154222, 83.14263786384402, 54.799289600985716, 76.65193442646313, 31.66956457978321, 35.61075177706811, 32.075782501186694, 11.141995964312882, 72.8132085218191, 48.045122893543194, 6.753231693647998], [33.19973010224338, 66.44641847230086, 55.3392772582239, 63.206963156093224, 56.757382845253446, 50.99497288290565, 80.33720127473177, 97.59794165276779, 93.00305791997536, 33.575480155833404, 24.742405731571864, 48.792824390737216, 84.63990622092483, 93.0810744031517, 76.61161095284469, 58.05936899600023, 40.9530841118988, 10.408494252863884, 71.2059572955315, 50.1742758050117, 14.791658669447646, 44.445178014248924, 36.123294613363015, 22.608507680473906, 52.45629831562719, 0.0, 103.64355123698569, 85.91456386991005, 73.28324521163002, 44.99912325439508, 62.1416085476146, 87.30789762550486, 45.62124071762243, 56.8201817056652, 42.74633152945608, 98.31946100841674, 50.831840604635794, 44.597312587625716, 58.105