instance_id,num_cities,city_coordinates,distance_matrix,best_route,total_distance
1069,34,"[[63.88044244839146, 54.249370302029234], [28.360821060889872, 78.32711209416215], [11.876523825316166, 64.4944161281125], [81.6091025752548, 99.2434543631647], [3.794881108671, 41.90873541603657], [10.017629742971168, 79.10665378701664], [4.3752483511086515, 73.5700152510362], [30.829734644982608, 10.995145960841757], [66.34745753457413, 40.06374923857364], [65.9156764924655, 3.0054783704144383], [73.75511060102849, 44.05476946077691], [58.811580198472655, 99.30793743762098], [89.58717161206025, 54.9512320658384], [18.951881762829327, 91.56079468218523], [14.596553148031466, 86.41851369867037], [51.51411918610243, 69.77951464696376], [77.02313768231487, 81.21216669559807], [67.00444859566463, 65.18571834438772], [74.18639093513771, 74.24493414785303], [71.79791193468591, 45.899416562971304], [96.25480547305456, 27.203612433498392], [59.169311772088285, 67.06487660426484], [4.024357907799536, 52.0802575353311], [71.04205748278216, 31.421585827125952], [83.40686136043543, 53.754393824647586], [81.09366982062814, 17.6830679600967], [8.64024821720475, 81.38906717495891], [92.99547798624725, 87.07895260737163], [10.038677140261331, 73.0321904622845], [46.36127255581738, 45.4933422630735], [6.750205721986613, 75.80906088750642], [8.938968572928063, 70.31032341355358], [47.57199773331874, 15.035671786187399], [21.544522066286042, 86.97656233254214]]","[[0.0, 42.91131731047282, 53.00347645328544, 48.360862175878935, 61.33975832116303, 59.32189422795106, 62.56321160075536, 54.43599185891708, 14.39854188421202, 51.284292311712505, 14.192919271142445, 45.342781529382165, 25.716308720920978, 58.40135233496172, 58.85367899667614, 19.85223751625828, 29.995380100489506, 11.373791052758042, 22.49522499829426, 11.506869709474042, 42.1849783683229, 13.654008716558128, 59.895374668876904, 23.924808754375576, 19.532691500194986, 40.41521574271179, 61.54707308275303, 43.88014093771642, 57.023942556335555, 19.58543695565287, 61.062952815570355, 57.24089243241068, 42.46974829588609, 53.51073960245772], [42.91131731047282, 0.0, 21.519189878801406, 57.20902776788922, 43.9293019021002, 18.359748173018783, 24.45276402763255, 67.37721571617755, 53.91724666191949, 84.16481256024367, 56.879126157441036, 36.97896380576132, 65.53699542177216, 16.23756427408783, 15.966397561829083, 24.680693592245813, 48.747765066893905, 40.81698394949107, 46.00703240902311, 54.206423060759406, 84.98944250266116, 32.80245491014204, 35.7933068189313, 63.41779195848028, 60.28171394222404, 80.36450352768881, 19.956867544780376, 65.22448610933859, 19.07189431954653, 37.444261180348384, 21.756821394803545, 21.011360137165845, 66.14284334224834, 11.012489337568004], [53.00347645328544, 21.519189878801406, 0.0, 77.91102744398582, 23.988037064906806, 14.730002600463907, 11.774363387460081, 56.757344095767436, 59.69874457495724, 81.86036579171595, 65.1670058944316, 58.436981293689165, 78.29442599241554, 27.97587421290528, 22.092184450609953, 39.98838871896927, 67.25744926080351, 55.13225905256763, 63.0681547288083, 62.740312095026425, 92.25127887468722, 47.36259134420134, 14.689038197340839, 67.78180048575425, 72.33213163571924, 83.56025141802488, 17.20182297916024, 84.20419236680692, 8.733342488361096, 39.37307078487114, 12.421768124055628, 6.515674056740366, 60.99454278373435, 24.47278259505336], [48.360862175878935, 57.20902776788922, 77.91102744398582, 0.0, 96.6556933615228, 74.36954833625899, 81.38914985525298, 101.81506835075768, 61.115916977341364, 97.50913621500884, 55.74474083881149, 22.797613572187196, 45.005005739270864, 63.12646497080912, 68.22873942690023, 42.11688223020883, 18.605332809434447, 37.057054666935656, 26.077244122945125, 54.23878529810609, 73.51350514444219, 39.230155210952724, 90.79515262465942, 68.64013617196628, 45.524571006507784, 81.56201506303228, 75.12145398082151, 16.6620721390452, 76.21913245522771, 64.27662150309025, 78.4412215334528, 78.21812093411263, 90.82662138686229, 61.30440825755796], [61.33975832116303, 43.9293019021002, 23.988037064906806, 96.6556933615228, 0.0, 37.71482111451387, 31.66659860051674, 41.067424057690204, 62.57977941406858, 73.29704378672452, 69.99313661170294, 79.50789628365501, 86.77801466199848, 51.91398326269422, 45.80170828271715, 55.26215719305268, 83.10918884914369, 67.35924105970578, 77.46350369091942, 68.12002449750318, 93.62199664287822, 60.82071202131461, 10.17411037018157, 68.05999586240804, 80.48842788091233, 81.00608433952091, 39.776553121292864, 99.98547396711308, 31.743573253493675, 42.71705850218997, 34.028899639007676, 28.8636767689189, 51.36728033312579, 48.437163181800294], [59.32189422795106, 18.359748173018783, 14.730002600463907, 74.36954833625899, 37.71482111451387, 0.0, 7.905114423545055, 71.22023033385537, 68.53756557254188, 94.42446997572776, 72.73995505189231, 52.81042948306809, 83.15525474547408, 15.327311720946055, 8.62727273922981, 42.531801756354156, 67.03858052508015, 58.662509037267924, 64.35267073546466, 70.13931758822528, 100.65175696254045, 50.605259054869755, 27.682944237262475, 77.44576481196894, 77.64480924441348, 93.93966344924651, 2.6658189625292903, 83.35994750217391, 6.074499788167622, 49.504697600464105, 4.64221699878486, 8.862219697054888, 74.26588240709881, 13.957245686317581], [62.56321160075536, 24.45276402763255, 11.774363387460081, 81.38914985525298, 31.66659860051674, 7.905114423545055, 0.0, 67.93713352620703, 70.45015665828647, 93.63000673394258, 75.39704914568786, 60.214241367628546, 87.22230765766122, 23.15483504929255, 16.41825155461004, 47.291024924690525, 73.0487392292352, 63.18791939834326, 69.81440499212835, 72.87988471766522, 102.91596730907746, 55.178856593772004, 21.492622240734434, 78.87302164049079, 81.47794000445728, 94.91610543145498, 8.906615341800679, 89.64394284658664, 5.688908608265665, 50.5086704892475, 3.2640079466330816, 5.608309294109433, 72.74770458269013, 21.783467688945137], [54.43599185891708, 67.37721571617755, 56.757344095767436, 101.81506835075768, 41.067424057690204, 71.22023033385537, 67.93713352620703, 0.0, 45.896539474997226, 35.9841368318107, 54.1805002461711, 92.63980148402986, 73.37965593139546, 81.43652216899363, 77.15050604130009, 62.31729908838186, 84.0491551714508, 65.15541469954745, 76.68334467382364, 53.820996429899424, 67.40292484939704, 62.82472702821071, 49.056239308680745, 45.10288631143621, 67.76951771653069, 50.70691747690461, 73.80838334381718, 98.25133728860149, 65.42830398717832, 37.833242234614445, 69.14236965330538, 63.225753577700495, 17.222927226936413, 76.5466577094081], [14.39854188421202, 53.91724666191949, 59.69874457495724, 61.115916977341364, 62.57977941406858, 68.53756557254188, 70.45015665828647, 45.896539474997226, 0.0, 37.06078621138766, 8.414366664638884, 59.72154789176941, 27.599301718257458, 69.98775815924239, 69.4760411435203, 33.21226641418372, 42.51073283106771, 25.130558469875474, 35.06853687653393, 7.985140342457385, 32.55506994860525, 27.938980933558966, 63.47097934280606, 9.834950793160072, 21.873660143560947, 26.801971406486842, 70.97819319862974, 54.0420793623101, 65.25026334212164, 20.710578707915904, 69.4950338405004, 64.88905804665376, 31.287738040823626, 64.869985809812], [51.284292311712505, 84.16481256024367, 81.86036579171595, 97.50913621500884, 73.29704378672452, 94.42446997572776, 93.63000673394258, 35.9841368318107, 37.06078621138766, 0.0, 41.79115966521883, 96.56413312687746, 57.08503313638918, 100.23792726550754, 97.93562622209605, 68.30941936153742, 78.99152988059178, 62.18977140907989, 71.71795296059318, 43.29538806229369, 38.80737609573473, 64.41366267356162, 78.9865131920251, 28.874815065195758, 53.67861741761243, 21.11405024226519, 97.07966665576498, 88.32703277714548, 89.58783099843353, 46.771714651899615, 93.81318968468885, 88.18326038216806, 21.936638394240784, 94.97337672677837], [14.192919271142445, 56.879126157441036, 65.1670058944316, 55.74474083881149, 69.99313661170294, 72.73995505189231, 75.39704914568786, 54.1805002461711, 8.414366664638884, 41.79115966521883, 0.0, 57.23828851712337, 19.219444663166914, 72.5273487963617, 72.76277719942526, 34.00623786914775, 37.30083337232985, 22.183066474958693, 30.193245048509894, 2.689488715567949, 28.110456461827052, 27.243541587559932, 70.19107015852563, 12.921222308434006, 13.68353044802057, 27.373729951553, 75.0586110254878, 47.13037314248547, 69.99624861990092, 27.43158498072547, 74.14844773738096, 69.93201256058668, 39.085335220394285, 67.58865184682186], [45.342781529382165, 36.97896380576132, 58.436981293689165, 22.797613572187196, 79.50789628365501, 52.81042948306809, 60.214241367628546, 92.63980148402986, 59.72154789176941, 96.56413312687746, 57.23828851712337, 0.0, 53.98753873159261, 40.60558804220827, 46.05546505457816, 30.41678302731681, 25.673288545395614, 35.092006617181625, 29.403043024340015, 54.96466968863608, 81.24671564600767, 32.24504525942344, 72.33321142656936, 68.97928174159087, 51.76923015783671, 84.61152897302259, 53.27521435212354, 36.30546705309669, 55.400459852221296, 55.236046330246964, 57.119032830558645, 57.69002521616017, 85.01848606048445, 39.254253703387796], [25.716308720920978, 65.53699542177216, 78.29442599241554, 45.005005739270864, 86.77801466199848, 83.15525474547408, 87.22230765766122, 73.37965593139546, 27.599301718257458, 57.08503313638918, 19.219444663166914, 53.98753873159261, 0.0, 79.5588099901267, 81.32516628312234, 40.85872349126241, 29.11170960655358, 24.79362999282394, 24.686656020777832, 19.959787668384685, 28.537479506173952, 32.74120616665684, 85.61096649229493, 29.95939769399419, 6.295129592146259, 38.22375738324994, 85.15493839085111, 32.30800178802738, 81.57747255991593, 44.248503124306275, 85.42254937091978, 82.0977121512442, 57.95279793503792, 75.2025527219688], [58.40135233496172, 16.23756427408783, 27.97587421290528, 63.12646497080912, 51.91398326269422, 15.327311720946055, 23.15483504929255, 81.43652216899363, 69.98775815924239, 100.23792726550754, 72.5273487963617, 40.60558804220827, 79.5588099901267, 0.0, 6.738838257169827, 39.175546786003444, 58.98614129836905, 54.81508762237591, 57.885145154437176, 69.84027746702188, 100.58622629932786, 47.090250360662026, 42.20833782378326, 79.5619937422888, 74.72461669843909, 96.53766274695064, 14.484261350186785, 74.17911464880204, 20.56099197464681, 53.60489600801275, 19.924809051634643, 23.49129540249831, 81.7019306529034, 5.266589976315065], [58.85367899667614, 15.966397561829083, 22.092184450609953, 68.22873942690023, 45.80170828271715, 8.62727273922981, 16.41825155461004, 77.15050604130009, 69.4760411435203, 97.93562622209605, 72.76277719942526, 46.05546505457816, 81.32516628312234, 6.738838257169827, 0.0, 40.493986857532605, 62.643311739821286, 56.54572577840782, 60.8205952500772, 70.098449909622, 100.86860118303022, 48.593148489682996, 35.92891799841306, 78.80835637743131, 76.16956901171595, 95.63695952219173, 7.795697580323644, 78.40170658436163, 14.141000088084672, 51.80605231136961, 13.195668110501844, 17.072845617704708, 78.63135548303798, 6.970343633336725], [19.85223751625828, 24.680693592245813, 39.98838871896927, 42.11688223020883, 55.26215719305268, 42.531801756354156, 47.291024924690525, 62.31729908838186, 33.21226641418372, 68.30941936153742, 34.00623786914775, 30.41678302731681, 40.85872349126241, 39.175546786003444, 40.493986857532605, 0.0, 27.953811144551484, 16.157142992692393, 23.10783152052623, 31.33195386133122, 61.76112416980468, 8.122267739455594, 50.68077671636334, 43.04266578020784, 35.69245719712094, 59.908176179366805, 44.4179076697447, 44.94411731976003, 41.602790685932305, 24.82679998419599, 45.168167734475254, 42.578459432924184, 54.88559604043553, 34.553078019536315], [29.995380100489506, 48.747765066893905, 67.25744926080351, 18.605332809434447, 83.10918884914369, 67.03858052508015, 73.0487392292352, 84.0491551714508, 42.51073283106771, 78.99152988059178, 37.30083337232985, 25.673288545395614, 29.11170960655358, 58.98614129836905, 62.643311739821286, 27.953811144551484, 0.0, 18.900295705860728, 7.5225967246674905, 35.69724507637832, 57.33045420625533, 22.779484554331194, 78.59700999332122, 50.14853201812695, 28.19009079501699, 63.65937180049865, 68.3831182776646, 17.015723073651838, 67.48207143595624, 47.07424340206688, 70.48034136320821, 68.95146314808584, 72.43409502983117, 55.77728074879858], [11.373791052758042, 40.81698394949107, 55.13225905256763, 37.057054666935656, 67.35924105970578, 58.662509037267924, 63.18791939834326, 65.15541469954745, 25.130558469875474, 62.18977140907989, 22.183066474958693, 35.092006617181625, 24.79362999282394, 54.81508762237591, 56.54572577840782, 16.157142992692393, 18.900295705860728, 0.0, 11.560695772369051, 19.873065369650632, 47.939792937398956, 8.05733236312282, 64.32919186550869, 34.00468982608935, 19.992856843921235, 49.54803677501407, 60.57167984414985, 33.98304452629315, 57.50361938353248, 28.529465342695083, 61.18356961692096, 58.29117898435182, 53.783336790377255, 50.41275435614072], [22.49522499829426, 46.00703240902311, 63.0681547288083, 26.077244122945125, 77.46350369091942, 64.35267073546466, 69.81440499212835, 76.68334467382364, 35.06853687653393, 71.71795296059318, 30.193245048509894, 29.403043024340015, 24.686656020777832, 57.885145154437176, 60.8205952500772, 23.10783152052623, 7.5225967246674905, 11.560695772369051, 0.0, 28.445969821583486, 51.960570328382204, 16.645296420266323, 73.57977825372247, 42.93863055871625, 22.469519745662083, 56.98206040714564, 65.93432688599027, 22.770458614518088, 64.15917652492323, 40.011139058168666, 67.45432208954529, 65.36594898372577, 64.91581221022795, 54.15958561730827], [11.506869709474042, 54.206423060759406, 62.740312095026425, 54.23878529810609, 68.12002449750318, 70.13931758822528, 72.87988471766522, 53.820996429899424, 7.985140342457385, 43.29538806229369, 2.689488715567949, 54.96466968863608, 19.959787668384685, 69.84027746702188, 70.098449909622, 31.33195386133122, 35.69724507637832, 19.873065369650632, 28.445969821583486, 0.0, 30.78429361857625, 24.646667945715386, 68.05481188395783, 14.49754802607155, 14.016717681078598, 29.70813765877963, 72.44588177951448, 46.315127068187685, 67.45658234645539, 25.439880487683954, 71.59462903845396, 67.43247833073086, 39.236025034889295, 64.90558602955501], [42.1849783683229, 84.98944250266116, 92.25127887468722, 73.51350514444219, 93.62199664287822, 100.65175696254045, 102.91596730907746, 67.40292484939704, 32.55506994860525, 38.80737609573473, 28.110456461827052, 81.24671564600767, 28.537479506173952, 100.58622629932786, 100.86860118303022, 61.76112416980468, 57.33045420625533, 47.939792937398956, 51.960570328382204, 30.78429361857625, 0.0, 54.44496509628818, 95.52645146560083, 25.563136755303237, 29.495993972090155, 17.902536170646187, 103.01637806037178, 59.96398566309028, 97.63953783604882, 53.14018107046945, 101.85068971791061, 97.37681400152452, 50.18041997652635, 95.67879590773113], [13.654008716558128, 32.80245491014204, 47.36259134420134, 39.230155210952724, 60.82071202131461, 50.605259054869755, 55.178856593772004, 62.82472702821071, 27.938980933558966, 64.41366267356162, 27.243541587559932, 32.24504525942344, 32.74120616665684, 47.090250360662026, 48.593148489682996, 8.122267739455594, 22.779484554331194, 8.05733236312282, 16.645296420266323, 24.646667945715386, 54.44496509628818, 0.0, 57.14459506668664, 37.56868733579167, 27.651903404179507, 54.029996305846744, 52.52017421181141, 39.30359727818873, 49.4916972229301, 25.087386519897418, 53.14342327956579, 50.335080241292395, 53.306058257155854, 42.56876823385338], [59.895374668876904, 35.7933068189313, 14.689038197340839, 90.79515262465942, 10.17411037018157, 27.682944237262475, 21.492622240734434, 49.056239308680745, 63.47097934280606, 78.9865131920251, 70.19107015852563, 72.33321142656936, 85.61096649229493, 42.20833782378326, 35.92891799841306, 50.68077671636334, 78.59700999332122, 64.32919186550869, 73.57977825372247, 68.05481188395783, 95.52645146560083, 57.14459506668664, 0.0, 70.1295427980963, 79.40015482807924, 84.39695189633022, 29.670065147222058, 95.60736825558601, 21.7980625103589, 42.84625765125174, 23.884856181947487, 18.880908344518982, 57.17253070923839, 39.04751260503247], [23.924808754375576, 63.41779195848028, 67.78180048575425, 68.64013617196628, 68.05999586240804, 77.44576481196894, 78.87302164049079, 45.10288631143621, 9.834950793160072, 28.874815065195758, 12.921222308434006, 68.97928174159087, 29.95939769399419, 79.5619937422888, 78.80835637743131, 43.04266578020784, 50.14853201812695, 34.00468982608935, 42.93863055871625, 14.49754802607155, 25.563136755303237, 37.56868733579167, 70.1295427980963, 0.0, 25.527293001550234, 17.02297811115962, 79.942072726841, 59.83055363869498, 73.84344812722206, 28.4104817594444, 78.12611692045117, 73.274330861573, 28.6241486091798, 74.4067297146208], [19.532691500194986, 60.28171394222404, 72.33213163571924, 45.524571006507784, 80.48842788091233, 77.64480924441348, 81.47794000445728, 67.76951771653069, 21.873660143560947, 53.67861741761243, 13.68353044802057, 51.76923015783671, 6.295129592146259, 74.72461669843909, 76.16956901171595, 35.69245719712094, 28.19009079501699, 19.992856843921235, 22.469519745662083, 14.016717681078598, 29.495993972090155, 27.651903404179507, 79.40015482807924, 25.527293001550234, 0.0, 36.14542024553669, 79.71023530317747, 34.6766172926372, 75.8585782820077, 37.95550846430367, 79.76622839852261, 76.28607907583469, 52.75677101060671, 70.21866919353712], [40.41521574271179, 80.36450352768881, 83.56025141802488, 81.56201506303228, 81.00608433952091, 93.93966344924651, 94.91610543145498, 50.70691747690461, 26.801971406486842, 21.11405024226519, 27.373729951553, 84.61152897302259, 38.22375738324994, 96.53766274695064, 95.63695952219173, 59.908176179366805, 63.65937180049865, 49.54803677501407, 56.98206040714564, 29.70813765877963, 17.902536170646187, 54.029996305846744, 84.39695189633022, 17.02297811115962, 36.14542024553669, 0.0, 96.47773130628353, 70.40910341418278, 90.06851473500144, 44.494390394379444, 94.36938967686125, 89.30805634828393, 33.6260495156765, 91.36569028148693], [61.54707308275303, 19.956867544780376, 17.20182297916024, 75.12145398082151, 39.776553121292864, 2.6658189625292903, 8.906615341800679, 73.80838334381718, 70.97819319862974, 97.07966665576498, 75.0586110254878, 53.27521435212354, 85.15493839085111, 14.484261350186785, 7.795697580323644, 44.4179076697447, 68.3831182776646, 60.57167984414985, 65.93432688599027, 72.44588177951448, 103.01637806037178, 52.52017421181141, 29.670065147222058, 79.942072726841, 79.71023530317747, 96.47773130628353, 0.0, 84.54690760531656, 8.47307452131049, 52.07090112629084, 5.891411613674581, 11.082770284626543, 76.93149030146294, 14.062019261404082], [43.88014093771642, 65.22448610933859, 84.20419236680692, 16.6620721390452, 99.98547396711308, 83.35994750217391, 89.64394284658664, 98.25133728860149, 54.0420793623101, 88.32703277714548, 47.13037314248547, 36.30546705309669, 32.30800178802738, 74.17911464880204, 78.40170658436163, 44.94411731976003, 17.015723073651838, 33.98304452629315, 22.770458614518088, 46.315127068187685, 59.96398566309028, 39.30359727818873, 95.60736825558601, 59.83055363869498, 34.6766172926372, 70.40910341418278, 84.54690760531656, 0.0, 84.13763921908686, 62.48289448989484, 86.97848841704443, 85.71279775967639, 85.16763980390792, 71.45102928331139], [57.023942556335555, 19.07189431954653, 8.733342488361096, 76.21913245522771, 31.743573253493675, 6.074499788167622, 5.688908608265665, 65.42830398717832, 65.25026334212164, 89.58783099843353, 69.99624861990092, 55.400459852221296, 81.57747255991593, 20.56099197464681, 14.141000088084672, 41.602790685932305, 67.48207143595624, 57.50361938353248, 64.15917652492323, 67.45658234645539, 97.63953783604882, 49.4916972229301, 21.7980625103589, 73.84344812722206, 75.8585782820077, 90.06851473500144, 8.47307452131049, 84.13763921908686, 0.0, 45.582004100975645, 4.304074073163922, 2.935629262020905, 69.08217087851327, 18.07843948790274], [19.58543695565287, 37.444261180348384, 39.37307078487114, 64.27662150309025, 42.71705850218997, 49.504697600464105, 50.5086704892475, 37.833242234614445, 20.710578707915904, 46.771714651899615, 27.43158498072547, 55.236046330246964, 44.248503124306275, 53.60489600801275, 51.80605231136961, 24.82679998419599, 47.07424340206688, 28.529465342695083, 40.011139058168666, 25.439880487683954, 53.14018107046945, 25.087386519897418, 42.84625765125174, 28.4104817594444, 37.95550846430367, 44.494390394379444, 52.07090112629084, 62.48289448989484, 45.582004100975645, 0.0, 49.88065167407095, 44.903356097412775, 30.48172479263624, 48.33972126721067], [61.062952815570355, 21.756821394803545, 12.421768124055628, 78.4412215334528, 34.028899639007676, 4.64221699878486, 3.2640079466330816, 69.14236965330538, 69.4950338405004, 93.81318968468885, 74.14844773738096, 57.119032830558645, 85.42254937091978, 19.924809051634643, 13.195668110501844, 45.168167734475254, 70.48034136320821, 61.18356961692096, 67.45432208954529, 71.59462903845396, 101.85068971791061, 53.14342327956579, 23.884856181947487, 78.12611692045117, 79.76622839852261, 94.36938967686125, 5.891411613674581, 86.97848841704443, 4.304074073163922, 49.88065167407095, 0.0, 5.918344077959192, 73.21081563455485, 18.536042852240072], [57.24089243241068, 21.011360137165845, 6.515674056740366, 78.21812093411263, 28.8636767689189, 8.862219697054888, 5.608309294109433, 63.225753577700495, 64.88905804665376, 88.18326038216806, 69.93201256058668, 57.69002521616017, 82.0977121512442, 23.49129540249831, 17.072845617704708, 42.578459432924184, 68.95146314808584, 58.29117898435182, 65.36594898372577, 67.43247833073086, 97.37681400152452, 50.335080241292395, 18.880908344518982, 73.274330861573, 76.28607907583469, 89.30805634828393, 11.082770284626543, 85.71279775967639, 2.935629262020905, 44.903356097412775, 5.918344077959192, 0.0, 67.43736393598351, 20.896494887390055], [42.46974829588609, 66.14284334224834, 60.99454278373435, 90.82662138686229, 51.36728033312579, 74.26588240709881, 72.74770458269013, 17.222927226936413, 31.287738040823626, 21.936638394240784, 39.085335220394285, 85.01848606048445, 57.95279793503792, 81.7019306529034, 78.63135548303798, 54.88559604043553, 72.43409502983117, 53.783336790377255, 64.91581221022795, 39.236025034889295, 50.18041997652635, 53.306058257155854, 57.17253070923839, 28.6241486091798, 52.75677101060671, 33.6260495156765, 76.93149030146294, 85.16763980390792, 69.08217087851327, 30.48172479263624, 73.21081563455485, 67.43736393598351, 0.0, 76.50438694742004], [53.51073960245772, 11.012489337568004, 24.47278259505336, 61.30440825755796, 48.437163181800294, 13.957245686317581, 21.783467688945137, 76.5466577094081, 64.869985809812, 94.97337672677837, 67.58865184682186, 39.254253703387796, 75.2025527219688, 5.266589976315065, 6.970343633336725, 34.553078019536315, 55.77728074879858, 50.41275435614072, 54.15958561730827, 64.90558602955501, 95.67879590773113, 42.56876823385338, 39.04751260503247, 74.4067297146208, 70.21866919353712, 91.36569028148693, 14.062019261404082, 71.45102928331139, 18.07843948790274, 48.33972126721067, 18.536042852240072, 20.896494887390055, 76.50438694742004, 0.0]]",Route_4,1569.1314924698254
