instance_id,num_cities,city_coordinates,distance_matrix,best_route,total_distance
1984,93,"[[65.48163638567887, 18.979773741752272], [75.61587804381823, 19.3527543286794], [76.04274187162332, 74.2873223322975], [45.790959879203605, 58.8364934372172], [99.2860542721972, 28.504530346206035], [54.25347160940625, 52.862714053071414], [20.653937122736153, 69.93097462322237], [89.84994226172425, 15.966500260949456], [62.066519371672726, 7.777572604727146], [32.79995862283679, 30.766561684065774], [45.10058391358226, 78.69274645134671], [55.54130084307472, 66.21881361640794], [60.642741101718165, 94.6584812014399], [42.533263963700044, 81.51991940463108], [55.14901707922921, 73.80596197790413], [13.124667556702141, 11.36782637039293], [82.77639735055202, 64.74723125981315], [9.428397349194151, 12.444980690290086], [90.5518976030479, 8.076521473828624], [38.434274285433055, 85.80681900954626], [76.55621144177573, 37.93706550402772], [84.68053493825428, 15.969775081276916], [85.52839696623249, 90.37019728777602], [70.49080698446724, 70.75799700082607], [2.0343118309021246, 64.18621775145562], [15.651729520677959, 84.33597811457278], [73.81092744424264, 58.61030313815322], [63.55567198870262, 65.16730971791476], [87.2049971704779, 38.97152449988675], [52.40655840747191, 54.797873175144], [56.49731233096509, 82.08668425103447], [76.32073905530955, 64.24246890032276], [23.170164934599246, 20.305512468169308], [87.85048947161089, 99.9376972324915], [13.004437323478468, 39.81429189024956], [19.868659770852094, 13.939709913055076], [57.308326143132405, 89.57140308745812], [13.757628731545235, 16.36510669599852], [96.6216670100034, 4.57707280709373], [50.45393845901592, 6.283196793402668], [0.9234421536330584, 40.55092620986961], [65.85671055216918, 5.9285009702801155], [85.70466375699168, 22.13179852145286], [10.015751609624669, 15.994317428911142], [16.04392912313176, 24.1329911047095], [64.67879488874661, 30.209944222160757], [66.2277847773546, 74.94364499606036], [71.30392620940194, 51.475319893050575], [60.77725113761041, 68.6638850105277], [34.25085773797441, 30.140760614962815], [64.96770308676089, 17.214169639226785], [0.5155439854239163, 39.716865749535835], [27.590820433746586, 38.9888259433123], [3.9141058986483124, 20.651651889068003], [23.28980355066016, 65.12838902580808], [69.04497218412082, 9.270678210768434], [33.80909690022384, 65.16603158064481], [74.35799648618732, 83.6270786128803], [92.16674357212145, 84.59438975422445], [44.56028341475853, 18.76401644400012], [99.2027903769563, 41.257407487938515], [21.508661576125977, 8.607148093830686], [33.95772832328736, 9.614088303420044], [85.55655857503957, 71.66082999796956], [63.406912298829084, 19.60964905741819], [51.69400028653619, 70.98269550140348], [29.583977835302743, 77.57492558308343], [59.42184212766391, 76.85758605212047], [9.692809645153766, 76.4204258552293], [41.9691431369045, 18.976719577004854], [21.592691906121885, 91.79609689103313], [50.844958048751856, 54.343622163525005], [94.36302173525519, 2.6460884494001857], [55.915406468262965, 87.82591054020237], [7.611966714343743, 45.24377810204879], [36.51039149984482, 34.20843952078813], [85.0244325816839, 19.84294070913124], [21.750843361067684, 49.40787438822289], [64.08577912672693, 14.500473258171553], [90.27110982466051, 34.01555205030655], [33.093233682104774, 53.824062612969655], [5.230664169789289, 70.979432127093], [3.963558454542193, 2.5946108913412647], [60.606135177349785, 31.07373095068091], [40.56606543209872, 50.808147449397765], [85.462872381144, 9.89806549861324], [10.184164408568385, 61.17688907564857], [13.2166285659318, 31.755579733272743], [60.29149227518737, 78.14436280882062], [38.84407607888166, 12.992233526725204], [74.66165783983938, 59.141235001780366], [85.13387411289064, 11.732510147969165], [5.9195568352640615, 91.93844830727677]]","[[0.0, 10.141102923439426, 56.30685464648836, 44.455380396140114, 35.120644313856864, 35.694892188988966, 67.86418416567574, 24.553902914579943, 11.711205511548386, 34.742199576182756, 63.095375501593814, 48.27356584072559, 75.83324910840967, 66.61754736067621, 55.79134286103869, 52.90740900613812, 48.92615787592162, 56.43287274901689, 27.338597394985356, 72.09309104072041, 21.955070567710763, 19.433419605621285, 74.15163642061246, 52.01995957278568, 77.90497784584512, 82.18547966761858, 40.49636958762192, 46.227673729138964, 29.522440653880814, 38.129960807172736, 63.743236760825546, 46.54242924150474, 42.332235938186024, 83.99137434470516, 56.46178856442531, 45.890585952481324, 71.06321927693985, 51.79005166598142, 34.309463730829194, 19.673199312272327, 68.06669568375798, 13.056661195946646, 20.467195613290883, 55.5461728959467, 49.70555852786675, 11.25883135535099, 55.968845112179785, 33.013021347077384, 49.90633379772853, 33.16517997728779, 1.838881530330745, 68.19545546953803, 42.849458613942375, 61.59022639032031, 62.5287569891962, 10.342335231572621, 56.002858593275135, 65.2538412335586, 70.83341570202654, 20.922465470048472, 40.415457337912954, 45.179795002118965, 32.88575441214479, 56.37637970976513, 2.168230372870906, 53.799654095010574, 68.71705544264863, 58.19417723693393, 80.0738515640769, 23.512493447135345, 85.02032912492241, 38.27315152867328, 33.18017020662071, 69.50757733444439, 63.5507403018023, 32.72988377071546, 19.56184910411495, 53.27524347680758, 4.691753436570944, 28.992975403120802, 47.57239847463789, 79.58733646222893, 63.6627636375919, 13.039720587643563, 40.420676006425545, 21.94828504735554, 69.55865833641032, 53.80383128673267, 59.39180242561033, 27.30220241894094, 41.197278604776606, 20.94596088234244, 94.18391324811289], [10.141102923439426, 0.0, 54.9362264309411, 49.48223315006142, 25.377790427014975, 39.74002779817072, 74.69251179319005, 14.631312339318377, 17.820492483906353, 44.311149321698345, 66.72644034393737, 50.98446982120632, 76.77986278785399, 70.42169955315379, 58.17253837536578, 62.999289382056304, 45.95575668611433, 66.54697541842499, 18.714649547092982, 76.14863341291424, 18.608085574864784, 9.675358040000535, 71.70589401043517, 51.66009414960145, 86.16429845839383, 88.42238676779046, 39.29902015566199, 47.37533172026516, 22.786044526476378, 42.3677821938096, 65.58250924156258, 44.89524811568738, 52.454366563774926, 81.50839674291068, 65.87007688214858, 56.009404522983914, 72.56600505818852, 61.93035642038874, 25.68197684212092, 28.353774666473424, 77.64227244429354, 16.596744510914004, 10.46454412727667, 65.68603874943217, 59.76343164380529, 15.410981809218551, 56.378040231747356, 32.41067952172016, 51.49536345714976, 42.74863722431117, 10.860809103840474, 77.81232042320468, 51.88430848441262, 71.71353612554779, 69.52285094692607, 12.034328509075873, 62.02147468541724, 64.28663180011569, 67.30826206889992, 31.0611746407205, 32.189381221741144, 55.16392777201536, 42.781340022137066, 53.2442664485857, 12.211668168762698, 56.90261031739489, 74.221001491383, 59.74154727486535, 87.19271804776582, 33.64883611702779, 90.36892453755726, 42.871427655696415, 25.111114698261744, 71.25083649941865, 72.76590594598687, 41.8321701608693, 9.42131525741354, 61.68267344374345, 12.509508888246517, 20.730978162536474, 54.73980615916848, 87.28912986502964, 73.58593801800822, 19.043993118330153, 47.09491607908001, 13.651169852899184, 77.6567279543632, 63.61993723213137, 60.75598758038609, 37.31784619482486, 39.799921237000085, 12.19263591453981, 100.62932057984166], [56.30685464648836, 54.9362264309411, 0.0, 33.96908045946988, 51.34506415803172, 30.557914498182306, 55.55985472328658, 59.932938103268725, 67.9623543161372, 61.35140512247628, 31.254198130316254, 22.03202026926813, 25.53711294146067, 34.28112556600682, 20.89926897025554, 88.98059927646065, 11.677133799875815, 90.89524803816563, 67.78189839742285, 39.33313663920879, 36.35388318296474, 58.95377669358391, 18.67181082293421, 6.578762671398534, 74.69457832296416, 61.221318638221845, 15.835085299796553, 15.462908663878396, 37.03783902843841, 30.635074623710256, 21.0440932869126, 10.048699562828629, 75.56153246307554, 28.237645721722522, 71.84857457293793, 82.44611467235609, 24.178119389609254, 85.05538420987966, 72.68432464236855, 72.65912159115906, 82.34715303792001, 69.11355649975702, 53.042920342893474, 88.07745377634556, 78.20047616296951, 45.51872748763518, 9.836876648677904, 23.29900918856256, 16.268320585177428, 60.79046381549311, 58.13777810006823, 83.0630729559275, 59.94641389061885, 89.88506700902363, 53.54211950238863, 65.3921462671542, 43.207391873919, 9.490490735174529, 19.1368510909662, 63.82775796825121, 40.340589006545045, 85.36891238425795, 77.16071257523205, 9.869709734763509, 56.118732556492695, 24.571971334608385, 46.57494058951758, 16.818459022401196, 66.38421225786027, 64.96362757642478, 57.195848868551906, 32.13533080592231, 73.94659590911397, 24.257019625308132, 74.33907754391741, 56.29496934305726, 55.18026330437499, 59.72099441471477, 60.970782185364456, 42.71137947025904, 47.57525882286072, 70.88929740137272, 101.66244909419328, 45.88794292982655, 42.54252254364461, 65.07468981417091, 67.15084277679807, 75.86876591595046, 16.216615710029057, 71.6995721635986, 15.208923516360402, 63.21197048696397, 72.31060314938651], [44.455380396140114, 49.48223315006142, 33.96908045946988, 0.0, 61.495960103650376, 10.358578324956689, 27.47648860108921, 61.47381754467919, 53.590178515949994, 30.93036020271188, 19.868251124219128, 12.229791500259928, 38.778734028608476, 22.916160156034756, 17.65384442407848, 57.622573764108495, 37.45476480442094, 58.944112587239346, 67.67655649958752, 27.955666409567453, 37.19256366053471, 57.878792237580804, 50.729068439902655, 27.426350363118665, 44.082465886804464, 39.4790694598412, 28.020880507172325, 18.859062307371655, 45.93190041402774, 7.750909463311645, 25.596823156404625, 31.004709114092513, 44.68038561117136, 58.80742285592232, 37.90514757906281, 51.842905143548, 32.82201085957345, 53.19730252689234, 74.34948227482025, 52.75976077815892, 48.450553306234134, 56.58524557648478, 54.22488714698345, 55.81502998170318, 45.707974281793014, 34.29620432802684, 26.021224860817526, 26.553687633042088, 17.921120244476192, 30.92925863379545, 45.82756068561095, 49.146957660370695, 26.929073151200168, 56.67233031529594, 23.364288694913867, 54.74960390121285, 13.550944378756443, 37.823916955499925, 53.04886931697979, 40.091370354878755, 56.230311220308856, 55.79083387533145, 50.62480159182446, 41.78237006037021, 43.000780221380616, 13.50466995652409, 24.774888622485427, 22.59559093952427, 40.15309613966586, 40.04257553403608, 40.88877147494001, 6.762306542871714, 74.27386354326124, 30.706525734859113, 40.52650280082576, 26.31862437808046, 55.31512030769061, 25.822975416799085, 47.962309125148394, 50.936851792221944, 13.651253178531151, 42.338971976905825, 70.09051906102474, 31.468403200649178, 9.578823585572705, 62.99865372104032, 35.683628394994216, 42.36110182168645, 24.14662004169271, 46.36761112323903, 28.87230624933573, 61.373040841341826, 51.82150322898528], [35.120644313856864, 25.377790427014975, 51.34506415803172, 61.495960103650376, 0.0, 51.19818956543779, 88.87721942569596, 15.692112932712122, 42.60164967965925, 66.52456463945751, 73.85744535116714, 57.75786193376408, 76.61364673834822, 77.66280116514227, 63.24790715948518, 87.8490249455948, 39.82589787040092, 91.28147480646305, 22.216863847338477, 83.58523442339754, 24.609316825121432, 19.24685128964862, 63.37691914785405, 51.13239394644658, 103.59094663122806, 100.55769904166685, 39.43779459225272, 51.19394113938928, 15.984677266313161, 53.74966985620339, 68.5705742574326, 42.480653892199385, 76.55620486817398, 72.34272232721352, 87.01969966317141, 80.74191317792892, 74.10325637429138, 86.38563064550762, 24.075343897210747, 53.65037930580635, 99.09752325911678, 40.338543899531714, 15.00219581383794, 90.1426223531541, 83.35683388104792, 34.64925451610364, 57.00386435546239, 36.20299246371903, 55.63903023879132, 65.05577635950078, 36.127848994655615, 99.40487999845053, 72.45776017320448, 95.69470328408703, 84.36075597287036, 35.839421226153355, 75.04197238515238, 60.49713540651724, 56.53987012061033, 55.58585797682672, 12.75314895499827, 80.28218130504438, 68.00469816019232, 45.28758385839406, 36.965277516701185, 63.79183425428605, 85.2424961408219, 62.66716369841242, 101.60158721807885, 58.103420554600284, 100.21018387092484, 54.90171645106309, 26.32290384228674, 73.48495927095263, 93.18981030668789, 63.0342638283338, 16.68583196260831, 80.30354116209485, 37.88367702905489, 10.566010771111282, 70.87007980720671, 103.20142290013314, 98.7810818682628, 38.76515101131397, 62.81312303386194, 23.179320346331295, 94.90326549816724, 86.13080380167996, 63.124391737703796, 62.400833973088105, 39.30608822829876, 21.945041918199564, 112.87676816569784], [35.694892188988966, 39.74002779817072, 30.557914498182306, 10.358578324956689, 51.19818956543779, 0.0, 37.68626058143077, 51.26830712141086, 45.75711632907681, 30.7976162872911, 27.403757531921006, 13.41804380976785, 42.28130693540617, 30.96124490100374, 20.962386203138475, 58.424346180371, 30.8998226867446, 60.35627931390748, 57.648753458864164, 36.54532877616551, 26.83630355767967, 47.82149233131775, 48.835768189685524, 24.16386169184068, 53.432783794036624, 49.80623297308973, 20.384524988886238, 15.425109606478111, 35.75986834433909, 2.67505685981066, 29.309985590497284, 24.8286752146095, 45.01270186158629, 57.834363924711596, 43.26365854225537, 51.93568654072557, 36.83558044670303, 54.51594842960606, 64.23836184118058, 46.73422600519553, 54.73273391353339, 48.34723892492423, 43.97233967980114, 57.58693029165096, 47.80550300645365, 24.9366266060783, 25.11875170372023, 17.106807552017827, 17.094932084081982, 30.271962766447317, 37.22382939698964, 55.322492649373025, 30.05630947067555, 59.76290041400872, 33.304587104316894, 46.03318453168767, 23.860932073868195, 36.75102783991127, 49.440018544919184, 35.44966961780804, 46.423317396945514, 55.052499511723525, 47.77406016626018, 36.51372915296159, 34.48987979190301, 18.29985303603536, 34.9181517519841, 24.545181524379554, 50.40454721595966, 36.04393635068637, 50.818646479749574, 3.716322580828002, 64.26885325192349, 35.00267327037765, 47.25968857178309, 25.744880075465623, 45.13488086660489, 32.685727162777134, 39.60221950751043, 40.65077832174198, 21.182064587608693, 52.263286569401124, 71.10525691256669, 22.69616969983561, 13.840748960642534, 53.10355658464929, 44.84673169215195, 46.146869949854455, 25.992680842296263, 42.744645138518855, 21.35214018592557, 51.4324112992235, 62.153683116122075], [67.86418416567574, 74.69251179319005, 55.55985472328658, 27.47648860108921, 88.87721942569596, 37.68626058143077, 0.0, 87.75107760245042, 74.6863263991316, 41.004598268361114, 25.969350875301057, 35.084302568181535, 47.016529276896215, 24.759010161156752, 34.71204500175397, 59.045171127543405, 62.33836106294625, 58.57177000624533, 93.33647868715516, 23.83658584189339, 64.41020489618425, 83.73300594052363, 68.01806644647158, 49.84373143764597, 19.48570444002517, 15.248810002092176, 54.34908667966364, 43.16539537453285, 73.39980344263486, 35.17441851530294, 37.848498290864384, 55.95669696077332, 49.68921307994117, 73.59198359417067, 31.07296937882484, 55.996771195877066, 41.58474076770597, 54.007974191069216, 100.2109198980679, 70.27858637107298, 35.39038960645608, 78.35564663384652, 80.72396342878993, 54.975758114900245, 46.029419593542485, 59.29543285481194, 45.84869086804005, 53.90763012782769, 40.14331630075926, 42.04922568894921, 68.86778188409279, 36.310428986503695, 31.710202064954355, 52.04491904641499, 5.478377519516893, 77.59744734950327, 13.991529972459702, 55.42300295552931, 73.00066595293048, 56.476287080051314, 83.61875268033268, 61.3297827657831, 61.76663853265629, 64.92567035463352, 66.03069508272101, 31.05787561985362, 11.754812350899423, 39.38182835214795, 12.738103974783996, 55.232907896845525, 21.88526518755584, 33.97739397390494, 99.80122775717591, 39.54238171732133, 27.92043452757188, 39.08358555145593, 81.56207345947965, 20.552392720837304, 70.4192117354385, 78.33561331604338, 20.351135432647073, 15.458868384151698, 69.37401978204736, 55.73206900180843, 27.60752384638077, 88.34109048054634, 13.647349722952526, 38.89311421797832, 40.4795692164694, 59.77375170505711, 55.074970523415956, 86.86036807158717, 26.484540026403955], [24.553902914579943, 14.631312339318377, 59.932938103268725, 61.47381754467919, 15.692112932712122, 51.26830712141086, 87.75107760245042, 0.0, 28.96510182350964, 58.93846325893934, 77.05249531137035, 60.84716816392251, 83.93740801299246, 80.84626649750697, 67.4504080063878, 76.86296624586376, 49.290919593712914, 80.49860859794181, 7.92114300858339, 86.72508885180699, 25.679349995932682, 5.169408360769453, 74.52909421830368, 58.110964831768584, 100.18346222219992, 100.89479806185577, 45.56033274840305, 55.786273404945376, 23.156573035961095, 53.943326898311774, 74.05590222379892, 50.13590018609636, 66.82080313292693, 83.9949982575951, 80.46085256078557, 70.01062618047041, 80.47756519496336, 76.09335756467266, 13.250483530539514, 40.56860216556164, 92.26221556364382, 26.008394752999987, 7.429282369298143, 79.83419549836158, 74.25644179541129, 28.92165894184367, 63.53195987314243, 40.060341774354434, 60.18501249184225, 57.37741590959316, 24.913500461347706, 92.4376253277316, 66.37940742892896, 86.06345692104068, 82.74746746677161, 21.855910250036818, 74.57325412578753, 69.4114849778475, 68.66698467686653, 45.37597707233389, 26.964898594854144, 68.73638563430146, 56.252046332717185, 55.85956953232822, 26.692814890374212, 66.95265227569162, 86.18343540912987, 68.07050467416964, 100.39842144709841, 47.97533058939869, 102.02538875784094, 54.719213069810955, 14.06418348727247, 79.46903526028049, 87.29400678120166, 56.37265315238193, 6.189695810010615, 75.86707305940884, 25.805839207815524, 18.053965010793732, 68.2240353250154, 100.9299009080519, 86.92110416226674, 32.91547769516454, 60.355951605140056, 7.48814280057646, 91.60030249799753, 78.24295366728606, 68.84612230640562, 51.09251068080681, 45.76834827280948, 6.3378206870546405, 113.20797890514616], [11.711205511548386, 17.820492483906353, 67.9623543161372, 53.590178515949994, 42.60164967965925, 45.75711632907681, 74.6863263991316, 28.96510182350964, 0.0, 37.21592665721566, 72.91642371691283, 58.80439718108944, 86.89257403916834, 76.28552797477643, 66.38975855643575, 49.0733612174713, 60.617167973908884, 52.84464578640416, 28.48694689521571, 81.52941985761997, 33.45962026427328, 24.052149206721243, 85.86035960964222, 63.54134464186145, 82.37597458912208, 89.52944862514217, 52.17180861786328, 57.409054176476296, 40.062522397853975, 48.0023281889767, 74.51751566394061, 58.23630562168025, 40.864112197825484, 95.69901611573425, 58.59555680666503, 42.64541348254531, 81.93211279979212, 49.066227251018034, 34.703046368604035, 11.70833867457176, 69.37267904743815, 4.217180941580487, 27.655120170586606, 52.69532541055625, 48.842384539400435, 22.583960674774133, 67.29485426282116, 44.66343922225318, 60.899961009479334, 35.69065998411272, 9.872498697909267, 69.34436543504187, 46.50501211938197, 59.56043242083695, 69.229688963826, 7.136397410903956, 63.96809476888091, 76.83897429909835, 82.503617459458, 20.66809729057454, 50.00001967984575, 40.566341028689216, 28.1687224437555, 68.06506091194639, 11.907757403537268, 64.05057933036579, 76.98562195272089, 69.13061966753243, 86.3414545446603, 23.00707335643766, 93.2590110014028, 47.89906481379873, 32.70162372967525, 80.28432347714302, 66.0985238827415, 36.76555994046257, 25.93528265612652, 57.952012551567215, 7.019601352959071, 38.521818337241264, 54.40340546076597, 84.99876165929906, 58.33367088963305, 23.341887577374273, 48.10301332630362, 23.492250302106367, 74.45311112424503, 54.417429722372916, 70.38917448599723, 23.800726060738363, 52.88537915029777, 23.403939534363307, 101.17081793227179], [34.742199576182756, 44.311149321698345, 61.35140512247628, 30.93036020271188, 66.52456463945751, 30.7976162872911, 41.004598268361114, 58.93846325893934, 37.21592665721566, 0.0, 49.47953687021411, 42.11924516242231, 69.69503508701976, 51.678240612177795, 48.49608635282334, 27.630201054408847, 60.434512761510675, 29.696973018796292, 62.049370510233274, 55.32789024932078, 44.3398893298911, 53.9494123470157, 79.57940429101714, 54.953752819202826, 45.42464566937981, 56.24717004476937, 49.56988502944495, 46.14461366109443, 55.020265668018354, 31.01487847946663, 56.527157659454545, 54.90623546923382, 14.218525843962436, 88.40365908598191, 21.765203545963896, 21.22172072483536, 63.707687534457, 23.874928972922685, 68.98622898154078, 30.18440260176726, 33.34435621488628, 41.348253991421736, 53.6047288977968, 27.15399214765397, 18.0213424368521, 31.883695279367863, 55.398865072955914, 43.719654464158964, 47.105583658071815, 1.5801060788432923, 34.906032630955565, 33.50210995362484, 9.733486026184082, 30.60561856529694, 35.65358646420519, 42.13993372509312, 34.414268686527905, 67.24064813067437, 80.13644757515256, 16.8037594439849, 67.2264375870575, 24.87032367421373, 21.184134648321315, 66.75028104395005, 32.57702123710801, 44.43334591951884, 46.91871122834308, 53.226940628230714, 51.16850249553807, 14.935672785731674, 62.050036219474144, 29.690062060112865, 67.6813988827444, 61.563733000695414, 29.05210373786085, 5.061011280139838, 53.3546734174461, 21.669828965684722, 35.26171007311816, 57.562914787759055, 23.059365978855357, 48.75593241756872, 40.313729499188135, 27.807873121457906, 21.493663600280488, 56.646947124775835, 37.89804955410485, 19.608288370465576, 54.77627645226668, 18.77386740304981, 50.571967998307315, 55.687824777045115, 66.81733093520215], [63.095375501593814, 66.72644034393737, 31.254198130316254, 19.868251124219128, 73.85744535116714, 27.403757531921006, 25.969350875301057, 77.05249531137035, 72.91642371691283, 49.47953687021411, 0.0, 16.26676275023257, 22.28145722727887, 3.818905423396334, 11.173704469617629, 74.53257067060686, 40.17392577399729, 75.24142052497639, 83.97900419851176, 9.74934420469822, 51.48283240724137, 74.16699846027228, 42.08052906341911, 26.601196898482545, 45.44384629430258, 29.984680899741395, 35.03695698938711, 22.880728019241865, 57.88399683007898, 24.98684118073256, 11.891351159886359, 34.40215993764268, 62.36996367483345, 47.73785038010856, 50.41524427187403, 69.49536485891575, 16.351579145438915, 69.76471541557123, 90.26380826870617, 72.60717104085091, 58.36452951418181, 75.66671800379595, 69.62637525146724, 71.84732743587765, 61.81469154736855, 52.2865992103369, 21.457268653307505, 37.78099331579486, 18.610103628192533, 49.74949132144059, 64.60896091940353, 59.219465227889955, 43.39346864250543, 71.16947821406319, 25.684663369555643, 73.43539533800994, 17.620150231087976, 29.67058854023582, 47.43472123537255, 59.93116555618181, 65.79098226589127, 73.94977955820842, 69.97159596739438, 41.062558795279095, 61.85413532342794, 10.144852148644517, 15.55681804489677, 14.4383603821656, 35.48061329142334, 59.79807511111841, 26.91317111340932, 25.017547597408388, 90.60839902238207, 14.155390251179696, 50.241714771127945, 45.3061250693234, 71.114086708401, 37.454160191135955, 66.9409110707977, 63.53288999118272, 27.61571826758302, 40.6091826837383, 86.50538190960535, 50.07986379020985, 28.250888824219455, 79.76103345448237, 39.06355860205151, 56.742261394231015, 15.200803316603839, 65.99773699790038, 35.44176479291293, 78.01498298395123, 41.35941852308967], [48.27356584072559, 50.98446982120632, 22.03202026926813, 12.229791500259928, 57.75786193376408, 13.41804380976785, 35.084302568181535, 60.84716816392251, 58.80439718108944, 42.11924516242231, 16.26676275023257, 0.0, 28.89358726533667, 20.083148702271945, 7.597282857096419, 69.33831250624081, 27.27482422315207, 70.83801928485846, 67.86949256538232, 26.0065436558854, 35.23469517057751, 58.0866666056743, 38.50344487368797, 15.623441351664818, 53.5455816954021, 43.81106652134986, 19.790621209143843, 8.083056681009937, 41.773250164588575, 11.843331064378269, 15.896643559010222, 20.87321227920807, 56.17759039273437, 46.69953727982022, 50.06579197088496, 63.29014145262711, 23.41934698949669, 65.0481925100912, 74.07631669036746, 60.15113814368644, 60.348578539469734, 61.166408072031835, 53.41809957551333, 67.78698732275365, 57.71705839064854, 37.15013421895863, 13.795782742598892, 21.583117606357526, 5.778715221326544, 41.89163252949922, 49.90302786996045, 61.075258153328434, 39.02180907888788, 68.86024604745006, 32.26992567996414, 58.527252334840064, 21.75768917482941, 25.63426856988389, 40.97663789887322, 48.70873143939749, 50.293115475456894, 66.91281297150478, 60.58007535878222, 30.504610127216193, 47.26819294684197, 6.123421607772111, 28.3327354261723, 11.324401953316462, 46.969745979695325, 49.15301530963243, 42.50535811476684, 12.77011384774671, 74.48904213500306, 21.610335316534176, 52.31800058156049, 37.24029484539244, 54.95431416211165, 37.74125984353274, 52.419412802416886, 47.362534638595726, 25.642651417134147, 50.53537029720481, 81.9042287204892, 35.50815937801392, 21.48828302413159, 63.775599658928115, 45.63650762945313, 54.581062403101214, 12.83678472914347, 55.78410295836434, 20.388236086772213, 62.003851964085484, 55.89111814061727], [75.83324910840967, 76.77986278785399, 25.53711294146067, 38.778734028608476, 76.61364673834822, 42.28130693540617, 47.016529276896215, 83.93740801299246, 86.89257403916834, 69.69503508701976, 22.28145722727887, 28.89358726533667, 0.0, 22.37353276308784, 21.56405716935477, 95.89212947689795, 37.20996656827318, 96.86056303934294, 91.6023656511923, 23.907486733018093, 58.911438082791086, 82.27835683454786, 25.25243051136315, 25.849904190436717, 66.05684537848818, 46.159995592110654, 38.37801809934785, 29.634681739864092, 61.69757364875072, 40.7026138914813, 13.237622832503222, 34.21890448472195, 83.26198366632423, 27.715188854884467, 72.64497978573283, 90.43254804926521, 6.082490185260709, 91.25823937274399, 97.00073838802909, 88.96068004176567, 80.58549605243218, 88.88304039158564, 76.7347357312348, 93.54754260301962, 83.44398590243229, 64.57479112580464, 20.49066810681659, 44.47972896147942, 25.99494420225485, 69.70701383046173, 77.56498365575281, 81.44851712294465, 64.74210358337656, 93.24778194077071, 47.61584072128257, 85.80020038866934, 39.87291117748397, 17.601138410116818, 33.09151958450847, 77.57973463521975, 65.86768611287026, 94.53204805732337, 89.13270258652423, 33.90560811975588, 75.09971936424584, 25.310527270117323, 35.44706825965604, 17.842714547453557, 54.11582188454732, 77.95147403051017, 39.15481561850282, 41.488364778573064, 97.99662109460766, 8.308532636842008, 72.48500475633274, 65.08899935088549, 78.68819465828727, 59.667387464456446, 80.23191851298789, 67.49374111139497, 49.25875658724789, 60.25940287602702, 108.11237654416166, 63.584760787826305, 48.2278412963775, 88.31968629271685, 60.556461035766695, 78.778240418094, 16.51785343268264, 84.52548613315204, 38.18382909187611, 86.46694322879702, 54.790742604984096], [66.61754736067621, 70.42169955315379, 34.28112556600682, 22.916160156034756, 77.66280116514227, 30.96124490100374, 24.759010161156752, 80.84626649750697, 76.28552797477643, 51.678240612177795, 3.818905423396334, 20.083148702271945, 22.37353276308784, 0.0, 14.787236586101534, 76.0669553729745, 43.59854186088425, 76.59816807179001, 87.74805910225085, 5.931207685215652, 55.290379897566574, 77.93082747805943, 43.896570259125475, 29.957356118048352, 44.05249523983806, 27.028634458093162, 38.77038496429117, 26.63361565270065, 61.69221714825633, 28.487711348303524, 13.975545398818472, 37.94869917395004, 64.20384116696994, 48.916924145445535, 51.1009879465808, 71.27951317274663, 16.826433130670402, 71.22630695263526, 94.05188454587991, 75.65250500637555, 58.39379825339278, 79.10781062374504, 73.42151361928744, 73.15048273236422, 63.20557253910516, 55.88504355530122, 24.590195234798994, 41.598425040709415, 22.318617527619747, 52.04244624171586, 68.10678021795715, 59.27043181101009, 45.079602146217766, 72.08595813332582, 25.278311589742515, 76.95988257432353, 18.535391496026442, 31.894415185997197, 49.72861013511349, 62.78863085192334, 69.51622177409068, 75.88350364721349, 72.41538757664614, 44.13848120566296, 65.33445315668926, 13.962527620860076, 13.536875100522717, 17.520314628745965, 33.234022842697144, 62.545743875867444, 23.32610944479725, 28.41892662118742, 94.37904958311681, 14.793487155310382, 50.353306042233385, 47.69330269036882, 74.89692324473067, 38.25039138676288, 70.39969511035324, 67.34661717695577, 29.26046231934236, 38.76320192441039, 87.84546947328097, 53.585880635076116, 30.774710505429454, 83.5023426965378, 38.213912715053425, 57.75772341403362, 18.076201345814603, 68.62691774391759, 39.154044601582875, 81.76242704225542, 38.067168192316956], [55.79134286103869, 58.17253837536578, 20.89926897025554, 17.65384442407848, 63.24790715948518, 20.962386203138475, 34.71204500175397, 67.4504080063878, 66.38975855643575, 48.49608635282334, 11.173704469617629, 7.597282857096419, 21.56405716935477, 14.787236586101534, 0.0, 75.26331597088637, 29.074606495689014, 76.52153352539004, 74.65737269930267, 20.576763500528326, 41.771350286165124, 64.93947229381764, 34.60174292892869, 15.641630605469432, 53.97880503122456, 40.876851203601646, 24.06605381124823, 12.053968625975134, 47.339453883842324, 19.204908734485358, 8.38977123946597, 23.231491800514874, 62.329327625378646, 41.85993172528528, 54.144244736968915, 69.48864474213613, 15.912628601594063, 70.80041585234943, 80.70080413542912, 67.68580044153506, 63.61061530864717, 68.71684227576206, 60.03221395900954, 73.34301532803862, 63.21876255846329, 44.625434779482674, 11.13702906339153, 27.561543224681213, 7.623514553953802, 48.40850001723548, 57.43724884618412, 64.39629542107606, 44.403684126459176, 73.82680275280894, 33.01983886995674, 66.01439554507706, 23.022610419233658, 21.574040461043598, 38.55777805563302, 56.05120024383377, 54.77356425460912, 73.36592431275719, 67.59931482625124, 30.483112882885948, 54.82183112258402, 4.461835343793311, 25.84136835000551, 5.250661233108424, 45.531332241167, 56.39108882963815, 38.07455729638756, 19.932576230587973, 81.24940468554526, 14.040879971893215, 55.45781734933163, 43.76485060217032, 61.681019089330434, 41.36066592479204, 59.97505071427555, 53.07389302684451, 29.761281617081593, 49.998312253404265, 87.6983905108484, 43.07927235342786, 27.23163512957172, 70.73294179993638, 46.704726292579, 59.384845317216474, 6.728058628664124, 62.961580897866156, 24.408960787728702, 68.93623918819746, 52.46262304152387], [52.90740900613812, 62.999289382056304, 88.98059927646065, 57.622573764108495, 87.8490249455948, 58.424346180371, 59.045171127543405, 76.86296624586376, 49.0733612174713, 27.630201054408847, 74.53257067060686, 69.33831250624081, 95.89212947689795, 76.0669553729745, 75.26331597088637, 0.0, 87.75377102794008, 3.850022711073827, 77.49715246750617, 78.62404096645595, 68.77125291707493, 71.70369647838167, 107.16190854485687, 82.57158300745934, 53.97016266612416, 73.01189773681705, 76.90691614081582, 73.74056289777513, 79.05605217888053, 58.5596782289201, 82.95988895036429, 82.39824801247272, 13.445975247326716, 115.88170901996344, 28.446719597896927, 7.217756988256919, 89.82201900104525, 5.037206616920082, 83.77268798159729, 37.67396878527048, 31.631048316130183, 53.01183470965796, 73.37383010926197, 5.5740270792795386, 13.09471339081053, 54.889465748070116, 82.8361380828085, 70.66425669352058, 74.52252718225013, 28.261970414785825, 52.17164040537706, 31.026730909909915, 31.17994862839311, 13.077609197327076, 54.71314363845746, 55.959614902416185, 57.63759624682065, 94.7149413051074, 107.7486861443499, 32.29398662259294, 91.11986768889153, 8.826817108358899, 20.90674575613771, 94.24237434894815, 50.95323127645112, 71.00370447189472, 68.2223488382384, 80.20185157728301, 65.14306063165586, 29.831175426498284, 80.87282692798395, 57.18163462911501, 81.7051950735234, 87.61784048648443, 34.321567218045516, 32.689229012487935, 72.39753983183599, 39.00584779499903, 51.057304756283635, 80.40207107454418, 46.91775387835678, 60.13201169397902, 12.684448345259229, 51.40829157575678, 48.04757271882538, 72.35313451567332, 49.895784254185976, 20.387960761509124, 81.75460337336956, 25.770655275725996, 77.90442699467374, 72.01013000341999, 80.89214263328948], [48.92615787592162, 45.95575668611433, 11.677133799875815, 37.45476480442094, 39.82589787040092, 30.8998226867446, 62.33836106294625, 49.290919593712914, 60.617167973908884, 60.434512761510675, 40.17392577399729, 27.27482422315207, 37.20996656827318, 43.59854186088425, 29.074606495689014, 87.75377102794008, 0.0, 90.0858175232726, 57.201641163727516, 49.08900196694636, 27.5222764427732, 48.8146081742128, 25.77032964389173, 13.67717205552996, 80.74403451784545, 69.92453099314135, 10.864692237305187, 19.225315325023974, 26.153385160218992, 31.95804818391756, 31.48407437898488, 6.475361693719606, 74.35031480753884, 35.55439925279605, 74.09303524371155, 80.86277062281299, 35.56490064592671, 84.28772389258397, 61.74252554089675, 66.80407678341699, 85.354363992351, 61.20391191932262, 42.71592035324526, 87.58400639180697, 78.12002828404562, 38.99163257401179, 19.437680704716765, 17.543124733402628, 22.34508023483848, 59.601474857462435, 50.75964478212636, 85.98469162552824, 60.90109476922223, 90.35309144178017, 59.487814913273716, 57.15067782016913, 48.96909134445358, 20.671674078028925, 21.956509341496567, 59.790696677248675, 28.663534476606856, 83.09900351272759, 73.64051804437342, 7.4516537725784096, 49.118003606079924, 31.701678528956343, 54.71730288983122, 26.307716412765497, 74.00996057258166, 61.32023920504015, 66.8960906469622, 33.58350634035877, 63.172793218216206, 35.41381465622536, 77.653566034938, 55.4360992337774, 44.96052682365355, 62.923875508088905, 53.61040849745799, 31.632369846497074, 50.86975884937043, 77.79576506592225, 100.37136939145438, 40.31656170728911, 44.4523360256779, 54.914917215539695, 72.67998092195154, 76.98708010970738, 26.17353797234088, 67.88688122656099, 9.86286932752322, 53.06711176662588, 81.52506497093201], [56.43287274901689, 66.54697541842499, 90.89524803816563, 58.944112587239346, 91.28147480646305, 60.35627931390748, 58.57177000624533, 80.49860859794181, 52.84464578640416, 29.696973018796292, 75.24142052497639, 70.83801928485846, 96.86056303934294, 76.59816807179001, 76.52153352539004, 3.850022711073827, 90.0858175232726, 0.0, 81.24103476299952, 78.88789652678616, 71.80522134913997, 75.33464267667013, 108.9199216097695, 84.43355814898912, 52.26689308990487, 72.15985985279383, 79.22340044554386, 75.5606103601466, 82.17576897262698, 60.33978645789905, 84.05622899228693, 84.60239455119564, 15.831112917364313, 117.49468064891629, 27.601943001497308, 10.546719626617111, 90.77980289193727, 5.840345217755972, 87.54753136782934, 41.4856915592065, 29.364577920141706, 56.8033365118137, 76.88890203928935, 3.5976070257007, 13.43037036345442, 58.036198682953724, 84.45266989396863, 73.15701230923082, 76.13980554448626, 30.484342979552885, 55.7436960116709, 28.69136925573232, 32.16285642039079, 9.88720700533846, 54.47641779457389, 59.701023368782465, 58.0855207223018, 96.34699740392456, 109.77782637664093, 35.69565283589113, 94.28466249328656, 12.675241332256167, 24.692145102089597, 96.44694780478083, 54.45192879025396, 72.2014213638783, 68.17739468819778, 81.53728135225509, 63.97599157429604, 33.18981393898753, 80.27807735846397, 58.91373063626873, 85.49800412144043, 88.56255756172462, 32.84905678872397, 34.74309352148511, 75.95716131683834, 38.96277949839075, 54.69601843344348, 83.67098487043455, 47.66815393349394, 58.68477629550031, 11.264734764766718, 54.462750439832206, 49.40938106704271, 76.07711988750494, 48.7377685037693, 19.678666904806036, 83.08708224632328, 29.42076886818522, 80.22417616257427, 75.70882924925112, 79.57087001865135], [27.338597394985356, 18.714649547092982, 67.78189839742285, 67.67655649958752, 22.216863847338477, 57.648753458864164, 93.33647868715516, 7.92114300858339, 28.48694689521571, 62.049370510233274, 83.97900419851176, 67.86949256538232, 91.6023656511923, 87.74805910225085, 74.65737269930267, 77.49715246750617, 57.201641163727516, 81.24103476299952, 0.0, 93.58550002680961, 32.977739778588294, 9.837497245388583, 82.44685947699377, 65.81348441655771, 104.80296277919214, 106.89031717563948, 53.2346050154938, 63.15183528411282, 31.075761527043518, 60.31543423654969, 81.46912895300935, 57.940827780819376, 68.48245116920062, 91.90088801342753, 83.79077912763935, 70.9259972726266, 88.01449183304983, 77.24027690585928, 7.006300138070419, 40.13804106986143, 95.33019977534896, 24.78842987285708, 14.867632254122569, 80.92442341011953, 76.21842024085501, 34.04858068438641, 71.15388023779487, 47.475679110496934, 67.50820833402352, 60.4701392322339, 27.167031914469693, 95.43404192762199, 70.14034363996784, 87.54565012823429, 88.19923405268813, 21.540052258239083, 80.49197224466971, 77.26661062453672, 76.5349063740189, 47.21706391106823, 34.2900735267076, 69.04527504238871, 56.61505195812905, 63.78022971499777, 29.493444339812367, 73.93999536548608, 92.45061067694196, 75.49778273845953, 105.8729491960836, 49.79054478719895, 108.46353930417331, 60.96954694762807, 6.634325134020469, 86.94625681758754, 90.88694681356064, 60.02800615309111, 13.00005735307741, 80.26123471852469, 27.234584331878853, 25.94055028375359, 73.44614067367525, 106.00230678256567, 86.76169558123581, 37.75738776688051, 65.76150299634456, 5.405201230611371, 96.3256018837539, 80.87917925583368, 76.32296194430627, 51.94095717025267, 53.47994659144707, 6.536148080126386, 119.14468463197551], [72.09309104072041, 76.14863341291424, 39.33313663920879, 27.955666409567453, 83.58523442339754, 36.54532877616551, 23.83658584189339, 86.72508885180699, 81.52941985761997, 55.32789024932078, 9.74934420469822, 26.0065436558854, 23.907486733018093, 5.931207685215652, 20.576763500528326, 78.62404096645595, 49.08900196694636, 78.88789652678616, 93.58550002680961, 0.0, 61.194733378218466, 83.76114450631451, 47.31469974949019, 35.41310961401709, 42.336835798777074, 22.82997413262652, 44.62239420136088, 32.512673934408724, 67.61751417004605, 34.01146050007075, 18.442145917865016, 43.59363954055981, 67.25633199113406, 51.39692639330041, 52.5546302311303, 74.22643337916072, 19.245828815792574, 73.69591742308212, 99.9201898526931, 80.42685383142647, 58.780595100049, 84.45434093985551, 79.30320267777307, 75.37504764855287, 65.61241197305895, 61.479975177467104, 29.841041789988306, 47.52963127554026, 28.16183233938516, 55.823033160145684, 73.54572993447493, 59.683447446296, 48.0573091858417, 73.7349159350536, 25.631083871517315, 82.43055061210661, 21.15264455168069, 35.98979139914292, 53.74614628365528, 67.32210159892054, 75.34893904287755, 79.03331927155938, 76.32412250532246, 49.19978335100823, 70.75095730107854, 19.889066629910054, 12.086844776029483, 22.81593246962566, 30.23534630388468, 66.92351969196237, 17.87485235130048, 33.8224456130036, 100.21842095444929, 17.59734960165135, 50.94482242259897, 51.63423371019055, 80.75813327771807, 40.040230231034336, 75.77990924405701, 73.2761410826481, 32.425659923109706, 36.36387117007247, 90.06942783098765, 59.053385541135704, 35.06353582381773, 89.29629274741194, 37.47935640594214, 59.644497842929766, 23.161416478265718, 72.81573865961238, 44.98307114541303, 87.56629407120639, 33.08781843381506], [21.955070567710763, 18.608085574864784, 36.35388318296474, 37.19256366053471, 24.609316825121432, 26.83630355767967, 64.41020489618425, 25.679349995932682, 33.45962026427328, 44.3398893298911, 51.48283240724137, 35.23469517057751, 58.911438082791086, 55.290379897566574, 41.771350286165124, 68.77125291707493, 27.5222764427732, 71.80522134913997, 32.977739778588294, 61.194733378218466, 0.0, 23.42149612627069, 53.195238713038854, 33.37667861768554, 79.00969254035716, 76.5651030791334, 20.85471981360896, 30.174496284426013, 10.69891316489318, 29.453226936952646, 48.49276512062114, 26.306457288783655, 56.222252037095586, 63.02094136827699, 63.579493333056725, 61.557709426