instance_id,num_cities,city_coordinates,distance_matrix,best_route,total_distance
1136,81,"[[82.88719705401331, 11.24477160755366], [36.81427657532704, 95.42098629254056], [96.72697942698157, 78.7145872666421], [63.39878663993599, 17.655244651537018], [83.44539525049626, 78.80487005168143], [95.47432007006854, 67.2231506947001], [90.40201085237285, 45.590685125093955], [34.36043730054895, 7.533105883791524], [34.38660512482639, 24.54975971831751], [11.852341358244455, 85.49540437018062], [25.505721096181755, 77.86750364183001], [43.47689002448612, 24.574573261628828], [33.28658858983985, 44.40868677737691], [44.74689512668613, 83.30422006028888], [18.232909313148514, 34.55153353621421], [42.11277841615954, 44.391907680800294], [81.2588248673716, 98.36504062136011], [1.1355145396882205, 87.29154877139122], [6.181899423339809, 21.584572981096116], [18.671869339912504, 86.83170233218759], [29.467863571762333, 67.59287291310109], [34.32824789206775, 65.58240986459933], [31.240170916563525, 95.27648100926648], [5.976627903379661, 96.02923024093393], [89.77126282920794, 73.16897089424027], [42.35416033912509, 50.212809721513395], [8.472066262934641, 37.94365945962848], [40.8918290598001, 10.500665683286204], [76.87363145647865, 14.43331268222785], [37.45173793467724, 49.637001506793176], [21.234607330673615, 88.53380062995947], [23.933466185501295, 26.314766215903607], [78.38245109450858, 16.907055217749413], [38.223908560619016, 27.225643522040365], [17.72551278476593, 60.434534165015755], [76.02082860822486, 62.411881206860365], [70.19217912253049, 8.792897443858605], [94.25521916598687, 36.334012298681074], [20.366739695634283, 26.210413530938926], [97.15157498676868, 81.18469228109505], [73.55490064160874, 33.36202174513956], [49.266416348290086, 95.55175943250917], [26.987340934746186, 92.37120457258229], [44.58874518359915, 39.045488136645105], [6.645148429917025, 4.642740613563423], [99.85459955265466, 19.519700488814586], [67.06826642274474, 37.274969052193306], [33.243965561299596, 41.940632044453075], [29.355348857739806, 57.410385961614196], [18.39751211560846, 83.76612496971796], [46.516934628398246, 57.733140499088876], [91.59727504672054, 4.731053350123227], [14.03406232802984, 35.43479410865372], [29.94068643422201, 96.31578100636301], [17.1016088787336, 77.47048586697429], [98.08921474087951, 46.856195441305516], [47.00411738812807, 8.981860729623282], [79.62060945052278, 26.985149493827187], [28.25217816030604, 76.31339591547726], [91.41153398801364, 59.87573849593624], [5.220872961390488, 11.779599836949728], [63.82355887027035, 37.82101886517465], [97.03179271475793, 58.18900620397153], [51.47222940200079, 12.325538230937461], [78.13579035241489, 7.852326686426114], [57.114170730170834, 94.04039969981574], [6.251291303912099, 64.0283182411018], [18.48558293828465, 18.96553517344416], [54.816093583918104, 38.452363458896656], [28.41683975752094, 29.442758158485272], [77.8474186503148, 48.495392165029], [74.5558785572727, 92.69325796893722], [36.20403292879878, 24.8055292121795], [35.122216114631875, 37.9152214291082], [35.3199556579585, 18.31319402356446], [17.10511047531912, 52.432664339469426], [18.083925856950966, 88.11388278011086], [69.55298408017366, 60.59985514428307], [25.818018745038408, 33.37636650553642], [95.77696469860183, 35.0414909699949], [89.55757822929117, 56.497051545378675]]","[[0.0, 95.9601433936421, 68.87463684987746, 20.51565999706455, 67.56240439036189, 57.37608030395228, 35.15841580302463, 48.66849981882942, 50.29244601437754, 102.75751646166424, 87.92736892919174, 41.60355648617779, 59.66628553385462, 81.5306490984837, 68.72686574315608, 52.547938542946525, 87.1354857048277, 111.6532575025439, 77.39905798557574, 99.18161326475776, 77.64492069947767, 72.8735238276973, 98.63439305747428, 114.47113205009275, 62.30567244556859, 56.22664012531333, 79.0597388257197, 42.00195979470383, 6.806597195422753, 59.48398323936385, 98.86675794634282, 60.84938061157766, 7.235619658465033, 47.43624780894245, 81.64360254952364, 51.625769925307495, 12.92962362929663, 27.544544381703673, 64.28668623035315, 71.37972388311502, 24.00550999203147, 90.76356698246013, 98.52051583190199, 47.32495383200419, 76.52735975874687, 18.877690418608598, 30.459969555529952, 58.366825174929374, 70.68891511401708, 97.04775194168394, 59.02511695120617, 10.87630379201617, 72.97884179814145, 100.20184442885262, 93.34660594117994, 38.720470674036264, 35.95436234936899, 16.075760964071552, 84.96417573802182, 49.37241396431134, 77.66816554609285, 32.706562324690594, 49.0288766774181, 31.43355291835801, 5.838197340522032, 86.71427170357632, 93.05463365869723, 64.86276351460523, 39.09270909489463, 57.42984014008247, 37.589999977060266, 81.87348043447655, 48.61287853597167, 54.70654712028105, 48.08955239427494, 77.61266277059832, 100.54016217561501, 51.124607642007895, 61.21028186171004, 27.063443283260668, 45.74125954316061], [95.9601433936421, 0.0, 62.198357947804325, 82.18422444940761, 49.503096345859596, 65.08547176757502, 73.17584423418496, 87.9221294665286, 70.9127939430286, 26.86289981143708, 20.880808897016014, 71.15900967073289, 51.134130327480065, 14.482488080727041, 63.64241893726704, 51.30342079940161, 44.54195021297251, 36.593193558447624, 79.93846671459268, 20.07293549153184, 28.781481516382765, 29.94196022073502, 5.575978449738987, 30.84364661182616, 57.44209764954553, 45.54634497952127, 64.08528680788811, 85.0181585700501, 90.35350126201301, 45.78842233410333, 17.03406645882487, 70.29640765771195, 88.83890198372664, 68.20991011517293, 39.85514691383564, 51.251875486325396, 92.83593138449005, 82.40590016166625, 71.13806893216746, 61.994045252521445, 72.11926606306676, 12.452826447820808, 10.289306712481164, 56.909042818047645, 95.66015984518792, 98.66654705493994, 65.545886389631, 53.599397489503694, 38.73553072069119, 21.794793085023304, 38.91677393934165, 105.95206868493344, 64.166045646237, 6.931587048272633, 26.66101523281838, 78.18668018029977, 87.03766589168167, 80.72078971716144, 20.938231522412472, 65.148485461361, 89.40930980679022, 63.618060153713834, 70.79809030841312, 84.37836849351598, 96.82839276803887, 20.34678652853744, 43.81319066318442, 78.62173373988327, 59.74520401817013, 66.51047686506608, 62.33562490876366, 37.8400452162916, 70.61809382853974, 57.5306532305259, 77.12227060713174, 47.29108851251575, 20.10521822250964, 47.79470832144546, 63.01152696756436, 84.39361377573474, 65.55096159143946], [68.87463684987746, 62.198357947804325, 0.0, 69.56300564983707, 13.281891025691314, 11.559509935608341, 33.722368252432176, 94.6381998384648, 82.5842043702823, 85.14507424326295, 71.22629562801892, 75.93887764404207, 72.12196612647676, 52.18231398708129, 90.06494522194527, 64.50393232976448, 25.008081144420718, 95.97547826373457, 107.06189819507487, 78.4760330782066, 68.17243721466589, 63.765631655971006, 67.54863738982557, 92.38735391266766, 8.895833538145526, 61.390184710528224, 97.21727342318431, 88.15159167199417, 67.27731926760111, 66.02317962346532, 76.12828118249989, 89.69189939000613, 64.47241842614406, 77.93407873792697, 81.08879129090155, 26.353802507432267, 74.78728725438998, 42.45259395375973, 92.6691667789116, 2.5063320154793054, 50.929367113853935, 50.35866771757869, 71.06419895607482, 65.51360847795932, 116.62493190729374, 59.277454637411125, 50.959603754610995, 73.36495643121403, 70.65978770703705, 78.49218739753063, 54.41754962450454, 74.1611566644262, 93.33412577472595, 69.06671378296434, 79.63508914566776, 31.887502485254366, 85.64470888281136, 54.48451730595602, 68.51688936616736, 19.574375678937262, 113.37398318267364, 52.487322478264254, 20.52784423900049, 80.34611522462484, 73.26044147931897, 42.47417026366665, 91.65989657005663, 98.44625615297494, 58.11685657445077, 84.22581745121046, 35.63197395190465, 26.209939877420723, 81.05068533418651, 73.8900204054347, 86.13449293909072, 83.8473701919479, 79.20275646067009, 32.65837630644187, 84.16433310361413, 43.68342784306604, 23.34564642624104], [20.51565999706455, 82.18422444940761, 69.56300564983707, 0.0, 64.351714843996, 59.04080922829051, 38.853094501194875, 30.75196620689116, 29.820144437472642, 85.20166249451647, 71.14352078030278, 21.08931182308015, 40.28015810531133, 68.24720528520527, 48.222827092289826, 34.17518538417974, 82.66227755739575, 93.41268599126306, 57.35165040239177, 82.37644947681333, 60.37445036311703, 56.05452157008816, 84.01924124238471, 97.15856077121185, 61.45959080325475, 38.76688457210004, 58.55394424629719, 23.616755486877814, 13.854684711127964, 41.18351743187794, 82.47173888314708, 40.40419325138112, 15.002332749144498, 26.93263857940781, 62.57887467770088, 46.50239197282814, 11.166529427356416, 36.06959646365241, 43.87422909603852, 71.93915093537622, 18.704264173794453, 79.16811798370863, 83.11599151345803, 28.484384773789998, 58.22628883427144, 36.503458612798646, 19.959926538796427, 38.718125924540566, 52.339534929290956, 79.97351564898679, 43.48832789274239, 31.019179054628484, 52.46892780768974, 85.48055012109188, 75.63922097902197, 45.34447407185592, 18.54758120438047, 18.713488709063935, 68.38174315797814, 50.66837390771668, 58.473864606125346, 20.170247422455574, 52.67034196982802, 13.063251435975832, 17.69961804820406, 76.64325351185748, 73.59550378470185, 44.932312738137874, 22.498505967758163, 36.91452400289885, 34.056976754040996, 75.86292996368009, 28.11905401516156, 34.785501285740025, 28.086538531663354, 57.90141080306251, 83.77264645882111, 43.38333454803932, 40.73656573544783, 36.75089081158115, 46.82913986177628], [67.56240439036189, 49.503096345859596, 13.281891025691314, 64.351714843996, 0.0, 16.698241092366533, 33.93488737228729, 86.53899389611259, 73.14630466318867, 71.90499714961322, 57.947256163639516, 67.36769626415015, 60.81943200540972, 38.95918456965557, 78.81006353810383, 53.78324268314227, 19.682006065319708, 82.74623966271231, 96.14473560356312, 65.26897957949427, 55.12969078422496, 50.86578042287912, 54.742117380443716, 79.36049708898493, 8.472305467595083, 50.059919101667134, 85.38523637330547, 80.47527775624923, 64.70614713868548, 54.462657562194615, 62.96692960437332, 79.35288716693131, 62.104531917907444, 68.5959143669561, 68.2390811185081, 17.995951575061465, 71.25534398326279, 43.82494781924451, 82.12851906202373, 13.911251446459296, 46.50671291136161, 38.06127825929045, 58.06511284285231, 55.59359409758478, 106.7628182210364, 61.514171667412114, 44.64239045647147, 62.28286752143752, 58.16749150729027, 65.23680825034101, 42.517396324980275, 74.52102699874803, 81.84678750798629, 56.29729894033179, 66.35720436617623, 35.14483260205698, 78.7605190627293, 51.96068153045898, 55.24942222445625, 20.537073497460234, 103.01195432917777, 45.43888776158689, 24.690160757763564, 73.7684545975309, 71.15093333310651, 30.42128775050403, 78.59564980027066, 88.3205707313284, 49.476880482066306, 73.92401511146349, 30.822099081302884, 16.489718796246244, 71.7473004726352, 63.30160350476396, 77.30006988784461, 71.38996160650899, 66.0210526973133, 22.900254494304228, 73.38026613023358, 45.46758134870216, 23.13001399213615], [57.37608030395228, 65.08547176757502, 11.559509935608341, 59.04080922829051, 16.698241092366533, 0.0, 22.219178369600343, 85.42720946334872, 74.51662374701615, 85.59503827945795, 70.77363274575966, 67.25053076675242, 66.24057450303302, 53.21534020681794, 83.86697862371048, 58.04067354228079, 34.23299011278606, 96.44973214199953, 100.27968967180252, 79.26608187287964, 66.00749195342578, 61.16808132734623, 70.09290448549623, 94.01929122253237, 8.238788730013203, 55.777263018769766, 91.79695405897507, 78.71904871602622, 55.97099797469036, 60.629140525967784, 77.23780646996035, 82.41110177153341, 53.13982921616634, 69.83845787263832, 78.04461767908296, 20.03962684634229, 63.66538420404492, 30.9131861486769, 85.57565798383241, 14.06192830035165, 40.33654672650483, 54.20037305573662, 72.95814502114857, 58.16633389480636, 108.65969565666347, 47.90413353658495, 41.2770816253671, 67.17010325723155, 66.8431649900246, 78.83212747549456, 49.868686395343076, 62.61224887062546, 87.42433983468982, 71.70103399511366, 79.03979844112284, 20.53413110976972, 75.77208196179215, 43.24854773341814, 67.8339805783953, 8.395873794137387, 105.92295335155123, 43.200185655242784, 9.167414451104358, 70.35575198505323, 61.85078298769872, 46.804550009391505, 89.28020954619757, 90.8628807651633, 49.80812764165077, 76.96793959862889, 25.718409616603147, 32.95918020651313, 72.88498850958928, 67.09196054435115, 77.52890699214903, 79.75268960436401, 80.1604378950499, 26.754134324421596, 77.44420646007819, 32.18308276731569, 12.249777017214614], [35.15841580302463, 73.17584423418496, 33.722368252432176, 38.853094501194875, 33.93488737228729, 22.219178369600343, 0.0, 67.7424335544015, 59.83682996946927, 88.10469451547968, 72.47980020448338, 51.41637796042667, 57.12765162617361, 59.217398703708824, 73.00850693433703, 48.30410993527966, 53.560530691943306, 98.52649081739193, 87.57465723249473, 82.74076807519604, 64.78477114472092, 59.530966316603966, 77.25801975998336, 98.3447615253948, 27.585497802893187, 48.2696589456382, 82.28604269228593, 60.68416239481311, 33.967615556920194, 53.104652134434104, 81.4140091089844, 69.2071418274558, 31.100167868266894, 55.31572210367154, 74.17690493469554, 22.1307713458124, 41.98231147497502, 10.026624862003905, 72.66728378755539, 36.228303319721995, 20.817428527891483, 64.71665999690798, 78.8025212828776, 46.27844978880817, 93.23060743432694, 27.731708801330836, 24.7712487152404, 57.274471005744594, 62.18038491800941, 81.4985401443683, 45.53393391409883, 40.8771105299835, 77.04028611158265, 78.92152496347762, 79.93291327631623, 7.7906751943531685, 56.776607689719796, 21.50359440452112, 69.32882994801969, 14.320680387789071, 91.64614416747011, 27.690825620689917, 14.236281169929917, 51.206424222586975, 39.681782507833006, 58.78311953591176, 86.14690891404175, 76.68683859613775, 36.29480877546275, 64.0540161190303, 12.886237167917766, 49.696602270410565, 58.04690790497273, 55.810110635933796, 61.46620474077223, 73.6155437693269, 83.89355014667515, 25.68963024281985, 65.72884919014106, 11.83957880040788, 10.939007950835338], [48.66849981882942, 87.9221294665286, 94.6381998384648, 30.75196620689116, 86.53899389611259, 85.42720946334872, 67.7424335544015, 0.0, 17.016673954657396, 81.14637618667153, 70.88958673208536, 19.32669968353817, 36.89121328030363, 76.47967213398555, 31.465736790890233, 37.66523679314871, 102.22474810210012, 86.40199479363694, 31.48767575550701, 80.83562681974503, 60.25871632640836, 58.04931290561713, 87.79883792349901, 92.93656256893543, 85.89776691764075, 43.42184620318572, 39.937570328827434, 7.173945182142859, 43.06953135571551, 42.21722594206279, 82.05729682215932, 21.481910796408933, 45.008983820912704, 20.06794580447223, 55.455223629873764, 68.90042224013251, 35.853881195373496, 66.45959001549451, 23.338067477920816, 96.78472581337031, 46.93973637725585, 89.271896943556, 85.157885948093, 33.130779003827065, 27.865596146106665, 66.58200762466025, 44.208376023268414, 34.42563529756787, 50.12777651444265, 77.8863799352315, 51.65098162338311, 57.30538450776689, 34.520511660762864, 88.89261836418406, 72.03543764985227, 74.88432710779641, 12.726410992906278, 49.263223439519216, 69.05098932359455, 77.42466546270897, 29.44735846846309, 42.25438681841234, 80.58361512554593, 17.77022331669696, 43.77651695528486, 89.44967450113072, 63.10176786713531, 19.563012050448915, 37.07336460289295, 22.701524498400577, 59.741329448723675, 94.1696607246085, 17.37053402965905, 30.391664185604558, 10.82270649049853, 48.101108650012776, 82.20818955546927, 63.6757035761047, 27.218505365669163, 67.29562458055231, 73.78477038968332], [50.29244601437754, 70.9127939430286, 82.5842043702823, 29.820144437472642, 73.14630466318867, 74.51662374701615, 59.83682996946927, 17.016673954657396, 0.0, 64.97818592060769, 54.05230724236931, 9.090318766078191, 19.889369530336683, 59.6608935484453, 18.999404408575106, 21.29329916881763, 87.43969738275935, 71.00821866996428, 28.360143795369996, 64.2338952309998, 43.32324563054794, 41.032691644514095, 70.79667472978163, 76.91840814731356, 73.69727270666455, 26.871435978738294, 29.171216544820133, 15.482085830058788, 43.674820058479, 25.273795514236955, 65.32176159106605, 10.601101905998059, 44.654735411499246, 4.678167567474704, 39.56398659203125, 56.27565022884007, 39.11927706440049, 61.017370937194954, 14.117875114124999, 84.53967724187788, 40.14737022171393, 72.5444191200122, 68.22387773114835, 17.725964124885454, 34.144953202377884, 65.660945700275, 35.07166859136893, 17.428369557594436, 33.24356022941491, 61.33701173716151, 35.331029618550495, 60.54619620604278, 23.08051065237156, 71.90360216650946, 55.672024853857856, 67.49518165438967, 20.03898936166081, 45.2995173340266, 52.12585948005981, 67.08030477307283, 31.838921401721112, 32.29025495647946, 71.1056849506444, 21.00833520089813, 46.8272941555707, 73.1128667430257, 48.47837112402019, 16.853073023768054, 24.711260377967914, 7.718777900429816, 49.620919233426925, 79.10187660177758, 1.8353369872157903, 13.385689757010455, 6.306020526660898, 32.80406114238301, 65.62145298548351, 50.36152885936163, 12.30161208639205, 62.28043571824836, 63.753162497063514], [102.75751646166424, 26.86289981143708, 85.14507424326295, 85.20166249451647, 71.90499714961322, 85.59503827945795, 88.10469451547968, 81.14637618667153, 64.97818592060769, 0.0, 15.639681831478816, 68.64007387306762, 46.34161538979798, 32.96745298479723, 51.34188955399872, 51.04107650735769, 70.58957069100514, 10.866301660129187, 64.16189118613255, 6.949219678209739, 25.115876560985562, 30.028215476389395, 21.715372324740407, 12.061736859964686, 78.88789061342024, 46.639280078969605, 47.671739046925836, 80.42078510363089, 96.32024211507014, 44.05853108071661, 9.861985936353802, 60.401171424395656, 95.55426280901945, 63.959554298078224, 25.739878749625618, 68.19416248904624, 96.36810280972482, 95.95351343961005, 59.893281074396974, 85.40808800300206, 80.77806265345819, 38.7420092986977, 16.62362296865681, 56.82663859070994, 81.02017091276359, 109.98723084957332, 73.30763100104046, 48.524424554967126, 33.09265070279057, 6.769761257822716, 44.41145484932145, 113.49949270666585, 50.108129142350684, 21.077684363717072, 9.589271426170274, 94.49754916113906, 84.20195792551723, 89.53205060715827, 18.79531660804089, 83.5824886648432, 74.01348668371176, 70.52555907585725, 89.44930583413262, 83.20796139453574, 102.08791859357468, 46.06137365816247, 22.18575102592709, 66.85972920371452, 63.70974574968742, 58.44896709569056, 75.65944177673866, 63.11531251367653, 65.39316347326506, 52.96565755169925, 71.16304032274846, 33.47740076134475, 6.759369389801836, 62.8422830726479, 53.95770800180661, 97.92313199757399, 82.9397872178195], [87.92736892919174, 20.880808897016014, 71.22629562801892, 71.14352078030278, 57.947256163639516, 70.77363274575966, 72.47980020448338, 70.88958673208536, 54.05230724236931, 15.639681831478816, 0.0, 56.24143793644169, 34.35162768957065, 19.994515835270832, 43.92228429194034, 37.36856804555316, 59.40166329614236, 26.12890342532895, 59.507800898745835, 11.272017919914465, 11.012111950418067, 15.124830847962516, 18.329113664397184, 26.668966871510932, 64.43707057447214, 32.38289673191004, 43.40574537158543, 69.10154249219637, 81.62449875792664, 30.65401391501506, 11.489660753777402, 51.576707161379275, 80.69773756048522, 52.21446436355457, 19.090313411480743, 52.826625406187084, 82.26895375745006, 80.3213818855326, 51.91208037210505, 71.7226053638586, 65.49398120320157, 29.619310284571664, 14.579181665468473, 43.25864880235824, 75.61472820717701, 94.51043254857326, 58.09646321794, 36.75078951772787, 20.816178748386, 9.236902537177572, 29.10092220635233, 98.57501643351766, 43.95604387589751, 18.973872964378124, 8.413484728518425, 78.9307594412837, 72.16240601971104, 74.27943931698444, 3.155673815556278, 68.31749253301201, 69.13093441560481, 55.42542408180798, 74.18370564077728, 70.49828922405709, 87.59023458133, 35.50572707559774, 23.711940434750804, 59.31883536623662, 49.1187460244064, 48.512169473103484, 60.019782034375645, 51.24178898443685, 54.12972387183218, 41.093330729509425, 60.35755954428417, 26.786214908796968, 12.65192989304263, 47.31102473013851, 44.49223318178089, 82.29286140850155, 67.52286001797451], [41.60355648617779, 71.15900967073289, 75.93887764404207, 21.08931182308015, 67.36769626415015, 67.25053076675242, 51.41637796042667, 19.32669968353817, 9.090318766078191, 68.64007387306762, 56.24143793644169, 0.0, 22.298751137329067, 58.74337686969464, 27.144028781207844, 19.864227746410112, 82.90058910309149, 75.67173247016868, 37.414655225154455, 67.01670815006014, 45.2418713920741, 42.015953109777094, 71.75302818475093, 80.69719736881726, 67.11620098500003, 25.66280753774507, 37.47092409251236, 14.309347110014256, 34.90254295054557, 25.776496411446995, 67.71633410769729, 19.620746338208132, 35.73778150034336, 5.884045188929964, 44.14827545595431, 49.90761275681738, 31.028502432590617, 52.12219409108497, 23.167974050590335, 78.01075170255965, 31.33537894352159, 71.21291716949831, 69.77312123086008, 14.513566040598485, 41.87905373333545, 56.60386798083577, 26.79278062466272, 20.15670460957813, 35.74365007372123, 64.28541817479055, 33.2976343369155, 52.05128948610594, 31.381913574690866, 73.00705237379596, 59.10696258369087, 58.982850879612904, 15.986682488264643, 36.22401595239406, 53.932342995216565, 59.53068417891751, 40.33899089553565, 24.278699599601808, 63.2301961423475, 14.627518960669338, 38.48211146056281, 70.79178248770084, 54.24337003736485, 25.61301891912646, 17.921233164088292, 15.827328840758287, 41.87527689494334, 74.87361841446406, 7.276523275946033, 15.740821759630908, 10.283017466809186, 38.36070900141347, 68.42548124272993, 44.472279185193095, 19.73087172865407, 53.33717443989499, 56.057777740514645], [59.66628553385462, 51.134130327480065, 72.12196612647676, 40.28015810531133, 60.81943200540972, 66.24057450303302, 57.12765162617361, 36.89121328030363, 19.889369530336683, 46.34161538979798, 34.35162768957065, 22.298751137329067, 0.0, 40.5487501075014, 17.993796980772306, 8.826205775321078, 72.19850118668984, 53.596934757278895, 35.434507833440556, 44.86983694552395, 23.496577357981238, 21.199330260088256, 50.908941408276746, 58.39961010288494, 63.38511155161152, 10.766090310743603, 25.642876136106704, 34.75044714997522, 52.899464628692996, 6.684590037887921, 45.7414027416592, 20.36837892409325, 52.8202286390497, 17.878313790976524, 22.337745291392952, 46.371653837389964, 51.28846909799688, 61.501010416639424, 22.318146083425596, 73.69675073087966, 41.7560266767935, 53.58142192773419, 48.37441094499855, 12.510101651457685, 47.865403039126925, 71.06871127308892, 34.526680781517015, 2.4684227529476535, 13.583034547134105, 42.079597661092926, 18.777196896289972, 70.52978625701462, 21.241245657716217, 52.014819931744555, 36.81081535757966, 64.84882924719162, 37.9898749688606, 49.50172866263811, 32.29946986499597, 60.14764306608592, 43.0388395324844, 31.239460981735178, 65.21769892005125, 36.878800853631795, 57.86033496134829, 55.05506877908338, 33.4041500132974, 29.435076555668655, 22.33824909800032, 15.738280500602063, 44.74783499348311, 63.51814000400917, 19.819063247209233, 6.747934546136361, 26.174593095175087, 18.061684580561074, 46.27380589283056, 39.71656298003148, 13.322598324168604, 63.188539020208125, 57.55478118946769], [81.5306490984837, 14.482488080727041, 52.18231398708129, 68.24720528520527, 38.95918456965557, 53.21534020681794, 59.217398703708824, 76.47967213398555, 59.6608935484453, 32.96745298479723, 19.994515835270832, 58.74337686969464, 40.5487501075014, 0.0, 55.496088934583184, 39.00136697044831, 39.496193859175065, 43.793279244130126, 72.77756336385018, 26.312546455245812, 21.91563903781505, 20.55749904077506, 18.04900637483199, 40.80514066467743, 46.15102341952753, 33.17780309141674, 58.081353867662585, 72.90554892671231, 75.99558586050556, 34.44852570989018, 24.086846832601296, 60.67121783655798, 74.43073373541253, 56.45667454161013, 35.40024910387908, 37.61048707706653, 78.73626658458558, 68.24422734817215, 62.08135567827986, 52.44752491056671, 57.655219662208516, 13.054818755793383, 19.94020995984295, 44.259014481724094, 87.40349792824294, 84.29308408205088, 51.155992463276256, 42.933248213127776, 30.122920523727498, 26.353431298596075, 25.63226774522383, 91.48060245491963, 56.87495089630671, 19.711025698785985, 28.254102469720763, 64.60542980623825, 74.35662814311934, 66.24208375504699, 17.915002373002025, 52.215728171398034, 81.71950640027347, 49.32180745411731, 58.00417642587223, 71.29658754349344, 82.50943302493025, 16.377272639384707, 43.051967488407705, 69.49189082781808, 45.96822596275578, 56.282570895077654, 48.03435392487461, 31.252672301981164, 59.11917899865296, 46.39822887596465, 65.67115541128575, 41.43816129289775, 27.093297801435817, 33.62781936741501, 53.39562642816834, 70.23787453900968, 52.217062382988246], [68.72686574315608, 63.64241893726704, 90.06494522194527, 48.222827092289826, 78.81006353810383, 83.86697862371048, 73.00850693433703, 31.465736790890233, 18.999404408575106, 51.34188955399872, 43.92228429194034, 27.144028781207844, 17.993796980772306, 55.496088934583184, 0.0, 25.82791342099433, 89.6907448845979, 55.442133031172695, 17.702228825835906, 52.28201158372319, 34.89920206841068, 34.956762002187475, 62.10240011484767, 62.687507735696045, 81.29601768776722, 28.759525775130495, 10.333468697935247, 33.04346968107621, 61.99578295191554, 24.43224749127791, 54.065657783558564, 10.017019743609632, 62.6840888235472, 21.291047776287062, 25.887973516433377, 64.15327418599566, 57.993732872290245, 76.04320367987931, 8.609733738253635, 91.6668276217187, 55.33477805907723, 68.44052979265426, 58.478666467106194, 26.736224721917388, 32.075100878671535, 82.99431499999737, 48.91123802390906, 16.731126275586277, 25.42116825854593, 49.2148666974653, 36.57011060162229, 79.19337849857374, 4.290741805709866, 62.86409397001213, 42.93385971285325, 80.79872660608993, 38.491435171085584, 61.85224244627732, 42.94693117809616, 77.4365964266689, 26.22735317227359, 45.707733058603786, 82.26781958615052, 39.98558824475842, 65.58355589027077, 71.06812004555715, 31.81886243500156, 15.588046347285156, 36.790567343746936, 11.393508026762651, 61.22353237907348, 80.94897766176705, 20.443724814550944, 17.221006953004625, 23.572246878856635, 17.916661771148437, 53.562556441934106, 57.552281733137555, 7.675604382961454, 77.5456032532417, 74.62448764774153], [52.547938542946525, 51.30342079940161, 64.50393232976448, 34.17518538417974, 53.78324268314227, 58.04067354228079, 48.30410993527966, 37.66523679314871, 21.29329916881763, 51.04107650735769, 37.36856804555316, 19.864227746410112, 8.826205775321078, 39.00136697044831, 25.82791342099433, 0.0, 66.67467309391022, 59.32550345764862, 42.55822577717479, 48.48311446651094, 26.423070584859875, 22.575125653739082, 52.03319514175853, 63.02566505052975, 55.67270878751184, 5.825904719467396, 34.253137364305466, 33.91322752945902, 45.88937042909994, 7.016858813848645, 48.830366996469, 25.637286063888425, 45.50721119899848, 17.60124807852152, 29.190830572085535, 38.39889729806738, 45.340294152980796, 52.76138555173122, 28.3453158309451, 66.20406427542484, 33.32064575895511, 51.657574148626516, 50.30697555244109, 5.891910842467826, 53.272404295095576, 62.87085651365074, 25.950475854792643, 9.201336517043517, 18.2272539260873, 45.96458248283081, 14.049380237347876, 63.41686505196539, 29.47277015657209, 53.331495800753906, 41.46987987019843, 56.030653554835546, 35.74628123348299, 41.350122363568616, 34.800828302918106, 51.67316825631238, 49.23997675655114, 22.68335442023322, 56.62559544223573, 33.40436157826491, 51.31080167181201, 51.86535000480684, 40.885631676600156, 34.70943366049852, 14.023280707999593, 20.274511268627975, 35.96947452461341, 58.18569572002729, 20.458237821241067, 9.529712802304022, 26.948872834321527, 26.268559600466673, 49.88984728275802, 31.86945948494279, 19.668791018350102, 54.472701255054126, 48.96471726958376], [87.1354857048277, 44.54195021297251, 25.008081144420718, 82.66227755739575, 19.682006065319708, 34.23299011278606, 53.560530691943306, 102.22474810210012, 87.43969738275935, 70.58957069100514, 59.40166329614236, 82.90058910309149, 72.19850118668984, 39.496193859175065, 89.6907448845979, 66.67467309391022, 0.0, 80.88490019538618, 107.38614875851695, 63.640748693652526, 60.243090702490655, 57.24665871969331, 50.11391965839575, 75.31842530124075, 26.595178693665456, 61.904848458643, 94.59733362855337, 96.6935506318127, 84.04620679185619, 65.52467215850382, 60.824008176552766, 92.0730079334148, 81.50875359184477, 83.14335716810996, 73.99462861735674, 36.332716340720616, 90.25319651653696, 63.377872633389075, 94.41470355363012, 23.40392863282667, 65.45794765724466, 32.1158645205036, 54.60146553737223, 69.73882742777569, 119.79595247864016, 81.00858285862435, 62.71657510815058, 74.0887346189394, 66.11546385061116, 64.53427755138148, 53.45980027013847, 94.20301016645396, 92.08357413035661, 51.359038125860216, 67.47392668132464, 54.18877333061813, 95.72219090705732, 71.39868771294367, 57.41062296615631, 39.805827219020664, 115.23371332160973, 63.00450040118669, 43.161328249045745, 91.04964163031723, 90.56657622130146, 24.528898110297217, 82.49327605988525, 101.21640858902924, 65.48852512083701, 86.84789237651069, 49.98619338913318, 8.780581284424946, 86.26086015908639, 76.0445087273192, 92.29668384051817, 78.90172533727153, 64.00120391104414, 39.53777867626427, 85.42371302411803, 64.96651694994944, 42.68252355037682], [111.6532575025439, 36.593193558447624, 95.97547826373457, 93.41268599126306, 82.74623966271231, 96.44973214199953, 98.52649081739193, 86.40199479363694, 71.00821866996428, 10.866301660129187, 26.12890342532895, 75.67173247016868, 53.596934757278895, 43.793279244130126, 55.442133031172695, 59.32550345764862, 80.88490019538618, 0.0, 65.90047547552577, 17.542382917579857, 34.50738808205068, 39.66162199755015, 31.14561732271811, 9.989166935400663, 89.7537914560677, 55.441948478281034, 49.89027130326972, 86.47198546161104, 105.09322014347875, 52.31379370086436, 20.13744573427219, 65.09926735428019, 104.5039049026738, 70.59363954688702, 31.56782025003859, 78.91012686129038, 104.5507588855706, 106.15060015401086, 64.0370603889741, 96.21006995096968, 90.29375044073785, 48.83456551537365, 26.34615400810505, 64.92969752096893, 82.83224948963888, 119.7433971684196, 82.75739252586185, 55.56670113459044, 41.100400725573024, 17.618319252768707, 54.15877388623274, 122.47271336194395, 53.43683691237235, 30.185670363673278, 18.74485116014025, 105.04778808538214, 90.75426143419888, 98.97864374190871, 29.254628455024854, 94.34715862438134, 75.62238151044619, 79.85689845714582, 100.21503954855692, 90.29777184117658, 110.63287251400638, 56.3840131397753, 23.819090381598595, 70.49446082936461, 72.57320847607605, 63.95899687312951, 85.96428327918142, 73.61880408380367, 71.65405517039196, 59.942619109916805, 76.98434541051526, 38.34279356261615, 16.96834934226122, 73.43974841328543, 59.29648296996605, 108.1067649522054, 93.63099063093958], [77.39905798557574, 79.93846671459268, 107.06189819507487, 57.35165040239177, 96.14473560356312, 100.27968967180252, 87.57465723249473, 31.48767575550701, 28.360143795369996, 64.16189118613255, 59.507800898745835, 37.414655225154455, 35.434507833440556, 72.77756336385018, 17.702228825835906, 42.55822577717479, 107.38614875851695, 65.90047547552577, 0.0, 66.43182397823315, 51.56549029103619, 52.23051390279842, 77.83581617135152, 74.44494026414172, 98.2249040857759, 46.13034141023699, 16.51861297340912, 36.43668777968805, 71.0525263569655, 42.008827009504365, 68.62057343190044, 18.370978486463237, 72.35190967795899, 32.534781794279695, 40.52868728974772, 80.89712681333587, 65.27589808052115, 89.29980745037284, 14.920056780826178, 108.75502789613735, 68.39466055582507, 85.6003520448043, 73.78084852150549, 42.18968309103105, 16.94816460893843, 93.69545585526505, 62.87557725583224, 33.863321813522475, 42.6672899819493, 63.370076543753655, 54.16303165994482, 87.06220487005146, 15.92121501531944, 78.41704797519593, 56.94273714599765, 95.31846363978507, 42.7233172361195, 73.63701757354467, 59.01136554351396, 93.43609561894549, 9.851957684541622, 59.88474829823139, 97.94686132097344, 46.22708853129995, 73.25255632488678, 88.56603799406275, 42.44380198485221, 12.579347641027965, 51.47627800503652, 23.58269802093759, 76.55154365015935, 98.64809224362887, 30.194420995643505, 33.22998659230602, 29.32112278572535, 32.724933615526695, 67.58555537657183, 74.41832175517463, 22.904662768506707, 90.60002408078273, 90.39018185541312], [99.18161326475776, 20.07293549153184, 78.4760330782066, 82.37644947681333, 65.26897957949427, 79.26608187287964, 82.74076807519604, 80.83562681974503, 64.2338952309998, 6.949219678209739, 11.272017919914465, 67.01670815006014, 44.86983694552395, 26.312546455245812, 52.28201158372319, 48.48311446651094, 63.640748693652526, 17.542382917579857, 66.43182397823315, 0.0, 22.060962102112477, 26.394215649295017, 15.141878728430457, 15.676851557759559, 72.40023470190646, 43.60956549890717, 49.940732060296284, 79.49939475146559, 92.8922598356868, 41.66688413989252, 3.0764857588762275, 60.745238153026506, 91.95003995404792, 62.7308893972242, 26.414126485186273, 62.33161952774472, 93.51148265585142, 90.90027210988336, 60.64497705042934, 78.68260875780828, 76.62345507051943, 31.81298009430576, 9.99165416314154, 54.361813073510845, 83.06423685457173, 105.45871835442117, 69.26818219055316, 47.19697214720119, 31.300967901731177, 3.0778298282741434, 40.274979350394496, 109.81179973381137, 51.605730581184794, 14.728679065108016, 9.49200145514751, 88.91094365554477, 82.84512126257025, 85.41872632921529, 14.22733590556995, 77.57372492964035, 76.24793369351526, 66.63874369576276, 83.43069958237777, 81.40658517150226, 98.86202344467478, 39.112349122975296, 25.966614811214036, 67.8664228278015, 60.39010991890709, 58.21044031625585, 70.50828542391623, 56.19057145721791, 64.45636440275455, 51.608487799487506, 70.51201854217454, 34.434699768754335, 1.4105545860382909, 57.24506654814191, 53.9308852111704, 92.88391530945047, 77.10366244937646], [77.64492069947767, 28.781481516382765, 68.17243721466589, 60.37445036311703, 55.12969078422496, 66.00749195342578, 64.78477114472092, 60.25871632640836, 43.32324563054794, 25.115876560985562, 11.012111950418067, 45.2418713920741, 23.496577357981238, 21.91563903781505, 34.89920206841068, 26.423070584859875, 60.243090702490655, 34.50738808205068, 51.56549029103619, 22.060962102112477, 0.0, 5.259781118113353, 27.740281731563396, 36.88447602045726, 60.56065414688117, 21.636155872061128, 36.33041925223211, 58.223939353534, 71.22672021565671, 19.650841401901243, 22.501310227942593, 41.64746867378945, 70.43925743480568, 41.30595032870445, 13.752258564949068, 46.840380322391034, 71.52556880068872, 71.9341213319815, 42.371433777073555, 69.03493568217498, 55.81592970900999, 34.259043002543045, 24.90218288383566, 32.30470922782336, 66.95965563662278, 85.23686121027113, 48.30078248926629, 25.92867925326168, 10.183108566546485, 19.599152110477384, 19.694800003304007, 88.3836643786229, 35.669934864309546, 28.726799522279467, 15.826923036376298, 71.68611880165206, 61.178190125924665, 64.53127242256865, 8.80485164296364, 62.42253173534183, 60.852592427377346, 45.46072032969736, 68.21522726138794, 59.48672455650296, 77.05517478137628, 38.25950826436558, 23.488620178247686, 49.85206579028719, 38.62255890020407, 38.16458969841622, 52.01245159114955, 51.60386056570621, 43.31434818380015, 30.21149947096967, 49.625938109431864, 19.561942340157106, 23.467123467877713, 40.690529410280014, 34.41061868083859, 73.86805370832107, 61.10557306373651], [72.8735238276973, 29.94196022073502, 63.765631655971006, 56.05452157008816, 50.86578042287912, 61.16808132734623, 59.530966316603966, 58.04931290561713, 41.032691644514095, 30.028215476389395, 15.124830847962516, 42.015953109777094, 21.199330260088256, 20.55749904077506, 34.956762002187475, 22.575125653739082, 57.24665871969331, 39.66162199755015, 52.23051390279842, 26.394215649295017, 5.259781118113353, 0.0, 29.854213782164713, 41.6031636659012, 55.959662379042435, 17.338969956897007, 37.847624131337454, 55.471426336457526, 66.53074330874807, 16.248453395430438, 26.42365911858622, 40.62018370771016, 65.65106982980979, 38.554087932437994, 17.38250376849076, 41.81295898095254, 67.1659905330728, 66.68366101406806, 41.774128433958346, 64.7317668834389, 50.76301504542157, 33.485979011372116, 27.77640071828076, 28.451467791048884, 66.93278183563702, 80.09666632878617, 43.280711855709384, 23.666628967176024, 9.566174756744733, 24.175107805415877, 14.497417491703127, 83.56212695289794, 36.34188634999213, 31.044980226821956, 20.930442965545893, 66.45398408013209, 58.00258468259833, 59.50753333546092, 12.331775420002083, 57.36782765297575, 61.17173891779088, 40.50516263297576, 63.13792007201457, 55.94828396132685, 72.4697404450569, 36.45621298277247, 28.11993406868875, 49.23538401199579, 33.99692984768848, 36.61992861233373, 46.753442625660135, 48.510414901056244, 40.82000202407779, 27.678578385882023, 47.27961770699155, 21.66915480243474, 27.776703730338674, 35.57538321736821, 33.31145792337507, 68.61991346611003, 55.9716237506719], [98.63439305747428, 5.575978449738987, 67.54863738982557, 84.01924124238471, 54.742117380443716, 70.09290448549623, 77.25801975998336, 87.79883792349901, 70.79667472978163, 21.715372324740407, 18.329113664397184, 71.75302818475093, 50.908941408276746, 18.04900637483199, 62.10240011484767, 52.03319514175853, 50.11391965839575, 31.14561732271811, 77.83581617135152, 15.141878728430457, 27.740281731563396, 29.854213782164713, 0.0, 25.274754934217803, 62.56700986919875, 46.41395513006268, 61.68824050304266, 85.32346318040904, 92.8333484584171, 46.060239405339594, 12.065448245663223, 69.3477183566125, 91.4557897525792, 68.40825296843838, 37.37120876178553, 55.54628001468738, 94.85077316286149, 86.2850562008016, 69.91675895975995, 67.40097696669741, 74.99291044940752, 18.02834719476929, 5.15045571069171, 57.793676076222745, 93.91160753194646, 102.21071182552815, 68.17497940525207, 53.373476350858574, 37.91297546159184, 17.245932309820756, 40.53247989169146, 108.8184473743113, 62.26618395141444, 1.6639724768791262, 22.73658724401924, 82.54282957779076, 87.72265099486084, 83.69213100937172, 19.197049173915715, 69.81264573393116, 87.45703534641484, 66.05155032800468, 75.52495141521136, 85.3826393265737, 99.2077712749158, 25.903508707472906, 40.0111457056818, 77.3695028344726, 61.5207645026891, 65.89423543244956, 66.03564048881256, 43.3926672341247, 70.64555876531706, 57.49247233805609, 77.07134478637082, 45.1153251181105, 14.979639430269444, 51.67533293448368, 62.137137926895754, 88.27939610518688, 70.0340213412255], [114.47113205009275, 30.84364661182616, 92.38735391266766, 97.15856077121185, 79.36049708898493, 94.01929122253237, 98.3447615253948, 92.93656256893543, 76.91840814731356, 12.061736859964686, 26.668966871510932, 80.69719736881726, 58.39961010288494, 40.80514066467743, 62.687507735696045, 63.02566505052975, 75.31842530124075, 9.989166935400663, 74.44494026414172, 15.676851557759559, 36.88447602045726, 41.6031636659012, 25.274754934217803, 0.0, 86.85696460129685, 58.50187394713172, 58.139149852714425, 92.38076979049816, 108.09384291001633, 56.061764495983574, 16.999629444690793, 71.98996135147952, 107.25167510293005, 75.98566085236787, 37.48357886719265, 77.69373339246455, 108.32273435554265, 106.56748434904306, 71.28634149805602, 92.37549070451472, 92.16290993093608, 43.2924215305404, 21.32677223296471, 68.8334400205999, 91.38893481219648, 121.10648910720067, 84.7599640444445, 60.57296556890186, 45.14398882389752, 17.454572911031637, 55.76833293970725, 125.16490051460212, 61.12780005608351, 23.96577168819744, 21.637749292381724, 104.41607158527569, 96.23148877711388, 100.94811094977929, 29.747508507397864, 92.7695970835588, 84.2530200