instance_id,num_cities,city_coordinates,distance_matrix,best_route,total_distance
2608,21,"[[24.00639138805889, 42.7525948196571], [1.1456507739723953, 86.24638837167376], [53.624954306042625, 70.32250078867017], [73.23987827151687, 39.882959516826524], [95.48834770622031, 87.53529052028878], [56.254461004251276, 91.86189582596347], [94.70527710889431, 81.21892592362394], [86.46961095193998, 5.902217669008514], [57.9674340463895, 41.053554341171285], [74.90772739752607, 18.89983410688356], [21.26261427777296, 52.82850804180277], [33.38576086657151, 50.42951349223097], [28.35564104703534, 84.17602568383066], [18.01347632477148, 30.97040541517808], [61.46191319775096, 31.455747611588247], [59.43648656328991, 61.655170588863214], [87.6423202715321, 73.00562127359753], [23.272983474876476, 83.68294489876196], [15.186463069332234, 97.39323311937778], [42.94547619243472, 0.24321937071929423], [9.74416883898932, 83.43667604995171]]","[[0.0, 49.13576639241511, 40.46429270933552, 49.317046114653714, 84.35140729879326, 58.75084203055131, 80.48596816071577, 72.52312799673399, 34.003516832652544, 56.21298961245091, 10.442812843824168, 12.120546692281145, 41.651129602389815, 13.218737387466124, 39.122050954401296, 40.15717887048972, 70.46117409244101, 40.936920313638616, 55.3479041098069, 46.537468069138605, 43.11154668522575], [49.13576639241511, 0.0, 54.84202307507716, 85.71548969495642, 94.3515009589073, 55.39417739226816, 93.69460528011612, 117.19796903679864, 72.60239184741839, 99.88194190723034, 39.005729660587335, 48.18997016924342, 27.288641818884884, 57.79236827314651, 81.48659906803613, 63.26570578962031, 87.50423845457757, 22.2753247988736, 17.927536298748493, 95.6230645985615, 9.04593810752976], [40.46429270933552, 54.84202307507716, 0.0, 36.21202721488551, 45.26393528321367, 21.69930515128306, 42.50088237093612, 72.3100570280805, 29.589328421609714, 55.65291617812762, 36.788052874986384, 28.378793044395355, 28.81767417059664, 53.073202035443245, 39.64899024185274, 10.435349537486102, 34.12301749210756, 33.162382305178966, 47.01427610285497, 70.8883413322345, 45.798525369155335], [49.317046114653714, 85.71548969495642, 36.21202721488551, 0.0, 52.59029418296178, 54.68376559430084, 46.57709164419317, 36.46527997045279, 15.317240118650918, 21.04930575283954, 53.56513043844719, 41.22596845294587, 63.059261506127235, 55.94094290051155, 14.482346556226288, 25.779115532074908, 36.118430993292925, 66.44643929569355, 81.7167705338234, 49.890478011139585, 76.99760606790181], [84.35140729879326, 94.3515009589073, 45.26393528321367, 52.59029418296178, 0.0, 39.471728860211265, 6.364720047134634, 82.12975219605524, 59.735841503184325, 71.65464262256205, 81.93912528822766, 72.34341698476831, 67.21670152298194, 95.92675290306877, 65.59507129508998, 44.37924401715408, 16.512765816910434, 72.31804337683198, 80.90470757949142, 101.88551924829987, 85.8420808822349], [58.75084203055131, 55.39417739226816, 21.69930515128306, 54.68376559430084, 39.471728860211265, 0.0, 39.89659217847034, 91.11542984153998, 50.83720921803583, 75.308743167293, 52.421700651905766, 47.32462098987909, 28.938153964046823, 71.90373087471177, 60.630192977135174, 30.373862714644062, 36.616346068072254, 33.980481136826555, 41.43882414639719, 92.58029462111188, 47.267236068677924], [80.48596816071577, 93.69460528011612, 42.50088237093612, 46.57709164419317, 6.364720047134634, 39.89659217847034, 0.0, 75.76564352897466, 54.432767587563724, 65.3881654386894, 78.73906623290756, 68.61538449985474, 66.41550003224361, 91.68721896098324, 59.84559432275836, 40.3314778968995, 10.832531216691098, 71.47477851190857, 81.14708866940988, 96.10484921508206, 84.99004844141074], [72.52312799673399, 117.19796903679864, 72.3100570280805, 36.46527997045279, 82.12975219605524, 91.11542984153998, 75.76564352897466, 0.0, 45.2547296776263, 17.395838134218955, 80.33697245612777, 69.28618342219926, 97.48857635256246, 72.90169000078272, 35.754270227361516, 61.96112953695859, 67.11365004578897, 100.21803856025147, 115.98229640851847, 43.89048380120245, 109.07972178115398], [34.003516832652544, 72.60239184741839, 29.589328421609714, 15.317240118650918, 59.735841503184325, 50.83720921803583, 54.432767587563724, 45.2547296776263, 0.0, 27.888364223124515, 38.54728692007569, 26.309071939574817, 52.310666401175574, 41.20665759176055, 10.21417047819985, 20.653927164454114, 43.606575808350335, 54.96334996859964, 70.74157817416365, 43.48727007029173, 64.20134198787864], [56.21298961245091, 99.88194190723034, 55.65291617812762, 21.04930575283954, 71.65464262256205, 75.308743167293, 65.3881654386894, 17.395838134218955, 27.888364223124515, 0.0, 63.47403466468138, 52.13630584094458, 80.17529501270229, 58.16059230130192, 18.396762851993817, 45.468429603827715, 55.584224925750604, 82.84321471207157, 98.62982865995777, 37.00884725995969, 91.71310338221257], [10.442812843824168, 39.005729660587335, 36.788052874986384, 53.56513043844719, 81.93912528822766, 52.421700651905766, 78.73906623290756, 80.33697245612777, 38.54728692007569, 63.47403466468138, 0.0, 12.358230377459916, 32.139973414219284, 22.09827024619103, 45.527777477767216, 39.1810476760211, 69.37853606257896, 30.919861870143343, 44.97704230768936, 56.88021699529169, 32.703738840403375], [12.120546692281145, 48.18997016924342, 28.378793044395355, 41.22596845294587, 72.34341698476831, 47.32462098987909, 68.61538449985474, 69.28618342219926, 26.309071939574817, 52.13630584094458, 12.358230377459916, 0.0, 34.11933748619216, 24.79846808148618, 33.88619366965011, 28.366453542465162, 58.766103163472536, 34.75714267431718, 50.36670925849587, 51.088670708508566, 40.600463712997666], [41.651129602389815, 27.288641818884884, 28.81767417059664, 63.059261506127235, 67.21670152298194, 28.938153964046823, 66.41550003224361, 97.48857635256246, 52.310666401175574, 80.17529501270229, 32.139973414219284, 34.11933748619216, 0.0, 54.20146122859137, 62.25313627225388, 38.382390131592935, 60.329829008182436, 5.106519035157689, 18.65802296607823, 85.1914271811677, 18.626151927652323], [13.218737387466124, 57.79236827314651, 53.073202035443245, 55.94094290051155, 95.92675290306877, 71.90373087471177, 91.68721896098324, 72.90169000078272, 41.20665759176055, 58.16059230130192, 22.09827024619103, 24.79846808148618, 54.20146122859137, 0.0, 43.45114755392427, 51.55017546996908, 81.33348192243007, 52.974278987735126, 66.48296055507929, 39.56974323409166, 53.113943561137724], [39.122050954401296, 81.48659906803613, 39.64899024185274, 14.482346556226288, 65.59507129508998, 60.630192977135174, 59.84559432275836, 35.754270227361516, 10.21417047819985, 18.396762851993817, 45.527777477767216, 33.88619366965011, 62.25313627225388, 43.45114755392427, 0.0, 30.267267818750135, 49.110138626131175, 64.69988013784887, 80.55538020317279, 36.2916017634781, 73.3262708916285], [40.15717887048972, 63.26570578962031, 10.435349537486102, 25.779115532074908, 44.37924401715408, 30.373862714644062, 40.3314778968995, 61.96112953695859, 20.653927164454114, 45.468429603827715, 39.1810476760211, 28.366453542465162, 38.382390131592935, 51.55017546996908, 30.267267818750135, 0.0, 30.403976482091892, 42.34408809590216, 56.87946635342825, 63.58758664606907, 54.2564320699792], [70.46117409244101, 87.50423845457757, 34.12301749210756, 36.118430993292925, 16.512765816910434, 36.616346068072254, 10.832531216691098, 67.11365004578897, 43.606575808350335, 55.584224925750604, 69.37853606257896, 58.766103163472536, 60.329829008182436, 81.33348192243007, 49.110138626131175, 30.403976482091892, 0.0, 65.24888320452527, 76.45002847903996, 85.39423283399834, 78.5934405682476], [40.936920313638616, 22.2753247988736, 33.162382305178966, 66.44643929569355, 72.31804337683198, 33.980481136826555, 71.47477851190857, 100.21803856025147, 54.96334996859964, 82.84321471207157, 30.919861870143343, 34.75714267431718, 5.106519035157689, 52.974278987735126, 64.69988013784887, 42.34408809590216, 65.24888320452527, 0.0, 15.917406050033415, 85.72744464824248, 13.53105590107767], [55.3479041098069, 17.927536298748493, 47.01427610285497, 81.7167705338234, 80.90470757949142, 41.43882414639719, 81.14708866940988, 115.98229640851847, 70.74157817416365, 98.62982865995777, 44.97704230768936, 50.36670925849587, 18.65802296607823, 66.48296055507929, 80.55538020317279, 56.87946635342825, 76.45002847903996, 15.917406050033415, 0.0, 101.03805214340342, 14.980121886078582], [46.537468069138605, 95.6230645985615, 70.8883413322345, 49.890478011139585, 101.88551924829987, 92.58029462111188, 96.10484921508206, 43.89048380120245, 43.48727007029173, 37.00884725995969, 56.88021699529169, 51.088670708508566, 85.1914271811677, 39.56974323409166, 36.2916017634781, 63.58758664606907, 85.39423283399834, 85.72744464824248, 101.03805214340342, 0.0, 89.57386920423428], [43.11154668522575, 9.04593810752976, 45.798525369155335, 76.99760606790181, 85.8420808822349, 47.267236068677924, 84.99004844141074, 109.07972178115398, 64.20134198787864, 91.71310338221257, 32.703738840403375, 40.600463712997666, 18.626151927652323, 53.113943561137724, 73.3262708916285, 54.2564320699792, 78.5934405682476, 13.53105590107767, 14.980121886078582, 89.57386920423428, 0.0]]",Route_3,1109.806808554952
