instance_id,num_cities,city_coordinates,distance_matrix,best_route,total_distance
1142,73,"[[66.24508360093418, 94.970980719753], [63.767430032190845, 77.23528318522341], [88.86967908745262, 95.9049251305187], [21.526236226792506, 16.064265333649562], [57.48940907840592, 89.88997504286485], [11.95539504458446, 44.553733884692306], [67.40760506286708, 76.81599435602116], [22.522392233015843, 67.49468165826592], [2.6719646159354404, 29.069534121686537], [10.219000561343739, 4.912207901666599], [30.06954953228842, 53.9495048078683], [13.799574647354307, 31.16804749488773], [12.088250809677426, 22.98862778952142], [22.564544422986586, 87.47847516492511], [0.4405113741626221, 85.59398306674836], [74.79750481231201, 48.129588631721276], [62.358994050536566, 90.97730205330508], [95.82935614295599, 8.605677696646296], [6.514024924991646, 68.9220830225648], [21.431567007327956, 38.07521389772731], [56.37682789244711, 87.18015536240915], [13.379430247556423, 70.26540040385004], [41.454191589889774, 12.421074629191253], [66.90391590799081, 22.54714547614638], [56.16691271342164, 17.385320750964382], [38.023620571576075, 18.02905325570039], [34.23008367028421, 82.8912192867395], [91.30629204693345, 28.900608862747333], [53.97249720577466, 40.853623454546515], [41.979827211818254, 3.8332189432945363], [7.152028367514562, 25.078026803350095], [95.54942810375525, 19.693703954563368], [29.247848921944865, 6.12870744625178], [26.058987183447247, 83.39668778499912], [67.18160652178227, 0.3508709435639079], [66.31390189006383, 24.78245848293351], [96.04888397507875, 79.88089041996234], [46.19994357836178, 43.645887498683265], [93.75476862834478, 86.50008135229523], [4.503399973714339, 79.56211514738611], [23.038037508944655, 20.639911140534394], [14.533034805346778, 98.58465647162524], [19.867678318575965, 39.67468868991813], [30.212547757250043, 18.312930676985406], [85.26590340435833, 56.79307317169467], [63.75460809857908, 95.04141164829751], [78.70658055142923, 16.18939535253332], [27.58065821574408, 63.62861294648412], [36.33530037678718, 36.21254072474316], [38.822474608980194, 82.85260974409005], [82.26190505083154, 85.05098344939125], [85.76646488518433, 31.664014165921927], [38.003458967793655, 5.811043928026994], [80.44246875990831, 94.66002862982863], [24.929961129917455, 71.2295564608062], [81.06416684748801, 31.137432449789483], [7.092216260908158, 26.40975527260917], [1.7076119947314061, 70.63641255003186], [67.89934537521397, 81.70670308001787], [59.90616388857006, 48.76903223917301], [70.72795613994687, 28.851835295126584], [83.90749600133405, 56.296671189892656], [9.879875886432988, 72.06604730318189], [61.22026496532118, 62.117352289373194], [49.37654485086526, 89.18931510900609], [46.01990880831076, 59.92379593932525], [5.814455007989016, 57.17548342550018], [18.50015774662117, 20.449619031159227], [31.22872767563014, 46.09683205053751], [7.144065844149461, 2.969340239871898], [86.83950851940695, 93.89616368138749], [17.113076297415898, 4.676094374487616], [60.71050390134501, 81.82691008314056]]","[[0.0, 17.907923783706075, 22.643863916986238, 90.69754706437938, 10.123164279661776, 74.08960157790624, 18.19216826045602, 51.63933336682917, 91.56714542453867, 106.06368154207537, 54.69397362727531, 82.59143840312169, 90.08008476546057, 44.31847405276203, 66.46931480715631, 47.615752869418614, 5.5723568877586045, 91.29181095867071, 65.16398116895151, 72.42499259062261, 12.572964267694376, 58.35360317259795, 86.19208387238255, 72.42683184705719, 78.23748565253356, 81.95432372609123, 34.218136372953424, 70.66369793675415, 55.4914834384219, 94.31274722566417, 91.52603008969854, 80.78002849667101, 96.2379597367675, 41.81969156049635, 94.6247443813686, 70.18855597421437, 33.40624705047989, 55.10057016652398, 28.78435176273621, 63.63543537488354, 85.97648944209077, 51.838158175969966, 72.1702406326381, 84.7041927869326, 42.6537713542709, 2.491471200621542, 79.76106255071906, 49.77229960532039, 65.93291593098729, 29.98090057068643, 18.83998182594338, 66.24844406846819, 93.52584504094997, 14.20078999754898, 47.65075624413971, 65.53111560931994, 90.55221338741974, 68.9728674866301, 13.36703569688585, 46.63477186094048, 66.27094037271488, 42.51662062550651, 60.84137256436956, 33.23566914268861, 17.831860721670925, 40.46434055345047, 71.27664756326826, 88.50430098450616, 60.12343628260243, 109.34912963017621, 20.622453040038007, 102.79650111641625, 14.261772868453695], [17.907923783706075, 0.0, 31.283836689222127, 74.33849527063882, 14.1263857057642, 61.258229114462594, 3.6642430836739663, 42.37962318334533, 77.79842721598209, 89.9892300070698, 40.96064727058159, 67.96305449219359, 74.92287492303473, 42.457046110842384, 63.87618093178339, 31.125616541633818, 13.81400646029714, 75.74952049650148, 57.85379584187619, 57.670064371920446, 12.390378630556363, 50.86776767543868, 68.54751812084676, 54.77800607667338, 60.33063787906711, 64.56098967652204, 30.073982830474453, 55.62939567285323, 37.677126666357694, 76.5673734147552, 76.97845866823454, 65.7352929694487, 79.04268842435054, 38.20850126240363, 76.96018091745576, 52.51460119026034, 32.389682096422256, 37.905990066115265, 31.385935722182328, 59.30969065635184, 69.72746626824632, 53.66396754876789, 57.77531011909663, 67.80688570927143, 29.665945249915918, 17.80613307951727, 62.84726437576929, 38.66036639093556, 49.34964170497863, 25.569613973130586, 20.07811686474701, 50.603340744389286, 75.92894150767765, 24.118015473503778, 39.299080704558875, 49.23605332359614, 76.12696068815909, 62.409663582674185, 6.08821158284382, 28.726935429234135, 48.88156046435576, 29.052499540184993, 54.1349193350851, 15.331010548870665, 18.708192203869185, 24.792379882878702, 61.32652672829232, 72.62050394753588, 45.037432099488875, 93.38969779121128, 28.45884299524, 86.26392411246728, 5.516143121704185], [22.643863916986238, 31.283836689222127, 0.0, 104.44936693501973, 31.9515409706268, 92.48108959237257, 28.72295074588175, 72.17412560674083, 109.07344072420513, 120.27303863005692, 72.2337354021953, 99.12811864782832, 105.88755425589859, 66.83843162354745, 89.02827207526606, 49.80470727153463, 26.96475273978334, 87.57622798018524, 86.66329984918441, 88.83791117647633, 33.64382538129827, 79.72554733659031, 96.0092794950547, 76.57583553494956, 85.05762282380209, 93.00523150265829, 56.16797955365909, 67.0486053637646, 65.18020496670604, 103.32404022852313, 108.13983524045555, 76.50339391197738, 107.77073765163497, 64.04403968326591, 97.98443633137498, 74.6134595566719, 17.55877761188489, 67.46638676127068, 10.597885936134753, 85.93460589100279, 99.99313658363594, 74.3849288712764, 89.01188460129298, 97.2685800203014, 39.27752745302368, 25.129911386834127, 80.3607756286473, 69.26835069217388, 79.51755593931755, 51.72122980998067, 12.707113273137981, 64.31581904902099, 103.46148935420507, 8.51866428509188, 68.5358399049386, 65.23614128285448, 107.31790186136962, 90.7508879731006, 25.324778486651784, 55.32339117715322, 69.46394005509062, 39.91787871625044, 82.50867291262479, 43.65879269738039, 40.06004330739234, 55.95305595629771, 91.64136566896164, 103.17641567861217, 76.17956035528265, 123.75822719706593, 2.8559963401367723, 116.06769406290309, 31.48221172084491], [90.69754706437938, 74.33849527063882, 104.44936693501973, 0.0, 82.11933521177791, 30.054131483972434, 76.1306284321861, 51.44006269545265, 22.904597229051188, 15.8814975163, 38.83657518699049, 16.965421737678753, 11.705655221044427, 71.42175753743209, 72.65665448260887, 62.17727088671888, 85.31868014715762, 74.67653017390825, 54.9482973258, 22.011152149571597, 79.19617133440747, 54.809976195592654, 20.258238903286944, 45.83842872733986, 34.66585719215547, 16.613972486980554, 68.02374228543967, 70.95088375389693, 40.832243724320364, 23.831657096931874, 16.966606832669452, 74.11211615084692, 12.583267188920782, 67.48482010350222, 48.28378195658465, 45.62830138579777, 98.1131319692841, 37.00726571533707, 100.88689246425716, 65.74004780243892, 4.818929099580075, 82.81618090497416, 23.668605903118582, 8.972653109893376, 75.64113272430065, 89.55794231081465, 57.180481237968266, 47.94813019769238, 25.00522709822899, 68.9916140647621, 91.91294111214236, 66.10717919948219, 19.40689100420988, 98.22635320526352, 55.27019710802649, 61.416329664885, 17.75866251868824, 58.05942747098134, 80.37036073937487, 50.42440506012837, 50.83631760790862, 74.22983262840015, 57.1999763368879, 60.79887117082505, 78.24904213537998, 50.23542994223122, 44.011274942487766, 5.3280838976519265, 31.560947449642462, 19.450549815545646, 101.60525546437944, 12.213370474908018, 76.55150081898289], [10.123164279661776, 14.1263857057642, 31.9515409706268, 82.11933521177791, 0.0, 64.25512583743205, 16.41034986178366, 41.52398623504316, 81.87843581336038, 97.2404876050797, 45.2058192962088, 73.19198321921996, 80.85205895000186, 35.00802055044904, 57.210421046589694, 45.205088774850154, 4.989502763646246, 89.87262395179621, 55.119345835769145, 63.126360954441644, 2.929327498920958, 48.278506213637705, 79.11105315445934, 67.99771785064841, 72.51671456032325, 74.45071525709875, 24.289479215800284, 69.73725231724828, 49.162307169344935, 87.44319527588935, 82.06363708387994, 79.85036958532041, 88.39420608536756, 32.09414588220505, 90.06214440144561, 65.70281870654209, 39.837355325066014, 47.602181295300085, 36.42344962410487, 53.98316266080654, 77.34641784526247, 43.82747512502594, 62.74527559006792, 76.5983057494658, 43.20808431890419, 8.111104601851112, 76.69383164248988, 39.80191600063994, 57.695435434149985, 19.949409836740386, 25.240689300127123, 64.72908469260899, 86.30740935242419, 23.443471585179456, 37.52770806175045, 63.30584858464525, 81.05316370114129, 59.01108840336419, 13.241325980486963, 41.19190018531492, 62.457294467220244, 42.736698286431796, 50.83660148777662, 28.022095929046646, 8.143063939170803, 32.086154747976984, 61.15994473478797, 79.63745828719986, 51.06332109141084, 100.44824707246195, 29.622253199310762, 94.29556568262201, 8.682653304324583], [74.08960157790624, 61.258229114462594, 92.48108959237257, 30.054131483972434, 64.25512583743205, 0.0, 64.15450916834756, 25.25764269147358, 18.053878331932847, 39.67953689326945, 20.405957562565032, 13.512127831450966, 21.565515332360945, 44.2163710011142, 42.625046614268946, 62.943764561956165, 68.52496241705393, 91.25296759026553, 24.968479098328135, 11.479070358221126, 61.565213426521396, 25.751071268040093, 43.619798124836095, 59.19146795323926, 51.892012552866184, 37.190201190584006, 44.338747617902555, 80.88006662973292, 42.17970710210263, 50.592755055021684, 20.05929953295051, 87.21228956531668, 42.13682021576249, 41.32416216840642, 70.73773763922874, 57.842463618713715, 91.21251487252525, 34.25658023420931, 91.9273277353827, 35.79272257275777, 26.357084099570727, 54.09237305139609, 9.295660741471515, 31.96722349781402, 74.3251778480942, 72.33369946971303, 72.52762554321023, 24.65765318090878, 25.767329844955785, 46.78294407594642, 81.1358895407207, 74.92809156412814, 46.68509033113129, 84.85941337986422, 29.663763672450273, 70.399002012088, 18.78442087895524, 28.023618320913073, 67.15704504089464, 48.13569333609549, 60.83390137928943, 72.90405618787031, 27.590490561297667, 52.30208504230357, 58.246695735092324, 37.37151195124925, 14.03637082738785, 24.976834701344462, 19.33500718014775, 41.86180458941466, 89.67890403629988, 40.20979742316102, 61.37059803810893], [18.19216826045602, 3.6642430836739663, 28.72295074588175, 76.1306284321861, 16.41034986178366, 64.15450916834756, 0.0, 45.84287514096793, 80.43896822425876, 91.87323326902715, 43.78363547103369, 70.40991391606302, 77.18559675531586, 46.093259643382176, 67.53994908879763, 29.622972364129698, 15.034331007762788, 73.89481195070955, 61.403110166736084, 60.12191069653479, 15.135847460574897, 54.42383627602881, 69.42827491392961, 54.27118629172782, 60.48436268694309, 65.72155649797875, 33.72916073243026, 53.544667395842694, 38.39002792375823, 77.2855574695996, 79.42009701184426, 63.67824011994319, 80.32969263851757, 41.86900675373696, 76.46545738974488, 52.04502898535171, 28.804799003115146, 39.370304730451146, 28.070528475563833, 62.96411833178446, 71.58499039851426, 57.180371022063035, 60.32844454679287, 69.32590243048733, 26.82976318209797, 18.587905269252452, 61.67050635288185, 41.95345901834751, 51.128549415096124, 29.215585025961765, 16.984265468378826, 48.74165619942154, 76.8525002381987, 22.097901048861157, 42.84341865971418, 47.67633267774074, 78.60493028344699, 65.98997136270017, 4.91536777441572, 29.03280392375759, 48.078948467014754, 26.33038215023327, 57.72349280147488, 15.947829196669138, 21.868200630712224, 27.253989036949918, 64.64878810383563, 74.62644752535506, 47.461332700961655, 95.31538429506594, 25.87143320590243, 87.94148505162089, 8.36423579246501], [51.63933336682917, 42.37962318334533, 72.17412560674083, 51.44006269545265, 41.52398623504316, 25.25764269147358, 45.84287514096793, 0.0, 43.24964092092373, 63.78040034463576, 15.505850483237314, 37.35922772585966, 45.71280059468916, 19.983837962811688, 28.551605449425832, 55.74669697035706, 46.242710830845596, 94.0309829007701, 16.071879122349703, 29.439683812608582, 39.16172479315851, 9.553566676099942, 58.23671709567663, 63.166451954778246, 60.35645623207714, 51.83759710157175, 19.342270025394896, 78.87158758739956, 41.217169784102275, 66.56856323343635, 45.11563691713729, 87.28047569471725, 61.73341525190587, 16.290528005502985, 80.63954822654757, 61.17213684859088, 74.56247820039226, 33.606419335859584, 73.72419320993365, 21.686563421969538, 46.85760781687293, 32.100099158762234, 27.946368542736305, 49.779344326453284, 63.64960815518217, 49.5874778379392, 76.08479098947522, 6.366517261128241, 34.19603445975929, 22.395504918455604, 62.26582629573815, 72.68871617094143, 63.596655500757265, 63.974145879147706, 4.44361089475421, 68.91290840632776, 43.886917260671694, 21.050547483720056, 47.55049347127305, 41.811437781561565, 61.78224637086613, 62.398128201869895, 13.443608274311355, 39.06969445935375, 34.52249459967693, 24.687073455059817, 19.637744740233096, 47.21669501195454, 23.101260672835256, 66.3325908410249, 69.52502930897884, 63.051055559925466, 40.789026029258935], [91.56714542453867, 77.79842721598209, 109.07344072420513, 22.904597229051188, 81.87843581336038, 18.053878331932847, 80.43896822425876, 43.24964092092373, 0.0, 25.308776376224667, 37.00865575232416, 11.323756593500146, 11.209097532942684, 61.703477415559156, 56.5684780784592, 74.60146933234377, 85.99484410708632, 95.37855637355423, 40.037321105629914, 20.809251550974377, 79.12683893933546, 42.564647525737136, 42.204648233726196, 64.56225770857495, 54.756098418763415, 37.03554774211107, 62.39141505250969, 88.63448840540839, 52.6365785875752, 46.71166519874817, 6.000258485310993, 93.34950141941862, 35.10782185209924, 59.14720999109328, 70.61342304094205, 63.786167760232175, 106.3063638634785, 45.903758346398114, 107.67703999446746, 50.52578444820584, 22.04167572322334, 70.51976475687572, 20.203016437137858, 29.56667443981853, 87.12263392507754, 89.90760790508168, 77.11783707528816, 42.60015194888066, 34.412827809977344, 64.80338414128079, 97.30612153025461, 83.13499444696042, 42.299785569479496, 101.7367400924087, 47.674793050956225, 78.41947190722472, 5.158783590235525, 41.57806342598057, 83.8169598390673, 60.529528268940794, 68.05633971273654, 85.67688458621127, 43.596492182856515, 67.23140456249864, 76.12953356539279, 53.20742183207794, 28.28108258417085, 18.023169364742355, 33.247820848972886, 26.48055532015346, 106.23872809297698, 28.34758559908084, 78.433492595461], [106.06368154207537, 89.9892300070698, 120.27303863005692, 15.8814975163, 97.2404876050797, 39.67953689326945, 91.87323326902715, 63.78040034463576, 25.308776376224667, 0.0, 52.90274834368109, 26.498860796841228, 18.172810802210233, 83.4841358763902, 81.272182784595, 77.70537438593826, 100.62693154609985, 85.68999184231794, 64.1170098917514, 35.00723658046104, 94.33218010483724, 65.4295658401379, 32.12507179947602, 59.36472564673691, 47.61080943742067, 30.743267977803697, 81.59202368281947, 84.56117443093237, 56.62290897295039, 31.77914924433599, 20.397709930607817, 86.60123838682992, 19.06769364849163, 80.06696421587148, 57.144940919118476, 59.51020763903602, 113.96083645421513, 52.86706153663398, 116.76817049495801, 74.86839614865431, 20.290104914313527, 93.77173621379725, 36.07668295473497, 24.06909429903587, 91.2341044100049, 104.83002738901958, 69.40982329397147, 61.22943228461023, 40.76483718703528, 83.0232796687306, 107.76086225327845, 80.14411085140453, 27.798993419583173, 113.956161796057, 67.92939776536035, 75.54336495491117, 21.723750206338003, 66.27303231324228, 96.04382680602009, 66.2739408853688, 65.07257075720204, 89.8351681004078, 67.15469568026974, 76.63913827296582, 92.92978033990627, 65.63520282388727, 52.44854611914156, 17.60649621401582, 46.23399073950401, 3.637300958987895, 117.42591973648301, 6.8981178485450485, 92.00686561989923], [54.69397362727531, 40.96064727058159, 72.2337354021953, 38.83657518699049, 45.2058192962088, 20.405957562565032, 43.78363547103369, 15.505850483237314, 37.00865575232416, 52.90274834368109, 0.0, 27.994765226012216, 35.80367312856283, 34.358651820102615, 43.35035070737499, 45.10500424375513, 49.12907485538682, 79.8774988502068, 27.911303049484598, 18.07229520568174, 42.38335794857316, 23.340277008586664, 43.06066172140136, 48.40329242828485, 44.92228757259713, 36.79057061000382, 29.239235306176035, 66.16181543665826, 27.25533004573055, 51.51210365790921, 36.86156560027309, 73.89908246950924, 47.82785644573493, 29.71903759616999, 65.19293156555545, 46.52278655836807, 70.89223746840479, 19.140379874384323, 71.52165521495778, 36.188863088737016, 34.04366595443739, 47.26182448770951, 17.545613453580497, 35.636861032900384, 55.269551851001296, 53.134056671751914, 61.57423692126232, 9.993983907561027, 18.811154364669072, 30.19939026458027, 60.756431332519085, 59.98991142667184, 48.78789127243368, 64.76710385196112, 18.028187764553255, 55.86449355712336, 35.86635817488143, 32.906722578825196, 46.920736454544816, 30.28301260245546, 47.78073924547934, 53.88908674331685, 27.12622409976465, 32.20373898277824, 40.18213904574674, 17.032501741012595, 24.468685057111607, 35.44140478794287, 7.937768162508046, 55.89771893123297, 69.41587569537987, 50.94839717226005, 41.42484531689147], [82.59143840312169, 67.96305449219359, 99.12811864782832, 16.965421737678753, 73.19198321921996, 13.512127831450966, 70.40991391606302, 37.35922772585966, 11.323756593500146, 26.498860796841228, 27.994765226012216, 0.0, 8.356526550782677, 56.98849848478427, 56.04147601919014, 63.31225285950228, 77.0400165083557, 85.07611640835961, 38.45057130111491, 10.293505481574876, 70.35750650541576, 39.099610302464974, 33.40998099169663, 53.79954472244983, 44.55283258449566, 27.557894886152017, 55.611978917724464, 77.53987696668564, 41.32401346136601, 39.25964195636495, 9.015443614485521, 82.55119078380646, 29.42138215880078, 53.648150595187886, 61.63878403763256, 52.9011371596488, 95.59231114859966, 34.72002877339987, 97.23408360927306, 49.27884584197783, 14.006814453716464, 67.42059870488904, 10.449154347873417, 20.84801464667741, 75.92152584702968, 81.08829764760806, 66.61290742366133, 35.26480644716933, 23.093415643821082, 57.423335825961956, 87.12325448094792, 71.96859921828862, 35.05432421381131, 92.04622210681315, 41.578961072609665, 67.26459916725345, 8.223746189956625, 41.2791400215478, 74.0333769401301, 49.35192230730993, 56.97548120306205, 74.47528694393176, 41.08540405905237, 56.62668397049644, 68.06018148969811, 43.1861436347756, 27.205676968968973, 11.703853647631563, 22.948725097313442, 28.973485953257676, 96.27901381059549, 26.69836836434838, 69.04314333956995], [90.08008476546057, 74.92287492303473, 105.88755425589859, 11.705655221044427, 80.85205895000186, 21.565515332360945, 77.18559675531586, 45.71280059468916, 11.209097532942684, 18.172810802210233, 35.80367312856283, 8.356526550782677, 0.0, 65.33523660610042, 63.67966978043663, 67.56122001293322, 84.55535142222084, 84.96729944992599, 46.270447413651645, 17.745496272845955, 77.98737251733283, 47.29440107631911, 31.209480253655983, 54.817442906464315, 44.4333825517812, 26.405317347892886, 63.86377087605797, 79.43833821070136, 45.53513112180912, 35.50262001417825, 5.360212704501618, 83.5261913317713, 24.056365505951426, 62.002541780499676, 59.56295726907128, 54.25531369044362, 101.42049826709665, 39.87894133796526, 103.45590783654207, 57.079676190692304, 11.198852559824081, 75.6355506444618, 18.410435104525778, 18.71769973399423, 80.60837032755434, 88.66237159756075, 66.96440412124164, 43.492793435162305, 27.618676398918943, 65.5622990567607, 93.68072234781937, 74.18720616208739, 31.091275322784167, 99.04084415027799, 49.92090466945631, 69.45559740327845, 6.055119690644808, 48.76544939596369, 81.01043539213744, 54.324783154727335, 58.93209858366334, 79.16710007989623, 49.127080372452795, 62.80932968895368, 75.97991757085725, 50.15539911904301, 34.757756142140934, 6.896311771016971, 30.005782089872497, 20.620786574932225, 103.0321754377858, 18.98941155641627, 76.328677172959], [44.31847405276203, 42.457046110842384, 66.83843162354745, 71.42175753743209, 35.00802055044904, 44.2163710011142, 46.093259643382176, 19.983837962811688, 61.703477415559156, 83.4841358763902, 34.358651820102615, 56.98849848478427, 65.33523660610042, 0.0, 22.204147108446783, 65.39584866362534, 39.94796629059436, 107.65059598922198, 24.534850019850687, 49.416250987498024, 33.81359945530388, 19.510414274075472, 77.39788204642085, 78.62606081216383, 77.73139295307513, 71.14917595371989, 12.535059729502276, 90.31497266184726, 56.216868420614105, 85.86898214228775, 64.27566885599693, 99.60707030094008, 81.62384006470108, 5.373278181990867, 97.88718837356576, 76.45127066681546, 73.87605466837051, 49.79887383016495, 71.19694710352235, 19.719880698035876, 66.84024114667022, 13.705926088941817, 47.87979833012228, 69.58710009271886, 69.80726547858036, 41.87862645611588, 90.74172756314994, 24.37165003483579, 53.08323420407021, 16.90322232073872, 59.746695155129366, 84.31925525477095, 83.1139543467602, 58.321769826709684, 16.42018743043128, 81.21895664214092, 62.99826575423477, 26.80795970305811, 45.700738838427895, 53.78491903809564, 75.87356015530362, 68.81324441908572, 19.96105579561541, 46.23257816903478, 26.866528250945063, 36.18583238885128, 34.62422278940091, 67.15196790605694, 42.27893634284018, 85.9045112050655, 64.59456428748831, 82.98164115808223, 38.562344487831766], [66.46931480715631, 63.87618093178339, 89.02827207526606, 72.65665448260887, 57.210421046589694, 42.625046614268946, 67.53994908879763, 28.551605449425832, 56.5684780784592, 81.272182784595, 43.35035070737499, 56.04147601919014, 63.67966978043663, 22.204147108446783, 0.0, 83.26189598816664, 62.15206046669283, 122.58152744229061, 17.74372615702101, 51.94860768041188, 55.95880134693047, 20.05943837861802, 83.88323130429016, 91.60943113240599, 88.07867744881742, 77.3143572521724, 33.89749442075852, 107.10148820584605, 69.76656280271412, 91.70789121068897, 60.886988945304104, 115.70891421381702, 84.52569269774341, 25.712534090324493, 108.26246785451279, 89.65124148760206, 95.77891385365764, 62.077116213933635, 93.31865633946278, 7.272585122843106, 68.77266642502626, 19.16655452006567, 49.85976746387912, 73.57386873795552, 89.58146875252376, 64.01506659242209, 104.60676068132905, 34.915112130749364, 61.04885523349084, 38.479737907801166, 81.82319543856062, 100.94037788818281, 88.18328872033969, 80.51401348648889, 28.391370186328448, 97.291776255647, 59.55684677254927, 15.011144518163581, 67.57074241472145, 69.94455541654114, 90.33269743254506, 88.45942576097939, 16.495655440711957, 65.15620184801405, 49.0679303102041, 52.310992894581425, 28.922143628008737, 67.6013238975363, 50.07932908319876, 82.89613528265953, 86.79696371798973, 82.61766839806843, 60.38760500376255], [47.615752869418614, 31.125616541633818, 49.80470727153463, 62.17727088671888, 45.205088774850154, 62.943764561956165, 29.622972364129698, 55.74669697035706, 74.60146933234377, 77.70537438593826, 45.10500424375513, 63.31225285950228, 67.56122001293322, 65.39584866362534, 83.26189598816664, 0.0, 44.616623532367136, 44.77140053648144, 71.37899865167165, 54.30482270569533, 43.177171053392904, 65.2853279539361, 48.85564971338976, 26.77256326164239, 35.948699134724976, 47.522213669757974, 53.423652289136385, 25.343514336287477, 22.05947893926324, 55.12865253807425, 71.46527118937468, 35.20286717962854, 61.958414860991915, 60.15988184285515, 48.38189507136255, 24.840692517053796, 38.20688788121373, 28.94691839177254, 42.79804391570114, 77.00172009908437, 58.60652543956024, 78.5972023417483, 55.57671429346871, 53.6362889021177, 13.588352860310748, 48.194031856327875, 32.17851487943528, 49.69557683771704, 40.26608002844724, 49.99890992112372, 37.668377536112146, 19.78467153048164, 56.077277354086036, 46.87160616393608, 54.957987832709875, 18.110892434506894, 71.10384841185783, 76.47672557697054, 34.27837829147746, 14.905063657503199, 19.70261404238881, 12.234916304415261, 69.1899747007373, 19.493562373384794, 48.292094008760095, 31.100697062674463, 69.57362555542024, 62.73413746695565, 43.61617177726857, 81.34147674484666, 47.32429867476557, 72.21979961377349, 36.523322242997935], [5.5723568877586045, 13.81400646029714, 26.96475273978334, 85.31868014715762, 4.989502763646246, 68.52496241705393, 15.034331007762788, 46.242710830845596, 85.99484410708632, 100.62693154609985, 49.12907485538682, 77.0400165083557, 84.55535142222084, 39.94796629059436, 62.15206046669283, 44.616623532367136, 0.0, 88.9120331437324, 60.04242885765859, 66.88561291935423, 7.08552291190796, 53.17876023627198, 81.29016935046795, 68.58092040695298, 73.85202490987983, 76.90030822433502, 29.268077041172653, 68.49424719468666, 50.82043374075873, 89.49526055677329, 85.96815421070583, 78.63177646819378, 91.08035978474578, 37.083098727527826, 90.75465611601687, 66.31288420303491, 35.47025562727668, 50.013775261459294, 31.713406731950126, 58.97097810007132, 80.58217038378697, 48.42720535988516, 66.61433817539833, 79.45756651699611, 41.14958080435977, 4.297060084662902, 76.55373650637512, 44.243456457414794, 60.63342078259724, 24.899364902386143, 20.766490278348865, 63.76500459410694, 88.58037938634163, 18.454661541245354, 42.319096887325564, 62.69524290988561, 84.99049843674008, 63.97141495280228, 10.799976764992065, 42.27947985141285, 62.68662653529482, 40.82994113892154, 55.78255461617013, 28.882406483985847, 13.104994640786002, 35.08968436055964, 65.87752149315578, 83.0527037152068, 54.62005192456292, 103.89460832685783, 24.653911289376865, 97.44276022437245, 9.297698262453613], [91.29181095867071, 75.74952049650148, 87.57622798018524, 74.67653017390825, 89.87262395179621, 91.25296759026553, 73.89481195070955, 94.0309829007701, 95.37855637355423, 85.68999184231794, 79.8774988502068, 85.07611640835961, 84.96729944992599, 107.65059598922198, 122.58152744229061, 44.77140053648144, 88.9120331437324, 0.0, 107.77428794483018, 80.0217757374591, 87.92298064672664, 102.95587251092643, 54.50885959113346, 32.109899044272645, 40.62254978410696, 58.5687892300607, 96.50291217624432, 20.792843476867404, 52.83868512455217, 54.060596821140294, 90.19427224877532, 11.09155922327376, 66.62756550740013, 102.28196114067268, 29.81334253129282, 33.657841231459884, 71.27555079564823, 60.75273569541926, 77.92202534729802, 115.65139984421718, 73.77939307869211, 121.2654463745379, 82.069847946703, 66.33096036656453, 49.33164923686719, 92.1950408963025, 18.727045080364313, 87.6664597908896, 65.58720574746347, 93.60764637937693, 77.63994140111035, 25.158470962998997, 57.89338789545102, 87.41914903423557, 94.59637627670031, 26.93864857758816, 90.50560851558885, 112.72406481295319, 78.25500248282228, 53.88479182342894, 32.24883222092805, 49.158535470549374, 106.83881161340453, 63.72823950070905, 93.01390377543169, 71.51594440229658, 102.28249339391608, 78.23096491131307, 74.69155141755168, 88.86421673154062, 85.76295447224264, 78.81430287585603, 81.20765145579018], [65.16398116895151, 57.85379584187619, 86.66329984918441, 54.9482973258, 55.119345835769145, 24.968479098328135, 61.403110166736084, 16.071879122349703, 40.037321105629914, 64.1170098917514, 27.911303049484598, 38.45057130111491, 46.270447413651645, 24.534850019850687, 17.74372615702101, 71.37899865167165, 60.04242885765859, 107.77428794483018, 0.0, 34.26459392117653, 53.10043620666665, 6.99559088497632, 66.4317634572418, 76.14180038173994, 71.5642867020267, 59.857790609595675, 31.037343319614017, 93.7627162448042, 55.137510043048984, 74.12410781235748, 43.848697975496734, 101.73856852181395, 66.78199435321133, 24.32117868675653, 91.55635741327069, 74.32584839433312, 90.20302902171423, 47.05165458858382, 88.99400759148986, 10.828337652286624, 51.03147179457561, 30.727394667985408, 32.151673894298554, 55.88296954859448, 79.68043200178725, 62.91823018737416, 89.40079102995328, 21.721506937903744, 44.26310683746507, 35.1837390810293, 77.44599907378749, 87.57347163707905, 70.53075720512476, 78.28062756477428, 18.559933727577985, 83.5787262380271, 42.516259430252994, 5.102992355953343, 62.702504549578514, 57.068957927966736, 75.69051271472053, 78.4165185990122, 4.605807648223241, 55.127824732174915, 47.41261763330082, 40.517700228846756, 11.767412636707096, 49.9324257914219, 33.64236338292022, 65.95575207758505, 84.11829776826242, 65.11441428258532, 55.711694417758295], [72.42499259062261, 57.670064371920446, 88.83791117647633, 22.011152149571597, 63.126360954441644, 11.479070358221126, 60.12191069653479, 29.439683812608582, 20.809251550974377, 35.00723658046104, 18.07229520568174, 10.293505481574876, 17.745496272845955, 49.416250987498024, 51.94860768041188, 54.30482270569533, 66.88561291935423, 80.0217757374591, 34.26459392117653, 0.0, 60.269947192434714, 33.18199833790951, 32.54290025157027, 48.05055070911168, 40.430383621062866, 26.022006032679876, 46.60768571598399, 70.4744675532093, 32.65932788416817, 39.93426117872771, 19.308860560172093, 76.36319297475666, 32.888805655160766, 45.55709618490862, 59.297488706499784, 46.80941498292388, 85.53045411400284, 25.387100707503503, 87.0379990619426, 44.807653525004675, 17.50915559664553, 60.9014153131569, 2.236977300211221, 21.625296784722266, 66.5220321325896, 70.96751012518898, 61.314078561698544, 26.282837092567192, 15.019681078414656, 48.036016133637354, 76.85735456973495, 64.65355803786294, 36.27125951746175, 81.75651523835224, 33.33840416437105, 60.03482135491041, 18.48512658228753, 38.06922719223195, 63.741362353744165, 39.93309850104203, 50.15181646123599, 65.0788998794102, 35.90011592390658, 46.488330832967826, 58.25438291933613, 32.8929641374929, 24.67213981869966, 17.867701437346344, 12.662176548683144, 37.901913602998114, 85.98940194929523, 33.67715170466837, 58.796647885954165], [12.572964267694376, 12.390378630556363, 33.64382538129827, 79.19617133440747, 2.929327498920958, 61.565213426521396, 15.135847460574897, 39.16172479315851, 79.12683893933546, 94.33218010483724, 42.38335794857316, 70.35750650541576, 77.98737251733283, 33.81359945530388, 55.95880134693047, 43.177171053392904, 7.08552291190796, 87.92298064672664, 53.10043620666665, 60.269947192434714, 0.0, 46.20481727635065, 76.23388502689728, 65.48469706003644, 69.79515028152969, 71.54519649518991, 22.558219174019175, 67.94536780624409, 46.38888190785686, 84.58123573848967, 79.2449068384568, 78.03149191793341, 85.4711571776557, 30.553004634006168, 87.49895927334028, 63.18400126216316, 40.337963539617405, 44.70795737643258, 37.38412703695929, 52.42982987534552, 74.42498938758307, 43.370101054368966, 59.913999752799434, 73.66996803898931, 41.92795544738791, 10.781047776650091, 74.4197948169108, 37.200733033350126, 54.76641824160659, 18.07990515128325, 25.972496848218114, 62.81554501803812, 83.41770184596506, 25.20126136641329, 35.26084279338924, 61.23929699255002, 78.24330304087364, 57.117585673005614, 12.756452838790343, 38.572925636538585, 60.067859990576856, 41.37302600917368, 48.89174580924248, 25.52651524506766, 7.282903648243874, 29.157758863048482, 58.79484577536126, 76.73074103898625, 48.16914363846264, 97.54653372881296, 31.194225086075473, 91.37046715878711, 6.887523703778352], [58.35360317259795, 50.86776767543868, 79.72554733659031, 54.809976195592654, 48.278506213637705, 25.751071268040093, 54.42383627602881, 9.553566676099942, 42.564647525737136, 65.4295658401379, 23.340277008586664, 39.099610302464974, 47.29440107631911, 19.510414274075472, 20.05943837861802, 65.2853279539361, 53.17876023627198, 102.95587251092643, 6.99559088497632, 33.18199833790951, 46.20481727635065, 0.0, 64.2974202340485, 71.70705975396956, 68.02258066158807, 57.7578746155752, 24.375418983439815, 88.22494981091283, 50.12833239187168, 72.3271556202892, 45.61446335414577, 96.48525809390009, 66.07058418663266, 18.253818021904955, 88.21970075610146, 69.79080379142289, 83.22677590689736, 42.25854425564033, 81.99853587305104, 12.853513855940022, 50.5566798638241, 28.342742769675223, 31.271216896628435, 54.61147274901072, 73.13801080131914, 56.138304896987684, 84.80478105115783, 15.675516691920715, 41.06786122645118, 28.386376051768273, 70.4514641510056, 82.03627126533024, 68.99787575808071, 71.36209792875279, 11.590701469994867, 78.18069739274591, 44.30402543326324, 11.677713446543962, 55.70749099048231, 51.252617372902726, 70.73851000017356, 71.89807685065051, 3.935633364851389, 48.529745049488106, 40.66825306712561, 34.23959146333003, 15.118689654707504, 50.07827796451677, 30.045251121010438, 67.58431388152906, 77.16732516282664, 65.6954882639515, 48.72267479608122], [86.19208387238255, 68.54751812084676, 96.0092794950547, 20.258238903286944, 79.11105315445934, 43.619798124836095, 69.42827491392961, 58.23671709567663, 42.204648233726196, 32.12507179947602, 43.06066172140136, 33.40998099169663, 31.209480253655983, 77.39788204642085, 83.88323130429016, 48.85564971338976, 81.29016935046795, 54.50885959113346, 66.4317634572418, 32.54290025157027, 76.23388502689728, 64.2974202340485, 0.0, 27.390249700667162, 15.527649610174757, 6.57405824335906, 70.83945950732462, 52.50530419428232, 31.066345266202553, 8.60392689931921, 36.56277943583358, 54.58191780063528, 13.732759594933063, 72.62609711088042, 28.41812267005505, 27.763447318158097, 86.7836803964788, 31.58339913104478, 90.68103217121566, 76.63732982644885, 20.16690369722875, 90.271321683776, 34.766895670790866, 12.692065385423108, 62.356558169690295, 85.57703351724528, 37.44249890720163, 53.053622956406585, 24.335918027215957, 70.48068581468848, 83.30890188413777, 48.31012612911653, 7.456544876786595, 91.01280850410639, 61.0859044922285, 43.80927059397603, 37.100249792327226, 70.48983017962182, 74.16093627075809, 40.76333283881846, 33.56967659947631, 61.05203542068182, 67.48674075270377, 53.482872678651404, 77.17594461720809, 47.721633517586596, 57.211431815105, 24.317590236129316, 35.193987414943244, 35.58820045541436, 93.26316062012924, 25.54358261535086, 72.02760275683892], [72.42683184705719, 54.77800607667338, 76.57583553494956, 45.83842872733986, 67.99771785064841, 59.19146795323926, 54.27118629172782, 63.166451954778246, 64.56225770857495, 59.36472564673691, 48.40329242828485, 53.79954472244983, 54.817442906464315, 78.62606081216383, 91.60943113240599, 26.77256326164239, 68.58092040695298, 32.109899044272645, 76.14180038173994, 48.05055070911168, 65.48469706003644, 71.70705975396956, 27.390249700667162, 0.0, 11.913340089735067, 29.231568826031097, 68.62205590884103, 25.215916763649822, 22.413137344550286, 31.167631344259267, 59.805463169698044, 28.78728013332943, 41.07973330243355, 73.2869360917067, 22.198011514609977, 2.311869542094029, 64.316307985721, 29.560300829991704, 69.36098542400437, 84.52532848487651, 43.90732092181031, 92.32774374939987, 50.05757068723471, 36.934876089390464, 38.858025535859106, 72.56264030144656, 13.406113505403914, 56.868317761713854, 33.48407506255645, 66.52305138823691, 64.3630141610635, 20.95025175561464, 33.39660920484524, 73.37274923335497, 64.2790013845196, 16.562177905066523, 59.936292587317716, 81.01318196228048, 59.16793164975437, 27.13956297986941, 7.3737641275790216, 37.790901310944676, 75.52392189588548, 39.97630742426883, 68.90854453222046, 42.81536817996707, 70.22139290976436, 48.4491839077995, 42.74700917217979, 62.8850549615908, 74.08178083456268, 52.900871227268965, 59.60242313987498], [78.23748565253356, 60.33063787906711, 85.05762282380209, 34.66585719215547, 72.51671456032325, 51.892012552866184, 60.48436268694309, 60.35645623207714, 54.756098418763415, 47.61080943742067, 44.92228757259713, 44.55283258449566, 44.4333825517812, 77.73139295307513, 88.07867744881742, 35.948699134724976, 73.85202490987983, 40.62254978410696, 71.5642867020267, 40.430383621062866, 69.79515028152969, 68.02258066158807, 15.527649610174757, 11.913340089735067, 0.0, 18.15470851547908, 69.08145345494044, 36.978072424638455, 23.570674390164616, 19.619705870253338, 49.61488298737646, 39.450109651108974, 29.177856989529385, 72.55334421941232, 20.285363194500217, 12.557031336132564, 74.13681851798216, 28.08839332625906, 78.67462770970255, 80.83979409932213, 33.288357287761905, 91.25081868751137, 42.596365346940175, 25.970936071943978, 48.98695959216895, 78.0259032290739, 22.57137266110163, 54.365577521867706, 27.345146915158573, 67.72588472119233, 72.52303450288576, 32.863575192106744, 21.537756056366522, 80.99804379816786, 62.249087249590964, 28.442817012265984, 49.89755755888051, 76.16754041297018, 65.38264449289098, 31.60568534498132, 18.533886302139575, 47.787374421856335, 71.64127046962099, 45.01656377973533, 72.12435581326548, 43.73195124392609, 64.1765303101017, 37.79119412877811, 38.029777202669, 51.09853235920095, 82.43007472640811, 41.069776891245326, 64.60156853002732], [81.95432372609123, 64.56098967652204, 93.00523150265829, 16.613972486980554, 74.45071525709875, 37.190201190584006, 65.72155649797875, 51.83759710157175, 37.03554774211107, 30.743267977803697, 36.79057061000382, 27.557894886152017, 26.405317347892886, 71.14917595371989, 77.3143572521724, 47.522213669757974, 76.90030822433502, 58.5687892300607, 59.857790609595675, 26.022006032679876, 71.54519649518991, 57.7578746155752, 6.57405824335906, 29.231568826031097, 18.15470851547908, 0.0, 64.973005967552, 54.380454217190724, 27.84470633091576, 14.736800290618573, 31.666121222677983, 57.549887872858164, 14.786223264611284, 66.45359355270635, 34.09847906481398, 29.08519381476419, 84.80908532486507, 26.89004378099361, 88.28500751730247, 70.07084197221651, 15.211320738904481, 83.91074322827856, 28.251933959382978, 7.8162295834384645, 61.11041259311046, 81.19721093919796, 40.724532826332315, 46.78007382164624, 18.26169876043758, 64.82847864616693, 80.30544776386908, 49.65170029492148, 12.21802596254326, 87.5880418117395, 54.78811421148394, 44.99242412701214, 32.046652538544876, 63.92485221630426, 70.33777093206115, 37.73316856459919, 34.44860194610994, 59.74730627242421, 60.926735433552246, 49.818294057629274, 72.06019536972065, 42.65102683514291, 50.693918188887054, 19.672944348793315, 28.878552178793257, 34.35610362487646, 90.21534991606794, 24.810327944728424, 67.71160322273504], [34.218136372953424, 30.073982830474453, 56.16797955365909, 68.02374228543967, 24.289479215800284, 44.338747617902555, 33.72916073243026, 19.342270025394896, 62.39141505250969, 81.59202368281947, 29.239235306176035, 55.611978917724464, 63.86377087605797, 12.535059729502276, 33.89749442075852, 53.423652289136385, 29.268077041172653, 96.50291217624432, 31.037343319614017, 46.60768571598399, 22.558219174019175, 24.375418983439815, 70.83945950732462, 68.62205590884103, 69.08145345494044, 64.973005967552, 0.0, 78.56640233974046, 46.442678169514785, 79.43693060072054, 63.840318796989756, 88.05673140601627, 76.92402672214044, 8.186715837253189, 88.8746981026972, 66.3777031367748, 61.892052405864014, 41.030154927487416, 59.63398363990594, 29.912516744108526, 63.249405239822906, 25.184473483948146, 45.54061049560903,