instance_id,num_cities,city_coordinates,distance_matrix,best_route,total_distance
2049,96,"[[25.175217575472963, 80.03994761837264], [9.67262536845107, 80.44009535661462], [85.06059118965592, 80.92818933759575], [38.08043176216491, 29.63510666859104], [22.126778853920015, 76.552346053439], [38.35705128848282, 0.5407104838409338], [84.2876091049265, 83.4680221347277], [25.125961820239517, 31.043257911830302], [30.344505886926942, 99.76360343956267], [52.084935920384034, 32.97581410606153], [92.10635124175987, 46.79793209054633], [65.96607388011141, 10.295427833767413], [82.39289274422833, 17.817207001936197], [32.64113739715404, 82.42135990458503], [35.0461004696041, 5.159522457436772], [52.96308332100955, 88.61105521577072], [47.63389177244799, 46.558378880956205], [64.52097814852002, 98.1550061025122], [88.43761290868322, 30.12813912172112], [39.624974967650715, 22.537955435605284], [67.31599944028132, 74.6886032548353], [62.06762703263187, 48.87747497336191], [15.84195351302008, 75.1773011589582], [1.7612079056541607, 19.32603789735191], [30.184928460194183, 42.190717370059915], [31.80972625461721, 96.13228828132456], [71.53343940608924, 50.8032371247302], [56.25926924237743, 79.24367957991085], [78.41455949444186, 31.695296961910024], [78.46381498984273, 14.122061011449038], [34.219407036539586, 23.879667581473697], [73.42954735708436, 88.59008483019518], [37.940035175765566, 96.47996163062379], [67.03609631822049, 82.54864411745444], [86.72828745883227, 81.1220865827223], [16.948493833060752, 21.83045996956572], [24.038046458705175, 18.0159304756765], [81.76383871423717, 28.158856146697666], [47.99499051435677, 49.30564967727072], [46.772332981065546, 34.34018983780558], [80.09001013031096, 35.14168971616807], [25.58218822972399, 80.49819650424116], [47.39171439507766, 87.85687942916707], [69.51163096583487, 50.296929850086144], [14.988768566195121, 78.64472851162591], [47.659160352353844, 67.38823740845842], [12.603824294390463, 3.8047420637786544], [75.65255403869799, 7.953759777486247], [65.09938135778552, 44.548861462863165], [2.220908548488043, 0.2991866836080881], [22.785410518461035, 67.37147913791698], [57.966428565673176, 62.0849729499137], [6.821376091589348, 74.78910272052585], [28.17627121877556, 85.37296248841952], [16.274656922289978, 17.528191583563657], [68.12330737979681, 65.43814037612444], [61.085215202518604, 45.81270110235612], [13.152975910660924, 72.6832211841955], [12.515552058515645, 90.47083231163131], [43.76148166082464, 37.1918506661329], [1.4315996511110596, 10.968722692509324], [13.236801252484664, 74.84520869170204], [11.302265371084685, 83.95542658203341], [41.78872074616026, 8.997035593867086], [56.83747034441904, 53.5724994248643], [64.14127974587424, 57.32053212988538], [65.21440729072738, 85.6245300047551], [9.226211744239187, 44.37069402646712], [99.49036701251976, 40.44454774794038], [26.594245304922815, 25.347324692850094], [2.0715850659868917, 31.448556887817457], [25.973032801041363, 92.34433937267687], [93.61972701906816, 28.066191607078363], [39.33773664101222, 71.31451275582758], [43.675949635227326, 93.0827736972057], [74.62089675272145, 64.5534222578461], [70.23560216635454, 30.385194688778526], [76.4678570315023, 74.89540395820325], [9.995660491167957, 14.106154337269139], [37.979198820514206, 93.7352261716758], [79.43578431143011, 43.379473269121924], [55.3507996286027, 24.046906403469947], [98.73423736295875, 22.966798484862405], [76.56770144714557, 64.34557756345663], [93.24536130528716, 52.580396311588316], [81.96448275377355, 57.40636819554324], [1.528628129947196, 43.46713448044586], [64.38924751817524, 26.975766057415708], [22.508301609132765, 96.66645620759617], [69.44353115441135, 66.86736760238479], [48.154833468145384, 91.75608198809554], [33.788253377701636, 99.37306849312336], [57.1243898705884, 66.54878588925499], [11.374648013319666, 90.06808429638899], [20.319545181508413, 26.924424508122], [68.54885464300673, 83.74935020020487]]","[[0.0, 15.507755587113053, 59.891960614610454, 52.03068848648051, 4.63209923412603, 80.584672519096, 59.21170937594264, 48.99671446463135, 20.389804820049118, 54.21407201702422, 74.73157465360013, 80.79722766314974, 84.53124748598907, 7.836522395852241, 75.52822254887353, 29.079707153582902, 40.31634273845054, 43.31563480956202, 80.58113483131022, 59.289751168982264, 42.47919941188303, 48.292334556383885, 10.524027206765016, 65.07222665954058, 38.17933254443148, 17.406324523751024, 54.807572212110344, 31.094248838328, 71.91406521022358, 84.76344960603015, 56.88386780828619, 49.005970952665564, 20.813808615718415, 41.935983680361154, 61.56258146637354, 58.78795315258538, 62.034440923299016, 76.77186785977592, 38.27974799962292, 50.546050835302495, 70.93298248342421, 0.6128761333428276, 23.55158495452303, 53.38880648867952, 10.281555318843965, 25.799097930542096, 77.26478172478613, 88.00215891586515, 53.41868633928313, 82.97884825280232, 12.891907206074766, 37.385085710063976, 19.09017730029689, 6.119425673551477, 63.14221743411033, 45.36244253322387, 49.60879290652604, 14.094527962101575, 16.403368144539595, 46.7055524009616, 73.038301629332, 13.019642730016068, 14.414915136070405, 72.95960414177199, 41.26771212801457, 45.10571849783675, 40.42677668927401, 39.072579116413515, 84.20532718747681, 54.711028524149874, 53.80428503625771, 12.330229745529431, 85.94138809034875, 16.634607293900256, 22.636086209181805, 51.814164637110736, 67.05246265408299, 51.54998731171141, 67.65858444950622, 18.74840234195793, 65.48434532023153, 63.60649665512916, 93.10356461549486, 53.73546919792152, 73.4000778294375, 61.13345693628711, 43.55148508635452, 65.9814179074787, 16.839038827648213, 46.186583023653334, 25.794002231995044, 21.164922595847, 34.68084565209131, 17.05928619470372, 53.33700731830648, 43.531965955838054], [15.507755587113053, 0.0, 75.38954586939374, 58.20782026234047, 13.046859150154141, 84.89233177036313, 74.67639612734474, 51.75763863468483, 28.297077743150457, 63.65266750879503, 89.03434343317535, 89.94012857020903, 95.96803339178653, 23.053805629911025, 79.44166346909702, 44.054833273571404, 50.88249658116363, 57.638180622066955, 93.46237854021673, 65.19049818757959, 57.92959723476231, 61.16727233453219, 8.109106764758826, 61.62400948822392, 43.40241346383712, 27.134777582110644, 68.59375831120545, 46.60200422886108, 84.27045079933092, 95.55265275717272, 61.65733111615957, 64.27571415304652, 32.50113486176685, 57.40221056093466, 77.0586800575996, 59.05952609119985, 64.05577010842087, 89.05319205391913, 49.37567597649822, 59.174230825458174, 83.7290489033899, 15.909668952563095, 38.44136265765627, 67.00236576149902, 5.6111247185395055, 40.166252451306896, 76.69139000866532, 98.01846679590986, 66.0326127751825, 80.48660339770895, 18.513072793621507, 51.66431985245711, 6.329560822990331, 19.14988480107052, 63.25736681990097, 60.34518109035808, 61.98637613448554, 8.50187842911219, 10.425829272811782, 55.06778361374169, 69.95845999383388, 6.633709861423188, 3.874697428521105, 78.32977958971689, 54.280662420045104, 59.172193752487416, 55.78322240353759, 36.07216374767569, 98.32024482556173, 57.632929829087736, 49.57768303601245, 20.184506634109212, 98.94514474952638, 31.036995418648722, 36.27758780314901, 66.8630266885367, 78.57077853432745, 67.02496979204318, 66.33472757800783, 31.273352938030726, 78.99612683679693, 72.57194612276741, 105.99599324676757, 68.80395850943901, 88.09406916953931, 75.87269094443984, 37.85927266828385, 76.50060945436229, 20.68935405037739, 61.29257799411426, 40.111493286488766, 30.659761676639167, 49.44328501509842, 9.777272222254172, 54.564493288858415, 58.96915754197164], [59.891960614610454, 75.38954586939374, 0.0, 69.55656481973377, 63.08575702610792, 92.9697122495458, 2.6548544104526237, 77.97862643700921, 57.8672862267455, 58.19642713074159, 34.84992388028406, 73.16821433478604, 63.167338921056896, 52.440715996698245, 90.78733481484436, 33.004188211192854, 50.813794387856554, 26.807441499173446, 50.91217317720946, 73.98523255760233, 18.80965100250803, 39.44521126808549, 69.45712718398727, 103.60314820294684, 67.17090214098111, 55.378869986849956, 33.02266768756098, 28.85054105271722, 49.67944674580871, 67.1310378153057, 76.41570414940779, 13.927879349517514, 49.6206047979302, 18.097190087523785, 1.6789303106121976, 90.17649041058993, 87.64532663268488, 52.87221484197724, 48.722107589774545, 60.3028391872235, 46.05551241328791, 59.47995723351502, 38.30079666730387, 34.35177174227142, 70.10901881439713, 39.776844104589806, 105.82064632344712, 73.57838359638781, 41.49584791963234, 115.60038533268893, 63.73368433621298, 33.00243100330388, 78.47969905429949, 57.05770646382294, 93.5471243184186, 22.952411631122647, 42.51959745486607, 72.37875817505119, 73.16997155574535, 60.153834194166706, 109.03272535811882, 72.08092295800061, 73.82042260033887, 83.94370524692489, 39.30494015828497, 31.54265477284204, 20.394279369767034, 84.18612456512437, 42.978409308137266, 80.66936293147967, 96.6199211589387, 60.180296093916134, 53.55043986941241, 46.722609146913726, 43.13261500933386, 19.41958333365095, 52.6723324679226, 10.499027561946486, 100.49839890442871, 48.79218892288559, 37.967677448169006, 64.17282963087494, 59.5524258889258, 18.630947088923183, 29.5057253984898, 23.72471195368767, 91.54736196974186, 57.776884884771846, 64.50179823723505, 21.0142635372695, 38.46138598971158, 54.489138291637296, 31.419716543432155, 74.25062896463591, 84.30782676588323, 16.75101168284077], [52.03068848648051, 58.20782026234047, 69.55656481973377, 0.0, 49.55548801708928, 29.09571115675886, 70.94424589471394, 13.030778234629153, 70.55388443242056, 14.397446402065446, 56.686528841341065, 33.93570706150553, 45.86127942848971, 53.065755943769666, 24.662955801572483, 60.824796131689304, 19.43362396831556, 73.4443946917916, 50.359594657057144, 7.26327538631736, 53.70787625766307, 30.751492238913592, 50.68176589105906, 37.75397886937849, 14.8318013901977, 66.79219198378846, 39.58779442495611, 52.83446449458642, 40.38670875385017, 43.26051579066138, 6.930554885246075, 68.74044968850727, 66.84500240180016, 60.31809807375464, 70.83447581906658, 22.52712388957183, 18.22618556947158, 43.7083442667844, 22.027908150956627, 9.883671100777901, 42.36894064676702, 52.376139596438534, 58.96163844105874, 37.61424225694506, 54.17719024048209, 38.94933788995678, 36.280370225296835, 43.37908684349144, 30.861686916213145, 46.33035297164865, 40.718195956955824, 38.058464111743426, 54.91822940403566, 56.61096154863666, 24.941315307003887, 46.737903226816606, 28.123559924038037, 49.74452953418372, 65.98900354435825, 9.454031298628468, 41.128709994926076, 51.58642555790836, 60.56209499981901, 20.968580897957278, 30.410939945096292, 38.02171196307304, 62.21790862364967, 32.39912880965263, 62.3540228365476, 12.260405931371958, 36.05448158116357, 63.86733888255408, 55.56145077392883, 41.69836576345821, 63.693926489436315, 50.54200575082968, 32.16391791682881, 59.34718973593477, 32.09209774777405, 64.10019944132954, 43.57949974155055, 18.151958253730818, 61.01926308873348, 51.82747068445211, 59.74659629048905, 51.93315798439839, 39.08144498551876, 26.4428795514018, 68.81637202383789, 48.681467292287245, 62.93257617784251, 69.86992281893534, 41.53663508327879, 66.07074746513781, 17.966549193042866, 62.10214284422572], [4.63209923412603, 13.046859150154141, 63.08575702610792, 49.55548801708928, 0.0, 77.72509559508765, 62.54434741170262, 45.60780856329506, 24.623027982640433, 52.88104869780607, 76.0425256146855, 79.44723406363306, 84.15355632912362, 12.041472466464487, 72.55235442092402, 33.110272421844385, 39.373225371850246, 47.58091061577202, 80.94648665802184, 56.7779997979015, 45.227637506530975, 48.59187012797302, 6.433488791274582, 60.74213385471645, 35.293842251184785, 21.843388198995253, 55.71386467962697, 34.238431276401215, 71.97547570273743, 84.09162937536873, 54.042970993220955, 52.69612140325596, 25.439515288079807, 45.307862293224986, 64.76293262766539, 54.96634836273608, 58.56760958541519, 76.80174981168675, 37.57055812633421, 48.88015415899482, 71.23607680300721, 5.244958506460246, 27.678682099077637, 54.17260460490454, 7.43836374607983, 27.127170737815135, 73.36825301027217, 87.01019852977424, 53.58047771245094, 78.80855274966994, 9.20446158067178, 38.64951973799643, 15.406634310199678, 10.69577637039472, 59.31355782606849, 47.320251523733994, 49.62545248606246, 9.772372614582602, 16.91448906210848, 44.914462733926044, 68.77137555251207, 9.052404085427277, 13.113950337443619, 70.35845315427974, 41.62818101744799, 46.206936189172005, 44.03235453566943, 34.67107380708711, 85.37504243772885, 51.39953763439124, 49.361549762627895, 16.253637205887188, 86.38373000942306, 17.990329780263526, 27.15919364502111, 53.847995192260505, 66.67731807469849, 54.366333650606556, 63.61360619068645, 23.37842141708828, 66.21753238601848, 62.13418342002322, 93.48857474279023, 55.79264512253925, 75.05003094148411, 62.82610346139239, 38.97326055229689, 65.14563332794648, 20.117728174580595, 48.29776243122901, 30.143211729539793, 25.627628855161785, 36.39923066264557, 17.270885844835234, 49.66081644974071, 46.97665366175284], [80.584672519096, 84.89233177036313, 92.9697122495458, 29.09571115675886, 77.72509559508765, 0.0, 94.79744278709725, 33.248565805360684, 99.54588575282561, 35.22060140671901, 70.91345285796766, 29.28160922903682, 47.30362210925621, 82.07991484630016, 5.682941084725933, 89.27329832002484, 46.943429509056934, 101.0598920337179, 58.167676467229995, 22.03375628267039, 79.60232836065433, 53.83896547515048, 77.95864477685363, 41.135681335469954, 42.4441593760876, 95.81553741910258, 60.22453248350011, 80.71336167082673, 50.746548870735644, 42.34389657023172, 23.70289050645051, 94.77748837812962, 95.94015745788487, 86.87801104233958, 93.98475760801371, 30.19237926177774, 22.592414945690184, 51.448140534711236, 49.708240434162875, 34.83133317236939, 54.21132370206113, 80.97157956266221, 87.78233590386166, 58.70510370056757, 81.5249303555258, 67.49163717805052, 25.95924888674705, 38.02509467734856, 51.49630637364147, 36.13694986950831, 68.62089794782081, 64.59275439004008, 80.6679772887394, 85.44096946428029, 27.86048554956468, 71.39822412579699, 50.656910382160156, 76.41850080838869, 93.56927858230827, 37.04745530143072, 38.3696809635944, 78.4358681713481, 87.69250995825296, 9.126104844522386, 56.15956309274724, 62.36003995588498, 89.22204837201842, 52.62768539371032, 73.00409933568466, 27.454174784930075, 47.66476715893719, 92.63514554992831, 61.738281802861394, 70.78059643571059, 92.69479027113336, 73.57101165891386, 43.6684696724287, 83.55270166815998, 31.43866655725922, 93.19528167658301, 59.351679872975424, 29.005667192107662, 64.4075618332308, 74.37146528471212, 75.63633701833713, 71.66108501819181, 56.55979693634395, 37.101043162143014, 97.42351798896786, 73.25021962407801, 91.7400704943009, 98.93790428356833, 68.62418681618178, 93.50508407715192, 31.960162582098746, 88.5167933967668], [59.21170937594264, 74.67639612734474, 2.6548544104526237, 70.94424589471394, 62.54434741170262, 94.79744278709725, 0.0, 79.04717840166147, 56.35072630277485, 59.88718754325129, 37.49437601095214, 75.43147360172057, 65.67815068717651, 51.65707639506662, 92.50376908208014, 31.74392390458339, 52.01746590723077, 24.625742576351403, 53.50108084340375, 75.54617075695934, 19.10794940535716, 41.11245013637312, 68.9459485662786, 104.52177302749425, 68.05083351128889, 53.984366491444774, 35.06646581074426, 28.344892052554975, 52.10477697435546, 69.59007761172681, 77.83056505464374, 12.005541686081987, 48.13946591481774, 17.27599344085678, 3.385310095306935, 91.2893505030123, 88.96058734971228, 55.366716168438046, 49.84196882229456, 61.81375129244331, 48.508290447930875, 58.78049254991113, 37.15601048001797, 36.31323303319495, 69.46649164444088, 40.002534105516425, 107.1671740619566, 76.00636812369798, 43.39227064211504, 116.84176706347584, 63.573729852960575, 33.91222990928409, 77.95088774013325, 56.1436642652127, 94.73026400107746, 24.214898027665644, 44.229789563748334, 71.94753624152331, 72.11288042400608, 61.513015300880625, 110.0966244815126, 71.57213290211375, 72.98697118693374, 85.74429046939464, 40.58635726530619, 33.00857191998376, 19.194727235328426, 84.63341207197061, 45.63050729837916, 81.89346553718346, 97.2907979890493, 58.98625956280289, 56.182303713694594, 46.56392192186106, 41.73428246047822, 21.24164344401825, 54.9112508385858, 11.60337471989505, 101.63839005602883, 47.432945742445575, 40.38108411096523, 66.09241966683162, 62.20211516626099, 20.62195094131492, 32.1603288769461, 26.164990389626183, 91.91909456226963, 59.89423837517004, 63.17342397429232, 22.269449501574297, 37.0711398712121, 52.94483382283406, 32.001578622043525, 73.21106962532349, 85.37617720810643, 15.741268611297647], [48.99671446463135, 51.75763863468483, 77.97862643700921, 13.030778234629153, 45.60780856329506, 33.248565805360684, 79.04717840166147, 0.0, 68.91820580678872, 27.028153062614624, 68.80830128360981, 45.80815654456163, 58.7743974883964, 51.92482285313798, 27.719612405220346, 63.94494991691058, 27.337261922513996, 77.82001064453142, 63.31826439460296, 16.80956728951945, 60.70350438393743, 41.02128626533186, 45.09996212401819, 26.138189882943784, 12.241690889621704, 65.43129665118366, 50.43917876388731, 57.380863360724334, 53.29258669839391, 55.95760435618759, 11.576172611145243, 75.1323742742603, 66.67955210963827, 66.40229048631795, 79.38977015416896, 12.31854815334697, 13.072674552769527, 56.71127641485715, 29.266148130677948, 21.896007502664858, 55.11663768669742, 49.45704291317709, 61.02090893815908, 48.381727011426904, 48.66890886729483, 42.76333208132871, 29.979003883065193, 55.55233069193646, 42.193312228389175, 38.33848433451398, 36.40354155638914, 45.18942717675792, 47.421058578694534, 54.41526611904288, 16.155575392226435, 55.061598822596764, 38.87421196589224, 43.32711544650636, 60.750794508405114, 19.623653905098923, 31.05494747819716, 45.38681560903082, 54.68813561369961, 27.634823204001336, 38.89969789126549, 47.03924078011056, 67.72147904115924, 20.746628783226402, 74.95631401145725, 5.882134954799657, 23.05793908368569, 61.3069336822179, 68.55843343378814, 42.705368635178914, 64.75340583181736, 59.77189722994919, 45.11444003156175, 67.52037408632087, 22.711043476773963, 63.99600445089292, 55.69325837447572, 31.024019000935336, 74.0500332562271, 61.28047870261371, 71.44299067545982, 62.65485652160571, 26.668087038316035, 39.47340995890085, 65.67538579670635, 56.98608415051877, 64.9336271641378, 68.87668915606984, 47.79688185069232, 60.605517580032924, 6.329804855805155, 68.28967554036397], [20.389804820049118, 28.297077743150457, 57.8672862267455, 70.55388443242056, 24.623027982640433, 99.54588575282561, 56.35072630277485, 68.91820580678872, 0.0, 70.23713477994224, 81.36269343554396, 96.29875675481217, 97.07855820705181, 17.493653909925214, 94.72083788740731, 25.218631545458525, 55.94388960941307, 34.214307557514694, 90.68575948958366, 77.78128191274169, 44.672664682440896, 59.96461027559304, 28.54488194389965, 85.36513851592865, 57.57310722313906, 3.9157784033757923, 63.98160449792232, 33.055139312592644, 83.3308130319452, 98.23411677217007, 75.9828045036101, 44.510316968081305, 8.274924090710245, 40.529342862173735, 59.38549465207977, 79.07608987590659, 81.99056936947257, 88.15433978699382, 53.45600719714043, 67.45440349111011, 81.55125336683915, 19.845290974224618, 20.79368641150716, 63.09528891252209, 26.11140645168605, 36.714596346754334, 97.58501350056112, 102.38098759329351, 65.24238729957993, 103.36395371625869, 33.26243586334032, 46.7188378285049, 34.30835643882508, 14.553068011965447, 83.43035186916977, 51.04385620970588, 62.0942112617956, 32.076405752852956, 20.10540200671791, 63.99405819337115, 93.38354776878263, 30.225816029836583, 24.748846022029152, 91.48518946928819, 53.24936859571786, 54.25528753468343, 37.627429111030764, 59.28201043102781, 91.10378959706097, 74.5107173293974, 73.93445500654117, 8.61134462408774, 95.62568939776713, 29.836704914041835, 14.911769796387649, 56.56991821586735, 80.02913946285719, 52.40029452446319, 88.04132038794346, 9.727788478073649, 74.76044243066849, 79.73915560595324, 102.83435526425015, 58.232468303848606, 78.63060884441114, 66.77392746612244, 63.24276423568156, 80.35616780004085, 8.426055925508537, 51.09692856838472, 19.52762577340155, 3.4658208731276576, 42.66598517646809, 21.3039573600894, 73.52581740145169, 41.424975204464005], [54.21407201702422, 63.65266750879503, 58.19642713074159, 14.397446402065446, 52.88104869780607, 35.22060140671901, 59.88718754325129, 27.028153062614624, 70.23713477994224, 0.0, 42.341051355665165, 26.59108708792199, 33.88739612559881, 53.13118952485297, 32.62005509805442, 55.64217102335872, 14.293280234819628, 66.3549712953759, 36.46404224756294, 16.254215470703517, 44.4065544094248, 18.775434487147944, 55.62840356559137, 52.14205588436616, 23.75972998418162, 66.3311718367878, 26.382973663331537, 46.45579010402602, 26.360743572745584, 32.423899622249884, 20.047867814215344, 59.56961931690472, 65.06039478743175, 51.77839967187371, 59.314630229087385, 36.861748213883274, 31.787200674332656, 30.06726384341053, 16.834226540207087, 5.4850042049416485, 28.088702331399514, 54.41298065676608, 55.08137307007312, 24.570526059183962, 58.83685388727679, 34.69585518360834, 49.088793215154745, 34.37347562573289, 17.41583231332553, 59.61697078392216, 45.183226553241354, 29.697391877624664, 61.62094573382794, 57.594143855228715, 39.00006568608468, 36.208175678071974, 15.677713318977931, 55.609133126378836, 69.79551029734428, 9.330319131028467, 55.22746189797688, 57.11588019231874, 65.2851216230234, 26.095859170580948, 21.137881388006303, 27.16653680721799, 54.26113069450373, 44.34764397808891, 47.99017481989997, 26.607689842987902, 50.036664340218614, 64.85717598575104, 41.82395563183679, 40.40231309746498, 60.6923194616534, 38.79452109801456, 18.33461191674961, 48.49514259472592, 46.125602065950254, 62.37529938757615, 29.262690096625057, 9.507431752164148, 47.71098111321555, 39.79281175302022, 45.590791409224686, 38.59584552886242, 51.633400629818645, 13.689289991873125, 70.22303887249015, 38.0783170176012, 58.91150649549519, 68.8720842011326, 33.949087328989194, 70.12028848315889, 32.336656674113605, 53.376142490895724], [74.73157465360013, 89.03434343317535, 34.84992388028406, 56.686528841341065, 76.0425256146855, 70.91345285796766, 37.49437601095214, 68.80830128360981, 81.36269343554396, 42.341051355665165, 0.0, 44.89707025586496, 30.565236832795268, 69.31911905677053, 70.63730866161264, 57.27593464100621, 44.473104647526156, 58.296671086467555, 17.068732776046396, 57.817309890057246, 37.3155608350668, 30.110620231299148, 81.37350274904321, 94.42960285304369, 62.092584313862055, 77.9073917263227, 20.959178653161366, 48.350179089782614, 20.38516002097224, 35.40948102080374, 62.25869543707212, 45.77561615053116, 73.5002983353287, 43.66498703036751, 34.74292952034991, 79.1964531679184, 73.90329987894448, 21.31625477006977, 44.18258472201289, 47.01455682761126, 16.740980855282903, 74.57326656386233, 60.70614388088162, 22.86404097417079, 83.43464508229331, 48.984828784473024, 90.382886542171, 42.18527189773927, 27.10045647221103, 101.20042555535383, 72.3094991053975, 37.406255340051686, 89.76097492564256, 74.66651258725037, 81.28446083174585, 30.375051568920476, 31.036777559295736, 83.08840874415141, 90.78555792827599, 49.289991023838674, 97.49688621753134, 83.70815754902574, 88.9380665985063, 62.93466226686493, 35.913628643149124, 29.87926263075936, 47.2300895093066, 82.91567407763264, 9.741107817271153, 68.93449486294551, 91.33379680841185, 80.30000637790256, 18.79277541459314, 58.18581798341826, 66.99097224494936, 24.919842490860816, 27.34424279695327, 32.15634348799675, 88.3793973062105, 71.6439683776045, 13.123609528241092, 43.227071890211, 24.73563832545137, 23.43863261972883, 5.89357585786822, 14.676389645325301, 90.63894382019053, 34.0757407119632, 85.61984705825166, 30.271862448078252, 62.87265826108241, 78.51844054890196, 40.172550916665685, 91.59647361160653, 74.48692387232025, 43.82194594395674], [80.79722766314974, 89.94012857020903, 73.16821433478604, 33.93570706150553, 79.44723406363306, 29.28160922903682, 75.43147360172057, 45.80815654456163, 96.29875675481217, 26.59108708792199, 44.89707025586496, 0.0, 18.067029081982614, 79.45251077642128, 31.343616251815952, 79.38775255489273, 40.633367070418196, 87.87146177932375, 29.971761765768, 29.047082022086144, 64.40732365054787, 38.77850241183271, 81.9883219047735, 64.8368470309787, 47.933285534847215, 92.38302167934866, 40.88860687835742, 69.62818017961337, 24.757204866297474, 13.070449660298687, 34.530890883380145, 78.64958201115726, 90.62688735269998, 72.26113901230256, 73.80708029877167, 50.356530063566915, 42.63291738192354, 23.846833015005128, 42.95063731329543, 30.766057100813935, 28.580103301572173, 80.9894249221688, 79.75453343769738, 40.15832589401201, 85.26612785989843, 59.95608382845499, 53.75554559869623, 9.965505865158027, 34.26439655547904, 64.52418879992321, 71.56986321648301, 52.403733726655055, 87.50731041972723, 84.05180185458961, 50.215035504681566, 55.18489288656075, 35.85107365011875, 81.74019865565838, 96.35898383747083, 34.87780779811429, 64.53798641095273, 83.34896760395998, 91.7274624979133, 24.212191701132944, 44.22936047483368, 47.06049625421643, 75.33285230594085, 66.18561566761414, 45.08711192377288, 42.15092507182376, 67.30498175912076, 91.27687121868264, 32.87133366653312, 66.57625003591586, 85.73560680350329, 54.943934313803986, 20.5384421043986, 65.44802796598626, 56.09998940653832, 88.00832416466254, 35.720962493641984, 17.372023782154223, 35.13283609696265, 55.08006166365395, 50.32075199751748, 49.75328922050954, 72.47445437296267, 16.75470276164275, 96.68780953723675, 56.67871803665511, 83.38512133626662, 94.71134144189199, 56.94396955466965, 96.66385310586816, 48.58116005848443, 73.49931610215026], [84.53124748598907, 95.96803339178653, 63.167338921056896, 45.86127942848971, 84.15355632912362, 47.30362210925621, 65.67815068717651, 58.7743974883964, 97.07855820705181, 33.88739612559881, 30.565236832795268, 18.067029081982614, 0.0, 81.54099418319576, 49.00954719974953, 76.66735046687357, 45.1025842888808, 82.30168464643238, 13.714871181477413, 43.02766850200105, 58.83594499498473, 37.11949181634594, 87.85902295301491, 80.64580070021076, 57.617180964951935, 93.23040645579597, 34.727595800243556, 66.75460890986604, 14.437053590794866, 5.393677399606055, 48.553456658690514, 71.33822114843422, 90.35422243467733, 66.52811546639617, 63.45315930723423, 65.56733598542966, 58.35518465420233, 10.360763292634077, 46.634083028763754, 39.26618442929598, 17.476869560913986, 84.59528705798208, 78.29839206230776, 34.94079709016573, 90.79263917972364, 60.528664461019645, 71.18190253666482, 11.946537448766481, 31.837821632320008, 82.06356125440443, 77.51566179954865, 50.559739460277626, 94.64064153919259, 86.6211414666403, 66.11886748967733, 49.712919466690686, 35.181881873318375, 88.34277330584098, 100.80373014898173, 43.217620705095776, 81.25043210128858, 89.63681145122442, 97.09861682605121, 41.551103563159614, 43.94906768387442, 43.51590597937896, 69.94950618328022, 77.83605129832901, 28.36053905677162, 56.304455671775486, 81.46978683447037, 93.47456368132849, 15.20143063238324, 68.67101419083343, 84.63986775548318, 47.378030120919384, 17.485823649215938, 57.38489884957097, 72.49228338094682, 87.9552263518565, 25.73274075954265, 27.75038656861625, 17.133529595186616, 46.89159968222208, 36.41778967547978, 39.59147912282797, 84.83482817370049, 20.199268437205593, 99.01196066998085, 50.730702937310326, 81.48129808251382, 94.94087376635956, 54.89320557524514, 101.31031711764261, 62.737882402478355, 67.3699109221994], [7.836522395852241, 23.053805629911025, 52.440715996698245, 53.065755943769666, 12.041472466464487, 82.07991484630016, 51.65707639506662, 51.92482285313798, 17.493653909925214, 53.13118952485297, 69.31911905677053, 79.45251077642128, 81.54099418319576, 0.0, 77.29925855459034, 21.243677039943478, 38.870761397984694, 35.55097564081755, 76.4710900886997, 60.289270338979094, 35.52663202604713, 44.62186132991341, 18.294506450927795, 70.2466348275591, 40.3055524845243, 13.736113039721817, 50.12301710468156, 23.83094215729157, 68.32524886277915, 82.24665349457948, 58.562963339541135, 41.25224302104295, 15.024067364051392, 34.39519443836151, 54.102753284462366, 62.59006484231504, 64.97747697177337, 73.19466578079376, 36.501932406436865, 50.114764327704144, 66.98330192497833, 7.316236793105017, 15.720190656407, 48.902068487176756, 18.051843950757338, 21.249371413443182, 81.12993601073268, 85.99654312937217, 49.87848974483986, 87.5753484591489, 17.989837781323008, 32.4798246168356, 26.924179162974657, 5.352288090501712, 66.92521929642457, 39.33718510810149, 46.360106357682625, 21.78577021500923, 21.675635890432744, 46.57650225697265, 77.97124220430368, 20.83089840635278, 21.39394353352889, 73.991956871085, 37.652613177219116, 40.2779160702831, 32.730386649873154, 44.67786831418545, 78.93587434748613, 57.39347000596364, 59.436724145213084, 11.955297588469774, 81.68765336896443, 12.96944466886318, 15.34382042344781, 45.62415359542684, 64.19584310256677, 44.46820624687538, 71.97072276977757, 12.509934838726398, 60.94266068927513, 62.636296028902706, 88.89962169042917, 47.50028354106802, 67.55260959922785, 55.304088523108206, 49.85398591182738, 63.891755127886015, 17.481336613344713, 39.95425963274899, 18.105573787082008, 16.990476719137448, 29.178215462054226, 22.599468237924313, 56.84831987955185, 35.93226566796711], [75.52822254887353, 79.44166346909702, 90.78733481484436, 24.662955801572483, 72.55235442092402, 5.682941084725933, 92.50376908208014, 27.719612405220346, 94.72083788740731, 32.62005509805442, 70.63730866161264, 31.343616251815952, 49.00954719974953, 77.29925855459034, 0.0, 85.35324595006823, 43.2702877626106, 97.55474561787626, 58.941372724600825, 17.97153372546585, 76.65271982199255, 51.39476889704925, 72.60364036758283, 36.17422055418809, 37.348900786525924, 91.03031494896278, 58.435217046702604, 77.06140970634777, 50.842605821705135, 44.33311438973239, 18.738389885400387, 91.83652722527539, 91.36628190348601, 83.7402889038694, 91.87687195631804, 24.605761998043587, 16.92526160029223, 52.0722230833678, 46.00602462613846, 31.448622826390597, 54.10992654820795, 75.9307674267473, 83.61379690760752, 56.79135795626489, 76.1733028817193, 63.49411188497195, 22.483131228536696, 40.70247945346493, 49.5451281099195, 33.183069304879886, 63.40861197102493, 61.366508404853015, 75.13263947066457, 80.50708363578701, 22.480014875475625, 68.75764244916222, 48.277494031998096, 70.98421509529763, 88.23630319059606, 33.19680586709978, 34.11277579804429, 73.01876743880517, 82.29559047724432, 7.758185049745945, 53.09124353289966, 59.726881612617085, 85.93453424580497, 46.948723407630155, 73.47173946495236, 21.88563946566124, 42.17145951215264, 87.65564931858218, 62.89344336802703, 66.2940486198265, 88.34575487929759, 71.37086124148497, 43.297061900187735, 81.11014169240553, 26.60012716335139, 88.6242537593901, 58.576519797824304, 27.731103120184567, 66.13076334402628, 72.29821897357495, 75.0725864674398, 70.22155997800789, 50.90082603401497, 36.56458345896601, 92.36187159548953, 70.6473027804247, 87.58312053914254, 94.22194243341114, 65.23873487104719, 88.14647772287505, 26.27893437583155, 85.43298872122766], [29.079707153582902, 44.054833273571404, 33.004188211192854, 60.824796131689304, 33.110272421844385, 89.27329832002484, 31.74392390458339, 63.94494991691058, 25.218631545458525, 55.64217102335872, 57.27593464100621, 79.38775255489273, 76.66735046687357, 21.243677039943478, 85.35324595006823, 0.0, 42.389006469625215, 14.989060389908593, 68.40097751005011, 67.40593185325486, 19.996021347543262, 40.76334278585088, 39.477132954161334, 86.15129523613193, 51.70775671573093, 22.450689566351212, 42.12231277994915, 9.930386091765262, 62.34726278689951, 78.73307801183249, 67.39048854043591, 20.46647477942928, 16.959117422201974, 15.323267378227671, 34.58574361865917, 75.87291056380353, 76.29108332272605, 66.96231689172177, 39.61813790022774, 54.62281774720828, 59.95701130849747, 28.557519018171494, 5.622182212089773, 41.73519655746751, 39.26036486167018, 21.87554786833476, 93.92007527473281, 83.78789524070615, 45.703026687039205, 101.85162946309252, 36.90273062721258, 26.99382344189708, 48.16745287874722, 24.99742584152172, 79.99258799269597, 27.69144950482244, 43.56223296753574, 42.87820599046677, 40.49026495439008, 52.2360418641211, 93.18704635770847, 42.04373933788734, 41.92014587560564, 80.39439345695102, 35.2521101030793, 33.22723145706216, 12.610086115765212, 62.21031661616057, 66.96865363256774, 68.53915098682897, 76.53427865822107, 27.247022546814936, 72.92902841932045, 22.01863876852359, 10.30762427889172, 32.37021140155037, 60.73376936574533, 27.213847148109796, 86.00685832858761, 15.835842974389642, 52.4089677738898, 64.60828508033985, 80.02603941271393, 33.852494776244534, 54.04507656273747, 42.60062982033338, 68.43593179141126, 62.68545363874003, 31.502114441052477, 27.283568531590415, 5.745473004567002, 21.988520485396286, 22.45128504195884, 41.61395060654148, 69.79141057699647, 16.32643388373493], [40.31634273845054, 50.88249658116363, 50.813794387856554, 19.43362396831556, 39.373225371850246, 46.943429509056934, 52.01746590723077, 27.337261922513996, 55.94388960941307, 14.293280234819628, 44.473104647526156, 40.633367070418196, 45.1025842888808, 38.870761397984694, 43.2702877626106, 42.389006469625215, 0.0, 54.28982986631227, 43.98745772501066, 25.320416483149096, 34.332126144079176, 14.618854956763435, 42.77581151358317, 53.34701041848644, 17.987295175933045, 52.03822352436366, 24.273590558514893, 33.80423077485792, 34.18129180625087, 44.750406506781204, 26.349048311754924, 49.31612466571631, 50.85405863791947, 40.88697510246373, 52.18258008355573, 39.40892818114765, 37.032894526868034, 38.773647173019995, 2.7709004185807014, 12.248527546002185, 34.405528775837766, 40.4745456977349, 41.29921061488564, 22.194869577509095, 45.773768708431774, 20.82987385408004, 55.27186525360243, 47.700755248886566, 17.580713486919496, 64.82477850367759, 32.413456510160124, 18.650373721873198, 49.62494538743975, 43.418554769032276, 42.73351594368356, 27.861470636797094, 13.471976000938566, 43.26015423038574, 56.22811886026748, 10.135453165580895, 58.320454601084926, 44.534307864618825, 52.139488429834856, 38.013425705362415, 11.571678596250338, 19.70578088426476, 42.83968591756896, 38.46993436661714, 52.21563899299912, 29.876002799056273, 48.002401117839604, 50.65122890442612, 49.56468534653947, 26.109238870472687, 46.69244712991438, 32.43639967600371, 27.792250712098316, 40.42752209558334, 49.69691471124753, 48.154626115130384, 31.960378751665605, 23.797417085999136, 56.283283353541044, 33.96394822841373, 46.00729123606337, 36.003726880650376, 46.20877760218498, 25.772478948726835, 56.0545688987741, 29.801264953998185, 45.200705153918, 54.59938773821215, 22.128848286981587, 56.63768377433551, 33.638752860421384, 42.66853664640994], [43.31563480956202, 57.638180622066955, 26.807441499173446, 73.4443946917916, 47.58091061577202, 101.0598920337179, 24.625742576351403, 77.82001064453142, 34.214307557514694, 66.3549712953759, 58.296671086467555, 87.87146177932375, 82.30168464643238, 35.55097564081755, 97.55474561787626, 14.989060389908593, 54.28982986631227, 0.0, 72.10866833795568, 79.60998257720838, 23.632270450188607, 49.33856509751987, 53.82956774800106, 100.7610787418807, 65.65794637002034, 32.77373014855816, 47.86820069956826, 20.637201963790567, 67.89642510227756, 85.1817971157065, 80.2185210800428, 13.07097258391293, 26.633668603923642, 15.807730824385056, 27.98722805444514, 89.93651987010001, 89.78384710250451, 72.08867628917622, 51.56905942951449, 66.23703782762685, 64.90818745624881, 42.755026435844094, 19.98657273559568, 48.11758595488764, 53.236178654941014, 35.08439760441262, 107.69105435685962, 90.88551490962023, 53.60926499588911, 116.00456916136537, 51.86022693532288, 36.660733924234975, 62.25118085935783, 38.52685246372434, 93.95951644904048, 32.91458762993998, 52.45494599892827, 57.33658065174171, 52.57005677808773, 64.40079980235323, 107.61838920016724, 56.3330582805235, 55.08048155422717, 92.01032133313943, 45.23976341492295, 40.83623924283564, 12.549648409884817, 77.13795056389166, 67.47855334116461, 82.09382154852125, 91.37656736390016, 38.983431587758105, 75.88925551885829, 36.80499607280084, 21.4532691050438, 35.086675429308215, 68.01032470675491, 26.14836528267475, 100.18592590125097, 26.907257469567213, 56.76980218442722, 74.67330590706655, 82.60637790648606, 35.89151710879819, 53.87146967859466, 44.32524499860965, 83.4194189827165, 71.17936194120063, 42.03903865210091, 31.672509389223723, 17.57261851634576, 30.756853672414138, 32.46017058368832, 53.758075775999046, 83.83055785697898, 14.9581653631226], [80.58113483131022, 93.46237854021673, 50.91217317720946, 50.359594657057144, 80.94648665802184, 58.167676467229995, 53.50108084340375, 63.31826439460296, 90.68575948958366, 36.46404224756294, 17.068732776046396, 29.971761765768, 13.714871181477413, 76.4710900886997, 58.941372724600825, 68.40097751005011, 43.98745772501066, 72.10866833795568, 0.0, 49.39923593691814, 49.312853489401036, 32.356046575265815, 85.43744356749198, 87.34692081069967, 59.488495017545475, 86.96703543980861, 26.706006051819703, 58.71781770133282, 10.144830380090195, 18.859246575566004, 54.57707618206963, 60.35761035380425, 83.38207065757592, 56.620970111607534, 51.02258785233122, 71.96906019617488, 65.52869415172604, 6.958256781275846, 44.75916238311762, 41.87764227701469, 9.737461769299413, 80.54779383875562, 70.83341896501778, 27.658143682206962, 88.02608807209184, 55.23764221277126, 80.2725652278992, 25.596109657739362, 27.434108054821653, 91.23095151476011, 75.48031567401313, 44.155773162616164, 93.0366152746203, 81.75218535969242, 73.25469878894083, 40.73655849119939, 31.530289323134674, 86.47954427069973, 96.98144124082805, 45.23110350255167, 89.09056953956897, 87.49159036546062, 94.05976140242544, 51.211743538914796, 39.34726216784869, 36.46557339009866, 60.15951030565619, 80.4816528449136, 15.11924800454727, 62.0278832717766, 86.37612093861601, 88.16280021466555, 5.577269422055221, 64.08677884422669, 77.24566339632956, 37.09449776364125, 18.203825769008116, 46.33986465991281, 80.06150070729963, 81.19059720973634, 16.0196995845863, 33.64102561463371, 12.542139963718665, 36.217784189796895, 22.961234669873285, 28.035748525878798, 87.9266764551615, 24.25409932139185, 93.66974820641659, 41.358748180310926, 73.62544167199358, 88.2123162647766, 48.03104670938316, 97.62938894618887, 68.19336432681234, 57.19088199069694], [59.289751168982264, 65.19049818757959, 73.98523255760233, 7.26327538631736, 56.7779997979015, 22.03375628267039, 75.54617075695934, 16.80956728951945, 77.78128191274169, 16.254215470703517, 57.817309890057246, 29.047082022086144, 43.02766850200105, 60.289270338979094, 17.97153372546585, 67.40593185325486, 25.320416483149096, 79.60998257720838, 49.39923593691814, 0.0, 59.046447008344096, 34.60408821497347, 57.762728707135146, 37.999753557065006, 21.802420271962724, 74.00813427896347, 42.62717738467651, 59.09516813368319, 39.855849904254455, 39.740190905781624, 5.569592098190664, 74.1999522371282, 73.96120133047079, 65.97463398735518, 75.17195268119957, 22.687515211716796, 16.2296349337007, 42.5120966626834, 28.04579496586592, 13.797733997160744, 42.38246321924156, 59.63714785350886, 65.77905497200648, 40.78937198949746, 61.2773420675146, 45.564195678627016, 32.87971817004241, 38.86753422478536, 33.666383308435705, 43.515824940979115, 47.89170886911593, 43.593296667784, 61.69488221734438, 63.869483549318936, 23.881689359689826, 51.50321172707507, 31.658422209424455, 56.70374247851727, 73.14230356722196, 15.226533848842708, 39.90715555303315, 58.58655524281339, 67.63343582070739, 13.712706004082385, 35.48820815026484, 42.55