instance_id,num_cities,city_coordinates,distance_matrix,best_route,total_distance
1939,39,"[[75.71775603755266, 56.35523493711461], [67.65316882397175, 70.44981180761627], [62.602799141404084, 36.054263456686705], [30.643342951614216, 78.65916033789759], [94.51510181265832, 37.388027311622295], [7.4738617854752, 41.54688478690771], [51.187039433099145, 37.09196541061227], [25.231506701973196, 61.92822438597593], [10.100884431645396, 65.51768218904573], [43.515839365243146, 51.79077922647718], [38.483719466028674, 45.34432912633787], [3.2952292609026435, 77.32630212667772], [68.17519754736688, 92.04172395636242], [45.112084932708264, 17.54133003547652], [20.982198618577353, 97.06693647890393], [67.72914967887378, 74.60776474848933], [19.668092701683214, 25.677364071891706], [55.28226495748218, 5.748557611226501], [21.925847494686025, 48.11045148565071], [91.95763083510549, 50.602910886273236], [5.994762145998567, 26.042691921165073], [6.230126924121215, 55.27887696793893], [0.045519731707444056, 12.164447176530723], [16.346646493013417, 38.30661065884991], [94.01156336176297, 41.41120041837142], [81.84602554650273, 21.476397464420028], [20.207618071521438, 44.21065843622164], [11.982217340825297, 70.88617436769783], [96.71521728967795, 60.052803218617115], [40.326376607918704, 16.44743846840716], [77.3341533973198, 53.67691963583741], [11.09258448884628, 20.71064037910587], [60.95118207476331, 46.94028408317307], [35.78936312284841, 34.40316345957888], [96.19695248820244, 59.93928294922717], [40.71146066608766, 60.3365886416687], [23.1236835988354, 16.415837060298333], [21.10701979675258, 36.68778315053041], [1.7396122079687881, 1.3446729689803205]]","[[0.0, 16.23867802759612, 24.168813322895733, 50.29083219957203, 26.70384192016977, 69.83205808838706, 31.190216574731974, 50.79290879021812, 66.2534850327931, 32.52380195033687, 38.82799925547778, 75.39766603671336, 36.474863770804795, 49.42900279685311, 68.21600903302445, 19.924173158980715, 63.895982040247254, 54.57696478964544, 54.42008708965525, 17.228545075718948, 76.02727235206773, 69.49596496404386, 87.63054872833246, 62.05385956479778, 23.621760182355562, 35.413118905583154, 56.82311286258315, 65.37099581387228, 21.320539163700253, 53.34024706467056, 3.128276406860134, 73.80345465426774, 17.512652745391343, 45.565008536220446, 20.790451832931254, 35.23197259528649, 66.04007842554152, 58.044303532214506, 92.18962898569741], [16.23867802759612, 0.0, 34.76434927180045, 37.90937370089168, 42.59865065877363, 66.76022907388834, 37.200528670478214, 43.26909831944348, 57.76323520501248, 30.50852618962801, 38.485608173778104, 64.72426518634106, 21.59822178391594, 57.51006787012012, 53.72756076428262, 4.158647105589337, 65.62880165529471, 65.87329927261706, 50.89238583075428, 31.37843765760574, 75.98520520914568, 63.26884968245061, 89.26353088446224, 60.54374132631036, 39.21741850282145, 50.98855258169888, 54.21783337473851, 55.67266161521907, 30.86584598909899, 60.522804785358886, 19.366243159568235, 75.31988366112621, 24.44615553032683, 48.11094439819289, 30.417409533907268, 28.777298713896982, 70.01817964935557, 57.50146579267335, 95.49930449840029], [24.168813322895733, 34.76434927180045, 0.0, 53.25959141981575, 31.940162613901524, 55.40188284770771, 11.462826661122438, 45.45410160550806, 60.20418666163592, 24.73762240130708, 25.84637933122429, 72.25488925399993, 56.264085855877234, 25.468682482382846, 73.85675769485633, 38.892826223997176, 44.17090737020429, 31.17733195014496, 42.426006942194945, 32.7623150249788, 57.48653248443558, 59.56059047368686, 66.96369560472645, 46.31095686498295, 31.862316982001797, 24.141581128135975, 43.17265519991003, 61.446768178169506, 41.7083562685901, 29.676027143325612, 22.96890961760798, 53.74689742393929, 11.010598712835993, 26.864223091718628, 41.21967121711721, 32.69345525682594, 44.09385847654809, 41.50061506318303, 70.06484992860946], [50.29083219957203, 37.90937370089168, 53.25959141981575, 0.0, 76.04543379635543, 43.75095260769383, 46.366746265468215, 17.584430312644002, 24.3862881550553, 29.79280227617776, 34.22498330960141, 27.380574016103132, 39.84636894873834, 62.807114846894635, 20.78903394295109, 37.30644537923075, 54.10662485889474, 76.96124003404377, 31.76819698347564, 67.42844379007583, 58.10374587218947, 33.80299938266731, 73.19681457692761, 42.8103234656009, 73.5047064895563, 76.75664840753055, 35.99449453795342, 20.21526452843406, 68.64174461503062, 62.96077730425475, 52.95417009615468, 61.157690619283315, 43.87085847321903, 44.55417806779185, 68.17411189536924, 20.90654509659456, 62.69590552357916, 43.04111943616472, 82.54063004375253], [26.70384192016977, 42.59865065877363, 31.940162613901524, 76.04543379635543, 0.0, 87.1405391363253, 43.32907386751072, 73.50127770256424, 88.97773642643341, 52.9939999707626, 56.59344967609809, 99.57977175893424, 60.66973803833338, 53.2404871278579, 94.70300972802677, 45.85625460700773, 75.75760296084327, 50.401106442489244, 73.37690524004843, 13.460081934839929, 89.24442374637631, 90.07951649789509, 97.77899024525105, 78.17385242154262, 4.054561976144835, 20.33925902858914, 74.62004044090082, 89.07189722595672, 22.771310349352188, 58.094115023945136, 23.67515578830258, 85.07321336083754, 34.896737922067956, 58.801545871508104, 22.61388406549025, 58.49331814615967, 74.40811352613837, 73.4114217757638, 99.53097439319632], [69.83205808838706, 66.76022907388834, 55.40188284770771, 43.75095260769383, 87.1405391363253, 0.0, 43.939597252387536, 27.032072743927227, 24.114318901387986, 37.46947452459852, 31.24150855639419, 36.02259950293496, 78.95809613983234, 44.641936568711614, 57.13975239602002, 68.72933509754372, 20.013519314756348, 59.7257368513297, 15.872627342317399, 84.96775177409168, 15.574586099208057, 13.788200958255928, 30.306895347354054, 9.445934834164628, 86.53780794747753, 77.03274111609451, 13.009390424120621, 29.683651778696568, 91.13993937472519, 41.34331790814763, 70.90555753626238, 21.148149683259447, 53.74860501717288, 29.20274593919751, 90.6094207795506, 38.18102866998361, 29.605514395582507, 14.473212016449605, 40.60910554630123], [31.190216574731974, 37.200528670478214, 11.462826661122438, 46.366746265468215, 43.32907386751072, 43.939597252387536, 0.0, 35.923939639854126, 49.96091979909093, 16.580182088099484, 15.148460155487612, 62.54939913821264, 57.515854165191726, 20.472723701386897, 67.15154177882309, 41.00093427402867, 33.52218857383504, 31.60980994207581, 31.266985608505163, 42.95098102390256, 46.523417447977614, 48.49626515860699, 56.8931999686984, 34.86155967966209, 43.041789469873954, 34.406676558249856, 31.786795030185672, 51.75970087164343, 50.990342730616916, 23.327033451977748, 30.96340219211635, 43.31181278894456, 13.868232122483175, 15.630677902354003, 50.476649967467715, 25.49608322189175, 34.85762792043028, 30.0827349923899, 61.01571089557279], [50.79290879021812, 43.26909831944348, 45.45410160550806, 17.584430312644002, 73.50127770256424, 27.032072743927227, 35.923939639854126, 0.0, 15.55056068466209, 20.906568711841864, 21.22844142009584, 26.801139268328065, 52.44981830092852, 48.63572535565572, 35.394712977184845, 44.34884894105724, 36.67528389596826, 63.711875114871056, 14.207682102288345, 67.68041347167382, 40.71638222380291, 20.1312258580524, 55.774254471195704, 25.237301282155848, 71.7749570993334, 69.58127654253768, 18.41606907445438, 15.993390398863474, 71.50830779665893, 47.92031912620304, 52.75196510784949, 43.57520341561521, 38.73672112166814, 29.480456428042046, 70.99331224613385, 15.561564158967427, 45.56117116928207, 25.575208034174718, 64.97873351499847], [66.2534850327931, 57.76323520501248, 60.20418666163592, 24.3862881550553, 88.97773642643341, 24.114318901387986, 49.96091979909093, 15.55056068466209, 0.0, 36.1246048858412, 34.82168144104588, 13.62939643324301, 63.844738510994155, 59.39288279321782, 33.373019711750125, 58.340779531494185, 40.97294743801465, 74.92466482420417, 21.043797951023326, 83.20443098041343, 39.68797169009722, 10.946044766847004, 54.29252292488733, 27.918666829715516, 87.30477937589173, 84.18432178135274, 23.582521622396783, 5.688595765864554, 86.786563237655, 57.632188888682926, 68.26797282512626, 44.818014957839786, 54.13753310576465, 40.3486209582773, 86.27659863994471, 31.045951551712395, 50.79945367025574, 30.859327508000717, 64.71542308875857], [32.52380195033687, 30.50852618962801, 24.73762240130708, 29.79280227617776, 52.9939999707626, 37.46947452459852, 16.580182088099484, 20.906568711841864, 36.1246048858412, 0.0, 8.177955097312308, 47.6420025497674, 47.2040517074811, 34.28662669027951, 50.57366291703887, 33.27009505029831, 35.364183462439335, 47.521941695237516, 21.90142829247945, 48.45635347406248, 45.50599120527416, 37.44851369675471, 58.8210411398368, 30.331301378091343, 51.55146746860254, 48.868854235655725, 24.509822746645195, 36.86466375240935, 53.837114075640585, 35.486961107164596, 33.870870812779145, 44.91372270867415, 18.097471606101077, 19.02702334001776, 53.30757725496165, 8.99418692540093, 40.83168561377224, 27.0232434197531, 65.49857091600435], [38.82799925547778, 38.485608173778104, 25.84637933122429, 34.22498330960141, 56.59344967609809, 31.24150855639419, 15.148460155487612, 21.22844142009584, 34.82168144104588, 8.177955097312308, 0.0, 47.55077749007599, 55.337424538604886, 28.582197032528963, 54.60340047397683, 41.37201775048199, 27.21795960368741, 43.011815266335105, 16.78733323449752, 53.73185162670097, 37.790019139223105, 33.748918096384195, 50.77794565575404, 23.228850187648625, 55.66696461225873, 49.49714891218177, 18.31122856107525, 36.80645966709841, 60.060357548960035, 28.955581068922818, 39.73396885850466, 36.83874178950374, 22.524074860005587, 11.268037196047121, 59.530075952950035, 15.156868945447409, 32.753447987294045, 19.413538565328274, 57.32450750034841], [75.39766603671336, 64.72426518634106, 72.25488925399993, 27.380574016103132, 99.57977175893424, 36.02259950293496, 62.54939913821264, 26.801139268328065, 13.62939643324301, 47.6420025497674, 47.55077749007599, 0.0, 66.52784322731472, 72.95815448750282, 26.505122706518783, 64.49124394757823, 54.18194772650364, 88.46482572433318, 34.65062574401478, 92.60216569979848, 51.354611803699534, 22.24191044905437, 65.24283832397344, 41.14457210873765, 97.56714510231863, 96.38173814517519, 37.18433477036784, 10.813834077361346, 95.00351534455602, 71.25687275034396, 77.7242277509156, 57.150082271736146, 65.17299277625908, 53.83553258279374, 94.51475342230358, 41.09287939374717, 64.05663397364951, 44.37058830653115, 75.9975520255306], [36.474863770804795, 21.59822178391594, 56.264085855877234, 39.84636894873834, 60.66973803833338, 78.95809613983234, 57.515854165191726, 52.44981830092852, 63.844738510994155, 47.2040517074811, 55.337424538604886, 66.52784322731472, 0.0, 77.98856235271681, 47.4597925489507, 17.439664342032792, 82.2019919672613, 87.25100726430962, 63.7883929974045, 47.77844034440149, 90.67678190301388, 72.03262242354592, 104.98586735855163, 74.65695617616772, 56.84160194986024, 71.87737363799809, 67.7399402831413, 60.043386837279755, 42.869846942311995, 80.56086411001269, 39.44292944006012, 91.35944503932993, 45.676320760141465, 66.11388604153973, 42.6120343163858, 41.946065951495086, 88.02791419698075, 72.65997604939722, 112.4261626899906], [49.42900279685311, 57.51006787012012, 25.468682482382846, 62.807114846894635, 53.2404871278579, 44.641936568711614, 20.472723701386897, 48.63572535565572, 59.39288279321782, 34.28662669027951, 28.582197032528963, 72.95815448750282, 77.98856235271681, 0.0, 83.10579699231447, 61.384929653676366, 26.713138911295495, 15.572477105022886, 38.36760082110743, 57.337363902148255, 40.030464597742004, 54.18421455609862, 45.38618918013368, 35.47741997377093, 54.41442550215696, 36.94410844354091, 36.48952653826497, 62.79538632323733, 66.85887092414748, 4.909134641712892, 48.41531298983642, 34.16681048187205, 33.39424347659383, 19.267448413482573, 66.38712303179736, 43.020921109465284, 22.01718709682591, 30.705534013731658, 46.29798149366721], [68.21600903302445, 53.72756076428262, 73.85675769485633, 20.78903394295109, 94.70300972802677, 57.13975239602002, 67.15154177882309, 35.394712977184845, 33.373019711750125, 50.57366291703887, 54.60340047397683, 26.505122706518783, 47.4597925489507, 83.10579699231447, 0.0, 51.86223894366694, 71.40166610672931, 97.54763385071905, 48.96557868642021, 84.83170193150447, 72.58833630148223, 44.31552252845865, 87.44585303232795, 58.94288959652154, 91.81965514655836, 97.04810671420987, 52.861953270279514, 27.684507720446323, 84.29434250320446, 82.90778420358255, 71.12127929830163, 76.99408043294635, 64.11084868353636, 64.38944455168125, 83.87920991692758, 41.69367138048197, 80.67952525486547, 60.379282348979274, 97.63723092772034], [19.924173158980715, 4.158647105589337, 38.892826223997176, 37.30644537923075, 45.85625460700773, 68.72933509754372, 41.00093427402867, 44.34884894105724, 58.340779531494185, 33.27009505029831, 41.37201775048199, 64.49124394757823, 17.439664342032792, 61.384929653676366, 51.86223894366694, 0.0, 68.58607226060656, 69.97510519349063, 52.915499630307025, 34.1064848391655, 78.54744364256884, 64.46499594836476, 92.08822765271046, 62.91212460157974, 42.34119923103475, 54.974797623426625, 56.41170125486283, 55.87101842695688, 32.43515100433742, 64.29257752636674, 23.029467504942158, 78.18312178349638, 28.48561621604876, 51.34744326687279, 32.024680405682524, 30.555228473430077, 73.32085687091433, 60.09615627587942, 98.60070827695273], [63.895982040247254, 65.62880165529471, 44.17090737020429, 54.10662485889474, 75.75760296084327, 20.013519314756348, 33.52218857383504, 36.67528389596826, 40.97294743801465, 35.364183462439335, 27.21795960368741, 54.18194772650364, 82.2019919672613, 26.713138911295495, 71.40166610672931, 68.58607226060656, 0.0, 40.810863656781045, 22.546415848615045, 76.46607226436727, 13.678210150545068, 32.50889862751086, 23.825286839468607, 13.058708752065897, 75.9901653897657, 62.31968752562851, 18.541145801152712, 45.857488030035285, 84.36782694729199, 22.626449580004543, 64.10420944003073, 9.909979079136034, 46.43711054309762, 18.331255683844944, 83.8483480182039, 40.54732029448502, 9.885190490575015, 11.104046085647154, 30.224332401613133], [54.57696478964544, 65.87329927261706, 31.17733195014496, 76.96124003404377, 50.401106442489244, 59.7257368513297, 31.60980994207581, 63.711875114871056, 74.92466482420417, 47.521941695237516, 43.011815266335105, 88.46482572433318, 87.25100726430962, 15.572477105022886, 97.54763385071905, 69.97510519349063, 40.810863656781045, 0.0, 53.91827740739045, 57.93958465488195, 53.302062068758936, 69.709144172209, 55.60810788051799, 50.754400828524616, 52.64772214329725, 30.870670920446546, 52.05347302579269, 78.2163872875607, 68.30549487376408, 18.388709794891952, 52.758067346380386, 46.65395782431555, 41.579982576021685, 34.65630762587236, 67.9017405402476, 56.499216538626804, 33.88163522980103, 46.09970779482107, 53.72345729192403], [54.42008708965525, 50.89238583075428, 42.426006942194945, 31.76819698347564, 73.37690524004843, 15.872627342317399, 31.266985608505163, 14.207682102288345, 21.043797951023326, 21.90142829247945, 16.78733323449752, 34.65062574401478, 63.7883929974045, 38.36760082110743, 48.96557868642021, 52.915499630307025, 22.546415848615045, 53.91827740739045, 0.0, 70.07612312124013, 27.21737482901522, 17.255201190492404, 42.081634578597864, 11.28019409293611, 72.39634242785606, 65.57286459631949, 4.261537067655724, 24.851747090226343, 75.73684439720166, 36.62138535032581, 55.68721514555099, 29.463693523182624, 39.0428742645415, 19.495815207423227, 75.20716914464761, 22.41378352673422, 31.717241287731166, 11.451979335165731, 50.93645193101869], [17.228545075718948, 31.37843765760574, 32.7623150249788, 67.42844379007583, 13.460081934839929, 84.96775177409168, 42.95098102390256, 67.68041347167382, 83.20443098041343, 48.45635347406248, 53.73185162670097, 92.60216569979848, 47.77844034440149, 57.337363902148255, 84.83170193150447, 34.1064848391655, 76.46607226436727, 57.93958465488195, 70.07612312124013, 0.0, 89.40256790984641, 85.85493337953685, 99.62605914041055, 76.60430766257878, 9.418395837391703, 30.8317749347308, 72.03419481718154, 82.50743930724057, 10.579938277968497, 61.906241277919655, 14.94307940706414, 86.21312867920011, 31.222022673531466, 58.457729296342606, 10.253764741611901, 52.16238529474868, 76.85615335747863, 72.20415406616169, 102.78942011570558], [76.02727235206773, 75.98520520914568, 57.48653248443558, 58.10374587218947, 89.24442374637631, 15.574586099208057, 46.523417447977614, 40.71638222380291, 39.68797169009722, 45.50599120527416, 37.790019139223105, 51.354611803699534, 90.67678190301388, 40.030464597742004, 72.58833630148223, 78.54744364256884, 13.678210150545068, 53.302062068758936, 27.21737482901522, 89.40256790984641, 0.0, 29.237132428950414, 15.099641137986406, 16.04883834856929, 89.3484658496389, 75.98858601473226, 23.066865431867576, 45.24143606963145, 96.88595693877116, 35.64728096762202, 76.50463571245506, 7.3768940812792785, 58.79555637594009, 30.94536688608375, 96.3608531814392, 48.79877568557767, 19.648824001696575, 18.48508313706714, 25.061892210238078], [69.49596496404386, 63.26884968245061, 59.56059047368686, 33.80299938266731, 90.07951649789509, 13.788200958255928, 48.49626515860699, 20.1312258580524, 10.946044766847004, 37.44851369675471, 33.748918096384195, 22.24191044905437, 72.03262242354592, 54.18421455609862, 44.31552252845865, 64.46499594836476, 32.50889862751086, 69.709144172209, 17.255201190492404, 85.85493337953685, 29.237132428950414, 0.0, 43.55575073813702, 19.758587800103957, 88.87009078390302, 82.82736108953425, 17.829069528203135, 16.633528678138624, 90.61093725544332, 51.67625042940691, 71.12207004858055, 34.9085444329936, 55.352741649330085, 36.187620246919664, 90.0874524336672, 34.85029159131177, 42.376032471016515, 23.810726802671002, 54.12081931583505], [87.63054872833246, 89.26353088446224, 66.96369560472645, 73.19681457692761, 97.77899024525105, 30.306895347354054, 56.8931999686984, 55.774254471195704, 54.29252292488733, 58.8210411398368, 50.77794565575404, 65.24283832397344, 104.98586735855163, 45.38618918013368, 87.44585303232795, 92.08822765271046, 23.825286839468607, 55.60810788051799, 42.081634578597864, 99.62605914041055, 15.099641137986406, 43.55575073813702, 0.0, 30.808106810131466, 98.41234643414727, 82.32882344428639, 37.86119207797176, 59.92266678082156, 107.88106910094616, 40.50791830109399, 87.73151237486974, 13.966927292864405, 70.13457448365764, 42.097302078498124, 107.36634926379352, 63.04184297286816, 23.466485962363688, 32.326162659424384, 10.951596377720383], [62.05385956479778, 60.54374132631036, 46.31095686498295, 42.8103234656009, 78.17385242154262, 9.445934834164628, 34.86155967966209, 25.237301282155848, 27.918666829715516, 30.331301378091343, 23.228850187648625, 41.14457210873765, 74.65695617616772, 35.47741997377093, 58.94288959652154, 62.91212460157974, 13.058708752065897, 50.754400828524616, 11.28019409293611, 76.60430766257878, 16.04883834856929, 19.758587800103957, 30.808106810131466, 0.0, 77.72694378273665, 67.62710057782041, 7.054422845813454, 32.87059800617187, 83.25865758433144, 32.44766347882573, 62.89453391552306, 18.36364173112916, 45.43242136692096, 19.8306865737311, 82.72873671190789, 32.847588946708406, 22.915806786511595, 5.028096706771308, 39.74355656448315], [23.621760182355562, 39.21741850282145, 31.862316982001797, 73.5047064895563, 4.054561976144835, 86.53780794747753, 43.041789469873954, 71.7749570993334, 87.30477937589173, 51.55146746860254, 55.66696461225873, 97.56714510231863, 56.84160194986024, 54.41442550215696, 91.81965514655836, 42.34119923103475, 75.9901653897657, 52.64772214329725, 72.39634242785606, 9.418395837391703, 89.3484658496389, 88.87009078390302, 98.41234643414727, 77.72694378273665, 0.0, 23.35372944836426, 73.85701933871059, 87.16414227155678, 18.83664246950762, 59.20547852597443, 20.702267292348026, 85.4638534309473, 33.51954022677181, 58.64245205204217, 18.656520787761096, 56.56033297967802, 75.16554853578452, 73.05739622453456, 100.59542530145688], [35.413118905583154, 50.98855258169888, 24.141581128135975, 76.75664840753055, 20.33925902858914, 77.03274111609451, 34.406676558249856, 69.58127654253768, 84.18432178135274, 48.868854235655725, 49.49714891218177, 96.38173814517519, 71.87737363799809, 36.94410844354091, 97.04810671420987, 54.974797623426625, 62.31968752562851, 30.870670920446546, 65.57286459631949, 30.8317749347308, 75.98858601473226, 82.82736108953425, 82.32882344428639, 67.62710057782041, 23.35372944836426, 0.0, 65.69733554708145, 85.57030881463129, 41.34285844021625, 41.82309979624706, 32.51508293703885, 70.75758479069911, 32.93939898421344, 47.83636098931489, 41.05292515647808, 56.58769200306187, 58.939992495949085, 62.61479916089954, 82.59735945612508], [56.82311286258315, 54.21783337473851, 43.17265519991003, 35.99449453795342, 74.62004044090082, 13.009390424120621, 31.786795030185672, 18.41606907445438, 23.582521622396783, 24.509822746645195, 18.31122856107525, 37.18433477036784, 67.7399402831413, 36.48952653826497, 52.861953270279514, 56.41170125486283, 18.541145801152712, 52.05347302579269, 4.261537067655724, 72.03419481718154, 23.066865431867576, 17.829069528203135, 37.86119207797176, 7.054422845813454, 73.85701933871059, 65.69733554708145, 0.0, 27.91487716954844, 78.13057205366184, 34.286452543637566, 57.90553634523247, 25.20584626427098, 40.83489762272904, 18.411348037594248, 77.600055245865, 26.08549762097127, 27.947370779360842, 7.576448774156184, 46.67504633799477], [65.37099581387228, 55.67266161521907, 61.446768178169506, 20.21526452843406, 89.07189722595672, 29.683651778696568, 51.75970087164343, 15.993390398863474, 5.688595765864554, 36.86466375240935, 36.80645966709841, 10.813834077361346, 60.043386837279755, 62.79538632323733, 27.684507720446323, 55.87101842695688, 45.857488030035285, 78.2163872875607, 24.851747090226343, 82.50743930724057, 45.24143606963145, 16.633528678138624, 59.92266678082156, 32.87059800617187, 87.16414227155678, 85.57030881463129, 27.91487716954844, 0.0, 85.42273240060867, 61.37562489189887, 67.57983423150877, 50.18342014701337, 54.51022994477424, 43.563634779577654, 84.92323620582688, 30.60495353750712, 55.59811073013413, 35.39480161975952, 70.29175895292028], [21.320539163700253, 30.86584598909899, 41.7083562685901, 68.64174461503062, 22.771310349352188, 91.13993937472519, 50.990342730616916, 71.50830779665893, 86.786563237655, 53.837114075640585, 60.060357548960035, 95.00351534455602, 42.869846942311995, 66.85887092414748, 84.29434250320446, 32.43515100433742, 84.36782694729199, 68.30549487376408, 75.73684439720166, 10.579938277968497, 96.88595693877116, 90.61093725544332, 107.88106910094616, 83.25865758433144, 18.83664246950762, 41.34285844021625, 78.13057205366184, 85.42273240060867, 0.0, 71.28203973254189, 20.402880410883874, 94.22866349809209, 38.09205130904663, 66.10494479028189, 0.5305518410210407, 56.004475625798605, 85.55640622696043, 79.13610864144951, 111.65576616568039], [53.34024706467056, 60.522804785358886, 29.676027143325612, 62.96077730425475, 58.094115023945136, 41.34331790814763, 23.327033451977748, 47.92031912620304, 57.632188888682926, 35.486961107164596, 28.955581068922818, 71.25687275034396, 80.56086411001269, 4.909134641712892, 82.90778420358255, 64.29257752636674, 22.626449580004543, 18.388709794891952, 36.62138535032581, 61.906241277919655, 35.64728096762202, 51.67625042940691, 40.50791830109399, 32.44766347882573, 59.20547852597443, 41.82309979624706, 34.286452543637566, 61.37562489189887, 71.28203973254189, 0.0, 52.4939026067807, 29.54301088569894, 36.81299002025143, 18.520058080964496, 70.80297864877139, 43.89083950738422, 17.202722035008243, 27.91156085005051, 41.43708378479257], [3.128276406860134, 19.366243159568235, 22.96890961760798, 52.95417009615468, 23.67515578830258, 70.90555753626238, 30.96340219211635, 52.75196510784949, 68.26797282512626, 33.870870812779145, 39.73396885850466, 77.7242277509156, 39.44292944006012, 48.41531298983642, 71.12127929830163, 23.029467504942158, 64.10420944003073, 52.758067346380386, 55.68721514555099, 14.94307940706414, 76.50463571245506, 71.12207004858055, 87.73151237486974, 62.89453391552306, 20.702267292348026, 32.51508293703885, 57.90553634523247, 67.57983423150877, 20.402880410883874, 52.4939026067807, 0.0, 73.99135773513589, 17.713949529258837, 45.79789597887305, 19.87517003227628, 37.22328322640915, 65.78117747861869, 58.737733284937235, 91.94127853597242], [73.80345465426774, 75.31988366112621, 53.74689742393929, 61.157690619283315, 85.07321336083754, 21.148149683259447, 43.31181278894456, 43.57520341561521, 44.818014957839786, 44.91372270867415, 36.83874178950374, 57.150082271736146, 91.35944503932993, 34.16681048187205, 76.99408043294635, 78.18312178349638, 9.909979079136034, 46.65395782431555, 29.463693523182624, 86.21312867920011, 7.3768940812792785, 34.9085444329936, 13.966927292864405, 18.36364173112916, 85.4638534309473, 70.75758479069911, 25.20584626427098, 50.18342014701337, 94.22866349809209, 29.54301088569894, 73.99135773513589, 0.0, 56.33714549102327, 28.23855632298135, 93.71040417405193, 49.472149758324264, 12.774689089822155, 18.856245800124785, 21.506249887344556], [17.512652745391343, 24.44615553032683, 11.010598712835993, 43.87085847321903, 34.896737922067956, 53.74860501717288, 13.868232122483175, 38.73672112166814, 54.13753310576465, 18.097471606101077, 22.524074860005587, 65.17299277625908, 45.676320760141465, 33.39424347659383, 64.11084868353636, 28.48561621604876, 46.43711054309762, 41.579982576021685, 39.0428742645415, 31.222022673531466, 58.79555637594009, 55.352741649330085, 70.13457448365764, 45.43242136692096, 33.51954022677181, 32.93939898421344, 40.83489762272904, 54.51022994477424, 38.09205130904663, 36.81299002025143, 17.713949529258837, 56.33714549102327, 0.0, 28.112213119914532, 37.56645183613349, 24.271532677702375, 48.60721661439394, 41.14208360074015, 74.73265523830253], [45.565008536220446, 48.11094439819289, 26.864223091718628, 44.55417806779185, 58.801545871508104, 29.20274593919751, 15.630677902354003, 29.480456428042046, 40.3486209582773, 19.02702334001776, 11.268037196047121, 53.83553258279374, 66.11388604153973, 19.267448413482573, 64.38944455168125, 51.34744326687279, 18.331255683844944, 34.65630762587236, 19.495815207423227, 58.457729296342606, 30.94536688608375, 36.187620246919664, 42.097302078498124, 19.8306865737311, 58.64245205204217, 47.83636098931489, 18.411348037594248, 43.563634779577654, 66.10494479028189, 18.520058080964496, 45.79789597887305, 28.23855632298135, 28.112213119914532, 0.0, 65.58330772020294, 26.39639342600069, 21.99916700239482, 14.85902731263504, 47.45786900907309], [20.790451832931254, 30.417409533907268, 41.21967121711721, 68.17411189536924, 22.61388406549025, 90.6094207795506, 50.476649967467715, 70.99331224613385, 86.27659863994471, 53.30757725496165, 59.530075952950035, 94.51475342230358, 42.6120343163858, 66.38712303179736, 83.87920991692758, 32.024680405682524, 83.8483480182039, 67.9017405402476, 75.20716914464761, 10.253764741611901, 96.3608531814392, 90.0874524336672, 107.36634926379352, 82.72873671190789, 18.656520787761096, 41.05292515647808, 77.600055245865, 84.92323620582688, 0.5305518410210407, 70.80297864877139, 19.87517003227628, 93.71040417405193, 37.56645183613349, 65.58330772020294, 0.0, 55.4869142641327, 85.0528833622015, 78.60744388730157, 111.1553752706233], [35.23197259528649, 28.777298713896982, 32.69345525682594, 20.90654509659456, 58.49331814615967, 38.18102866998361, 25.49608322189175, 15.561564158967427, 31.045951551712395, 8.99418692540093, 15.156868945447409, 41.09287939374717, 41.946065951495086, 43.020921109465284, 41.69367138048197, 30.555228473430077, 40.54732029448502, 56.499216538626804, 22.41378352673422, 52.16238529474868, 48.79877568557767, 34.85029159131177, 63.04184297286816, 32.847588946708406, 56.56033297967802, 56.58769200306187, 26.08549762097127, 30.60495353750712, 56.004475625798605, 43.89083950738422, 37.22328322640915, 49.472149758324264, 24.271532677702375, 26.39639342600069, 55.4869142641327, 0.0, 47.31133396597281, 30.71807453205601, 70.70255361000874], [66.04007842554152, 70.01817964935557, 44.09385847654809, 62.69590552357916, 74.40811352613837, 29.605514395582507, 34.85762792043028, 45.56117116928207, 50.79945367025574, 40.83168561377224, 32.753447987294045, 64.05663397364951, 88.02791419698075, 22.01718709682591, 80.67952525486547, 73.32085687091433, 9.885190490575015, 33.88163522980103, 31.717241287731166, 76.85615335747863, 19.648824001696575, 42.376032471016515, 23.466485962363688, 22.915806786511595, 75.16554853578452, 58.939992495949085, 27.947370779360842, 55.59811073013413, 85.55640622696043, 17.202722035008243, 65.78117747861869, 12.774689089822155, 48.60721661439394, 21.99916700239482, 85.0528833622015, 47.31133396597281, 0.0, 20.37200852090698, 26.161393241131353], [58.044303532214506, 57.50146579267335, 41.50061506318303, 43.04111943616472, 73.4114217757638, 14.473212016449605, 30.0827349923899, 25.575208034174718, 30.859327508000717, 27.0232434197531, 19.413538565328274, 44.37058830653115, 72.65997604939722, 30.705534013731658, 60.379282348979274, 60.09615627587942, 11.104046085647154, 46.09970779482107, 11.451979335165731, 72.20415406616169, 18.48508313706714, 23.810726802671002, 32.326162659424384, 5.028096706771308, 73.05739622453456, 62.61479916089954, 7.576448774156184, 35.39480161975952, 79.13610864144951, 27.91156085005051, 58.737733284937235, 18.856245800124785, 41.14208360074015, 14.85902731263504, 78.60744388730157, 30.71807453205601, 20.37200852090698, 0.0, 40.301760681330904], [92.18962898569741, 95.49930449840029, 70.06484992860946, 82.54063004375253, 99.53097439319632, 40.60910554630123, 61.01571089557279, 64.97873351499847, 64.71542308875857, 65.49857091600435, 57.32450750034841, 75.9975520255306, 112.4261626899906, 46.29798149366721, 97.63723092772034, 98.60070827695273, 30.224332401613133, 53.72345729192403, 50.93645193101869, 102.78942011570558, 25.061892210238078, 54.12081931583505, 10.951596377720383, 39.74355656448315, 100.59542530145688, 82.59735945612508, 46.67504633799477, 70.29175895292028, 111.65576616568039, 41.43708378479257, 91.94127853597242, 21.506249887344556, 74.73265523830253, 47.45786900907309, 111.1553752706233, 70.70255361000874, 26.161393241131353, 40.301760681330904, 0.0]]",Route_4,1847.0134666922872
