instance_id,num_cities,city_coordinates,distance_matrix,best_route,total_distance
1646,45,"[[31.081007432422393, 65.83546134074714], [90.08806377416309, 65.95716367832391], [81.79950937535205, 68.15808837140345], [47.896202348766195, 45.09814932015929], [39.862347724112624, 78.61585458990746], [63.55582294054325, 81.07192491478932], [84.15965282702291, 58.04950836704818], [96.66050084730004, 79.0245992046089], [65.5468735642806, 83.30750313266232], [86.10455820125006, 62.149405542787775], [41.48441991289751, 23.207390417958862], [11.592041445658829, 4.407107241902819], [12.191919084535519, 80.45363091074881], [29.673540751976258, 82.93961112440067], [86.48082969356079, 67.59429655405897], [71.55097270784854, 96.12678684781741], [99.8831396182933, 26.29808510762085], [48.79532424412761, 76.35409170761992], [23.28973886053286, 7.668530412879681], [30.50002639992525, 34.73219288053227], [87.20978583512024, 17.103240369619833], [61.99469391358798, 88.82737939145531], [18.78236757723051, 77.57906643041736], [20.426819146910468, 23.52218324763108], [62.467822380110036, 48.086588799050425], [44.967665196158336, 74.850970357964], [93.01576675677748, 81.08679073539116], [17.78168075976381, 19.77631073301621], [92.8589704174044, 97.4991817902162], [34.43804235739065, 78.47983976243593], [29.204858015518365, 91.7359840955821], [24.350885002066736, 63.503962612631724], [88.04738521509326, 7.151945503734892], [93.75421358457257, 49.36925386143306], [49.97669486310073, 42.423751400962495], [13.131630821618522, 2.6311206077974325], [26.378013264653067, 97.22677470027158], [57.23911399065379, 10.007698461629733], [30.236047680614476, 66.01297151087964], [53.919278651179646, 69.94451047236574], [52.65307375980196, 72.99064032495171], [4.240019789912441, 31.56858894735223], [10.734654858740445, 84.10529022247987], [35.66268883197321, 23.006388504384635], [4.409143061421283, 34.49243812933581]]","[[0.0, 59.00718184743559, 50.771655829394554, 26.6980690296855, 15.506462811410112, 35.871485396197365, 53.64665563326756, 66.89262525976935, 38.641534294041705, 55.14687794023724, 43.87919121676211, 64.44581043424182, 23.884901929704434, 17.161960910053985, 55.42773500580112, 50.55079119429768, 79.35324513037783, 20.601907797589043, 58.68641852700348, 31.108694088121396, 74.33215405030276, 38.526410519360354, 17.004964063174093, 43.633991692355124, 36.05765701015229, 16.556529427589773, 63.78493129940426, 47.94077017165795, 69.41979475103574, 13.082430552398343, 25.968384924909607, 7.122530045340641, 81.78583758005321, 64.80020646681407, 30.085796745017518, 65.70364379700169, 31.74165573151359, 61.65213416256366, 0.8634042174299142, 23.204976126416753, 22.727750261054574, 43.52765972632324, 27.34521366565581, 43.07344059242813, 41.155479016239724], [59.00718184743559, 0.0, 8.575791714276717, 47.06645993203666, 51.79638026286494, 30.535484454787376, 9.88317099316402, 14.627193863279459, 30.05502114619792, 5.510656827291171, 64.72910713431293, 99.74986199851938, 79.23355930240774, 62.75602053394639, 3.9613560512873938, 35.40946070459246, 40.85077751854256, 42.581527102039395, 88.65427783937086, 67.27356835664737, 48.93863817626232, 36.22546337713615, 72.24659807706078, 81.56847777892642, 32.89734307176618, 45.988587335259865, 15.41029070590009, 85.79559547774666, 31.66349365115132, 57.04158395411914, 66.11590070137983, 65.78293751713485, 58.84061567949864, 16.988213753236955, 46.5053051740939, 99.6618297230673, 70.97012828921919, 64.87985943198079, 59.85204211199963, 36.38790941684482, 38.090002246179715, 92.47951518011682, 81.40219900936938, 69.33174255447665, 91.2737991341077], [50.771655829394554, 8.575791714276717, 0.0, 41.00237817963784, 43.22141137958211, 22.35171736133299, 10.380446368866611, 18.41005500310856, 22.218301879666004, 7.391732863697573, 60.381054022495505, 94.83288537249538, 70.6851964164423, 54.18127000931716, 4.715148050165407, 29.787255635417715, 45.599095999891375, 34.006627396191575, 84.1568765325473, 61.22848555135711, 51.34071090135343, 28.626042456932904, 63.717462190462186, 75.88788527884182, 27.867170957328568, 37.43500253674937, 17.115950878141767, 80.24387071985731, 31.35620260095553, 48.47315865375111, 57.6377872445039, 57.63684003275417, 61.32524292735585, 22.26960383511591, 40.92612396488772, 94.9160737144292, 62.582192004070514, 63.12432865473835, 51.608062434952664, 27.937404481373946, 29.544344086053922, 85.75701658089885, 72.83218240823317, 64.55449024454681, 84.3957629530394], [26.6980690296855, 47.06645993203666, 41.00237817963784, 0.0, 34.467076851392136, 39.23437584072426, 38.506824612663245, 59.40505710641293, 42.08920185899501, 41.84045644731621, 22.810442330634043, 54.532128184155326, 50.24744691937032, 42.00049555842148, 44.66374489119742, 56.24473316382647, 55.28186014472844, 31.268871976951395, 44.79346399802032, 20.250431860858598, 48.26254006667618, 45.94576179618411, 43.61909388590891, 34.92977705988519, 14.874907759608334, 29.896599966582144, 57.71444709327832, 39.34564677277296, 69.04722091671836, 35.99248987132517, 50.24394476475422, 29.8857145123576, 55.245197706613894, 46.05648193800557, 3.3883407934276883, 54.88190923357835, 56.39526616197261, 36.312941761898, 27.373542886745394, 25.565975644410056, 28.29520948983336, 45.70460895241746, 53.87520443791309, 25.252816652938993, 44.76165139183551], [15.506462811410112, 51.79638026286494, 43.22141137958211, 34.467076851392136, 0.0, 23.82043344006103, 48.838773902902595, 56.79962385760219, 26.10950849179261, 49.08651519545126, 55.43220201362869, 79.4112611663961, 27.731390929835705, 11.068272588124461, 47.90362828297393, 36.204995537922166, 79.62188432338326, 9.214859784219874, 72.85721770988427, 44.87124720352908, 77.62461983088632, 24.374494592163572, 21.105461205114732, 58.42133508441935, 37.987413101601625, 6.343391819075318, 53.210821082718844, 62.84622323479362, 56.260306282929605, 5.426010389295335, 16.903250726841474, 21.655824964897317, 86.19099802116197, 61.316366983804635, 37.57882849806786, 80.54943217958343, 22.982463383391348, 70.77450878108682, 15.858698383886937, 16.516340874817242, 13.973035033475108, 59.011824678557915, 29.640452007747943, 55.76782094655698, 56.602169578627674], [35.871485396197365, 30.535484454787376, 22.35171736133299, 39.23437584072426, 23.82043344006103, 0.0, 30.895784011555644, 33.16792489550223, 2.993675425712197, 29.436494377578594, 61.93101956324998, 92.61602915297667, 51.367625084333405, 33.93371919025759, 26.59327736206771, 17.046151695446696, 65.72554651143564, 15.496137323138244, 83.72225421918264, 56.92149374306232, 68.20192492193627, 7.911017505886385, 44.909490818338256, 71.91720054470863, 33.00327474490633, 19.601527591701178, 29.459947566964534, 76.50113992815399, 33.59358897917775, 29.23292752232779, 35.96819358115918, 42.961150568971334, 77.87168919947013, 43.78358310379257, 40.96430196278771, 93.24998086420194, 40.53601736589585, 71.34441178777466, 36.56473028744072, 14.720133763465714, 13.571186400609994, 77.25894624772808, 52.90819504212901, 64.41764858349539, 75.28597698057435], [53.64665563326756, 9.88317099316402, 10.380446368866611, 38.506824612663245, 48.838773902902595, 30.895784011555644, 0.0, 24.417732017326884, 31.375178907272566, 4.537820376164654, 55.09218354225129, 90.24170554720072, 75.37439490292917, 59.90203355751881, 9.822975291664502, 40.110571559748614, 35.43135498219843, 39.82076728782259, 79.01512112188598, 58.506860365203266, 41.059714737006026, 37.92838974210873, 68.2319065011614, 72.48455193211038, 23.870384882862886, 42.641541007449895, 24.680906240564976, 76.62162118420295, 40.397461055528346, 53.7553438145382, 64.45780107778786, 60.05697111790335, 51.04582616185362, 12.938408496123607, 37.585088744426905, 90.08983079035548, 69.81100248427853, 55.070236155557026, 54.50845748348533, 32.49571210760763, 34.869785613085305, 84.19255809214275, 77.91106529075397, 59.83289869667148, 83.15695620967516], [66.89262525976935, 14.627193863279459, 18.41005500310856, 59.40505710641293, 56.79962385760219, 33.16792489550223, 24.417732017326884, 0.0, 31.407022602653488, 19.904775463960018, 78.48541714237251, 113.15658571984746, 84.48066901149629, 67.10126780579195, 15.30612699154949, 30.38047441317236, 52.82490595796825, 47.93961557568396, 102.34723869225213, 79.61799819813882, 62.63841229000716, 36.02516717181237, 77.89154772266355, 94.29789182509703, 46.11181788451941, 51.86104930875863, 4.187686771983716, 98.65205494674186, 18.861649856835083, 62.224843136631, 68.64286602186246, 73.95654605175554, 72.38690565910056, 29.797416214774618, 59.321158123523276, 113.19468052823284, 72.60128961375156, 79.48193712956171, 67.68685569394863, 43.695080800972825, 44.41916589292119, 103.89233960411033, 86.07592247585116, 82.81770946308447, 102.4374266729318], [38.641534294041705, 30.05502114619792, 22.218301879666004, 42.08920185899501, 26.10950849179261, 2.993675425712197, 31.375178907272566, 31.407022602653488, 0.0, 29.500567642941125, 64.73812805484121, 95.5844986421294, 53.4312245245669, 35.87521918528295, 26.175090834694178, 14.155678771978188, 66.55113004364289, 18.137373984991, 86.64248165579461, 59.898599835491765, 69.6583532395941, 6.564069940454723, 47.11405318229871, 74.90062606134848, 35.355245193469806, 22.24897219262365, 27.55851332659647, 79.48412452416844, 30.7791224311819, 31.481196176050805, 37.30658635534451, 45.70874851433312, 79.40996148041657, 44.13002146630407, 43.74827562825698, 96.20829677876289, 41.568566707845406, 73.76910080748388, 39.31863742048326, 17.713569270542614, 16.51325926615021, 80.22122886609655, 54.818024259039525, 67.29999199500219, 78.23511144185358], [55.14687794023724, 5.510656827291171, 7.391732863697573, 41.84045644731621, 49.08651519545126, 29.436494377578594, 4.537820376164654, 19.904775463960018, 29.500567642941125, 0.0, 59.22362098735697, 94.26711073497822, 76.14540621415576, 60.138942279408035, 5.457876726397145, 36.96308010787419, 38.40789609977494, 39.92182420066338, 83.14966797124073, 61.9965120552107, 45.059721758251, 35.95830703244623, 69.0677333168251, 76.19466982361281, 27.503783286055455, 43.05314988321397, 20.159101210893045, 80.3958627395853, 35.989286810507785, 54.185901683427126, 64.13221898302618, 61.76852741038107, 55.031765259284, 14.89461327064348, 41.16216637523957, 94.16726804976173, 69.265301537449, 59.598418492543345, 56.001942910797005, 33.115795031665954, 35.164387993230385, 87.38986779338344, 78.50275919945221, 63.847928457671266, 86.24992000794961], [43.87919121676211, 64.72910713431293, 60.381054022495505, 22.810442330634043, 55.43220201362869, 61.93101956324998, 55.09218354225129, 78.48541714237251, 64.73812805484121, 59.22362098735697, 0.0, 35.31295708275548, 64.30538589681218, 60.888710423829465, 63.20501823023495, 78.8748120293573, 58.48044850113658, 53.64719172624844, 23.9270263270371, 15.920991572423025, 46.13100623803697, 68.75066757832388, 58.92081408683283, 21.059953574148995, 32.54654653241615, 51.7609152423241, 77.49519139049751, 23.949783948209706, 90.32505026203494, 55.719790857401236, 69.62008181426066, 43.78780365788102, 49.25329480478606, 58.451470719858484, 21.00921853042025, 35.03232119850338, 75.54517040390343, 20.55340004052052, 44.258825680067616, 48.36304480510995, 51.020689921384616, 38.17138956560188, 68.22098102114435, 5.825199957757713, 38.75472171828438], [64.44581043424182, 99.74986199851938, 94.83288537249538, 54.532128184155326, 79.4112611663961, 92.61602915297667, 90.24170554720072, 113.15658571984746, 95.5844986421294, 94.26711073497822, 35.31295708275548, 0.0, 76.04888963882364, 80.5871874631377, 97.98444518600573, 109.57907220411941, 90.96445969963837, 80.99662230422315, 12.143846421547638, 35.73685372302625, 76.67617011136274, 98.3219696995913, 73.52439324036614, 21.058001513327458, 67.0540244488835, 77.95043368352272, 111.8463093007635, 16.568767328620616, 123.57365450696791, 77.51586586446219, 89.08728326786377, 60.458468419285495, 76.5045993910563, 93.66011509292858, 54.0245023215735, 2.350417829044219, 93.98997621935145, 45.98936674861392, 64.36521949637599, 78.01760206289806, 79.93565778084752, 28.138910975054223, 79.70279469482215, 30.41922630635419, 30.930909521134545], [23.884901929704434, 79.23355930240774, 70.6851964164423, 50.24744691937032, 27.731390929835705, 51.367625084333405, 75.37439490292917, 84.48066901149629, 53.4312245245669, 76.14540621415576, 64.30538589681218, 76.04888963882364, 0.0, 17.657496814276993, 75.39366498302688, 61.39336335535804, 103.06586874390005, 36.832261550918155, 73.62630276107464, 49.250753182289095, 98.18835121093565, 50.50184198909418, 7.190071785903736, 57.523936861585, 59.79374438222126, 33.25115544523662, 80.82632766561471, 60.93424832995749, 82.44831093190578, 22.33351410253713, 20.414004615867743, 20.85981082368393, 105.48549106580028, 87.284857682503, 53.60933702411655, 77.82818363550435, 21.967785975631934, 83.61745731326478, 23.11110600328042, 43.03038634258874, 41.14366617280881, 49.527568385242496, 3.9316961673982664, 62.056931060380386, 46.61547859366214], [17.161960910053985, 62.75602053394639, 54.18127000931716, 42.00049555842148, 11.068272588124461, 33.93371919025759, 59.90203355751881, 67.10126780579195, 35.87521918528295, 60.138942279408035, 60.888710423829465, 80.5871874631377, 17.657496814276993, 0.0, 58.84340877409647, 43.9046798277699, 90.20892551448938, 20.224036934042335, 75.54130339138652, 48.21450250977938, 87.43481693483764, 32.853047908267186, 12.138908210316695, 60.13262505439711, 47.8560139660285, 17.301339600232954, 63.36931859060223, 64.27300250032397, 64.84118768173236, 6.52610420917389, 8.808850149456784, 20.15130510178116, 95.66230175797581, 72.34156148053157, 45.318351205547955, 81.99444147745272, 14.662317158737055, 77.96745931878853, 16.935983663513184, 27.508697665163762, 25.040785874769167, 57.32229852372062, 18.974725469336974, 60.2317280869853, 54.63898207214572], [55.42773500580112, 3.9613560512873938, 4.715148050165407, 44.66374489119742, 47.90362828297393, 26.59327736206771, 9.822975291664502, 15.30612699154949, 26.175090834694178, 5.457876726397145, 63.20501823023495, 97.98444518600573, 75.39366498302688, 58.84340877409647, 0.0, 32.20254076897102, 43.416575073899025, 38.69019684767199, 87.08737800781061, 64.91354400470162, 50.49631800118209, 32.410101083072846, 68.43082202049045, 79.40707449964147, 30.938247883334636, 42.1426404166217, 14.99175779064904, 83.7026453118984, 30.57748910687218, 53.169039531096224, 62.15591692684173, 62.26444297607185, 60.462648773376245, 19.622800370336208, 44.34081870043082, 97.98121862980003, 67.01068798164027, 64.58555734147235, 56.26700714073955, 32.64625723949678, 34.25547543981266, 89.78531295357807, 77.52480837787222, 67.60595376795132, 88.49573310513068], [50.55079119429768, 35.40946070459246, 29.787255635417715, 56.24473316382647, 36.204995537922166, 17.046151695446696, 40.110571559748614, 30.38047441317236, 14.155678771978188, 36.96308010787419, 78.8748120293573, 109.57907220411941, 61.39336335535804, 43.9046798277699, 32.20254076897102, 0.0, 75.3575428776883, 30.145961754630328, 100.76710685523571, 73.85442682184872, 80.560035542114, 12.025132581706899, 55.933385559191095, 88.7981280279183, 48.89135146875214, 34.048973634619344, 26.209518626345123, 93.38378852646319, 21.352148235443643, 41.09482133593225, 42.57314386259275, 57.3767979283727, 90.49118198926256, 51.761479851359056, 57.874566786530096, 110.24635645718838, 45.18635013067697, 87.30021010518216, 51.124992950152674, 31.565617869899338, 29.87326330647676, 93.2658849680645, 61.99307136960345, 81.45281808174411, 91.14174800946738], [79.35324513037783, 40.85077751854256, 45.599095999891375, 55.28186014472844, 79.62188432338326, 65.72554651143564, 35.43135498219843, 52.82490595796825, 66.55113004364289, 38.40789609977494, 58.48044850113658, 90.96445969963837, 103.06586874390005, 90.20892551448938, 43.416575073899025, 75.3575428776883, 0.0, 71.52320376244334, 78.82645081292985, 69.89385218885825, 15.657556190843186, 73.11256363685229, 95.95350056712593, 79.50479541504014, 43.29716915856432, 73.30137786659368, 55.21741640447834, 82.36008188249974, 71.54673383018269, 83.70182957584812, 96.31997775269558, 84.19856773323613, 22.50910358109268, 23.871375368706776, 52.44702414348504, 89.92190771516941, 102.14637833812424, 45.649639854073996, 80.1747442615144, 63.38522668670043, 66.41440983492153, 95.78822777998685, 106.25029552013308, 64.30475538967485, 95.82500425247106], [20.601907797589043, 42.581527102039395, 34.006627396191575, 31.268871976951395, 9.214859784219874, 15.496137323138244, 39.82076728782259, 47.93961557568396, 18.137373984991, 39.92182420066338, 53.64719172624844, 80.99662230422315, 36.832261550918155, 20.224036934042335, 38.69019684767199, 30.145961754630328, 71.52320376244334, 0.0, 73.26828247020235, 45.46537567402689, 70.61398051096988, 18.160568970018257, 30.03794485247844, 59.96651259641064, 31.400460601150858, 4.11221930097271, 44.4729802925556, 64.5204725818515, 48.874530674829415, 14.513798536833125, 24.90760888742893, 27.616234855907997, 79.55916873429663, 52.43551472343314, 33.95090028062516, 81.89612625954894, 30.630127764379306, 66.88154814322941, 21.245835203267433, 8.205951521723147, 5.118108686737545, 63.17370032298054, 38.8419313690825, 54.940363576600504, 61.01254887555756], [58.68641852700348, 88.65427783937086, 84.1568765325473, 44.79346399802032, 72.85721770988427, 83.72225421918264, 79.01512112188598, 102.34723869225213, 86.64248165579461, 83.14966797124073, 23.9270263270371, 12.143846421547638, 73.62630276107464, 75.54130339138652, 87.08737800781061, 100.76710685523571, 78.82645081292985, 73.26828247020235, 0.0, 28.007678814277778, 64.61258513015301, 89.91569558862493, 70.05568814982101, 16.110078134244688, 56.289800781090634, 70.59329095025721, 101.25196252405159, 13.301768616320652, 113.61964577611646, 71.68351416229959, 84.27529533209001, 55.84551477125803, 64.7597067731986, 81.87913369270318, 43.81916255034395, 11.338547370567134, 89.6114755967968, 34.029865983955425, 58.7564891161983, 69.4007665674978, 71.6183180462335, 30.563124752236533, 77.46101202852036, 19.7063386206294, 32.80242251588112], [31.108694088121396, 67.27356835664737, 61.22848555135711, 20.250431860858598, 44.87124720352908, 56.92149374306232, 58.506860365203266, 79.61799819813882, 59.898599835491765, 61.9965120552107, 15.920991572423025, 35.73685372302625, 49.250753182289095, 48.21450250977938, 64.91354400470162, 73.85442682184872, 69.89385218885825, 45.46537567402689, 28.007678814277778, 0.0, 59.38667175242011, 62.59555324020799, 44.42024427313427, 15.070959502696802, 34.645055493955454, 42.64773005239496, 77.82651562707309, 19.63249160532109, 88.4778661347768, 43.92453275090115, 57.01850290943247, 29.42153417902968, 63.815112253815194, 64.92561705943972, 20.940407992626533, 36.498493202102054, 62.63037401382373, 36.41811952112568, 31.281892469686767, 42.28910836369134, 44.2093463894949, 26.449883496982526, 53.182446853247654, 12.812008884439722, 26.091984894295514], [74.33215405030276, 48.93863817626232, 51.34071090135343, 48.26254006667618, 77.62461983088632, 68.20192492193627, 41.059714737006026, 62.63841229000716, 69.6583532395941, 45.059721758251, 46.13100623803697, 76.67617011136274, 98.18835121093565, 87.43481693483764, 50.49631800118209, 80.560035542114, 15.657556190843186, 70.61398051096988, 64.61258513015301, 59.38667175242011, 0.0, 76.02731732104523, 91.3216135817585, 67.09074054852657, 39.65012781200787, 71.54856445019226, 64.24643283383011, 69.4795443243722, 80.59417276297758, 80.9440786142231, 94.52310874819122, 78.12981785856661, 9.986482975959012, 32.92301871368533, 45.02700680945855, 75.47857510979469, 100.59962876522046, 30.799153978262744, 75.08773960912997, 62.4536443663246, 65.70820210007027, 84.22130601618467, 101.6745806105911, 51.88400878259916, 84.60691840780053], [38.526410519360354, 36.22546337713615, 28.626042456932904, 45.94576179618411, 24.374494592163572, 7.911017505886385, 37.92838974210873, 36.02516717181237, 6.564069940454723, 35.95830703244623, 68.75066757832388, 98.3219696995913, 50.50184198909418, 32.853047908267186, 32.410101083072846, 12.025132581706899, 73.11256363685229, 18.160568970018257, 89.91569558862493, 62.59555324020799, 76.02731732104523, 0.0, 44.65232011742848, 77.41225262193021, 40.743537753121295, 22.02861131382619, 31.97223284484301, 81.99293027458344, 32.05937804991215, 29.435363448814407, 32.918586232510094, 45.36884158451845, 85.72992024257877, 50.651858406919786, 47.93463248902155, 99.08276319839443, 36.593685001677265, 78.96301439460709, 39.10382100885329, 20.537163150636374, 18.386630233899368, 81.32755662291636, 51.47707965710808, 70.89271706581732, 79.1731110220222], [17.004964063174093, 72.24659807706078, 63.717462190462186, 43.61909388590891, 21.105461205114732, 44.909490818338256, 68.2319065011614, 77.89154772266355, 47.11405318229871, 69.0677333168251, 58.92081408683283, 73.52439324036614, 7.190071785903736, 12.138908210316695, 68.43082202049045, 55.933385559191095, 95.95350056712593, 30.03794485247844, 70.05568814982101, 44.42024427313427, 91.3216135817585, 44.65232011742848, 0.0, 54.081890133411804, 52.7088721011094, 26.327026409611147, 74.31622759229421, 57.811417041273884, 76.7082400025483, 15.68156705874187, 17.57972197489071, 15.136609058575448, 98.7806764017892, 80.10350316263226, 46.9998109532177, 75.16066397332847, 21.064811265856594, 77.74838335219353, 16.27763310799239, 35.956765211782205, 34.180087645168534, 48.25395234990558, 10.361335675646721, 57.12374656552052, 45.42077851971959], [43.633991692355124, 81.56847777892642, 75.88788527884182, 34.92977705988519, 58.42133508441935, 71.91720054470863, 72.48455193211038, 94.29789182509703, 74.90062606134848, 76.19466982361281, 21.059953574148995, 21.058001513327458, 57.523936861585, 60.13262505439711, 79.40707449964147, 88.7981280279183, 79.50479541504014, 59.96651259641064, 16.110078134244688, 15.070959502696802, 67.09074054852657, 77.41225262193021, 54.081890133411804, 0.0, 48.69143634098812, 56.89373876825783, 92.64361473047077, 4.585664399288718, 103.53266562318076, 56.71559208412772, 68.77627928655863, 40.17388422877722, 69.57388618708285, 77.74945552434014, 35.077976473812214, 22.128178210664547, 73.94446235268535, 39.21461909407961, 43.608348417002155, 57.24314202247682, 59.039476047688844, 18.076424372873543, 61.35349133761542, 15.244598035939637, 19.414232906535826], [36.05765701015229, 32.89734307176618, 27.867170957328568, 14.874907759608334, 37.987413101601625, 33.00327474490633, 23.870384882862886, 46.11181788451941, 35.355245193469806, 27.503783286055455, 32.54654653241615, 67.0540244488835, 59.79374438222126, 47.8560139660285, 30.938247883334636, 48.89135146875214, 43.29716915856432, 31.400460601150858, 56.289800781090634, 34.645055493955454, 39.65012781200787, 40.743537753121295, 52.7088721011094, 48.69143634098812, 0.0, 31.977923974112663, 44.96876953485869, 52.89917860505792, 58.01056994320385, 41.34511183012295, 54.87890767929858, 41.11686187428921, 48.26964943464553, 31.312673221252247, 13.7148092966461, 67.08397264609619, 60.96910850911874, 38.43619753242093, 36.881465499760324, 23.470115887277213, 26.768284832700534, 60.525377434459045, 63.03703256042632, 36.708740530751044, 59.62894579532024], [16.556529427589773, 45.988587335259865, 37.43500253674937, 29.896599966582144, 6.343391819075318, 19.601527591701178, 42.641541007449895, 51.86104930875863, 22.24897219262365, 43.05314988321397, 51.7609152423241, 77.95043368352272, 33.25115544523662, 17.301339600232954, 42.1426404166217, 34.048973634619344, 73.30137786659368, 4.11221930097271, 70.59329095025721, 42.64773005239496, 71.54856445019226, 22.02861131382619, 26.327026409611147, 56.89373876825783, 31.977923974112663, 0.0, 48.45106313961653, 61.419018899521184, 52.9765853644282, 11.137398721488358, 23.09912940207026, 23.533087565045907, 80.24350592492425, 55.04039588579156, 32.81181048783542, 78.92553314760386, 29.090406990960922, 65.99422979123143, 17.17937071738494, 10.20807190693245, 7.907359396274733, 59.431520600692814, 35.46183064812833, 52.6729840877706, 57.217172609306516], [63.78493129940426, 15.41029070590009, 17.115950878141767, 57.71444709327832, 53.210821082718844, 29.459947566964534, 24.680906240564976, 4.187686771983716, 27.55851332659647, 20.159101210893045, 77.49519139049751, 111.8463093007635, 80.82632766561471, 63.36931859060223, 14.99175779064904, 26.209518626345123, 55.21741640447834, 44.4729802925556, 101.25196252405159, 77.82651562707309, 64.24643283383011, 31.97223284484301, 74.31622759229421, 92.64361473047077, 44.96876953485869, 48.45106313961653, 0.0, 97.05226763928634, 16.413140017331898, 58.635705753285784, 64.69341074335185, 70.88033458712584, 74.10159346851263, 31.726131958818627, 57.8549247691556, 111.96770672509443, 68.56448988261882, 79.57516095874188, 64.56402367646551, 40.65323839069846, 41.16666901070033, 101.6522776815443, 82.33646041900785, 81.62541681831817, 100.11077593080515], [47.94077017165795, 85.79559547774666, 80.24387071985731, 39.34564677277296, 62.84622323479362, 76.50113992815399, 76.62162118420295, 98.65205494674186, 79.48412452416844, 80.3958627395853, 23.949783948209706, 16.568767328620616, 60.93424832995749, 64.27300250032397, 83.7026453118984, 93.38378852646319, 82.36008188249974, 64.5204725818515, 13.301768616320652, 19.63249160532109, 69.4795443243722, 81.99293027458344, 57.811417041273884, 4.585664399288718, 52.89917860505792, 61.419018899521184, 97.05226763928634, 0.0, 108.0622233146783, 61.0208054861522, 72.86071348170813, 44.218344420409196, 71.39078245856389, 81.5326194036372, 39.362742560982845, 17.76458580595519, 77.92606304233351, 40.64867553658819, 47.88465365110615, 61.82858761486415, 63.62215748999913, 17.956458651602208, 64.71381750604371, 18.1704114451904, 19.884395138859524], [69.41979475103574, 31.66349365115132, 31.35620260095553, 69.04722091671836, 56.260306282929605, 33.59358897917775, 40.397461055528346, 18.861649856835083, 30.7791224311819, 35.989286810507785, 90.32505026203494, 123.57365450696791, 82.44831093190578, 64.84118768173236, 30.57748910687218, 21.352148235443643, 71.54673383018269, 48.874530674829415, 113.61964577611646, 88.4778661347768, 80.59417276297758, 32.05937804991215, 76.7082400025483, 103.53266562318076, 58.01056994320385, 52.9765853644282, 16.413140017331898, 108.0622233146783, 0.0, 61.43891443184027, 63.91447780698341, 76.47896896668527, 90.47526986289891, 48.138253216732124, 69.80109303783688, 123.92093330641485, 66.48151524723704, 94.46445800881224, 70.09288045053191, 47.70282492980224, 47.0869698621221, 110.45434116832784, 83.20937169157867, 93.9180008237269, 108.5966008033912], [13.082430552398343, 57.04158395411914, 48.47315865375111, 35.99248987132517, 5.426010389295335, 29.23292752232779, 53.7553438145382, 62.224843136631, 31.481196176050805, 54.185901683427126, 55.719790857401236, 77.51586586446219, 22.33351410253713, 6.52610420917389, 53.169039531096224, 41.09482133593225, 83.70182957584812, 14.513798536833125, 71.68351416229959, 43.92453275090115, 80.9440786142231, 29.435363448814407, 15.68156705874187, 56.71559208412772, 41.34511183012295, 11.137398721488358, 58.635705753285784, 61.0208054861522, 61.43891443184027, 0.0, 14.251722034098915, 18.056235485756524, 89.22796725811446, 66.0744608797683, 39.261829168081185, 78.78446147515962, 20.406166679198204, 72.16871207069423, 13.155970631820272, 21.269001237114352, 19.02416041393962, 55.79055493559474, 24.36177891266513, 55.48696741999062, 53.25998775214963], [25.968384924909607, 66.11590070137983, 57.6377872445039, 50.24394476475422, 16.903250726841474, 35.96819358115918, 64.45780107778786, 68.64286602186246, 37.30658635534451, 64.13221898302618, 69.62008181426066, 89.08728326786377, 20.414004615867743, 8.808850149456784, 62.15591692684173, 42.57314386259275, 96.31997775269558, 24.90760888742893, 84.27529533209001, 57.01850290943247, 94.52310874819122, 32.918586232510094, 17.57972197489071, 68.77627928655863, 54.87890767929858, 23.09912940207026, 64.69341074335185, 72.86071348170813, 63.91447780698341, 14.251722034098915, 0.0, 28.646257888755525, 103.03835495454985, 77.21113349196052, 53.50855538463817, 90.54294743161094, 6.175745518562188, 86.40273248424683, 25.743673563774113, 32.94952063426317, 30.02010550730261, 65.1410668208152, 19.9843912501144, 69.03231771412216, 62.383098952156786], [7.122530045340641, 65.78293751713485, 57.63684003275417, 29.8857145123576, 21.655824964897317, 42.961150568971334, 60.05697111790335, 73.95654605175554, 45.70874851433312, 61.76852741038107, 43.78780365788102, 60.458468419285495, 20.85981082368393, 20.15130510178116, 62.26444297607185, 57.3767979283727, 84.19856773323613, 27.616234855907997, 55.84551477125803, 29.42153417902968, 78.12981785856661, 45.36884158451845, 15.136609058575448, 40.17388422877722, 41.11686187428921, 23.533087565045907, 70.88033458712584, 44.218344420409196, 76.47896896668527, 18.056235485756524, 28.646257888755525, 0.0, 85.04583453426446, 70.82804536207733, 33.182185518173036, 61.89809817846606, 33.78368399229493, 62.797180542756216, 6.39767656297647, 30.261701203376273, 29.849806406338768, 37.74009791617485, 24.69446137505977, 42.047715925353806, 35.204284177812454], [81.78583758005321, 58.84061567949864, 61.32524292735585, 55.245197706613894, 86.19099802116197, 77.87168919947013, 51.04582616185362, 72.38690565910056, 79.40996148041657, 55.031765259284, 49.25329480478606, 76.5045993910563, 105.48549106580028, 95.66230175797581, 60.462648773376245, 90.49118198926256, 22.50910358109268, 79.55916873429663, 64.7597067731986, 63.815112253815194, 9.986482975959012, 85.72992024257877, 98.7806764017892, 69.57388618708285, 48.26964943464553, 80.24350592492425, 74.10159346851263, 71.39078245856389, 90.47526986289891, 89.22796725811446, 103.03835495454985, 85.04583453426446, 0.0, 42.6012794996543, 51.89872594899605, 75.05203604222312, 109.16311781708599, 30.94034422554394, 82.50315830402619, 71.46771210118293, 74.7495218657316, 87.29173486970308, 109.08288380197928, 54.73134182543419, 87.9935116219759], [64.80020646681407, 16.988213753236955, 22.26960383511591, 46.05648193800557, 61.316366983804635, 43.78358310379257, 12.938408496123607, 29.797416214774618, 44.13002146630407, 14.89461327064348, 58.451470719858484, 93.66011509292858, 87.284857682503, 72.34156148053157, 19.622800370336208, 51.761479851359056, 23.871375368706776, 52.43551472343314, 81.87913369270318, 64.92561705943972, 32.92301871368533, 50.651858406919786, 80.10350316263226, 77.74945552434014, 31.312673221252247, 55.04039588579156, 31.726131958818627, 81.5326194036372, 48.138253216732124, 66.0744608797683, 77.21113349196052, 70.82804536207733, 42.6012794996543, 0.0, 44.32506232186504, 93.19041770162839, 82.64317679270192, 53.69063737604158, 65.6625520140456, 44.83484388010486, 47.405417341842345, 91.2669412333478, 89.99355173070931, 63.79361972733423, 90.57516918622704], [30.085796745017518, 46.5053051740939, 40.92612396488772, 3.3883407934276883, 37.57882849806786, 40.96430196278771, 37.585088744426905, 59.321158123523276, 43.74827562825698, 41.16216637523957, 21.00921853042025, 54.0245023215735, 53.60933702411655, 45.318351205547955, 44.34081870043082, 57.874566786530096, 52.44702414348504, 33.95090028062516, 43.81916255034395, 20.940407992626533, 45.02700680945855, 47.93463248902155, 46.9998109532177, 35.077976473812214, 13.7148092966461, 32.81181048783542, 57.8549247691556, 39.362742560982845, 69.80109303783688, 39.261829168081185, 53.50855538463817, 33.182185518173036, 51.89872594899605, 44.32506232186504, 0.0, 54.231100022607635, 59.667990882294056, 33.21962100551227, 30.75946125304411, 27.801729205073674, 30.68383454671535, 47.00721219817948, 57.24760590831265, 24.123116517493205, 46.252648652930375], [65.70364379700169, 99.6618297230673, 94.9160737144292, 54.88190923357835, 80.54943217958343, 93.24998086420194, 90.08983079035548, 113.19468052823284, 96.20829677876289, 94.16726804976173, 35.03232119850338, 2.350417829044219, 77.82818363550435, 81.99444147745272, 97.98121862980003, 110.24635645718838, 89.92190771516941, 81.89612625954894, 11.338547370567134, 36.498493202102054, 75.47857510979469, 99.08276319839443, 75.16066397332847, 22.128178210664547, 67.08397264609619, 78.92553314760386, 111.96770672509443, 17.76458580595519, 123.92093330641485, 78.78446147515962, 90.54294743161094, 61.89809817846606, 75.05203604222312, 93.19041770162839, 54.231100022607635, 0.0, 95.51860772127154, 44.72006230251003, 65.64922010189342, 78.7065732358338, 80.69948244409447, 30.272724037355697, 81.509421591425, 30.377625268010426, 33.033700170206174], [31.74165573151359, 70.97012828921919, 62.582192004070514, 56.39526616197261, 22.982463383391348, 40.53601736589585, 69.81100248427853, 72.60128961375156, 41.568566707845406, 69.265301537449, 75.54517040390343, 93.98997621935145, 21.967785975631934, 14.662317158737055, 67.01068798164027, 45.18635013067697, 102.14637833812424, 30.630127764379306, 89.6114755967968, 62.63037401382373, 100.59962876522046, 36.593685001677265, 21.064811265856594, 73.94446235268535, 60.96910850911874, 29.090406990960922, 68.56448988261882, 77.92606304233351, 66.48151524723704, 20.406166679198204, 6.175745518562188, 33.78368399229493, 109.16311781708599, 82.64317679270192, 59.667990882294056, 95.51860772127154, 0.0, 92.51797013522499, 31.451326507809444, 38.766522161426316, 35.74589505778664, 69.28988462577001, 20.417835759863628, 74.79886982740446, 66.46975434738641], [61.65213416256366, 64.87985943198079, 63.12432865473835, 36.312941761898, 70.77450878108682, 71.34441178777466, 55.070236155557026, 79.48193712956171, 73.76910080748388, 59.598418492543345, 20.55340004052052, 45.98936674861392, 83.61745731326478, 77.96745931878853, 64.58555734147235, 87.30021010518216, 45.649639854073996, 66.88154814322941, 34.029865983955425, 36.41811952112568, 30.799153978262744, 78.96301439460709, 77.74838335219353, 39.21461909407961, 38.43619753242093, 65.99422979123143, 79.57516095874188, 40.64867553658819, 94.46445800881224, 72.16871207069423, 86.40273248424683, 62.797180542756216, 30.94034422554394, 53.69063737604158, 33.21962100551227, 44.72006230251003, 92.51797013522499, 0.0, 62.175205664842146, 60.028682649976, 63.14968512001931, 57.216920439992, 87.48210002000069, 25.189443532078265, 58.228071451653726], [0.8634042174299142, 59.85204211199963, 51.608062434952664, 27.373542886745394, 15.858698383886937, 36.56473028744072, 54.50845748348533, 67.68685569394863, 39.31863742048326, 56.001942910797005, 44.258825680067616, 64.36521949637599, 23.11110600328042, 16.935983663513184, 56.26700714073955, 51.124992950152674, 80.1747442615144, 21.245835203267433, 58.7564891161983, 31.281892469686767, 75.08773960912997, 39.10382100885329, 16.27763310799239, 43.608348417002155, 36.881465499760324, 17.17937071738494, 64.56402367646551, 47.88465365110615, 70.09288045053191, 13.155970631820272, 25.743673563774113, 6.39767656297647, 82.50315830402619, 65.6625520140456, 30.75946125304411, 65.64922010189342, 31.451326507809444, 62.175205664842146, 0.0, 24.007341123306855, 23.47788151247565, 43.15331918029932, 26.601434516866938, 43.347602195279094, 40.750129163794334], [23.204976126416753, 36.38790941684482, 27.937404481373946, 25.565975644410056, 16.516340874817242, 14.720133763465714, 32.49571210760763, 43.695080800972825, 17.713569270542614, 33.115795031665954, 48.36304480510995, 78.01760206289806, 43.03038634258874, 27.508697665163762, 32.64625723949678, 31.565617869899338, 63.38522668670043, 8.205951521723147, 69.4007665674978, 42.28910836369134, 62.4536443663246, 20.537163150636374, 35.956765211782205, 57.24314202247682, 23.470115887277213, 10.20807190693245, 40.65323839069846, 61.82858761486415, 47.70282492980224, 21.269001237114352, 32.94952063426317, 30.261701203376273, 71.46771210118293, 44.83484388010486, 27.801729205073674, 78.7065732358338, 38.766522161426316, 60.028682649976, 24.007341123306855, 0.0, 3.298815227587662, 62.77531452648239, 45.447105685904226, 50.36358174025972, 60.89419479336011], [22.727750261054574, 38.090002246179715, 29.544344086053922, 28.29520948983336, 13.973035033475108, 13.571186400609994, 34.869785613085305, 44.41916589292119, 16.51325926615021, 35.164387993230385, 51.020689921384616, 79.93565778084752, 41.14366617280881, 25.040785874769167, 34.25547543981266, 29.87326330647676, 66.41440983492153, 5.118108686737545, 71.6183180462335, 44.2093463894949, 65.70820210007027, 18.386630233899368, 34.180087645168534, 59.039476047688844, 26.768284832700534, 7.907359396274733, 41.16666901070033, 63.62215748999913, 47.0869698621221, 19.02416041393962, 30.02010550730261, 29.849806406338768, 74.7495218657316, 47.405417341842345, 30.68383454671535, 80.69948244409447, 35.74589505778664, 63.14968512001931, 23.47788151247565, 3.298815227587662, 0.0, 63.71506992085881, 43.36691464134258, 52.79297879507893, 61.72186339964699], [43.52765972632324, 92.47951518011682, 85.75701658089885, 45.70460895241746, 59.011824678557915, 77.25894624772808, 84.19255809214275, 103.89233960411033, 80.22122886609655, 87.38986779338344, 38.17138956560188, 28.138910975054223, 49.527568385242496, 57.32229852372062, 89.78531295357807, 93.2658849680645, 95.78822777998685, 63.17370032298054, 30.563124752236533, 26.449883496982526, 84.22130601618467, 81.32755662291636, 48.25395234990558, 18.076424372873543, 60.525377434459045, 59.431520600692814, 101.6522776815443, 17.956458651602208, 110.45434116832784, 55.79055493559474, 65.1410668208152, 37.74009791617485, 87.29173486970308, 91.2669412333478, 47.00721219817948, 30.272724037355697, 69.28988462577001, 57.216920439992, 43.15331918029932, 62.77531452648239, 63.71506992085881, 0.0, 52.93661554679567, 32.5683190562921, 2.9287363691448753], [27.34521366565581, 81.40219900936938, 72.83218240823317, 53.87520443791309, 29.640452007747943, 52.90819504212901, 77.91106529075397, 86.07592247585116, 54.818024259039525, 78.50275919945221, 68.22098102114435, 79.70279469482215, 3.9316961673982664, 18.974725469336974, 77.52480837787222, 61.99307136960345, 106.25029552013308, 38.8419313690825, 77.46101202852036, 53.182446853247654, 101.6745806105911, 51.47707965710808, 10.361335675646721, 61.35349133761542, 63.03703256042632, 35.46183064812833, 82.33646041900785, 64.71381750604371, 83.20937169157867, 24.36177891266513, 19.9843912501144, 24.69446137505977, 109.08288380197928, 89.99355173070931, 57.24760590831265, 81.509421591425, 20.417835759863628, 87.48210002000069, 26.601434516866938, 45.447105685904226, 43.36691464134258, 52.93661554679567, 0.0, 65.98850406645167, 50.0144698293825], [43.07344059242813, 69.33174255447665, 64.55449024454681, 25.252816652938993, 55.76782094655698, 64.41764858349539, 59.83289869667148, 82.81770946308447, 67.29999199500219, 63.847928457671266, 5.825199957757713, 30.41922630635419, 62.056931060380386, 60.2317280869853, 67.60595376795132, 81.45281808174411, 64.30475538967485, 54.940363576600504, 19.7063386206294, 12.812008884439722, 51.88400878259916, 70.89271706581732, 57.12374656552052, 15.244598035939637, 36.708740530751044, 52.6729840877706, 81.62541681831817, 18.1704114451904, 93.9180008237269, 55.48696741999062, 69.03231771412216, 42.047715925353806, 54.73134182543419, 63.79361972733423, 24.123116517493205, 30.377625268010426, 74.79886982740446, 25.189443532078265, 43.347602195279094, 50.36358174025972, 52.79297879507893, 32.5683190562921, 65.98850406645167, 0.0, 33.297349132007874], [41.155479016239724, 91.2737991341077, 84.3957629530394, 44.76165139183551, 56.602169578627674, 75.28597698057435, 83.15695620967516, 102.4374266729318, 78.23511144185358, 86.24992000794961, 38.75472171828438, 30.930909521134545, 46.61547859366214, 54.63898207214572, 88.49573310513068, 91.14174800946738, 95.82500425247106, 61.01254887555756, 32.80242251588112, 26.091984894295514, 84.60691840780053, 79.1731110220222, 45.42077851971959, 19.414232906535826, 59.62894579532024, 57.217172609306516, 100.11077593080515, 19.884395138859524, 108.5966008033912, 53.25998775214963, 62.383098952156786, 35.204284177812454, 8