instance_id,num_cities,city_coordinates,distance_matrix,best_route,total_distance
432,68,"[[5.603115494628708, 47.00251540972729], [33.57088134394688, 83.66085044035009], [20.82150835243076, 47.43960846571286], [65.7386544347725, 7.819658282907726], [58.51684260253366, 63.48396502366727], [95.46206551235281, 19.356144221292592], [14.230137382628005, 92.78436732962334], [3.3895212641416816, 70.62901099062634], [11.790212981547443, 64.363823597643], [98.80317748248942, 86.28021175766443], [8.412186266963284, 85.56991764874384], [81.10387260996227, 70.28688921003048], [13.929228985805064, 90.41004516208764], [8.883699856745642, 46.28037642362439], [22.071492119790626, 78.35823107304682], [68.43199194495241, 43.70543295473497], [89.72057954053241, 91.1094328839851], [93.07662163351709, 45.801702348346765], [0.40792976774579603, 70.04914040716234], [94.63893494719777, 93.38315756408704], [84.7505003745943, 40.85310410015809], [19.57890198067014, 51.4923863445117], [77.95136812790798, 92.39101001941134], [92.10487347181139, 79.09511833117084], [1.8924024503505277, 27.93974117613991], [31.8865894618629, 86.5368180291953], [10.08980554681289, 30.00968612946474], [29.297496696669644, 81.78903320637315], [46.48571890802901, 92.22254405093489], [94.13702774151324, 11.248977519166292], [6.849709496247747, 62.19557064314102], [30.338418860496297, 58.71200542729993], [53.78549556361698, 64.6821231967553], [37.71559154012741, 53.25813770629376], [72.87717620672358, 40.679735726162846], [93.01899460538608, 54.42955638718774], [39.089302882666686, 61.53048317659412], [61.15297922818228, 85.30943471282436], [41.56026857118839, 79.65081327046697], [57.2760878941033, 80.7320224212825], [96.03897563509511, 55.48165366355199], [47.20079863215442, 85.5005082699374], [99.2947670433877, 60.12222066381299], [36.234054319239725, 33.84323921921657], [21.96823947553318, 77.5843123324783], [57.8200629624544, 85.662962687339], [85.56390138575281, 76.35022449290065], [88.73065394550032, 50.984926853405646], [63.033762870952415, 12.090742998963954], [85.28845294644347, 56.98833817779523], [70.9790488336629, 75.64207969335729], [27.418099851351528, 13.409828597215402], [74.87769112735576, 17.818672973489814], [91.86895475428769, 11.407553187127906], [12.74700559540467, 36.73226003902019], [40.075530248776104, 95.26097911298498], [18.013025450333807, 52.0377069162299], [73.18701941754188, 15.043644429519299], [67.5631476814058, 56.949117873892305], [2.3757532339527487, 3.7434772214067435], [39.57480189244157, 59.12935736182329], [48.96988587485427, 0.09784465789113295], [64.13923542944089, 97.10551365615824], [45.693854831855255, 76.47068924108352], [23.609421501625793, 44.1397493264011], [91.26172262206163, 30.466141574441995], [2.861408345903693, 35.675090346561056], [37.23943633946111, 54.70523468042992]]","[[0.0, 46.10888692887386, 15.224668519018449, 71.77450338554983, 55.4211214053512, 94.01570474222139, 46.587589247258855, 23.729966136753923, 18.430821937950174, 101.13846441854767, 38.66956676858539, 79.00966009457854, 44.19884393363698, 3.359124658629967, 35.41734509286547, 62.915327772531384, 94.97982905119851, 87.48174797201143, 23.62492070905649, 100.39193748624064, 79.38591684166444, 14.679289795982644, 85.40717242727403, 92.2631524250962, 19.420575500682233, 47.47401486491271, 17.575170968514552, 42.0894941875522, 60.96095678521627, 95.48072627201172, 15.244111123001987, 27.366903169213973, 51.323584058555184, 32.71611113946808, 67.5705319471552, 87.73082045887536, 36.501871092067525, 67.47745866072877, 48.567769256727495, 61.70717721496759, 90.83248639596668, 56.67859116698985, 94.6057727408225, 33.33798078971198, 34.6852070187675, 64.97106884269846, 85.17637764519438, 83.22287696185394, 67.20945700513116, 80.30859020780315, 71.37392592751235, 40.05448975792316, 75.17089522173828, 93.32093205064764, 12.510528012498224, 59.30621129342692, 13.392498594954738, 74.75930379418429, 62.75333050258437, 43.37926062233208, 36.071259645907276, 63.88055190391958, 77.05055334197527, 49.75581020906475, 18.232456928934788, 87.24017786910002, 11.654506280877639, 32.56053870500964], [46.10888692887386, 0.0, 38.39954272985582, 82.3811389426302, 32.08438386868073, 89.25028806500757, 21.384642559700332, 32.87466099764734, 29.09936011806764, 65.28486435014746, 25.231022087557275, 49.37861984386752, 20.76887422924093, 44.79683881142861, 12.66308511710873, 53.02577127006583, 56.64159238569541, 70.52835048164687, 35.84773364207341, 61.8371282216258, 66.72223430647709, 35.07970308864665, 45.23099925335744, 58.71178880018641, 64.09655250203461, 3.332870942017129, 58.56456567331794, 4.6653527306086815, 15.495019418773095, 94.40199907525853, 34.27505305155253, 25.157378265473398, 27.727652548256874, 30.68393006444699, 58.243978554986, 66.24610722425393, 22.808027786455554, 27.63132196980435, 8.939278850704568, 23.885452709774086, 68.52977407925182, 13.753508142046545, 69.81186319809864, 49.888745004022084, 13.097542277201649, 24.33169255553148, 52.504470141228495, 64.1117500596803, 77.39729754355717, 58.190464191785765, 38.25796229847421, 70.51994604436543, 77.72673200424836, 92.83967000867663, 51.34127382765758, 13.29937752666576, 35.24301471715403, 79.23231257889003, 43.231826557048265, 85.78999102468089, 25.255518498230145, 84.97002574992064, 33.39435941117366, 14.094853821872997, 40.757184832237314, 78.4723532124872, 56.97108831325078, 29.18708583930999], [15.224668519018449, 38.39954272985582, 0.0, 59.89399356087711, 40.967787365023206, 79.74894191844317, 45.82131957601992, 29.010731864410815, 19.183152866721148, 87.11907474481524, 40.098774956529624, 64.46674862196308, 43.51967307718162, 11.993960588857062, 30.943879578252727, 47.756698113045466, 81.57288504954221, 72.27367523318516, 30.46153517543942, 86.94723786773524, 64.26739500498928, 4.238995061334861, 72.69421833686319, 77.99608610427217, 27.17638450131153, 40.632841589152676, 20.468796685583342, 35.37973089815634, 51.61553083202987, 81.76140380154969, 20.321160967310096, 14.752576686061511, 37.201193087177515, 17.86799734934807, 52.492746500934444, 72.53507009158123, 23.07087053226797, 55.32405700044067, 38.31002336706333, 49.36923329918278, 75.64616233083322, 46.30873621217861, 79.49151515567712, 20.552562610683594, 30.166507313304855, 53.19697219939126, 70.90416895185103, 68.00162746325142, 55.05830292810308, 65.1702783821115, 57.54266461046579, 34.66325052994927, 61.63984681705931, 79.6620904058118, 13.410626573871182, 51.5519238221885, 5.38795745825987, 61.57633664764916, 47.69917836131183, 47.42992481135178, 22.098331336368503, 55.07788810022091, 65.90240980043633, 38.22874926516216, 4.319899312108314, 72.45634799422737, 21.470190470051836, 17.9537651672093], [71.77450338554983, 82.3811389426302, 59.89399356087711, 0.0, 56.130825854156406, 31.88372114251057, 99.35858851807475, 88.50101239359726, 78.15162804684343, 85.14294530927481, 96.59931047398646, 64.3291914240624, 97.49558231122438, 68.64191649399912, 82.96090233304315, 35.98670436065103, 86.67363661965818, 46.797437130131264, 90.22534029291204, 90.31244998856603, 38.11376166951688, 63.545494906931204, 85.44860391071298, 75.99584667204296, 66.94147912982532, 85.6875343410735, 59.9098632813157, 82.45863450155774, 86.57091112127435, 28.60468207991793, 80.15389997361558, 61.993609965701914, 58.10523146049442, 53.38489923477153, 33.62652498646483, 54.006477029294906, 59.958657831108646, 77.6253429509899, 75.79122092838405, 73.40182475049386, 56.478095475213, 79.86217222481535, 62.14153783911813, 39.34143099489537, 82.35870433876596, 78.24502624133, 71.34058397384744, 48.90677307147267, 5.055551703202546, 52.91269889594413, 68.02457334987504, 38.72615276171793, 13.546301578322389, 26.37547316413081, 60.365995287267744, 91.12947125652806, 65.06129023389515, 10.376132071392545, 49.16332551108801, 63.49387766258243, 57.59541995181306, 18.461256855252138, 89.30017979202294, 71.51753660985202, 55.623927234086786, 34.12169713198262, 68.77116525967097, 54.8676836231676], [55.4211214053512, 32.08438386868073, 40.967787365023206, 56.130825854156406, 0.0, 57.55183806467624, 53.102032301275386, 55.58842721121263, 46.73491271894091, 46.28885009607839, 54.75642327492492, 23.589270909502183, 52.08712969299918, 52.53010869533105, 39.36378236803093, 22.124658580060633, 41.67540849706552, 38.82062261207869, 58.4786053070439, 46.89101481014817, 34.64622152906161, 40.742621161262406, 34.83271497862891, 37.03868147310232, 66.85595763633411, 35.22221478031567, 58.87024091578873, 34.479641766411135, 31.15531835592404, 63.22413707541254, 51.68319459459174, 28.579628461111547, 4.88069952060186, 23.178860845304698, 26.94906408535898, 35.670447271996586, 19.525506162295848, 21.98409296426398, 23.428452469498353, 17.292627221967212, 38.36596739843099, 24.754414306431073, 40.9162613986788, 37.08227716703399, 39.17422857905544, 22.189940045705068, 29.95136092989015, 32.69710004037113, 51.59133491965198, 27.548362719532943, 17.41052372757719, 58.94532160875124, 48.50769281753332, 61.84105476746039, 53.014448023578865, 36.74044944963994, 42.09009418569783, 50.61302941977926, 11.159742956311751, 81.98016710365395, 19.436139383925404, 64.10105020812719, 34.08841201269155, 18.250589614206813, 39.908980553986424, 46.50165408689773, 62.21624283980076, 23.017257085133213], [94.01570474222139, 89.25028806500757, 79.74894191844317, 31.88372114251057, 57.55183806467624, 0.0, 109.5003657369215, 105.38624327247199, 95.00878963959703, 67.00741634184868, 109.37067828325262, 52.91595684224284, 108.14924997876348, 90.66822861003241, 94.16699270843795, 36.380114607895635, 71.98263050956311, 26.552926150435393, 107.72682388548722, 74.03158953029146, 24.01784569302577, 82.40747881945094, 75.1047012179585, 59.833232957093145, 93.96254563505556, 92.4936975600513, 86.03441594392856, 90.97041163800824, 87.79632538347009, 8.214735359718956, 98.42441818409657, 76.09187318303036, 61.57418982638713, 66.9626792958732, 31.06079167719491, 35.15839638571744, 70.4028638112087, 74.34345921676655, 80.87552676326744, 72.28531878245711, 36.13011566204149, 81.87934279341395, 40.94584947883502, 60.97403735501203, 93.76492962251297, 76.2464066763529, 57.84720251735268, 32.3371580766123, 33.23222633414244, 38.98312987204929, 61.3801648552237, 68.30329371543269, 20.641712299602055, 8.72298941579815, 84.52047407566644, 93.96388800192608, 84.06211005388423, 22.688660889968727, 46.814327766005455, 94.38652925307265, 68.59515083767612, 50.32300537049772, 83.82174021053363, 75.75583176994438, 76.00677294385169, 11.877496435823772, 94.027600789862, 68.1133815347053], [46.587589247258855, 21.384642559700332, 45.82131957601992, 99.35858851807475, 53.102032301275386, 109.5003657369215, 0.0, 24.665335439363474, 28.525086101612292, 84.82277495718358, 9.268054778765965, 70.55659419924666, 2.393313940654245, 46.81031472232798, 16.419508257171834, 73.12033121758932, 75.50902106763866, 91.78310785470589, 26.607216437739275, 80.41102707666934, 87.57840885244889, 41.6369664649106, 63.722444850042535, 79.06876791187273, 66.0079180420362, 18.729179701407027, 62.91107174013338, 18.65268584360835, 32.26047403461806, 114.16273874767585, 31.466572716344736, 37.68822863671274, 48.52177332012555, 45.97705281137736, 78.44977882293428, 87.628622863184, 39.934739062741905, 47.51449993937203, 30.32204335147458, 44.701374399742896, 89.91205960866002, 33.765649794316, 91.11974014526767, 62.914457348694434, 17.056374055362912, 44.1678165198819, 73.20236975420474, 85.42552424339975, 94.30405541874757, 79.56531853644091, 59.28150619107007, 80.46266061384614, 96.42603956150471, 112.4720936181601, 56.07172559869688, 25.96378127952523, 40.92188383954476, 97.56809896841031, 64.25398891184896, 89.82653580545042, 42.13088789769002, 98.9830369825086, 50.095811934948294, 35.44152378921245, 49.540587716177704, 99.0829268127152, 58.22986791534552, 44.4909898945819], [23.729966136753923, 32.87466099764734, 29.010731864410815, 88.50101239359726, 55.58842721121263, 105.38624327247199, 24.665335439363474, 0.0, 10.479703927119655, 96.68880947867329, 15.762545971293745, 77.7151044032909, 22.413717936804023, 24.960809355564376, 20.217736721349613, 70.39461660183154, 88.72710580229439, 93.0600409793883, 3.037455801315821, 94.04364244215574, 86.63840691610933, 25.066041786269043, 77.6727340156414, 89.11839703917765, 42.71551383322726, 32.63650135418805, 41.16823243285035, 28.209382957952744, 48.20334969053123, 108.44859753326601, 9.115690796434391, 29.46621969739519, 50.74563725115951, 38.471110449949975, 75.6669893565611, 91.0816382202127, 36.84097740279285, 59.599764400765544, 39.22242810376419, 54.825476770688105, 93.87951762354477, 46.26650468692768, 96.47905892445887, 49.31486952660096, 19.83796832173743, 56.46860697051813, 82.37330291004268, 87.5728209487822, 83.57131311829016, 83.02712186682763, 67.7751805227354, 62.059708528901005, 88.87907645715029, 106.46967274819961, 35.164644717173594, 44.18820101341046, 23.653402754577368, 89.22681056838545, 65.6154997178856, 66.89321604776113, 37.96862609749341, 83.97746758685606, 66.26864239263901, 42.70575890193548, 33.32454574528516, 96.61562943555408, 34.95791000111453, 37.408333330736745], [18.430821937950174, 29.09936011806764, 19.183152866721148, 78.15162804684343, 46.73491271894091, 95.00878963959703, 28.525086101612292, 10.479703927119655, 0.0, 89.7306194184734, 21.47346011681812, 69.5662714059938, 26.13390608482802, 18.315536580732953, 17.365141557330098, 60.29146065649941, 82.39216982283833, 83.37884969708195, 12.723175640687895, 87.7840103617831, 76.65479416034857, 15.044519709394223, 71.85277746212283, 81.65448998182788, 37.744939178119274, 29.925006761907763, 34.396193781094304, 24.701071089933816, 44.49591483259088, 97.99073821056965, 5.395358705680748, 19.390177667017213, 41.99648882683728, 28.203927253540275, 65.51757851430419, 81.83400655657765, 27.445730585483425, 53.62276863896828, 33.4656280841603, 48.341315138201104, 84.71568303089977, 41.239168457365594, 87.60729522710879, 39.10252485636857, 16.68453013123782, 50.71883688756098, 74.74109249390605, 78.09498276983281, 73.20093141855459, 73.86737482214883, 60.253774571301214, 53.29672086084655, 78.39949582378034, 96.00505955259239, 27.648123929123006, 41.889060527147315, 13.807843693549454, 78.75308193153326, 56.263648175393726, 61.34703291206464, 28.273362334913717, 74.24583574543374, 61.744946506883686, 36.000460086258116, 23.424492954380067, 86.39892181670085, 30.046080738978723, 27.22042081586341], [101.13846441854767, 65.28486435014746, 87.11907474481524, 85.14294530927481, 46.28885009607839, 67.00741634184868, 84.82277495718358, 96.68880947867329, 89.7306194184734, 0.0, 90.39378192467936, 23.854805785906535, 84.9743647070463, 98.41493424900997, 77.13954444101714, 52.29742537710502, 10.28663997922273, 40.88157489495259, 99.72498408137677, 8.233635589562413, 47.55102358546481, 86.52559520606697, 21.72877835396134, 9.823077123127296, 113.11635082959299, 66.91708002521364, 105.054435483094, 69.65063062370545, 52.653848717582136, 75.17618681974757, 95.05530081122339, 73.80670141282111, 49.93064304446367, 69.44170599085014, 52.45532343290395, 32.371608225181696, 64.63973920553829, 37.66271148841279, 57.625511233563586, 41.896080659104484, 30.92235425270135, 51.60826911011718, 26.162609930249612, 81.63658041843647, 77.32545742086342, 40.987762468535934, 16.549413241682984, 36.704398467704074, 82.3621775838293, 32.25928760999291, 29.78845395256505, 102.0094213803521, 72.5217980336032, 75.19307445679054, 99.30087733435478, 59.4103587928727, 87.74735211500393, 75.70228582219781, 42.85151724724864, 126.92738355105233, 65.15496427333792, 99.55278675844131, 36.31495614551448, 54.00765579445632, 86.19698087769885, 56.321256838156145, 108.46981782085939, 69.18867971679819], [38.66956676858539, 25.231022087557275, 40.098774956529624, 96.59931047398646, 54.75642327492492, 109.37067828325262, 9.268054778765965, 15.762545971293745, 21.47346011681812, 90.39378192467936, 0.0, 74.28090078645698, 7.339250282348516, 39.29237043938314, 15.446198873741457, 73.17794853860335, 81.4968775216011, 93.53917662731538, 17.463179787428736, 86.58001447181117, 88.4710778431817, 35.86047517283714, 69.87292118566904, 83.94277168268503, 57.99780014171949, 23.49430785748817, 55.58555327532521, 21.224779831879573, 38.65037290657655, 113.45638187242254, 23.42651129804349, 34.6714165363992, 49.95034688166164, 43.62041590416835, 78.55484301413766, 90.15561056703477, 38.974092594879565, 52.74143621042257, 33.67240943396564, 49.10281165532896, 92.64857173539986, 38.78867446663942, 94.37811595078684, 58.73419449749866, 15.733291799898284, 49.40796430673967, 77.7006427750682, 87.4481437112408, 91.55711735260294, 82.01748023213531, 63.34961924043973, 74.6210640710902, 94.90992830780662, 111.64716077395079, 49.02965897714186, 33.113200153629094, 34.879582417722055, 95.75872923069731, 65.71138726282537, 82.04879570579062, 40.86822532123929, 94.60656562225253, 56.90847022722954, 38.37601814411217, 44.1295230655773, 99.50111462642799, 50.20263864622623, 42.23315050380273], [79.00966009457854, 49.37861984386752, 64.46674862196308, 64.3291914240624, 23.589270909502183, 52.91595684224284, 70.55659419924666, 77.7151044032909, 69.5662714059938, 23.854805785906535, 74.28090078645698, 0.0, 70.12399126906095, 76.10562402784917, 59.5816121450744, 29.447417140395174, 22.53499419527511, 27.25566170234364, 80.6962930727771, 26.77004901667992, 29.658819935188433, 64.33160458823681, 22.3277952620736, 14.092796749152035, 89.82058757017404, 51.83050402135898, 81.64098730933264, 53.06788013273178, 40.98279540282689, 60.45939256642719, 74.69370907826851, 52.06831309897496, 27.88740085611869, 46.61031336486599, 30.72884753986644, 19.834947351083095, 42.91734749483224, 24.97428717931034, 40.637171335920456, 26.016612620902862, 21.029795575754953, 37.16009459143874, 20.838165152970916, 57.80519196486947, 59.5841882586129, 27.902677779757465, 7.527010790039962, 20.75412114151485, 60.93701912466421, 13.941383437429387, 11.453825632243184, 78.2122894476503, 52.836342141548194, 59.855352342726604, 76.14837100588512, 48.031552581480824, 65.67714708870935, 55.8076397847984, 19.006508774783963, 103.08318223440193, 43.00179335335438, 77.19517522898889, 31.733854664209478, 35.94591411926961, 63.160785558311225, 41.09591049150186, 85.55617940673686, 46.549723170054186], [44.19884393363698, 20.76887422924093, 43.51967307718162, 97.49558231122438, 52.08712969299918, 108.14924997876348, 2.393313940654245, 22.413717936804023, 26.13390608482802, 84.9743647070463, 7.339250282348516, 70.12399126906095, 0.0, 44.41717040918622, 14.544506584269648, 71.77654193133158, 75.79457739241714, 90.85270503138213, 24.44160336359769, 80.76444783275244, 86.43808702499203, 39.32560200162426, 64.05277919104476, 78.99024598006675, 63.619368694929214, 18.370320729101536, 60.52226485859261, 17.621166237606836, 32.606903997128306, 112.69323676070073, 29.089107387187223, 35.693518114243794, 47.43888651913995, 44.11411646139523, 77.12304557104203, 86.8895079871037, 38.302198617957956, 47.49840854080857, 29.65190414571529, 44.41412276953644, 89.23005674931277, 33.63184353001274, 90.57939832378483, 60.80549948593024, 15.136879211729127, 44.146801686960984, 73.00140304882868, 84.5552667174227, 92.44007972409077, 78.79815570182116, 58.93025325551084, 78.17277651628227, 94.78513783101005, 110.97745082276784, 53.69080245128593, 26.592491984205044, 38.589036474343516, 95.87272858448182, 63.215748746908034, 87.43327055855394, 40.449682804284336, 96.87177708252422, 50.65445731053727, 34.68857302674748, 47.272046749271425, 97.84470424773443, 55.842742880116155, 42.64034777533522], [3.359124658629967, 44.79683881142861, 11.993960588857062, 68.64191649399912, 52.53010869533105, 90.66822861003241, 46.81031472232798, 24.960809355564376, 18.315536580732953, 98.41493424900997, 39.29237043938314, 76.10562402784917, 44.41717040918622, 0.0, 34.68294427644086, 59.60393799482016, 92.43508760279956, 84.1942825029105, 25.234754207376685, 97.8398300110187, 76.06067778877667, 11.897579412932147, 83.04536911243301, 89.45709040835054, 19.627968328534084, 46.3650085832835, 16.315331856388138, 40.95836676354101, 59.368296278645, 92.17010808624974, 16.0446415924923, 24.796176463618867, 48.526235605124405, 29.664239928914046, 64.23808988113865, 84.52903025895392, 33.83702425061198, 65.23300511973261, 46.704862683652195, 59.40319126028624, 87.63963486257893, 54.83081980607812, 91.46451618959752, 30.04537021015609, 33.92847742562661, 62.81525081405547, 82.36533900518174, 79.9854291230475, 64.04030260824211, 77.15145325673701, 68.68727672185717, 37.73588342106604, 71.86985075195834, 90.01481173059219, 10.300080471739188, 58.06918049204925, 10.793120039860074, 71.48881263672959, 59.6414255458375, 43.0318621835582, 33.27221145814774, 61.153320022476045, 75.07575365010523, 47.6071685495748, 14.880496037829465, 83.88223088704791, 12.195904551033202, 29.580838867829037], [35.41734509286547, 12.66308511710873, 30.943879578252727, 82.96090233304315, 39.36378236803093, 94.16699270843795, 16.419508257171834, 20.217736721349613, 17.365141557330098, 77.13954444101714, 15.446198873741457, 59.5816121450744, 14.544506584269648, 34.68294427644086, 0.0, 57.8801551610507, 68.84033829436372, 78.11309736441956, 23.202390425876875, 74.10655959205074, 73.04308745568093, 26.981227151102658, 57.61492365385986, 70.0372579876508, 54.3067195047888, 12.775970430211407, 49.811069164339884, 7.9990965379293275, 28.076211354389894, 98.47382056671101, 22.20212283568476, 21.314695865993432, 34.53713857688551, 29.5762156756591, 63.25256158564955, 74.87409152146854, 23.93280139113741, 39.69485944861173, 19.531594310491997, 35.28453555026213, 77.4243270010108, 26.12458936231443, 79.3472511532135, 46.71362400627721, 0.7807761046223921, 36.48725011904556, 63.52415386939327, 72.06068025773264, 77.90563266375673, 66.73122551334633, 48.98292133017408, 65.16809954569621, 80.33388294185843, 96.71648804417005, 42.65756103516796, 24.69510640292113, 26.631581695360776, 81.37280880471012, 50.27763771012759, 77.17048414128256, 26.002219851381184, 82.75392237502662, 46.05600537842657, 23.69765461533594, 34.25302497340984, 84.1483228204803, 46.806813829577656, 28.098590181718787], [62.915327772531384, 53.02577127006583, 47.756698113045466, 35.98670436065103, 22.124658580060633, 36.380114607895635, 73.12033121758932, 70.39461660183154, 60.29146065649941, 52.29742537710502, 73.17794853860335, 29.447417140395174, 71.77654193133158, 59.60393799482016, 57.8801551610507, 0.0, 51.96482628766336, 24.73362322542084, 72.94699416307398, 56.166539717927805, 16.56591371651274, 49.46979929363786, 49.60749879839906, 42.57740187972746, 68.3818251245738, 56.303587719147245, 59.928158613602974, 54.606495277251064, 53.24987295132446, 41.402540559046955, 64.29823250547601, 40.94285685824994, 25.584006522789643, 32.16755231440508, 5.377221107606329, 26.824010200166843, 34.33257661198448, 42.23596794697626, 44.879392633130735, 38.67069333120367, 30.013745561835094, 46.87848003176769, 34.957428473237734, 33.67447182401208, 57.50355433737244, 43.27871691711682, 36.86712269296425, 21.5644779772957, 32.07225433509324, 21.46103093189119, 32.038053993678886, 50.98983220263522, 26.67716964515971, 39.905441523794295, 56.11989705320009, 58.83930029837339, 51.10282743405574, 29.053543806724594, 13.27215433123852, 77.20352698340312, 32.720557174997886, 47.75348500110523, 53.57234713375908, 39.882137591710276, 44.824674587303754, 26.39082111344096, 66.06048619200809, 33.07523489268472], [94.97982905119851, 56.64159238569541, 81.57288504954221, 86.67363661965818, 41.67540849706552, 71.98263050956311, 75.50902106763866, 88.72710580229439, 82.39216982283833, 10.28663997922273, 81.4968775216011, 22.53499419527511, 75.79457739241714, 92.43508760279956, 68.84033829436372, 51.96482628766336, 0.0, 45.43185517695594, 91.76211270805483, 5.418490917882861, 50.5014877973294, 80.55659692056565, 11.838782759603982, 12.248616726989956, 108.18594474999308, 58.01447418558483, 100.37050971428489, 61.13770351024589, 43.24918716440786, 79.98248149306299, 87.77011183528951, 67.64491342917667, 44.606422830492846, 64.32137532384539, 53.16817272856974, 36.827881852753364, 58.638216563924445, 29.150433382570064, 49.50470195962421, 34.06370041710997, 36.18370878430942, 42.8881312698809, 32.432582190103425, 78.35958982217016, 69.08913424132692, 32.36212285297712, 15.333369023599456, 40.13671557167709, 83.40347435869153, 34.407744042508924, 24.299876295161607, 99.59331042666167, 74.77865219903255, 79.73082931508598, 94.24334465890541, 49.818332521998734, 81.66133163069358, 77.84190891505735, 40.7170591789315, 123.5391795802537, 59.47540875298748, 99.71824419668663, 26.274667479465872, 46.39660875555707, 81.0976965810057, 60.66287087545273, 103.04116630344534, 63.871245788187686], [87.48174797201143, 70.52835048164687, 72.27367523318516, 46.797437130131264, 38.82062261207869, 26.552926150435393, 91.78310785470589, 93.0600409793883, 83.37884969708195, 40.88157489495259, 93.53917662731538, 27.25566170234364, 90.85270503138213, 84.1942825029105, 78.11309736441956, 24.73362322542084, 45.43185517695594, 0.0, 95.78843721728298, 47.60709719503597, 9.685706987115713, 73.7176958301919, 48.9830264773223, 33.30759436367544, 92.91722921482962, 73.50897691234852, 84.47602867361783, 73.23158307721508, 65.76934514766464, 34.56899267023759, 87.77151755777855, 64.05277521527933, 43.59200476295858, 55.860917296876174, 20.83871727407365, 8.628046487468394, 56.231887148209466, 50.79350215339439, 61.64168186430754, 50.018051505677846, 10.123092348457988, 60.66783602249611, 15.612257273113917, 58.08685134597089, 77.8879728233397, 53.21602207173138, 31.458753483529296, 6.764114976486481, 45.15531134742788, 13.630715046504866, 37.13153435743631, 73.21389873328931, 33.38039850813942, 34.41534477257724, 80.83997771296558, 72.49369452617756, 75.32218282101672, 36.628600891211654, 27.84245366350163, 99.97770666135256, 55.13683980574861, 63.515720471973914, 58.90206596573149, 56.442123868680966, 69.48707780595895, 15.442580181818993, 90.7817877063692, 56.542587043317994], [23.62492070905649, 35.84773364207341, 30.46153517543942, 90.22534029291204, 58.4786053070439, 107.72682388548722, 26.607216437739275, 3.037455801315821, 12.723175640687895, 99.72498408137677, 17.463179787428736, 80.6962930727771, 24.44160336359769, 25.234754207376685, 23.202390425876875, 72.94699416307398, 91.76211270805483, 95.78843721728298, 0.0, 97.07707604686887, 89.25288652257211, 26.681066262996655, 80.69785604640936, 92.14205989269082, 42.13555698864122, 35.53518720235085, 41.193405023827815, 31.18384453972493, 51.1353349574056, 110.64629665122536, 10.157513677514228, 32.005699599959954, 53.64670916309185, 40.91209354974395, 78.19433234416424, 93.9190115754987, 39.608283818762416, 62.632560351995, 42.25762784122231, 57.86286699440335, 96.73421630275573, 49.277960036841414, 99.3838534268529, 50.93504178078633, 22.8391280621608, 59.49743258464102, 85.38877656262773, 90.35678084462141, 85.3297767605034, 85.87949563175178, 70.79239942306597, 62.749987492028275, 90.96025002877457, 108.6460070286697, 35.52840145215953, 47.00165251191763, 25.186328243540416, 91.22719154944735, 68.42100469448943, 66.33485735039324, 40.6606140360613, 85.15543058402523, 69.23674353068166, 45.73894728061165, 34.779387068393426, 99.10209620692224, 34.46149843959492, 39.899816030818485], [100.39193748624064, 61.8371282216258, 86.94723786773524, 90.31244998856603, 46.89101481014817, 74.03158953029146, 80.41102707666934, 94.04364244215574, 87.7840103617831, 8.233635589562413, 86.58001447181117, 26.77004901667992, 80.76444783275244, 97.8398300110187, 74.10655959205074, 56.166539717927805, 5.418490917882861, 47.60709719503597, 97.07707604686887, 0.0, 53.45266742848194, 85.95839262286735, 16.71703451867787, 14.511014185176379, 113.51105690070447, 63.12471171370091, 105.66339084109461, 66.36209213300704, 48.16720085952443, 82.13571356294761, 93.1644443080583, 73.05234533886227, 49.927476235262155, 69.64398210346364, 57.01951259792379, 38.98727037585422, 64.03401040182028, 34.44552555985853, 54.826290263469666, 39.446591238210104, 37.92735308257145, 48.08859466587886, 33.58521543762857, 83.40342893238785, 74.36822904297061, 37.61955267097001, 19.299664327362468, 42.80791692889513, 87.22008695132628, 37.57677995527601, 29.57255577255265, 104.47188146590652, 78.10568538045005, 82.02239025556885, 99.57716748007394, 54.59570812850813, 87.06880207913726, 81.22354337291992, 45.39314380178033, 128.63812417704625, 64.848913463284, 103.86439066002842, 30.726008617287714, 51.78467391298216, 86.42976938056752, 63.007590527890386, 108.41280095557784, 69.21476835917093], [79.38591684166444, 66.72223430647709, 64.26739500498928, 38.11376166951688, 34.64622152906161, 24.01784569302577, 87.57840885244889, 86.63840691610933, 76.65479416034857, 47.55102358546481, 88.4710778431817, 29.658819935188433, 86.43808702499203, 76.06067778877667, 73.04308745568093, 16.56591371651274, 50.5014877973294, 9.685706987115713, 89.25288652257211, 53.45266742848194, 0.0, 66.03432110572467, 51.98445869536133, 38.94275871196148, 83.85832894609203, 69.86841056829124, 75.44401278732634, 68.92594510554781, 64.0547645498792, 31.056580729908166, 80.77149310004259, 57.26792270817437, 39.072415769310226, 48.643267857289004, 11.874589819797764, 15.89616474331559, 50.12483378393838, 50.33098782855399, 58.05737128130936, 48.42697045666878, 18.477665870872617, 58.33841615990118, 24.141966491499694, 49.02023810112704, 72.7378439452521, 52.27974642069656, 35.506438534184376, 10.885561756345918, 36.04011797868552, 16.144199320799462, 37.41558098397553, 63.562076115305906, 25.06107299701238, 30.293775950310796, 72.12131873581488, 70.39935950812436, 67.66820449383579, 28.281483347491594, 23.547542377163175, 90.34779119361346, 48.73258834327296, 54.233232857589236, 59.90958039825756, 52.85862211902831, 61.22935213272913, 12.259078499893214, 82.05263688459864, 49.4892182941237], [14.679289795982644, 35.07970308864665, 4.238995061334861, 63.545494906931204, 40.742621161262406, 82.40747881945094, 41.6369664649106, 25.066041786269043, 15.044519709394223, 86.52559520606697, 35.86047517283714, 64.33160458823681, 39.32560200162426, 11.897579412932147, 26.981227151102658, 49.46979929363786, 80.55659692056565, 73.7176958301919, 26.681066262996655, 85.95839262286735, 66.03432110572467, 0.0, 71.2744149229686, 77.60107830346927, 29.454021118740695, 37.1428507688514, 23.48508802752549, 31.81725780651426, 48.81518763614977, 84.72571080170165, 16.63101005459081, 12.957241341729494, 36.661426633184, 18.222441824513027, 54.3839999344483, 73.49880388541334, 21.941265491463586, 53.59101285968483, 35.72222675213731, 47.70779961069196, 76.56407197232168, 43.81234451065017, 80.18162621870414, 24.26698361295184, 26.201097981303864, 51.28366875366589, 70.5119299402609, 69.15361389645886, 58.658455770021185, 65.93899130770303, 56.790692770492754, 38.881026578935035, 64.74469131352264, 82.6598184081462, 16.264566910098342, 48.330130180803074, 1.6581145419413026, 64.82546600149632, 48.29351669170827, 50.753390519730004, 21.4046569605971, 59.204973181701305, 63.766611170847966, 36.13732665835299, 8.384888712970191, 74.70294334386554, 23.014374771330246, 17.950400225834766], [85.40717242727403, 45.23099925335744, 72.69421833686319, 85.44860391071298, 34.83271497862891, 75.1047012179585, 63.722444850042535, 77.6727340156414, 71.85277746212283, 21.72877835396134, 69.87292118566904, 22.3277952620736, 64.05277919104476, 83.04536911243301, 57.61492365385986, 49.60749879839906, 11.838782759603982, 48.9830264773223, 80.69785604640936, 16.71703451867787, 51.98445869536133, 71.2744149229686, 0.0, 19.419125863573907, 99.69419399066082, 46.43528181684733, 92.17711888646936, 49.79559335515212, 31.466100197053418, 82.7405886817245, 77.24772112689902, 58.32039341651066, 36.76644945795438, 56.127528122094915, 51.95963156802207, 40.84244519536338, 49.62491543712325, 18.230046035303644, 38.55677294780892, 23.73603177786205, 41.1030671840663, 31.51311693045728, 38.688699173547796, 71.8900252961636, 57.90810815508116, 21.225834932158115, 17.755491063592366, 42.786174471288355, 81.67415643982801, 36.15497181798849, 18.14221329959262, 93.76373617532663, 74.63565463499495, 82.17067298013993, 85.72925604861979, 37.98441545745241, 72.25644603958558, 77.49396094103322, 36.932950638958296, 116.49059463223942, 50.78482424444506, 96.73652198643995, 14.594572765962136, 35.97226400617391, 72.67208075732067, 63.33920483150066, 94.10205951200126, 55.47683347891561], [92.2631524250962, 58.71178880018641, 77.99608610427217, 75.99584667204296, 37.03868147310232, 59.833232957093145, 79.06876791187273, 89.11839703917765, 81.65448998182788, 9.823077123127296, 83.94277168268503, 14.092796749152035, 78.99024598006675, 89.45709040835054, 70.0372579876508, 42.57740187972746, 12.248616726989956, 33.30759436367544, 92.14205989269082, 14.511014185176379, 38.94275871196148, 77.60107830346927, 19.419125863573907, 0.0, 103.70709975537535, 60.6763596757287, 95.58164583836378, 62.86512351637791, 47.470375700453324, 67.87656793075367, 86.91396721218194, 65.04280288320604, 40.94031206544111, 60.214147480924105, 42.95865410842169, 24.68249508172371, 55.84950432193626, 31.569565808862304, 50.5476595049231, 34.867230458099066, 23.93894052459376, 45.35862605363137, 20.289539557777726, 71.89771203551815, 70.15290416720873, 34.9082341453899, 7.093571597860354, 28.311980190872582, 73.03913872182933, 23.13381329414454, 21.406165991976117, 92.18967387326138, 63.65201149376186, 67.68797627917631, 89.95711732025467, 54.48291118357575, 78.8777881010561, 66.78679892757691, 33.05664291825835, 117.17160422472153, 56.19644144622361, 90.00664643680874, 33.263361990021515, 46.48516192557849, 76.89931575026931, 48.63628566987726, 99.24562911213471, 60.042340196069645], [19.420575500682233, 64.09655250203461, 27.17638450131153, 66.94147912982532, 66.85595763633411, 93.96254563505556, 66.0079180420362, 42.71551383322726, 37.744939178119274, 113.11635082959299, 57.99780014171949, 89.82058757017404, 63.619368694929214, 19.627968328534084, 54.3067195047888, 68.3818251245738, 108.18594474999308, 92.91722921482962, 42.13555698864122, 113.51105690070447, 83.85832894609203, 29.454021118740695, 99.69419399066082, 103.70709975537535, 0.0, 65.82756770688445, 8.454708134269667, 60.421729889229205, 78.23581416547289, 93.74247962668774, 34.61266741555126, 41.90594345375729, 63.58376954389369, 43.86709563465555, 72.11896814554463, 94.89871499501797, 50.11933110001289, 82.48089291790181, 65.17341927293216, 76.51390443833581, 98.092477723293, 73.25361883889218, 102.58134632714389, 34.84537763073591, 53.55018839890707, 80.37333831556396, 96.66692624191273, 89.84410111762786, 63.162146078977315, 88.31037439684798, 83.95521311094416, 29.37140765027543, 73.68370501561714, 91.48274812338757, 13.968922556544037, 77.39573842157078, 28.992868756267303, 72.45158189989178, 71.79269263368151, 24.20109124289912, 48.91579893575843, 54.69424693070833, 93.05144973983172, 65.37446099824824, 27.093711088405403, 89.40502271643551, 7.795806514655933, 44.33739332985333], [47.47401486491271, 3.332870942017129, 40.632841589152676, 85.6875343410735, 35.22221478031567, 92.4936975600513, 18.729179701407027, 32.63650135418805, 29.925006761907763, 66.91708002521364, 23.49430785748817, 51.83050402135898, 18.370320729101536, 46.3650085832835, 12.775970430211407, 56.303587719147245, 58.01447418558483, 73.50897691234852, 35.53518720235085, 63.12471171370091, 69.86841056829124, 37.1428507688514, 46.43528181684733, 60.6763596757287, 65.82756770688445, 0.0, 60.583961820344165, 5.407851890593572, 15.66722888644322, 97.69020418993975, 34.919073337099256, 27.867849370583507, 30.9384837164416, 33.78531973005859, 61.506911798878676, 69.05104784708332, 26.022987210976446, 29.292115658644896, 11.874221197511423, 26.044620993410167, 71.27378119264222, 15.349232568065869, 72.39884915409668, 52.87261766254406, 13.36117602238205, 25.948192055794028, 54.63534115614411, 67.04613809307081, 80.69922241746032, 61.03172687344162, 40.58220919494419, 73.26338773756062, 81.05811669604546, 96.1368325969989, 53.35557765761612, 11.965355733428112, 37.184196185566904, 82.56512209085234, 46.34920502956389, 87.89554446606016, 28.465373888485082, 88.11092516719567, 33.940101637521806, 17.087057259114072, 43.197487705090296, 81.66594881518832, 58.56087842302809, 32.27851713112625], [17.575170968514552, 58.56456567331794, 20.468796685583342, 59.9098632813157, 58.87024091578873, 86.03441594392856, 62.91107174013338, 41.16823243285035, 34.396193781094304, 105.054435483094, 55.58555327532521, 81.64098730933264, 60.52226485859261, 16.315331856388138, 49.811069164339884, 59.928158613602974, 100.37050971428489, 84.47602867361783, 41.193405023827815, 105.66339084109461, 75.44401278732634, 23.48508802752549, 92.17711888646936, 95.58164583836378, 8.454708134269667, 60.583961820344165, 0.0, 55.22713267062874, 72.07705737718612, 86.11561848007513, 32.34856077702058, 35.125908873678405, 55.78074235997454, 36.106433671418955, 63.68754880493526, 86.44987253499337, 42.831431125033774, 75.26958150406098, 58.77611374357558, 69.27698492759671, 89.64419093796353, 66.7567011588038, 94.15035789463421, 26.423812616019056, 49.035112429313735, 73.31756041079544, 88.56514347370846, 81.39007163218749, 55.89410648766495, 79.89170318048585, 76.09083578470664, 23.996355006452152, 65.92488846988418, 83.8681619871498, 7.2286729119300865, 71.8113843476306, 23.409637191159288, 64.847828046998, 63.47375866318808, 27.375542615394643, 41.440563005132866, 49.05485609535004, 86.15794184013986, 58.53437567472276, 19.556040026422707, 81.17320046200166, 9.184036750645364, 36.70112492022813], [42.0894941875522, 4.6653527306086815, 35.37973089815634, 82.45863450155774, 34.479641766411135, 90.97041163800824, 18.65268584360835, 28.209382957952744, 24.701071089933816, 69.65063062370545, 21.224779831879573, 53.06788013273178, 17.621166237606836, 40.95836676354101, 7.9990965379293275, 54.606495277251064, 61.13770351024589, 73.23158307721508, 31.18384453972493, 66.36209213300704, 68.92594510554781, 31.81725780651426, 49.79559335515212, 62.86512351637791, 60.421729889229205, 5.407851890593572, 55.22713267062874, 0.0, 20.10704183440853, 95.81265178706558, 29.796089095923378, 23.100491987558676, 29.871532578439588, 29.74687074012829, 59.909621977737764, 69.3467394154195, 22.500851488181283, 32.04941487893548, 12.447793320134883, 27.99855062664691, 71.73913317916754, 18.28396202524475, 73.27392866324267, 48.44496870377867, 8.449715323071421, 28.784442256357497, 56.5286558911268, 66.94171456400835, 77.43376081024536, 61.23774698390378, 42.13237266093693, 68.40502726761572, 78.5478269124233, 94.17398841057796, 48.000328789992146, 17.252806547371012, 31.819501996919264, 79.88264597294788, 45.62106354536746, 82.5583979984766, 24.881396895413992, 84.02650285738181, 38.059707451468164, 17.23732411456024, 38.07653839438659, 80.4587130147877, 53.15413900504379, 28.22421917225749], [60.96095678521627, 15.495019418773095, 51.61553083202987, 86.57091112127435, 31.15531835592404, 87.79632538347009, 32.26047403461806, 48.20334969053123, 44.49591483259088, 52.653848717582136, 38.65037290657655, 40.98279540282689, 32.606903997128306, 59.368296278645, 28.076211354389894, 53.24987295132446, 43.24918716440786, 65.76934514766464, 51.1353349574056, 48.16720085952443, 64.0547645498792, 48.81518763614977, 31.466100197053418, 47.470375700453324, 78.23581416547289, 15.66722888644322, 72.07705737718612, 20.10704183440853, 0.0, 93.95406170261532, 49.7255706264209, 37.1980039474053, 28.491428887418003, 39.9392049975901, 57.906563603386175, 59.94710721693239, 31.570707479156624, 16.214795898185514, 13.50216559805307, 15.762745642087339, 61.688072418549496, 6.75996331742013, 61.79988937304367, 59.27258944466426, 28.554940475617947, 13.095627621833275, 42.178606827568835, 59.03537590674028, 81.82263316975015, 52.412798364204114, 29.577609929790707, 81.08648601141576, 79.63692684811544, 92.68603370624048, 64.