instance_id,num_cities,city_coordinates,distance_matrix,best_route,total_distance
445,41,"[[31.282672128587162, 91.16339379919323], [50.78563455911594, 16.833110085496383], [46.158109434779746, 82.06225394576859], [17.429550134664296, 25.51673666013591], [59.689429222847714, 90.52985104282376], [74.26361104685462, 51.36388665966357], [28.361085336322333, 66.19918846706585], [94.27581870192772, 72.94174630313331], [22.313501193057206, 75.39888789671723], [98.89161967589338, 65.25386525277519], [81.20011896531703, 81.47154001082583], [78.99037719934131, 41.81985682464388], [52.58183832848245, 84.25158001605433], [33.010384250312185, 61.390682899326976], [37.44476316705801, 56.081867445512], [30.342079345007498, 63.186768704028694], [29.12205308491458, 13.869791175758273], [6.907850838464846, 71.75903094557418], [83.558381358609, 34.83951393667631], [97.9077743394403, 91.9891167251748], [73.707381093798, 17.348220335612584], [20.00965253737419, 10.39840402409985], [57.07076293811719, 3.0359286653659057], [45.178488070811106, 66.711844302361], [28.340640827466867, 20.622605981036944], [36.830789200350765, 88.80822473702288], [96.3010617309731, 3.471795593321525], [99.13264634383604, 41.691960817891506], [74.75873857220796, 40.15945147837926], [50.467001703266114, 59.41926672050879], [71.56157853369885, 10.428799456213756], [18.95267556206307, 82.7764419309568], [57.19940406302141, 20.83834769924986], [45.05116012785149, 83.42518555606686], [88.52199517193918, 43.59907370656438], [16.798120673101824, 42.070790121762116], [17.302584435432642, 11.926637191291201], [68.99539606025812, 75.29794217103384], [86.35705855933983, 80.37678042436836], [60.027860204892114, 13.696450266980186], [79.45256071664221, 26.16107274140671]]","[[0.0, 76.84631819759021, 17.438732226915477, 67.09241821928507, 28.413821021405592, 58.577827536067865, 25.13458209816414, 65.57564298335956, 18.13741088523817, 72.40354589349927, 50.84961679848575, 68.63533903374251, 22.392580257387728, 29.822798384835895, 35.61860268554106, 27.992432307677593, 77.32379505146753, 31.15543629417362, 76.84483859225048, 66.6302188421824, 85.13833310701673, 81.54792789565417, 91.82306757299344, 28.124223962559423, 70.60211253342862, 6.0273065587706, 109.1659625633727, 83.97048101704172, 67.01917998360655, 37.090808904869796, 90.22452562866263, 14.912068165436017, 74.94857639155319, 15.794021926028677, 74.42247408098756, 51.18482164368579, 80.4605894189708, 40.91408194878497, 56.12075435007823, 82.6281621347421, 80.90512906784829], [76.84631819759021, 0.0, 65.39308218397761, 34.46786530406157, 74.23265580016192, 41.75631581897359, 54.220568999418965, 70.98996531185796, 65.1199870166443, 68.25507552574511, 71.43645767328314, 37.68083093573767, 67.44239346107634, 47.972250505896035, 41.45411684989574, 50.66162864649868, 21.86531548480771, 70.30018980460696, 37.3936293028033, 88.7069410559276, 22.927533726286047, 31.44147756545714, 15.161301193516358, 50.19291004532344, 22.7626453373962, 73.31544747246268, 47.4360499577635, 54.36355404356273, 33.44888516527643, 42.58734863593457, 21.740631147033202, 73.22472460438867, 7.561637890817932, 66.83852715673035, 46.26499455166263, 42.33310281286889, 33.84062827204392, 61.23505535817347, 72.82255313801448, 9.759988202069554, 30.146368647502495], [17.438732226915477, 65.39308218397761, 0.0, 63.424960737552176, 15.962356210942575, 41.62101602434696, 23.840530890537746, 48.97445869815353, 24.758145918159396, 55.34749346451368, 35.04698810013782, 51.93657990875193, 6.786563308613849, 24.498500506242536, 27.402607282591468, 24.625814725846567, 70.28825787139004, 40.58003454987843, 60.239252269120136, 52.69317244563869, 70.33397838199392, 76.285314338416, 79.77622511630841, 15.381636266573347, 63.97102883026607, 11.511169561432252, 93.22433056357143, 66.60376962274499, 50.73303501346787, 23.049325870070476, 76.00452647288095, 27.214806570706084, 62.21154943537537, 1.7558244053603993, 57.219883334944065, 49.611753837902896, 75.83960746548517, 23.818009450835063, 40.23426812693766, 69.75853423826845, 65.06506394527877], [67.09241821928507, 34.46786530406157, 63.424960737552176, 0.0, 77.54097253893801, 62.43545181119973, 42.12553082025515, 90.30216239022394, 50.120674276489424, 90.63723386516159, 84.83882051867175, 63.68302093953659, 68.45045791888847, 39.11141023424888, 36.535407109532095, 39.82166150220098, 16.503513697321434, 47.42421255920568, 66.78275597182959, 104.38065856596792, 56.86755592083093, 15.336913317297661, 45.57205811268954, 49.66931094990789, 11.95844535090831, 66.19834242842222, 81.8944123132097, 83.28885763845494, 59.16962856192182, 47.33766735531228, 56.19539436344745, 57.279959486445726, 40.04408326772136, 64.15872342985314, 73.35602670836657, 16.566091547957463, 13.590692545336848, 71.67429726296822, 88.0944142352239, 44.20786345499514, 62.02635738649958], [28.413821021405592, 74.23265580016192, 15.962356210942575, 77.54097253893801, 0.0, 41.789706171522504, 39.666689703676795, 38.80154333957526, 40.32252524107231, 46.64426217634493, 23.340153640222468, 52.394562022469756, 9.483382065868513, 39.507753172529966, 41.00595983334939, 40.11123404532071, 82.52956599170959, 56.01998486138729, 60.58993747360701, 38.24619405617588, 74.51210671845827, 89.41774700317386, 87.53310154509211, 27.890228722737273, 76.6144206137923, 22.92338153098109, 94.44319273276729, 62.776642937289665, 52.57624213034351, 32.44875384710184, 80.97608532486552, 41.468041329142046, 69.73597252196274, 16.271299695360426, 55.08007553184968, 64.71433329997821, 89.30347047468075, 17.849707747117172, 28.535018791160404, 76.83414612209216, 67.33439675572947], [58.577827536067865, 41.75631581897359, 41.62101602434696, 62.43545181119973, 41.789706171522504, 0.0, 48.24031557030687, 29.429449230711853, 57.240677828680454, 28.274906089129747, 30.896374098211652, 10.650390779311332, 39.3916189374737, 42.45427380086362, 37.11989900163036, 45.48495890809766, 58.68191758444333, 70.37585057172109, 18.95910464754272, 47.004848427392815, 34.02021380341184, 67.9828123977899, 51.295083097590506, 32.88623089278564, 55.26251470511342, 52.94614816437242, 52.719082117974644, 26.683610439579688, 11.215369766439451, 25.123052445433984, 41.024167804553834, 63.608554557345705, 34.97135526128259, 43.37388817733174, 16.23557322841052, 58.212062557159335, 69.28098727831295, 24.507001088798145, 31.43245897697603, 40.26775839839219, 25.731440458588217], [25.13458209816414, 54.220568999418965, 23.840530890537746, 42.12553082025515, 39.666689703676795, 48.24031557030687, 0.0, 66.25869120976935, 11.009438839732006, 70.53686915510843, 55.00189266309133, 56.19321138609144, 30.208173002438, 6.688625134256142, 13.596815347197085, 3.605413997196906, 52.33492994918314, 22.161974614322798, 63.483625249539, 74.17453977514667, 66.65360925189813, 56.42228260400056, 69.38186345707389, 16.82521473085716, 45.576587071474975, 24.143413275685994, 92.46927170278121, 74.89471312775483, 53.20535807827498, 23.12225934703939, 70.5451550633943, 19.061046846552312, 53.75178603679919, 23.985278240143646, 64.26585609355139, 26.755966783365206, 55.38772665633215, 41.640539465463625, 59.70374380047479, 61.31331135311008, 64.91062753817056], [65.57564298335956, 70.98996531185796, 48.97445869815353, 90.30216239022394, 38.80154333957526, 29.429449230711853, 66.25869120976935, 0.0, 72.00425463858654, 8.967114010411485, 15.611896242858897, 34.672997081883516, 43.20069835078091, 62.3448516262887, 59.27920704851838, 64.67366246098672, 87.94605765267306, 87.3759728083647, 39.580848582558794, 19.39054980518397, 59.27647724975673, 97.09342459823637, 79.1898952770683, 49.491004779054634, 84.17089832822269, 59.5959440929509, 69.4994651846356, 31.624956404979194, 38.15226429410184, 45.84833585731023, 66.51169243002145, 75.96247185657184, 63.948609590445905, 50.32861522339279, 29.901486924962228, 83.40149655370743, 98.22281981991115, 25.38998676465493, 10.862158836058693, 68.4319206483794, 49.07301087346441], [18.13741088523817, 65.1199870166443, 24.758145918159396, 50.120674276489424, 40.32252524107231, 57.240677828680454, 11.009438839732006, 72.00425463858654, 0.0, 77.24719875061743, 59.19890924970843, 65.8773071821471, 31.53636616199679, 17.625354305360727, 24.53777430897357, 14.614852798383062, 61.904653477434444, 15.8298016877261, 73.45745818174791, 77.39334483733442, 77.53199917157855, 65.04129935896641, 80.27742592243989, 24.459606524433372, 55.1068731890928, 19.762640653098153, 103.18752696703694, 83.88884308889772, 63.18481465381976, 32.37233207406384, 81.52598060567358, 8.107000212783507, 64.76016341619305, 24.112705944201114, 73.44925362098581, 33.7813783551955, 63.66974082218568, 46.682004010452815, 64.23672356327943, 72.3157222540518, 75.4270148190177], [72.40354589349927, 68.25507552574511, 55.34749346451368, 90.63723386516159, 46.64426217634493, 28.274906089129747, 70.53686915510843, 8.967114010411485, 77.24719875061743, 0.0, 24.000045248920607, 30.744303588148643, 50.05505983086949, 65.99440399834556, 62.127624440291015, 68.58069967357865, 86.64938251970054, 92.21350720056284, 34.060842081101335, 26.75334788280723, 54.1220536185497, 96.08062430195343, 74.9670306966768, 53.73291551492362, 83.48287201966788, 66.38037759780528, 61.836357605146624, 23.56313719463626, 34.81559353285836, 48.774851776582786, 61.25943999443136, 81.83688336854502, 60.917805625758724, 56.824219888258526, 24.009562871132207, 85.30414732620879, 97.47083627521961, 31.53835232880697, 19.642244924443318, 64.5643774866398, 43.659173601411084], [50.84961679848575, 71.43645767328314, 35.04698810013782, 84.83882051867175, 23.340153640222468, 30.896374098211652, 55.00189266309133, 15.611896242858897, 59.19890924970843, 24.000045248920607, 0.0, 39.71320861085946, 28.752993044886512, 52.2062386524348, 50.5882064715294, 54.04510205155363, 85.33534667066805, 74.92445485804146, 46.691618705028596, 19.7424711736572, 64.55959453854157, 93.78520054175308, 82.06321313124053, 38.92822253464058, 80.60221586015771, 44.97181747009937, 79.44808746349791, 43.634739130058605, 41.81124298895494, 37.826277293883976, 71.69360115911225, 62.26111932227421, 65.2105691258237, 36.2017120582607, 38.57374204238576, 75.49858591954585, 94.44251387577675, 13.677301322876312, 5.271861580935201, 71.00512186317775, 55.338067814064445], [68.63533903374251, 37.68083093573767, 51.93657990875193, 63.68302093953659, 52.394562022469756, 10.650390779311332, 56.19321138609144, 34.672997081883516, 65.8773071821471, 30.744303588148643, 39.71320861085946, 0.0, 49.978616010111196, 49.9717618744653, 43.92542535103343, 53.13381039776251, 57.16691280591011, 78.05283309150177, 8.342172908342663, 53.61737175135727, 25.035395748868712, 66.8283890105664, 44.549551881302854, 41.98636548965444, 54.906458981318174, 63.12953016864387, 42.07414406918963, 20.14267518672254, 4.5457355163439885, 33.51599884193772, 32.25810800903739, 72.67714552359288, 30.25012785769356, 53.69240015379716, 9.696254631993824, 62.19276275697343, 68.54916743572313, 34.93825763301311, 39.25435455761234, 33.91906613060589, 15.665603485633943], [22.392580257387728, 67.44239346107634, 6.786563308613849, 68.45045791888847, 9.483382065868513, 39.3916189374737, 30.208173002438, 43.20069835078091, 31.53636616199679, 50.05505983086949, 28.752993044886512, 49.978616010111196, 0.0, 30.094225886630156, 31.979114289635717, 30.632224131693377, 74.188663042505, 47.35163054760247, 58.31893768176939, 45.98162621737548, 70.1594476436334, 80.71702974781144, 81.33961192720041, 19.038170183711767, 68.09024888361154, 16.396907017786873, 91.85175048032602, 63.073757722010974, 49.355148702065655, 24.922205310916702, 76.22357553830628, 33.66150057172782, 63.5811288526541, 7.575885556484887, 54.26159915792558, 55.314496159202456, 80.47063507799305, 18.696858240734354, 33.9967582795573, 70.94694902314447, 64.00424014928572], [29.822798384835895, 47.972250505896035, 24.498500506242536, 39.11141023424888, 39.507753172529966, 42.45427380086362, 6.688625134256142, 62.3448516262887, 17.625354305360727, 65.99440399834556, 52.2062386524348, 49.9717618744653, 30.094225886630156, 0.0, 6.91716978972936, 3.2164849269853693, 47.67970500595555, 28.086382674255596, 57.096975269655104, 71.74911423129383, 59.966524501215495, 52.62348838646794, 63.12035459585583, 13.280719455796794, 41.03465120176873, 27.682432956734218, 85.79223369703577, 68.99415334654303, 46.836847419914925, 17.567583062245124, 63.90076795113563, 25.592379000839518, 47.21864641938662, 25.109750915988982, 58.29305537353564, 25.220938666781308, 51.89823496835882, 38.57891827685717, 56.62454908486118, 54.814996427480665, 58.2923767469536], [35.61860268554106, 41.45411684989574, 27.402607282591468, 36.535407109532095, 41.00595983334939, 37.11989900163036, 13.596815347197085, 59.27920704851838, 24.53777430897357, 62.127624440291015, 50.5882064715294, 43.92542535103343, 31.979114289635717, 6.91716978972936, 0.0, 10.046279877113223, 43.02472412595946, 34.32603195785768, 50.771087887797776, 70.3214495787983, 53.05914508673265, 48.89746325572336, 56.56015813344781, 13.145604165046056, 36.6093467188401, 32.73211611862914, 78.9422798058009, 63.344015846672136, 40.569151960159815, 13.443099732377668, 56.99262853735516, 32.47395280759286, 40.402370240292086, 28.3815841703765, 52.580450443197684, 24.95183628603986, 48.53237808782913, 36.94184570129543, 54.61369276282311, 48.02624138133664, 51.57430572186181], [27.992432307677593, 50.66162864649868, 24.625814725846567, 39.82166150220098, 40.11123404532071, 45.48495890809766, 3.605413997196906, 64.67366246098672, 14.614852798383062, 68.58069967357865, 54.04510205155363, 53.13381039776251, 30.632224131693377, 3.2164849269853693, 10.046279877113223, 0.0, 49.332066007813275, 24.952890526644058, 60.295453003091616, 73.44861054922644, 63.10088677892948, 53.79005939126912, 65.82207900072262, 15.249432181332502, 42.61119224392596, 26.430330395919817, 88.9745209091041, 72.0705825845904, 50.03095996996203, 20.47453469854111, 66.95110478939026, 22.65996062813819, 50.146830932839954, 25.019004259824033, 61.38876445199516, 25.086318342734746, 52.89262245531008, 40.5062885961842, 58.59329653917331, 57.710806650588026, 61.50399614716268], [77.32379505146753, 21.86531548480771, 70.28825787139004, 16.503513697321434, 82.52956599170959, 58.68191758444333, 52.33492994918314, 87.94605765267306, 61.904653477434444, 86.64938251970054, 85.33534667066805, 57.16691280591011, 74.188663042505, 47.67970500595555, 43.02472412595946, 49.332066007813275, 0.0, 62.005119648085575, 58.33560755311618, 104.08700434156529, 44.720811073591335, 9.751224153690323, 29.975038938299814, 55.227635139403056, 6.797875617461704, 75.333879742872, 67.97894905630403, 75.33628801621288, 52.6673836552884, 50.302699270733896, 42.5787945382673, 69.65301685857678, 28.929196635387125, 71.35607429354286, 66.42426785248271, 30.776218930262353, 11.978133684486771, 73.23456297901798, 87.74409080144501, 30.906293223353558, 51.80960915692611], [31.15543629417362, 70.30018980460696, 40.58003454987843, 47.42421255920568, 56.01998486138729, 70.37585057172109, 22.161974614322798, 87.3759728083647, 15.8298016877261, 92.21350720056284, 74.92445485804146, 78.05283309150177, 47.35163054760247, 28.086382674255596, 34.32603195785768, 24.952890526644058, 62.005119648085575, 0.0, 85.07851999882138, 93.22146988668106, 86.15517136867804, 62.743794465699196, 85.08338578907997, 38.60201765686966, 55.4463564615964, 34.439181888476924, 112.49130040019273, 97.00227632416943, 74.84835595228915, 45.273274734579566, 89.11510421599701, 16.32363769026478, 71.56924135416625, 39.88748183254653, 86.33569219614819, 31.292316638666936, 60.72862446095327, 62.18832016005826, 79.91521891075567, 78.69560769285384, 85.68493872144585], [76.84483859225048, 37.3936293028033, 60.239252269120136, 66.78275597182959, 60.58993747360701, 18.95910464754272, 63.483625249539, 39.580848582558794, 73.45745818174791, 34.060842081101335, 46.691618705028596, 8.342172908342663, 58.31893768176939, 57.096975269655104, 50.771087887797776, 60.295453003091616, 58.33560755311618, 85.07851999882138, 0.0, 58.92352821922228, 20.074550008802667, 68.08677396200736, 41.38915275406213, 49.88849217727571, 57.01858768141893, 71.3869008597513, 33.85719505718496, 17.01510382248504, 10.282774363754182, 41.221398016180395, 27.19937976253202, 80.44778609134424, 29.846747562797397, 61.99494796853816, 10.068135351202017, 67.15075399473832, 70.10585244239167, 42.99959250963481, 45.623187451612495, 31.634072882041952, 9.600682513433775], [66.6302188421824, 88.7069410559276, 52.69317244563869, 104.38065856596792, 38.24619405617588, 47.004848427392815, 74.17453977514667, 19.39054980518397, 77.39334483733442, 26.75334788280723, 19.7424711736572, 53.61737175135727, 45.98162621737548, 71.74911423129383, 70.3214495787983, 73.44861054922644, 104.08700434156529, 93.22146988668106, 58.92352821922228, 0.0, 78.46605920448083, 112.80585879890671, 97.8791661498785, 58.47493592588357, 99.6632576272012, 61.159759544334804, 88.5319019662734, 50.31206817244462, 56.76435551072069, 57.544956665581175, 85.71001917190343, 79.49076046817903, 81.9731867353133, 53.54589230727181, 49.29187675392431, 95.23977766016861, 113.60984670606094, 33.38444137252154, 16.378809156824822, 86.97487864880787, 68.36611942030949], [85.13833310701673, 22.927533726286047, 70.33397838199392, 56.86755592083093, 74.51210671845827, 34.02021380341184, 66.65360925189813, 59.27647724975673, 77.53199917157855, 54.1220536185497, 64.55959453854157, 25.035395748868712, 70.1594476436334, 59.966524501215495, 53.05914508673265, 63.10088677892948, 44.720811073591335, 86.15517136867804, 20.074550008802667, 78.46605920448083, 0.0, 54.14559999559652, 21.945814100008707, 57.01460434176116, 45.48475265127548, 80.41402401773858, 26.514704757231005, 35.20030985237683, 22.835446542516674, 48.06337668262549, 7.2445050854553585, 85.31664526337444, 16.872886376167454, 72.0232207888142, 30.142662340733445, 62.04731564267427, 56.664756682282984, 58.140975772332915, 64.2854083509169, 14.15855629590009, 10.520145266347589], [81.54792789565417, 31.44147756545714, 76.285314338416, 15.336913317297661, 89.41774700317386, 67.9828123977899, 56.42228260400056, 97.09342459823637, 65.04129935896641, 96.08062430195343, 93.78520054175308, 66.8283890105664, 80.71702974781144, 52.62348838646794, 48.89746325572336, 53.79005939126912, 9.751224153690323, 62.743794465699196, 68.08677396200736, 112.80585879890671, 54.14559999559652, 0.0, 37.7853403788298, 61.682038212777, 13.188619015874922, 80.19383157617092, 76.60520231092976, 85.08663141589085, 62.31518568716216, 57.712174605651754, 51.551934957020066, 72.38575530843593, 38.62732248654681, 77.20095804665621, 76.13294661734925, 31.834791942694185, 3.108651527890047, 81.3114574963154, 96.43107097539267, 40.15387968728262, 61.49732561583839], [91.82306757299344, 15.161301193516358, 79.77622511630841, 45.57205811268954, 87.53310154509211, 51.295083097590506, 69.38186345707389, 79.1898952770683, 80.27742592243989, 74.9670306966768, 82.06321313124053, 44.549551881302854, 81.33961192720041, 63.12035459585583, 56.56015813344781, 65.82207900072262, 29.975038938299814, 85.08338578907997, 41.38915275406213, 97.8791661498785, 21.945814100008707, 37.7853403788298, 0.0, 64.77691281412905, 33.685473657029334, 88.12799390834594, 39.232720060628445, 57.12697136566387, 41.122018774380614, 56.76874556203832, 16.267706511838846, 88.38290581932897, 17.802883811254016, 81.28286089426022, 51.32785544574318, 56.085703382644205, 40.749879993864305, 73.23930277515615, 82.70002697715182, 11.063053152889236, 32.18255987854963], [28.124223962559423, 50.19291004532344, 15.381636266573347, 49.66931094990789, 27.890228722737273, 32.88623089278564, 16.82521473085716, 49.491004779054634, 24.459606524433372, 53.73291551492362, 38.92822253464058, 41.98636548965444, 19.038170183711767, 13.280719455796794, 13.145604165046056, 15.249432181332502, 55.227635139403056, 38.60201765686966, 49.88849217727571, 58.47493592588357, 57.01460434176116, 61.682038212777, 64.77691281412905, 0.0, 49.06863548979125, 23.620628796566642, 81.3192553972328, 59.47306755605477, 39.74947527206398, 9.008333043798721, 62.15986325215283, 30.754910806449935, 47.42235877608185, 16.713826260551013, 49.12086901144422, 37.584927893507654, 61.46938198560092, 25.31730994375613, 43.38669319845972, 55.05575226534565, 53.09498215387596], [70.60211253342862, 22.7626453373962, 63.97102883026607, 11.95844535090831, 76.6144206137923, 55.26251470511342, 45.576587071474975, 84.17089832822269, 55.1068731890928, 83.48287201966788, 80.60221586015771, 54.906458981318174, 68.09024888361154, 41.03465120176873, 36.6093467188401, 42.61119224392596, 6.797875617461704, 55.4463564615964, 57.01858768141893, 99.6632576272012, 45.48475265127548, 13.188619015874922, 33.685473657029334, 49.06863548979125, 0.0, 68.71216212964227, 70.09114855912331, 73.86085403155673, 50.36197107170611, 44.66269953932225, 44.406791684060146, 62.85883561691212, 28.85956964292385, 64.98773312377108, 64.41826976780065, 24.356813717076747, 14.05199495110782, 68.13370319105921, 83.28544944852771, 32.43534345198822, 51.411117171417295], [6.0273065587706, 73.31544747246268, 11.511169561432252, 66.19834242842222, 22.92338153098109, 52.94614816437242, 24.143413275685994, 59.5959440929509, 19.762640653098153, 66.38037759780528, 44.97181747009937, 63.12953016864387, 16.396907017786873, 27.682432956734218, 32.73211611862914, 26.430330395919817, 75.333879742872, 34.439181888476924, 71.3869008597513, 61.159759544334804, 80.41402401773858, 80.19383157617092, 88.12799390834594, 23.620628796566642, 68.71216212964227, 0.0, 104.01451559212519, 78.1118667631525, 61.68656647216703, 32.39841268829529, 85.72958669600214, 18.86821006569205, 70.95621647152412, 9.826067830490828, 68.67203296606257, 50.84973552279702, 79.32294299187704, 34.88681225714477, 50.23883567337656, 78.61223039214885, 75.77124164449721], [109.1659625633727, 47.4360499577635, 93.22433056357143, 81.8944123132097, 94.44319273276729, 52.719082117974644, 92.46927170278121, 69.4994651846356, 103.18752696703694, 61.836357605146624, 79.44808746349791, 42.07414406918963, 91.85175048032602, 85.79223369703577, 78.9422798058009, 88.9745209091041, 67.97894905630403, 112.49130040019273, 33.85719505718496, 88.5319019662734, 26.514704757231005, 76.60520231092976, 39.232720060628445, 81.3192553972328, 70.09114855912331, 104.01451559212519, 0.0, 38.32491227926335, 42.54475033910859, 72.32482688642193, 25.69906480042635, 110.77905837148211, 42.784772576579265, 94.96892639629277, 40.87434801079302, 88.37759905913909, 79.44963034187622, 76.84136067199667, 77.54521191499187, 37.68671798057313, 28.26084365217234], [83.97048101704172, 54.36355404356273, 66.60376962274499, 83.28885763845494, 62.776642937289665, 26.683610439579688, 74.89471312775483, 31.624956404979194, 83.88884308889772, 23.56313719463626, 43.634739130058605, 20.14267518672254, 63.073757722010974, 68.99415334654303, 63.344015846672136, 72.0705825845904, 75.33628801621288, 97.00227632416943, 17.01510382248504, 50.31206817244462, 35.20030985237683, 85.08663141589085, 57.12697136566387, 59.47306755605477, 73.86085403155673, 78.1118667631525, 38.32491227926335, 0.0, 24.422038509009113, 51.79384464245923, 41.683918224148314, 90.09307577664215, 46.832360481652884, 68.31155977121865, 10.780677059527312, 82.33539718168768, 87.07544730019698, 45.13995832256348, 40.73979517897734, 48.092961127162134, 25.070186571662745], [67.01917998360655, 33.44888516527643, 50.73303501346787, 59.16962856192182, 52.57624213034351, 11.215369766439451, 53.20535807827498, 38.15226429410184, 63.18481465381976, 34.81559353285836, 41.81124298895494, 4.5457355163439885, 49.355148702065655, 46.836847419914925, 40.569151960159815, 50.03095996996203, 52.6673836552884, 74.84835595228915, 10.282774363754182, 56.76435551072069, 22.835446542516674, 62.31518568716216, 41.122018774380614, 39.74947527206398, 50.36197107170611, 61.68656647216703, 42.54475033910859, 24.422038509009113, 0.0, 31.000467146010454, 29.902065179096464, 70.21769395193314, 26.108145848554585, 52.48298736075122, 14.186551141932636, 57.99212397089687, 64.01797755910512, 35.60799973415835, 41.85635643571709, 30.286782770495165, 14.764368377526571], [37.090808904869796, 42.58734863593457, 23.049325870070476, 47.33766735531228, 32.44875384710184, 25.123052445433984, 23.12225934703939, 45.84833585731023, 32.37233207406384, 48.774851776582786, 37.826277293883976, 33.51599884193772, 24.922205310916702, 17.567583062245124, 13.443099732377668, 20.47453469854111, 50.302699270733896, 45.273274734579566, 41.221398016180395, 57.544956665581175, 48.06337668262549, 57.712174605651754, 56.76874556203832, 9.008333043798721, 44.66269953932225, 32.39841268829529, 72.32482688642193, 51.79384464245923, 31.000467146010454, 0.0, 53.33898250275302, 39.22639909481472, 39.16391903344937, 24.609255964156894, 41.2123893374214, 37.87562791717937, 57.92606004480609, 24.401510844849753, 41.560961992952784, 46.711732570427955, 44.11655129392471], [90.22452562866263, 21.740631147033202, 76.00452647288095, 56.19539436344745, 80.97608532486552, 41.024167804553834, 70.5451550633943, 66.51169243002145, 81.52598060567358, 61.25943999443136, 71.69360115911225, 32.25810800903739, 76.22357553830628, 63.90076795113563, 56.99262853735516, 66.95110478939026, 42.5787945382673, 89.11510421599701, 27.19937976253202, 85.71001917190343, 7.2445050854553585, 51.551934957020066, 16.267706511838846, 62.15986325215283, 44.406791684060146, 85.72958669600214, 25.69906480042635, 41.683918224148314, 29.902065179096464, 53.33898250275302, 0.0, 89.453217066421, 17.73783386296858, 77.66128165110281, 37.25483628183291, 63.24754453832999, 54.27966431764578, 64.91988115394767, 71.4956381236678, 11.987668676992826, 17.60034154587704], [14.912068165436017, 73.22472460438867, 27.214806570706084, 57.279959486445726, 41.468041329142046, 63.608554557345705, 19.061046846552312, 75.96247185657184, 8.107000212783507, 81.83688336854502, 62.26111932227421, 72.67714552359288, 33.66150057172782, 25.592379000839518, 32.47395280759286, 22.65996062813819, 69.65301685857678, 16.32363769026478, 80.44778609134424, 79.49076046817903, 85.31664526337444, 72.38575530843593, 88.38290581932897, 30.754910806449935, 62.85883561691212, 18.86821006569205, 110.77905837148211, 90.09307577664215, 70.21769395193314, 39.22639909481472, 89.453217066421, 0.0, 72.79519048729681, 26.106546399740758, 79.84207169137538, 40.762632348524086, 70.86901743621769, 50.59843706597703, 67.4470846114921, 80.36924810981859, 82.85853083531184], [74.94857639155319, 7.561637890817932, 62.21154943537537, 40.04408326772136, 69.73597252196274, 34.97135526128259, 53.75178603679919, 63.948609590445905, 64.76016341619305, 60.917805625758724, 65.2105691258237, 30.25012785769356, 63.5811288526541, 47.21864641938662, 40.402370240292086, 50.146830932839954, 28.929196635387125, 71.56924135416625, 29.846747562797397, 81.9731867353133, 16.872886376167454, 38.62732248654681, 17.802883811254016, 47.42235877608185, 28.85956964292385, 70.95621647152412, 42.784772576579265, 46.832360481652884, 26.108145848554585, 39.16391903344937, 17.73783386296858, 72.79519048729681, 0.0, 63.75493787640213, 38.71892769894975, 45.64077465137824, 40.880004899388325, 55.72246277068196, 66.29474931765064, 7.681592483303592, 22.88087373604844], [15.794021926028677, 66.83852715673035, 1.7558244053603993, 64.15872342985314, 16.271299695360426, 43.37388817733174, 23.985278240143646, 50.32861522339279, 24.112705944201114, 56.824219888258526, 36.2017120582607, 53.69240015379716, 7.575885556484887, 25.109750915988982, 28.3815841703765, 25.019004259824033, 71.35607429354286, 39.88748183254653, 61.99494796853816, 53.54589230727181, 72.0232207888142, 77.20095804665621, 81.28286089426022, 16.713826260551013, 64.98773312377108, 9.826067830490828, 94.96892639629277, 68.31155977121865, 52.48298736075122, 24.609255964156894, 77.66128165110281, 26.106546399740758, 63.75493787640213, 0.0, 58.956192927285976, 50.08413182005341, 76.69436661990281, 25.28593520964403, 41.41823293043049, 71.3189881463075, 66.80295636362642], [74.42247408098756, 46.26499455166263, 57.219883334944065, 73.35602670836657, 55.08007553184968, 16.23557322841052, 64.26585609355139, 29.901486924962228, 73.44925362098581, 24.009562871132207, 38.57374204238576, 9.696254631993824, 54.26159915792558, 58.29305537353564, 52.580450443197684, 61.38876445199516, 66.42426785248271, 86.33569219614819, 10.068135351202017, 49.29187675392431, 30.142662340733445, 76.13294661734925, 51.32785544574318, 49.12086901144422, 64.41826976780065, 68.67203296606257, 40.87434801079302, 10.780677059527312, 14.186551141932636, 41.2123893374214, 37.25483628183291, 79.84207169137538, 38.71892769894975, 58.956192927285976, 0.0, 71.74015489138944, 77.94451680823504, 37.23044902759084, 36.84137160798139, 41.30475294793403, 19.655495898088347], [51.18482164368579, 42.33310281286889, 49.611753837902896, 16.566091547957463, 64.71433329997821, 58.212062557159335, 26.755966783365206, 83.40149655370743, 33.7813783551955, 85.30414732620879, 75.49858591954585, 62.19276275697343, 55.314496159202456, 25.220938666781308, 24.95183628603986, 25.086318342734746, 30.776218930262353, 31.292316638666936, 67.15075399473832, 95.23977766016861, 62.04731564267427, 31.834791942694185, 56.085703382644205, 37.584927893507654, 24.356813717076747, 50.84973552279702, 88.37759905913909, 82.33539718168768, 57.99212397089687, 37.87562791717937, 63.24754453832999, 40.762632348524086, 45.64077465137824, 50.08413182005341, 71.74015489138944, 0.0, 30.148373746905875, 61.875675278319626, 79.40903432812215, 51.709897913079445, 64.6428492897117], [80.4605894189708, 33.84062827204392, 75.83960746548517, 13.590692545336848, 89.30347047468075, 69.28098727831295, 55.38772665633215, 98.22281981991115, 63.66974082218568, 97.47083627521961, 94.44251387577675, 68.54916743572313, 80.47063507799305, 51.89823496835882, 48.53237808782913, 52.89262245531008, 11.978133684486771, 60.72862446095327, 70.10585244239167, 113.60984670606094, 56.664756682282984, 3.108651527890047, 40.749879993864305, 61.46938198560092, 14.05199495110782, 79.32294299187704, 79.44963034187622, 87.07544730019698, 64.01797755910512, 57.92606004480609, 54.27966431764578, 70.86901743621769, 40.880004899388325, 76.69436661990281, 77.94451680823504, 30.148373746905875, 0.0, 81.7806154813917, 97.23138642001432, 42.76191562476172, 63.75922448701289], [40.91408194878497, 61.23505535817347, 23.818009450835063, 71.67429726296822, 17.849707747117172, 24.507001088798145, 41.640539465463625, 25.38998676465493, 46.682004010452815, 31.53835232880697, 13.677301322876312, 34.93825763301311, 18.696858240734354, 38.57891827685717, 36.94184570129543, 40.5062885961842, 73.23456297901798, 62.18832016005826, 42.99959250963481, 33.38444137252154, 58.140975772332915, 81.3114574963154, 73.23930277515615, 25.31730994375613, 68.13370319105921, 34.88681225714477, 76.84136067199667, 45.13995832256348, 35.60799973415835, 24.401510844849753, 64.91988115394767, 50.59843706597703, 55.72246277068196, 25.28593520964403, 37.23044902759084, 61.875675278319626, 81.7806154813917, 0.0, 18.089276456938638, 62.25078717672944, 50.23727928535694], [56.12075435007823, 72.82255313801448, 40.23426812693766, 88.0944142352239, 28.535018791160404, 31.43245897697603, 59.70374380047479, 10.862158836058693, 64.23672356327943, 19.642244924443318, 5.271861580935201, 39.25435455761234, 33.9967582795573, 56.62454908486118, 54.61369276282311, 58.59329653917331, 87.74409080144501, 79.91521891075567, 45.623187451612495, 16.378809156824822, 64.2854083509169, 96.43107097539267, 82.70002697715182, 43.38669319845972, 83.28544944852771, 50.23883567337656, 77.54521191499187, 40.73979517897734, 41.85635643571709, 41.560961992952784, 71.4956381236678, 67.4470846114921, 66.29474931765064, 41.41823293043049, 36.84137160798139, 79.40903432812215, 97.23138642001432, 18.089276456938638, 0.0, 71.69025816584944, 54.653591373524236], [82.6281621347421, 9.759988202069554, 69.75853423826845, 44.20786345499514, 76.83414612209216, 40.26775839839219, 61.31331135311008, 68.4319206483794, 72.3157222540518, 64.5643774866398, 71.00512186317775, 33.91906613060589, 70.94694902314447, 54.814996427480665, 48.02624138133664, 57.710806650588026, 30.906293223353558, 78.69560769285384, 31.634072882041952, 86.97487864880787, 14.15855629590009, 40.15387968728262, 11.063053152889236, 55.05575226534565, 32.43534345198822, 78.61223039214885, 37.68671798057313, 48.092961127162134, 30.286782770495165, 46.711732570427955, 11.987668676992826, 80.36924810981859, 7.681592483303592, 71.3189881463075, 41.30475294793403, 51.709897913079445, 42.76191562476172, 62.25078717672944, 71.69025816584944, 0.0, 23.079987075411527], [80.90512906784829, 30.146368647502495, 65.06506394527877, 62.02635738649958, 67.33439675572947, 25.731440458588217, 64.91062753817056, 49.07301087346441, 75.4270148190177, 43.659173601411084, 55.338067814064445, 15.665603485633943, 64.00424014928572, 58.2923767469536, 51.57430572186181, 61.50399614716268, 51.80960915692611, 85.68493872144585, 9.600682513433775, 68.36611942030949, 10.520145266347589, 61.49732561583839, 32.18255987854963, 53.09498215387596, 51.411117171417295, 75.77124164449721, 28.26084365217234, 25.070186571662745, 14.764368377526571, 44.11655129392471, 17.60034154587704, 82.85853083531184, 22.88087373604844, 66.80295636362642, 19.655495898088347, 64.6428492897117, 63.75922448701289, 50.23727928535694, 54.653591373524236, 23.079987075411527, 0.0]]",Route_0,2011.7218970898973
