instance_id,num_cities,city_coordinates,distance_matrix,best_route,total_distance
1948,84,"[[21.93995952288762, 89.93846588083552], [63.02371278234159, 99.80762181296885], [54.311884450695956, 21.715600510616483], [85.23455040434999, 52.63456513686391], [13.39058730093161, 5.6529943456700815], [74.2592470920263, 46.87009074249446], [21.541273103958435, 25.22115592877657], [60.96740748205791, 32.73182909801492], [43.077634137130374, 88.38829574228237], [22.098482803915942, 12.126100486281533], [40.86491610107339, 37.30432160197598], [8.807602185324681, 6.1986401785917185], [1.4063006881536388, 44.021995417792056], [36.77116298760179, 34.01849973117081], [9.888887228802057, 24.41249998791838], [18.18452550965738, 63.91097768802345], [49.30623279344921, 91.44071185378007], [0.36364751369662995, 32.2119654802929], [67.12168234059848, 58.83475849029228], [52.347638936386446, 50.47332629994807], [63.80642511774401, 40.016421020365975], [57.48985232336727, 9.893292427694844], [95.90498639222915, 85.99448476668807], [88.4836183133866, 31.822487809058643], [99.17579893460528, 17.798760868854334], [81.11125147558306, 55.57429868946026], [56.32496450274013, 84.1490850890612], [22.854611220707366, 57.96725935508101], [26.51460870703971, 12.604006207281914], [18.688950548194004, 95.00204385765743], [93.62048064681365, 20.135291476150798], [15.746820015229424, 9.860957387462022], [63.1674582497575, 91.51227034054243], [49.1471428021441, 98.14220018947574], [63.42846527240995, 2.5354974779355333], [89.46728157292102, 28.491224366251156], [68.29417891749586, 55.489470685787566], [7.965778126599243, 15.879649719365263], [68.4952398634326, 32.192763034922066], [5.337369988537888, 14.444861024357492], [12.325382738700718, 30.399712046837436], [80.66582130024265, 71.2215807200367], [63.93691686783522, 85.94796884125736], [24.07425078114023, 99.31248217110955], [31.050878413268368, 91.76297518993711], [71.88207947571374, 54.59103378257757], [38.731413046835016, 73.71797348328484], [31.001830050453627, 8.835458162783127], [50.10684612696315, 9.968782365607165], [78.13140768358146, 20.704666306898634], [21.860483861468836, 85.68845038855632], [15.212238823240797, 92.26506707082127], [36.44758537465066, 52.83331209489971], [32.75773018464273, 3.2446672113241704], [66.9219720767571, 10.41213534638733], [80.97319409113865, 52.051058964809236], [27.3001496886647, 47.310456634228515], [17.35717979738346, 21.610260420449844], [9.327706991567574, 6.645722268564292], [66.94036387915278, 77.65546558910118], [43.32997530445265, 27.312937835313676], [61.59222633927196, 12.510268724514972], [18.62874832073761, 47.235004790468174], [49.04506470091741, 92.78628090796006], [70.45566314958776, 4.7660510378354175], [94.34292785095565, 78.04700842455831], [25.53798444099681, 41.151658114307196], [98.0107456097002, 35.630163681371165], [12.972152169977546, 1.517576781501595], [91.55781936415727, 0.048308272637664906], [62.79021717580308, 13.197729899443544], [42.3600615174663, 22.637560906277045], [82.9565669495502, 16.810719539145815], [20.20184472952077, 70.77254213839592], [80.55493129030236, 72.90312160158547], [14.651867314424848, 89.87936573253978], [88.08486936106526, 83.64283341682076], [94.8508861914517, 52.938072392868484], [14.099620554846382, 94.06500518476318], [33.502412726178946, 54.480351393332114], [22.14506374028984, 96.44014323772562], [32.42367889225293, 12.999914509006915], [26.672817004205484, 5.940118022838503], [79.85980742393546, 35.87263122567046]]","[[0.0, 42.25251496297537, 75.51358078421849, 73.46962804838327, 84.71795841080413, 67.7657198648336, 64.7185379801762, 69.25128869708713, 21.194440675707025, 77.81252687020395, 55.93305932500045, 84.76330112662919, 50.29864217774464, 57.85332497265301, 66.62492438747692, 26.29702314435416, 27.407474449176853, 61.626991557367184, 54.85279108863093, 49.820921403091795, 65.15375280408664, 87.58438600155266, 74.07010319157902, 88.34888472677855, 105.68591168575074, 68.4261483506701, 34.868976145230405, 31.98428730550006, 77.46964610838592, 6.017381596749057, 100.05288734248721, 80.31663802393388, 41.25752672848254, 28.417108906393246, 96.75006457344864, 91.30006962210153, 57.7533282645417, 75.3656818249183, 74.17520020030463, 77.29767366145079, 60.310059648821834, 61.63642293007877, 42.186117300081435, 9.613915985974517, 9.291806995740663, 61.18542556298378, 23.346461938929526, 81.60769178437064, 84.78516251380684, 89.16724650812094, 4.2507585282360125, 7.118658504922078, 39.84047747370367, 87.3661198053347, 91.36639809946969, 70.14540887621018, 42.963691775057065, 68.48171676768311, 84.2422106332291, 46.64663426651611, 66.17771179268776, 86.99096492484597, 42.83164377795652, 27.254298324131803, 98.02098626611502, 73.37299628030514, 48.91930493536803, 93.46740706606738, 88.8744912662549, 113.69646803531461, 86.93609209801927, 70.33059345593172, 95.24018934711316, 19.244575233969982, 61.04029709959975, 7.288331830164179, 66.44384159290163, 81.76204709969733, 8.859979783309084, 37.29568617262861, 6.504911697563126, 77.64952710101404, 84.13157779818194, 79.23271583026903], [42.25251496297537, 0.0, 78.57645794999364, 52.14037383868889, 106.43561912517445, 54.116720401938096, 85.345964724552, 67.10730481719142, 22.983625937384442, 96.76220145774563, 66.3149666940072, 108.17591271116285, 83.11884013559877, 70.833642819066, 92.23737898281412, 57.437981986729156, 16.067807551462494, 92.17080087813103, 41.177286012547434, 50.47624457633858, 59.796323723297114, 90.08446170335341, 35.66484136047183, 72.59604145667561, 89.62380602558568, 47.78855438834938, 17.0312360340472, 58.00148835052696, 94.53774513434108, 44.594447208626484, 85.34543001855137, 101.61450207026435, 8.296596821015818, 13.976151959653146, 97.2729664255614, 76.06109961840092, 44.63044177031511, 100.37569759807748, 67.83588089038368, 103.02676872724832, 85.95218791466206, 33.59175104581782, 13.889705619559876, 38.95260907112603, 32.96935663433009, 46.07613800639512, 35.64807956126496, 96.44343177682427, 90.7626713877553, 80.53272636030816, 43.51738063008989, 48.40275998515029, 53.97106930086624, 101.19502904789098, 89.4804415843108, 51.01836114895375, 63.49901819644033, 90.55528457035784, 107.52860347184168, 22.49573695571655, 75.122050696637, 87.30908892942864, 68.80983163866634, 15.642948260754862, 95.3317054377289, 38.13682639593879, 69.61107603463556, 73.09472346411637, 110.3000075794241, 103.75989531828047, 86.61020665874669, 79.88870248000593, 85.35692392712927, 51.73730023147704, 32.11223682645285, 49.380215701944785, 29.822172170308928, 56.65442286403415, 49.259967986418765, 54.09314744679647, 41.017116664362945, 92.04314271821069, 100.66029948129028, 66.11457558041675], [75.51358078421849, 78.57645794999364, 0.0, 43.728636421004644, 43.9608903143406, 32.10367043143799, 32.95757707764201, 12.870636313360889, 67.61254816646426, 33.610441180881416, 20.58711206216033, 48.07718546704052, 57.415817045568986, 21.42517768133951, 44.504785686115426, 55.54850060261102, 69.90456136998685, 54.95985758885543, 39.26732498019544, 28.82472988624303, 20.617136896482428, 12.241995270675666, 76.56213875228552, 35.63504687868349, 45.03456956160243, 43.18121715862865, 62.46593061744004, 47.99732084233036, 29.252515951921453, 81.48555821911675, 39.340349662323185, 40.34596334813483, 70.35621014991014, 76.60091184032274, 21.236487426669704, 35.802388543983994, 36.553780449710175, 46.712095789446046, 17.63344848079125, 49.51127870981697, 42.87516902806221, 56.08361671616232, 64.94950646767148, 83.28019292344858, 73.80859774672848, 37.27607632297592, 54.28625870287099, 26.63187381771525, 12.476781790028298, 23.840966318633537, 71.7329695586898, 80.65983833434102, 35.88098599148339, 28.385858152814862, 16.934657795653337, 40.3864515818067, 37.211966823089696, 36.954854789975194, 47.44130533516792, 57.34759801137297, 12.326090768073657, 11.736332958244038, 43.86942213965955, 71.26556673750665, 23.407452189613583, 69.10652612655612, 34.72315735848554, 45.86071886513394, 46.01014700697401, 43.08980413628929, 12.018163151925755, 11.987330077979871, 29.061584485441625, 59.75013248229252, 57.522689635170664, 78.86200510054762, 70.53790956057107, 51.1688715194601, 82.77356174729276, 38.81446913020823, 81.35392824191695, 23.55964187009873, 31.824265852236703, 29.208181848816967], [73.46962804838327, 52.14037383868889, 43.728636421004644, 0.0, 85.84184893403274, 12.397033832366692, 69.3421125844506, 31.384918789811277, 55.2768924720466, 75.01399029777086, 46.94337882007933, 89.42803554145569, 84.26951885258897, 51.915872438926336, 80.45777725387674, 67.99164153337414, 52.8844119695453, 87.29348620720383, 19.144669940084277, 32.95785034270083, 24.86729004622727, 50.95669400976133, 35.02488318152901, 21.06416399898362, 37.52188254314301, 5.063953733618744, 42.76598092900478, 62.60746313483687, 71.06670951402108, 78.88802262303523, 33.56376937272373, 81.59734183495688, 44.70383113406958, 58.079650786910314, 54.63901471545126, 24.511566998283175, 17.179251200384012, 85.56510373194426, 26.421048248701677, 88.55514066725668, 76.22424431657436, 19.14028301556237, 39.53950000477464, 76.93770329725675, 66.83489196309488, 13.495045367161122, 51.05929779769632, 69.71047072507041, 55.26594455253262, 32.7104429166501, 71.47609139015351, 80.45931147293852, 48.78736985288748, 72.0637126261665, 46.02264771192493, 4.301120444834348, 58.178526258693, 74.63139368692238, 88.75146503161412, 30.995527420250074, 48.96098674967193, 46.57165070924806, 66.82430787621905, 54.05403920931203, 50.09800545468715, 26.995459128529724, 60.790929763457804, 21.269246173402042, 88.51440954502989, 52.96506529145834, 45.37633819092827, 52.32630371162633, 35.8961992699713, 67.51473185236736, 20.801759930740616, 79.80658070350127, 31.138995164853807, 9.621124187159245, 82.32046894458495, 51.76505573896169, 76.80632786616815, 66.02949098894759, 74.89891861778857, 17.60256488551405], [84.71795841080413, 106.43561912517445, 43.9608903143406, 85.84184893403274, 0.0, 73.51083444057168, 21.19779768754829, 54.743192362996375, 87.90023234919765, 10.850278669164053, 41.91235211848737, 4.615352851609442, 40.197056719238866, 36.7593962846914, 19.083525757487735, 58.45489258109199, 93.00250569955351, 29.581752956002692, 75.59980563265978, 59.38445948747169, 61.0131280594458, 44.3026557143411, 115.1667536247699, 79.52235971579228, 86.64076511359929, 84.13218756006077, 89.47064886152256, 53.163427957844895, 14.851144863890191, 89.50600707100897, 81.5265154196298, 4.82273631510309, 99.24490997436457, 99.1603976339806, 50.134898210816104, 79.43077591102026, 74.14903065042424, 11.576399902830289, 61.16275056039376, 11.922719017759832, 24.76963257177359, 93.94251768392644, 94.87999979939421, 94.26685698103013, 87.90230192192077, 76.26392568417201, 72.629187207955, 17.896478623735607, 36.96903688782237, 66.46748568019527, 80.48237926241356, 86.63122737221036, 52.512927390212745, 19.516307618607296, 53.742521145571395, 81.9767597612979, 43.91833432794221, 16.442876774282087, 4.18240422928151, 89.73257177156201, 36.95294448349054, 48.68696147727047, 41.91064212703872, 94.14590477451604, 57.07196816340043, 108.60098855434666, 37.51952007471862, 89.77305761520186, 4.156532976995342, 78.36790589522866, 49.97245707738081, 33.58133317237653, 70.45509460617548, 65.47479463494037, 95.04540346307829, 84.23581461748525, 107.98912339130632, 94.18948402694706, 88.41485389213213, 52.807161618434826, 91.20826312169056, 20.401858038180535, 13.285332735634494, 73.01632472892223], [67.7657198648336, 54.116720401938096, 32.10367043143799, 12.397033832366692, 73.51083444057168, 0.0, 56.990009299658894, 19.405242656171193, 51.923543146373845, 62.67288241371724, 34.73737585919543, 77.05896905594406, 72.90859652128914, 39.62978477537747, 68.17541060691173, 58.60687867844943, 51.080262223590545, 75.33538526644188, 13.931909592587017, 22.20589737994844, 12.499371019617724, 40.601677484070734, 44.713043260470464, 20.706595342677883, 38.28807616407394, 11.07759902037908, 41.368610219388906, 52.588817635302135, 58.76831666712487, 73.51695565411904, 33.00919351596935, 69.2342406191333, 45.99947802949343, 57.09156670655612, 45.63838291129524, 23.8551261167886, 10.482163370871463, 73.17944699352469, 15.768567720841128, 76.16837050733272, 64.08648007274613, 25.180136163486548, 40.41820206242507, 72.58607492815499, 62.3083798368318, 8.078606767522041, 44.53129011836376, 57.60067191085691, 44.10266468483867, 26.450388721938815, 65.21116034624, 74.47988360183825, 38.278999082095034, 60.21256915202864, 37.18895153556, 8.480537484589362, 46.9611621561584, 62.256761000734265, 76.38131131987711, 31.64340936008267, 36.59374377054702, 36.6203602365943, 55.63169560425747, 52.38369510604713, 42.27549420478348, 37.08577124694557, 49.055702074618374, 26.276789038511478, 76.24276048626693, 49.91512712904504, 35.5719908349793, 40.05962484326812, 31.292318064419344, 59.10609048918098, 26.78347130666239, 73.50399621191046, 39.2859063140761, 21.467091142263804, 76.46267464787003, 41.461254379225, 71.92411425105198, 53.82753574784372, 62.7672764689917, 12.341409638106066], [64.7185379801762, 85.345964724552, 32.95757707764201, 69.3421125844506, 21.19779768754829, 56.990009299658894, 0.0, 40.135150223402356, 66.7375636262676, 13.106905038633096, 22.79048203452341, 22.891100465685124, 27.54793421795805, 17.58814384309574, 11.680411851224644, 38.835165278058746, 71.80475313977283, 22.301642177805732, 56.63433572792319, 39.83345684542153, 44.77993907855176, 39.079966061933916, 96.03832230969603, 67.26704367468425, 77.98853473027258, 66.85727782856756, 68.4281084236968, 32.772429672136504, 13.561951707460416, 69.83915852947509, 72.25841250149686, 16.41680193661612, 78.27675989555377, 77.97155082377196, 47.63586849323734, 68.00467611945038, 55.6956468697419, 16.47901095760224, 47.468708641506815, 19.46008756508933, 10.571190977953034, 74.91162313280307, 74.06170681709266, 74.13461135165491, 67.2179016611186, 58.281956996190075, 51.45330139233966, 18.920708998775947, 32.38250857242353, 56.7700802381358, 60.468137021024724, 67.34198316168663, 31.37880357269476, 24.673365514075, 47.73588723245226, 65.20733800079059, 22.82765570911209, 5.526771496106896, 22.231012861466517, 69.3572943010982, 21.888880627531815, 42.01958482156544, 22.205682658235844, 72.94864402894433, 53.01913682469158, 89.94804959423563, 16.424207785911836, 77.17465690043572, 25.204949870458353, 74.40422709312786, 42.96554620303355, 20.978486938926117, 61.9884969845568, 45.571074751295356, 75.86950443332002, 65.02421093070119, 88.5502264443513, 78.37427402735808, 69.24488264877567, 31.60964062268537, 71.22154671477423, 16.364152821988647, 19.952222069994697, 59.283263837534115], [69.25128869708713, 67.10730481719142, 12.870636313360889, 31.384918789811277, 54.743192362996375, 19.405242656171193, 40.135150223402356, 0.0, 58.460980744915105, 43.99306033064171, 20.61596098709291, 58.52055538720494, 60.62172298807664, 24.23043063904816, 51.751584208643976, 52.93877876058519, 59.85579261482072, 60.605989641979946, 26.818613347686004, 19.72463263909239, 7.818267110486758, 23.101778007835037, 63.69886112784186, 27.5312324477843, 41.02289243980561, 30.45575262362735, 51.626412721251526, 45.71008837355778, 39.90143603622069, 75.26651026134122, 34.99851349931779, 50.675223765126624, 58.82159889060042, 66.46980745741507, 30.296456042865124, 28.813634822529906, 23.9079867472079, 55.61626258697722, 7.547108889001922, 58.55863960900568, 48.697898733659606, 43.237581880551325, 53.298926022618204, 76.1189094443572, 66.17911241811565, 24.43266039895575, 46.6294271902782, 38.32717540706154, 25.221183348319663, 20.958424266196936, 65.83126319292688, 75.08489783254414, 31.70632894002309, 40.80782534461018, 23.100336981933594, 27.811223282950213, 36.6881537851994, 45.00601347107897, 57.85450402747446, 45.318973109558144, 18.451108268518865, 20.23121109927514, 44.75381732036517, 61.22646028951891, 29.53153802502724, 56.27957744414481, 36.41617137599817, 37.15655047223727, 57.25272115935395, 44.76590033339389, 19.61896191645313, 21.169023930562663, 27.147833498684914, 55.75775242198753, 44.69232406516769, 73.55929719902163, 57.68264123208025, 39.45101263010567, 77.19033579628066, 35.03318653748711, 74.60511821670187, 34.70004171692531, 43.51913048739987, 19.15169479625604], [21.194440675707025, 22.983625937384442, 67.61254816646426, 55.2768924720466, 87.90023234919765, 51.923543146373845, 66.7375636262676, 58.460980744915105, 0.0, 79.09517820908117, 51.13187396404109, 89.04815872131152, 60.86763208716663, 54.734324666060495, 72.07215387199948, 34.91140152254733, 6.936330826829671, 70.57099074670123, 38.098921482313166, 39.03175497964925, 52.62623907929146, 79.80712736594899, 52.881560843749355, 72.53546736702526, 90.16588338884928, 50.23260346060581, 13.909085835452672, 36.52957857339171, 77.57314194824527, 25.269538011900444, 84.92968812290539, 83.14755720800424, 20.33126287683253, 11.488149868436409, 88.23184967864665, 75.76053424205993, 41.451258373637195, 80.56268479005006, 61.67651560457799, 83.01782384457901, 65.63822670575311, 41.32272884096782, 21.00154450090154, 21.91954443200167, 12.491249521800086, 44.40665476295581, 15.30058799355654, 80.46414736570559, 78.73391835436968, 76.22231125721797, 21.388235802750085, 28.13378061926837, 36.167864310164994, 85.76676452453111, 81.54038289010833, 52.50207844314339, 44.003612139331636, 71.56009902792839, 88.43588581812811, 26.16531126965311, 61.07587919571071, 78.10419392401819, 47.86795769434584, 7.412995416910812, 87.98997830444877, 52.29792121062264, 50.387887888457065, 76.1647374748599, 91.93944668768418, 100.7684561049926, 77.73163527047947, 65.75465034458912, 81.93704105820098, 28.87241791146253, 40.5504429084919, 28.46484690235787, 45.25671922692784, 62.74701557686721, 29.52880460278381, 35.233982957370145, 22.42776742140333, 76.13747295079821, 84.06438029523387, 64.11570237720156], [77.81252687020395, 96.76220145774563, 33.610441180881416, 75.01399029777086, 10.850278669164053, 62.67288241371724, 13.106905038633096, 43.99306033064171, 79.09517820908117, 0.0, 31.40257692049271, 14.552741780052413, 38.019922595842196, 26.35459520596657, 17.321369369125026, 51.93257714095046, 83.85147128029584, 29.594679211821408, 64.87516650503156, 48.84179741093597, 50.17392182745517, 35.46173244906174, 104.42192379059821, 69.24546115219133, 77.28577966046687, 73.28200866105131, 79.74184823900299, 45.847394436512886, 4.441909709843909, 82.94604812707061, 71.96904414921507, 6.743477844503877, 89.38022548808377, 90.16872748270099, 42.428140625176084, 69.32800535992257, 63.359484013663106, 14.622669843138521, 50.550272120739585, 16.920743282810268, 20.722894690433385, 83.20101515367142, 84.85353741795508, 87.20876567405561, 80.13848763055172, 65.43452496533546, 63.79822244972658, 9.491992366917978, 28.09132317121438, 56.68580476723338, 73.56273490457865, 80.43428573313349, 43.162180453891395, 13.874415726114407, 44.85624668976752, 71.13532131554612, 35.566785853172995, 10.603265716591158, 13.897023431601882, 79.4033499869138, 26.103951855347574, 39.495611954643046, 35.27994074292489, 85.04224233632095, 48.914079965459855, 97.7999281367911, 29.228636080551563, 79.46768293446854, 13.993951766203864, 70.50157799755148, 40.705842772154654, 22.825914486095165, 61.038119741253155, 58.6771024714079, 84.32676126409486, 78.10904133775628, 97.30799710161345, 83.41779935701233, 82.32840275668202, 43.8626513969377, 84.31405561871624, 10.362105249847684, 7.693563050626366, 62.452128418621704], [55.93305932500045, 66.3149666940072, 20.58711206216033, 46.94337882007933, 41.91235211848737, 34.73737585919543, 22.79048203452341, 20.61596098709291, 51.13187396404109, 31.40257692049271, 0.0, 44.66805113619721, 40.02635971207486, 5.249327568433881, 33.55165315188612, 34.96161131098506, 54.790551895346084, 40.8201524746892, 33.95552217178873, 17.47213806172075, 23.101262286230394, 32.058587379805594, 73.48565388333735, 47.93319624350262, 61.486794975339066, 44.199090192612665, 49.329960092653955, 27.410364435235618, 28.566359636828395, 61.8126249377605, 55.479051776335, 37.202916423153646, 58.61659400491366, 61.39904518928036, 41.44858118411026, 49.394945210470546, 32.909939317063916, 39.26028329929646, 28.099160524777503, 42.24643737261203, 29.36287788434392, 52.29237535965384, 53.837920057531065, 64.24125169276715, 55.33588606276409, 35.509081117709734, 36.47610010151294, 30.129000181906825, 28.855588296662773, 40.79632276056917, 51.982615970977385, 60.65264539994795, 16.145041234878097, 35.01123420695447, 37.445424923816596, 42.733361980737435, 16.8560264032447, 28.26512378344215, 43.98346588780116, 48.04314517074268, 10.290979858540574, 32.31665898264955, 24.352938757888023, 56.081749612029796, 43.98126148934769, 67.22993581912428, 15.802431216486115, 57.17034751488018, 45.37287057881164, 62.9108970722578, 32.58598764392677, 14.742772097575807, 46.81554011927786, 39.332992568330205, 53.31577503078637, 58.74741859879418, 66.15876104561153, 56.20408464151831, 62.754730869171674, 18.687494624451016, 62.02804424568559, 25.728557863905625, 34.425701778306546, 39.021164598400055], [84.76330112662919, 108.17591271116285, 48.07718546704052, 89.42803554145569, 4.615352851609442, 77.05896905594406, 22.891100465685124, 58.52055538720494, 89.04815872131152, 14.552741780052413, 44.66805113619721, 0.0, 38.54069881829817, 39.444965689779416, 18.245927394875082, 58.46914221906266, 94.37345953503701, 27.349469167584157, 78.55630398178772, 62.09655893387679, 64.56402113417262, 48.82224834790744, 118.12421914752603, 83.69497663198531, 91.10967996730835, 87.55440225408763, 91.29168408647456, 53.64054804232054, 18.82994407643201, 89.35147201056893, 85.95030309610928, 7.846356570361525, 101.16031555286865, 100.40366907962604, 54.74355942778552, 83.68358972148432, 77.25437711483795, 9.71754153448275, 65.10229269897553, 8.946656902818935, 24.45540144004398, 96.91019786907802, 96.94945466328905, 94.35707779470332, 88.40825053854618, 79.499770088843, 73.85319780744558, 22.350314530471852, 41.470972043843815, 70.82524128300065, 80.55437695909275, 86.30439854641959, 54.21034306705601, 24.131609715787004, 58.26691625105334, 85.50039159947255, 45.07943838875165, 17.62422525457127, 0.6858508618141419, 92.1167513533746, 40.46736723970246, 53.16063583117858, 42.195238261822894, 95.48022264726815, 61.66470410453382, 111.7071168562396, 38.75073100259344, 93.93303664038743, 6.265447398410516, 82.97846121553084, 54.43445579897678, 37.36315888580808, 74.90450723395125, 65.57146923373284, 97.96513193789154, 83.88455915205368, 110.82638745882642, 97.9184418088442, 88.02558467753059, 54.23059381449069, 91.22179977999693, 24.575931549894168, 17.86708521918932, 76.9997507394133], [50.29864217774464, 83.11884013559877, 57.415817045568986, 84.26951885258897, 40.197056719238866, 72.90859652128914, 27.54793421795805, 60.62172298807664, 60.86763208716663, 38.019922595842196, 40.02635971207486, 38.54069881829817, 0.0, 36.75246129732237, 21.36554669166755, 26.020769471837358, 67.40132167938968, 11.8559661254084, 67.36415467864576, 51.348219177221004, 62.528554717678205, 65.65160418303535, 103.40063569408477, 87.92773868752256, 101.22515901479983, 80.5377854854921, 68.01649035833624, 25.583205643185277, 40.21836865914616, 53.829873909528835, 95.25770105688964, 37.048981279920355, 77.90870808573116, 72.16775298069034, 74.61821768864691, 89.42002686111623, 67.86376973794928, 28.896684337052204, 68.12383208857398, 29.837228168375717, 17.458320568289672, 83.7967126340422, 75.2852256908072, 59.756789462260336, 56.19610429651447, 71.26387561499455, 47.697118632622015, 45.97812264798218, 59.42528456149828, 80.19002357105006, 46.41623723567278, 50.17965613980596, 36.13213160144868, 51.43639399424622, 73.63372794799187, 79.97097215392608, 26.101827392603653, 27.508478873764684, 38.20647160298174, 73.6608698977022, 45.13077773125445, 67.93625369177884, 17.519592794525845, 68.17189579313757, 79.42822939920515, 98.96927896326355, 24.301789995451195, 96.9682505694133, 44.04990946765548, 100.30444397298531, 68.68857654740249, 46.20069875490866, 85.97034059632699, 32.69348904081945, 84.25333925631429, 47.731996055422776, 95.30469595423897, 93.86898842806751, 51.62773669042004, 33.75703804643689, 56.371610885312265, 43.86852236589859, 45.70149048634616, 78.87562903633288], [57.85332497265301, 70.833642819066, 21.42517768133951, 51.915872438926336, 36.7593962846914, 39.62978477537747, 17.58814384309574, 24.23043063904816, 54.734324666060495, 26.35459520596657, 5.249327568433881, 39.444965689779416, 36.75246129732237, 0.0, 28.547013522249884, 35.19976322558788, 58.77447081932258, 36.45230786908065, 39.20460079883864, 22.658065239371272, 27.692606562707, 31.800781676362178, 78.72935977678193, 51.75906204891418, 64.47804677903774, 49.30208835183558, 53.809169683411405, 27.69861911006546, 23.743997948845852, 63.607853767683544, 58.51998282441847, 32.02514402009812, 63.26371837356659, 65.3070734058446, 41.25277197935741, 52.98520252785371, 38.1405706177864, 34.04068267149255, 31.776569482995683, 37.02986192970289, 24.71217910832318, 57.539640800474295, 58.6058695519216, 66.5170333256499, 58.02711522744707, 40.69404887611285, 39.74784014873656, 25.83545596994187, 27.499624545744993, 43.45029346000532, 53.778361382057284, 62.10837156114386, 18.81759460595134, 31.034439109212826, 38.29271116280309, 47.738797075258596, 16.321035850134837, 23.040554379228837, 38.760962617350536, 53.05059350960121, 9.379902949756236, 32.843404009683525, 22.446006681075396, 60.03582903326244, 44.61335344623908, 72.47770475977426, 13.30662424429334, 61.26078631895931, 40.28278675163538, 64.4635681967122, 33.32409994634993, 12.679178021981393, 49.28690737168855, 40.316273895409516, 58.55793869997216, 60.080775556747966, 71.38396847701, 61.0835859878665, 64.18396726183671, 20.721295850304468, 64.11227930164108, 21.4634932548427, 29.839103722450957, 43.128518209645044], [66.62492438747692, 92.23737898281412, 44.504785686115426, 80.45777725387674, 19.083525757487735, 68.17541060691173, 11.680411851224644, 51.751584208643976, 72.07215387199948, 17.321369369125026, 33.55165315188612, 18.245927394875082, 21.36554669166755, 28.547013522249884, 0.0, 40.36021995867329, 77.75929730455164, 12.311045999303335, 66.78686035975281, 49.81879429123189, 56.13005650800961, 49.76604531315371, 105.78804358047816, 78.94326870460588, 89.53152599556728, 77.74112725717684, 75.66220240078415, 35.97265454233893, 20.39252657321458, 71.13596009166616, 83.84076722557074, 15.686388003080788, 85.67955013543126, 83.53011027451939, 57.83675004622387, 79.68285159896395, 66.15856864380929, 8.746878433162447, 59.120529955466715, 10.957651924400553, 6.463994013628269, 84.85555041091312, 81.90118091250004, 76.23143623305519, 70.5968581512603, 68.94852998402459, 57.12198361547139, 26.237389096713525, 42.73295211762509, 68.34317543564309, 62.43445541875671, 68.06106766674948, 38.8986761731378, 31.161853645069957, 58.72633972392518, 76.2683985961283, 28.765751841773934, 7.976712385652028, 17.775638210415945, 78.03642978759504, 33.56663390019952, 53.055615953636654, 24.43873763860845, 78.7920056321049, 63.6735211982727, 100.04571691306114, 22.91492217610547, 88.83297756600571, 23.101602354062017, 85.22574912588453, 54.07699860660554, 32.51964895918078, 73.46205065042201, 47.49326900315122, 85.70315144603342, 65.63990013490516, 98.09609584345432, 89.62281823709479, 69.77966577262714, 38.23184895546263, 73.06295405198347, 25.25992760537124, 24.9585495205447, 70.90320360139046], [26.29702314435416, 57.437981986729156, 55.54850060261102, 67.99164153337414, 58.45489258109199, 58.60687867844943, 38.835165278058746, 52.93877876058519, 34.91140152254733, 51.93257714095046, 34.96161131098506, 58.46914221906266, 26.020769471837358, 35.19976322558788, 40.36021995867329, 0.0, 41.5505346234588, 36.36497033537589, 49.19972886144333, 36.71088113672839, 51.50055885322246, 66.80433396731432, 80.79697596254948, 77.27634587465792, 93.19829886308406, 63.47655517997011, 43.1772402749528, 7.558934327662153, 51.978799607156546, 31.09515782536022, 87.21750988634903, 54.10496375166207, 52.77589974591025, 46.15690916368786, 76.24935184166799, 79.5976773364019, 50.812391646550225, 49.10632611498812, 59.47447452115386, 51.10720206357654, 34.01961902909243, 62.907529281973005, 50.78297248172439, 35.88809528854254, 30.680234710426575, 54.50035464415065, 22.76733963364407, 56.547291240753914, 62.680100429049844, 73.89461432024024, 22.085537960998522, 28.509452342581707, 21.360103712889735, 62.39214310595756, 72.37033114319803, 63.89894032264026, 18.93863520506142, 42.308807384264774, 57.94611904621633, 50.65612226350565, 44.40394314070657, 67.27749529571254, 16.68188856172712, 42.26293902722074, 78.93284600613784, 77.45921257128376, 23.917775517665508, 84.68783771203124, 62.610744385561865, 97.27322753932678, 67.53888680072514, 47.83253572731234, 80.08652614505206, 7.151967809033083, 63.01528520450037, 26.207572408655523, 72.63197781313082, 77.4476307630351, 30.42945649800494, 17.98817336719319, 32.76938318669169, 52.86482614244461, 58.58900633068447, 67.74945956646901], [27.407474449176853, 16.067807551462494, 69.90456136998685, 52.8844119695453, 93.00250569955351, 51.080262223590545, 71.80475313977283, 59.85579261482072, 6.936330826829671, 83.85147128029584, 54.790551895346084, 94.37345953503701, 67.40132167938968, 58.77447081932258, 77.75929730455164, 41.5505346234588, 0.0, 76.83372339565956, 37.155597657808734, 41.08012695261079, 53.429516797001774, 81.9570207100302, 46.91593787236892, 71.33863030942211, 88.93880239790361, 47.937029597635444, 10.120791257751065, 42.663336789451954, 82.06512222429694, 30.82370934406599, 83.95365112989334, 88.21275715452772, 13.861410165190145, 6.703376428248573, 90.01985666176485, 74.6695909591694, 40.657518856035196, 86.13075700899634, 62.27790484251931, 88.66578788520299, 71.36936967777537, 37.312692949168415, 15.627768307922583, 26.431376888052455, 18.258198629761342, 43.21536332570139, 20.63788429133194, 84.60897763908832, 81.47586315121563, 76.38376036211622, 28.042069224677412, 34.103958514584065, 40.692457895572865, 89.73513932216157, 82.92131499989539, 50.540490624280345, 49.31274804102322, 76.79214761112043, 93.74685479550003, 22.38293085647231, 64.40564458289569, 79.8809144288556, 53.80755142673568, 1.370680433990189, 89.21768452469615, 46.9861170267641, 55.62300383614182, 74.07392831471226, 96.9862651924497, 100.68648370104326, 79.39636049549246, 69.1528949191585, 81.86562613026071, 35.69647943368734, 36.33350258515538, 34.689520729812735, 39.55489302426241, 59.63865104612215, 35.30428388746019, 40.197375213873094, 27.61744771873538, 80.23701960012329, 88.44559376098071, 63.41397722421126], [61.626991557367184, 92.17080087813103, 54.95985758885543, 87.29348620720383, 29.581752956002692, 75.33538526644188, 22.301642177805732, 60.605989641979946, 70.57099074670123, 29.594679211821408, 40.8201524746892, 27.349469167584157, 11.8559661254084, 36.45230786908065, 12.311045999303335, 36.36497033537589, 76.83372339565956, 0.0, 71.87077515654825, 55.098209256017796, 63.92101028921237, 61.331284372538654, 109.63898401341585, 88.12083151329544, 99.85780758458385, 84.05934902532746, 76.34876156430904, 34.193253882114995, 32.68554478952115, 65.40956102850514, 94.0355410524146, 27.133181880820874, 86.37618189923359, 82.01600612908382, 69.6983786901436, 89.18128456687475, 71.80807298204279, 18.014908491865192, 68.13159505577796, 18.450146774615668, 12.09823838830161, 89.27591610281851, 83.24132767792355, 71.16650931077533, 66.99275257609415, 74.93803312326787, 56.522863801742325, 38.537764900435384, 54.489861473051306, 78.61451810007313, 57.635478753165785, 61.86158480446643, 41.560684640089214, 43.456656119580686, 70.03744114763785, 83.01499039154417, 30.87943627314999, 20.02938565339957, 27.092197295237373, 80.6075112141893, 43.24471985906447, 64.32025901732924, 23.649643075666926, 77.71182708498591, 75.27395881368737, 104.56077799257126, 26.714515607060495, 97.70690786997814, 33.1831265443741, 96.69993704477216, 65.2580857404036, 43.07398300741362, 84.01659786897525, 43.364410995416186, 89.92448042789859, 59.41112923456989, 101.6865130639252, 96.73370550484752, 63.35988854212079, 39.92566556715206, 67.8210064130316, 37.37577443367971, 37.18040301164143, 79.5803990576426], [54.85279108863093, 41.177286012547434, 39.26732498019544, 19.144669940084277, 75.59980563265978, 13.931909592587017, 56.63433572792319, 26.818613347686004, 38.098921482313166, 64.87516650503156, 33.95552217178873, 78.55630398178772, 67.36415467864576, 39.20460079883864, 66.78686035975281, 49.19972886144333, 37.155597657808734, 71.87077515654825, 0.0, 16.97603919597459, 19.108133231315957, 49.880249095581036, 39.57435183976312, 34.43827922329647, 52.07129239234266, 14.364492427348582, 27.52061494987836, 44.27557046818358, 61.53224265159147, 60.44668758269069, 46.90239928673262, 70.97752935549535, 32.91588778817649, 43.22220545685015, 56.42026801469691, 37.68362864943372, 3.544812931284813, 73.10651388828512, 26.677379596064178, 76.07735701148661, 61.734806359965006, 18.354211100165585, 27.299613672214946, 59.089148565932454, 48.84025338778109, 6.377349000868765, 32.05491349387871, 61.68122698765273, 51.743485329026036, 39.6877560721442, 52.62790948094043, 61.74282029573267, 31.25568081986281, 65.35395516861104, 48.4230349764048, 15.423454769518768, 41.45556652632675, 62.146351219724544, 77.87065614464301, 18.821580488461027, 39.49266388961913, 46.65333038198037, 49.8609961367717, 38.46387889655211, 54.171399775288, 33.31826458073477, 45.187343027804815, 38.63401933385623, 78.85068761106346, 63.66295250635903, 45.84212003251792, 43.85629919093506, 44.90838919785802, 48.41468620035488, 19.45176130780746, 60.965966962775894, 32.47915934280501, 28.34924431327446, 63.659322319401035, 33.90009071629588, 58.62645463201848, 57.48725394459342, 66.58793957754553, 26.258696067311256], [49.820921403091795, 50.47624457633858, 28.82472988624303, 32.95785034270083, 59.38445948747169, 22.20589737994844, 39.83345684542153, 19.72463263909239, 39.03175497964925, 48.84179741093597, 17.47213806172075, 62.09655893387679, 51.348219177221004, 22.658065239371272, 49.81879429123189, 36.71088113672839, 41.08012695261079, 55.098209256017796, 16.97603919597459, 0.0, 15.512918770374034, 40.90454140545355, 56.20493942891729, 40.66525275893687, 57.10082131571847, 29.2124173190716, 33.90981935491991, 30.430210588699982, 45.84136620031247, 55.81858105817179, 51.22346942392633, 54.6716055588565, 42.44129378260084, 47.776194002881745, 49.20183070229895, 43.14024426086942, 16.716872969210183, 56.27141395327905, 24.391064121636024, 59.228504089361316, 44.77422227505331, 35.10569061951843, 37.31972168178692, 56.432682232770254, 46.45844502604035, 19.963714135826944, 26.93910225217419, 46.790550541778245, 40.566479163759276, 39.38243070952595, 46.57866023339606, 55.90695429213868, 16.07424138858318, 51.130331156869126, 42.62992150009384, 28.66900152219345, 25.246395032500487, 45.358668440800734, 61.41313719122819, 30.851520506940272, 24.854010767107013, 39.072447283542886, 33.87403593534214, 42.44164375045419, 49.16355919573379, 50.238553292538086, 28.383993234309983, 48.01498503154978, 62.82590523824161, 63.875822438798565, 38.7106900907184, 29.573324766593576, 45.49810510392109, 38.018551377532134, 36.038133403557936, 54.5326245649158, 48.75823869668445, 42.57465208933338, 57.99263210194432, 19.26652021027412, 55.001307328708315, 42.440791405129055, 51.404310331932486, 31.146423735949522], [65.15375280408664, 59.796323723297114, 20.617136896482428, 24.86729004622727, 61.0131280594458, 12.499371019617724, 44.77993907855176, 7.818267110486758, 52.62623907929146, 50.17392182745517, 23.101262286230394, 64.56402113417262, 62.528554717678205, 27.692606562707, 56.13005650800961, 51.50055885322246, 53.429516797001774, 63.92101028921237, 19.108133231315957, 15.512918770374034, 0.0, 30.77827103781597, 56.07405801039136, 26.002007720297946, 41.76861293848456, 23.27025081174381, 44.76230881818047, 44.71334988989975, 46.283042867709824, 71.12668437611063, 35.83486038823527, 56.73691593244243, 51.49981335757152, 59.94581521694884, 37.482829178681285, 28.130227726223957, 16.11071693363738, 60.83388517287431, 9.121107827045297, 63.81641707532323, 52.37154586141597, 35.468313062794564, 45.93173318436475, 71.37694687717455, 61.242401229323505, 16.66239870120195, 42.00655744960665, 45.259185832876554, 33.023310755458795, 24.044729061161718, 62.01125909448807, 71.35345791011562, 30.212229459355147, 48.12674241252539, 29.767773902667845, 20.964981932731025, 37.22782697445682, 49.9631778298873, 63.886886478015846, 37.769289749841676, 24.096960015511215, 27.59512801842268, 45.75074242480392, 54.79558261312464, 35.872007893473274, 48.772979993879346, 38.28527543441708, 34.484413780146234, 63.76742360999354, 48.657886506043205, 26.83793717893958, 27.603827461792104, 30.087082168495446, 53.36008261856376, 36.90592817056642, 70.01773923948949, 49.9270138648568, 33.626293842013695, 73.43034706461647, 33.578839301889836, 70.13776059074452, 41.40976194971279, 50.399397590736676, 16.57956806829911], [87.58438600155266, 90.08446170335341, 12.241995270675666, 50.95669400976133, 44.3026557143411, 40.601677484070734, 39.079966061933916, 23.101778007835037, 79.80712736594899, 35.46173244906174, 32.058587379805594, 48.82224834790744, 65.65160418303535, 31.800781676362178, 49.76604531315371, 66.80433396731432, 81.9570207100302, 61.331284372538654, 49.880249095581036, 40.90454140545355, 30.77827103781597, 0.0, 85.24736946642444, 37.967132368907, 42.42893560000244, 51.42688821031029, 74.264929188699, 59.2512128346315, 31.09362774405207, 93.53614033374375, 37.55423874285828, 41.743044831840756, 81.81621333570311, 88.6423743099361, 9.455383137728528, 36.992418869295214, 46.85877660477663, 49.88457074758207, 24.867346948752214, 52.35072292122447, 49.60184027292361, 65.5613032427337, 76.3274422839665, 95.45885983394987, 86.03292565645481, 46.957686108162655, 66.52419827355408, 26.50913686377568, 7.383392121976708, 23.30149378998516, 83.7517633683355, 92.58782782377003, 47.818639539001865, 25.61019489876148, 9.446379254326173, 48.25706808312952, 48.077669685941224, 41.80811814732997, 48.27151287146355, 68.4180113729013, 22.448745250413488, 4.866008374888841, 53.89423797111615, 83.32203776419337, 13.942770694923736, 77.47953394299205, 44.6990747842776, 48.00343044669506, 45.298766423965695, 35.4619527283211, 6.246052719408778, 19.781985463661364, 26.38947425951635, 71.39102573612912, 67.09870669598506, 90.73513587554935, 79.84390937099582, 56.99736778082271, 94.69735709820195, 50.630061086611114, 93.485889122991, 25.257952237558737, 31.06955509397707, 34.28324569788336], [74.07010319157902, 35.66484136047183, 76.56213875228552, 35.02488318152901, 115.1667536247699, 44.713043260470464, 96.03832230969603, 63.69886112784186, 52.881560843749355, 104.42192379059821, 73.48565388333735, 118.12421914752603, 103.40063569408477, 78.72935977678193, 105.78804358047816, 80.79697596254948, 46.91593787236892, 109.63898401341585, 39.57435183976312, 56.20493942891729, 56.07405801039136, 85.24736946642444, 0.0, 54.67798422161406, 68.27411641784123, 33.82665093912134, 39.62301897562344, 78.24246083152752, 101.00092503770394, 77.73964440518509, 65.89880353527813, 110.55155190283914, 33.19927268055971, 48.31007066014177, 89.55516167876769, 57.86250081029163, 41.14501881738209, 112.4695267354634, 60.38144968510823, 115.42028330720403, 100.38091900681499, 21.224298496590844, 31.96810336644641, 73.05493572164947, 65.11014362992775, 39.53829523931191, 58.47674938274775, 100.82626190426315, 88.75458904943844, 67.66580003683366, 74.04513496556251, 80.9360223427454, 68.07970261930723, 104.09182615360618, 80.94879037208212, 37.08253735237867, 78.75961942312613, 101.56321315086493, 117.43871345686598, 30.14114460615542, 78.78867774711617, 81.10052718561442, 86.45180309576446, 47.349559192673226, 85.12183327179375, 8.099531288604158, 83.44096155833905, 50.40832332330507, 118.38159897075698, 86.05604