instance_id,num_cities,city_coordinates,distance_matrix,best_route,total_distance
1410,95,"[[16.408815758389352, 24.92440094381282], [63.165250219604985, 88.71282850887037], [6.7103941811648244, 18.553659574052293], [0.5944546731846634, 60.86373857164735], [99.37619519301475, 43.78274930061039], [70.59774172738304, 9.46276125987321], [50.53163200641133, 62.049148861115675], [52.021445228104, 31.09270427547861], [7.998421619832429, 10.104529538753948], [9.716347063866193, 35.42972057453261], [23.559502637671713, 60.38824620887917], [9.58455208658564, 71.9244253635815], [8.758143684154284, 67.2602252905381], [63.43226001703189, 41.71809723806088], [83.91537976280401, 59.188516718119864], [86.79778272510158, 15.523791685859944], [27.617996863671813, 8.66709351242968], [25.305496603219403, 98.15822663179918], [54.28384851439772, 79.07626564593599], [26.008589923926838, 87.28687578386085], [16.298249902422757, 68.68593412181215], [83.20550166250716, 60.1973269508532], [83.06772658644928, 95.78734776152733], [76.6600743051013, 7.054441907060238], [72.53017623110027, 93.32080937869334], [62.39599585887963, 27.143528788870043], [4.5658451931577915, 62.641727025946295], [73.55669143168303, 5.918328357727908], [47.75572115198513, 92.73752818254603], [14.830851406783808, 1.3840936711982277], [59.40580622043885, 0.8049794665742738], [27.773796967109142, 47.951542145885774], [12.124723079035238, 74.22762806971578], [6.456669410555548, 95.41028492605808], [8.82486802540151, 28.57690107524219], [39.720936190616996, 45.205177167292334], [40.8293061076848, 52.88040929134424], [90.52766552516447, 91.02757094226939], [72.4892627609335, 82.04266870957443], [63.67180797291785, 91.03961406026248], [44.185065865850085, 93.32210636873316], [51.47071862755388, 76.36011418990624], [90.54795334937961, 55.89642468765894], [89.37190734763111, 49.99772203543669], [48.69517373030872, 39.691495281931566], [6.620727482122335, 36.67757149031697], [47.73583340184525, 78.35539231753408], [76.68589594465364, 84.09919470886274], [44.68412469238887, 26.974169431200412], [89.04077879918272, 18.1348791477429], [83.88556303674721, 28.38687335002956], [0.07607651295021833, 9.740234216887933], [36.823624804577406, 28.108639982991125], [69.9179339687883, 99.22412024484379], [94.17970577429489, 25.125984309416616], [14.993066209948513, 74.99159516537838], [40.83077697507197, 88.11663754262727], [28.449142267244575, 43.42411458580558], [69.24399031657352, 19.656273052720476], [82.28273646480201, 26.436521830498105], [3.5313567580071648, 45.40472753845781], [69.76151311023962, 62.70097087853627], [34.209161733369996, 80.79436097399409], [38.51277588523919, 66.88503542513874], [65.69353013321478, 60.75448212145882], [1.795365852495323, 54.2673231014566], [21.53573948088081, 88.08576145804878], [67.55576357499783, 72.45997003784842], [81.95375422012886, 62.71316236140241], [58.739171025854496, 12.109489704404197], [26.8433386473766, 88.17994253988066], [79.34004207607708, 38.09511569430863], [14.115679552821215, 5.417754633631889], [17.247416207217714, 79.508812226554], [53.24799815015472, 40.726629353962295], [53.96979088680579, 51.658408902202744], [52.09262360185329, 34.55556063975583], [81.02437234698395, 93.65891048261219], [94.27304272740358, 48.790574103450254], [43.08465573496299, 71.7751918575401], [91.34639243132584, 33.29229914031912], [48.95558478581129, 56.89384139502314], [5.833794950436067, 41.33165443774489], [0.7431073948929945, 11.782808868427653], [44.64419163940846, 9.480400614321082], [99.96026306763991, 90.0994757208223], [98.69429473422262, 98.39045480237401], [16.759139055998386, 20.038527945679597], [52.79953837526269, 92.77779429732898], [55.22862871088, 98.0100875508006], [66.49363367826706, 33.926875551030065], [3.74230877302808, 18.030708794398876], [23.000111499117693, 72.99044251255881], [6.062053204983442, 47.98731786368844], [37.057093034103026, 59.120961961619976]]","[[0.0, 79.08936499143577, 11.603694527604237, 39.26486986685069, 85.08362564556961, 56.35159269611689, 50.42433436962312, 36.14287403816453, 17.040050411555544, 12.455957521232927, 36.177571005114615, 47.49287178220698, 43.0215621090664, 49.93227959115329, 75.70446362981016, 71.01392909184518, 19.74704499335348, 73.772245153263, 66.08284616287165, 63.09701999464749, 43.76167285305307, 75.5379146976637, 97.28806516974979, 62.84544209756142, 88.47415322058163, 46.040691371738085, 39.53293106506179, 60.22549700183271, 74.70775531129057, 23.59313539960404, 49.29997648265414, 25.679019253366352, 49.489005396286444, 71.18500584875471, 8.417661220718198, 30.899269299993772, 37.12005861562288, 99.31381059346494, 80.0469427808858, 81.2712239264559, 73.82253163788403, 62.249254051282236, 80.34847837716127, 77.15104772343504, 35.50318276270199, 15.295217880082928, 61.937491663870865, 84.46882627879664, 28.34950874644921, 72.94860972889396, 67.56552477729443, 22.30061188511563, 20.66165062745348, 91.56240505724192, 77.77115126908797, 50.08720678979692, 67.74725792258825, 22.072808323264507, 53.09716416222901, 65.89127361654722, 24.19241053987484, 65.37262080375226, 58.63705953237306, 47.426573767928936, 60.932567549749834, 32.780481980922985, 63.36909979529085, 69.82578750038343, 75.65797676007948, 44.22760367851434, 64.11039549505733, 64.29468852780113, 19.640970544445683, 54.59085276670641, 40.08535620423362, 46.10351433585919, 36.960700470878734, 94.33770696170843, 81.43974498221344, 53.91286532635373, 75.40332962037769, 45.62167573520108, 19.519964966740872, 20.4478815725724, 32.183125971847055, 105.96525241634284, 110.30938817630762, 4.898416210035138, 76.99589393055456, 82.75563705561812, 50.887459507435565, 14.420935845537118, 48.51586886401357, 25.277532161776552, 39.94691652555127], [79.08936499143577, 0.0, 90.05253886451702, 68.48851192458096, 57.70567176220918, 79.59783344403142, 29.50525582866257, 58.68784462186444, 96.03459608251544, 75.47101986652778, 48.69185973027513, 56.14928042807394, 58.48373642648939, 46.995489798995834, 36.086740816773556, 76.90989340587679, 87.58382791515403, 39.02020617057332, 13.10506161986828, 37.18401196081977, 50.96657941750794, 34.85319937968425, 21.12243802663437, 82.76594939653128, 10.437208769466837, 61.574105111505496, 64.13729493817564, 83.44406093750234, 15.92644949601468, 99.81243428023035, 87.98820001810464, 53.981824990350525, 53.056163096757395, 57.102706239167155, 81.05064407711207, 49.4221770620247, 42.22388739033106, 27.460149378451923, 11.464215700125113, 2.381287836362594, 19.531841707630736, 17.010338626947522, 42.74024789879194, 46.75091814152134, 51.11236861027533, 76.8436791453702, 18.583417010705265, 14.286128855041497, 64.44543448112891, 75.17173614660246, 63.7852038412256, 101.07875389118387, 66.08138086016318, 12.493437948588351, 70.74731944462236, 50.088237708335875, 22.34242911545186, 57.063786766785334, 69.32358136042019, 65.14458268984438, 73.70069781930596, 26.83518998447997, 30.019280279906116, 32.92714748824694, 28.072430105711394, 70.37581651394592, 41.63423323938821, 16.835439287495678, 32.07788213641127, 76.73109990754196, 36.32582039977521, 53.13922037608046, 96.66400423361974, 46.831201096216766, 49.00027752924994, 38.178350995402596, 55.27759693820969, 18.531377985773503, 50.6110773597968, 26.270017323730894, 62.17404484065426, 34.847704841087136, 74.37655154441494, 99.06942937509858, 81.36834299035482, 36.821131989354555, 36.82349052980169, 82.8835732287917, 11.134268224776921, 12.224114964508043, 54.886963642987084, 92.34201653361372, 43.132722958943845, 70.1380234010163, 39.462823484555116], [11.603694527604237, 90.05253886451702, 0.0, 42.74982457096177, 96.0388340495577, 64.53090429127752, 61.742679508245025, 47.01402970393726, 8.546742831988176, 17.141679836729928, 45.10016734654061, 53.44810029015134, 48.749593043648524, 61.269578390844536, 87.2456383653641, 80.14468106622792, 23.127300716261754, 81.74756834633078, 76.98194205739817, 71.39100342109116, 51.04088487343876, 87.09590404359867, 108.60702004516662, 70.88857281955883, 99.61109576252356, 56.344228518427585, 44.14019463034477, 68.02998641077961, 84.78186850892006, 18.993046591991412, 55.60415538020924, 36.164933798228326, 55.93662239955542, 76.85704415834505, 10.243845461013974, 42.42639831261417, 48.398614620702006, 110.8052471887584, 91.42053288318162, 92.18902461211012, 83.63415363333316, 73.11000505950466, 91.77809342982623, 88.4401199854756, 47.00563596212169, 18.124133724551857, 72.52126517355144, 95.87902806745954, 38.89613342214618, 82.33144969206006, 77.79909241791785, 11.031347943433397, 31.592788879648445, 102.48373681146548, 87.71588181739472, 57.04246865053325, 77.48037445611116, 33.03199510840483, 62.54331620652795, 75.98235608079888, 27.038604434529557, 76.97031046853945, 68.0447435710278, 57.85597094259699, 72.52530420767432, 36.05028801577419, 71.0950353798511, 81.28990887244963, 87.24462686251316, 52.42633827822993, 72.4786501841554, 75.21259376353694, 15.0794645143463, 61.859190651570195, 51.54987072762983, 57.70073660761035, 48.12076043568479, 105.65683160528513, 92.6363234411332, 64.46408614249064, 85.90971828649879, 57.04932665061011, 22.79485635448753, 9.02512774798629, 39.00380773403276, 117.53442838356858, 121.79881704386048, 10.157859402480076, 87.36951063136084, 93.0985662011217, 61.72820663394239, 3.0138029975322507, 56.8218111907117, 29.44079799075532, 50.66190042107851], [39.26486986685069, 68.48851192458096, 42.74982457096177, 0.0, 100.2476556065244, 86.84768659554507, 49.951245005149815, 59.422637442303234, 51.29635492110547, 27.020329240494654, 22.96996998252809, 14.253443226522691, 10.371155220744306, 65.68976604088014, 83.33776410516721, 97.39981802258376, 58.77721997474014, 44.73828822090472, 56.69433087592253, 36.661430014096254, 17.54411376578649, 82.61373486969573, 89.56282185665407, 93.1741321264919, 78.91900583149513, 70.40229428592268, 4.351228057198655, 91.33721090759808, 56.922082885680325, 61.159652953887466, 84.05848925632624, 30.09055439947496, 17.65051364769704, 35.040397067449135, 33.31935742879241, 42.14347044546676, 41.01922496042609, 94.85694069191587, 74.9493863334546, 69.92378680251639, 54.34783366612716, 53.18394392348895, 90.0905440726732, 89.43995985424402, 52.5541916475869, 24.925622199932562, 50.28188082406033, 79.56000161308366, 55.60936880533214, 98.22681751471384, 89.39885629611739, 51.126132392623965, 48.84106112649467, 79.22918441938735, 100.17677526934796, 20.172167610835935, 48.59714121945644, 32.86372020526926, 80.06755871479075, 88.64653763463495, 15.73551448094757, 69.19145464133886, 39.07912793406474, 38.3934252097727, 65.09916714307951, 6.70484039451837, 34.34495507967376, 67.95799786678354, 81.38031697605697, 75.88006867644171, 37.88375521413783, 81.97120057164615, 57.07083893811595, 24.999197976152722, 56.37285524369111, 54.16331424719366, 57.828899601339074, 86.85905224951438, 94.45337029512596, 43.868861383452476, 94.84776475580715, 48.52379817536309, 20.22258631220728, 49.08115481693626, 67.68032761763429, 103.57746957972685, 105.03253329832006, 43.90893808611878, 61.187234920389116, 66.06621084383623, 71.19196852830656, 42.94854392563915, 25.476860212200343, 13.989168808520445, 36.50426367633751], [85.08362564556961, 57.70567176220918, 96.0388340495577, 100.2476556065244, 0.0, 44.78907191480834, 52.14837203397746, 49.02560134235058, 97.38644664181805, 90.04810634011503, 77.61387374433731, 94.09831615595222, 93.60995213181194, 36.00318408244815, 21.82600475326254, 30.93194377476488, 79.88960075571354, 91.8866743580098, 57.26213430358975, 85.29604049421843, 86.73011938159391, 23.04191156769444, 54.50178354304138, 43.18553822970612, 56.34472584371343, 40.55118743058812, 96.66779974707241, 45.82969722593877, 71.14241853915162, 94.58097670839238, 58.69174298422566, 71.7236520646292, 92.41055150426313, 106.29882739896038, 91.81917377143549, 59.672214871572116, 59.24952015735593, 48.066304717910214, 46.76246966091211, 59.22849427154692, 74.16339161021953, 57.93288693043224, 14.9892956950117, 11.777591493506861, 50.845887699484855, 93.02720216142315, 62.14494839565418, 46.26300304062382, 57.21670152037573, 27.65201756494891, 21.84016210760495, 104.97336044492607, 64.48644636744288, 62.78164354754382, 19.36694044539563, 89.96946435976842, 73.4374539385011, 70.92795961814822, 38.60099256309124, 24.353191551375566, 95.85856178785887, 35.14154951813228, 74.94399007653523, 65.10047184171312, 37.71686148757521, 98.14247063615714, 89.56502348402985, 42.83599955141897, 25.72745591981256, 51.522452451441346, 85.04190758793708, 20.827784514078886, 93.49453643410922, 89.56275961517923, 46.22932436834029, 46.0843527260508, 48.175482903646056, 53.14528065618923, 7.149858344275887, 62.86743397706326, 13.210877221334773, 52.09739618966736, 93.57450779549711, 103.69417628900497, 64.59290470622717, 46.32040890975516, 54.611962868981784, 85.96142165238348, 67.60103101690927, 69.92575948815322, 34.32784728378452, 99.04043528793918, 81.77038279952262, 93.40881913269267, 64.17890043875192], [56.35159269611689, 79.59783344403142, 64.53090429127752, 86.84768659554507, 44.78907191480834, 0.0, 56.284784091992236, 28.511983910059, 62.6026097255647, 66.18781755145031, 69.32532693000645, 87.31591374284753, 84.6444489291773, 33.04165291275763, 51.47825015223262, 17.296745883330154, 42.98710918070711, 99.59052688850403, 71.49953219898066, 89.69272690689255, 80.34811146681687, 52.27764117128933, 87.22060970359533, 6.523180082444274, 83.88031078512711, 19.490463711926957, 84.7833342105381, 4.617183984896768, 86.35070764036844, 56.34900998276768, 14.14979172892579, 57.57843779508503, 87.25584153938736, 107.24296705286507, 64.66249505147813, 47.23237676694021, 52.642681541015925, 83.9643974617271, 72.6045509401963, 81.87033327883562, 87.92052779785435, 69.57800544501688, 50.53806528832829, 44.6716055208784, 37.32959744549642, 69.52484626101202, 72.58692352161148, 74.88432960078306, 31.27562891420675, 20.38016793583622, 23.123326178350606, 70.52221108174656, 38.57926602817331, 89.76393321049053, 28.309814280732944, 85.94130562432984, 84.0981833624729, 54.128347066763475, 10.283011502142019, 20.60698061149206, 76.09024203425456, 53.24477666119783, 80.07699964257063, 65.77813165028677, 51.52564332740728, 82.10490660030983, 92.67500323495061, 63.07061078581201, 54.447812051625554, 12.15034446187599, 90.06021550916493, 29.937259992289036, 56.6267200718654, 88.0494547918069, 35.755321987085736, 45.353736660966355, 31.17832544507237, 84.83929614285664, 45.90421266617037, 68.11614278433088, 31.596730552856773, 52.1353078045065, 72.1802961652958, 69.8931510137571, 25.95355608227571, 85.81630019124384, 93.2606614262149, 54.86749473595307, 85.19489874749412, 89.8712335966632, 24.80597893511973, 67.40221539733419, 79.38073247765796, 75.15980677583427, 59.924218907725354], [50.42433436962312, 29.50525582866257, 61.742679508245025, 49.951245005149815, 52.14837203397746, 56.284784091992236, 0.0, 30.992273308344917, 67.13655831463257, 48.72865119460716, 27.02321891085946, 42.121068836874805, 42.09726409356109, 24.07857685096291, 33.506086469774324, 58.99019027122966, 58.09198317069889, 44.0479670907687, 17.43564838848029, 35.18980609787957, 34.870781018989, 32.72630444597844, 46.87071063644025, 60.886068110187615, 38.23418234423513, 36.86686103062903, 45.969606331171754, 60.669781373603364, 30.8136707720407, 70.39030229100078, 61.883755968817795, 26.770535496575064, 40.2915128679734, 55.27718993734837, 53.477523630087525, 20.014757716344086, 13.349191479014449, 49.390602785820725, 29.696437232143722, 31.829409307960734, 31.910449276839824, 14.341743698862235, 40.48656553201738, 40.666987558909014, 22.432950152993026, 50.713750348634726, 16.54418524730915, 34.20891760987169, 35.55907090738627, 58.40734090134616, 47.38811568062894, 72.6772703904793, 36.604202004026554, 41.92621138568885, 57.170573061308836, 37.82190602294179, 27.81403520706403, 28.88820269308703, 46.33905774650489, 47.711548270303595, 49.86043155240336, 19.240925113147927, 24.855703831738936, 12.955257670981913, 15.217073200005963, 49.35362652104739, 38.970077994211046, 19.95510594405478, 31.429137410090714, 50.60961621514432, 35.269726686577435, 37.46625409216287, 67.32931312029568, 37.58562047115518, 21.494847828254375, 10.944789325545978, 27.537866439627038, 43.920203133016344, 45.706682404951884, 12.249627257831605, 49.92795884479602, 5.390836661549909, 49.26572046225362, 70.75027999416169, 52.89740302046864, 56.83318049804559, 60.33516883666641, 53.90244474776786, 30.812222406739657, 36.266387874794866, 32.336477134955175, 64.24067118691364, 29.625943499079312, 46.63988132249706, 13.789034739046585], [36.14287403816453, 58.68784462186444, 47.01402970393726, 59.422637442303234, 49.02560134235058, 28.511983910059, 30.992273308344917, 0.0, 48.77017619810004, 42.526827310111635, 40.844962396759456, 58.89074075371505, 56.3897405283753, 15.591846258750381, 42.50409082565824, 38.102292436653556, 33.14266600880629, 72.1909010876967, 48.03686740850492, 61.92296466247023, 51.85940237368762, 42.655883964348575, 71.75840356340491, 34.422377902852325, 65.5205701447263, 11.100778703071105, 56.98574217456779, 33.12877951112887, 61.792238318634574, 47.599808957801294, 31.174910767555307, 29.532505151605438, 58.7568726956655, 78.82195110530596, 43.269776377644426, 18.720694797562313, 24.49424560890158, 71.23845340777507, 54.90747153523673, 61.0685102555381, 62.720868348525855, 45.27075988040597, 45.820479856766305, 41.86235441356064, 9.219722818485462, 45.74293293676818, 47.456592267945474, 58.463861976553936, 8.41419050814519, 39.22163038538524, 31.978798049961323, 56.16270389285303, 15.48800779078642, 70.44270119207602, 42.5784062575611, 57.430074648005665, 58.1116169212804, 26.602953729241804, 20.673848660499637, 30.61740979039868, 50.558112007054575, 36.24627603096282, 52.797084406942986, 38.25670028298032, 32.66109261241639, 55.31475397373034, 64.63425424588722, 44.187845875955254, 43.54074518376685, 20.13678910216856, 62.39302704346919, 28.201764118945572, 45.78263983805228, 59.6100042230801, 9.711691124023048, 20.65778927183266, 3.4635878161965024, 68.96158307794727, 45.808428129446305, 41.65250295371579, 39.38641504510937, 25.98265146041015, 47.30893296828339, 54.793612689511235, 22.83671473863971, 76.02584647509842, 81.89836449527577, 36.954364436499326, 61.68999724387609, 66.99419534786976, 14.747093454514825, 50.014905206304135, 50.96722751722023, 48.966250453039606, 31.772866812845898], [17.040050411555544, 96.03459608251544, 8.546742831988176, 51.29635492110547, 97.38644664181805, 62.6026097255647, 67.13655831463257, 48.77017619810004, 0.0, 25.38339159430714, 52.63648358890615, 61.84024037509956, 57.16074469848634, 63.814795323071344, 90.40255710490638, 78.98549052083972, 19.67216193199035, 89.7384444718892, 83.06287452557193, 79.25579306423836, 59.1664441423045, 90.36256548546473, 113.91639867362272, 68.72936478706538, 105.3057291110412, 57.00371548011681, 52.64921367630491, 65.69178807926777, 91.69981096465932, 11.078271458750807, 52.24175363652759, 42.702012053415885, 64.25572448384392, 85.31968648602371, 18.490849732863524, 47.31145098849174, 53.92256359690969, 115.58379959830383, 96.61347969329678, 98.23448403958585, 90.74490793009454, 79.24419918576724, 94.39980323123469, 90.62621578257387, 50.315148556170655, 26.608731643891055, 78.97621265407153, 100.9612777393367, 40.37852845298598, 81.43924221177392, 78.05832644673156, 7.9307164288022545, 33.985884298192424, 108.51878849836775, 87.48061409214768, 65.26297831524322, 84.63954485570396, 39.09509844860601, 61.98592976751929, 76.05848673359311, 35.58171788008627, 81.12376416353948, 75.39267315622966, 64.46046590700789, 76.77332377200571, 44.59630294222363, 79.14753000897694, 86.22805773413093, 90.75824737999689, 50.78034576044725, 80.31750128752468, 76.63615153864653, 7.706276898087435, 70.01784312791663, 54.637323994372906, 61.96847329434927, 50.41975377105102, 110.96902295017173, 94.55115171861542, 70.95290279628806, 86.51333363990102, 62.18302757656488, 31.30205964589298, 7.446892372729616, 36.65108453022873, 121.88589621914299, 126.57071541093174, 13.24516871712639, 94.03195610203554, 99.79017782964685, 63.1600665237921, 8.9966001443517, 64.65051237061628, 37.932244514526396, 56.98260288744223], [12.455957521232927, 75.47101986652778, 17.141679836729928, 27.020329240494654, 90.04810634011503, 66.18781755145031, 48.72865119460716, 42.526827310111635, 25.38339159430714, 0.0, 28.540514327547026, 36.494942766852844, 31.844923994139776, 54.082742029731456, 77.91005613943928, 79.61026145239107, 32.197938952984, 64.63657676220829, 62.38014974503649, 54.35624824999934, 33.90128588237411, 77.5505652412367, 94.99193669733377, 72.70914011598263, 85.42221782172183, 53.3273510637341, 27.695143340158953, 70.33144275198345, 68.78356485275341, 34.42764682511381, 60.56331437484116, 21.974246573499038, 38.872585468878086, 60.069073559786, 6.910562203314352, 31.55685219191011, 35.672717266188045, 98.08970464307973, 78.1869930292195, 77.48323699615564, 67.37670894897428, 58.46986117811388, 83.38245949808937, 80.9767556196555, 39.211116433343186, 3.3376627305496114, 57.341909943702525, 82.78670297703857, 35.9755725099034, 81.18791172402881, 74.50284756342914, 27.438741327081125, 28.07851006623932, 87.71520104956888, 85.08951724899852, 39.912224769967914, 61.18838916250564, 20.36732559123051, 61.581993780202936, 73.12153235769854, 11.736902019439647, 65.94803301600568, 51.554326384961264, 42.64588075318839, 61.43930803474302, 20.435195431247124, 53.96625499915581, 68.6777800868925, 77.21806257862976, 54.28692694419334, 55.46097509145619, 69.6746958249398, 30.332692362963105, 44.717818856796264, 43.852729549207815, 47.13531176333437, 42.38529189253655, 92.06233229246888, 85.60576609409715, 49.34001729178371, 81.6580239601777, 44.72612502325608, 7.064491081403709, 25.292201631988426, 43.51231472917374, 105.511831106523, 109.0005927788357, 16.92600749092652, 71.72839697978534, 77.38003690617809, 56.79717262732793, 18.396052414190184, 39.84050991236151, 13.078498127984039, 36.17722085332513], [36.177571005114615, 48.69185973027513, 45.10016734654061, 22.96996998252809, 77.61387374433731, 69.32532693000645, 27.02321891085946, 40.844962396759456, 52.63648358890615, 28.540514327547026, 0.0, 18.121331970765553, 16.31883339487319, 44.02739196938503, 60.367799814098454, 77.53643884048512, 51.880140821242186, 37.81031494282335, 35.9614724397167, 27.009892660797, 11.026214943741783, 59.646304578186204, 69.24106518730457, 75.26064969632236, 59.01424056215518, 51.122249970606596, 19.126871121864877, 73.93707350183112, 40.39719092466964, 59.64628545852961, 69.53504983986537, 13.131332173302328, 17.952233115817762, 38.974993268788744, 35.05811084996566, 22.17470450779126, 18.831190272342756, 73.64443672568825, 53.50734005310446, 50.48270387438484, 38.85940045225096, 32.15799348275964, 67.13887837410911, 66.6275889276085, 32.5600592783449, 29.139632794181214, 30.121641862761685, 58.17751064266163, 39.53163522875386, 77.9303827511657, 68.28851607791768, 55.827344745170706, 34.898566087405214, 60.47585689859354, 78.93440444650362, 16.930494198797323, 32.66742418978298, 17.654753961243827, 61.20593150731196, 67.83168713353203, 25.012645984061532, 46.25985805322921, 23.017922553124343, 16.303639193042883, 42.135619156941814, 22.608479597063745, 27.771351574829186, 45.622335458283935, 58.44051550928997, 59.73648296912776, 27.985031068291423, 60.07039410707385, 55.77580782456035, 20.135502972157987, 35.60879025106406, 31.63851593859076, 38.48982509274121, 66.40141829753101, 71.65829156690215, 22.602967386567215, 73.00173131809422, 25.635363338134177, 26.02603317728208, 53.69428676247831, 55.10147777854352, 81.9745896811247, 84.19860355953311, 40.918757419581176, 43.63556479879229, 49.1765847959928, 50.43355772997866, 46.764111757714026, 12.614605428723078, 21.446299458695382, 13.556952307697557], [47.49287178220698, 56.14928042807394, 53.44810029015134, 14.253443226522691, 94.09831615595222, 87.31591374284753, 42.121068836874805, 58.89074075371505, 61.84024037509956, 36.494942766852844, 18.121331970765553, 0.0, 4.736846331578346, 61.74137922163112, 75.41402596372384, 95.61858849034112, 65.77761901631105, 30.583662721711676, 45.267824340978905, 22.488972893352784, 7.4539629651208275, 74.54910498216724, 77.26070152378759, 93.31259526203272, 66.48275601887032, 69.24144200801406, 10.552530848553616, 91.91974463810654, 43.4766994696251, 70.73515428574794, 86.83393891887737, 30.09232059999574, 3.4288790262163826, 23.693232143871413, 43.3541806726985, 40.275549295330734, 36.591108236819274, 83.16680698530624, 63.71327548817549, 57.36568389048716, 40.68238324124211, 42.1203784748156, 82.5346542351003, 82.74540699273136, 50.68138225233201, 35.37124487842187, 38.689502477531384, 68.19688670437587, 57.03074175825363, 95.95106693262697, 86.1171217792883, 62.90695300444097, 51.59253949025965, 66.22227955872343, 96.67695750563985, 6.2176808872497125, 35.19253194973474, 34.17807011980086, 79.3171375927618, 85.75648884909086, 27.201756311344944, 60.87970721578802, 26.173405548177534, 29.363882289245478, 57.21000829810596, 19.29882593538992, 20.10024040880831, 57.97368514707642, 72.95305876754551, 77.42094736553054, 23.7088074820286, 77.52580587374503, 66.66084583694698, 10.781577371539848, 53.66375870179072, 48.79304096452119, 56.5983055814809, 74.6728582701063, 87.79131802829812, 33.500436043301754, 90.42919723788806, 42.14257550553097, 30.821839854478046, 60.78803483323361, 71.6130892537119, 92.1851484286883, 92.95696288596741, 52.37958618624919, 47.98330997146331, 52.57226933118036, 68.42848353840658, 54.20945021464614, 13.457846295492123, 24.19489850841135, 30.309555938653865], [43.0215621090664, 58.48373642648939, 48.749593043648524, 10.371155220744306, 93.60995213181194, 84.6444489291773, 42.09726409356109, 56.3897405283753, 57.16074469848634, 31.844923994139776, 16.31883339487319, 4.736846331578346, 0.0, 60.34616228253606, 75.58943454121045, 93.6314254071389, 61.55362827258631, 35.049983958807516, 47.0341217625124, 26.431886528452473, 7.673711452377117, 74.78163974475115, 79.59717851524559, 90.74915170330884, 68.89140859486434, 66.98035924153166, 6.237458846168766, 89.2282472623119, 46.58222848909854, 66.15544192440312, 83.55528360261141, 27.100190304832413, 7.738123694367376, 28.243984161505402, 38.6833817612087, 38.01472961257189, 35.14738350670142, 85.15363422330435, 65.42305535677481, 59.841205334457634, 43.9805463881693, 43.67118084362238, 82.57547413860719, 82.44133011192433, 48.52835504315888, 30.657254630590923, 40.52607835808359, 69.98378682405695, 53.9781660313289, 94.12014202423539, 84.58880912786866, 58.17153654046018, 48.17175378388206, 69.00877138676142, 95.24776917584455, 9.9321870222144, 38.25759713106375, 30.917561332154385, 76.97190339013946, 84.09780322786891, 22.47180641520679, 61.17350637431862, 28.82580698679051, 29.756997577997303, 57.30587163882845, 14.740955953671405, 24.43296770776769, 59.027090816550505, 73.33671101853145, 74.42920616144875, 27.653369535197736, 76.37020360302695, 62.07410383996179, 14.902873209551878, 51.801340366165924, 47.82791776141165, 54.29062754893874, 76.93697670833326, 87.48671883977485, 34.62216562659623, 89.30083335597386, 41.51260273929323, 26.09296077459814, 56.053407921289015, 68.01703152491424, 94.0183915000507, 95.17143718133234, 47.89472441793237, 50.89981114261944, 55.723065310912816, 66.66707590495218, 49.48438030630793, 15.351515777081962, 19.46057205109327, 29.446190616927613], [49.93227959115329, 46.995489798995834, 61.269578390844536, 65.68976604088014, 36.00318408244815, 33.04165291275763, 24.07857685096291, 15.591846258750381, 63.814795323071344, 54.082742029731456, 44.02739196938503, 61.74137922163112, 60.34616228253606, 0.0, 26.92162237549706, 35.10112953714432, 48.734282517441585, 68.11122003308084, 38.46200956544896, 58.9664706540397, 54.30358308318791, 27.06405394519646, 57.52421576664983, 37.10180685284832, 52.39858757359004, 14.611361636946091, 62.47441938679311, 37.20386489808864, 53.3735534200826, 63.15796673921656, 41.110771532040495, 36.199196434473436, 60.73987933424146, 78.28837042422019, 56.166344875888605, 23.966364013632933, 25.208941584345506, 56.2635334531717, 41.329170848980816, 49.32209854482962, 55.076567077585686, 36.648981035004745, 30.598787462282758, 27.22898254472949, 14.875779902610534, 57.03470109309557, 39.85811334253456, 44.40513808256375, 23.851121259283406, 34.81327921513963, 24.414322328688804, 70.96893483492458, 29.887067347718205, 57.870602629185896, 34.938569404495006, 58.76632676115964, 51.610576223197455, 35.02469161443524, 22.814475568364067, 24.266582150046663, 60.01424376111761, 21.91667016063427, 48.79491634234833, 35.41688110360462, 19.170218881567408, 62.90142917311818, 62.492229262954574, 31.017189183271828, 27.997116048777354, 29.97823751258939, 59.13926137385426, 16.315131789368095, 61.23593701317788, 59.67560587944165, 10.232409214761079, 13.723997887669496, 13.412281109136652, 54.83913289554283, 31.64133067997977, 36.29674829766429, 29.15806684309926, 20.973252882369255, 57.599761423688, 69.46978729098659, 37.31300841484827, 60.622213674175896, 66.74703891779563, 51.46245179688223, 52.15503267466697, 56.886621801411785, 8.371089777929972, 64.2182423520956, 51.11475533289859, 57.71172980348107, 31.5991951474065], [75.70446362981016, 36.086740816773556, 87.2456383653641, 83.33776410516721, 21.82600475326254, 51.47825015223262, 33.506086469774324, 42.50409082565824, 90.40255710490638, 77.91005613943928, 60.367799814098454, 75.41402596372384, 75.58943454121045, 26.92162237549706, 0.0, 43.759758442888234, 75.64264355520604, 70.38292900083425, 35.686835129234005, 64.363919175507, 68.28086985309736, 1.233541650269076, 36.608645831978954, 52.63650077360512, 35.981054205308624, 38.60006651536039, 79.4246391106032, 54.26799601876727, 49.326028434196544, 90.07787398668579, 63.31948055086379, 57.25510384535948, 73.3489826605145, 85.50946322801428, 81.09041845527902, 46.353884709363456, 43.54540116157043, 32.51842088557574, 25.551289849808775, 37.7398277779711, 52.37938320357491, 36.70857932301754, 7.404654098495397, 10.688517211625587, 40.25663619646584, 80.50593721111898, 40.94299323606158, 25.93852953109292, 50.76273776622206, 41.37234430198485, 30.80165779973822, 97.33530403580492, 56.423329597928344, 42.412003471958705, 35.57544803040613, 70.71083788139083, 51.89527118932848, 57.66298532423654, 42.16690595127266, 32.79266218618599, 81.55724369168612, 14.583184681255352, 54.198898667765604, 46.05032941326864, 18.28901450510157, 82.26733757234386, 68.74787469632415, 21.065813894318545, 4.033745366329686, 53.38797871173456, 64.01344115308672, 21.583912566976924, 88.10955115394744, 69.69599539571173, 35.79566426290621, 30.87783698463421, 40.2426432387081, 34.591414688582454, 14.676457089713438, 42.72671782038743, 26.94130720875526, 35.03502247283131, 80.09744950565708, 95.73363059851195, 63.349214858685215, 34.82708237467722, 41.895205898695814, 77.73469165535177, 45.78684476514831, 48.27052980682842, 30.68660540185057, 90.12039982721758, 62.459291248556994, 78.65498911000601, 46.85833542491966], [71.01392909184518, 76.90989340587679, 80.14468106622792, 97.39981802258376, 30.93194377476488, 17.296745883330154, 58.99019027122966, 38.102292436653556, 78.98549052083972, 79.61026145239107, 77.53643884048512, 95.61858849034112, 93.6314254071389, 35.10112953714432, 43.759758442888234, 0.0, 59.57567762473378, 103.0036460098869, 71.38678354082163, 94.04927538623116, 88.29721126171789, 44.81773350254641, 80.35018203283238, 13.209959034175663, 79.09450396182216, 27.02712512657593, 94.77442366466845, 16.358221920145656, 86.52308175081774, 73.34282693843548, 31.096041709172386, 67.345303434296, 94.98529487814152, 113.29848317977142, 79.05794768078592, 55.65262009760905, 59.23358609309733, 75.59585112757716, 68.04039053430725, 78.97752931765436, 88.70412282200925, 70.34955290240708, 40.54643356954034, 34.56990007679776, 45.1208012929474, 82.92070059672193, 73.98409236363476, 69.31692545134888, 43.64254052420936, 3.442209918343993, 13.188627427156149, 86.91434786813736, 51.534404687813115, 85.38544545130544, 12.111766637617219, 93.23270329932583, 85.9225633184185, 64.6760532283897, 18.033663803263803, 11.80988238478011, 88.46563186210047, 50.15895452427373, 83.82010661535281, 70.49410786704917, 49.911970856129656, 93.415588103569, 97.59289802865057, 60.09978125003784, 47.437340955314255, 28.265582401742552, 94.19900010929663, 23.77146531206027, 73.38133350142265, 94.50574763666505, 41.961542768945726, 48.819950937161266, 39.58100932624709, 78.34812733420462, 34.09630954401534, 71.23943776119012, 18.341475061148405, 56.06703985243969, 84.97772117558999, 86.13595125514047, 42.58459600681193, 75.7283535939495, 83.71625203058838, 70.18400423531945, 84.40415593064252, 88.32100820695022, 27.403137854350845, 83.09329928936896, 85.86360585892292, 87.01803579169224, 66.14264484422908], [19.74704499335348, 87.58382791515403, 23.127300716261754, 58.77721997474014, 79.88960075571354, 42.98710918070711, 58.09198317069889, 33.14266600880629, 19.67216193199035, 32.197938952984, 51.880140821242186, 65.77761901631105, 61.55362827258631, 48.734282517441585, 75.64264355520604, 59.57567762473378, 0.0, 89.52100627474707, 75.28956876476477, 78.63625344015917, 61.07698338458741, 75.79799237432984, 103.26960456376547, 49.06858470520083, 95.82982555289438, 39.38131377487508, 58.69124942918504, 46.020857972105716, 86.44863171348882, 14.715745839847498, 32.74565102379555, 39.284757579841084, 67.3663508289028, 89.28708213509606, 27.378497561408537, 38.490423452093346, 46.1449453798242, 103.6381910956088, 86.00817134862595, 89.91723659512859, 86.26087744176871, 71.77253920537049, 78.68156802296558, 74.30858842803877, 37.50681124573196, 35.00674503622215, 72.53403571652541, 89.98700245663444, 25.028019253663405, 62.14818666327738, 59.62305527130281, 27.56281929660058, 21.510865044283594, 99.9492859890053, 68.56643624521885, 67.5153937522645, 80.54072016612787, 34.7669572522097, 43.05212419741634, 57.480312615802156, 43.9297164276096, 68.52543954503444, 72.42779967534283, 59.22858237777054, 64.52009210988537, 52.404095363924945, 79.65123146020419, 75.26324670963658, 76.63779802113103, 31.31098166419296, 79.51662251261862, 59.5078015934991, 13.887792333994724, 71.59677404410851, 41.04522876437199, 50.42489709638105, 35.62611519904962, 100.37853303449661, 77.79967116790526, 64.97576173756656, 68.3206349051531, 52.7362481569012, 39.26225914845264, 27.054895419104472, 17.045608730206997, 108.92491152927106, 114.46449965010613, 15.723368403652316, 87.79931673667419, 93.51212528192508, 46.36131713376909, 25.64616487801703, 64.48889898139505, 44.84126169110175, 51.329225378948095], [73.772245153263, 39.02020617057332, 81.74756834633078, 44.73828822090472, 91.8866743580098, 99.59052688850403, 44.0479670907687, 72.1909010876967, 89.7384444718892, 64.63657676220829, 37.81031494282335, 30.583662721711676, 35.049983958807516, 68.11122003308084, 70.38292900083425, 103.0036460098869, 89.52100627474707, 0.0, 34.69677383495614, 10.894063038030984, 30.81795773446465, 69.23467693614518, 57.8108664461366, 104.5810319422705, 47.471791325340064, 80.11736668635993, 41.1285166868855, 104.09791849977294, 23.095379493910436, 97.33935998488629, 103.15273069387742, 50.26732212635199, 27.320438104749023, 19.0480831097792, 71.5064471535788, 54.88014528122551, 47.86511678296139, 65.61080375552002, 49.859993942743586, 39.0211288029997, 19.48913016892511, 34.05549220921826, 77.73440721997126, 80.14948027684225, 62.971705319509, 64.25722958340614, 29.921100510810493, 53.269145056922035, 73.77466520531601, 102.30309056501223, 91.10250228246223, 91.94707728239426, 70.99022374194764, 44.625168872410306, 100.38608024809149, 25.35821433218466, 18.489668522188463, 54.824315130463106, 89.96192497679385, 91.59917467886537, 57.07052507722377, 56.8643507764289, 19.513561523519037, 33.94767612490748, 55.04755540271382, 49.79093954351515, 10.754795369407883, 49.451849825411834, 66.82348144300997, 92.31573924417651, 10.096093876931409, 80.79176566920432, 93.41309946717449, 20.315839075140193, 63.86839405045444, 54.62485529190658, 69.01339938110837, 55.9002411440184, 84.81560902658936, 31.81450963525331, 92.56883099136962, 47.561288460400576, 60.070013089569656, 89.79990956241697, 90.762007210555, 75.0884653066124, 73.38916555620695, 78.58579738181103, 28.01555612635012, 29.923498798098926, 76.30287738594093, 82.9782512721437, 25.273150930402437, 53.734813672694564, 40.767732971113055], [66.08284616287165, 13.10506161986828, 76.98194205739817, 56.69433087592253, 57.26213430358975, 71.49953219898066, 17.43564838848029, 48.03686740850492, 83.06287452557193, 62.38014974503649, 35.9614724397167, 45.267824340978905, 47.0341217625124, 38.46200956544896, 35.686835129234005, 71.38678354082163, 75.28956876476477, 34.69677383495614, 0.0, 29.44323975371922, 39.38101942676543, 34.538042027194344, 33.28320751280993, 75.41776034403459, 23.14812090213252, 52.562497010738, 52.36386076200605, 75.65399039297094, 15.140889701535539, 87.13559873510722, 78.4386938373786, 40.8843643217609, 42.43702562409579, 50.53948205981535, 67.94633712822777, 36.86907986481669, 29.449067922846744, 38.16343760454647, 18.44550500864456, 15.207086771547852, 17.46222748912386, 3.9103936492821996, 43.039404344548906, 45.571192338934445, 39.779308974235256, 63.79202436542561, 6.58757620599692, 22.958256585347023, 52.97908197985699, 70.15623130658855, 58.69988069826867, 88.01117996988143, 53.8753958474093, 25.502169965199382, 67.0992718499365, 39.50253291917314, 16.208437860346134, 44.02848989110405, 61.27431241979786, 59.62281740587429, 60.90638634827916, 22.532385139185923, 20.148074372323133, 19.933710797808654, 21.583989116022437, 58.056217947125255, 33.96482975166503, 14.829669482135563, 32.14614799419001, 67.11481936714435, 28.911217801251908, 48.034024265702634, 83.8990944067663, 37.03895806564665, 38.3636232608935, 27.41965537006852, 44.574596362330304, 30.458318162264824, 50.16332092288242, 13.368904120179202, 58.90504011187559, 22.813380722919092, 61.41712599599772, 85.99430379212455, 70.26028333394541, 46.98772187279045, 48.428562194376866, 69.95397267276219, 13.78169307356981, 18.957379078997082, 46.77121208275271, 79.25280594870252, 31.87019681225628, 57.37476986507539, 26.362383228971154], [63.09701999464749, 37.18401196081977, 71.39100342109116, 36.661430014096254, 85.29604049421843, 89.69272690689255, 35.18980609787957, 61.92296466247023, 79.25579306423836, 54.35624824999934, 27.009892660797, 22.488972893352784, 26.431886528452473, 58.9664706540397, 64.363919175507, 94.04927538623116, 78.63625344015917, 10.894063038030984, 29.44323975371922, 0.0, 20.982986776151836, 63.287679436102366, 57.68884728017632, 94.88317193165258, 46.91126034506678, 70.29413559063735, 32.667639322250714, 94.24257247778593, 22.419797684673263, 86.62695777327755, 92.70648546347722, 39.37492131187202, 19.060579986613302, 21.172325612759753, 61.173044950962684, 44.259437395806515, 37.462762374125234, 64.6274238749028, 46.775577550884876, 37.84971649004801, 19.15223970923225, 27.70765448483847, 71.76830673344409, 73.52136412098677, 52.72571791761037, 54.19585677096407, 23.491370885029603, 50.77746208855159, 63.13792953898854, 93.56845340801354, 82.57695988232713, 81.76782295088366, 60.15836244424401, 45.50305813647341, 92.25658494211639, 16.50804919366457, 14.845394354999316, 43.93060568280497, 80.26953514808595, 82.88271921910757, 47.53251889438467, 50.18749851667296, 10.459547148809698, 23.9288477904362, 47.73743177917545, 40.94595314899166, 4.543633942812708, 44.11354409241434, 61.10424534758736, 81.99347728331533, 1.222445770579926, 72.55393200485521, 82.72843716042277, 11.715649260534375, 53.942950495203476, 45.29035671778167, 58.82999583323222, 55.38356382378486, 78.37091781794626, 23.069554868113855, 84.76109215560626, 38.082819125590255, 50.18869116835884, 79.61914799968113, 80.00708237153927, 74.00513954557461, 73.5289137060369, 67.88146012221038, 27.347853755709647, 31.12551906891968, 