instance_id,num_cities,city_coordinates,distance_matrix,best_route,total_distance
339,91,"[[65.62202426184385, 86.82254797176047], [66.14061616679152, 39.340473133635136], [73.6118881665853, 91.87868755693071], [85.84907035597061, 17.8845246389036], [2.4165057956870295, 98.93933094050318], [25.67668987932059, 91.18902952675263], [69.18452051554709, 11.04589652467629], [43.117958272373045, 59.90583239618095], [96.49980994138598, 50.180956460728645], [23.703609987253316, 50.24800177922435], [73.57450308492507, 21.178950479421545], [4.644175696928432, 52.85027446559353], [41.460120207256345, 62.48067317359607], [4.797385324139358, 56.36367373479754], [49.690133782702084, 12.925164774602516], [81.64388916911646, 87.07997374670249], [24.470608797849213, 23.748364441928672], [34.642903027670556, 46.03978270337945], [24.685660636846407, 98.13729864288302], [15.451605024292103, 77.35397764393737], [59.98155567649872, 69.57757628924045], [26.832004045115433, 93.05968173559569], [67.05080786864174, 36.04951508315255], [94.13788825247732, 2.762059994991417], [16.928682401758678, 16.888486119743973], [43.77649884272796, 52.21914697522288], [65.87155253457829, 35.37824582234298], [89.29487526967789, 33.019071249934704], [27.090468620135656, 27.041263597038466], [74.86375564660092, 25.938591083923168], [15.81768524994882, 78.78648102124616], [3.30686412603185, 93.58865182352997], [83.93665665757398, 20.191852899843276], [83.33231061668467, 84.27758025621986], [92.49348293732241, 82.54171455095313], [81.51993614721292, 46.13172373052148], [94.0925488251114, 54.61609875343818], [83.16508507323583, 85.53177411399903], [36.62465807312775, 35.09684318063204], [88.93015989787445, 17.85566956057948], [30.74967991640012, 64.79189781489545], [3.9415865627790314, 63.17971453022736], [45.00480290885981, 82.46189320601734], [83.04927004699158, 73.11524763560696], [66.30987009095848, 16.18975906052942], [84.25609836107274, 86.5885640702145], [81.39645423026849, 44.6786063655932], [26.813083918159297, 2.3010011573585176], [34.86191125854846, 3.6650541660530056], [77.14266680523414, 3.335580590216347], [53.176776700986004, 8.937318895434998], [29.23332121201697, 80.00133715349965], [48.941589576864644, 68.29079111250648], [51.512705779200516, 20.169965800143576], [10.590624438806051, 34.56261090112932], [63.37782593487762, 6.876728164427837], [45.1720925319958, 17.66950290832492], [66.40509757528586, 20.33276801979691], [43.06428718476562, 24.328124743344016], [66.17366762448003, 48.73705583409041], [90.328781977188, 14.365874160580262], [5.424924782630979, 28.429276933632973], [35.74935707940572, 94.62709311263963], [17.71772865366723, 50.442406729086485], [42.850105423423244, 14.791588199154182], [62.51763859755223, 80.69439004595424], [11.251417337244341, 62.00315732228864], [3.079036933686241, 99.00818062980382], [33.194562463365564, 12.864595552013602], [40.505806727228745, 97.5271159551914], [17.21581114309496, 46.112228648246855], [22.881194819212546, 76.22973643826744], [44.31760063659852, 34.80992087217708], [37.971181537626485, 57.79600999376721], [0.5453537896375593, 10.963936477915848], [66.34092424943255, 15.025047071998532], [77.48843496756962, 51.92054049757863], [48.13352065183902, 10.949096614243947], [70.79103906470061, 65.04569199569153], [19.406024462013825, 32.3606962647015], [30.44180760590106, 33.51926112715823], [55.37266134503541, 93.23049993823574], [15.368390645265972, 69.9978465645208], [22.75226441284489, 64.93369834928698], [47.594929591205805, 47.85070350868919], [72.81865387595944, 48.691037991581545], [82.73776459619133, 38.807030399145944], [86.37185907597701, 0.47268819705357235], [3.0660496197126186, 88.29871966663771], [32.7202270080543, 97.7770929461545], [43.33512063634447, 11.955937959624485]]","[[0.0, 47.4849067441141, 9.455288082391561, 71.84416785470792, 64.35646039122493, 40.183278862005295, 75.86034724472684, 35.084791055884914, 47.917052047606774, 55.63138398859185, 66.12354959594775, 69.80267461053029, 34.297587032218516, 68.02484635546958, 75.59529335631267, 16.02393282363909, 75.31129810755623, 51.214645321211314, 42.47127793683258, 51.05609454829692, 18.14397790434012, 39.2882616821128, 50.7931323241904, 88.76553462929654, 85.21628100677002, 40.922149764698545, 51.44490730868756, 58.7811022539996, 71.1230113371294, 61.5813754743107, 50.44849409491741, 62.68141147170207, 69.10191955045487, 17.892207897395025, 27.21030735079362, 43.686231008709846, 42.98634829989625, 17.590482647843334, 59.29920557664717, 72.79903505274108, 41.248393259391065, 66.05649073249572, 21.073327366696017, 22.17203143966433, 70.63613806871915, 18.63554308309087, 44.99938282835411, 93.00551449510297, 88.66427312069825, 84.27810467244494, 78.87327237488459, 37.02251513168221, 24.933168943605313, 68.1295793190359, 75.89173860908295, 79.97731260049476, 72.1134061690404, 66.49439105574815, 66.44098461560475, 38.08948702421796, 76.55320670347184, 83.8657551581244, 30.875348895983933, 60.15260771198933, 75.54481751481329, 6.8696091530946, 59.76759196722249, 63.71903096569231, 80.75468410447354, 27.30223725188106, 63.24943926961079, 44.03392053438124, 56.20668860379722, 40.08876414093218, 99.94749610431559, 71.80109994034542, 36.86409945685379, 77.86288191056492, 22.381916143051786, 71.42836921601648, 63.86617283348847, 12.087650251603996, 52.99526647835652, 48.13458265432558, 42.93926877716906, 38.80468439726383, 50.974881019565544, 88.80796094903518, 62.573389282503484, 34.67751891536496, 78.11347750498348], [47.4849067441141, 0.0, 53.06678697719588, 29.13384444826229, 87.25128133427029, 65.76930994505086, 28.457835813086948, 30.87032196335192, 32.236574343567696, 43.81636309230277, 19.624056151344213, 62.96290116006726, 33.83187459627444, 63.66145874013827, 31.118915250567706, 50.19373857932557, 44.491610080797194, 32.202277585686716, 71.94150420970269, 63.35931167365376, 30.85800436460211, 66.56515875255863, 3.414506380745708, 46.06329940398565, 54.09164580381999, 25.8072467265006, 3.9713524780015717, 24.001663200262765, 40.94123323302198, 15.990734969306487, 63.94047946591262, 83.01171776737566, 26.14132196365654, 48.11338643875675, 50.604553619439656, 16.812036394497188, 31.853654066866998, 49.228739855952604, 29.81945970947396, 31.320282374904068, 43.5923546850263, 66.61102546910547, 48.022697457900136, 37.7708613708961, 23.15133276909865, 50.601905026220045, 16.162804874809563, 54.02385840578761, 47.44568367353839, 37.648338679336035, 33.05167047710242, 54.91315219253616, 33.67383890676519, 24.11398170628083, 55.7550854047598, 32.581094936961385, 30.154766355076745, 19.00954507898785, 27.52975778095704, 9.396640827729382, 34.767771846009154, 61.68832452556616, 63.089135178883765, 49.67926091103308, 33.83926184498324, 41.51231637066526, 59.3836795995685, 86.81588618001638, 42.265997543486854, 63.58324353039929, 49.39122613740621, 56.852399091734576, 22.288335752694667, 33.676755902588, 71.47003763047177, 24.31625110675755, 16.94199180783207, 33.62031751114881, 26.12249432721954, 47.25292950656474, 36.170311608990275, 54.95528946374454, 59.31014609735356, 50.37422202737508, 20.405060930963984, 11.490398200572995, 16.605718808245182, 43.81789469528203, 79.84554369962135, 67.31835519852197, 35.63710696852182], [9.455288082391561, 53.06678697719588, 0.0, 74.99923182190435, 71.54463750644346, 47.94015918870081, 80.95394796043965, 44.1830649403526, 47.56635093992992, 64.99192433793377, 70.69974696187572, 79.24495183748505, 43.56580577234034, 77.43869838936675, 82.49793386832457, 9.3563184179001, 84.00360864719293, 60.164665717760656, 49.32490195648629, 59.94652394633338, 26.136670169786573, 46.79478930039315, 56.213381625578556, 91.44993158848965, 94.00274531824866, 49.62891914255509, 57.0281747200422, 60.913139110396855, 79.80058911042948, 65.9519787046383, 59.25855012352542, 70.32581590807067, 72.4265359350087, 12.339507478230868, 21.064037742101608, 46.42544477114574, 42.520089197317844, 11.46938888473593, 67.7660168577184, 75.5913794167149, 50.703679103310336, 75.34973111002306, 30.11712706733777, 21.00311535076991, 76.04034037871037, 11.886320590036972, 47.837716639370456, 101.06577056443294, 96.34939453049803, 88.61347634030706, 85.42168586520411, 45.94049039297456, 34.13227931414564, 75.03675524823295, 85.18692578711833, 85.61582289698076, 79.47216532817063, 71.90797197140849, 74.13659327334102, 43.778162507603916, 79.29496061725747, 93.1412351430266, 37.9621521179489, 69.57817500121358, 82.99824193880985, 15.753440396117453, 69.14749184791953, 70.89226173933525, 88.75126451133896, 33.58448111315086, 72.62978909978813, 53.08948030089844, 64.14826118304677, 49.3141853718185, 109.022545319932, 77.19681970179694, 40.1457486107437, 84.8454235735027, 26.9808606320311, 80.5025896938754, 72.59117376670524, 18.289253450105463, 62.21797333609523, 57.55635300965544, 51.140448891901826, 43.19493367999572, 53.85055630243653, 92.29232674814513, 70.63661590405472, 41.31487793083428, 85.46536465302162], [71.84416785470792, 29.13384444826229, 74.99923182190435, 0.0, 116.32228700337573, 94.83810314994399, 18.01316340537274, 59.93111250037659, 34.00731924362941, 70.06748816000096, 12.708982780305226, 88.41288694262168, 62.922137276425964, 89.72190681011641, 36.497451203793624, 69.32311105283908, 61.65792861001193, 58.436205635984756, 100.9032726119587, 92.15432147133848, 57.803978276733574, 95.57362795485066, 26.14080240509406, 17.245098985735744, 68.92758496052745, 54.30439728709445, 26.55431225145859, 15.521857898615176, 59.46779923872996, 13.621494982735346, 92.80863748091923, 112.00147624960944, 2.996846652324073, 66.44073986485506, 64.99769554279648, 28.577012781586077, 37.64523175918478, 67.70047369512075, 52.14697186005358, 3.081224656005187, 72.36189940213006, 93.59748996967289, 76.41001710733983, 55.30164233102609, 19.61256172359674, 68.72250427593316, 27.16152804868283, 61.05811902429773, 52.932822835685876, 16.955035703887763, 33.87523082273396, 84.0466623257852, 62.47362513307466, 34.41234042680564, 77.08431904892866, 25.022558003848925, 40.67754613096468, 19.597499155455964, 43.26728155677186, 36.59235102854588, 5.696377568058072, 81.1124835778003, 91.64825741027528, 75.51089595783033, 43.11005962754828, 67.00324544639274, 86.6675463236022, 115.89618627916965, 52.893259395217946, 91.64580682212814, 74.2113707178413, 85.84356172436742, 44.847876367832946, 62.33152413452773, 85.5839856545796, 19.716601544629075, 35.047833023309174, 38.3479184750627, 49.50676734370591, 68.00174918784079, 57.57091062778498, 81.27624191613057, 87.65457509226741, 78.70725295075604, 48.59373582784539, 33.44896139779636, 21.152575985402105, 17.41968301443808, 108.67928681963042, 95.94527849882026, 42.925331225007746], [64.35646039122493, 87.25128133427029, 71.54463750644346, 116.32228700337573, 0.0, 24.51740882737211, 110.37764086553359, 56.393459215777284, 105.96719870262694, 53.14119250030621, 105.40463627216488, 46.142861202317185, 53.41944919674631, 42.64217599779306, 98.14903302768634, 80.11006571742726, 78.35856623381858, 61.94273873704145, 22.283592913755133, 25.21589357601957, 64.62079854026324, 25.113479040957483, 90.18160534737352, 132.90176615196347, 83.32433261446576, 62.397312559123165, 89.81399945461108, 109.05655285278026, 76.01405481348604, 102.84800450455425, 24.201838166416742, 5.424251558438974, 113.34328517521018, 82.23341415117012, 91.55732430687097, 95.11044144899348, 101.82851161163724, 81.85411190281476, 72.42969643458316, 118.57138140751782, 44.37134148098858, 35.79212255729215, 45.66474575965292, 84.66714799344949, 104.54594036731991, 82.76629962462111, 95.82305821733821, 99.67025537923398, 100.64736534328166, 121.34280456732789, 103.32941146904854, 32.82969993390277, 55.71280296694734, 92.81729223284016, 64.8935921229493, 110.41650865254852, 91.8304151441441, 101.3584313816226, 84.9651353323781, 81.14951700609716, 121.98867937279259, 70.5742042169287, 33.61062882164754, 50.85350606317593, 93.3580129786422, 62.80942630141611, 37.97810663398099, 0.666098932993684, 91.41197320065535, 38.11547187977978, 54.86093487503044, 30.5700699915061, 76.60471907512347, 54.377456961875126, 87.9952910142218, 105.48904356289113, 88.58081736077969, 99.15808985729622, 76.31418977278537, 68.71214113828303, 71.1702401003152, 53.262981159330835, 31.70742561360012, 39.62229330142433, 68.19925094540405, 86.49481717766245, 100.33642500953331, 129.39930864415172, 10.660418165383701, 30.326000667288554, 96.12722660591041], [40.183278862005295, 65.76930994505086, 47.94015918870081, 94.83810314994399, 24.51740882737211, 0.0, 91.1912994427597, 35.81670372701401, 81.8387218370014, 40.98854470805667, 84.82695136625226, 43.72901545280982, 32.761050004794214, 40.604812088523104, 81.86499871155983, 56.11783794612272, 67.45144875136839, 46.030940322130256, 7.018588367300818, 17.203517689493715, 40.54477436611995, 2.198656523456001, 68.93608411035726, 111.8314116125686, 74.8137579954667, 42.968067568740686, 68.7784163933383, 86.20335004098511, 64.16334346105553, 81.71283348272924, 15.843711109251357, 22.498161956028568, 91.84129146519963, 58.068397029967294, 67.37402979521505, 71.7539473433452, 77.57776112159976, 57.766081057805074, 57.150602592278325, 96.84411780442022, 26.880174674459326, 35.45329946218422, 21.20704745228201, 60.152095116833124, 85.29915535676271, 58.7597768927757, 72.58038028252042, 88.89529221960926, 88.00462803015407, 101.81834447182518, 86.72715074863895, 11.739424478025345, 32.643297633855, 75.57252893864944, 58.60154142034001, 92.35767331895656, 76.06044648033324, 81.72767577871561, 69.08479665246436, 58.67005434541905, 100.40762029371172, 65.94634588118652, 10.643256350585235, 41.51665127640644, 78.30386480151715, 38.306565498505684, 32.55616107971705, 23.91219443346184, 78.68440357309186, 16.126811404095765, 45.863977655994624, 15.218253590287206, 59.380867680973104, 35.58438251068156, 84.06931430877216, 86.33963273187746, 65.0113156283124, 83.32320254376585, 52.141908285786656, 59.161592601676624, 57.86629877753569, 29.766059912818655, 23.56538284088752, 26.417696333090277, 48.5656229664113, 63.470024846252166, 77.45863464100624, 109.1483309448991, 22.79462533223309, 9.64437633556008, 81.17698550750404], [75.86034724472684, 28.457835813086948, 80.95394796043965, 18.01316340537274, 110.37764086553359, 91.1912994427597, 0.0, 55.37832609013037, 47.72502438570101, 60.044302634565824, 11.043130417106415, 76.8964376569763, 58.43097313393484, 78.73629474024544, 19.58475844234246, 77.04814576776387, 46.48318612452148, 49.17006618428341, 97.80112910094353, 85.34628186926983, 59.25075609551536, 92.30382774295444, 25.094494828096106, 26.29244205213757, 52.5814460637101, 48.38185732265641, 24.556851980385947, 29.786687896503803, 45.030667025408356, 15.938822506973892, 86.23691723503586, 105.60857949854962, 17.357247442188335, 74.58578595753127, 75.19946625093975, 37.19109771873334, 50.18737287929369, 75.78655649654016, 40.47953405508639, 20.88691656079066, 66.07472759361234, 83.51392345352465, 75.398297895433, 63.599022216553614, 5.892617147867392, 77.03146810654366, 35.781147218836594, 43.26444076041883, 35.107240565607775, 11.08066172109079, 16.146019994139596, 79.69285487486044, 60.718647953985744, 19.88822958986752, 63.1369979688265, 7.148403092248856, 24.909212335815596, 9.693873015865961, 29.303313391274386, 37.811224857431974, 21.403318533842725, 66.08682139782026, 90.02070082529495, 64.8144712301216, 26.599466618045806, 69.96684903789782, 77.15495364436268, 110.03316947440369, 36.035881378839946, 91.11240277119897, 62.692857666874225, 79.95580627084885, 34.396112534044576, 56.212504298629625, 68.63921565895456, 4.890774867330889, 41.709609386063896, 21.051222422569598, 54.02368751538766, 54.14997098160816, 44.78894863864681, 83.3371255323226, 79.82172791737402, 71.13261974843498, 42.66971119436883, 37.82014808729035, 30.89289528525522, 20.179131327442015, 101.6840738611828, 94.08477631211977, 25.865414157292033], [35.084791055884914, 30.87032196335192, 44.1830649403526, 59.93111250037659, 56.393459215777284, 35.81670372701401, 55.37832609013037, 0.0, 54.260439544593055, 21.683879070907853, 49.26837225760169, 39.115378604513865, 3.0623899293182077, 38.48393429813684, 47.438134671462336, 47.14532118459661, 40.68274979998039, 16.250965986180624, 42.442839295897265, 32.70878895089825, 19.440255845573848, 36.93792131553888, 33.79208732140584, 76.60576988330378, 50.36238925323172, 7.714843384254325, 33.45636792878414, 53.43412381906601, 36.5644678192661, 46.492678276161776, 33.193128801034725, 52.148399224753234, 56.950560184229396, 47.02314566493562, 54.316899735383984, 40.79752411891053, 51.24831864588814, 47.54430832317778, 25.64466598290453, 62.184998289589046, 13.298418882212504, 39.31292922889245, 22.634841769698234, 42.059461611025995, 49.48696638195865, 49.033812206945065, 41.19601516391151, 59.86790049567389, 56.84353479706303, 66.01419680747765, 51.95160437037076, 24.425651634075844, 10.20892816338415, 40.612939807916696, 41.2347707895601, 56.76749187100249, 42.286250675169725, 45.91642713725342, 35.5777481358275, 25.618495342676482, 65.595347937086, 49.107416114530764, 35.494538020395424, 27.105868184575872, 45.11503933964431, 28.434340609148855, 31.93548501300561, 55.96524688902086, 48.07651971816673, 37.71185904092067, 29.34594912865812, 25.999931504417855, 25.124567996737266, 5.562433040231167, 64.86706274002026, 50.53306877765302, 35.28589739486491, 49.21298451023576, 28.14635957351092, 36.345430655428906, 29.27346817605173, 35.506495380248396, 29.527737019036206, 20.977152390694634, 12.859603597455456, 31.747487032430307, 44.88750938565158, 73.50645253392575, 49.09492269343054, 39.27270287475735, 47.95038619207602], [47.917052047606774, 32.236574343567696, 47.56635093992992, 34.00731924362941, 105.96719870262694, 81.8387218370014, 47.72502438570101, 54.260439544593055, 0.0, 72.79623082850372, 36.968717118702756, 91.8944111524888, 56.397255937200036, 91.91061240995442, 59.82591241461248, 39.77732845054511, 76.72605644895614, 61.995372835564204, 86.35440229557831, 85.482071807522, 41.349870076298586, 81.80579600247131, 32.664068308898145, 47.47768334799881, 86.25516169675284, 52.762692821531104, 34.017795255152066, 18.612936028795914, 73.1648962855531, 32.49324736786743, 85.60304480628585, 102.80638679796743, 32.51429151647109, 36.550824788467736, 32.60781072438808, 15.517503168768284, 5.0463247258285255, 37.782207400627556, 61.7459657361821, 33.199755646061455, 67.35398433320368, 93.4665310491058, 60.77659604184204, 26.587567304001258, 45.46244569830951, 38.4112270711076, 16.074427215486786, 84.5501620559593, 77.22020279903151, 50.68716041408362, 59.81574081097803, 73.58013054242372, 50.88959063850981, 54.078638123838225, 87.31735721914484, 54.51900597833323, 60.757955746949875, 42.38639009875304, 59.360963604718386, 30.360496650167626, 36.34283569427839, 93.63637257460309, 75.27334578863909, 78.78251511768045, 64.27050786183383, 45.67119002611656, 86.06423690942097, 105.41128331167057, 73.48513556987484, 73.32794293325128, 79.3883304488731, 78.09122505649995, 54.39900461399239, 59.021939845589664, 103.65921238225837, 46.31950292402667, 19.090797024124328, 62.27709664599308, 29.696822431268533, 79.1265659117945, 68.1268798929149, 59.537429784028085, 83.51656320987237, 75.20866881360594, 48.960365612257505, 23.727979468125675, 17.85385353747319, 50.72955078162653, 100.91001654776228, 79.58157706083122, 65.48004450450038], [55.63138398859185, 43.81636309230277, 64.99192433793377, 70.06748816000096, 53.14119250030621, 40.98854470805667, 60.044302634565824, 21.683879070907853, 72.79623082850372, 0.0, 57.72448113088563, 19.23626415397322, 21.56227967158742, 19.870751734152453, 45.478495808953426, 68.65617314331858, 26.51073492349186, 11.720803727322883, 47.899365106168105, 28.33424630173072, 41.10622573491884, 42.925828938624285, 45.613337836939465, 84.94646680044184, 34.040518927064156, 20.16943926805964, 44.712917830216675, 67.8162969243565, 23.45257999572017, 56.64192751168067, 29.607982140121276, 47.90030467533817, 67.31561480554528, 68.65561994532088, 75.99296352340502, 57.962671743192296, 70.5243431865612, 69.14196706467882, 19.912586233766245, 72.82695929259856, 16.160817223854625, 23.617086283111306, 38.619627402924344, 63.598886004255306, 54.54591916092455, 70.62039589160396, 57.96104245199688, 48.04772311733602, 47.90071706762283, 71.10912779250123, 50.74682331398181, 30.26282657194101, 31.024149636868973, 40.96381399631354, 20.44460508281864, 58.78019042184425, 39.01607785843048, 52.1376855365875, 32.35237003839795, 42.496926398958266, 75.67324907210632, 28.463434204208497, 45.984821089004065, 5.989037370421497, 40.29572621815197, 49.33063323584616, 17.124274689299178, 52.94268651270374, 38.56938215803412, 50.175974854037165, 7.693903640752067, 25.994747596419245, 25.754047304915574, 16.141128397724373, 45.602002332264746, 55.30458485332942, 53.8108240405929, 46.27336687821367, 49.357852595774034, 18.396329522940917, 18.03480166101196, 53.38936187941618, 21.436703350150207, 14.716478592037426, 24.01129299759002, 49.13971583582429, 60.132580491043036, 80.03056469905577, 43.28701918209898, 48.376790815991036, 43.03113247324184], [66.12354959594775, 19.624056151344213, 70.69974696187572, 12.708982780305226, 105.40463627216488, 84.82695136625226, 11.043130417106415, 49.26837225760169, 36.968717118702756, 57.72448113088563, 0.0, 75.8581755439285, 52.31793081841055, 77.2544929310806, 25.27030026386799, 66.39322148721546, 49.17107200648617, 46.19232037780527, 91.17404382806333, 80.83257360681287, 50.27121641185056, 85.74205935484018, 16.23860495574344, 27.604975360695416, 56.80807236028261, 43.028070550699276, 16.154115123292836, 19.680410602614145, 46.85223767561923, 4.931161207241995, 81.57498134569131, 100.89948430790092, 10.409062796177656, 63.8486639448025, 64.213056407197, 26.187225883397907, 39.23051217732126, 65.06354718748085, 39.484158641640725, 15.711155025096607, 61.12327424723132, 81.31916898389714, 67.61528553057721, 52.79346712691885, 8.812883951997481, 66.27604414673726, 24.76725149241678, 50.42823904417395, 42.490014473886276, 18.196638187806137, 23.789173703012487, 73.66283719706345, 53.16301304227196, 22.084857944797673, 64.39014936768383, 17.564902164538342, 28.61840574650209, 7.219168935315296, 30.67230954491191, 28.534567392052917, 18.08656601254321, 68.53416853273373, 82.61580554959447, 63.05814080307533, 31.381316233731834, 60.53380707579635, 74.50357629981235, 105.00952249049432, 41.2270312108401, 83.2020495559638, 61.62767655557141, 74.83582389209877, 32.27645728265533, 51.072551852021924, 73.74010549113929, 9.497114820679906, 30.989743781232473, 27.42067645524964, 43.954961986186824, 55.31053710756585, 44.863266557049336, 74.31509148308933, 75.96865235283535, 67.06249253343762, 37.233327121945585, 27.52246840861924, 19.867424674075, 24.341766946298858, 97.34734421544947, 86.81213799417161, 31.614620206667954], [69.80267461053029, 62.96290116006726, 79.24495183748505, 88.41288694262168, 46.142861202317185, 43.72901545280982, 76.8964376569763, 39.115378604513865, 91.8944111524888, 19.23626415397322, 75.8581755439285, 0.0, 38.05467578974548, 3.5167382067355213, 60.192630144420015, 84.26522525736347, 35.213756069621034, 30.762094198987825, 49.52348611953082, 26.781187391867793, 57.810278059379094, 45.924896949405486, 64.6285792420211, 102.55707589351525, 38.002096337079884, 39.13741223811788, 63.671527854529685, 86.9426107218816, 34.204401880571105, 75.19992094905234, 28.24064670344708, 40.76032129406345, 85.75470853580343, 84.73191917103789, 92.73123743895387, 77.16878558581352, 89.46580123541166, 85.05065331054787, 36.5778016753911, 91.26198280324702, 28.707137070238247, 10.353306889119406, 50.05824800538582, 80.98165198132024, 71.74016486503814, 86.46577597944155, 77.18606363584023, 55.19682530464952, 57.72605510847185, 87.79371345690645, 65.45044711173306, 36.63067406211366, 46.91130386989858, 57.13721805042601, 19.23015577905727, 74.58691996442255, 53.667482988816026, 69.79827860855163, 47.849952889383886, 61.666822071298455, 93.93029766928029, 24.433474775210524, 52.08488154066389, 13.29344251686392, 53.927327641865574, 64.22330169465258, 11.28852987248152, 46.184434183090794, 49.1322613228117, 57.289412160014805, 14.263494635886875, 29.651106363814854, 43.58250800744641, 33.69198151223168, 42.08640696288598, 72.36875437181497, 72.85019227112359, 60.390660121724416, 67.2616959504304, 25.253415488082457, 32.23671647053413, 64.83781200327181, 20.224935479404014, 21.769520199042386, 43.24075588885911, 68.30123515010492, 79.34621182562462, 97.07124071435555, 35.48355603779053, 52.97814338017375, 56.29685584975733], [34.297587032218516, 33.83187459627444, 43.56580577234034, 62.922137276425964, 53.41944919674631, 32.761050004794214, 58.43097313393484, 3.0623899293182077, 56.397255937200036, 21.56227967158742, 52.31793081841055, 38.05467578974548, 0.0, 37.16952799329022, 50.234266553168084, 47.11539957026988, 42.294624216507394, 17.798239506403412, 39.40529702636844, 29.960942039427866, 19.83455584766527, 33.897751357397354, 36.789800393378066, 79.63202877110389, 51.77295588585259, 10.519720999283615, 36.47546568039084, 56.179620680369055, 38.241844069948336, 49.50885399615941, 30.387725155138455, 49.227810080118715, 59.93830552293689, 47.205778121454124, 54.83474712882816, 43.26750513994778, 53.21676496202873, 47.65141497413513, 27.80747811532264, 65.15209601916581, 10.95697451701636, 37.525045311765545, 20.293199093269642, 42.92728221516013, 52.53911684360394, 49.11910167770975, 43.72441375060613, 61.9364884057536, 59.18457062927186, 69.07522065410588, 54.810316791172866, 21.365118299852153, 9.472584356575338, 43.4885092308668, 41.62143642460819, 59.767754892962195, 44.9646496604027, 48.976502577717355, 38.18625804415064, 28.27802050211655, 68.5797345230126, 49.5785527741776, 32.64973400197551, 26.619936432548915, 47.7093374990756, 27.84166954519922, 30.21247673523178, 52.98458600589454, 50.29984695174021, 35.05943333629051, 29.2525639590449, 23.113052789072114, 27.817903000236335, 5.841126787605524, 65.78747806976911, 53.582561141473974, 37.54405234658745, 51.961886572622866, 29.442861997089953, 37.33090071418939, 30.986555153884712, 33.75071328084408, 27.15301543706093, 18.867994088855014, 15.864170276868869, 34.256556632333, 47.58450681168872, 76.56405481074833, 46.267441911112286, 36.362384161302074, 50.559514387017416], [68.02484635546958, 63.66145874013827, 77.43869838936675, 89.72190681011641, 42.64217599779306, 40.604812088523104, 78.73629474024544, 38.48393429813684, 91.91061240995442, 19.870751734152453, 77.2544929310806, 3.5167382067355213, 37.16952799329022, 0.0, 62.46809525548805, 82.75793762303066, 38.08929143625576, 31.58065314429689, 46.26639420654535, 23.539440427018942, 56.74416162211344, 42.8032875533344, 65.48399545101506, 104.18665201934333, 41.29720094666384, 39.19883152283812, 64.57896008079938, 87.66296978925965, 36.83456663419817, 76.38705325169221, 24.984581186403936, 37.25480703410793, 87.01393503171212, 83.34818935041346, 91.51991781876357, 77.40182559661697, 89.31226255660978, 83.61982087816088, 38.278628142320954, 92.52669962209028, 27.286563648576738, 6.869556291705416, 47.934888008631496, 80.02482546580674, 73.46923983847614, 85.0131229474233, 77.48521250347555, 58.373483284776725, 60.671411917904315, 89.69848613621757, 67.74824457757728, 33.99785426482549, 45.72709151091917, 59.09573300398336, 22.557658569037123, 76.6852385015067, 55.92276672401304, 71.37041666869636, 49.906233851039296, 61.84830902793138, 95.28606919428078, 27.941444673045755, 49.2149755463053, 14.212553419628637, 56.35820971905771, 62.638737169270236, 8.570782015648598, 42.67911303564322, 51.94775714338917, 54.493305410227386, 16.103087473632726, 26.8641883032467, 45.01568260957565, 33.20470361820343, 45.59842009504594, 74.13831153874058, 72.82671303324985, 62.77343737744022, 66.56229995358927, 28.099026048789938, 34.34390166468256, 62.58611202898244, 17.25215413361622, 19.895301077967886, 43.635999557270594, 68.45262825229506, 79.89329412589387, 98.88476643178946, 31.981943061517764, 49.94753626036591, 58.79799350038371], [75.59529335631267, 31.118915250567706, 82.49793386832457, 36.497451203793624, 98.14903302768634, 81.86499871155983, 19.58475844234246, 47.438134671462336, 59.82591241461248, 45.478495808953426, 25.27030026386799, 60.192630144420015, 50.234266553168084, 62.46809525548805, 0.0, 80.74638181976604, 27.443871656536132, 36.37302673636113, 88.80501920323859, 72.96128274154886, 57.57958922239719, 83.33087605246956, 28.915888053296147, 45.59486348446257, 33.00031231171566, 39.736483430041375, 27.676328538300975, 44.410591368383955, 26.64599616124149, 28.338322146074287, 74.06116220627668, 93.04840593441605, 35.008985779777156, 78.88576080123903, 81.72264497442211, 45.99795513125275, 60.90737588852446, 79.95181100930327, 25.734995217755007, 39.548571743666685, 55.21683428932275, 67.95917409646842, 69.69439666387616, 68.8162629551621, 16.93733186802699, 81.37015609557317, 44.87284044047384, 25.223644920406493, 17.482157524412944, 29.07923132035375, 5.297130694594268, 70.12627240596538, 55.37068627185777, 7.470536164299125, 44.68725440001615, 14.964508073439271, 6.551445723668643, 18.282849898897087, 13.188227295133618, 39.42332341609048, 40.664177977798076, 46.901878658106774, 82.88275061341125, 49.29277973097506, 7.0901004474869005, 68.97255087101114, 62.33926751643011, 97.8921854296612, 16.495682519436492, 85.09901296151821, 46.43234690875154, 68.74727632327112, 22.534565934499575, 46.375926863024496, 49.18389794433173, 16.782679429396225, 47.889298142076406, 2.5155297282199243, 56.22986360933267, 35.98426269426716, 28.18891387029433, 80.50613625830111, 66.59784575108577, 58.57078086193296, 34.98832857497272, 42.59255954597267, 41.97638467747796, 38.73774830066521, 88.62831376653945, 86.53223359171109, 6.428498480146865], [16.02393282363909, 50.19373857932557, 9.3563184179001, 69.32311105283908, 80.11006571742726, 56.11783794612272, 77.04814576776387, 47.14532118459661, 39.77732845054511, 68.65617314331858, 66.39322148721546, 84.26522525736347, 47.11539957026988, 82.75793762303066, 80.74638181976604, 0.0, 85.3210215922433, 62.397035018827964, 58.0215841854908, 66.90301548136802, 27.8494274466166, 55.13709874920078, 53.07603727912008, 85.23855109359855, 95.47200072391561, 51.47054005275417, 54.05400330482185, 54.5996224078154, 81.12165191876538, 61.51616766752908, 66.34659858647645, 78.60694869353878, 66.9274046499651, 3.2717237444667786, 11.76050515338933, 40.948437622689674, 34.76884103344671, 2.1704743908677333, 68.76755799011018, 69.60670967073249, 55.56058732772067, 81.29495815203755, 36.92897656132353, 14.035265254700757, 72.52968136798218, 2.6580294077919686, 42.40208933338972, 100.96480276696988, 95.63787045867915, 83.86527522113808, 83.16640547407053, 52.8864323773534, 37.71569676782555, 73.38145117047853, 88.35519129677195, 82.25697337009107, 78.40921764655448, 68.46466418226309, 73.66261088646824, 41.34618614447337, 73.2309199840354, 96.17294197853649, 46.5109351277438, 73.68083411048822, 82.04004109200947, 20.16405564675725, 74.72581088609653, 79.46520072472636, 88.62990250937486, 42.4438995300849, 76.35007122838296, 59.75601975457858, 64.22935655226871, 52.58189731218179, 111.22330497786832, 73.66202002002146, 35.40414588746281, 83.17965647393142, 24.56204241653886, 82.87189590839486, 74.09725428596913, 26.98159342621386, 68.44151352544111, 62.91804971875455, 51.94484855830528, 39.39029279391546, 48.28533548486914, 86.73624161628521, 78.58729038380962, 50.07946763312316, 84.32782755078942], [75.31129810755623, 44.491610080797194, 84.00360864719293, 61.65792861001193, 78.35856623381858, 67.45144875136839, 46.48318612452148, 40.68274979998039, 76.72605644895614, 26.51073492349186, 49.17107200648617, 35.213756069621034, 42.294624216507394, 38.08929143625576, 27.443871656536132, 85.3210215922433, 0.0, 24.502712054076746, 74.38924504824183, 54.35903049016609, 57.97709898541017, 69.35153129165352, 44.32145823420529, 72.7595684494403, 10.195027432980586, 34.39916929931708, 43.00339850772627, 65.4838264637205, 4.207950847402278, 50.44072107001601, 55.71415764888088, 72.97650190354794, 59.57230583420507, 84.43036129321334, 89.90978491375084, 61.28328095049328, 76.15793822501784, 85.21872596999324, 16.628556265313627, 64.7283367697753, 41.521059305485664, 44.455282292591264, 62.20073623133515, 76.60645344877969, 42.516541496984324, 86.73635599699313, 60.65168509760314, 21.574906292950608, 22.61235322709309, 56.48917984278096, 32.301875268525684, 56.454232511201646, 50.82181297426081, 27.277828835674196, 17.595507730316182, 42.407825410272565, 21.575541391581883, 42.073360312005505, 18.602714800888055, 48.616661886539774, 66.52315460348657, 19.612471067219776, 71.77049770466259, 27.534946592834654, 20.445775526318798, 68.4866870908049, 40.474389448036995, 78.24090541048463, 13.94861257642348, 75.50120361616857, 23.511157165270863, 52.505434417911225, 22.721380145293807, 36.62659732934043, 27.126728987752834, 42.76937668416063, 60.037999595866175, 26.90268860791606, 62.056841066791534, 9.991109744184316, 11.451010315195328, 76.04409250399554, 47.136662714973625, 41.22116490937725, 33.40145147509543, 54.40285311157432, 60.18159905851063, 66.13260837628938, 68.00664315525707, 74.48697097188557, 22.247047652335283], [51.214645321211314, 32.202277585686716, 60.164665717760656, 58.436205635984756, 61.94273873704145, 46.030940322130256, 49.17006618428341, 16.250965986180624, 61.995372835564204, 11.720803727322883, 46.19232037780527, 30.762094198987825, 17.798239506403412, 31.58065314429689, 36.37302673636113, 62.397035018827964, 24.502712054076746, 0.0, 53.040530192452394, 36.72716601957931, 34.58431790491994, 47.664253355271285, 33.91279615875396, 73.57047335530811, 34.11146002285096, 11.027561621544862, 32.99843812502327, 56.18164287999246, 20.444632393714507, 44.96415116418653, 37.772146816139866, 56.945959370707044, 55.65958697344196, 61.909511168003526, 68.4038056286924, 46.87712328250469, 60.06507789416135, 62.56212541178111, 11.120938739994134, 61.16739729739733, 19.15199747675623, 35.16174193219689, 37.86738837857919, 55.464016887577586, 43.5180504442245, 64.07552435622911, 46.77336155416345, 44.43407564491703, 42.37529449121623, 60.248475493331696, 41.474055672893186, 34.38968967712167, 26.449193035991584, 30.88426252126601, 26.6502828858291, 48.57407369476058, 30.261140217573963, 40.86181110061682, 23.28767490530005, 31.645922302898192, 64.06366830550618, 34.11480860555838, 48.59990713339279, 17.48841404765314, 32.30801496438218, 44.474067647999824, 28.31944441596707, 61.65978285471828, 33.206787452542905, 51.8200648897069, 17.427242465988943, 32.40017108744313, 14.822603366888433, 12.218278026919027, 48.917868437539816, 44.34724766724224, 43.24723019393201, 37.594587563740774, 40.84008235764499, 20.476324724456596, 13.206538656416893, 51.54305649684077, 30.748913014186286, 22.32414242704639, 13.078013085542711, 38.267703189946594, 48.63567019369191, 68.93652874634793, 52.75334514902633, 51.773023421793354, 35.174751164335675], [42.47127793683258, 71.94150420970269, 49.32490195648629, 100.9032726119587, 22.283592913755133, 7.018588367300818, 97.80112910094353, 42.442839295897265, 86.35440229557831, 47.899365106168105, 91.17404382806333, 49.52348611953082, 39.40529702636844, 46.26639420654535, 88.80501920323859, 58.0215841854908, 74.38924504824183, 53.040530192452394, 0.0, 22.74234409204471, 45.403281242299045, 5.512620382666496, 75.16447676483642, 117.98325333671589, 81.61825927915775, 49.728631149242254, 75.06647988511911, 91.73186008291236, 71.13669447392428, 87.92323124176089, 21.286031337205, 21.857335796890418, 97.90900388385855, 60.262105403107775, 69.57817911027414, 77.0370994700183, 81.9232016451709, 59.82259047433232, 64.16103712278645, 102.82264173521705, 33.89230128217843, 40.64909957408393, 25.662928092492493, 63.5012908529481, 91.91286121257028, 60.67957086932864, 77.93552392839668, 95.8599073938204, 95.0187405368311, 108.3471422875914, 93.63962879852424, 18.697441425268792, 38.45990250252902, 82.45359508038702, 65.11843799482261, 99.1240403711595, 83.03469179910986, 88.28395326410782, 76.06292175245618, 64.51076432172853, 106.4268337361258, 72.3200126954022, 11.607192676855627, 48.20119076113106, 85.30213657215445, 41.6594961172137, 38.55068173209898, 21.624167574385513, 85.69618021077085, 15.831909083663856, 52.55860119339261, 21.981751036623773, 66.30060213503018, 42.472633959719815, 90.45412918060694, 92.96670020935473, 70.17208640537092, 90.28612690922938, 56.7517431491588, 65.988150288942, 64.87390847107159, 31.076819109946253, 29.641867069509125, 33.25984205338135, 55.259173484712036, 69.00520075003728, 83.00679191476073, 115.51434201607789, 23.75300437426788, 8.04263668937622, 88.1761265167096], [51.05609454829692, 63.35931167365376, 59.94652394633338, 92.15432147133848, 25.21589357601957, 17.203517689493715, 85.34628186926983, 32.70878895089825, 85.482071807522, 28.33424630173072, 80.83257360681287, 26.781187391867793, 29.960942039427866, 23.539440427018942, 72.96128274154886, 66.90301548136802, 54.35903049016609, 36.72716601957931, 22.74234409204471, 0.0, 45.20385960421177, 19.395427886176925, 66.09490420302924, 108.42271600920776, 60.48353017839921, 37.86897572645208, 65.60589279095609, 86.13020657991049, 51.64138205516648, 78.57064093338936, 1.478540042615676, 20.274599310551267, 89.20600205408074, 68.23288404320807, 77.21634261335278, 73.07430134323366, 81.86213519278999, 68.20551103425919, 47.26482400748653, 94.54706072159102, 19.794871685256453, 18.25897751247457, 29.991370535434953, 67.73043000457481, 79.5463686192538, 69.42143681742314, 73.59621610501863, 75.90805281490725, 76.20247654398844, 96.35616330086158, 78.1282776742522, 14.03368139341447, 34.69467416528158, 67.6048385709692, 43.066578688932, 85.22889970524828, 66.67491208964233, 76.47010363628615, 59.78462420999814, 58.23792448472282, 97.84729331394604, 49.94157242479832, 26.652565664228092, 27.00681331458157, 68.29883159441242, 47.184424033093784, 15.915063969521812, 24.9396260619478, 66.88567067229656, 32.166263884641914, 31.29152127237266, 7.514168138211453, 51.412473868590055, 29.826924496920967, 68.04288274240497, 80.46501349928316, 67.0479529477889, 74.0115925626103, 56.691682419130395, 45.16672228931965, 46.3269742757291, 42.96224735654912, 7.356601735205944, 14.407045681359694, 43.63068299847668, 64.12910730287908, 77.5454345002194, 104.59643924040175, 16.528440961668792, 26.745260213086926, 71.09426163508931], [18.14397790434012, 30.85800436460211, 26.136670169786573, 57.803978276733574, 64.62079854026324, 40.54477436611995, 59.25075609551536, 19.440255845573848, 41.349870076298586, 41.10622573491884, 50.27121641185056, 57.810278059379094, 19.83455584766527, 56.74416162211344, 57.57958922239719, 27.8494274466166, 57.97709898541017, 34.58431790491994, 45.403281242299045, 45.20385960421177, 0.0, 40.62390982605555, 34.26521873263464, 75.03977793615807, 68.04182625488646, 23.7469773915647, 34.70282794488439, 46.85931066800712, 53.76952208452329, 46.10684228723554, 45.113760399863, 61.55121778367929, 54.888947318267675, 27.592532919357524, 35.00134704667655, 31.837239759539955, 37.247894754455814, 28.14271599403485, 41.64691610865612, 59.27206190115338, 29.621027647832364, 56.403996076112364, 19.756233089203082, 23.337406986071638, 53.76157170111858, 29.641645160646103, 32.841385222413216, 75.00856671247301, 70.53692017889591, 68.42883697215915, 61.02086392122417, 32.46704041390291, 11.114705015074938, 50.12816965365167, 60.543471073742595, 62.79276237942369, 53.9793319775903, 49.66198779770831, 48.308455144268635, 21.74096463402349, 63.00227135658799, 68.33453383428038, 34.852227216272915, 46.39381196573164, 57.402012846072516, 11.402423632014383, 49.31529382706535, 64.06291525623006, 62.72085131359033, 34.065841611114735, 48.78044121785941, 37.69201520732415, 38.13331025090362, 24.965213279837347, 83.47586996652035, 54.921944727444355, 24.86486950418509, 59.813665352886055, 11.721045446969654, 55.05878