instance_id,num_cities,city_coordinates,distance_matrix,best_route,total_distance
1286,57,"[[55.2348948754803, 94.0257037130451], [16.593119467604943, 59.626926747507866], [64.0921746714872, 87.75763005628211], [5.679436922020587, 32.334734142591714], [88.19947107918415, 29.052008224809388], [61.44496264801308, 30.42534114681591], [19.98587759381024, 47.47876505620424], [69.30548008303849, 30.83948518491123], [22.67511361721941, 84.53160925337355], [26.9550444897519, 92.17518774807145], [60.51425461925742, 75.35572681076471], [11.345345034574915, 15.770437565391205], [69.85281368229185, 11.183927588932885], [42.08837343888444, 15.922155715775343], [83.3913089877291, 41.41531902742629], [65.2803541224489, 33.03237949760431], [81.32902305958758, 11.912515894239451], [68.94870843377066, 78.88778187311077], [21.47879925450795, 45.5092900625501], [33.66193333805523, 3.9796725660206422], [52.206901220818025, 0.3396859144584097], [7.374972677026593, 13.647019493188816], [39.733828365378464, 68.19912104951234], [95.37834500503445, 70.00450792499745], [87.41962559110863, 27.952205584552704], [45.599722120257155, 16.291911657212633], [83.3703101614001, 89.71963556460601], [93.41034799273737, 96.65828961452333], [44.33436804477299, 84.02825863828551], [28.389220679824945, 12.539678804597543], [93.81018574335364, 5.668199406581009], [47.43855215283374, 38.41867301333841], [46.91264910042621, 15.85532842640822], [82.41092426032498, 53.250341859953046], [43.986898182316104, 16.81391691348656], [40.70542519087647, 47.418919997727556], [71.12522728306519, 17.73395806861352], [15.381698359682561, 61.37449112754818], [74.59939071006734, 57.79867253637787], [29.891379098167892, 93.15830130445684], [37.93708792088858, 22.773036564565984], [51.58288790464509, 28.4647670366593], [15.94673377789988, 70.81375159093552], [1.119146122710457, 57.926016565713624], [67.61036069028958, 15.767503193566657], [27.32679413404009, 16.712247383370748], [51.29930054486515, 53.21689981082817], [75.57843329734442, 66.49583586191372], [50.55021285284151, 12.190653525437734], [97.50362468826687, 95.7340724231978], [27.57337490991444, 14.574358614470018], [40.215807833669395, 40.32692007021394], [67.42120373981992, 54.91306440173565], [27.572996875217083, 42.99178756818189], [85.56753658885754, 98.16288333206904], [19.61712610593066, 96.68269870141346], [30.67500210544658, 63.3835541054728]]","[[0.0, 51.73454033232977, 10.850813460352096, 79.12976140188798, 72.85769959096828, 63.90282513547627, 58.387590442209394, 64.7339136772082, 33.91573654212692, 28.34033075275949, 19.402053418025062, 89.72279122428962, 84.12159901975272, 79.20224261752122, 59.67106696238335, 61.81502123539539, 86.15961431816577, 20.426095073300463, 59.104283982450596, 92.59417041491393, 93.7349383982823, 93.54841008674288, 30.121345172931633, 46.78156084817734, 73.49533349930047, 78.32866002557682, 28.46302542264562, 38.26611724798526, 14.790888858003258, 85.79430329805943, 96.41110741407265, 56.15091115099635, 78.61213231552784, 49.001701066152144, 78.02677393298993, 48.819030895770666, 77.92902615520221, 51.5206653279061, 41.07774929086254, 25.35835520875334, 73.32227970549113, 65.66257360780263, 45.63282068586753, 65.05153092132514, 79.23066390407448, 82.19630537095229, 40.998138721956224, 34.230880494410584, 81.96902881492161, 42.303239162458716, 84.12892442423278, 55.75959415463033, 40.967117028583694, 58.04861064709384, 30.613484096263523, 35.71673381608851, 39.26995881648462], [51.73454033232977, 0.0, 55.204136746332125, 29.39340476858087, 77.86074257153449, 53.52028062589418, 12.613034534995498, 60.060883721199325, 25.63657277316757, 34.15785099102992, 46.65255903420124, 44.16934208114356, 71.99527203448606, 50.59757885508168, 69.23626780031229, 55.477173339700634, 80.42016051305151, 55.786093573251364, 14.939127569862235, 58.20619644748421, 69.16153827353395, 46.8948408822168, 24.677417276587367, 79.46575334116592, 77.58660922100968, 52.14697048079558, 73.24455147590254, 85.27724452672584, 36.945931720070476, 48.54232094416222, 94.20201473687203, 37.4330167631717, 53.246846824382196, 66.12597267761582, 50.82689173379155, 27.026629758354897, 68.76606435973926, 2.1263871620910395, 58.03507574660892, 36.07210541235797, 42.58842813430788, 46.8547126031323, 11.205483681545644, 15.567175290496229, 67.27858453072275, 44.236653091882616, 35.29316435652283, 59.383913310044015, 58.33767400550492, 88.60155655465796, 46.3713263230672, 30.50445317300061, 51.046201122103845, 19.93202356515107, 79.00943087444516, 37.17895710275497, 14.574349650415154], [10.850813460352096, 55.204136746332125, 0.0, 80.52170715308837, 63.462680172747554, 57.393371421234065, 59.73066555462774, 57.156397445189576, 41.54251023462285, 37.398947232448165, 12.907699872995305, 89.24339706368212, 76.79008315772896, 75.12990511380603, 50.20026271695754, 54.738147750154575, 77.77911213563473, 10.112374942450815, 60.00684958114688, 89.13330325333494, 88.22220062422038, 93.32322111947767, 31.238826951987413, 35.97218091175514, 64.19391530862623, 73.81950763622439, 19.377718482373837, 30.63946845926959, 20.10669375785094, 83.26128220386441, 87.30312025614928, 52.0737537064426, 73.92615963595095, 39.06826749630773, 73.73759270001482, 46.627798365963805, 70.37597933722718, 55.39657500473975, 31.74808221862893, 34.6245818426568, 70.05059567351968, 60.59806812497281, 51.03996959527255, 69.68161513667518, 72.07604316673302, 79.9946223517788, 36.83367581858771, 24.166051178952607, 76.77078006579615, 34.35038027528216, 81.78883759384159, 53.10134784689136, 33.01284488761332, 57.772233820278984, 23.863370784851725, 45.361732718547245, 41.361854416410765], [79.12976140188798, 29.39340476858087, 80.52170715308837, 0.0, 82.5853033338906, 55.79820464054958, 20.833048672911247, 63.643610345211854, 54.89414174261476, 63.51008868743358, 69.69693710662035, 17.506525521569532, 67.56906764700858, 39.937243131010185, 78.24060379245378, 59.60500012728531, 78.35768552585319, 78.55053768515869, 20.571552537456455, 39.837540369411975, 56.466698550530175, 18.764474954392185, 49.456605471733965, 97.28774829392749, 81.85758975330349, 43.023264911044706, 96.58622415185114, 108.78525886281045, 64.54784407624803, 30.126043453472054, 92.0767775426343, 42.199976505246, 44.404375902696785, 79.53102410591046, 41.332279826647955, 38.135974054982654, 67.05471003549454, 30.617664227534902, 73.47361559545737, 65.46544482576299, 33.64494179722106, 46.06629415869275, 39.82527047637839, 25.994422252365236, 64.10859895606423, 26.69588295611904, 50.17207191219643, 77.80006789814132, 49.185063957916505, 111.58475502213363, 28.191762263428043, 35.44906136484666, 65.74060211980478, 24.349553489542526, 103.5154756260655, 65.84010724968986, 39.85984821755222], [72.85769959096828, 77.86074257153449, 63.462680172747554, 82.5853033338906, 0.0, 26.7897324493596, 70.65861379556779, 18.978355293473886, 85.85701806545573, 87.95121136968113, 53.94910161736099, 77.99331259320763, 25.60992274976884, 47.94399182903152, 13.265363798245762, 23.2621855711324, 18.465244470075234, 53.42467779551673, 68.72037670315093, 60.024703566548595, 46.04196496092281, 82.2794823742938, 62.30100293070962, 41.57695831271399, 1.348230259557811, 44.46975012048073, 60.8595251559712, 67.80680291499802, 70.33161006080226, 62.04774835330966, 24.04750785196216, 41.823282044588275, 43.34459628151102, 24.88104951548165, 45.875074725880786, 50.921781615678334, 20.48482512855485, 79.66913407855537, 31.801460581055732, 86.65708512799348, 50.6530615645437, 36.621291834000026, 83.45358743940596, 91.74252750058537, 24.502847600456555, 62.11080820671855, 44.1085543951042, 39.51367893284305, 41.25253843452366, 67.32803992497777, 62.33077791079861, 49.29052216786314, 33.174246339777284, 62.20841440308697, 69.16097264536275, 96.31951171165983, 66.99044389513024], [63.90282513547627, 53.52028062589418, 57.393371421234065, 55.79820464054958, 26.7897324493596, 0.0, 44.82939884233251, 7.871419797636784, 66.56267304044533, 70.72904643668078, 44.94002418052271, 52.19902186816894, 20.998189320036794, 24.187185314916302, 24.544281034063157, 4.637550724752932, 27.16800613375183, 49.03992620270668, 42.71790878880692, 38.35713889647192, 31.47202614533912, 56.613389696918446, 43.56870206898463, 52.13429659104377, 26.092135108433574, 21.232651189147962, 63.21814782233311, 73.54311200216306, 56.26762134010755, 37.5842918582655, 40.748297303780035, 16.126775539078917, 20.578469518363576, 30.99277664043102, 22.137183302039514, 26.81249962420744, 15.961789619034652, 55.494812383018704, 30.370022209450866, 70.22145630060106, 24.7220132595568, 10.055066836435907, 60.83841326431742, 66.29850140040904, 15.901708917076213, 36.77089016209556, 24.94773748952727, 38.740619272120696, 21.241454887757417, 74.60199386788467, 37.39703334678366, 23.424736483206203, 25.20642869977692, 36.12790667855703, 71.90461177720422, 78.35563374709537, 45.08918133232492], [58.387590442209394, 12.613034534995498, 59.73066555462774, 20.833048672911247, 70.65861379556779, 44.82939884233251, 0.0, 52.0508292376856, 37.15030623681728, 45.23648404411589, 49.19018541316979, 32.86452243943087, 61.67679094787888, 38.52713220116398, 63.69469450427449, 47.54248268350237, 70.90796552635311, 58.171171049475156, 2.471365378815803, 45.598306417993676, 57.098924209690416, 36.10570496003051, 28.623673980914838, 78.68566091826065, 70.20396636774227, 40.35701743631693, 76.17005601430861, 88.37295111709938, 43.91713183197673, 35.93544104527567, 84.84192285480212, 28.90907484283883, 41.53423609563838, 62.6912876731537, 38.94074859200602, 20.719634023266842, 59.160684828430824, 14.638636188859955, 55.57999914806521, 46.74119159700847, 30.538810921670645, 36.8768651225977, 23.68198216665356, 21.56614523983211, 57.21621727384308, 31.630170176010683, 31.834833867540052, 58.75526556556372, 46.68435932123604, 91.31032692791742, 33.7678853173356, 21.45690947488017, 48.014362156934645, 8.814609802385743, 82.88446079902144, 49.20531540211855, 19.162977261558233], [64.7339136772082, 60.060883721199325, 57.156397445189576, 63.643610345211854, 18.978355293473886, 7.871419797636784, 52.0508292376856, 0.0, 71.11424093470826, 74.53608390476103, 45.37600041482725, 59.88700569401928, 19.663176713788992, 31.037036143452944, 17.614165816089745, 4.583712956245618, 22.423107550893913, 48.04962123312699, 50.02593901389686, 44.630840889274324, 34.965685387898326, 64.27261177303399, 47.64687793807875, 47.04990214094094, 18.342809244447373, 27.813573235630255, 60.536695927913485, 70.09393464121953, 58.75884663522575, 44.82212843125625, 35.12939263968352, 23.14317664546825, 26.943716023949477, 25.96149387060072, 28.943862126536978, 33.058142696574876, 13.231263011066613, 61.969031162872064, 27.47404725151444, 73.73673574947101, 32.38894286918141, 17.880983188999647, 66.67156651793887, 73.36931457491323, 15.167005996672135, 44.29208644787362, 28.722311656639576, 36.20394019482199, 26.44879904909638, 70.75622101274881, 44.789763836541496, 30.59771972351164, 24.147209231013303, 43.465832649398784, 69.25961608238372, 82.48794631419835, 50.51168429862021], [33.91573654212692, 25.63657277316757, 41.54251023462285, 54.89414174261476, 85.85701806545573, 66.56267304044533, 37.15030623681728, 71.11424093470826, 0.0, 8.76025687284711, 38.935811412794415, 69.68832318287234, 87.2101931483818, 71.30309791047875, 74.46791834822575, 66.8384409149851, 93.3478109715282, 46.616503137242745, 39.04065269798825, 81.29775342321248, 89.22110980350908, 72.51702819517254, 23.61672965904307, 74.14038391615652, 85.98302594266185, 71.98745726189416, 60.91652075211423, 71.76719138116633, 21.66510245069727, 72.21834302491521, 106.20563026061045, 52.34148237091394, 72.82780838748283, 67.43059218876576, 70.99209827289712, 41.26068151678172, 82.51872343919439, 24.278509550882667, 58.40188744492551, 11.246968624289497, 63.61642209527808, 63.080505787498886, 15.279094021213137, 34.24203990544357, 82.14425550044405, 67.97870237129389, 42.42587777217869, 55.893204909054845, 77.52570562740432, 75.66241636493736, 70.12852401588017, 47.55765447722112, 53.66070052085019, 41.82757518726722, 64.35268836848971, 12.529974556776436, 22.61058275150645], [28.34033075275949, 34.15785099102992, 37.398947232448165, 63.51008868743358, 87.95121136968113, 70.72904643668078, 45.23648404411589, 74.53608390476103, 8.76025687284711, 0.0, 37.538178575123936, 77.98300178602213, 91.65043820878161, 77.74022471797356, 75.90531090129842, 70.47482618775034, 96.94651122463803, 44.045691802140205, 46.98611782933422, 88.45016255638454, 95.24397968059625, 80.93239414263387, 27.16889934601195, 71.92556636705703, 88.20746570295618, 78.14023031849194, 56.46868103053559, 66.6063477907241, 19.19409651820029, 79.6484221188988, 109.33009166717919, 57.52683689035147, 78.88616424110424, 67.75321563248511, 77.26192582384009, 46.820897816747724, 86.55923823708547, 32.90327115889702, 58.75141296055003, 3.096542135565127, 70.2656663443927, 68.30481958466498, 24.031101918640143, 42.90104160868993, 86.55049967704642, 75.46385602581147, 45.93899217307747, 54.987844587939854, 83.39219198998313, 70.6382886836675, 77.60329255083772, 53.517200091728924, 55.00887092760047, 49.18728207988181, 58.91754177216107, 8.611776889940884, 29.03095335107312], [19.402053418025062, 46.65255903420124, 12.907699872995305, 69.69693710662035, 53.94910161736099, 44.94002418052271, 49.19018541316979, 45.37600041482725, 38.935811412794415, 37.538178575123936, 0.0, 77.25275635342409, 64.84773319662668, 62.22429164222264, 40.930561895450545, 42.59086090072286, 66.77046949530364, 9.144146986603035, 49.13834105969109, 76.26000444359777, 75.47462164358865, 81.43554410785345, 21.978241997823492, 35.27237363704096, 54.50681436092982, 60.91779329684146, 26.99483561043093, 39.191225309306056, 18.357601636993405, 70.55404802506222, 77.23322151205019, 39.18315885969893, 61.035244577105054, 31.114501204319833, 60.83006671739527, 34.246969183150355, 58.59062189332033, 47.24851940276369, 22.50869195422962, 35.42163412074042, 57.22471292766454, 47.7339650555834, 44.7983643991874, 61.89970688576016, 60.009258579193755, 67.38297420572232, 23.980055035930963, 17.476474097221743, 63.946138362403154, 42.23139197329284, 69.13375641348405, 40.48511138152153, 21.57796080549709, 46.179552023129126, 33.879688989652266, 46.12390758229496, 32.15142158394094], [89.72279122428962, 44.16934208114356, 89.24339706368212, 17.506525521569532, 77.99331259320763, 52.19902186816894, 32.86452243943087, 59.88700569401928, 69.68832318287234, 77.98300178602213, 77.25275635342409, 0.0, 58.68696585552649, 30.743402769786854, 76.47405355505241, 56.630025998406055, 70.08993329665383, 85.45142846880339, 31.41792867576175, 25.2398940722305, 43.6780822664442, 4.502528286078782, 59.62107712631052, 100.01439632275932, 77.04343991714589, 34.25834620580149, 103.22828820748437, 115.22807522320895, 75.81164670937197, 17.347377299787773, 83.08131660573012, 42.610587522201364, 35.56740537305196, 80.34338663898151, 32.658227769533276, 43.16990557152465, 59.812120296892466, 45.78233119299617, 75.94370829169291, 79.57912310137716, 27.498312356853045, 42.1924857877068, 55.23530752409985, 43.37819711603333, 56.26501573223235, 16.00917615157129, 54.7590731807724, 81.84714814893422, 39.36796304637136, 117.54757357153916, 16.27204838032842, 37.90150993355757, 68.38601585982263, 31.69130133389176, 110.89386294351716, 81.33398037866029, 51.387201802947885], [84.12159901975272, 71.99527203448606, 76.79008315772896, 67.56906764700858, 25.60992274976884, 20.998189320036794, 61.67679094787888, 19.663176713788992, 87.2101931483818, 91.65043820878161, 64.84773319662668, 58.68696585552649, 0.0, 28.16584718789304, 33.12443031121832, 22.321788396809232, 11.499314005198745, 67.70989064555927, 59.315055262594626, 36.9009635446828, 20.711731074258527, 62.52637394258535, 64.48166841721564, 64.12030427547688, 24.285140056794706, 24.78515587117092, 79.69052728086889, 88.66128798111109, 77.1847629638304, 41.48575184365108, 24.584119537899557, 35.272233814193335, 23.410961894536676, 43.900903759617485, 26.47153876234765, 46.50317119009091, 6.672475976440703, 74.06885359456281, 46.85578342100315, 91.19602074692516, 33.95469036416325, 25.147914425232543, 80.38396208926568, 83.12123638459872, 5.102720915818715, 42.883850787538485, 45.945659245975406, 55.607462779512964, 19.328835864902175, 88.95669924622497, 42.41516197595072, 41.56520331281065, 43.79669089446314, 52.90862751668495, 88.38716681847302, 99.1648333231802, 65.26639202849387], [79.20224261752122, 50.59757885508168, 75.12990511380603, 39.937243131010185, 47.94399182903152, 24.187185314916302, 38.52713220116398, 31.037036143452944, 71.30309791047875, 77.74022471797356, 62.22429164222264, 30.743402769786854, 28.16584718789304, 0.0, 48.53693295405595, 28.820612864599056, 39.444971722048884, 68.45544297879339, 36.05763534836161, 14.6160116500719, 18.579504018749155, 34.787877734703486, 52.329962612330526, 75.92576565306028, 46.900368031965385, 3.530763234543785, 84.55924746354094, 95.66748867312704, 68.14312692459326, 14.110561164273314, 52.728450461298486, 23.123963820909914, 4.824738495001406, 54.94817181273673, 2.0975305087568117, 31.52711065241357, 29.09332413001416, 52.717751167613, 53.0151761765757, 78.19327884379499, 8.010476880701207, 15.730953680158894, 60.79862351967076, 58.67539444422435, 25.522455811765298, 14.7827084262801, 38.415349995375124, 60.6570790002877, 9.248071953877291, 97.16373870711604, 14.577439395253485, 24.47649944623436, 46.497776841617814, 30.7158123026217, 93.0267429671672, 83.82852891488602, 48.81443825652936], [59.67106696238335, 69.23626780031229, 50.20026271695754, 78.24060379245378, 13.265363798245762, 24.544281034063157, 63.69469450427449, 17.614165816089745, 74.46791834822575, 75.90531090129842, 40.930561895450545, 76.47405355505241, 33.12443031121832, 48.53693295405595, 0.0, 19.956962727150362, 29.574793591249115, 40.159359836561194, 62.04771921918353, 62.24498717559295, 51.572036254196206, 80.9293633060644, 51.21862615347294, 31.000496033147304, 14.052855874616613, 45.3804984090235, 48.304321101478706, 56.14416213526341, 57.804041883767056, 62.12111007144619, 37.23452099914695, 36.07742523189347, 44.54217941117894, 11.87555976197151, 46.453595952235034, 43.106007703439765, 26.669526003419573, 70.87789280657817, 18.59333480579423, 74.42834616669285, 49.12861598109882, 34.34373958473862, 73.57335497600684, 83.91252538023724, 30.11393010243001, 61.26558229896177, 34.1931910602683, 26.269247252984073, 43.96155899242029, 56.12204936477537, 61.93608738534547, 43.18921754552023, 20.910126537612975, 55.84056966175934, 56.78927734248322, 84.3897485377799, 57.11052760876317], [61.81502123539539, 55.477173339700634, 54.738147750154575, 59.60500012728531, 23.2621855711324, 4.637550724752932, 47.54248268350237, 4.583712956245618, 66.8384409149851, 70.47482618775034, 42.59086090072286, 56.630025998406055, 22.321788396809232, 28.820612864599056, 19.956962727150362, 0.0, 26.52561805648675, 46.00189942136081, 45.543929409910355, 42.93930964688961, 35.20976263044995, 61.064108794288074, 43.46636273758546, 47.6741789191996, 22.714654039845307, 25.837386468466228, 59.50371005153382, 69.56689581509818, 55.12997389893411, 42.200788006560344, 39.531628405254594, 18.63711499563713, 25.148035137531448, 26.499479906859335, 26.766579805175034, 28.47630031365595, 16.376942342290185, 57.38598381639243, 26.461551613686126, 69.76751411934447, 29.20459422739981, 14.43896341089819, 62.13886202333325, 68.8211724577869, 17.421391574725067, 41.313671199976696, 24.553710909233533, 35.012188542541246, 25.521649698275258, 70.49710250565856, 41.982315518045546, 26.104440289495166, 21.985167931086604, 39.000443583203655, 68.21695025546498, 78.33577425184059, 46.0296012181071], [86.15961431816577, 80.42016051305151, 77.77911213563473, 78.35768552585319, 18.465244470075234, 27.16800613375183, 70.90796552635311, 22.423107550893913, 93.3478109715282, 96.94651122463803, 66.77046949530364, 70.08993329665383, 11.499314005198745, 39.444971722048884, 29.574793591249115, 26.52561805648675, 0.0, 68.10989974427194, 68.63521344058447, 48.322680449150184, 31.337331956199744, 73.97438793745535, 69.98815715215507, 59.76673811768939, 17.157129263327, 35.996695026932485, 77.83389187513862, 85.60259678064624, 81.05112492242522, 52.943517160502765, 13.956034907403945, 43.024880981867796, 34.64148621466274, 41.351981400892775, 37.66242188576319, 53.95351180561787, 11.747622620707453, 82.43504490843169, 46.377012872182405, 96.15980898080481, 44.73042526414936, 34.04129219841463, 88.00113248312228, 92.47089597420762, 14.250004360728004, 54.21510999061975, 51.06697920418027, 54.88540881971387, 30.780066898640502, 85.36785739834305, 53.82151163483522, 49.97674289995605, 45.193745255033214, 62.093731397923314, 86.35444910424951, 104.85390845734112, 72.21563274918249], [20.426095073300463, 55.786093573251364, 10.112374942450815, 78.55053768515869, 53.42467779551673, 49.03992620270668, 58.171171049475156, 48.04962123312699, 46.616503137242745, 44.045691802140205, 9.144146986603035, 85.45142846880339, 67.70989064555927, 68.45544297879339, 40.159359836561194, 46.00189942136081, 68.10989974427194, 0.0, 58.03030236897888, 82.80326887640709, 80.31246159523023, 89.70887364667323, 31.108787948302766, 27.882579603155673, 54.1812487165141, 66.80881775599838, 18.036397943722672, 30.23512452926908, 25.145382362548073, 77.763377162084, 77.32528894603539, 45.83050943568525, 66.77333373775343, 28.957029982182046, 66.90483302464243, 42.284421671228934, 61.19254366516258, 56.35725260351204, 21.833019553060634, 41.582721167212746, 64.11384599193732, 53.32965542591481, 53.61342446084797, 70.99468380176361, 63.13446566864879, 74.82099196788938, 31.152781331441062, 14.053952387535348, 69.18823288296528, 33.15389490843034, 76.47309746214948, 48.08866435946633, 24.023329253504826, 54.77656354789072, 25.45024529354174, 52.44296025106388, 41.29476570677682], [59.104283982450596, 14.939127569862235, 60.00684958114688, 20.571552537456455, 68.72037670315093, 42.71790878880692, 2.471365378815803, 50.02593901389686, 39.04065269798825, 46.98611782933422, 49.13834105969109, 31.41792867576175, 59.315055262594626, 36.05763534836161, 62.04771921918353, 45.543929409910355, 68.63521344058447, 58.03030236897888, 0.0, 43.27976300195898, 54.63066345329563, 34.84425648457513, 29.121719009283122, 77.85344282857965, 68.238140312594, 37.88765129664417, 76.05993539143394, 88.26306055790289, 44.789373347536674, 33.686038514138055, 82.57809622445843, 26.910697142227768, 39.06709816076042, 61.421883239238014, 36.46969916942002, 19.321227481357504, 56.887932669135644, 16.99644798640283, 54.523629356238516, 48.38594601697179, 28.067997594244375, 34.59439143322856, 25.902114231834762, 23.84723406815715, 54.888020976013806, 29.384838117258894, 30.800479626784163, 58.02762711120986, 44.21853264523341, 91.11697342102593, 31.529570820372538, 19.440484799331415, 46.89494111004233, 6.5937139344535565, 82.944361696882, 51.20726099521657, 20.10123035915292], [92.59417041491393, 58.20619644748421, 89.13330325333494, 39.837540369411975, 60.024703566548595, 38.35713889647192, 45.598306417993676, 44.630840889274324, 81.29775342321248, 88.45016255638454, 76.26000444359777, 25.2398940722305, 36.9009635446828, 14.6160116500719, 62.24498717559295, 42.93930964688961, 48.322680449150184, 82.80326887640709, 43.27976300195898, 0.0, 18.898818391535883, 28.00824695343668, 64.50585611203589, 90.37806345141527, 58.8606134499005, 17.149403267960736, 99.10733565892303, 110.26875854824361, 80.75690060136007, 10.053616542356155, 60.17194853337209, 37.09231696427258, 17.79361318927397, 69.31134805074556, 16.47187685133919, 44.006578995802606, 39.908379607509204, 60.23563885753339, 67.6192293204723, 89.25830439204955, 19.27349156455418, 30.342716816624677, 69.1420452009101, 63.00191291283479, 35.93673149569456, 14.221548797991998, 52.300872542861754, 75.26794564803706, 18.778556741279665, 111.7793874003899, 12.219571031672597, 36.93339507864594, 61.10563592623799, 39.48443065551705, 107.53915026180742, 93.76090691139278, 59.47892820269711], [93.7349383982823, 69.16153827353395, 88.22220062422038, 56.466698550530175, 46.04196496092281, 31.47202614533912, 57.098924209690416, 34.965685387898326, 89.22110980350908, 95.24397968059625, 75.47462164358865, 43.6780822664442, 20.711731074258527, 18.579504018749155, 51.572036254196206, 35.20976263044995, 31.337331956199744, 80.31246159523023, 54.63066345329563, 18.898818391535883, 0.0, 46.76523221295097, 68.9962352835696, 81.95706793299675, 44.748041299138464, 17.266392843170195, 94.65692503066465, 104.76162200260431, 84.05803937256226, 26.760450909359616, 41.94313220419744, 38.37637829851609, 16.394031477122933, 60.92471190209744, 18.4111036323823, 48.463782691145475, 25.69948958190252, 71.28353956674424, 61.668133822453726, 95.46348983000223, 26.58726749791195, 28.13200278595788, 79.25524383888343, 76.98145360305892, 21.801011665177466, 29.78389661717974, 52.88500249058734, 70.16312911689653, 11.966204480329997, 105.60247219769663, 28.4505979794175, 41.746439561315185, 56.654467084735, 49.254756306246996, 103.35526084899652, 101.70579902299728, 66.61945658740042], [93.54841008674288, 46.8948408822168, 93.32322111947767, 18.764474954392185, 82.2794823742938, 56.613389696918446, 36.10570496003051, 64.27261177303399, 72.51702819517254, 80.93239414263387, 81.43554410785345, 4.502528286078782, 62.52637394258535, 34.787877734703486, 80.9293633060644, 61.064108794288074, 73.97438793745535, 89.70887364667323, 34.84425648457513, 28.00824695343668, 46.76523221295097, 0.0, 63.42733894521367, 104.50244037075605, 81.31288218507824, 38.31614443752228, 107.5282950451325, 119.55315459189012, 79.49538181271089, 21.04340330183605, 86.8026936667049, 47.10334615010547, 39.59929905069011, 84.84584357820333, 36.74863709684425, 47.44955561927283, 63.88112420155143, 48.39441294990446, 80.42692861428415, 82.63796036563883, 31.895565142605154, 46.6251585631012, 57.80579855953889, 44.71873150734877, 60.27270045577778, 20.185906010662322, 59.11955689104648, 86.2827296286021, 43.199795903121185, 121.90758045379025, 20.219678795851017, 42.31238055919014, 72.85901678749563, 35.624087284951194, 115.13908238099656, 83.93327315283264, 54.92371297175893], [30.121345172931633, 24.677417276587367, 31.238826951987413, 49.456605471733965, 62.30100293070962, 43.56870206898463, 28.623673980914838, 47.64687793807875, 23.61672965904307, 27.16889934601195, 21.978241997823492, 59.62107712631052, 64.48166841721564, 52.329962612330526, 51.21862615347294, 43.46636273758546, 69.98815715215507, 31.108787948302766, 29.121719009283122, 64.50585611203589, 68.9962352835696, 63.42733894521367, 0.0, 55.67379683326013, 62.39991555681035, 52.237602322843756, 48.65465125277217, 60.754366383972396, 16.484130615412965, 56.803817077324354, 82.67024004310686, 30.760979403722416, 52.83377795801168, 45.21947051088349, 51.560913558322326, 20.802902589396396, 59.43191567413946, 25.290350123833466, 36.38374316759819, 26.829731392178065, 45.46160388567862, 41.46346706178605, 23.930360669697308, 39.95785730538195, 59.3816099937829, 52.960670863677954, 18.926888280416293, 35.88505097055055, 57.043339731961275, 63.99627265973569, 54.98628714922689, 27.876367977881497, 30.71009697759286, 27.987416525487017, 54.759071026091924, 34.87113284146577, 10.259240624927259], [46.78156084817734, 79.46575334116592, 35.97218091175514, 97.28774829392749, 41.57695831271399, 52.13429659104377, 78.68566091826065, 47.04990214094094, 74.14038391615652, 71.92556636705703, 35.27237363704096, 100.01439632275932, 64.12030427547688, 75.92576565306028, 31.000496033147304, 47.6741789191996, 59.76673811768939, 27.882579603155673, 77.85344282857965, 90.37806345141527, 81.95706793299675, 104.50244037075605, 55.67379683326013, 0.0, 42.79880076406084, 73.2321943828732, 23.084175502971593, 26.726337021621852, 52.93536783652448, 88.25955678392644, 64.35541715541015, 57.40983108996657, 72.67088357718238, 21.186223856681192, 73.96161016829008, 59.15434847097708, 57.62312124073477, 80.46080203692694, 24.09870036177076, 69.45963469199792, 74.36605342680352, 60.362174709848865, 79.43573337893666, 95.02992437887026, 60.93204112075324, 86.43540136763498, 47.16763664544265, 20.10838838093657, 73.1573864540551, 25.817190067840695, 87.57862423095881, 62.63916289399648, 31.770322871179033, 72.98802844358275, 29.818552401894056, 80.32115631750311, 65.04121471699253], [73.49533349930047, 77.58660922100968, 64.19391530862623, 81.85758975330349, 1.348230259557811, 26.092135108433574, 70.20396636774227, 18.342809244447373, 85.98302594266185, 88.20746570295618, 54.50681436092982, 77.04343991714589, 24.285140056794706, 46.900368031965385, 14.052855874616613, 22.714654039845307, 17.157129263327, 54.1812487165141, 68.238140312594, 58.8606134499005, 44.748041299138464, 81.31288218507824, 62.39991555681035, 42.79880076406084, 0.0, 43.41505246781695, 61.90001907746123, 68.96676545718786, 70.7167812044576, 61.00929999379553, 23.182238683943844, 41.32835798473684, 42.27469197280964, 25.78919905754579, 44.838190024648384, 50.60799827178664, 19.233304409751494, 79.41355130402974, 32.48338054931259, 86.95593173318224, 49.75284239138841, 35.84040300067204, 83.33958477338312, 91.35755087134164, 23.25669684774092, 61.13497405652483, 44.07927694272537, 40.321523655434966, 40.09713355062784, 68.5278666669502, 61.32324608296015, 48.798913609620136, 33.56821092495359, 61.707438732296104, 70.2351016475227, 96.54563491180947, 66.89792786432518], [78.32866002557682, 52.14697048079558, 73.81950763622439, 43.023264911044706, 44.46975012048073, 21.232651189147962, 40.35701743631693, 27.813573235630255, 71.98745726189416, 78.14023031849194, 60.91779329684146, 34.25834620580149, 24.78515587117092, 3.530763234543785, 45.3804984090235, 25.837386468466228, 35.996695026932485, 66.80881775599838, 37.88765129664417, 17.149403267960736, 17.266392843170195, 38.31614443752228, 52.237602322843756, 73.2321943828732, 43.41505246781695, 0.0, 82.57268288722439, 93.51262295698687, 67.74816472257122, 17.614783882050986, 49.36711521588162, 22.203037269699088, 1.3836120022157394, 52.16311116150732, 1.6951963138153903, 31.50943970722791, 25.56620643875766, 54.27308662397755, 50.63390145938811, 78.4550438015402, 10.035982410210217, 13.563800385304782, 62.06392468568578, 60.92553104081731, 22.016884759142076, 18.27776187918422, 37.3622796997574, 58.47355923313193, 6.428660572534012, 94.89505787425432, 18.10798669655092, 24.630634633690768, 44.35955927856693, 32.215620383927444, 91.1058845321289, 84.4853474706102, 49.400101781223746], [28.46302542264562, 73.24455147590254, 19.377718482373837, 96.58622415185114, 60.8595251559712, 63.21814782233311, 76.17005601430861, 60.536695927913485, 60.91652075211423, 56.46868103053559, 26.99483561043093, 103.22828820748437, 79.69052728086889, 84.55924746354094, 48.304321101478706, 59.50371005153382, 77.83389187513862, 18.036397943722672, 76.05993539143394, 99.10733565892303, 94.65692503066465, 107.5282950451325, 48.65465125277217, 23.084175502971593, 61.90001907746123, 82.57268288722439, 0.0, 12.204395916190101, 39.44865711592875, 94.76109922356194, 84.69731354885597, 62.63289864178995, 82.37169974598599, 36.48191064929881, 82.8631217801408, 60.08030415217591, 73.01972212528838, 73.66069880120821, 33.10403160751383, 53.589369185841015, 80.90750769136243, 69.01158694092813, 70.02407515396101, 88.18213081325582, 75.61278919307026, 92.03778798816565, 48.59011602511367, 24.496085762737213, 84.18967777211724, 15.359818691681578, 93.59546266444289, 65.58926295563988, 38.286699933042655, 72.77933737217846, 8.724461979760523, 64.13230640993453, 58.90997095342978], [38.26611724798526, 85.27724452672584, 30.63946845926959, 108.78525886281045, 67.80680291499802, 73.54311200216306, 88.37295111709938, 70.09393464121953, 71.76719138116633, 66.6063477907241, 39.191225309306056, 115.22807522320895, 88.66128798111109, 95.66748867312704, 56.14416213526341, 69.56689581509818, 85.60259678064624, 30.23512452926908, 88.26306055790289, 110.26875854824361, 104.76162200260431, 119.55315459189012, 60.754366383972396, 26.726337021621852, 68.96676545718786, 93.51262295698687, 12.204395916190101, 0.0, 50.67513680606821, 106.31880210778209, 90.99096870720906, 74.19743226418818, 93.22636182458302, 44.7798755101961, 93.90314820699729, 72.12714057696692, 82.01022323474893, 85.63537002446766, 43.1731624200791, 63.61532305663383, 92.39217067076196, 79.9993308659429, 81.6612005353696, 100.08923477648138, 84.90558681622367, 103.7227350151382, 60.502021992934544, 35.03927507928902, 94.7194422000485, 4.196318806156953, 105.22489607089125, 77.47826984046716, 49.17417459465198, 84.93909726422585, 7.985830762776383, 73.79322592378661, 71.01360184355728], [14.790888858003258, 36.945931720070476, 20.10669375785094, 64.54784407624803, 70.33161006080226, 56.26762134010755, 43.91713183197673, 58.75884663522575, 21.66510245069727, 19.19409651820029, 18.357601636993405, 75.81164670937197, 77.1847629638304, 68.14312692459326, 57.804041883767056, 55.12997389893411, 81.05112492242522, 25.145382362548073, 44.789373347536674, 80.75690060136007, 84.05803937256226, 79.49538181271089, 16.484130615412965, 52.93536783652448, 70.7167812044576, 67.74816472257122, 39.44865711592875, 50.67513680606821, 0.0, 73.24523719073812, 92.67230125414726, 45.71509881708797, 68.22166772276556, 48.96023176466845, 67.21523985528404, 36.788760538184704, 71.50303788475003, 36.762076441959756, 40.049504166820434, 17.086767066881492, 61.58837085265482, 56.034298774259206, 31.312632846412175, 50.486458055485095, 72.12005662447761, 69.43128215437802, 31.58876568536943, 35.82704930518813, 72.1060207959602, 54.44259296165789, 71.44770898625744, 43.8949829804467, 37.15772487440692, 44.327593227819975, 43.58855128837157, 27.768271504985034, 24.75443602895384], [85.79430329805943, 48.54232094416222, 83.26128220386441, 30.126043453472054, 62.04774835330966, 37.5842918582655, 35.93544104527567, 44.82212843125625, 72.21834302491521, 79.6484221188988, 70.55404802506222, 17.347377299787773, 41.48575184365108, 14.110561164273314, 62.12111007144619, 42.200788006560344, 52.943517160502765, 77.763377162084, 33.686038514138055, 10.053616542356155, 26.760450909359616, 21.04340330183605, 56.803817077324354, 88.25955678392644, 61.00929999379553, 17.614783882050986, 94.76109922356194, 106.31880210778209, 73.24523719073812, 0.0, 65.78084750868453, 32.13408425371115, 18.817835499008698, 67.64393944874956, 16.172713281425537, 36.98986833940591, 43.05051448548298, 50.537456718030576, 64.68196292504769, 80.63261606625832, 13.995834376573711, 28.13458075988779, 59.58760810279259, 52.948811334313206, 39.35373773870144, 4.30570304477141, 46.68520181184024, 71.68046227428525, 22.163740495187046, 108.1577920032058, 2.192151055238566, 30.199320205280337, 57.61075861815643, 30.463045636449078, 102.95966668432035, 84.59903924140808, 50.89523015309656], [96.41110741407265, 94.20201473687203, 87.30312025614928, 92.0767775426343, 24.04750785196216, 40.748297303780035, 84.84192285480212, 35.12939263968352, 106.20563026061045, 109.33009166717919, 77.23322151205019, 83.08131660573012, 24.584119537899557, 52.728450461298486, 37.23452099914695, 39.531628405254594, 13.956034907403945, 77.32528894603539, 82.57809622445843, 60.17194853337209, 41.94313220419744, 86.8026936667049, 82.67024004310686, 64.35541715541015, 23.182238683943844, 49.36711521588162, 84.69731354885597, 90.99096870720906, 92.67230125414726, 65.78084750868453, 0.0, 56.770784064696045, 47.99121316284187, 48.928554472939936, 51.05474514806218, 67.55174507898315, 25.69416027885374, 96.19884911261751, 55.55754561306151, 108.35188864549312, 58.43268361525024, 47.98779197328976, 101.52172241141785, 106.40727550404145, 28.078938188488998, 67.3944534482696, 63.78130031985803, 63.501166556171896, 43.74891612623604, 90.14157183833186, 66.8328869735632, 63.824636791491315, 55.86980490008744, 76.029043282222, 92.86122882861312, 117.42337578289623, 85.5401284837189], [56.15091115099635, 37.4330167631717, 52.0737537064426, 42.199976505246, 41.823282044588275, 16.126775539078917, 28.90907484283883, 23.14317664546825, 52.34148237091394, 57.52683689035147, 39.18315885969893, 42.610587522201364, 35.272233814193335, 23.123963820909914, 36.07742523189347, 18.63711499563713, 43.024880981867796, 45.83050943568525, 26.910697142227768, 37.09231696427258, 38.37637829851609, 47.10334615010547, 30.760979403722416, 57.40983108996657, 41.32835798473684, 22.203037269699088, 62.63289864178995, 74.19743226418818, 45.71509881708797, 32.13408425371115, 56.770784064696045, 0.0, 22.569472589519755, 37.987434917357476, 21.878743137261704, 11.240082048892786, 31.447035012376762, 39.428561480329876, 33.36608356767567, 57.48330355555606, 18.30474699191687, 10.782196576593746, 45.17937295501691, 50.25956453704923, 30.33112846360839, 29.591413015194593, 15.293557287188515, 39.75147776438764, 26.411956356348743, 76.10234226020833, 31.035086531934812, 7.470571753895077, 25.910833867718615, 20.385133387342954, 70.8744673400179, 64.56569086336772, 30.07094774255815], [78.61213231552784, 53.246846824382196, 73.92615963595095, 44.404375902696785, 43.34459628151102, 20.578469518363576, 41.53423609563838, 26.943716023949477, 72.82780838748283, 78.88616424110424, 61.035244577105054, 35.56740537305196, 23.410961894536676, 4.824738495001406, 44.54217941117894, 25.148035137531448, 34.64148621466274, 66.77333373775343, 39.06709816076042, 17.79361318927397, 16.394031477122933, 39.59929905069011, 52.83377795801168, 72.67088357718238, 42.27469197280964, 1.3836120022157394, 82.37169974598599, 93.22636182458302, 68.22166772276556, 18.817835499008698, 47.99121316284187, 22.569472589519755, 0.0, 51.56078518625258, 3.0787839031639184, 32.168151043296646, 24.28534931976432, 55.373233855609826, 50.257335545036206, 79.15474242440625, 11.332051198805846, 13.446526412204845, 63.0818213790084, 62.1851084704751, 20.6978979205302, 19.60459193309347, 37.61821004790241, 58.190963017892855, 5.163498056810785, 94.55189344182452, 19.38165137120394, 25.3713712781418, 44.11470903129005, 33.322808449246715, 90.93257898735556, 85.31183599662965, 50.22542599255545], [49.001701066152144, 66.12597267761582, 39.06826749630773, 79.53102410591046, 24.88104951548165, 30.99277664043102, 62.6912876731537, 25.96149387060072, 67.43059218876576, 67.75321563248511, 31.114501204319833, 80.34338663898151, 43.900903759617485, 54.94817181273673, 11.87555976197151, 26.499479906859335, 41.351981400892775, 28.957029982182046, 61.421883239238014, 69.31134805074556, 60.92471190209744, 84.84584357820333, 45.21947051088349, 21.186223856681192, 25.78919905754579, 52.16311116150732, 36.48191064929881, 44.7798755101961, 48.96023176466845, 67.64393944874956, 48.928554472939936, 37.987434917357476, 51.56078518625258, 0.0, 52.952987101040776, 42.111211494885914, 37.26634505658229, 67.51976692911136, 9.039212816883325, 65.9617150403476, 53.914638613415576, 39.55619477235157, 68.74563242754013, 81.42613294716402, 40.29912997176253, 66.100633429258, 31.111641688972508, 14.90389358909903, 51.97117410178916, 45.08499715845587, 67.10431058258176, 44.12983889631281, 15.081656657469779, 55.78921236271025, 45.02333376014245, 76.35070862447033, 52.71894945490083], [78.02677393298993, 50.82689173379155, 73.73759270001482, 41.332279826647955, 45.875074725880786, 22.137183302039514, 38.94074859200602, 28.943862126536978, 70.99209827289712, 77.26192582384009, 60.83006671739527, 32.658227769533276, 26.47153876234765, 2.0975305087568117, 46.453595952235034, 26.766579805175034, 37.66242188576319, 66.90483302464243, 36.46969916942002, 16.47187685133919, 18.4111036323823, 36.74863709684425, 51.560913558322326, 73.96161016829008, 44.838190024648384, 1.6951963138153903, 82.8631217801408, 93.90314820699729, 67.21523985528404, 16.172713281425537, 51.05474514806218, 21.878743137261704, 3.0787839031639184, 52.952987101040776, 0.0, 30.780420380169417, 27.153920197785286, 52.951886002102775, 51.15539944355577, 77.63471315260855, 8.4