instance_id,num_cities,city_coordinates,distance_matrix,best_route,total_distance
1222,78,"[[49.08535833960465, 66.81251567603091], [94.11530724652705, 16.17573550343837], [7.9210523631411895, 49.40721350041303], [23.770574040846338, 48.58191870987749], [95.15333097612675, 86.92449848267273], [41.686314286930205, 39.786815453727975], [42.1825826917931, 33.32820928590283], [52.11208914113637, 59.129062331069846], [83.57517239602907, 17.057474222069015], [91.32864013501506, 7.814155803736311], [58.5286136692626, 84.68136503671518], [39.84188072769721, 93.87832108308761], [78.03102825314073, 69.98740719733509], [54.73979639047762, 6.284220908899196], [91.82134807182494, 97.43664042676538], [67.78679526404288, 39.90201707990716], [91.61689406052746, 62.99863800824268], [24.792548451093953, 61.12556181326553], [83.89305589778687, 19.565076913453417], [31.330363359033196, 59.97791691250286], [48.8952367323113, 1.7529391272482098], [52.87437853804825, 91.01499590228512], [1.0807687760911788, 93.12726124069151], [81.84670121121121, 38.069111201266814], [2.713349045604152, 16.777885897937793], [35.58927379620079, 85.43953728357762], [9.850566942160189, 4.990682384465361], [43.58141423923605, 44.70079674092441], [19.288381068056648, 5.1294036133790355], [10.27951905328639, 21.305533249016307], [42.48164015061725, 76.62315628031973], [78.56990882269626, 69.21205525067235], [17.400433027084617, 33.869249747828874], [5.63478700283807, 46.14936248252939], [64.38460888972638, 40.54571737025427], [93.38803357405664, 5.920296490509935], [30.255252634879547, 60.547173552877624], [87.78938708070677, 42.29106707294926], [51.95122550700917, 74.61194735495306], [50.91397633323845, 17.954730625639815], [77.42237794313729, 67.4462292079328], [79.16972873092874, 81.5457550024393], [55.8423116779302, 26.64545759568795], [55.134621323572674, 55.48841257667263], [6.466608226865489, 10.418391335737564], [30.260946130784884, 63.80083901103607], [87.84062476203576, 61.281024589601266], [48.052442548883555, 77.93153013619431], [47.09892799202661, 41.40264245794676], [59.474764533644596, 45.862673588273296], [1.438489338115767, 33.260636357019145], [61.630140798750865, 10.336523225028028], [37.383268337378084, 32.06029256020202], [9.894434776231186, 67.5034234621032], [6.359690759558556, 52.00107061011832], [82.74283658960367, 76.25993476414737], [50.662686993731896, 26.990477836395087], [19.971824460152042, 71.59981202681107], [97.86936724529356, 54.181817643660814], [11.211015232819632, 14.493326130258632], [25.84122409892182, 75.7737227628211], [99.5018270929429, 47.27300005869131], [20.09608081384455, 39.703441840374865], [72.14708808648243, 50.595557992528605], [47.35813922012688, 57.41297869654803], [25.45526799648784, 18.57355994100869], [15.943000707011045, 99.01444716816641], [26.448702818032466, 58.674442501173175], [46.10614143666858, 0.03917150740839759], [38.20904240881288, 22.53045796881885], [52.54209380301038, 34.437862444540656], [77.57067934813155, 19.5633960812295], [51.08366226856758, 93.46954164036846], [51.362834500982615, 67.39034847649117], [28.106464454266966, 15.939837658081846], [38.621608361012264, 71.07286692704362], [91.37591774845298, 30.054270645020086], [31.421399240579596, 38.56835856137475]]","[[0.0, 67.76267265100678, 44.69278051708659, 31.196040932063525, 50.266787795263035, 28.02024848924795, 34.18840572580115, 8.258120527646362, 60.54016372402868, 72.56239607721919, 20.21066175799149, 28.6006940596639, 29.1192675545838, 60.79183446062427, 52.5756772199939, 32.77069846266204, 42.702191906797786, 24.94959030758913, 58.684719296639685, 19.025025282993365, 65.05985434146372, 24.49727991362387, 54.744008378033584, 43.583126179186074, 68.21896673941721, 23.002396222365977, 73.22095279038034, 22.786432694152232, 68.50303765713473, 59.8061753695066, 11.826147427885532, 29.582030142643152, 45.7076936858141, 48.113595265678846, 30.397561754715632, 75.30331593141734, 19.8450848517027, 45.81815450654505, 8.309291734882194, 48.89199324835163, 28.344104728347105, 33.49832358330195, 40.7314248860257, 12.838570545590406, 70.68702229745267, 19.0638057937558, 39.14802765290822, 11.16688844737171, 25.48740007307315, 23.38451719764032, 58.274803573092996, 57.852478687373775, 36.66955033692891, 39.19701319385237, 45.22014567757549, 34.958254670044155, 39.853264149684385, 29.504509168942768, 50.3925992353565, 64.58918996625458, 24.91170425826428, 54.070444719056916, 39.689798383118436, 28.192784456781343, 9.556912750221995, 53.71571483308489, 46.21017486734847, 24.055070322110133, 66.83977277651424, 45.59818947075919, 32.55867306760534, 55.171485528691996, 26.73182096034378, 2.349635803892305, 55.028568556434195, 11.297816443742471, 56.0326689786696, 33.31287832309619], [67.76267265100678, 0.0, 92.37846450751115, 77.45025629258883, 70.75637749599038, 57.500281731278704, 54.69200340576305, 60.07710559581199, 10.576951632422947, 8.813712535864337, 77.19737066450308, 94.7802544407723, 56.164045805379914, 40.59892752461385, 81.29327719838332, 35.44188173133158, 46.88951127301697, 82.62040772287091, 10.769496637747901, 76.554426881457, 47.464427022978896, 85.45015563346986, 120.73509291708912, 25.096585295534798, 91.403941644006, 90.67949508277563, 85.00383445372708, 58.02890194613942, 75.63788951010996, 83.99258423749353, 79.49796385033133, 55.2676272738977, 78.72885349616952, 93.41959525107968, 38.44230015194208, 10.281194305262554, 77.76201572476003, 26.87057515070758, 72.05970194562181, 43.23794417319447, 53.9195457457736, 67.05676525501117, 39.67917930707203, 55.36226561195281, 87.83758564364449, 79.65883452329064, 45.53963925886444, 77.0426224558623, 53.35669360721711, 45.62106412936743, 94.23845507437771, 33.0057940242628, 58.91386417201619, 98.62903685446747, 94.78661751805373, 61.15099418360398, 44.778218572894005, 92.56934858883993, 38.19103620123018, 82.92136115376444, 90.62709592067738, 31.560330462072518, 77.66851902263778, 40.832913602193926, 62.34374858810374, 68.70189627550563, 113.89978779602711, 79.9056284085275, 50.64848170830449, 56.26626827608747, 45.407459259830084, 16.887893784800013, 88.46499271826384, 66.71364558947522, 66.00926430863133, 78.0592445168205, 14.146306673413987, 66.57293495462721], [44.69278051708659, 92.37846450751115, 0.0, 15.870993948185177, 94.95797546522161, 35.10904401089181, 37.846886754281016, 45.247785318181776, 82.2803227347064, 93.20304794630873, 61.68785154273769, 54.74138008042235, 73.06814006048839, 63.652079953014955, 96.6751543618028, 60.61564098538643, 84.79222097330613, 20.541837002253192, 81.62290387595243, 25.68531899604827, 62.84754291737758, 61.25364552897339, 44.25191582252112, 74.7900669965876, 33.04229401287294, 45.429713123501315, 44.45842173182258, 35.96959504703986, 45.71368077805506, 28.20047513926432, 43.990246300913064, 73.37228820062539, 18.201290485802474, 3.9800254462060174, 57.15469647628006, 95.89430029117045, 24.958269406123186, 80.18472691563025, 50.733960576296326, 53.26959912075992, 71.80418055428783, 78.1617536525326, 53.052282007294835, 47.603593101640136, 39.01594112070393, 26.575313900115347, 80.7968157924796, 49.235811334623165, 39.98723666829584, 51.67541970558016, 17.39929817035723, 66.41675254918148, 34.189732906510265, 18.203490135846682, 3.027531133235596, 79.49445285112112, 48.263416463459826, 25.253366854500406, 90.07494765395955, 35.068552678713296, 31.879858307786147, 91.60563938495007, 15.56902380387403, 64.23702847554397, 40.24147234062242, 35.470592181384085, 50.25165954870348, 20.716065377652264, 62.412375357586654, 40.4934850181086, 47.06504871146391, 75.77416431276468, 61.68062625299066, 47.01682229670061, 39.08345055212525, 37.57558618280343, 85.66942834900101, 25.87947216906565], [31.196040932063525, 77.45025629258883, 15.870993948185177, 0.0, 81.02870732841843, 19.95814595225421, 23.90978280440021, 30.240431821421247, 67.60458996761716, 78.90565750790884, 50.11278623180704, 48.062989571796024, 58.3300251046678, 52.42316255438798, 83.77166394581087, 44.86388773919776, 69.36111976850458, 12.58520615645112, 66.75844465291897, 13.675495953332472, 53.14322161960264, 51.45481003976377, 49.99114725769013, 59.019959918840115, 38.143193725790574, 38.70614564680369, 45.75983481182382, 20.187434138691916, 43.683075922566985, 30.4304086151804, 33.71075495218402, 58.553988986448275, 16.032508366504537, 18.298199400137673, 41.40145358169209, 81.649278516385, 13.609495946795775, 64.32715785226678, 38.362892335182444, 40.924185244839116, 56.87159460167195, 64.46457045151618, 38.85620518368065, 32.115465425323855, 41.903246348321815, 16.54510395853921, 65.31645037477327, 38.092109801340705, 24.40807459782694, 35.80759015596266, 27.082534964547563, 53.81502644140179, 21.407231877112658, 23.464240515718686, 17.74343417581689, 65.14445734534894, 34.48733184901148, 23.329250119250734, 74.31009367793867, 36.328702997926136, 27.270529868645532, 75.74256370678317, 9.608811164632968, 48.41840408737426, 25.186521228128772, 30.055611617887934, 51.03636772922512, 10.44181067751479, 53.434781527167665, 29.785029386517145, 32.06017275470627, 61.127129710336746, 52.544300175044896, 33.39296134794935, 32.92879288812739, 26.951734120200772, 70.09818999545453, 12.601845622152165], [50.266787795263035, 70.75637749599038, 94.95797546522161, 81.02870732841843, 0.0, 71.27891016969949, 75.35557304848813, 51.23606902911228, 70.8198759892848, 79.20274350556824, 36.69334497513259, 55.746858004218836, 24.083984548770886, 90.20037774245017, 11.027567198947892, 54.406259145011944, 24.185805454851153, 74.94147617179051, 68.29411006067573, 69.27834765473547, 96.92267952396031, 42.47636976486056, 94.2768329162145, 50.63511886148482, 116.04179211141233, 59.58256471062913, 118.27811197448769, 66.65210862900669, 111.5613202200061, 107.28193020564781, 53.66958790216337, 24.263976087313583, 94.12955198974609, 98.36758323211873, 55.65703546097084, 81.0234349759677, 70.0537211205704, 45.2368308914471, 44.92238676024984, 81.9386927981662, 26.339887421880825, 16.864353594456347, 71.96470668680561, 50.88933699061959, 117.12608258958659, 68.88922439885766, 26.66577254606067, 47.95171707370212, 66.19263570892288, 54.39699961439909, 107.99204434345445, 83.60336257432537, 79.67095599268416, 87.44288156379086, 95.41465483498258, 16.363168709770378, 74.64250955585993, 76.72747185318971, 32.85513660815958, 110.87194009619468, 70.20333296155897, 39.88923094953031, 88.67592115303069, 43.00092009519963, 56.172147502829446, 97.62003269124656, 80.12766863300253, 74.28587748219618, 99.77317698318586, 85.9607145976426, 67.60595015250448, 69.61801315039925, 44.55303906503035, 47.94987589143078, 97.6427385051356, 58.71209317344821, 56.99554074661567, 80.00047119131607], [28.02024848924795, 57.500281731278704, 35.10904401089181, 19.95814595225421, 71.27891016969949, 0.0, 6.477644321876138, 21.973149423208294, 47.658151312334915, 59.04753577162759, 47.94980323988213, 54.122942606675316, 47.254777271189084, 35.95576777462587, 76.40041840222071, 26.100735212849752, 55.062251160208085, 27.216565182122913, 46.80093745852581, 22.69198752290227, 38.71103603937096, 52.43566776305112, 67.0374036116019, 40.19710419678119, 45.258180023117625, 46.05806024160401, 47.16233333470539, 5.266746236543615, 41.26504099051252, 36.44097389996903, 36.844925684852186, 47.18309319010858, 24.996431994405768, 36.60866870304558, 22.71097774192545, 61.80622043072063, 23.699401656959854, 46.17103634531754, 36.30644865989826, 23.70210275021427, 45.18970474418681, 56.1143064700392, 19.315474327260745, 20.673584942217236, 45.85773686229533, 26.59346470308838, 50.9138625701203, 38.67230077528882, 5.648653293322231, 18.797473613519287, 40.77350152626985, 35.56790587438942, 8.843944847642232, 42.17741056907991, 37.37858155240855, 54.91745128665397, 15.630787676511476, 38.517344396988854, 57.9978579584663, 39.60434893536227, 39.32078815002796, 58.29816876164987, 21.59039445174061, 32.32162829650705, 18.516242295222114, 26.71046748243838, 64.58041926602215, 24.267823527470842, 39.992625211618204, 17.6032182671614, 12.102034837011503, 41.190707046147125, 54.49903888985383, 29.25047142853843, 27.44249754420547, 31.43579868880879, 50.63377450493773, 10.33697819032807], [34.18840572580115, 54.69200340576305, 37.846886754281016, 23.90978280440021, 75.35557304848813, 6.477644321876138, 0.0, 27.6455984957073, 44.47564841506747, 55.37419875089233, 53.8919227183776, 60.595337480174976, 51.27385143203565, 29.817124663688446, 81.07957801935432, 26.43464867096716, 57.65488254318474, 32.78881056737445, 43.922515726782876, 28.774599580699498, 32.28091401834388, 58.66924107692226, 72.56228856542842, 39.94644475912154, 42.79875709484653, 52.526776294323845, 42.99272814470144, 11.458292853660001, 36.32240506003226, 34.09325752418702, 43.29597984354954, 51.10467595220631, 24.788054921382034, 38.73142572915394, 23.34571460121523, 58.07918632225976, 29.71755740388843, 46.47917196206764, 42.42373641495077, 17.679962699039685, 49.0497956443928, 60.769899514863695, 15.20681972431395, 25.667682299096565, 42.432188141658166, 32.72165308565326, 53.53519112780607, 44.98790376996831, 9.45340796543403, 21.357255165377833, 40.74414938753651, 30.11353755780485, 4.963973317394634, 47.01563314267258, 40.39746695551514, 59.06155474413291, 10.586737405727998, 44.24967070591945, 59.46335809090108, 36.24901121896311, 45.482541870261144, 58.99112618365232, 22.98819599986534, 34.58370880782708, 24.634579414756185, 22.30476931525095, 70.73328431411494, 29.83264175504415, 33.51946224870736, 11.505670596973275, 10.418771549271497, 37.970876570312434, 60.79645610561825, 35.277561558576316, 22.371691319701906, 37.91226343324028, 49.302159062469734, 11.969220262819976], [8.258120527646362, 60.07710559581199, 45.247785318181776, 30.240431821421247, 51.23606902911228, 21.973149423208294, 27.6455984957073, 0.0, 52.53517044721307, 64.58449894335688, 26.345625074781868, 36.85198771197989, 28.101513445480798, 52.910132397515355, 55.17513737529144, 24.806766841524116, 39.69386889231779, 27.392395180000072, 50.74779591383935, 20.799054800229545, 57.46623054734218, 31.895044204901136, 61.319435640733644, 36.43718837324763, 65.06810023580081, 31.068384559699552, 68.68042255124428, 16.761481504380424, 63.19302930936165, 56.396660117207574, 19.96969881756288, 28.314006578347264, 42.92967740294173, 48.25569626699908, 22.27005727231525, 67.34149056194893, 21.90279300679843, 39.45107948562835, 15.483720669515183, 41.191759681873634, 26.641808949436587, 35.137216316801876, 32.6970814718765, 4.731810586662959, 66.75507019478425, 22.34497590525237, 35.79328427479127, 19.235735650521192, 18.421665131719134, 15.17254293816449, 56.89454437265169, 49.71222364541379, 30.816496542882202, 43.040216825982185, 46.30432186784035, 35.095718821106395, 32.17125082905931, 34.474863476706595, 46.02394734807391, 60.54128172612467, 31.09988860035605, 48.85031704858639, 37.44835805027676, 21.776636081725744, 5.054204476684711, 48.53179254517637, 53.842797863399255, 25.667412739865544, 59.39433142464886, 39.15038377469305, 24.694943932833144, 47.04871689134004, 34.35587549495119, 8.295193264314113, 49.412337978086704, 18.01797824134834, 48.85684955553236, 29.169285011226386], [60.54016372402868, 10.576951632422947, 82.2803227347064, 67.60458996761716, 70.8198759892848, 47.658151312334915, 44.47564841506747, 52.53517044721307, 0.0, 12.064625869134323, 72.11324921929774, 88.39707751159796, 53.219501491871206, 30.782168480002458, 80.80105056890218, 27.769515495331, 46.63968071671693, 73.46695326333486, 2.527671097775202, 67.61423276245159, 37.906816433304, 80.07654935491331, 112.21380987056722, 21.082611346375906, 80.86230670211131, 83.53893112184966, 74.7055882419829, 48.61742456553521, 65.38402257197215, 73.41865433550205, 72.36538448366949, 52.39420755873385, 68.27687695608424, 83.19279799236382, 30.331094505106613, 14.843482486383575, 68.80674233837523, 25.583076702628006, 65.6703235445313, 32.67351828783975, 50.76301319469667, 64.63858206902628, 29.343499940911357, 47.81006136913384, 77.3938504650182, 70.90380013832896, 44.42877998545914, 70.48060030412152, 43.85434553443606, 37.55754477678299, 83.71963429762211, 22.95115670527665, 48.56723750277174, 89.29526802090695, 84.75426557337988, 59.20831121667804, 34.37871807032135, 83.78694696585397, 39.78116238715287, 72.40957186296858, 82.3456533684227, 34.156058487745874, 67.39758836537645, 35.431683194289135, 54.223982087763495, 58.13967495023502, 106.25938105343995, 70.67818316276767, 41.15277522016395, 45.69506867386441, 35.56866404188251, 6.506426140860131, 83.03313963413447, 59.75812031327724, 55.479966404258604, 70.27435925373479, 15.158111535181316, 56.41572652558036], [72.56239607721919, 8.813712535864337, 93.20304794630873, 78.90565750790884, 79.20274350556824, 59.04753577162759, 55.37419875089233, 64.58449894335688, 12.064625869134323, 0.0, 83.57278020636033, 100.28921646666969, 63.57939658893121, 36.62081631182758, 89.62383896662806, 39.79760421442104, 55.185235040770216, 85.25935436821008, 13.90582827003525, 79.50378097361025, 42.86411170123474, 91.65756939867128, 124.18938861317382, 31.705985111037105, 89.067492790932, 95.56451647836361, 81.52697966544294, 60.335908548488696, 72.09026855795526, 82.16433102929595, 84.38428736478265, 62.70954697010666, 78.38525197145538, 93.87771053740553, 42.394999025001155, 2.7978213729725043, 80.68909357325165, 34.65809750761881, 77.5404780673017, 41.66744902113946, 61.232085597607465, 74.72742366046482, 40.17334233722248, 59.856843857448, 84.90198173356106, 82.84788438788785, 53.58052173138145, 82.39705978244572, 55.53785980726745, 49.622163359005334, 93.4224950578708, 29.805422329403065, 59.1437087609369, 100.9670167728489, 95.77163357735604, 68.98217653871069, 44.960550170002065, 95.71000513564218, 46.826714337360066, 80.39555420680662, 94.37745705596592, 40.296418885380334, 78.04488497890574, 46.88475564860895, 66.28309123040873, 66.7462803030255, 118.32365687776041, 82.4389169579578, 45.88599753007551, 55.12042463558819, 47.044850214028266, 18.092156646229125, 94.63880475942821, 71.73972646559554, 63.74221680648874, 82.33890776180957, 22.240165092153056, 67.34017002385617], [20.21066175799149, 77.19737066450308, 61.68785154273769, 50.11278623180704, 36.69334497513259, 47.94980323988213, 53.8919227183776, 26.345625074781868, 72.11324921929774, 83.57278020636033, 0.0, 20.827337529033603, 24.418365456904404, 78.48864468042221, 35.65253447197799, 45.72640298425861, 39.55976428951789, 41.1460564563168, 69.88194264984186, 36.742416485086316, 83.48608132516064, 8.490303578810291, 58.06537733932523, 52.11943413194592, 87.89895473871913, 22.951865696883022, 93.38178159977221, 42.68330601131285, 88.70349723036125, 79.65218883398074, 17.95661681580785, 25.317050710610115, 65.37123452304306, 65.44059993806248, 44.522444620214536, 86.1306279707677, 37.17313738116689, 51.508545136634716, 12.027269327937042, 67.15970846860847, 25.57389754169907, 20.87792329892972, 58.09804446702243, 29.389584164749696, 90.69422072875581, 35.14338337688859, 37.50693172393194, 12.462360632229892, 44.76254620472804, 38.830220283015464, 76.83341482777345, 74.40950862987698, 56.71069473902696, 51.578726557953765, 61.55971216118299, 25.636869533382825, 58.2246620292886, 40.715513299806446, 49.77868301905106, 84.64818915562651, 33.87936728752307, 55.48143823470602, 59.161416115054884, 36.705654704772535, 29.467683875992158, 73.91947029411645, 44.93296868400322, 41.29746602386829, 85.54892601209083, 65.38822696457505, 50.598893000132726, 67.84504511168045, 11.517784047971627, 18.717041560420178, 75.17249995315345, 24.11389809101053, 63.7421746330478, 53.49028360625309], [28.6006940596639, 94.7802544407723, 54.74138008042235, 48.062989571796024, 55.746858004218836, 54.122942606675316, 60.595337480174976, 36.85198771197989, 88.39707751159796, 100.28921646666969, 20.827337529033603, 0.0, 45.04649547985428, 88.85197958639453, 52.10111958423574, 60.78124416534609, 60.28438298944109, 36.04477273833931, 86.3884499969851, 34.952586897768654, 92.56915931051542, 13.34333654929764, 38.76838777421362, 69.85036042487799, 85.57455796326194, 9.449748024613335, 93.81093335000644, 49.31949930106728, 91.09784135918913, 78.36289148428484, 17.455917110870303, 45.91606287828272, 64.06798902275224, 58.72119506783813, 58.708705695368415, 102.97477640118566, 34.68239948259959, 70.42874513846195, 22.75586490591828, 76.72667651507203, 45.94506776419341, 41.21615963064536, 69.11057605973555, 41.323758179328884, 89.88586478383228, 31.56658416023016, 58.02123031751574, 17.93637273596423, 52.9751034181697, 51.874391860378466, 71.7587915991512, 86.3363206668014, 61.86690088684035, 39.90594872363503, 53.61679916069526, 46.37779156394434, 67.75746027147981, 29.852154057052687, 70.30648317805584, 84.39018830792152, 22.886565193909494, 75.70578014980777, 57.661201472050614, 54.00948067929896, 37.2319128852196, 76.66669209339447, 24.444554759802422, 37.665505196799174, 94.04800346268206, 71.36654490689632, 60.78209880646742, 83.34368796359496, 11.249211209922391, 28.8850319136743, 78.81704887713438, 22.838077938222366, 82.03210582435156, 55.947265014727684], [29.1192675545838, 56.164045805379914, 73.06814006048839, 58.3300251046678, 24.083984548770886, 47.254777271189084, 51.27385143203565, 28.101513445480798, 53.219501491871206, 63.57939658893121, 24.418365456904404, 45.04649547985428, 0.0, 67.82755653109952, 30.718615294072983, 31.781677237879546, 15.278044525224002, 53.97099253528786, 50.76194203695763, 47.76130229918232, 74.19458861906939, 32.78744442057668, 80.35418644185935, 32.145559248760605, 92.2171673720268, 45.1671434295478, 94.1973966783479, 42.73392766972486, 87.50576682257989, 83.4277642633311, 36.16340913625497, 0.9442260902126093, 70.57329788959264, 76.21986698359622, 32.45054485391893, 65.881957217035, 48.699514855780514, 29.36516343038466, 26.48664725756268, 58.67481517688251, 2.6130520036329026, 11.614303369633145, 48.69151608367461, 27.10103863866422, 93.11247963842656, 48.16901879735925, 13.115993358475578, 31.013298600684227, 42.117497572502984, 30.435796275696227, 84.94276139734743, 61.86450571991343, 55.594122089189554, 68.18185642701825, 73.89376781534158, 7.845109296624343, 50.968245386329755, 58.08158911746398, 25.36486457891681, 86.85912256933716, 52.509590604756305, 31.25603132963815, 65.37259894279543, 20.26486041073979, 33.15029975359178, 73.53634649791832, 68.53825365470875, 52.80832763409596, 76.88923249960355, 61.95121134137585, 43.74306701105875, 50.42611246320187, 35.743127612272886, 26.79435149433844, 73.57718290073514, 39.424365550493135, 42.10393652080446, 56.21044506030371], [60.79183446062427, 40.59892752461385, 63.652079953014955, 52.42316255438798, 90.20037774245017, 35.95576777462587, 29.817124663688446, 52.910132397515355, 30.782168480002458, 36.62081631182758, 78.48864468042221, 88.85197958639453, 67.82755653109952, 0.0, 98.4063263162359, 36.0607875538271, 67.6494304446438, 62.48528091744362, 32.035818642797636, 58.574862743168985, 7.395362883766246, 84.75130686156972, 102.08332331282516, 41.77395767530478, 53.074176660887225, 81.43897485853651, 44.90786303508422, 40.004284656657596, 35.470219217659434, 46.92926683125696, 71.39907719001488, 67.28882963373509, 46.42372101014823, 63.24975462122954, 35.59315310445412, 38.64995056116475, 59.531175971607034, 48.875028547032564, 68.3846059348074, 12.281599902248514, 65.23258974672179, 79.1272399889704, 20.391064204069853, 49.20577572203062, 48.44989226610981, 62.50900309510237, 64.18966625537972, 71.95872164591538, 35.94003898132354, 39.860680373147936, 59.739068656279905, 7.993622465811445, 31.074988911198798, 75.88739829222469, 66.56324036179988, 75.37088821252833, 21.10383607263153, 73.99282610652303, 64.45416708860984, 44.29609686650317, 75.25900842023161, 60.693652129352685, 48.13555189900112, 47.60786067792617, 51.65886889478565, 31.758643817148798, 100.51908384679767, 59.54092117201764, 10.65554503010015, 23.177705792623904, 28.239288737154062, 26.411847907398037, 87.26194742135061, 61.19936844371783, 28.3295835626201, 66.7634977979556, 43.67173745815431, 39.82478109926485], [52.5756772199939, 81.29327719838332, 96.6751543618028, 83.77166394581087, 11.027567198947892, 76.40041840222071, 81.07957801935432, 55.17513737529144, 80.80105056890218, 89.62383896662806, 35.65253447197799, 52.10111958423574, 30.718615294072983, 98.4063263162359, 0.0, 62.352967951292484, 34.43860932181947, 76.23223995575542, 78.27412229341631, 71.14994869176765, 104.87145335651427, 39.47282551659708, 90.84285046108315, 60.19964373926458, 120.19180576311611, 57.49762309146002, 123.55348686850607, 71.47139585477541, 117.39530344307785, 111.5572290790628, 53.55005042074591, 31.180568476791414, 97.87382568299351, 100.29211428535905, 63.161315559196275, 91.52975314574982, 71.77197833131487, 55.29277502490731, 45.94119379332528, 89.39120229750334, 33.267929088560926, 20.312156742108854, 79.4095877489377, 55.72763891700622, 121.89178515744558, 70.1501976050017, 36.374094004300524, 47.91833071094516, 71.69312230725843, 60.87836661779257, 110.84954060003005, 92.18426879442123, 85.07391718701976, 87.22394510681843, 96.78887268236294, 23.040664778907335, 81.58858501929187, 76.35375396791586, 43.67560222733541, 115.66165806741799, 69.44536529671721, 50.748207583828055, 92.0740798609702, 50.80515239207353, 59.82366120260934, 103.07202359645895, 75.89474996947133, 76.00059694174107, 107.59250470916713, 92.11522940821139, 74.24086370165577, 79.16643066333097, 40.930391121829615, 50.395148380802944, 103.44716166196471, 59.37390721893625, 67.38384202148791, 84.34232880707134], [32.77069846266204, 35.44188173133158, 60.61564098538643, 44.86388773919776, 54.406259145011944, 26.100735212849752, 26.43464867096716, 24.806766841524116, 27.769515495331, 39.79760421442104, 45.72640298425861, 60.78124416534609, 31.781677237879546, 36.0607875538271, 62.352967951292484, 0.0, 33.18625478955771, 47.947305555804, 25.942296870863437, 41.61866385809405, 42.57044905090724, 53.24393652526626, 85.33827151862418, 14.178875103588922, 69.05996557822026, 55.77047727043267, 67.64176108279915, 24.6764818560319, 59.67604902151291, 60.43935826969727, 44.59588478201333, 31.23065602241693, 50.746229230918864, 62.465201956613704, 3.4625456227142783, 42.54621883577881, 42.83502279581673, 20.144757115768954, 38.1515993010572, 27.683486077034793, 29.180953982338192, 43.17142669025534, 17.843964175528868, 20.07518941383877, 68.04005823995654, 44.489808303338954, 29.31242125164904, 42.84493599463805, 20.742220922306714, 10.2283567044669, 66.6798743036215, 30.19971557958611, 31.398520554691363, 64.13550527692031, 62.60731797587047, 39.31388241405152, 21.44628008979845, 57.36742662411222, 33.299757373706306, 62.01951678234933, 55.19248326511351, 32.56032300180186, 47.6911278635357, 11.548331946533512, 26.90657474484806, 47.401068392279775, 78.62606708344924, 45.40090134867256, 45.37727633429891, 34.3018152568505, 16.19437891724174, 22.569534596414158, 56.1112674905866, 32.0211625353448, 46.35423061401192, 42.68758610277039, 25.562175365769107, 36.389842992068175], [42.702191906797786, 46.88951127301697, 84.79222097330613, 69.36111976850458, 24.185805454851153, 55.062251160208085, 57.65488254318474, 39.69386889231779, 46.63968071671693, 55.185235040770216, 39.55976428951789, 60.28438298944109, 15.278044525224002, 67.6494304446438, 34.43860932181947, 33.18625478955771, 0.0, 66.85059147502889, 44.11498504294203, 60.36216149178604, 74.67379484324452, 47.81107422613109, 95.4176289760021, 26.77569747238265, 100.20078962694231, 60.35468658496468, 100.25295589696077, 51.40251274700167, 92.6297040972802, 91.40067591397992, 50.98922116425694, 14.450964591497254, 79.72831585299211, 87.6174686910171, 35.29491465919188, 57.10581411372504, 61.41059123983182, 21.05833098136661, 41.330790166411774, 60.70981060592236, 14.87499093399422, 22.336684479545777, 51.00367114980049, 37.24727788827737, 100.07623852691417, 61.361191911550776, 4.148542595976089, 46.052716562819754, 49.47965568478214, 36.424686232353075, 94.95521797398632, 60.601185670109984, 62.43770798276429, 81.84652371028824, 85.9635806803034, 15.956531190876877, 54.53287701406738, 72.15951907087751, 10.808780794683768, 93.90351766806467, 67.00478751092889, 17.591698549203443, 75.21896630482458, 23.084837849618207, 44.60983041851877, 79.69283734889629, 83.80737822365893, 65.3114983490791, 77.68605425982035, 67.00800111743949, 48.39997847070818, 45.649933066817205, 50.709159405959824, 40.4929182927127, 79.04495783519697, 53.6068417182587, 32.94524867937632, 64.96411432837692], [24.94959030758913, 82.62040772287091, 20.541837002253192, 12.58520615645112, 74.94147617179051, 27.216565182122913, 32.78881056737445, 27.392395180000072, 73.46695326333486, 85.25935436821008, 41.1460564563168, 36.04477273833931, 53.97099253528786, 62.48528091744362, 76.23223995575542, 47.947305555804, 66.85059147502889, 0.0, 72.25056321970172, 6.637779191018571, 64.07845119069054, 41.01179648825955, 39.829100687803525, 61.536787875207885, 49.53995766528592, 26.60335845995033, 58.08947839238403, 24.95584871901601, 56.266025199290624, 42.3823394488701, 23.51764017539628, 54.38194428898627, 28.240926292357063, 24.31679193689457, 44.62130933841884, 88.0509051549752, 5.4932385693052845, 65.75210923954059, 30.322868175793232, 50.45839533747137, 53.00801626806614, 58.08495523858852, 46.40005800963619, 30.861283798870534, 53.91713292580642, 6.0877320299238, 63.048267979264644, 28.69604928751819, 29.77529372013896, 37.89210827290216, 36.35747719155782, 62.741809431109246, 31.67516541405821, 16.205891221430786, 20.56761003113163, 59.893949109677884, 42.83069023869775, 11.530364145715506, 73.40597406324096, 48.5697791775358, 14.685650813580985, 75.98269396612442, 21.930892193448308, 48.51116783323519, 22.868956254145047, 42.55716227067303, 38.90863822741199, 2.9581807195033893, 64.69788502381087, 40.8605476086791, 38.500267074833445, 67.17845429393314, 41.681599019464144, 27.29885808433455, 45.307082301826014, 17.035016202478516, 73.47632409048768, 23.511041689733275], [58.684719296639685, 10.769496637747901, 81.62290387595243, 66.75844465291897, 68.29411006067573, 46.80093745852581, 43.922515726782876, 50.74779591383935, 2.527671097775202, 13.90582827003525, 69.88194264984186, 86.3884499969851, 50.76194203695763, 32.035818642797636, 78.27412229341631, 25.942296870863437, 44.11498504294203, 72.25056321970172, 0.0, 66.30259635724924, 39.2698306445812, 77.89254950672866, 110.76673625832225, 18.61684324550873, 81.22753990096766, 81.68659556116029, 75.46325693097731, 47.50613501909546, 66.19782982456191, 73.63410891029123, 70.50198419350014, 49.93153665569819, 68.01380930885375, 82.6503532336813, 28.64902753399935, 16.623315970744315, 67.50219391866797, 23.057580649679963, 63.64305519156397, 33.018372220500055, 48.31639906118746, 62.16039153589425, 28.93053822335807, 46.01666659300384, 77.9648424355204, 69.52126182984368, 41.902310084971354, 68.49228005423667, 42.78652962388383, 35.886160898257735, 83.58423233490556, 24.099867051231527, 48.159015282427724, 88.16961493456796, 84.04472854824341, 56.706524414456155, 34.049875129962025, 82.42291845610036, 37.33170258191882, 72.85877909511514, 80.80487017144051, 31.80192986667857, 66.89998334671704, 33.17918799221951, 52.60478881267688, 58.44619885590385, 104.54383020676042, 69.49385712007506, 42.53365592583934, 45.78015479729484, 34.699892992944946, 6.322376773083714, 80.85991724512762, 57.84005449689176, 55.90425873352489, 68.57518789007463, 12.884735411116976, 55.80680483365866], [19.025025282993365, 76.554426881457, 25.68531899604827, 13.675495953332472, 69.27834765473547, 22.69198752290227, 28.774599580699498, 20.799054800229545, 67.61423276245159, 79.50378097361025, 36.742416485086316, 34.952586897768654, 47.76130229918232, 58.574862743168985, 71.14994869176765, 41.61866385809405, 60.36216149178604, 6.637779191018571, 66.30259635724924, 0.0, 60.81671492865009, 37.78154129004816, 44.87668661812242, 55.06265665301741, 51.81868570192018, 25.815352603296827, 59.0336989790722, 19.5826108679657, 56.154863980071724, 44.03057238102515, 20.035342964233024, 48.1336053756826, 29.59232096623492, 29.180328337765374, 38.34310272595472, 82.30055138457381, 1.2165180606143684, 59.16456724130936, 25.285861715915228, 46.36233474302017, 46.69314186219786, 52.476437751236794, 41.374973770328836, 24.223920954787225, 55.44684747275041, 3.969683435681972, 56.5252840192227, 24.53487640518156, 24.36572288373516, 31.4856699401438, 40.091610254052235, 58.1579270618485, 28.566263461521412, 22.718544914564088, 26.213823967556117, 53.92908778206244, 38.23493002369237, 16.250687738227487, 66.7909709834349, 49.73566293568419, 16.722384168468434, 69.34524770945757, 23.17894397412164, 41.881185231313424, 16.231713005875964, 41.81910474582066, 41.959761960551944, 5.052687916204089, 61.73310958097173, 38.07398595903478, 33.19987787107695, 61.412542015398564, 38.88292356191327, 21.359869890611375, 44.15592767190856, 13.276301047507271, 67.0886965730756, 21.40975189772381], [65.05985434146372, 47.464427022978896, 62.84754291737758, 53.14322161960264, 96.92267952396031, 38.71103603937096, 32.28091401834388, 57.46623054734218, 37.906816433304, 42.86411170123474, 83.48608132516064, 92.56915931051542, 74.19458861906939, 7.395362883766246, 104.87145335651427, 42.57044905090724, 74.67379484324452, 64.07845119069054, 39.2698306445812, 60.81671492865009, 0.0, 89.35070424579806, 103.1285124862552, 49.03736703182514, 48.56455266724576, 84.73780360993612, 39.17868324001706, 43.275341513297356, 29.798765322578557, 43.28368732856244, 75.1444185396414, 73.69747968435213, 44.98199715784507, 61.987973975099685, 41.770806715240134, 44.687535602155954, 61.6782863643955, 56.17913089987794, 72.92307006233241, 16.32707436541238, 71.61987257240395, 85.34306258312094, 25.843748296283557, 54.09649736268945, 43.304486821006684, 64.78563626461268, 71.13604014561827, 76.18325295065775, 39.69037287936246, 45.36072180555914, 56.96382938285837, 15.357594132710945, 32.420072307691086, 76.44729389249429, 65.83424176460123, 81.83490951260525, 25.299352571207876, 75.59860733712613, 71.74435700451549, 39.779618034984026, 77.52782667226508, 68.06690043722473, 47.640655304006806, 54.09482423499973, 55.68125962671808, 28.850743818776895, 102.69201919068828, 61.18745321642845, 3.2735381505318903, 23.36450381093921, 32.887745115033276, 33.756382894540415, 91.74270751878556, 65.68377687700395, 25.168256649052076, 70.07709918425853, 51.044819769238174, 40.751811061572596], [24.49727991362387, 85.45015563346986, 61.25364552897339, 51.45481003976377, 42.47636976486056, 52.43566776305112, 58.66924107692226, 31.895044204901136, 80.07654935491331, 91.65756939867128, 8.490303578810291, 13.34333654929764, 32.78744442057668, 84.75130686156972, 39.47282551659708, 53.24393652526626, 47.81107422613109, 41.01179648825955, 77.89254950672866, 37.78154129004816, 89.35070424579806, 0.0, 51.836663444262385, 60.35447115045742, 89.59507453838862, 18.16206444062891, 96.18331913825088, 47.237318186124654, 92.21905545423074, 81.69290812508811, 17.752015629047722, 33.69908749012371, 67.26096277681704, 65.14985856139216, 51.7651763089087, 94.24682547628359, 37.94618630822408, 59.942297771274205, 16.42900523966223, 73.0865619597639, 34.03073666973819, 27.948380364263205, 64.43792430647724, 35.59841036115521, 93.00265487023437, 35.38329634925761, 45.89931835027648, 13.943749249612598, 49.94738675141567, 45.63219593268852, 77.33832648998546, 81.15219853029777, 60.95598035797908, 48.9905052472301, 60.70998720007402, 33.31421041489215, 64.06270750644778, 38.20376198448724, 58.14836222454359, 87.12865077919285, 31.03365666242714, 63.933411915213206, 60.887538806761405, 44.779105554700045, 34.05179079736091, 77.4568865048294, 37.7878007967391, 41.76395253744077, 91.22724186221976, 70.0371617053678, 56.57810922468661, 75.5991957013459, 3.038331703110418, 23.67295358355314, 79.05522723674719, 24.51183317878475, 72.10116882174715, 56.66462820055023], [54.744008378033584, 120.73509291708912, 44.25191582252112, 49.99114725769013, 94.2768329162145, 67.0374036116019, 72.56228856542842, 61.319435640733644, 112.21380987056722, 124.18938861317382, 58.06537733932523, 38.76838777421362, 80.35418644185935, 102.08332331282516, 90.84285046108315, 85.33827151862418, 95.4176289760021, 39.829100687803525, 110.76673625832225, 44.87668661812242, 103.1285124862552, 51.836663444262385, 0.0, 97.74730547630547, 76.36682809679274, 35.35446249575453, 88.57181206429819, 64.43157090069386, 89.86178326948163, 72.4084084783831, 44.56924535049949, 81.09564663227876, 61.464163277095, 47.19811493843449, 82.29334680842312, 126.98695143762261, 43.733426828598105, 100.51220386478406, 54.135203114975184, 90.19012104717791, 80.54537042239981, 78.94312480244811, 86.13162483596118, 65.86730527338877, 82.88404205602012, 41.37054255437567, 92.41999458742188, 49.36849583304939, 69.23226968577193, 75.12522869506816, 59.867693616531064, 102.56964830551321, 71.04256567876135, 27.097265007107882, 41.46360540389344, 83.3858502507772, 82.65857930794378, 28.64093319908571, 104.33015082229099, 79.28377919994624, 30.23616122289371, 108.57862583748341, 56.707024002417704, 82.82129871908722, 58.45600903976786, 78.4370485786369, 15.985771677123145, 42.78467946186332, 103.40539944033695, 79.76476249042398, 78.05583581372923, 106.12421343180002, 50.00406496967963, 56.48605856487387, 81.7819453559927, 43.53976280691757, 110.14270775054818, 62.42778002262935], [43.583126179186074, 25.096585295534798, 74.7900669965876, 59.019959918840115, 50.63511886148482, 40.19710419678119, 39.94644475912154, 36.43718837324763, 21.082611346375906, 31.705985111037105, 52.11943413194592, 69.85036042487799, 32.145559248760605, 41.77395767530478, 60.19964373926458, 14.178875103588922, 26.77569747238265, 61.536787875207885, 18.61684324550873, 55.06265665301741, 49.03736703182514, 60.35447115045742, 97.74730547630547, 0.0, 81.94756677219347, 66.20956772457157, 79.23146977480239, 38.83569801284015, 70.70054989255013, 73.50427952022095, 55.10011274273343, 31.31485801375815, 64.58297236182646, 76.6390652870504, 17.63684343527283, 34.157702499088565, 56.275579546435395, 7.289748056410189, 47.21353981365614, 36.89744942834824, 29.708411245941768, 43.55897999120525, 28.402959998895717, 31.889924307385836, 80.2914735660679, 57.64730647041354, 23.973319392204935, 52.259586315622265, 34.90730832262987, 23.690571233830827, 80.55185886716934, 34.31917468078863, 44.867613758557205, 77.7399986068869, 76.7618931495166, 38.20133588014272, 33.09348666957293, 70.37619107916339, 22.723228990143575, 74.46621902146178, 67.5148220732519, 19.910174283506787, 61.77224422098976, 15.84280164565989, 39.5429654665386, 59.66632432915537, 89.76431204139861, 59.10598873168044, 52.188733708686236, 46.32164731562121, 29.528731481084726, 18.99331079821296, 63.3685431253106, 42.29658479070136, 58.11813653448919, 54.384340980792125, 12.451651976974754, 50.427773367024244], [68.21896673941721, 91.403941644006, 33.04229401287294, 38.143193725790574, 116.04179211141233, 45.258180023117625, 42.79875709484653, 65.06810023580081, 80.86230670211131, 89.067492790932, 87.89895473871913, 85.57455796326194, 92.2171673720268, 53.074176660887225, 120.19180576311611, 69.05996557822026, 100.20078962694231, 49.53995766528592, 81.22753990096766, 51.81868570192018, 48.56455266724576, 89.59507453838862, 76.36682809679274, 81.94756677219347, 0.0, 76.12653150649929, 13.779624304419064, 49.49634029518068, 20.258796264314544, 8.817398659518492, 71.85383333235232, 92.21474815303027, 22.534976239801622, 29.516409613927973, 66.09276892109817, 91.32242693925008, 51.713702199144564, 88.81922461617862, 75.95490203431508, 48.214991801664304, 90.27026095338353, 100.20207015288833, 54.03753918895028, 65.16513379857324, 7.384451609183773, 54.49796532572658, 96.05822413677447, 76.12753511915618, 50.75882439585067, 63.779174996215254, 16.531979009487152, 59.26786231650009, 37.888722030294666, 51.23132004393573, 35.41141834441699, 99.7137553895014, 49.0248512875379, 57.47432955776163, 102.243444335