instance_id,num_cities,city_coordinates,distance_matrix,best_route,total_distance
1378,43,"[[2.463279435336063, 21.821192666617996], [46.03424782447244, 14.44610593932506], [15.613604609508114, 1.5569704231286896], [99.34442822872245, 83.57431086194023], [66.91097393224176, 99.72691010291061], [58.33400712906845, 46.06729669488111], [5.9756887543204185, 44.98695374559176], [18.228091649872237, 88.04251297585894], [67.5559579198591, 64.31240909627394], [4.365751239065119, 42.67620808978025], [22.331952268863308, 11.796623361700775], [60.295454491514, 85.88673280323027], [25.471249775383875, 39.57046223391113], [66.62087064637451, 96.43487785833841], [1.3853316511439506, 82.09314983747863], [74.17541786263526, 94.17804620519021], [92.05704520848106, 42.49870574191314], [37.098934461246124, 76.34648224507258], [94.91836916320915, 88.05195550466652], [43.54844404291206, 58.48334740788636], [86.39364693533051, 57.44715296919753], [49.50895524701854, 79.8499735676754], [91.85591298981127, 67.1918764977025], [51.38183114169043, 59.18905822276934], [3.0883275644499553, 45.57256126204552], [53.06647472415388, 20.599829593703667], [87.55200832409588, 17.913284154990407], [79.62809187438597, 53.32261000952718], [19.729705158864917, 14.810165697617418], [80.6275382063047, 38.63811950906957], [60.44440715502139, 40.68354174549768], [61.61924971319611, 75.99303931184733], [88.12818728736708, 55.71630527815737], [31.231039543021954, 30.803852786831186], [3.5161984095213206, 64.57157362576245], [1.5563508718260288, 26.71561803623218], [98.78758481758474, 32.76889390078897], [72.14709821024151, 22.11521552209208], [96.1065035490592, 59.0665811190743], [77.96934225182979, 70.27458024988896], [36.70181296264915, 51.019452513015054], [84.33899361451016, 64.49631472161805], [63.06171648093603, 14.267958438438722]]","[[0.0, 44.19073647951812, 24.15718848127799, 114.88866174854554, 101.10789353571735, 60.90494046936219, 23.430525081444163, 68.07196609220772, 77.73390679723586, 20.9416109042337, 22.254351258008672, 86.30732242819428, 29.05861781539098, 98.40426072021413, 60.28159580362404, 101.87318121968369, 91.94891196959412, 64.59594261784696, 113.72975671608064, 55.06454704348636, 91.1784823089587, 74.70364800624432, 100.24740338335413, 61.55795705893648, 23.75959164883878, 50.617932604899146, 85.17842175598302, 83.34715096130095, 18.635556241394898, 79.95286347367002, 60.972119730414285, 80.2123294043335, 92.12684243067218, 30.137554719131284, 42.76334540840064, 4.977742371601137, 96.94443753865083, 69.6844390699488, 100.77833290637102, 89.71564128034181, 44.99795057731702, 92.32983599443335, 61.06735559753084], [44.19073647951812, 0.0, 33.03854336932894, 87.29652943019417, 87.79893650703661, 33.92909936544528, 50.37292466695183, 78.67409643518907, 54.312357672730414, 50.33092762023403, 23.84991766305668, 72.85015567799293, 32.466446802570296, 84.53382612894823, 81.05336676296446, 84.5523964750632, 53.89848082027615, 62.541957210277644, 88.35993667548665, 44.10734470131698, 58.974326128026554, 65.49610287962994, 69.86945906704462, 45.061385091596556, 53.03968597133209, 9.34454546690539, 41.66228224285459, 51.380238679577516, 26.307061872325736, 42.213140845007864, 29.934189977596457, 63.489505364534196, 58.950225554893294, 22.061524365988422, 65.7293468462627, 46.139183395747075, 55.84477703948363, 27.215734365657834, 67.06875277366525, 64.31694022518114, 37.74525162254739, 63.02600216728435, 17.02840055257457], [24.15718848127799, 33.03854336932894, 0.0, 117.20791337024941, 110.7644218879192, 61.69442386675728, 44.486547106075776, 86.525051939449, 81.46320120444706, 42.62987112025513, 12.246905224356533, 95.43571937153565, 39.27083813550123, 107.71981483385444, 81.78337206326285, 109.58170308277072, 86.71692626887848, 77.81446187825672, 117.34831965210839, 63.411100375098435, 90.18606819613608, 85.31523390480612, 100.60233835540488, 67.82937102320055, 45.76302876727457, 42.016044140481355, 73.77440564245912, 82.32579195837788, 13.87766077968999, 74.84532837300169, 59.50369266120571, 87.50570114576854, 90.50744860442796, 33.1554581011753, 64.1653134766196, 28.819506108986236, 88.83746479289492, 60.155443147343, 98.92654902548661, 92.7919604126398, 53.77034188135516, 93.19088021159925, 49.12120251468701], [114.88866174854554, 87.29652943019417, 117.20791337024941, 0.0, 36.23307080335999, 55.57545096982048, 101.02824179536815, 81.23930631230267, 37.16890776183321, 103.40988295645549, 105.2756281213744, 39.117382902793416, 85.98595925427188, 35.159997217208186, 97.97029366229201, 27.31150464617234, 41.71703833279753, 62.66372954805471, 6.295974936254742, 61.17800502072514, 29.160780436428272, 49.974444024837254, 18.012829210925265, 53.805680607247815, 103.48608547888773, 78.15007531393996, 66.71155518662273, 36.10954615750825, 105.19986592040014, 48.67836547598008, 57.9036243678612, 38.4794071204921, 30.031192716251105, 86.16353616064139, 97.69418433432384, 113.1168379287831, 50.80846845931261, 67.20799922722524, 24.720699289877054, 25.17493068257959, 70.59685580457435, 24.27206222576789, 78.22918674013908], [101.10789353571735, 87.79893650703661, 110.7644218879192, 36.23307080335999, 0.0, 54.34076251435856, 81.91197593585306, 50.0654388130345, 35.42037388133209, 84.65629026794201, 98.58511296770597, 15.340000168097578, 73.04826458179635, 3.3047898898075254, 67.85690309356241, 9.141227279378612, 62.50913753215442, 37.88670088877851, 30.34334774698856, 47.40083613828156, 46.55268424732397, 26.418229697438587, 40.997297426511885, 43.41050231068059, 83.70199333209642, 80.32910449042278, 84.3772581417049, 48.11532142583266, 97.14383976073582, 62.6097793615555, 59.3964294623288, 24.316639733674574, 48.85799299600324, 77.610859728614, 72.48996652225478, 97.98916024037987, 74.15857506222157, 77.78812334258305, 50.056381238362235, 31.459930763796326, 57.315005289699066, 39.30560673702783, 85.54559721293069], [60.90494046936219, 33.92909936544528, 61.69442386675728, 55.57545096982048, 54.34076251435856, 0.0, 52.369462895083785, 58.05517408689166, 20.443299707415697, 54.07469025095312, 49.70540216985251, 39.86771585810436, 33.49880115616672, 51.04473860459976, 67.38704425438145, 50.65169802161891, 33.91132758673888, 36.98320414445751, 55.687764552181186, 19.307283368786734, 30.279440465128562, 34.916339977330146, 39.62279702875951, 14.849692810096894, 55.24789474455121, 26.00651414908158, 40.57511572292736, 22.496168927940705, 49.671927371371076, 23.498812768943907, 5.78261235295543, 30.105529226596794, 31.317671336568033, 31.105362430045297, 57.8567231836336, 59.98491241114876, 42.58332378613417, 27.649659631262324, 39.94675057297258, 31.16951976684431, 22.19179289063286, 31.872998408336183, 32.14885922180407], [23.430525081444163, 50.37292466695183, 44.486547106075776, 101.02824179536815, 81.91197593585306, 52.369462895083785, 0.0, 44.76497020378738, 64.54148104135359, 2.816281997399793, 37.00169438213613, 67.99580043434473, 20.234012944102737, 79.52815213640554, 37.389051428783844, 84.08903987926304, 86.11731130914431, 44.182309254309224, 98.82001201592131, 39.92323360981694, 81.37754335622718, 55.77253304843945, 88.70440524103296, 47.57538794463779, 2.9461484694592897, 53.03087730422973, 85.95161138484364, 74.12259878546575, 33.16340609992958, 74.92133422974102, 54.63845384944027, 63.69916183377986, 82.85017802957097, 28.96537754400523, 19.738450511804036, 18.798198209503184, 93.6126542580081, 70.01265484715931, 91.22389863703273, 76.30563673897412, 31.312709085044183, 80.75532622870107, 64.82647016678308], [68.07196609220772, 78.67409643518907, 86.525051939449, 81.23930631230267, 50.0654388130345, 58.05517408689166, 44.76497020378738, 0.0, 54.73898264386727, 47.436969767068206, 76.3562528875959, 42.1225640791612, 49.01023406148076, 49.11509795699267, 17.86262819763878, 56.28275116201719, 86.74648558254121, 22.201482906938455, 76.69027809464494, 38.921260441852766, 74.71692566823185, 32.335895369355605, 76.52323252980241, 43.95102152942447, 45.0877949686596, 75.90934380572682, 98.60990902573857, 70.53673999811573, 73.24774079117633, 79.58947810087972, 63.443592669618596, 45.03312573712895, 77.01303184686255, 58.69702610990575, 27.700628092001644, 63.55261586674767, 97.69854095683648, 85.1684672752457, 83.09423365618369, 62.32749358702376, 41.3761451222506, 70.17887724099027, 86.32924656619777], [77.73390679723586, 54.312357672730414, 81.46320120444706, 37.16890776183321, 35.42037388133209, 20.443299707415697, 64.54148104135359, 54.73898264386727, 0.0, 66.79167174397462, 69.30453403956265, 22.763267635503233, 48.8189163557083, 32.136076107372546, 68.51792847204234, 30.590415653526104, 32.80458706273749, 32.748270099489794, 36.22523447441623, 24.70503355024705, 20.04969498855213, 23.814075988298836, 24.46996421978553, 16.966175208611787, 67.13610995948235, 46.05143570017281, 50.52445771194004, 16.325198381125436, 68.8318425923521, 28.810334204806168, 24.67584905451977, 13.102733553118815, 22.2959552834409, 49.419864842257276, 64.04028391875885, 75.9570064477742, 44.389276515466335, 42.446221441995846, 29.028475104479867, 11.99941907386902, 33.59584729940487, 16.784043267549237, 50.24584806484847], [20.9416109042337, 50.33092762023403, 42.62987112025513, 103.40988295645549, 84.65629026794201, 54.07469025095312, 2.816281997399793, 47.436969767068206, 66.79167174397462, 0.0, 35.72580485337959, 70.67730294740078, 21.3327852327773, 82.25384165923948, 39.52945987060172, 86.75153533719099, 87.69147361696017, 46.95901027012195, 101.2854138875661, 42.25102447021439, 83.3472044221531, 58.47903648239471, 90.86003742382523, 49.83157622356135, 3.165544651866148, 53.47080470194093, 86.79375420856628, 76.01161616321455, 31.820864203405097, 76.36862124473834, 56.11404787127599, 66.24178688869303, 84.77139746063054, 29.37169617325807, 21.911840907702462, 16.205960794746506, 94.94017869568734, 70.8312460189395, 93.19340085243748, 78.60762530354287, 33.39506872724287, 82.89654123946578, 65.20924001955447], [22.254351258008672, 23.84991766305668, 12.246905224356533, 105.2756281213744, 98.58511296770597, 49.70540216985251, 37.00169438213613, 76.3562528875959, 69.30453403956265, 35.72580485337959, 0.0, 83.2500559643477, 27.950694347975492, 95.52561130548943, 73.35095466224283, 97.33675438646196, 76.18534273677372, 66.21743006892795, 105.27897984780154, 51.28147546008171, 78.66302547566175, 73.2792464831052, 88.89440468516354, 55.587213858823276, 38.873269386716785, 31.970413048910313, 65.5062535267271, 70.76196139714473, 3.9815986025536168, 64.17819922075431, 47.822727558782944, 75.26401239187099, 79.1080463812178, 20.98734201209471, 56.028813736054836, 25.577373115847408, 79.27988319863886, 50.872606669339234, 87.6192520110628, 80.71673064447974, 41.77227816377748, 81.37647476925562, 40.80467117662579], [86.30732242819428, 72.85015567799293, 95.43571937153565, 39.117382902793416, 15.340000168097578, 39.86771585810436, 67.99580043434473, 42.1225640791612, 22.763267635503233, 70.67730294740078, 83.2500559643477, 0.0, 57.947581084643375, 12.299359887236921, 59.032142471585175, 16.167846520584867, 53.7709915953362, 25.08176473510281, 34.69055216784965, 32.11553969796134, 38.59955116281539, 12.360866798876124, 36.6818782630753, 28.14637648484632, 69.98491121878548, 65.68590319975053, 73.23461919040295, 37.87047611928047, 81.83800101687484, 51.43758437569164, 45.203436470005705, 9.981863788410545, 41.04772480821602, 62.28052574600785, 60.648330001619115, 83.37567461084619, 65.59839103747075, 64.86345562159143, 44.740940658004085, 23.581891694964636, 42.09972868593106, 32.18138839865692, 71.67217763476316], [29.05861781539098, 32.466446802570296, 39.27083813550123, 85.98595925427188, 73.04826458179635, 33.49880115616672, 20.234012944102737, 49.01023406148076, 48.8189163557083, 21.3327852327773, 27.950694347975492, 57.947581084643375, 0.0, 70.19154551749006, 48.87034287702699, 73.17160799279685, 66.65015201408337, 38.57043814912119, 84.6956762829671, 26.162610309178365, 63.491058798537516, 46.90682591721486, 71.90178047882353, 32.49996208173228, 23.173700598830795, 33.48703245650356, 65.7499349378048, 55.8756218272211, 25.417270096308066, 55.16416786675474, 34.99086570949635, 51.31551442305024, 64.70378710701564, 10.489452767662364, 33.27280948921238, 27.150863870492085, 73.6311504447023, 49.832925509990595, 73.27644728871569, 60.817699535616775, 16.037609794298344, 63.92737588035282, 45.31291080322605], [98.40426072021413, 84.53382612894823, 107.71981483385444, 35.159997217208186, 3.3047898898075254, 51.04473860459976, 79.52815213640554, 49.11509795699267, 32.136076107372546, 82.25384165923948, 95.52561130548943, 12.299359887236921, 70.19154551749006, 0.0, 66.79341816842854, 7.884444987021253, 59.63312534931074, 35.70837933082193, 29.51307861775776, 44.41458693834438, 43.71504745741946, 23.830163636978412, 38.625904399161975, 40.242755936325544, 81.38402349354652, 77.03684958586891, 81.26348012605285, 45.031715969326264, 94.13487683158439, 59.46975711921294, 56.092425332008574, 21.044832503966788, 46.04961261577981, 74.56454651817197, 70.69278474312893, 95.3633416131952, 71.33060362744227, 74.5248374762489, 47.60033769696995, 28.515767195403857, 54.38484046109471, 36.52401534267897, 82.24396771392809], [60.28159580362404, 81.05336676296446, 81.78337206326285, 97.97029366229201, 67.85690309356241, 67.38704425438145, 37.389051428783844, 17.86262819763878, 68.51792847204234, 39.52945987060172, 73.35095466224283, 59.032142471585175, 48.87034287702699, 66.79341816842854, 0.0, 73.78645790993536, 98.93977785835509, 36.172995647241436, 93.72265719244575, 48.32339823858884, 88.508975980332, 48.1758755787046, 91.68955248501948, 54.99315751985161, 36.56027331649468, 80.32663931683179, 107.44185091426556, 83.36470169888142, 69.73891305544983, 90.37514570153519, 72.12995245876813, 60.542020395184466, 90.6645516882604, 59.341033623596935, 17.650672114254913, 55.37779587498861, 109.17912412914609, 92.76087651216456, 97.47986085678315, 77.49057534166758, 47.04071127904287, 84.79952027710542, 91.67460408416828], [101.87318121968369, 84.5523964750632, 109.58170308277072, 27.31150464617234, 9.141227279378612, 50.65169802161891, 84.08903987926304, 56.28275116201719, 30.590415653526104, 86.75153533719099, 97.33675438646196, 16.167846520584867, 73.17160799279685, 7.884444987021253, 73.78645790993536, 0.0, 54.68552667072895, 41.14158838301275, 21.628661907964233, 47.03321217591092, 38.70973572096235, 28.525918801565666, 32.26225756861138, 41.758554520471904, 86.1154316810908, 76.54633524964127, 77.42898102743725, 41.2176942661318, 96.2475770504684, 55.9134448441486, 55.22863987498398, 22.098683994933236, 40.9143653226825, 76.55395496436259, 76.6111513574866, 99.11966558189883, 66.15771118292604, 72.09137012620273, 41.397916612781444, 24.20267644181468, 57.15711043856682, 31.373610820671864, 80.67921966213797], [91.94891196959412, 53.89848082027615, 86.71692626887848, 41.71703833279753, 62.50913753215442, 33.91132758673888, 86.11731130914431, 86.74648558254121, 32.80458706273749, 87.69147361696017, 76.18534273677372, 53.7709915953362, 66.65015201408337, 59.63312534931074, 98.93977785835509, 54.68552667072895, 0.0, 64.545068836536, 45.64302508293783, 51.07438845673837, 15.985310585260175, 56.61675695022217, 24.693989878996014, 43.96636106518784, 89.02180242492274, 44.7194070091264, 24.994765690768084, 16.48137690169079, 77.44610621869491, 12.063903032353153, 31.66470756272556, 45.25847739271405, 13.789157409531, 61.94007225419948, 91.25071533141384, 91.86665082031608, 11.830866489543098, 28.493730240427436, 17.05557408489145, 31.144222245509066, 56.007185811529865, 23.31229549467814, 40.46855793490826], [64.59594261784696, 62.541957210277644, 77.81446187825672, 62.66372954805471, 37.88670088877851, 36.98320414445751, 44.182309254309224, 22.201482906938455, 32.748270099489794, 46.95901027012195, 66.21743006892795, 25.08176473510281, 38.57043814912119, 35.70837933082193, 36.172995647241436, 41.14158838301275, 64.545068836536, 0.0, 58.9924158980257, 18.991781381837157, 52.79349699518491, 12.895079191337166, 55.516965911039534, 22.324388830724015, 45.86671553706448, 57.98837490290581, 77.20072085961993, 48.361430117298504, 63.940662967999494, 57.59045028669517, 42.624598770804006, 24.522862434105406, 55.041700970068256, 45.91909503400517, 35.58719760971522, 61.04504836862093, 75.5281125720115, 64.57092281015849, 61.485674694007464, 41.31898143478027, 25.330142923662585, 48.703692458968874, 67.28899737856658], [113.72975671608064, 88.35993667548665, 117.34831965210839, 6.295974936254742, 30.34334774698856, 55.687764552181186, 98.82001201592131, 76.69027809464494, 36.22523447441623, 101.2854138875661, 105.27897984780154, 34.69055216784965, 84.6956762829671, 29.51307861775776, 93.72265719244575, 21.628661907964233, 45.64302508293783, 58.9924158980257, 0.0, 59.27201524873187, 31.769872950604277, 46.14420201831053, 21.083679327640233, 52.23501682209448, 101.1793233583318, 79.3811713068421, 70.52443896061776, 37.946278053187996, 104.9652083735279, 51.438847549673696, 58.58515749404272, 35.41537541650058, 33.04089655984165, 85.63539699763294, 94.36993775384974, 111.70771125344132, 55.41829779123666, 69.7580422628323, 29.00971546899047, 24.562259346237667, 68.99691075461014, 25.82230430655689, 80.36743459379609], [55.06454704348636, 44.10734470131698, 63.411100375098435, 61.17800502072514, 47.40083613828156, 19.307283368786734, 39.92323360981694, 38.921260441852766, 24.70503355024705, 42.25102447021439, 51.28147546008171, 32.11553969796134, 26.162610309178365, 44.41458693834438, 48.32339823858884, 47.03321217591092, 51.07438845673837, 18.991781381837157, 59.27201524873187, 0.0, 42.857731038953425, 22.182434655971836, 49.086149115242335, 7.865111645332834, 42.470100357243766, 39.06089899153063, 59.85184793966061, 36.44686815266853, 49.74614681283958, 42.055823548394756, 24.541936580159348, 25.162339480755886, 44.66553514611941, 30.296416885350247, 40.492557204159944, 52.65476728958006, 60.9310741140576, 46.26579770246091, 52.56129546171374, 36.38449402483146, 10.128478866587423, 41.23135591111463, 48.32978815347837], [91.1784823089587, 58.974326128026554, 90.18606819613608, 29.160780436428272, 46.55268424732397, 30.279440465128562, 81.37754335622718, 74.71692566823185, 20.04969498855213, 83.3472044221531, 78.66302547566175, 38.59955116281539, 63.491058798537516, 43.71504745741946, 88.508975980332, 38.70973572096235, 15.985310585260175, 52.79349699518491, 31.769872950604277, 42.857731038953425, 0.0, 43.15514861183326, 11.171212427347852, 35.055120582879276, 84.14738358199838, 49.68325318989932, 39.55083544662389, 7.923672753770089, 79.13276070486154, 19.673020855454837, 30.893068906072333, 30.947062186168573, 2.450400775877738, 61.259927349986775, 83.1831043171619, 90.23189038639711, 27.615686970934945, 38.09606218945086, 9.846935113600905, 15.346393714546709, 50.10582497796975, 7.342498326901164, 49.07974958222395], [74.70364800624432, 65.49610287962994, 85.31523390480612, 49.974444024837254, 26.418229697438587, 34.916339977330146, 55.77253304843945, 32.335895369355605, 23.814075988298836, 58.47903648239471, 73.2792464831052, 12.360866798876124, 46.90682591721486, 23.830163636978412, 48.1758755787046, 28.525918801565666, 56.61675695022217, 12.895079191337166, 46.14420201831053, 22.182434655971836, 43.15514861183326, 0.0, 44.19832860530735, 20.74562814200182, 57.70455500923476, 59.356848853073195, 72.68718857425102, 40.135562890337006, 71.53307167727984, 51.64090549498335, 40.66440077160291, 12.709648850826335, 45.539861972724204, 52.341228167970655, 48.46404013594195, 71.57312347596368, 68.1543204423079, 62.01441609340017, 51.02235695686335, 30.02801667866092, 31.54713676033526, 38.063977887788525, 66.96773884098974], [100.24740338335413, 69.86945906704462, 100.60233835540488, 18.012829210925265, 40.997297426511885, 39.62279702875951, 88.70440524103296, 76.52323252980241, 24.46996421978553, 90.86003742382523, 88.89440468516354, 36.6818782630753, 71.90178047882353, 38.625904399161975, 91.68955248501948, 32.26225756861138, 24.693989878996014, 55.516965911039534, 21.083679327640233, 49.086149115242335, 11.171212427347852, 44.19832860530735, 0.0, 41.257682942574334, 91.36235008748149, 60.62540190109813, 49.46618298040359, 18.489893513778373, 89.14052659939034, 30.682135493553734, 41.10200129122654, 31.49152700306058, 12.065847410253262, 70.70688474273318, 88.37856730716894, 98.95624496584146, 35.11395456503525, 49.19697902031695, 9.169947932912395, 14.224623344212253, 57.47627377750491, 7.9856202128241005, 60.249870168618536], [61.55795705893648, 45.061385091596556, 67.82937102320055, 53.805680607247815, 43.41050231068059, 14.849692810096894, 47.57538794463779, 43.95102152942447, 16.966175208611787, 49.83157622356135, 55.587213858823276, 28.14637648484632, 32.49996208173228, 40.242755936325544, 54.99315751985161, 41.758554520471904, 43.96636106518784, 22.324388830724015, 52.23501682209448, 7.865111645332834, 35.055120582879276, 20.74562814200182, 41.257682942574334, 0.0, 50.17640359019705, 38.62598335558898, 54.8814289382204, 28.849028753461884, 54.51002826078559, 35.74426476686118, 20.605446466601364, 19.676852376594688, 36.9100894471853, 34.810548540541284, 48.16731535921799, 59.47354707490762, 54.27089979335161, 42.49313037448303, 44.72484010689566, 28.8059810741717, 16.80016045131213, 33.38175444467245, 46.414705938653896], [23.75959164883878, 53.03968597133209, 45.76302876727457, 103.48608547888773, 83.70199333209642, 55.24789474455121, 2.9461484694592897, 45.0877949686596, 67.13610995948235, 3.165544651866148, 38.873269386716785, 69.98491121878548, 23.173700598830795, 81.38402349354652, 36.56027331649468, 86.1154316810908, 89.02180242492274, 45.86671553706448, 101.1793233583318, 42.470100357243766, 84.14738358199838, 57.70455500923476, 91.36235008748149, 50.17640359019705, 0.0, 55.86996080628682, 88.87715666892278, 76.93113008534905, 34.97514015843599, 77.84867159680593, 57.564071935827734, 65.96418977264146, 85.64270712884915, 31.782494985993903, 19.003829726050775, 18.919071341064562, 96.55196391943241, 72.93394869518414, 93.99185941030012, 78.85021307953056, 34.05194597838483, 83.4252910008535, 67.65194406720228], [50.617932604899146, 9.34454546690539, 42.016044140481355, 78.15007531393996, 80.32910449042278, 26.00651414908158, 53.03087730422973, 75.90934380572682, 46.05143570017281, 53.47080470194093, 31.970413048910313, 65.68590319975053, 33.48703245650356, 77.03684958586891, 80.32663931683179, 76.54633524964127, 44.7194070091264, 57.98837490290581, 79.3811713068421, 39.06089899153063, 49.68325318989932, 59.356848853073195, 60.62540190109813, 38.62598335558898, 55.86996080628682, 0.0, 34.590021018597255, 42.14617258752812, 33.83578598287353, 32.939218620634264, 21.396013197569424, 56.04959984595279, 49.623487910083576, 24.10203972437391, 66.24759736078987, 51.87191655950183, 47.31285273882356, 19.140704979958198, 57.724648584147175, 55.567379494224454, 34.542084666701136, 53.89686302868562, 11.832051812910462], [85.17842175598302, 41.66228224285459, 73.77440564245912, 66.71155518662273, 84.3772581417049, 40.57511572292736, 85.95161138484364, 98.60990902573857, 50.52445771194004, 86.79375420856628, 65.5062535267271, 73.23461919040295, 65.7499349378048, 81.26348012605285, 107.44185091426556, 77.42898102743725, 24.994765690768084, 77.20072085961993, 70.52443896061776, 59.85184793966061, 39.55083544662389, 72.68718857425102, 49.46618298040359, 54.8814289382204, 88.87715666892278, 34.590021018597255, 0.0, 36.28510451100768, 67.89325556192593, 21.851020270593143, 35.402071576105016, 63.6063355983635, 37.80741181615483, 57.77731634552527, 96.11978633110284, 86.44497777433338, 18.625985076245087, 15.967701238117076, 42.03300179106885, 53.23093853944525, 60.677514382571495, 46.69370621716999, 24.76010488957781], [83.34715096130095, 51.380238679577516, 82.32579195837788, 36.10954615750825, 48.11532142583266, 22.496168927940705, 74.12259878546575, 70.53673999811573, 16.325198381125436, 76.01161616321455, 70.76196139714473, 37.87047611928047, 55.8756218272211, 45.031715969326264, 83.36470169888142, 41.2176942661318, 16.48137690169079, 48.361430117298504, 37.946278053187996, 36.44686815266853, 7.923672753770089, 40.135562890337006, 18.489893513778373, 28.849028753461884, 76.93113008534905, 42.14617258752812, 36.28510451100768, 0.0, 71.21113043618996, 14.718463038932281, 22.97302344043509, 28.952836834033125, 8.83070773318, 53.37948202464605, 76.93867369045486, 82.48108125526595, 28.098779612628878, 32.09153684224806, 17.450823918294482, 17.032931202245887, 42.988021071712076, 12.126181270214738, 42.42299615793097], [18.635556241394898, 26.307061872325736, 13.87766077968999, 105.19986592040014, 97.14383976073582, 49.671927371371076, 33.16340609992958, 73.24774079117633, 68.8318425923521, 31.820864203405097, 3.9815986025536168, 81.83800101687484, 25.417270096308066, 94.13487683158439, 69.73891305544983, 96.2475770504684, 77.44610621869491, 63.940662967999494, 104.9652083735279, 49.74614681283958, 79.13276070486154, 71.53307167727984, 89.14052659939034, 54.51002826078559, 34.97514015843599, 33.83578598287353, 67.89325556192593, 71.21113043618996, 0.0, 65.3935581897372, 48.24021710928395, 74.14902539254396, 79.69733127819055, 19.699713686342655, 52.33617792791394, 21.72580496619774, 81.07196959990559, 52.923972330509734, 88.27256447103454, 80.42485070142486, 39.98955982482181, 81.50505235615748, 43.33540347023441], [79.95286347367002, 42.213140845007864, 74.84532837300169, 48.67836547598008, 62.6097793615555, 23.498812768943907, 74.92133422974102, 79.58947810087972, 28.810334204806168, 76.36862124473834, 64.17819922075431, 51.43758437569164, 55.16416786675474, 59.46975711921294, 90.37514570153519, 55.9134448441486, 12.063903032353153, 57.59045028669517, 51.438847549673696, 42.055823548394756, 19.673020855454837, 51.64090549498335, 30.682135493553734, 35.74426476686118, 77.84867159680593, 32.939218620634264, 21.851020270593143, 14.718463038932281, 65.3935581897372, 0.0, 20.286511064215833, 41.91306556324892, 18.652725425543448, 50.013896221618914, 81.35541019303882, 79.96498426095032, 19.084944384638913, 18.572135544672964, 25.630458673883144, 31.747939365221693, 45.637339373978726, 26.123192012029516, 30.041019348482923], [60.972119730414285, 29.934189977596457, 59.50369266120571, 57.9036243678612, 59.3964294623288, 5.78261235295543, 54.63845384944027, 63.443592669618596, 24.67584905451977, 56.11404787127599, 47.822727558782944, 45.203436470005705, 34.99086570949635, 56.092425332008574, 72.12995245876813, 55.22863987498398, 31.66470756272556, 42.624598770804006, 58.58515749404272, 24.541936580159348, 30.893068906072333, 40.66440077160291, 41.10200129122654, 20.605446466601364, 57.564071935827734, 21.396013197569424, 35.402071576105016, 22.97302344043509, 48.24021710928395, 20.286511064215833, 0.0, 35.32903725584028, 31.501994569311343, 30.838759721393046, 61.73701497548919, 60.5219469743055, 39.151512407168255, 21.94847868697831, 40.12133168064232, 34.39117488420124, 25.89482246275787, 33.73424697369474, 26.54493076954038], [80.2123294043335, 63.489505364534196, 87.50570114576854, 38.4794071204921, 24.316639733674574, 30.105529226596794, 63.69916183377986, 45.03312573712895, 13.102733553118815, 66.24178688869303, 75.26401239187099, 9.981863788410545, 51.31551442305024, 21.044832503966788, 60.542020395184466, 22.098683994933236, 45.25847739271405, 24.522862434105406, 35.41537541650058, 25.162339480755886, 30.947062186168573, 12.709648850826335, 31.49152700306058, 19.676852376594688, 65.96418977264146, 56.04959984595279, 63.6063355983635, 28.952836834033125, 74.14902539254396, 41.91306556324892, 35.32903725584028, 0.0, 33.37468673087875, 54.45645871831345, 59.214985005620655, 77.69051463855227, 57.00712131785331, 54.896771219231624, 38.41712722329646, 17.321267276535465, 35.27830341465301, 25.462942470281778, 61.74193323183901], [92.12684243067218, 58.950225554893294, 90.50744860442796, 30.031192716251105, 48.85799299600324, 31.317671336568033, 82.85017802957097, 77.01303184686255, 22.2959552834409, 84.77139746063054, 79.1080463812178, 41.04772480821602, 64.70378710701564, 46.04961261577981, 90.6645516882604, 40.9143653226825, 13.789157409531, 55.041700970068256, 33.04089655984165, 44.66553514611941, 2.450400775877738, 45.539861972724204, 12.065847410253262, 36.9100894471853, 85.64270712884915, 49.623487910083576, 37.80741181615483, 8.83070773318, 79.69733127819055, 18.652725425543448, 31.501994569311343, 33.37468673087875, 0.0, 62.112122090413415, 85.07411145214972, 91.30017919403643, 25.302301172608534, 37.207908311085944, 8.653200482007364, 17.75233794767909, 51.64041442594581, 9.562769186677968, 48.43855297627372], [30.137554719131284, 22.061524365988422, 33.1554581011753, 86.16353616064139, 77.610859728614, 31.105362430045297, 28.96537754400523, 58.69702610990575, 49.419864842257276, 29.37169617325807, 20.98734201209471, 62.28052574600785, 10.489452767662364, 74.56454651817197, 59.341033623596935, 76.55395496436259, 61.94007225419948, 45.91909503400517, 85.63539699763294, 30.296416885350247, 61.259927349986775, 52.341228167970655, 70.70688474273318, 34.810548540541284, 31.782494985993903, 24.10203972437391, 57.77731634552527, 53.37948202464605, 19.699713686342655, 50.013896221618914, 30.838759721393046, 54.45645871831345, 62.112122090413415, 0.0, 43.68491032051195, 29.954979738073753, 67.58511815491333, 41.82841467683859, 70.76445182986167, 61.17521774839168, 20.94277522436281, 62.8938532520179, 35.869594313667015], [42.76334540840064, 65.7293468462627, 64.1653134766196, 97.69418433432384, 72.48996652225478, 57.8567231836336, 19.738450511804036, 27.700628092001644, 64.04028391875885, 21.911840907702462, 56.028813736054836, 60.648330001619115, 33.27280948921238, 70.69278474312893, 17.650672114254913, 76.6111513574866, 91.25071533141384, 35.58719760971522, 94.36993775384974, 40.492557204159944, 83.1831043171619, 48.46404013594195, 88.37856730716894, 48.16731535921799, 19.003829726050775, 66.24759736078987, 96.11978633110284, 76.93867369045486, 52.33617792791394, 81.35541019303882, 61.73701497548919, 59.214985005620655, 85.07411145214972, 43.68491032051195, 0.0, 37.90665345249431, 100.43927272637815, 80.70156597541086, 92.75381150298584, 74.67124555381614, 35.8461294971067, 80.82283024399864, 77.94948635691914], [4.977742371601137, 46.139183395747075, 28.819506108986236, 113.1168379287831, 97.98916024037987, 59.98491241114876, 18.798198209503184, 63.55261586674767, 75.9570064477742, 16.205960794746506, 25.577373115847408, 83.37567461084619, 27.150863870492085, 95.3633416131952, 55.37779587498861, 99.11966558189883, 91.86665082031608, 61.04504836862093, 111.70771125344132, 52.65476728958006, 90.23189038639711, 71.57312347596368, 98.95624496584146, 59.47354707490762, 18.919071341064562, 51.87191655950183, 86.44497777433338, 82.48108125526595, 21.72580496619774, 79.96498426095032, 60.5219469743055, 77.69051463855227, 91.30017919403643, 29.954979738073753, 37.90665345249431, 0.0, 97.41947958856734, 70.7404927399302, 99.93155749649615, 87.9564007947762, 42.7303156535538, 90.99641191550357, 62.752324484219955], [96.94443753865083, 55.84477703948363, 88.83746479289492, 50.80846845931261, 74.15857506222157, 42.58332378613417, 93.6126542580081, 97.69854095683648, 44.389276515466335, 94.94017869568734, 79.27988319863886, 65.59839103747075, 73.6311504447023, 71.33060362744227, 109.17912412914609, 66.15771118292604, 11.830866489543098, 75.5281125720115, 55.41829779123666, 60.9310741140576, 27.615686970934945, 68.1543204423079, 35.11395456503525, 54.27089979335161, 96.55196391943241, 47.31285273882356, 18.625985076245087, 28.098779612628878, 81.07196959990559, 19.084944384638913, 39.151512407168255, 57.00712131785331, 25.302301172608534, 67.58511815491333, 100.43927272637815, 97.41947958856734, 0.0, 28.69174776260149, 26.434003665718258, 42.896103926157174, 64.71264139626362, 34.86245860084373, 40.23210510760788], [69.6844390699488, 27.215734365657834, 60.155443147343, 67.20799922722524, 77.78812334258305, 27.649659631262324, 70.01265484715931, 85.1684672752457, 42.446221441995846, 70.8312460189395, 50.872606669339234, 64.86345562159143, 49.832925509990595, 74.5248374762489, 92.76087651216456, 72.09137012620273, 28.493730240427436, 64.57092281015849, 69.7580422628323, 46.26579770246091, 38.09606218945086, 62.01441609340017, 49.19697902031695, 42.49313037448303, 72.93394869518414, 19.140704979958198, 15.967701238117076, 32.09153684224806, 52.923972330509734, 18.572135544672964, 21.94847868697831, 54.896771219231624, 37.207908311085944, 41.82841467683859, 80.70156597541086, 70.7404927399302, 28.69174776260149, 0.0, 44.0392611617362, 48.510029237929515, 45.73645332019776, 44.09988529360012, 12.005149099621613], [100.77833290637102, 67.06875277366525, 98.92654902548661, 24.720699289877054, 50.056381238362235, 39.94675057297258, 91.22389863703273, 83.09423365618369, 29.028475104479867, 93.19340085243748, 87.6192520110628, 44.740940658004085, 73.27644728871569, 47.60033769696995, 97.47986085678315, 41.397916612781444, 17.05557408489145, 61.485674694007464, 29.00971546899047, 52.56129546171374, 9.846935113600905, 51.02235695686335, 9.169947932912395, 44.72484010689566, 93.99185941030012, 57.724648584147175, 42.03300179106885, 17.450823918294482, 88.27256447103454, 25.630458673883144, 40.12133168064232, 38.41712722329646, 8.653200482007364, 70.76445182986167, 92.75381150298584, 99.93155749649615, 26.434003665718258, 44.0392611617362, 0.0, 21.320784798830893, 59.94725633813087, 12.959795409430779, 55.66753583965754], [89.71564128034181, 64.31694022518114, 92.7919604126398, 25.17493068257959, 31.459930763796326, 31.16951976684431, 76.30563673897412, 62.32749358702376, 11.99941907386902, 78.60762530354287, 80.71673064447974, 23.581891694964636, 60.817699535616775, 28.515767195403857, 77.49057534166758, 24.20267644181468, 31.144222245509066, 41.31898143478027, 24.562259346237667, 36.38449402483146, 15.346393714546709, 30.02801667866092, 14.224623344212253, 28.8059810741717, 78.85021307953056, 55.567379494224454, 53.23093853944525, 17.032931202245887, 80.42485070142486, 31.747939365221693, 34.39117488420124, 17.321267276535465, 17.75233794767909, 61.17521774839168, 74.67124555381614, 87.9564007947762, 42.896103926157174, 48.510029237929515, 21.320784798830893, 0.0, 45.538653008150256, 8.600047150876547, 57.95669929228051], [44.99795057731702, 37.74525162254739, 53.77034188135516, 70.59685580457435, 57.315005289699066, 22.19179289063286, 31.312709085044183, 41.3761451222506, 33.59584729940487, 33.39506872724287, 41.77227816377748, 42.09972868593106, 16.037609794298344, 54.38484046109471, 47.04071127904287, 57.15711043856682, 56.007185811529865, 25.330142923662585, 68.99691075461014, 10.128478866587423, 50.10582497796975, 31.54713676033526, 57.47627377750491, 16.80016045131213, 34.05194597838483, 34.542084666701136, 60.677514382571495, 42.988021071712076, 39.98955982482181, 45.637339373978726, 25.89482246275787, 35.27830341465301, 51.64041442594581, 20.94277522436281, 35.8461294971067, 42.7303156535538, 64.71264139626362, 45.73645332019776, 59.94725633813087, 45.538653008150256, 0.0, 49.506835845645725, 45.2273902652697], [92.32983599443335, 63.02600216728435, 93.19088021159925, 24.27206222576789, 39.30560673702783, 31.872998408336183, 80.75532622870107, 70.17887724099027, 16.784043267549237, 82.89654123946578, 81.37647476925562, 32.18138839865692, 63.92737588035282, 36.52401534267897, 84.79952027710542, 31.373610820671864, 23.31229549467814, 48.703692458968874, 25.82230430655689, 41.23135591111463, 7.342498326901164, 38.063977887788525, 7.9856202128241005, 33.38175444467245, 83.4252910008535, 53.89686302868562, 46.69370621716999, 12.126181270214738, 81.50505235615748, 26.123192012029516, 33.73424697369474, 25.462942470281778, 9.562769186677968, 62.8938532520179, 80.82283024399864, 90.99641191550357, 34.86245860084373, 44.09988529360012, 12.959795409430779, 8.600047150876547, 49.506835845645725, 0.0, 54.549154870895265], [61.06735559753084, 17.02840055257457, 49.12120251468701, 78.22918674013908, 85.54559721293069, 32.14885922180407, 64.82647016678308, 86.32924656619777, 50.24584806484847, 65.20924001955447, 40.80467117662579, 71.67217763476316, 45.31291080322605, 82.24396771392809, 91.67460408416828, 80.67921966213797, 40.46855793490826, 67.28899737856658, 80.36743459379609, 48.32978815347837, 49.07974958222395, 66.96773884098974, 60.249870168618536, 46.414705938653896, 67.65194406720228, 11.832051812910462, 24.76010488957781, 42.42299615793097, 43.33540347023441, 30.041019348482923, 26.54493076954038, 61.74193323183901, 48.43855297627372, 35.869594313667015, 77.94948635691914, 62.752324484219955, 40.23210510760788, 12.005149099621613, 55.66753583965754, 57.95669929228051, 45.2273902652697, 54.549154870895265, 0.0]]",Route_3,1976.3166861071857
