instance_id,num_cities,city_coordinates,distance_matrix,best_route,total_distance
1313,28,"[[45.06886068500653, 66.2620714326371], [87.90267813014316, 82.452043500803], [53.23990773869609, 15.750038738333904], [31.71854849370951, 89.04923959149538], [20.361273267931203, 39.50350305258545], [91.08691554871312, 59.067199270356966], [65.27680691789767, 43.79801271575617], [34.65045849515273, 58.356142639824284], [75.02680543895403, 30.86846209567732], [47.43676219388321, 80.63263618510712], [25.60647078291539, 2.1321670599960485], [70.22255210131907, 71.4076252052193], [51.029079135784606, 7.910095159354391], [12.192182448217547, 55.759290631868716], [5.721274885689143, 69.12812390155429], [47.061407086379305, 74.40090256055063], [2.059356248726485, 64.42890022025449], [14.11633376637912, 66.08192615559594], [2.2061199341616544, 15.158457287675597], [32.12658627667649, 61.09842022617652], [69.86248886187508, 16.14343868279211], [13.640356637619256, 92.4299732888167], [68.77224133259855, 17.497041713502192], [81.91113205349012, 7.747362778115896], [99.97813225065238, 29.59782533291587], [75.14594510684573, 16.411808101110502], [68.81977124611495, 56.5397172763792], [89.00433243555734, 29.101288137606385]]","[[0.0, 45.79138688106403, 51.168656977332944, 26.40995774902297, 36.4209535531721, 46.57711411058723, 30.215807534912805, 13.078486696348971, 46.370098509469415, 14.564343063134503, 67.01812632075821, 25.674596695831664, 58.6555823343247, 34.51353903085488, 39.451828411231205, 8.379189297916469, 43.048553849674214, 30.953051141514212, 66.69927978135331, 13.934337466937436, 55.916020485068906, 40.89633179407764, 54.220645308155, 69.14711916278569, 66.02495775031413, 58.22095637775961, 25.663786213680105, 57.54345743039501], [45.79138688106403, 0.0, 75.17090587815628, 56.57012832991127, 80.04010555586123, 23.600642101859144, 44.789107426298045, 58.45007557185341, 53.16628601039326, 40.506796905468406, 101.64693798297758, 20.846247429283935, 83.16347975725854, 80.2781552610975, 83.25448860400742, 41.627278206844025, 87.7149337647113, 75.58045618057503, 108.96020756248979, 59.72394536030771, 68.71884386211741, 74.92964350851744, 67.71355749961081, 74.94456582212798, 54.21609512271363, 67.26103574190994, 32.18083257943232, 53.36212833117032], [51.168656977332944, 75.17090587815628, 0.0, 76.39333576604622, 40.561455491520405, 57.52192970275377, 30.521726459825636, 46.48491919798149, 26.51859038888326, 65.14159922548957, 30.806708149959526, 58.19086819137651, 8.145703065606654, 57.32064190675912, 71.46495955299268, 58.97539908642323, 70.63342272602569, 63.74914063225714, 51.03721648259249, 50.022475415811684, 16.627235690666268, 86.30142994222703, 15.630272111115593, 29.767128283284023, 48.74651602011282, 21.916030933184004, 43.66382967797116, 38.17525290576388], [26.40995774902297, 56.57012832991127, 76.39333576604622, 0.0, 50.83077522266557, 66.50959140301501, 56.336757469916726, 30.832812014820252, 72.53004887391991, 17.82979121652171, 87.13171059602068, 42.353097312580026, 83.40537963979517, 38.59403675021686, 32.752237868308924, 21.21266337749243, 38.54644984145668, 28.93674912235122, 79.56652027676529, 27.953797559991955, 82.2813222605814, 18.39158451895355, 80.57724973074119, 95.54732135326188, 90.51983999111096, 84.62939932502765, 49.32919795497028, 82.91813990526984], [36.4209535531721, 80.04010555586123, 40.561455491520405, 50.83077522266557, 0.0, 73.38156911466513, 45.1203720763508, 23.65592597773697, 55.34333148509052, 49.24111790782213, 37.737631759852185, 59.194764441046935, 44.030191222119605, 18.19298421489751, 33.044632137114334, 43.940023194595206, 30.923059204158623, 27.302231484270422, 30.369241773021578, 24.59193034163869, 54.736303790436935, 53.35149456217957, 53.17806098032165, 69.25920560946416, 80.23070911664976, 59.45238972681862, 51.36592860428624, 69.42676463027524], [46.57711411058723, 23.600642101859144, 57.52192970275377, 66.50959140301501, 73.38156911466513, 0.0, 29.988493886384084, 56.44093626340894, 32.45143933609488, 48.68679448499601, 86.77146154999073, 24.240622399574978, 64.97445312666278, 78.96404986168717, 85.95647043849094, 46.61939351770594, 89.18886787031647, 77.28956496957052, 99.13512723337453, 58.99530732556904, 47.88450178464374, 84.32700740199633, 47.18074485076575, 52.13368028771386, 30.781451146844525, 45.536764646051864, 22.41012897380584, 30.038192063423303], [30.215807534912805, 44.789107426298045, 30.521726459825636, 56.336757469916726, 45.1203720763508, 29.988493886384084, 0.0, 33.910357777490624, 16.193694772897956, 40.9274563329276, 57.530672369372716, 28.04908371476071, 38.61269705017104, 54.415526501849115, 64.71843576852203, 35.6137285028499, 66.49871869692196, 55.80292833966262, 69.26857650997678, 37.3930639101459, 28.032194773795553, 70.93229579484495, 26.532228278244556, 39.70327610717893, 37.49436359717898, 29.11020597295376, 13.225113660805405, 27.910377649132283], [13.078486696348971, 58.45007557185341, 46.48491919798149, 30.832812014820252, 23.65592597773697, 56.44093626340894, 33.910357777490624, 0.0, 48.84487664252299, 25.68524336947572, 56.94672197537117, 37.89083056203268, 53.0383155887473, 22.607914617486628, 30.86961685238609, 20.28462387740565, 33.15204865868296, 21.939416795106496, 54.02476399248269, 3.726931356465536, 54.970896462683015, 40.03061722182343, 53.23309302034954, 69.24463780162758, 71.37748785597476, 58.30275838940508, 34.21755886930036, 61.726737515239975], [46.370098509469415, 53.16628601039326, 26.51859038888326, 72.53004887391991, 55.34333148509052, 32.45143933609488, 16.193694772897956, 48.84487664252299, 0.0, 56.900645945964044, 57.16768431458959, 40.822844042940304, 33.21110477091473, 67.58508113190418, 79.16475406877491, 51.74105601788515, 80.31532636080122, 70.35675952227142, 74.49601659454898, 52.48122686011808, 15.60437375283962, 86.93742437421251, 14.76192586342848, 24.124244787933762, 24.983659208511828, 14.457144911049694, 26.41099422634041, 14.088795716414467], [14.564343063134503, 40.506796905468406, 65.14159922548957, 17.82979121652171, 49.24111790782213, 48.68679448499601, 40.9274563329276, 25.68524336947572, 56.900645945964044, 0.0, 81.47935490632146, 24.58237273504851, 72.8112128332811, 43.13772966278349, 43.27280536598614, 6.243027744945329, 48.183711246957756, 36.35896193451265, 79.57813205598492, 24.819087004681606, 68.27715438622259, 35.79628739495246, 66.64312387157064, 80.62719923716087, 73.24716708625185, 69.94364572638649, 32.2133794822953, 66.2068178316189], [67.01812632075821, 101.64693798297758, 30.806708149959526, 87.13171059602068, 37.737631759852185, 86.77146154999073, 57.530672369372716, 56.94672197537117, 57.16768431458959, 81.47935490632146, 0.0, 82.39953770162177, 26.070931486710062, 55.27939502309438, 69.88475691441589, 75.38623496789592, 66.59842014137162, 64.97380192850068, 26.781722441630027, 59.32563458160454, 46.42101753185702, 91.08722027527186, 45.81880749502162, 56.58396684350567, 79.28118574943542, 51.556451240891604, 69.48072291989352, 68.89573538199832], [25.674596695831664, 20.846247429283935, 58.19086819137651, 42.353097312580026, 59.194764441046935, 24.240622399574978, 28.04908371476071, 37.89083056203268, 40.822844042940304, 24.58237273504851, 82.39953770162177, 0.0, 66.33495101682234, 60.103196063064104, 64.54154389725234, 23.353765172430084, 68.51951452874331, 56.358413801446815, 88.26213194890295, 39.46621744495228, 55.26535947157155, 60.36127866803571, 53.93008820448256, 64.72443057753361, 51.31718927791606, 55.21575588213436, 14.933937200490487, 46.28802683850391], [58.6555823343247, 83.16347975725854, 8.145703065606654, 83.40537963979517, 44.030191222119605, 64.97445312666278, 38.61269705017104, 53.0383155887473, 33.21110477091473, 72.8112128332811, 26.070931486710062, 66.33495101682234, 0.0, 61.62669917890818, 76.16064711546102, 66.60908264159329, 74.78241160291162, 68.8949395250613, 49.35808037947404, 56.44733970438795, 20.55444641642613, 92.42037853776611, 20.167532049671667, 30.882481672298734, 53.538466927279075, 25.571514370684998, 51.781742660992, 43.48777440871649], [34.51353903085488, 80.2781552610975, 57.32064190675912, 38.59403675021686, 18.19298421489751, 78.96404986168717, 54.415526501849115, 22.607914617486628, 67.58508113190418, 43.13772966278349, 55.27939502309438, 60.103196063064104, 61.62669917890818, 0.0, 14.85255357423225, 39.5395058411984, 13.335527631260904, 10.50043629812105, 41.81087314057883, 20.63702403014766, 69.96627735914142, 36.69926668217548, 68.30302157043319, 84.65150412306035, 91.6012841029203, 74.23880800758597, 56.63296636069152, 81.30655251984112], [39.451828411231205, 83.25448860400742, 71.46495955299268, 32.752237868308924, 33.044632137114334, 85.95647043849094, 64.71843576852203, 30.86961685238609, 79.16475406877491, 43.27280536598614, 69.88475691441589, 64.54154389725234, 76.16064711546102, 14.85255357423225, 0.0, 41.6750371944322, 5.957545745575378, 8.930640196409964, 54.08402008677295, 27.59921395202011, 83.1953856777537, 24.61073019356423, 81.49351518862521, 97.83911370889723, 102.2105653308146, 87.17106622548829, 64.34196316796233, 92.40246347435071], [8.379189297916469, 41.627278206844025, 58.97539908642323, 21.21266337749243, 43.940023194595206, 46.61939351770594, 35.6137285028499, 20.28462387740565, 51.74105601788515, 6.243027744945329, 75.38623496789592, 23.353765172430084, 66.60908264159329, 39.5395058411984, 41.6750371944322, 0.0, 46.09365911130901, 33.979158678318996, 74.3079007065702, 20.000122721480174, 62.560542098044394, 37.97385948811873, 60.90492347066088, 75.21434501351372, 69.33610553799957, 64.43195132889345, 28.150459155459096, 61.735435964396814], [43.048553849674214, 87.7149337647113, 70.63342272602569, 38.54644984145668, 30.923059204158623, 89.18886787031647, 66.49871869692196, 33.15204865868296, 80.31532636080122, 48.183711246957756, 66.59842014137162, 68.51951452874331, 74.78241160291162, 13.335527631260904, 5.957545745575378, 46.09365911130901, 0.0, 12.169765881235863, 49.270661517295224, 30.25112259974185, 83.2391169345397, 30.301479551310596, 81.56720161383335, 97.92396430894122, 103.92925705268334, 87.44878847928152, 67.22493747223172, 93.84811697413352], [30.953051141514212, 75.58045618057503, 63.74914063225714, 28.93674912235122, 27.302231484270422, 77.28956496957052, 55.80292833966262, 21.939416795106496, 70.35675952227142, 36.35896193451265, 64.97380192850068, 56.358413801446815, 68.8949395250613, 10.50043629812105, 8.930640196409964, 33.979158678318996, 12.169765881235863, 0.0, 52.297732982139834, 18.687014925697234, 74.84307809679179, 26.352346042838864, 73.12837498631244, 89.43744159596307, 93.29168265067061, 78.68757263961655, 55.52945004584477, 83.52113464801836], [66.69927978135331, 108.96020756248979, 51.03721648259249, 79.56652027676529, 30.369241773021578, 99.13512723337453, 69.26857650997678, 54.02476399248269, 74.49601659454898, 79.57813205598492, 26.781722441630027, 88.26213194890295, 49.35808037947404, 41.81087314057883, 54.08402008677295, 74.3079007065702, 49.270661517295224, 52.297732982139834, 0.0, 54.82439695012068, 67.66353851840438, 78.11292437302102, 66.6071880141187, 80.04881809728315, 98.83249335093151, 72.95059276306984, 78.42057905526572, 87.91093348126401], [13.934337466937436, 59.72394536030771, 50.022475415811684, 27.953797559991955, 24.59193034163869, 58.99530732556904, 37.3930639101459, 3.726931356465536, 52.48122686011808, 24.819087004681606, 59.32563458160454, 39.46621744495228, 56.44733970438795, 20.63702403014766, 27.59921395202011, 20.000122721480174, 30.25112259974185, 18.687014925697234, 54.82439695012068, 0.0, 58.69368543110605, 36.37866000260311, 56.955985134866424, 72.97147613300636, 74.80721736361996, 62.02869124344763, 36.975283579519925, 65.26020586856504], [55.916020485068906, 68.71884386211741, 16.627235690666268, 82.2813222605814, 54.736303790436935, 47.88450178464374, 28.032194773795553, 54.970896462683015, 15.60437375283962, 68.27715438622259, 46.42101753185702, 55.26535947157155, 20.55444641642613, 69.96627735914142, 83.1953856777537, 62.560542098044394, 83.2391169345397, 74.84307809679179, 67.66353851840438, 58.69368543110605, 0.0, 94.76583516245658, 1.738068134407017, 14.685499424804592, 32.9844280964675, 5.29026767160301, 40.40973378082215, 23.115277153712686], [40.89633179407764, 74.92964350851744, 86.30142994222703, 18.39158451895355, 53.35149456217957, 84.32700740199633, 70.93229579484495, 40.03061722182343, 86.93742437421251, 35.79628739495246, 91.08722027527186, 60.36127866803571, 92.42037853776611, 36.69926668217548, 24.61073019356423, 37.97385948811873, 30.301479551310596, 26.352346042838864, 78.11292437302102, 36.37866000260311, 94.76583516245658, 0.0, 93.02939828081905, 108.7751961560692, 106.78057086642059, 97.78393963965264, 65.82460233966152, 98.43907359912183], [54.220645308155, 67.71355749961081, 15.630272111115593, 80.57724973074119, 53.17806098032165, 47.18074485076575, 26.532228278244556, 53.23309302034954, 14.76192586342848, 66.64312387157064, 45.81880749502162, 53.93008820448256, 20.167532049671667, 68.30302157043319, 81.49351518862521, 60.90492347066088, 81.56720161383335, 73.12837498631244, 66.6071880141187, 56.955985134866424, 1.738068134407017, 93.02939828081905, 0.0, 16.36113347903029, 33.469935646686636, 6.465433612320013, 39.04270449393526, 23.323722804684486], [69.14711916278569, 74.94456582212798, 29.767128283284023, 95.54732135326188, 69.25920560946416, 52.13368028771386, 39.70327610717893, 69.24463780162758, 24.124244787933762, 80.62719923716087, 56.58396684350567, 64.72443057753361, 30.882481672298734, 84.65150412306035, 97.83911370889723, 75.21434501351372, 97.92396430894122, 89.43744159596307, 80.04881809728315, 72.97147613300636, 14.685499424804592, 108.7751961560692, 16.36113347903029, 0.0, 28.352411008289522, 10.992741567880634, 50.518091663017856, 22.501191522202767], [66.02495775031413, 54.21609512271363, 48.74651602011282, 90.51983999111096, 80.23070911664976, 30.781451146844525, 37.49436359717898, 71.37748785597476, 24.983659208511828, 73.24716708625185, 79.28118574943542, 51.31718927791606, 53.538466927279075, 91.6012841029203, 102.2105653308146, 69.33610553799957, 103.92925705268334, 93.29168265067061, 98.83249335093151, 74.80721736361996, 32.9844280964675, 106.78057086642059, 33.469935646686636, 28.352411008289522, 0.0, 28.115984222191198, 41.1911277095242, 10.985027608891368], [58.22095637775961, 67.26103574190994, 21.916030933184004, 84.62939932502765, 59.45238972681862, 45.536764646051864, 29.11020597295376, 58.30275838940508, 14.457144911049694, 69.94364572638649, 51.556451240891604, 55.21575588213436, 25.571514370684998, 74.23880800758597, 87.17106622548829, 64.43195132889345, 87.44878847928152, 78.68757263961655, 72.95059276306984, 62.02869124344763, 5.29026767160301, 97.78393963965264, 6.465433612320013, 10.992741567880634, 28.115984222191198, 0.0, 40.62351007107592, 18.790364630555263], [25.663786213680105, 32.18083257943232, 43.66382967797116, 49.32919795497028, 51.36592860428624, 22.41012897380584, 13.225113660805405, 34.21755886930036, 26.41099422634041, 32.2133794822953, 69.48072291989352, 14.933937200490487, 51.781742660992, 56.63296636069152, 64.34196316796233, 28.150459155459096, 67.22493747223172, 55.52945004584477, 78.42057905526572, 36.975283579519925, 40.40973378082215, 65.82460233966152, 39.04270449393526, 50.518091663017856, 41.1911277095242, 40.62351007107592, 0.0, 34.06294033130142], [57.54345743039501, 53.36212833117032, 38.17525290576388, 82.91813990526984, 69.42676463027524, 30.038192063423303, 27.910377649132283, 61.726737515239975, 14.088795716414467, 66.2068178316189, 68.89573538199832, 46.28802683850391, 43.48777440871649, 81.30655251984112, 92.40246347435071, 61.735435964396814, 93.84811697413352, 83.52113464801836, 87.91093348126401, 65.26020586856504, 23.115277153712686, 98.43907359912183, 23.323722804684486, 22.501191522202767, 10.985027608891368, 18.790364630555263, 34.06294033130142, 0.0]]",Route_3,1676.2805553297906
