instance_id,num_cities,city_coordinates,distance_matrix,best_route,total_distance
225,51,"[[81.10478761186249, 61.595576596480704], [4.7692232285828755, 55.4012810913284], [54.76151327730515, 97.80089934260677], [51.60144732523928, 61.87174614754414], [9.542258960141925, 91.23494278719402], [74.36105112677704, 2.4612967572824718], [9.4334667091446, 93.24981415975229], [44.07874125417115, 87.3845336673995], [86.4245489339983, 64.29935883368304], [52.92893903834632, 27.005335276960086], [95.86384872034293, 88.30746743604475], [34.73745343416527, 30.390095547022867], [35.201802493774196, 2.6885752811282027], [63.23369547878496, 34.46898020090633], [57.24804619786278, 65.66699718308618], [89.6354106196507, 67.25682646044648], [98.82180819269499, 99.39148370251468], [16.353683709353074, 23.309701636596802], [8.136128679786236, 58.834944738640196], [82.8516588525426, 62.85814384640494], [58.16807540155832, 88.55973009392707], [38.25173517635633, 84.43934167786676], [56.18665596980441, 48.596288878117946], [71.01608779102088, 76.32412069036663], [89.11810401933867, 27.379666895190535], [70.42658907480683, 58.251722395247526], [74.04716950482667, 18.25398509211774], [9.68189155554361, 90.8068718983054], [46.962646230927895, 14.626116884978302], [5.793049798483619, 31.334713664799384], [60.73663642624957, 68.69714357579801], [63.812533952568415, 83.11657312362962], [32.37603322797465, 95.4620814835996], [71.19700783712977, 65.65133124052674], [78.32981017043753, 68.74575474563144], [7.480252999551573, 2.406672103973906], [23.17792514073973, 37.78239611601178], [84.10012419081883, 76.71704716191906], [42.257894498615386, 99.16414763984596], [3.398526912259492, 59.746501608371794], [92.82958422059406, 98.5658362075385], [73.05745426303557, 14.338634212649726], [8.666537433904942, 22.678813212301595], [95.481138960773, 82.52806951630748], [75.14234875554618, 99.6871054363615], [47.827007310550165, 9.625730788444153], [74.08114317340925, 83.73519378757436], [80.8897619553959, 16.15343871591769], [69.63066935471758, 80.08038027879958], [20.62286593849729, 53.158232489577074], [64.9829266342101, 28.92790872855241]]","[[0.0, 76.5864719550325, 44.7749204110616, 29.504632817393592, 77.45764994637732, 59.51756911938592, 78.35029671706675, 45.12203913485738, 5.967436544338194, 44.613487169020814, 30.51810932919412, 55.89017557920463, 74.68011011453034, 32.48427567358297, 24.201664746200496, 10.23822635632061, 41.74234555256319, 75.22309271784452, 73.02086191356683, 2.155373562076076, 35.3999765657008, 48.56152495684, 28.10506654885757, 17.852503331482435, 35.141737528659135, 11.18951674183843, 43.912452988597984, 77.16560020036219, 58.06733990520122, 81.16389392975871, 21.570670742508565, 27.60752303519686, 59.34165195774817, 10.705757600343084, 7.669781441801986, 94.46638826536379, 62.63057528351274, 15.415281810030342, 54.04145293006498, 77.72825760446656, 38.78493201264035, 47.93723164196971, 82.23025332044496, 25.393872055004117, 38.555353019714154, 61.7112269777024, 23.227015102375617, 45.4426466129454, 21.75645552365586, 61.06759881378491, 36.42925919246815], [76.5864719550325, 0.0, 65.55117613109405, 47.27709944447897, 36.150147726233236, 87.43949022896294, 38.13484787799133, 50.67708212544215, 82.13871196680931, 55.907852449988816, 96.85580980631579, 39.034013680205355, 60.866831974112685, 62.09875792688461, 53.47346806704793, 85.69027785166212, 103.83172282209685, 34.11845829649807, 4.808960216118807, 78.4376921837828, 62.85634537299493, 44.32028394494179, 51.8657913148917, 69.47238502629003, 88.88163225779738, 65.71921108391354, 78.6088763455317, 35.744792214836245, 58.6762214249489, 24.088335113512976, 57.52504931979009, 65.2246115640779, 48.65186210631526, 67.21394272069287, 74.76118597467904, 53.063907358407675, 25.481471972083664, 82.14471212839105, 57.6245517304553, 4.556286836154782, 98.07041346106206, 79.68326967750413, 32.95373972873104, 94.6811190579069, 83.148127064612, 62.844043278430156, 74.8795890421182, 85.64303560234963, 69.39787554585887, 16.011535035824675, 65.77635990292437], [44.7749204110616, 65.55117613109405, 0.0, 36.06785363915748, 45.693465030437906, 97.33335350762583, 45.55594562762284, 14.920532563480794, 46.09664893967976, 70.81927858792675, 42.18444296463483, 70.32196983140017, 97.1027109524296, 63.89608637018353, 32.22996298419622, 46.35870041400185, 44.088995754463625, 83.80990339928044, 60.76406921088266, 44.833608377035354, 9.849054502293077, 21.239208934674135, 49.22524476989492, 26.934424328343365, 78.35512304137244, 42.53859420520387, 81.85137813684504, 45.61895126445538, 83.53961194595584, 82.5570363690064, 29.71078417644182, 17.24964961294527, 22.507327385022517, 36.10706593696456, 37.41211095345968, 106.46866282577518, 67.82141084599309, 36.128699300025104, 12.577715551034252, 63.92412342184454, 38.0757554586985, 85.4440820488849, 88.13668148150711, 43.48962228744728, 20.467931703502575, 88.44742914612017, 23.89753485368959, 85.72626905313736, 23.132414451267405, 56.19977709808188, 69.62733749854532], [29.504632817393592, 47.27709944447897, 36.06785363915748, 0.0, 51.294957284605346, 63.62075967760693, 52.56159949447978, 26.59874872367068, 34.907616776397916, 34.89167294992817, 51.55586811706848, 35.71398345874459, 61.41332155486774, 29.769460502869038, 6.803529176177312, 38.41329787790998, 60.31163392453076, 52.244005558395635, 43.57127594812766, 31.26577523301668, 27.48397881339408, 26.220434444880407, 14.044995693361944, 24.203293047467486, 50.9627615092977, 19.170042614937056, 49.054250821427225, 50.93614294527014, 47.47281285123519, 55.053788578275714, 11.40340869936844, 24.504148829615485, 38.7030641577635, 19.9567345838506, 27.598140781421353, 74.04576165947911, 37.25846747136046, 35.728797352006644, 38.44509316527854, 48.249748193035636, 55.19253135337326, 52.151289187612264, 58.13340244165499, 48.49856733084438, 44.54408421209007, 52.38217748746035, 31.35836520188151, 54.29520244264456, 25.624347872953695, 32.180705787825346, 35.55784600317311], [77.45764994637732, 36.150147726233236, 45.693465030437906, 51.294957284605346, 0.0, 109.91922510364357, 2.0178063340746886, 34.750456970169346, 81.46417736981559, 77.51029924550129, 86.3712161003886, 65.85509289541409, 92.1893235297539, 78.13542643246588, 54.12542820509882, 83.60540057515489, 89.65136402125272, 68.2659057837875, 32.43049607871617, 78.60986471626754, 48.69935099720053, 29.502783242373425, 63.19615953183372, 63.25633760131423, 102.02848316097406, 69.24445451395518, 97.40176420613896, 0.4502687504285604, 85.25958942905834, 60.01744761528298, 55.93582642131528, 54.874134833707174, 23.221755938623364, 66.75199801395613, 72.3705104326189, 88.85220054198395, 55.164355682121524, 75.95817639426423, 33.66281477062706, 32.08219710911839, 83.60933289639858, 99.73576242630452, 68.56172248770413, 86.37882111905756, 66.14235280524184, 90.1431386147109, 64.9731776239305, 103.5746032445351, 61.114984484172346, 39.656219160396844, 83.40164342104534], [59.51756911938592, 87.43949022896294, 97.33335350762583, 63.62075967760693, 109.91922510364357, 0.0, 111.61606564669512, 90.16082552035772, 63.00376100447975, 32.5844327160452, 88.49822215478143, 48.47728639212135, 39.159908184631085, 33.88672074934567, 65.48141342406628, 66.57151588653475, 99.9689440650221, 61.640170836166874, 86.96969897519472, 60.99073337696204, 87.6079487595855, 89.5783598164682, 49.58574530357834, 73.93852540514547, 28.960244826376208, 55.928986979058564, 15.795807244767206, 109.49125229825079, 29.977582283701334, 74.39922721421327, 67.62257078592772, 81.34214664186341, 102.0386578100356, 63.26919967829815, 66.40316573143059, 66.88082043446713, 62.187558607906425, 74.89169521584105, 101.89236494609196, 91.19909285583523, 97.86301251025962, 11.948661423432604, 68.73512276087044, 82.80547210276055, 97.22894784623352, 27.484260881972347, 81.27437903148106, 15.169008421750718, 77.76309303538332, 73.87808768487622, 28.079009388435573], [78.35029671706675, 38.13484787799133, 45.55594562762284, 52.56159949447978, 2.0178063340746886, 111.61606564669512, 0.0, 35.13824929552181, 82.25421330084505, 79.24763148254372, 86.57157573787725, 67.7616113168182, 94.1559616611749, 79.68469775661482, 55.20005257290259, 84.3088798203382, 89.59908313120347, 70.2816387336097, 34.43931362897083, 79.4599557138066, 48.95976892252653, 30.134980053126828, 64.65135749634833, 63.86625336383494, 103.38528775368488, 70.32088881029124, 98.99143885463324, 2.4555410395820316, 87.12132396109199, 62.022030800220854, 56.87573169486481, 55.31514736634957, 23.048980133253277, 67.6491779115689, 73.12424406520184, 90.86413760313623, 57.14494380097785, 76.47510787236787, 33.35299687014555, 34.042509459020756, 83.56537863491099, 101.3656061635389, 70.5751681205104, 86.71307691532401, 66.0234496127537, 92.01658154704113, 65.34408980967522, 105.11828212492887, 61.620915240662924, 41.62376215492982, 84.98852873339249], [45.12203913485738, 50.67708212544215, 14.920532563480794, 26.59874872367068, 34.750456970169346, 90.16082552035772, 35.13824929552181, 0.0, 48.2295835059786, 61.024368895475355, 51.793331250502376, 57.75487542012043, 85.1598814508618, 56.275821362396364, 25.39846419859714, 49.804966831476264, 56.044359457321434, 69.81592164856848, 45.90152967683613, 45.87900322305932, 14.13826097360115, 6.529024099059418, 40.63409322963016, 29.119638968724306, 75.02751651656148, 39.28014482404821, 75.34679447815996, 34.56668436741791, 72.81554861840617, 67.87765827254191, 25.034057202132438, 20.190048575139528, 14.219710048710665, 34.752445528219134, 38.99409957418396, 92.52397688392048, 53.82579459584653, 41.41867164101719, 11.919512919875293, 49.18069392556106, 50.016659388957045, 78.58415384034838, 73.76214773866981, 51.63130575569931, 33.41109072044707, 77.84909070501489, 30.22353060914598, 80.18054709873844, 26.575396260069013, 41.49238218202766, 62.08189724584835], [5.967436544338194, 82.13871196680931, 46.09664893967976, 34.907616776397916, 81.46417736981559, 63.00376100447975, 82.25421330084505, 48.2295835059786, 0.0, 50.127837329482965, 25.797086252506887, 61.81742454885111, 80.12277081354122, 37.78448323526474, 29.208538932416346, 4.36534620937954, 37.21759348664301, 81.17929631664121, 78.47889249538518, 3.8526152382141032, 37.24236713978255, 52.213397651297065, 34.07222588771413, 19.545218660956376, 37.01781857201949, 17.102883562364404, 47.67993251394251, 81.19164803339078, 63.44030840594295, 87.10973816945445, 26.061645374836424, 29.417524966491982, 62.38875966854852, 15.28744050669328, 9.235541795481453, 100.31403955183649, 68.58049819749306, 12.633365893692535, 56.269413205691706, 83.15075971792636, 34.85994762812309, 51.71801644109338, 88.19624805098086, 20.354550254522973, 37.14270655838163, 66.92515090011335, 23.024147022755184, 48.46301157465093, 23.04506518052422, 66.73819132442637, 41.36281723222586], [44.613487169020814, 55.907852449988816, 70.81927858792675, 34.89167294992817, 77.51029924550129, 32.5844327160452, 79.24763148254372, 61.024368895475355, 50.127837329482965, 0.0, 74.84221988056666, 18.503695592311338, 30.092460629945077, 12.723757340012035, 38.90216945106003, 54.47520168336588, 85.70828386512349, 36.76148814159777, 54.950158310063166, 46.69896190919187, 61.77695420717489, 59.27972169693278, 21.835338261928992, 52.530824709450535, 36.19110092525358, 35.81207149473939, 22.859697900303033, 77.07751417387993, 13.741968485636725, 47.334295934952856, 42.41658894498852, 57.157008764826045, 71.4755065630896, 42.746173415325686, 48.86171171469276, 51.67859607759254, 31.64281700898645, 58.676205418746136, 72.94357677815843, 59.37377955058257, 81.93269664422711, 23.78239771350122, 44.47335144745482, 69.95329681760087, 76.00049529291401, 18.11298869685332, 60.544963344655585, 29.99285376835903, 55.6408860237513, 41.565086211224184, 12.206346940751992], [30.51810932919412, 96.85580980631579, 42.18444296463483, 51.55586811706848, 86.3712161003886, 88.49822215478143, 86.57157573787725, 51.793331250502376, 25.797086252506887, 74.84221988056666, 0.0, 84.20723346134407, 104.93082743517078, 62.95482196254484, 44.76350184838409, 21.952743032652926, 11.471919666535644, 102.69652330529364, 92.5461099002185, 28.58295219752296, 37.69661738869624, 57.74182213860492, 56.13606084348038, 27.586442728773452, 61.30009747396199, 39.375144294742924, 73.37205108557094, 86.21819276359992, 88.43228496391977, 106.5769369549574, 40.23040946172517, 32.468941499618126, 63.88968005994761, 33.49258942613451, 26.269813688944303, 123.2501790311828, 88.52133256178611, 16.514328837024856, 54.694294337431195, 96.77584670816336, 10.697704936405493, 77.40490886612248, 109.13519757989906, 5.792055513782088, 23.640573635369446, 92.18651644634346, 22.257402077980984, 73.69143189672108, 27.492992974974182, 83.04621729675577, 66.92954012382226], [55.89017557920463, 39.034013680205355, 70.32196983140017, 35.71398345874459, 65.85509289541409, 48.47728639212135, 67.7616113168182, 57.75487542012043, 61.81742454885111, 18.503695592311338, 84.20723346134407, 0.0, 27.70541183759831, 28.78668287047393, 41.847181214671046, 66.12822053694002, 94.17003818732333, 19.700126071213855, 38.94534534731707, 58.04438752724347, 62.71124643235273, 54.16337492693787, 28.134209870264346, 58.53267443631601, 54.46391317867725, 45.27675621558842, 41.14047829728858, 65.4061774279336, 19.94889375818652, 28.9598136253273, 46.29673255138824, 60.211641272996715, 65.11481904390311, 50.721335253476525, 58.06418998300267, 39.064395082039695, 13.721107902380892, 67.69682200929903, 69.18401025576802, 42.94096985844886, 89.5691200912314, 41.54602116320522, 27.187433426831856, 80.05100662063666, 80.21615264729945, 24.54577895504823, 66.28442825122642, 48.29821921733255, 60.717879689621306, 26.788236970875268, 30.280796544786252], [74.68011011453034, 60.866831974112685, 97.1027109524296, 61.41332155486774, 92.1893235297539, 39.159908184631085, 94.1559616611749, 85.1598814508618, 80.12277081354122, 30.092460629945077, 104.93082743517078, 27.70541183759831, 0.0, 42.37665821166357, 66.72569585040748, 84.45162374967708, 115.75386655436513, 27.937115704378826, 62.32949143274497, 76.75210611014398, 88.88928461945505, 81.80763959327027, 50.476551418591335, 81.88318862299265, 59.30107566722214, 65.78790851596183, 41.84787355179966, 91.7393048426248, 16.75775477065467, 41.0545488270082, 70.77541121230722, 85.36531374955901, 92.81653099013955, 72.52560544878692, 78.88964447228749, 27.722982807806307, 37.09649427360655, 88.72012462678751, 96.73326468347365, 65.3227012184809, 111.86335588343913, 39.607754846538654, 33.22243074102859, 100.03970833939329, 104.89977162970591, 14.40555181859505, 89.8896963117161, 47.6307903260519, 84.70441755968905, 52.53314848570495, 39.69153530456045], [32.48427567358297, 62.09875792688461, 63.89608637018353, 29.769460502869038, 78.13542643246588, 33.88672074934567, 79.68469775661482, 56.275821362396364, 37.78448323526474, 12.723757340012035, 62.95482196254484, 28.78668287047393, 42.37665821166357, 0.0, 31.76703103745433, 42.09624003065666, 74.03678293560785, 48.18988484711216, 60.24485119098753, 34.5081019388925, 54.32743073950879, 55.86712241283071, 15.787387887245673, 42.57250774260318, 26.83767815294179, 24.846660632088764, 19.48992783182936, 77.72871891611976, 25.660987280320924, 57.526093235064046, 34.319126910953386, 48.651036485913934, 68.35461742754445, 32.1831222859853, 37.45383761343347, 64.31514556298387, 40.19257969328043, 47.1201337979489, 68.01065296490042, 64.95537303325563, 70.59974207001383, 22.399488080267812, 55.82636272151446, 57.87550152655023, 66.2964545212912, 29.23273989353424, 50.44627758967755, 25.440042124863798, 46.057801639190345, 46.529248276982045, 5.81061809938017], [24.201664746200496, 53.47346806704793, 32.22996298419622, 6.803529176177312, 54.12542820509882, 65.48141342406628, 55.20005257290259, 25.39846419859714, 29.208538932416346, 38.90216945106003, 44.76350184838409, 41.847181214671046, 66.72569585040748, 31.76703103745433, 0.0, 32.42636167257816, 53.53240773029053, 58.87690013370506, 49.584850336630176, 25.757224967722475, 22.911212841374205, 26.706941986242573, 17.103673033869924, 17.410722292896438, 49.815863398305446, 15.121517534249278, 50.30113576670905, 53.80104430356292, 52.06688884584521, 61.85727399457682, 4.620827733519212, 18.643502889384084, 38.811906390294524, 13.948970436397751, 21.30538711979391, 80.49038432598537, 44.02640259568008, 29.036833454674415, 36.698279751089856, 54.174006637323515, 48.46008106906032, 53.70789726470422, 64.87023165434614, 41.78594431676061, 38.439222541441794, 56.82762983647559, 24.694389693341073, 54.86823485443743, 19.001972753071552, 38.70236456844201, 37.54449354878349], [10.23822635632061, 85.69027785166212, 46.35870041400185, 38.41329787790998, 83.60540057515489, 66.57151588653475, 84.3088798203382, 49.804966831476264, 4.36534620937954, 54.47520168336588, 21.952743032652926, 66.12822053694002, 84.45162374967708, 42.09624003065666, 32.42636167257816, 0.0, 33.421940345157104, 85.4491736603606, 81.93327192569336, 8.085029176002616, 38.00009064390712, 54.18044786875329, 38.30189095184608, 20.709780473213105, 39.88051480499731, 21.21487035941348, 51.42248266297029, 83.34968416772648, 67.75659680793248, 91.2137032236383, 28.93464468891854, 30.304331762698407, 63.82924651132494, 18.50816879304002, 11.403223621225402, 104.66619532419077, 72.70033989128657, 10.960619123470197, 57.120103104286464, 86.56330106312839, 31.471524213747045, 55.45415861535194, 92.42920366486535, 16.351862411033903, 35.52142785210692, 71.19891695532941, 22.65991671557869, 51.84633651017434, 23.762011817375992, 70.4379278182119, 45.57247964672], [41.74234555256319, 103.83172282209685, 44.088995754463625, 60.31163392453076, 89.65136402125272, 99.9689440650221, 89.59908313120347, 56.044359457321434, 37.21759348664301, 85.70828386512349, 11.471919666535644, 94.17003818732333, 115.75386655436513, 74.03678293560785, 53.53240773029053, 33.421940345157104, 0.0, 112.20262527287764, 99.34145822085694, 39.87142574562372, 42.07199634068119, 62.38830256009406, 66.31672505723931, 36.12840050971384, 72.6626701585871, 49.98768277457755, 84.83558453188488, 89.55233273291805, 99.37072049194515, 115.26523255663442, 48.91444392297862, 38.60727906976992, 66.56186004357352, 43.606507345154654, 36.86573865044555, 133.22662416313983, 97.55858094713795, 27.0343864787902, 56.56437053549412, 103.33115317061946, 6.048838063445036, 88.86950624234602, 118.37570130449387, 17.191125877402104, 23.68130468207143, 103.23933413791256, 29.278318249127135, 85.14769765206442, 35.00059002501949, 90.84375645796437, 78.16767428573253], [75.22309271784452, 34.11845829649807, 83.80990339928044, 52.244005558395635, 68.2659057837875, 61.640170836166874, 70.2816387336097, 69.81592164856848, 81.17929631664121, 36.76148814159777, 102.69652330529364, 19.700126071213855, 27.937115704378826, 48.18988484711216, 58.87690013370506, 85.4491736603606, 112.20262527287764, 0.0, 36.4632843847512, 77.3696321522003, 77.4984487991313, 64.93348558045193, 47.181322294155194, 76.14792871507566, 72.87815502778871, 64.3803068442462, 57.91457996921528, 67.82610709661667, 31.81687022297626, 13.263777993173816, 63.48122854556795, 76.34922621398596, 73.90995603897386, 69.28638970895202, 76.84708955612665, 22.708465738648073, 16.000911118068963, 86.26659118088497, 80.15563058871396, 38.671390973436964, 107.29421768932805, 57.4090380143203, 7.712991511991037, 98.83303733520594, 96.38264858938977, 34.31939913050287, 83.56853282104514, 64.9316370836994, 77.8546540224323, 30.152291969051973, 48.952706956539764], [73.02086191356683, 4.808960216118807, 60.76406921088266, 43.57127594812766, 32.43049607871617, 86.96969897519472, 34.43931362897083, 45.90152967683613, 78.47889249538518, 54.950158310063166, 92.5461099002185, 38.94534534731707, 62.32949143274497, 60.24485119098753, 49.584850336630176, 81.93327192569336, 99.34145822085694, 36.4632843847512, 0.0, 74.82377015398774, 58.195863746387666, 39.528912169167135, 49.12925041845223, 65.26684099373117, 86.87643428516444, 62.293190675429855, 77.40206449748501, 32.009272237447185, 58.838073773228025, 27.599868256182784, 53.51706626011357, 60.74092180009957, 43.92174994964615, 63.428208275499834, 70.88989403438038, 56.43208418479821, 25.874030306098174, 78.04036264060294, 52.82745033826298, 4.824500640939681, 93.54958657501467, 78.70641756497137, 36.160021852818915, 90.50146398106384, 78.4775927415821, 63.22114032567114, 70.4894838913089, 84.34928637024497, 65.06110254300839, 13.716547281540869, 64.23386365913058], [2.155373562076076, 78.4376921837828, 44.833608377035354, 31.26577523301668, 78.60986471626754, 60.99073337696204, 79.4599557138066, 45.87900322305932, 3.8526152382141032, 46.69896190919187, 28.58295219752296, 58.04438752724347, 76.75210611014398, 34.5081019388925, 25.757224967722475, 8.085029176002616, 39.87142574562372, 77.3696321522003, 74.82377015398774, 0.0, 35.63496636199512, 49.54696046946102, 30.239426017583206, 17.928002529965312, 36.02763747189529, 13.25147076996686, 45.46482168503137, 78.32589767130709, 60.119461505923404, 83.2571671374955, 22.872868966426054, 27.800939439830643, 60.08997862906608, 11.984689654294105, 7.423683560372578, 96.61899014211559, 64.72825982015488, 13.91502306177195, 54.460808072149696, 79.5140395938827, 37.07557536178987, 49.49817429604031, 84.36711948444494, 23.375408951795436, 37.62719593546863, 63.72139370424463, 22.64449512627751, 46.74589308977631, 21.71174776555081, 62.98024251993203, 38.34778280739614], [35.3999765657008, 62.85634537299493, 9.849054502293077, 27.48397881339408, 48.69935099720053, 87.6079487595855, 48.95976892252653, 14.13826097360115, 37.24236713978255, 61.77695420717489, 37.69661738869624, 62.71124643235273, 88.88928461945505, 54.32743073950879, 22.911212841374205, 38.00009064390712, 42.07199634068119, 77.4984487991313, 58.195863746387666, 35.63496636199512, 0.0, 20.3380974691637, 40.012531246772724, 17.742084427605462, 68.56314173404556, 32.693217769752174, 72.07664954615946, 48.538228956550554, 74.77794330568646, 77.57477561834558, 20.027976655861305, 7.84142016074695, 26.699660937742873, 26.354275145356578, 28.26816527462473, 99.95801489064101, 61.665616523143704, 28.508249568092772, 19.120343298501794, 61.886230919991156, 36.07689500454473, 75.69983273890618, 82.40568833719354, 37.797429032906514, 20.296414410119837, 79.60850416645727, 16.628345572630973, 75.88772015924606, 14.257995420896512, 51.60337960110681, 60.019965983621894], [48.56152495684, 44.32028394494179, 21.239208934674135, 26.220434444880407, 29.502783242373425, 89.5783598164682, 30.134980053126828, 6.529024099059418, 52.213397651297065, 59.27972169693278, 57.74182213860492, 54.16337492693787, 81.80763959327027, 55.86712241283071, 26.706941986242573, 54.18044786875329, 62.38830256009406, 64.93348558045193, 39.528912169167135, 49.54696046946102, 20.3380974691637, 0.0, 40.079743236114155, 33.754401400914205, 76.440787316557, 41.48508921381327, 75.24503003618634, 29.270828577713555, 70.35457573877504, 62.23879636421312, 27.447906756294326, 25.595002456067164, 12.490983396478576, 37.92598485057842, 43.04115200631628, 87.61417118695411, 49.03152371843807, 46.49417821418637, 15.260053182517463, 42.713961148530394, 56.376408665260385, 78.26587550308732, 68.4809959171582, 57.26130996401808, 39.917560921027885, 75.42388355658836, 35.836326564963144, 80.50444628055534, 31.680247073665413, 35.90661251991386, 61.612302219951644], [28.10506654885757, 51.8657913148917, 49.22524476989492, 14.044995693361944, 63.19615953183372, 49.58574530357834, 64.65135749634833, 40.63409322963016, 34.07222588771413, 21.835338261928992, 56.13606084348038, 28.134209870264346, 50.476551418591335, 15.787387887245673, 17.103673033869924, 38.30189095184608, 66.31672505723931, 47.181322294155194, 49.12925041845223, 30.239426017583206, 40.012531246772724, 40.079743236114155, 0.0, 31.44431117306368, 39.174294109857456, 17.204740371149253, 35.20871117744351, 62.80466887206743, 35.20021222814399, 53.26797839035414, 20.609383341848915, 35.35256764930839, 52.567559120561796, 22.7197080343141, 29.938608062151243, 67.1252142495124, 34.734947640898746, 39.622452657319826, 52.45110805185485, 53.95288512513426, 61.964988913899745, 38.18652561086656, 54.12834017919005, 51.917454972347535, 54.493943017325485, 39.85709627565474, 39.43292165837826, 40.77722369144745, 34.234332288219086, 35.85518778231447, 21.545754925490723], [17.852503331482435, 69.47238502629003, 26.934424328343365, 24.203293047467486, 63.25633760131423, 73.93852540514547, 63.86625336383494, 29.119638968724306, 19.545218660956376, 52.530824709450535, 27.586442728773452, 58.53267443631601, 81.88318862299265, 42.57250774260318, 17.410722292896438, 20.709780473213105, 36.12840050971384, 76.14792871507566, 65.26684099373117, 17.928002529965312, 17.742084427605462, 33.754401400914205, 31.44431117306368, 0.0, 52.18469650039567, 18.08201008941876, 58.14918834132408, 63.020898997103224, 66.22093116571618, 79.23440811597015, 12.799917978911123, 9.90093924643635, 43.11977921973293, 10.67432277494444, 10.531959240117759, 97.47097777375014, 61.4325185786826, 13.089935054204219, 36.72465809910691, 69.6200545361803, 31.15321067931531, 62.019091503764315, 82.251355272425, 25.23940787287773, 23.72456713596593, 70.61450749696284, 8.01988584390477, 60.975408246066884, 4.003607165962162, 55.46291720428291, 47.77865571438016], [35.141737528659135, 88.88163225779738, 78.35512304137244, 50.9627615092977, 102.02848316097406, 28.960244826376208, 103.38528775368488, 75.02751651656148, 37.01781857201949, 36.19110092525358, 61.30009747396199, 54.46391317867725, 59.30107566722214, 26.83767815294179, 49.815863398305446, 39.88051480499731, 72.6626701585871, 72.87815502778871, 86.87643428516444, 36.02763747189529, 68.56314173404556, 76.440787316557, 39.174294109857456, 52.18469650039567, 0.0, 36.08956278095173, 17.61848845706246, 101.65196596770939, 44.04243021466308, 83.41886510770946, 50.12625641308265, 61.21253623500689, 88.62774832906555, 42.259744203367596, 42.749742785432446, 85.37206327582277, 66.75570361986573, 49.59190673026401, 85.72567242142748, 91.62673130024277, 71.28285759318702, 20.688475149747905, 80.58878700786114, 55.51427316759837, 73.6456882891228, 44.946155727681074, 58.32714293363092, 13.918829413939584, 56.188302171797154, 73.18560024933342, 24.184785303702686], [11.18951674183843, 65.71921108391354, 42.53859420520387, 19.170042614937056, 69.24445451395518, 55.928986979058564, 70.32088881029124, 39.28014482404821, 17.102883562364404, 35.81207149473939, 39.375144294742924, 45.27675621558842, 65.78790851596183, 24.846660632088764, 15.121517534249278, 21.21487035941348, 49.98768277457755, 64.3803068442462, 62.293190675429855, 13.25147076996686, 32.693217769752174, 41.48508921381327, 17.204740371149253, 18.08201008941876, 36.08956278095173, 0.0, 40.16126980089676, 68.91847383592612, 49.53534162513114, 70.01442535920035, 14.247877244360806, 25.72948749790271, 53.22081945758634, 7.439607256601229, 13.13718457879489, 84.14814832979904, 51.492033965267126, 22.976809641624886, 49.67194271942273, 67.04472747474105, 46.120732474371174, 43.99182611998784, 71.27226561871726, 34.88655184351935, 41.70286989081594, 53.62115399414893, 25.74418536025469, 43.37906724993547, 21.843163534570404, 50.06350444842371, 29.82481364109789], [43.912452988597984, 78.6088763455317, 81.85137813684504, 49.054250821427225, 97.40176420613896, 15.795807244767206, 98.99143885463324, 75.34679447815996, 47.67993251394251, 22.859697900303033, 73.37205108557094, 41.14047829728858, 41.84787355179966, 19.48992783182936, 50.30113576670905, 51.42248266297029, 84.83558453188488, 57.91457996921528, 77.40206449748501, 45.46482168503137, 72.07664954615946, 75.24503003618634, 35.20871117744351, 58.14918834132408, 17.61848845706246, 40.16126980089676, 0.0, 96.98871269070408, 27.3264126570382, 69.49626117195065, 52.16974725495208, 65.66508273834106, 87.73581792517994, 47.48296371799164, 50.67306793370844, 68.42727308584246, 54.488887484434265, 59.32108836236952, 86.9310784985458, 81.93204273679446, 82.4789217445317, 4.03850328329501, 65.53019268922083, 67.75376723995728, 81.44048444472377, 27.603327296234212, 65.48121750874903, 7.1577487049458615, 61.98393836596436, 63.8158498958555, 14.003326198227406], [77.16560020036219, 35.744792214836245, 45.61895126445538, 50.93614294527014, 0.4502687504285604, 109.49125229825079, 2.4555410395820316, 34.56668436741791, 81.19164803339078, 77.07751417387993, 86.21819276359992, 65.4061774279336, 91.7393048426248, 77.72871891611976, 53.80104430356292, 83.34968416772648, 89.55233273291805, 67.82610709661667, 32.009272237447185, 78.32589767130709, 48.538228956550554, 29.270828577713555, 62.80466887206743, 63.020898997103224, 101.65196596770939, 68.91847383592612, 96.98871269070408, 0.0, 84.8136905432534, 59.599166899904155, 55.63656226177137, 54.67419081759107, 23.166679575014335, 66.45984319062318, 72.10568368846594, 88.42761184160159, 54.715061496079706, 75.74032287797581, 33.63093851748957, 31.689545181151832, 83.50892361103475, 99.31693371848115, 68.13562448760493, 86.19773444925299, 66.06004847503357, 89.69630721418832, 64.78635844252216, 103.16828918228404, 60.90085042163256, 39.20618535099915, 82.98921956335985], [58.06733990520122, 58.6762214249489, 83.53961194595584, 47.47281285123519, 85.25958942905834, 29.977582283701334, 87.12132396109199, 72.81554861840617, 63.44030840594295, 13.741968485636725, 88.43228496391977, 19.94889375818652, 16.75775477065467, 25.660987280320924, 52.06688884584521, 67.75659680793248, 99.37072049194515, 31.81687022297626, 58.838073773228025, 60.119461505923404, 74.77794330568646, 70.35457573877504, 35.20021222814399, 66.22093116571618, 44.04243021466308, 49.53534162513114, 27.3264126570382, 84.8136905432534, 0.0, 44.43099004929978, 55.79783807012736, 70.53269675838649, 82.14147826456181, 56.48784632546915, 62.5526512289952, 41.33006419101048, 33.1952741390041, 72.34967789753665, 84.66884511302636, 62.71906894715688, 95.65381581776059, 26.096391561276057, 39.13359001080153, 83.45489385244764, 89.60729550496724, 5.074542461185816, 74.23932506932096, 33.96147660742548, 69.2683179293997, 46.67448937931383, 23.0059069751627], [81.16389392975871, 24.088335113512976, 82.5570363690064, 55.053788578275714, 60.01744761528298, 74.39922721421327, 62.022030800220854, 67.87765827254191, 87.10973816945445, 47.334295934952856, 106.5769369549574, 28.9598136253273, 41.0545488270082, 57.526093235064046, 61.85727399457682, 91.2137032236383, 115.26523255663442, 13.263777993173816, 27.599868256182784, 83.2571671374955, 77.57477561834558, 62.23879636421312, 53.26797839035414, 79.23440811597015, 83.41886510770946, 70.01442535920035, 69.49626117195065, 59.599166899904155, 44.43099004929978, 0.0, 66.44357666755386, 77.76645491804383, 69.41883254117926, 73.86005665418696, 81.61597637723858, 28.97720212833772, 18.54201983758665, 90.50720464985376, 77.00985009971083, 28.512513638807395, 109.9790078268031, 69.37843198512502, 9.120391649182105, 103.27009741896202, 97.37235093561802, 47.308915879061324, 86.07597814651831, 76.61584226419285, 80.32049355083494, 26.385401657773492, 59.23878990855243], [21.570670742508565, 57.52504931979009, 29.71078417644182, 11.40340869936844, 55.93582642131528, 67.62257078592772, 56.87573169486481, 25.034057202132438, 26.061645374836424, 42.41658894498852, 40.23040946172517, 46.29673255138824, 70.77541121230722, 34.319126910953386, 4.620827733519212, 28.93464468891854, 48.91444392297862, 63.48122854556795, 53.51706626011357, 22.872868966426054, 20.027976655861305, 27.447906756294326, 20.609383341848915, 12.799917978911123, 50.12625641308265, 14.247877244360806, 52.16974725495208, 55.63656226177137, 55.79783807012736, 66.44357666755386, 0.0, 14.743849364304214, 38.995970496686915, 10.894785121114163, 17.593240902091267, 85.03334042390783, 48.64543559195089, 24.701648002832826, 35.63288144210092, 58.03251497451554, 43.84171640868899, 55.737331227380665, 69.49087665669836, 37.3961892275585, 34.1745853498419, 60.46561281090986, 20.10519371945709, 56.27601077720186, 14.445826371974551, 43.01827914374941, 39.99528748322226], [27.60752303519686, 65.2246115640779, 17.24964961294527, 24.504148829615485, 54.874134833707174, 81.34214664186341, 55.31514736634957, 20.190048575139528, 29.417524966491982, 57.157008764826045, 32.468941499618126, 60.211641272996715, 85.36531374955901, 48.651036485913934, 18.643502889384084, 30.304331762698407, 38.60727906976992, 76.34922621398596, 60.74092180009957, 27.800939439830643, 7.84142016074695, 25.595002456067164, 35.35256764930839, 9.90093924643635, 61.21253623500689, 25.72948749790271, 65.66508273834106, 54.67419081759107, 70.53269675838649, 77.76645491804383, 14.743849364304214, 0.0, 33.77373468352994, 18.962202630155065, 20.427230101981966, 98.42466154360017, 60.87987383568047, 21.272993447320975, 26.872423222393337, 64.77663536565296, 32.87352941338907, 69.39649438112397, 81.81566937412279, 31.674072672479483, 20.073545889978323, 75.20931437766045, 10.287226392774524, 69.106389617501, 6.562710305105551, 52.56281572282446, 54.201302271730974], [59.34165195774817, 48.65186210631526, 22.507327385022517, 38.7030641577635, 23.221755938623364, 102.0386578100356, 23.048980133253277, 14.219710048710665, 62.38875966854852, 71.4755065630896, 63.88968005994761, 65.11481904390311, 92.81653099013955, 68.35461742754445, 38.811906390294524, 63.82924651132494, 66.56186004357352, 73.90995603897386, 43.92174994964615, 60.08997862906608, 26.699660937742873, 12.490983396478576, 52.567559120561796, 43.11977921973293, 88.62774832906555, 53.22081945758634, 87.73581792517994, 23.166679575014335, 82.14147826456181, 69.41883254117926, 38.995970496686915, 33.77373468352994, 0.0, 48.94638801443407, 53.15554279327326, 96.32813238089729, 58.408486510852015, 55.01597856671788, 10.552557794080732, 45.992374564715504, 60.5331737232041, 90.75236478767086, 76.54766051984048, 64.41694680064954, 42.974510715134585, 87.21589133158093, 43.32246634941247, 92.97011720273134, 40.3051441492245, 43.90617930364132, 74.09457228302263], [10.705757600343084, 67.21394272069287, 36.10706593696456, 19.9567345838506, 66.75199801395613, 63.26919967829815, 67.6491779115689, 34.752445528219134, 15.28744050669328, 42.746173415325686, 33.49258942613451, 50.721335253476525, 72.52560544878692, 32.1831222859853, 13.948970436397751, 18.50816879304002, 43.606507345154654, 69.28638970895202, 63.428208275499834, 11.984689654294105, 26.354275145356578, 37.92598485057842, 22.7197080343141, 10.67432277494444, 42.259744203367596, 7.439607256601229, 47.48296371799164, 66.45984319062318, 56.48784632546915, 73.86005665418696, 10.894785121114163, 18.962202630155065, 48.94638801443407, 0.0, 7.775109385403202, 89.77589741311864, 55.520355258023784, 16.998249336028497, 44.27845010650058, 68.05513227306794, 39.386964826067235, 51.34641308970243, 75.87290052801931, 29.57267859459978, 34.26367814570383, 60.70440536426272, 18.312408941984867, 50.43799011434649, 14.51381660316705, 52.09435041522251, 37.24546369948243], [7.669781441801986, 74.76118597467904, 37.41211095345968, 27.598140781421353, 72.3705104326189, 66.40316573143059, 73.12424406520184, 38.99409957418396, 9.235541795481453, 48.86171171469276, 26.269813688944303, 58.06418998300267, 78.88964447228749, 37.45383761343347, 21.30538711979391, 11.403223621225402, 36.86573865044555, 76.84708955612665, 70.88989403438038, 7.423683560372578, 28.26816527462473, 43.04115200631628, 29.938608062151243, 10.531959240117759, 42.749742785432446, 13.13718457879489, 50.67306793370844, 72.10568368846594, 62.5526512289952, 81.61597637723858, 17.593240902091267, 20.427230101981966, 53.15554279327326, 7.775109385403202, 0.0, 97.05943352939634, 63.249189717777774, 9.840631416721868, 47.1853973862873, 75.46975399287975, 33.158418326276745, 54.6619840611802, 83.5172716903501, 22.002733460008674, 31.105097537833938, 66.52516978563492, 15.579937549417837, 52.65458250248119, 14.288064491346324, 59.77509734556064, 41.99523974892197], [94.46638826536379, 53.063907358407675, 106.46866282577518, 74.04576165947911, 88.85220054198395, 66.88082043446713, 90.86413760313623, 92.52397688392048, 100.31403955183649, 51.67859607759254, 123.2501790311828, 39.064395082039695, 27.722982807806307, 64.31514556298387, 80.49038432598537, 104.66619532419077, 133.22662416313983, 22.708465738648073, 56.43208418479821, 96.61899014211559, 99.95801489064101, 87.61417118695411, 67.1252142495124, 97.47097777375014, 85.37206327582277, 84.14814832979904, 68.42727308584246, 88.42761184160159, 41.33006419101048, 28.97720212833772, 85.03334042390783, 98.42466154360017, 96.32813238089729, 89.77589741311864, 97.05943352939634, 0.0, 38.7021803007028, 106.73629421438082, 102.81776801853017, 57.48492441888655, 128.5732988647934, 66.65388994885717, 20.306820919955403, 119.01089972462603, 118.4974341976673, 40.9875028724843, 105.11901355696848, 74.6855380741241, 99.47803372980624, 52.42565361000727, 63.32403546230244], [62.63057528351274, 25.481471972083664, 67.82141084599309, 37.25846747136046, 55.164355682121524, 62.187558607906425, 57.14494380097785, 53.82579459584653, 68.58049819749306, 31.64281700898645, 88.52133256178611, 13.721107902380892, 37.09649427360655, 40.19257969328043, 44.02640259568008, 72.70033989128657, 97.55858094713795, 16.000911118068963, 25.874030306098174, 64.72825982015488, 61.665616523143704, 49.03152371843807, 34.734947640898746, 61.4325185786826, 66.75570361986573, 51.492033965267126, 54.488887484434265, 54.715061496079706, 33.1952741390041, 18.54201983758665, 48.64543559195089, 60.87987383568047, 58.408486510852015, 55.520355258023784, 63.249189717777774, 38.7021803007028, 0.0, 72.30090863304574, 64.27880405570093, 29.557512147681283, 92.44447091057675, 55.11422137382954, 20.945132840526995, 85.0289951531322, 80.82384770385562, 37.42158540445228, 68.57694379253904, 61.63171185953371, 62.82497042772643, 15.5866825114781, 42.73242441944684], [15.415281810030342, 82.14471212839105, 36.128699300025104, 35.728797352006644, 75.95817639426423, 74.89169521584105, 76.47510787236787, 41.41867164101719, 12.633365893692535, 58.676205418746136, 16.514328837024856, 67.69682200929903, 88.72012462678751, 47.1201337979489, 29.036833454674415, 10.960619123470197, 27.0343864787902, 86.26659118088497, 78.04036264060294, 13.91502306177195, 28.508249568092772, 46.49417821418637, 39.622452657319826, 13.089935054204219, 49.59190673026401, 22.976809641624886, 59.32108836236952, 75.74032287797581, 72.34967789753665, 90.50720464985376, 24.701648002832826, 21.272993447320975, 55.01597856671788, 16.998249336028497, 9.840631416721868, 106.73629421438082, 72.30090863304574, 0.0, 47.48309705022682, 82.46664307279518, 23.528133270011526, 63.34829880275824, 92.79200795007317, 12.77871190680488, 24.65492482000414, 76.26915327270477, 12.232512525495757, 60.64863637117654, 14.855205582861487, 67.70805021559607, 51.47105006333063], [54.04145293006498, 57.6245517304553, 12.577715551034252, 38.44509316527854, 33.66281477062706, 101.89236494609196, 33.35299687014555, 11.919512919875293, 56.269413205691706, 72.94357677815843, 54.694294337431195, 69.18401025576802, 96.73326468347365, 68.01065296490042, 36.698279751089856, 57.120103104286464, 56.56437053549412, 80.15563058871396, 52.82745033826298, 54.460808072149696, 19.120343298501794, 15.260053182517463, 52.45110805185485, 36.72465809910691, 85.72567242142748, 49.67194271942273, 86.9310784985458, 33.63093851748957, 84.66884511302636, 77.00985009971083, 35.63288144210092, 26.872423222393337, 10.552557794080732, 44.27845010650058, 47.1853973862873, 102.81776801853017, 64.27880405570093, 47.48309705022682, 0.0, 55.351614862387876, 50.57522889623054, 90.2440059498111, 83.53673235135653, 55.762647412143785, 32.88861226371691, 89.71144358312071, 35.366251896310644, 91.5598109393603, 33.36853278185003, 50.83914524862575, 73.82111040866373], [77.72825760446656, 4.556286836154782, 63.92412342184454, 48.249748193035636, 32.08219710911839, 91.19909285583523, 34.042509459020756, 49.180693925561