instance_id,num_cities,city_coordinates,distance_matrix,best_route,total_distance
1957,33,"[[65.08826992575388, 15.499230947446952], [5.223213487543665, 32.82213127287512], [56.86174499043602, 23.879486748395628], [55.95332613464004, 68.61626171527637], [76.32642425890015, 83.84280563243483], [93.5067175531988, 3.5329909322228126], [72.83846985063512, 78.77624624906656], [45.893926722866496, 51.96729433109134], [91.416785296387, 2.3745327643172054], [11.270690148168383, 82.83558298656862], [11.477198156175927, 6.217515774773597], [99.31552081023591, 10.801154549139424], [60.09390274560628, 98.46347971280288], [1.0207848280986975, 29.529910636362565], [27.448230485680213, 81.94948954999045], [14.63527816519099, 32.18155506668745], [79.8628577843133, 36.928101231589096], [92.24618701889557, 76.13538246347944], [97.92376399401674, 2.500897727730522], [13.999330174634794, 32.17420762204559], [94.68774908514845, 26.814232270232708], [66.8852157187033, 66.50651781958905], [64.48335817353393, 18.604494410795823], [85.29917315691328, 26.10814328042772], [13.536493316148535, 3.2919167511656022], [41.09154955262109, 31.73752870375116], [25.414611999997927, 0.6558895716221591], [1.3425108504400485, 15.41774361609135], [33.81101242744025, 24.544142135429738], [87.13119342443416, 29.06554178329227], [46.63061400074828, 33.75622356880066], [74.58624871342361, 21.91724967971418], [42.072875759408035, 13.447881843632247]]","[[0.0, 62.321006555051824, 11.743270404820812, 53.89681025494316, 69.26139121861566, 30.835029846844336, 63.749872661496596, 41.21095070419673, 29.41850478899147, 86.20044198873522, 54.40861377419455, 34.54817831599244, 83.11444084351406, 65.58584160679207, 76.37021302441946, 53.1394798206646, 26.028540643779507, 66.44016354219191, 35.31467594637829, 53.741367790482265, 31.68845880509302, 51.03892953657823, 3.1636338923433023, 22.826073475483277, 52.977393211570764, 28.97455612582737, 42.35946076627003, 63.74581115864106, 32.55882760503382, 25.88310773580803, 25.961564702884488, 11.463095807798053, 23.106631121346695], [62.321006555051824, 0.0, 52.40714480742496, 62.08674659953381, 87.51443191897083, 93.01521828176813, 81.75330926813668, 44.951575985670964, 91.41328172702572, 50.37774633981509, 27.329798572937033, 96.63480590954418, 85.55453912368924, 5.338457020263771, 53.920763272189596, 9.433837997981003, 74.75249487508869, 97.20615027321452, 97.53342641321676, 8.800001656973913, 89.6660358224955, 70.2626530682124, 60.94182427648893, 80.35693468353082, 30.678073459832387, 35.88473066375564, 37.97841069702845, 17.83178517886614, 29.762179899792553, 81.9940799200485, 41.417935072601644, 70.21500621880998, 41.632429072743065], [11.743270404820812, 52.40714480742496, 0.0, 44.74599713108305, 63.043424324929795, 41.91460254044137, 57.17438185877489, 30.153241489978658, 40.70029307515153, 74.52761612500008, 48.700126386121575, 44.422582708256925, 74.65399420171073, 56.12610909341081, 65.09439346747699, 43.03485609253393, 26.44461248889217, 63.108932605861185, 46.29398960086424, 43.657633905350174, 37.939679980874175, 43.78965338279033, 9.269009206733395, 28.524624987216285, 47.967962965204144, 17.61953142166405, 39.092935923864054, 56.16036374818804, 23.06031306106375, 30.710497803250423, 14.22061783284022, 17.832790206243907, 18.097763232552516], [53.89681025494316, 62.08674659953381, 44.74599713108305, 0.0, 25.43444056475169, 75.14046408464453, 19.706175784171425, 19.45198271347285, 75.13736480692702, 46.89058600738272, 76.62721092995704, 72.26940254157478, 30.133051569052068, 67.41903985565929, 31.46927775543542, 55.08782929626491, 39.69641316978962, 37.0635795355762, 78.31193401591787, 55.571225319819014, 56.989167277941256, 11.133608093674782, 50.73399565875002, 51.65383693711226, 77.88746851286156, 39.760701096801675, 74.50654496687766, 76.23925153065399, 49.32173740419479, 50.361878994714424, 36.08511079524565, 50.27905656358843, 56.88775826380669], [69.26139121861566, 87.51443191897083, 63.043424324929795, 25.43444056475169, 0.0, 82.12690676544754, 6.1510852651652055, 44.07022948661342, 82.8540794430532, 65.06353078449227, 101.1489384601152, 76.57402531681684, 21.846255176663444, 92.84842428892506, 48.914849200631075, 80.46541068292822, 47.047803892407146, 17.687374543438814, 84.16027011132654, 80.95869735456509, 59.91157174622505, 19.740397509404698, 66.3045659465001, 58.42774563242247, 102.13237061460043, 62.90036787954423, 97.52987045615512, 101.51145936291081, 72.96500349982644, 55.83271148277733, 58.228058955329416, 61.950001541425415, 78.28633903841961], [30.835029846844336, 93.01521828176813, 41.91460254044137, 75.14046408464453, 82.12690676544754, 0.0, 78.03027575095619, 67.9180358696173, 2.3895276028641406, 114.24388521885496, 82.07343496002116, 9.304213972240499, 100.63902768551728, 96.07022216137128, 102.53229232354006, 83.91331347350506, 36.07475989247679, 72.61333344011825, 4.5360242110356515, 84.50883942664473, 23.31117829965101, 68.36936045157864, 32.70329657367616, 24.020851120675538, 79.97058760122295, 59.52180934274726, 68.15286164870422, 92.92732829208833, 63.28543027700404, 26.316505483800615, 55.7746615880793, 26.38115067262261, 52.380770741311615], [63.749872661496596, 81.75330926813668, 57.17438185877489, 19.706175784171425, 6.1510852651652055, 78.03027575095619, 0.0, 38.009581782814855, 78.62808422063705, 61.70145632187225, 95.02618077141861, 72.94962178881258, 23.452316562553953, 87.08031610688681, 45.501025292346554, 74.55653404466861, 42.433586547057594, 19.586568030597316, 80.29446291190482, 75.0586061821443, 56.36880254009535, 13.637722335217566, 60.74905439941654, 54.12206756215283, 95.99275191723841, 56.74951891176187, 91.38825100005238, 95.52995346617888, 66.81514461191888, 51.7246177911503, 52.09274565983352, 56.8858525630656, 72.21022763899421], [41.21095070419673, 44.951575985670964, 30.153241489978658, 19.45198271347285, 44.07022948661342, 67.9180358696173, 38.009581782814855, 0.0, 67.31844214272682, 46.38555546099864, 57.24992090112759, 67.44269997103368, 48.61619662310978, 50.17006129727614, 35.201928069620344, 36.99430480345918, 37.14923426588281, 52.274549433980894, 71.7915618954161, 37.53706928419262, 54.89547915593171, 25.534745609761273, 38.192190041692214, 47.13246375470939, 58.449087924607724, 20.791975467049987, 55.24728581485589, 57.625500550591724, 29.967083512030925, 47.16993146885887, 18.225965172098604, 41.54821927302744, 38.70846895505383], [29.41850478899147, 91.41328172702572, 40.70029307515153, 75.13736480692702, 82.8540794430532, 2.3895276028641406, 78.62808422063705, 67.31844214272682, 0.0, 113.56661996544133, 80.03190682825229, 11.549804215750946, 101.06536843528004, 94.38671224296537, 102.09872551610114, 82.36418163177426, 36.43408204932162, 73.76551264350911, 6.5082055802952015, 82.95470438230039, 24.657617809651345, 68.6637416186618, 31.445526734787013, 24.50937466398251, 77.88569491444832, 58.26503997428329, 66.02454554383826, 91.0137366900602, 61.72452225409609, 27.032873693781735, 54.68648514094223, 25.791175741051664, 50.571142643071965], [86.20044198873522, 50.37774633981509, 74.52761612500008, 46.89058600738272, 65.06353078449227, 114.24388521885496, 61.70145632187225, 46.38555546099864, 113.56661996544133, 0.0, 76.61834551090563, 113.75786164753298, 51.2634103861659, 54.28218182588017, 16.201789189783, 50.765647804715286, 82.53715734206494, 81.2522232342645, 118.16267118921537, 50.73480491949423, 100.48282170489799, 57.96217580166523, 83.4099561084079, 93.26424133712709, 79.57593041972694, 59.16328935336418, 83.38796397037919, 68.14494705810048, 62.497665596046566, 92.98404856925927, 60.49055906270579, 87.8629801982341, 75.91724249688416], [54.40861377419455, 27.329798572937033, 48.700126386121575, 76.62721092995704, 101.1489384601152, 82.07343496002116, 95.02618077141861, 57.24992090112759, 80.03190682825229, 76.61834551090563, 0.0, 87.95783462030325, 104.27320762301376, 25.550035887846242, 77.39771137159163, 26.15539725745696, 74.9649151395226, 106.8276071257134, 86.52642368007447, 26.078937891961246, 85.72176220947308, 81.8829174966861, 54.434274492409955, 76.45469936883, 3.5776844750232883, 39.09323302730686, 15.006105113504365, 13.687807681188477, 28.890560632608473, 79.02885101363668, 44.65582909885603, 65.03256035958591, 31.438410925023252], [34.54817831599244, 96.63480590954418, 44.422582708256925, 72.26940254157478, 76.57402531681684, 9.304213972240499, 72.94962178881258, 67.44269997103368, 11.549804215750946, 113.75786164753298, 87.95783462030325, 0.0, 96.03654812990492, 100.06308723186966, 101.12859631176188, 87.33764950303193, 32.5733547819021, 65.71557515092076, 8.416130365960209, 87.95259963314044, 16.66838112239137, 64.45783261499447, 35.69554127543345, 20.754804397020695, 86.10708571388255, 61.87376335531443, 74.59403946994121, 98.08171886338125, 66.93063817317655, 21.95553859242547, 57.468553133185864, 27.112810060747428, 57.30380072723346], [83.11444084351406, 85.55453912368924, 74.65399420171073, 30.133051569052068, 21.846255176663444, 100.63902768551728, 23.452316562553953, 48.61619662310978, 101.06536843528004, 51.2634103861659, 104.27320762301376, 96.03654812990492, 0.0, 90.78254350981868, 36.58485736476189, 80.37275709801463, 64.63292031270635, 39.14477373501666, 103.149966278791, 80.74018339602041, 79.56348951403844, 32.67061899234351, 79.97952770815756, 76.61984316578379, 105.94913293341786, 69.37897350734822, 103.77368595093667, 101.72669430127011, 78.45290811279334, 74.47878138181129, 66.09303398629038, 77.90605511723362, 86.90459881208713], [65.58584160679207, 5.338457020263771, 56.12610909341081, 67.41903985565929, 92.84842428892506, 96.07022216137128, 87.08031610688681, 50.17006129727614, 94.38671224296537, 54.28218182588017, 25.550035887846242, 100.06308723186966, 90.78254350981868, 0.0, 58.704532512119414, 13.870315317634397, 79.18841892673679, 102.4409293646872, 100.60196275443806, 13.245185761648875, 93.70632370400465, 75.53405017160053, 64.39614068658636, 84.34782291879625, 29.07017856975557, 40.13153078490139, 37.79904623849075, 14.115833862775593, 33.167105896678926, 86.11166069156688, 45.80522064307922, 73.95829962555875, 44.08974733339598], [76.37021302441946, 53.920763272189596, 65.09439346747699, 31.46927775543542, 48.914849200631075, 102.53229232354006, 45.501025292346554, 35.201928069620344, 102.09872551610114, 16.201789189783, 77.39771137159163, 101.12859631176188, 36.58485736476189, 58.704532512119414, 0.0, 51.3908459737867, 69.09572027970256, 65.05827397106293, 106.20206949878487, 51.560174656248314, 86.95429521762173, 42.35281785354615, 73.37703381876526, 80.40514611110102, 79.87834618766566, 52.03250106603198, 81.31903222240332, 71.47014631779246, 57.75689487693049, 79.74188357782589, 51.87055738328691, 76.3273383937987, 70.04534608193582], [53.1394798206646, 9.433837997981003, 43.03485609253393, 55.08782929626491, 80.46541068292822, 83.91331347350506, 74.55653404466861, 36.99430480345918, 82.36418163177426, 50.765647804715286, 26.15539725745696, 87.33764950303193, 80.37275709801463, 13.870315317634397, 51.3908459737867, 0.0, 65.40005232004393, 89.19300485982644, 88.41896454794687, 0.6359904336035469, 80.23220210359416, 62.516070272642835, 51.66398800491421, 70.92441318845461, 28.91052628621889, 26.459997262591223, 33.31758729003293, 21.394462770428426, 20.64070882452787, 72.56285046811254, 32.03406149899891, 60.823308318046166, 33.223068403902744], [26.028540643779507, 74.75249487508869, 26.44461248889217, 39.69641316978962, 47.047803892407146, 36.07475989247679, 42.433586547057594, 37.14923426588281, 36.43408204932162, 82.53715734206494, 74.9649151395226, 32.5733547819021, 64.63292031270635, 79.18841892673679, 69.09572027970256, 65.40005232004393, 0.0, 41.11639264975225, 38.87709703941121, 66.03486786268101, 17.946246054511395, 32.30018454183136, 23.92244918901459, 12.108881653367794, 74.36786624587876, 39.11721341255829, 65.42388560529449, 81.41339181831465, 47.68789053490099, 10.707406037666297, 33.38327178090836, 15.911262288059392, 44.490487117464205], [66.44016354219191, 97.20615027321452, 63.108932605861185, 37.0635795355762, 17.687374543438814, 72.61333344011825, 19.586568030597316, 52.274549433980894, 73.76551264350911, 81.2522232342645, 106.8276071257134, 65.71557515092076, 39.14477373501666, 102.4409293646872, 65.05827397106293, 89.19300485982644, 41.11639264975225, 0.0, 73.85304477547062, 89.75051810126422, 49.381545963124395, 27.12736440606678, 63.87940000991916, 50.50728325575273, 107.24451678179774, 67.73452851224545, 100.81474726803852, 109.3165587097457, 77.95079029824167, 47.34694352468366, 62.26374234170605, 57.021744479725264, 80.29373510246464], [35.31467594637829, 97.53342641321676, 46.29398960086424, 78.31193401591787, 84.16027011132654, 4.5360242110356515, 80.29446291190482, 71.7915618954161, 6.5082055802952015, 118.16267118921537, 86.52642368007447, 8.416130365960209, 103.149966278791, 100.60196275443806, 106.20206949878487, 88.41896454794687, 38.87709703941121, 73.85304477547062, 0.0, 89.01581832454205, 24.52773999099892, 71.13445636526849, 37.115853318621305, 26.770923338383717, 84.3909779748714, 63.911510615387506, 72.53262147467048, 97.44117900809341, 67.79638292309642, 28.673330697672924, 60.06565266159523, 30.358431161626534, 56.913602748627305], [53.741367790482265, 8.800001656973913, 43.657633905350174, 55.571225319819014, 80.95869735456509, 84.50883942664473, 75.0586061821443, 37.53706928419262, 82.95470438230039, 50.73480491949423, 26.078937891961246, 87.95259963314044, 80.74018339602041, 13.245185761648875, 51.560174656248314, 0.6359904336035469, 66.03486786268101, 89.75051810126422, 89.01581832454205, 0.0, 80.86624933834004, 63.05255278956325, 52.27594283826164, 71.55742271696359, 28.885999098312162, 27.095738397442116, 33.52182918457932, 20.99938478594432, 21.23018259497956, 73.197904517031, 32.669610628168854, 61.44900230481035, 33.74609960957873], [31.68845880509302, 89.6660358224955, 37.939679980874175, 56.989167277941256, 59.91157174622505, 23.31117829965101, 56.36880254009535, 54.89547915593171, 24.657617809651345, 100.48282170489799, 85.72176220947308, 16.66838112239137, 79.56348951403844, 93.70632370400465, 86.95429521762173, 80.23220210359416, 17.946246054511395, 49.381545963124395, 24.52773999099892, 80.86624933834004, 0.0, 48.46089551095748, 31.300240032023613, 9.415089995414846, 84.4915714155216, 53.82184920738772, 74.04746055305347, 94.03836161236775, 60.91904772164519, 7.884790927923564, 48.55594171375609, 20.689387513561037, 54.286132840812975], [51.03892953657823, 70.2626530682124, 43.78965338279033, 11.133608093674782, 19.740397509404698, 68.36936045157864, 13.637722335217566, 25.534745609761273, 68.6637416186618, 57.96217580166523, 81.8829174966861, 64.45783261499447, 32.67061899234351, 75.53405017160053, 42.35281785354615, 62.516070272642835, 32.30018454183136, 27.12736440606678, 71.13445636526849, 63.05255278956325, 48.46089551095748, 0.0, 47.96220143325222, 44.39710006230776, 82.71742241042554, 43.29198330435494, 77.82105250795465, 83.10179908440148, 53.42980344723645, 42.56437829701616, 38.507540355964174, 45.2494059898628, 58.573637977205564], [3.1636338923433023, 60.94182427648893, 9.269009206733395, 50.73399565875002, 66.3045659465001, 32.70329657367616, 60.74905439941654, 38.192190041692214, 31.445526734787013, 83.4099561084079, 54.434274492409955, 35.69554127543345, 79.97952770815756, 64.39614068658636, 73.37703381876526, 51.66398800491421, 23.92244918901459, 63.87940000991916, 37.115853318621305, 52.27594283826164, 31.300240032023613, 47.96220143325222, 0.0, 22.126972223533173, 53.198290135857725, 26.826354584575096, 42.99441060469363, 63.221214645922466, 31.24215435370391, 24.94710311201551, 23.41570778294916, 10.63215616574262, 22.996094781542265], [22.826073475483277, 80.35693468353082, 28.524624987216285, 51.65383693711226, 58.42774563242247, 24.020851120675538, 54.12206756215283, 47.13246375470939, 24.50937466398251, 93.26424133712709, 76.45469936883, 20.754804397020695, 76.61984316578379, 84.34782291879625, 80.40514611110102, 70.92441318845461, 12.108881653367794, 50.50728325575273, 26.770923338383717, 71.55742271696359, 9.415089995414846, 44.39710006230776, 22.126972223533173, 0.0, 75.30247280775518, 44.56460439612472, 65.06902399616689, 84.63454253805845, 51.51190925296406, 3.47886535602526, 39.41764324907352, 11.503492482912314, 45.042146999733255], [52.977393211570764, 30.678073459832387, 47.967962965204144, 77.88746851286156, 102.13237061460043, 79.97058760122295, 95.99275191723841, 58.449087924607724, 77.88569491444832, 79.57593041972694, 3.5776844750232883, 86.10708571388255, 105.94913293341786, 29.07017856975557, 79.87834618766566, 28.91052628621889, 74.36786624587876, 107.24451678179774, 84.3909779748714, 28.885999098312162, 84.4915714155216, 82.71742241042554, 53.198290135857725, 75.30247280775518, 0.0, 39.60345898469278, 12.167100836226508, 17.196769624908075, 29.37197999757071, 77.97730202645614, 44.98104949604731, 63.82770292566069, 30.28974661345601], [28.97455612582737, 35.88473066375564, 17.61953142166405, 39.760701096801675, 62.90036787954423, 59.52180934274726, 56.74951891176187, 20.791975467049987, 58.26503997428329, 59.16328935336418, 39.09323302730686, 61.87376335531443, 69.37897350734822, 40.13153078490139, 52.03250106603198, 26.459997262591223, 39.11721341255829, 67.73452851224545, 63.911510615387506, 27.095738397442116, 53.82184920738772, 43.29198330435494, 26.826354584575096, 44.56460439612472, 39.60345898469278, 0.0, 34.81141568751175, 42.968842933629126, 10.234795120198722, 46.11711528214312, 5.89545281710267, 34.90462364762878, 18.315954340191627], [42.35946076627003, 37.97841069702845, 39.092935923864054, 74.50654496687766, 97.52987045615512, 68.15286164870422, 91.38825100005238, 55.24728581485589, 66.02454554383826, 83.38796397037919, 15.006105113504365, 74.59403946994121, 103.77368595093667, 37.79904623849075, 81.31903222240332, 33.31758729003293, 65.42388560529449, 100.81474726803852, 72.53262147467048, 33.52182918457932, 74.04746055305347, 77.82105250795465, 42.99441060469363, 65.06902399616689, 12.167100836226508, 34.81141568751175, 0.0, 28.237889237419235, 25.320903433531214, 67.94148041886575, 39.31603809669298, 53.57140366579057, 21.003162089676923], [63.74581115864106, 17.83178517886614, 56.16036374818804, 76.23925153065399, 101.51145936291081, 92.92732829208833, 95.52995346617888, 57.625500550591724, 91.0137366900602, 68.14494705810048, 13.687807681188477, 98.08171886338125, 101.72669430127011, 14.115833862775593, 71.47014631779246, 21.394462770428426, 81.41339181831465, 109.3165587097457, 97.44117900809341, 20.99938478594432, 94.03836161236775, 83.10179908440148, 63.221214645922466, 84.63454253805845, 17.196769624908075, 42.968842933629126, 28.237889237419235, 0.0, 33.72676599660048, 86.86748789158216, 48.86012826353282, 73.53154911473389, 40.777971761973234], [32.55882760503382, 29.762179899792553, 23.06031306106375, 49.32173740419479, 72.96500349982644, 63.28543027700404, 66.81514461191888, 29.967083512030925, 61.72452225409609, 62.497665596046566, 28.890560632608473, 66.93063817317655, 78.45290811279334, 33.167105896678926, 57.75689487693049, 20.64070882452787, 47.68789053490099, 77.95079029824167, 67.79638292309642, 21.23018259497956, 60.91904772164519, 53.42980344723645, 31.24215435370391, 51.51190925296406, 29.37197999757071, 10.234795120198722, 25.320903433531214, 33.72676599660048, 0.0, 53.51153853448695, 15.78621641918731, 40.85976576232015, 13.834210428478947], [25.88310773580803, 81.9940799200485, 30.710497803250423, 50.361878994714424, 55.83271148277733, 26.316505483800615, 51.7246177911503, 47.16993146885887, 27.032873693781735, 92.98404856925927, 79.02885101363668, 21.95553859242547, 74.47878138181129, 86.11166069156688, 79.74188357782589, 72.56285046811254, 10.707406037666297, 47.34694352468366, 28.673330697672924, 73.197904517031, 7.884790927923564, 42.56437829701616, 24.94710311201551, 3.47886535602526, 77.97730202645614, 46.11711528214312, 67.94148041886575, 86.86748789158216, 53.51153853448695, 0.0, 40.77130644543032, 14.438618971369399, 47.688188189459105], [25.961564702884488, 41.417935072601644, 14.22061783284022, 36.08511079524565, 58.228058955329416, 55.7746615880793, 52.09274565983352, 18.225965172098604, 54.68648514094223, 60.49055906270579, 44.65582909885603, 57.468553133185864, 66.09303398629038, 45.80522064307922, 51.87055738328691, 32.03406149899891, 33.38327178090836, 62.26374234170605, 60.06565266159523, 32.669610628168854, 48.55594171375609, 38.507540355964174, 23.41570778294916, 39.41764324907352, 44.98104949604731, 5.89545281710267, 39.31603809669298, 48.86012826353282, 15.78621641918731, 40.77130644543032, 0.0, 30.359163607303305, 20.81349854067767], [11.463095807798053, 70.21500621880998, 17.832790206243907, 50.27905656358843, 61.950001541425415, 26.38115067262261, 56.8858525630656, 41.54821927302744, 25.791175741051664, 87.8629801982341, 65.03256035958591, 27.112810060747428, 77.90605511723362, 73.95829962555875, 76.3273383937987, 60.823308318046166, 15.911262288059392, 57.021744479725264, 30.358431161626534, 61.44900230481035, 20.689387513561037, 45.2494059898628, 10.63215616574262, 11.503492482912314, 63.82770292566069, 34.90462364762878, 53.57140366579057, 73.53154911473389, 40.85976576232015, 14.438618971369399, 30.359163607303305, 0.0, 33.598357287072396], [23.106631121346695, 41.632429072743065, 18.097763232552516, 56.88775826380669, 78.28633903841961, 52.380770741311615, 72.21022763899421, 38.70846895505383, 50.571142643071965, 75.91724249688416, 31.438410925023252, 57.30380072723346, 86.90459881208713, 44.08974733339598, 70.04534608193582, 33.223068403902744, 44.490487117464205, 80.29373510246464, 56.913602748627305, 33.74609960957873, 54.286132840812975, 58.573637977205564, 22.996094781542265, 45.042146999733255, 30.28974661345601, 18.315954340191627, 21.003162089676923, 40.777971761973234, 13.834210428478947, 47.688188189459105, 20.81349854067767, 33.598357287072396, 0.0]]",Route_2,1674.6296343345844
