instance_id,num_cities,city_coordinates,distance_matrix,best_route,total_distance
10,36,"[[19.864487184711177, 60.562309453355546], [16.38592027544078, 47.2273565312088], [52.013221874615226, 97.86421162296715], [67.3918178457174, 36.10969158349147], [0.062309650745129286, 84.74425573775171], [88.84492193466127, 0.5424378726211931], [7.124917311312062, 25.464305153534074], [35.76037071419638, 57.71391833523206], [27.739562074554456, 75.24479431648938], [85.28370028322907, 95.3320543927576], [85.23599308047542, 27.910675972255905], [99.14399941923499, 67.87998130982045], [79.99880459930881, 87.70926028935838], [32.77582248142452, 94.84920622405657], [50.9367354809557, 41.54133592171875], [28.977477365498505, 9.302721070843578], [16.410428017309986, 45.037091668448426], [50.655229394245126, 5.621858176459915], [37.41332623212239, 90.07379267649327], [5.3107931533173165, 7.945840764614232], [61.09235307678611, 96.00631540408935], [57.322993800856956, 57.94061537876962], [91.00753278358154, 62.6731147488835], [46.31998491590603, 76.27226882920077], [8.595136640361389, 43.58065686180771], [45.55273030682597, 68.80739283071362], [25.998394581446238, 85.43364979337856], [61.596997181094196, 70.46272087176092], [23.061217404426127, 82.14136949597078], [20.790986964537673, 50.10112712195798], [90.55821809596313, 98.40989230623298], [46.08581033449236, 5.73485546611785], [3.226034185098614, 91.44867281394275], [49.26195855034029, 60.880684421897676], [92.05014689294609, 31.2306999229483], [94.58563672129554, 96.66616551260049]]","[[0.0, 13.78119723311952, 49.244015348396545, 53.44883235815557, 31.255283732324866, 91.43678342363081, 37.33853969278264, 16.1490694823189, 16.66109739113226, 74.08514429749306, 73.07231317033838, 79.6165145026012, 65.9779741323719, 36.637328905214474, 36.43188230485351, 52.06334594683367, 15.904807826588303, 62.98033814074769, 34.334958772969046, 54.592149501853505, 54.36924207537354, 37.55013978312939, 71.1743523755473, 30.768428360837078, 20.38074548272119, 26.979014707740244, 25.616564763078156, 42.89079781085798, 21.81455744269024, 10.502130146439967, 80.18754964430526, 60.77505654829057, 35.08283853770302, 29.399195317450065, 77.91734585544714, 82.98637605303222], [13.78119723311952, 0.0, 61.914422494458194, 52.20348705631888, 40.91427611360828, 86.19622121421483, 23.651566146217686, 22.030372404328453, 30.230481341762477, 84.02955460046476, 71.50850769716286, 85.29613457722823, 75.40148263718626, 50.36337421668545, 35.015563136085454, 39.96029635467903, 2.1904019718887766, 53.90179070148948, 47.72807236437513, 40.81293816539569, 66.16684942282939, 42.315693353177736, 76.20338903378232, 41.70917352690649, 8.602018840215989, 36.282237721712505, 39.39696063300485, 50.83230892854572, 35.546418850058686, 5.259578875123556, 90.11759945947236, 51.02657262795851, 46.137917331500475, 35.59841646960326, 77.33671968908303, 92.51697944545435], [49.244015348396545, 61.914422494458194, 0.0, 63.64056850271219, 53.581998127377204, 104.05816534624624, 85.18630373100197, 43.315138484528404, 33.179038554088216, 33.36669827502479, 77.44191162821501, 55.86022072487952, 29.771057707589605, 19.472231329988716, 56.33316208250706, 91.50837739739009, 63.704501670877875, 92.25234909164703, 16.548340706344565, 101.32339446686635, 9.267275853580347, 40.27514388526014, 52.52589439948899, 22.32991134503879, 69.51139793527912, 29.766368095945694, 28.832102013079705, 29.02913096380111, 32.94580895033997, 57.06259890533034, 38.54885862268575, 92.31983791927695, 49.207202936787816, 37.08572143172822, 77.73660814828492, 42.5892688404064], [53.44883235815557, 52.20348705631888, 63.64056850271219, 0.0, 83.05771188909367, 41.53631196416547, 61.199865622949105, 38.305235427743206, 55.71227561017432, 61.86604653499435, 19.63767926212352, 44.91717203890417, 53.117338088770126, 68.18062565912628, 17.328372567788588, 46.843091514076626, 51.75713072720446, 34.779611539648684, 61.731954174496245, 68.17078641035587, 60.22697735634107, 24.04101602265598, 35.543177155259286, 45.35476550528565, 59.26942755716535, 39.32029261569598, 64.39152384456975, 34.83834909716364, 63.90710059863183, 48.65591132887532, 66.46801569663764, 37.10224555502918, 84.73281912225966, 30.696805766570296, 25.13638301397104, 66.3821536240322], [31.255283732324866, 40.91427611360828, 53.581998127377204, 83.05771188909367, 0.0, 122.36134346985894, 59.69918733311522, 44.77712254917624, 29.26209269729885, 85.87657947131665, 102.39439505143281, 100.50664156840504, 79.9914650237936, 34.23863236248928, 66.7435351489878, 80.79301997617503, 42.94088788734794, 93.91484080814568, 37.72933081362204, 76.9775494638729, 62.06045591608716, 63.22358014089776, 93.58508895776025, 47.027088822462076, 42.03868467084029, 48.201265240498756, 25.945245531628235, 63.17024622071856, 23.145729080112822, 40.37108400166838, 91.52190485423196, 91.43657882089715, 7.413390672343669, 54.68158271109466, 106.42115793601258, 95.27219580321366], [91.43678342363081, 86.19622121421483, 104.05816534624624, 41.53631196416547, 122.36134346985894, 0.0, 85.43569877052363, 78.01633006342234, 96.51065776327445, 94.85649002406291, 27.60515937561079, 68.12059712884167, 87.61454629307751, 109.71558900351512, 55.83851933431977, 60.50498724034932, 85.00900026158008, 38.52600585259995, 103.25246984709975, 83.86155880759269, 99.41608014579056, 65.48421744435866, 62.1683029749597, 86.85261979446112, 91.06215642923468, 80.83512807790683, 105.62293246134263, 75.0419574508544, 104.81355553454601, 84.18670765049636, 97.88245001557435, 43.0732263163668, 124.87809051502575, 72.16311375575316, 30.855192345904424, 96.29499894421518], [37.33853969278264, 23.651566146217686, 85.18630373100197, 61.199865622949105, 59.69918733311522, 85.43569877052363, 0.0, 43.12802733673205, 53.8800582777876, 104.83462090076085, 78.14937548054158, 101.32423725732961, 95.83860333041397, 73.97454584255517, 46.668472544653454, 27.179609654733817, 21.663671919358805, 47.83942696224055, 71.35666467074847, 17.6121447020649, 88.81812502687734, 59.78760414246367, 91.76485541846394, 64.16932676440169, 18.175911093900613, 57.92512460935981, 62.86915333292406, 70.654546226625, 58.8749121709281, 28.173293319571798, 110.82497175670314, 43.67152814056301, 66.09945586142037, 55.04407474797029, 85.12077260064065, 112.77890919096467], [16.1490694823189, 22.030372404328453, 43.315138484528404, 38.305235427743206, 44.77712254917624, 78.01633006342234, 43.12802733673205, 0.0, 19.27861467803066, 62.19070937081784, 57.75872630068073, 64.19371639203865, 53.44866295383295, 37.255028314841184, 22.178243155300056, 48.884063484445974, 23.132708806200444, 54.179696812401595, 32.402063658453265, 58.344136969459264, 45.91314630579773, 21.563814735035553, 55.469293719949995, 21.35223232231087, 30.621871630624188, 14.797144412800222, 29.388427826750792, 28.81081799091115, 27.53123435291858, 16.793958434551666, 68.25662147457773, 52.99469482980071, 46.86701092588982, 13.867994863885864, 62.20851838555925, 70.55274254749268], [16.66109739113226, 30.230481341762477, 33.179038554088216, 55.71227561017432, 29.26209269729885, 96.51065776327445, 53.8800582777876, 19.27861467803066, 0.0, 60.94937128101228, 74.47387688206202, 71.78324416696147, 53.725146265504975, 20.240970459129908, 40.914935681419365, 65.95369177083015, 32.262277938166065, 73.29721035254589, 17.705391984851513, 70.93799281414509, 39.28675890817927, 34.27264275502292, 64.50490868754771, 18.60881019403688, 37.00171112197857, 18.940673176006047, 10.33655842957372, 34.193480934592294, 8.33364614432105, 26.086139922359134, 66.95375500455883, 71.89030827724739, 29.385008557891577, 25.875494258561044, 77.9300444306757, 70.1945356819123], [74.08514429749306, 84.02955460046476, 33.36669827502479, 61.86604653499435, 85.87657947131665, 94.85649002406291, 104.83462090076085, 62.19070937081784, 60.94937128101228, 0.0, 67.42139529924968, 30.75262929719163, 9.275619242548542, 52.51009782511604, 63.821276896965685, 102.81749331253974, 85.2825357740673, 96.16158433218455, 48.15830175649468, 118.45681156891315, 24.200741880654764, 46.68962217163626, 33.15672778116536, 43.37564455952827, 92.51671708406309, 47.77141034391613, 60.1059554933357, 34.34448505404113, 63.60527921210034, 78.7727545093053, 6.106850610459976, 97.79638353197488, 82.14950528127936, 49.84438554481347, 64.45749331603184, 9.397120515238553], [73.07231317033838, 71.50850769716286, 77.44191162821501, 19.63767926212352, 102.39439505143281, 27.60515937561079, 78.14937548054158, 57.75872630068073, 74.47387688206202, 67.42139529924968, 0.0, 42.319948127170974, 60.02748395124419, 85.04608357562833, 36.90845380852606, 59.25602565195628, 70.92441413831213, 41.14147075466671, 78.42997222282563, 82.38101861633226, 72.24909315872426, 40.9991803520859, 35.238300473253695, 62.07494949756892, 78.2263969319378, 56.98511028473467, 82.5710941744007, 48.67729092975957, 82.50255056924084, 68.15845461504074, 70.69982731817937, 44.99448659740795, 103.74348365403777, 48.797055418793505, 7.579924222126474, 69.38827839154652], [79.6165145026012, 85.29613457722823, 55.86022072487952, 44.91717203890417, 100.50664156840504, 68.12059712884167, 101.32423725732961, 64.19371639203865, 71.78324416696147, 30.75262929719163, 42.319948127170974, 0.0, 27.563359547436754, 71.63849525585508, 54.9332734988103, 91.40369923707854, 85.82914099584897, 78.91282984803573, 65.59909507846551, 111.34079127181907, 47.318267708710934, 42.98589892096874, 9.659893824287364, 53.48651230035339, 93.75261979900652, 53.599293066305734, 75.22240879097535, 37.63572665321824, 77.4078607901613, 80.34477093725033, 31.714209849528245, 81.71406301905404, 98.77114595808577, 50.37070734237675, 37.32951338872325, 29.14486355161658], [65.9779741323719, 75.40148263718626, 29.771057707589605, 53.117338088770126, 79.9914650237936, 87.61454629307751, 95.83860333041397, 53.44866295383295, 53.725146265504975, 9.275619242548542, 60.02748395124419, 27.563359547436754, 0.0, 47.759699203998686, 54.55347011745474, 93.54550349922788, 76.57934193465931, 87.17446295481216, 42.65107245043099, 109.27260474628072, 20.646913395236208, 37.42144592583119, 27.34960108957791, 35.567789767244136, 83.93936763198572, 39.29138108526374, 54.048336562994116, 25.22042105397532, 57.20917971324146, 70.14226507184694, 15.033453992808404, 88.71242430533614, 76.86378525093626, 40.79860522265543, 57.75000114407478, 17.117296005303103], [36.637328905214474, 50.36337421668545, 19.472231329988716, 68.18062565912628, 34.23863236248928, 109.71558900351512, 73.97454584255517, 37.255028314841184, 20.240970459129908, 52.51009782511604, 85.04608357562833, 71.63849525585508, 47.759699203998686, 0.0, 56.31649666969184, 85.63076869728877, 52.43160203986809, 91.00105950570669, 6.656651980386831, 91.14012708006932, 28.34016243094886, 44.326151400390785, 66.52994023244757, 22.990148738623073, 56.684827965281315, 29.00733387253129, 11.601130627602037, 37.75395050728612, 15.995707740194844, 46.32522925679381, 57.89200055561093, 90.1028483881489, 29.744808216409464, 37.75782244656794, 86.95263008343366, 61.836514111191526], [36.43188230485351, 35.015563136085454, 56.33316208250706, 17.328372567788588, 66.7435351489878, 55.83851933431977, 46.668472544653454, 22.178243155300056, 40.914935681419365, 63.821276896965685, 36.90845380852606, 54.9332734988103, 54.55347011745474, 56.31649666969184, 0.0, 39.00688791078239, 34.70282719484093, 35.92058083006175, 50.38136516972808, 56.66024980650912, 55.403705280132584, 17.598882408805363, 45.30144448986516, 35.036439408191924, 42.39068084230899, 27.792541644829875, 50.48223513106811, 30.823492452088647, 49.248423672898596, 31.337456485918135, 69.31013338516966, 36.133578806892615, 69.04385051412213, 19.411730427210617, 42.38657585404514, 70.31339429235864], [52.06334594683367, 39.96029635467903, 91.50837739739009, 46.843091514076626, 80.79301997617503, 60.50498724034932, 27.179609654733817, 48.884063484445974, 65.95369177083015, 102.81749331253974, 59.25602565195628, 91.40369923707854, 93.54550349922788, 85.63076869728877, 39.00688791078239, 0.0, 37.87975674851637, 21.98803503424257, 81.21040299386225, 23.70554926097557, 92.46014553447068, 56.294876007467685, 81.82986433154717, 69.17863033549325, 39.880028780393864, 61.77009771174772, 76.18919373762883, 69.31506797694315, 73.07852513786983, 41.611639734533796, 108.31562950232858, 17.47640472040365, 86.08771232674813, 55.423338769699534, 66.7757283588653, 109.25567261604134], [15.904807826588303, 2.1904019718887766, 63.704501670877875, 51.75713072720446, 42.94088788734794, 85.00900026158008, 21.663671919358805, 23.132708806200444, 32.262277938166065, 85.2825357740673, 70.92441413831213, 85.82914099584897, 76.57934193465931, 52.43160203986809, 34.70282719484093, 37.87975674851637, 0.0, 52.213667296730954, 49.69332119218635, 38.71644079361044, 67.78153284807347, 42.89917205653134, 76.65348882864845, 43.2460158411609, 7.949841611793387, 37.607193461867304, 41.51880310384505, 51.8487092720522, 37.69562882581671, 6.6958010547311115, 91.35945830327974, 49.247274911153454, 48.247933687855046, 36.472489491392984, 76.8894240101685, 93.68524175085746], [62.98033814074769, 53.90179070148948, 92.25234909164703, 34.779611539648684, 93.91484080814568, 38.52600585259995, 47.83942696224055, 54.179696812401595, 73.29721035254589, 96.16158433218455, 41.14147075466671, 78.91282984803573, 87.17446295481216, 91.00105950570669, 35.92058083006175, 21.98803503424257, 52.213667296730954, 0.0, 85.48378349226806, 45.40395129366619, 90.98507382586351, 52.741932438775066, 69.87956972762179, 70.78329513443047, 56.656171774133, 63.39122404939827, 83.53371525371116, 65.75758326894477, 81.34288604586776, 53.57497869179499, 101.00429587397441, 4.570816002761641, 98.06003604427323, 55.276388102588214, 48.675989669661014, 101.08880544470878], [34.334958772969046, 47.72807236437513, 16.548340706344565, 61.731954174496245, 37.72933081362204, 103.25246984709975, 71.35666467074847, 32.402063658453265, 17.705391984851513, 48.15830175649468, 78.42997222282563, 65.59909507846551, 42.65107245043099, 6.656651980386831, 50.38136516972808, 81.21040299386225, 49.69332119218635, 85.48378349226806, 0.0, 88.1792102216599, 24.410881553597143, 37.80126910494492, 60.19249227912953, 16.42591335106825, 54.70008893255548, 22.7708072121275, 12.321996208623348, 31.13589693422226, 16.398364714718582, 43.29106321472621, 53.79470316170796, 84.78365591481361, 34.21492704801295, 31.505993991252762, 80.29752011566302, 57.55112914861587], [54.592149501853505, 40.81293816539569, 101.32339446686635, 68.17078641035587, 76.9775494638729, 83.86155880759269, 17.6121447020649, 58.344136969459264, 70.93799281414509, 118.45681156891315, 82.38101861633226, 111.34079127181907, 109.27260474628072, 91.14012708006932, 56.66024980650912, 23.70554926097557, 38.71644079361044, 45.40395129366619, 88.1792102216599, 0.0, 104.24120884384054, 72.14392909261403, 101.68090135815366, 79.68848462033829, 35.78584958362297, 72.96260703786199, 80.2018540990629, 84.12191784658668, 76.28927870166231, 44.90773394753511, 124.30152083010361, 40.83491743735118, 83.52885238176049, 68.80263521681063, 89.81035660318862, 125.86220130553542], [54.36924207537354, 66.16684942282939, 9.267275853580347, 60.22697735634107, 62.06045591608716, 99.41608014579056, 88.81812502687734, 45.91314630579773, 39.28675890817927, 24.200741880654764, 72.24909315872426, 47.318267708710934, 20.646913395236208, 28.34016243094886, 55.403705280132584, 92.46014553447068, 67.78153284807347, 90.98507382586351, 24.410881553597143, 104.24120884384054, 0.0, 38.25187038261867, 44.78861733532395, 24.65066845544873, 74.19169365343218, 31.32509002357617, 36.65197376661377, 25.548578968389055, 40.47967398046217, 61.0858938031639, 29.563734257581164, 91.5102879703101, 58.04552496148163, 37.064378944594, 71.79321248505677, 33.49978285686738], [37.55013978312939, 42.315693353177736, 40.27514388526014, 24.04101602265598, 63.22358014089776, 65.48421744435866, 59.78760414246367, 21.563814735035553, 34.27264275502292, 46.68962217163626, 40.9991803520859, 42.98589892096874, 37.42144592583119, 44.326151400390785, 17.598882408805363, 56.294876007467685, 42.89917205653134, 52.741932438775066, 37.80126910494492, 72.14392909261403, 38.25187038261867, 0.0, 34.0153600123065, 21.38026479604528, 50.79972905501097, 16.0195491481189, 41.67850114363013, 13.23141076650114, 41.9469405520862, 37.36368691145945, 52.367380199679005, 53.401457473688644, 63.63388211281668, 8.580460086057869, 43.810897565999696, 53.74172299604805], [71.1743523755473, 76.20338903378232, 52.52589439948899, 35.543177155259286, 93.58508895776025, 62.1683029749597, 91.76485541846394, 55.469293719949995, 64.50490868754771, 33.15672778116536, 35.238300473253695, 9.659893824287364, 27.34960108957791, 66.52994023244757, 45.30144448986516, 81.82986433154717, 76.65348882864845, 69.87956972762179, 60.19249227912953, 101.68090135815366, 44.78861733532395, 34.0153600123065, 0.0, 46.71096152003295, 84.59506478652764, 45.866855525380046, 68.87837109932272, 30.424621081859755, 70.68037009312512, 71.33314923406546, 35.739602038522854, 72.52535086398721, 92.37761762543488, 41.7840373173794, 31.459696347346323, 34.180847385834724], [30.768428360837078, 41.70917352690649, 22.32991134503879, 45.35476550528565, 47.027088822462076, 86.85261979446112, 64.16932676440169, 21.35223232231087, 18.60881019403688, 43.37564455952827, 62.07494949756892, 53.48651230035339, 35.567789767244136, 22.990148738623073, 35.036439408191924, 69.17863033549325, 43.2460158411609, 70.78329513443047, 16.42591335106825, 79.68848462033829, 24.65066845544873, 21.38026479604528, 46.71096152003295, 0.0, 49.91899107994332, 7.504202376531702, 22.291207569183168, 16.344355332055866, 23.98784293740797, 36.560339093908205, 49.468127598525015, 70.5378020758303, 45.688202279115224, 15.670229080420043, 64.18715326280649, 52.39736793134061], [20.38074548272119, 8.602018840215989, 69.51139793527912, 59.26942755716535, 42.03868467084029, 91.06215642923468, 18.175911093900613, 30.621871630624188, 37.00171112197857, 92.51671708406309, 78.2263969319378, 93.75261979900652, 83.93936763198572, 56.684827965281315, 42.39068084230899, 39.880028780393864, 7.949841611793387, 56.656171774133, 54.70008893255548, 35.78584958362297, 74.19169365343218, 50.79972905501097, 84.59506478652764, 49.91899107994332, 0.0, 44.74652989071213, 45.32710452140146, 59.42930746874399, 41.184900771119345, 13.829508217692156, 98.61131669903726, 53.271524263172765, 48.16818672494288, 44.19368006669972, 84.36385584271679, 101.05660459802976], [26.979014707740244, 36.282237721712505, 29.766368095945694, 39.32029261569598, 48.201265240498756, 80.83512807790683, 57.92512460935981, 14.797144412800222, 18.940673176006047, 47.77141034391613, 56.98511028473467, 53.599293066305734, 39.29138108526374, 29.00733387253129, 27.792541644829875, 61.77009771174772, 37.607193461867304, 63.39122404939827, 22.7708072121275, 72.96260703786199, 31.32509002357617, 16.0195491481189, 45.866855525380046, 7.504202376531702, 44.74652989071213, 0.0, 25.66718656669302, 16.129433048195406, 26.146951760165866, 31.03334191020887, 53.86837575364879, 63.074790082284274, 48.001841254893776, 8.75163301109443, 59.78308790174441, 56.39447780404724], [25.616564763078156, 39.39696063300485, 28.832102013079705, 64.39152384456975, 25.945245531628235, 105.62293246134263, 62.86915333292406, 29.388427826750792, 10.33655842957372, 60.1059554933357, 82.5710941744007, 75.22240879097535, 54.048336562994116, 11.601130627602037, 50.48223513106811, 76.18919373762883, 41.51880310384505, 83.53371525371116, 12.321996208623348, 80.2018540990629, 36.65197376661377, 41.67850114363013, 68.87837109932272, 22.291207569183168, 45.32710452140146, 25.66718656669302, 0.0, 38.61850877265706, 4.412042534462618, 35.71420239085687, 65.85099605911803, 82.19125311646447, 23.55336281635934, 33.82368278393063, 85.44468244470279, 69.50092944510087], [42.89079781085798, 50.83230892854572, 29.02913096380111, 34.83834909716364, 63.17024622071856, 75.0419574508544, 70.654546226625, 28.81081799091115, 34.193480934592294, 34.34448505404113, 48.67729092975957, 37.63572665321824, 25.22042105397532, 37.75395050728612, 30.823492452088647, 69.31506797694315, 51.8487092720522, 65.75758326894477, 31.13589693422226, 84.12191784658668, 25.548578968389055, 13.23141076650114, 30.424621081859755, 16.344355332055866, 59.42930746874399, 16.129433048195406, 38.61850877265706, 0.0, 40.26657617284611, 45.60400168653766, 40.246698101429544, 66.5604497983693, 62.0288602184455, 15.619494247532442, 49.664331215677684, 42.129216106627], [21.81455744269024, 35.546418850058686, 32.94580895033997, 63.90710059863183, 23.145729080112822, 104.81355553454601, 58.8749121709281, 27.53123435291858, 8.33364614432105, 63.60527921210034, 82.50255056924084, 77.4078607901613, 57.20917971324146, 15.995707740194844, 49.248423672898596, 73.07852513786983, 37.69562882581671, 81.34288604586776, 16.398364714718582, 76.28927870166231, 40.47967398046217, 41.9469405520862, 70.68037009312512, 23.98784293740797, 41.184900771119345, 26.146951760165866, 4.412042534462618, 40.26657617284611, 0.0, 32.12057094193192, 69.42989224232865, 79.80029615101292, 21.910280427165322, 33.74159993856418, 85.74012286173524, 72.98432885174779], [10.502130146439967, 5.259578875123556, 57.06259890533034, 48.65591132887532, 40.37108400166838, 84.18670765049636, 28.173293319571798, 16.793958434551666, 26.086139922359134, 78.7727545093053, 68.15845461504074, 80.34477093725033, 70.14226507184694, 46.32522925679381, 31.337456485918135, 41.611639734533796, 6.6958010547311115, 53.57497869179499, 43.29106321472621, 44.90773394753511, 61.0858938031639, 37.36368691145945, 71.33314923406546, 36.560339093908205, 13.829508217692156, 31.03334191020887, 35.71420239085687, 45.60400168653766, 32.12057094193192, 0.0, 84.8599041560569, 51.070482178622605, 44.92379214730978, 30.443309258723225, 73.71540474266972, 87.25796887989415], [80.18754964430526, 90.11759945947236, 38.54885862268575, 66.46801569663764, 91.52190485423196, 97.88245001557435, 110.82497175670314, 68.25662147457773, 66.95375500455883, 6.106850610459976, 70.69982731817937, 31.714209849528245, 15.033453992808404, 57.89200055561093, 69.31013338516966, 108.31562950232858, 91.35945830327974, 101.00429587397441, 53.79470316170796, 124.30152083010361, 29.563734257581164, 52.367380199679005, 35.739602038522854, 49.468127598525015, 98.61131669903726, 53.86837575364879, 65.85099605911803, 40.246698101429544, 69.42989224232865, 84.8599041560569, 0.0, 102.79327558463744, 87.60918287177951, 55.80163525278717, 67.19575686608225, 4.38869956986193], [60.77505654829057, 51.02657262795851, 92.31983791927695, 37.10224555502918, 91.43657882089715, 43.0732263163668, 43.67152814056301, 52.99469482980071, 71.89030827724739, 97.79638353197488, 44.99448659740795, 81.71406301905404, 88.71242430533614, 90.1028483881489, 36.133578806892615, 17.47640472040365, 49.247274911153454, 4.570816002761641, 84.78365591481361, 40.83491743735118, 91.5102879703101, 53.401457473688644, 72.52535086398721, 70.5378020758303, 53.271524263172765, 63.074790082284274, 82.19125311646447, 66.5604497983693, 79.80029615101292, 51.070482178622605, 102.79327558463744, 0.0, 95.83224350870864, 55.23721905300047, 52.56194745084792, 103.0569566129313], [35.08283853770302, 46.137917331500475, 49.207202936787816, 84.73281912225966, 7.413390672343669, 124.87809051502575, 66.09945586142037, 46.86701092588982, 29.385008557891577, 82.14950528127936, 103.74348365403777, 98.77114595808577, 76.86378525093626, 29.744808216409464, 69.04385051412213, 86.08771232674813, 48.247933687855046, 98.06003604427323, 34.21492704801295, 83.52885238176049, 58.04552496148163, 63.63388211281668, 92.37761762543488, 45.688202279115224, 48.16818672494288, 48.001841254893776, 23.55336281635934, 62.0288602184455, 21.910280427165322, 44.92379214730978, 87.60918287177951, 95.83224350870864, 0.0, 55.26036777382553, 107.31228847358038, 91.508465212965], [29.399195317450065, 35.59841646960326, 37.08572143172822, 30.696805766570296, 54.68158271109466, 72.16311375575316, 55.04407474797029, 13.867994863885864, 25.875494258561044, 49.84438554481347, 48.797055418793505, 50.37070734237675, 40.79860522265543, 37.75782244656794, 19.411730427210617, 55.423338769699534, 36.472489491392984, 55.276388102588214, 31.505993991252762, 68.80263521681063, 37.064378944594, 8.580460086057869, 41.7840373173794, 15.670229080420043, 44.19368006669972, 8.75163301109443, 33.82368278393063, 15.619494247532442, 33.74159993856418, 30.443309258723225, 55.80163525278717, 55.23721905300047, 55.26036777382553, 0.0, 52.05718627077577, 57.748042909152986], [77.91734585544714, 77.33671968908303, 77.73660814828492, 25.13638301397104, 106.42115793601258, 30.855192345904424, 85.12077260064065, 62.20851838555925, 77.9300444306757, 64.45749331603184, 7.579924222126474, 37.32951338872325, 57.75000114407478, 86.95263008343366, 42.38657585404514, 66.7757283588653, 76.8894240101685, 48.675989669661014, 80.29752011566302, 89.81035660318862, 71.79321248505677, 43.810897565999696, 31.459696347346323, 64.18715326280649, 84.36385584271679, 59.78308790174441, 85.44468244470279, 49.664331215677684, 85.74012286173524, 73.71540474266972, 67.19575686608225, 52.56194745084792, 107.31228847358038, 52.05718627077577, 0.0, 65.48456967564357], [82.98637605303222, 92.51697944545435, 42.5892688404064, 66.3821536240322, 95.27219580321366, 96.29499894421518, 112.77890919096467, 70.55274254749268, 70.1945356819123, 9.397120515238553, 69.38827839154652, 29.14486355161658, 17.117296005303103, 61.836514111191526, 70.31339429235864, 109.25567261604134, 93.68524175085746, 101.08880544470878, 57.55112914861587, 125.86220130553542, 33.49978285686738, 53.74172299604805, 34.180847385834724, 52.39736793134061, 101.05660459802976, 56.39447780404724, 69.50092944510087, 42.129216106627, 72.98432885174779, 87.25796887989415, 4.38869956986193, 103.0569566129313, 91.508465212965, 57.748042909152986, 65.48456967564357, 0.0]]",Route_0,1915.349331987989
