instance_id,num_cities,city_coordinates,distance_matrix,best_route,total_distance
2553,100,"[[94.94512820023972, 33.37671700511814], [19.660628295834826, 60.105512218985304], [41.72023847698324, 10.51968683669462], [17.837380647326274, 24.48428597649577], [54.3233712058038, 79.96686111642165], [98.91713970418449, 97.12907020565505], [36.92661748026319, 38.91538584291359], [57.916341387044035, 86.89513778190101], [98.07465833484922, 94.92815503353404], [37.57514841011316, 20.504314898618702], [99.9257416678326, 89.27024047909184], [79.64658214656141, 21.524788967345398], [37.11449012582686, 71.81812458489733], [2.694915684439536, 94.93331589449937], [12.21049727414062, 48.852725105461424], [65.76354972257543, 94.1056477462181], [30.6260229541947, 6.801507243431326], [33.40924708613283, 89.12940940864607], [98.60430937359487, 16.182211402251223], [78.56011637777216, 90.83389319852863], [66.03146327842651, 86.40333977132889], [81.72224554642067, 82.2976545997901], [29.891502073410827, 65.4426639649857], [26.181844065864823, 0.7523411743999509], [60.793764796136514, 10.986707817873487], [88.07809896064457, 58.052447175341904], [28.196438822138358, 49.720423075170594], [48.74700750133192, 3.684714585673554], [73.76396118553052, 12.939885398558593], [60.29529308612342, 4.345253745439948], [65.79330253929969, 68.30315130061548], [13.499532456714359, 95.80752341733368], [88.89204591193692, 83.18565430454524], [89.05587555760502, 52.814633273067635], [29.45408020688285, 50.495351568104994], [99.89015210926746, 86.2216529296622], [56.899534679440755, 14.392707604793797], [75.31513939925192, 77.99581320903438], [2.335146485907924, 87.02563735581434], [34.39454171876013, 0.19666318367098645], [74.64291112580968, 11.676668158491644], [11.282380012078407, 10.978639376268706], [2.031797987915962, 16.94859911694917], [57.368869764497255, 52.82725266287156], [26.220627690509758, 82.57257465363679], [80.18293852005067, 13.98533371566353], [93.53330826122229, 95.03008266071996], [63.87882007058242, 81.6676353935509], [53.086378440350224, 5.756395665894454], [87.22217228403028, 67.68835588552481], [0.0309362242585709, 23.39352720307909], [56.88756155328689, 47.29056896573286], [92.66986679762024, 87.48468027933329], [5.271550177829143, 27.19013710123833], [8.996740002054104, 56.60467714215306], [36.559479985340616, 82.86455079258856], [99.52622894108511, 75.9943249602168], [28.475317862364413, 34.42281548334911], [42.85805771480281, 98.08516432541035], [22.142926325558175, 43.65734157128664], [69.35124718395159, 49.76191741649969], [86.38389797217236, 70.10867637169794], [82.55839241544808, 19.871075328655287], [38.82796290504651, 63.128794239643206], [94.60029756495861, 73.47945283724732], [21.00964610976043, 26.510014752892463], [70.3579332567848, 42.355419491813485], [54.89075473565453, 94.21065113932804], [76.43269267777367, 34.237498369871176], [27.500590299847783, 82.11996526474506], [54.40708935930195, 75.99148865073099], [73.1256298914162, 85.78155032805506], [99.05242280916666, 86.54817564231233], [33.68252053642434, 86.40210322336921], [52.10865891821358, 13.748379814700428], [12.818918564903969, 52.30672022161603], [8.852295508105879, 23.050032286011756], [76.85745854768759, 86.52535795446674], [27.001886965223854, 98.13196273694756], [8.578487679106473, 86.11632241615436], [57.19999768851075, 86.57330523243921], [54.77572016291371, 43.378272123421894], [10.044946468225236, 94.01000894413163], [43.35272664213426, 28.455632653343798], [51.43993369163279, 52.90105297580154], [76.14239412165833, 57.207667118849095], [35.1855673996254, 64.44125716939573], [17.462001175511354, 70.60566632495583], [23.734222920380553, 19.733973707391616], [20.84398261312804, 58.84783283486655], [16.236153696014387, 50.476880169865765], [59.73150593949491, 16.21454176293753], [73.83210367338025, 27.852733663801367], [1.9700903745200726, 75.20482082055351], [6.308488738428519, 43.55205936888809], [28.56079181797737, 90.14241981782966], [71.5311075358221, 69.22740326891505], [10.477233719262724, 97.53520221940465], [73.69464574382366, 96.69893417496867], [2.3575025792098803, 95.3131852522101]]","[[0.0, 79.88857502447512, 57.92523382924782, 77.61881255393332, 61.81236663991303, 63.875968986728324, 58.28228237345204, 65.07958524220848, 61.63094581644316, 58.79637163219293, 56.11499333377147, 19.352356692895565, 69.44151868161033, 110.90228390812548, 84.1696262389214, 67.3763129846491, 69.59302460397501, 83.03630154776825, 17.579551467158044, 59.74776739379488, 60.39720805799645, 50.676451738637525, 72.52723093212835, 76.11004627044134, 40.83660286757482, 25.613429095127934, 68.72047920233481, 54.917040741350554, 29.433075310267466, 45.20439063225487, 45.4937880590695, 102.62061515746868, 50.175392774618366, 20.310487082504828, 67.6913954396662, 53.0757997050447, 42.518934596970595, 48.746284026387485, 107.02717116659775, 69.04556100753523, 29.716529711311424, 86.6090602411991, 94.35449108808702, 42.31191954288111, 84.51798258409382, 24.371048193141377, 61.669528392906884, 57.42062608161883, 50.1501453870577, 35.17005275434129, 95.43776986642628, 40.52127410964712, 54.1557799697693, 89.8867307573729, 89.03181210103328, 76.5371126346575, 42.863119249679706, 66.47804155041929, 83.0677197613965, 73.5244982252337, 30.3894971659133, 37.71646194867758, 18.325762753436706, 63.516315545985364, 40.10421834905359, 74.25366732877445, 26.175317639563502, 72.83625728911291, 18.532436794209467, 83.21460174450772, 58.81625077712033, 56.76580891745975, 53.32985920299596, 81.02344525731587, 47.11936673397367, 84.27964956526418, 86.7099547816949, 56.1421573171412, 93.85907457091815, 101.1961588886577, 65.22707931813756, 41.39580228542092, 104.32850497103237, 51.82656625448074, 47.68544478483812, 30.355510078945795, 67.35139762989581, 85.9629550503543, 72.50598234259526, 78.35660482010934, 80.54513174467955, 39.17319813042764, 21.823707215478194, 101.95071322697471, 89.2187841617618, 87.34543567201692, 42.8192488170796, 106.07137419229227, 66.79286033653717, 111.39387109290625], [79.88857502447512, 0.0, 54.27135966775892, 35.66785655189301, 39.94970495596057, 87.47764541078, 27.333785657143935, 46.70314359781515, 85.79846478550239, 43.46475422835719, 85.39947189008555, 71.32171384649368, 21.01957614260022, 38.740306055484496, 13.495542599788253, 57.28427864563204, 54.42018767376194, 32.115590088256724, 90.34025202944922, 66.4332980811448, 53.3088179474611, 65.9100562828475, 11.539322640975392, 59.71034389590377, 64.06708877533872, 68.4482678250044, 13.44284708928627, 63.47695535282935, 71.77581057108992, 68.99552454801476, 46.85536169283422, 36.22972130096809, 72.97727141942734, 69.77719726620043, 13.721038155684083, 84.37315507286681, 58.96097569021577, 58.45928049227879, 32.013519914696076, 61.69407100759635, 73.26939580910272, 49.83617842098963, 46.61861008784042, 38.40422550742449, 23.405180761973696, 76.09218685288579, 81.71229078791173, 49.19526033698261, 63.80522896146542, 67.98574662486283, 41.63045345216679, 39.3708944569319, 77.97414796127859, 35.9230773769184, 11.223829995924412, 28.346869760498663, 81.43075915618448, 27.15326248849194, 44.503648229926924, 16.63442578402345, 50.75576380000673, 67.46894107192864, 74.66551173820787, 19.4043023630822, 76.1236909104285, 33.62257127372234, 53.71482590613844, 49.03388940051116, 62.387670534208674, 23.36880713961087, 38.205769245298754, 59.31075221740086, 83.67957627143235, 29.801412054776012, 56.584966342830214, 10.374495103885536, 38.59959391902073, 63.003854164216776, 38.728607228325565, 28.273239781851924, 45.93199670603068, 38.89563263462896, 35.241683206045636, 39.53517927833812, 32.585709819276445, 56.556055175618, 16.119007985959158, 10.727870127073299, 40.576536261221456, 1.7268714119742141, 10.219470701662942, 59.4314102365646, 63.04593935464633, 23.25820827559309, 21.26726197752889, 31.32776290804038, 52.6664552909415, 38.53980318419525, 65.25912635040564, 39.2298151917619], [57.92523382924782, 54.27135966775892, 0.0, 27.66588020011187, 70.58150586392337, 103.79147748031038, 28.797474269664352, 78.07383208576935, 101.49192155464144, 10.810854230699205, 97.92614717573676, 39.49075609619303, 61.47122406658634, 92.99804616103981, 48.37609584054389, 86.97524749502473, 11.700704147778536, 79.04784032937246, 57.165214127354325, 88.36033243077063, 79.68289925730826, 82.1719978203238, 56.182314134787866, 18.353276060753366, 19.079243036459644, 66.39589244850836, 41.46795001857394, 9.802669462639964, 32.134989125579565, 19.574378093081798, 62.59745345300875, 89.8355348227428, 86.63441720655294, 63.47853993188563, 41.8152174384551, 95.47002944551876, 15.665609565927165, 75.37668736547802, 86.04850920253912, 12.658224612256095, 32.94299591902308, 30.441318390686703, 40.205761049399904, 45.108865950152826, 73.70113009508755, 38.61851891117377, 99.12921467861966, 74.51867767271008, 12.323882523160906, 73.06628977165575, 43.63179675532724, 39.776192148678554, 92.30100130354205, 40.08005477480687, 56.52126753614862, 72.52870306992855, 87.34106005162761, 27.327412632484428, 87.57286954556608, 38.48863874422379, 47.99401320001432, 74.4693907139365, 41.89514630394941, 52.68855131543286, 82.22063478222555, 26.165229276060316, 42.820922876431275, 84.72095375067839, 42.04151591659435, 72.99861824210002, 66.6896769979181, 81.55149726452552, 95.22242629950885, 76.3069199114513, 10.878590791549994, 50.807897533482794, 35.17543506603148, 83.73461814781297, 88.8399727580201, 82.54227375643468, 77.61298742048531, 35.357209011696554, 89.29702127979228, 18.010085228758175, 43.481636018930104, 58.00562302098894, 54.31609037139629, 64.79804787212551, 20.208904921787646, 52.64435159173081, 47.39214994266482, 18.890133092095585, 36.49118247881601, 75.9225976417926, 48.42653874325151, 80.70285400006837, 65.84287267980675, 92.45444966906457, 91.91966814483825, 93.48455675083389], [77.61881255393332, 35.66785655189301, 27.66588020011187, 0.0, 66.40439481834642, 108.86318020533523, 23.930223697627227, 74.17167597575299, 106.77246563805588, 20.135035287737818, 104.57398775912407, 61.88001302941218, 51.10870011311483, 72.0580325955408, 25.009650978722945, 84.52249225442849, 21.822695428739806, 66.49417273675925, 81.19249483856541, 89.9417645652319, 78.46425188262968, 86.16067290097297, 42.69532258693928, 25.1562173991451, 45.027053593237405, 77.84972675252398, 27.279528990293304, 37.256237092543, 57.1056529198303, 46.992073245006665, 64.96047569716832, 71.45502869614522, 92.16624164764013, 76.64647803539167, 28.48724700401917, 102.68475925323814, 40.34466298856443, 78.53137142507627, 64.4339964331473, 29.39435666368541, 58.23146372120457, 15.012345700067154, 17.510083370692307, 48.642187372753035, 58.69010233783815, 63.223386377482676, 103.47261902136275, 73.41491398018788, 39.91523169040262, 81.73641151392138, 17.839821122802334, 45.22215355965941, 97.82101341606997, 12.853860342224552, 33.31480835384879, 61.30882745265643, 96.57303998355445, 14.55816186713446, 77.73753002666517, 19.65054158104257, 57.381504831870004, 82.34203080018881, 64.8852146237547, 43.97729598802762, 91.06630435795785, 3.763886985507698, 55.47779609470093, 78.96023385318856, 59.40147930763834, 58.44013302351829, 63.16910259457145, 82.54783535297308, 102.21452672590215, 63.9131015576799, 35.913509929210036, 28.27141328262086, 9.098837211847798, 85.62980910606127, 74.21568882832509, 62.323631270139856, 73.51504561989921, 41.49004264506177, 69.96104762371752, 25.822557496547, 44.00732004778599, 66.86025926983659, 43.56052261512577, 46.12290791998243, 7.572200172161418, 34.49482581588443, 26.041867841052017, 42.702533921930254, 56.095948575513134, 53.14455339419803, 22.282175180863124, 66.52805488409653, 69.89250927116274, 73.42076087000987, 91.29616354748752, 72.50075584166717], [61.81236663991303, 39.94970495596057, 70.58150586392337, 66.40439481834642, 0.0, 47.78227296508336, 44.585543198648544, 7.804514864916798, 46.23867905901292, 61.77618772244241, 46.54169162505671, 63.69254908879012, 19.040680005845047, 53.75399695041973, 52.360133789866204, 18.187439947901236, 76.90730343418589, 22.83315306523275, 77.64845796394901, 26.56147968025264, 13.360676534370826, 27.497834703754876, 28.423028202430455, 84.06477097698463, 69.28295275394248, 40.244542290656106, 39.96828254959006, 76.48569612354375, 69.78934025080662, 75.85704550215198, 16.35852840149272, 43.78940959116933, 34.71820704653911, 44.08616943447571, 38.5623068532671, 45.99406420975691, 65.62473791954858, 21.08410210895109, 52.46524403378114, 82.22191145281091, 71.2490993402164, 81.31360071849518, 81.888399514436, 27.30995072282284, 28.22328712472074, 70.86804060941053, 42.003807055819266, 9.705629096001118, 74.22077427166651, 35.11542115780297, 78.41052611923907, 32.77674695352319, 39.07648051116476, 72.05181291220426, 50.993089103606074, 17.998678750169784, 45.377080017872856, 52.36775681917913, 21.441229550092952, 48.51764877123652, 33.73685937265125, 33.54193171238261, 66.39819193440559, 22.882923208236345, 40.79604469947398, 62.987607534408816, 40.88676706769646, 14.255086049778628, 50.793668041956835, 26.909058567747152, 3.976253886536503, 19.680842012184655, 45.21063766664873, 21.62075524422432, 66.25550706487127, 49.87687824374332, 72.85014845019847, 23.46910678117713, 32.80905999860848, 46.156367308834156, 7.205559227365627, 36.591385107394636, 46.45200639533588, 52.66651402853405, 27.21896732433078, 31.528569146438088, 24.64345577315981, 38.03146813408482, 67.55513835717089, 39.58387065581778, 48.16944170183248, 63.9812952685891, 55.6459605240077, 52.56941165334393, 60.26165218999589, 27.69932294479162, 20.284036690506227, 47.23484287683643, 25.59704174438701, 54.18451039362727], [63.875968986728324, 87.47764541078, 103.79147748031038, 108.86318020533523, 47.78227296508336, 0.0, 85.03915505624084, 42.258713131102226, 2.3566506853052096, 98.15392514711328, 7.923287360192641, 78.02154657620602, 66.78481461471779, 96.24727389542491, 99.2403513583284, 33.291164173649385, 113.2375611608411, 65.99453438069997, 80.94746328918487, 21.30815928847795, 34.59059131222657, 22.707603879991275, 75.95108288091492, 120.74310386253012, 94.20137107350118, 40.55203165925622, 85.14104389770326, 106.06078333901401, 87.86638280977952, 100.501162347069, 43.91038817006429, 85.42782985536262, 17.173274368468086, 45.398390403414986, 83.66492902460297, 10.950730787169993, 92.79431463423049, 30.38315226721499, 97.10901487177419, 116.44336469659521, 88.83327748487751, 122.88916892217175, 125.76039672124497, 60.73639578189669, 74.13956043645176, 85.22823013253736, 5.778528335140459, 38.29803923434476, 102.22242577131296, 31.67850884492498, 123.35076627470963, 65.1947976865036, 11.490982369668332, 116.88007016391936, 98.63014101052528, 63.96838468882011, 21.143520196222838, 94.30866686415112, 56.067234544411484, 93.5601710294203, 55.83716651003302, 29.78563128851222, 78.97092113728485, 69.04149429265726, 24.040372869967907, 105.15050428412403, 61.77200891526123, 44.12300696058579, 66.78997054991893, 72.97668641387682, 49.2741507861378, 28.177441079605693, 10.581759365959389, 66.11069019910282, 95.62098830049206, 97.066712839367, 116.6163797207059, 24.475870694059196, 71.92224530656638, 91.00743191401065, 43.03189645048963, 69.552952587187, 88.92690972772425, 88.3371101190283, 64.88607399775775, 45.960934071970684, 71.625459366797, 85.66463999891683, 107.90028701581797, 86.95326901734882, 94.9345684269888, 89.90369740254137, 73.67815033866498, 99.39518642685124, 106.98999169969245, 70.70239721202317, 39.09600715898428, 88.44083849576728, 25.226161392200233, 96.57671023528873], [58.28228237345204, 27.333785657143935, 28.797474269664352, 23.930223697627227, 44.585543198648544, 85.03915505624084, 0.0, 52.37007834450561, 82.92474427308076, 18.422489671128368, 80.65048687907243, 46.124052735837196, 32.90327510832606, 65.64920330897058, 26.639018556667494, 62.26984559241377, 32.726116330603745, 50.33706444707957, 65.73381852165852, 66.5498282227981, 55.6973771127704, 62.35919768835532, 27.444295096677145, 39.646792229608295, 36.73760712436177, 54.61411149216768, 13.891178819424882, 37.16075641703086, 45.07456616091479, 41.72755723510189, 41.193764878856335, 61.52677165663196, 68.26611474042113, 53.95042749430955, 13.781669691973692, 78.7546163641257, 31.627190349690515, 54.781004173374924, 59.25509401045526, 38.801428994630314, 46.5238277385764, 37.92214021473798, 41.23333780410582, 24.727024019653484, 44.95073249940918, 49.926113497493134, 79.70681677325628, 50.538856992511995, 36.88707773525581, 57.94416828371723, 40.02773277341218, 21.64677760377135, 73.9343371276747, 33.75684736428724, 33.06038539728659, 43.95069839847732, 72.75684903231135, 9.571188728007263, 59.466332230293574, 15.525581093394004, 34.19069842220413, 58.472591593570804, 49.44638153291763, 24.28794475889553, 67.23784724171784, 20.18026782504475, 33.60783697376352, 58.14014612581736, 39.78206390726605, 44.22087370714507, 40.990295150556186, 59.21829002167443, 78.28472617208618, 47.59740006084671, 29.391709284214148, 27.577327343958302, 32.24712386681721, 62.13840610133781, 60.04251206306404, 55.05946673020297, 51.79080251943086, 18.39858202494288, 61.302868864880296, 12.276046421670074, 20.155278033387333, 43.27221616540726, 25.58517856805795, 37.190659646229975, 23.280159916469014, 25.61159087906501, 23.701549372972618, 32.17749616706347, 38.52787542009513, 50.387318625730714, 30.967217327975, 51.905645635893656, 46.00314263655791, 64.31059612031446, 68.4896076805301, 66.1493422737783], [65.07958524220848, 46.70314359781515, 78.07383208576935, 74.17167597575299, 7.804514864916798, 42.258713131102226, 52.37007834450561, 0.0, 40.953873885695, 69.4370613926317, 42.076487790376724, 68.88748701762361, 25.691114083208333, 55.80338846340896, 59.46637157518154, 10.65692885435337, 84.6153126390206, 24.608730986701293, 81.5832623523254, 21.01616616083498, 8.130010368701742, 24.245781580621777, 35.29306236954224, 91.80228606951587, 75.96294692202815, 41.732869795334494, 47.594453689419375, 83.71410402317483, 75.63416164909384, 82.58415565724289, 20.19179235022113, 45.3021360784244, 31.197027718714565, 46.164395110692695, 46.20654442714544, 41.9792135275452, 72.50955990396669, 19.54267510150125, 55.58134810147079, 89.83262523880073, 77.05579996154441, 89.09568498919664, 89.52988586017874, 34.072283775245864, 31.98910468785427, 76.23411885016287, 36.534171093617736, 7.9295607237636965, 81.28237210019311, 35.03900962324303, 85.92540181438885, 39.617928505424715, 34.75852541204596, 79.60000720942028, 57.53815608302398, 21.733871270668374, 43.01407284172631, 60.167420366705485, 18.76082623975101, 56.118127608750115, 38.853997545807374, 33.04825357872515, 71.41047280772655, 30.482868605835073, 39.06012344319158, 70.77052521720302, 46.24478039318121, 7.916496085248797, 55.81829676341856, 30.788312502748205, 11.454449535873684, 15.250001109068494, 41.1375446215961, 24.238835700087503, 73.37695398945765, 56.8342869623919, 80.52004777564267, 18.944726348353594, 32.89330824452223, 49.34400026223828, 0.7853180784379231, 43.63004811378939, 48.39722970510452, 60.22685973972758, 34.60551485589349, 34.83582800299871, 31.95097558178386, 43.61078447238781, 75.35940009522494, 46.48667658430629, 55.34914212032579, 70.70390000522171, 61.14995480946942, 57.1545843569272, 67.39430911670361, 29.534609039613084, 22.304947883984582, 48.61769130213381, 18.576041346096783, 56.19295412137785], [61.63094581644316, 85.79846478550239, 101.49192155464144, 106.77246563805588, 46.23867905901292, 2.3566506853052096, 82.92474427308076, 40.953873885695, 0.0, 95.91193190401637, 5.95302499667335, 75.68122714285381, 65.19367772575202, 95.37974279003306, 97.44536621982616, 32.3215757349768, 110.9757832386566, 64.9248863132449, 78.74772484715996, 19.93941643499385, 33.15778678800318, 20.662307354455052, 74.28550990149539, 118.48063411184529, 91.84787196067396, 38.206662107081954, 83.22682615050174, 103.72358729582997, 85.5165852546939, 98.14551667990357, 41.844674162631335, 84.57969736323713, 14.906599017875466, 43.06840092054027, 81.7499710483972, 8.89377290747162, 90.45081039208858, 28.367232890106013, 96.06510248118326, 114.14557722636201, 86.48616562302718, 120.74941306501971, 123.71354883184101, 58.56148225205925, 72.90858719219415, 82.89664625802402, 4.542493779017763, 36.676923749385956, 99.8776651538571, 29.322058439118898, 121.36628207265979, 62.9739354627051, 9.19875469709492, 114.89497794507635, 96.97197787090498, 62.686902257600906, 18.98939120851799, 92.22236338485386, 55.30677799061072, 91.62054485218565, 53.525913057339984, 27.435021394248515, 76.64411081032966, 67.24113522429441, 21.728276707193086, 103.05366577038701, 59.43155198539487, 43.18986387918745, 64.43392339264034, 71.72690432579898, 47.596784701571615, 26.572813135035595, 8.436828667487438, 64.95414513116889, 93.29002629944156, 95.31593712043752, 114.57353341018558, 22.82052947589765, 71.14494510476125, 89.92893280873818, 41.719796238143175, 67.32153054456921, 88.03449984842491, 86.09928013501074, 62.777980613585214, 43.63323758374007, 69.88911717883731, 84.20204244118939, 105.7386648436681, 85.24298752620835, 93.131394698705, 87.55586930484097, 71.32190132379746, 98.10758327121533, 105.1690690656806, 69.67841057085265, 36.947107197818596, 87.63621109058009, 24.44423598123502, 95.71793016054315], [58.79637163219293, 43.46475422835719, 10.810854230699205, 20.135035287737818, 61.77618772244241, 98.15392514711328, 18.422489671128368, 69.4370613926317, 95.91193190401637, 0.0, 92.8242910047189, 42.083808097239725, 51.31587737313379, 82.19675677447351, 38.03942544919701, 78.81460629537864, 15.36415576063832, 68.75142420598522, 61.18201587509088, 81.40035124711193, 71.78052197538457, 75.94328816285832, 45.59049942518909, 22.802365006351774, 25.093604592102025, 62.93179047015684, 30.684542859875762, 20.191814931829974, 36.97094485884274, 27.88046325746773, 55.506693144551306, 79.05826014243306, 81.00848275911385, 60.780111394211495, 31.071112456299176, 90.56449748059143, 20.267798311610235, 68.77193684808364, 75.27910783924176, 20.555217758532713, 38.104414176255965, 27.96512406891471, 35.720762505231036, 37.90202779227999, 63.0982884854122, 43.103606504748676, 93.19552411169182, 66.5795382740641, 21.40325626501458, 68.49204846835384, 37.65521765169759, 33.02230622413612, 86.72829607880429, 32.98822028054658, 46.043040530054284, 62.36850650048185, 83.16897014867523, 16.629238543146887, 77.76051265587242, 27.824739398102178, 43.19407087065367, 69.59085220748285, 44.987700914766336, 42.642886666502065, 77.83465086803628, 17.62056461077838, 39.39773793310857, 75.71297262985803, 41.21297216615515, 62.43384571815068, 57.98396922524429, 74.33003564416293, 90.22885796389599, 66.01265831533104, 16.027026753181115, 40.30215751640395, 28.83544617041365, 76.82368134844049, 78.34440354290525, 71.7338264978961, 68.92202980854735, 28.619531578021437, 78.49203192728345, 9.828726482293145, 35.23891185811832, 53.24066590471038, 44.001874886319065, 53.98781442535069, 13.862346264728455, 41.834881100029015, 36.792762390822205, 22.56781629944296, 36.99413552593221, 65.26764516844143, 38.84330743116224, 70.21911621139371, 59.388100664076845, 81.6581568615177, 84.3222277593983, 82.68403510624881], [56.11499333377147, 85.39947189008555, 97.92614717573676, 104.57398775912407, 46.54169162505671, 7.923287360192641, 80.65048687907243, 42.076487790376724, 5.95302499667335, 92.8242910047189, 0.0, 70.71556060316253, 65.19071766331089, 97.3956053658144, 96.57918848293748, 34.50270311067773, 107.71974273680694, 66.51664366778961, 73.0999738552987, 21.422767184989716, 34.015308718380496, 19.493184062294624, 73.97667279693279, 115.21102781784859, 87.51927273353564, 33.39037670456624, 81.91020048451126, 99.72033430217888, 80.68929213175966, 93.71673183854868, 40.057985839045685, 86.67309678798033, 12.600183766483484, 38.04162570151541, 80.4347380124165, 3.048795280634022, 86.35913047935072, 27.07017647319802, 97.6164049283896, 110.58227859367263, 81.60872493605608, 118.26757953419191, 121.71131425845782, 56.02837412570592, 74.00880051669274, 77.83055609791158, 8.604591031258256, 36.83992617697536, 95.75222307100155, 25.04313114806384, 119.66082695126047, 60.12135866679662, 7.472345372046243, 113.19609181429905, 96.61843701931173, 63.68921400028286, 13.281925435837241, 90.07443083719507, 57.7444666975052, 90.17041038691139, 49.95705459855516, 23.46373946581105, 71.53928252108675, 66.45535178777054, 16.664613084097237, 100.82953967629862, 55.45498825624979, 45.305162017955794, 59.83749706420964, 72.77725596858139, 47.41595678781669, 27.02622708034464, 2.8587274799345663, 66.30528302618366, 89.38693887193845, 94.62505197308863, 112.60323516020092, 23.23101517767055, 73.4603206231947, 91.40168494304996, 42.81077736167838, 64.37854612720335, 90.00568176963023, 83.05975291377543, 60.610159006179884, 39.92062413068039, 69.33807450795707, 84.54959978817253, 103.15250809160385, 84.73162043804994, 92.24354686900399, 83.38292211652629, 66.73071322256176, 98.96032361743688, 104.1841740864389, 71.3702792755589, 34.75587102813542, 89.82953393396963, 27.262719662603704, 97.75519659018441], [19.352356692895565, 71.32171384649368, 39.49075609619303, 61.88001302941218, 63.69254908879012, 78.02154657620602, 46.124052735837196, 68.88748701762361, 75.68122714285381, 42.083808097239725, 70.71556060316253, 0.0, 65.86652001738022, 106.35022706563603, 72.7629138812437, 73.89668226899032, 51.18388660754546, 81.90406496934487, 19.6961558851887, 69.31761924067915, 66.29176280819895, 60.80830186519513, 66.36526001903395, 57.3582845397954, 21.598145206506445, 37.48813532234408, 58.6695068229317, 35.679853800144606, 10.407007190183375, 25.876800782579693, 48.78656104358735, 99.46535487313444, 62.350147669184906, 32.67398290951758, 57.953263483337736, 67.79001645812973, 23.83893355486978, 56.636895882266046, 101.32827455118614, 50.02635417780911, 11.046366241877418, 69.17286610139715, 77.74957384796389, 38.42057654939223, 81.12437825178982, 7.55850935380091, 74.80554366577957, 62.175431619980095, 30.88829306103977, 46.78102688633656, 79.63757441195199, 34.378022591335835, 67.23327453717958, 74.59049235544803, 78.87964724439894, 74.96042124634197, 57.98388317415219, 52.77174790027966, 84.94048860722368, 61.61590961388646, 30.055437861498127, 49.0488077312062, 3.3486426863407717, 58.284242565904165, 54.06385763750957, 58.848472740732824, 22.80776548117877, 76.78597235487133, 13.112668144609323, 79.94360422316765, 60.03043703454305, 64.58679585550806, 67.85740539178232, 79.5095017263682, 28.61485200101024, 73.57624556557523, 70.81071520489635, 65.06038102485502, 92.9522619611915, 96.03509902376166, 68.81248885284252, 33.10792204084351, 100.49126730309918, 36.949702861809065, 42.19105308223851, 35.85452728581057, 61.794862854972486, 79.220291799121, 55.941030858688826, 69.64736402353105, 69.7072881503864, 20.610894830287886, 8.593663013901141, 94.42024779555202, 76.57464714958014, 85.54611175868475, 48.38801855172282, 102.77150229808782, 75.40940030685209, 106.85658260800143], [69.44151868161033, 21.01957614260022, 61.47122406658634, 51.10870011311483, 19.040680005845047, 66.78481461471779, 32.90327510832606, 25.691114083208333, 65.19367772575202, 51.31587737313379, 65.19071766331089, 65.86652001738022, 0.0, 41.46105611300447, 33.87651743032206, 36.29741456969712, 65.33958016978656, 17.703372792554372, 82.92377648654285, 45.59977402776359, 32.38703194710319, 45.82218232468369, 9.634212708954937, 71.90179637269244, 65.27763257652133, 52.789992422922865, 23.829394685308305, 69.11929555929916, 69.35294354704615, 71.34380088838968, 28.89341306658627, 33.66240457922865, 53.01071604035185, 55.308590676415925, 22.657063561986654, 64.40687359465319, 60.7381799474371, 38.69694356984829, 37.95880910541285, 71.67309015651871, 70.88989465249053, 66.09645129187926, 65.12649317076152, 27.764961928772255, 15.307985989039292, 72.10771766468865, 61.00719660424146, 28.519155326929347, 67.96508842118452, 50.277577515010144, 60.992881564668835, 31.50516367719176, 57.72210013912962, 54.82362712711932, 31.969623943926294, 11.060360220987837, 62.55130527430128, 38.38026107516876, 26.887654144213194, 31.8932190687171, 39.06001510854585, 49.299054379603895, 69.01915807758799, 8.856661380795865, 57.509808454653985, 48.08524531840144, 44.42046265633963, 28.590572379186394, 54.3895625890614, 14.090954235144123, 17.789068437542614, 38.62356075896537, 63.66539019938529, 14.982351223689415, 59.97433080452332, 31.160386674420426, 56.365578778919314, 42.37695426016356, 28.190119208263948, 31.917736399390783, 24.922740017747365, 33.477518642417174, 35.00342733568283, 43.80891805725675, 23.729178907428476, 41.67304593709275, 7.624887917179232, 19.689854671235477, 53.77536911188915, 20.807640010383334, 29.855546306483003, 60.02739230513228, 57.28122505212561, 35.30720245604657, 41.80885270222176, 20.22240219472884, 34.51398833636983, 37.02582221812662, 44.2398290106805, 41.95314123014385], [110.90228390812548, 38.740306055484496, 92.99804616103981, 72.0580325955408, 53.75399695041973, 96.24727389542491, 65.64920330897058, 55.80338846340896, 95.37974279003306, 82.19675677447351, 97.3956053658144, 106.35022706563603, 41.46105611300447, 0.0, 47.05281224812208, 63.07406467003687, 92.45194670434496, 31.257886747980464, 124.09813961768475, 75.97587737354455, 63.90836215854101, 80.03111145966291, 40.11674042641684, 97.06539962325509, 102.0906914251949, 93.00799139782423, 51.90889480074393, 102.2110679013214, 108.50682869261645, 107.3498974416756, 68.4877513865285, 10.839925386675986, 86.99398147164105, 96.08433179233435, 51.87278245296938, 97.58487103691388, 97.08208024176778, 74.56926906983556, 7.915858370852269, 99.89944773404848, 110.03719116857309, 84.39272630303647, 77.98753602951028, 69.00841844017366, 26.575309018262, 112.05788460343751, 90.83844411778938, 62.60549844131839, 102.42959835974804, 88.80959944816595, 71.58937178504455, 72.15728792841918, 90.28274475417093, 67.79216266153675, 38.843243149072165, 35.950852651570926, 98.66604585476942, 65.77347334954548, 40.286624657354565, 54.84022848869099, 80.52031898490638, 87.29323274912835, 109.60161894027384, 48.13652146905537, 94.37620176020737, 70.83203717010545, 85.68966762175633, 52.20084155077107, 95.50519368548309, 27.919588956260338, 55.07215018057584, 71.02281546579225, 96.72166125713869, 32.14052339497296, 95.04058010478677, 43.81235091824141, 72.14651612261785, 74.63763474725377, 24.51652900529717, 10.599801574256357, 55.14248582119133, 73.28255408596763, 7.40779645017294, 77.92522031398472, 64.36449259170878, 82.56970790991963, 44.55791842279753, 28.458765740613835, 78.08708929357044, 40.392458677692076, 46.47300080933658, 97.21017451223369, 97.77680720591836, 19.741805632023787, 51.50816859845812, 26.305821282996877, 73.47935255916809, 8.205747159330668, 71.02168032662802, 0.5080829976571569], [84.1696262389214, 13.495542599788253, 48.37609584054389, 25.009650978722945, 52.360133789866204, 99.2403513583284, 26.639018556667494, 59.46637157518154, 97.44536621982616, 38.03942544919701, 96.57918848293748, 72.7629138812437, 33.87651743032206, 47.05281224812208, 0.0, 70.11245562719307, 45.90682421767651, 45.51481398456814, 92.36478352005949, 78.51554259925452, 65.62579556408409, 77.13913699769687, 24.245494469582788, 50.088376550754155, 61.59682742104279, 76.4233463793955, 16.009473037631118, 58.09531610979772, 71.26402300813837, 65.52146667423746, 57.003825303720575, 46.97248871638073, 84.01672410228824, 76.94744232173859, 17.321644669434136, 95.31085268077979, 56.43228570914555, 69.50910330274004, 39.42960541095728, 53.47470607360044, 72.66268305994775, 37.8854559359443, 33.48849316183476, 45.332940289401165, 36.51454515443475, 76.39363685057837, 93.51870367807074, 61.20811970492696, 59.398074651269425, 77.34036704510896, 28.22255242178625, 44.70436672639329, 89.25322461777998, 22.74679550719441, 8.39172188427718, 41.82914349639301, 91.43688226973572, 21.74319848756015, 57.99229287163947, 11.209155049717971, 57.14798273704867, 77.15898415183676, 76.08391666178758, 30.20423193091316, 85.99159790779785, 24.012949134377095, 58.509309443821365, 62.281183603676226, 65.86421816885962, 36.61278755503646, 50.17035848354635, 71.2347633820815, 94.67030697006945, 43.25509889039285, 53.14299917081786, 3.507172469308293, 26.020308911238512, 74.8228365385825, 51.45122418887584, 37.44018133278607, 58.71028285275384, 42.91582266511378, 45.20917931105613, 37.22740698073073, 39.43776920896811, 64.47551853664082, 27.7642968428745, 22.377862831934845, 31.31609707087396, 13.207545101983369, 4.340943365237996, 57.64978123525606, 65.10162836498489, 28.27187439925359, 7.932891150551673, 44.40913218146452, 62.72210385567933, 48.713322412870525, 77.90738241890189, 47.49374549881232], [67.3763129846491, 57.28427864563204, 86.97524749502473, 84.52249225442849, 18.187439947901236, 33.291164173649385, 62.26984559241377, 10.65692885435337, 32.3215757349768, 78.81460629537864, 34.50270311067773, 73.89668226899032, 36.29741456969712, 63.07406467003687, 70.11245562719307, 0.0, 94.10982274092862, 32.73474983993063, 84.56108694966191, 13.208198059584793, 7.706966057629336, 19.85217052475889, 45.91699513020345, 101.39798454893639, 83.26738219150894, 42.40014597972558, 58.14925614747881, 92.00819454152453, 81.55910470973382, 89.92680446795066, 25.80251359955922, 52.291719053461605, 25.576817486690697, 47.40759769306084, 56.74711895113051, 35.02545309809502, 80.2042616615552, 18.72857800707331, 63.8223227741009, 99.0096563205435, 82.90584861638574, 99.38962407395259, 100.07470375848055, 42.12334925258683, 41.190465617577665, 81.407514970348, 27.785141158646287, 12.579998296748835, 89.2541372423231, 34.03447945081621, 96.54522499340156, 47.649079395140355, 27.708971629066188, 90.20514161509855, 68.0352370620756, 31.29280987604299, 38.31368581943944, 70.3736648340742, 23.24861536354803, 66.69175647307571, 44.488627677521734, 31.63942788806705, 76.11069887405263, 41.04986346350544, 35.45416678682553, 81.06837538987388, 51.953772571800705, 10.873302007218271, 60.81139630979578, 40.09626726182865, 21.379708878261653, 11.11264245080831, 34.1359701191645, 32.99298458548716, 81.50918078533708, 67.45579523383304, 91.03730743323142, 13.43635390821599, 38.97021570532077, 57.74045929974053, 11.404850160568277, 51.903747803106036, 55.71868533442035, 69.36980231222702, 43.623211784508904, 38.32990197532564, 42.602688544702346, 53.714883587736274, 85.42605112483635, 57.10412438364913, 66.00327505058509, 78.12432363546993, 66.74241670234261, 66.53455278324128, 78.04210129444968, 37.4132646439801, 25.538045567380482, 55.39258597594722, 8.3443045605851, 63.41754458487866], [69.59302460397501, 54.42018767376194, 11.700704147778536, 21.822695428739806, 76.90730343418589, 113.2375611608411, 32.726116330603745, 84.6153126390206, 110.9757832386566, 15.36415576063832, 107.71974273680694, 51.18388660754546, 65.33958016978656, 92.45194670434496, 45.90682421767651, 94.10982274092862, 0.0, 82.37493436412421, 68.62248199411988, 96.74254080623831, 87.12058853309125, 91.16190119149195, 58.64575673112429, 7.50620650676475, 30.45666678562114, 76.98960891805594, 42.98762862995189, 18.387073650503464, 43.57248445092256, 29.77077042012438, 70.84624037416184, 90.63877532220552, 96.07011686037454, 74.37241049122619, 43.70955824155392, 105.38063924854858, 27.348194479763958, 84.05799385283821, 85.06635494502171, 7.604321056651488, 44.28604338005587, 19.789516293413236, 30.341278399430866, 53.231091449776166, 75.89902610647384, 50.07489633723191, 108.35870091904921, 81.91877477265983, 22.484657586318235, 83.1284094430433, 34.80451778654121, 48.26005106445654, 101.78021895245004, 32.5352964831446, 54.297160266304004, 76.29411842535075, 97.6467327083924, 27.7049129447572, 92.09955876466002, 37.819511530598895, 57.838048323601186, 84.36076273692274, 53.55170032589468, 56.921306022534296, 92.40484965944871, 21.929431635695842, 53.317027040699905, 90.71458341986565, 53.39461209012697, 75.38327697828781, 73.16278183958421, 89.68870494921502, 105.07950950510566, 79.6592559457561, 22.577924760349617, 48.865298269027754, 27.168175738461446, 92.15876523278045, 91.4023329150832, 82.3221338255361, 84.08160255120706, 43.82998521969774, 89.60414877784606, 25.117128299804328, 50.580500164756515, 67.91554312262025, 57.819808172265425, 65.14800216038967, 14.654200645123508, 52.95760871493294, 45.984851174388346, 30.589775394288456, 48.061622370811236, 74.16316997230474, 44.06751129642873, 83.36649739781267, 74.63389604740327, 92.94394607303198, 99.68176181181009, 92.91623317871138], [83.03630154776825, 32.115590088256724, 79.04784032937246, 66.49417273675925, 22.83315306523275, 65.99453438069997, 50.33706444707957, 24.608730986701293, 64.9248863132449, 68.75142420598522, 66.51664366778961, 81.90406496934487, 17.703372792554372, 31.257886747980464, 45.51481398456814, 32.73474983993063, 82.37493436412421, 0.0, 97.83501338299203, 45.183030694948656, 32.73591979713188, 48.79363374449685, 23.946532936675737, 88.67210127259855, 82.80213537170427, 62.884504823744294, 39.75225243717927, 86.81038398685351, 86.21685751016342, 88.9449971669929, 38.50272814199139, 20.99985579326462, 55.80026156105518, 66.44780076134376, 38.83598550660185, 66.54446468667487, 78.34135694340667, 43.359667605907006, 31.145233743916158, 88.93820414551276, 87.74475583931105, 81.22278684683508, 78.70586818196676, 43.49609296574092, 9.72976519858654, 88.51220436814377, 60.41291813026118, 31.369937030651656, 85.66357988597123, 57.92710673368605, 73.72460813958993, 47.97624224369939, 59.28343936124439, 68.03090063548159, 40.66729289167458, 7.012304956178183, 67.40909236205052, 54.92863621547957, 13.01866231321845, 46.846973615011386, 53.306911341619795, 56.28589451861469, 84.92558699318931, 26.559263361259234, 63.16063488747458, 63.83524646640192, 59.60714338464212, 22.074287948246106, 69.74337795135577, 9.167580500032734, 24.76922166661973, 39.85723552329368, 65.69390600932144, 2.7409628612740526, 77.66574293412167, 42.18853004759409, 70.49487890422174, 43.52617790691013, 11.049897291284063, 25.012902789439504, 23.927671904808612, 50.49448221966665, 23.868615275917016, 61.483168196124026, 40.467264168596614, 53.339661476016644, 24.751973150529395, 24.44266167921152, 70.06662963761589, 32.78505377561899, 42.29578174168786, 77.52057297862673, 73.40870741956986, 34.38480394134861, 53.02589876340892, 4.953151378306414, 43.00425667921112, 24.424057603840314, 40.99037753177017, 31.66148955129347], [17.579551467158044, 90.34025202944922, 57.165214127354325, 81.19249483856541, 77.64845796394901, 80.94746328918487, 65.73381852165852, 81.5832623523254, 78.74772484715996, 61.18201587509088, 73.0999738552987, 19.6961558851887, 82.92377648654285, 124.09813961768475, 92.36478352005949, 84.56108694966191, 68.62248199411988, 97.83501338299203, 0.0, 77.2958166259109, 77.40799165568119, 68.23676361223306, 84.54609437317396, 74.04791946096591, 38.16582946483998, 43.17311373241344, 77.9876905531136, 51.399785764751236, 25.051059379165853, 40.096063341466525, 61.58859103250426, 116.5461855556467, 67.70368839516522, 37.8563986726129, 77.19550363751969, 70.05124382202291, 41.743149810852465, 66.05533140043568, 119.52632648891198, 66.1697212789688, 24.381315098048983, 87.47683412908391, 96.57555231768713, 55.165392491562166, 98.21953831417208, 18.55190490741139, 79.01077049538084, 74.12287341066803, 46.696677293059025, 52.748800595440045, 98.83679967308515, 52.038610271610786, 71.54900192633575, 93.97966996797346, 98.30306315252352, 91.08290311790525, 59.81921818245279, 72.46237014910288, 99.07440775265121, 81.24792843773946, 44.5346865204471, 55.293779748910104, 16.464482017217183, 76.00784983957935, 57.436974037843704, 78.27895815017837, 38.50837032947286, 89.43887447238379, 28.593250504087923, 96.97178069185472, 74.36762670663447, 74.11633481942091, 70.36739109193049, 95.6330061913128, 46.559306776041666, 93.08121944646082, 90.0143930524577, 73.62800953245126, 108.82402601707655, 113.99749319644158, 81.66531158775997, 51.58072266795261, 117.89795090850768, 56.5983