instance_id,num_cities,city_coordinates,distance_matrix,best_route,total_distance
493,22,"[[72.1796065954638, 31.168069949056076], [75.88243367395795, 53.05844696851629], [84.87992173300422, 82.8400054422934], [18.934442348746128, 74.2173851182295], [88.80274084903213, 9.16902055507396], [20.028895056530327, 51.46774513983184], [99.2955813657686, 47.287880950675145], [43.75829065034841, 52.611014487278275], [18.22576762155532, 72.32277021939862], [97.95552445629797, 56.427320465299665], [44.64339276558796, 77.6433478579798], [50.50498750000045, 34.490646275265526], [81.86227812782772, 25.92778491568357], [69.73934771352485, 86.25378148628539], [25.076669400021544, 33.35717973526713], [5.313984372892366, 10.935047216697669], [30.931462347121432, 84.78779429046271], [22.25098506153231, 72.64849369578505], [33.94944064714197, 69.62846485157289], [43.81867900500149, 67.96858029780621], [6.390204008498812, 39.796985555320994], [80.86248778907458, 74.49092590512369]]","[[0.0, 22.201340824989412, 53.209838584702716, 68.47109647285318, 27.5732980735171, 55.96225090959124, 31.545592314485486, 35.602964350196224, 67.85813211667543, 36.089162891522186, 54.02031588945347, 21.927804869090558, 11.009755457531227, 55.139735934929185, 47.15377921327051, 69.8597641285724, 67.64971723799364, 64.91142274274047, 54.2286599916849, 46.460948932624184, 66.35287241174866, 44.184412115728584], [22.201340824989412, 0.0, 31.111027249187472, 60.75174383999022, 45.75167853094838, 55.87618552117045, 24.113791012713065, 32.12725884395661, 60.789845291732426, 22.32869555802025, 39.75292478069453, 31.444840544935087, 27.78185312605145, 33.75896531091945, 54.49188576342986, 82.18446838307453, 55.02128047131207, 57.09730476164199, 45.08815140180192, 35.36094511418253, 70.74628147606478, 22.003456372979446], [53.209838584702716, 31.111027249187472, 0.0, 66.50681042173477, 73.77535173802961, 72.04078273782243, 38.36358688281422, 51.037049650782436, 67.47880035275138, 29.472042926667253, 40.57072236717424, 59.32365999654436, 56.99216628798498, 15.52065876558941, 77.62073839866727, 107.2430016617304, 53.98361002663028, 63.45274320530561, 52.61614494067033, 43.67132858290486, 89.51724610075335, 9.265360468531387], [68.47109647285318, 60.75174383999022, 66.50681042173477, 0.0, 95.461347506026, 22.775951042191085, 84.7532350935558, 32.90985713039475, 2.0228162259164604, 80.99887541073562, 25.936216999203822, 50.743601569502836, 79.32085478334676, 52.211236785323045, 41.31928529255178, 64.73153146462434, 15.989435227982538, 3.668906630204006, 15.700584801674166, 25.656827466549103, 36.634980846278644, 61.92864956239139], [27.5732980735171, 45.75167853094838, 73.77535173802961, 95.461347506026, 0.0, 80.74047291531069, 39.53665666149579, 62.57962392430442, 94.70747196824634, 48.13647637879483, 81.47871821979199, 45.91190086128796, 18.13907951575457, 79.40701055738673, 68.16215391880428, 83.50743265184086, 95.22228634458234, 91.97162447527649, 81.63472880876215, 74.03346571603083, 87.9198411540229, 65.80272742992513], [55.96225090959124, 55.87618552117045, 72.04078273782243, 22.775951042191085, 80.74047291531069, 0.0, 79.37681540026014, 23.756920676904308, 20.93282923104564, 78.08429392020983, 35.93098488947274, 34.88572912352837, 66.90035000127341, 60.672872258201856, 18.8008671368058, 43.121087617956576, 35.058403399560625, 21.296990242305217, 22.882161829440786, 28.95222584233515, 17.95050202036441, 65.04454517713506], [31.545592314485486, 24.113791012713065, 38.36358688281422, 84.7532350935558, 39.53665666149579, 79.37681540026014, 0.0, 55.791813114986745, 84.84727680496692, 9.237159041723817, 62.516526534590696, 50.4409681222698, 27.571248872875938, 48.907180988655405, 75.51497420864474, 100.76740094803286, 77.97368959903932, 81.11122301192461, 69.0595380512468, 59.20623295762461, 93.20688094620931, 32.86007598288395], [35.602964350196224, 32.12725884395661, 51.037049650782436, 32.90985713039475, 62.57962392430442, 23.756920676904308, 55.791813114986745, 0.0, 32.256209421731945, 54.331430530905806, 25.0479763601042, 19.335606081010933, 46.517831011928386, 42.507071146687025, 26.827469601108792, 56.69965549360377, 34.63917843747283, 29.394978597067585, 19.64197432252251, 15.357684538304408, 39.50409139243448, 43.074957561931704], [67.85813211667543, 60.789845291732426, 67.47880035275138, 2.0228162259164604, 94.70747196824634, 20.93282923104564, 84.84727680496692, 32.256209421731945, 0.0, 81.29882808388001, 26.94808833032124, 49.73145521785237, 78.75341345457257, 53.36405165286727, 39.56326701569563, 62.73090691291489, 17.799199519963974, 4.038374824377274, 15.952842217945232, 25.960664147017226, 34.612241101273035, 62.674234039369445], [36.089162891522186, 22.32869555802025, 29.472042926667253, 80.99887541073562, 48.13647637879483, 78.08429392020983, 9.237159041723817, 54.331430530905806, 81.29882808388001, 0.0, 57.37859534473252, 52.27591349714193, 34.4849858073208, 41.05813448046308, 76.44317436905176, 103.20853585993125, 72.77734109736706, 77.42288903126155, 65.35326294602233, 55.35339839557268, 93.06329001236847, 24.868971510552726], [54.02031588945347, 39.75292478069453, 40.57072236717424, 25.936216999203822, 81.47871821979199, 35.93098488947274, 62.516526534590696, 25.0479763601042, 26.94808833032124, 57.37859534473252, 0.0, 43.54898330291172, 63.716127299500464, 26.531990540031742, 48.41612696465688, 77.43900657270287, 15.4615701216754, 22.94272195896217, 13.364092244443912, 9.709854794500686, 53.81127753203417, 36.356025752125355], [21.927804869090558, 31.444840544935087, 59.32365999654436, 50.743601569502836, 45.91190086128796, 34.88572912352837, 50.4409681222698, 19.335606081010933, 49.73145521785237, 52.27591349714193, 43.54898330291172, 0.0, 32.50541908946023, 55.221216753146024, 25.45356768295971, 50.96168178781285, 53.971529396275606, 47.47957427737334, 38.84266244606159, 34.13910935727355, 44.4327734792363, 50.215537379062084], [11.009755457531227, 27.78185312605145, 56.99216628798498, 79.32085478334676, 18.13907951575457, 66.90035000127341, 27.571248872875938, 46.517831011928386, 78.75341345457257, 34.4849858073208, 63.716127299500464, 32.50541908946023, 0.0, 61.532034779180606, 57.269549203505626, 78.00271444316837, 77.83603728150175, 75.73856936826051, 64.84897394955176, 56.698711718872495, 76.73583711836339, 48.57343145673057], [55.139735934929185, 33.75896531091945, 15.52065876558941, 52.211236785323045, 79.40701055738673, 60.672872258201856, 48.907180988655405, 42.507071146687025, 53.36405165286727, 41.05813448046308, 26.531990540031742, 55.221216753146024, 61.532034779180606, 0.0, 69.23008963551403, 99.11376883937609, 38.83556469359271, 49.39887086998545, 39.46287623862168, 31.72112306965474, 78.5579270114182, 16.18916355354925], [47.15377921327051, 54.49188576342986, 77.62073839866727, 41.31928529255178, 68.16215391880428, 18.8008671368058, 75.51497420864474, 26.827469601108792, 39.56326701569563, 76.44317436905176, 48.41612696465688, 25.45356768295971, 57.269549203505626, 69.23008963551403, 0.0, 29.8883881492764, 51.76279275675247, 39.39278924784045, 37.340757806880006, 39.36003014396319, 19.764996529940912, 69.31120116765108], [69.8597641285724, 82.18446838307453, 107.2430016617304, 64.73153146462434, 83.50743265184086, 43.121087617956576, 100.76740094803286, 56.69965549360377, 62.73090691291489, 103.20853585993125, 77.43900657270287, 50.96168178781285, 78.00271444316837, 99.11376883937609, 29.8883881492764, 0.0, 78.16958121994529, 63.99540193368718, 65.30625260797271, 68.81449995768244, 28.88199669978791, 98.72652168633725], [67.64971723799364, 55.02128047131207, 53.98361002663028, 15.989435227982538, 95.22228634458234, 35.058403399560625, 77.97368959903932, 34.63917843747283, 17.799199519963974, 72.77734109736706, 15.4615701216754, 53.971529396275606, 77.83603728150175, 38.83556469359271, 51.76279275675247, 78.16958121994529, 0.0, 14.923582171635942, 15.456825743217351, 21.188825180219727, 51.24886566047213, 50.98169083337631], [64.91142274274047, 57.09730476164199, 63.45274320530561, 3.668906630204006, 91.97162447527649, 21.296990242305217, 81.11122301192461, 29.394978597067585, 4.038374824377274, 77.42288903126155, 22.94272195896217, 47.47957427737334, 75.73856936826051, 49.39887086998545, 39.39278924784045, 63.99540193368718, 14.923582171635942, 0.0, 12.081988135582456, 22.069594727854405, 36.47993918190164, 58.64045368537579], [54.2286599916849, 45.08815140180192, 52.61614494067033, 15.700584801674166, 81.63472880876215, 22.882161829440786, 69.0595380512468, 19.64197432252251, 15.952842217945232, 65.35326294602233, 13.364092244443912, 38.84266244606159, 64.84897394955176, 39.46287623862168, 37.340757806880006, 65.30625260797271, 15.456825743217351, 12.081988135582456, 0.0, 10.007851042860246, 40.61315896489015, 47.16436705436096], [46.460948932624184, 35.36094511418253, 43.67132858290486, 25.656827466549103, 74.03346571603083, 28.95222584233515, 59.20623295762461, 15.357684538304408, 25.960664147017226, 55.35339839557268, 9.709854794500686, 34.13910935727355, 56.698711718872495, 31.72112306965474, 39.36003014396319, 68.81449995768244, 21.188825180219727, 22.069594727854405, 10.007851042860246, 0.0, 46.845805478171116, 37.61362467846278], [66.35287241174866, 70.74628147606478, 89.51724610075335, 36.634980846278644, 87.9198411540229, 17.95050202036441, 93.20688094620931, 39.50409139243448, 34.612241101273035, 93.06329001236847, 53.81127753203417, 44.4327734792363, 76.73583711836339, 78.5579270114182, 19.764996529940912, 28.88199669978791, 51.24886566047213, 36.47993918190164, 40.61315896489015, 46.845805478171116, 0.0, 82.15710893459114], [44.184412115728584, 22.003456372979446, 9.265360468531387, 61.92864956239139, 65.80272742992513, 65.04454517713506, 32.86007598288395, 43.074957561931704, 62.674234039369445, 24.868971510552726, 36.356025752125355, 50.215537379062084, 48.57343145673057, 16.18916355354925, 69.31120116765108, 98.72652168633725, 50.98169083337631, 58.64045368537579, 47.16436705436096, 37.61362467846278, 82.15710893459114, 0.0]]",Route_3,1125.8386586067606
