instance_id,num_cities,city_coordinates,distance_matrix,best_route,total_distance
1847,76,"[[31.101334558864213, 57.32366614654742], [53.61508856247876, 67.40703450715867], [71.0456931769605, 64.8272913337833], [15.490602475339676, 75.70425206566496], [45.296950042800844, 46.69430620431987], [99.1989014524859, 41.135681726778294], [4.509214388106308, 64.70570338566353], [44.83794029061268, 36.89443635085323], [64.84639844320952, 26.35188817562356], [10.584971860783753, 22.280537630188334], [81.33882671284609, 44.569352693441], [1.9809051357099094, 13.916195911425289], [5.6252366831837985, 87.75383115030444], [4.899900468324859, 88.22789022063554], [81.8562523425029, 54.09507259607756], [77.51879132353248, 40.820385008830165], [69.204951799427, 18.461047814231545], [9.729418663514034, 31.89310683779396], [50.2956788261321, 34.97390894000828], [31.21398627100731, 28.68085144073437], [0.38589080194649794, 93.34536288001203], [41.274583719861965, 13.801666167151428], [19.240699388341053, 75.5749312813102], [52.99586912028105, 57.488510123761195], [63.07229743323924, 98.62098413102922], [57.10610838563708, 6.129122930972097], [81.6934755896295, 16.10402116666474], [84.08020574068915, 66.59376627818364], [18.989365639425916, 68.92593952740594], [21.23343828139016, 54.073796826616785], [72.09806848751928, 37.91764952355777], [60.702864512970436, 94.1764124328671], [46.84850432841468, 39.947027341617726], [97.5194856363445, 6.047789601638698], [46.08720423506516, 83.20458668487178], [92.31636442530684, 50.72843822811198], [48.220063869417984, 3.5539658329887702], [86.28040261713421, 29.137480911025047], [62.98317212221842, 32.28030544607452], [31.26528554973621, 46.051898049719256], [13.216305734970968, 23.277486632877487], [34.230762959382645, 64.71802002314898], [66.09334039749992, 46.59827929039708], [24.19949064903505, 44.58096520675697], [41.24709448266454, 19.057706386323314], [21.490979135525468, 26.869078448260176], [40.62486260728928, 75.18251022106804], [44.84342455338339, 81.03950339315233], [60.43459909992066, 31.00393671489391], [97.90451010287315, 1.633157710831934], [55.43748985125637, 67.53345169697069], [11.212821882488699, 33.574958261586154], [67.9395995766843, 64.8935025129748], [36.442460543789046, 44.663904546746394], [71.33630089113335, 1.1104831949397598], [85.71518086209964, 8.095086579911992], [44.357476898117945, 4.623915545994017], [3.207124474114642, 28.259415397612177], [61.60681635656295, 92.0852634967336], [27.913669783633722, 10.019016190919261], [23.752077834036122, 27.78613492237453], [28.243960814542255, 21.527446359147838], [26.712577256503067, 60.27516320489418], [77.99255404808363, 24.269724201380903], [37.947492785740955, 43.30616201931532], [99.21707931332531, 67.43804138162761], [43.94223496100091, 82.13624225540067], [91.79640861232056, 77.94455818985264], [65.6875950461696, 29.038691022488848], [78.26271414068692, 40.68890689262159], [58.89041733051006, 13.264894336236443], [66.13902037389953, 66.05953846584754], [63.27519158130676, 50.476661616212226], [68.47573932325139, 41.97962404302654], [21.02343474423074, 63.31828206429737], [69.43374497044006, 57.05400960620872]]","[[0.0, 24.668673187487123, 40.643033552647175, 24.115159027334744, 17.734113785278726, 69.9952102390297, 27.597741374535097, 24.618037433450777, 45.80371564882865, 40.60716678830532, 51.83124665278158, 52.27052593959548, 39.686603597777506, 40.51649311110632, 50.857501860965, 49.26396838268698, 54.42599333460591, 33.21855107908755, 29.460728080644028, 28.643036233608143, 47.33921335153417, 44.69518408842596, 21.766564856854618, 21.895155107874892, 52.226534824991695, 57.420636680839934, 65.25813256862635, 53.78378517872244, 16.772374271689078, 10.389274639724018, 45.35775208262297, 47.26918112753485, 23.450393001142483, 83.90820167301713, 29.906493239146897, 61.56928546642046, 56.42899578246915, 61.96120229555243, 40.54160186265577, 11.272960390069729, 38.45798480821024, 8.02930827446449, 36.59883052537605, 14.491786521908962, 39.588131059731566, 31.93494705233696, 20.239463880428737, 27.40959638018986, 39.41025965394097, 86.97181723174566, 26.391062415163564, 30.976669651264494, 37.60798043152057, 13.740348996682574, 69.12868039612607, 73.52635754735833, 54.34141167727504, 40.28421065193071, 46.24881695834176, 47.411930082456635, 30.438090039068143, 35.91008125558278, 5.28890589294779, 57.370284497295195, 15.600009757189284, 68.86258250930544, 27.938372470407614, 64.1023650344993, 44.67940501242552, 50.009108565308736, 52.090387738261626, 36.11031559613182, 32.894354329261525, 40.40155640030305, 11.726017426011719, 38.333358874630804], [24.668673187487123, 0.0, 17.62047252677887, 39.01692272106613, 22.320585614624203, 52.61243174861224, 49.1801186279299, 31.74991303979423, 42.56368595341293, 62.35376222609751, 35.91887202648134, 74.34620845627576, 52.12502294516711, 52.97808588171355, 31.22133343680602, 35.75243959837956, 51.36879840030277, 56.455213054117216, 32.60254767732573, 44.738424634392025, 59.212704489896616, 55.007486532639355, 35.33147561039972, 9.937834706898979, 32.61517209439066, 61.37727320877512, 58.48414311470559, 30.475970368379578, 34.659021342279125, 35.01923045945681, 34.802936278717596, 27.691806774816513, 28.281418912923105, 75.44900938909171, 17.49947705660051, 42.14219177083876, 64.08057951163514, 50.31482360832258, 36.35447818512979, 30.912061526599192, 59.82874434193496, 19.569948338768334, 24.263368738271105, 37.233141692746464, 49.906160013514565, 51.72315040586812, 15.139484566671117, 16.21068466833046, 37.036350425541016, 79.29537016245727, 1.826780710216273, 54.24538323845844, 14.543364771671023, 28.49823000581772, 68.62415086754032, 67.44125660579436, 63.46198389760489, 63.82396826804125, 25.939982636783594, 62.88042281593373, 49.614666114714794, 52.42738532325649, 27.831793022373063, 49.54884826026552, 28.745879915190223, 45.60200129233978, 17.621397722272068, 39.60874406127753, 40.22281932630236, 36.35056794425955, 54.398533398416255, 12.596214256611635, 19.492437419698543, 29.45152192918234, 32.847127654446815, 18.905422903305407], [40.643033552647175, 17.62047252677887, 0.0, 56.60986113415411, 31.492902735287444, 36.795319022612695, 66.53658988292662, 38.30261999980254, 38.971629467842895, 73.93054221894197, 22.722954824217865, 85.80142530452109, 69.32144225138899, 70.16305239452704, 15.233145062844208, 24.864282634136625, 46.40276788008813, 69.60133639969989, 36.35639607976209, 53.787823826434526, 76.1976907549819, 59.07565811696182, 52.90811984828581, 19.48470831512901, 34.7215885662022, 60.330647253276496, 49.873162383044935, 13.153666846290214, 52.217431511997674, 50.95977219235709, 26.93021195885601, 31.118242464209647, 34.706360865006296, 64.46620441023131, 30.9943729519384, 25.51899516537682, 65.38677061311148, 38.8053983324349, 33.530740166791325, 43.98859197518604, 71.20831638649486, 36.81509238266902, 18.889750610586436, 51.03411028840728, 54.61512052908473, 62.42191609676117, 32.134988575573225, 30.812249201900922, 35.44876070029721, 68.66508990029158, 15.8410641993462, 67.50319110824594, 3.1067992168672043, 40.04929306977885, 63.71747085569024, 58.598096600313106, 65.8536813275617, 77.06673052708244, 28.845960584920935, 69.74466621999403, 60.072733586036684, 60.88402802091485, 44.5662095955954, 41.148209288644246, 39.47974007142623, 28.292101594906075, 32.15893700468388, 24.549030140773908, 36.18747197333312, 25.19418573838385, 52.9757634681741, 5.0590385441088275, 16.319352571070066, 22.991749899459812, 50.0450142140673, 7.938657684819844], [24.115159027334744, 39.01692272106613, 56.60986113415411, 0.0, 41.59321235719202, 90.5652547775462, 15.54216707505077, 48.65663400463908, 69.79720923616544, 53.6484713278004, 72.8379749454324, 63.247733599931266, 15.572982961848396, 16.401356091434106, 69.79510097162795, 71.16446017940412, 78.4985079876134, 44.18832068648055, 53.57568656506623, 49.58250703946489, 23.224149187869365, 67.05776487283724, 3.7523260415598996, 41.694823187083834, 52.81282328774233, 81.07125832426178, 89.07866148411134, 69.19201274267094, 7.628031498668981, 22.37982924295273, 68.06050646296464, 48.84024311150611, 47.55940631035147, 107.61394164161112, 31.502492895694918, 80.78359348308992, 79.22677228439618, 84.73287425718438, 64.352026476908, 33.58724050565369, 52.47607225591271, 21.723050187754257, 58.37631999718267, 32.31878274508193, 62.22722891086448, 49.20242577664409, 25.139674757898412, 29.833757233589374, 63.388335086581385, 110.8087505089837, 40.773959700882955, 42.34591837746544, 53.551560227764114, 37.44974673633563, 93.18246823242531, 97.48071946430292, 76.71838553234888, 49.0091456594051, 48.93917365713823, 66.84970316514041, 48.625075071000694, 55.65765379073946, 19.078508879433638, 80.94445383732874, 39.420149176084735, 84.1335436242563, 29.169605566410908, 76.33868627206381, 68.53767322159653, 71.87776012449328, 76.0408924403614, 51.55853698515563, 54.03515777631658, 62.80744591254496, 13.56556249443642, 57.07621366246371], [17.734113785278726, 22.320585614624203, 31.492902735287444, 41.59321235719202, 0.0, 54.187809254982554, 44.58755216718399, 9.810613594342001, 28.21338164797815, 42.43764278680053, 36.10446373126386, 54.32020122170278, 57.09404022906021, 57.93928041978967, 37.30085693152866, 32.75286255782057, 36.99607313373045, 38.524340242296155, 12.741860204953868, 22.865135493090577, 64.75588259837225, 33.13767039866637, 38.8975410920243, 13.258513989737729, 54.884814433092224, 42.24914572824488, 47.544427755163255, 43.5904741171633, 34.443207129314295, 25.169614223029292, 28.20158953640367, 49.918860289085366, 6.923372931763377, 66.17652556421325, 36.51883188790355, 47.19215559877719, 43.23925949640743, 44.585709586053575, 22.815912633536605, 14.046362400387803, 39.717945289843286, 21.149816935100482, 20.796612054688573, 21.203042306319553, 27.93175575501931, 30.980056591582937, 28.868774984486816, 34.34819144160775, 21.802204331012714, 69.26804803822816, 23.175429499164412, 36.52184391417135, 29.049962550668326, 9.08430047825298, 52.49697812972711, 55.888577886500116, 42.0808790299553, 45.94995773074951, 48.232258324637044, 40.58639341128738, 28.665318064158736, 30.400251250370218, 23.017788528226024, 39.646745128406174, 8.09283899455132, 57.77268290166508, 35.46781758160145, 56.02479715641794, 26.972192181991986, 33.50830379846794, 36.087503803227754, 28.45002840472002, 18.371809417657555, 23.65342470741915, 29.420403096202328, 26.266105991448708], [69.9952102390297, 52.61243174861224, 36.795319022612695, 90.5652547775462, 54.187809254982554, 0.0, 97.57911025086494, 54.52616125110491, 37.398596427747215, 90.5977095548575, 18.18714837496034, 100.95662046592524, 104.54320922007292, 105.40387890129911, 21.649787293534114, 21.68240270873819, 37.60021328208455, 89.9456143516993, 49.2898836184313, 69.11636195349836, 111.75805062699484, 64.04978525650102, 87.05961168768181, 49.0115822359566, 67.89470900203952, 54.74725917242609, 30.545440986122728, 29.608934953023972, 84.88738459848966, 79.03169155357966, 27.291223473050554, 65.53826343354217, 52.363890022565414, 35.128060169456255, 67.75429983173083, 11.806366639418346, 63.334250219311265, 17.63078089518796, 37.282660044530715, 68.11127184656206, 87.81754892009592, 69.11574132412612, 33.55321363010492, 75.07850290943603, 62.01490890262739, 79.00669060228623, 67.75031038422026, 67.43020727026314, 40.06648716654529, 39.523725186226706, 51.10678433174423, 88.31033199696957, 39.26293420354017, 62.855542570199034, 48.76823789675584, 35.68601474833988, 65.88392001689559, 96.85153319408518, 63.316859874700626, 77.78066037359443, 76.61875484498842, 73.61444488119503, 74.97057387199504, 27.09556593770847, 61.28985273567631, 26.30236593631208, 68.80657784988603, 37.5458424692078, 35.627866076397005, 20.940953820377143, 49.00565969334935, 41.40234741750666, 37.1182816978839, 30.73475117602848, 81.26174593735733, 33.75437309264871], [27.597741374535097, 49.1801186279299, 66.53658988292662, 15.54216707505077, 44.58755216718399, 97.57911025086494, 0.0, 48.9884956597058, 71.49539090644441, 42.85801579922175, 79.42456766750435, 50.85239834217708, 23.075131618656506, 23.52543111427732, 78.07144014344668, 76.81735974538962, 79.52425169792505, 33.225246799538546, 54.592856004181506, 44.84344767044396, 28.93495970877458, 62.7926220765152, 18.30728722011115, 49.02084827598123, 67.67481779648992, 78.72514868802998, 91.2114778508796, 79.59338820730603, 15.082611622433356, 19.817595765202892, 72.70387216779318, 63.45273048577633, 49.04699289562516, 109.96209077297927, 45.50755896586345, 88.91265117484659, 75.1676351103924, 89.17188836394847, 66.86262158060686, 32.61674106218317, 42.33332709625441, 29.721551123289267, 64.19099145290332, 28.15514279845217, 58.59531947087506, 41.47276842206728, 37.604567910802444, 43.5159916851424, 65.29515856398112, 112.69794709555477, 51.00671918642282, 31.844334589044358, 63.430663197570254, 37.701537246364985, 92.25080770155726, 98.99076182201533, 72.095112560269, 36.469539978619075, 63.32279575653624, 59.48447098778839, 41.633428025015974, 49.27169641665553, 22.64109116096465, 83.874129623951, 39.69960746515975, 94.74727093493364, 43.113649773496874, 88.28545492923568, 70.8161706876173, 77.56536108045974, 74.85634287835948, 61.64467418415682, 60.46408607717928, 67.88365778717562, 16.5723990989119, 65.37387160808925], [24.618037433450777, 31.74991303979423, 38.30261999980254, 48.65663400463908, 9.810613594342001, 54.52616125110491, 48.9884956597058, 0.0, 22.61600582930721, 37.24019175665867, 37.29904892184925, 48.6284381402563, 64.22082344201536, 65.0397610008502, 40.819325256692395, 32.915818341657044, 30.553904215545764, 35.462960786412786, 5.785787367152414, 15.908334300109914, 71.8518740865074, 23.36607679537965, 46.383180463116524, 22.15101978135341, 64.36348717450916, 33.12117839436412, 42.31514912780068, 49.21387604920678, 41.16024790070489, 29.194227879147903, 27.279324671050396, 59.43837652932289, 3.655226327739395, 61.0480207351985, 46.32699735966391, 49.45280948797457, 33.51157612310856, 42.16216362309502, 18.72270392409046, 16.3730284761627, 34.42889907610224, 29.77690412560384, 23.365714230453065, 22.023358723423105, 18.19459011475714, 25.408431597645617, 38.51917216473822, 44.1450673829616, 16.671945056747315, 63.71356686741637, 32.42066797998096, 33.78857088936261, 36.299233707071565, 11.438912370777263, 44.52700773665165, 50.00351331624842, 32.27409732414493, 42.51691913121287, 57.68208218816, 31.76033911919681, 22.968995416641363, 22.616466042629654, 29.583562553241258, 35.476918838367524, 9.412146028670007, 62.369885113951064, 45.25067170266358, 62.3715500057321, 22.28050354211135, 33.63946363456104, 27.492314685696858, 36.11563642098315, 22.899979875867942, 24.17859956598079, 35.57176263142658, 31.80191820765318], [45.80371564882865, 42.56368595341293, 38.971629467842895, 69.79720923616544, 28.21338164797815, 37.398596427747215, 71.49539090644441, 22.61600582930721, 0.0, 54.413953265902286, 24.573892725554177, 64.08366945552602, 85.30735373502742, 86.15232004146597, 32.54257843906391, 19.233484913706345, 9.014563160129716, 55.39482434575768, 16.913387698396885, 33.71295327335075, 92.96925673757356, 26.704653561013725, 67.1028148356499, 33.31552598376369, 72.2908684731703, 21.65345986939819, 19.719097002924165, 44.60210865394017, 62.57329547076365, 51.67779516707785, 13.651137461358614, 67.95097471083443, 22.555531505821705, 38.46800028117259, 59.86765984337748, 36.72621983704636, 28.216666431392326, 21.614255985699405, 6.214317633965556, 38.93303908255388, 51.721546940393694, 49.084388648737026, 20.284753323857544, 44.54739456618218, 24.700854952765372, 43.35850400005994, 54.50791178898543, 58.23104174422394, 6.411359376697849, 41.27777104318747, 42.24273588387095, 54.11777227641055, 38.665539295104224, 33.795171722753615, 26.062374396483076, 27.727547387970574, 29.86470660620741, 61.668782666270985, 65.81315615590883, 40.3830305141973, 41.119341556743095, 36.919015143974754, 51.03897439223517, 13.310026822031462, 31.796203030177757, 53.56692719152911, 59.57246185099999, 58.20744494746631, 2.815407832402793, 19.635366881877463, 14.378564558640376, 39.72868438579895, 24.175884359473233, 16.043635609326728, 57.332071517559804, 31.04293814218124], [40.60716678830532, 62.35376222609751, 73.93054221894197, 53.6484713278004, 42.43764278680053, 90.5977095548575, 42.85801579922175, 37.24019175665867, 54.413953265902286, 0.0, 74.18152905778219, 11.999674020479176, 65.6608798098472, 66.1919432440695, 78.04972810074145, 69.45402888742433, 58.74428100216338, 9.650567757617493, 41.69006983559425, 21.599079897316862, 71.79297070210086, 31.839339461546242, 53.99272185833987, 55.12064525623605, 92.64331124099942, 49.24514534804523, 71.37624715673589, 85.82081120725617, 47.39649093487229, 33.52910925512434, 63.46952280406604, 87.64028741131882, 40.33793060823724, 88.43704989398698, 70.51346152880987, 86.54076252821861, 42.036705886332655, 76.00536762983296, 53.34385388223319, 31.50798232938307, 2.8138630512887426, 48.58048320603063, 60.60141530575464, 26.1278432315687, 30.831029903421744, 11.831977920695703, 60.83595762432096, 68.0165982567804, 50.607144035915944, 89.72745430661651, 63.71479107413959, 11.311858072337172, 71.45220847903262, 34.19977829625527, 64.33424580847424, 76.45767015859948, 38.10955785522605, 9.496294615205205, 86.46345105913254, 21.228016386535977, 14.271800210715751, 17.675039952754908, 41.27579470297484, 67.43692608321201, 34.507744526719975, 99.47286371940906, 68.52307916109561, 98.45699895952342, 55.51550881676656, 70.13661567973672, 49.13957555812302, 70.73085055593684, 59.760192955112046, 61.150592498306736, 42.34451529547065, 68.35475440508058], [51.83124665278158, 35.91887202648134, 22.722954824217865, 72.8379749454324, 36.10446373126386, 18.18714837496034, 79.42456766750435, 37.29904892184925, 24.573892725554177, 74.18152905778219, 0.0, 85.07229712277511, 87.16333457808437, 88.0282758233331, 9.539762520404373, 5.352329313099544, 28.79018068856556, 72.72272361627107, 32.49230018853215, 52.58273577303729, 94.51178234651327, 50.51528581311698, 69.40838076759154, 31.14848108340658, 57.054753991123384, 45.44090559966044, 28.46754072193603, 22.19436759013633, 66.93802072325124, 60.85221587400787, 11.385814316032889, 53.728049582184596, 34.79868143824014, 41.78186863023594, 52.30065193559827, 12.587321750550892, 52.717306566172276, 16.20376003052275, 22.089607006428068, 50.095483482516485, 71.37241361143681, 51.2361050994669, 15.379902344528821, 57.13933724382531, 47.520428139023004, 62.41045239375223, 50.939103712176525, 51.59444030940319, 24.9200169093846, 46.02106806412952, 34.61544589141471, 70.98262648275639, 24.343589581927116, 44.89646573215995, 44.59511028018421, 36.73587570972304, 54.43581709701739, 79.81589408955875, 51.45011187710794, 63.62368383981278, 59.982581181391, 57.87913468839359, 56.83924360411818, 20.57358640739612, 43.40971677692384, 29.027725339125986, 53.00732275841376, 34.975210665726124, 22.04909305666695, 4.951800497767719, 38.52142516619688, 26.322275685700593, 19.00503125160373, 13.12119322604189, 63.16224236742287, 17.251018216989056], [52.27052593959548, 74.34620845627576, 85.80142530452109, 63.247733599931266, 54.32020122170278, 100.95662046592524, 50.85239834217708, 48.6284381402563, 64.08366945552602, 11.999674020479176, 85.07229712277511, 0.0, 73.92751537890125, 74.36900190843856, 89.41148261295206, 80.18608134030093, 67.37750461885669, 19.575719357028927, 52.704313246174316, 32.75008527564528, 79.44518006807299, 39.29384549438974, 64.02890085778964, 67.09003738384426, 104.43686782060529, 55.67249355784852, 79.74258879493792, 97.54599725038196, 57.57915961007413, 44.53417725510718, 74.11131068871786, 99.44833266160552, 51.872012128548626, 95.86204766189863, 82.13553869194266, 97.54812345424634, 47.38602760940725, 85.66266860575675, 63.70649179239005, 43.47733073861088, 14.624226153797771, 60.17373731725175, 71.96195473434055, 37.8681081934239, 39.601373155414436, 23.41837213581083, 72.43560394000433, 79.64128312701214, 60.90012499025051, 96.70683025171294, 75.71272394665904, 21.718545622567756, 83.3620726752053, 46.184633672539924, 70.52770518433566, 83.93637021740035, 43.383410524350175, 14.395539555529309, 98.31404994238386, 26.2239640797979, 25.813933617869946, 27.34372372167706, 52.54340543215043, 76.71353412813724, 46.447449176572555, 110.99306965408147, 80.09199662813386, 110.30165837744508, 65.4769592889866, 80.8436295471354, 56.91323898700504, 82.67521952595374, 71.36986201069594, 72.17422650867957, 52.945104118768036, 80.06720035155222], [39.686603597777506, 52.12502294516711, 69.32144225138899, 15.572982961848396, 57.09404022906021, 104.54320922007292, 23.075131618656506, 64.22082344201536, 85.30735373502742, 65.6608798098472, 87.16333457808437, 73.92751537890125, 0.0, 0.8665129120498374, 83.33114529312012, 85.85704144413239, 94.04185236756337, 56.01129199050818, 69.14599474858544, 64.37702258753208, 7.6626348175784225, 82.09627671117002, 18.267633308519084, 56.213579091979994, 58.465885802979464, 96.50322866689795, 104.4991494751023, 81.25841811902619, 23.08872984212601, 37.12089262362948, 83.07997572954362, 55.45083081151816, 63.12565473523899, 122.96515854589774, 40.716906112520014, 94.26680937765866, 94.36067307135559, 99.70522708066486, 79.79501746278599, 48.953685563038846, 64.92167074004591, 36.72771062596036, 73.14486322154697, 46.9989283299892, 77.38264864086061, 62.91800136012843, 37.188868290567456, 39.788798135313584, 78.8962402587059, 126.22295629771173, 53.75987640347546, 54.46624069872441, 66.37525478843442, 52.97587244373307, 108.74287886687415, 112.95979260388576, 91.71024643106752, 59.543536781164136, 56.14889641745945, 80.86702484228714, 62.64748168117783, 69.98243153704246, 34.63745262731187, 96.26661133380823, 54.95747019957502, 95.7714170346782, 38.72660147772311, 86.7276928532836, 83.99377698587408, 86.55235540856584, 91.57391100680648, 64.28499320716782, 68.65205509108277, 77.75258013988419, 28.882530406145, 70.80963756921916], [40.51649311110632, 52.97808588171355, 70.16305239452704, 16.401356091434106, 57.93928041978967, 105.40387890129911, 23.52543111427732, 65.0397610008502, 86.15232004146597, 66.1919432440695, 88.0282758233331, 74.36900190843856, 0.8665129120498374, 0.0, 84.18627757998118, 86.7235542367119, 94.88177868303109, 56.54141901994809, 69.97687628744627, 65.10208091210286, 6.823841270693739, 82.83948580543624, 19.124745320777237, 57.08004633240996, 59.09352053883608, 97.29180713496869, 105.35229312751473, 82.08261729368876, 23.897245225580633, 37.85877115092604, 83.94470861307332, 56.119120740416264, 63.95879209423254, 123.82227786002198, 41.49250016552577, 95.12017173282389, 95.11209191423734, 100.5706846072436, 80.64613250569855, 49.73879618660166, 65.48066525908052, 37.590071710120576, 74.01122615231142, 47.72345591331902, 78.1385490291994, 63.56231331110463, 38.03228706196298, 40.58519460979811, 79.74135443375319, 127.0767685760035, 54.610509304048215, 55.01632438196767, 67.21976876904534, 53.78432805110691, 109.55928946474825, 113.80850479839896, 92.44741704942903, 59.992361706855334, 56.83795948261044, 81.52460705268246, 63.31358760142328, 70.66749156979688, 35.45628035034253, 97.12457468569508, 55.768315579470645, 96.58130274555526, 39.51470685163124, 87.50285735491634, 84.84400458374903, 87.41886161342357, 92.38196070126648, 65.12807095510632, 69.51855776459126, 78.61799673447905, 29.672494604407987, 71.66887691868571], [50.857501860965, 31.22133343680602, 15.233145062844208, 69.79510097162795, 37.30085693152866, 21.649787293534114, 78.07144014344668, 40.819325256692395, 32.54257843906391, 78.04972810074145, 9.539762520404373, 89.41148261295206, 83.33114529312012, 84.18627757998118, 0.0, 13.965346348376322, 37.813213663803396, 75.46659804236917, 36.90106638356716, 56.661466181072704, 90.43232329716014, 57.187677255196036, 66.19737004513857, 29.05920057379067, 48.32591189053334, 53.975012303481805, 37.99140014507975, 12.695011322421994, 64.59256967850317, 60.62281779451211, 18.89262208945488, 45.320851931300055, 37.75856996153511, 50.53591079979663, 46.11711843771145, 10.988547299456288, 60.71076220765828, 25.34668594452384, 28.845748782275436, 51.226346520223444, 75.24071952662374, 48.795842558767475, 17.45483608785867, 58.43646471504643, 53.63506999158014, 66.2210009490193, 46.31098708821637, 45.78156585270286, 31.497425036480696, 54.861635872165174, 29.64019305652741, 73.56336968532275, 17.61474702839947, 46.38274912412647, 54.018849418942054, 46.161564561946825, 62.07699686439767, 82.7838540860155, 43.04990432529402, 69.65989492779265, 63.78287620379901, 62.72900510599059, 55.488903592731965, 30.074566852663608, 45.21481789465601, 21.895961479756902, 47.15697095730151, 25.83804694159527, 29.820257147240493, 13.879437873214817, 46.84584330043038, 19.752970012222935, 18.930100819342535, 18.050546315831692, 61.52803661615825, 12.770042977174334], [49.26396838268698, 35.75243959837956, 24.864282634136625, 71.16446017940412, 32.75286255782057, 21.68240270873819, 76.81735974538962, 32.915818341657044, 19.233484913706345, 69.45402888742433, 5.352329313099544, 80.18608134030093, 85.85704144413239, 86.7235542367119, 13.965346348376322, 0.0, 23.854976156230798, 68.37466885610428, 27.843834801790937, 47.86964848631422, 93.31858144678917, 45.20678878955741, 67.85436232264348, 29.65130871030344, 59.578607273143255, 40.25122717728839, 25.066444309073844, 26.595475953799582, 64.92777422419461, 57.82468237604462, 6.148992548567166, 55.94319491209597, 30.682719207687104, 40.11435110215275, 52.76708461356639, 17.808360067633316, 47.404656191348984, 14.603290061444408, 16.85874207952084, 46.54842129507292, 66.6525538617701, 49.44643929478681, 12.803319538000375, 53.45175196233049, 42.299529223649124, 57.73867588819119, 50.41743374291029, 51.81946619925648, 19.703610863007892, 44.17257422264793, 34.65792559566406, 66.70065810969417, 25.908992664541, 41.25575829826961, 40.18830041212894, 33.736122461386806, 49.09029614898689, 75.36578658458232, 53.67754384963017, 58.39000260357163, 55.32405584172096, 52.917165489377076, 54.40367434726137, 16.557440148839774, 39.649297034283954, 34.34116090740545, 53.238944365804734, 39.77504984056775, 16.696871519577442, 0.7554519527572594, 33.26140982927984, 27.68599021333682, 17.208248357546644, 9.117051311591508, 60.810202161650906, 18.13556015402522], [54.42599333460591, 51.36879840030277, 46.40276788008813, 78.4985079876134, 36.99607313373045, 37.60021328208455, 79.52425169792505, 30.553904215545764, 9.014563160129716, 58.74428100216338, 28.79018068856556, 67.37750461885669, 94.04185236756337, 94.88177868303109, 37.813213663803396, 23.854976156230798, 0.0, 60.973430700703936, 25.104485394800854, 39.341553705285364, 101.70409922636362, 28.3163433089997, 75.88426848622674, 42.25964003184536, 80.3941841173115, 17.27594811516176, 12.709004724044837, 50.378882148645474, 71.1920668966347, 59.74557725413937, 19.67052297846385, 76.19121949122126, 31.007387180725033, 30.91604447296662, 68.74704413968401, 39.69032473645764, 25.740757848799458, 20.138451884349152, 15.155277095684394, 46.911334364469305, 56.19543194090323, 57.99052821759466, 28.308760493174603, 52.03596465860694, 27.96422334333816, 48.44912967757322, 63.514925771827144, 67.15316159647799, 15.305004032933057, 33.26924303534722, 50.96708576449116, 59.929270155022785, 46.44969284719162, 41.95200274385541, 17.480982282438745, 19.494635570159716, 28.440521063790012, 66.72122015491617, 74.01524705810073, 42.14543710102883, 46.399579753357266, 41.07560812087964, 59.61561993470989, 10.533882221252606, 39.92879216625414, 57.44104540144833, 68.50354187324326, 63.62909654816307, 11.147122246161885, 24.002516073101862, 11.549442942296226, 47.69713039395569, 32.56012259439416, 23.52987842435764, 65.83031254904876, 38.59363997075311], [33.21855107908755, 56.455213054117216, 69.60133639969989, 44.18832068648055, 38.524340242296155, 89.9456143516993, 33.225246799538546, 35.462960786412786, 55.39482434575768, 9.650567757617493, 72.72272361627107, 19.575719357028927, 56.01129199050818, 56.54141901994809, 75.46659804236917, 68.37466885610428, 60.973430700703936, 0.0, 40.68307762662778, 21.72337980188368, 62.15851740170623, 36.36478604325362, 44.70532683853948, 50.27037302924236, 85.42875583492166, 53.92896805778222, 73.67578106539112, 82.04983427523382, 38.17299195784231, 24.986505873145685, 62.65894665123234, 80.48293196458944, 37.9827876291373, 91.51544286147318, 62.88685503158799, 84.70757533328648, 47.79787318759076, 76.60056539292445, 53.25516106634853, 25.77333760155975, 9.294476476082906, 40.96084469259377, 58.25061175726555, 19.24486251592941, 34.031035743724836, 12.78965073782796, 53.183652580118824, 60.401669712105814, 50.71297611653265, 93.22291173046285, 57.96086570596376, 2.242567573513945, 66.9137599949555, 29.608780464928163, 68.86928093239658, 79.62525871288935, 44.07619778075121, 7.466192803264823, 79.46294806170414, 28.44543602104326, 14.611714085851501, 21.21874615100447, 33.0751991591868, 68.68749242295311, 30.4387505614791, 96.28854438769547, 60.785602370936076, 94.10487240780117, 56.03093068760375, 69.09543174165708, 52.571989604156784, 65.9498917005842, 56.67890529611786, 59.60593947240608, 33.393059716772456, 64.78948686234149], [29.460728080644028, 32.60254767732573, 36.35639607976209, 53.57568656506623, 12.741860204953868, 49.2898836184313, 54.592856004181506, 5.785787367152414, 16.913387698396885, 41.69006983559425, 32.49230018853215, 52.704313246174316, 69.14599474858544, 69.97687628744627, 36.90106638356716, 27.843834801790937, 25.104485394800854, 40.68307762662778, 0.0, 20.09262460350743, 76.79982796653337, 23.013996196861598, 51.11609103834645, 22.67594086445068, 64.91680955964294, 29.637874935495436, 36.63187554822259, 46.27320646904634, 46.18252511883386, 34.77670977481131, 22.00022280728537, 60.11028143123515, 6.051026248012799, 55.378771290322625, 48.413939460784725, 44.87697863397679, 31.488426481754818, 36.45496178097318, 12.970273162920185, 22.0199389410863, 38.88040899502307, 33.80523133971948, 19.613569210280666, 27.808390235447558, 18.308533047482914, 29.923218435957107, 41.35524517298712, 46.387132579803236, 10.888451854438275, 58.12234086874875, 32.96304059337598, 39.10788628752457, 34.734565191222224, 16.90584726172716, 39.86777370350628, 44.46360552116215, 30.925464283573504, 47.56486491617296, 58.220689205267156, 33.52164973411981, 27.49957906870884, 25.82800075888871, 34.587803443119164, 29.693374142710965, 14.896447222936493, 58.71305920164056, 47.58835921419801, 59.73932766393827, 16.49660257910996, 28.544986703166128, 23.34846558181963, 34.89022548532674, 20.218879590652158, 19.483188747830155, 40.74638341496495, 29.219795022782964], [28.643036233608143, 44.738424634392025, 53.787823826434526, 49.58250703946489, 22.865135493090577, 69.11636195349836, 44.84344767044396, 15.908334300109914, 33.71295327335075, 21.599079897316862, 52.58273577303729, 32.75008527564528, 64.37702258753208, 65.10208091210286, 56.661466181072704, 47.86964848631422, 39.341553705285364, 21.72337980188368, 20.09262460350743, 0.0, 71.63707496771487, 17.96122978622311, 48.39849504756246, 36.115531551636565, 76.8542396413213, 34.33631381463252, 52.022644123608764, 65.05556296342571, 42.06077109005539, 27.283933249138734, 41.914515594354185, 71.82800602580795, 19.27082962191929, 70.0619349882592, 56.51592976833315, 64.9584228507587, 30.34084797147071, 55.06830957708916, 31.97244499229534, 17.371122356011526, 18.791297345420503, 36.16321972702231, 39.21228844417456, 17.378629595084, 13.902092688694735, 9.890368503392063, 47.444376513337964, 54.10351210566223, 29.31281186253329, 71.9666846886479, 45.78539802571594, 20.591232563167583, 51.576416804174706, 16.81650765797528, 48.68187892517193, 58.25936771679883, 27.413272524610992, 28.0100324178443, 70.31247107573732, 18.95141640638165, 7.51535728824437, 7.745466769234664, 31.91337053598048, 46.98608780049994, 16.100926044917802, 78.27222007479176, 54.94986007136901, 78.08420262386223, 34.475465930850255, 48.556937608242606, 31.680223636191847, 51.15588187891542, 38.76826314338363, 39.56381671747428, 36.10538658735049, 47.60027373162773], [47.33921335153417, 59.212704489896616, 76.1976907549819, 23.224149187869365, 64.75588259837225, 111.75805062699484, 28.93495970877458, 71.8518740865074, 92.96925673757356, 71.79297070210086, 94.51178234651327, 79.44518006807299, 7.6626348175784225, 6.823841270693739, 90.43232329716014, 93.31858144678917, 101.70409922636362, 62.15851740170623, 76.79982796653337, 71.63707496771487, 0.0, 89.43760336280899, 25.909304236774062, 63.66728915415737, 62.90801026839084, 104.03776042182815, 112.14788546238553, 87.86572866489185, 30.69849365852555, 44.46207525739036, 90.63590809570135, 60.32269855548286, 70.78246035552091, 130.59786194936711, 46.81287634136655, 101.32824999673623, 101.73791376229903, 107.24047401477105, 87.44919020836815, 56.48193371020474, 71.23290552221873, 44.32832198941874, 80.63968474942496, 54.26835190156985, 84.78380667062206, 69.7461192140419, 44.14820572414784, 46.1292367698674, 86.55807752345281, 133.86937546486442, 60.80241209694884, 60.74309594409192, 73.30083169765177, 60.58019979334696, 116.36680678932264, 120.61798104517067, 99.0201777460329, 65.14706377968763, 61.23389238174909, 87.75567598859634, 69.59878638898866, 77.03171553473612, 42.26975900367421, 103.89532250809047, 62.56832718209863, 102.17041220330054, 44.9755433728052, 92.69880016195003, 91.64966242486193, 94.00798886523087, 99.17490139406256, 71.1898185309294, 76.1103784024344, 85.29165608618257, 36.43533727417893, 78.00428505997313], [44.69518408842596, 55.007486532639355, 59.07565811696182, 67.05776487283724, 33.13767039866637, 64.04978525650102, 62.7926220765152, 23.36607679537965, 26.704653561013725, 31.839339461546242, 50.51528581311698, 39.29384549438974, 82.09627671117002, 82.83948580543624, 57.187677255196036, 45.20678878955741, 28.3163433089997, 36.36478604325362, 23.013996196861598, 17.96122978622311, 89.43760336280899, 0.0, 65.58527534133701, 45.23194519725244, 87.57543618497003, 17.59275683211949, 40.48441253771313, 67.96563183494415, 59.458527213417085, 44.983241527695945, 39.136528543912405, 82.68952734085522, 26.73291046432727, 56.77685790344468, 69.56958166190425, 62.9988085000412, 12.37962263749078, 47.54693416480688, 28.5082956351916, 33.76778799888849, 29.615167346751424, 51.40126944828227, 41.12892553154832, 35.19835298344035, 5.256112103419613, 23.709666258170987, 61.38428263240806, 67.33248383748519, 25.749258268187344, 57.92254449000652, 55.56701077356226, 35.981837154581015, 57.631578252143896, 31.238232539432918, 32.63085908338406, 44.805487665509915, 9.681701132171582, 40.720485830077244, 80.8809080985933, 13.886052788823298, 22.418821978074863, 15.148756149456192, 48.7015190641523, 38.18101077803157, 29.691493892599386, 78.95690939839652, 68.38662626789741, 81.65026262970717, 28.77780478877073, 45.72795103497792, 17.624009696902206, 57.871628863454994, 42.7677686752734, 39.165037676662536, 53.49770354640184, 51.61107996647834], [21.766564856854618, 35.33147561039972, 52.90811984828581, 3.7523260415598996, 38.8975410920243, 87.05961168768181, 18.30728722011115, 46.383180463116524, 67.1028148356499, 53.99272185833987, 69.40838076759154, 64.02890085778964, 18.267633308519084, 19.124745320777237, 66.19737004513857, 67.85436232264348, 75.88426848622674, 44.70532683853948, 51.11609103834645, 48.39849504756246, 25.909304236774062, 65.58527534133701, 0.0, 38.29530146010493, 49.521000990706604, 79.09810045737126, 86.23884510539587, 65.45855871335371, 6.653740301276457, 21.593281157218208, 64.89970984118122, 45.44366004024939, 45.07259070372046, 104.69762082590859, 27.90961239541455, 77.18420199521046, 77.6326157606158, 81.55218333004552, 61.54533733019149, 31.877894590867182, 52.6432905093009, 18.508768946946635, 55.089167085150265, 31.3881433633417, 60.650458653484144, 48.757808186333754, 21.38776357787648, 26.17940190764898, 60.69193463786756, 107.96008982434023, 37.07928038300564, 42.7603151404023, 49.85655222824018, 35.37502170506751, 90.87852180105864, 94.7226801147956, 75.26552428800797, 49.958318305068985, 45.4695385596633, 66.12713829295933, 48.00126657616552, 54.792237978749235, 17.026798350507594, 78.00003012482715, 37.29902932915105, 80.38924258347619, 25.558103633605146, 72.59439422352358, 65.74903629465574, 68.56116191455853, 73.85554032697895, 47.85389442560587, 50.684905473664784, 59.604813780657764, 12.385620508397643, 53.501087507656436], [21.895155107874892, 9.937834706898979, 19.48470831512901, 41.694823187083834, 13.258513989737729, 49.0115822359566, 49.02084827598123, 22.15101978135341, 33.31552598376369, 55.12064525623605, 31.14848108340658, 67.09003738384426, 56.213579091979994, 57.08004633240996, 29.05920057379067, 29.65130871030344, 42.25964003184536, 50.27037302924236, 22.67594086445068, 36.115531551636565, 63.66728915415737, 45.23194519725244, 38.29530146010493, 0.0, 42.348728735403206, 51.52359381523482, 50.36098235052239, 32.390456507565496, 35.878364934271595, 31.94545788836062, 27.34799088229904, 37.48866433770925, 18.587461152091592, 68.0330813318388, 26.627922265793035, 39.89736737012734, 54.145575845561595, 43.72231727075497, 27.114568119825393, 24.556350666346074, 52.46720681930476, 20.109575396192067, 17.03352228582003, 31.556871341178955, 40.18656966439124, 43.93299089616171, 21.589799480031758, 24.92211139512954, 27.509404434841354, 71.67012228310952, 10.337425356592465, 48.1422994791537, 16.677799382350948, 20.94005357457994, 59.28619871376645, 59.24747800742564, 53.56572766289672, 57.734383792947476, 35.652261586837774, 53.68863546229713, 41.682495383522856, 43.656100053237566, 26.430604733738612, 41.57309220561737, 20.678312988772216, 47.27994758838931, 26.25793195823192, 43.86264660682893, 31.152401414224755, 30.342052106094034, 44.614727298565015, 15.69091940315609, 12.443090040281968, 21.91236931429402, 32.499581548221606, 16.44361739900908], [52.226534824991695, 32.61517209439066, 34.7215885662022, 52.81282328774233, 54.884814433092224, 67.89470900203952, 67.67481779648992, 64.36348717450916, 72.2908684731703, 92.64331124099942, 57.054753991123384, 104.43686782060529, 58.465885802979464, 59.09352053883608, 48.32591189053334, 59.578607273143255, 80.3941841173115, 85.42875583492166, 64.91680955964294, 76.8542396413213, 62.90801026839084, 87.57543618497003, 49.521000990706604, 42.348728735403206, 0.0, 92.68408601266108, 84.5919467372298, 38.30241369480328, 53.151674945848825, 61.114172103225535, 61.3706719499707, 5.03670824485172, 60.87564922063567, 98.77451655400057, 22.938149471318496, 56.11516200902901, 96.22019959402628, 73.25689978391839, 66.34073855257769, 61.442614009997, 90.34524073503702, 44.51117933853106, 52.11034944737407, 66.5689022939223, 82.50245238364123, 82.92974135064435, 32.45380392948108, 25.325881453688442, 67.66847533211815, 103.05300341657647, 32.0113254904033, 83.1888855906073, 34.07687847282645, 60.17071256037569, 97.86006103594657, 93.31472711961564, 95.8420231956818, 92.38284087455459, 6.698005598359393, 95.32280850386165, 81.01639051292278, 84.59566536064227, 52.84345970723124, 75.83352761528988, 60.753480178714895, 47.737000069877205, 25.2528415212594, 35.39193626702535, 69.63142462887733, 59.8905195577959, 85.45847053540294, 32.70554285440544, 48.14475004033186, 56.89851366140877, 54.90343911497279, 42.05093799091328], [57.420636680839934, 61.37727320877512, 60.330647253276496, 81.07125832426178, 42.24914572824488, 54.74725917242609, 78.72514868802998, 33.12117839436412, 21.65345986939819, 49.24514534804523, 45.44090559966044, 55.67249355784852, 96.50322866689795, 97.29180713496869, 53.975012303481805, 40.25122717728839, 17.27594811516176, 53.92896805778222, 29.637874935495436, 34.33631381463252, 104.03776042182815, 17.59275683211949, 79.09810045737126, 51.52359381523482, 92.68408601266108, 0.0, 26.533699720099087, 66.2085721279754, 73.45969134312361, 59.87938055263969, 35.146397975097734, 88.12072312044437, 35.33934209521041, 40.4