instance_id,num_cities,city_coordinates,distance_matrix,best_route,total_distance
962,81,"[[0.8648166434574778, 89.01197098128387], [93.60373572165929, 82.66489143415828], [59.45073468209286, 58.818234968983596], [10.67331527844525, 64.38879974446388], [80.1944532489701, 81.28104725693696], [57.40207350470228, 74.57857893443493], [25.273890843900237, 68.09928511217458], [65.13914308055915, 2.8641232046441867], [29.215632617479248, 33.58664490452426], [62.8364913595515, 45.812570730945424], [76.97726708304494, 23.49009543831767], [75.21688812569151, 50.57766117558069], [75.98849087958138, 39.275829227865565], [94.0779457127675, 44.64669112670337], [66.0024772035955, 30.782148551125054], [53.53180781108432, 7.718774019319186], [8.887229695173948, 37.238557795050795], [52.63162558842873, 1.7008789164460136], [63.2698904301485, 73.33178001931839], [11.094025227863803, 3.459342073611793], [63.650482660621435, 34.048305299854974], [5.702206623794826, 69.42386827783109], [69.03871244138429, 82.43575560942533], [78.40426420835587, 4.187488548544227], [52.064931520715916, 96.0014130768907], [37.910475417493195, 2.231657860594183], [94.18314909388808, 65.69360632006058], [92.90625777170912, 89.16363936356353], [32.443358232721465, 15.64308501018894], [97.43357605147254, 8.802761377520142], [64.45317022829869, 64.22052508073503], [69.99702543290776, 95.72794627087428], [80.63538698322937, 16.149648340261002], [97.04442998065642, 61.54579944259999], [58.235259201834346, 16.138121924679773], [42.02894623570737, 72.19264939017941], [72.07340251148395, 64.33625796430896], [67.73316083160177, 3.636098929851894], [92.12411932711933, 31.4770255655366], [67.88113120686803, 82.98533729790712], [40.65685973333627, 99.09452776903484], [94.16080347365642, 71.96013048426157], [27.12659126472401, 20.65777834144641], [71.82203111397448, 46.102233713883855], [51.52920263371031, 38.99097360767274], [89.82827601443717, 71.00850142176556], [45.32549391975487, 94.77771176479467], [31.84432577496438, 69.71018209562827], [45.12816013907428, 27.691649985640677], [47.01383969586526, 57.96567346414876], [57.32792642119626, 31.889430973110557], [17.134452225249696, 41.85804424836276], [89.77830937493856, 55.68571858581938], [8.51810315171152, 75.73205702871019], [84.63476831278275, 60.28381435220581], [74.74941736335998, 93.70975155841761], [7.3305637109911554, 36.01063658418527], [17.150296919005502, 73.2203308708593], [96.22989987037803, 52.5496145452659], [72.11787288694897, 68.68260708413129], [27.112513867623, 37.47158228506039], [60.438845399902895, 91.16269152331016], [72.17715677291484, 15.07935851623018], [10.21742127548315, 23.227649169391672], [53.166743997442154, 95.01841237138207], [58.520936235824664, 87.75901696450738], [46.03331586689791, 90.95588974861658], [63.189316128232, 80.32459927212649], [55.53433679973021, 3.4685294238412934], [11.78478962105929, 42.11140754276473], [54.55808305421536, 71.87779768107778], [45.47614377827619, 72.55738559286895], [18.939939700275065, 11.656285227484918], [81.82264938346398, 88.37186216124717], [55.7285461828219, 43.676058169436196], [78.45736624249082, 42.60659341509655], [89.98630150511941, 78.60306756846856], [65.80817383354807, 7.91535340147318], [91.76034596575677, 51.45925057376463], [12.636944415027706, 11.283270044105864], [49.164052118839464, 19.50616330990007]]","[[0.0, 92.95586334691752, 65.90881190561835, 26.504852522327226, 79.70544790410727, 58.35052886968904, 32.14254709233173, 107.48321131921111, 62.25540568583563, 75.54254860081376, 100.4301811538076, 83.69842712942706, 90.09578362637946, 103.23257958351664, 87.37063032561679, 96.86276803265363, 52.391272404139634, 101.50383887272316, 64.34486477510117, 86.16199290451179, 83.44485845370427, 20.1765732804875, 68.49034002604785, 114.92414345407053, 51.674984898423546, 94.35678872941382, 96.18761511651526, 92.04156608980313, 79.87613985129981, 125.53502538679633, 68.2502344426056, 69.45766060125072, 108.0382430113384, 100.0245399923714, 92.74678191543217, 44.467686513608236, 75.36281254186447, 108.44544703677795, 107.88202014377201, 67.28675004200757, 41.04953890904249, 94.84148049749405, 73.22551780426144, 82.92268590543992, 71.19677089601844, 90.7668552910833, 44.83297436764269, 36.50053479355525, 75.62688241901606, 55.620184449659405, 80.3185367319297, 49.881798767666865, 94.95392718807022, 15.32739080747876, 88.55908641119744, 74.03379880764132, 53.394263109573735, 22.68463720632168, 102.09800456299186, 74.0964308216058, 57.83902900748998, 59.61283839177329, 102.72040226092977, 66.44582913662515, 52.645692540930405, 57.66973227107529, 45.21031013244575, 62.92705033005065, 101.52062267149815, 48.15504813290203, 56.360861886047445, 47.549173379086724, 79.43936172930641, 80.9603632727791, 71.1714395628751, 90.41052383621528, 89.72727753701633, 103.89562563460385, 98.34736427981322, 78.61509995955886, 84.63966828596264], [92.95586334691752, 0.0, 41.65441758777433, 84.92037542509082, 13.480500032980924, 37.09378380691076, 69.86504554171297, 84.72541321377192, 80.95987959340141, 48.007466782263194, 61.466217880557615, 36.98197547703913, 46.82849100694887, 38.0211576590381, 58.76775034700515, 84.98635138673248, 96.127197926638, 90.74075783096504, 31.73718857824565, 114.37382294596921, 57.10315066870396, 88.89321409404155, 24.566091915211683, 79.9357660747347, 43.62722846997482, 97.83273637391076, 16.981173053706023, 6.536069165837811, 90.73320401551678, 73.96135432410355, 34.495653621318695, 26.979995780653798, 67.7676591955321, 21.39753311790397, 75.34414504592037, 52.62724355263094, 28.275325869267363, 83.15549705119192, 51.209246009475635, 25.724600455127643, 55.43739376106306, 10.71924584449618, 90.90705588259144, 42.5590248382923, 60.64385733842732, 12.252572143099853, 49.77458234727269, 63.10348018144257, 73.29351065012457, 52.73205647444769, 62.4025778749162, 86.67612183121213, 27.24903033714653, 85.36761132139942, 24.11130414825767, 21.851184313912054, 98.07996586657522, 77.03458982161813, 30.22956566394349, 25.634870340943714, 80.39600596726561, 34.236275445926076, 70.90065264330873, 102.40148048225242, 42.28190841543025, 35.450711342400915, 48.2875294274684, 30.50432570322972, 87.87117212115788, 91.31771458343887, 40.508324871122724, 49.17750278939031, 103.03836465966103, 13.09058861120697, 54.3567760444561, 42.82615729415203, 5.439139952867552, 79.75015170377833, 31.260040103941584, 107.93959962295776, 77.22635830461448], [65.90881190561835, 41.65441758777433, 0.0, 49.09447866712875, 30.575804091889985, 15.892937253040598, 35.41460922416949, 56.24251606608587, 39.380128669654255, 13.439146198756111, 39.43674404283172, 17.78984684733448, 25.60083987290364, 37.41492213858725, 28.79144789165175, 51.44111784021246, 54.975908391706724, 57.52297463851851, 15.007629411602752, 73.50495474348632, 25.123441223222848, 54.784885929564425, 25.489539005528492, 57.82520848174499, 37.90961385378315, 60.547695893649596, 35.40637431435038, 45.16763878121634, 50.92633853559931, 62.80321518099085, 7.362682924414914, 38.38686021270353, 47.638196628470865, 37.692512972193484, 42.69741713637563, 21.963462244839754, 13.776077849231408, 55.80023943284927, 42.60389413897502, 25.5953202859742, 44.44535405759482, 37.11466412685905, 50.010705830739646, 17.741072778306982, 21.351134936655757, 32.732210643158645, 38.63426455909948, 29.6774042826728, 34.26368973513496, 12.46608270540427, 27.012345317663154, 45.588549332559, 30.488923327020377, 53.66759107019514, 25.226642123759667, 38.098131472460054, 56.891992109075666, 44.68497959399391, 37.30955097510313, 16.054975164323015, 38.748420693667725, 32.3595462357767, 45.55272914527722, 60.750382274941856, 36.74154845525564, 28.9557142488856, 34.82608192715934, 21.82889591273262, 55.4880894995217, 50.50901306906451, 13.945974981437946, 19.597281719535623, 62.17213212910203, 37.06641940658318, 15.59295371162425, 24.981380369075552, 36.38489304908238, 51.29834680026684, 33.137073386624515, 66.7165935099966, 40.63563480845426], [26.504852522327226, 84.92037542509082, 49.09447866712875, 0.0, 71.54394908543564, 47.82685903661614, 15.064677510871464, 82.16941171445104, 35.95261151968041, 55.372133995640624, 77.90326077147388, 66.00469941191065, 69.9766636242025, 85.70929489011871, 64.73579507328414, 71.05168680516206, 27.208927572075304, 75.4339129424472, 53.35144434675789, 60.93091012717352, 61.05019137547774, 7.075580286594518, 61.091834167746825, 90.61831665096258, 52.08284954620796, 67.86289987623319, 83.52002672462814, 85.883930448324, 53.38613560828636, 103.03955798980817, 53.78011821100553, 67.09280655550563, 84.98062841273276, 86.41789227711422, 67.75150492675579, 32.31215966197477, 61.4001097137735, 83.34696533659657, 87.84883812424731, 60.154512817218695, 45.863934586926966, 83.83010040741291, 46.72378969681108, 63.824477636131626, 48.106684608906264, 79.43128010685018, 46.08968928479167, 21.829539518070625, 50.33703541917732, 36.903797448853076, 56.85825983458975, 23.438882948435328, 79.58230778671975, 11.546186605448009, 74.07528224732705, 70.46605618077835, 28.574361452062423, 10.95204242178808, 86.37184421567864, 61.594402677312445, 31.540194134013188, 56.5106120056674, 78.82983897495588, 41.163675200420386, 52.381911515059635, 53.249994217775004, 44.22827051676476, 54.88059813668811, 75.65573730967745, 22.305102073799517, 44.51918612045685, 35.748603697926555, 53.376541351187136, 75.08272122449283, 49.58821932072755, 71.19790781807748, 80.57664173918606, 78.924665154474, 82.11138646644892, 53.1418208583564, 59.1268794697785], [79.70544790410727, 13.480500032980924, 30.575804091889985, 71.54394908543564, 0.0, 23.757433700234827, 56.48032425659634, 79.8490847918128, 69.81114645048847, 39.48812059378518, 57.88043191725677, 31.104245231435875, 42.215263366731925, 39.17687343406953, 52.45522809570403, 78.24515771363968, 83.81205765849813, 84.21824423333452, 18.6984404757005, 104.0725081389916, 50.046327293942745, 75.43001723855356, 11.215342364160882, 77.11434089146799, 31.74837259661646, 89.64787083465764, 20.94401886941078, 14.957447393983363, 81.1696320255077, 74.50026361710562, 23.21313007893498, 17.683337501238427, 65.13289144050941, 25.94998501255178, 68.74450468251116, 39.23270193810121, 18.7903525579587, 78.63855167427023, 51.212864686264346, 12.430708115641155, 43.365209430629776, 16.791022246478523, 80.56909276874646, 36.161393428675574, 51.089597004633376, 14.083172192802609, 37.3898953935436, 49.71538743018897, 64.04270772203455, 40.553172142976926, 54.428024107935855, 74.36892425822542, 27.33077291306992, 71.89082316831362, 21.461597972225785, 13.569123273418429, 85.78202889348321, 63.557381915980436, 32.903355057095695, 14.965020719395916, 68.82558760814969, 22.0891587638206, 66.68538546718007, 90.92294558212147, 30.318513612522352, 22.620906950237536, 35.50473045209075, 17.03201342304406, 81.62664561781223, 78.8298341557431, 27.306493355031975, 35.797531832963074, 92.73469101552607, 7.27534732226363, 44.86330140371361, 38.713445354717834, 10.151446570972215, 74.76289233511656, 31.986081844275443, 97.28158003746312, 69.13047143602225], [58.35052886968904, 37.09378380691076, 15.892937253040598, 47.82685903661614, 23.757433700234827, 0.0, 32.77501135806122, 72.13061351632722, 49.74750350923618, 29.27483775163117, 54.710340426309116, 29.88999286128213, 39.89660446301027, 47.33959769534338, 44.63288314801145, 66.97172888485507, 61.2206439736841, 73.03366575240393, 5.998815133448349, 84.86684386069666, 41.0090928682128, 51.95620537969316, 14.040889966263428, 73.45745448943401, 22.077656289841965, 74.92662667475318, 37.83900447759668, 38.38321362505893, 64.00257738656033, 76.99986604814721, 12.530253175481308, 24.61561603546527, 62.8786671739335, 41.72972283935536, 58.44639607293974, 15.557175251917236, 17.89282073012289, 71.69077231106306, 55.34766814334656, 13.434442173277203, 29.68895302144329, 36.85187242484026, 61.83896475081121, 31.919232675194575, 36.06893767718615, 32.62214068158011, 23.533991195079626, 26.017297261572455, 48.4668242776048, 19.59346906067756, 42.68921235457311, 51.88559254405673, 37.485474803948584, 48.897577334527035, 30.75646210101879, 25.825028652823086, 63.20318243691444, 40.27468629433449, 44.641632724871776, 15.852988220461942, 47.89975598418926, 16.859856876734458, 61.306282842435714, 69.73743179761324, 20.874022299624254, 13.227841867654558, 19.93652326087592, 8.155300540431616, 71.1345737444049, 55.99155121174053, 3.922053169061609, 12.095991995849044, 73.74653064472487, 28.046732223655177, 30.947802560573795, 38.282283243332735, 32.8318202838136, 67.19113156657762, 41.41248882108572, 77.52556294498866, 55.68515025637844], [32.14254709233173, 69.86504554171297, 35.41460922416949, 15.064677510871464, 56.48032425659634, 32.77501135806122, 0.0, 76.45171472893296, 34.73700710067434, 43.67661382718321, 68.28776550660224, 52.927405782490716, 58.333200374176435, 72.69127960797951, 55.23935578892259, 66.66570326006247, 34.9414818538803, 71.81360592314626, 38.354595389750415, 66.17696596941789, 51.30528262904543, 19.616455943270278, 46.05316488340566, 83.11169781587506, 38.68188989057005, 67.06882725557905, 68.95123757420417, 70.8367424172356, 52.9438777554018, 93.39752617853627, 39.370810411550366, 52.56901829869684, 75.91877248427235, 72.06912280860625, 61.53384665226842, 17.247826306377608, 46.950555541333884, 77.18997331691034, 76.22429365077721, 45.132820441714756, 34.60261260672388, 68.99502053515766, 47.47766910376254, 51.483974524327, 39.19993872218749, 64.61990548029321, 33.373720718116715, 6.7650280320666845, 45.02187230407446, 23.985734533656878, 48.35922594048473, 27.474591591129563, 65.68802511821775, 18.412377041423998, 59.87316057362941, 55.71107354890861, 36.76471614131438, 9.603014522488726, 72.63984768503431, 46.8476137937936, 30.68284072717815, 42.05347481731969, 70.78862176259116, 47.33033898089383, 38.7640383531239, 38.62474703863201, 30.87682144897826, 39.83764276160507, 71.36406077494983, 29.28012350320068, 29.526954984285805, 20.68829822678678, 56.79728138804628, 60.07278479125525, 39.038187023849, 58.97761766496475, 65.55932839402355, 72.56124126310976, 68.53713930497916, 58.20439831542979, 54.14823443320467], [107.48321131921111, 84.72541321377192, 56.24251606608587, 82.16941171445104, 79.8490847918128, 72.13061351632722, 76.45171472893296, 0.0, 47.26914367312585, 43.01013078180198, 23.78175583262303, 48.76620398286798, 37.99369267635938, 50.82555735009108, 27.931370984159496, 12.581648007730108, 65.92328505867272, 12.561493983200169, 70.4924447187198, 54.048395436069185, 31.21969446988798, 89.23535778811596, 79.6671282572775, 13.330968995859022, 94.05046396833144, 27.236012100105956, 69.21775952638659, 90.65660013223007, 35.10436171822049, 32.83592277157987, 61.360236390796295, 92.99079876754124, 20.411730774732213, 66.7943594794784, 14.96204045678338, 73.07890079404753, 61.86200211572331, 2.7064505561776198, 39.33048594336688, 80.1681198897872, 99.29588591940758, 74.94341194499492, 41.97104071474759, 43.751516463734, 38.60543742803048, 72.47902846772152, 94.02493528353034, 74.67891569023914, 31.888015371695623, 58.00609850513913, 30.058003871742756, 61.84639215409084, 58.285585304555966, 92.28043098302379, 60.63909905891314, 91.35253451756324, 66.63725082825475, 85.16410812712624, 58.61128907917539, 66.18742697752269, 51.416930609487096, 88.42358263163116, 14.097716497759611, 58.575325144220116, 92.92874340930346, 85.15247294317498, 90.13984671806367, 77.48501260079281, 9.623804370936432, 66.234706619706, 69.82009808085515, 72.41397906395923, 47.02837979357503, 87.12010562453207, 41.88285292983412, 41.914663384306294, 79.71053239768054, 5.095343820568145, 55.40915851261317, 53.172952694197356, 23.068615695358993], [62.25540568583563, 80.95987959340141, 39.380128669654255, 35.95261151968041, 69.81114645048847, 49.74750350923618, 34.73700710067434, 47.26914367312585, 0.0, 35.774787279137364, 48.817149014929875, 49.038863590576135, 47.11758788681408, 65.79851276820732, 36.89359205064344, 35.50243822865882, 20.65382369275928, 39.56021738390783, 52.33897439255937, 35.15746052047661, 34.437944593345094, 42.86242854842413, 63.02470391299584, 57.304728183862345, 66.46573362552842, 32.5382160519285, 72.46816658679306, 84.52986481496762, 18.23155381005387, 72.58049799390754, 46.69174093482009, 74.32807905139093, 54.2958560869631, 73.36525113579965, 33.86133017578563, 40.676831098617996, 52.74776908660628, 48.79175323665555, 62.94384953156578, 62.73158368271989, 66.4995067298026, 75.43473744288072, 13.096552385242232, 44.40658910665306, 22.958705878183128, 71.23403599939977, 63.2761747791113, 36.21905530122623, 16.969369381894623, 30.18465187336267, 28.16347986374359, 14.641412731524362, 64.46865031625693, 46.95341828987322, 61.514384153079874, 75.4195830471081, 22.018900442683275, 41.429474879545936, 69.64557583248653, 55.42859173253202, 4.417674379884039, 65.49725307755364, 46.77833053045408, 21.638873049113357, 65.93570952403165, 61.59096293100676, 59.78348203190569, 57.78103105480952, 39.99718827543494, 19.40375905859953, 45.91788513309153, 42.22703935878771, 24.218392607540935, 75.95339520313051, 28.367778301331803, 50.061040755561315, 75.62772313450984, 44.69932080115221, 65.04822212194864, 27.7901679138225, 24.417194813057442], [75.54254860081376, 48.007466782263194, 13.439146198756111, 55.372133995640624, 39.48812059378518, 29.27483775163117, 43.67661382718321, 43.01013078180198, 35.774787279137364, 0.0, 26.42450456020165, 13.26575708478805, 14.686867632444734, 31.263201137370217, 15.360242747701715, 39.21370275610073, 54.626335516455484, 45.276711896338135, 27.52262187023008, 66.8661257969178, 11.792392588926443, 61.820869163366574, 37.14465260291514, 44.44100604355874, 51.3317289538134, 50.20559966136139, 37.11965149633421, 52.75894240478753, 42.824530469348325, 50.66245412094486, 18.478810402961326, 50.42636179130738, 34.59320236951685, 37.652590221636984, 30.029056750502363, 33.59854883991542, 20.6989737993981, 42.4597709073771, 32.60786725862545, 37.513503774387154, 57.713975819409754, 40.80327695755695, 43.680207702589485, 8.990207412624052, 13.20564143242491, 36.924129810089404, 52.002115993498876, 39.135791247397634, 25.33678675901394, 19.951295990840983, 14.973246421410376, 45.87280960149161, 28.693912360262704, 62.01340950004074, 26.164513564666976, 49.35643562081631, 56.36475775823612, 53.276764901281574, 34.0662221463874, 24.681624862499596, 36.68480143190367, 45.413457939578784, 32.12130700016929, 57.26120168537884, 50.14697264631983, 42.167859415092785, 48.16913906816422, 34.5138320002965, 42.96905043671852, 51.18568998598644, 27.34827416916403, 31.885212719084333, 55.61977244622124, 46.60222616526309, 7.4221001448970165, 15.94647367470884, 42.57145609198724, 38.01354992688146, 29.469889014521286, 60.928376963100106, 29.64730453503307], [100.4301811538076, 61.466217880557615, 39.43674404283172, 77.90326077147388, 57.88043191725677, 54.710340426309116, 68.28776550660224, 23.78175583262303, 48.817149014929875, 26.42450456020165, 0.0, 27.14470761758244, 15.81667062485054, 27.203579740888337, 13.176496176832046, 28.25639997902288, 69.46418795794116, 32.67231574929122, 51.69222085165557, 68.86096599457464, 17.002322739026372, 84.79413736067949, 59.47782362197141, 19.355282316121738, 76.67147871830903, 44.476233870299644, 45.57607603245861, 67.57771168115082, 45.219958095381735, 25.182898133956602, 42.61245006899951, 72.57431271738652, 8.201463576916861, 43.02240851022667, 20.132420966306885, 59.944339945339735, 41.1394808041607, 21.900563411614367, 17.12361485670882, 60.186572354711465, 83.87611208263509, 51.42585167250513, 49.93107148540432, 23.192353379726757, 29.797335589590514, 49.22547447981075, 77.99845502246413, 64.60091951147403, 32.12504745121181, 45.67682630176878, 21.36926357812581, 62.59827500492961, 34.64714755380011, 86.11550195516038, 37.58211112481105, 70.25498857731448, 70.76317715577935, 77.7969322993194, 34.85856451391799, 45.45301773050994, 51.78779380974412, 69.66419204047345, 9.684087699003092, 66.76036166988237, 75.38727434313387, 66.86651196586813, 74.2237261176428, 58.48306094560678, 29.337047649808444, 67.79979632803283, 53.32906844163452, 58.308830656883956, 59.23149866279613, 65.06244218230557, 29.30838158748588, 19.17371086717392, 56.62750809998183, 19.165626353714803, 31.635629600865848, 65.48804247516752, 28.097093120978567], [83.69842712942706, 36.98197547703913, 17.78984684733448, 66.00469941191065, 31.104245231435875, 29.88999286128213, 52.927405782490716, 48.76620398286798, 49.038863590576135, 13.26575708478805, 27.14470761758244, 0.0, 11.328140897084774, 19.771593234326783, 21.835010618413367, 48.0325610031791, 67.65763272909861, 53.842677569786105, 25.69981864317819, 79.57309558643911, 20.174274238464964, 72.02409642925798, 32.45162608779301, 46.49954282203841, 50.98362807245516, 61.066393914223454, 24.253058626174592, 42.44751478233958, 55.22680029985767, 47.31515059185106, 17.377725930317172, 45.45101990844437, 34.85180336306969, 24.428295897886493, 38.398666444577565, 39.60615106786073, 14.113131736136163, 47.53437114638138, 25.508601443556614, 33.22756086777471, 59.567456774042554, 28.567147607829874, 56.63811473720063, 5.617339681282811, 26.369637327110308, 25.117959495160243, 53.35859742969055, 47.404984143270966, 37.803453017399114, 29.154668002074004, 25.8701545987923, 58.73330468725864, 15.431371919058845, 71.28444113368049, 13.524269913992242, 43.13462356050935, 69.43163002540167, 62.325111354043116, 21.105337303027085, 18.36825962908576, 49.85779905536211, 43.19184222895981, 35.62821155196966, 70.51917361647128, 49.61037414617724, 40.75791981703067, 49.82050012274626, 32.086489591006995, 51.05558853937384, 63.99459798511539, 29.67291765455596, 36.981348809883265, 68.42491088609464, 38.36714362497736, 20.67432213487624, 8.604569696834632, 31.67899895923077, 43.68748572811049, 16.566930831418563, 73.89383282265969, 40.548591142195335], [90.09578362637946, 46.82849100694887, 25.60083987290364, 69.9766636242025, 42.215263366731925, 39.89660446301027, 58.333200374176435, 37.99369267635938, 47.11758788681408, 14.686867632444734, 15.81667062485054, 11.328140897084774, 0.0, 18.869937299796955, 13.109656005228056, 38.731774396148786, 67.13218101200815, 44.24274005003193, 36.353412242899154, 74.12228021514704, 13.39975571527505, 76.47918679643159, 43.7158857350699, 35.171403332880175, 61.56401997441314, 53.124437821202356, 32.07716530537482, 52.67831087603153, 49.544779507943645, 37.262575625437144, 27.48274865656767, 56.769174530164165, 23.58842694721938, 30.648069185404477, 29.163860071184985, 47.294478768851896, 25.36440429784168, 36.58334115299241, 17.92149111989713, 44.4550376963935, 69.47374219526111, 37.396477021714595, 52.28878515304875, 7.997448667240807, 24.460946919916285, 34.619389612534896, 63.40881916343661, 53.61862686849768, 32.9629067609257, 34.47956915036135, 20.069268673357126, 58.9106586309952, 21.434634656909385, 76.68969791058097, 22.717692498059492, 54.44802295278657, 68.73552535689083, 67.92762516335716, 24.205536858023546, 29.660415835464107, 48.90926738261477, 54.16676059549911, 24.494804807788704, 67.70064756009602, 60.23344342028174, 51.53382343994168, 59.73391972295962, 42.99791153605245, 41.23754525159771, 64.26628789399211, 39.014750115639, 45.15158158589159, 63.38277685970294, 49.44145887050782, 20.73227854949832, 4.146002367163061, 41.744105904989986, 32.97147705541105, 19.9295551518599, 69.26039134387555, 33.322517992143986], [103.23257958351664, 38.0211576590381, 37.41492213858725, 85.70929489011871, 39.17687343406953, 47.33959769534338, 72.69127960797951, 50.82555735009108, 65.79851276820732, 31.263201137370217, 27.203579740888337, 19.771593234326783, 18.869937299796955, 0.0, 31.312257549393212, 54.8421403724558, 85.51221278302775, 59.68366810315749, 42.094781090702135, 92.64301798336464, 32.22043280163156, 91.78333055136177, 45.33184970082362, 43.389069650803236, 66.35059026174959, 70.38337705975518, 21.047178122203697, 44.5323650051792, 68.11777698660872, 36.000660477752625, 35.50721473398311, 56.472872679091225, 31.508472396633397, 17.157502463471744, 45.79778045132316, 58.88869299972763, 29.52759664702991, 48.74337250100113, 13.313809692880433, 46.43409179145492, 76.2783019098603, 27.313565035482807, 71.11927867355108, 22.303460243914273, 42.922985430450744, 26.70214850115537, 69.92796855369643, 67.09099813024328, 51.80303975449388, 48.91242547324142, 38.901305949251956, 76.99401107538023, 11.846813912638977, 91.0317891306896, 18.267271886549743, 52.73306275080079, 87.17619928755472, 82.0628785576353, 8.190671844001645, 32.557181303481904, 67.34872863756314, 57.40494197154189, 36.79499577233736, 86.55265979313083, 64.89250131520325, 55.88357148651459, 66.72951621307045, 47.19131876991669, 56.40257786013175, 82.33220027659435, 47.99325690892959, 56.04589206055311, 82.06148200543625, 45.41016263039749, 38.361681045610155, 15.753237815132884, 34.20200364564694, 46.35052505838552, 7.195987410153512, 88.00996851898748, 51.471389884810286], [87.37063032561679, 58.76775034700515, 28.79144789165175, 64.73579507328414, 52.45522809570403, 44.63288314801145, 55.23935578892259, 27.931370984159496, 36.89359205064344, 15.360242747701715, 13.176496176832046, 21.835010618413367, 13.109656005228056, 31.312257549393212, 0.0, 26.219016760581752, 57.47901111078116, 32.00781024187242, 42.637286130257934, 61.3308556289481, 4.024879903482065, 71.6191673746245, 51.74276612776397, 29.34416912376828, 66.69188590034135, 40.053602622241925, 44.866024469976104, 64.28228277169416, 36.81583505772725, 38.35371475244928, 33.474249461932295, 65.06852585552318, 20.693769860512145, 43.70360452395004, 16.57640465610444, 47.849344476279015, 34.09889136916151, 27.201163134338092, 26.13088290308255, 52.236981691098556, 72.8627578352633, 49.885043193495584, 40.172594883512, 16.388173086405622, 16.639125144799245, 46.75284113557155, 67.2530278036239, 51.78968144971798, 21.10185523344862, 33.15889595714791, 8.744935999677837, 50.10747779304321, 34.43077106183939, 72.97223809285413, 34.89284392273229, 63.53260723755886, 58.90441850995138, 64.71116470255414, 37.24942492015677, 38.39066060093397, 39.46109187483283, 60.63632548615517, 16.87318235140495, 56.29425304426051, 65.5061343427103, 57.46596374766822, 63.40068244265, 49.622256082112955, 29.250910299431, 55.3887150608962, 42.659424924142506, 46.545685017853934, 50.80040436970956, 59.72313589804681, 16.486557065221067, 17.173868443431623, 53.49826281095205, 22.867620650512684, 33.030445822352576, 56.816250781261516, 20.265251108616074], [96.86276803265363, 84.98635138673248, 51.44111784021246, 71.05168680516206, 78.24515771363968, 66.97172888485507, 66.66570326006247, 12.581648007730108, 35.50243822865882, 39.21370275610073, 28.25639997902288, 48.0325610031791, 38.731774396148786, 54.8421403724558, 26.219016760581752, 0.0, 53.52154696300893, 6.0848491766986355, 66.33171797452295, 42.65100410401621, 28.20694592052404, 78.07169402022095, 76.30918312463763, 25.12188417118192, 88.29482479183417, 16.557006658523772, 70.80686921754183, 90.46332627448452, 22.52814706759461, 43.915148675889725, 57.547580575158406, 89.53612562389497, 28.384567034856296, 69.21486078863741, 9.64405900731886, 65.4919569852627, 59.57625552428637, 14.776557904313059, 45.319102205185295, 76.6221810553998, 92.27834340371192, 76.01096742579387, 29.404987565176885, 42.51849299532918, 31.336255273887875, 72.95905152010253, 87.44485250175451, 65.67557805113333, 21.6688040408635, 50.66788738609324, 24.46694043152722, 49.90247754784674, 60.12184833040473, 81.56004090776779, 61.07763598215153, 88.5699450899827, 54.17549671009638, 74.92708645587383, 61.91067216374562, 63.73406276833882, 39.78955506372207, 83.72929318145593, 20.045629000971783, 46.00718736649747, 87.30040164849758, 80.19558524733952, 83.57418750050446, 73.24529560003815, 4.698372215114101, 54.089433057079745, 64.1672311862119, 65.33712018290323, 34.81524571089587, 85.47100294078156, 36.02432432296434, 42.877073189641095, 79.70892787166582, 12.277939817859934, 58.091741398009745, 41.049914544281954, 12.570594101904582], [52.391272404139634, 96.127197926638, 54.975908391706724, 27.208927572075304, 83.81205765849813, 61.2206439736841, 34.9414818538803, 65.92328505867272, 20.65382369275928, 54.626335516455484, 69.46418795794116, 67.65763272909861, 67.13218101200815, 85.51221278302775, 57.47901111078116, 53.52154696300893, 0.0, 56.36043640839413, 65.27016530656029, 33.851223925858456, 54.8560988983057, 32.34251973545327, 75.23953460009798, 76.97396485724443, 72.92041617962606, 45.47341899702705, 89.91709321721093, 98.7694850387624, 31.957090550911694, 93.00026866062723, 61.770545617927716, 84.58969026650554, 74.78328808112052, 91.44689146541297, 53.669883641665045, 48.168058861591135, 68.75156572497536, 67.76406756608246, 83.43605365327622, 74.65285158957036, 69.5375467944054, 92.07154823813076, 24.649473782493796, 63.55591223810699, 42.67796641442976, 87.7032614661998, 68.10654402665185, 39.767255941724, 37.477306308765016, 43.3964481738423, 48.73514396264434, 9.452847959896625, 82.96785228628313, 38.49526902954212, 79.17558623976986, 86.75726764657286, 1.9826748312331093, 36.918373117250674, 88.67451997131303, 70.61757907305864, 18.226773811606545, 74.6014830959228, 67.05702783589683, 14.073910975876418, 72.79551484608626, 70.82246550111175, 65.30990330789598, 69.31899855845866, 57.587910340767166, 5.669260814946904, 57.32105883900599, 50.854382611458085, 27.486535761494093, 89.07407176340982, 47.281606797635504, 69.77692817565413, 91.03890441580383, 64.03002574973273, 84.08437133917398, 26.2247463803683, 44.0075020732203], [101.50383887272316, 90.74075783096504, 57.52297463851851, 75.4339129424472, 84.21824423333452, 73.03366575240393, 71.81360592314626, 12.561493983200169, 39.56021738390783, 45.276711896338135, 32.67231574929122, 53.842677569786105, 44.24274005003193, 59.68366810315749, 32.00781024187242, 6.0848491766986355, 56.36043640839413, 0.0, 72.41656351727865, 41.57480530789186, 34.17266751085541, 82.39401466369033, 82.38514922988853, 25.89231795138866, 94.30223690407124, 14.730715822484202, 76.29939885856285, 96.29008496479993, 24.534694813384537, 45.36134367260237, 63.62747106541589, 95.6171872993178, 31.511546933140195, 74.52457116122149, 15.486597281264977, 71.28468639180603, 65.58333171161183, 15.225026870291028, 49.45984200307017, 82.70254286280618, 98.12704955365602, 81.61516431823486, 31.778464589450138, 48.37098274878083, 37.30638683190515, 78.65835836231614, 93.363142476244, 71.11523853895721, 27.052212007910597, 56.5445543251504, 30.551659804171, 53.597082423117804, 65.53044353934207, 86.17782890317285, 66.754486504697, 94.62996014923479, 56.82733214257397, 79.8370633979436, 66.98061984942882, 69.75862485821213, 43.94050844612934, 89.8018295809743, 23.68568144862123, 47.56434131808616, 93.31906772908083, 86.25941748122763, 89.49857345138041, 79.32940332627301, 3.398576274340491, 57.45846179984033, 70.20335580059695, 71.21689026011592, 35.13174935587305, 91.45477137264581, 42.08926930333472, 48.37609284528861, 85.49455206217678, 14.568497409857033, 63.30049216518758, 41.12659409537159, 18.139796528593646], [64.34486477510117, 31.73718857824565, 15.007629411602752, 53.35144434675789, 18.6984404757005, 5.998815133448349, 38.354595389750415, 70.4924447187198, 52.33897439255937, 27.52262187023008, 51.69222085165557, 25.69981864317819, 36.353412242899154, 42.094781090702135, 42.637286130257934, 66.33171797452295, 65.27016530656029, 72.41656351727865, 0.0, 87.20366101307675, 39.28531833243327, 57.70017324937221, 10.777832757218938, 70.78122853309246, 25.28761291872066, 75.4872658186107, 31.842915360740818, 33.60003034968694, 65.40841397844288, 73.01473592437493, 9.18777000346493, 23.38466608939884, 59.760828758444454, 35.77190042482516, 57.41482419943073, 21.271467482559938, 12.586550043931034, 69.83844747129696, 50.8368665008491, 10.698350790279525, 34.279269667110654, 30.921350732278643, 63.88183252945891, 28.540975846592122, 36.292350914973184, 26.659809982173524, 27.96299974169178, 31.633559480684973, 49.11358108960382, 22.369095112239517, 41.866158538268195, 55.848676812776574, 31.844618997050752, 54.80437518944111, 25.034125009475027, 23.388913242360484, 67.2463829592225, 46.11972817077042, 38.96486396859252, 9.995078916002871, 50.92454871105242, 18.054257698018617, 58.92948332264955, 72.97251819440861, 23.924539506838627, 15.18873700517631, 24.651749358308038, 6.993283443460091, 70.29020254441944, 60.21152101464327, 8.83230730869792, 17.810589733041773, 75.9540070669776, 23.88323545116517, 30.59957044623774, 34.27384590930432, 27.231472474926033, 65.46565323957212, 35.918151413638874, 80.08565921757892, 55.64325375653374], [86.16199290451179, 114.37382294596921, 73.50495474348632, 60.93091012717352, 104.0725081389916, 84.86684386069666, 66.17696596941789, 54.048395436069185, 35.15746052047661, 66.8661257969178, 68.86096599457464, 79.57309558643911, 74.12228021514704, 92.64301798336464, 61.3308556289481, 42.65100410401621, 33.851223925858456, 41.57480530789186, 87.20366101307675, 0.0, 60.81008048948564, 66.1845180174814, 97.95335967312482, 67.31417732469076, 101.20597842041538, 26.84453779262677, 103.81187866097181, 118.48404098347022, 24.58124512096363, 86.50474071563879, 80.8648237220768, 109.46715833375092, 70.68977909098298, 103.73769135106178, 48.81646647495578, 75.37398007558875, 86.16544169364599, 56.63941141047323, 85.73719576699416, 97.71980005037516, 100.10019943534579, 107.66822958057914, 23.512324083021916, 74.20449384200042, 53.82843496995388, 103.73992083843758, 97.52352583792009, 69.42441052265278, 41.77950557268304, 65.27766258890311, 54.275625969566036, 38.8709028325298, 94.43945666580503, 72.31860550040571, 92.9368685895041, 110.44068706821284, 32.76813111703309, 70.02338170044786, 98.274981569508, 89.31956270466, 37.595537800427536, 100.63194712667932, 62.17856335970405, 19.787733572149957, 100.76297444228246, 96.7251108785497, 94.21464793440181, 92.85573271579845, 44.44031252153801, 38.65823742074374, 81.05682815434629, 77.17946420003035, 11.346728646452245, 110.51096933145249, 60.08015241667364, 77.91230326621279, 108.95214884275212, 54.895301206924174, 93.86717486646579, 7.974612749569598, 41.31376791420752], [83.44485845370427, 57.10315066870396, 25.123441223222848, 61.05019137547774, 50.046327293942745, 41.0090928682128, 51.30528262904543, 31.21969446988798, 34.437944593345094, 11.792392588926443, 17.002322739026372, 20.174274238464964, 13.39975571527505, 32.22043280163156, 4.024879903482065, 28.20694592052404, 54.8560988983057, 34.17266751085541, 39.28531833243327, 60.81008048948564, 0.0, 67.89280633210714, 48.68653168620085, 33.306792805877144, 63.02707797802759, 40.924894955888576, 43.973501068081376, 62.39872135152074, 36.23032913139991, 42.17386497571103, 30.182895053937973, 62.005295866355674, 24.674863643095726, 43.25815416477648, 18.710941014310322, 43.84611526070417, 31.437329012151444, 30.68502170993945, 28.58949919966857, 49.1195631892247, 68.99070772815868, 48.66401303763718, 38.90116778354059, 14.562671263749289, 13.090278816430942, 45.29164340411124, 63.43395007357453, 47.78494608589554, 19.582734701158103, 29.134487966036833, 6.680977156028179, 47.1670765461277, 33.924047260328656, 69.11667257982917, 33.59527019637565, 60.68504363678922, 56.354094922750605, 60.80061563290456, 37.46620970316736, 35.654334341412586, 36.69798344372023, 57.20461281729335, 20.797238121857525, 54.51769114775212, 61.8648747891024, 53.95509979647497, 59.57212211790687, 46.278591793384216, 31.638497376811213, 52.48870099605916, 38.906840329478925, 42.5823421012058, 50.004351957908646, 57.28242726592246, 12.46798712206667, 17.102283381774445, 51.75618025920081, 26.22187647978043, 33.065169444061084, 55.86258062898772, 20.526338287621662], [20.1765732804875, 88.89321409404155, 54.784885929564425, 7.075580286594518, 75.43001723855356, 51.95620537969316, 19.616455943270278, 89.23535778811596, 42.86242854842413, 61.820869163366574, 84.79413736067949, 72.02409642925798, 76.47918679643159, 91.78333055136177, 71.6191673746245, 78.07169402022095, 32.34251973545327, 82.39401466369033, 57.70017324937221, 66.1845180174814, 67.89280633210714, 0.0, 64.65927761049954, 97.67995913805728, 53.44032323455396, 74.51285606820721, 88.55953948993604, 89.41031875083084, 60.062149797128455, 109.95254766896497, 58.980933401265396, 69.46746176995934, 91.94087246016396, 91.68132708653073, 74.82708318235747, 36.43210342101857, 66.56590285021498, 90.42051689585695, 94.38596223556054, 63.64064820765097, 45.84949082216, 88.4949489102407, 53.26477057986866, 70.11226589796154, 55.011586427749585, 84.14099246693033, 47.040644932862406, 26.143686987802763, 57.41065976084937, 42.87121709806803, 63.828276871476035, 29.842434450218665, 85.19112518790322, 6.9081487080585395, 79.4599891803996, 73.1937253979615, 33.452886258388524, 12.061173227657388, 92.08693546632149, 66.41980271979102, 38.4623170965938, 58.89546723309289, 85.8617769357048, 46.41635297247905, 53.92553194407163, 55.91060610645574, 45.718993005068285, 58.51148344885082, 82.66406668689841, 27.98157120897882, 48.917465503648486, 39.897180445894605, 59.26492409919025, 78.443280643622, 56.263526151966694, 77.54017979219152, 84.78246487087625, 86.0001435842701, 87.91320058019612, 58.552709170529475, 66.18692682925034], [68.49034002604785, 24.566091915211683, 25.489539005528492, 61.091834167746825, 11.215342364160882, 14.040889966263428, 46.05316488340566, 79.6671282572775, 63.02470391299584, 37.14465260291514, 59.47782362197141, 32.45162608779301, 43.7158857350699, 45.33184970082362, 51.74276612776397, 76.30918312463763, 75.23953460009798, 82.38514922988853, 10.777832757218938, 97.95335967312482, 48.68653168620085, 64.65927761049954, 0.0, 78.80675642310624, 21.728697643150284, 86.03292646376507, 30.208314375336343, 24.797664000955965, 76.16088756990423, 78.91822425138123, 18.78355186330107, 13.32669112608353, 67.29287389708243, 34.93866745514743, 67.17209862804535, 28.886825639105474, 18.352143167138124, 78.81047111789428, 55.943973569687294, 1.2814188803114626, 32.90963769182386, 27.21871010163284, 74.65349540945806, 36.43997360272069, 46.84049548077856, 23.723155182803882, 26.73276293980119, 39.311100477425065, 59.73802484138216, 32.92233192914637, 51.88519483870474, 65.88325195287433, 33.848121982328394, 60.890752364002765, 27.09142779934433, 12.637845360810983, 77.22167633663507, 52.70039581004316, 40.404728702288104, 14.093627049426548, 61.47831332746528, 12.252229330869172, 67.4294747287735, 83.45983562551555, 20.25444725176944, 11.788160491134581, 24.532447030396337, 6.218715165437041, 80.11361290639744, 70.02902773362577, 17.920912450690043, 25.549497767816963, 86.71574515457553, 14.094907049486064, 40.98139421091079, 40.92765813636602, 21.295327778703204, 74.59039298013974, 38.41635711829272, 90.79557058921947, 65.99345202306822], [114.92414345407053, 79.9357660747347, 57.82520848174499, 90.61831665096258, 77.11434089146799, 73.45745448943401, 83.11169781587506, 13.330968995859022, 57.304728183862345, 44.44100604355874, 19.355282316121738, 46.49954282203841, 35.171403332880175, 43.389069650803236, 29.34416912376828, 25.12188417118192, 76.97396485724443, 25.89231795138866, 70.78122853309246, 67.31417732469076, 33.306792805877144, 97.67995913805728, 78.80675642310624, 0.0, 95.5173135286325, 40.540994120999585, 63.49784036921663, 86.20472159138643, 47.367030394496474, 19.580997229673056, 61.63277130322588, 91.9257149215664, 12.16845001301007, 60.311123423776486, 23.44368573931785, 77.12240698206946, 60.481024065865114, 10.685339385764708, 30.54428350905709, 79.49740433306282, 102.1382036174539, 69.5801661723074, 53.85787025473856, 42.42842979399698, 43.9721674119206, 67.79052888972542, 96.44062207480889, 80.38066456920032, 40.739964492998155, 62.269189202135315, 34.80818335696995, 71.92399201364113, 52.73932688633381, 100.01350301958426, 56.44126991896824, 89.59683855956817, 77.87286853126335, 92.29074616548736, 51.54268636458463, 64.8007641217701, 61.14470172367566, 88.811272963