instance_id,num_cities,city_coordinates,distance_matrix,best_route,total_distance
1236,80,"[[70.80060048903167, 5.845515376986265], [41.627072891648496, 96.20648628187098], [34.08250446654723, 47.99445459991244], [61.45104427768446, 36.41427156440853], [32.32735359968256, 93.44936100462603], [46.48472920513383, 52.1811828942517], [46.46796750015074, 23.019353646502605], [51.1480187997551, 63.302119693096856], [86.61491534267107, 15.53062768333653], [4.6201105539078196, 43.651750598890395], [38.27939723195579, 22.676056296050884], [19.2603435273218, 18.182366129801576], [75.68115378695384, 53.28998719677481], [36.274011165924634, 91.48603134726474], [37.592336565949736, 64.96577426870054], [12.691212550459374, 84.70896843059464], [1.6043918331686724, 96.8459597635085], [6.346425408944145, 34.70839374534116], [28.887279103449902, 50.86321277494243], [59.690154507264914, 86.74769019469275], [79.30423233836514, 54.866733731858716], [65.3434819087198, 57.57370980628609], [83.66396347093422, 99.77465057904709], [2.9724762452218445, 59.7580187348761], [7.46926350370436, 69.95418656210369], [26.726275789913334, 96.08702887223615], [55.547677947306475, 91.77736277182107], [31.166346446301862, 58.411574886797894], [62.42355069190286, 29.904915148790312], [46.244781913871606, 76.63637518770568], [5.502037214819122, 33.01895116322623], [76.07835214576566, 40.28046800623196], [9.654460979652058, 37.30131806947596], [90.7496872399316, 10.076377322849694], [73.55487778745815, 20.51584347564186], [76.18953851491078, 12.32044195357106], [74.30464366651375, 62.82157825120221], [48.77201220529883, 61.52945715389711], [8.636382793864527, 17.363368784583656], [81.48267023423554, 54.18607343940685], [83.96082222177917, 9.206600405790667], [97.12674802062382, 75.33463377542068], [38.73352340695272, 65.67614790405575], [36.202687941588586, 5.093800438403717], [30.071986229464176, 77.40314744224276], [42.34281786951689, 93.17318329215958], [74.18163973863474, 88.66157942684774], [93.85735126295516, 75.93155237218059], [65.84591560278668, 31.221588869484542], [47.0633096567825, 40.04304862054355], [71.77778059778899, 56.27242435456947], [63.444301497200726, 93.98430147238986], [72.96988665401672, 55.058225588760756], [91.21609021830453, 84.96882788937475], [89.06319339785831, 57.581118232766435], [2.0610168780574756, 18.470877899719596], [72.91845698600032, 92.9835641590399], [48.954762313387654, 38.20725546707378], [91.00202503388597, 25.041114182504653], [99.46500172296318, 67.76950656050872], [69.53637443185535, 6.319482529844844], [19.74524944461562, 26.857671718618192], [8.419373491480686, 47.35864793640039], [27.77167089406204, 25.160701349518078], [29.176913653482583, 55.560008465950304], [11.81046770739539, 12.323470076548038], [42.4067445363488, 81.99393687237588], [87.50545795404821, 72.282655573157], [4.144681449848509, 82.46727946720632], [87.93829331950238, 82.1763164883277], [11.146727828906599, 7.354997538682895], [69.26623379586331, 61.081859033066266], [28.34835227515713, 69.7766135185814], [83.04591020679891, 79.71888099324337], [48.20574252125448, 31.331922240086428], [82.26767513292823, 82.487964084731], [45.7243100821529, 9.35234004210519], [56.41233778908451, 77.82175158847534], [64.43353123483001, 77.66318609578447], [80.33233965581675, 65.63998550845342]]","[[0.0, 94.95367173179085, 55.89947811146641, 31.966592814924898, 95.67980191743787, 52.32834490565944, 29.7828432000553, 60.72466835308191, 18.54437798031137, 76.21790255384212, 36.618243662365224, 52.996188298559, 47.694839414265445, 92.33841749749674, 67.80850834672877, 97.95991626238857, 114.32058507062608, 70.62157200856566, 61.5086952274637, 81.66152031494698, 49.753307464178526, 52.01525009182433, 94.80584658664887, 86.64417151054181, 90.11537030646099, 100.42946208955158, 87.27504822544097, 65.83361379958343, 25.476060933414733, 74.92885998490237, 70.72692541108546, 34.837058215764344, 68.76276535981778, 20.392799096737228, 14.926639607052598, 8.424092070895828, 57.08371097989573, 59.88288631644778, 63.222234291197225, 49.50672851065455, 13.582648071194834, 74.30883944489237, 67.88226588128316, 34.606077905324774, 82.33659408969542, 91.84752024481851, 82.88505227794764, 73.78120585855567, 25.855251076302824, 41.628478905660074, 50.436376059332545, 88.4452415295957, 49.260497854301974, 81.71469148090286, 54.864331788553976, 69.88941360349614, 87.16378182298718, 39.04513884281631, 27.86697987123579, 68.23656338208117, 1.35015272678036, 55.21014023160725, 74.93168659929839, 47.165296471477234, 64.83873941461628, 59.34475261288612, 81.26987850428483, 68.50507908448952, 101.55740384263214, 78.23101503783988, 59.67296757952379, 55.25765052589256, 76.74228748221337, 74.88138458627246, 34.06001381936748, 77.49554016076007, 25.32031121060732, 73.40027712955013, 72.09935782211603, 60.54942369541219], [94.95367173179085, 0.0, 48.79877571848713, 62.992847072770935, 9.69982055008166, 44.29248427478262, 73.34705613722768, 34.254134810173305, 92.37153310955033, 64.27686601083558, 73.60659662164859, 81.16670442959722, 54.78600477626618, 7.1370837622279675, 31.50017752819442, 31.136424496483524, 40.02778941488672, 70.8995026247042, 47.098989353169266, 20.389795017881813, 55.93338435022107, 45.33166084402298, 42.18805477888834, 53.12879283799207, 43.08061260891746, 14.901275929926124, 14.608229878492715, 39.21584023230663, 69.4866305386254, 20.107523090920285, 72.7851825375341, 65.68569221993685, 67.02288232093342, 99.15355217894631, 82.14899959150478, 90.72724212169511, 46.71590431493904, 35.40545871667382, 85.46708611985713, 57.915315202332756, 96.75291455453596, 59.29458800323026, 30.667151646089998, 91.2740131346091, 22.070015389402457, 3.116603584149893, 33.41744218287619, 56.027447949969115, 69.35120210901351, 56.4259195769498, 50.0379303848058, 21.930106460170574, 51.725731822862194, 50.84639225716839, 61.1727438129797, 87.22555588251547, 31.456922060972342, 58.46029256999651, 86.61637307743558, 64.45066196067648, 94.12014957477996, 72.7191328241443, 59.06659470866027, 72.38422287466285, 42.510500160499404, 89.02466148442296, 14.233918947039466, 51.74143302724643, 39.92111561683176, 48.38982126390761, 93.93422425838568, 44.69521959736356, 29.578076264262172, 44.579829661994864, 65.2072691784214, 42.89354732133184, 86.95073358881956, 23.592425221538775, 29.393681701185205, 49.31945503365547], [55.89947811146641, 48.79877571848713, 0.0, 29.717631307518033, 45.48877961461187, 13.089838512259442, 27.877506383996614, 22.925016686188474, 61.75398165727691, 29.780727544907702, 25.663889057532145, 33.29349897289284, 41.93435692563554, 43.54675590195269, 17.33045333123719, 42.49168031112255, 58.66257202829822, 30.754015908836678, 5.934655848503025, 46.44959644251408, 45.74093234926609, 32.69573123435013, 71.6903743374332, 33.25981504893052, 34.503542171748414, 48.651924941176816, 48.761631643628114, 10.817595512427053, 33.622110860287286, 31.11720758138734, 32.26621780607859, 42.69844038678226, 26.665942275798105, 68.18321045434465, 48.095138266817024, 55.18729468493063, 42.86798429588357, 19.97443195045143, 39.821709235127116, 47.80284362522708, 63.18499992147136, 68.71726160619778, 18.283168633631238, 42.95301276340478, 29.68089404355108, 45.92766381782286, 57.111782420606616, 65.98116201971067, 35.91995701306925, 15.222554333474466, 38.59350497000216, 54.56355138939559, 39.52373152900944, 68.05402927822797, 55.81021658237028, 43.55476149116159, 59.43274507387648, 17.80374455918598, 61.373346478199345, 68.30756640028629, 54.71544747653894, 25.540565227396137, 25.67100585401332, 23.68980599075267, 9.016785820077171, 42.05309451475733, 35.00368219966646, 58.684995235957985, 45.65795550953077, 63.78750406727625, 46.66492601733406, 37.538979265764695, 22.524274650078606, 58.34256020839661, 21.842752523255395, 59.25886320819471, 40.35770874926185, 37.259751768580394, 42.44312022534591, 49.50163649899737], [31.966592814924898, 62.992847072770935, 29.717631307518033, 0.0, 64.04054017699681, 21.739045051105464, 20.097671898727658, 28.79424788026716, 32.70087137564848, 57.289930447600106, 26.93814740422142, 45.96147958435523, 22.074550839151645, 60.55395711174679, 37.207878740223606, 68.62870343714874, 85.05063637273919, 55.131017039437225, 35.62542216491134, 50.36421114040218, 25.67546852486263, 21.51448110978581, 67.14127946326681, 62.965652947349575, 63.55280130397608, 69.0409118657061, 55.67693958966244, 37.430525994104755, 6.581602363501307, 43.00055854242321, 56.05193655840305, 15.1296269086319, 51.8041783339159, 39.396638847860764, 19.981561533724175, 28.2442177745609, 29.369386505320318, 28.134150093561356, 56.14557297220175, 26.778778544723895, 35.31214342075455, 52.79725780938212, 37.04515030916919, 40.229981471899464, 51.62105413222476, 59.88905056005169, 53.77591691140998, 51.10561823189222, 6.802855836659245, 14.838292706529037, 22.382754863116, 57.6045260196542, 21.915308607294293, 56.951759408832494, 34.791754438609324, 62.04144365449955, 57.71989621334969, 12.624256580346675, 31.664004365950728, 49.276888318075926, 31.161978286637062, 42.78670264545506, 54.14921495781922, 35.50975970201606, 37.52570784210611, 55.177473288999316, 49.398291895815184, 44.33253256264674, 73.5180165500317, 52.87474933673048, 58.09445464311543, 25.87599386939433, 46.99823484431464, 48.39036507694853, 14.186905697625697, 50.55805833515273, 31.29981319712207, 41.71292323755014, 41.356597762222904, 34.79433388779587], [95.67980191743787, 9.69982055008166, 45.48877961461187, 64.04054017699681, 0.0, 43.62904776159349, 71.83552671170048, 35.53974672488245, 94.96561673781211, 56.986781970199566, 71.02314751384444, 76.3928482890776, 59.09591606292748, 4.408034628794355, 28.966096716300484, 21.49354548819647, 30.910148217624517, 64.23013205816007, 42.724865518573765, 28.171532886101556, 60.790182293674484, 48.75579019381965, 51.72481804002189, 44.68574010165736, 34.204500658602285, 6.191071345971725, 23.28044331406425, 35.05701632553562, 70.311291259221, 21.82593189214508, 66.11680597811402, 68.85550854110399, 60.55297503184207, 101.80483031749681, 83.77951258991821, 92.22685493895095, 51.963005665047994, 35.906922152908734, 79.68902251772492, 62.911452883177446, 98.80717481671927, 67.28376371688216, 28.502462657273462, 88.44050711768298, 16.203939387206393, 10.01927136418569, 42.127237277535755, 63.97510634399377, 70.68089999185796, 55.402009019375654, 54.20757151003209, 31.121545716125855, 55.907913318169456, 59.49624141453224, 67.12291976028249, 80.85681212649637, 40.593775887691145, 57.69021532941836, 90.12438793793834, 71.88128212404463, 94.74242425819178, 67.76992273075987, 51.92249362262643, 68.44045062976616, 38.02010399321213, 83.68006205537577, 15.258468589733654, 59.09866850415368, 30.24680354020184, 56.742031592003094, 88.66148165154686, 49.11350174877291, 24.00482087162092, 52.54424864485402, 64.11473647618794, 51.12913002662421, 85.15742702644246, 28.71077566816166, 35.777226843233414, 55.47828450607285], [52.32834490565944, 44.29248427478262, 13.089838512259442, 21.739045051105464, 43.62904776159349, 0.0, 29.161834064914856, 12.059083925705607, 54.34790738107335, 42.72467097700968, 30.624826013643165, 43.55555896687484, 29.21747174796611, 40.60948010982847, 15.573067246404841, 46.90478226991445, 63.318140966092095, 43.776498172849564, 17.646736109452302, 37.00306317538601, 32.92919630379022, 19.614583860791594, 60.393986677937804, 44.167008037710005, 42.87290780057844, 48.146856516328576, 40.62012433265165, 16.53694756376957, 27.39120543266713, 24.456369411922026, 45.24126620339582, 31.896857738627254, 39.722525533562575, 61.09174381230227, 41.65917263658607, 49.711712548153734, 29.785326152162742, 9.62402697192775, 51.427400337201966, 35.05532002955519, 57.01992886570269, 55.683896751351256, 15.562624198431068, 48.19690819013754, 30.0919528719143, 41.20072239820792, 45.803255171179686, 52.99288038002196, 28.533491206084694, 12.151915856588145, 25.621801369890413, 45.112390927412875, 26.6409635666232, 55.461016240390194, 42.919516710597534, 55.76603697362053, 48.6166255644105, 14.190550070237071, 52.13801835113206, 55.225945992689454, 51.32907468456127, 36.82770690832648, 38.36962534383994, 32.867688909670285, 17.63453831020096, 52.82936381854399, 30.09036820510851, 45.68117107685383, 52.05696197000144, 51.167431214694865, 57.08030513932147, 24.458515636593557, 25.26909865827807, 45.77165905697242, 20.92017104757006, 46.89264553636368, 42.83559287901191, 27.495384615591984, 31.168766120335146, 36.425267343277284], [29.7828432000553, 73.34705613722768, 27.877506383996614, 20.097671898727658, 71.83552671170048, 29.161834064914856, 0.0, 40.5537189482244, 40.83942259167537, 46.65767819977879, 8.195763302340637, 27.63424054472237, 42.06805805551673, 69.22140348999106, 42.87515629702705, 70.33120038177343, 86.38928285604968, 41.789613520690985, 32.92963855960605, 65.085536860738, 45.743588696411784, 39.37370409048741, 85.29312823118644, 56.93493893896146, 61.02276177147207, 75.68764466196139, 69.35492023412301, 38.55838341006532, 17.377905287770137, 53.617486054045436, 42.168701600109955, 34.27420236564117, 39.48681767519226, 46.13449186050647, 27.202357840603508, 31.58858171869341, 48.57054275457416, 38.57896699178919, 38.25204525443267, 46.87636750224718, 39.95630497513419, 72.82307724058792, 43.35232083478375, 20.656752460922274, 56.80163051749737, 70.2750074594587, 71.25271527696279, 71.03136256192747, 21.042374754803156, 17.03410176242498, 41.789392799526, 72.96725111932267, 41.57933421990382, 76.4207553336607, 54.853157070428125, 44.639286454558196, 74.7971867564795, 15.390143279204752, 44.57992593177982, 69.36325988764428, 28.478712991982228, 26.99696919838136, 45.16743021876332, 18.81852482975362, 36.849352222350156, 36.27043172098812, 59.114253768673805, 64.11667910513174, 72.97476568293727, 72.24495952128603, 38.638866755975904, 44.36795310122399, 50.14540663557261, 67.47430839952818, 8.492270523659043, 69.41278480255718, 13.687230808974007, 55.69733674632715, 57.52138650145711, 54.43632942998071], [60.72466835308191, 34.254134810173305, 22.925016686188474, 28.79424788026716, 35.53974672488245, 12.059083925705607, 40.5537189482244, 0.0, 59.49803525516199, 50.50725939181939, 42.61547193445155, 55.2504841236043, 26.49750005989288, 31.86799302154416, 13.657388746419771, 44.013397048693946, 59.831097095687824, 53.148696446205655, 25.500332098723106, 24.95321339208275, 29.39265379558064, 15.307705664445242, 48.862379875378316, 48.30573001234642, 44.18239081174783, 40.881191292857, 28.813130149413897, 20.571452514180304, 35.2492679473644, 14.207184856775608, 54.77796939519446, 33.93402373922868, 48.9668972433533, 66.34208162327735, 48.29837225260459, 56.79972865059648, 23.161610377889605, 2.964412220792137, 62.590798292814206, 31.674806660038858, 63.269307530395096, 47.52709685965774, 12.639450375880282, 60.09635051245911, 25.358196554292785, 31.141804764032507, 34.258573985846624, 44.537508341258416, 35.28723038660452, 23.61502140462231, 21.79457933514965, 33.05442250158185, 23.327145274387178, 45.55103282324818, 38.3443649381986, 66.47837241086008, 36.80951133071431, 25.19052568997967, 55.247138890549884, 48.52307063886935, 59.87614350416551, 48.10750161187514, 45.606265156630606, 44.73501352037225, 23.295273074211245, 64.39150287631796, 20.634774173992792, 37.45014561455233, 50.760388800680666, 41.349239459795, 68.77633136984993, 18.253746794663282, 23.701136342570386, 35.87458052439843, 32.1053035320257, 36.558578135846616, 54.22172388115255, 15.44450597457576, 19.563871520865522, 29.277810717336227], [18.54437798031137, 92.37153310955033, 61.75398165727691, 32.70087137564848, 94.96561673781211, 54.34790738107335, 40.83942259167537, 59.49803525516199, 0.0, 86.68301775076293, 48.86081723723706, 67.40675085788887, 39.31051224065087, 91.12315830283016, 69.62073647869775, 101.2440450745376, 117.63916158604796, 82.52767528150662, 67.68213615883747, 76.1368027880751, 40.00969038932982, 47.11788020202204, 84.2956909373327, 94.61564213911095, 96.05185040406857, 100.37919565321833, 82.33309086286923, 70.09507419014152, 28.13969196359369, 73.23701284956117, 82.97674647948679, 26.899326385826136, 79.98046321228377, 6.8443542892844365, 13.979161542790118, 10.90842676193002, 48.86692945493011, 59.56490267369074, 78.00006716926264, 38.99465894777842, 6.858391305656877, 60.720818266154104, 69.33398078798328, 51.481259060739994, 83.81713150673542, 89.37776600554325, 74.18033732167635, 60.833581033232235, 26.02993686393652, 46.5315838171756, 43.3593653486519, 81.80376688744288, 41.81647766236532, 69.59047677728617, 42.12170249269616, 84.60500467997815, 78.65462694734084, 43.96039778972899, 10.473589876141364, 53.79614471618607, 19.404168487237467, 67.82222455725534, 84.4249112444349, 59.626049140076695, 70.01053752033837, 74.87316773005855, 79.82314097051561, 56.75901457697833, 106.21607613902849, 66.6588266140448, 75.90973754976949, 48.743116733433745, 79.60916624948516, 64.28739892573543, 41.53246280314497, 67.09831141996578, 41.354719642977976, 69.22701646211372, 65.97324166520725, 50.50166827845052], [76.21790255384212, 64.27686601083558, 29.780727544907702, 57.289930447600106, 56.986781970199566, 42.72467097700968, 46.65767819977879, 50.50725939181939, 86.68301775076293, 0.0, 39.66014789636054, 29.377303599038846, 71.71169688471772, 57.35928729220522, 39.261371514332005, 41.84301403482726, 53.27962507424163, 9.108446343292863, 25.316015802817663, 69.92831866039485, 75.52147968219649, 62.2988665777058, 96.94178967891595, 16.190323408858383, 26.456300008320706, 56.90466544181403, 70.0691920006824, 30.373591375807603, 59.41559708257508, 53.109309213075505, 10.669311996295095, 71.53772317959165, 8.103868059133008, 92.4424668144415, 72.71363236669823, 78.12703706204053, 72.27320698115736, 47.634050962531354, 26.593410107021253, 77.5810868596217, 86.49518425779262, 97.78181355331925, 40.60540620580053, 49.84149591482401, 42.27238772865135, 62.25250953345653, 82.85343103118684, 94.89610493527837, 62.47485993983904, 42.59633646283194, 68.33325728933241, 77.41867421731267, 69.29501832476528, 95.94771789815778, 85.58423641576735, 25.310577044659066, 84.25136173671896, 44.66770504374187, 88.36396854515512, 97.86326958309809, 74.88537610942736, 22.6011263414018, 5.308058660155658, 29.629607633691577, 27.291815328037067, 32.142843627801284, 53.83263838930452, 87.69098889445507, 38.81844038804308, 91.79358232649282, 36.87886950230436, 66.95468564813987, 35.29217927182568, 86.32174665794635, 45.29332715514926, 86.81817645499665, 53.53507993270105, 62.0485597706217, 68.80714380144228, 78.8404979056961], [36.618243662365224, 73.60659662164859, 25.663889057532145, 26.93814740422142, 71.02314751384444, 30.624826013643165, 8.195763302340637, 42.61547193445155, 48.86081723723706, 39.66014789636054, 0.0, 19.54271360712216, 48.33326141068528, 68.8391911618847, 42.29529877616447, 67.1031845979488, 82.74195188278462, 34.124651411301606, 29.710733301373207, 67.55438399944, 52.14668550621702, 44.16232443963388, 89.46480924427367, 51.20205667625001, 56.43124969205089, 74.31450403276608, 71.22628781231316, 36.43655829560356, 25.203105892137643, 54.54505814480333, 34.37049321622301, 41.69743762196656, 32.14475474147628, 53.961868423441516, 35.34156261190335, 39.299078367104, 53.93960802343829, 40.24526962512872, 30.11532755211849, 53.47339505290552, 47.625821054135386, 78.96794588309449, 43.002489566066146, 17.704475211665144, 55.33910101083512, 70.61413670068646, 75.1203053764647, 76.97439078412083, 28.86068367265357, 19.46200246341605, 47.443204306283725, 75.61837234963347, 47.455610252570175, 81.74767799215437, 61.62270118897649, 36.46168675205001, 78.3773572056913, 18.84626136165571, 52.77564761466351, 76.00721974709452, 35.277983630649594, 19.00001425644779, 38.740822756699274, 10.797489237493362, 34.12051461523708, 28.421475535383195, 59.46129793267411, 69.8857621125685, 68.8488866273679, 77.50023821629448, 31.159534502008917, 49.347641525333856, 48.136141771093655, 72.51154758630814, 13.170282686544605, 74.24576018881316, 15.26263876800754, 58.05041983080991, 60.89025512389524, 60.11945758132637], [52.996188298559, 81.16670442959722, 33.29349897289284, 45.96147958435523, 76.3928482890776, 43.55555896687484, 27.63424054472237, 55.2504841236043, 67.40675085788887, 29.377303599038846, 19.54271360712216, 0.0, 66.45188400140047, 75.2521908041936, 50.246882946697305, 66.85014805876692, 80.62067720873625, 20.97328943961199, 34.06927686391561, 79.59757081718935, 70.36342380751377, 60.624529686571535, 103.94771350774322, 44.65231808245953, 53.09756076316391, 78.261590972597, 82.05482417290689, 41.954047989684504, 44.72673259064578, 64.38191586135844, 20.234012158805562, 60.964023898580194, 21.396432010763036, 71.94743441567665, 54.34465536783419, 57.230196548524994, 70.86984010587895, 52.43957368638606, 10.655482078137808, 71.88800234293366, 65.3201065034669, 96.58964046806989, 51.330926758095266, 21.409193962166675, 60.199605955311455, 78.46287835936369, 89.35137539233129, 94.33812630515362, 48.37599461771715, 35.367985022573336, 64.8762956095421, 87.73913347854514, 65.15016526237835, 98.1736265817852, 80.15422332802892, 17.20174631336816, 92.05657155550463, 35.815565052254286, 72.06879553759553, 94.29566104744339, 51.65662872100477, 8.688846920505584, 31.12526387640872, 11.006355254240937, 38.670744881319806, 9.477727190373972, 67.87983824601567, 87.08752471492008, 66.0381202248974, 93.87164891566987, 13.530065421479415, 65.88592833759476, 52.3885318234377, 88.63036262004468, 31.792246677696255, 90.02851639563919, 27.898223716298098, 70.26469223951896, 74.68992456471916, 77.3434829071454], [47.694839414265445, 54.78600477626618, 41.93435692563554, 22.074550839151645, 59.09591606292748, 29.21747174796611, 42.06805805551673, 26.49750005989288, 39.31051224065087, 71.71169688471772, 48.33326141068528, 66.45188400140047, 0.0, 54.88042163012519, 39.838197763503395, 70.3909445791726, 85.93305189385404, 71.78147514816581, 46.85675983238631, 37.08274461066628, 3.9513071034273817, 11.19007324628705, 47.16512673802347, 72.99580276868963, 70.2179287397563, 65.02435586667734, 43.4354109919583, 44.808467202549565, 26.881697017028728, 37.57065106267748, 73.04808898745195, 13.015581281884623, 67.93498144205265, 45.76545398834484, 32.84304410799203, 40.972699355382225, 9.630472892880933, 28.142330497595182, 76.06394170729638, 5.870312056638427, 44.85418487002253, 30.75516143369471, 38.96850481817043, 62.30105684136872, 51.59109091995229, 51.98186195709789, 35.40336254187816, 29.03471419316444, 24.160838455468546, 31.53509765802583, 4.912357240071747, 42.49432630744678, 3.236917743322826, 35.28290234027287, 14.05321278981667, 81.4389030545287, 39.78960348725859, 30.688577641012326, 32.136084427655966, 27.844710514709266, 47.370735924080115, 61.866733355916, 67.5227952171573, 55.55695522021496, 46.559610683016544, 75.87964196828642, 43.94431747059214, 22.37265342088849, 77.25788800291929, 31.37925253189423, 79.21310124356762, 10.092792735674546, 50.12188091472657, 27.43585363039874, 35.17179041307772, 29.931657451444288, 53.178278669416514, 31.194466402386997, 26.843282914832347, 13.196817354391724], [92.33841749749674, 7.1370837622279675, 43.54675590195269, 60.55395711174679, 4.408034628794355, 40.60948010982847, 69.22140348999106, 31.86799302154416, 91.12315830283016, 57.35928729220522, 68.8391911618847, 75.2521908041936, 54.88042163012519, 0.0, 26.55300392372746, 24.53725682129311, 35.081495653769714, 64.18224459222961, 41.288947665478304, 23.890743936938254, 56.50285737902844, 44.666314842003125, 48.109342005898974, 45.99629346378554, 35.962950765147895, 10.598510698920421, 19.275868468078837, 33.46651922509116, 66.90315605164459, 17.886546826183228, 66.07052176344838, 64.85672885608687, 60.370386822643965, 97.95473981434023, 80.16626835886787, 88.65912173938204, 47.62331235530802, 32.459149209166554, 79.10756984899224, 58.609809031276846, 95.09961464027901, 62.959695252050224, 25.92680627874942, 86.39226035017425, 15.38807110702328, 6.2989599530977145, 38.0127062001286, 59.647153099847266, 67.12898449388743, 52.56224342383573, 50.00515734708754, 27.28490480657625, 51.706598323781215, 55.327262642475766, 62.73946839126055, 80.63337777316659, 36.675032569621614, 54.76704674305073, 86.08183617328105, 67.49499859649266, 91.43153639475115, 66.70850644655059, 52.18339589049354, 66.86807302000358, 36.62032104132676, 82.85635802693312, 11.3008971375254, 54.71225439630436, 33.37112095028259, 52.496369790674144, 87.80325288734767, 44.865359111177426, 23.110925799568395, 48.229413922873675, 61.326038968892114, 46.86557734169853, 82.67557920581692, 24.336489897015383, 31.36924642635611, 51.079882486407264], [67.80850834672877, 31.50017752819442, 17.33045333123719, 37.207878740223606, 28.966096716300484, 15.573067246404841, 42.87515629702705, 13.657388746419771, 69.62073647869775, 39.261371514332005, 42.29529877616447, 50.246882946697305, 39.838197763503395, 26.55300392372746, 0.0, 31.778289647951162, 48.077836819818216, 43.49501166992433, 16.572877423991677, 31.028461437436825, 42.91704636497741, 28.71878627052402, 57.742988108177215, 35.009362266782134, 30.533322582423757, 32.96367341311649, 32.26849178659776, 9.178827733188218, 42.96339182600841, 14.528170439166054, 45.281197190198505, 45.722398673754036, 39.31726121024026, 76.4104039235225, 57.17605021874455, 65.27844217549388, 36.774870077371844, 11.695872037370558, 55.71746823685923, 45.194726899081246, 72.51980372208044, 60.430616368894746, 1.3442239798062479, 59.88809876457038, 14.534232715951193, 28.604632429595373, 43.59206680986269, 57.32364405957632, 44.01062117997716, 26.661612573521893, 35.27348744288742, 38.86385225216213, 36.73867949558156, 57.23311200625038, 51.9979061864984, 58.51709209389577, 45.08803981402515, 29.071000108751903, 66.68263121113536, 61.936157520434165, 66.78180208632727, 42.080232873453575, 34.0745164635672, 40.99865003070743, 12.620926001362301, 58.61669516868732, 17.695673080237707, 50.44657013838064, 37.749812144949516, 53.20637297283251, 63.39062877830378, 31.911135412089603, 10.420912621100644, 47.78788041700374, 35.26868849638171, 47.98867587278438, 56.20483128472211, 22.791853783432323, 29.69299577946452, 42.74532050315743], [97.95991626238857, 31.136424496483524, 42.49168031112255, 68.62870343714874, 21.49354548819647, 46.90478226991445, 70.33120038177343, 44.013397048693946, 101.2440450745376, 41.84301403482726, 67.1031845979488, 66.85014805876692, 70.3909445791726, 24.53725682129311, 31.778289647951162, 0.0, 16.438496045337377, 50.4015256984027, 37.52129725490594, 47.04313904801191, 72.99214599584235, 59.233299158352814, 72.55416012757617, 26.776925254573552, 15.65159224595552, 18.067740853496854, 43.435455849734495, 32.13850462710782, 74.00533570716183, 34.51099504057297, 52.18756678661521, 77.40685445122054, 47.50481210219525, 107.99606069807744, 88.45983855718727, 96.29193198706974, 65.38556983584178, 42.884890658123524, 67.46755839687518, 75.25896470787944, 103.82660949898741, 84.95432773179124, 32.256010477764775, 83.01424244966917, 18.85381430890389, 30.836028136254786, 61.61733335249098, 81.63936003031021, 75.40770669431177, 56.36031806124252, 65.57331440913624, 51.593680239657814, 67.17652196084163, 78.52530763829178, 81.04689824361743, 67.08565940057494, 60.79300869974772, 58.96994446283683, 98.45220252683895, 88.4117404862173, 96.83121360958957, 58.27977323018042, 37.59381664535862, 61.42813961217092, 33.48791136930846, 72.3908563524584, 29.839306921685385, 75.83920204313422, 8.835630326257757, 75.28969046372518, 77.36938829926109, 61.31046670349754, 21.63610980691849, 70.53144302328826, 64.112330320073, 69.61190275947092, 82.27883673593878, 44.26025923966008, 52.21982948597682, 70.27765068475202], [114.32058507062608, 40.02778941488672, 58.66257202829822, 85.05063637273919, 30.910148217624517, 63.318140966092095, 86.38928285604968, 59.831097095687824, 117.63916158604796, 53.27962507424163, 82.74195188278462, 80.62067720873625, 85.93305189385404, 35.081495653769714, 48.077836819818216, 16.438496045337377, 0.0, 62.31824767350159, 53.46745700346479, 58.957025651875476, 88.3148947389358, 74.86642251611717, 82.111817220584, 37.11316511295981, 27.523883912479473, 25.133344975030127, 54.180889548399584, 48.48825735577706, 90.4437589797861, 49.00195644343038, 63.9459042189694, 93.52018831452806, 60.086337612920644, 124.40194584525321, 104.89594406638253, 112.72757988431685, 80.26820761625841, 58.92401690434959, 79.79305211354165, 90.55608903604231, 120.26320690462752, 97.9145427266493, 48.47813510003297, 98.05866017045776, 34.473567869774634, 40.903650728602564, 73.03725758150149, 94.59397951288584, 91.83426066277669, 72.75358358190782, 81.0587210995274, 61.90608625515567, 82.69974956723793, 90.39536906846568, 95.86850239555245, 78.3764120356835, 71.41858293488981, 75.36945817888507, 114.66417344053808, 102.08887842889048, 113.18037524290725, 72.30111464101594, 49.95435923797406, 76.3118782846501, 49.64648763080863, 85.13645075778537, 43.4213607579661, 89.34399293434035, 14.601353307138346, 87.57134793797016, 89.99826940658758, 76.5323183945311, 38.05244967476329, 83.2229399997694, 80.39760567687517, 81.93117424161002, 97.98826806434833, 58.01578609821288, 65.69230977474092, 84.68708636842312], [70.62157200856566, 70.8995026247042, 30.754015908836678, 55.131017039437225, 64.23013205816007, 43.776498172849564, 41.789613520690985, 53.148696446205655, 82.52767528150662, 9.108446343292863, 34.124651411301606, 20.97328943961199, 71.78147514816581, 64.18224459222961, 43.49501166992433, 50.4015256984027, 62.31824767350159, 0.0, 27.732080036598067, 74.52276034245196, 75.6914807819394, 63.2730223255111, 101.05255796028652, 25.27582333131239, 35.26367361278733, 64.67360475179342, 75.35005293355161, 34.32010018233313, 56.28247850466582, 57.87775461803569, 1.8887052868674081, 69.9541965717449, 4.203136434587715, 87.92409704255208, 68.69064386270468, 73.34358072635581, 73.54366438928682, 50.19262752019269, 17.49553645116526, 77.6198125011311, 81.69660982044088, 99.45631378883031, 44.80988634628743, 42.052592656737495, 48.8440808029723, 68.65764259665013, 86.67503993848625, 96.73422843543943, 59.60156995893196, 41.06486582821607, 68.89317569951692, 82.30310255789568, 69.66205024494428, 98.63554757388394, 85.82089041724934, 16.793500144800298, 88.47502966963161, 42.75175326358404, 85.20579112950297, 98.8134931845192, 69.27409283072171, 15.529401851963287, 12.818972066874295, 23.456333349072754, 30.919589744055976, 23.042147597326057, 59.466538527048364, 89.43496919864467, 47.809610350384474, 94.39510897640895, 27.771409531414214, 68.22361730903357, 41.3988505141201, 88.93118086784816, 41.995273411834745, 89.70464593023182, 46.83532065373222, 66.07084990346371, 72.24421118053243, 80.19151374020458], [61.5086952274637, 47.098989353169266, 5.934655848503025, 35.62542216491134, 42.724865518573765, 17.646736109452302, 32.92963855960605, 25.500332098723106, 67.68213615883747, 25.316015802817663, 29.710733301373207, 34.06927686391561, 46.85675983238631, 41.288947665478304, 16.572877423991677, 37.52129725490594, 53.46745700346479, 27.732080036598067, 0.0, 47.29178420012848, 50.5756596946011, 37.06865917977936, 73.43578077721922, 27.39880618285579, 28.691404154781647, 45.27541802924583, 48.83384621838212, 7.884917153968666, 39.54657698765913, 31.07312029018762, 29.415764662118516, 48.36312502025537, 23.53351399568807, 74.09806668625522, 54.0014554950489, 61.01679218066037, 46.96530111388673, 22.564826161159512, 39.14509354593441, 52.70025209802862, 69.05337432508452, 72.49465886450253, 17.786837100046235, 46.35034317134253, 26.56636337775644, 44.398030684399906, 58.994030434460484, 69.63858073348264, 41.85372386698182, 21.152873067359398, 43.230252004228184, 55.25953390298659, 44.28176171930596, 71.04979716596678, 60.54973918117442, 42.05843201611413, 60.93331294492889, 23.725031881110876, 67.26828701342262, 72.57435979545967, 60.30334033174129, 25.687403677481196, 20.765768342347126, 25.72671131821794, 4.705717579247902, 42.153638688906334, 33.93962180728995, 62.4090011260132, 40.13742854415396, 66.83960460766995, 46.98608254120987, 41.651899277231564, 18.921077395744057, 61.36617074018311, 27.47133667628879, 62.045076965621696, 44.79551503465068, 38.527803864331396, 44.517127160066046, 53.52520217294397], [81.66152031494698, 20.389795017881813, 46.44959644251408, 50.36421114040218, 28.171532886101556, 37.00306317538601, 65.085536860738, 24.95321339208275, 76.1368027880751, 69.92831866039485, 67.55438399944, 79.59757081718935, 37.08274461066628, 23.890743936938254, 31.028461437436825, 47.04313904801191, 58.957025651875476, 74.52276034245196, 47.29178420012848, 0.0, 37.43136965366852, 29.71668289717372, 27.28452332517554, 62.81192078694517, 54.85474657186499, 34.261356467981855, 6.515958738583431, 40.20625644151634, 56.90845745248471, 16.823101240428112, 76.3094322715829, 49.272464518738495, 70.34567750142588, 82.72354435747806, 67.66748163964863, 76.23414558698295, 28.036442822124254, 27.480267630171618, 86.1433204822366, 39.18127904278238, 81.25075948542845, 39.137659494583396, 29.718517486252164, 84.96480917418674, 31.057307857966176, 18.49910943718504, 14.617322470410532, 35.83833382758786, 55.86628073393134, 48.38140919245635, 32.78494368655379, 8.152432913341704, 34.359473990445345, 31.576082302240792, 41.39401325890664, 89.34674365106504, 14.62443539314048, 49.71340311327116, 69.19634931861526, 44.070510833038355, 81.02866551402226, 71.9889557746785, 64.65438605380182, 69.3667556627955, 43.63174714602048, 88.49536116795986, 17.92524562934079, 31.351687872248004, 55.71015610432403, 28.615639149225416, 93.05731524629749, 27.394090307192908, 35.64163310937095, 24.390479353360277, 56.59327748649298, 22.97585045507875, 78.64531159419528, 9.508757144861017, 10.24830900698684, 29.523465325543746], [49.753307464178526, 55.93338435022107, 45.74093234926609, 25.67546852486263, 60.790182293674484, 32.92919630379022, 45.743588696411784, 29.39265379558064, 40.00969038932982, 75.52147968219649, 52.14668550621702, 70.36342380751377, 3.9513071034273817, 56.50285737902844, 42.91704636497741, 72.99214599584235, 88.3148947389358, 75.6914807819394, 50.5756596946011, 37.43136965366852, 0.0, 14.220769037796968, 45.119045325696746, 76.48831059216737, 73.40227503546163, 66.8098364484655, 43.89497024330967, 48.268229271137095, 30.133864667898596, 39.58338731697524, 76.96810773443895, 14.938723199644585, 71.83059569371042, 46.229584306478976, 34.82870567716649, 42.66014840219209, 9.395500956023257, 31.25073358583121, 80.00279583622483, 2.282299301118267, 45.8969672712329, 27.139952052971662, 41.98601979163399, 65.84138529847334, 54.14521216001448, 53.230914302253524, 34.18087989638258, 25.603121973363173, 27.206969050554143, 35.485472177205374, 7.656594669302974, 42.21044316542484, 6.337239492088274, 32.37326722497801, 10.129422697245495, 85.38836370607747, 38.64803861343231, 34.62121527115778, 32.03757068583996, 23.936126855585773, 49.520164048124904, 65.81625937562467, 71.2813760112324, 59.4815370422751, 50.132112546677156, 79.78306553715532, 45.79639457781397, 19.25031000221936, 80.06714816110623, 28.641932884468964, 83.08315411108796, 11.806320224734675, 53.09243098851814, 25.13223779874518, 39.00004385713165, 27.77974728832286, 56.56121649751828, 32.41869338596132, 27.217935110720962, 10.822197489331753], [52.01525009182433, 45.33166084402298, 32.69573123435013, 21.51448110978581, 48.75579019381965, 19.614583860791594, 39.37370409048741, 15.307705664445242, 47.11788020202204, 62.2988665777058, 44.16232443963388, 60.624529686571535, 11.19007324628705, 44.666314842003125, 28.71878627052402, 59.233299158352814, 74.86642251611717, 63.2730223255111, 37.06865917977936, 29.71668289717372, 14.220769037796968, 0.0, 46.00608054135367, 62.40924252842372, 59.183624092250106, 54.53956686569903, 35.57875280890536, 34.18740420549075, 27.82244051318304, 26.984172267038083, 64.68334155771558, 20.354204748929703, 59.26412843169831, 53.86531223685422, 37.95671849959183, 46.53488148963388, 10.384726441485846, 17.037063867037965, 69.51666429787626, 16.49089081768073, 51.82646652138035, 36.409153038452935, 27.816171458235498, 60.02771660071653, 40.46337855901361, 42.38340546388045, 32.31978761334187, 33.91240376653609, 26.356910241618763, 25.3276287711621, 6.564567270354297, 36.46008875073185, 8.03054856082114, 37.68135288876402, 23.71971264608306, 74.3888556402785, 36.21102087354979, 25.370251942919666, 41.433448001904154, 35.61225050298311, 51.42544274399258, 54.97884865703854, 57.833395266949225, 49.621004626465115, 36.22258483941755, 70.0954192874111, 33.502856762498695, 26.598989977186356, 66.06801789116905, 33.403798560045075, 73.88644811197834, 5.2626127888574885, 38.95575022529611, 28.351094768073335, 31.342200401092317, 30.11890407271409, 52.05970039381917, 22.130262793265185, 20.110073789402914, 17.02147644201535], [94.80584658664887, 42.18805477888834, 71.6903743374332, 67.14127946326681, 51.72481804002189, 60.393986677937804, 85.29312823118644, 48.862379875378316, 84.2956909373327, 96.94178967891595, 89.46480924427367, 103.94771350774322, 47.16512673802347, 48.109342005898974, 57.742988108177215, 72.55416012757617, 82.111817220584, 101.05255796028652, 73.43578077721922, 27.28452332517554, 45.119045325696746, 46.00608054135367, 0.0, 90.06912309359531, 81.82232199884085, 57.05697882217408, 29.23152619891348, 66.83489974547508, 73.02694752019777, 43.99516946763554, 102.78915371069945, 59.97582228851877, 96.8520713968397, 89.97770671935349, 79.90088933679438, 87.77303478136956, 38.11989535227441, 51.77009835079136, 111.44845099533983, 45.64073187188607, 90.56853668522776, 27.902705768310394, 56.404364450097525, 105.9105096684339, 58.073954379310955, 41.84514839444803, 14.608723893549886, 25.93064763519805, 70.83082026622795, 70.05335204080161, 45.09684057425175, 21.032424327904057, 45.977406874225046, 16.62068000794078, 42.537581685615656, 115.19264014915039, 12.71159959964766, 70.67724376253553, 75.09293315509125, 35.69316536102486, 94.51696782674385, 96.96642619438201, 91.70161205894924, 93.2265508807733, 70.16960292746916, 113.18407054317125, 44.92562625200587, 27.759086246987323, 81.38096403921465, 18.10997676483703, 117.47400449998571, 41.284703431381736, 62.926139794551624, 20.065290516614947, 77.08237473895753, 17.342985644796624, 98.05922466601507, 34.9940120076835, 29.304033606006875, 34.296866864584956], [86.64417151054181, 53.12879283799207, 33.25981504893052, 62.965652947349575, 44.68574010165736, 44.167008037710005, 56.93493893896146, 48.30573001234642, 94.61564213911095, 16.190323408858383, 51.20205667625001, 44.65231808245953, 72.99580276868963, 45.99629346378554, 35.009362266782134, 26.776925254573552, 37.11316511295981, 25.27582333131239, 27.39880618285579, 62.81192078694517, 76.48831059216737, 62.40924252842372, 90.06912309359531, 0.0, 11.143739677910713, 43.40552926033496, 61.55802325100382, 28.226002691691495, 66.52546915720608, 46.447511821730906, 26.85845143153581, 75.65609078965566, 23.429731640941633, 100.86180775399067, 80.7578090747015, 87.24140013941614, 71.39792368079965, 45.83378108154256, 42.77132429326439, 78.70766884216725, 95.47019471594653, 95.43404963469578, 36.24743779864495, 63.97205429990298, 32.337810817765394, 51.639103613483, 76.85155031686801, 92.3127493757283, 69.04634100451517, 48.29784299050031, 68.89353580150623, 69.48582646363288, 70.1550106517955, 91.77429000136688, 86.11823544204411, 41.29720034723952, 77.4362776127735, 50.78194590087597, 94.62803454386162, 96.82453929791157, 85.36058630033504, 36.92910443794289, 13.543008742867828, 42.567292907750904, 26.538572495548085, 48.25087045333737, 45.27137695138257, 85.4557869574413, 22.739494014834833, 87.87360323363617, 53.03673273724586, 66.30697431883274, 27.281996366225314, 82.52388047405766, 53.42369642704973, 82.48865971906868, 66.09426405445046, 56.41025834396979, 64.01606281752868, 77.58315538846928], [90.11537030646099, 43.08061260891746, 34.503542171748414, 63.55280130397608, 34.204500658602285, 42.87290780