instance_id,num_cities,city_coordinates,distance_matrix,best_route,total_distance
682,74,"[[24.198362784294325, 89.44074037699875], [85.17961897093927, 59.32546829684152], [95.79489461784246, 36.989922916837074], [98.49062555642534, 33.04551801395349], [60.55577987313783, 88.33795975877474], [17.871867891757663, 91.39095060107223], [68.04257700132447, 97.01119592986835], [60.709587491658965, 26.819066569037954], [24.23628683226272, 31.94766317161487], [52.89761670673197, 38.25368732464527], [48.64621578513228, 33.02551532364883], [74.17569839906338, 63.75407181227186], [44.12497999483941, 77.5724348221038], [20.45538219445818, 48.77631523507879], [61.06848326483906, 53.52020970075758], [85.11196269415613, 90.84179056863871], [73.28716918827197, 92.3766649848403], [67.42570664520923, 81.80707353754299], [58.53189082280031, 66.17472458388572], [63.971462541762214, 90.16249648576881], [83.39760944111354, 81.75140758968664], [83.21835747072225, 25.371693533453666], [25.37809772495563, 77.91858628256786], [89.07859700811481, 37.72876374853031], [47.079989461560686, 35.110615449923884], [47.62256809579849, 1.7353115610088787], [72.91408741132557, 7.899450009827779], [56.18345494580883, 35.793673295806705], [55.36820415044536, 62.64961977810588], [82.31948488890369, 46.164516085643214], [36.95791524690105, 91.44872641814335], [17.64271652572805, 49.922971310442655], [30.32433889460695, 65.25953554883321], [85.91552688788785, 18.319109397191514], [11.72114155153171, 65.6729050418061], [71.37818040448188, 48.44441777887225], [68.94421701726526, 64.18777611330249], [41.85549384448538, 47.44307159142463], [30.02621783892685, 56.87733515804451], [9.131491429175176, 40.351767314262965], [45.72095007107572, 9.053585401265407], [56.687583459101134, 40.28604629031478], [7.344528876465517, 85.91112674041538], [61.79266947575306, 82.86742702839949], [65.62999195953118, 52.66903100187018], [77.1586940799029, 41.940475596411574], [59.63716113432264, 47.60673233119393], [3.038810085691579, 33.557073775343504], [87.30175790825882, 63.370831564415894], [89.0606273641736, 95.70120632308677], [47.74429607820845, 4.993666207090275], [36.30412412331276, 72.38281682016661], [8.337478671385002, 87.10690143331254], [94.7545904751293, 2.578936888300265], [33.61302475187499, 83.17365015278457], [92.33999680843276, 58.0515620420335], [80.51853644901306, 60.44612381207792], [61.40744704560384, 52.34891466022988], [9.677155572763374, 77.00653503157493], [15.344431923118396, 76.71999995455545], [75.75515585318445, 29.895462796535266], [63.545393737349244, 38.24545891402268], [70.65957135575624, 13.039801829922226], [54.16691142773544, 37.95802469419115], [36.683213811373236, 73.21560943926691], [92.56895586151195, 13.299223260423254], [12.768457407936895, 37.94089046932384], [40.68936773591418, 73.96504596181877], [10.498333753234446, 91.51233427693998], [60.11712607259552, 36.039502697881474], [82.86438908437404, 81.84148637079784], [92.84235205224839, 98.89270245125758], [17.40726994293714, 88.35088288311358], [45.52742942427961, 92.98821328810934]]","[[0.0, 68.01208141619487, 88.75331893980909, 93.27251156252137, 36.3741378243397, 6.62026113860875, 44.492998523214894, 72.48823049393823, 57.49308971326594, 58.68357160133492, 61.48475529894139, 56.191983566211576, 23.19324794417422, 40.83632422021725, 51.47514262547183, 60.92971028667551, 49.17652455664315, 43.89619717795135, 41.47407188179455, 39.77964801500937, 59.69653795195291, 87.11028949685769, 11.582392218623388, 82.96730271475066, 58.95194071435943, 90.77959924053512, 94.98528233721278, 62.45841758317685, 41.10137654307264, 72.46306937754308, 12.916585732593772, 40.05784030455351, 24.945104735114203, 94.16631424356467, 26.843826966588317, 62.50306918259149, 51.37999294610504, 45.55851688432745, 33.08079887172651, 51.349176125676145, 83.21848621916703, 58.921417250536145, 17.219462529830462, 38.164647830031555, 55.39619577627381, 71.14121059671747, 54.826933688383775, 59.755425387573844, 68.27648659434352, 65.16369234698406, 87.66823432999821, 20.917031664841982, 16.031670189291123, 111.9068995695539, 11.30983111466527, 75.02374826695791, 63.34547932860607, 52.538742719714826, 19.117398396549277, 15.498687963491182, 78.76384318761244, 64.56892200504824, 89.41894269557793, 59.56999179008756, 20.472576269607497, 102.33312575380583, 52.75298358790266, 22.615268336820222, 13.855767634388114, 64.35720427289075, 59.15616031566286, 69.29167951256643, 6.8779889020636285, 21.622063911384515], [68.01208141619487, 0.0, 24.729752616675604, 29.458762417826044, 38.05335875771235, 74.5555397723067, 41.39918205350223, 40.68720430167597, 66.81043291013712, 38.55058525530446, 45.01529822992268, 11.86165237431259, 44.926998217463186, 65.57828494721775, 24.800159120565883, 31.51639489077975, 35.12565962856848, 28.64653516690011, 27.51388244400874, 37.4260364806259, 22.496628883696424, 34.01037146746721, 62.62528227293649, 21.945835073685924, 45.14355842365317, 68.7543323965529, 52.868503111929996, 37.343311370886695, 29.996173700489805, 13.468148724775322, 57.94166395933677, 68.18826982313907, 55.17531065978716, 41.012961739785794, 73.73220366982758, 17.574895927950664, 16.947870482729666, 44.92406002842503, 55.20770790654095, 78.37932783320308, 63.90812750515835, 34.267997869009804, 82.25021875285935, 33.18393026163069, 20.651781369825272, 19.146101621522053, 28.10241848965852, 86.08787743078787, 4.568198511002751, 36.58218887795507, 65.97990692932899, 50.58960710521427, 81.7099905331814, 57.54866554670586, 56.81416563840189, 7.272815680443639, 4.793908536886768, 24.774754462803973, 77.54509720202167, 71.96890357366397, 30.902196180950916, 30.20606722228887, 48.50973822887606, 37.66106311925801, 50.446380785516034, 46.61563613032429, 75.50282436945253, 46.83694790616221, 81.32212923546086, 34.21059403394629, 22.634737889676842, 40.302400634525206, 73.726291000418, 52.014195525753856], [88.75331893980909, 24.729752616675604, 0.0, 4.777582582344863, 62.276930684736286, 95.03404604274748, 66.12672944576143, 36.52978367012578, 71.73603509777162, 42.91588927963035, 47.3150551435268, 34.405076823676396, 65.70175301839015, 76.25589273015419, 38.46003154726554, 54.901263046247635, 59.78535691053832, 53.041378337913116, 47.33163952552554, 61.96816448019379, 46.44656273472655, 17.1216979478616, 81.447411067261, 6.756814290552202, 48.75114132962145, 59.69472894985713, 37.01063296372053, 39.62949868528461, 47.88253695408112, 16.30214179719591, 80.17201145219242, 79.2150659994228, 71.31314510714277, 21.123474719587396, 88.83191666420514, 26.97000900113522, 38.21887107315733, 54.94294561635612, 68.70973738052854, 86.72858496478547, 57.33967977113761, 39.24597068948352, 101.07794706725815, 57.10426164586811, 33.99640837982073, 19.282529458645744, 37.68419208111044, 92.81958667740216, 27.714359314975624, 59.09623638314717, 57.72885295459364, 69.22289153802481, 100.79936080974193, 34.42670754175458, 77.4565788131164, 21.343124455277604, 27.992150316477268, 37.66158756487926, 94.96101422888091, 89.72600497747699, 21.25846876316095, 32.27393185964737, 34.71876690735798, 41.63923877218637, 69.32886247290703, 23.909327281837125, 83.03188312363073, 66.36097359989873, 101.23337708409247, 35.69042542420602, 46.67826815141845, 61.973152426584804, 93.71535578991995, 75.25042578943574], [93.27251156252137, 29.458762417826044, 4.777582582344863, 0.0, 67.05450492785171, 99.51670006171041, 70.84272448216781, 38.2906716426758, 74.26245420545649, 45.889513873400865, 49.84441378485853, 39.16926038428645, 70.2728236074795, 79.6050073033952, 42.657118202726906, 59.324512144624684, 64.46238603854485, 57.81624757834543, 51.90611533784293, 66.73770931776653, 50.99081108219963, 17.09180372690675, 85.78481206919533, 10.512805144424794, 51.45209549764375, 59.73180306958471, 35.86759037844414, 42.396332890109626, 52.3062717958106, 20.8233979190182, 84.83636714251189, 82.59075507834444, 75.39486430121575, 19.36492234095698, 92.70107733322615, 31.18029499679497, 42.92820165217057, 58.43652704469132, 72.49365925718784, 89.65732614131518, 57.9676761766493, 42.425459081917396, 105.36784863520725, 61.878611800384526, 38.2740578248017, 23.112152018208462, 41.492416897454994, 95.45318625355584, 32.32360439650947, 63.36134581428279, 57.98358686133482, 73.5838571825357, 105.12004124090996, 30.694796360534532, 81.98739365221158, 25.751358642407762, 32.76872266337181, 41.806497707281444, 99.09794885749365, 93.91884735497631, 22.952656284181323, 35.32999592772664, 34.27530099002183, 44.59511583172763, 73.71426179336292, 20.61509952605011, 85.86183543085092, 70.81944064386086, 105.64569097084706, 38.490120900343804, 51.2369573078127, 66.0889907011624, 98.1488356571504, 79.98891711520066], [36.3741378243397, 38.05335875771235, 62.276930684736286, 67.05450492785171, 0.0, 42.792956139034864, 11.457624401165813, 61.51908546194228, 67.07437009718414, 50.66637749375217, 56.5800691600426, 28.104621100791586, 19.643515769911847, 56.33085842952811, 34.82152472064392, 24.683502252794245, 13.356624341373127, 9.478837939763405, 22.255451473863978, 3.872443977760198, 23.772501918993907, 66.92042368159773, 36.6883178267309, 58.09338876428777, 54.90671278987399, 87.5630438126925, 81.38231758705244, 52.72588799795209, 26.20690277085598, 47.457962527526085, 23.80201848850715, 57.595506277350246, 38.03358631068613, 74.46983399075029, 53.83796620717822, 41.33544538242062, 25.565548064358257, 44.9676836825457, 43.83862518680084, 70.33585221840701, 80.66030121762398, 48.20735764878563, 53.266563162361614, 5.6086205294318665, 36.02804611636376, 49.278629209363594, 40.741584997942994, 79.43014089537861, 36.58831550274928, 29.440511722014293, 84.32321972420819, 29.029457328710787, 52.232810425992504, 92.32642444224432, 27.433230710779537, 43.90332940502939, 34.29965251405761, 35.99912087923471, 52.125191578034986, 46.68022036655549, 60.386641580437214, 50.18163440880111, 75.97301619524295, 50.783417540810674, 28.259244320385378, 81.58220033887073, 69.45136990267949, 24.5205012636519, 50.157996028834795, 52.300296634979304, 23.235279456471904, 33.96800459817202, 43.14851186546032, 15.73137549932573], [6.62026113860875, 74.5555397723067, 95.03404604274748, 99.51670006171041, 42.792956139034864, 0.0, 50.48452446158748, 77.4893439639687, 59.78302642783605, 63.64253160079341, 65.98169839724915, 62.7209566172444, 29.667781740982537, 42.692876379190444, 57.446850183701955, 67.24233730155993, 55.42406743130486, 50.472107492870954, 47.8444930927557, 46.11595956291199, 66.23098666833627, 92.89082841730949, 15.422324294324154, 89.16293270887509, 63.40812637479503, 94.46289099065751, 100.00238297469754, 67.51914503575067, 47.24446348832605, 78.7332567317599, 19.08613480220168, 41.46861242912086, 28.946759520008218, 99.84705056488554, 26.443322444444036, 68.60998586326636, 57.865339776154286, 50.06625992908776, 36.59122672974293, 51.78216306115627, 86.91957826794129, 64.17453560109794, 11.86816482387721, 44.7402197790154, 61.483538218940495, 77.20283179812715, 60.50948263819307, 59.70575275944237, 74.8708000393467, 71.31912632394376, 91.4158231183708, 26.4774851452797, 10.45263866577913, 117.46713077090664, 17.756915440251646, 81.59054512528462, 69.87265120434083, 58.47757880304922, 16.554900219182034, 14.887065709806713, 84.45217608530528, 70.07506153993856, 94.47456880431861, 64.59417741754102, 26.157403572515605, 108.06466966685956, 53.6931441308282, 28.710633076169497, 7.37453318446222, 69.63077353975962, 65.6903347385137, 75.34487226135664, 3.0753638782788855, 27.70164853885972], [44.492998523214894, 41.39918205350223, 66.12672944576143, 70.84272448216781, 11.457624401165813, 50.48452446158748, 0.0, 70.57412953311159, 78.43630762191933, 60.67795843481921, 66.86094638180155, 33.81791659243101, 30.8207216004, 67.75798716924245, 44.0466101604424, 18.15008238113026, 6.99890164867412, 15.216631255210963, 32.26981742523466, 7.967349434941725, 21.648052139029055, 73.22924700187255, 46.74168947596886, 62.904061101498264, 65.35374465259311, 97.43957566599948, 89.24480306770035, 62.35562407176651, 36.62454972824202, 52.813018754958065, 31.578430351361423, 68.97424761292488, 49.30348286711228, 80.69626274192571, 64.4530260492863, 48.68118928324602, 32.83580124152408, 56.060344939133415, 55.280831618351705, 81.73620283776326, 90.7457782969247, 57.85048383526, 61.704656081841485, 15.463102625810638, 44.407748840553445, 55.820138199722855, 50.1143895440221, 90.84005356462143, 38.76325791063527, 21.058834578986986, 94.22975105939781, 40.17320560598772, 60.52101962179956, 98.13757288377653, 37.106222405823814, 45.91533166554487, 38.634881430121986, 45.152456386531185, 61.69853220449615, 56.46970098019123, 67.55742377097384, 58.93756445871609, 84.01216392011096, 60.66144680190456, 39.365461969992964, 87.23094421249476, 80.89826502482083, 35.76762622074827, 57.806378631370784, 61.484633429818906, 21.208635069984805, 24.871045602596975, 51.37056884019254, 22.871734952819025], [72.48823049393823, 40.68720430167597, 36.52978367012578, 38.2906716426758, 61.51908546194228, 77.4893439639687, 70.57412953311159, 0.0, 36.83210778794336, 13.848373166878432, 13.566316488768773, 39.313238931538464, 53.394321747306385, 45.85326393062483, 26.70355502019506, 68.51558292718893, 66.75323416421548, 55.396634977704586, 39.415862042624525, 63.42735957343865, 59.43322664964249, 22.555256918831965, 62.12467371413788, 30.39444346411011, 15.953548987801417, 28.292487376871833, 22.514477765133307, 10.051340294844598, 36.22649471402998, 29.00403562470173, 68.85589928708701, 48.87275098760092, 48.999316196159846, 26.60053858044207, 62.52590342967248, 24.113786299298106, 38.26525285984132, 27.94327164846347, 42.95309865207701, 53.32385941481186, 23.243742660083583, 14.05475219458503, 79.6222397091461, 56.05882425423129, 26.314084466424973, 22.343458069970872, 20.815310377965098, 58.063063196156506, 45.20149391052053, 74.48845977028405, 25.385958370622912, 51.688315692919566, 79.85900584720962, 41.79289550968543, 62.53049498611484, 44.45167676271996, 39.02785463770391, 25.539384321403837, 71.57577172643586, 67.43960625999934, 15.356866251611892, 11.773030157296867, 16.996185326314674, 12.918320254249554, 52.248500672590794, 34.609327008994015, 49.21429589634837, 51.22062643089039, 81.89254476880498, 9.239450900305794, 59.31527555742844, 78.91212547884544, 75.24131261480946, 67.88854027825968], [57.49308971326594, 66.81043291013712, 71.73603509777162, 74.26245420545649, 67.07437009718414, 59.78302642783605, 78.43630762191933, 36.83210778794336, 0.0, 29.34685282601434, 24.43371434607894, 59.20804386445108, 49.77127589156604, 17.248152659148758, 42.68472159684208, 84.70163017025816, 77.83092778610481, 65.96428416815388, 48.45286561179986, 70.48298380786335, 77.33353121957602, 59.347519185575464, 45.985100889177396, 65.09951084932838, 23.061635174693382, 38.20607728071662, 54.29405884155062, 32.17783933626625, 43.72420857343237, 59.79779931791886, 60.845840917744866, 19.14645847338416, 33.86362678730523, 63.16697025995295, 35.97250061645289, 49.94498014962571, 55.120086211106695, 23.463676988832493, 25.593199221920372, 17.285364057768916, 31.39633022249594, 33.505451583246476, 56.54544090533293, 63.27167003086746, 46.2905380063787, 53.857566683264196, 38.70953820823398, 21.25848590358256, 70.46040841408478, 90.92144625864535, 35.7651289816082, 42.19756328824266, 57.40482267673269, 76.38948377997971, 52.077105873964065, 72.93510025190427, 63.08608309919245, 42.40172418555158, 47.35261593960392, 45.646765764184515, 51.559726449762756, 39.81040211915236, 50.12612658550338, 30.528130213086783, 43.10416894423468, 70.83161700668877, 12.939470048940843, 45.123877578956176, 61.128400917144354, 36.11340160244287, 76.98472554419706, 95.85630114458742, 56.81512708335951, 64.64720807117557], [58.68357160133492, 38.55058525530446, 42.91588927963035, 45.889513873400865, 50.66637749375217, 63.64253160079341, 60.67795843481921, 13.848373166878432, 29.34685282601434, 0.0, 6.738560103477729, 33.21184080297743, 40.28551923021158, 34.10607392079603, 17.315593139443152, 61.67067933952394, 57.83623916891074, 45.912556538166264, 28.48384395489645, 53.07687377854842, 53.12533505826687, 32.9437867360964, 48.27657956328883, 36.184787968562354, 6.612388946018208, 36.89739701200963, 36.35985179331885, 4.104680493712308, 24.52071211426876, 30.46682686160344, 55.53184912090831, 37.13596875690383, 35.197566812085896, 38.56902630189935, 49.47035078133053, 21.10408069017225, 30.497054658179096, 14.365697355418595, 29.49476470142987, 43.81638576438761, 30.069095369417315, 4.300503569281269, 65.9265905575267, 45.49184250080453, 19.233187798973994, 24.539606416318502, 11.52826569723275, 50.07952452355938, 42.59713448785071, 67.88210941688932, 33.65688218240915, 37.949195989349406, 66.12293422464299, 54.99721876371387, 48.88454303096994, 44.132269275581585, 35.43189868830437, 16.464891315711615, 58.04990496141551, 53.7577798530986, 24.337769271112485, 10.647780210000686, 30.84196904698207, 1.303274905695011, 38.538848701043044, 46.86726391700424, 40.13037836727646, 37.740462088404534, 68.07483140015785, 7.551419008715427, 52.89521407860252, 72.61316710727377, 61.3945739967126, 55.228507068574146], [61.48475529894139, 45.01529822992268, 47.3150551435268, 49.84441378485853, 56.5800691600426, 65.98169839724915, 66.86094638180155, 13.566316488768773, 24.43371434607894, 6.738560103477729, 0.0, 39.949952020115205, 44.775770343716616, 32.292581135409115, 23.96550076565215, 68.35548537489447, 64.26301853104047, 52.27149987076378, 34.59185808148137, 59.15655335186499, 59.8487421601699, 35.409235641631334, 50.56474204606266, 40.70501194087456, 2.607816602685246, 31.306943416747124, 34.93205907786999, 8.029487699975473, 30.37717386973295, 36.1458489063225, 59.580936246956405, 35.30921954891545, 37.07726031773601, 40.06594470804, 49.288063083937004, 27.46788612869685, 37.18998993737505, 15.936744749467014, 30.259108263945343, 40.18815010867316, 24.149753698567952, 10.834154511814313, 67.10228935309706, 51.54653632421675, 25.96760214849665, 29.87369972358134, 18.259593891705578, 45.6105032752429, 49.14355659275152, 74.57591370903326, 28.046354915590054, 41.247113931480776, 67.45065315656858, 55.2537451669386, 52.35295845970488, 50.3532473080228, 42.04443595027707, 23.156916573762953, 58.761532896821336, 54.938299896819, 27.2890428640459, 15.787124967469952, 29.73241610317007, 7.403224234665959, 41.932768585515575, 48.149077814438826, 36.21290459208061, 41.70559434598674, 69.82813827386958, 11.860265710137517, 59.61444802405732, 79.32077156107928, 63.5355651027161, 60.04375051195384], [56.191983566211576, 11.86165237431259, 34.405076823676396, 39.16926038428645, 28.104621100791586, 62.7209566172444, 33.81791659243101, 39.313238931538464, 59.20804386445108, 33.21184080297743, 39.949952020115205, 0.0, 33.07556247263918, 55.76921700372364, 16.629221938873943, 29.21209311494384, 28.636381127523624, 19.273641585588887, 15.829980269219154, 28.31132853059343, 20.22245628880183, 39.43319217898228, 50.811802779756846, 29.99021585057897, 39.42873362419336, 67.464030060513, 55.86886824501139, 33.24913096128571, 18.83989528122631, 19.383336375667636, 46.391349155849056, 58.20032113813945, 43.87719397877652, 46.92717104841052, 62.484026694702784, 15.563149217057461, 5.249428242088163, 36.20282241282084, 44.68183233419895, 69.12609287497146, 61.65886729424907, 29.267428757110856, 70.40838233368937, 22.774102681190605, 13.996686333519543, 22.01661288891871, 21.727992040578282, 77.28075807955942, 13.131653030997917, 35.244581338816865, 64.43139215888752, 38.84213406257391, 69.85718165099, 64.5436901024763, 44.971663481926285, 19.038391591315765, 7.153608495009808, 17.120334467757797, 65.84595513845203, 60.243117513575854, 33.89542875270791, 27.634990667513996, 50.8360140965765, 32.64640260399639, 38.667907815464055, 53.70292042775606, 66.61208281675484, 35.008546590289654, 69.46458020671591, 31.07637039705328, 20.06608858838667, 39.78903519552882, 61.86806594870252, 40.93114148274928], [23.19324794417422, 44.926998217463186, 65.70175301839015, 70.2728236074795, 19.643515769911847, 29.667781740982537, 30.8207216004, 53.394321747306385, 49.77127589156604, 40.28551923021158, 44.775770343716616, 33.07556247263918, 0.0, 37.27554645209185, 29.42094213903435, 43.081417719501616, 32.70471692684149, 23.682399107471166, 18.37027158969617, 23.50303219119182, 39.49434436747314, 65.21663555839451, 18.750077751157836, 60.069508131791466, 42.564517915090335, 75.91773433818, 75.38658712589147, 43.484154962633916, 18.684231272668722, 49.44974786041697, 15.617883517284232, 38.28580821832172, 18.495004279294793, 72.50797462024876, 34.519669101139684, 39.889576450984336, 28.198290996555887, 30.214716547948132, 25.041210921885128, 51.087398952427705, 68.53743390614918, 39.345822847461314, 37.71386174047423, 18.44408290099345, 32.90357216830967, 48.58871046359551, 33.74271905875194, 60.2115052617025, 45.452389222938706, 48.45477025676629, 72.66895556276427, 9.386049305710225, 37.03581110947221, 90.48415435717614, 11.911121534546629, 52.01684650601936, 40.22190299072457, 30.576292069464838, 34.45247233490071, 28.793169198823115, 57.21504772659617, 43.860728493779696, 69.77496155208145, 40.86736933894147, 8.623329481465523, 80.48518200403909, 50.53603483188301, 4.981634870500426, 36.40154027330419, 44.50542873636371, 38.9739222780018, 53.1783428846627, 28.80991102071308, 15.47944088509327], [40.83632422021725, 65.57828494721775, 76.25589273015419, 79.6050073033952, 56.33085842952811, 42.692876379190444, 67.75798716924245, 45.85326393062483, 17.248152659148758, 34.10607392079603, 32.292581135409115, 55.76921700372364, 37.27554645209185, 0.0, 40.88922245842381, 77.13609801482221, 68.49954901502083, 57.42161938716662, 41.86317184821122, 60.053852893115746, 71.0568834565978, 66.9848294953799, 29.555119522673568, 69.50679107259378, 29.926928722229924, 54.32229759925332, 66.50438980754221, 38.0137366520203, 37.56825409669761, 61.91921104944646, 45.75224883351094, 3.0374180349800337, 19.21178956425397, 72.19883607604892, 19.020560104932503, 50.92387979583085, 50.87907456778757, 21.441602487849973, 12.539035797289978, 14.113947347718993, 47.07700272508962, 37.21366785518485, 39.381324257353235, 53.58148209111981, 45.34201807890398, 57.113871190312345, 39.199231179469145, 23.129251925421023, 68.42103370278677, 83.1181392261531, 51.59074700818705, 28.4332470501381, 40.200465471120324, 87.49040014338688, 36.82798130646815, 72.48053546663111, 61.186329610708434, 41.10760370326918, 30.217800695402918, 28.40724077374678, 58.43416428351149, 44.358178835714305, 61.62433772220463, 35.40483884263797, 29.33635321892977, 80.36785154532724, 13.285151204558083, 32.309229741918415, 43.88063510487512, 41.656695993113416, 70.62711719460134, 88.04274912106389, 39.691779915075045, 50.826169260981715], [51.47514262547183, 24.800159120565883, 38.46003154726554, 42.657118202726906, 34.82152472064392, 57.446850183701955, 44.0466101604424, 26.70355502019506, 42.68472159684208, 17.315593139443152, 23.96550076565215, 16.629221938873943, 29.42094213903435, 40.88922245842381, 0.0, 44.39582527159264, 40.73230171423434, 28.99242926746159, 12.90624066660465, 36.75710094005312, 35.99431080101213, 35.81837363361742, 43.232908759570506, 32.154878901550234, 23.12122659732149, 53.502040242192486, 47.133555481979336, 18.387321572044584, 10.762867198956869, 22.488025671130664, 44.94320716780932, 43.57450333528124, 32.909180853144484, 43.08704027184286, 50.821728996781154, 11.49145416148173, 13.259870108909872, 20.151192770318318, 31.22326911309494, 53.580397495952234, 47.04069994936146, 13.940421954955942, 62.73304377912835, 29.356151153445225, 4.640244255337372, 19.823852451038658, 6.084233529512777, 61.36749762908071, 28.02176742494794, 50.62407142191208, 50.32255346886876, 31.129912159074227, 62.51899476937028, 61.07181915365197, 40.411987488850414, 31.59811249660256, 20.646376319940096, 1.219355779350369, 56.50377013526883, 51.272986444330726, 27.81774645807632, 15.474272101966193, 41.60111046783394, 17.02390366517923, 31.345655794349028, 51.088232735604564, 50.7504451753119, 28.866930551807368, 63.251415410551935, 17.50657584531125, 35.73732254541469, 55.39171270247635, 55.852281449164806, 42.41753955201054], [60.92971028667551, 31.51639489077975, 54.901263046247635, 59.324512144624684, 24.683502252794245, 67.24233730155993, 18.15008238113026, 68.51558292718893, 84.70163017025816, 61.67067933952394, 68.35548537489447, 29.21209311494384, 43.081417719501616, 77.13609801482221, 44.39582527159264, 0.0, 11.923991820288638, 19.860255911263632, 36.262437383366816, 21.151410996536125, 9.250625372386418, 65.4974758791418, 61.115823099899416, 53.26094071431924, 67.47143742412574, 96.67170893538886, 83.8344798921617, 62.18644366604072, 40.9815771559507, 44.76445897720365, 48.15787221917002, 78.90785099101905, 60.46598625259735, 72.52713285184262, 77.5866317522, 44.566287656193666, 31.174227927214105, 61.274553496584026, 64.71494045113278, 91.22650087488833, 90.77974652956479, 57.99852251940138, 77.92358570019631, 24.645078820684592, 42.856816921548216, 49.54385014977572, 50.18202641691681, 100.08766735807339, 27.55809847742398, 6.261459426589144, 93.62821671225238, 52.18178626498223, 76.865276905869, 88.78801501508653, 52.06669748140533, 33.577426405014144, 30.740789226131852, 45.20625573781379, 76.69305327875259, 71.18239473378027, 61.66039817552205, 56.84620479936256, 79.13293288573111, 61.272252210480964, 51.5366469568701, 77.90029840666284, 89.62191689768147, 47.520431935619534, 74.61664192791235, 60.23315211416263, 9.276694604494697, 11.161366483070053, 67.75049846041559, 39.64268412563182], [49.17652455664315, 35.12565962856848, 59.78535691053832, 64.46238603854485, 13.356624341373127, 55.42406743130486, 6.99890164867412, 66.75323416421548, 77.83092778610481, 57.83623916891074, 64.26301853104047, 28.636381127523624, 32.70471692684149, 68.49954901502083, 40.73230171423434, 11.923991820288638, 0.0, 12.086066626761085, 30.070914858343308, 9.575224930313993, 14.666870723489275, 67.73695224840439, 50.0431330777586, 56.88376132186406, 62.97790643204685, 94.20470635663436, 84.478038802678, 59.11152162962041, 34.710034928678546, 47.08657380610146, 36.34110292657858, 69.99015086934506, 50.80495542455896, 75.12653963684963, 67.1078725192735, 43.973703309397585, 28.52147768562422, 54.83591916036432, 55.96170413597176, 82.59867411988593, 87.76463996227656, 54.67155386815473, 66.25884843613268, 14.918080645757083, 40.43919583322435, 50.584561923693364, 46.80458940835731, 91.62192023013598, 32.2140818494613, 16.120004898778017, 91.03969926416207, 42.04164110389638, 65.16312382113374, 92.32812219474386, 40.72754864657494, 39.25841224957838, 32.739152891380556, 41.75342613769976, 65.44061985453267, 60.02076275464319, 62.52992551630011, 55.00081508139242, 79.3803636022892, 57.67991563718189, 41.31580325800943, 81.3942816602672, 81.39882076944002, 37.438007086064665, 62.79478420108507, 57.85607911201651, 14.237736104032514, 20.61222746593173, 56.02472723003081, 27.76647516505849], [43.89619717795135, 28.64653516690011, 53.041378337913116, 57.81624757834543, 9.478837939763405, 50.472107492870954, 15.216631255210963, 55.396634977704586, 65.96428416815388, 45.912556538166264, 52.27149987076378, 19.273641585588887, 23.682399107471166, 57.42161938716662, 28.99242926746159, 19.860255911263632, 12.086066626761085, 0.0, 17.98527991697213, 9.04128834679755, 15.97199980026192, 58.60341232643832, 42.227026286996505, 49.1095210211236, 50.93630734206966, 82.48424917785147, 74.11112695775418, 47.36687898815889, 22.63606416663922, 38.629218631553016, 31.956967674684204, 59.118035150574364, 40.62428463927979, 66.12560051366735, 57.99405112013288, 33.59596475901987, 17.684612392526155, 42.83363646046327, 44.94678652185805, 71.53151712161022, 75.92210807095569, 42.88709588238751, 60.221185431469145, 5.731968010905711, 29.193323107228434, 41.037503284236585, 35.075985799487505, 80.45952352343554, 27.11000612141333, 25.712190112438808, 79.29475056787112, 32.51721872089041, 59.32543182153335, 83.80910170321805, 33.8402864713811, 34.424499716779906, 25.054188580858487, 30.066635545888133, 57.9477378412149, 52.32912663437665, 52.57561272904147, 43.73409535901027, 68.84326792850453, 45.809766808897436, 31.920434223087007, 72.97608190870048, 70.08321418970326, 27.862684988548814, 57.748747782108886, 46.34744750846396, 15.438720792231086, 30.625554348033024, 50.444677131391934, 24.587647942948507], [41.47407188179455, 27.51388244400874, 47.33163952552554, 51.90611533784293, 22.255451473863978, 47.8444930927557, 32.26981742523466, 39.415862042624525, 48.45286561179986, 28.48384395489645, 34.59185808148137, 15.829980269219154, 18.37027158969617, 41.86317184821122, 12.90624066660465, 36.262437383366816, 30.070914858343308, 17.98527991697213, 0.0, 24.5967912806224, 29.341728235881686, 47.689715646683034, 35.172322703689424, 41.740555178609036, 33.10777735025795, 65.35634072601363, 60.023788662436424, 30.47168240247375, 4.736589200317931, 31.084691981695, 33.22967936751054, 44.00050066939264, 28.222394596341484, 55.13640747312179, 46.81343899128098, 21.89499795424351, 10.60021230941598, 25.07941466638182, 29.98357621097385, 55.74248453736558, 58.54011226897741, 25.95428930716089, 54.86047386880058, 17.00820367718556, 15.257352289258968, 30.565611781309062, 18.60085908654638, 64.36919413790469, 28.906176990041086, 42.471365397264464, 62.12482679636538, 23.078431958454598, 54.384143266965495, 73.18816969104238, 30.16477012605394, 34.77030054539517, 22.720683367703028, 14.12167991549038, 50.041115834140534, 44.45626433760453, 40.16000117208613, 28.3756778303529, 54.501382103384366, 28.55232385961658, 22.955146409822746, 62.88354662912205, 53.77212313760017, 19.469071299821806, 54.306694520222806, 30.17688799256647, 28.93990146039441, 47.4096385295996, 46.72276147045346, 29.800657589340915], [39.77964801500937, 37.4260364806259, 61.96816448019379, 66.73770931776653, 3.872443977760198, 46.11595956291199, 7.967349434941725, 63.42735957343865, 70.48298380786335, 53.07687377854842, 59.15655335186499, 28.31132853059343, 23.50303219119182, 60.053852893115746, 36.75710094005312, 21.151410996536125, 9.575224930313993, 9.04128834679755, 24.5967912806224, 0.0, 21.16888281825411, 67.58913456771108, 40.489024993782856, 58.1348822125896, 57.5849934306152, 89.92582156045589, 82.74768489245224, 54.92378353114422, 28.82662726853118, 47.67045419692411, 27.04415139897418, 61.36425746111419, 41.86032003166598, 75.11999885773467, 57.704732324778476, 42.3704798237257, 26.446443721253953, 48.10473297631369, 47.54136727680438, 74.08462169861222, 83.13685502084236, 50.40550742320163, 56.78629906100255, 7.613486560855829, 37.530130213228716, 49.99266320465572, 42.77591882672227, 83.16827529508006, 35.52599036122745, 25.6932578344617, 86.7009260762204, 32.887666748683124, 55.717832176189226, 92.83577369271703, 31.152507412863574, 42.84723850248844, 34.012769069478956, 37.900410894095444, 55.86547315675498, 50.45085549104402, 61.408230537582405, 51.91878585687644, 77.41214911424932, 53.117192109383865, 32.122352020648634, 82.01084925232303, 73.13579062040243, 28.36218154557765, 53.49016324986259, 54.26006234958858, 20.644173092618065, 30.161975355181166, 46.59942034216521, 18.659234525720088], [59.69653795195291, 22.496628883696424, 46.44656273472655, 50.99081108219963, 23.772501918993907, 66.23098666833627, 21.648052139029055, 59.43322664964249, 77.33353121957602, 53.12533505826687, 59.8487421601699, 20.22245628880183, 39.49434436747314, 71.0568834565978, 35.99431080101213, 9.250625372386418, 14.666870723489275, 15.97199980026192, 29.341728235881686, 21.16888281825411, 0.0, 56.37999900967969, 58.14597371231897, 44.38768737501112, 59.11288364141756, 87.6494678074521, 74.59233119112395, 53.41089351734514, 33.919402390773236, 35.603218948160226, 47.441365803618204, 73.05309916968416, 55.57655881677604, 63.482252340716386, 73.45770411133509, 35.409352502189556, 22.74602609679297, 53.87772533443907, 58.88314632293813, 85.02579902298854, 81.8810357300466, 49.32343941420979, 76.16675342159323, 21.633745174944067, 34.08038818686497, 40.29682830022137, 41.59829025630268, 93.70288387052612, 18.790634642668948, 15.05545272315885, 84.63397435965685, 48.01631860508106, 75.2509438178543, 79.98288026302177, 49.80489580943076, 25.3307909629724, 21.49893434889924, 36.71612496775284, 73.87299326647235, 68.23891875672281, 52.41608634030218, 47.82131364275027, 69.8823467003599, 52.6525791560184, 47.48783643330794, 69.06384824646254, 83.11340762644247, 43.41222566224477, 73.54984762466428, 51.298724688916835, 0.5407754946813746, 19.571079493014803, 66.3195143320059, 39.50210547314552], [87.11028949685769, 34.01037146746721, 17.1216979478616, 17.09180372690675, 66.92042368159773, 92.89082841730949, 73.22924700187255, 22.555256918831965, 59.347519185575464, 32.9437867360964, 35.409235641631334, 39.43319217898228, 65.21663555839451, 66.9848294953799, 35.81837363361742, 65.4974758791418, 67.73695224840439, 58.60341232643832, 47.689715646683034, 67.58913456771108, 56.37999900967969, 0.0, 78.14519553398443, 13.676241871799187, 37.42764008671527, 42.72866454701397, 20.284409658796225, 28.974188801387804, 46.53251363363751, 20.81224258952378, 80.66103637809188, 70.02092491412603, 66.24814821392602, 7.5507394249801765, 82.07337895588503, 25.93338383368146, 41.35745824552883, 46.88317626548517, 61.822400250924986, 75.58615171006282, 40.89420759360493, 30.435503738426956, 97.06627034439322, 61.358124777242026, 32.47299238166806, 17.642110402665324, 32.4109514052402, 80.59627949584707, 38.2179100714494, 70.57175417073812, 40.91054912114785, 66.41529193833084, 97.04834828166749, 25.545927804978135, 76.16925379160907, 33.929015752676, 35.17818490086345, 34.691299677232045, 89.8580282063459, 85.10886170991265, 8.72719122797368, 23.510834462616312, 17.601098308602523, 31.660736714048923, 66.74248934972968, 15.270174483582101, 71.56237230884072, 64.57576068534313, 98.29947206079446, 25.44541303414913, 56.47090221265374, 74.14823008000289, 91.09049090179562, 77.41188410530941], [11.582392218623388, 62.62528227293649, 81.447411067261, 85.78481206919533, 36.6883178267309, 15.422324294324154, 46.74168947596886, 62.12467371413788, 45.985100889177396, 48.27657956328883, 50.56474204606266, 50.811802779756846, 18.750077751157836, 29.555119522673568, 43.232908759570506, 61.115823099899416, 50.0431330777586, 42.227026286996505, 35.172322703689424, 40.489024993782856, 58.14597371231897, 78.14519553398443, 0.0, 75.31915721940332, 47.99473379190496, 79.36439887871533, 84.63066678127507, 52.18695553149821, 33.65334785020031, 65.1969519703632, 17.808898504114875, 29.044630828517075, 13.591058354212938, 84.95220994575448, 18.343095730360403, 54.63272110656299, 45.67868100214973, 34.64479150709354, 21.548532884610935, 40.929428331305644, 71.80682410438322, 48.95397801205933, 19.72537219886009, 36.749313742185414, 47.51583979416195, 63.05279222539865, 45.74376368048931, 49.66877856519525, 63.60956577305588, 66.11872773091856, 76.27772149711764, 12.248379337628759, 19.359954365605276, 102.4166027417726, 9.768813613676125, 69.84693680498634, 57.842501047795395, 44.18056268704021, 15.727409893269947, 10.105001662971477, 69.59934177138229, 55.05178943593465, 79.11806700261164, 49.25080991082086, 12.24433097053502, 93.22163640762022, 41.91919836376708, 15.813458521660195, 20.15433850039807, 54.41192638044785, 57.619986457497355, 70.64941019566498, 13.128857828933775, 25.161264396200902], [82.96730271475066, 21.945835073685924, 6.756814290552202, 10.512805144424794, 58.09338876428777, 89.16293270887509, 62.904061101498264, 30.39444346411011, 65.09951084932838, 36.184787968562354, 40.70501194087456, 29.99021585057897, 60.069508131791466, 69.50679107259378, 32.154878901550234, 53.26094071431924, 56.88376132186406, 49.1095210211236, 41.740555178609036, 58.1348822125896, 44.38768737501112, 13.676241871799187, 75.31915721940332, 0.0, 42.080134699914744, 54.90110138744211, 33.92756001581368, 32.952009746895776, 41.92182786884709, 10.809602866579905, 74.84918073351464, 72.46919151168203, 64.88456089386024, 19.665698427056125, 82.24992977100831, 20.691302260615394, 33.24864798657368, 48.2119201989436, 62.07939491141009, 79.99012337880201, 51.98222197217415, 32.49180593212546, 94.8788595885873, 52.74486481160709, 27.803752702210566, 12.642096444323554, 31.05434606670548, 86.1408609829759, 25.703556155933992, 57.97244535957017, 52.72675833399634, 63.13515963835438, 94.64316494857471, 35.60515735313834, 71.70542103640237, 20.582829230597287, 24.276595416828066, 31.296027749997933, 88.58516929472286, 83.40889402009566, 15.455571423063551, 25.538430710603123, 30.802684081110907, 34.91243833713816, 63.281848877948725, 24.677622522956902, 76.31043443425229, 60.453169132798024, 95.22358023090037, 29.01069460812974, 44.548273561032595, 61.27963160515261, 87.74610002136626, 70.35844626860785], [58.95194071435943, 45.14355842365317, 48.75114132962145, 51.45209549764375, 54.90671278987399, 63.40812637479503, 65.35374465259311, 15.953548987801417, 23.061635174693382, 6.612388946018208, 2.607816602685246, 39.42873362419336, 42.564517915090335, 29.926928722229924, 23.12122659732149, 67.47143742412574, 62.97790643204685, 50.93630734206966, 33.10777735025795, 57.5849934306152, 59.11288364141756, 37.42764008671527, 47.99473379190496, 42.080134699914744, 0.0, 33.37971391806341, 37.5213025025295, 9.129055364259735, 28.759194392692407, 36.93251625922724, 57.24018810131993, 32.95389087857987, 34.49216155958156, 42.31020731112772, 46.73651324845097, 27.716283438551542, 36.38029300117803, 13.393462171331153, 27.651784994984283, 38.3087219282898, 26.092447240946573, 10.912879858462864, 64.49495154882284, 49.971752073967124, 25.542132827341206, 30.844374870275164, 17.71540283283385, 44.068571256079274, 49.15720162720408, 73.71291380124184, 30.124274845651268, 38.79866323434323, 64.84285541517445, 57.7163554968586, 49.91407059477629, 50.742046623889145, 41.95264483439438, 22.415061911281708, 56.16262156011893, 52.33055026588249, 29.145548284179785, 16.761168858691182, 32.2973295514339, 7.637552118250256, 39.4978924861593, 50.44782347515207, 34.428065419832876, 39.376475419264914, 67.22627031900774, 13.070186017582268, 58.8582836429044, 78.50062708110855, 60.950769970431566, 57.8984177174825], [90.77959924053512, 68.7543323965529, 59.69472894985713, 59.73180306958471, 87.5630438126925, 94.46289099065751, 97.43957566599948, 28.292487376871833, 38.20607728071662, 36.89739701200963, 31.306943416747124, 67.464030060513, 75.91773433818, 54.32229759925332, 53.502040242192486, 96.67170893538886, 94.20470635663436, 82.48424917785147, 65.35634072601363, 89.92582156045589, 87.6494678074521, 42.72866454701397, 79.36439887871533, 54.90110138744211, 33.37971391806341, 0.0, 26.031856485926752, 35.11781296887693, 61.404786649401665, 56.37224715797174, 90.34506973662599, 56.75246296233015, 65.83734325405479, 41.729762085638946, 73.32754112902646, 52.40295525857404, 65.99184071827194, 46.07014730189422, 57.88155413202501, 54.52333113355148, 7.561301681121682, 39.60219251135251, 93.31606670060482, 82.36025700137289, 54.023245832590455, 49.88825466242055, 47.41874828964507, 54.775323173208456, 73.3033111821263, 102.6971379073792, 3.26062765450792, 71.54842537261752, 93.97673439957885, 47.139571882427916, 82.63455873479312, 71.91083714511349, 67.29861966694394, 52.45721786700339, 84.2947887730861, 81.63688852632342, 39.8049822451253, 39.83123442915128, 25.661157796156832, 36.80914799849466, 72.31253319393998, 46.41014788791056, 50.25587503892385, 72.56172406194494, 97.15000042850448, 36.50878673128745, 87.51562825717056, 107.16523440775269, 91.7345160663145, 91.2769504292773], [94.98528233721278, 52.868503111929996, 37.01063296372053, 35.86759037844414, 81.38231758705244, 100.00238297469754, 89.24480306770035, 22.514477765133307, 54.29405884155062, 36.35985179331885, 34.93205907786999, 55.86886824501139, 75.38658712589147, 66.50438980754221, 47.133555481979336, 83.8344798921617, 8