instance_id,num_cities,city_coordinates,distance_matrix,best_route,total_distance
1759,52,"[[72.71003533358234, 14.811334512230268], [0.22046037457301715, 94.98409873780501], [71.32584032300706, 53.193477092710886], [13.27580334014481, 83.465861303483], [68.50373661034045, 53.55879947051317], [75.85944710098762, 80.32523532816694], [46.67099799933965, 57.762955403496484], [42.30787474864112, 90.33301633949362], [20.691824378334367, 56.11912909126334], [66.65556056552587, 9.429891891417485], [52.498010228016646, 92.99218049076394], [29.316438391256995, 73.50618538912356], [48.55815432803809, 27.72944284204951], [66.79330033204715, 25.053606037327793], [15.22823721904576, 50.23770470597761], [40.19569879060489, 23.506865134729704], [1.893950478834494, 39.00201689593362], [86.08669644733553, 31.484522517442503], [1.007049447427355, 28.08690822126626], [62.997223689338256, 31.205174751679053], [65.78328367736638, 67.01029843781234], [43.861922204221116, 94.2660154182073], [78.39643091689233, 79.65672401060378], [69.68260083455172, 38.95298729395742], [95.68058912715813, 0.7347142778946103], [27.520024077687676, 9.873189978704133], [7.613459741702499, 2.0042733119491674], [79.94813961684764, 10.294076227057348], [1.3303175884807006, 24.385701216974454], [40.472460696557036, 26.930444995498227], [98.4068619314455, 59.457047255553086], [35.098545465537555, 17.88922933727176], [21.866118820517745, 49.57180277943129], [82.04129498684311, 76.85891929474641], [16.997959536909658, 81.16711643241126], [99.34853618517391, 1.083396273066839], [41.89524774538852, 0.37833972618818157], [25.662055809670125, 30.02019693255644], [10.340360637903768, 14.65642850635145], [70.91037263964, 14.89536918257004], [74.19176433021943, 70.52928277617279], [42.4822540479165, 47.88072059195488], [23.05107881255568, 92.1928745058555], [95.19324218548218, 13.17663595728311], [95.87044273883556, 2.7196200160719552], [71.2452015229343, 69.5472437922718], [30.602255408718214, 88.46915867257891], [76.74519306526133, 38.99887335114576], [0.8315121142715376, 5.8963143834359855], [0.1916661670568809, 95.12540836656312], [23.968575114403144, 70.11436240147485], [27.5768326085986, 92.61545438415176]]","[[0.0, 108.08520065812633, 38.407093939735205, 90.80678378612795, 38.975107307645835, 65.58955705446606, 50.22821122119661, 81.41139842952555, 66.42460510961487, 8.10040674275883, 80.75128876239205, 72.99376531631813, 27.389612610019046, 11.828435191191403, 67.52173590470532, 33.65701017079242, 74.83386257800717, 21.375927133328037, 72.92159517107528, 19.055096636677906, 52.6565449247395, 84.52963947039555, 65.0942365645812, 24.330736911967858, 26.940630631172446, 45.45901878331603, 66.34444189513596, 8.53204407105278, 72.01897391081945, 34.44029699905958, 51.5127805846272, 37.73721779156556, 61.59053499152749, 62.745320017194125, 86.64251372053342, 29.967749597167458, 34.0273782798414, 49.44514003825728, 62.369867063474054, 1.8016236115756552, 55.7376468785941, 44.80293580943032, 91.94517221987373, 22.542555971115213, 26.126883293533375, 54.75550659801947, 84.84421129480567, 24.52181748981046, 72.42927366808127, 108.20935415042317, 73.71672020658808, 89.94713479182542], [108.08520065812633, 0.0, 82.4768519955422, 17.41010550060286, 79.86652135203343, 77.04634053257267, 59.523658798355136, 42.343630172322214, 43.92678692780866, 108.31964201610161, 52.31548486807878, 36.16457795358362, 82.82343506759022, 96.55162779225921, 47.196113660608226, 81.89636505955065, 56.00708934125257, 106.79516223813235, 66.90181478387277, 89.49119038825044, 71.28125491780553, 43.64736915648544, 79.66436333933525, 89.24390403223448, 134.14761515782575, 89.38194990142254, 93.27327793031081, 116.31381151965562, 70.60712085579243, 79.06657522366064, 104.4161904960624, 84.61737237410438, 50.30716801579497, 83.80436209703842, 21.73461474629285, 136.54199843741677, 103.37812892757732, 69.76806802574608, 80.96262709517839, 106.82353812626896, 77.90886876739985, 63.2833899000299, 23.000610230465107, 125.34867470974328, 132.89715256572228, 75.4423451697508, 31.072462302661148, 94.81761532002551, 89.08987992695438, 0.1442134444711613, 34.38715950954248, 27.45872498643481], [38.407093939735205, 82.4768519955422, 0.0, 65.46926026400695, 2.845651033554491, 27.5079242285671, 25.074715991166116, 47.131599819424785, 50.718468138361615, 44.01207678221974, 44.02753659077494, 46.66257567900081, 34.15822837742557, 28.50256588069288, 56.175418684792575, 43.016050973690525, 70.86737521490426, 26.251887213573642, 74.66640577060144, 23.512790027371285, 14.88705767613556, 49.40870574033235, 27.39154411097897, 14.33498467822064, 57.83662840600625, 61.60841511156302, 81.7288322628272, 43.75731527121607, 75.6918830112335, 40.517624428303584, 27.795935719841438, 50.5846498679932, 49.592142280156374, 25.978339501796686, 61.10681736611753, 59.16698409090443, 60.46154575029023, 51.20724684516321, 72.14106213641142, 38.30036139376122, 17.571103525671525, 29.328788772210107, 62.059693823603, 46.59399581623093, 56.12528624376065, 16.353965509311333, 53.8774913966448, 15.193951412487587, 84.89094127142512, 82.57334674823419, 50.28943157036467, 58.89030454635339], [90.80678378612795, 17.41010550060286, 65.46926026400695, 0.0, 62.805708027043714, 62.662397000920016, 42.141172243176584, 29.83318602758738, 28.334451304476012, 91.27279577302824, 40.362510705021535, 18.881131246883495, 65.965086478689, 79.2219290951486, 33.28546813430481, 65.72489629225954, 45.897494855986174, 89.4622028403944, 56.721695730667584, 72.13458948664703, 55.02563984716352, 32.436923344688545, 65.23193744559066, 71.85487287695196, 116.76896594889018, 74.95851584134238, 81.65814382613182, 98.99146708613007, 60.27569946247565, 62.73684299101479, 88.45179641399913, 69.11242098134971, 34.96570781900714, 69.08215778418436, 4.3747771069385415, 119.14439090406016, 87.8783752690175, 54.86217540608966, 68.87201801690657, 89.57486236686329, 62.27446802131316, 46.03606197759266, 13.104074557018574, 107.93999252709098, 115.50683936219778, 59.616935841237186, 18.03438177061176, 77.49629958670305, 78.56140906001954, 17.525401087574622, 17.105493010921972, 16.977470120103103], [38.975107307645835, 79.86652135203343, 2.845651033554491, 62.805708027043714, 0.0, 27.75875655255671, 22.233834630245955, 45.15048399523575, 47.880416028350716, 44.16759263098902, 42.55789956887076, 43.97206552684736, 32.63406067930335, 28.55646415306728, 53.37891443095173, 41.285151840895786, 68.1818416252344, 28.22116545485407, 72.14305248450206, 23.021864012708352, 13.72383651271676, 47.58462406532003, 27.909981475148772, 14.653309189256516, 59.405094808087654, 59.90072762187414, 79.78405219449215, 44.752772400245526, 73.23481333899183, 38.66292398929112, 30.479275432717266, 48.869469292299925, 46.80772944423053, 26.94737595056046, 58.43855095231724, 60.86928290645625, 59.46572944389098, 48.882260824008824, 69.9740864259354, 38.73825936471798, 17.898350844974054, 26.633778074048447, 59.65346473356754, 48.40504971441276, 57.73697924142109, 16.221774924371218, 51.52917093156245, 16.730602293396206, 82.77223237851088, 79.96450427136602, 47.51281167674935, 56.57237633519422], [65.58955705446606, 77.04634053257267, 27.5079242285671, 62.662397000920016, 27.75875655255671, 0.0, 36.89203215273837, 35.012336227184456, 60.244519883731094, 71.49028779052654, 26.574578689455223, 47.0398884121256, 59.259412537731365, 56.01024925582743, 67.68606289842293, 67.08375462796343, 84.72604718833408, 49.90001860773236, 91.2782791983628, 50.77614737383115, 16.697802661836928, 34.90253499443927, 2.6235842399039577, 41.83080607881393, 82.02151371607003, 85.44115233392107, 103.88304905897562, 70.1504144787055, 93.18703033399711, 64.05655658445127, 30.72242160004213, 74.56343571905693, 62.13737291141477, 7.087354240293355, 58.86750786341977, 82.64990237646519, 86.8623793955736, 71.06599032193587, 92.76390936327543, 65.61677165065873, 9.93689348965952, 46.54764819591062, 54.12545261647678, 69.8765341859532, 80.14406699429996, 11.724178598196634, 45.98409385114028, 41.3358529628821, 105.68280513578311, 77.1016095385291, 52.8859576962841, 49.82228764985352], [50.22821122119661, 59.523658798355136, 25.074715991166116, 42.141172243176584, 22.233834630245955, 36.89203215273837, 0.0, 32.861005977835696, 26.031128038852383, 52.30169948887392, 35.70787548654367, 23.431389834383307, 30.092743905924227, 38.40323667514193, 32.330737751361255, 34.862719634941556, 48.548499444762776, 47.37249538593242, 54.45974636108441, 31.174690991745514, 21.231882088802582, 36.61098601868434, 38.54659774386959, 29.7211837807214, 75.1941507591896, 51.577024289788476, 68.07732312108804, 57.97122255480783, 56.3011402828695, 31.44941275689116, 51.76359303607678, 41.51910027988843, 26.122346992310675, 40.19594190860712, 37.79211511757741, 77.37890831835182, 57.58300015560575, 34.799946831939145, 56.374532124199916, 49.246088487933726, 30.337628352019056, 10.73331918658104, 41.75308266206451, 65.89649507082623, 73.82651375520325, 27.253640704479764, 34.65653484764251, 35.447820583647434, 69.2199892871357, 59.63456362708476, 25.84486911702587, 39.74020429194533], [81.41139842952555, 42.343630172322214, 47.131599819424785, 29.83318602758738, 45.15048399523575, 35.012336227184456, 32.861005977835696, 0.0, 40.470281865169326, 84.48742717173145, 10.531382391283165, 21.25840206742487, 62.91481073221562, 69.72042366049584, 48.38326966755176, 66.8595226734358, 65.33113177314796, 73.3466458295815, 74.70164754827988, 62.64304279346287, 33.09144896634595, 4.2288940927099725, 37.63465297038003, 58.21754901229335, 104.29047114886525, 81.80748245408127, 94.89820481705475, 88.44784606575168, 77.64153889950315, 63.42913209064912, 64.03453622701505, 72.80162569569106, 45.599801713537936, 41.95588129210046, 26.918497898874076, 105.92040284628212, 89.9556229796013, 62.567719096694134, 82.15149362298578, 80.67801121852904, 37.533588662653585, 42.452653890852474, 19.346401787490603, 93.5412696226326, 102.689122622745, 35.628881840819325, 11.853079327064924, 61.81523379546801, 94.0736163575837, 42.38799413311072, 27.296957305526256, 14.90681474894658], [66.42460510961487, 43.92678692780866, 50.718468138361615, 28.334451304476012, 47.880416028350716, 60.244519883731094, 26.031128038852383, 40.470281865169326, 0.0, 65.51755424761525, 48.695537555455154, 19.40859844442308, 39.78073189616495, 55.59148143128909, 8.027573571570487, 37.99948522625331, 25.42352440258832, 69.88099265156417, 34.25340524655563, 49.09635354787949, 46.388115627296926, 44.63225705363718, 62.32046205185539, 51.91119919620692, 93.22418271443162, 46.747312174463914, 55.6728051887515, 74.90825298759366, 37.17362492179428, 35.259790872836454, 77.78668754711804, 40.854361427939494, 6.651800453302179, 64.76029988834804, 25.318892300197895, 95.99901144855671, 59.637410754695026, 26.567978099694056, 42.735328960515815, 64.97153969610595, 55.40664314031321, 23.295797899760444, 36.15081174361375, 85.99138894003946, 92.21351434613764, 52.306387804431665, 33.83402218359484, 58.60958366819878, 54.00706546742605, 44.06525059034714, 14.373713883112503, 37.140074020054584], [8.10040674275883, 108.31964201610161, 44.01207678221974, 91.27279577302824, 44.16759263098902, 71.49028779052654, 52.30169948887392, 84.48742717173145, 65.51755424761525, 0.0, 84.7531256504418, 74.16185969316807, 25.736932169927307, 15.624321295864316, 65.6509495231531, 29.971410724903375, 71.19393737042063, 29.39346481290954, 68.24815946496543, 22.080452267652387, 57.587013162845395, 87.84485075858849, 71.20151674019291, 29.67787281692842, 30.299478489476968, 39.13804708190109, 59.507222090921616, 13.320640840500264, 67.01539824989781, 31.49323860286754, 59.252522412609665, 32.67117371695916, 60.14538304450907, 69.16208903902621, 87.24738806842406, 33.74158626938051, 26.36292259122508, 45.87404597215642, 56.55721375629544, 6.926389232935991, 61.56240682162371, 45.418222947979444, 93.54711176825761, 28.782587849897915, 29.975608234720134, 60.29229472900391, 86.87373887449246, 31.243004793801006, 65.91882526651996, 108.44893177229915, 74.19422947905306, 91.90747948869084], [80.75128876239205, 52.31548486807878, 44.02753659077494, 40.362510705021535, 42.55789956887076, 26.574578689455223, 35.70787548654367, 10.531382391283165, 48.695537555455154, 84.7531256504418, 0.0, 30.28348193197079, 65.38155236699052, 69.42625740974, 56.71843774093302, 70.56596854596839, 73.99803124472528, 70.08132298482211, 82.8493416418369, 62.67270188453747, 29.18144420068146, 8.729528725946162, 29.13009772919119, 56.70577180213663, 101.86351256656775, 86.79093487150553, 101.456503611839, 87.13487276787895, 85.58610733290145, 67.14735093940816, 56.85268530008734, 77.09211792384863, 53.13795227326321, 33.661369418965016, 37.41771958651823, 103.16102170314849, 93.21878605425637, 68.45172870569981, 88.95930225629095, 80.23794006630905, 31.228204251654056, 46.20994683032077, 29.45777757816045, 90.51742363256838, 100.15140077184375, 30.018698143732678, 22.35803670885725, 59.18786270356378, 101.2675511717511, 52.349826076058626, 36.56943024478897, 24.924024885599557], [72.99376531631813, 36.16457795358362, 46.66257567900081, 18.881131246883495, 43.97206552684736, 47.0398884121256, 23.431389834383307, 21.25840206742487, 19.40859844442308, 74.16185969316807, 30.28348193197079, 0.0, 49.65635699900744, 61.254939611194715, 27.201095668568758, 51.16923228599642, 44.07414760053108, 70.63060491214108, 53.51945665665588, 54.071903972808656, 37.040887575829686, 25.348405121223077, 49.46387360135415, 53.135210256498006, 98.48800693784922, 63.65834752244561, 74.72310695464286, 80.98975190550007, 56.533573413449986, 47.89317724781615, 70.50436090951239, 55.916710943080865, 25.06714847391462, 52.83134796375192, 14.506370522463973, 100.74500039587855, 74.20180763343762, 43.63926791431421, 61.83352983667268, 71.86990429002397, 44.97395721186994, 28.809775215646365, 19.709060880615603, 89.32753110207246, 97.1605544035789, 42.11525135054503, 15.018118886324999, 58.65357068425805, 73.36542566094066, 36.27179564427145, 6.332780179941841, 19.18828782886594], [27.389612610019046, 82.82343506759022, 34.15822837742557, 65.965086478689, 32.63406067930335, 59.259412537731365, 30.092743905924227, 62.91481073221562, 39.78073189616495, 25.736932169927307, 65.38155236699052, 49.65635699900744, 0.0, 18.430427352425415, 40.21822008278661, 9.368074781399937, 48.00644588677993, 37.715939560992396, 47.55244848442803, 14.851512930609262, 42.891615700929975, 66.70209956472948, 59.889609110020565, 23.920915330950624, 54.3068985640841, 27.594359763372644, 48.35547913236619, 35.907146718040174, 47.34605760940975, 8.125074711100625, 59.089208249474616, 16.673058284283464, 34.48990355406735, 59.45440408324198, 62.061508634611975, 57.35568574213079, 28.150970956320396, 23.010408116024063, 40.39187366739798, 25.77469903115178, 49.88895930093657, 21.04734090491749, 69.32636528209673, 48.85299998666236, 53.515828242243145, 47.57552508103153, 63.338198468020046, 30.35637028323829, 52.48350098165331, 82.95500796219457, 49.00131439015269, 68.19391728692852], [11.828435191191403, 96.55162779225921, 28.50256588069288, 79.2219290951486, 28.55646415306728, 56.01024925582743, 38.40323667514193, 69.72042366049584, 55.59148143128909, 15.624321295864316, 69.42625740974, 61.254939611194715, 18.430427352425415, 0.0, 57.38636213945006, 26.642537701523516, 66.38135112251156, 20.336957010222438, 65.85614419014544, 7.228554179412732, 41.9688476233457, 72.91231525022228, 55.82233542026403, 14.196508609898427, 37.76087856948208, 42.10505028454609, 63.51004071313302, 19.77102720723413, 65.4663898999596, 26.387669915930314, 46.72273584300086, 32.49439612530812, 51.181965672045116, 54.00270199436283, 75.0220101954288, 40.42789059047456, 35.05398394096854, 41.43001690900136, 57.40240152398877, 10.960842138417403, 46.073576422806376, 33.34822529489704, 80.1315375738498, 30.783422739532508, 36.664521572527086, 44.71580509038835, 73.01591640647071, 17.132152504202182, 68.6874029819075, 96.67385973009782, 62.16453051439972, 78.11872178129595], [67.52173590470532, 47.196113660608226, 56.175418684792575, 33.28546813430481, 53.37891443095173, 67.68606289842293, 32.330737751361255, 48.38326966755176, 8.027573571570487, 65.6509495231531, 56.71843774093302, 27.201095668568758, 40.21822008278661, 57.38636213945006, 0.0, 36.57747833723745, 17.436854172554895, 73.29804285520586, 26.3229931151974, 51.420941890053506, 53.264740897672056, 52.52028236788999, 69.68284862069453, 55.61135283230297, 94.46230459220033, 42.194573979915475, 48.8308175240995, 76.05366015152073, 29.35094980495652, 34.358393067695516, 83.6879912896268, 37.96383816858312, 6.671199107427269, 71.92130250811857, 30.980000432950238, 97.42879828710045, 56.54277784651129, 22.751092082588126, 35.91543614473531, 65.95135241408255, 62.35740268780394, 27.35574541887179, 42.678251177077705, 88.13583173759503, 93.60092779290738, 59.25165474101331, 41.20685025207258, 62.53516760037977, 46.6200020321581, 47.33924808150264, 21.71347571599236, 44.14024780040179], [33.65701017079242, 81.89636505955065, 43.016050973690525, 65.72489629225954, 41.285151840895786, 67.08375462796343, 34.862719634941556, 66.8595226734358, 37.99948522625331, 29.971410724903375, 70.56596854596839, 51.16923228599642, 9.368074781399937, 26.642537701523516, 36.57747833723745, 0.0, 41.3173529142532, 46.57925163896485, 39.455380267044184, 24.066023948005466, 50.47051822096722, 70.85406511244302, 67.91246267633757, 33.287536434934644, 59.97619453004496, 18.61584883070653, 39.03797838691097, 41.89074291967906, 38.87531618965797, 3.4347483482267065, 68.41750586458068, 7.585433670669456, 31.86462735231657, 67.80483466620933, 62.15174724972919, 63.26033613266917, 23.19088515394048, 15.926401646506818, 31.139547921013087, 31.899044690815803, 58.02447960145843, 24.480873448356473, 70.79340278247757, 55.95930141031051, 59.428837051756354, 55.53186550850591, 65.66683894949679, 39.69720204637409, 43.12389929555433, 82.03376354158016, 49.35157894406625, 70.25121274230585], [74.83386257800717, 56.00708934125257, 70.86737521490426, 45.897494855986174, 68.1818416252344, 84.72604718833408, 48.548499444762776, 65.33113177314796, 25.42352440258832, 71.19393737042063, 73.99803124472528, 44.07414760053108, 48.00644588677993, 66.38135112251156, 17.436854172554895, 41.3173529142532, 0.0, 84.52769484285722, 10.951081719141254, 61.598707327831896, 69.75894732206166, 69.39322865678407, 86.63391208848319, 67.78866808657293, 101.29323787208999, 38.79670354125145, 37.43722501086713, 83.16611268684169, 14.627179019280382, 40.423066419636, 98.65672984684059, 39.348378959344345, 22.596634304504757, 88.63826425939678, 44.78868951585304, 104.5715930123241, 55.604785955167, 25.40857967050142, 25.769158282920046, 73.1053827830396, 78.87295088668104, 41.548065730400694, 57.244138674702164, 96.80758303763476, 100.7372494206678, 75.77999015261571, 57.194098362487644, 74.85124265243692, 33.122746174260485, 56.14920161537163, 38.14796319146575, 59.447549266512496], [21.375927133328037, 106.79516223813235, 26.251887213573642, 89.4622028403944, 28.22116545485407, 49.90001860773236, 47.37249538593242, 73.3466458295815, 69.88099265156417, 29.39346481290954, 70.08132298482211, 70.63060491214108, 37.715939560992396, 20.336957010222438, 73.29804285520586, 46.57925163896485, 84.52769484285722, 0.0, 85.1474610104997, 23.09116253930354, 40.91832504944546, 75.6600780513129, 48.782180974475224, 18.02421479541888, 32.21169792980372, 62.426795581333536, 83.82800231591052, 22.061661178316275, 85.05314233537591, 45.84100920795131, 30.56548082036439, 52.76953228139721, 66.7190549842986, 45.55437581485188, 85.09767156625223, 33.1678288430005, 54.04145396100794, 60.44238120399921, 77.59311913179752, 22.483789998217297, 40.81645150833821, 46.58521984774672, 87.51567340623745, 20.447686558156693, 30.38324056794789, 40.85389482578584, 79.53472169499986, 11.988709433849852, 89.01237470809302, 106.90237873176999, 73.15002069308584, 84.61911720952769], [72.92159517107528, 66.90181478387277, 74.66640577060144, 56.721695730667584, 72.14305248450206, 91.2782791983628, 54.45974636108441, 74.70164754827988, 34.25340524655563, 68.24815946496543, 82.8493416418369, 53.51945665665588, 47.55244848442803, 65.85614419014544, 26.3229931151974, 39.455380267044184, 10.951081719141254, 85.1474610104997, 0.0, 62.06855313842241, 75.57109782821367, 78.84297272671293, 92.99764655502082, 69.52987151390069, 98.54553074089851, 32.16640104152574, 26.906291100577786, 80.92144701814648, 3.715297508900036, 39.48235165558766, 102.32697149311312, 35.584023878334655, 29.944974023813526, 94.57937414835222, 55.43660982805868, 101.98155554475001, 49.39240354649516, 24.73068830347092, 16.355075149659523, 71.13713021709817, 84.60116813812056, 45.95636631434715, 67.79022159523844, 95.35908515435808, 98.19655135311925, 81.5619852176394, 67.2450175511634, 76.52017630449731, 22.191288115629575, 67.04345867886647, 47.890902745977975, 69.7845731313684], [19.055096636677906, 89.49119038825044, 23.512790027371285, 72.13458948664703, 23.021864012708352, 50.77614737383115, 31.174690991745514, 62.64304279346287, 49.09635354787949, 22.080452267652387, 62.67270188453747, 54.071903972808656, 14.851512930609262, 7.228554179412732, 51.420941890053506, 24.066023948005466, 61.598707327831896, 23.09116253930354, 62.06855313842241, 0.0, 35.91335423538428, 65.90014710526516, 50.839828961427116, 10.233419114060975, 44.683904684198524, 41.396681831269206, 62.61033424204232, 26.918536221123308, 62.042828170083595, 22.926802270908695, 45.29912560317316, 30.913599740480663, 45.04554154230721, 49.46656489375527, 67.91264918315136, 47.209527204627705, 37.35755808973419, 37.35396810293139, 55.19607077238171, 18.128091019514464, 40.886467346573156, 26.43743195659512, 72.9053771118597, 36.900024635019975, 43.49799258898622, 39.2191712897796, 65.7920802558747, 15.803430001763797, 67.12014681728287, 89.61213266665374, 55.11043724334626, 70.89306418015117], [52.6565449247395, 71.28125491780553, 14.88705767613556, 55.02563984716352, 13.72383651271676, 16.697802661836928, 21.231882088802582, 33.09144896634595, 46.388115627296926, 57.587013162845395, 29.18144420068146, 37.040887575829686, 42.891615700929975, 41.9688476233457, 53.264740897672056, 50.47051822096722, 69.75894732206166, 40.91832504944546, 75.57109782821367, 35.91335423538428, 0.0, 34.97742410400869, 17.861230726187777, 28.32697271004096, 72.70695928792846, 68.76573418687754, 87.23251526449579, 58.45830142628159, 77.27251209772922, 47.40287345639761, 33.48655642974244, 57.91746359008266, 47.25270891590234, 19.008373537015473, 50.797867546006586, 73.97960938632215, 70.78457587946015, 54.57087625263811, 76.25513367610144, 52.366524541026955, 9.115141121399608, 30.14761566613887, 49.60043820402126, 61.34336863522114, 70.98259274158546, 6.022344915665878, 41.2090697858453, 30.07995001349492, 89.18324773287316, 71.36329374352393, 41.92976347770232, 45.993009406936046], [84.52963947039555, 43.64736915648544, 49.40870574033235, 32.436923344688545, 47.58462406532003, 34.90253499443927, 36.61098601868434, 4.2288940927099725, 44.63225705363718, 87.84485075858849, 8.729528725946162, 25.348405121223077, 66.70209956472948, 72.91231525022228, 52.52028236788999, 70.85406511244302, 69.39322865678407, 75.6600780513129, 78.84297272671293, 65.90014710526516, 34.97742410400869, 0.0, 37.49751575048462, 61.04292362923708, 106.92650997142918, 85.96049453115337, 99.12709058263694, 91.39749262793556, 81.80584150323678, 67.42082388597422, 64.70560033254631, 76.87789164588926, 49.813532397277974, 41.96035630837546, 29.887349243965957, 108.4516705349418, 93.9082714955226, 66.77394948384216, 86.37928813159284, 83.8529555520853, 38.51404678695045, 46.40580847630909, 20.913849858763253, 95.97078655703706, 105.28831235860665, 36.889858456516464, 14.471430878012704, 64.30992532091217, 98.28947173265352, 43.67871127438587, 31.289736366364785, 16.368521462386127], [65.0942365645812, 79.66436333933525, 27.39154411097897, 65.23193744559066, 27.909981475148772, 2.6235842399039577, 38.54659774386959, 37.63465297038003, 62.32046205185539, 71.20151674019291, 29.13009772919119, 49.46387360135415, 59.889609110020565, 55.82233542026403, 69.68284862069453, 67.91246267633757, 86.63391208848319, 48.782180974475224, 92.99764655502082, 50.839828961427116, 17.861230726187777, 37.49751575048462, 0.0, 41.62601371020253, 80.7924856981597, 86.36058357172887, 105.07203294832902, 69.38000221557964, 94.83708021761045, 64.94834883237324, 28.433154773903073, 75.43162654204627, 64.03732248618276, 4.5948607505007075, 61.417046274356146, 81.31886956250403, 87.27770956932329, 72.42029507202345, 94.10986726937168, 65.19259273639075, 10.049348466098419, 47.95354516027011, 56.74736177825891, 68.56919845214684, 78.8965085426397, 12.383120452044995, 48.599817048809264, 40.69136771711477, 107.03697798996731, 79.71991862314842, 55.25801437199796, 52.44578405468494], [24.330736911967858, 89.24390403223448, 14.33498467822064, 71.85487287695196, 14.653309189256516, 41.83080607881393, 29.7211837807214, 58.21754901229335, 51.91119919620692, 29.67787281692842, 56.70577180213663, 53.135210256498006, 23.920915330950624, 14.196508609898427, 55.61135283230297, 33.287536434934644, 67.78866808657293, 18.02421479541888, 69.52987151390069, 10.233419114060975, 28.32697271004096, 61.04292362923708, 41.62601371020253, 0.0, 46.2226328500748, 51.218331588159565, 72.23424216345234, 30.44198531684997, 69.88734111840128, 31.587557838483313, 35.291637118037414, 40.493688212175435, 48.9813759965252, 39.86975046320607, 67.51077045612254, 48.10585873172635, 47.540934221778116, 44.91773734203857, 64.12350770564765, 24.0889271823949, 31.89662978765683, 28.62801577394755, 70.77417916460445, 36.26586701524554, 44.70637502524563, 30.634135398212, 63.08030300021933, 7.0627412912780585, 76.37549372593998, 89.35508318008637, 55.32452843119237, 68.20964808664442], [26.940630631172446, 134.14761515782575, 57.83662840600625, 116.76896594889018, 59.405094808087654, 82.02151371607003, 75.1941507591896, 104.29047114886525, 93.22418271443162, 30.299478489476968, 101.86351256656775, 98.48800693784922, 54.3068985640841, 37.76087856948208, 94.46230459220033, 59.97619453004496, 101.29323787208999, 32.21169792980372, 98.54553074089851, 44.683904684198524, 72.70695928792846, 106.92650997142918, 80.7924856981597, 46.2226328500748, 0.0, 68.77044689397749, 88.07627977120475, 18.40900237572827, 97.2694346781901, 61.10772252865383, 58.78558457430183, 62.96396907073838, 88.507837166868, 77.33643988504848, 112.51812083207815, 3.68448296972098, 53.78652201411244, 75.89620874753018, 86.4683105285223, 28.532223400356013, 73.02774392663635, 71.08311168321686, 116.78887293240872, 12.451462649729086, 1.9939646895861314, 73.0222732153395, 109.23608493905567, 42.69303331462834, 94.989417967719, 134.26741056049585, 99.78050174015652, 114.36866727566957], [45.45901878331603, 89.38194990142254, 61.60841511156302, 74.95851584134238, 59.90072762187414, 85.44115233392107, 51.577024289788476, 81.80748245408127, 46.747312174463914, 39.13804708190109, 86.79093487150553, 63.65834752244561, 27.594359763372644, 42.10505028454609, 42.194573979915475, 18.61584883070653, 38.79670354125145, 62.426795581333536, 32.16640104152574, 41.396681831269206, 68.76573418687754, 85.96049453115337, 86.36058357172887, 51.218331588159565, 68.77044689397749, 0.0, 21.405400093692503, 52.42980492259683, 29.941838761701533, 21.417646067525144, 86.50724064120807, 11.031358639088994, 40.09920825850695, 86.36930539000302, 72.06620422491322, 72.36432563745038, 17.227862224145184, 20.232497010590002, 17.83312105932715, 43.68002555268782, 76.53373721212705, 40.8465507601218, 82.44089963381325, 67.75379844996526, 68.72374621893415, 73.97894187647505, 78.65638209901681, 57.19635210192085, 26.983183843305923, 89.52530304971181, 60.34576741254357, 82.74228390702174], [66.34444189513596, 93.27327793031081, 81.7288322628272, 81.65814382613182, 79.78405219449215, 103.88304905897562, 68.07732312108804, 94.89820481705475, 55.6728051887515, 59.507222090921616, 101.456503611839, 74.72310695464286, 48.35547913236619, 63.51004071313302, 48.8308175240995, 39.03797838691097, 37.43722501086713, 83.82800231591052, 26.906291100577786, 62.61033424204232, 87.23251526449579, 99.12709058263694, 105.07203294832902, 72.23424216345234, 88.07627977120475, 21.405400093692503, 0.0, 72.80815026500167, 23.246638259873993, 41.24352044320289, 107.44423258138747, 31.74526366519885, 49.65690435837412, 105.55908622419815, 79.71715353248094, 91.73969841137632, 34.320324135342545, 33.32632287457404, 12.942682085292212, 64.59628112480335, 95.54238621655455, 57.62361695871065, 91.50029435958254, 88.28952361395226, 88.25988198872314, 92.79575110649785, 89.46877179578719, 78.40788853412505, 7.819385994012363, 93.41642689444026, 70.04622784017334, 92.78427879507502], [8.53204407105278, 116.31381151965562, 43.75731527121607, 98.99146708613007, 44.752772400245526, 70.1504144787055, 57.97122255480783, 88.44784606575168, 74.90825298759366, 13.320640840500264, 87.13487276787895, 80.98975190550007, 35.907146718040174, 19.77102720723413, 76.05366015152073, 41.89074291967906, 83.16611268684169, 22.061661178316275, 80.92144701814648, 26.918536221123308, 58.45830142628159, 91.39749262793556, 69.38000221557964, 30.44198531684997, 18.40900237572827, 52.42980492259683, 72.80815026500167, 0.0, 79.87074455231048, 42.83804374638776, 52.51401860299919, 45.48815720937514, 70.1160533894226, 66.59774494702516, 94.7930007967167, 21.475847182897542, 39.32358592671361, 57.75897101929553, 69.74434035669248, 10.141653158965536, 60.50963530261197, 53.07022155670283, 99.72305995946257, 15.515228097791748, 17.632133268569675, 59.88888876893501, 92.44652402143745, 28.88294037225769, 79.23875981244655, 116.43646323085532, 81.92788462954813, 97.56824841840515], [72.01897391081945, 70.60712085579243, 75.6918830112335, 60.27569946247565, 73.23481333899183, 93.18703033399711, 56.3011402828695, 77.64153889950315, 37.17362492179428, 67.01539824989781, 85.58610733290145, 56.533573413449986, 47.34605760940975, 65.4663898999596, 29.35094980495652, 38.87531618965797, 14.627179019280382, 85.05314233537591, 3.715297508900036, 62.042828170083595, 77.27251209772922, 81.80584150323678, 94.83708021761045, 69.88734111840128, 97.2694346781901, 29.941838761701533, 23.246638259873993, 79.87074455231048, 0.0, 39.22477645559581, 103.21751195668949, 34.38745935425598, 32.49705900779523, 96.2688967841451, 58.903345559416316, 100.75003023606493, 47.13668385009807, 24.97560863789714, 13.260453356885293, 70.22428684611616, 86.24395944302196, 47.386683886848914, 71.20115320401506, 94.5298458577946, 96.99100132511707, 83.23254125249639, 70.45236591638437, 76.81762976687871, 18.496113980545392, 70.74887062468967, 51.02549517189243, 73.10389023817554], [34.44029699905958, 79.06657522366064, 40.517624428303584, 62.73684299101479, 38.66292398929112, 64.05655658445127, 31.44941275689116, 63.42913209064912, 35.259790872836454, 31.49323860286754, 67.14735093940816, 47.89317724781615, 8.125074711100625, 26.387669915930314, 34.358393067695516, 3.4347483482267065, 40.423066419636, 45.84100920795131, 39.48235165558766, 22.926802270908695, 47.40287345639761, 67.42082388597422, 64.94834883237324, 31.587557838483313, 61.10772252865383, 21.417646067525144, 41.24352044320289, 42.83804374638776, 39.22477645559581, 0.0, 66.44076084023159, 10.517725300118014, 29.305750976696014, 64.96784227680607, 59.09880483774561, 64.29978376791834, 26.590197765696384, 15.12926501671772, 32.536055918327584, 32.730865147102385, 55.116695232612535, 21.04645615971145, 67.54768132469509, 56.42278963165841, 60.45742684353201, 52.56570286462521, 62.32522950983653, 38.22771346114028, 44.87582261205577, 79.20287518208346, 46.23017371625417, 66.938910076057], [51.5127805846272, 104.4161904960624, 27.795935719841438, 88.45179641399913, 30.479275432717266, 30.72242160004213, 51.76359303607678, 64.03453622701505, 77.78668754711804, 59.252522412609665, 56.85268530008734, 70.50436090951239, 59.089208249474616, 46.72273584300086, 83.6879912896268, 68.41750586458068, 98.65672984684059, 30.56548082036439, 102.32697149311312, 45.29912560317316, 33.48655642974244, 64.70560033254631, 28.433154773903073, 35.291637118037414, 58.78558457430183, 86.50724064120807, 107.44423258138747, 52.51401860299919, 103.21751195668949, 66.44076084023159, 0.0, 75.73523895938364, 77.17644338997317, 23.888426735277505, 84.25399986200674, 58.381245956430675, 81.75485442011376, 78.47505957075278, 98.80690305032692, 52.36220083280068, 26.62640327308549, 57.11018390750296, 82.15916525393138, 46.391850812493786, 56.79409363724414, 28.97529744967074, 73.75071033268623, 29.795381816167176, 111.30903376519876, 104.49141908971566, 75.19731983505632, 78.20724401985571], [37.73721779156556, 84.61737237410438, 50.5846498679932, 69.11242098134971, 48.869469292299925, 74.56343571905693, 41.51910027988843, 72.80162569569106, 40.854361427939494, 32.67117371695916, 77.09211792384863, 55.916710943080865, 16.673058284283464, 32.49439612530812, 37.96383816858312, 7.585433670669456, 39.348378959344345, 52.76953228139721, 35.584023878334655, 30.913599740480663, 57.91746359008266, 76.87789164588926, 75.43162654204627, 40.493688212175435, 62.96396907073838, 11.031358639088994, 31.74526366519885, 45.48815720937514, 34.38745935425598, 10.517725300118014, 75.73523895938364, 0.0, 34.33485947013126, 75.3727143354989, 65.81582033360114, 66.4115752896683, 18.783674210667254, 15.369050452878993, 24.968354314445214, 35.93675227637708, 65.56870432799687, 30.887031260858183, 75.27398712764926, 60.27919301240881, 62.636575139084016, 63.04864155209635, 70.72300226412906, 46.69111614309584, 36.30509032886043, 84.75799415632396, 53.39794718517604, 75.10382729301615], [61.59053499152749, 50.30716801579497, 49.592142280156374, 34.96570781900714, 46.80772944423053, 62.13737291141477, 26.122346992310675, 45.599801713537936, 6.651800453302179, 60.14538304450907, 53.13795227326321, 25.06714847391462, 34.48990355406735, 51.181965672045116, 6.671199107427269, 31.86462735231657, 22.596634304504757, 66.7190549842986, 29.944974023813526, 45.04554154230721, 47.25270891590234, 49.813532397277974, 64.03732248618276, 48.9813759965252, 88.507837166868, 40.09920825850695, 49.65690435837412, 70.1160533894226, 32.49705900779523, 29.305750976696014, 77.17644338997317, 34.33485947013126, 0.0, 66.07297900328604, 31.968153209729874, 91.4037776363604, 53.114619575592265, 19.916687194841565, 36.76855262739259, 60.06491388216598, 56.36656052856857, 20.685376251815963, 42.637540797889926, 81.862538373744, 87.58862362372486, 53.26642518688076, 39.866331383335, 55.88827807917852, 48.476829165232935, 50.44712954980774, 20.649868723382067, 43.42082674751751], [62.745320017194125, 83.80436209703842, 25.978339501796686, 69.08215778418436, 26.94737595056046, 7.087354240293355, 40.19594190860712, 41.95588129210046, 64.76029988834804, 69.16208903902621, 33.661369418965016, 52.83134796375192, 59.45440408324198, 54.00270199436283, 71.92130250811857, 67.80483466620933, 88.63826425939678, 45.55437581485188, 94.57937414835222, 49.46656489375527, 19.008373537015473, 41.96035630837546, 4.5948607505007075, 39.86975046320607, 77.33643988504848, 86.36930539000302, 105.55908622419815, 66.59774494702516, 96.2688967841451, 64.96784227680607, 23.888426735277505, 75.3727143354989, 66.07297900328604, 0.0, 65.18585773792927, 77.7268968061011, 86.37698860376918, 73.29723407277517, 94.92193554069192, 62.95537288273066, 10.08362186848237, 49.03726868480891, 60.950601200525185, 65.02620184347803, 75.41804177436124, 13.039027292514657, 52.73302998245475, 38.228677382500884, 107.84581646966635, 83.8631406575474, 58.4630639042247, 56.69784881434986], [86.64251372053342, 21.73461474629285, 61.10681736611753, 4.3747771069385415, 58.43855095231724, 58.86750786341977, 37.79211511757741, 26.918497898874076, 25.318892300197895, 87.24738806842406, 37.41771958651823, 14.506370522463973, 62.061508634611975, 75.0220101954288, 30.980000432950238, 62.15174724972919, 44.78868951585304, 85.09767156625223, 55.43660982805868, 67.91264918315136, 50.797867546006586, 29.887349243965957, 61.417046274356146, 67.51077045612254, 112.51812083207815, 72.06620422491322, 79.71715353248094, 94.7930007967167, 58.903345559416316, 59.09880483774561, 84.25399986200674, 65.81582033360114, 31.968153209729874, 65.18585773792927, 0.0, 114.86957695082643, 84.53816535638819, 51.8755620552519, 66.84306419889623, 85.43121660204945, 58.17469219199207, 41.921753479205584, 12.578060027656022, 103.62049827967886, 111.2424303061995, 55.47778567375752, 15.440099968746962, 73.12928714852953, 76.98732144557923, 21.846862716476394, 13.067243519487038, 15.587719439487204], [29.967749597167458, 136.54199843741677, 59.16698409090443, 119.14439090406016, 60.86928290645625, 82.64990237646519, 77.37890831835182, 105.92040284628212, 95.99901144855671, 33.74158626938051, 103.16102170314849, 100.74500039587855, 57.35568574213079, 40.42789059047456, 97.42879828710045, 63.26033613266917, 104.5715930123241, 33.1678288430005, 101.98155554475001, 47.209527204627705, 73.97960938632215, 108.4516705349418, 81.31886956250403, 48.10585873172635, 3.68448296972098, 72.36432563745038, 91.73969841137632, 21.475847182897542, 100.75003023606493, 64.29978376791834, 58.381245956430675, 66.4115752896683, 91.4037776363604, 77.7268968061011, 114.86957695082643, 0.0, 57.45761444125117, 79.16461218585323, 90.03711744752518, 31.614865830735138, 73.8619951149744, 73.64620565596948, 118.83702716484238, 12.787216831030019, 3.843743248271852, 74.00740392873395, 111.185981988465, 44.14175486152343, 98.63451836210221, 136.6601072382978, 102.21258638569094, 116.31549809176256], [34.0273782798414, 103.37812892757732, 60.46154575029023, 87.8783752690175, 59.46572944389098, 86.8623793955736, 57.58300015560575, 89.9556229796013, 59.637410754695026, 26.36292259122508, 93.21878605425637, 74.20180763343762, 28.150970956320396, 35.05398394096854, 56.54277784651129, 23.19088515394048, 55.604785955167, 54.04145396100794, 49.39240354649516, 37.35755808973419, 70.78457587946015, 93.9082714955226, 87.27770956932329, 47.540934221778116, 53.78652201411244, 17.227862224145184, 34.320324135342545, 39.32358592671361, 47.13668385009807, 26.590197765696384, 81.75485442011376, 18.783674210667254, 53.114619575592265, 86.37698860376918, 84.53816535638819, 57.45761444125117, 0.0, 33.795801796445055, 34.634877213299475, 32.4441306998118, 77.22836133388071, 47.50600766551075, 93.72839217428132, 54.81306958887737, 54.02594994978274, 75.13825308354694, 88.81173378873923, 52.01984531190576, 41.432818251964164, 103.51905975425241, 72.00332249408089, 93.34185734415067], [49.44514003825728, 69.76806802574608, 51.20724684516321, 54.86217540608966, 48.882260824008824, 71.06599032193587, 34.799946831939145, 62.567719096694134, 26.567978099694056, 45.87404597215642, 68.45172870569981, 43.63926791431421, 23.010408116024063, 41.43001690900136, 22.751092082588126, 15.926401646506818, 25.40857967050142, 60.44238120399921, 24.73068830347092, 37.35396810293139, 54.57087625263811, 66.77394948384216, 72.42029507202345, 44.91773734203857, 75.89620874753018, 20.232497010590002, 33.32632287457404, 57.75897101929553, 24.97560863789714, 15.12926501671772, 78.47505957075278, 15.369050452878993, 19.916687194841565, 73.29723407277517, 51.8755620552519, 79.16461218585323, 33.795801796445055, 0.0, 21.697919789477098, 47.70922961453155, 63.21486095037269, 24.534004446111886, 62.22747815485426, 71.5422352541187, 75.3295366716688, 60.334157875674435, 58.65736697606742, 51.86620809451278, 34.61961307485768, 69.91015165491528, 40.12991379898854, 62.62453692939544], [62.369867063474054, 80.96262709517839, 72.14106213641142, 68.87201801690657, 69.9740864259354, 92.76390936327543, 56.374532124199916, 82.15149362298578, 42.735328960515815, 56.55721375629544, 88.95930225629095, 61.83352983667268, 40.39187366739798, 57.40240152398877, 35.91543614473531, 31.139547921013087, 25.769158282920046, 77.59311