instance_id,num_cities,city_coordinates,distance_matrix,best_route,total_distance
2440,48,"[[26.199616809560933, 20.55857758070192], [16.57173019067558, 62.9748693560592], [7.501633377466876, 19.826077673462393], [25.104456563861778, 97.91937646032402], [33.468838889228266, 46.63563549799318], [66.08735513100108, 50.7874106792913], [72.4991948533833, 78.76902141036943], [12.141134827243405, 56.72060263833218], [42.89597355881606, 65.8846387185793], [97.95516608841093, 10.739335760449231], [23.824109113570767, 36.216237403819726], [44.34004358050881, 9.79635464705433], [93.32902630666464, 59.547118588046324], [55.38639202719089, 43.81514071954232], [66.97118906502638, 27.260694359591653], [49.03385288642475, 81.73334431253997], [93.88036501234615, 14.21937033365589], [22.199169901272597, 65.30394847032716], [51.81060226049993, 7.41877115946783], [43.48680159480891, 52.9999820154501], [84.22213487711116, 54.177933796743304], [20.765404637411923, 86.3492494568494], [13.831016610275027, 20.007770060241448], [63.9673815869181, 3.7241563407914624], [98.64199702782427, 80.80530618240456], [25.288687428262236, 74.33383193597768], [49.241007510994685, 28.203444150703348], [2.0841336748986916, 27.072091168674618], [57.57111918721404, 70.57601337817924], [85.27674200892359, 48.38504281148168], [15.789909792446345, 84.45093340528001], [39.935599952983594, 35.95241020035559], [69.59469276866439, 39.21328724779044], [75.4992436160464, 61.985896599978865], [39.67953565178494, 93.05535197285423], [79.72795780508707, 0.48366872215308554], [36.020553314363866, 86.88837109243785], [62.831990639173426, 33.37078636649028], [73.98026074561805, 48.05181471179678], [45.95558630117428, 29.396745112166876], [96.81928484442733, 22.40865791105121], [54.465890803987094, 66.5712606059439], [37.182559225675185, 80.27524860183786], [88.99401358949312, 61.148947006263924], [76.17122488825176, 97.53200238399012], [20.85834282519038, 84.94818822010713], [69.67562357720387, 56.449805979815906], [24.381192911091855, 0.9185016134976909]]","[[0.0, 43.49526421023734, 18.71232589874839, 77.36855032412782, 27.071286250662077, 50.048117036528524, 74.37813319708202, 38.798620747596495, 48.30341754962059, 72.42428019824615, 15.836835162057662, 21.09266521579605, 77.63030303503403, 37.319372672049674, 41.31875450083793, 65.29743043879098, 67.97697570361464, 44.9238443537077, 28.78501500009534, 36.759916750425425, 67.0587333259455, 66.01471932718367, 12.38085860570143, 41.34974963358943, 94.22084036398023, 53.782969175309745, 24.27652508760764, 24.97963943052189, 59.04163823257159, 65.30251824440589, 64.73480619416932, 20.631221864889746, 47.23484741437961, 64.39468894546883, 73.73934166548801, 57.168918613284674, 67.05290673148254, 38.80829172178428, 55.125928771231465, 21.64281718879958, 70.64389790055101, 54.00138187777573, 60.71824949685439, 74.7710796836528, 91.77183522147598, 64.61076664202582, 56.37679877802127, 19.724077911833465], [43.49526421023734, 0.0, 44.09177791685332, 35.97118285683251, 23.504953636186478, 50.993443325871894, 58.11485647158644, 7.664595713469472, 26.48457186076733, 96.70478069123004, 27.724021786109347, 59.99194658595301, 76.83379453316908, 43.28594662136896, 61.77060587776103, 37.492263103296246, 91.39870733721558, 6.0903766071502865, 65.78949879412937, 28.703997041308362, 68.21996283693844, 23.747600941177755, 43.05442059564214, 75.87486253095793, 83.98483896596505, 14.318218268133181, 47.71093890758777, 38.715629071170845, 41.698048977553974, 70.2370392851696, 21.49029013720666, 35.72231388210681, 58.103763603012844, 58.935811741330305, 37.931597747627016, 88.84739300142948, 30.82389148359267, 54.92188476751448, 59.31641375195744, 44.61951846065533, 89.91822695598468, 38.06443797837684, 26.90928084430633, 72.44529746730373, 68.89336115560428, 22.387536483041323, 53.50327041286125, 62.54582708208119], [18.71232589874839, 44.09177791685332, 0.0, 80.05262456375509, 37.323560291549235, 66.26379807164966, 87.74368133482731, 37.18509037350694, 58.0874372168357, 90.90880297574893, 23.131375880875037, 38.17936367036576, 94.57326508247961, 53.55768158510146, 59.932475161179624, 74.54820534434151, 86.56050165083803, 47.79387316471566, 46.0133239226401, 48.94323508843438, 84.06001052504998, 67.8325881281126, 6.331990542567671, 58.71671475360885, 109.65870779771744, 57.336502915234284, 42.571770249222794, 9.04732085206024, 71.2917202996629, 82.85277311224709, 65.15418255407204, 36.22182751587321, 65.04930375982282, 80.00703300382055, 79.98714902527239, 74.77145661523211, 72.87441247090709, 56.964090164656085, 72.22257353563843, 39.62706361416379, 89.35498074677767, 66.26276181246614, 67.34285132911135, 91.37060557157996, 103.7001616844268, 66.47774792605661, 72.15887008826144, 25.34592595492499], [77.36855032412782, 35.97118285683251, 80.05262456375509, 0.0, 51.96137968507335, 62.45814737365228, 51.11748542398735, 43.19012242264106, 36.643723871409556, 113.61155475858105, 61.71642130762097, 90.19797548380454, 78.27529681072535, 62.00212851587685, 82.13082640845901, 28.889507525248487, 108.33197408207138, 32.744569527823835, 94.3587715996315, 48.535168755562765, 73.54055816649854, 12.356990349472666, 78.72298813071386, 101.897332814529, 75.50272352019157, 23.586264043322352, 73.77590602238072, 74.49344332965472, 42.44695143989232, 77.93814307331701, 16.375583650174082, 63.717091283993476, 73.659935027049, 61.89385702078088, 15.36527463581178, 111.70247996480832, 15.519157441454599, 74.76554895475303, 69.82562530444365, 71.62486033632237, 104.13877861362931, 42.95111393499406, 21.382137680688324, 73.71526286439878, 51.06823754323166, 13.648487324420788, 60.879505621917325, 97.00357122993505], [27.071286250662077, 23.504953636186478, 37.323560291549235, 51.96137968507335, 0.0, 32.881679381850915, 50.55613886445793, 23.591895277347323, 21.433501651962494, 73.80400213055958, 14.198051594860463, 38.40983864915433, 61.23682252726162, 22.098287860164273, 38.70136704844318, 38.39425510103872, 68.55922064703465, 21.806222697457322, 43.29414200690463, 11.868634435547786, 51.31065500713257, 41.69590358132656, 33.086058720112995, 52.64557104013373, 73.587410176195, 28.88087539950135, 24.25916282348876, 36.98286073461028, 33.97148228453941, 51.83743098966445, 41.743757495293764, 12.488006302680413, 36.88046328431433, 44.745786811713025, 46.833351704558986, 65.34454927650671, 40.3335340547257, 32.22034920934037, 40.53616736190023, 21.286103510606985, 67.82496181879343, 28.95350302736843, 33.843984524782215, 57.39060233549598, 66.43744375127329, 40.33455475229491, 37.51332029676532, 46.611604134987935], [50.048117036528524, 50.993443325871894, 66.26379807164966, 62.45814737365228, 32.881679381850915, 0.0, 28.706832422458344, 54.27151602714249, 27.672485860452554, 51.18012973725642, 44.7045976892048, 46.4027179625522, 28.615400243394895, 12.771967731744587, 23.543312069684596, 35.333733842309975, 45.93117648160739, 46.226644613226355, 45.65812705669996, 22.708599517801176, 18.44900765488217, 57.608363748542466, 60.64743351726089, 47.11097745491952, 44.28181070672499, 47.10589390209932, 28.17507714804834, 68.25561322154772, 21.5433300913458, 19.339181474997048, 60.523266351941544, 30.06645203712914, 12.093872436576586, 14.628387873267732, 49.839259533453635, 52.12036546497568, 46.981825360797906, 17.71824484614387, 8.353528855437354, 29.374286197661863, 41.83067191179059, 19.600723242042626, 41.291885542742165, 25.14113038009983, 47.81988376104853, 56.67999890924737, 6.703610294566484, 65.01009197444482], [74.37813319708202, 58.11485647158644, 87.74368133482731, 51.11748542398735, 50.55613886445793, 28.706832422458344, 0.0, 64.25907080300983, 32.285569971174745, 72.63638620653916, 64.65294578351534, 74.49944000361306, 28.34366642625724, 38.91814224647312, 51.804117631381324, 23.651838911480837, 67.99861683513856, 52.07111194763962, 74.28913833354505, 38.80415382310349, 27.24241018744408, 52.28618275746259, 83.03517205737603, 75.52829675641438, 26.221986217767295, 47.41838163635666, 55.6580711313005, 87.3547562367636, 17.028588423894917, 32.96136931029602, 56.993220088362406, 53.792656639608545, 39.66222683487093, 17.049151620520707, 35.7942631024812, 78.61839135552411, 37.371314236884665, 46.4161026198725, 30.752891628918047, 56.055194423344545, 61.3836896166055, 21.771206295930167, 35.34874074719807, 24.135991115828112, 19.11892412227811, 52.00922707232132, 22.497109418481394, 91.52073832504567], [38.798620747596495, 7.664595713469472, 37.18509037350694, 43.19012242264106, 23.591895277347323, 54.27151602714249, 64.25907080300983, 0.0, 32.091115011559076, 97.35668885591649, 23.599171210982586, 56.90918005425887, 81.23707845121136, 45.12984841130031, 62.243240946387324, 44.57252395652389, 92.12847821748318, 13.222628151091103, 63.27983275585152, 31.565706754683568, 72.12583263316287, 30.85830102346879, 36.75170440057906, 74.12545563679733, 89.79126965495996, 21.97917163334403, 46.79347049919567, 31.307786643975312, 47.49585124741998, 73.60909315743561, 27.969354715313422, 34.69654318180438, 60.06177996290251, 63.57651508062036, 45.591419468751575, 87.92366789739309, 38.47493834671556, 55.81018529690304, 62.44377774017073, 43.474248913500574, 91.3657410701664, 43.45595967051899, 34.37868936373911, 76.9803559870052, 75.93038115550804, 29.54295691118104, 57.53512602358311, 57.12874495979951], [48.30341754962059, 26.48457186076733, 58.0874372168357, 36.643723871409556, 21.433501651962494, 27.672485860452554, 32.285569971174745, 32.091115011559076, 0.0, 77.92636986511654, 35.269676068705806, 56.10687077636422, 50.829685921439534, 25.3588898701149, 45.512911129883165, 16.995735689999606, 72.58586728263953, 20.70494826854971, 59.14159512837347, 12.898195847699293, 42.95228223776577, 30.14236841148915, 54.30892008054409, 65.63482159437957, 57.70827887030828, 19.52960293779994, 38.211672037695806, 56.32068999953853, 15.406780825708685, 45.85155822143166, 32.85492339513079, 30.078266505124162, 37.73834385243575, 32.8355509856625, 27.36043003236276, 75.05918957723296, 22.100411244375, 38.13915798496009, 35.836329638628754, 36.61594748147415, 69.266762644009, 11.590273278758971, 15.483305724369025, 46.34065246264879, 45.92165042774353, 29.13891020523666, 28.393057671124105, 67.55291313325876], [72.42428019824615, 96.70478069123004, 90.90880297574893, 113.61155475858105, 73.80400213055958, 51.18012973725642, 72.63638620653916, 97.35668885591649, 77.92636986511654, 0.0, 78.38677264406905, 53.62341442800498, 49.026531937575776, 53.908342571137986, 35.113560374121555, 86.21742362017761, 5.358604710203245, 93.3609549998536, 46.26388353929492, 68.94029991592875, 45.557742981948365, 108.05146145258387, 84.63318734272814, 34.70421066109855, 70.06933671663842, 96.5643674689849, 51.75001765963179, 97.25232005077119, 72.18932907602219, 39.723314268971556, 110.38355389067236, 63.26111900097474, 40.18808729242431, 55.9506787444483, 100.85621263892041, 20.914345034068457, 98.15585485065883, 41.78301102328069, 44.35106731174158, 55.24540905601796, 11.724474643026175, 70.77090430902635, 92.35016469708017, 51.19991367241773, 89.48467507812218, 107.00875637376382, 53.751089405878794, 74.22653374931903], [15.836835162057662, 27.724021786109347, 23.131375880875037, 61.71642130762097, 14.198051594860463, 44.7045976892048, 64.65294578351534, 23.599171210982586, 35.269676068705806, 78.38677264406905, 0.0, 33.45016848885707, 73.31618873653578, 32.46414998611694, 44.06667969741225, 52.03208819981011, 73.42847643426329, 29.13306304754588, 40.15641742931881, 25.851799914129202, 63.01225320082478, 50.226233888095706, 19.041436694936362, 51.64511261170612, 87.09708035572243, 38.14572063230504, 26.650020260070306, 23.584782009672754, 48.1607194082351, 62.64587707759021, 48.899225526431856, 16.113650792473166, 45.868601852412816, 57.744219285874294, 59.00914755951433, 66.34799743107529, 52.1192707518078, 39.1115253182651, 51.53368254598172, 23.158319404078682, 74.28960177190179, 43.131730996618145, 46.03959879434952, 69.77647495768655, 80.6216073086573, 48.82211384238036, 50.11744881703672, 35.30213158267985], [21.09266521579605, 59.99194658595301, 38.17936367036576, 90.19797548380454, 38.40983864915433, 46.4027179625522, 74.49944000361306, 56.90918005425887, 56.10687077636422, 53.62341442800498, 33.45016848885707, 0.0, 69.82162230466938, 35.767298190542974, 28.58621883943919, 72.08995996622893, 49.73737543672449, 59.76044895521896, 7.839779986175286, 43.21205201877547, 59.668297897716435, 80.10061987935505, 32.17256177880661, 20.54516949281315, 89.39224432994249, 67.29071366881199, 19.048369784400695, 45.65099116465583, 62.20312112090806, 56.25744512924838, 79.92756889136805, 26.52429764905056, 38.770520105526806, 60.7835836070128, 83.38933366954824, 36.59276693968307, 77.53962160021007, 29.961741219675513, 48.39444904490536, 19.66685751886076, 53.97352088996598, 57.67081349030875, 70.84140085697989, 68.05193442933435, 93.33149515177655, 78.73492465071742, 53.08894550683115, 21.84426685722175], [77.63030303503403, 76.83379453316908, 94.57326508247961, 78.27529681072535, 61.23682252726162, 28.615400243394895, 28.34366642625724, 81.23707845121136, 50.829685921439534, 49.026531937575776, 73.31618873653578, 69.82162230466938, 0.0, 41.07479304538243, 41.67911675547405, 49.540801368440846, 45.33110120195381, 71.36243803672359, 66.64190979340053, 50.27039249426395, 10.571831290407276, 77.35524163795813, 88.7879137478209, 63.07384001871982, 21.912055989359512, 69.6285473517991, 54.0941709296066, 96.85173120430755, 37.42010745381522, 13.763401398397791, 81.44025160973283, 58.3743800111498, 31.2535323678303, 17.9957992038741, 63.25400818998571, 60.60924165872305, 63.49649726731518, 40.19041618442766, 22.505926773711415, 56.15414355761122, 37.30210672491753, 39.492807853925385, 59.8504898855914, 4.621492133440057, 41.68022968392862, 76.79332199302769, 23.855330768513056, 90.50479798492451], [37.319372672049674, 43.28594662136896, 53.55768158510146, 62.00212851587685, 22.098287860164273, 12.771967731744587, 38.91814224647312, 45.12984841130031, 25.3588898701149, 53.908342571137986, 32.46414998611694, 35.767298190542974, 41.07479304538243, 0.0, 20.205375935436734, 38.44665027352819, 48.556107555239386, 39.53682550465112, 36.57160086199521, 15.03201789812165, 30.64127193945468, 54.84307772107886, 47.891963039221466, 40.999029382186514, 56.91502178635046, 42.863298236235856, 16.777688178333825, 55.870031803439254, 26.849903877211997, 30.237675624299893, 56.73754535195097, 17.336363717277546, 14.93495448053429, 27.10540846956096, 51.684656731649234, 49.70038520957533, 47.22646380799392, 12.826592553865327, 19.070431574423, 17.228761665675545, 46.636060226340184, 22.774729741232967, 40.75192014438299, 37.814455800136955, 57.5978341966055, 53.70394565001242, 19.073985019629497, 52.92866915786931], [41.31875450083793, 61.77060587776103, 59.932475161179624, 82.13082640845901, 38.70136704844318, 23.543312069684596, 51.804117631381324, 62.243240946387324, 45.512911129883165, 35.113560374121555, 44.06667969741225, 28.58621883943919, 41.67911675547405, 20.205375935436734, 0.0, 57.34995747235225, 29.9028407097597, 58.75221598657816, 24.97088922199595, 34.842895744790425, 31.970813413618952, 75.00954511295775, 53.6328522401412, 23.727441524023742, 62.209850765551096, 62.875362615130996, 17.755227824715934, 64.88732949016412, 44.32356230482576, 27.952305201873646, 76.74794323029646, 28.39839789304659, 12.237125824065982, 35.75706063228584, 71.23041005409799, 29.660482981155788, 67.1818553325747, 7.380121133243684, 21.940778731019336, 21.123879197382408, 30.239892184898043, 41.251704246084195, 60.8104055997816, 40.415572091461776, 70.87099117839766, 73.85283702232276, 29.314129753560266, 50.07812787100295], [65.29743043879098, 37.492263103296246, 74.54820534434151, 28.889507525248487, 38.39425510103872, 35.333733842309975, 23.651838911480837, 44.57252395652389, 16.995735689999606, 86.21742362017761, 52.03208819981011, 72.08995996622893, 49.540801368440846, 38.44665027352819, 57.34995747235225, 0.0, 81.05150419506015, 31.464666828900857, 74.36643140563986, 29.263900746955155, 44.693577146499955, 28.642830633657326, 71.05832955158333, 79.42571175293332, 49.61682396047592, 24.871382471555787, 53.53030099275248, 72.05642739755329, 14.048877160450772, 49.25095151315588, 33.354835375289355, 46.67624807785045, 47.23032277523257, 33.02088123645216, 14.686425990910589, 86.85411826908935, 13.997152097968508, 50.292401180783195, 41.91382470406347, 52.4270478000656, 76.17654444806406, 16.105769719689306, 11.940653438354646, 44.95032653805392, 31.401187175394206, 28.358324854630265, 32.63954668608366, 84.49137497005435], [67.97697570361464, 91.39870733721558, 86.56050165083803, 108.33197408207138, 68.55922064703465, 45.93117648160739, 67.99861683513856, 92.12847821748318, 72.58586728263953, 5.358604710203245, 73.42847643426329, 49.73737543672449, 45.33110120195381, 48.556107555239386, 29.9028407097597, 81.05150419506015, 0.0, 88.02174649456501, 42.61587834510272, 63.58810483362011, 41.109222850581176, 102.70597301498444, 80.25835626893253, 31.700727028980744, 66.75597345784496, 91.2061770251113, 46.77848392855518, 92.69164212927234, 67.04052914198766, 35.23230768268075, 105.02662351963284, 58.158083695711476, 34.84953025563179, 51.181116198621844, 95.67048606748422, 19.722072115280366, 92.88994284100848, 36.47983398097358, 39.25109479271434, 50.27063874352676, 8.700671284715991, 65.53030743253908, 87.051824994103, 47.183276665549776, 85.17398841834982, 101.6601269127491, 48.67524219566407, 70.76049767681573], [44.9238443537077, 6.0903766071502865, 47.79387316471566, 32.744569527823835, 21.806222697457322, 46.226644613226355, 52.07111194763962, 13.222628151091103, 20.70494826854971, 93.3609549998536, 29.13306304754588, 59.76044895521896, 71.36243803672359, 39.53682550465112, 58.75221598657816, 31.464666828900857, 88.02174649456501, 0.0, 65.01946384487277, 24.587615859257106, 63.012985859352035, 21.09408392050169, 46.06267217671971, 74.40869778549897, 77.99870454063739, 9.543789286903026, 45.90978547195581, 43.20057401380515, 35.76268257107985, 65.3071931083309, 20.19122698703333, 34.29422327146137, 54.102293767479395, 53.4032520190919, 32.79792040864415, 86.66735316319298, 25.63041044114507, 51.679328198693796, 54.57946031477941, 43.054553454539445, 86.07071224460927, 32.29159887436288, 21.181165767596312, 66.92395072393874, 62.86199311650457, 19.689945977447238, 48.29502555010324, 64.42241062991194], [28.78501500009534, 65.78949879412937, 46.0133239226401, 94.3587715996315, 43.29414200690463, 45.65812705669996, 74.28913833354505, 63.27983275585152, 59.14159512837347, 46.26388353929492, 40.15641742931881, 7.839779986175286, 66.64190979340053, 36.57160086199521, 24.97088922199595, 74.36643140563986, 42.61587834510272, 65.01946384487277, 0.0, 46.335002326747265, 56.89399561550263, 84.81641763072768, 40.01164604820012, 12.705804274016318, 87.05609144985603, 71.97942292830972, 20.94290926612824, 53.46938063395792, 63.41940397020413, 52.898184493681974, 85.03789923406636, 30.906055017086736, 36.430277634039385, 59.48716591091034, 86.49154149668475, 28.76585452266175, 81.02310139230467, 28.195355913679894, 46.28755756866235, 22.744505950876924, 47.43920543986824, 59.21205590895015, 74.31046997791938, 65.34170088533608, 93.34792111523403, 83.4796554491767, 52.184301875185334, 28.18911139833361], [36.759916750425425, 28.703997041308362, 48.94323508843438, 48.535168755562765, 11.868634435547786, 22.708599517801176, 38.80415382310349, 31.565706754683568, 12.898195847699293, 68.94029991592875, 25.851799914129202, 43.21205201877547, 50.27039249426395, 15.03201789812165, 34.842895744790425, 29.263900746955155, 63.58810483362011, 24.587615859257106, 46.335002326747265, 0.0, 40.75236125697863, 40.353878606319675, 44.361600881238694, 53.362544473933504, 61.76756135127516, 28.041121797286596, 25.45543509358437, 48.85116615443961, 22.522985603764234, 42.04398629615869, 41.90799635913441, 17.41352169699477, 29.524480252199105, 33.24970834584175, 40.23590357361722, 63.807402120580875, 34.70112069686729, 27.559783398774094, 30.89231960612556, 23.731997181840693, 61.48319184973407, 17.456231049223895, 27.994350130111993, 46.23107152068444, 55.23922848962513, 39.15015997392107, 26.415065440212068, 55.47526371306654], [67.0587333259455, 68.21996283693844, 84.06001052504998, 73.54055816649854, 51.31065500713257, 18.44900765488217, 27.24241018744408, 72.12583263316287, 42.95228223776577, 45.557742981948365, 63.01225320082478, 59.668297897716435, 10.571831290407276, 30.64127193945468, 31.970813413618952, 44.693577146499955, 41.109222850581176, 63.012985859352035, 56.89399561550263, 40.75236125697863, 0.0, 71.14597784847818, 78.24646714475394, 54.367625388840565, 30.28117211420728, 62.28492159427858, 43.570097362488184, 86.49495907896761, 31.291750530487246, 5.888105142539067, 74.82929864255506, 47.89015437382152, 20.92612503477528, 11.70696865499648, 59.122726508409876, 53.88201675378406, 58.25259799550355, 29.840838706444995, 11.934208007584488, 45.589867871437356, 34.17565036104318, 32.23396672361286, 53.793972873393315, 8.447831178059557, 44.09526521880118, 70.43989423954014, 14.72285278791273, 80.10933436162249], [66.01471932718367, 23.747600941177755, 67.8325881281126, 12.356990349472666, 41.69590358132656, 57.608363748542466, 52.28618275746259, 30.85830102346879, 30.14236841148915, 108.05146145258387, 50.226233888095706, 80.10061987935505, 77.35524163795813, 54.84307772107886, 75.00954511295775, 28.642830633657326, 102.70597301498444, 21.09408392050169, 84.81641763072768, 40.353878606319675, 71.14597784847818, 0.0, 66.70290567764988, 93.23795806849756, 78.07367641768059, 12.838627084189094, 64.74407025909198, 62.151197731790894, 40.0431717014896, 74.85314713272369, 5.325331237014751, 53.91973474973744, 67.86824229916897, 59.911318561415996, 20.06778919024299, 104.1608401989806, 15.264672066371691, 67.64846790031642, 65.56305681303037, 62.27465779419773, 99.36091757713216, 39.075460468816836, 17.50475510144642, 72.73374954680256, 56.52308272465196, 1.4041403405106447, 57.325267003082544, 85.50723128434474], [12.38085860570143, 43.05442059564214, 6.331990542567671, 78.72298813071386, 33.086058720112995, 60.64743351726089, 83.03517205737603, 36.75170440057906, 54.30892008054409, 84.63318734272814, 19.041436694936362, 32.17256177880661, 88.7879137478209, 47.891963039221466, 53.6328522401412, 71.05832955158333, 80.25835626893253, 46.06267217671971, 40.01164604820012, 44.361600881238694, 78.24646714475394, 66.70290567764988, 0.0, 52.71443036622345, 104.35153471756729, 55.52116010585224, 36.34606621611364, 13.70743927290908, 66.86062971363123, 76.87497178235175, 64.4729289269107, 30.5889002857925, 58.9782965940774, 74.59982124523863, 77.48609655879675, 68.72843219434341, 70.46552585179462, 50.79040913973668, 66.36565384648543, 33.468505051034484, 83.02299035192468, 61.800903331088364, 64.63330033566778, 85.68589472837334, 99.4801898144956, 65.31953172297739, 66.68314711570167, 21.810694390829557], [41.34974963358943, 75.87486253095793, 58.71671475360885, 101.897332814529, 52.64557104013373, 47.11097745491952, 75.52829675641438, 74.12545563679733, 65.63482159437957, 34.70421066109855, 51.64511261170612, 20.54516949281315, 63.07384001871982, 40.999029382186514, 23.727441524023742, 79.42571175293332, 31.700727028980744, 74.40869778549897, 12.705804274016318, 53.362544473933504, 54.367625388840565, 93.23795806849756, 52.71443036622345, 0.0, 84.52119625797981, 80.50942596662999, 28.56749245391569, 66.14123095972386, 67.15715123524227, 49.484175469970346, 94.01000650849225, 40.20182676617596, 35.93250678244307, 59.39203835437768, 92.5740891028512, 16.090261736070733, 87.73432524248189, 29.66836336040273, 45.44446111137512, 31.36090852701328, 37.79362573992848, 63.56128414068635, 81.10176591963072, 62.64135129741093, 94.59833915343317, 91.95505737963644, 53.03374545020199, 39.685488938992556], [94.22084036398023, 83.98483896596505, 109.65870779771744, 75.50272352019157, 73.587410176195, 44.28181070672499, 26.221986217767295, 89.79126965495996, 57.70827887030828, 70.06933671663842, 87.09708035572243, 89.39224432994249, 21.912055989359512, 56.91502178635046, 62.209850765551096, 49.61682396047592, 66.75597345784496, 77.99870454063739, 87.05609144985603, 61.76756135127516, 30.28117211420728, 78.07367641768059, 104.35153471756729, 84.52119625797981, 0.0, 73.63822382520756, 72.1624116451497, 110.50194283809665, 42.32558845276584, 35.0671287498742, 82.9322552274255, 73.87978976340801, 50.73107453801376, 29.82879837521875, 60.22155322962904, 82.51852109687447, 62.91620531673671, 59.43391479384123, 40.99990780438736, 73.61180629878348, 58.42508715467749, 46.41267514992543, 61.461723503290635, 21.89648466050568, 28.01281789411278, 77.89390433591863, 37.84496242565321, 109.07139208928444], [53.782969175309745, 14.318218268133181, 57.336502915234284, 23.586264043322352, 28.88087539950135, 47.10589390209932, 47.41838163635666, 21.97917163334403, 19.52960293779994, 96.5643674689849, 38.14572063230504, 67.29071366881199, 69.6285473517991, 42.863298236235856, 62.875362615130996, 24.871382471555787, 91.2061770251113, 9.543789286903026, 71.97942292830972, 28.041121797286596, 62.28492159427858, 12.838627084189094, 55.52116010585224, 80.50942596662999, 73.63822382520756, 0.0, 51.97813304232325, 52.65095873057294, 32.50040923718829, 65.35982213409066, 13.877410374952362, 41.08120715064887, 56.53737496929532, 51.706590099799065, 23.613382330442125, 91.7468297319835, 16.516337330908552, 55.56501343754284, 55.33185105788147, 49.46172743883784, 88.39032788847648, 30.192163063985202, 13.295285567849085, 65.0554361442501, 55.92126367047042, 11.501848226628887, 47.85434656424523, 73.42093892519725], [24.27652508760764, 47.71093890758777, 42.571770249222794, 73.77590602238072, 24.25916282348876, 28.17507714804834, 55.6580711313005, 46.79347049919567, 38.211672037695806, 51.75001765963179, 26.650020260070306, 19.048369784400695, 54.0941709296066, 16.777688178333825, 17.755227824715934, 53.53030099275248, 46.77848392855518, 45.90978547195581, 20.94290926612824, 25.45543509358437, 43.570097362488184, 64.74407025909198, 36.34606621611364, 28.56749245391569, 72.1624116451497, 51.97813304232325, 0.0, 47.17044317751763, 43.18362401970825, 41.30219225791717, 65.44276878326274, 12.109380027869014, 23.140638465495226, 42.78725343880117, 65.55296860011157, 41.20485515134981, 60.15564029517041, 14.540159832872988, 31.717321206831187, 3.4954198189298467, 47.92986565368499, 38.7219413894554, 53.449780110370114, 51.630491482096936, 74.37530231664644, 63.447156233900174, 34.86302468740372, 36.91176602656877], [24.97963943052189, 38.715629071170845, 9.04732085206024, 74.49344332965472, 36.98286073461028, 68.25561322154772, 87.3547562367636, 31.307786643975312, 56.32068999953853, 97.25232005077119, 23.584782009672754, 45.65099116465583, 96.85173120430755, 55.870031803439254, 64.88732949016412, 72.05642739755329, 92.69164212927234, 43.20057401380515, 53.46938063395792, 48.85116615443961, 86.49495907896761, 62.151197731790894, 13.70743927290908, 66.14123095972386, 110.50194283809665, 52.65095873057294, 47.17044317751763, 0.0, 70.50813292702142, 85.87928731159278, 58.993049043066, 38.87921765552174, 68.59361654982457, 81.2942321285205, 75.94211582617413, 82.07013850210267, 68.77258117784935, 61.073526891337856, 74.89460519767, 43.932998662697, 94.84986281941451, 65.6051283526289, 63.73755123160406, 93.35180410974962, 102.24234041201248, 60.84499600727845, 73.69979399386523, 34.36814072950363], [59.04163823257159, 41.698048977553974, 71.2917202996629, 42.44695143989232, 33.97148228453941, 21.5433300913458, 17.028588423894917, 47.49585124741998, 15.406780825708685, 72.18932907602219, 48.1607194082351, 62.20312112090806, 37.42010745381522, 26.849903877211997, 44.32356230482576, 14.048877160450772, 67.04052914198766, 35.76268257107985, 63.41940397020413, 22.522985603764234, 31.291750530487246, 40.0431717014896, 66.86062971363123, 67.15715123524227, 42.32558845276584, 32.50040923718829, 43.18362401970825, 70.50813292702142, 0.0, 35.49705214001398, 44.024798287418264, 38.85621489126691, 33.58849374411307, 19.879832791017517, 28.730287590960206, 73.5109670519823, 27.02813170824034, 37.57533347058082, 27.867534018036245, 42.78612788218728, 62.13302374866948, 5.067591940826019, 22.57805441638241, 32.8065218058434, 32.750408781741534, 39.42571949749184, 18.602923479627012, 77.16048309504791], [65.30251824440589, 70.2370392851696, 82.85277311224709, 77.93814307331701, 51.83743098966445, 19.339181474997048, 32.96136931029602, 73.60909315743561, 45.85155822143166, 39.723314268971556, 62.64587707759021, 56.25744512924838, 13.763401398397791, 30.237675624299893, 27.952305201873646, 49.25095151315588, 35.23230768268075, 65.3071931083309, 52.898184493681974, 42.04398629615869, 5.888105142539067, 74.85314713272369, 76.87497178235175, 49.484175469970346, 35.0671287498742, 65.35982213409066, 41.30219225791717, 85.87928731159278, 35.49705214001398, 0.0, 78.28900507609411, 47.01477976743236, 18.167216861534282, 16.750602932396024, 63.83213726758716, 48.2216823201612, 62.5194242889772, 27.003606437768045, 11.301395042145579, 43.66587610149223, 28.425391248050584, 35.77774545217112, 57.70646101555505, 13.294185130999553, 49.983337996342605, 74.0715448439351, 17.562326192217967, 77.20971722022007], [64.73480619416932, 21.49029013720666, 65.15418255407204, 16.375583650174082, 41.743757495293764, 60.523266351941544, 56.993220088362406, 27.969354715313422, 32.85492339513079, 110.38355389067236, 48.899225526431856, 79.92756889136805, 81.44025160973283, 56.73754535195097, 76.74794323029646, 33.354835375289355, 105.02662351963284, 20.19122698703333, 85.03789923406636, 41.90799635913441, 74.82929864255506, 5.325331237014751, 64.4729289269107, 94.01000650849225, 82.9322552274255, 13.877410374952362, 65.44276878326274, 58.993049043066, 44.024798287418264, 78.28900507609411, 0.0, 54.17675799074044, 70.29508731759393, 63.795630134999406, 25.39193262800599, 105.53945007452448, 20.376948736002667, 69.44162146648353, 68.63681800400985, 62.77684037798315, 102.0539248133867, 42.60885127079091, 21.796371105088202, 76.82332577328795, 61.78201662559025, 5.092767004122577, 60.726709833399376, 83.97307489114286], [20.631221864889746, 35.72231388210681, 36.22182751587321, 63.717091283993476, 12.488006302680413, 30.06645203712914, 53.792656639608545, 34.69654318180438, 30.078266505124162, 63.26111900097474, 16.113650792473166, 26.52429764905056, 58.3743800111498, 17.336363717277546, 28.39839789304659, 46.67624807785045, 58.158083695711476, 34.29422327146137, 30.906055017086736, 17.41352169699477, 47.89015437382152, 53.91973474973744, 30.5889002857925, 40.20182676617596, 73.87978976340801, 41.08120715064887, 12.109380027869014, 38.87921765552174, 38.85621489126691, 47.01477976743236, 54.17675799074044, 0.0, 29.837813354327015, 44.073973779461696, 57.1035158987581, 53.3053783916541, 51.086198744693284, 23.04147321839951, 36.13079736204317, 8.900392147590942, 58.473813223554195, 33.891641334915484, 44.408256408129, 55.150642929546684, 71.44974939040843, 52.57877902044422, 36.119416369994376, 38.3316361416672], [47.23484741437961, 58.103763603012844, 65.04930375982282, 73.659935027049, 36.88046328431433, 12.093872436576586, 39.66222683487093, 60.06177996290251, 37.73834385243575, 40.18808729242431, 45.868601852412816, 38.770520105526806, 31.2535323678303, 14.93495448053429, 12.237125824065982, 47.23032277523257, 34.84953025563179, 54.102293767479395, 36.430277634039385, 29.524480252199105, 20.92612503477528, 67.86824229916897, 58.9782965940774, 35.93250678244307, 50.73107453801376, 56.53737496929532, 23.140638465495226, 68.59361654982457, 33.58849374411307, 18.167216861534282, 70.29508731759393, 29.837813354327015, 0.0, 23.525634049196196, 61.59451728186155, 40.03331626832555, 58.310689068908964, 8.936943361139464, 9.866750945092098, 25.596325011255143, 31.99334275809408, 31.26242721146038, 52.31281937584562, 29.28321733261139, 58.68835753245416, 66.8349681885192, 17.23670872861857, 59.2515921823806], [64.39468894546883, 58.935811741330305, 80.00703300382055, 61.89385702078088, 44.745786811713025, 14.628387873267732, 17.049151620520707, 63.57651508062036, 32.8355509856625, 55.9506787444483, 57.744219285874294, 60.7835836070128, 17.9957992038741, 27.10540846956096, 35.75706063228584, 33.02088123645216, 51.181116198621844, 53.4032520190919, 59.48716591091034, 33.24970834584175, 11.70696865499648, 59.911318561415996, 74.59982124523863, 59.39203835437768, 29.82879837521875, 51.706590099799065, 42.78725343880117, 81.2942321285205, 19.879832791017517, 16.750602932396024, 63.795630134999406, 44.073973779461696, 23.525634049196196, 0.0, 47.41690137295002, 61.647433503987855, 46.67654897037412, 31.293511015141785, 14.016631086934504, 43.987276367537866, 44.95444338683568, 21.527366155286224, 42.4578461455503, 13.520698992975875, 35.55245695079755, 59.26967922710551, 8.035101101508594, 79.63844447444468], [73.73934166548801, 37.931597747627016, 79.98714902527239, 15.36527463581178, 46.833351704558986, 49.839259533453635, 35.7942631024812, 45.591419468751575, 27.36043003236276, 100.85621263892041, 59.00914755951433, 83.38933366954824, 63.25400818998571, 51.684656731649234, 71.23041005409799, 14.686425990910589, 95.67048606748422, 32.79792040864415, 86.49154149668475, 40.23590357361722, 59.122726508409876, 20.06778919024299, 77.48609655879675, 92.5740891028512, 60.22155322962904, 23.613382330442125, 65.55296860011157, 75.94211582617413, 28.730287590960206, 63.83213726758716, 25.39193262800599, 57.1035158987581, 61.59451728186155, 47.41690137295002, 0.0, 100.86323739022679, 7.170760414696653, 64.01783769828073, 56.58496362082509, 63.967234106198866, 90.86201802546579, 30.332217100269954, 13.02174847884921, 58.73615932422519, 36.76525237550249, 20.49300865001796, 47.32579939396594, 93.39827881044798], [57.168918613284674, 88.84739300142948, 74.77145661523211, 111.70247996480832, 65.34454927650671, 52.12036546497568, 78.61839135552411, 87.92366789739309, 75.05918957723296, 20.914345034068457, 66.34799743107529, 36.59276693968307, 60.60924165872305, 49.70038520957533, 29.660482981155788, 86.85411826908935, 19.722072115280366, 86.66735316319298, 28.76585452266175, 63.807402120580875, 53.88201675378406, 104.1608401989806, 68.72843219434341, 16.090261736070733, 82.51852109687447, 91.7468297319835, 41.20485515134981, 82.07013850210267, 73.5109670519823, 48.2216823201612, 105.53945007452448, 53.3053783916541, 40.03331626832555, 61.647433503987855, 100.86323739022679, 0.0, 96.83031446305019, 36.9734528198829, 47.91413710356772, 44.45828452980472, 27.7996153012768, 70.75126733964953, 90.4256996654001, 61.368850234368374, 97.11348730007049, 102.95575079567696, 56.861744107727006, 55.34847300400053], [67.05290673148254, 30.82389148359267, 72.87441247090709, 15.519157441454599, 40.3335340547257, 46.981825360797906, 37.371314236884665, 38.47493834671556, 22.100411244375, 98.15585485065883, 52.1192707518078, 77.53962160021007, 63.49649726731518, 47.22646380799392, 67.1818553325747, 13.997152097968508, 92.88994284100848, 25.63041044114507, 81.02310139230467, 34.70112069686729, 58.25259799550355, 15.264672066371691, 70.46552585179462, 87.73432524248189, 62.91620531673671, 16.516337330908552, 60.15564029517041, 68.77258117784935, 27.02813170824034, 62.5194242889772, 20.376948736002667, 51.086198744693284, 58.310689068908964, 46.67654897037412, 7.170760414696653, 96.83031446305019, 0.0, 59.85804078251449, 54.30669847977436, 58.3437394953767, 88.62346849237294, 27.44112704730807, 6.714435703288988, 58.89571670171446, 41.537492881789575, 15.285841046409189, 45.37807841361314, 86.75421124546786], [38.80829172178428, 54.92188476751448, 56.964090164656085, 74.76554895475303, 32.22034920934037, 17.71824484614387, 46.4161026198725, 55.81018529690304, 38.13915798496009, 41.78301102328069, 39.1115253182651, 29.961741219675513, 40.19041618442766, 12.826592553865327, 7.380121133243684, 50.292401180783195, 36.47983398097358, 51.679328198693796, 28.195355913679894, 27.559783398774094, 29.840838706444995, 67.64846790031642, 50.79040913973668, 29.66836336040273, 59.43391479384123, 55.56501343754284, 14.540159832872988, 61.073526891337856, 37.57533347058082, 27.003606437768045, 69.44162146648353, 23.04147321839951, 8.936943361139464, 31.293511015141785, 64.01783769828073, 36.9734528198829, 59.85804078251449, 0.0, 18.43411293341613, 17.33799374987489, 35.711404728294184, 34.23832817438563, 53.45953525258986, 38.158585578898546, 65.53317336430506, 66.49823676445686, 24.07231725660752, 50.3151531013785], [55.125928771231465, 59.31641375195744, 72.22257353563843, 69.82562530444365, 40.53616736190023, 8.353528855437354, 30.752891628918047, 62.44377774017073, 35.836329638628754, 44.35106731174158, 51.53368254598172, 48.39444904490536, 22.505926773711415, 19.070431574423, 21.940778731019336, 41.91382470406347, 39.25109479271434, 54.57946031477941, 46.28755756866235, 30.89231960612556, 11.934208007584488, 65.56305681303037, 66.36565384648543, 45.44446111137512, 40.99990780438736, 55.33185105788147, 31.717321206831187, 74.89460519767, 27.867534018036245, 11.301395042145579, 68.63681800400985, 36.13079736204317, 9.866750945092098, 14.016631086934504, 56.58496362082509, 47.91413710356772, 54.30669847977436, 18.43411293341613, 0.0, 33.665917475751286, 34.33937262813074, 26.903169152445084, 48.9123760291468, 19.923545086046833, 49.52867145351045, 64.6782849309519, 9.43695705666919, 68.42234089591078], [21.64281718879958, 44.61951846065533, 39.62706361416379, 71.62486033632237, 21.286103510606985, 29.374286197661863, 56.055194423344545, 43.474248913500574, 36.61594748147415, 55.24540905601796, 23.158319404078682, 19.66685751886076, 56.15414355761122, 17.228761665675545, 21.123879197382408, 52.4270478000656, 50.27063874352676, 43.054553454539445, 22.744505950876924, 23.731997181840693, 45.589867871437356, 62.27465779419773, 33.468505051034484, 31.36090852701328, 73.61180629878348, 49.46172743883784, 3.4954198189298467, 43.932998662697, 42.78612788218728, 43.66587610149223, 62.77684037798315, 8.900392147590942, 25.596325011255143, 43.987276367537866, 63.967234106198866, 44.45828452980472, 58.3437394953767, 17.33799374987489, 33.665917475751286, 0.0, 51.34149581215295, 38.13620176325462, 51.629333923806364, 53.48372227673956, 74.53454298996155, 60.95764481562209, 35.97927557198667, 35.72764759845694], [70.64389790055101, 89.91822695598468, 89.35498074677767, 104.13877861362931, 67.82496181879343, 41.83067191179059, 61.3836896166055, 91.3657410701664, 69.266762644009, 11.724474643026175, 74.28960177190179, 53.97352088996598, 37.30210672491753, 46.636060226340184, 30.239892184898043, 76.17654444806406, 8.700671284715991, 86.07071224460927, 47.43920543986824, 61.48319184973407, 34.17565036104318, 99.36091757713216, 83.02299035192468, 37.79362573992848, 58.42508715467749, 88.39032788847648, 47.92986565368499, 94.84986281941451, 62.13302374866948, 28.425391248050584, 102.0539248133867, 58.473813223554195, 31.99334275809408, 44.95444338683568, 90.86201802546579, 27.7996153012768, 88.62346849237294, 35.711404728294184, 34.33937262813074, 51.34149581215295, 0.0, 61.189422807636795, 83.09681919725547, 39.52271333542217, 77.90930152910923, 98.393381706938, 43.53823731881356, 75.55861288189216], [54.00138187777573, 38.06443797837684, 66.26276181246614, 42.95111393499406, 28.95350302736843, 19.600723242042626, 21.771206295930167, 43.45595967051899, 11.590273278758971, 70.77090430902635, 43.131730996618145, 57.67081349030875, 39.492807853925385, 22.774729741232967, 41.251704246084195, 16.105769719689306, 65.53030743253908, 32.29159887436288, 59.21205590895015, 17.456231049223895, 32.23396672361286, 39.075460468816836, 61.800903331088364, 63.56128414068635, 46.41267514992543, 30.192163063985202, 38.7219413894554, 65.6051283526289, 5.067591940826019, 35.77774545217112, 42.60885127079091, 33.891641334915484, 31.26242721146038, 21.527366155286224, 30.332217100