instance_id,num_cities,city_coordinates,distance_matrix,best_route,total_distance
2292,21,"[[65.12291479107493, 49.87050645324113], [99.0499825175338, 34.20818611058441], [50.55222760132641, 34.88802443099775], [82.39839475817968, 13.604723378649542], [83.2833945925074, 14.972974244144233], [95.69895737441611, 23.37912010805342], [16.101163977522738, 4.722381811418163], [37.440833428524876, 6.286453649286328], [98.02286348028926, 63.05818252547402], [58.818042736576196, 26.094631899907974], [27.8586223417707, 76.14007412128593], [92.81425882883316, 12.73102799083976], [7.924308510655642, 9.322350490821407], [52.097885146048306, 8.624199429675139], [18.980018690563995, 80.87710281354505], [83.56146953433293, 11.602754468948383], [57.41865652421757, 41.80513503707073], [62.820911528388024, 0.35292794275632033], [70.33256725103428, 73.69598175518132], [71.82676623480141, 1.8270113619248685], [36.825868800786274, 79.36987807272543]]","[[0.0, 37.367823097308275, 20.89927493307717, 40.170253050076376, 39.34006584772313, 40.455999932621744, 66.64446872396528, 51.632037412644884, 35.444624753819575, 24.59763448788184, 45.59295644299959, 46.32657331463945, 70.11300530126444, 43.25400837305245, 55.59294809949694, 42.47824317166923, 11.153735317068385, 49.571058094047665, 24.388393799447364, 48.50895839707221, 40.877080836587965], [37.367823097308275, 0.0, 48.50251964645158, 26.491093813840553, 24.871241833580186, 11.335697596397823, 88.03362512331533, 67.64104076011868, 28.868274396919077, 41.04191443473592, 82.62259373692673, 22.364091102084515, 94.46265546607134, 53.46998992023842, 92.67786625446301, 27.402546854908604, 42.318801223019186, 49.58552299156332, 48.825976123965276, 42.304183987871134, 76.88575127237843], [20.89927493307717, 48.50251964645158, 0.0, 38.30348895684473, 38.31368576043645, 46.59057939024874, 45.791284972836976, 31.46360609237, 55.19981048718249, 12.06844861844098, 47.08217628069607, 47.71804454002626, 49.70657069257731, 26.309267586644342, 55.78350747291627, 40.395715740623714, 9.746500155941284, 36.64960429191952, 43.55822985766821, 39.314584815569766, 46.55156527255821], [40.170253050076376, 26.491093813840553, 38.30348895684473, 0.0, 1.629519910184309, 16.505871601712144, 66.88960159023713, 45.54930726741502, 51.86297951752115, 26.68390556744165, 82.97744794664536, 10.452443157894246, 74.59710610978186, 30.70710832301168, 92.45249297821061, 2.315301805453013, 37.67294174791353, 23.640810728220252, 61.29064795470258, 15.826365027548357, 80.0119409467926], [39.34006584772313, 24.871241833580186, 38.31368576043645, 1.629519910184309, 0.0, 14.993648237731675, 67.95974364009066, 46.658290304278935, 50.293530384660365, 26.874610889211493, 82.54283425244292, 9.79100077080884, 75.57063850394252, 31.82519349634856, 92.07756683839311, 3.3816722204247456, 37.268613177293076, 25.148736886851772, 60.13414620637734, 17.437622355908573, 79.40568572461275], [40.455999932621744, 11.335697596397823, 46.59057939024874, 16.505871601712144, 14.993648237731675, 0.0, 81.75501573312586, 60.71382258073928, 39.7470569214184, 36.98074997637738, 85.94201141309186, 11.031924194607035, 88.89309171824537, 46.030003081561716, 95.87394624181105, 16.911575879676644, 42.48410831529927, 40.1393998994344, 56.34927074867797, 32.16169928985795, 81.24657245482388], [66.64446872396528, 88.03362512331533, 45.791284972836976, 66.88960159023713, 67.95974364009066, 81.75501573312586, 0.0, 21.39691129560634, 100.569530646074, 47.76510028002271, 72.37903427135493, 77.1300028218158, 9.381933552180229, 36.20756986613044, 76.20911582855811, 67.81026731789727, 55.518157184301685, 46.92362878472792, 87.74054131481367, 55.80076986006753, 77.47104031890423], [51.632037412644884, 67.64104076011868, 31.46360609237, 45.54930726741502, 46.658290304278935, 60.71382258073928, 21.39691129560634, 0.0, 83.02536699578175, 29.143592836310287, 70.50778015479766, 55.74718628780573, 29.672241453244446, 14.842311827470889, 76.84117791610721, 46.426028574599236, 40.751566143765984, 26.064441134718493, 75.00607064305032, 34.67389508653552, 73.08601170504451], [35.444624753819575, 28.868274396919077, 55.19981048718249, 51.86297951752115, 50.293530384660365, 39.7470569214184, 100.569530646074, 83.02536699578175, 0.0, 53.88248365095523, 71.37336073262037, 50.59596867308825, 104.90609730646017, 71.2191136611108, 81.0264477358179, 53.448975587380794, 45.83005182274864, 71.91054424427202, 29.663365920196146, 66.59948823343096, 63.33358958269567], [24.59763448788184, 41.04191443473592, 12.06844861844098, 26.68390556744165, 26.874610889211493, 36.98074997637738, 47.76510028002271, 29.143592836310287, 53.88248365095523, 0.0, 58.84753179459253, 36.52846312165206, 53.586207247054055, 18.71834738267498, 67.7361593190383, 28.674931232173897, 15.77270397218372, 26.051070634085235, 48.97420528031249, 27.534420161478184, 57.635991959853854], [45.59295644299959, 82.62259373692673, 47.08217628069607, 82.97744794664536, 82.54283425244292, 85.94201141309186, 72.37903427135493, 70.50778015479766, 71.37336073262037, 58.84753179459253, 0.0, 90.77412540263029, 69.72793600182442, 71.73517405476986, 10.063252139666737, 85.25181999972747, 45.30655209552142, 83.46288511101491, 42.544207404172056, 86.34598412245349, 9.5311669076489], [46.32657331463945, 22.364091102084515, 47.71804454002626, 10.452443157894246, 9.79100077080884, 11.031924194607035, 77.1300028218158, 55.74718628780573, 50.59596867308825, 36.52846312165206, 90.77412540263029, 0.0, 84.95835890200432, 40.92296576137869, 100.47578081576349, 9.321325596105915, 45.805593141473516, 32.447160786199504, 64.9780889507192, 23.651055452731704, 87.0369815547893], [70.11300530126444, 94.46265546607134, 49.70657069257731, 74.59710610978186, 75.57063850394252, 88.89309171824537, 9.381933552180229, 29.672241453244446, 104.90609730646017, 53.586207247054055, 69.72793600182442, 84.95835890200432, 0.0, 44.17909333233411, 72.40380727246637, 75.67152945477675, 59.20153526020786, 55.62452304273936, 89.65910528867563, 64.34053319520599, 75.77569734117701], [43.25400837305245, 53.46998992023842, 26.309267586644342, 30.70710832301168, 31.82519349634856, 46.030003081561716, 36.20756986613044, 14.842311827470889, 71.2191136611108, 18.71834738267498, 71.73517405476986, 40.92296576137869, 44.17909333233411, 0.0, 79.4812878982351, 31.604254977466056, 33.604837387508326, 13.542423225060936, 67.5784025150636, 20.86697186087446, 72.37531022327774], [55.59294809949694, 92.67786625446301, 55.78350747291627, 92.45249297821061, 92.07756683839311, 95.87394624181105, 76.20911582855811, 76.84117791610721, 81.0264477358179, 67.7361593190383, 10.063252139666737, 100.47578081576349, 72.40380727246637, 79.4812878982351, 0.0, 94.70849556219687, 54.81010440085506, 91.68514941602557, 51.85222023510983, 95.08783142186952, 17.909385600177895], [42.47824317166923, 27.402546854908604, 40.395715740623714, 2.315301805453013, 3.3816722204247456, 16.911575879676644, 67.81026731789727, 46.426028574599236, 53.448975587380794, 28.674931232173897, 85.25181999972747, 9.321325596105915, 75.67152945477675, 31.604254977466056, 94.70849556219687, 0.0, 39.94534345907607, 23.59511269876412, 63.48679177939965, 15.27312721162741, 82.32010336154275], [11.153735317068385, 42.318801223019186, 9.746500155941284, 37.67294174791353, 37.268613177293076, 42.48410831529927, 55.518157184301685, 40.751566143765984, 45.83005182274864, 15.77270397218372, 45.30655209552142, 45.805593141473516, 59.20153526020786, 33.604837387508326, 54.81010440085506, 39.94534345907607, 0.0, 41.802749097637275, 34.40632492229034, 42.49522323764729, 42.838917184694004], [49.571058094047665, 49.58552299156332, 36.64960429191952, 23.640810728220252, 25.148736886851772, 40.1393998994344, 46.92362878472792, 26.064441134718493, 71.91054424427202, 26.051070634085235, 83.46288511101491, 32.447160786199504, 55.62452304273936, 13.542423225060936, 91.68514941602557, 23.59511269876412, 41.802749097637275, 0.0, 73.72671506467539, 9.125696736123539, 83.18305509087692], [24.388393799447364, 48.825976123965276, 43.55822985766821, 61.29064795470258, 60.13414620637734, 56.34927074867797, 87.74054131481367, 75.00607064305032, 29.663365920196146, 48.97420528031249, 42.544207404172056, 64.9780889507192, 89.65910528867563, 67.5784025150636, 51.85222023510983, 63.48679177939965, 34.40632492229034, 73.72671506467539, 0.0, 71.88450136148865, 33.983701100058134], [48.50895839707221, 42.304183987871134, 39.314584815569766, 15.826365027548357, 17.437622355908573, 32.16169928985795, 55.80076986006753, 34.67389508653552, 66.59948823343096, 27.534420161478184, 86.34598412245349, 23.651055452731704, 64.34053319520599, 20.86697186087446, 95.08783142186952, 15.27312721162741, 42.49522323764729, 9.125696736123539, 71.88450136148865, 0.0, 85.07619525410988], [40.877080836587965, 76.88575127237843, 46.55156527255821, 80.0119409467926, 79.40568572461275, 81.24657245482388, 77.47104031890423, 73.08601170504451, 63.33358958269567, 57.635991959853854, 9.5311669076489, 87.0369815547893, 75.77569734117701, 72.37531022327774, 17.909385600177895, 82.32010336154275, 42.838917184694004, 83.18305509087692, 33.983701100058134, 85.07619525410988, 0.0]]",Route_2,987.9404764204934
