instance_id,num_cities,city_coordinates,distance_matrix,best_route,total_distance
1932,99,"[[50.43587199036232, 67.87295522223766], [3.1447504455894504, 55.54433439648301], [3.8893949819459483, 14.257335468910048], [23.303831494245053, 67.06043461733164], [90.41547440918065, 17.777188460518133], [55.125349675884536, 11.509883485012528], [4.833241807080668, 60.79042173481037], [98.31665758369522, 80.42499414959171], [76.35255481237134, 42.82255308108574], [57.292364959366324, 18.302168151255117], [49.35777468368633, 72.84705299159985], [81.59695328465054, 34.95752742124193], [88.50618929271302, 96.16090105588896], [33.97648126999605, 79.61376775910898], [58.87413992439551, 65.76933534210947], [3.942437359685147, 12.632942563785676], [36.20471047918705, 82.4506972520039], [22.00909410700961, 21.26284465381619], [91.83512332711742, 58.60446776095676], [44.10104930331491, 54.64238627041469], [66.78389954466702, 73.89377836625799], [51.57961874007982, 70.06000809418074], [19.950510261402854, 95.66324661074177], [49.55036551668934, 79.33435368780324], [81.24878996507738, 17.09650614737548], [46.82471009248489, 51.200912036186466], [47.33078534028304, 90.19597353403444], [42.66343965784348, 69.65428507695938], [59.38473095928406, 19.42628506448041], [61.30404846310326, 73.66116488621985], [27.35395894702062, 52.972083756460755], [59.88737844856765, 83.11144053106065], [51.106102477374684, 3.4714266106135705], [65.66819224575731, 72.34316429815617], [9.648956101572647, 34.34521645678878], [28.69608393022559, 22.655151836188846], [80.29745728773803, 54.158415598795784], [55.69215381413461, 98.67098064951007], [8.40068560268843, 69.72905584285714], [40.17167201671764, 1.209155573046461], [31.97671594578255, 44.24597425444065], [53.34452362942497, 41.68232668882846], [62.376346003567804, 85.90170062506967], [17.197417414035122, 68.797073334533], [84.47909947688316, 43.9586061802648], [21.333098630816338, 63.049561966418196], [60.45418630087632, 42.16303317038791], [35.427671437879184, 17.940527283922293], [90.92534543645189, 33.14890596530884], [52.148275671823185, 96.23253049664561], [10.984156428682423, 72.12601030802922], [72.60662311550266, 45.07772478681922], [48.36364637572109, 53.571307540497855], [8.250293434297761, 70.18504795100152], [82.31239070510308, 44.51630306403119], [35.38340150827334, 26.924508775880398], [84.57059878001361, 6.257178023705978], [60.35951538287365, 74.22952995634546], [11.824311152433875, 18.54075764711688], [93.16130010150718, 93.2085812173803], [56.84417359620131, 91.45200448831629], [2.2248460287316862, 38.72072917647002], [78.70286333627546, 85.72616344978272], [58.88377201477878, 48.85200957833112], [6.822767438127664, 24.217369123232267], [36.330433183496204, 67.19282537203992], [8.380792904242607, 91.6205008864557], [74.47420205354656, 26.565499795657598], [70.6473840632939, 51.32865606497864], [93.86707694254781, 47.81598833660379], [69.2156502782075, 30.988193089702797], [49.61939433047283, 3.824486252920478], [45.40173501457876, 80.42182593129448], [36.451494495188484, 21.91060181901069], [86.33493558851426, 70.81867406344759], [98.56487889785048, 20.547154212268882], [33.81389392927983, 22.240126763910983], [81.9027380748828, 47.53519002065158], [64.37240998024375, 20.49084823468291], [18.31658443567481, 37.90682699807358], [70.70049583294885, 69.55738015367696], [89.14801399078782, 9.1420231778773], [39.02678122139805, 97.90208706210282], [22.259264003480627, 12.341029398528647], [1.921896739225526, 3.051147421228917], [97.59908683397829, 44.15392393348777], [5.89318750872393, 39.184506467578615], [81.09344992720877, 96.12809065834013], [97.27865465578981, 15.300354471125566], [42.3228790757736, 64.21339258145893], [86.68426925470621, 40.068838106385606], [42.55335150558245, 0.9847220595176731], [57.295324952987094, 20.74287112414933], [66.01626386540215, 98.82661299696647], [31.837295546225352, 23.111298675749325], [92.19280587922174, 12.519710596598276], [52.290204723799306, 44.32950468280665], [33.10532255749483, 72.46485722993854], [39.7163293319891, 82.04044049348126]]","[[0.0, 48.87172053885265, 71.0014732482957, 27.144204007786712, 64.09332615032073, 56.557820472668475, 46.14934626008997, 49.498720289200676, 36.044376758796176, 50.04272601158626, 5.089591577114605, 45.32591283969692, 47.4294943994689, 20.217769953969555, 8.69652702672758, 72.20178988268219, 20.37244513168632, 54.59472600929458, 42.424083620789496, 14.668944517765166, 17.42149006967764, 2.4680674407649046, 41.25115241061117, 11.495554640876872, 59.39430692220081, 17.058649250460537, 22.53793933910806, 7.9739476054779255, 49.2662351537052, 12.313432947673705, 27.4738180852242, 17.931603632601046, 64.40501608119943, 15.874707857007657, 52.7985016306655, 50.17238411675323, 32.86035413009729, 31.243349193545765, 42.07614531014394, 67.44935866831109, 29.98290632228284, 26.351646577253007, 21.624305317400868, 33.25129857476304, 41.60333433512651, 29.499771858734505, 27.592874325384077, 52.13917379129259, 53.340013655221455, 28.411227289807304, 39.68030164102175, 31.79881658264563, 14.4509946166549, 42.248891238662075, 39.51766244871613, 43.62742410439046, 70.43921899611917, 11.78493701858569, 62.64597631078794, 49.672488883146926, 24.434358877686183, 56.339642417187534, 33.432915573817525, 20.81257763975868, 61.70829025610599, 14.121826388515569, 48.29674525280048, 47.79275244266107, 26.119323400102473, 47.83880730380049, 41.390406498539, 64.05367290860599, 13.52097227138549, 48.04269709633978, 36.019717193720666, 67.49913145468025, 48.56588501994149, 37.46716368469852, 49.38918053302254, 43.9274114166513, 20.334509259659562, 70.34168264308427, 32.12345111021649, 62.2713097930044, 80.96587281848342, 52.79167812886586, 52.981863243750574, 41.6922026698795, 70.41395200935895, 8.90017150137851, 45.68386184229296, 67.35109401355979, 47.626640885531074, 34.65368004433059, 48.47177469965577, 69.33702631627962, 23.616363250698242, 17.92856680533587, 17.765872725976266], [48.87172053885265, 0.0, 41.29371351587232, 23.216569794500117, 95.09225296141531, 68.12499954800188, 5.511119254669522, 98.37041800284368, 74.30495501675377, 65.71866632981661, 49.3459996353578, 81.10835192344263, 94.53190323509405, 39.114361148132744, 56.65964609859932, 42.91880535886575, 42.62526621073498, 39.12906848818067, 88.7431499219677, 40.966229098434745, 66.23174006512691, 50.56324010190271, 43.49667435841744, 52.148308965952886, 87.05444552884478, 43.89537780398226, 56.152842979088476, 41.962096054179646, 66.83897736897029, 60.91570809638384, 24.345476984870555, 63.084635001872165, 70.79462560104751, 64.74087936230342, 22.174473897623578, 41.64815688992066, 77.16515368988973, 67.97894687188324, 15.127166849309727, 65.75184087772224, 30.966678486780214, 52.078522304262876, 66.55788155192784, 19.31612120189119, 82.15537371739224, 19.675986648286823, 58.85091894401255, 49.56040049427661, 90.59242833463328, 63.69360082836747, 18.341435663636197, 70.24600822489732, 45.261919801467926, 15.505388179436551, 79.93205076394139, 43.10945419389105, 95.18084135105774, 60.18858579447593, 38.007886896143376, 97.57855656106915, 64.59867504935691, 16.84873635424932, 81.36320561902816, 56.13934214935373, 31.542139468160016, 35.17068212003618, 36.4541620290612, 76.9913210791573, 67.6341444029623, 91.05090805610872, 70.48665037133206, 69.53297934232285, 49.03613290144745, 47.33462967298279, 84.58080371086524, 101.63564106499425, 45.274348234476626, 79.16417756187982, 70.55191835936888, 23.265128709114347, 68.99379817226286, 97.72274979171016, 55.513055612872705, 47.24288508655112, 52.507428522125835, 95.13865204577175, 16.589089069426674, 87.88083421996872, 102.37563109494246, 40.12578139772175, 84.96082737522975, 67.3037081880755, 64.36945366691265, 76.32943626509734, 43.30316328415757, 98.89729232710498, 50.40880956458279, 34.40842882536447, 45.1610896740495], [71.0014732482957, 41.29371351587232, 0.0, 56.259111482213555, 86.59764307491665, 51.30956583136472, 46.542657468810674, 115.30250204459097, 77.89018673646076, 53.55593220024677, 74.16285156390781, 80.41742699335522, 117.76330470605525, 71.94925991980689, 75.3445970678902, 1.6252586883492195, 75.46266763748919, 19.426802498677883, 98.49426012053183, 56.990608625469, 86.67308708958498, 73.40501150619086, 82.97518781450155, 79.4980662056434, 77.41147771679337, 56.64158484032283, 87.48617689356064, 67.6184040510071, 55.73553942646635, 82.61511595224091, 45.27049256457777, 88.75056020238809, 48.432977366752446, 84.79730716327957, 20.89726075048822, 26.1895997738651, 86.19911937402473, 99.04135154218231, 55.65486056320845, 38.55721236581737, 41.087906434066525, 56.55033061752426, 92.48588269803524, 56.13988303785335, 85.88868349468679, 51.816639832912266, 63.073794726180914, 31.752618533863405, 89.06260779552561, 95.1254548755226, 58.30196538386851, 75.31237507917783, 59.35947638820861, 56.09747283783125, 84.05814284242135, 33.945982482013605, 81.07687195158297, 82.37438078513276, 9.017239055798894, 119.17538440848968, 93.61210126420876, 24.51995829745091, 103.46423739710177, 64.97055473032702, 10.383012297109003, 62.08532073589382, 77.4934321005267, 71.64988414805218, 76.3604080458052, 96.03211146953703, 67.43471826707352, 46.90498036647967, 78.10898906740434, 33.449406729206615, 99.98225937392705, 94.88418769497373, 30.970963725859892, 84.81448758380341, 60.80338629291439, 27.70274797058521, 86.728415983806, 85.41193438349023, 90.72530176762909, 18.469551072609214, 11.377596402364578, 98.36316561001469, 25.007579620731683, 112.5312696777156, 93.39508397698253, 63.02967826209133, 86.72499567164351, 40.878647247393545, 53.79828555639233, 104.93669777003463, 29.316851986850715, 88.3205056387813, 56.98222306032222, 65.1282274721209, 76.66888907304157], [27.144204007786712, 23.216569794500117, 56.259111482213555, 0.0, 83.26350320815777, 64.01931544845517, 19.50578747291598, 76.19406492252148, 58.32359682879825, 59.43558661178159, 26.688816158234747, 66.54836360506391, 71.40157287778077, 16.477002949695773, 35.59373230155151, 57.768637460758754, 20.082152836494085, 45.81588797969757, 69.05100532040377, 24.22255546684245, 44.01375812698021, 28.434443645247026, 28.798708603355752, 28.974637832763538, 76.51151782795436, 28.368224945085842, 33.35487478744164, 19.532600657745963, 59.756535289704075, 38.56923812785153, 14.658961844643965, 39.94985229762045, 69.40121188493633, 42.69246180258216, 35.45054472474751, 44.7314824838904, 58.435738002042626, 45.25737556630441, 15.140188133254693, 67.97731235978574, 24.40734574589472, 39.32545671688272, 43.37804392611061, 6.348559439201059, 65.39195584996106, 4.4688798865983586, 44.721688933546176, 50.593999559449536, 75.64827111939198, 41.024543116350586, 13.320452349647587, 53.98152270121376, 28.45963582319384, 15.3744013414256, 63.168409253628155, 41.9143001238752, 86.31716391331913, 37.742809069196724, 49.859186120233105, 74.59082712259095, 41.47171601329496, 35.319435623040825, 58.459063983961414, 39.96847394942192, 45.90374421932848, 13.027274422623222, 28.738370446190366, 65.25524170047844, 49.88888479690206, 73.14041509896727, 58.387513330154746, 68.49302163676185, 25.823325073251482, 47.02518946376202, 63.14304749595906, 88.47434944845732, 46.03608810991363, 61.76622887149979, 62.091501147190954, 29.577110583031583, 47.462390663000015, 87.69263795956844, 34.61818414715944, 54.72937445962932, 67.48611695171883, 77.74633880579339, 32.86636417678043, 64.68824179358964, 90.28499520143694, 19.23095991526354, 68.88850537584194, 68.82255306721578, 57.45205231756893, 53.23008517659397, 44.76992917950756, 87.86570075131579, 36.8361915606283, 11.192721333019158, 22.220950954525556], [64.09332615032073, 95.09225296141531, 86.59764307491665, 83.26350320815777, 0.0, 35.84232156749329, 95.78338464404266, 63.144091197935154, 28.7234398455948, 33.12726948150217, 68.69079040323054, 19.311404962590053, 78.40696250901229, 83.72050218384885, 57.42910362686617, 86.62591645927603, 84.38880059152329, 68.49512876944704, 40.85195390830435, 59.19517533084642, 60.889432525078576, 65.12846470167501, 105.03118216285878, 73.8866815848056, 9.191922111788703, 54.92995568336464, 84.26607184203932, 70.50879360933992, 31.074532316070336, 63.011855565142135, 72.21797135946574, 72.11469431813175, 41.8315854801039, 59.91555468815914, 82.44834765608336, 61.91185417824371, 37.76199092416549, 88.03132742303822, 97.08461313455219, 52.905003474276555, 64.15360560520303, 44.11021452486592, 73.6691379032263, 89.24075595097854, 26.8459900386012, 82.59517205043439, 38.63092294163708, 54.988045566121926, 15.380171244545352, 87.29043013532562, 96.24514903272538, 32.59562038225414, 55.222959008617266, 97.45614757935749, 27.939939428980384, 55.78711783846353, 12.917941460801394, 63.95488670424296, 78.59487247875236, 75.48135247842767, 80.96302091081738, 90.64336066066386, 68.95105844174435, 44.27067611176957, 83.84042333932199, 73.26047266947805, 110.37447059737704, 18.203257412887517, 38.94198729310439, 30.236452471212132, 24.979255122932102, 43.11609964598191, 77.14005015638848, 54.122049426734705, 53.19821418086079, 8.607293638875351, 56.777255403220934, 30.951661292250197, 26.18406298150993, 74.85621071804488, 55.406395226919, 8.72768785937708, 95.18821966746873, 68.3726615118448, 89.71047638664733, 27.337455289048425, 87.19111334957556, 78.90351079422987, 7.296434040574648, 66.85221596225905, 22.6017595739553, 50.722477627456925, 33.25266265522147, 84.64236937166318, 58.82053868070758, 5.549773026350332, 46.46032377579243, 79.21612601419693, 81.85455927075935], [56.557820472668475, 68.12499954800188, 51.30956583136472, 64.01931544845517, 35.84232156749329, 0.0, 70.41212654136497, 81.3313073588425, 37.82958518328399, 7.129592290314913, 61.60773721189941, 35.36294393542241, 90.99491870049259, 71.31208654968042, 54.38879980437104, 51.19523195437413, 73.42063501179051, 34.522552548489685, 59.71186942014766, 44.519074510117164, 63.46394350808317, 58.657389130596734, 91.20886937795808, 68.05320864341756, 26.714125202122023, 40.549702402651555, 79.07120841611449, 59.46486893774629, 8.989535187359566, 62.4576504402402, 49.90354891553215, 71.75973724485303, 8.987276393007013, 61.740097051623685, 50.88766849107559, 28.683150009620523, 49.523048099679144, 87.16294009411408, 74.65029311921984, 18.158124106047513, 40.093776105957545, 30.224951121469942, 74.74436035677725, 68.7048045373425, 43.75571084936236, 61.629982059542925, 31.11289259149465, 20.720803740116988, 41.83165058134104, 84.77493666339974, 74.9850636614445, 37.846993153141995, 42.60145566873039, 75.10023850003927, 42.76165260312841, 25.047059514252577, 29.91009210061804, 62.9376718995643, 43.868133407893076, 90.11887003255877, 79.96059695985214, 59.48859898641708, 77.87140272407497, 37.530788955826715, 49.94616744136458, 58.76937045051546, 92.75108952577142, 24.516314380957006, 42.737199268306995, 53.0947707509813, 24.04040590589086, 9.454145909637523, 69.5945723013026, 21.374934132594987, 67.01918302034487, 44.36964008445141, 23.860349261145284, 44.88709436416624, 12.890533429896445, 45.29551661412648, 60.10072418292914, 34.10496224186005, 87.87933059138082, 32.87659335994756, 53.87167734700716, 53.56913033619755, 56.47734544824832, 88.51318102910446, 42.323383501623205, 54.23617911086578, 42.56265139824093, 16.39616299707965, 9.484558684919891, 87.99331374909781, 26.01780735522874, 37.08120899029069, 32.941851533665066, 64.81041905850662, 72.19416444480427], [46.14934626008997, 5.511119254669522, 46.542657468810674, 19.50578747291598, 95.78338464404266, 70.41212654136497, 0.0, 95.52311478995374, 73.74182284637558, 67.50712032435666, 46.128043369973234, 80.99386290594856, 90.84180176733747, 34.693612696623376, 54.269772894632155, 48.165717400150676, 38.12265182441649, 43.09801912063837, 87.02933863245381, 39.74618278064923, 63.32125985109953, 47.65657339377078, 38.00849537073816, 48.409694949851485, 88.02553186234663, 43.07252146118347, 51.67908361197285, 38.85475444236075, 68.46062204804088, 57.918978182038394, 23.839234661391483, 59.4069511205724, 73.66576434586246, 61.92218548800732, 26.88010391279906, 44.98593162795286, 75.75507457259363, 63.41581564744942, 9.624231655169012, 69.27288017052804, 31.788157083245483, 52.138889135972114, 62.78363774162945, 14.730217523137545, 81.40499160875014, 16.6537980589968, 58.6572167010324, 52.651045373155995, 90.42070394199547, 59.11730290792612, 12.896872449688104, 69.5709713843078, 44.12495588281121, 9.996761653906379, 79.16985191644943, 45.60934463802563, 96.60186730433136, 57.12947301528291, 42.82416567914049, 94.08922864122623, 60.37606878989929, 22.22329989349404, 77.96481385690785, 55.353279040642725, 36.62712641698572, 32.14131044211725, 31.03351251927005, 77.59644724979968, 66.4907988409816, 89.97421697872143, 70.94552383877573, 72.46321317175625, 45.06877712843508, 50.11341436914921, 82.11633171306052, 102.0055899086252, 48.22865786823512, 78.20107686450876, 71.89553651684068, 26.560486375728733, 66.4481355105347, 98.87637676354369, 50.46259843729252, 51.48795846937785, 57.812626028949175, 94.24582252093616, 21.631899117396753, 84.0498077777353, 103.03155136375868, 37.645579182092234, 84.43325602096458, 70.70734324890388, 66.00057937564985, 72.04244605730966, 46.35660937608013, 99.80859175774015, 50.23071888268925, 30.587628121314793, 40.84596788563452], [49.498720289200676, 98.37041800284368, 115.30250204459097, 76.19406492252148, 63.144091197935154, 81.3313073588425, 95.52311478995374, 0.0, 43.54727758264277, 74.44620940884883, 49.54187528758646, 48.44418481656067, 18.54357177708816, 64.34529024205666, 42.077316149981584, 116.19920697277817, 62.14497120582117, 96.55570504485426, 22.762813055426736, 60.03394914765347, 32.202043555593875, 47.87257811940441, 79.83393629409098, 48.77848643184217, 65.5881810823681, 59.20698972088189, 51.91368997242204, 56.685878659765244, 72.36392347529655, 37.6255580718449, 76.08788922589966, 38.5230643771502, 90.28116121552158, 33.63388563145935, 99.92650898705978, 90.46755748197042, 31.853174536786067, 46.365551274157085, 90.54990399525927, 98.26488909050529, 75.563942043116, 59.35896827250378, 36.35519646893938, 81.9483963734756, 39.00353145407311, 78.92004810314955, 53.82884347277396, 88.6528802574151, 47.850391944748765, 48.79956653213123, 87.72593054959762, 43.70852689990872, 56.7135240770966, 90.64660197294705, 39.313746371967845, 82.60082720819038, 75.43088943872708, 38.45943864155048, 106.35123280281975, 13.783969279162074, 42.91342313429771, 104.75152488084824, 20.317561879551494, 50.51540180012743, 107.37983537458517, 63.38282342992811, 90.63001228476126, 58.900830365696685, 40.15203092099934, 32.911183934850385, 57.36606945947302, 90.7692748587408, 52.91492266396312, 85.15416909221001, 15.357182279547876, 59.87835443113358, 86.86820656458049, 36.758073525170225, 68.87897931817805, 90.59694388671757, 29.677557578203587, 71.8702022808343, 61.81212029795637, 102.07915249667616, 123.60688522815663, 36.2781675722795, 101.20709285889693, 23.30721180110397, 65.13291136843482, 58.29338947940899, 41.999187954292644, 97.05824609226299, 72.42033926752373, 37.174386485331596, 87.77451375984565, 68.1808557742628, 58.49203982347523, 65.69537271131792, 58.62259068053622], [36.044376758796176, 74.30495501675377, 77.89018673646076, 58.32359682879825, 28.7234398455948, 37.82958518328399, 73.74182284637558, 43.54727758264277, 0.0, 31.057046130301256, 40.375595959347876, 9.453165817124233, 54.70548597501848, 56.11884787086413, 28.845273497248183, 78.45149898311749, 56.41133941888522, 58.46394400743138, 22.10834138456648, 34.34920762149048, 32.51123197225987, 36.81816558754952, 77.28731799088686, 45.29314445461109, 26.187833234272315, 30.69349300067104, 55.556314390921344, 43.0685305274446, 28.901425629443043, 34.31439233633198, 50.03873869020225, 43.523516455450896, 46.75355077422841, 31.39461880775569, 67.24013174595147, 51.74807522906987, 12.002667810140279, 59.54745192930995, 73.0849944924337, 55.14282484634714, 44.398662175230086, 23.036267387340175, 45.289594453733116, 64.60654752432433, 8.205567916266366, 58.619727455536406, 15.912042227190797, 47.895315919059264, 17.491302841522952, 58.6384926157229, 71.63602524358794, 4.37239107353703, 29.981906508825006, 73.39362458901739, 6.195839965091199, 43.94564068465672, 37.47749857902675, 35.244510304961906, 68.94562944330387, 53.115776842163505, 52.396569370938906, 74.24110834878857, 42.96793842886227, 18.48006271855267, 71.97599740478142, 46.858087788680876, 83.67436959374687, 16.365206708496984, 10.242204901715276, 18.212437538657255, 13.81982209492632, 47.28119166946814, 48.6996772578615, 45.0489103089394, 29.722562406679355, 31.457602197930537, 47.256469851530255, 7.28103572107862, 25.34223572508166, 58.2437826766772, 27.325752492991416, 36.0291808142711, 66.53546751718676, 62.09031644745829, 84.39009165395211, 21.288204980500243, 70.55322688575164, 53.51594550122392, 34.57416768315345, 40.19436335195166, 10.692393066093237, 53.78466555406785, 29.166596737241555, 56.94992219135998, 48.68410272115622, 34.1932130180905, 24.109491801258102, 52.43080480938975, 53.66801384941257], [50.04272601158626, 65.71866632981661, 53.55593220024677, 59.43558661178159, 33.12726948150217, 7.129592290314913, 67.50712032435666, 74.44620940884883, 31.057046130301256, 0.0, 55.11898207595442, 29.463774470930865, 83.88256743226293, 65.59529463833537, 47.49351506431707, 53.65030189712675, 67.52572070896422, 35.40727054424814, 53.079916253541654, 38.6603448210913, 56.3960668405233, 52.07215633064834, 85.90198235604733, 61.52126645915252, 23.98674467121074, 34.52389241696907, 72.58066079145522, 53.39518113302677, 2.3752124772767007, 55.50416312346301, 45.80732695357958, 64.86120474836218, 16.06924821332374, 54.68622996039155, 50.27199823484819, 28.92569369365052, 42.601698957391044, 80.38474169946052, 70.95858713334736, 24.192751101006674, 36.24862976856714, 23.711121112432807, 67.79043925168288, 64.47743999362167, 37.38143049780674, 57.40555798994452, 24.06944107487549, 21.86768407732028, 36.7641537301115, 78.09995537695315, 71.00321233464467, 30.845695583291505, 36.38178402447804, 71.39298281893589, 36.23786083011186, 23.544584034303767, 29.819185561424405, 56.01140250161479, 45.46867979101262, 83.05149743781912, 73.15120936551119, 58.731161026462175, 70.74181636601863, 30.59126325661472, 50.81505560849756, 53.19491467477423, 88.13580314476714, 19.065628124883048, 35.624506160529386, 46.99760779641634, 17.409766268775986, 16.38529070298201, 63.24744234507103, 21.15094974792461, 60.0121179594121, 41.33352597125625, 23.80643022264366, 38.21308718883556, 7.410624670379998, 43.62859287131672, 52.9799464980508, 33.146502547725966, 81.66871273567534, 35.5366478134128, 57.43241579652828, 47.88470638211664, 55.47925284428421, 81.38406391748482, 40.09880608018792, 48.29002004865628, 36.57419799588228, 22.740546535451927, 2.440704767778539, 80.99563339978732, 25.905371937678236, 35.376229190965596, 26.503657369293865, 59.31787174523428, 66.11720191861285], [5.089591577114605, 49.3459996353578, 74.16285156390781, 26.688816158234747, 68.69079040323054, 61.60773721189941, 46.128043369973234, 49.54187528758646, 40.375595959347876, 55.11898207595442, 0.0, 49.74917873504723, 45.56461212350008, 16.8039464359673, 11.8598184859839, 75.42076609837515, 16.285978050091803, 58.385622195202856, 44.80152209275629, 18.94843139033064, 17.4575330926349, 3.56429660257967, 37.22050365145898, 6.490158823319949, 64.22741104161037, 21.793848546891006, 17.466932466405748, 7.416730303508683, 54.353641074687005, 11.9739816013616, 29.65100856751526, 14.704768172454846, 69.39765259595156, 16.318199191837742, 55.30986973172626, 54.278286693540664, 36.145942057707856, 26.58946405344115, 41.07560166581088, 72.22446142934724, 33.46823729716941, 31.41869400027632, 18.436567577640353, 32.414362787725175, 45.47581570901787, 29.687931862236884, 32.628812775929134, 56.64604436080867, 57.478742293192084, 23.551379023398905, 38.38039187570001, 36.2166335038252, 19.301364039579617, 41.19358306223196, 43.45846417646912, 48.00169968751534, 75.32698340620462, 11.088261404305321, 66.01465442380253, 48.30466510306154, 20.05468496068878, 58.19036810957757, 32.04692987202347, 25.816791697587668, 64.60706613457307, 14.201475857683606, 45.07277872079477, 52.657545423750015, 30.270263854613095, 51.06498002871718, 46.33032889386956, 69.02306255183866, 8.545609103597162, 52.54611428413686, 37.03275239106198, 71.80959906218581, 52.94027966607234, 41.22941970479795, 54.46660857476661, 46.73729650388364, 21.594760786721977, 75.11054498326905, 27.101368197784918, 66.29712039093788, 84.38975619558288, 56.12949183029704, 54.975789005450395, 39.3593673475896, 74.88680289548424, 11.136868872886334, 49.67573419710732, 72.18375704948318, 52.70531730626462, 30.861672020319766, 52.731512841685564, 73.98802699063036, 28.667921227122676, 16.25694539925562, 13.32200593865328], [45.32591283969692, 81.10835192344263, 80.41742699335522, 66.54836360506391, 19.311404962590053, 35.36294393542241, 80.99386290594856, 48.44418481656067, 9.453165817124233, 29.463774470930865, 49.74917873504723, 0.0, 61.5921300693304, 65.28314603335102, 38.28438003099202, 80.79982012726556, 65.69670377944202, 61.14128962881625, 25.76815696258657, 42.34898444224367, 41.65883098164066, 46.186843608918785, 86.5186007730877, 54.73834576475806, 17.864414310091615, 38.37911463757504, 65.00350909410568, 52.15058460984266, 27.103547918602317, 43.70095581468236, 57.15616042621237, 52.821444389106354, 43.82997293187171, 40.63755987909034, 71.95060266164123, 54.312525475157635, 19.244812201030154, 68.77835966260285, 81.03550327692577, 53.432261139983815, 50.48210770301443, 29.04174076416222, 54.449430921500095, 72.74898685183469, 9.451253117948633, 66.4898081109115, 22.3368733002439, 49.20549644013509, 9.502105646047648, 67.98419386177179, 79.79763906236587, 13.536780683328223, 38.09101598055774, 81.36774983909771, 9.585512114215135, 46.90652146924373, 28.853987992524278, 44.646600674060366, 71.67797374317303, 59.38787237863593, 61.67921887789352, 79.4612679089356, 50.85105860085644, 26.62602557295631, 75.54157709021335, 55.571326023813135, 92.58130860367623, 11.007257277304086, 19.69535273111546, 17.773462006372842, 13.002010581940413, 44.62992862481755, 58.11278916580501, 46.99292198811619, 36.17278417271062, 22.261387100470056, 49.44646641407212, 12.581379129591703, 22.493770220490045, 63.34906036916662, 36.275096059182765, 26.897189019058246, 75.98840133781482, 63.5017114103239, 85.82617153422319, 18.45648901988047, 75.82168228491456, 61.17263540485063, 25.1459779345401, 48.97303902390755, 7.211538025917037, 51.754751898043615, 28.153607108411197, 65.74205636469172, 51.15033405302211, 24.813861369447178, 30.768806752947732, 61.304469983494464, 63.01418384802174], [47.4294943994689, 94.53190323509405, 117.76330470605525, 71.40157287778077, 78.40696250901229, 90.99491870049259, 90.84180176733747, 18.54357177708816, 54.70548597501848, 83.88256743226293, 45.56461212350008, 61.5921300693304, 0.0, 56.98505661473162, 42.44650299260686, 118.86104488371791, 54.068608031146596, 100.15778811926995, 37.70367997479965, 60.79147577966576, 31.107597541005035, 45.21977693639307, 68.55748527615927, 42.4345248871605, 79.39677819187715, 61.3086153894444, 41.60521903543789, 52.9543046856417, 82.07472587109001, 35.30148146209502, 74.86567448421214, 31.453533253388635, 99.95051358915673, 32.99785892110901, 100.19801439658035, 94.76467628721839, 42.797103473282206, 32.90989857103354, 84.35362566480599, 106.5460441806358, 76.75116273830031, 64.8402482820986, 28.07169221466725, 76.37879296250611, 52.35739721057929, 74.89048594694326, 60.8496886436902, 94.5291274195001, 63.05841610556899, 36.35798418010643, 81.16243929696417, 53.50034674990753, 58.526038885685594, 84.35492732830421, 52.014686797908126, 87.26802735218577, 89.98982324535991, 35.682212522386045, 109.11002290311814, 5.512372363239264, 32.010263117479234, 103.65251343298031, 14.317435130513083, 55.8177285297727, 108.84876293655957, 59.677960206375026, 80.25393685114828, 70.99589102513428, 48.25833726049138, 48.641234587841744, 67.96768908176843, 100.19079958310127, 45.88804271695836, 90.679645936833, 25.43507050480538, 76.27985283352064, 91.95394523372322, 49.072042362924634, 79.42541279632786, 91.21467959884856, 32.012342057049175, 87.02124479741349, 49.51003485957108, 106.83831707273141, 127.1466316458875, 52.79589430160179, 100.35545627440605, 7.412811978128386, 81.33501178787076, 56.1564015969492, 56.121643940247665, 105.68901716375095, 81.62105911845025, 22.647356708428624, 92.45327428678344, 83.7223977398119, 63.23046092097832, 60.25577588924374, 50.792104125361476], [20.217769953969555, 39.114361148132744, 71.94925991980689, 16.477002949695773, 83.72050218384885, 71.31208654968042, 34.693612696623376, 64.34529024205666, 56.11884787086413, 65.59529463833537, 16.8039464359673, 65.28314603335102, 56.98505661473162, 0.0, 28.48792227277832, 73.40623091708865, 3.607377767346941, 59.56549825820821, 61.554960377750646, 26.945811758327228, 33.30232683317403, 20.028598865768846, 21.314634271854274, 15.57639055598713, 78.37779767761396, 31.182805425532894, 17.038794448685312, 13.215692994626904, 65.3307907910919, 27.968364443708847, 27.452452138475177, 26.145904218790406, 78.04537166470625, 32.5150152892107, 51.391343802541975, 57.202854158866806, 52.85459083979167, 28.89200230503803, 27.41949769202861, 78.64898982463238, 35.424283743511126, 42.590084368369084, 29.08763339654846, 19.963413088875047, 61.82074888711792, 20.838139026873822, 45.86530698618653, 61.690311586290164, 73.49936402014909, 24.625137293197206, 24.180850135069445, 51.81723770317949, 29.7523151034896, 27.399589372423605, 59.73434664362791, 52.708039583716335, 89.11203052464745, 26.926836162423, 64.96638519308969, 60.726120681993095, 25.750246623726536, 51.772646687372465, 45.142115965228825, 39.581042161845524, 61.693477424181275, 12.642029085315375, 28.27191014608124, 66.73967427688392, 46.31201415642521, 67.8084229739593, 60.05202364882708, 77.38679422383332, 11.453793307797074, 57.75622087684925, 53.09200892544772, 87.52443055527745, 57.37387136745459, 57.67114738801552, 66.47880936998061, 44.54998626830429, 38.0760315328509, 89.49952406065493, 18.97282668785514, 68.28553658719996, 83.00199529193668, 72.83705418869926, 49.225974414537916, 49.92726305601816, 90.2406797631537, 17.516675253730885, 65.89318914334012, 79.09544570116857, 63.321015005414075, 37.35881543752092, 56.54294941083988, 88.82991026412776, 39.7538889617116, 7.2017941692644, 6.231741035578356], [8.69652702672758, 56.65964609859932, 75.3445970678902, 35.59373230155151, 57.42910362686617, 54.38879980437104, 54.269772894632155, 42.077316149981584, 28.845273497248183, 47.49351506431707, 11.8598184859839, 38.28438003099202, 42.44650299260686, 28.48792227277832, 0.0, 76.42622706996669, 28.14553013428884, 57.791515956108114, 33.730724189230834, 18.49468037417108, 11.338909634665642, 8.46285483591661, 49.078456343681616, 16.460330857088053, 53.56929406164258, 18.905758828851543, 27.016840829633608, 16.6697221804774, 46.34586294632741, 8.257446885071577, 34.01898671319965, 17.371679961693804, 62.780345953937776, 9.453802096974513, 58.400290839254126, 52.62649411626669, 24.367436962802728, 33.05515541545508, 50.628539161321775, 67.21457518761429, 34.448896777624675, 24.71357202495904, 20.434715053250248, 41.78655760596157, 33.6351283668707, 37.6394334258811, 23.659121893562666, 53.266610224005376, 45.7315229081966, 31.196850946327647, 48.31001796565617, 24.833925222683575, 16.101625908137866, 50.81606390992233, 31.639263276384558, 45.395322912113905, 64.82287301878003, 8.589600291247363, 66.66502035222715, 43.91493558249266, 25.7627688295945, 62.77554933555869, 28.13277910665871, 16.917328505853515, 66.60263714267562, 22.58860415087617, 56.72619195132683, 42.19363293183719, 18.631760398283927, 39.32973823783313, 36.28601235710738, 62.63237696823129, 19.904802800334636, 49.25813165655116, 27.92115900225647, 60.16976338992075, 50.227561445684586, 29.37346401738603, 45.61109917930536, 49.20604310897319, 12.418211528646863, 64.21183640056698, 37.768126516736096, 64.77061845238832, 84.71793847764255, 44.34915471025325, 59.27676142604069, 37.62116108457952, 63.419435364165935, 16.624235126872613, 37.867120982879825, 66.80878873910702, 45.05413562243968, 33.820016858940335, 50.5044458058686, 62.814457225602574, 22.427985674715217, 26.62446171923632, 25.13504663893657], [72.20178988268219, 42.91880535886575, 1.6252586883492195, 57.768637460758754, 86.62591645927603, 51.19523195437413, 48.165717400150676, 116.19920697277817, 78.45149898311749, 53.65030189712675, 75.42076609837515, 80.79982012726556, 118.86104488371791, 73.40623091708865, 76.42622706996669, 0.0, 76.91146297231352, 20.021970335338068, 99.1892402205189, 58.11632708438718, 87.76069378009714, 74.61346329785873, 84.55938616236924, 80.8032261528565, 77.43510543037947, 57.67475690416267, 88.87391357297834, 68.92568114265288, 55.85693709751612, 83.75439300846394, 46.64060093091479, 89.98363800803854, 48.04523578768026, 85.88002908606373, 22.449659101115493, 26.70557427278194, 86.91636197514657, 100.40207742251391, 57.26990596266771, 37.98763421225527, 42.2528643823975, 57.3099716091982, 93.71676790865439, 57.70705400100426, 86.4144151515968, 53.33170362399015, 63.7620892037452, 31.92946007248007, 89.36963159700218, 96.50230023123788, 59.90835431780639, 75.94362579578016, 60.408555167400316, 57.713104737665745, 84.60731802953927, 34.53669195779317, 80.87985402739722, 83.52859552921858, 9.850188502950331, 120.21829733189008, 94.92648850295116, 26.144267638033373, 104.55496273104588, 65.80555500174074, 11.93713701320347, 63.44890137373255, 79.11215690219237, 71.89468674282978, 77.1161990641246, 96.56235039579332, 67.80492273114051, 46.51852642433561, 79.46197877130156, 33.80700751464825, 100.86675921500778, 94.95283665410162, 31.378366844759757, 85.41648181202707, 60.93872555653081, 29.07551097676398, 87.73271890261422, 85.27705909092798, 92.20487073729782, 18.31915258943236, 9.792516660841157, 98.81872422400383, 26.623128514154285, 113.6825338190778, 93.3743248726816, 64.29308773381281, 87.17189403453604, 40.32968797421947, 53.96574428095767, 106.21915439225471, 29.797970737221604, 88.25044116214042, 57.81157893760953, 66.56073831981152, 78.08439098633458], [20.37244513168632, 42.62526621073498, 75.46266763748919, 20.082152836494085, 84.38880059152329, 73.42063501179051, 38.12265182441649, 62.14497120582117, 56.41133941888522, 67.52572070896422, 16.285978050091803, 65.69670377944202, 54.068608031146596, 3.607377767346941, 28.14553013428884, 76.91146297231352, 0.0, 62.812967051108004, 60.525907631119935, 28.907686287114096, 31.75386062701046, 19.746315652208775, 20.946849053661985, 13.704674588991347, 79.37341741207506, 33.005052156013456, 13.556505689140433, 14.333992715111018, 67.1519908940947, 26.59384602572603, 30.778636361992472, 23.691883501079957, 80.37273589053461, 31.14898040421446, 54.94857025531235, 60.26513688880637, 52.38915462447776, 25.354645357965595, 30.576199232014954, 81.33833584610657, 38.437960365959036, 44.22480337097564, 26.39818043543797, 23.40296211474749, 61.74186349775929, 24.44522221903902, 47.02268553347229, 64.51484960055704, 73.65469784204586, 21.074539108482295, 27.252073445987676, 52.17124030024019, 31.33462736726042, 30.526964885077867, 59.70708867650328, 55.532262290597295, 90.24805551102493, 25.515528441291714, 68.40237021940288, 57.963653860137974, 22.516904088286243, 55.37997197506092, 42.62419119557863, 40.53654703509128, 65.22590805670124, 15.258389839815163, 29.296001227329775, 67.73263083695177, 46.420676549014544, 67.26448964951275, 61.140097162741014, 79.76236455185074, 9.418151577703258, 60.540598422764866, 51.462058188251, 87.86830626611847, 60.25801857244326, 57.510019747515194, 68.0620465856783, 48.00147321226255, 36.826577806942865, 90.42762344122508, 15.706989856037724, 71.48315188861928, 86.48467974883538, 72.35960402464596, 52.827565624238275, 46.92621889332306, 90.7700126301426, 19.23619683363994, 65.91212209305753, 81.71297545032131, 65.21249745492037, 34.01322289618063, 59.49990366873094, 89.58241859383963, 41.37594044842091, 10.455773832453241, 3.5355024501855894], [54.59472600929458, 39.12906848818067, 19.426802498677883, 45.81588797969757, 68.49512876944704, 34.522552548489685, 43.09801912063837, 96.55570504485426, 58.46394400743138, 35.40727054424814, 58.385622195202856, 61.14128962881625, 100.15778811926995, 59.56549825820821, 57.791515956108114, 20.021970335338068, 62.812967051108004, 0.0, 79.18378099663518, 40.02809367094306, 69.09991595815092, 57.05768210241863, 74.42887597432524, 64.27146950510843, 59.386024803034445, 38.88576443031459, 73.43680483333964, 52.614955063744645, 37.42073197090455, 65.49562886960477, 32.15654559536314, 72.52594871248925, 34.10528481178674, 67.19610037239325, 17.99781829846772, 6.830399123468597, 66.93020147948668, 84.419002775214, 50.34046492674853, 27.05604705189576, 25.05150157894499, 37.40139556129488, 76.20824579369763, 47.77714023325794, 66.46502209566664, 41.792184839358974, 43.758919020276856, 13.823748055097994, 69.9337411469129, 80.80113898188154, 52.04431641571359, 55.921896047206744, 41.69411468522065, 50.82013942722459, 64.63134617686089, 14.52331019756057, 64.33593006994074, 65.39284795735246, 10.542274968139356, 101.18708132739664, 78.35815797535894, 26.3854923021944, 85.84697396886895, 46.0532723270975, 15.471061131492352, 48.11095386416804, 71.66540577031304, 52.73239709509774, 57.180733343348884, 76.60704364894436, 48.1979392478959, 32.65616361650375, 63.616041329365224, 14.456919392371603, 81.20094895246085, 76.559130074405, 11.845183796234751, 65.4024825127046, 42.37034942322952, 17.048659066004365, 68.5799880517933, 68.22425431187922, 78.50589246444717, 8.925321978874592, 27.113860185959112, 78.98005134875127, 24.102041566048676, 95.37172621907285, 75.50535103146777, 47.512097691450315, 67.35386900634079, 28.866395133584223, 35.29006177080407, 89.17829976924803, 10.000516276723076, 70.72620300332423, 38.06594889240619, 52.39057527524153, 63.30452065502453], [42.424083620789496, 88.7431499219677, 98.49426012053183, 69.05100532040377, 40.85195390830435, 59.71186942014766, 87.02933863245381, 22.762813055426736, 22.10834138456648, 53.079916253541654, 44.80152209275629, 25.76815696258657, 37.70367997479965, 61.554960377750646, 33.730724189230834, 99.1892402205189, 60.525907631119935, 79.18378099663518, 0.0, 47.898224525002526, 29.348370172528913, 41.853734049462375, 80.87490763793659, 47.09276922868973, 42.83668207700941, 45.615237990414585, 54.57709534829413, 50.397945767542666, 50.87197621701771, 34.04189566804327, 64.7266893127338, 40.26475030568942, 68.54564439746856, 29.554357796404656, 85.69175781289577, 72.6559812501423, 12.364672153555254, 53.95961175050292, 84.17280949560599, 77.22262662231668, 61.55643971191405, 42.04622603222569, 40.16165439117376, 75.33044771104349, 16.389397436330714, 70.64201546369748, 35.427164436924144, 69.53672902687131, 25.471814268763694, 54.689276664218816, 81.973843152948, 23.50974257358953, 43.76187850333429, 84.38325441549203, 17.00467056776096, 64.73342797665111, 52.84895514323017, 35.140524527523866, 89.48089702801533, 34.6295164988188, 47.992991489661605, 91.78978623784778, 30.133745693231518, 34.36425459562629, 91.70372515070935, 56.16520732976289, 89.74788972268044, 36.440321839256455, 22.40218138813943, 10.978165775071355, 35.6973274591881, 69.15933883966022, 51.3035736349409, 66.43633147878033, 13.395480609507343, 38.647751869739515, 68.47501994878071, 14.872161459950043, 46.977107379723975, 76.37648783416218, 23.804175457256857, 49.53538109997334, 65.82570834174517, 83.55301269096574, 105.69086865105238, 15.557682739342194, 88.10874660809318, 39.03083169464031, 43.644911056671575, 49.8289310385721, 19.238005727379658, 75.8203675048357, 51.249372402146385, 47.795757879653536, 69.71014553231623, 46.08614520336855, 42.04253986411386, 60.343184326578445, 57.14554668061419], [14.668944517765166, 40.966229098434745, 56.990