instance_id,num_cities,city_coordinates,distance_matrix,best_route,total_distance
1328,51,"[[69.84156242058293, 19.29841930380396], [67.48398083053011, 23.784265879513498], [22.871703006466216, 46.82595882603952], [95.50267281727581, 36.77197277012942], [16.85402015501375, 11.899623639985911], [60.32015559635069, 15.186930788029219], [88.83099181188993, 15.298946967816562], [1.897466048089469, 1.8050140456018604], [81.7883666593363, 61.47104332802967], [73.42595041933768, 46.747235420332544], [83.15823002663642, 21.19729746353787], [92.2881013646114, 11.74697357854556], [75.10800143361028, 97.1743758199084], [33.771643304753965, 12.011119988975171], [29.44597841295542, 20.023291915196197], [37.6815566650076, 97.42085307769483], [11.414073441924232, 93.15904463512523], [58.63317975481451, 21.140705527177417], [37.65855611159369, 55.423601059680294], [81.50591386679112, 96.46876605212782], [11.075947270858599, 17.589623001313992], [80.42266593241963, 38.90353000412156], [36.0687322677276, 66.7731867156052], [11.098473860683145, 65.07288605392952], [88.72982679469561, 19.524494325281626], [91.3593639356824, 93.31734593843083], [53.41432599480267, 98.0027489598558], [37.74443727097976, 37.733906035401965], [17.999606331034734, 45.580555685007965], [89.65332722625303, 95.65508771160643], [39.63406687479449, 11.760418794695028], [65.78448953399086, 30.00312422328252], [43.84817466845534, 78.92857603698721], [83.22024426389778, 18.65648865891767], [38.24544226766633, 14.478968291917926], [20.287459193091617, 61.23883757269319], [62.846863966909915, 69.69554276818367], [74.59306018396373, 91.73976647459058], [28.1324074091166, 21.082636618288596], [39.81622720238729, 65.47988642099065], [35.7336162900135, 39.69317004244808], [44.46234667740144, 28.459317455367927], [86.23463921711824, 17.230582169856646], [79.56489200957922, 86.73904901978953], [59.72346494585901, 49.86240187580068], [23.308694969356246, 43.930213614084], [35.431154006386656, 86.5526216311725], [61.09408848077129, 28.189834359138978], [58.360425348513914, 1.849548455450789], [44.86871596975993, 96.07062722130361], [22.69475873607629, 57.41544654862638]]","[[0.0, 5.067643481398524, 54.44201617804147, 31.045412825919932, 53.50160570132838, 10.37118728631799, 19.406035338877505, 70.15995623860074, 43.83213830749984, 27.681859466528188, 13.451370725529376, 23.682724571030892, 78.05382747294414, 36.79869286165404, 40.40208716910598, 84.48301976701947, 94.1762360825973, 11.358779006175338, 48.38155280661775, 78.04690584460857, 58.79045423135386, 22.278243133153715, 58.261973853777384, 74.47182191818983, 18.889617279916244, 77.0831841725904, 80.4004079790455, 37.01476210784306, 58.123481519527466, 78.88502288175042, 31.13381182611848, 11.44773112106626, 65.04930283144053, 13.394073421386288, 31.961569372818854, 64.9200110231833, 50.88021088735529, 72.59700758925156, 41.74729983119668, 55.08401456013183, 39.74038055853581, 26.981968917821384, 16.52298148850975, 68.13796060042395, 32.19523143525037, 52.650100134542726, 75.54603853229112, 12.472993306096257, 20.887307206773848, 80.73174696725061, 60.62778953291917], [5.067643481398524, 0.0, 50.211302975460114, 30.88248097100814, 52.00613078441711, 11.190824932109917, 22.971624123502856, 69.17137003476087, 40.310155648339276, 23.71929536741969, 15.886298922244116, 27.570651087853822, 73.78505219364855, 35.708943776199185, 38.2234816975075, 79.43885359405108, 89.20030516739793, 9.237158167874561, 43.48107048254314, 74.02466596625857, 56.747157201550245, 19.89979195457878, 53.244390849313184, 69.8861613780143, 21.668678419028936, 73.51791034093392, 75.54030988779147, 32.8486363736635, 54.07200355906382, 75.21233243580468, 30.334643661348245, 6.446896134333036, 59.99621884481413, 16.550652134233438, 30.683557493970362, 60.25244057623506, 46.14486101783178, 68.32634243380029, 39.44420276043117, 50.04027740896789, 35.51308040878927, 23.491524989182793, 19.862979637928177, 64.10345649928135, 27.208358712665518, 48.55218935373022, 70.47872154902751, 7.76142756650965, 23.756495808660585, 75.74145655292506, 56.010094884983204], [54.44201617804147, 50.211302975460114, 0.0, 73.32353245221597, 35.44095648299057, 49.02463356891948, 73.10663619963529, 49.66693150285564, 60.70956890026362, 50.5543087071362, 65.50796610632554, 77.77642037925506, 72.55063037050856, 36.481251373232816, 27.59717468607945, 52.717882067886556, 47.72873469756312, 44.029711062524164, 17.104691658439844, 76.82694184008372, 31.52623012398167, 58.09370200067147, 23.91763955328486, 21.715415671338867, 71.2927936946778, 82.7768613514037, 59.597950194686504, 17.431685186767666, 5.028752827336193, 82.72888951966006, 38.86603839014288, 46.09246154881098, 38.3482776038099, 66.59929039709273, 35.81451738451766, 14.64272480970349, 46.054656262968244, 68.5007219361469, 26.275342987374053, 25.200910994323877, 14.707327736363867, 28.345888755940614, 69.9338830943663, 69.33377566638873, 36.97664593269814, 2.9285324495715885, 41.66470385172729, 42.52359211652017, 57.291595398405136, 53.93427430370074, 10.590965938083347], [31.045412825919932, 30.88248097100814, 73.32353245221597, 0.0, 82.48784344884336, 41.27618629875732, 22.485599047933338, 99.92308510421874, 28.251128823780338, 24.22576184098573, 19.87349437610612, 25.23061739559811, 63.75259143780474, 66.51180222431081, 68.14693819979132, 83.79479790330356, 101.24423153156224, 40.046173778570484, 60.77684653971566, 61.315710786646044, 86.57848768108178, 15.229909516773034, 66.57676867683983, 89.02252801511116, 18.52962374013757, 56.696968483603705, 74.30098849305537, 57.76624523913818, 78.00202848477079, 59.17293358499653, 61.21175509836593, 30.479299997031887, 66.67358080983608, 21.886726931005498, 61.444027365372875, 79.09460053504661, 46.37201001777272, 58.81046033837317, 69.17302892060802, 62.65081429163744, 59.84040033006864, 51.71281399079705, 21.62781527122143, 52.4473218192648, 38.09870142244561, 72.54798997550492, 78.01730816474944, 35.46270965038827, 50.98158752966807, 77.9751755737418, 75.67790537864286], [53.50160570132838, 52.00613078441711, 35.44095648299057, 82.48784344884336, 0.0, 43.59026632736055, 72.05719844666382, 18.044380111724095, 81.69329841444522, 66.4435048791474, 66.95293111753472, 75.43423566244594, 103.27298627499, 16.917990556578047, 14.9850391729686, 88.02083254328134, 81.44130721388589, 42.78896786919969, 48.24070197249097, 106.45096152146347, 8.109390790097798, 69.06651638019909, 58.14045997572122, 53.48384942100083, 72.27911339434385, 110.3625468904298, 93.54359493278052, 33.22378175592221, 33.70040876767052, 110.97169401205473, 22.78047204393153, 52.17209567399452, 72.26039605022258, 66.70930165542647, 21.546367648286612, 49.4585334914578, 73.8627778368689, 98.5304275405053, 14.544062239043987, 58.293288740368496, 33.59941029016009, 32.19383718393906, 69.585123555887, 97.64012003238693, 57.26221990158067, 32.67447812969169, 76.92970824852993, 47.143977459927, 42.705803859684295, 88.7106590296733, 45.88904403256874], [10.37118728631799, 11.190824932109917, 49.02463356891948, 41.27618629875732, 43.59026632736055, 0.0, 28.51105626478679, 59.93568511124043, 51.02061504784439, 34.17330370956281, 23.615718309154513, 32.15249387287924, 83.31039267319514, 26.737787476312445, 31.25068328379488, 85.29316582655947, 92.040509611149, 6.1881597534683825, 46.17940802735683, 83.99745887462072, 49.302788800191045, 31.089998394797494, 57.00239761702531, 70.08125630779428, 28.73889133278754, 84.07017441344193, 83.10325036937279, 31.906569084000996, 52.10375537805582, 85.64787934646576, 20.967957722118708, 15.791723569417279, 65.83557924658184, 23.161431147512516, 22.0860630135725, 61.0196271687962, 54.56714245031429, 77.87202615201925, 32.72324068000824, 54.31199191600144, 34.713883065092034, 20.679128404196742, 25.994941282901085, 74.09497623365873, 34.68060459235476, 46.86175973394657, 75.58124257819752, 13.025915453017745, 13.480590125423355, 82.34633771604092, 56.55897835212504], [19.406035338877505, 22.971624123502856, 73.10663619963529, 22.485599047933338, 72.05719844666382, 28.51105626478679, 0.0, 87.97456523015381, 46.706113639824345, 35.01871138261512, 8.183566755553988, 4.956623993970838, 83.01750607333558, 55.157426193333684, 59.57263844730618, 96.74849962125916, 109.79787820656999, 30.75766564777495, 65.02773286446845, 81.49967053357696, 77.78877906400258, 25.05745965602235, 73.71196232510958, 92.30270504802537, 4.226758194039957, 78.05935718114976, 89.96810035527965, 55.79572961460063, 77.0328565979387, 80.36034837386832, 49.324016512224325, 27.337777817616583, 77.92421660587881, 6.5386217396927, 50.59219492886259, 82.51478299463861, 60.28403216883209, 77.75549873744431, 60.97351240066112, 70.14680202352832, 58.43294795512244, 46.279282864363644, 3.2360873520562006, 72.03852293559811, 45.187172244265994, 71.5046908481588, 89.04284828488714, 30.586120776188267, 33.30678220638316, 91.96056778962969, 78.40791326389639], [70.15995623860074, 69.17137003476087, 49.66693150285564, 99.92308510421874, 18.044380111724095, 59.93568511124043, 87.97456523015381, 0.0, 99.71254209379909, 84.47560203125633, 83.5426383264179, 90.93574386499047, 120.22935438849017, 33.46831000090426, 33.02765783477422, 102.09255514037702, 91.84837897992517, 59.94005484550495, 64.45004605053717, 123.68803866201448, 18.259200350548575, 86.84760735448356, 73.40666792010622, 63.933419846192656, 88.62188699306006, 127.97631836442783, 109.12374196939149, 50.7532326602892, 46.64308059632239, 128.48707132717905, 39.02769690453616, 69.83326705432543, 87.79467961095307, 83.05038502849203, 38.49421374046543, 62.21391505863187, 91.23570023241132, 115.64129496521235, 32.5560882212758, 74.11020050909818, 50.797612424556036, 50.221717944007494, 85.73626379834131, 115.09135220545473, 75.18882013695244, 47.25434543619601, 91.14090859522038, 64.81048410878543, 56.4629768633841, 103.59794470558622, 59.3721111829724], [43.83213830749984, 40.310155648339276, 60.70956890026362, 28.251128823780338, 81.69329841444522, 51.02061504784439, 46.706113639824345, 99.71254209379909, 0.0, 16.93282388362193, 40.2970362632631, 50.820542513168036, 36.322929818156645, 68.93395200056095, 66.7655727490966, 56.90166525606201, 77.17946989121383, 46.50482585403573, 44.54224665380804, 34.99886248798484, 83.22154351886209, 22.60879908576019, 46.02605450616836, 70.78159517068822, 42.51701826387553, 33.253435594191885, 46.256369291190644, 50.03318301702975, 65.73821979453449, 35.07715061314845, 65.17768929487447, 35.30373940287439, 41.76390327291296, 42.83849162831046, 64.06435343292122, 61.50134582823698, 20.65001005540408, 31.112184690209247, 67.15791360377938, 42.16315113386993, 50.944242034046276, 49.82976833965381, 44.463330320005284, 25.365645096407878, 24.932317260772667, 61.05368709604273, 52.707463751611876, 39.190458274467815, 64.05927789871103, 50.5983380421535, 59.23261232315425], [27.681859466528188, 23.71929536741969, 50.5543087071362, 24.22576184098573, 66.4435048791474, 34.17330370956281, 35.01871138261512, 84.47560203125633, 16.93282388362193, 0.0, 27.340749732783483, 39.75926391768263, 50.4551859028698, 52.7168074526361, 51.46267670990197, 62.01191185045926, 77.45662606163643, 29.572291712043967, 36.804698290752114, 50.373767157923965, 68.8308742832245, 10.510839292240135, 42.38632413063934, 64.96571253603153, 31.22957356161644, 49.90373246577959, 55.0235656815232, 36.802316328699916, 55.43862156114429, 51.52965916614118, 48.64122460510173, 18.405357487467104, 43.70907803025168, 29.749256218055738, 47.737922213692315, 55.0790866186444, 25.26938622719948, 45.007665967822184, 52.059357180900946, 38.47760008410701, 38.346732461476876, 34.25402582490383, 32.17600546723006, 40.46024911962494, 14.052130450439464, 50.19636347082898, 55.02793223314614, 22.281201785762153, 47.35791739990403, 56.993970015785436, 51.84076135900843], [13.451370725529376, 15.886298922244116, 65.50796610632554, 19.87349437610612, 66.95293111753472, 23.615718309154513, 8.183566755553988, 83.5426383264179, 40.2970362632631, 27.340749732783483, 0.0, 13.140135926969453, 76.40237310430904, 50.23366206670761, 53.72508038559751, 88.75898968839584, 101.6155355250326, 24.52511556512329, 56.9355792473435, 75.28960175333091, 72.17250724693778, 17.916304911861516, 65.5330640234606, 84.36631871102323, 5.81729841809818, 72.58484683055421, 82.36368864134353, 48.33085966039485, 69.57147061403771, 74.74054332327162, 44.535462915283766, 19.477921953545934, 69.84397596062578, 2.5415654914360615, 45.41249223661407, 74.53897476835324, 52.57976216037696, 71.06055212710609, 55.025942080478636, 61.96351259888306, 50.90374534867907, 39.37141504364988, 5.019872879705775, 65.64018034075049, 37.02534841641808, 64.02149891466436, 80.92707941412014, 23.145667292007687, 31.452607340795275, 84.09579297281685, 70.48110160641707], [23.682724571030892, 27.570651087853822, 77.77642037925506, 25.23061739559811, 75.43423566244594, 32.15249387287924, 4.956623993970838, 90.93574386499047, 50.820542513168036, 39.75926391768263, 13.140135926969453, 0.0, 87.13780400805835, 58.517054242307836, 63.38477626591915, 101.59669459418735, 114.7542317570954, 34.94132150454989, 69.9430840232065, 85.40513852910077, 81.42205183379272, 29.635571782758053, 78.66702990361826, 97.136031191103, 8.552844373705122, 81.5756593607568, 94.61093593308013, 60.417977053821815, 81.63021360077701, 83.94947082696191, 52.65403620643593, 32.18273568905445, 82.82387462086682, 11.400325918360936, 54.111669696864055, 87.37011545560897, 64.99863945217693, 81.92656100248787, 64.83137875521959, 75.10341870134863, 63.08248313796751, 50.66167436295753, 8.167886333307614, 76.0637327198528, 50.13223932130632, 76.1177997962819, 93.96061644896456, 35.262361101423146, 35.34184805468645, 96.74232101251901, 83.23967060021131], [78.05382747294414, 73.78505219364855, 72.55063037050856, 63.75259143780474, 103.27298627499, 83.31039267319514, 83.01750607333558, 120.22935438849017, 36.322929818156645, 50.4551859028698, 76.40237310430904, 87.13780400805835, 0.0, 94.66506561072067, 89.65104625162363, 37.42725636559369, 63.82036781101767, 77.79806403460077, 56.08554312838569, 6.436704797257467, 102.14615431575648, 58.512709139315255, 49.48026713713096, 71.60813686519548, 78.83564055868062, 16.702798049439696, 21.709485394714246, 70.20829990206167, 76.96292008041492, 14.624456870945533, 92.48753476976312, 67.81522627846611, 36.19510987835158, 78.93584159280007, 90.53937648605243, 65.54887306934849, 30.09022694932498, 5.458950744126877, 89.42404155864, 47.43469180510953, 69.67374844995088, 75.2390550278175, 80.71438664530285, 11.347242794240367, 49.75044564052546, 74.28397511696483, 41.074004964321546, 70.39358434404635, 96.7848336093509, 30.259422438856188, 65.78693234122873], [36.79869286165404, 35.708943776199185, 36.481251373232816, 66.51180222431081, 16.917990556578047, 26.737787476312445, 55.157426193333684, 33.46831000090426, 68.93395200056095, 52.7168074526361, 50.23366206670761, 58.517054242307836, 94.66506561072067, 0.0, 9.105288338732764, 85.49918086608213, 84.17153084356111, 26.484813134266982, 43.58614004339344, 97.01368235779184, 23.371228344305035, 53.847187750426855, 54.81022322410023, 57.70289100704997, 55.46938548813718, 99.63457204007952, 88.2065487156568, 26.027770052164076, 37.0899469297335, 100.59361776120245, 5.867781625399858, 36.72239834302903, 67.67187309555781, 49.893136417508295, 5.109320151144686, 51.04107561229002, 64.59768639760661, 89.57145274279337, 10.681450998930575, 53.80934842810266, 27.75149064749257, 19.61719497011194, 52.721994703903256, 87.64294041265622, 45.89353535050064, 33.590204311936915, 74.55997212206118, 31.753217302626474, 26.605746342218342, 84.78883050186681, 46.735963048633735], [40.40208716910598, 38.2234816975075, 27.59717468607945, 68.14693819979132, 14.9850391729686, 31.25068328379488, 59.57263844730618, 33.02765783477422, 66.7655727490966, 51.46267670990197, 53.72508038559751, 63.38477626591915, 89.65104625162363, 9.105288338732764, 0.0, 77.83448607814142, 75.32587817473426, 29.208583247916394, 36.34045018957821, 92.48863387183218, 18.53053665018916, 54.36070327683047, 47.216665833900315, 48.64254162109797, 59.28594671576784, 95.94417992794902, 81.57988359138639, 19.558381117391967, 28.003449166799193, 96.6700232053142, 13.117630072225667, 37.68400779364026, 60.640380559911236, 53.791633354539435, 10.400485016094454, 42.22084411929532, 59.857761907629666, 84.74380045564615, 1.687507031717513, 46.624500469377, 20.650387299369413, 17.22375809072722, 56.85728821929492, 83.4439796878417, 42.50998322736912, 24.68212213696037, 66.79800924684277, 32.68478677233963, 34.151576726849186, 77.59547693587301, 37.99673927136162], [84.48301976701947, 79.43885359405108, 52.717882067886556, 83.79479790330356, 88.02083254328134, 85.29316582655947, 96.74849962125916, 102.09255514037702, 56.90166525606201, 62.01191185045926, 88.75898968839584, 101.59669459418735, 37.42725636559369, 85.49918086608213, 77.83448607814142, 0.0, 26.610969281033785, 79.10519212053049, 41.99725831634826, 43.83469805820234, 84.14798718176259, 72.46433275140126, 30.690074225690974, 41.869454999464445, 93.13306926177329, 53.83442917157847, 15.74352672059905, 59.686980164857395, 55.45083951313263, 52.00175826449346, 85.68268376790873, 73.04057091593437, 19.49337035380819, 90.98130121361886, 82.94380156943602, 40.145894844512966, 37.443097138963594, 37.346135503179994, 76.9331498361691, 32.01221906191204, 57.76053895457042, 69.29410154249526, 93.74370044746767, 43.22400626408113, 52.418050339405156, 55.387973997505284, 11.098773216040819, 73.08269698658621, 97.78287108296352, 7.312890586844266, 42.720447840801626], [94.1762360825973, 89.20030516739793, 47.72873469756312, 101.24423153156224, 81.44130721388589, 92.040509611149, 109.79787820656999, 91.84837897992517, 77.17946989121383, 77.45662606163643, 101.6155355250326, 114.7542317570954, 63.82036781101767, 84.17153084356111, 75.32587817473426, 26.610969281033785, 0.0, 86.11785627182901, 45.9645142738849, 70.16993907652457, 75.57017808220579, 87.782952248112, 36.111849855218736, 28.087931695725704, 106.76971815940823, 79.94544722142724, 42.27863155414311, 61.36150298166571, 48.03209191998602, 78.27905890957209, 86.15163560874275, 83.33554121196711, 35.418599053258156, 103.4734604384254, 83.12927743241809, 33.130599052802474, 56.53200740330231, 63.194926348938594, 73.98994041927654, 39.65877125776944, 58.737040360405715, 72.65151795373436, 106.59853880452505, 68.45254133443373, 64.8721556733628, 50.645432419706715, 24.909134544319972, 81.78693158534185, 102.67124256540065, 33.58110212338794, 37.481444274132], [11.358779006175338, 9.237158167874561, 44.029711062524164, 40.046173778570484, 42.78896786919969, 6.1881597534683825, 30.75766564777495, 59.94005484550495, 46.50482585403573, 29.572291712043967, 24.52511556512329, 34.94132150454989, 77.79806403460077, 26.484813134266982, 29.208583247916394, 79.10519212053049, 86.11785627182901, 0.0, 40.190194862270374, 78.72406663916549, 47.689627264621436, 28.11226851897176, 50.90655782715739, 64.72700170930757, 30.14001164054714, 79.2494198849144, 77.0390170966331, 26.677216227749597, 47.417228566449474, 80.71333657752568, 21.188583468729753, 11.387874986265725, 59.64926113089927, 24.712245438696346, 21.448510037681178, 55.48201942014509, 48.73733019093137, 72.38055809379546, 30.50082762290673, 48.16680045108446, 29.471748276422737, 15.94912507516813, 27.87704484192436, 68.85694770239961, 28.742382694208388, 42.037850851360766, 69.40499093888566, 7.46634375361073, 19.293085189574647, 76.1836834786686, 51.062970355173015], [48.38155280661775, 43.48107048254314, 17.104691658439844, 60.77684653971566, 48.24070197249097, 46.17940802735683, 65.02773286446845, 64.45004605053717, 44.54224665380804, 36.804698290752114, 56.9355792473435, 69.9430840232065, 56.08554312838569, 43.58614004339344, 36.34045018957821, 41.99725831634826, 45.9645142738849, 40.190194862270374, 0.0, 60.060772150959835, 46.23899856723186, 45.84410361702333, 11.46039416493611, 28.258568082536964, 62.426120762982016, 65.72452100925148, 45.40075021976679, 17.689903493957083, 21.985446293455073, 65.74213824853831, 43.70784973298099, 37.91132777246076, 24.30627957058156, 58.54646002601797, 40.9488386629842, 18.31862396181194, 28.950633373815904, 51.79789051221145, 35.63775172295013, 10.285155312592583, 15.847771240922379, 27.809425674708987, 61.7927385846691, 52.31441741372163, 22.754936568297065, 18.38522422425374, 31.208608457902535, 35.929127823066956, 57.43471513242922, 41.28155933300003, 15.095783528766443], [78.04690584460857, 74.02466596625857, 76.82694184008372, 61.315710786646044, 106.45096152146347, 83.99745887462072, 81.49967053357696, 123.68803866201448, 34.99886248798484, 50.373767157923965, 75.28960175333091, 85.40513852910077, 6.436704797257467, 97.01368235779184, 92.48863387183218, 43.83469805820234, 70.16993907652457, 78.72406663916549, 60.060772150959835, 0.0, 105.74639191544513, 57.575427287602466, 54.280428367856366, 77.09026455444916, 77.28263627468131, 10.345140259713613, 28.133439404574236, 73.24514055574012, 81.37973366382022, 8.187943385965246, 94.49209313803456, 68.29966857000342, 41.5423108083447, 77.83115983864258, 92.70272563273856, 70.6317708492565, 32.63381111942315, 8.375618367889476, 92.36774167750873, 51.94555452557301, 72.92853712855788, 77.44359862861587, 79.37915739285373, 9.92143938043004, 51.44539107373416, 78.40418215682777, 47.12975086260463, 71.26468360082151, 97.40898304241256, 36.63936113355194, 70.59683939137481], [58.79045423135386, 56.747157201550245, 31.52623012398167, 86.57848768108178, 8.109390790097798, 49.302788800191045, 77.78877906400258, 18.259200350548575, 83.22154351886209, 68.8308742832245, 72.17250724693778, 81.42205183379272, 102.14615431575648, 23.371228344305035, 18.53053665018916, 84.14798718176259, 75.57017808220579, 47.689627264621436, 46.23899856723186, 105.74639191544513, 0.0, 72.54825994364046, 55.16939587794544, 47.48326839604802, 77.67798099939846, 110.3635583542794, 90.87799040139713, 33.4215573820851, 28.83451694210684, 110.76380916657, 29.14696925917293, 56.09919437161948, 69.54484918462556, 72.15218493539344, 27.346985777278054, 44.61060282703814, 73.45239744420154, 97.63537990873824, 17.41045595544109, 55.85231437414792, 33.114459579733726, 35.11127914015232, 75.15954952892817, 97.32614587102557, 58.37904788724283, 29.04250041034083, 73.13734528373433, 51.12904195196042, 49.835447362149736, 85.44717221602757, 41.486057912097834], [22.278243133153715, 19.89979195457878, 58.09370200067147, 15.229909516773034, 69.06651638019909, 31.089998394797494, 25.05745965602235, 86.84760735448356, 22.60879908576019, 10.510839292240135, 17.916304911861516, 29.635571782758053, 58.512709139315255, 53.847187750426855, 54.36070327683047, 72.46433275140126, 87.782952248112, 28.11226851897176, 45.84410361702333, 57.575427287602466, 72.54825994364046, 0.0, 52.383100297212714, 74.09911472116676, 21.08449538010054, 55.50202453737576, 64.97821255900851, 42.69425279714299, 62.77914496025944, 57.49734263552933, 48.99447212911876, 17.131649988693738, 54.218979344421584, 20.43940135510705, 48.73886961040305, 64.14911576759584, 35.45499774069911, 53.15686397395684, 55.24360033074502, 48.5302543444018, 44.69602543103321, 37.446310054348146, 22.438709884679614, 47.843209085522645, 23.421225292070268, 57.33474711973807, 65.53374762878637, 22.09925746892161, 43.12470299250038, 67.32132175014134, 60.623446977389364], [58.261973853777384, 53.244390849313184, 23.91763955328486, 66.57676867683983, 58.14045997572122, 57.00239761702531, 73.71196232510958, 73.40666792010622, 46.02605450616836, 42.38632413063934, 65.5330640234606, 78.66702990361826, 49.48026713713096, 54.81022322410023, 47.216665833900315, 30.690074225690974, 36.111849855218736, 50.90655782715739, 11.46039416493611, 54.280428367856366, 55.16939587794544, 52.383100297212714, 0.0, 25.028080774495457, 70.75047568302055, 61.332261812916734, 35.723314231916774, 29.08758858485092, 27.849971671710904, 60.87259664259481, 55.12818013666216, 47.27646058660477, 14.431673971532488, 67.36825450761968, 52.33950082841971, 16.72356422213523, 26.93712126781173, 45.907014129209806, 46.374687281498794, 3.9643844335974956, 27.082090128662283, 39.22251063546086, 70.50594219802574, 47.85970716415138, 29.077844176830247, 26.1652435871071, 19.78970822469339, 45.9885152255751, 68.6439974458318, 30.590517049258455, 16.322697971168818], [74.47182191818983, 69.8861613780143, 21.715415671338867, 89.02252801511116, 53.48384942100083, 70.08125630779428, 92.30270504802537, 63.933419846192656, 70.78159517068822, 64.96571253603153, 84.36631871102323, 97.136031191103, 71.60813686519548, 57.70289100704997, 48.64254162109797, 41.869454999464445, 28.087931695725704, 64.72700170930757, 28.258568082536964, 77.09026455444916, 47.48326839604802, 74.09911472116676, 25.028080774495457, 0.0, 90.0071272035252, 85.08560389277564, 53.61909373385349, 38.17626480571816, 20.67792476494009, 84.2979005997006, 60.4689939881089, 64.96497906625972, 35.560132844313166, 85.76731144920932, 57.41691743901736, 9.95677554209638, 51.95444960428382, 68.86715475271478, 47.1730530869304, 28.7206372891297, 35.36976430988536, 49.534850508018394, 89.07485271054638, 71.81276371093576, 50.94848954548643, 24.415202178587208, 32.45702333149779, 62.12826235748883, 78.93593906155348, 45.83982122113023, 13.896409704979526], [18.889617279916244, 21.668678419028936, 71.2927936946778, 18.52962374013757, 72.27911339434385, 28.73889133278754, 4.226758194039957, 88.62188699306006, 42.51701826387553, 31.22957356161644, 5.81729841809818, 8.552844373705122, 78.83564055868062, 55.46938548813718, 59.28594671576784, 93.13306926177329, 106.76971815940823, 30.14001164054714, 62.426120762982016, 77.28263627468131, 77.67798099939846, 21.08449538010054, 70.75047568302055, 90.0071272035252, 0.0, 73.8396872608226, 86.05824218072492, 54.139566120478854, 75.37693559982323, 76.13619443077654, 49.705880044087564, 25.22479309224882, 74.45272071316025, 5.577538301124658, 50.73588881675677, 80.15263012201136, 56.45406864526737, 73.58596130924064, 60.617448342841065, 67.11511221585658, 56.704266224339754, 45.16016895784337, 3.3893943447322408, 67.83651223637925, 41.973297014286175, 69.82523629256296, 85.63596423892207, 28.962426522273226, 35.13835875081238, 88.2219219022843, 76.13379324516991], [77.0831841725904, 73.51791034093392, 82.7768613514037, 56.696968483603705, 110.3625468904298, 84.07017441344193, 78.05935718114976, 127.97631836442783, 33.253435594191885, 49.90373246577959, 72.58484683055421, 81.5756593607568, 16.702798049439696, 99.63457204007952, 95.94417992794902, 53.83442917157847, 79.94544722142724, 79.2494198849144, 65.72452100925148, 10.345140259713613, 110.3635583542794, 55.50202453737576, 61.332261812916734, 85.08560389277564, 73.8396872608226, 0.0, 38.233217309140755, 77.22745077182765, 87.52402629856529, 2.894062516942362, 96.57659510029193, 68.28444092219878, 49.642217968811195, 75.10318820625038, 95.06091975617706, 77.97593438177319, 37.02637221607255, 16.840359214091187, 95.99740237203132, 58.58002301717093, 77.26432580216394, 80.03682956260387, 76.25915305204927, 13.504945700203368, 53.75092806994708, 84.08318729678989, 56.335833719299714, 71.81629106875708, 97.23830481999966, 46.572104377126315, 77.48402665719829], [80.4004079790455, 75.54030988779147, 59.597950194686504, 74.30098849305537, 93.54359493278052, 83.10325036937279, 89.96810035527965, 109.12374196939149, 46.256369291190644, 55.0235656815232, 82.36368864134353, 94.61093593308013, 21.709485394714246, 88.2065487156568, 81.57988359138639, 15.74352672059905, 42.27863155414311, 77.0390170966331, 45.40075021976679, 28.133439404574236, 90.87799040139713, 64.97821255900851, 35.723314231916774, 53.61909373385349, 86.05824218072492, 38.233217309140755, 0.0, 62.27261709667806, 63.26364450937657, 36.31496555952645, 87.33633295330854, 69.11562710632849, 21.338587673275608, 84.75978874211643, 84.89002868766846, 49.48711432869621, 29.837404293488497, 22.085373699937218, 80.96838327404456, 35.25116846985651, 60.93122753720315, 70.11723610581478, 87.18552567922238, 28.473198612608233, 48.552015938342144, 61.888513458961526, 21.319003039729843, 70.23405012447931, 96.28032959050927, 8.761309554666859, 50.90207195767185], [37.01476210784306, 32.8486363736635, 17.431685186767666, 57.76624523913818, 33.22378175592221, 31.906569084000996, 55.79572961460063, 50.7532326602892, 50.03318301702975, 36.802316328699916, 48.33085966039485, 60.417977053821815, 70.20829990206167, 26.027770052164076, 19.558381117391967, 59.686980164857395, 61.36150298166571, 26.677216227749597, 17.689903493957083, 73.24514055574012, 33.4215573820851, 42.69425279714299, 29.08758858485092, 38.17626480571816, 54.139566120478854, 77.22745077182765, 62.27261709667806, 0.0, 21.246841166881072, 77.7778640948474, 26.04213392721071, 29.086242767655484, 41.64440474729888, 49.31528034406493, 23.26033394988179, 29.27845436809489, 40.64084212541428, 65.37930844204766, 19.226437300411227, 27.82322305336594, 2.807510724253873, 11.451999830675284, 52.646804027526045, 64.42402093523437, 25.103347762473373, 15.709388384291573, 48.873492527984695, 25.224898726864385, 41.384853308170975, 58.77013174818922, 24.77611472724543], [58.123481519527466, 54.07200355906382, 5.028752827336193, 78.00202848477079, 33.70040876767052, 52.10375537805582, 77.0328565979387, 46.64308059632239, 65.73821979453449, 55.43862156114429, 69.57147061403771, 81.63021360077701, 76.96292008041492, 37.0899469297335, 28.003449166799193, 55.45083951313263, 48.03209191998602, 47.417228566449474, 21.985446293455073, 81.37973366382022, 28.83451694210684, 62.77914496025944, 27.849971671710904, 20.67792476494009, 75.37693559982323, 87.52402629856529, 63.26364450937657, 21.246841166881072, 0.0, 87.41690040153951, 40.147870955992225, 50.25983917269247, 42.19287791192164, 70.5594571804164, 37.11068055348784, 15.824539879334031, 50.919633929166224, 73.03075899729322, 26.510784527952193, 29.528770885093767, 18.685727679953445, 31.518461655913857, 73.8900582708843, 74.0561001826997, 41.942992078670926, 5.559680847010569, 44.5260490303701, 46.47119086044597, 59.50963539691107, 57.194373643900384, 12.73220710875872], [78.88502288175042, 75.21233243580468, 82.72888951966006, 59.17293358499653, 110.97169401205473, 85.64787934646576, 80.36034837386832, 128.48707132717905, 35.07715061314845, 51.52965916614118, 74.74054332327162, 83.94947082696191, 14.624456870945533, 100.59361776120245, 96.6700232053142, 52.00175826449346, 78.27905890957209, 80.71333657752568, 65.74213824853831, 8.187943385965246, 110.76380916657, 57.49734263552933, 60.87259664259481, 84.2979005997006, 76.13619443077654, 2.894062516942362, 36.31496555952645, 77.7778640948474, 87.41690040153951, 0.0, 97.67416177672153, 69.85629336467667, 48.76359496226968, 77.26686749491833, 96.08503005127704, 77.43450084825373, 37.316007907386044, 15.560892769185594, 96.67406082922041, 58.260443799528154, 77.71146283951478, 80.97836910740959, 78.49898405184454, 13.463739119390278, 54.70618550200843, 84.12533999757395, 54.980896295264635, 73.26111197377531, 98.88743551669224, 44.78653903216152, 77.10849532008238], [31.13381182611848, 30.334643661348245, 38.86603839014288, 61.21175509836593, 22.78047204393153, 20.967957722118708, 49.324016512224325, 39.02769690453616, 65.17768929487447, 48.64122460510173, 44.535462915283766, 52.65403620643593, 92.48753476976312, 5.867781625399858, 13.117630072225667, 85.68268376790873, 86.15163560874275, 21.188583468729753, 43.70784973298099, 94.49209313803456, 29.14696925917293, 48.99447212911876, 55.12818013666216, 60.4689939881089, 49.705880044087564, 96.57659510029193, 87.33633295330854, 26.04213392721071, 40.147870955992225, 97.67416177672153, 0.0, 31.88480683035145, 67.30022326725135, 44.12834280784424, 3.0526692694055027, 53.12631319375255, 62.41243897383935, 87.28589386889587, 14.805131394720664, 53.71977647419591, 28.20376051226446, 17.382908339276412, 46.920528875782175, 84.94860673593305, 43.0737162266103, 36.07510868413924, 74.91020011795601, 27.026990641175427, 21.187304041985957, 84.47255646708938, 48.69621873852925], [11.44773112106626, 6.446896134333036, 46.09246154881098, 30.479299997031887, 52.17209567399452, 15.791723569417279, 27.337777817616583, 69.83326705432543, 35.30373940287439, 18.405357487467104, 19.477921953545934, 32.18273568905445, 67.81522627846611, 36.72239834302903, 37.68400779364026, 73.04057091593437, 83.33554121196711, 11.387874986265725, 37.91132777246076, 68.29966857000342, 56.09919437161948, 17.131649988693738, 47.27646058660477, 64.96497906625972, 25.22479309224882, 68.28444092219878, 69.11562710632849, 29.086242767655484, 50.25983917269247, 69.85629336467667, 31.88480683035145, 0.0, 53.61811023390375, 20.80268448138318, 31.61326528086239, 55.187403982133986, 39.80097654475303, 62.361878686915446, 38.69437152156792, 43.96534208391553, 31.574546246987026, 21.377958633449225, 24.111127152600048, 58.38548325486483, 20.763596218809163, 44.70074879458306, 64.1807653018899, 5.028705814764769, 29.115984571110136, 69.29923907362698, 51.07015092502951], [65.04930283144053, 59.99621884481413, 38.3482776038099, 66.67358080983608, 72.26039605022258, 65.83557924658184, 77.92421660587881, 87.79467961095307, 41.76390327291296, 43.70907803025168, 69.84397596062578, 82.82387462086682, 36.19510987835158, 67.67187309555781, 60.640380559911236, 19.49337035380819, 35.418599053258156, 59.64926113089927, 24.30627957058156, 41.5423108083447, 69.54484918462556, 54.218979344421584, 14.431673971532488, 35.560132844313166, 74.45272071316025, 49.642217968811195, 21.338587673275608, 41.64440474729888, 42.19287791192164, 48.76359496226968, 67.30022326725135, 53.61811023390375, 0.0, 71.99225222993105, 64.69267770658551, 29.462419463549953, 21.123425347278438, 33.30727526817913, 59.9427897897775, 14.040080226143518, 40.0657352513773, 50.47299544345397, 74.85489178513009, 36.560735575762486, 33.118987329932885, 40.58023655173275, 11.356597555954306, 53.58956475166824, 78.43329594449104, 17.172402958042642, 30.17087579092142], [13.394073421386288, 16.550652134233438, 66.59929039709273, 21.886726931005498, 66.70930165542647, 23.161431147512516, 6.5386217396927, 83.05038502849203, 42.83849162831046, 29.749256218055738, 2.5415654914360615, 11.400325918360936, 78.93584159280007, 49.893136417508295, 53.791633354539435, 90.98130121361886, 103.4734604384254, 24.712245438696346, 58.54646002601797, 77.83115983864258, 72.15218493539344, 20.43940135510705, 67.36825450761968, 85.76731144920932, 5.577538301124658, 75.10318820625038, 84.75978874211643, 49.31528034406493, 70.5594571804164, 77.26686749491833, 44.12834280784424, 20.80268448138318, 71.99225222993105, 0.0, 45.168401466256505, 75.98547147832144, 54.9550695486256, 73.59071817445388, 55.141236504631884, 63.84621582412849, 51.937672261685584, 39.97837012357874, 3.3346343502020304, 68.18061766656938, 39.062868020925556, 65.02426402491363, 83.0282001504709, 24.092560054487983, 30.00806284165289, 86.39322063595237, 71.87204752248778], [31.961569372818854, 30.683557493970362, 35.81451738451766, 61.444027365372875, 21.546367648286612, 22.0860630135725, 50.59219492886259, 38.49421374046543, 64.06435343292122, 47.737922213692315, 45.41249223661407, 54.111669696864055, 90.53937648605243, 5.109320151144686, 10.400485016094454, 82.94380156943602, 83.12927743241809, 21.448510037681178, 40.9488386629842, 92.70272563273856, 27.346985777278054, 48.73886961040305, 52.33950082841971, 57.41691743901736, 50.73588881675677, 95.06091975617706, 84.89002868766846, 23.26033394988179, 37.11068055348784, 96.08503005127704, 3.0526692694055027, 31.61326528086239, 64.69267770658551, 45.168401466256505, 0.0, 50.08966491464982, 60.44915257071033, 85.38372364808657, 12.078158361892475, 51.025101815866336, 25.33900628790422, 15.300328858288015, 48.06801850281068, 83.23951101353845, 41.39194161126053, 33.0224510126063, 72.12857772120991, 26.646734923530676, 23.751100811299974, 81.86004252003566, 45.6657959898704], [64.9200110231833, 60.25244057623506, 14.64272480970349, 79.09460053504661, 49.4585334914578, 61.0196271687962, 82.51478299463861, 62.21391505863187, 61.50134582823698, 55.0790866186444, 74.53897476835324, 87.37011545560897, 65.54887306934849, 51.04107561229002, 42.22084411929532, 40.145894844512966, 33.130599052802474, 55.48201942014509, 18.31862396181194, 70.6317708492565, 44.61060282703814, 64.14911576759584, 16.72356422213523, 9.95677554209638, 80.15263012201136, 77.97593438177319, 49.48711432869621, 29.27845436809489, 15.824539879334031, 77.43450084825373, 53.12631319375255, 55.187403982133986, 29.462419463549953, 75.98547147832144, 50.08966491464982, 0.0, 43.39145996005601, 62.284869453651496, 40.91532338382086, 19.983975462718504, 26.510366998339514, 40.72986771401512, 79.28276670703835, 64.5296429957568, 41.044145001422955, 17.570325237636364, 29.497782220999937, 52.511118891446536, 70.54529334919047, 42.632050793335594, 4.518120185715395], [50.88021088735529, 46.14486101783178, 46.054656262968244, 46.37201001777272, 73.8627778368689, 54.56714245031429, 60.28403216883209, 91.23570023241132, 20.65001005540408, 25.26938622719948, 52.57976216037696, 64.99863945217693, 30.09022694932498, 64.59768639760661, 59.857761907629666, 37.443097138963594, 56.53200740330231, 48.73733019093137, 28.950633373815904, 32.63381111942315, 73.45239744420154, 35.45499774069911, 26.93712126781173, 51.95444960428382, 56.45406864526737, 37.02637221607255, 29.837404293488497, 40.64084212541428, 50.919633929166224, 37.316007907386044, 62.41243897383935, 39.80097654475303, 21.123425347278438, 54.9550695486256, 60.44915257071033, 43.39145996005601, 0.0, 24.97840916446926, 59.735317346117995, 23.41328657444337, 40.43847881365831, 45.14882893295841, 57.441797688950025, 23.874119187605764, 20.077577022684192, 47.1923616075548, 32.183571281518134, 41.54270155444217, 67.9941694247383, 31.919569002676667, 41.98800206760882], [72.59700758925156, 68.32634243380029, 68.5007219361469, 58.81046033837317, 98.5304275405053, 77.87202615201925, 77.75549873744431, 115.64129496521235, 31.112184690209247, 45.007665967822184, 71.06055212710609, 81.92656100248787, 5.458950744126877, 89.57145274279337, 84.74380045564615, 37.346135503179994, 63.194926348938594, 72.38055809379546, 51.79789051221145, 8.375618367889476, 97.63537990873824, 53.15686397395684, 45.907014129209806, 68.86715475271478, 73.58596130924064, 16.840359214091187, 22.085373699937218, 65.37930844204766, 73.03075899729322, 15.560892769185594, 87.28589386889587, 62.361878686915446, 33.30727526817913, 73.59071817445388, 85.38372364808657, 62.284869453651496, 24.97840916446926, 0.0, 84.5637171356323, 43.57762513788376, 64.95309522969151, 70.08762461725303, 75.41316137215037, 7.051686802812147, 44.43893032336679, 70.11304771714616, 39.503941158926764, 64.9678082508722, 91.34412805008071, 30.03819225206288, 62.22212332889113], [41.74729983119668, 39.44420276043117, 26.275342987374053, 69.17302892060802, 14.544062239043987, 32.72324068000824, 60.97351240066112, 32.5560882212758, 67.15791360377938, 52.059357180900946, 55.025942080478636, 64.83137875521959, 89.42404155864, 10.681450998930575, 1.687507031717513, 76.9331498361691, 73.98994041927654, 30.50082762290673, 35.63775172295013, 92.36774167750873, 17.41045595544109, 55.24360033074502, 46.374687281498794, 47.1730530869304, 60.617448342841065, 95.99740237203132, 80.96838327404456, 19.226437300411227, 26.510784527952193, 96.67406082922041, 14.805131394720664, 38.69437152156792, 59.9427897897775, 55.141236504631884, 12.078158361892475, 40.91532338382086, 59.735317346117995, 84.5637171356323, 0.0, 45.90890365718998, 20.102993080205326, 17.918770512454383, 58.229783311845175, 83.40302729285546, 42.73487808064121, 23.35123072303253, 65.8755693673945, 33.71920341284812, 35.82798834464499, 76.83295360009878, 36.737461813868805], [55.08401456013183, 50.04027740896789, 25.200910994323877, 62.65081429163744, 58.293288740368496, 54.31199191600144, 70.14680202352832, 74.11020050909818, 42.163151133869