instance_id,num_cities,city_coordinates,distance_matrix,best_route,total_distance
1351,78,"[[75.142682389176, 83.70263239505366], [70.96609794585123, 1.5097041771699127], [88.76930062233767, 91.53719923768823], [54.26097106386829, 20.151942105537092], [26.593479414304035, 28.061411583844475], [55.12902060791208, 6.71172726183803], [53.052748167400146, 18.697982044656626], [61.068467737912414, 78.18883623052716], [34.508011988212914, 91.3053979935035], [40.73298861313197, 92.14114167587294], [87.68536703742959, 68.08730003627261], [8.069972101531043, 75.00997574221554], [93.77393101033326, 34.58926331994064], [71.2611201835566, 67.0235773125365], [38.86258624782094, 46.05304894936545], [37.20392006932205, 24.422529127023672], [58.2843869443172, 34.75405009456753], [62.81915581459457, 6.740924028680895], [61.69265238760128, 22.259904646784754], [48.73779234279956, 87.60871377794169], [37.2648802069139, 27.07670475618239], [26.91213931721125, 53.30303050277737], [63.180844264026994, 14.207305467898179], [82.94814780220801, 56.89896254627222], [24.930054129285452, 22.445294018742736], [83.36889172464339, 42.124319499002446], [16.565257672458657, 87.15005372960631], [14.124412348610448, 82.25604675840792], [81.57209694157505, 20.759276575141772], [15.593634992003814, 83.20886216376897], [95.74776599598952, 60.393700431090814], [98.60422414626782, 97.65496179753853], [33.87825431289833, 83.2150251261537], [68.62356955777923, 32.326396394252676], [19.229690350318528, 39.723352783677015], [65.49274020394067, 21.730859203751695], [47.755869084893746, 74.4341935724456], [60.53211500807206, 42.01582831773415], [10.708332225938367, 6.357492906294116], [80.64883428549608, 39.08570049492531], [76.936161825887, 78.47493476837289], [48.10772928870123, 5.662388142346697], [30.933835435514357, 43.83380682191057], [88.90887996815795, 53.039680433426625], [92.97191119771401, 40.490609611261654], [28.84149182145743, 78.47438820796201], [84.62263132654361, 37.025665935487915], [24.138494277796617, 93.25570698542171], [27.885345311086475, 15.783006661767418], [45.14103050478536, 17.921336239700004], [43.249410322216875, 91.09052442868207], [29.183522618100877, 58.35935771156608], [15.954770053555368, 94.45894732213304], [10.109308591893907, 43.966451439693074], [73.82995716664605, 21.307584747452125], [63.4663580633136, 34.875641513666565], [98.07347463062634, 63.480008448747135], [63.33426385655873, 2.2939536607230804], [88.91713353366136, 18.08165197140823], [24.39810228980258, 65.30807778650228], [43.487786660241845, 57.63248944170082], [33.028184854833455, 81.74730945233898], [23.26114042270727, 26.60653437249234], [89.18302101657666, 16.58378930497213], [81.32037117717691, 30.161350928447938], [2.380252635710245, 8.51504136532234], [26.496122244603114, 8.755049196013331], [62.56846420391374, 62.94249516692507], [4.344589662637077, 3.3468479117547245], [83.70678533184552, 5.053392088572107], [90.68061314461036, 66.55208699821573], [2.593528189425387, 95.24196053258879], [83.99524187896112, 70.60059804661303], [27.802345590802002, 75.05233355875531], [28.613812280082996, 48.00511076311251], [27.690289289902946, 41.604892084716624], [7.934385710655755, 22.462472279785228], [8.779337290795164, 15.255076705069204]]","[[0.0, 82.29897512510355, 15.718306590852686, 66.89346832200839, 73.84423175074039, 79.54964570082403, 68.65544232688154, 15.115735714605153, 41.33979297649999, 35.42930234486133, 20.028917665733477, 67.63365098096128, 52.52852983942765, 17.124759957492373, 52.28514616657207, 70.38096567844653, 51.77031808414558, 77.94211866446167, 62.89763191242698, 26.692240260625827, 68.12652625168309, 57.011587245274406, 70.5172747349505, 27.917055856169966, 79.20713062417937, 42.384273301696105, 58.67878151683637, 61.03541503707114, 63.27087334120366, 59.55109448995848, 31.110702013044065, 27.296729426347166, 41.26730891772539, 51.78818839965809, 71.13676766534299, 62.718594185875666, 28.912652959769012, 44.17304962733047, 100.66804897033812, 44.95540368950144, 5.526788485721966, 82.59036512915434, 59.53104569511598, 33.61137930500049, 46.74569833657596, 46.59543738680912, 47.62991318197549, 51.89112100379129, 82.74256140259288, 72.29991728674734, 32.73777255461381, 52.48357779864014, 60.157354309008845, 76.21222857504023, 62.40885528878359, 50.20370094219931, 30.574102637596557, 82.26063287813258, 67.05108929832735, 53.97566163289436, 41.008350091389275, 42.15986468645803, 77.14699479707804, 68.57164287461008, 53.89649951386165, 104.63051671707528, 89.35115019559971, 24.2712640936007, 107.09538754606564, 79.11413818022238, 23.14235293935497, 73.46111807592438, 15.812372168270725, 48.124163973421375, 58.645108954556086, 63.43460688050736, 90.92476204737468, 95.33709379134814], [82.29897512510355, 0.0, 91.77093163094567, 25.031865673996435, 51.709983963987675, 16.66955496650363, 24.825893666393306, 77.31527906041148, 96.91469785151928, 95.54108206947141, 68.64481210794168, 96.73785487780891, 40.18027478971921, 65.5145374044391, 54.906693825436676, 40.80296805563337, 35.581067007637934, 9.681855567239545, 22.728123812823394, 88.92208400738508, 42.30181551298347, 67.99485217812291, 14.894269147180802, 56.67044610235029, 50.5728806011219, 42.46617796858671, 101.45797599949778, 98.74689393485863, 21.978017476607278, 98.69580573304258, 63.886274630620115, 100.038875357319, 89.72885609835231, 30.905597526197948, 64.31903925520574, 20.948812748697385, 76.52905250517414, 41.82838859957035, 60.45245557558543, 38.80349059421132, 77.19642726634927, 23.23251604499207, 58.257288869111186, 54.56447452024433, 44.76345390312797, 87.7385036862094, 38.05107677315153, 103.00559934578386, 45.38368001159236, 30.598623748323487, 93.77066774722178, 70.55258115760199, 108.0083700353596, 74.20326272196999, 20.003943728967283, 34.19841915423499, 67.63969605373867, 7.672023124244383, 24.430905271188497, 78.98614242142555, 62.48859589523112, 88.75448467539799, 53.90374623472674, 23.644964127800158, 30.46519055756862, 68.94267855273901, 45.05633987921874, 62.004097132807836, 66.64683385601973, 13.2243275474049, 67.96450303328629, 116.01958531461523, 70.3086780369845, 85.27384038335113, 62.89307541142309, 58.99508206764127, 66.42300232948271, 63.6877418872734], [15.718306590852686, 91.77093163094567, 0.0, 79.2885852108566, 88.85385957384872, 91.25255687034038, 81.12474148223792, 30.749226615669567, 54.26178375295639, 48.04010842946131, 23.474937371014317, 82.37433301810934, 57.167418435786786, 30.12397786093655, 67.52398142223493, 84.63667890247497, 64.44886336132119, 88.67817265181183, 74.38069928054237, 40.22380704436327, 82.50976106576097, 72.71973641026254, 81.45355467533743, 35.123969895868285, 94.06987168899737, 49.70711317640685, 72.33720248957002, 75.21967253811246, 71.14291305005572, 73.64807695289295, 31.915771914334023, 11.582432363724855, 55.51833523159452, 62.5441416400426, 86.72042482105446, 73.58480396008986, 44.43663318999226, 57.00618237705593, 115.5382930360588, 53.07637604330044, 17.625150406234948, 95.0149807345189, 74.97035868494912, 38.49777183783829, 51.21929566225083, 61.334976152870524, 54.669023488677524, 64.65364953059175, 97.18823852283839, 85.57290014010673, 45.52208179905695, 68.19995680865688, 72.8731258683274, 91.9258962006351, 71.80099396480732, 62.05458102233799, 29.55966185435069, 92.79707956820104, 73.45569602664156, 69.50984093542174, 56.5680550580414, 56.59429237136544, 92.23508168032826, 74.9545517304079, 61.82621859339173, 119.81546774027075, 103.5897345820884, 38.78325579318385, 122.08632145994314, 86.63185303381184, 25.05811144473651, 86.25537090907022, 21.47400536274827, 63.15631720002167, 74.25446454357761, 78.89157700899626, 106.32780150594532, 110.53215121340494], [66.89346832200839, 25.031865673996435, 79.2885852108566, 0.0, 28.775854489606104, 13.468217590152872, 1.8904503236492085, 58.434776380528994, 73.84438825696438, 73.24924002312294, 58.4379053880711, 71.71479791243635, 42.06792421285856, 49.85935475986092, 30.13266650461737, 17.583540659908074, 15.14626795848915, 15.909051891465047, 7.72485555676124, 67.68250547702704, 18.35264128635496, 42.97619410590699, 10.719274353260504, 46.618640268550784, 29.420437644963787, 36.46993849069183, 76.87466272627503, 73.94500091445042, 27.317877879987567, 73.9684936045392, 57.79751955639751, 89.29189299879637, 66.27524109511376, 18.82821214893539, 40.12768052559147, 11.342205130349067, 54.67064272599646, 22.745477938896432, 45.684999490616796, 32.477785210064205, 62.575839980324176, 15.74196805980331, 33.241329291534576, 47.7711306519292, 43.728689460748804, 63.621204360854534, 34.73547134840073, 79.0665798383924, 26.735018809842536, 9.388765538126545, 71.7881392152262, 45.702133734016726, 83.59961758346576, 50.164730178340974, 19.603079528648596, 17.364517674571584, 61.618640051763535, 20.030786140264166, 34.71794490421581, 54.13748720669261, 38.99811445202126, 65.15228690373078, 31.664668972109975, 35.103864278845975, 28.851332715774017, 53.16978844663037, 30.012930512494172, 43.58951563818257, 52.669311017470875, 33.091119511418846, 58.9861320595861, 91.14842577114969, 58.5593181924648, 60.94351354853598, 37.86259048121294, 34.15011263147624, 46.38416820613039, 45.744489301097744], [73.84423175074039, 51.709983963987675, 88.85385957384872, 28.775854489606104, 0.0, 35.638267801079074, 28.067182182825263, 60.838174870896516, 63.737286127106174, 65.62116677605601, 73.0362271736624, 50.47066474397815, 67.49685863012353, 59.27266224964978, 21.776822485951932, 11.217081457679505, 32.38989086599488, 42.034067376931915, 35.575404792499434, 63.531502372211136, 10.716736556105072, 25.243630281367054, 39.12251938358065, 63.30444687872441, 5.857282662112478, 58.491134559343664, 59.933570408691004, 55.610575569695314, 55.461424079221715, 56.233778841369215, 76.33932312199038, 100.14394434112333, 55.632625608518474, 42.24592966075742, 13.79225369282425, 39.41101855341042, 50.973342503039866, 36.69545928789607, 26.89605895215433, 55.168073523057565, 71.24541383324606, 31.057675360380188, 16.358702330460897, 67.13511049301448, 67.53207511715868, 50.46307334959432, 58.71746186386752, 65.2405020284837, 12.346179365526632, 21.138419511376476, 65.19270741744384, 30.408450525402557, 67.24444132402164, 22.906291286861123, 47.716862924792906, 37.49723869034984, 79.77384734362478, 44.87590811618252, 63.11761612031381, 37.311309598176734, 34.05680934843352, 54.070149473187165, 3.6360900504563824, 63.63321877100892, 54.76716559469019, 31.118176999161445, 19.306607860231512, 50.10877690128252, 33.25391334389998, 61.57352250704448, 74.75756017701923, 71.33879600786086, 71.44609659710673, 47.006468762127184, 20.045769674464566, 13.587820133513523, 19.481013812737427, 21.93959599956], [79.54964570082403, 16.66955496650363, 91.25255687034038, 13.468217590152872, 35.638267801079074, 0.0, 12.16475281154003, 71.72345598708925, 87.07074781091032, 86.63388819809283, 69.47572688521274, 82.94097173178834, 47.650667536583065, 62.43207423477493, 42.57154541372287, 25.19884386289228, 28.21928784664739, 7.690190631463673, 16.87682085385499, 81.14906176982842, 27.089847186939387, 54.46964225568833, 11.000707106015303, 57.38172551734195, 34.05176499494838, 45.29395113748935, 89.20475422687471, 85.95534949436606, 29.942777554823255, 86.10957184891112, 67.31743251376896, 100.80062118120546, 79.39993483776608, 28.951927848131916, 48.770168469443526, 18.24776721009226, 68.12265266835081, 35.71516457279688, 44.42210078673748, 41.222991558537515, 75.0033956546414, 7.099270693312132, 44.310899069991464, 57.335487644798974, 50.72570611601106, 76.42587046129752, 42.294301639014954, 91.92536727483683, 28.714211701358774, 15.013836276472482, 85.21095323879086, 57.798326939548815, 96.09472688345265, 58.43533985161093, 23.72264917571707, 29.372048989295784, 71.18190697238306, 9.318945238607721, 35.64984941040397, 66.16586457897787, 52.234493859924925, 78.22266638035283, 37.56813992559002, 35.4560651062243, 35.15496685744079, 52.779583783324895, 28.705714295419707, 56.720759693553624, 50.89578410316539, 28.625839938129072, 69.60448538186684, 102.94454898937786, 70.10739290989818, 73.60153284083829, 49.073412288646736, 44.38937854598178, 49.753588128955215, 47.13047807211577], [68.65544232688154, 24.825893666393306, 81.12474148223792, 1.8904503236492085, 28.067182182825263, 12.16475281154003, 0.0, 60.02843902682797, 74.93826853300335, 74.46928341330609, 60.321828731178904, 72.07281579615189, 43.71209847053539, 51.642114300962575, 30.81656016924945, 16.850987845840574, 16.88689922737481, 15.438716097156114, 9.345332394184839, 69.04569350643844, 17.87343752651923, 43.36866161005501, 11.079011989322648, 48.50824497556766, 28.37125776190652, 38.31268519313501, 77.56947260733398, 74.53216030531962, 28.593743889956766, 74.5978472452767, 59.677445313488334, 91.15449311773041, 67.30609231381717, 20.69261115604704, 39.825437283360756, 12.80436432359499, 55.98733967143938, 24.488015092126552, 44.10597730010713, 34.3103924874781, 64.3715894235633, 13.942019943201506, 33.482174177815764, 49.64891172964985, 45.48030555413552, 64.49343895040336, 36.50426714076324, 79.96804628309508, 25.335651718770443, 7.949745598400458, 73.05330674055571, 46.29000592044722, 84.3562910511735, 49.8260428706018, 20.940449853448293, 19.239540975800683, 63.50035984254966, 19.35979628217486, 35.869680796724154, 54.71370719878646, 40.092198179744514, 66.15285951808974, 30.823450357410675, 36.19207685525212, 30.503562690097947, 51.68553070529482, 28.356944370577118, 45.25622380528612, 51.069971843456784, 33.553611274330535, 60.8758702906941, 91.67940621288223, 60.426148850779256, 61.752698441888924, 38.15978748662707, 34.17573478209559, 45.275136857976925, 44.407077226789475], [15.115735714605153, 77.31527906041148, 30.749226615669567, 58.434776380528994, 60.838174870896516, 71.72345598708925, 60.02843902682797, 0.0, 29.622660280834307, 24.66168158245919, 28.469288045268577, 53.093744393512914, 54.50293648831426, 15.117975082115537, 39.061617950771854, 58.824590223601824, 43.523921612623745, 71.46935753695124, 55.93241452481598, 15.517076036029659, 56.38316028032317, 42.260597462673225, 64.01639175490382, 30.52833308923802, 66.43287918241379, 42.40233810848633, 45.39646599897075, 47.119916573270324, 60.97994041266978, 45.7510772948439, 38.97846310198814, 42.283129658742716, 27.65086401746491, 46.48056530685112, 56.833763821240446, 56.63106353238973, 13.831942176941034, 36.1769840604464, 87.72619410728035, 43.73152156619565, 15.87027309288977, 73.6754125433743, 45.69862262330937, 37.51757708670485, 49.38609110701368, 32.22824097979265, 47.425786351924636, 39.88525459501987, 70.67960935205292, 62.336624964458515, 21.99937193526815, 37.54807509882939, 47.957921490497895, 61.38409827993854, 58.29521749440949, 43.37951952930476, 39.821101816045584, 75.92869702777485, 66.24516424738482, 38.866819270313925, 27.048913849861975, 28.265176380724085, 63.95410748100922, 67.71713160462933, 52.122729565466244, 91.09744388730671, 77.56479778135804, 15.319951214860176, 93.90911329261911, 76.55904004965585, 31.816553683312765, 60.910816803428084, 24.149913690331736, 33.41365786196569, 44.32112299997228, 49.522598536132456, 76.99778121510897, 81.82182625023603], [41.33979297649999, 96.91469785151928, 54.26178375295639, 73.84438825696438, 63.737286127106174, 87.07074781091032, 74.93826853300335, 29.622660280834307, 0.0, 6.2808280889870804, 58.02509080373782, 31.0565732075764, 82.03151278530858, 44.04994639725769, 45.4613837338344, 66.93718001374519, 61.346319818223435, 89.17775014937992, 74.20434505563567, 14.702112879765407, 64.28783210957717, 38.754060645747415, 82.25720139783364, 59.415903240317604, 69.52302637372925, 69.32650323289208, 18.41763606945857, 22.302060264552416, 84.80438278574714, 20.574439229220783, 68.59912912802218, 64.40994778380043, 8.114846139167856, 68.13511501367577, 53.797160706672386, 76.16212858376002, 21.45095000859404, 55.73791902117233, 88.21888310045846, 69.6840892106116, 44.32571133348626, 86.71607375232428, 47.60595242606454, 66.51104853600629, 77.46076574053941, 14.026555632688597, 73.87668362694521, 10.551331797957745, 75.81221079997738, 74.15039853068775, 8.744038854132928, 33.37351880325895, 18.819342699840373, 53.256667077898044, 80.28641997152936, 63.42636063797921, 69.38890649276362, 93.56275978713421, 91.22537743882287, 27.893922851678024, 34.84969330565878, 9.671966961555784, 65.66913334178531, 92.58874346946104, 77.00643781094092, 88.8056083343487, 82.93823282329475, 39.89791016205686, 92.9867656114275, 99.29716925039935, 61.38474994577349, 32.15634930720838, 53.64396203768435, 17.5820381456031, 43.699616296183656, 50.16594093984892, 73.79367204824415, 80.28459422429454], [35.42930234486133, 95.54108206947141, 48.04010842946131, 73.24924002312294, 65.62116677605601, 86.63388819809283, 74.46928341330609, 24.66168158245919, 6.2808280889870804, 0.0, 52.75521905291854, 36.88291601654645, 78.26595858148838, 39.53300970995638, 46.126030570333214, 67.81050663671579, 60.01108117290561, 88.20995383650722, 72.9568008773302, 9.198901314855249, 65.15680108471925, 41.223958504179144, 81.10233689244015, 54.99209811565564, 71.46498386585313, 65.72292396726483, 24.677726348027818, 28.38540879311325, 82.2386979123654, 26.679068907487792, 63.51791681152861, 58.133313293375686, 11.254463069643586, 65.99763827997965, 56.65700687934666, 74.63680845697021, 19.048802095095702, 53.89389988908226, 90.88627172126442, 66.39393477302714, 38.69670479396592, 86.79263570571108, 49.291196005891976, 62.047085178481986, 73.46211605552479, 18.11595557234179, 70.45577622594118, 16.63188197633469, 77.4314323853625, 74.35059079995222, 2.726935059375031, 35.70152787460895, 24.8863886090365, 57.0842408848104, 78.1844109433852, 61.612852517848175, 64.10453879863361, 92.646288845581, 88.35451226173055, 31.414038722952217, 34.61843426990009, 12.938150920624782, 67.82367015723605, 89.75700049130046, 74.08663904169718, 92.0013967834407, 84.59272299113587, 36.46023796178682, 95.96114934310084, 97.11345598114472, 56.12098462815556, 38.26530437607475, 48.328227543339466, 21.42962649778564, 45.76968057266381, 52.192188384621375, 77.01211152256255, 83.26165275517975], [20.028917665733477, 68.64481210794168, 23.474937371014317, 58.4379053880711, 73.0362271736624, 69.47572688521274, 60.321828731178904, 28.469288045268577, 58.02509080373782, 52.75521905291854, 0.0, 79.91579662199928, 34.046865863113815, 16.45865701538097, 53.56465387726358, 66.74570178334366, 44.44685795544801, 66.19445830160913, 52.68558989943884, 43.5660322851096, 64.99303360709949, 62.54566198524523, 59.19058583119671, 12.149902957336796, 77.59782220850863, 26.31935252821699, 73.63055435386951, 74.91306587242657, 47.721209917626986, 73.66056930600796, 11.144225044920884, 31.519328396903614, 55.89323256124512, 40.52399724174602, 74.09921169916929, 51.394866401514314, 40.43077867542348, 37.643335842355405, 98.67133817210485, 29.843015416102116, 14.948189455830107, 73.91386226367811, 61.71683945457908, 15.097279211951212, 28.09848521846914, 59.753604503154044, 31.212264625396326, 68.34949704194581, 79.44672242375651, 65.77723386280331, 50.0370121174696, 59.30513183811463, 76.42474942211335, 81.23952351512335, 48.78846323866443, 41.10443598336439, 11.363974442962945, 70.15511851189801, 50.02081653760075, 63.34825929376316, 45.417278383522074, 56.33829444870093, 76.62333127030269, 51.52528102873811, 38.45634912508389, 104.04718423027619, 85.2316823023451, 25.638405275912508, 105.5320392805982, 63.1593434382213, 3.3657656357508663, 89.31963180177644, 4.464716180670727, 60.286714536011715, 62.39184968770539, 65.5799305035039, 91.87950767386909, 94.96001975829043], [67.63365098096128, 96.73785487780891, 82.37433301810934, 71.71479791243635, 50.47066474397815, 82.94097173178834, 72.07281579615189, 53.093744393512914, 31.0565732075764, 36.88291601654645, 79.91579662199928, 0.0, 94.75759898480916, 63.6938282394932, 42.26924053314387, 58.3770218428008, 64.35858146162319, 87.51077955950369, 75.2194246297797, 42.57463802863134, 56.12433631413593, 28.744020891511013, 82.0620066961461, 77.03732858325944, 55.202428666432816, 82.16686487237244, 14.817265958048427, 9.442552190862283, 91.3548067488392, 11.127768951726587, 88.88774407177705, 93.32334213231809, 27.08117918581909, 74.08526244029369, 37.0092565611683, 78.33287021207843, 39.69007362655179, 61.97491591454356, 68.70316108944733, 80.98299073238812, 68.95330324360059, 80.07565114627717, 38.66147636992742, 83.77125342875314, 91.65110965162837, 21.058446884993923, 85.4582788611751, 24.312632797137542, 62.45384601359892, 68.06890722926049, 38.680446217447795, 26.88912598464917, 20.986484561752725, 31.11043706607525, 84.90183999371625, 68.40704906364299, 90.73902475392445, 91.33324592141089, 98.87920690917178, 18.993016068761104, 39.4512182098323, 25.85157730895105, 50.731299326890294, 99.96472360735116, 85.8895809305615, 66.73791430204479, 68.76945761555551, 55.81854287661478, 71.7598938458035, 103.02839954171223, 83.042482474661, 20.96007267354609, 76.05319981722016, 19.732418952188944, 33.93099028648399, 38.74088874479809, 52.547678386428416, 59.75910941363913], [52.52852983942765, 40.18027478971921, 57.167418435786786, 42.06792421285856, 67.49685863012353, 47.650667536583065, 43.71209847053539, 54.50293648831426, 82.03151278530858, 78.26595858148838, 34.046865863113815, 94.75759898480916, 0.0, 39.48178536353861, 56.0952240799954, 57.476330972110205, 35.48992663693161, 41.63806081819662, 34.36890343552852, 69.5651918199738, 57.006239648632565, 69.43129172489775, 36.76086455116984, 24.797585802628177, 69.90676200770069, 12.846863981469056, 93.40137004928478, 92.82331639417905, 18.44324505077186, 92.065325053727, 25.879818375983724, 63.25040755794661, 77.14892609931923, 25.25195532859758, 74.72083170174061, 31.067093681946005, 60.87101518950189, 34.06130060339211, 87.7321295883037, 13.873936402655007, 47.00492133371174, 54.05706325005909, 63.51644823517912, 19.08105377867238, 5.955596009630109, 78.3717158511557, 9.470076219734139, 91.05408096997178, 68.51993151587408, 51.40990959664041, 75.79656784869667, 68.82541858690107, 98.18452461839023, 84.18848318774516, 23.961741972998954, 30.308925919747793, 29.208923798052865, 44.37972918368622, 17.207257601477423, 75.87259830064768, 55.314433773625495, 76.90206103228853, 70.96321299027282, 18.581537855475812, 13.217320479762144, 95.04035720357291, 72.06740020091665, 42.16262461915058, 94.72959207354592, 31.204408526807196, 32.112158334607514, 109.51080100954518, 37.31539883110532, 77.3919255214506, 66.52688205198537, 66.45499793092578, 86.69190618614276, 87.16588629508689], [17.124759957492373, 65.5145374044391, 30.12397786093655, 49.85935475986092, 59.27266224964978, 62.43207423477493, 51.642114300962575, 15.117975082115537, 44.04994639725769, 39.53300970995638, 16.45865701538097, 63.6938282394932, 39.48178536353861, 0.0, 38.59310898354234, 54.541197146060185, 34.7810004518792, 60.87088835681941, 45.77490542304598, 30.513081462244607, 52.45471341627057, 46.422898537707205, 53.4307910338455, 15.462678898702437, 64.29456449146357, 27.68702171335855, 58.2813214400617, 59.13232202133959, 47.399385696699696, 57.972686269201674, 25.368308784912465, 41.06004200903425, 40.738699574295644, 34.79728490815997, 58.75859043422773, 45.658564599328756, 24.645771697449856, 27.21211241051698, 85.71472409467117, 29.472939065111408, 12.780441511290748, 65.58410665938653, 46.519408321232824, 22.516500557159667, 34.28347738338852, 43.93797833926139, 32.83907226170415, 53.93205447068808, 67.1345956002095, 55.61734588419339, 36.930662502143456, 42.960364502344305, 61.73728121861018, 65.35422797691331, 45.78810871456189, 33.0794209840414, 27.045502977162723, 65.21318294129087, 52.02928851633136, 46.89440675319534, 29.31809315755437, 40.9700577492268, 62.74978419930478, 53.52912052067211, 38.21010683764763, 90.37600728528787, 73.47874801152072, 9.602994296554026, 92.37179182054196, 63.20758212173432, 19.42521582842556, 74.23958069538244, 13.226977458413755, 44.19418531849014, 46.69577005795323, 50.44330345520951, 77.43363210350641, 81.1415482265622], [52.28514616657207, 54.906693825436676, 67.52398142223493, 30.13266650461737, 21.776822485951932, 42.57154541372287, 30.81656016924945, 39.061617950771854, 45.4613837338344, 46.126030570333214, 53.56465387726358, 42.26924053314387, 56.0952240799954, 38.59310898354234, 0.0, 21.694021325619108, 22.469395127932284, 46.03651150105938, 32.97462108577099, 42.712913442696355, 19.04348454278531, 13.977675570928515, 40.06905353050138, 45.40011651215467, 27.41243411480206, 44.67937043301288, 46.75611899532304, 43.84785397518461, 49.637457878289226, 43.84060387550834, 58.66496364868695, 78.9418818396141, 37.49474680807523, 32.77403115187999, 20.628030804516897, 36.06569025747709, 29.74188712466586, 22.042405202695548, 48.66620171224901, 42.363126295774, 50.00775777176441, 41.435228372412496, 8.233475879840954, 50.53161915708142, 54.39448297321342, 33.93472517677296, 46.641991484991024, 49.44582702322413, 32.19899499481454, 28.823811723416487, 45.250617929590156, 15.656612280400443, 53.55276874322149, 28.828889418883342, 42.837542267768704, 27.023693761816638, 61.72218580441014, 50.137026492069516, 57.33983565453347, 24.082720604008628, 12.468998394842888, 36.16794813738583, 24.93134655453843, 58.31452151312971, 45.33441923192002, 52.34560802173397, 39.2946588933399, 29.107078919139337, 54.91185386890146, 60.761616619297, 55.72538445273037, 61.114593962370655, 51.37644178999622, 31.036872124097336, 10.43302032809639, 12.025236746460594, 38.898186282530546, 43.05249077778003], [70.38096567844653, 40.80296805563337, 84.63667890247497, 17.583540659908074, 11.217081457679505, 25.19884386289228, 16.850987845840574, 58.824590223601824, 66.93718001374519, 67.81050663671579, 66.74570178334366, 58.3770218428008, 57.476330972110205, 54.541197146060185, 21.694021325619108, 0.0, 23.47608164005582, 31.125222266509656, 24.584038626695616, 64.23024319088945, 2.6548755919619467, 30.659486472614468, 27.913283307834, 56.10038412090435, 12.432105364233738, 49.44247152307521, 66.03557168904736, 62.26860716484687, 44.51914799528845, 62.63255841038345, 68.71176799407742, 95.56666016756522, 58.88648094878119, 32.39854150660924, 23.604832949282063, 28.416587261398064, 51.11272061462492, 29.21863883746427, 32.068079281783184, 45.85268984274718, 67.08437665074547, 21.698754463276806, 20.398815236751496, 59.09605931899172, 58.03664398416188, 54.694914537882774, 49.0649899083717, 70.06219897490884, 12.707367310048637, 10.259787084678143, 66.94153829977164, 34.87169496385528, 73.18897628736725, 33.407826485367735, 36.758257194028914, 28.266291018738873, 72.32281357537506, 34.24133056128133, 52.10051026536045, 42.844101789964625, 33.799237320314035, 57.476666604172316, 14.112795016802663, 52.56684104340589, 44.48814824220323, 38.284931505952486, 18.977008764388223, 46.12101346317974, 39.03741709518359, 50.37539029366153, 68.07831041301414, 78.82430520269469, 65.74071680348146, 51.4953075480723, 25.09836864127906, 19.640335216513222, 29.335089303043777, 29.866353812310706], [51.77031808414558, 35.581067007637934, 64.44886336132119, 15.14626795848915, 32.38989086599488, 28.21928784664739, 16.88689922737481, 43.523921612623745, 61.346319818223435, 60.01108117290561, 44.44685795544801, 64.35858146162319, 35.48992663693161, 34.7810004518792, 22.469395127932284, 23.47608164005582, 0.0, 28.377796966820632, 12.950673488364824, 53.70989612323149, 22.377696372249012, 36.44561146915507, 21.12212131953856, 33.14661743147998, 35.55301666061626, 26.144851331919195, 66.97631629258989, 64.85786801418136, 27.169304790082574, 64.57839510947588, 45.397097256856185, 74.71421528100764, 54.25979553070973, 10.620367206606751, 39.369573216702285, 14.88502125272762, 41.053178619215196, 7.601690891574589, 55.40618596071254, 22.780072433319496, 47.53319327473115, 30.820271838222006, 28.818304080278708, 35.6682470813562, 35.15867537206949, 52.710075298421394, 26.436023824822858, 67.73762503194787, 35.83297672742363, 21.356218631031858, 58.308222940040366, 37.470933431474315, 73.18791716583297, 49.04800212858618, 20.55412814664084, 5.183397452570209, 49.07496492382708, 32.85055733656997, 34.87598059960611, 45.62706319594007, 27.246327586064794, 53.350184339434264, 35.958445591473, 35.84527813664307, 23.489347696499298, 61.755629799137914, 41.06631004049561, 28.512133444614598, 62.41725786784315, 39.09510744023225, 45.39416948184353, 82.22079455962094, 44.113751388298425, 50.52827421590253, 32.49513209308982, 31.35175987503454, 51.82861670357947, 53.206765588992965], [77.94211866446167, 9.681855567239545, 88.67817265181183, 15.909051891465047, 42.034067376931915, 7.690190631463673, 15.438716097156114, 71.46935753695124, 89.17775014937992, 88.20995383650722, 66.19445830160913, 87.51077955950369, 41.63806081819662, 60.87088835681941, 46.03651150105938, 31.125222266509656, 28.377796966820632, 0.0, 15.559812640135192, 82.08461619667507, 32.65830644155212, 58.79918020728227, 7.475136810142085, 54.04632407823479, 41.014768843728106, 40.91792175785473, 92.7634153780645, 89.85383576733794, 23.413393795621815, 89.87544369624337, 62.951678167982635, 97.70329256959458, 81.76713226228114, 26.235617299227176, 54.66152308561946, 15.226496972047775, 69.34898231860338, 35.34896643825059, 52.112234211494545, 36.933480732623174, 73.10990463353863, 14.750908788439748, 48.913756854169996, 53.14365955629149, 45.257374361724715, 79.37361988463633, 37.31698188173951, 94.7681446846792, 36.085043641910396, 20.916924527224893, 86.59001112297143, 61.610214383683854, 99.45211040128866, 64.52958922283997, 18.25993841474093, 28.142160519595958, 66.7996309571379, 4.476704340068819, 28.45551881965716, 70.04490597643216, 54.43944584186678, 80.70600848169657, 44.2660033894742, 28.141346542685227, 29.846463208560984, 60.464936200997734, 36.378832690404025, 56.20213025046993, 58.572985576519336, 20.955687316306772, 65.982088632602, 107.04933295033454, 67.27915417632728, 76.76343967172554, 53.597934971116146, 49.49276241958899, 57.09207535879229, 54.706423588843975], [62.89763191242698, 22.728123812823394, 74.38069928054237, 7.72485555676124, 35.575404792499434, 16.87682085385499, 9.345332394184839, 55.93241452481598, 74.20434505563567, 72.9568008773302, 52.68558989943884, 75.2194246297797, 34.36890343552852, 45.77490542304598, 32.97462108577099, 24.584038626695616, 12.950673488364824, 15.559812640135192, 0.0, 66.62053177242568, 24.898144850680286, 46.619306648110594, 8.1889601657881, 40.6406252103042, 36.76306570352316, 29.401604194630924, 79.03931427945898, 76.5654917615314, 19.93600261797536, 76.41920457088483, 51.12667741795265, 83.94568942155767, 67.0012496369465, 12.221778468034321, 45.913779694222974, 3.836737740931107, 54.00361426538934, 19.789981483105613, 53.40681231370246, 25.346483741722018, 58.245121611738156, 21.44825609969542, 37.57044151129832, 41.08670881431851, 36.20429028736536, 65.10965299087711, 27.272910379629522, 80.31636658267739, 34.42214722056266, 17.11079667270535, 71.25873558689123, 48.579975606689715, 85.46727820423318, 55.96441307490735, 12.174608022030446, 12.739813519767665, 54.97873392979453, 20.033324411910016, 27.543241804324193, 56.95637521528485, 39.78236910020208, 66.03334785876737, 38.67653425373318, 28.070244970974414, 21.158454532991517, 60.88416896824837, 37.69849937137033, 40.69201663431051, 60.38628994539152, 27.94076097214944, 52.9348588956494, 93.9099939426579, 53.23746928993071, 62.73430835839863, 41.91688562895579, 39.120189611011085, 53.758648325227924, 53.374961630215054], [26.692240260625827, 88.92208400738508, 40.22380704436327, 67.68250547702704, 63.531502372211136, 81.14906176982842, 69.04569350643844, 15.517076036029659, 14.702112879765407, 9.198901314855249, 43.5660322851096, 42.57463802863134, 69.5651918199738, 30.513081462244607, 42.712913442696355, 64.23024319088945, 53.70989612323149, 82.08461619667507, 66.62053177242568, 0.0, 61.60967317790365, 40.66004224013129, 74.80887975833481, 45.97213548846847, 69.37636249874146, 57.16767589571178, 32.17580389289794, 35.02480719210507, 74.47777395180564, 33.434919780388974, 54.31937568071715, 50.86834103920832, 15.495495165722568, 58.750138304132776, 56.247096642846444, 67.97514252377617, 13.21106187743594, 47.09370713503201, 89.71065003617572, 58.07579027385095, 29.640748312084778, 81.94874779169669, 47.25699271605897, 52.99749378393676, 64.62795843234419, 21.892891039192232, 62.01908091806266, 25.239136228805116, 74.79142163342563, 69.7801353099636, 6.499641729469744, 35.18372201407763, 33.491077170300834, 58.282131214416786, 70.89045384439788, 54.75132472016329, 54.919977855680955, 86.5544064419053, 80.3018790688064, 33.01119321531172, 30.432492259483574, 16.767463376854437, 66.10843883553876, 81.73344736926953, 66.0441060342239, 91.67786266819873, 81.93041136694157, 28.27914115909955, 95.24084461749207, 89.65607402682342, 46.93167105647833, 46.77135416335199, 39.14541797612141, 24.412202172571405, 44.423191525607436, 50.590008847041496, 76.8696999742044, 82.6542614014305], [68.12652625168309, 42.30181551298347, 82.50976106576097, 18.35264128635496, 10.716736556105072, 27.089847186939387, 17.87343752651923, 56.38316028032317, 64.28783210957717, 65.15680108471925, 64.99303360709949, 56.12433631413593, 57.006239648632565, 52.45471341627057, 19.04348454278531, 2.6548755919619467, 22.377696372249012, 32.65830644155212, 24.898144850680286, 61.60967317790365, 0.0, 28.19573382793631, 28.935421736184665, 54.55573295155902, 13.17565557322345, 48.49753176683602, 63.539606781531944, 59.83511541310625, 44.75532765598799, 60.170274757514946, 67.30728141159715, 93.50831771508935, 56.240379167530094, 31.79507289029072, 22.027387032845596, 28.729603977120657, 48.50559343643154, 27.650345894392284, 33.68287369489733, 45.01536904375741, 64.92756451367872, 24.002923410451814, 17.913196184341228, 57.80293087168289, 57.29926827867074, 52.08334989323923, 48.39151185544958, 67.46823210680557, 14.680711546442046, 12.077024310121166, 64.29295225578208, 32.30963813485447, 70.67168745661084, 31.979503010078812, 37.017395893637186, 27.337535668136614, 70.87231952970531, 35.96939693311327, 52.42963139610431, 40.33846622953995, 31.183016891805597, 54.83452019804458, 14.01163045949581, 52.96786402903384, 44.163348227223416, 39.5154727748154, 21.252040149508137, 43.89335126053316, 40.58141982948148, 51.39919116570292, 66.41947250939253, 76.47617109782308, 63.859658542440805, 48.899903071104134, 22.64595227111351, 17.3994545397576, 29.691228481510628, 30.841158295448448], [57.011587245274406, 67.99485217812291, 72.71973641026254, 42.97619410590699, 25.243630281367054, 54.46964225568833, 43.36866161005501, 42.260597462673225, 38.754060645747415, 41.223958504179144, 62.54566198524523, 28.744020891511013, 69.43129172489775, 46.422898537707205, 13.977675570928515, 30.659486472614468, 36.44561146915507, 58.79918020728227, 46.619306648110594, 40.66004224013129, 28.19573382793631, 0.0, 53.32817899124304, 56.15126867838395, 30.92132860357583, 57.552832007643325, 35.3932047304001, 31.651273454985777, 63.614517896465614, 31.97604271161938, 69.19986344128449, 84.30212830475786, 30.712443414388755, 46.68899861034386, 15.602168730133052, 49.85242988376923, 29.681427245081792, 35.46411846669978, 49.66333521295169, 55.585653352881074, 56.00024635932242, 52.14291743615798, 10.287868427728982, 61.99729997830369, 67.2907987023888, 25.245190627285805, 59.96210040697094, 40.04883849665945, 37.532643377951274, 39.80146684299837, 41.167962314052936, 5.543070172918375, 42.58959298258007, 19.222560416991605, 56.78899700500708, 40.9362867526343, 71.8853707210379, 62.67772392356264, 71.3103415601973, 12.265461363505766, 17.131733699317806, 29.094381209758396, 26.944993942511708, 72.29083885084582, 59.125231734418755, 51.066402214477534, 44.54992377897519, 36.936334190569475, 54.81710021954157, 74.5228785208218, 65.1302982665902, 48.47956991589229, 59.646344741390585, 21.767513652925814, 5.564498579431865, 11.723990780792555, 36.211809723581865, 42.147897901576705], [70.5172747349505, 14.894269147180802, 81.45355467533743, 10.719274353260504, 39.12251938358065, 11.000707106015303, 11.079011989322648, 64.01639175490382, 82.25720139783364, 81.10233689244015, 59.19058583119671, 82.0620066961461, 36.76086455116984, 53.4307910338455, 40.06905353050138, 27.913283307834, 21.12212131953856, 7.475136810142085, 8.1889601657881, 74.80887975833481, 28.935421736184665, 53.32817899124304, 0.0, 47.04597616447201, 39.12783409921749, 34.45166081170794, 86.5659138301383, 83.8878102199278, 19.52348586804041, 83.81979069857428, 56.513604298361635, 90.65498987475158, 74.9713755394442, 18.91889834585387, 50.820985832307066, 7.8707511492401245, 62.17079627956, 27.93438221549209, 53.05642352099953, 30.39844098816503, 65.72318416761965, 17.326696371781313, 43.79040032775985, 46.582026218880145, 39.728072514784394, 72.86596633609697, 31.3117838339365, 88.1643628396583, 35.33065355451816, 18.41816779818271, 79.42475317398588, 55.724515219283305, 93.11620753463573, 60.84566268493664, 12.79912385518598, 20.670308005213464, 60.37627773338708, 11.914339631422918, 26.02627799358866, 64.1513055720387, 47.681895106472076, 73.96509317012388, 41.80100037328293, 26.110550957394754, 24.15727640257027, 61.06647044792105, 37.08767892571212, 48.739036965641425, 59.830213052005504, 22.4746165011945, 59.12878691417721, 101.18022628249587, 60.111917253911564, 70.38292130729283, 48.34430000478056, 44.83533477958418, 55.85981526805695, 54.41159605749527], [27.917055856169966, 56.67044610235029, 35.123969895868285, 46.618640268550784, 63.30444687872441, 57.38172551734195, 48.50824497556766, 30.52833308923802, 59.415903240317604, 54.99209811565564, 12.149902957336796, 77.03732858325944, 24.797585802628177, 15.462678898702437, 45.40011651215467, 56.10038412090435, 33.14661743147998, 54.04632407823479, 40.6406252103042, 45.97213548846847, 54.55573295155902, 56.15126867838395, 47.04597616447201, 0.0, 67.4770662406487, 14.780632686813629, 72.9507821737421, 73.34635833855778, 36.165873666523964, 72.31072682377572, 13.268135467735059, 43.65964041835719, 55.681142200573035, 28.443005276801166, 65.99275256242314, 39.26177208343827, 39.31896245399163, 26.906991855137953, 88.16479517280284, 17.96104528021936, 22.397914025827053, 61.959997731159596, 53.630094024547454, 7.101013053129827, 19.227841237355687, 58.24971428172326, 19.943716134499166, 69.14035156024983, 68.71996832415455, 54.30132107818248, 52.39325015175061, 53.784455702613, 76.80406967431195, 73.97801255121541, 36.74081618697105, 29.40351680897546, 16.495019758610564, 58.02078454161318, 39.273558419472785, 59.150833034102035, 39.467178302492194, 55.76238019159051, 66.93407244882228, 40.7944461596832, 26.787115032541482, 93.97972951867942, 74.19344703027157, 21.256899823433322, 95.11229328551285, 51.851120595274715, 12.368259051142285, 89.03398445365492, 13.741587295133373, 58.056906399293894, 55.05743016316389, 57.335325224933996, 82.54051347672763, 85.0601297943579], [79.20713062417937, 50.5728806011219, 94.06987168899737, 29.420437644963787, 5.857282662112478, 34.05176499494838, 28.37125776190652, 66.43287918241379, 69.52302637372925, 71.46498386585313, 77.59782220850863, 55.202428666432816, 69.90676200770069, 64.29456449146357, 27.41243411480206, 12.432105364233738, 35.55301666061626, 41.014768843728106, 36.76306570352316, 69.37636249874146, 13.17565557322345, 30.92132860357583, 39.12783409921749, 67.4770662406487, 0.0, 61.66329364662036, 65.24320461936811, 60.77900984367576, 56.66713040881261, 61.47666171826708, 80.34444513015359, 105.2823701057687, 61.42499902639838, 44.7968690273699, 18.194105141420952, 40.56897729418255, 56.77907629745905, 40.626500606929305, 21.472650477522453, 58.150542472007174, 76.44577084628773, 28.615914373847428, 22.215172065601877, 70.91760455494654, 70.39408873019146, 56.165458606550594, 61.447465510639546, 70.81483708595329, 7.288334432237866, 20.71110233757674, 71.04763521298338, 36.16506553453924, 72.57080670862733, 26.13072358396218, 48.91313626674586, 40