instance_id,num_cities,city_coordinates,distance_matrix,best_route,total_distance
2722,64,"[[70.88505182671247, 87.52879811925996], [73.51440852581524, 57.77814792260894], [69.24185001300197, 14.957826735733038], [17.78987432200676, 15.772897412107056], [44.35123424279188, 97.65220388337062], [68.57338921248581, 73.74392074303915], [92.4059654908114, 71.1716061489011], [6.371314552342833, 82.95363549263614], [17.217157976082177, 97.7459928439749], [77.64433612566324, 0.362630617253068], [13.810486918551856, 53.10074422277131], [28.76378896226862, 51.846817157545665], [39.010115536870416, 93.82999380142006], [92.77580456655522, 75.4309856275623], [31.748501109101234, 97.24366524559252], [91.80407384428327, 37.71751632041004], [20.952967251976094, 42.99903034110013], [45.17491997641437, 96.5101558744601], [58.66546098807752, 80.13958020190097], [86.84921000658818, 27.55128822644973], [78.1328862195196, 2.6992826394874547], [48.39847770105826, 39.0104645932343], [82.31682309049407, 17.556909779931186], [2.732436775610725, 73.06020437879106], [38.43084454348823, 68.40798461958603], [73.93543100481058, 72.6047400297248], [83.84631798712363, 95.96210614101922], [16.252026758929627, 65.5665440147921], [7.382558330077671, 91.54802257114437], [98.87319976390535, 8.263721756587417], [89.30335407531906, 44.515972514616706], [55.62407307054046, 62.29264563562305], [17.434406225226162, 31.524783121099574], [50.72764488986665, 36.31515051305979], [21.589931718983244, 33.17662913543173], [94.36212061107456, 2.7594821456485175], [70.00153585304469, 22.710442620546445], [9.70893514391441, 75.12552769599125], [65.61128760840067, 70.96025813606919], [24.488947178936847, 23.436989951704945], [9.587012770427872, 13.3160357800299], [96.46516932564079, 65.42460269047463], [28.070955749823256, 49.25295379073762], [80.39285488361088, 29.4771974422818], [63.220389455667835, 42.72810233653519], [14.906862360251017, 87.55305551789753], [27.19069457855707, 70.03625510163938], [36.46541987859246, 86.21099972455747], [72.48615904434081, 5.989022730219029], [98.33435935271805, 43.2231275180804], [22.692240296779065, 68.40905570395849], [90.59304110871248, 91.74827555914355], [31.02491171107644, 48.15815650029989], [80.00382521541275, 28.765217697763678], [9.579340724915086, 66.67614186291732], [29.40853190959607, 3.8077758227101133], [59.49892135625212, 70.1347007416107], [66.5998828495401, 14.254519323586766], [36.29229508368158, 95.00529393338272], [8.31367299832454, 19.28853691017398], [75.13851092398419, 71.01030674199241], [79.29036377299683, 38.269947439104634], [60.73743291610093, 68.02461744672057], [14.636407793377293, 57.201763373517366]]","[[0.0, 29.866615204515696, 72.58957225214421, 89.2636945266719, 28.399415836273857, 13.977361278848646, 27.031601027182464, 64.67576369990883, 54.6318029942749, 87.42784843070292, 66.65430859708445, 55.20330199044001, 32.4917932793246, 25.011239925305766, 40.324288528806726, 54.02563536522314, 66.90376139168461, 27.233722971466943, 14.280018966859615, 62.065739658319075, 85.13857997358495, 53.47592639731645, 70.89958076038896, 69.67150883345643, 37.66803790047735, 15.232607228901903, 15.46334713672588, 58.88215377689749, 63.62955952609424, 84.06122028459083, 46.790351828304104, 29.491708407172794, 77.4171893776173, 55.0377938833821, 73.37688423258423, 87.96027335871372, 64.82437666521237, 62.420816796803095, 17.387613585680388, 79.12242666067579, 96.25478526371994, 33.80736409146553, 57.42897423724697, 58.825051297284034, 45.45161594353231, 55.97819472227061, 47.06576161662251, 34.44484948512802, 81.55549346805269, 52.11964055015588, 51.84700216200702, 20.15462307772373, 56.025692244957824, 59.46688500390894, 64.75510394279534, 93.43185366251892, 20.78938649103168, 73.39947279230937, 35.39147932399978, 92.58461372371717, 17.057328972410247, 49.970827882317394, 21.986069072529997, 63.903356657208015], [29.866615204515696, 0.0, 43.032948571909714, 69.78298347506676, 49.400719357352976, 16.71285653645967, 23.157626126637595, 71.70774186040961, 69.04208171193696, 57.563859577182676, 59.88686300565013, 45.14198307524679, 49.90272363244814, 26.127075161136133, 57.462318782940216, 27.146653527473937, 54.59970169580878, 47.99265622180006, 26.842594817935368, 33.03755405024588, 55.27216059720743, 31.353403622982697, 41.1731769468724, 72.41290475030462, 36.65855820823337, 14.832568672978043, 39.5570855643079, 57.789613939749486, 74.25514153302295, 55.6304475229836, 20.6197986924594, 18.451146097277306, 61.92096431286586, 31.30330421541634, 57.45768893976738, 58.83604917962067, 35.243215369307606, 66.12163048874709, 15.369689323961259, 59.8565868644116, 77.869065387002, 24.191025025984843, 46.236201565330894, 29.12484888178823, 18.233779113487596, 65.73727701887807, 47.91813503758258, 46.70176250821386, 51.799331899062054, 28.772879209876017, 51.92214348190965, 38.021694630093116, 43.56491219473532, 29.729827601299107, 64.55127567188323, 69.70028275901531, 18.68470706671552, 44.06945554183179, 52.64357633374216, 75.71384331292623, 13.331456620381957, 20.345307692980267, 16.378072030607964, 58.880821915097236], [72.58957225214421, 43.032948571909714, 0.0, 51.45843121116545, 86.359149864134, 58.789894441797216, 60.799385208911524, 92.60741999221952, 97.77754869652946, 16.841066552043504, 67.28683503429014, 54.76560088931262, 84.46760625868929, 64.89106227582607, 90.42516481212688, 32.04773649111108, 55.84017637817555, 85.02940379267206, 66.03424104001527, 21.647503280099176, 15.1433955302371, 31.82727693721856, 13.330797187257094, 88.31414573531582, 61.694711571181024, 57.837672107819756, 82.31028955590435, 73.27457699045117, 98.45115573531764, 30.378083045712152, 35.72321272125596, 49.25473509359299, 54.39186773496739, 28.26501495260699, 51.01597865354641, 27.925393563186084, 7.789748111012485, 84.64230733890165, 56.11999025412478, 45.549078156625356, 59.6774252459021, 57.341124768040416, 53.58356347004881, 18.307294593645725, 28.415597727094145, 90.67721943883923, 69.29598072493181, 78.43028135440524, 9.537556625265767, 40.56231413514316, 70.87947547031042, 79.70349046124879, 50.624068086723, 17.50611765742679, 78.9582113155167, 41.36443963708595, 56.03045675229692, 2.733977287541111, 86.56367699444787, 61.08189424818841, 56.36178780655572, 25.385578592448365, 53.74392418238378, 69.0384277244051], [89.2636945266719, 69.78298347506676, 51.45843121116545, 0.0, 86.07976922051193, 77.06883242055105, 92.93319100846321, 68.14422261834116, 81.9750960883548, 61.806414881417865, 37.539361630523146, 37.70615981947908, 80.89010405449791, 95.82263419549332, 82.65790508571507, 77.1988861963306, 27.40925885810893, 85.2551794878809, 76.24882581822105, 70.05656525530704, 61.7430035557571, 38.43008104744882, 64.55160584756614, 59.233115441944285, 56.53761630121137, 79.88855907159429, 103.89303608159597, 49.81738870234318, 76.48648128279684, 81.43029770142245, 77.0736151531503, 59.962601425579166, 15.7558960696303, 38.8185637607135, 17.813767544171373, 77.6701865496083, 52.67055281037789, 59.90021952894225, 73.02419018643623, 10.179189142460093, 8.562891259004989, 93.0327570319117, 35.023061123232424, 64.08541967182263, 52.82532326287954, 71.83803209765635, 55.07165704096885, 72.87182074859486, 55.56444696222147, 85.09364959697851, 52.86396080389215, 105.22622856853744, 34.98530006873528, 63.55608603566, 51.56115938929144, 16.67804960979249, 68.5189774131264, 48.83361961269691, 81.36407212367577, 10.10732964770245, 79.62435249082387, 65.4860860231284, 67.63678759202556, 41.5487097994112], [28.399415836273857, 49.400719357352976, 86.359149864134, 86.07976922051193, 0.0, 34.03408283021779, 54.86783439952934, 40.7249581022505, 27.134238357041646, 102.82845763350973, 54.014533275897904, 48.384934674707246, 6.567864108011729, 53.27965420133065, 12.609353126056138, 76.44565886637756, 59.451226029536464, 1.4080951112867717, 22.618334941463356, 81.97692553370707, 100.78321915390394, 58.78123651798078, 88.63770120027498, 48.34139781023596, 29.837482711179412, 38.763386636793385, 39.53122905185821, 42.650381363163106, 37.46924109495451, 104.70408521741511, 69.59994368899756, 37.113006543693665, 71.3957380184395, 61.66759869568854, 68.37526330228931, 107.26470712277192, 79.20988293054769, 41.32239135029738, 34.12403605796678, 76.82713339914412, 91.22028472294154, 61.27381584712789, 51.06402723383509, 77.11569179913522, 58.074968352765325, 31.128183905669804, 32.51345488690765, 13.895582779799385, 95.8838504269843, 76.65965138593141, 36.390572050965, 46.61717571756908, 51.25672247205197, 77.56625625100781, 46.56824021920446, 95.02663327220944, 31.411230540111863, 86.31440293925324, 8.482489767372927, 86.25294268565453, 40.71421236787056, 68.89844085856376, 33.857072895073564, 50.19172290686987], [13.977361278848646, 16.71285653645967, 58.789894441797216, 77.06883242055105, 34.03408283021779, 0.0, 23.970992771127005, 62.88017921249068, 56.6882876081601, 73.93981213410319, 58.52449234723778, 45.43442986894327, 35.74125741109214, 24.261143767256442, 43.684211970826276, 42.86684644436608, 56.68291518195089, 32.6464366302132, 11.792858076554426, 49.67660339144394, 71.68489789552692, 40.16764905498389, 57.843428111822696, 65.84450232070698, 30.61119425040595, 5.481717329471202, 26.96127066245533, 52.95653367764996, 63.72835966808665, 72.15077947435655, 35.833007142265416, 17.286309326451782, 66.31478841488907, 41.46544864531051, 62.073749898168856, 75.52383193492818, 51.053457200329554, 58.88066567697241, 4.064827600571341, 66.88965028353361, 84.44478602534822, 29.106055224648937, 47.33132766631561, 45.817491862134034, 31.4743641368928, 55.414693968403725, 41.54845604439966, 34.44342830029628, 67.86778302320425, 42.62902957807606, 46.190265325179325, 28.443309617117002, 45.436983774881895, 46.40838927232966, 59.41591752428083, 80.15578839904815, 9.765881214336455, 59.52212705044513, 38.65378413676698, 81.21959262761618, 7.111502555262579, 37.057473277314784, 9.701167005785152, 56.41667249176684], [27.031601027182464, 23.157626126637595, 60.799385208911524, 92.93319100846321, 54.86783439952934, 23.970992771127005, 0.0, 86.83764953959061, 79.74681688761198, 72.33129832482986, 80.64617351589445, 66.51145843274385, 58.004476752364575, 4.275405768484098, 66.02333110923597, 33.45950387867264, 76.8064123948339, 53.598635827581184, 34.91197792612564, 43.972828737382564, 69.94411968609214, 54.506862024234245, 54.555718867142765, 89.69341422596122, 54.04582578918985, 18.526049684671317, 26.226636369282975, 76.35993128536998, 87.43099056646088, 63.23944210585499, 26.835592075464575, 37.83838725174126, 84.8092287131004, 54.33281612072495, 80.36497319993812, 68.44008513649688, 53.38953865614097, 82.79149910344748, 26.795511392856053, 83.0139443700221, 101.02596672345446, 7.035992078154972, 67.96632106838697, 43.3905351874743, 40.75329137170666, 79.21150717837799, 65.22515298685963, 57.926919497900464, 68.1584027835035, 28.570322216582262, 69.7684396083925, 20.6563796158382, 65.55343337949141, 44.18274397182035, 82.94853205004381, 92.23102663440045, 32.92337659623478, 62.49406911034435, 60.96547121090876, 98.80974916612487, 17.268207918487402, 35.4194601070692, 31.82451088904824, 79.01430637310862], [64.67576369990883, 71.70774186040961, 92.60741999221952, 68.14422261834116, 40.7249581022505, 62.88017921249068, 86.83764953959061, 0.0, 18.342468633801065, 109.09224395215521, 30.76583174017143, 38.32828012227397, 34.40329199028273, 86.73134471232775, 29.123985782802777, 96.66986520109809, 42.53228265997335, 41.103516136333674, 52.36980674607629, 97.70420533092502, 107.65911164421264, 60.80530166870962, 100.22201355521234, 10.541414073946282, 35.2049630389497, 68.35209923114937, 78.55950907324421, 19.998485536867786, 8.653675706498177, 118.89147144177957, 91.4066579339399, 53.41077347804923, 52.60531202850072, 64.36328396066895, 52.051480962119896, 119.05244299007687, 87.62446775986768, 8.50993436456328, 60.44183574395695, 62.21317953968491, 69.71180681034576, 91.78327548574063, 40.08254452092665, 91.31767550461919, 69.64130121599132, 9.695887837112274, 24.501128562611886, 30.269879370866462, 101.4629207142683, 100.1784152044344, 21.861322429912875, 84.67966059234837, 42.64416972073945, 91.42281580469262, 16.590606703476677, 82.43045848748478, 54.652243255531936, 91.36218584041593, 32.256899217518885, 63.69472139704594, 69.7966360110703, 85.52087299197473, 56.37863430198916, 27.045714705336227], [54.6318029942749, 69.04208171193696, 97.77754869652946, 81.9750960883548, 27.134238357041646, 56.6882876081601, 79.74681688761198, 18.342468633801065, 0.0, 114.60786664842043, 44.77503358059373, 47.32926172913389, 22.141997374844205, 78.78495174620944, 14.540022911455013, 95.74249846578209, 54.87427607027752, 27.985062963703307, 45.03273907611176, 98.87324828446117, 112.89199736085875, 66.49915021024502, 103.28724723149843, 28.62158801330197, 36.2041326971722, 62.040672856049994, 66.65303605647644, 32.19391876141078, 11.624723037564504, 121.13953111768026, 89.60945671256758, 52.26883349902576, 66.2215660790561, 69.9764326233102, 64.71726106637036, 122.36740773015354, 91.7416173020218, 23.833985264924294, 55.31245218494613, 74.66395937166833, 84.77403355791778, 85.58574393153661, 49.69285424215501, 93.01503698515721, 71.7165642125511, 10.451480142346822, 29.449974501006277, 22.439956607191476, 107.11677760061615, 97.73813586580893, 29.84346506650463, 73.62060063679314, 51.47433900938743, 93.27654004515058, 31.994872907191716, 94.72601657158927, 50.49882143276969, 97.00247247639264, 19.27102192910996, 78.96103112519155, 63.79404391210183, 85.96791759085659, 52.70080157226585, 40.62628231648385], [87.42784843070292, 57.563859577182676, 16.841066552043504, 61.806414881417865, 102.82845763350973, 73.93981213410319, 72.33129832482986, 109.09224395215521, 114.60786664842043, 0.0, 82.80138242363338, 70.99245984404605, 101.13728778795918, 76.57819050572772, 107.20243720422118, 39.94853762224635, 70.93499761178632, 101.48206540151992, 82.00341082247446, 28.704578132309514, 2.387179060569003, 48.46622851044888, 17.817838543454727, 104.38740295192066, 78.5357760728709, 72.33725423016153, 95.80043997513292, 89.5576125839367, 115.11512986910549, 22.651531792864375, 45.66673078134545, 65.72837093061365, 67.79613121180688, 44.9120468687588, 64.95271166116667, 16.8887304244526, 23.618575260622347, 101.01836212370996, 71.6157752726611, 57.94757486533124, 69.27907308552936, 67.72949115708782, 69.62602776186128, 29.244014033163328, 44.75358568356467, 107.41583127649625, 86.02315905705366, 95.21368400428189, 7.633025547653146, 47.5930589027633, 87.46455741080202, 92.29845644529121, 66.76663109057077, 28.500423534232525, 95.02802414357939, 48.35867899206354, 72.0929805639373, 17.74723978531955, 103.28225896981537, 71.86745284678557, 70.69210211733298, 37.9430372485917, 69.74229590319307, 84.85685620626491], [66.65430859708445, 59.88686300565013, 67.28683503429014, 37.539361630523146, 54.014533275897904, 58.52449234723778, 80.64617351589445, 30.76583174017143, 44.77503358059373, 82.80138242363338, 0.0, 15.005784721084378, 47.89460359728472, 82.06193436939147, 47.648397974406045, 79.49618419922813, 12.371727796088154, 53.55468869283914, 52.374300471548985, 77.37848390889306, 81.71706297686165, 37.347892663566626, 77.17824993223924, 22.827685924974038, 28.990923030245845, 63.20929325513296, 82.11037680435132, 12.70264859180547, 38.98091171760609, 96.15624628823727, 75.9794136383694, 42.81199643176383, 21.878182936481235, 40.55407142157885, 21.389018757682916, 94.9884643420027, 63.8827395454575, 22.403433085182588, 54.79311260850876, 31.52725536717127, 40.00825864435756, 83.56837925524654, 14.770459115969047, 70.64901758923824, 50.48693066950496, 34.469751851230995, 21.58336131729998, 40.11901054135676, 75.24858006238323, 85.0990735732886, 17.69830340673076, 85.9604112737999, 17.909930048210974, 70.52500185134362, 14.219494337001183, 51.70198972217676, 48.7605241568807, 65.5419675603095, 47.554421296266405, 34.256099115685444, 63.889584112285256, 67.13841527852513, 49.242870069294256, 4.183360296013039], [55.20330199044001, 45.14198307524679, 54.76560088931262, 37.70615981947908, 48.384934674707246, 45.43442986894327, 66.51145843274385, 38.32828012227397, 47.32926172913389, 70.99245984404605, 15.005784721084378, 0.0, 43.21544086763609, 68.21840766351525, 45.49486040124372, 64.60429289259226, 11.802214509965681, 47.58297013118543, 41.16540332151599, 62.961804802098875, 69.6619545605751, 23.45832366185733, 63.590291808610694, 33.58033790872742, 19.17613702798699, 49.712861583164596, 70.57084189571056, 18.56812048836261, 45.09260177279306, 82.55189693569545, 60.981802427085036, 28.81996174477845, 23.266714004793823, 26.900625196521332, 20.001003688018375, 81.9311148079712, 50.492376551198376, 30.08298220541949, 41.5097793600039, 28.729645910422335, 43.03916656574411, 69.0494979205802, 2.6847988799789317, 56.26686710770226, 35.642787174246564, 38.30078161996131, 18.2573349276969, 35.21664609627375, 63.36073670130921, 70.10301197131476, 17.640052405412256, 73.58656673308641, 4.32653366212365, 56.19876821466225, 24.247720003931157, 48.04336776120266, 35.76443833279098, 53.336205874466664, 43.81018742291133, 38.448001971560934, 50.17822406263122, 52.31888906939477, 35.83343592069933, 15.108221194670634], [32.4917932793246, 49.90272363244814, 84.46760625868929, 80.89010405449791, 6.567864108011729, 35.74125741109214, 58.004476752364575, 34.40329199028273, 22.141997374844205, 101.13728778795918, 47.89460359728472, 43.21544086763609, 0.0, 56.82669107574762, 8.02397637249413, 77.04422212484012, 53.943001867592066, 6.72220815771002, 23.95328848680667, 81.74011115955363, 99.17357361095114, 55.617642225584184, 87.71005794824323, 41.8025612727917, 25.42860801784139, 40.8691700210318, 44.88686838250986, 36.28709410611264, 31.70977400683823, 104.42784956525432, 70.43637226717877, 35.64586812326628, 65.93519932645759, 58.696317538862424, 63.10541537423187, 106.57242869982245, 77.5787257782872, 34.762281638432256, 35.08058102401075, 71.87516484478807, 85.72173827375886, 64.09328709027393, 45.899648287982906, 76.51021837036528, 56.546800745153355, 24.907162983996468, 26.56766292136471, 8.032717269798926, 94.0036259281823, 77.97705315887461, 30.20756769596254, 51.62491415383105, 46.364643885179, 76.90194615630706, 40.0437533346982, 90.53281249336017, 31.325039139553827, 84.2226299680766, 2.961060353313152, 80.61451717892841, 42.73171036522916, 68.62519325835522, 33.734163237073126, 43.99664638861414], [25.011239925305766, 26.127075161136133, 64.89106227582607, 95.82263419549332, 53.27965420133065, 24.261143767256442, 4.275405768484098, 86.73134471232775, 78.78495174620944, 76.57819050572772, 82.06193436939147, 68.21840766351525, 56.82669107574762, 0.0, 64.80836951665276, 37.7259861074316, 78.80578458222202, 52.05934721125122, 34.43379737855363, 48.24510282194802, 74.1910754556334, 57.40907151434419, 58.811554551243994, 90.07457292080173, 54.79687238398543, 19.051176869825714, 22.388895464277393, 77.15695547572236, 86.90089402672724, 67.4434545682962, 31.10941896255351, 39.406435145744474, 87.20138142578554, 57.42905439671844, 82.78199765428919, 72.68881493679001, 57.4292866958122, 83.0674310438575, 27.529954338375834, 85.8281450237508, 103.8202392361956, 10.664854045378288, 69.7997622578039, 47.592941613520345, 44.07948658870031, 78.80683180254691, 65.80660885948416, 57.33295847623569, 72.34539326351826, 32.68399692986297, 70.43446230793452, 16.462636697205483, 67.50540702087258, 48.38199409929102, 83.65583592969875, 95.63103798836065, 33.69572064499158, 66.54125718061508, 59.77909659030644, 101.41906239476722, 18.182863604053132, 39.532263692338404, 32.88330195772344, 80.23758391217608], [40.324288528806726, 57.462318782940216, 90.42516481212688, 82.65790508571507, 12.609353126056138, 43.684211970826276, 66.02333110923597, 29.123985782802777, 14.540022911455013, 107.20243720422118, 47.648397974406045, 45.49486040124372, 8.02397637249413, 64.80836951665276, 0.0, 84.55787498757134, 55.308443904904884, 13.446440406222061, 31.891573405968106, 88.84320759396263, 105.30978807518883, 60.566718408136744, 94.37761484938007, 37.77263253866982, 29.599834305957547, 48.85502727272412, 52.11357709075889, 35.26443997508472, 25.022779881253108, 111.45921008514642, 78.05620206425081, 42.327493526812255, 67.25968168254721, 63.81607795973853, 64.86741591889172, 113.34781075610431, 83.7764641292292, 31.224261025633627, 42.86613813701997, 74.16283733246942, 86.80425423384463, 72.11587818876066, 48.131411009991055, 83.41802750411208, 62.94780659713365, 19.430612770606846, 27.586532350245747, 11.998709562991113, 99.93481152560001, 85.74319223360298, 30.22334474076777, 59.1005854080294, 49.09084181801259, 83.77275262975377, 37.76036490674003, 93.46518543339943, 38.79409465848673, 90.01009471210304, 5.065211724573467, 81.40143243440637, 50.70386622452027, 75.75043298537624, 41.159578734283016, 43.54512192173699], [54.02563536522314, 27.146653527473937, 32.04773649111108, 77.1988861963306, 76.44565886637756, 42.86684644436608, 33.45950387867264, 96.66986520109809, 95.74249846578209, 39.94853762224635, 79.49618419922813, 64.60429289259226, 77.04422212484012, 37.7259861074316, 84.55787498757134, 0.0, 71.04768606862028, 75.03900623119847, 53.83120996224014, 11.309415073668768, 37.59226065566145, 43.42484878252253, 22.28133709958342, 95.82725149604026, 61.56790113702085, 39.19702507931453, 58.785696573683374, 80.52130253734072, 100.1235021607095, 30.290238617008946, 7.24379775997614, 43.73704878987004, 74.62705545743363, 41.10036064932838, 70.36082298281147, 35.05150148887899, 26.46814923436354, 90.2162463933654, 42.32188481413858, 68.81322337559048, 85.76174779110217, 28.096413404642067, 64.76863947678864, 14.07546707507945, 29.01952765730287, 91.63384801002462, 72.24534349386064, 73.5797836053001, 37.1467244547972, 8.541450900262006, 75.62020977245325, 54.04432943612688, 61.669388816337175, 14.811803345041973, 87.17516119780036, 71.01460521572065, 45.76567188486453, 34.434916462399485, 79.7712168955658, 85.5001421959155, 37.231047279197696, 12.525897967376144, 43.401112396354854, 79.58947522738586], [66.90376139168461, 54.59970169580878, 55.84017637817555, 27.40925885810893, 59.451226029536464, 56.68291518195089, 76.8064123948339, 42.53228265997335, 54.87427607027752, 70.93499761178632, 12.371727796088154, 11.802214509965681, 53.943001867592066, 78.80578458222202, 55.308443904904884, 71.04768606862028, 0.0, 58.73792258525945, 52.930639782248264, 67.68269753500897, 69.95436225103106, 27.733818715346917, 66.42909228658384, 35.15198309291386, 30.83976576018927, 60.69299392423762, 82.22323859397815, 23.051930828705824, 50.409926054899515, 85.31180631761609, 68.36721796635, 39.677817099925456, 12.001609098977271, 30.51566283068393, 9.843032519368496, 83.71454494813736, 53.0790813174864, 34.03733377250557, 52.689617922881126, 19.879048725736297, 31.78466748904495, 78.77181575418331, 9.475089380549937, 60.958512175125605, 42.26829049924767, 44.96239032587612, 27.747446097842808, 45.911986283430075, 63.446122967964904, 77.38171659373745, 25.469480946134006, 85.00722790504716, 11.316388466014297, 60.74212087656781, 26.267184668205957, 40.09302937424931, 47.13952891039641, 53.94337602715535, 54.22127286553232, 26.868927369144853, 60.99757985886228, 58.52876265516595, 47.00089061029508, 15.544019717696246], [27.233722971466943, 47.99265622180006, 85.02940379267206, 85.2551794878809, 1.4080951112867717, 32.6464366302132, 53.598635827581184, 41.103516136333674, 27.985062963703307, 101.48206540151992, 53.55468869283914, 47.58297013118543, 6.72220815771002, 52.05934721125122, 13.446440406222061, 75.03900623119847, 58.73792258525945, 0.0, 21.212978212366835, 80.57339434835085, 99.43192382725867, 57.589980220871624, 87.25328667619878, 48.48984022864718, 28.900079285068895, 37.39834088999432, 38.675281286798835, 42.35611959318052, 38.11673340840446, 103.30023420426357, 68.19614211433364, 35.777406380695105, 70.65857892056049, 60.450570091798845, 67.58244801948494, 105.87053192876853, 77.86371768831508, 41.41422946851095, 32.71761599554482, 75.94469730371229, 90.4862462343774, 59.97500558616239, 50.25722575954917, 75.72133421498643, 56.72872510010153, 31.565566027760656, 32.00468380237638, 13.488069148474773, 94.551463897408, 75.2690732363334, 35.98809131323377, 45.66706944096045, 50.379942213026816, 76.17367845070598, 46.4447376383019, 94.03355922186825, 30.014024205270196, 85.00011046171754, 9.009197214330444, 85.56827662308694, 39.34538204480801, 67.49655831249046, 32.45947794583481, 49.77700721579869], [14.280018966859615, 26.842594817935368, 66.03424104001527, 76.24882581822105, 22.618334941463356, 11.792858076554426, 34.91197792612564, 52.36980674607629, 45.03273907611176, 82.00341082247446, 52.374300471548985, 41.16540332151599, 23.95328848680667, 34.43379737855363, 31.891573405968106, 53.83120996224014, 52.930639782248264, 21.212978212366835, 0.0, 59.66449665951863, 79.8497359525812, 42.3912148512755, 66.90274707696625, 56.37925823915414, 23.389528374181356, 17.027794946268486, 29.739332310939314, 44.84721604315076, 52.53654596870864, 82.3577639613653, 46.986401410224865, 18.10422917105133, 63.74479094063093, 44.53750736133759, 59.8340508695095, 85.21696476309955, 58.53727390887183, 49.21262180845713, 11.511058206257845, 66.20587464287446, 82.91007278102158, 40.56289577392907, 43.47421582773335, 55.124918796981625, 37.68774402130776, 44.38214246892673, 33.05658933730842, 23.01529839656486, 75.4275604015111, 54.18898390098252, 37.83751857484436, 33.97252095822196, 42.27069228573926, 55.629586647798554, 50.89903117346401, 81.74663454165164, 10.039535307983924, 66.36110530434846, 26.86164546955361, 78.98197277516348, 18.833613782189158, 46.673898086390864, 12.290866130176722, 49.645754763868986], [62.065739658319075, 33.03755405024588, 21.647503280099176, 70.05656525530704, 81.97692553370707, 49.67660339144394, 43.972828737382564, 97.70420533092502, 98.87324828446117, 28.704578132309514, 77.37848390889306, 62.961804802098875, 81.74011115955363, 48.24510282194802, 88.84320759396263, 11.309415073668768, 67.68269753500897, 80.57339434835085, 59.66449665951863, 0.0, 26.336219965200428, 40.12195830012035, 10.974066324267206, 95.63834475853562, 63.35304060800261, 46.86767764138502, 68.47669215303077, 80.1818056366691, 102.03200838688451, 22.728540428576252, 17.141275801621838, 46.711573419302134, 69.52843767612501, 37.16951369953903, 65.50128138411743, 25.905163085745205, 17.529344270798344, 90.63073577431744, 48.32585246434544, 62.49583850327412, 78.5626471930054, 39.074987167196774, 62.656567586623375, 6.737480818645951, 28.083034863769345, 93.6798455536915, 73.24009061615494, 77.32714957053022, 25.90807839794484, 19.429750443214818, 76.06230292064221, 64.30606078679742, 59.50626269765298, 6.952187979376025, 86.61054711108723, 62.15453226844207, 50.61013051448366, 24.22476653281325, 84.29735780220496, 78.96900425161105, 45.00918532186051, 13.115861073528874, 48.16549886584509, 78.06304810812343], [85.13857997358495, 55.27216059720743, 15.1433955302371, 61.7430035557571, 100.78321915390394, 71.68489789552692, 69.94411968609214, 107.65911164421264, 112.89199736085875, 2.387179060569003, 81.71706297686165, 69.6619545605751, 99.17357361095114, 74.1910754556334, 105.30978807518883, 37.59226065566145, 69.95436225103106, 99.43192382725867, 79.8497359525812, 26.336219965200428, 0.0, 46.932259532445876, 15.435491957976257, 103.130437235318, 76.77164599743023, 70.03136156906973, 93.43766665558881, 88.21299972459931, 113.57687917840829, 21.473788408367604, 43.282963209907265, 63.70255554186849, 67.19534918156957, 43.37134797570847, 64.23374777392, 16.229346040939916, 21.600124596166307, 99.6363289858752, 69.39993665359435, 57.512822051756054, 69.36319062835933, 65.34935638077661, 68.36257148477853, 26.873112576484083, 42.716378194676636, 105.81915169171222, 84.43562488400948, 93.32944145214344, 6.5351295056386824, 45.28003445775635, 85.97348135625876, 89.91650905071683, 65.46503245994298, 26.132994148941815, 93.76900935797164, 48.73696194938925, 69.96256328304202, 16.325858677494217, 101.34611382576585, 71.76298413586346, 68.37662098512565, 35.58949210895722, 67.60178372874879, 83.67988514980681], [53.47592639731645, 31.353403622982697, 31.82727693721856, 38.43008104744882, 58.78123651798078, 40.16764905498389, 54.506862024234245, 60.80530166870962, 66.49915021024502, 48.46622851044888, 37.347892663566626, 23.45832366185733, 55.617642225584184, 57.40907151434419, 60.566718408136744, 43.42484878252253, 27.733818715346917, 57.589980220871624, 42.3912148512755, 40.12195830012035, 46.932259532445876, 0.0, 40.133641350922325, 56.96290085019175, 31.041390021447825, 42.198475400668386, 67.08232893939939, 41.69675841619788, 66.65208653995045, 59.102113011165336, 41.27371474275079, 24.37763693498713, 31.85606927200373, 3.562265821665834, 27.435957680054567, 58.53879224902632, 27.062572638760976, 52.926160697684864, 36.291460873545425, 28.534168328490207, 46.546036158822176, 54.84627184369777, 22.76217769983604, 33.38447773847711, 15.281030673742158, 58.975176403430886, 37.581507974567565, 48.68560758250414, 40.87336559677977, 50.1132597747038, 39.05237253715469, 67.54004654009745, 19.63469028110314, 33.22443491546942, 47.66880630310373, 39.99809167744209, 33.044484035342926, 30.72699099444925, 57.28857277326447, 44.6737730619674, 41.701550022854285, 30.900760358560632, 31.528889634814192, 38.35101974869331], [70.89958076038896, 41.1731769468724, 13.330797187257094, 64.55160584756614, 88.63770120027498, 57.843428111822696, 54.555718867142765, 100.22201355521234, 103.28724723149843, 17.817838543454727, 77.17824993223924, 63.590291808610694, 87.71005794824323, 58.811554551243994, 94.37761484938007, 22.28133709958342, 66.42909228658384, 87.25328667619878, 66.90274707696625, 10.974066324267206, 15.435491957976257, 40.133641350922325, 0.0, 97.02726553110945, 67.17001507649402, 55.68223548407562, 78.42011330685253, 81.6668983964508, 105.30825612109534, 18.98623059454133, 27.84964414017941, 52.09403964157482, 66.36888957902886, 36.738913631094206, 62.70351639574829, 19.08017444760752, 13.350101141196783, 92.66094733396794, 55.955272596874266, 58.126057627099975, 72.85334804575453, 49.914844743499714, 62.82717031250599, 12.074556373394659, 31.595295730392515, 97.17799763230119, 76.1115742191008, 82.55746630453974, 15.180842084127896, 30.254193112587647, 78.36473453284418, 74.65155417585066, 59.726848852043986, 11.444480134592276, 87.76924462079623, 54.6655829590822, 57.315623890555266, 16.060136776001414, 90.09167212473342, 74.02340681218587, 53.93323476617696, 20.932973631827927, 54.88769987382607, 78.43693665134484], [69.67150883345643, 72.41290475030462, 88.31414573531582, 59.233115441944285, 48.34139781023596, 65.84450232070698, 89.69341422596122, 10.541414073946282, 28.62158801330197, 104.38740295192066, 22.827685924974038, 33.58033790872742, 41.8025612727917, 90.07457292080173, 37.77263253866982, 95.82725149604026, 35.15198309291386, 48.48984022864718, 56.37925823915414, 95.63834475853562, 103.130437235318, 56.96290085019175, 97.02726553110945, 0.0, 36.00027035800696, 71.20445094919796, 84.28498578941671, 15.457498470581381, 19.063657885747645, 115.9380458183636, 91.15534485058288, 53.97652741000205, 44.0606300993451, 60.4461660118012, 44.116943340762234, 115.49108409868063, 84.02517598792411, 7.275787922109522, 62.91390670014517, 54.18310765364612, 60.136103079813225, 94.04322178890983, 34.76817113926039, 89.05402312269341, 67.66704392632097, 18.927740817547246, 24.644485062304952, 36.20576704410892, 96.76841002144695, 100.14978160750616, 20.494558804693522, 89.82610866680011, 37.690530992765574, 89.06690359772907, 9.361428731640473, 74.21261963111485, 56.84181861249122, 86.81681440146346, 40.098017971177086, 54.060544023615456, 72.43508579342685, 84.09208145875864, 58.22316302820316, 19.829137074254454], [37.66803790047735, 36.65855820823337, 61.694711571181024, 56.53761630121137, 29.837482711179412, 30.61119425040595, 54.04582578918985, 35.2049630389497, 36.2041326971722, 78.5357760728709, 28.990923030245845, 19.17613702798699, 25.42860801784139, 54.79687238398543, 29.599834305957547, 61.56790113702085, 30.83976576018927, 28.900079285068895, 23.389528374181356, 63.35304060800261, 76.77164599743023, 31.041390021447825, 67.17001507649402, 36.00027035800696, 0.0, 35.75176101623588, 53.12056890628582, 22.360092643619, 38.722828321152114, 85.26787589663859, 56.203562773993426, 18.24841028890517, 42.44079375825265, 34.36802728914923, 39.04951669372395, 86.24403469005341, 55.54254130409672, 29.497007721812846, 27.30001071992259, 47.08255370667859, 62.18592652918244, 58.11095783632649, 21.77710958486544, 57.239990409058564, 35.6928268847442, 30.330042490221402, 11.357474895277916, 17.911176425383726, 71.10479061988883, 64.98236771404129, 15.738604283155269, 57.14598788762238, 21.56161821336299, 57.444422628886635, 28.903434950312853, 65.22721136047176, 21.1387182476748, 61.04172771680709, 26.68314555156148, 57.617394640494474, 36.79979417782875, 50.7720552741236, 22.309882456310948, 26.301228390911145], [15.232607228901903, 14.832568672978043, 57.837672107819756, 79.88855907159429, 38.763386636793385, 5.481717329471202, 18.526049684671317, 68.35209923114937, 62.040672856049994, 72.33725423016153, 63.20929325513296, 49.712861583164596, 40.8691700210318, 19.051176869825714, 48.85502727272412, 39.19702507931453, 60.69299392423762, 37.39834088999432, 17.027794946268486, 46.86767764138502, 70.03136156906973, 42.198475400668386, 55.68223548407562, 71.20445094919796, 35.75176101623588, 0.0, 25.373061156140135, 58.1111979616522, 69.19633526931366, 69.00477478483849, 32.01799369134266, 21.01535439124979, 69.85648617528453, 43.07592881929566, 65.53340540651936, 72.77093992222288, 50.049140302512974, 64.27594527525918, 8.48502704666024, 69.73107205885346, 87.49782500653845, 23.646214940568807, 51.46703810174717, 43.60829339451625, 31.739968419171017, 60.89190465209169, 46.81524856695427, 39.86391898298683, 66.63148040185716, 38.19145006818596, 51.41467067774692, 25.376188187742716, 49.38570757131135, 44.257531862834234, 64.6285898990341, 81.94917343778809, 14.646293214248743, 58.8095104825173, 43.804000926482466, 84.55076959405524, 1.9974030141530954, 34.74986744136875, 13.970135161297794, 61.266841306711534], [15.46334713672588, 39.5570855643079, 82.31028955590435, 103.89303608159597, 39.53122905185821, 26.96127066245533, 26.226636369282975, 78.55950907324421, 66.65303605647644, 95.80043997513292, 82.11037680435132, 70.57084189571056, 44.88686838250986, 22.388895464277393, 52.11357709075889, 58.785696573683374, 82.22323859397815, 38.675281286798835, 29.739332310939314, 68.47669215303077, 93.43766665558881, 67.08232893939939, 78.42011330685253, 84.28498578941671, 53.12056890628582, 25.373061156140135, 0.0, 74.11395552533433, 76.59106132344901, 88.97647891197384, 51.73474565486459, 43.9332183985653, 92.53491569047611, 68.22467166213946, 88.4187409658555, 93.79398287975803, 74.54853587332667, 77.00983402226223, 30.945253861869883, 93.7186744866471, 111.10723359610738, 33.04201153222393, 72.7505047816432, 66.57454087026643, 57.0901750640208, 69.45041882171599, 62.30577353608112, 48.37389359888424, 90.68742442947698, 54.69280765148168, 67.07452427370552, 7.954535879115283, 71.24127007733415, 67.30666064481271, 79.83264755326395, 107.03220613179323, 35.494374094585325, 83.50789943761691, 47.56364771442338, 107.62906985383258, 26.427602938937458, 57.87177113660959, 36.25636280392451, 79.32449710197139], [58.88215377689749, 57.789613939749486, 73.27457699045117, 49.81738870234318, 42.650381363163106, 52.95653367764996, 76.35993128536998, 19.998485536867786, 32.19391876141078, 89.5576125839367, 12.70264859180547, 18.56812048836261, 36.28709410611264, 77.15695547572236, 35.26443997508472, 80.52130253734072, 23.051930828705824, 42.35611959318052, 44.84721604315076, 80.1818056366691, 88.21299972459931, 41.69675841619788, 81.6668983964508, 15.457498470581381, 22.360092643619, 58.1111979616522, 74.11395552533433, 0.0, 27.45368277999501, 100.54785759763122, 76.02383167908772, 39.50792884169903, 34.06228861872985, 45.21296569904899, 32.82681549061339, 100.22930600490716, 68.74340080743912, 11.583877455321865, 49.65308433147118, 42.927219611338856, 52.67388368307274, 80.21326815288776, 20.144982216178594, 73.5967850422195, 52.226636046212015, 22.027622552959727, 11.816631113309686, 28.892469831471605, 81.92532377907872, 85.06901659701273, 7.039618108686487, 78.81668275952184, 22.831777978600222, 73.61134032965607, 6.764314177586433, 63.144588654791555, 43.48749185907023, 71.88762404497514, 35.61253081848264, 46.95392850447764, 59.13757325044101, 68.6945130131581, 44.55326571605326, 8.519376727114311], [63.62955952609424, 74.25514153302295, 98.45115573531764, 76.48648128279684, 37.46924109495451, 63.72835966808665, 87.43099056646088, 8.653675706498177, 11.624723037564504, 115.11512986910549, 38.98091171760609, 45.09260177279306, 31.70977400683823, 86.90089402672724, 25.022779881253108, 100.1235021607095, 50.409926054899515, 38.11673340840446, 52.53654596870864, 102.03200838688451, 113.57687917840829, 66.65208653995045, 105.30825612109534, 19.063657885747645, 38.722828321152114, 69.19633526931366, 76.59106132344901, 27.45368277999501, 0.0, 123.72070252040618, 94.46179390660166, 56.41915298986437, 60.85909069469092, 70.21016083630873, 60.07552771502335, 124.29339952500989, 93.05777108590561, 16.586451308353684, 61.7611605930651, 70.2263576154617, 78.26303965899031, 92.83396279405827, 47.0837830992442, 95.82948781566508, 74.17039838455453, 8.51909108385458, 29.242407583856302, 29.568507718771855, 107.51195877548537, 102.99284242679981, 27.74523652092856, 83.21072374107008, 49.41296743809104, 95.99754680094726, 24.968706471392238, 90.46266860756305, 56.34399388445219, 97.3703094763672, 29.115727784735693, 72.26548444806421, 70.80018985417134, 89.49461309705733, 58.310318389955974, 35.10390082180027], [84.06122028459083, 55.6304475229836, 30.378083045712152, 81.43029770142245, 104.70408521741511, 72.15077947435655, 63.23944210585499, 118.89147144177957, 121.13953111768026, 22.651531792864375, 96.15624628823727, 82.55189693569545, 104.42784956525432, 67.4434545682962, 111.45921008514642, 30.290238617008946, 85.31180631761609, 103.30023420426357, 82.3577639613653, 22.728540428576252, 21.473788408367604, 59.102113011165336, 18.98623059454133, 115.9380458183636, 85.26787589663859, 69.00477478483849, 88.97647891197384, 100.54785759763122, 123.72070252040618, 0.0, 37.49410128975475, 69.20701969645387, 84.6956555487896, 55.72142415093602, 81.1994856742957, 7.1166346553503335, 32.284372701089346, 111.44849563229764, 70.97330818148602, 75.91603980941944, 89.4290169062911, 57.21158029393734, 81.8112150024618, 28.134226443287414, 49.58746224233146, 115.48655447841863, 94.62677964251473, 99.85243678964301, 26.48490463634933, 34.9635581739822, 97.06183483209415, 83.8941699462308, 78.70804352300964, 27.863320542917474, 106.70240899226896, 69.60743878548575, 73.33724729418593, 32.82463465362287, 106.96013263967768, 91.22814498375323, 67.08553779808678, 35.83100675611806, 70.89218128085123, 97.42057810743266], [46.790351828304104, 20.6197986924594, 35.72321272125596, 77.0736151531503, 69.59994368899756, 35.833007142265416, 26.835592075464575, 91.4066579339399, 89.60945671256758, 45.66673078134545, 75.9794136383694, 60.981802427085036, 70.43637226717877, 31.10941896255351, 78.05620206425081, 7.24379775997614, 68.36721796635, 68.19614211433364, 46.986401410224865, 17.141275801621838, 43.282963209907265, 41.27371474275079, 27.84964414017941, 91.15534485058288, 56.203562773993426, 32.01799369134266, 51.73474565486459, 76.02383167908772, 94.46179390660166, 37.49410128975475, 0.0, 38.082858036785396, 73.0336680369924, 39.43778417535419, 68.65630543131917, 42.061806984448644, 29.121149026899936, 85.27729119425382, 35.5051299885219, 68.15593038919899, 85.60450410626838, 22.10118579421786, 61.41535309922513, 17.480324697262176, 26.144168051855292, 85.