instance_id,num_cities,city_coordinates,distance_matrix,best_route,total_distance
2027,98,"[[53.94390037249881, 14.965783203907835], [17.525932892650886, 2.6623681458726733], [3.6880929659013573, 39.063027972631836], [11.47237854843015, 54.34531727208357], [13.967290602569582, 72.60188471965348], [68.33932220482714, 49.33412990549022], [87.25712218833162, 26.37836903574139], [64.48151492288295, 28.794770124520497], [29.745038353116005, 76.90029575717024], [82.21399762857945, 15.847765314269324], [4.019668909086105, 59.72168557172193], [94.98675743036155, 61.97797890529034], [21.62850225082744, 79.76430871325817], [13.50962445057704, 79.58631277771796], [35.9655910030669, 84.23461286599941], [86.31650999813286, 78.36663272464335], [41.830706965012865, 16.697825652992883], [51.31367656327289, 69.00055784851055], [19.42197290307449, 98.52442701282769], [22.040740954781768, 72.8040128683489], [13.079743127854792, 28.66511035415582], [91.56765095968166, 11.764153530030674], [10.803350268163058, 1.1245689433683537], [25.64117348422933, 89.20980739594027], [37.75250504644189, 71.21517176402689], [12.09254484741743, 68.4540700429341], [25.772688382666132, 96.79880961194482], [10.223229610767282, 95.43368422990073], [58.15091269588656, 87.4338002634243], [40.973225581308014, 29.444844027136373], [51.058735756945886, 95.82356271421206], [74.6329937881655, 48.159185325468314], [15.526036459424308, 8.072974438646707], [92.54006972642127, 2.3400240233242386], [8.48185306636351, 39.1142859198571], [12.556999708985462, 54.64499009877265], [97.71734609315058, 48.42089062943422], [60.73945921089972, 29.484799247804894], [63.20854451531678, 79.67089637888662], [37.164127831778096, 37.52417799877823], [11.182173800874162, 36.237151195399996], [0.4060302521815884, 42.84765532153495], [30.16780179103461, 33.14674571583275], [28.300655101115137, 93.91134523634418], [96.93004207757387, 55.80177746955225], [55.293635418910405, 49.21707237342924], [37.72072007533013, 37.431010239192815], [23.95917882966011, 21.020465524992037], [75.4115418994474, 45.916101084512526], [75.49950574040133, 81.1063766854184], [69.49855004092417, 14.855182255412858], [3.2034480059248693, 56.94223279233183], [36.79875907192739, 93.51086191708222], [12.089784470357333, 9.200703389596288], [57.38671892032444, 29.682717418359307], [46.891648031058665, 93.87370889151875], [10.886308746419783, 60.61874604263109], [46.822353075319455, 85.14833650104632], [57.33529676032286, 57.12014332324136], [45.682227696184064, 1.337781915417846], [71.75177617837963, 97.77659821717079], [15.896805905371137, 33.697146304572435], [91.00039497767993, 44.76988835535484], [32.74906464495072, 23.04072966224061], [68.99378833830242, 56.434413668246755], [24.147987910106806, 42.19628818364909], [92.96652040238466, 87.78303303666863], [52.52989840991054, 50.645955323550076], [90.0145444082337, 93.07257557906443], [28.111438547237498, 6.3691216117214395], [16.549961598779074, 73.28856974434122], [19.58061998508417, 30.409730883369413], [12.019948607459941, 73.22777843333998], [77.27669176367336, 0.5544267708625039], [78.85088854972119, 38.32086222824611], [85.61945442758898, 90.93885920528693], [40.52063964865798, 22.126278692292946], [77.10425115700492, 34.21163890242344], [2.744472207531079, 45.87773804287478], [93.81418819860747, 68.63271026335835], [48.79148494459824, 75.73218996034353], [82.09073130241003, 14.26178926052135], [72.27164011303972, 8.653205971329525], [64.26304182389173, 94.34281361734139], [48.19239136939949, 97.95332015812323], [32.74778443758271, 66.65730288233841], [7.954964656776231, 38.65708980887619], [10.541925511122708, 20.601915987608933], [22.63052524071699, 48.43118722884948], [97.05454112721324, 18.20275612696457], [78.32590820730996, 37.63786763848223], [2.0956839251361936, 15.57066180487272], [0.4973679079362858, 39.54200337662689], [89.73133827908524, 63.40971256327864], [3.265407140530696, 98.57378122637672], [49.605733295990376, 29.669058646484036], [69.93738944036943, 30.302801738653752], [57.618419818935706, 9.682326658988238]]","[[0.0, 38.440114170662234, 55.73440036039512, 57.91871778172367, 70.14306470799903, 37.26139322047479, 35.2138873616624, 17.3862646840241, 66.49412581757389, 28.28385212999205, 67.04863670478106, 62.407232434528304, 72.40948738907112, 76.22823303560021, 71.56389013000104, 71.18745376767345, 12.236397573329885, 54.09875181720573, 90.40912803135608, 66.05355699391895, 43.09931451525087, 37.75972776405032, 45.306580929384474, 79.45577057419473, 58.53336651852438, 67.91562992611281, 86.54629625856077, 91.57827333699143, 72.59002995747768, 19.43917711379738, 80.90923731067926, 39.113175922773124, 39.03130897520569, 40.608793181806746, 51.47764494115376, 57.335111461799826, 55.09409009242604, 16.030640873312237, 65.36501588831648, 28.114799345532607, 47.7601963523588, 60.363087477395226, 29.930757785520953, 83.00589010826639, 59.290697468933, 34.27787324892964, 27.710611770607688, 30.58991180129202, 37.66672018692424, 69.56451846209521, 15.555042876098195, 65.85298646541446, 80.39455989229197, 42.249297783694274, 15.114269821124159, 79.22243999908659, 62.75467482659788, 70.542945949341, 42.29056214487817, 15.936676395335711, 84.70390500961885, 42.408081317120164, 47.55489960353536, 22.680957251022054, 44.11514978293895, 40.36454881351011, 82.61426479248938, 35.7081795116679, 86.03349566470328, 27.225331485294273, 69.28097925732328, 37.67426918879811, 71.77797586803128, 27.424557395596125, 34.14407380927738, 82.31190073013904, 15.213698567389564, 30.11319993008811, 59.80744432247563, 66.85640516316391, 60.98445355031282, 28.15563351923256, 19.38439257016502, 80.04497259384259, 83.18660436356325, 55.868493244332086, 51.73258370616608, 43.76639595195192, 45.83078363607012, 43.231994402139804, 33.29422951001064, 51.8517446851547, 58.8262053039587, 60.22918730726397, 97.76812880273306, 15.329905489727134, 22.15887700447017, 6.4356045733323795], [38.440114170662234, 0.0, 38.942185989769264, 52.036263803053124, 70.02999295675329, 68.99459311523829, 73.65383532986122, 53.73759500546605, 75.23680239267367, 66.01818247852668, 58.63603731407473, 97.56290800209239, 77.21101161489399, 77.02872185896034, 83.6304495976751, 102.29017144338832, 28.066280661012712, 74.44707539839848, 95.88080776637561, 70.28679688399492, 26.380128994662016, 74.59905167960879, 6.896226760358781, 86.92707501465435, 71.4744786969568, 66.01567801789119, 94.49697660775884, 93.05829658437703, 94.00310998724441, 35.59601872061012, 99.01240852204161, 73.0149079133677, 5.76838332629155, 75.01482940491812, 37.557125679497624, 52.219567999762795, 92.32824665817002, 50.861101709222595, 89.53889895058033, 40.01255411351922, 34.16883574600292, 43.680068358572825, 33.00172912245367, 91.88291712133962, 95.54480299168937, 59.94780929965083, 40.20805767961316, 19.45267057931314, 72.26084100821758, 97.54177374071968, 53.38368336065612, 56.13766364365746, 92.87028937951096, 8.503031073007026, 48.15580481677307, 95.82199072346842, 58.335463893887756, 87.53408028311132, 67.45691016358175, 28.187434536427396, 109.48588421392158, 31.07750810635227, 84.68494457030907, 25.436614523942946, 74.43368205211101, 40.084690920693305, 113.74009774597954, 59.394463044725555, 115.88185538543058, 11.215745682738486, 70.63294466602665, 27.82333333614135, 70.77989115552076, 59.78793024100726, 70.93855359791529, 111.48751745730067, 30.126406233631798, 67.41611448666269, 45.673403369143166, 100.85625383051324, 79.47788123189716, 65.5984737923665, 55.072521250724115, 102.9060806419991, 100.10393204518584, 65.78036512805666, 37.24544832015338, 19.251071031794158, 46.05259670518262, 81.03272910577161, 70.14215966892297, 20.11757014120913, 40.62117083728798, 94.36026929161588, 96.96577619874945, 41.93417372160697, 59.25330663051919, 40.70242407351414], [55.73440036039512, 38.942185989769264, 0.0, 17.150611308711493, 35.07872312315437, 65.46202698526298, 84.52622798590173, 61.65449920707257, 45.94151974315994, 81.88568936870941, 20.661318360708293, 94.13044730181745, 44.47979922659209, 41.69651174976871, 55.51854610234258, 91.49988332098957, 44.216074876492605, 56.25346129847794, 61.50782839358567, 38.409292494613375, 14.01141618699316, 92.02198247709673, 38.59991658012349, 54.741549400561745, 46.841696390880415, 30.56907204033183, 61.81544981818556, 56.7482061200373, 72.84181728202942, 38.50572134836391, 73.93061681459768, 71.52565295939952, 33.174091158539774, 96.14183685218849, 4.794034133997864, 17.92916759133032, 94.4937566041899, 57.849812929049634, 72.05333530896411, 33.51138567089437, 8.009171437870767, 5.009524910293889, 27.132588803981744, 60.11751925620853, 94.73250133330366, 52.595024760548256, 34.071735938335834, 27.137630363995708, 72.05010574593051, 83.21371386769484, 70.12158052049381, 17.885772158954, 63.725056541577, 31.021715775221345, 54.51176621141198, 69.79081539185592, 22.72582874036053, 63.122262771118166, 56.60461014568877, 56.45087724581857, 89.8885326574475, 13.33586734014675, 87.49860763477282, 33.18514905914504, 67.57661495708896, 20.69842072907659, 101.70681638401226, 50.19647562376362, 101.82969827745181, 40.80920634515389, 36.56248588781167, 18.0956338814227, 35.16603464245334, 83.05536851725095, 75.1664596077747, 96.97344923763733, 40.53997991270477, 73.57627511264539, 6.879730625329593, 94.85293433873997, 58.12867974472686, 82.23183775023192, 75.02306454307661, 82.00718950234294, 73.81530390156337, 40.07380286698246, 4.286138100806216, 19.692325314230708, 21.132395707440114, 95.66840953906403, 74.65142025433059, 23.546274327654974, 3.2264754505742688, 89.42148016322017, 59.51225433585151, 46.868714012484105, 66.8259743440561, 61.41421467507874], [57.91871778172367, 52.036263803053124, 17.150611308711493, 0.0, 18.42625412626125, 57.08731277300531, 80.78042808886215, 58.845552072396934, 29.027868519760535, 80.53842670940097, 9.189571103252202, 83.86244095923882, 27.372832782613198, 25.323076925627934, 38.6430776135707, 78.60450119765257, 48.362813498168165, 42.451208508833574, 44.888637625663186, 21.2700194421061, 25.73046148514972, 90.71057362987021, 53.224953278591435, 37.633594321154476, 31.22878542836463, 14.12237625144516, 44.79729761052339, 41.107350587561655, 57.21654705435744, 38.604838342876015, 57.3369385474814, 63.46283594295817, 46.449562471076966, 96.31469814529656, 15.521841344099466, 1.125258576941396, 86.44821142067667, 55.18415165097465, 57.60222066941671, 30.708577102991033, 18.110491364296493, 15.95807929993384, 28.26478880596141, 42.996063315172236, 85.4700738982198, 44.12030654301018, 31.226098304394025, 35.5874405546248, 64.49238943910264, 69.39472110600987, 70.18908278152101, 8.667132313290422, 46.64081300492481, 45.148835562739535, 52.11881122331055, 53.07559132692251, 6.3007449045300845, 46.88759636270099, 45.94678363634329, 63.08813345868022, 74.29590798395733, 21.116877651310517, 80.10239844168431, 37.850687928652036, 57.55933380405715, 17.557618872770078, 88.08732026838847, 41.22384280973953, 87.57095610945738, 50.77965801071587, 19.611952066555897, 25.271641714907872, 18.8903989496226, 84.99216163061267, 69.25782821779819, 82.68540483451024, 43.38050161020555, 68.65062058569544, 12.160437783995867, 83.5721437738267, 43.012951835375745, 81.20123745078784, 76.05471216119555, 66.23181896152393, 57.00892261112287, 24.581047280685777, 16.077707592269935, 33.75622717514087, 12.628585501744675, 92.90097565574823, 68.90960238682304, 39.892308891055855, 18.427939679909265, 78.7821555945211, 44.983456997503964, 45.42103570000083, 63.21550483678662, 64.22024490333747], [70.14306470799903, 70.02999295675329, 35.07872312315437, 18.42625412626125, 0.0, 59.141408798310785, 86.64879004377518, 66.86366836955666, 16.35278757665856, 88.76172085631637, 16.27435735895706, 81.71304289898977, 10.487825388685973, 6.999406660921912, 24.884645559808742, 72.57852207580686, 62.46305941526999, 37.51962286002664, 26.490220043269684, 8.075980211598472, 43.94573792945711, 98.60550422696726, 71.54730734990984, 20.300311257619413, 23.825603853046292, 4.551817026075376, 26.92319800821397, 23.136746996638536, 46.60663236045487, 50.91022181656083, 43.760960141695605, 65.40468711550666, 64.54773389283689, 105.4059328868919, 33.93389600885437, 18.01218989545539, 87.17105178823195, 63.61382566638135, 49.7460753501019, 42.05399821936235, 36.4712314007774, 32.698959453885784, 42.651665343552494, 25.68148059128534, 84.64668768426932, 47.48385224839305, 42.44073306904263, 52.5402763266245, 66.9890070508246, 62.11714645220086, 80.11493256755185, 19.002236866490534, 30.959025823011206, 63.42897463559763, 61.05163124173777, 39.19826291658414, 12.372876050081254, 35.16914247449193, 46.048542591099526, 78.00262549007302, 63.03025442549855, 38.95255704635613, 81.90677133966996, 53.0005955325408, 57.35244173754668, 32.06472981919508, 80.44467398894226, 44.374965425896065, 78.75426334900651, 67.72618275078035, 2.6724007554616733, 42.56392030935663, 2.0454544205994587, 95.91098202114485, 73.38303472618173, 73.961322419858, 57.03391227500284, 73.89239989308557, 28.98502489786746, 79.9454901891074, 34.96460099116351, 89.69041147728852, 86.53803028435186, 54.793526809755996, 42.59169873684966, 19.698857883326696, 34.47313685775045, 52.11266519900238, 25.67633641288328, 99.31141118415749, 73.24284368076948, 58.25371603819876, 35.698663445770556, 76.31963672136924, 28.090384792505144, 55.797187673226475, 70.15600034884105, 76.57866457710865], [37.26139322047479, 68.99459311523829, 65.46202698526298, 57.08731277300531, 59.141408798310785, 0.0, 29.746430261881404, 20.898516149160887, 47.42796902449841, 36.246975482799236, 65.15304377236258, 29.494960953166196, 55.74851103884037, 62.6218039053262, 47.603594221451566, 34.147701253523856, 42.04563041737024, 26.012323955190666, 69.37285054124426, 51.90755274579353, 58.9985546346485, 44.170786517744844, 75.06363856659989, 58.42261171403307, 37.60762391717302, 59.40767689409724, 63.755894900677724, 74.17984313349965, 39.43841489848586, 33.83026658420933, 49.59723813741406, 6.402405545187192, 67.0203409547027, 52.85945675343411, 60.72365126334884, 56.03456735821806, 29.392214846081846, 21.25450176044111, 30.76758488670447, 33.337182068018876, 58.638472567112984, 68.24226335674744, 41.46198714007993, 59.91846952397224, 29.313132344647038, 13.046211947613557, 32.850921663701236, 52.64276509314337, 7.854884622323159, 32.56906344535814, 34.49842953284624, 65.5786957570215, 54.280666668386196, 69.0992215531275, 22.497500559996976, 49.43457113920185, 58.55075846489571, 41.78082520235042, 13.480006710855092, 53.07535541056422, 48.562512066920405, 54.72415163302287, 23.11615279722195, 44.24939919965083, 7.130382558567959, 44.76407947443778, 45.65979679162535, 15.863756385381844, 48.814617559776615, 58.85808832481895, 57.060959157522184, 52.30242748192492, 61.178250076087004, 49.591692979104884, 15.22448987499217, 45.050598994303, 38.91203241672671, 17.478950588480995, 65.6858507661713, 31.959411778538083, 32.847762727650654, 37.67187718293079, 40.87053579619697, 45.19289403454326, 52.628171951049474, 39.58345465750798, 61.32103898105084, 64.54517163345628, 45.71771456868272, 42.35240525753922, 15.379676557184837, 74.35180825448666, 68.54499620525701, 25.607428197254613, 81.6036621972185, 27.159940740492846, 19.09830544009434, 41.07557971188134], [35.2138873616624, 73.65383532986122, 84.52622798590173, 80.78042808886215, 86.64879004377518, 29.746430261881404, 0.0, 22.903433815299643, 76.55132178293394, 11.675903393907335, 89.66744328926286, 36.42910215526754, 84.60008457532908, 90.93832360358014, 77.3186013936831, 51.99677213711591, 46.44644356919744, 55.754661353046515, 99.02858759058527, 80.0532122183229, 74.21261853713969, 15.236664764179592, 80.5166669698063, 88.00178851090492, 66.79106225581589, 86.1398763760719, 93.48461933040034, 103.45461402091459, 67.63828141974349, 46.38536788689405, 78.31320517815774, 25.174840140718164, 74.02996779145047, 24.61202075462736, 79.79816165876007, 79.86933181610023, 24.39854590641337, 26.69899545764004, 58.467320433853565, 51.318000166084175, 76.71110322388746, 88.39880972764855, 57.48914181224867, 89.64690672810313, 30.972606332799156, 39.28448620773701, 50.754467900601725, 63.52430057441079, 22.848211001957704, 55.97674843932744, 21.169570574034182, 89.43807864267666, 83.98105744065253, 77.10512860153179, 30.052615686942854, 78.64472268492247, 83.69530789329377, 71.33638362782068, 42.89956087523304, 48.53352300589475, 73.06245879473433, 71.73464463364206, 18.768592756495895, 54.61014716826961, 35.16980497911208, 65.06127416149145, 61.66952236748232, 42.36621077690068, 66.75118398756867, 62.43862487153315, 84.85322321018745, 67.79646619708632, 88.63125548779063, 27.685465240108257, 14.604379741705133, 64.58125770396984, 46.92951174335896, 12.823451445809035, 86.73300063098048, 42.76008029977265, 62.57319624587021, 13.17205755512042, 23.21090430571126, 71.7488220049061, 81.54156499679765, 67.77654766837685, 80.24711317539241, 76.932365172534, 68.28560480282584, 12.760488403588415, 14.371600187867724, 85.84449372350107, 87.75269928529332, 37.11390775326978, 110.75552238171569, 37.79491663751313, 17.75878133489238, 34.01779694789144], [17.3862646840241, 53.73759500546605, 61.65449920707257, 58.845552072396934, 66.86366836955666, 20.898516149160887, 22.903433815299643, 0.0, 59.336029534132884, 21.955998644208655, 67.91250932246892, 45.074329339749916, 66.59034884290793, 71.95772664149645, 62.343677146930055, 54.167670907854685, 25.678690906888797, 42.30717827474869, 83.02160789093362, 61.13945323517923, 51.401935326641194, 31.995322579909672, 60.390275658458904, 71.82303844573993, 50.13911092382793, 65.70741400775641, 78.2491063126459, 85.93431443931576, 58.97976246296454, 23.517275859377676, 68.35956433864544, 21.863968057673734, 53.16043348236789, 38.56340349271471, 56.942554687111816, 58.00335466949733, 38.59799320757399, 3.8051440370328926, 50.892049244540566, 28.67825307302408, 53.816436151462526, 65.59840941780337, 34.58859061080921, 74.49310687396645, 42.217121648015194, 22.393917900298327, 28.119829021370045, 41.261356430180044, 20.312692178783397, 53.45933316678291, 14.814950264386031, 67.43353127128243, 70.38826257556646, 55.935863907003025, 7.150145503033898, 67.41418017235546, 62.331465315152656, 59.05565544900796, 29.212928659648586, 33.27610857276923, 69.36389050310783, 48.83141655253341, 30.95893088996848, 32.24992065545271, 28.00554421181188, 42.50169511418918, 65.50580660185747, 24.906132415038755, 69.16337086024646, 42.72811915811285, 65.39978599865731, 44.92992838262561, 68.74960485442188, 31.003766595683082, 17.24022416316963, 65.6406908417549, 24.8715162764287, 13.735935985335527, 64.05692964962263, 49.47188288316942, 49.49038716320359, 22.83182065220315, 21.59557031002938, 65.54840757967902, 71.0509717659863, 49.402439589057835, 57.380451676011745, 54.55824561711994, 46.22871633597396, 34.25190208780249, 16.42764739867897, 63.772007574869384, 64.88046001536587, 42.845627776448296, 92.82522417087687, 14.90145158803772, 5.66045281755653, 20.30732797856457], [66.49412581757389, 75.23680239267367, 45.94151974315994, 29.027868519760535, 16.35278757665856, 47.42796902449841, 76.55132178293394, 59.336029534132884, 0.0, 80.50095130451308, 30.933788661194022, 66.92650781552945, 8.607016237488644, 16.456103792253728, 9.617041266609775, 56.59047223857674, 61.40358941007405, 22.969806557003363, 23.961818229169133, 8.725579173168402, 51.03298125534397, 89.80396680400953, 78.10728725072701, 12.975584135101476, 9.820394985036883, 19.56908929369361, 20.29114136554149, 26.9181631032651, 30.296013176002965, 48.76568555175769, 28.501995181907798, 53.30084400819818, 70.28072406240628, 97.48051131482306, 43.35787803807162, 28.11987379738445, 73.69742964266584, 56.64700727786999, 33.578005784630875, 40.06895978703652, 44.69979044734216, 44.94841172928537, 43.755592444215225, 17.072259585701136, 70.41997017457739, 37.670833133133954, 40.26705847505729, 56.178568842595325, 55.18559472960538, 45.94738733235144, 73.688111666392, 33.20813598301724, 18.046215230119643, 69.96386779188485, 54.71345546354513, 24.12681033367219, 24.914665229247827, 18.964832038112718, 33.948148539882276, 77.22491503551056, 46.90827248068147, 45.36833327939518, 69.17067149456584, 53.94327607678392, 44.2641695401302, 35.15245532426722, 64.15130367498843, 34.76262704992437, 62.401570451115376, 70.5500898274509, 13.680446459987651, 47.58873840569286, 18.101552142990258, 89.93302945645617, 62.44803611759224, 57.61103744379302, 55.823888512929265, 63.75905003578988, 41.12699428986878, 64.60037872815862, 19.082232545348706, 81.6312076749603, 80.41254330938521, 38.67472033397106, 27.991689297620205, 10.674052046043045, 44.015339518122, 59.48333470393265, 29.34461513163537, 89.30828809430717, 62.46310252913535, 67.27414660184736, 47.44542376309862, 61.48456728090104, 34.21857451061378, 51.237066295991006, 61.536586960333786, 72.76799271673812], [28.28385212999205, 66.01818247852668, 81.88568936870941, 80.53842670940097, 88.76172085631637, 36.246975482799236, 11.675903393907335, 21.955998644208655, 80.50095130451308, 0.0, 89.66199820798938, 47.86585420638851, 88.06773966806708, 93.7170919658336, 82.55710771013193, 62.65332704668018, 40.392236474322324, 61.482104681989526, 103.81844132304383, 82.85429955151594, 70.31237074116098, 10.206209670725572, 72.91263997284598, 92.64164101558447, 71.00967553512781, 87.66094590720472, 98.68481627016914, 107.31537247496234, 75.52213222770945, 43.42443814926, 85.82993948527957, 33.1888457522777, 67.13964207573949, 17.002553918542066, 77.31597585773427, 79.73281639418992, 36.07439959876472, 25.43864176320747, 66.59278719900334, 49.99357594309386, 73.90025069578459, 86.14834639540226, 54.84579495361286, 94.87133925867106, 42.57798787553582, 42.874427752545884, 49.45187770873534, 58.484021243113375, 30.828204941885414, 65.60313071345816, 12.754129859897823, 89.05853248835565, 89.9672188471749, 70.43854557903798, 28.421816757199675, 85.64879597641514, 84.21448756983268, 77.81476512203737, 48.19085954211306, 39.30788512027088, 82.59413864497026, 68.6772911506399, 30.227305198776314, 49.985181115867405, 42.68547713553342, 63.764458297894976, 72.7344449920013, 45.73903993686123, 77.61778050482492, 54.92660180267797, 87.24225834592252, 64.30389440981277, 90.66239806846082, 16.070569156283444, 22.723348951712463, 75.16827467595317, 42.16344186472332, 19.06151521168956, 84.95413311150577, 54.044563413347376, 68.5799436373509, 1.5907591364594766, 12.27241447743237, 80.52148422876635, 88.87514741856565, 70.91202546351475, 77.68313370228849, 71.82957517788013, 67.91074705419393, 15.02623416105049, 22.134267520011957, 80.11879290802041, 85.08245700646154, 48.152354423987326, 114.3524098947629, 35.416479951558195, 18.964788072559784, 25.356558946400316], [67.04863670478106, 58.63603731407473, 20.661318360708293, 9.189571103252202, 16.27435735895706, 65.15304377236258, 89.66744328926286, 67.91250932246892, 30.933788661194022, 89.66199820798938, 0.0, 90.99506609506182, 26.67916329368044, 22.01505553508036, 40.26692865080752, 84.38248697194842, 57.27763194453103, 48.19564949996249, 41.74785876746898, 22.2689542900475, 32.35113304188801, 99.82271304999301, 58.98847692506019, 36.565541002600824, 35.63712191973983, 11.892260696299777, 42.98728862480194, 36.24680694269784, 60.81243996578405, 47.77292627255586, 59.29603142815607, 71.55370753792586, 52.91489257204747, 105.49178376971608, 21.084971137403436, 9.93271635112842, 94.37670621512912, 64.27599790316125, 62.460339475210546, 39.890907481892526, 24.552491344006913, 17.25663006577182, 37.28206380494733, 41.93446218136346, 92.99302727536676, 52.338958148747366, 40.40587898425202, 43.535829944748684, 72.71446686942946, 74.61013394613131, 79.37560704718895, 2.8968214158999666, 47.076291166589726, 51.161473843302524, 61.24035952393443, 54.81210897849851, 6.924988097038553, 49.78538288811321, 53.379061393417196, 71.72481447056514, 77.6905060582812, 28.60669549766153, 88.25646122193615, 46.59260355229388, 65.05722367400443, 26.68873881277872, 93.26833123906195, 49.35191228068309, 92.2355705592791, 58.539810773555594, 18.46804215510244, 33.1863508997545, 15.6977393161838, 94.1666390582429, 77.83127053237426, 87.36725316921562, 52.39976606208178, 77.40877626873194, 13.902554075029876, 90.23559195512144, 47.548414925166675, 90.34208850722561, 85.24271923115198, 69.48299423098801, 58.41992205321735, 29.553466959021417, 21.42903981222413, 39.659755464411305, 21.767850748914345, 101.87889354955708, 77.51846369190625, 44.192924975377544, 20.484779174736953, 85.79097743517379, 38.85941645951404, 54.60082097729406, 72.18460089259987, 73.32641774622216], [62.407232434528304, 97.56290800209239, 94.13044730181745, 83.86244095923882, 81.71304289898977, 29.494960953166196, 36.42910215526754, 45.074329339749916, 66.92650781552945, 47.86585420638851, 90.99506609506182, 0.0, 75.4836878472657, 83.35812270180016, 63.0781724663881, 18.540797300727448, 69.82734406825338, 44.23408874880351, 83.9385461509326, 73.7449952947646, 88.42231733593174, 50.33009584607322, 103.87484558559035, 74.5008892280773, 57.9748685022718, 83.14679931404095, 77.47953023373748, 91.12705343195454, 44.775867365351814, 63.054472385461125, 55.45443743747492, 24.601519270242477, 96.01955886052599, 59.68812229601495, 89.47539849565686, 82.7552879448877, 13.829344054029011, 47.20894152156326, 36.371611798233616, 62.78092761715386, 87.66868567796601, 96.49602703724385, 70.94178611649072, 73.937650281166, 6.474706124211693, 41.69394045339014, 62.3053184330377, 81.99045568952607, 25.321393765180794, 27.306566610664643, 53.574309888534025, 91.92135022842118, 66.18282151734307, 98.27181150661237, 49.56558090515559, 57.710286253711324, 84.11143193891812, 53.44787477525373, 37.96354905866536, 78.15478323992033, 42.677927531885736, 83.99420173330515, 17.663789683387012, 73.41416608439107, 26.577538594800295, 73.54893986285893, 25.884013915399066, 43.94314094758783, 31.489630747947817, 86.97501529299113, 79.24809401779815, 81.74741492909472, 83.72603750134847, 63.92573177312234, 28.636086220091286, 30.43811678301538, 67.48863605139033, 33.02656003539342, 93.6368353745352, 6.757245596491961, 48.19939337565223, 49.42815234366309, 57.9612626087301, 44.62543250889141, 59.02489198046107, 62.41462835007536, 90.1021465983555, 94.0367386739695, 73.61344918835582, 43.82403288960313, 29.496184724703937, 103.83829070921715, 97.1165162587878, 5.446952517051934, 98.75251311492728, 55.70730364839321, 40.383012334840224, 64.27462874033318], [72.40948738907112, 77.21101161489399, 44.47979922659209, 27.372832782613198, 10.487825388685973, 55.74851103884037, 84.60008457532908, 66.59034884290793, 8.607016237488644, 88.06773966806708, 26.67916329368044, 75.4836878472657, 0.0, 8.12082873163002, 15.017847152891344, 64.7031053697162, 66.22318597669992, 31.576382101796057, 18.88943647588085, 6.9724930260057745, 51.80935586827438, 97.54745320643819, 79.38131131773883, 10.26250338815634, 18.25023859377444, 14.793781882241746, 17.53135760751803, 19.380649449274454, 37.3189973787538, 53.90980288436138, 33.526680171049, 61.71191090453418, 71.95059067727885, 104.99033413411749, 42.723046917131185, 26.707158703663787, 82.29168861093336, 63.70004730311612, 41.580147192872374, 45.00649180915838, 44.76314577494237, 42.58206917680184, 47.39321487783151, 15.641491810026672, 79.02230573632146, 45.4584957871037, 45.28871420349166, 58.79006009388595, 63.5477498698711, 53.88771811290195, 80.65194463214573, 29.331378645882438, 20.47203988379504, 71.20540381999797, 61.53710950322564, 28.936166091994878, 21.953297958645017, 25.7627225771352, 42.281596473569536, 82.03232176022426, 53.26147916073298, 46.42236309565408, 77.69857757186787, 57.803385093942616, 52.799188714975536, 37.65240994279708, 71.78727445422874, 42.45909547680591, 69.66893661400368, 73.68094701273115, 8.22962759473705, 49.397046212712894, 11.621124352564097, 96.80354535545624, 70.65380917046073, 64.95931449136053, 60.65521708935017, 71.78164419680137, 38.79312132936724, 73.03893304123041, 27.46061926577217, 89.14180386632415, 87.30129635752365, 45.058148761856195, 32.19441477096955, 17.188136554043826, 43.321692907695926, 60.19219963441539, 31.349139573981624, 97.35970469047786, 70.63450204978265, 67.09959236197285, 45.43521415389733, 70.0390540364495, 26.286869692901178, 57.37821482241377, 69.1389127314766, 78.78298277682967], [76.22823303560021, 77.02872185896034, 41.69651174976871, 25.323076925627934, 6.999406660921912, 62.6218039053262, 90.93832360358014, 71.95772664149645, 16.456103792253728, 93.7170919658336, 22.01505553508036, 83.35812270180016, 8.12082873163002, 0.0, 22.932010978482907, 72.81710103105424, 68.97133845030264, 39.25817830160568, 19.83955732887744, 10.898602702591825, 50.9230169394255, 103.40648329536565, 78.5084018782544, 15.485029241911802, 25.64748060641554, 11.222073912955617, 21.1341615464341, 16.18454735192139, 45.32579481971748, 57.170064505241186, 40.90946156328941, 68.72940141656403, 71.54176037663528, 110.51153969982224, 40.783126940872584, 24.959508626444634, 89.78988763727175, 68.8536052031805, 49.698992041961745, 48.25721409668138, 43.41159794820636, 39.005552586766086, 49.33688540231809, 20.59080237984552, 86.74485689012315, 51.654567419883456, 48.61323568191613, 59.49076946174961, 70.46652069821546, 62.00851535563484, 85.58550722790119, 24.879140485412034, 27.134422052919234, 70.39992865413056, 66.4497422786405, 36.31100640357523, 19.148116699395068, 33.77386558160911, 49.248536255999326, 84.60442649003406, 61.01667577189983, 45.951215815233624, 84.9529453664924, 59.72904677677553, 60.12073581298805, 38.87401080724928, 79.87856118696602, 48.58112873777688, 77.68450335861353, 74.65902528932126, 6.99322652923403, 49.549906090643354, 6.530703876780897, 101.54938640638629, 77.2807751198512, 72.99799921712703, 63.49212911164001, 78.12258044393597, 35.38582362289262, 81.04816078606638, 35.49174471072083, 94.71357658631263, 92.11123778303069, 52.85511982863806, 39.24590782817015, 23.17900119850828, 41.30442516556831, 59.05900694803683, 32.462789146795956, 103.6710862757902, 77.20636430782628, 65.02523823712946, 42.105409815625926, 77.91939459115937, 21.57470617144681, 61.600822508974005, 74.91967112902194, 82.65683942745028], [71.56389013000104, 83.6304495976751, 55.51854610234258, 38.6430776135707, 24.884645559808742, 47.603594221451566, 77.3186013936831, 62.343677146930055, 9.617041266609775, 82.55710771013193, 40.26692865080752, 63.0781724663881, 15.017847152891344, 22.932010978482907, 0.0, 50.69169788621252, 67.79098179184305, 21.62498930957611, 21.86069733995899, 18.015550648634477, 60.09768416820353, 91.34307060628782, 86.83557888114132, 11.46063513571711, 13.141495668535683, 28.61726514781536, 16.17882269201928, 28.07291166704146, 22.4148008828483, 55.01813495098906, 19.02910342464754, 52.88293212726731, 78.8566456164688, 99.5358996771019, 52.83180627898468, 37.72940394281533, 71.38558648034994, 60.09398170537635, 27.622563679813524, 46.725808885611485, 54.018275565206665, 54.56521433645438, 51.41580038957125, 12.344650329122624, 67.26879234457397, 39.9975179616137, 46.83649962271221, 64.34424882868959, 54.99355768876579, 39.657487011412165, 77.05819056845164, 42.64073198070959, 9.313590365089262, 78.74097858739397, 58.60694513603117, 14.570205707817271, 34.448215691493274, 10.8951444953587, 34.52330781858617, 83.46434933715908, 38.262728818696566, 54.376388825894324, 67.72218343515773, 61.27835982928826, 43.170741187174286, 43.66779688696745, 57.11127067482933, 37.45095720235137, 54.76676865683624, 78.26060592066388, 22.288618736607404, 56.26353344488934, 26.35420638088475, 93.32191913462626, 62.826914959202504, 50.10442168071538, 62.27514465656821, 64.76640551568234, 50.743399375918386, 59.91560366310434, 15.38813668596793, 83.80766439268807, 83.84913994879977, 30.048651307278842, 18.376549647992196, 17.869418159374458, 53.4967830465918, 68.52359359420228, 38.206141734557825, 89.95591104354877, 62.97343201257365, 76.56310325994147, 57.05632473701323, 57.65788803595682, 35.7059347155472, 56.244583641930106, 63.73949592317463, 77.6330366172896], [71.18745376767345, 102.29017144338832, 91.49988332098957, 78.60450119765257, 72.57852207580686, 34.147701253523856, 51.99677213711591, 54.167670907854685, 56.59047223857674, 62.65332704668018, 84.38248697194842, 18.540797300727448, 64.7031053697162, 72.81710103105424, 50.69169788621252, 0.0, 76.03965042753678, 36.23426150832768, 69.86569804794694, 64.51602301583577, 88.50912578686749, 66.8091664090106, 108.02117250610866, 61.636603556877546, 49.087737479120854, 74.88294800295614, 63.28743540869883, 77.98379041309381, 29.58909256074993, 66.70348454967396, 39.342789035644266, 32.38818348414274, 99.7621648675642, 76.28091456134402, 87.17213172436156, 77.48020190322407, 32.04257376207846, 55.16900552873931, 23.144743948352488, 63.90667242676411, 86.13977994936808, 92.96347823711217, 72.09379733663265, 60.06228023063429, 24.936313999557676, 42.568951312279715, 63.53956237252896, 84.71729246703383, 34.233833161953676, 11.158574195764675, 65.70044229552639, 85.82998302563178, 51.78180505373331, 101.45704787424306, 56.630878691356024, 42.36495193397637, 77.4900170509175, 40.07218408266123, 35.934997323212656, 87.0895444653627, 24.266813380857595, 83.39243215990898, 33.92167464493677, 77.00926406177727, 27.948146958997558, 71.92509272029906, 11.527845991900087, 43.70321587925633, 15.163779665234799, 92.58224424293866, 69.95111149360879, 82.17994554663149, 74.47406835876014, 78.33554562971827, 40.735724349287125, 12.59153545636996, 72.52750624935359, 45.105755645995096, 89.66500866066329, 12.286758111079623, 37.617386856967784, 64.24397373407726, 71.11413530219465, 27.232220152394415, 42.861249933180595, 54.833536850520886, 87.84861744424124, 95.28142606976904, 70.3707009454464, 61.11462476191619, 41.50520476305592, 105.05465962143056, 94.19276507836582, 15.341789755495622, 85.4740576808842, 60.984709945792, 50.778021222725116, 74.43866118929006], [12.236397573329885, 28.066280661012712, 44.216074876492605, 48.362813498168165, 62.46305941526999, 42.04563041737024, 46.44644356919744, 25.678690906888797, 61.40358941007405, 40.392236474322324, 57.27763194453103, 69.82734406825338, 66.22318597669992, 68.97133845030264, 67.79098179184305, 76.03965042753678, 0.0, 53.15545604655805, 84.83951940198621, 59.49409213132579, 31.14215510661168, 49.981043592003104, 34.71632451941616, 74.29729800346004, 54.669669450975384, 59.691432546754235, 81.69472193467132, 84.8431968430114, 72.59426436837582, 12.775826852073102, 79.66202847571697, 45.45115150652662, 27.682553149541487, 52.7028076984996, 40.18262991952322, 47.92637296923943, 64.26250294330444, 22.826467208281503, 66.50277870116105, 21.342771910825945, 36.34718459200758, 48.98793149803683, 20.164085110187983, 78.38998603066807, 67.56519649581503, 35.19590671966521, 21.136625447757798, 18.386863064582332, 44.512695875288024, 72.67770949248582, 27.729134050018555, 55.782411571115496, 76.97767884073298, 30.67131091207913, 20.263191311145377, 77.34164517335125, 53.72711632857103, 68.63227350343291, 43.29383409395977, 15.835566158583015, 86.42359483025902, 31.008774996547434, 56.61889193218423, 11.07739403018935, 48.13345423700618, 31.029826693070916, 87.56699220986114, 35.59421590235606, 90.30384608102081, 17.172665870246984, 61.9808712675518, 26.13585115624168, 63.90866040843513, 38.94903292527863, 42.87248016268148, 86.19272282074698, 5.584297518333651, 39.382186003323206, 48.77705438623944, 73.48138921288476, 59.443322579193676, 40.333656330083166, 31.48597015728189, 80.82050360647783, 81.50414968413746, 50.778428950380025, 40.37047434947866, 31.531409201146456, 37.089799340924415, 55.24433613779514, 42.07594410194286, 39.75100695982479, 47.22606667377909, 66.90643361445905, 90.50389191414327, 15.122960021729444, 31.22628658777601, 17.276258370746852], [54.09875181720573, 74.44707539839848, 56.25346129847794, 42.451208508833574, 37.51962286002664, 26.012323955190666, 55.754661353046515, 42.30717827474869, 22.969806557003363, 61.482104681989526, 48.19564949996249, 44.23408874880351, 31.576382101796057, 39.25817830160568, 21.62498930957611, 36.23426150832768, 53.15545604655805, 0.0, 43.459631990867436, 29.51899438034435, 55.57681162601746, 69.97419834492736, 79.04578677189096, 32.672483554419145, 13.740811027872667, 39.22493877616799, 37.75029640075917, 48.858315577301916, 19.660422779281557, 40.88495349671895, 26.824216388185086, 31.275443473744595, 70.66063688057523, 78.37883810762506, 52.2279078066872, 41.32992047179591, 50.762419649638694, 40.62438376528986, 15.979487099071388, 34.510465336613194, 51.807126242299006, 57.23253238780069, 41.625038910835116, 33.91380965181565, 47.487478415117835, 20.17985059497024, 34.37156968106177, 55.230044410914495, 33.370634663567536, 27.046352484157087, 57.11752201834219, 49.59835980151695, 28.48574793321054, 71.51598635426916, 39.784097571283155, 25.263174368000872, 41.28712678000627, 16.760750045410614, 13.319315263546674, 67.89671909094389, 35.29555800912899, 50.006855468417584, 46.49904259864908, 49.567636846932324, 21.690881308437323, 38.16337920398781, 45.691802044559424, 18.394853340799546, 45.57652037588238, 66.79102225625641, 35.027174081723416, 49.962373899245335, 39.52045610235593, 73.2048565178213, 41.22549899441685, 40.72070064839916, 48.10080760502111, 43.30614990174346, 53.792493970011385, 42.50210349042871, 7.188624447721109, 62.79776974499395, 63.8830111590058, 28.459022964707724, 29.120523117183556, 18.71318236589531, 52.92167751368892, 63.2832064440348, 35.296206276052054, 68.35673595775499, 41.39177449205729, 72.64409535923497, 58.737583002089686, 38.822342571179206, 56.419958662494544, 39.36856486695024, 42.946001085857695, 59.65234562842809], [90.40912803135608, 95.88080776637561, 61.50782839358567, 44.888637625663186, 26.490220043269684, 69.37285054124426, 99.02858759058527, 83.02160789093362, 23.961818229169133, 103.81844132304383, 41.74785876746898, 83.9385461509326, 18.88943647588085, 19.83955732887744, 21.86069733995899, 69.86569804794694, 84.83951940198621, 43.459631990867436, 0.0, 25.853387589871986, 70.14661789807312, 112.83768837164885, 97.78043264413299, 11.200026539073045, 32.8907864135715, 30.95071701786374, 6.580983400446673, 9.704100633648741, 40.2856398629815, 72.36328680676466, 31.751841392770174, 74.7322848399544, 90.53531683024184, 120.82092311150215, 60.409031499671215, 44.41320570337269, 92.95445024900808, 80.45871535595278, 47.67304763615367, 63.5280602670203, 62.82992135918151, 58.83459000338478, 66.25491717797826, 10.005574498764584, 88.5026868019074, 60.97533430154717, 63.7749929137682, 77.63665554316566, 76.82751976589795, 58.720338608778754, 97.51003074617093, 44.633165090888426, 18.085589084332163, 89.62415181820299, 78.61617467190462, 27.860585612669087, 38.85483512266555, 30.490992620164445, 56.14031380169106, 100.67196713628343, 52.335146495827736, 64.92305543016764, 89.51547873394917, 76.65115746035028, 65.03025533466175, 56.52605100133842, 74.32481423743592, 58.21067584788174, 70.802781271408, 92.56407038777114, 25.398758650914854, 68.11488088299846, 26.357359371283113, 113.77736788065363, 84.59471158238888, 66.63067911368782, 79.25800152191333, 86.39085564512955, 55.225111036093104, 80.17304052365381, 37.17599100782439, 105.01221548129861, 104.25892621590678, 45.03562315046603, 28.776086283004936, 34.54114725079704, 60.955642413252505, 78.42686380417521, 50.19589106847818, 111.70669838005448, 84.7162717945688, 84.74389330166244, 61.94406325243985, 78.59039400875115, 16.15664114467476, 75.18059020998595, 84.8881467755435, 96.70515680292277], [66.05355699391895, 70.28679688399492, 38.409292494613375, 21.2700194421061, 8.075980211598472, 51.90755274579353, 80.0532122183229, 61.13945323517923, 8.725579173168402, 82.85429955151594, 22.2689542900475, 73.7449952947646, 6.9724930260057745, 10.898602702591825, 18.015550648634477, 64.51602301583577, 59.49409213132579, 29.51899438034435, 25.853387589871986, 0.0, 45.03934055036364, 92.51948790860833, 72.55495593574663, 1