instance_id,num_cities,city_coordinates,distance_matrix,best_route,total_distance
2158,63,"[[15.320431703226568, 67.52569688405849], [9.40074471953003, 32.23773185645379], [46.11881752601595, 40.62397826777543], [16.073489109080185, 95.5409032961106], [65.86848376626301, 41.95839827473664], [83.85061484147606, 69.99211653453052], [48.359679195457296, 67.96848043244226], [24.267599030640184, 49.71255119127351], [43.315254165718805, 55.905795948683604], [43.251532513300674, 68.25645645737364], [56.360267881035384, 78.7173981988443], [63.646817578294026, 80.55366791426873], [52.83799253313375, 12.918405162504564], [64.24483464115151, 17.576267930201183], [28.408643390745546, 20.031628332355854], [47.33814100497199, 97.5308934874619], [58.78061739340313, 31.783754060450352], [38.43806323300768, 36.601018693367394], [76.77100362352752, 67.52570532780108], [30.987277101256495, 28.561428932806642], [49.384800350100775, 75.6248342969705], [8.459739352954966, 78.45963340957796], [28.053961102799676, 28.26574481570092], [45.12274796885644, 35.88090530318417], [92.82887867763468, 35.49554208024772], [45.2143315238565, 80.63784798673095], [80.83186390678227, 93.16008220891561], [87.83655146053361, 79.14102331649944], [16.423565720445886, 82.71421762464362], [75.22973844026778, 92.04327519626729], [20.951356231433806, 45.97387217957617], [36.23520838194098, 49.674599681219846], [15.011926412347643, 44.79806085766158], [49.2278782107529, 34.97742179194654], [27.092048601166795, 7.561899502978364], [20.11098733028437, 32.21386246611685], [99.43961636103286, 13.527229108550266], [70.16453035176806, 54.22441255065375], [9.396171612141691, 3.6601522981109746], [87.97892472025497, 31.14544219642852], [61.083013186312165, 49.211895216957146], [37.82371991241408, 71.27138643999406], [90.65534419019573, 58.679480156625274], [25.22852002442686, 39.544825111896365], [93.58735308943852, 16.81523668214272], [6.323570072806229, 75.37867536928893], [30.15651119592816, 8.728102370715229], [12.00702836784714, 50.66190620851205], [88.78899067600815, 25.468282977127043], [60.319384637322635, 45.856851944526724], [50.018577940314756, 81.1221316847829], [26.995396829415007, 29.538812116287396], [52.16416834970418, 57.65842863792253], [61.13692483563522, 59.02103811645628], [81.16576367898163, 99.24671229652859], [70.67987082012979, 7.135080455761189], [4.221080480098216, 10.85619821195223], [41.476608498585186, 45.06416401113735], [4.633621944224076, 30.47549497133688], [30.785716729948753, 53.57901691642235], [88.15060629341828, 36.13316871735744], [1.1192809081607025, 65.21166815941316], [61.262092777852075, 95.19093796684372]]","[[0.0, 35.78104483905408, 40.8930682854572, 28.025325792332843, 56.64620309911048, 68.57455232704221, 33.042214394976526, 19.933889802472617, 30.3105952177516, 27.940658582369064, 42.53848060075446, 50.05164933256363, 66.25348051075262, 69.91811393086114, 49.264468258280615, 43.87989895316495, 56.26965627254801, 38.61036918684585, 61.450571920301535, 41.99600244907512, 35.013957761775195, 12.908139582029785, 41.273315924208546, 43.46919471296427, 83.86590588040362, 32.64312719432948, 70.3482015430695, 73.44047543955757, 15.228528062394316, 64.73203750854891, 22.27528808197776, 27.49708266099678, 22.729729757805632, 47.00111849873952, 61.10832971658695, 35.63530655369844, 99.95935048606866, 56.43402627395133, 64.13972749307929, 81.25748912341795, 49.291066081978514, 22.812894828916438, 75.852518678077, 29.68331853602095, 93.25911085339365, 11.9420597170849, 60.64046813200979, 17.18621766449938, 84.65491847539656, 49.944415165045875, 37.266934292757526, 39.74051113231479, 38.14215401253841, 46.59914445250473, 73.08782772661641, 81.92492936785388, 57.74623517877346, 34.47703646706564, 38.5606712156123, 20.82510319488047, 79.30778748354368, 14.388447200538478, 53.628367367134985], [35.78104483905408, 0.0, 37.66358983811561, 63.65388465762992, 57.29831505956754, 83.4756055599169, 52.862888393466505, 22.94324885216485, 41.35663439944704, 49.42898295672085, 66.07235578406377, 72.6434174426093, 47.539782093820754, 56.76999844805097, 22.589581119095428, 75.51452173384676, 49.381959470308416, 29.363312798019493, 76.0525664031541, 21.897341926675523, 59.00140136346312, 46.23147925695895, 19.071422665679343, 35.90730049596945, 83.49171733283315, 60.20950291453453, 93.88257325410046, 91.38979444608711, 50.962688609581576, 88.9390770609592, 17.947093839266362, 32.00207492628588, 13.75671561850404, 39.92125327529593, 30.3624593102937, 10.710269208988773, 91.96239078859536, 64.61928328532655, 28.577579924246987, 78.58577141523602, 54.39833725089028, 48.285522767828, 85.44867458485199, 17.433074397421596, 85.5876064990136, 43.250549256443804, 31.360875634769517, 18.607603688022984, 79.67633923679027, 52.708522300014955, 63.557005295462325, 17.800448045814456, 49.74859018534205, 58.25785635623033, 98.18564765722522, 66.22140441728718, 21.999975059626795, 34.54530936308434, 5.082414622411999, 30.212041902149366, 78.84614845535481, 33.997986972328846, 81.56411945214427], [40.8930682854572, 37.66358983811561, 0.0, 62.59864546656991, 19.79469609153252, 47.813973626024925, 27.436167000057438, 23.66596517191713, 15.536856797554593, 27.78084185626423, 39.44611447809635, 43.60746382327152, 28.508702072661684, 29.32148441438315, 27.160543878287406, 56.91997671790561, 15.442497852275787, 8.670535753163483, 40.7830777574302, 19.351191490052635, 35.15290267650253, 53.38298388863372, 21.88755289308039, 4.8465344020378565, 46.99075090395454, 40.0240910554337, 62.968546166697536, 56.779680202662654, 51.5111272339741, 59.08798366077689, 25.72979737350866, 13.40147296689215, 31.38569164802342, 6.445917962253485, 38.146021915387855, 27.33381201529188, 59.810880309541595, 27.62549760604199, 52.10448304351005, 42.91982316330072, 17.25339008095715, 31.750153890867317, 48.05729243067546, 20.91815243368169, 53.10478363035998, 52.83512742939252, 35.66710140474309, 35.55803927264247, 45.28177090610853, 15.134036910208778, 40.68548342439114, 22.10398443143863, 18.0753635093315, 23.74858644718007, 68.30017115392032, 41.53012900991077, 51.39592492621115, 6.423811492401857, 42.70846714268281, 20.07329087146131, 42.27101415161048, 51.278775239167324, 56.62924929886159], [28.025325792332843, 63.65388465762992, 62.59864546656991, 0.0, 73.14797561979711, 72.43258436321106, 42.45746781034658, 46.555142509195846, 48.09423559890684, 38.51086966789449, 43.65838828424849, 49.87823980485322, 90.43288068979655, 91.64585586980691, 76.51017341964666, 31.32791916379007, 76.7389919464145, 63.04033766350981, 66.85087572676306, 68.61975705480218, 38.81099407351806, 18.701309213139695, 68.33358367418276, 66.35642245343155, 97.45170717521583, 32.73056299847675, 64.80212508466748, 73.61313185433862, 12.831462073685973, 59.259558193243784, 49.80646706373411, 50.10202322592359, 50.75394540419845, 69.04454220726166, 88.66630567308322, 63.45561828687766, 116.94508936561665, 68.06535939990019, 92.12306428311713, 96.52547373969976, 64.59283433367196, 32.589599390413184, 83.19385568182729, 56.73953967978227, 110.48135450373113, 22.39590043260161, 87.9476771473299, 45.06285035978826, 100.98374268414858, 66.52972440798901, 36.880483057303294, 66.89965701228374, 52.32226117321258, 58.00356706463392, 65.19767809539707, 103.91076188563002, 85.51010972685769, 56.5085806188813, 66.06343861183043, 44.4662742998569, 93.40444180757353, 33.815541499339176, 45.1899588101719], [56.64620309911048, 57.29831505956754, 19.79469609153252, 73.14797561979711, 0.0, 33.30535088353888, 31.35414823192082, 42.3173782061178, 26.51750492203376, 34.68593876711766, 37.96880620641952, 38.659159835657995, 31.829465935437007, 24.436131375882557, 43.40533240358081, 58.58050722739862, 12.400049782433426, 27.94869382654774, 27.794821985105884, 37.3654568546339, 37.48520686088618, 68.03017052368384, 40.217246089393356, 21.617619540436596, 27.72420249471135, 43.84853287027061, 53.343370562097476, 43.18730835808574, 64.07680338031716, 50.95221276172851, 45.096256792117, 30.62141038797004, 50.935774358273456, 18.045602952169332, 51.83368645840733, 46.78359176264763, 43.992639428112575, 12.996581184366606, 68.23399215140971, 24.612834422946598, 8.68987609591629, 40.56796833456999, 29.899548976135854, 40.71157069372465, 37.42344574496809, 68.28258685666408, 48.781118793373025, 54.5601267226244, 28.23603264497569, 6.7816253330825225, 42.2494677990694, 40.808859434525814, 20.839846795058047, 17.706533491404866, 59.29551160237602, 35.15413075733049, 69.04888978595173, 24.5888055806571, 62.30220999803643, 36.95726343413148, 23.030985296146678, 68.79806560572243, 53.431471250657786], [68.57455232704221, 83.4756055599169, 47.813973626024925, 72.43258436321106, 33.30535088353888, 0.0, 35.548581070185065, 62.93962617958379, 42.91316689270302, 40.63616617981326, 28.84180500813047, 22.797802337037044, 64.95530211012198, 55.96255714471429, 74.63151197546016, 45.73341209361814, 45.69883734841709, 56.36723568377229, 7.49693799080554, 67.1642341740614, 34.923056537840466, 75.86489932079857, 69.67321339834767, 51.608355953012854, 35.64579737629038, 40.07610243963023, 23.36380728167394, 9.979488265251923, 68.61675312426895, 23.676425157738617, 67.32898926604551, 51.768990944302736, 73.30419814779907, 49.24187993686632, 84.37456275597687, 74.09410634944643, 58.57730345795518, 20.878922328094166, 99.71656630696735, 39.06542012555063, 30.825010675351805, 46.04466948846453, 13.201518220569637, 66.05745647323941, 54.06093434768421, 77.71394782562297, 81.46371092555876, 74.39864211557834, 44.79686719549101, 33.70800782826469, 35.61578243035505, 69.7781172972877, 34.0022168160674, 25.22451734596657, 29.37753902154948, 64.2220794017411, 99.18628725012599, 49.16257957589186, 88.52624098792364, 55.54523607529918, 34.13089910583702, 82.86933269342103, 33.84112779734792], [33.042214394976526, 52.862888393466505, 27.436167000057438, 42.45746781034658, 31.35414823192082, 35.548581070185065, 0.0, 30.227591355027517, 13.074960070125035, 5.116257686763147, 13.399576577812946, 19.801099562618273, 55.23192987372628, 52.83666571997982, 51.922881458432656, 29.58005757111056, 37.655416284265584, 32.89918113355803, 28.41477442371046, 43.06641455261311, 7.7246765550781555, 41.25614487836895, 44.59405120317445, 32.25042947685389, 55.06361255685203, 13.05396821663464, 41.09817003214161, 41.027419591405554, 35.176016108000006, 36.077636102437786, 35.14226742680761, 21.946955721642922, 40.60715403663224, 33.00248050905852, 64.04113623822639, 45.567327088730664, 74.65259423858168, 25.77500603080584, 75.19119623086148, 54.08900776391752, 22.6647902436488, 11.041540929990992, 43.3036811769077, 36.64634642603192, 68.28028142910564, 42.684253058633885, 61.974008407681936, 40.262050786845805, 58.65829873540643, 25.138788129975186, 13.257846217010217, 43.96898870687911, 10.989599889461928, 15.598548975700988, 45.32733135409232, 64.79886964203126, 72.1805283784235, 23.91619478398262, 57.59941007965954, 22.713450134622246, 50.95885547490114, 47.32076969208276, 30.12531278615138], [19.933889802472617, 22.94324885216485, 23.66596517191713, 46.555142509195846, 42.3173782061178, 62.93962617958379, 30.227591355027517, 0.0, 20.02921483159224, 26.538013358052524, 43.25760677469009, 50.01896974294152, 46.584080616383325, 51.29249524924882, 29.96840720074027, 53.09278450924235, 38.89203264251722, 19.30581104626861, 55.44290715804964, 22.192882781768898, 36.08767404353047, 32.80675484797822, 21.778476564093943, 25.025020783381606, 70.01980016321363, 37.35156735706674, 71.32463818700613, 70.05031537872797, 33.92106787751331, 66.24975356930224, 4.99751808959151, 11.967669526789983, 10.479489055110244, 28.985161292704205, 42.245176684734396, 17.98559223176873, 83.4278713845156, 46.11816559255797, 48.39403679461579, 66.36166481904009, 36.81881823006099, 25.466680008252776, 66.99058532689318, 10.213032007271206, 76.72979606831336, 31.31673842469696, 41.40536597610795, 12.297270751109673, 68.9260075812783, 36.25738079497138, 40.616187186696266, 20.357323721369234, 29.006129493100385, 38.02624244059846, 75.43894390002512, 62.98364856766287, 43.72275234761455, 17.825754128346855, 27.48740417425617, 7.578615674764774, 65.31032265506776, 27.857983751369847, 58.62487723928178], [30.3105952177516, 41.35663439944704, 15.536856797554593, 48.09423559890684, 26.51750492203376, 42.91316689270302, 13.074960070125035, 20.02921483159224, 0.0, 12.350824889451824, 26.278157851195235, 31.95137028722625, 44.0295163795596, 43.671501657227715, 38.84794649606241, 41.81904307410971, 28.653976419022374, 19.911338886963218, 35.41623167083944, 29.994889998146164, 20.63201066948045, 41.51605107756808, 31.57339849598394, 20.106299490771335, 53.55536831430626, 24.80485623471487, 52.87133298132902, 50.219734205264196, 37.97175766531895, 48.21256799715169, 24.470125471081634, 9.431588160222246, 30.40493612502865, 21.747550849286345, 50.993379201056904, 33.16241413878685, 70.32700021509838, 26.901871344683855, 62.29054054781512, 51.0677842219628, 18.986878827761153, 16.31742380407733, 47.421276317819256, 24.388753937419153, 63.68167518185437, 41.80403957704657, 48.97843696854457, 31.744344098084515, 54.720223940522175, 19.75149940369101, 26.09210872242299, 31.008959671281332, 9.020809474704938, 18.091895401831948, 57.54212457221662, 55.92320568721405, 59.647469958102846, 10.996435829781037, 46.29221186244422, 12.743751763877615, 49.00168964478456, 43.2099458082857, 43.19040865234974], [27.940658582369064, 49.42898295672085, 27.78084185626423, 38.51086966789449, 34.68593876711766, 40.63616617981326, 5.116257686763147, 26.538013358052524, 12.350824889451824, 0.0, 16.771113411450706, 23.815731407998634, 56.162266129719335, 54.85617780506558, 50.45736224964571, 29.558298875151834, 39.64102038732052, 32.019310213419615, 33.52743564191427, 41.54644594893752, 9.586968569104036, 36.257050227924935, 42.781107914413525, 32.429581554788065, 59.42382319847469, 12.536005590261983, 45.08294448255086, 45.89441916220206, 30.4756732527493, 39.85496706841565, 31.524774770004065, 19.862381669019282, 36.7120099810617, 33.81140127469068, 62.808901950255795, 42.83168702007661, 78.43716652632844, 30.35140373777571, 72.93056953557748, 58.11855979900731, 26.089404282810996, 6.2089413292804485, 48.36155328940158, 33.899657132376646, 71.97147994196555, 37.60851515595653, 60.95165726679647, 35.857875533207185, 62.48590149542545, 28.161211949407168, 14.536798233051334, 41.99187934226985, 13.84750054032148, 20.12908866430809, 48.96820276323167, 66.99355451537376, 69.41300910173241, 23.260111439323822, 54.02540205801889, 19.256785677333237, 55.20717744587491, 42.24212780031584, 32.40133600990896], [42.53848060075446, 66.07235578406377, 39.44611447809635, 43.65838828424849, 37.96880620641952, 28.84180500813047, 13.399576577812946, 43.25760677469009, 26.278157851195235, 16.771113411450706, 0.0, 7.514365772199604, 65.89320077384858, 61.647418465998356, 65.00240685135138, 20.864955747439826, 46.99601093573176, 45.771113620876, 23.277717303670595, 56.20862846686848, 7.630275143289119, 47.901222071634365, 57.84994669415379, 44.285968177025985, 56.55164382907452, 11.310173502916564, 28.415667042357473, 31.47913414020942, 40.136202423573664, 23.100560965833395, 48.22789151915911, 35.334150132377864, 53.48090115056173, 44.317677268610595, 76.9398053966336, 58.96260828772853, 78.13826470739025, 28.115191771057624, 88.53935001205431, 57.12119097333414, 29.881081463572652, 19.976153326051904, 39.719899528042845, 50.03674856402768, 72.23388037170312, 50.147963046215935, 74.73378349133452, 52.48162046025103, 62.346534258199995, 33.0981888571272, 6.782313354795076, 57.278521113570584, 21.4729469389897, 20.267290202615023, 32.19884095900516, 73.0005427500716, 85.57825264920407, 36.79760165969306, 70.73137300296402, 35.86078471087838, 53.14171823441317, 56.86801724726564, 17.18736163018951], [50.05164933256363, 72.6434174426093, 43.60746382327152, 49.87823980485322, 38.659159835657995, 22.797802337037044, 19.801099562618273, 50.01896974294152, 31.95137028722625, 23.815731407998634, 7.514365772199604, 0.0, 68.49349944598437, 62.9802392275601, 70.03317924545934, 23.541434105345136, 49.01208423999431, 50.66869515960118, 18.4924868123328, 61.399010565942504, 15.089683106158665, 55.226792262058176, 63.25249666255777, 48.361109108472725, 53.682654495471084, 18.432678276138645, 21.313082805651664, 24.230946949163513, 47.272650561194034, 16.31487453795772, 54.94237611056057, 41.29059425189804, 60.364029642742906, 47.80271982939168, 81.63362904329679, 65.05463324121263, 75.98465597525828, 27.12397957158858, 94.10496974951481, 55.07471476596963, 31.44645939959364, 27.44072015143256, 34.75543985914207, 56.19333390115916, 70.42033287784544, 57.556365872212695, 79.24968446142883, 59.667287918700715, 60.55186621193847, 34.85600161256029, 13.640090420835799, 62.81593870189467, 25.61334056361998, 21.678415707548645, 25.61919945579749, 73.75468000272944, 91.59233326304779, 41.84522742115738, 77.3975494718483, 42.514512174323876, 50.73082307925081, 64.38221647716747, 14.83025916718422], [66.25348051075262, 47.539782093820754, 28.508702072661684, 90.43288068979655, 31.829465935437007, 64.95530211012198, 55.23192987372628, 46.584080616383325, 44.0295163795596, 56.162266129719335, 65.89320077384858, 68.49349944598437, 0.0, 12.321190382424156, 25.4438802737478, 84.79104638682591, 19.779185505756196, 27.71685673919098, 59.621692790424056, 26.872996810238984, 62.801439402682156, 79.15227069048001, 29.151141459132617, 24.223984218070356, 45.92382917424196, 68.14721669744142, 84.9846078399195, 74.90216473617096, 78.72398565460648, 82.23220380501483, 45.92843862307533, 40.332000657898604, 49.468411389651884, 22.35247503250271, 26.2972580667362, 37.991729917218244, 46.605600629047714, 44.7928025371309, 44.41741832921625, 39.586740128683076, 37.2182453361787, 60.25362069038119, 59.36520926410879, 38.35686654994659, 40.9352620810002, 77.87731923430812, 23.065303664527875, 55.603412717897875, 38.07852020011955, 33.777396350647365, 68.26197631311251, 30.72584710004291, 44.74509738073128, 46.8436232869352, 90.8572464403248, 18.755784853522105, 48.66062920965468, 34.09444029654906, 51.302170971883285, 46.25568307032743, 42.2599803299855, 73.54869466558175, 82.70269112292613], [69.91811393086114, 56.76999844805097, 29.32148441438315, 91.64585586980691, 24.436131375882557, 55.96255714471429, 52.83666571997982, 51.29249524924882, 43.671501657227715, 54.85617780506558, 61.647418465998356, 62.9802392275601, 12.321190382424156, 0.0, 35.92020876943984, 81.7225699406804, 15.222034432749567, 32.06135667922964, 51.496128065241855, 35.02483255880878, 59.92041952764038, 82.57578972319027, 37.7365107495991, 26.471002022197244, 33.73644853187921, 65.87050119836259, 77.38244323344983, 65.93017676497354, 80.80734033231239, 75.27285887117733, 51.77595194602233, 42.600963186049086, 56.25749072658108, 22.984976313945282, 38.47878747477681, 46.49791019236029, 35.42693009123611, 37.12316394689303, 56.58651880400114, 27.33915730504953, 31.793238726792538, 59.84347128375666, 48.85682214359234, 44.77600150657329, 29.352385890223385, 81.82903638043501, 35.21794754204506, 61.834034839483884, 25.78176675412866, 28.551717810385515, 65.11883890268595, 39.12317830512355, 41.863135394340844, 41.5611366441141, 83.40491186073314, 12.264912820773004, 60.39876158171366, 35.69280813602912, 60.99087421456663, 49.149877985205805, 30.26292261356596, 79.0820263340155, 77.6719624698641], [49.264468258280615, 22.589581119095428, 27.160543878287406, 76.51017341964666, 43.40533240358081, 74.63151197546016, 51.922881458432656, 29.96840720074027, 38.84794649606241, 50.45736224964571, 65.00240685135138, 70.03317924545934, 25.4438802737478, 35.92020876943984, 0.0, 79.77757817525196, 32.566382420328004, 19.368375236656885, 67.78351744292009, 8.911052131843585, 59.41888344800475, 61.73969994754485, 8.241751863935084, 23.033907014357254, 66.25027805843833, 62.893123745142034, 89.9775795165059, 83.81883340242025, 63.81809372857156, 85.89465772496611, 26.992798069208682, 30.658781286133625, 28.157560367152126, 25.62844670726945, 12.539041387528556, 14.739671793750349, 71.32815944890439, 53.96944124688315, 25.08982484339144, 60.59814581554581, 43.80756118518806, 52.09756689940663, 73.2687396578306, 19.770635629186945, 65.25802152405524, 59.59065429383401, 11.437864356158343, 34.74517086056579, 60.62461176795635, 41.05164529619518, 64.79999128927075, 9.61164966821843, 44.49832656753171, 50.90495537419139, 95.17532909613892, 44.194769096806304, 25.869416643034924, 28.238264014793526, 25.967787644606474, 33.63149949779679, 61.873756425759076, 52.78205474856387, 82.02603831323314], [43.87989895316495, 75.51452173384676, 56.91997671790561, 31.32791916379007, 58.58050722739862, 45.73341209361814, 29.58005757111056, 53.09278450924235, 41.81904307410971, 29.558298875151834, 20.864955747439826, 23.541434105345136, 84.79104638682591, 81.7225699406804, 79.77757817525196, 0.0, 66.73542244366705, 61.57646487718377, 42.03099711426572, 70.8811525820064, 22.001460036377477, 43.304076897837795, 71.89951609726242, 61.689780429387596, 76.92718660018421, 17.026025754762685, 33.777706628128534, 44.47818087930303, 34.28184430053981, 28.426311086781073, 57.91708605262189, 49.12738512989397, 61.85253258396888, 62.58200961832844, 92.21889251234506, 70.76462702981205, 98.8492759880569, 48.954012519319114, 101.24874859890653, 77.8376608339856, 50.23591449497481, 27.930018243863067, 58.187734185079485, 62.05819418545082, 93.02691477173707, 46.61454490075783, 90.44967724110221, 58.69403282047985, 83.1335838997397, 53.27963265285745, 16.62625051120688, 70.97006671672622, 40.163465900116925, 40.907400258402426, 33.87110996056549, 93.3608020768139, 96.8069403989615, 52.79313653558815, 79.49907180820493, 46.965414972043774, 73.72474435266717, 56.397831114802635, 14.119200572693979], [56.26965627254801, 49.381959470308416, 15.442497852275787, 76.7389919464145, 12.400049782433426, 45.69883734841709, 37.655416284265584, 38.89203264251722, 28.653976419022374, 39.64102038732052, 46.99601093573176, 49.01208423999431, 19.779185505756196, 15.222034432749567, 32.566382420328004, 66.73542244366705, 0.0, 20.905156022191647, 40.01426092166046, 27.979512930415815, 44.836611092010614, 68.63547537371599, 30.92739555551071, 14.259174082807279, 34.249984916539916, 50.70272779301038, 65.21741431383113, 55.56040186952724, 66.2422217719876, 62.46425754567466, 40.403124288787666, 28.781553545983684, 45.66257210897199, 10.072454490884587, 39.885631877953514, 38.672021959797796, 44.569663453621295, 25.163001166744138, 56.83098152600402, 29.20528364507081, 17.579565710174162, 44.70419066453026, 41.70585439252663, 34.438023487460164, 37.888855384114756, 68.20747010056282, 36.754625973375255, 50.4396001060375, 30.665740527051614, 14.156973147030918, 50.11036661189695, 31.86440036520436, 26.70723090172304, 27.33901657905553, 71.07985304001117, 27.370592660444284, 58.43548290196882, 21.812794692341576, 54.16279773070872, 35.47883800404956, 29.690295651015855, 66.65024505785397, 63.4557222874566], [38.61036918684585, 29.363312798019493, 8.670535753163483, 63.04033766350981, 27.94869382654774, 56.36723568377229, 32.89918113355803, 19.30581104626861, 19.911338886963218, 32.019310213419615, 45.771113620876, 50.66869515960118, 27.71685673919098, 32.06135667922964, 19.368375236656885, 61.57646487718377, 20.905156022191647, 0.0, 49.25190922615151, 10.961259849999411, 40.53010285916829, 51.486343127255594, 13.315643719561573, 6.723360269419639, 54.402048520930066, 44.555136024507945, 70.68353415982784, 65.1909704828906, 51.098583311145184, 66.53924534205257, 19.840244560811968, 13.257868959256053, 24.818851435622495, 10.911286548903314, 31.176954491732637, 18.844862719226285, 65.21954653196919, 36.292598789378836, 43.91505604901649, 49.84034782997178, 25.91964438569503, 34.67581026309102, 56.69305857992209, 13.533588881340236, 58.59113705556778, 50.349253502035836, 29.077200148439765, 29.938406132539573, 51.566982642946556, 23.75842325517833, 46.00258495867968, 13.446537701626411, 25.136039370745173, 31.90447600238753, 75.82967303385946, 43.67809144991833, 42.82052884228776, 8.992084630421079, 34.3549456660315, 18.62285774699832, 49.71474450435434, 47.0240446694907, 62.878573179871076], [61.450571920301535, 76.0525664031541, 40.7830777574302, 66.85087572676306, 27.794821985105884, 7.49693799080554, 28.41477442371046, 55.44290715804964, 35.41623167083944, 33.52743564191427, 23.277717303670595, 18.4924868123328, 59.621692790424056, 51.496128065241855, 67.78351744292009, 42.03099711426572, 40.01426092166046, 49.25190922615151, 0.0, 60.11958457317901, 28.558711802052436, 69.18077485502364, 62.56752137793272, 44.754948939546495, 35.82996942390873, 34.172384159058666, 25.954033681166695, 16.042504820371725, 62.22944774990078, 24.565966918081017, 59.83572968575382, 44.2923545171538, 65.80827790739961, 42.63818146490549, 77.86948427407737, 66.7628915838646, 58.56365286971079, 14.851595154523425, 92.83413624497521, 38.06758517188047, 24.114491177178294, 39.126986025864575, 16.463007402973886, 58.647738858547385, 53.426035222744574, 70.88377834424317, 75.0337858419914, 66.92354004125987, 43.74081375073591, 27.206524478755043, 30.009250067548372, 62.61481524036499, 26.511497344882223, 17.79757803527624, 32.02399411464901, 60.69703016840338, 92.05935251168532, 41.83557296793896, 81.095745406302, 48.05368589742969, 33.39141673787785, 75.68710536028861, 31.715791218121293], [41.99600244907512, 21.897341926675523, 19.351191490052635, 68.61975705480218, 37.3654568546339, 67.1642341740614, 43.06641455261311, 22.192882781768898, 29.994889998146164, 41.54644594893752, 56.20862846686848, 61.399010565942504, 26.872996810238984, 35.02483255880878, 8.911052131843585, 70.8811525820064, 27.979512930415815, 10.961259849999411, 60.11958457317901, 0.0, 50.53150488718274, 54.747792348247536, 2.948181107719015, 15.918111413898373, 62.229137955406514, 53.984835824734645, 81.59331368991296, 76.09293898381932, 56.0769668606131, 77.37790505274461, 20.09758412166279, 21.755614488642642, 22.77806062633163, 19.336093018091727, 21.35773961219059, 11.473183947684348, 70.08387770729578, 46.83423854857265, 32.958298109576646, 57.05019739558022, 36.49924777655231, 43.25364054707977, 66.83842637024541, 12.401543238515847, 63.692562722155564, 52.916471993884294, 19.850718236578164, 29.132128960926604, 57.88441624548672, 34.05149320751859, 55.90007053133604, 4.1097914779302664, 35.98744384904399, 42.857777008704055, 86.68500331337945, 45.106434188387446, 32.09212483524878, 19.554189787064878, 26.42307304110626, 25.018399930875567, 57.66261741974956, 47.27935312542117, 73.18508002570378], [35.013957761775195, 59.00140136346312, 35.15290267650253, 38.81099407351806, 37.48520686088618, 34.923056537840466, 7.7246765550781555, 36.08767404353047, 20.63201066948045, 9.586968569104036, 7.630275143289119, 15.089683106158665, 62.801439402682156, 59.92041952764038, 59.41888344800475, 22.001460036377477, 44.836611092010614, 40.53010285916829, 28.558711802052436, 50.53150488718274, 0.0, 41.023124011086054, 51.94119809447122, 39.97180234069513, 59.141762195119185, 6.520975117603263, 36.00559297763809, 38.612183940820145, 33.71501659910388, 30.619046791960503, 41.08089944166889, 29.09169031771094, 46.171251048884855, 40.64771540826614, 71.62073633599996, 52.35903555279014, 79.75962121289932, 29.829100386408214, 82.32864558304907, 58.88907163075918, 28.887567125076455, 12.353586083808818, 44.61393073692247, 43.41996017924907, 73.5692492845475, 43.061933853600515, 69.60531478421554, 44.947142479882885, 63.78377423405128, 31.712740450326326, 5.533710563799522, 51.23677224855711, 18.180116027756544, 20.342037202000125, 39.59826701179833, 71.72395978717955, 78.96035595670523, 31.56729425655267, 63.56988917920034, 28.84343903708236, 55.33876905648467, 49.376050834475066, 22.888916274794322], [12.908139582029785, 46.23147925695895, 53.38298388863372, 18.701309213139695, 68.03017052368384, 75.86489932079857, 41.25614487836895, 32.80675484797822, 41.51605107756808, 36.257050227924935, 47.901222071634365, 55.226792262058176, 79.15227069048001, 82.57578972319027, 61.73969994754485, 43.304076897837795, 68.63547537371599, 51.486343127255594, 69.18077485502364, 54.747792348247536, 41.023124011086054, 0.0, 53.88283565437724, 56.18829315727498, 94.67874531351927, 36.81908016767146, 73.85003457911608, 79.37973666224333, 9.029065137356664, 68.13771424335312, 34.80467174003204, 40.00068557566077, 34.29333203305277, 59.604898062903985, 73.30519504790914, 47.69091013583505, 111.77457290778213, 66.2934926089133, 74.80534258942173, 92.53071669253129, 60.204976026276995, 30.231014683467453, 84.5421310192151, 42.37398152231199, 105.1034836166593, 3.749069436469911, 73.02901019067635, 28.02314930374626, 96.2334237091098, 61.25654388127302, 41.644038730599775, 52.31459981778242, 48.40214079856628, 56.149308609692355, 75.61923447079512, 94.64954629502633, 67.73618441837442, 46.96137800918807, 48.1364385480031, 33.42894468746397, 90.23393977359305, 15.145656586933608, 55.389756087165836], [41.273315924208546, 19.071422665679343, 21.88755289308039, 68.33358367418276, 40.217246089393356, 69.67321339834767, 44.59405120317445, 21.778476564093943, 31.57339849598394, 42.781107914413525, 57.84994669415379, 63.25249666255777, 29.151141459132617, 37.7365107495991, 8.241751863935084, 71.89951609726242, 30.92739555551071, 13.315643719561573, 62.56752137793272, 2.948181107719015, 51.94119809447122, 53.88283565437724, 0.0, 18.69048298811451, 65.1771425832179, 55.111845401373515, 83.64676951377751, 78.50001320009083, 55.6767661415069, 79.3292338853618, 19.07943318586738, 22.91881047731994, 21.05735364613094, 22.212189750853916, 20.72617876970913, 8.870088237012743, 72.89125888539203, 49.46870195432505, 30.879577261021332, 59.994115724443425, 39.11086163928669, 44.10139905621105, 69.59833663129248, 11.627586577419276, 66.526232433463, 51.88292705373923, 19.650450101771742, 27.55162600161622, 60.79942113208633, 36.74921231645617, 57.238466311326974, 1.6556746880679631, 38.01620648830936, 45.17046109310375, 88.65191096307876, 47.5759724600812, 29.514378050774447, 21.5024266206676, 23.524355082616886, 25.46024809878377, 60.609430965943396, 45.72174809548448, 74.71118716541311], [43.46919471296427, 35.90730049596945, 4.8465344020378565, 66.35642245343155, 21.617619540436596, 51.608355953012854, 32.25042947685389, 25.025020783381606, 20.106299490771335, 32.429581554788065, 44.285968177025985, 48.361109108472725, 24.223984218070356, 26.471002022197244, 23.033907014357254, 61.689780429387596, 14.259174082807279, 6.723360269419639, 44.754948939546495, 15.918111413898373, 39.97180234069513, 56.18829315727498, 18.69048298811451, 0.0, 47.707687137573814, 44.7570363845266, 67.49848196860657, 60.793970254060376, 54.92724464896131, 63.72317213740338, 26.193971804441745, 16.408972073339704, 31.403459013151117, 4.203376827981424, 33.57189612160882, 25.279148985084717, 58.736777502239235, 31.041506455890186, 48.10992810622463, 43.117009365012265, 20.795320576818334, 36.13532849807276, 50.921432953163034, 20.228806535967372, 52.0799161813968, 55.366506532417525, 31.004240842711255, 36.26470560277548, 44.89057201534621, 18.178483914350096, 45.50535919669786, 19.20476517231833, 22.88759759290808, 28.141066208236413, 72.89941342286718, 38.46412581346155, 47.949790076317285, 9.880616050321347, 40.84835109394507, 22.77660245559137, 43.02859780226049, 52.882877787522844, 61.46672616487734], [83.86590588040362, 83.49171733283315, 46.99075090395454, 97.45170717521583, 27.72420249471135, 35.64579737629038, 55.06361255685203, 70.01980016321363, 53.55536831430626, 59.42382319847469, 56.55164382907452, 53.682654495471084, 45.92382917424196, 33.73644853187921, 66.25027805843833, 76.92718660018421, 34.249984916539916, 54.402048520930066, 35.82996942390873, 62.229137955406514, 59.141762195119185, 94.67874531351927, 65.1771425832179, 47.707687137573814, 0.0, 65.61229216552242, 58.89930009484662, 43.93007356454811, 89.8185680594658, 59.223102398093616, 72.6372744166148, 58.3428589631102, 78.37100813095425, 43.60407882694203, 71.42562016627541, 72.79190300503791, 22.941417295824415, 29.401416192650647, 89.30010442802931, 6.51501514870894, 34.58234114637209, 65.61614534883864, 23.285601493141534, 67.72152673347469, 18.69569718410715, 95.25666768141762, 68.14925879542287, 82.23253667721072, 10.810486584183087, 34.1207260306795, 62.56602535050834, 66.10242025919635, 46.3121172763982, 39.46934129261709, 64.80925825387158, 35.98464023199046, 91.96977311962586, 52.23613862258961, 88.3380109762943, 64.62480952867361, 4.7215252015925575, 96.40383017386583, 67.52778881394042], [32.64312719432948, 60.20950291453453, 40.0240910554337, 32.73056299847675, 43.84853287027061, 40.07610243963023, 13.05396821663464, 37.35156735706674, 24.80485623471487, 12.536005590261983, 11.310173502916564, 18.432678276138645, 68.14721669744142, 65.87050119836259, 62.893123745142034, 17.026025754762685, 50.70272779301038, 44.555136024507945, 34.172384159058666, 53.984835824734645, 6.520975117603263, 36.81908016767146, 55.111845401373515, 44.7570363845266, 65.61229216552242, 0.0, 37.7546680950054, 42.64849489048693, 28.865541852182226, 32.1093198649517, 42.31173819166173, 32.23891124133101, 46.86870614788403, 45.83648194721374, 75.28951709985974, 54.54411300407767, 86.27987414157099, 36.3343087602907, 84.90292228769842, 65.4087812313103, 35.20519230443728, 11.931124921720011, 50.468361870627646, 45.695395723009256, 80.08292532819225, 39.24474771052236, 73.46937775419269, 44.73569121390971, 70.3024311355952, 37.919392337542256, 4.828593411155143, 54.24980228801945, 24.007372732439904, 26.84800638296826, 40.48203681764328, 77.78914144250354, 80.93160863609758, 35.76950607723075, 64.52174555936537, 30.66537565011183, 61.84003693366548, 46.71552753491627, 21.66386551921195], [70.3482015430695, 93.88257325410046, 62.968546166697536, 64.80212508466748, 53.343370562097476, 23.36380728167394, 41.09817003214161, 71.32463818700613, 52.87133298132902, 45.08294448255086, 28.415667042357473, 21.313082805651664, 84.9846078399195, 77.38244323344983, 89.9775795165059, 33.777706628128534, 65.21741431383113, 70.68353415982784, 25.954033681166695, 81.59331368991296, 36.00559297763809, 73.85003457911608, 83.64676951377751, 67.49848196860657, 58.89930009484662, 37.7546680950054, 0.0, 15.6716195702522, 65.24986561038247, 5.712360952011935, 76.23787520904817, 62.28843291228229, 81.67710377425507, 66.21203731249453, 101.06936544591878, 86.03177641520489, 81.77799058611696, 40.37051370630828, 114.51329873710527, 62.4251235813742, 48.18153427050201, 48.25780198376956, 35.852652381197984, 77.24200699411521, 77.40308742418273, 76.6006806709081, 98.47208026525968, 80.88852174643041, 68.15787225008056, 51.55926104227841, 33.08127634890727, 83.34285329631808, 45.631175470593796, 39.412751192514804, 6.095781728483256, 86.62195963069446, 112.44172472101224, 62.14542199978856, 98.66878713823426, 63.80656374491497, 57.494633249509484, 84.47017068879735, 19.674865111309394], [73.44047543955757, 91.38979444608711, 56.779680202662654, 73.61313185433862, 43.18730835808574, 9.979488265251923, 41.027419591405554, 70.05031537872797, 50.219734205264196, 45.89441916220206, 31.47913414020942, 24.230946949163513, 74.90216473617096, 65.93017676497354, 83.81883340242025, 44.47818087930303, 55.56040186952724, 65.1909704828906, 16.042504820371725, 76.09293898381932, 38.612183940820145, 79.37973666224333, 78.50001320009083, 60.793970254060376, 43.93007356454811, 42.64849489048693, 15.6716195702522, 0.0, 71.5023233879692, 18.03884248218042, 74.65714470413603, 59.42195494401361, 80.51624111853472, 58.66049223905153, 93.88005961620925, 82.39484487659517, 66.63183252356417, 30.547304662200762, 108.85887690241253, 47.99579228639102, 40.143548908748016, 50.62819870416717, 20.654789781941364, 74.0785023644697, 62.590537615252785, 81.59976346039166, 91.02179124277748, 81.00109063287192, 53.681190336996686, 43.18599928096224, 37.869828512192356, 78.498569750016, 41.64157526955255, 33.431779287961014, 21.18344020663708, 74.02166911020522, 107.95538118518517, 57.53674175300991, 96.39015058194377, 62.515709342965074, 43.009001239961364, 87.8288787765487, 31.04515444575665], [15.228528062394316, 50.962688609581576, 51.5111272339741, 12.831462073685973, 64.07680338031716, 68.61675312426895, 35.176016108000006, 33.92106787751331, 37.97175766531895, 30.4756732527493, 40.136202423573664, 47.272650561194034, 78.72398565460648, 80.80734033231239, 63.81809372857156, 34.28184430053981, 66.2422217719876, 51.098583311145184, 62.22944774990078, 56.0769668606131, 33.71501659910388, 9.029065137356664, 55.6767661415069, 54.92724464896131, 89.8185680594658, 28.865541852182226, 65.24986561038247, 71.5023233879692, 0.0, 59.54155914257027, 37.018291023955726, 38.5242461158448, 37.942425719957946, 57.921710906484094, 75.90578005683237, 50.634799784990214, 108.06712748975302, 60.82565472445784, 79.36579560872, 88.20151926558431, 55.82895176039975, 24.267364606821285, 78.02580047611548, 44.05818505357242, 101.47376887840132, 12.48279184567436, 75.24984413140099, 32.3551614012908, 92.27053572331123, 57.317609190030716, 33.63271597259194, 54.21611719751507, 43.64840475950568, 50.602877769659244, 66.81972445751428, 93.03737215905625, 72.88673130245063, 45.223682839228985, 53.552655570901194, 32.48278470094739, 85.52521538505363, 23.24995422357605, 46.54204614297932], [64.73203750854891, 88.9390770609592, 59.08798366077689, 59.259558193243784, 50.95221276172851, 23.676425157738617, 36.077636102437786, 66.24975356930224, 48.21256799715169, 39.85496706841565, 23.100560965833395, 16.31487453795772, 82.23220380501483, 75.27285887117733, 85.89465772496611, 28.426311086781073, 62.46425754567466, 66.53924534205257, 24.565966918081017, 77.37790505274461, 30.619046791960503, 68.13771424335312, 79.3292338853618, 63.72317213740338, 59.223102398093616, 32.1093198649517, 5.712360952011935, 18.03884248218042, 59.54155914257027, 0.0, 71.19362801208106, 57.58192458896397, 76.53950067338248, 62.71051235764745, 97.2334305785624, 81.34884972486694, 82.1637857099273, 38.15655520074612, 110.20723630753086, 62.2180666276128, 45.10717178390766, 42.7864649697673, 36.757205173944484, 72.49971796034669, 77.43552023645258, 70.89265777552909, 94.72599346098983, 75.56142381005078, 67.94176116477269, 48.53353833503098, 27.474970233884317, 78.95162832740698, 41.40456733795941, 35.90369809713425, 9.334125652254137, 85.0300113457154, 107.8590328834885, 57.84730476526033, 93.67178457864624, 58.77729349677415, 57.3836983172191, 78.81811372900525, 14.317922554200143], [22.27528808197776, 17.947093839266362, 25.72979737350866, 49.80646706373411, 45.096256792117, 67.32898926604551, 35.14226742680761, 4.99751808959151, 24.470125471081634, 31.524774770004065, 48.22789151915911, 54.94237611056057, 45.92843862307533, 51.77595194602233, 26.992798069208682, 57.91708605262189, 40.403124288787666, 19.840244560811968, 59.83572968575382, 20.09758412166279, 41.08089944166889, 34.80467174003204, 19.07943318586738, 26.193971804441745, 72.6372744166148, 42.31173819166173, 76.23787520904817, 74.65714470413603, 37.018291023955726, 71.19362801208106, 0.0, 15.725505416360537, 6.054697254247516, 30.33947290864684, 38.89971397950624, 13.785647870322014, 84.9305105645207, 49.899979192511886, 43.86311869661149, 68.64821391186172, 40.26207499787668, 30.407908246693143, 70.85251168040327, 7.721837625237468, 78.27013519617977, 32.842268169666326, 38.36642082049109, 10.09844859311536, 70.86906120145305, 39.368202325001846, 45.61034448585754, 17.511185740376195, 33.32819376982091, 42.25054393765201, 80.39757681911613, 63.09815295049474, 38.89926929406335, 20.54540215186666, 22.504847219140395, 12.431929571998479, 67.91596758881113, 27.62976666187774, 63.61819744084992], [27.49708266099678, 32.00207492628588, 13.40147296689215, 50.10202322592359, 30.62141038797004, 51.768990944302736, 21.946955721642922, 11.967669526789983, 9.431588160222246, 19.862381669019282