instance_id,num_cities,city_coordinates,distance_matrix,best_route,total_distance
1477,29,"[[84.14857939333118, 82.61574800647867], [12.224187768121553, 16.475486233041757], [93.08927822821843, 96.29219716749469], [38.85096652025564, 20.521955654830414], [27.105980079728663, 35.17011701358202], [77.75088360372231, 58.63167639468521], [41.26161888134416, 70.7212370997158], [56.58680724397986, 10.235297746982052], [14.970874999472572, 98.56974422452049], [64.51434259251478, 49.454593882297125], [48.766060286980064, 38.484692181781156], [61.89019403804923, 97.87580713157135], [31.11863520693031, 33.42444990483272], [41.14594218658462, 67.1918401481923], [7.875500480261888, 40.88085148867789], [76.31174007838897, 4.4768925571861296], [33.110614119852755, 99.25683356575325], [18.455603003649912, 36.70692793576143], [89.19662070081272, 43.73624491922187], [53.066384188918825, 30.705033197579425], [56.05099694613499, 70.25934644143055], [51.89315709977721, 36.605297963227024], [86.92748507253975, 72.29664007670759], [29.6135703328575, 94.44272907828075], [82.92119970361016, 51.27724020807213], [53.05073366622142, 82.25603121043342], [28.752362178556968, 63.6916961652791], [38.11140906114963, 95.66838927432153], [10.646765931704072, 80.02127765727897]]","[[0.0, 97.71208900701737, 16.33956417136058, 76.86034595686276, 74.19532355051982, 24.82269531086453, 44.50585098240269, 77.45050589750993, 70.9935544998937, 38.53784370716991, 56.56388199649905, 26.987128841830398, 72.33228041018607, 45.68504941833785, 86.94471895538472, 78.53086515105801, 53.68239588401291, 80.14478714938801, 39.205847540310245, 60.50475329010164, 30.694540215056342, 56.19051326085261, 10.686735013099279, 55.802730170653035, 31.362533888917955, 31.09992612596492, 58.53939374297325, 47.85177631249744, 73.54758907361072], [97.71208900701737, 0.0, 113.62160973826094, 26.932494527922398, 23.89470574053031, 77.91593056670749, 61.528642864477476, 44.799352217430055, 82.14019409472039, 61.82137035766991, 42.65810114947139, 95.3557781216644, 25.3824252892744, 58.38335750099247, 24.78977479503603, 65.2010782987486, 85.37560700788788, 21.169359206365215, 81.65723725257781, 43.250029078498535, 69.3793400202215, 44.48411455934064, 93.25547621770265, 79.88292422583949, 78.79866481321343, 77.42019728399238, 50.02550379263441, 83.3166497068848, 63.56536688624291], [16.33956417136058, 113.62160973826094, 0.0, 93.18220836521105, 89.94278357319067, 40.664249341848006, 57.79256242946481, 93.4784484564619, 78.15159719164988, 54.86609178797189, 72.84404767268092, 31.23924894781545, 88.27635154645817, 59.53940659584168, 101.645487592984, 93.33560921241545, 60.05188770719896, 95.50177897266893, 52.69991365598621, 76.83429003314572, 45.2718852849787, 72.52341920131461, 24.774068196212582, 63.50264581125897, 46.149064681109905, 42.42757364518016, 72.12510958311708, 54.981408079812944, 84.03279511874422], [76.86034595686276, 26.932494527922398, 93.18220836521105, 0.0, 18.775338550348067, 54.45690373102662, 50.25712986620739, 20.503057749770246, 81.61933638335968, 38.6743639408287, 20.517528797094155, 80.71198388654781, 15.042051236795265, 46.72627774531995, 37.067022216092006, 40.75234478384191, 78.94385755287576, 26.03697718071353, 55.43995058546756, 17.48637091383403, 52.62745565681617, 20.70682580507263, 70.65387167801273, 74.49570613024645, 53.74079438179259, 63.346108575859255, 44.335181350589394, 75.15007272760224, 65.84562437694939], [74.19532355051982, 23.89470574053031, 89.94278357319067, 18.775338550348067, 0.0, 55.8153296285855, 38.26570591613993, 38.61171301750878, 64.5505500038135, 40.04287533757882, 21.912222231672583, 71.70735745982785, 4.37592902415325, 34.964428902408606, 20.060504327422986, 57.993800052906145, 64.36740532594237, 8.78583014682612, 62.67875397638656, 26.341593630537727, 45.48700938989876, 24.828690843084072, 70.40590297952095, 59.32563147451408, 58.092840860682706, 53.76070641664859, 28.569057585469345, 61.4911409359077, 47.77585521429463], [24.82269531086453, 77.91593056670749, 40.664249341848006, 54.45690373102662, 55.8153296285855, 0.0, 38.43987406353474, 52.82165838340243, 74.40684607164987, 16.1066713314874, 35.29902202013209, 42.328043550257114, 53.009158245069614, 37.59252771015723, 72.09480530172827, 54.173902818356744, 60.35857068193777, 63.218865035908415, 18.785067914062363, 37.27226732596085, 24.618850331973576, 33.96738681086067, 16.460293039569287, 59.99693678217775, 8.989988887408224, 34.17905129454871, 49.259099686567446, 54.24947965593667, 70.43065845718627], [44.50585098240269, 61.528642864477476, 57.79256242946481, 50.25712986620739, 38.26570591613993, 38.43987406353474, 0.0, 62.3971975150555, 38.29807518586889, 31.5112563019156, 33.09851158370479, 34.10144845326628, 38.65139651914042, 3.531292106174995, 44.778136576978305, 74.94547471193246, 29.676912647618607, 40.952259865784114, 55.00867388343198, 41.72108649956605, 14.79658901651077, 35.734114065618144, 45.693032614744396, 26.426997874844275, 45.97379350683562, 16.493474545639483, 14.349074848405644, 25.145262447112888, 31.996249397396664], [77.45050589750993, 44.799352217430055, 93.4784484564619, 20.503057749770246, 38.61171301750878, 52.82165838340243, 62.3971975150555, 0.0, 97.646609009594, 40.012485627011614, 29.311983366846402, 87.80082457857553, 34.443643313515814, 59.01243967183148, 57.549468900800505, 20.548289604047802, 92.06500683285738, 46.41913335758491, 46.75161382376699, 20.770253920066747, 60.02644012723727, 26.78445935763747, 69.08087248192402, 88.42198256586944, 48.7641391516067, 72.10748827244522, 60.268921211149575, 87.40797140955102, 83.54980782631382], [70.9935544998937, 82.14019409472039, 78.15159719164988, 81.61933638335968, 64.5505500038135, 74.40684607164987, 38.29807518586889, 97.646609009594, 0.0, 69.76283519383388, 68.93713097885389, 46.924450425473424, 67.1167604381819, 40.86204848601063, 58.12359834572716, 112.32170967146472, 18.152747095640564, 61.96088579450629, 92.28311855905282, 77.82600351536368, 49.89043036284051, 72.13076677786812, 76.60306609248259, 15.21317786143398, 82.78784671401664, 41.427199620364895, 37.50210161164331, 23.32171042626763, 19.045827134205386], [38.53784370716991, 61.82137035766991, 54.86609178797189, 38.6743639408287, 40.04287533757882, 16.1066713314874, 31.5112563019156, 40.012485627011614, 69.76283519383388, 0.0, 19.19237189337996, 48.49226792146964, 37.04374154593215, 29.337553453362283, 57.28409460268055, 46.49916347560031, 58.876627276646, 47.79027599417411, 25.336029039272656, 21.968199231625128, 22.460319422859165, 18.011072396110144, 32.001687927006, 56.93853012444704, 18.49687617780753, 34.746922459502024, 38.49174358929968, 53.22433450591545, 61.935756815494365], [56.56388199649905, 42.65810114947139, 72.84404767268092, 20.517528797094155, 21.912222231672583, 35.29902202013209, 33.09851158370479, 29.311983366846402, 68.93713097885389, 19.19237189337996, 0.0, 60.823905018464124, 18.358585562547713, 29.701288595436353, 40.960706301659684, 43.76408242471717, 62.75624401671371, 30.362547100647006, 40.77019771267602, 8.889087668150006, 32.59906372042232, 3.6484047343107076, 50.98570546842663, 59.1449048080456, 36.472220025306925, 43.98054736276024, 32.186039858907456, 58.16783308595482, 56.37702133943857], [26.987128841830398, 95.3557781216644, 31.23924894781545, 80.71198388654781, 71.70735745982785, 42.328043550257114, 34.10144845326628, 87.80082457857553, 46.924450425473424, 48.49226792146964, 60.823905018464124, 0.0, 71.42034920991135, 37.0382209982349, 78.52395869336355, 94.50575767574664, 28.812696060587022, 75.02130017799685, 60.63607122525123, 67.74785967943976, 28.227028248264315, 62.08072197786799, 35.79329168386734, 32.45868855524712, 51.12464805383692, 17.94751959162253, 47.609550963055334, 23.88102402691584, 54.26484264087145], [72.33228041018607, 25.3824252892744, 88.27635154645817, 15.042051236795265, 4.37592902415325, 53.009158245069614, 38.65139651914042, 34.443643313515814, 67.1167604381819, 37.04374154593215, 18.358585562547713, 71.42034920991135, 0.0, 35.22475733218839, 24.409859411754677, 53.669151328467535, 65.86251375758569, 13.08155367702346, 58.986316340710715, 22.11558076569698, 44.479571319386885, 21.016625662721548, 68.01231426793636, 61.03683816814244, 54.792589006581125, 53.53074140747101, 30.359602175181948, 62.63550809571877, 50.8955969432828], [45.68504941833785, 58.38335750099247, 59.53940659584168, 46.72627774531995, 34.964428902408606, 37.59252771015723, 3.531292106174995, 59.01243967183148, 40.86204848601063, 29.337553453362283, 29.701288595436353, 37.0382209982349, 35.22475733218839, 0.0, 42.41686475418609, 71.9013073087679, 33.05647137866104, 38.002386304497236, 53.46992288401959, 38.38468469301663, 15.217432511572094, 32.41973459519694, 46.06526512817134, 29.59064967270328, 44.70398899279427, 19.200362302137382, 12.878347460621885, 28.637776474828026, 33.087674729811845], [86.94471895538472, 24.78977479503603, 101.645487592984, 37.067022216092006, 20.060504327422986, 72.09480530172827, 44.778136576978305, 57.549468900800505, 58.12359834572716, 57.28409460268055, 40.960706301659684, 78.52395869336355, 24.409859411754677, 42.41686475418609, 0.0, 77.51623775840771, 63.59690435757144, 11.373662876619495, 81.37123487798667, 46.32238387931702, 56.426717301489944, 44.22481715307092, 85.06566898923157, 57.8050033460766, 75.76240406907638, 61.25934369884637, 30.922127825066724, 62.57702824779338, 39.23841068216282], [78.53086515105801, 65.2010782987486, 93.33560921241545, 40.75234478384191, 57.993800052906145, 54.173902818356744, 74.94547471193246, 20.548289604047802, 112.32170967146472, 46.49916347560031, 43.76408242471717, 94.50575767574664, 53.669151328467535, 71.9013073087679, 77.51623775840771, 0.0, 104.16129080264307, 66.22769645484591, 41.319691389706584, 35.04656804710519, 68.83188905808063, 40.354697726761195, 68.64555481160069, 101.36355754669817, 47.26475956546505, 81.18293434551356, 75.94924221191445, 98.86938031229877, 100.09417040885012], [53.68239588401291, 85.37560700788788, 60.05188770719896, 78.94385755287576, 64.36740532594237, 60.35857068193777, 29.676912647618607, 92.06500683285738, 18.152747095640564, 58.876627276646, 62.75624401671371, 28.812696060587022, 65.86251375758569, 33.05647137866104, 63.59690435757144, 104.16129080264307, 0.0, 64.2437549115625, 78.91879305879452, 71.39735354176226, 36.97452398262411, 65.40641279069906, 60.1922555824663, 5.950203128000341, 69.16021844214532, 26.20373347918426, 35.83117857813798, 6.1550696566009195, 29.57416248227886], [80.14478714938801, 21.169359206365215, 95.50177897266893, 26.03697718071353, 8.78583014682612, 63.218865035908415, 40.952259865784114, 46.41913335758491, 61.96088579450629, 47.79027599417411, 30.362547100647006, 75.02130017799685, 13.08155367702346, 38.002386304497236, 11.373662876619495, 66.22769645484591, 64.2437549115625, 0.0, 71.08940063106641, 35.12732433167635, 50.39026129392674, 33.43770854264324, 77.16881652799509, 58.80410673148772, 66.09165724654339, 57.19741143344802, 28.88253738691978, 62.15146526791271, 44.012621237710015], [39.205847540310245, 81.65723725257781, 52.69991365598621, 55.43995058546756, 62.67875397638656, 18.785067914062363, 55.00867388343198, 46.75161382376699, 92.28311855905282, 25.336029039272656, 40.77019771267602, 60.63607122525123, 58.986316340710715, 53.46992288401959, 81.37123487798667, 41.319691389706584, 78.91879305879452, 71.08940063106641, 0.0, 38.40841664713168, 42.45123423934862, 37.978925749986566, 28.65039525122178, 78.23865685786777, 9.810581972472, 52.82328166100668, 63.653188629785504, 72.84673270358856, 86.52562213038364], [60.50475329010164, 43.250029078498535, 76.83429003314572, 17.48637091383403, 26.341593630537727, 37.27226732596085, 41.72108649956605, 20.770253920066747, 77.82600351536368, 21.968199231625128, 8.889087668150006, 67.74785967943976, 22.11558076569698, 38.38468469301663, 46.32238387931702, 35.04656804710519, 71.39735354176226, 35.12732433167635, 38.40841664713168, 0.0, 39.66675698243095, 6.015778096592178, 53.632414786570024, 67.91559728035845, 36.25638855014133, 51.551000388548594, 40.979160558324885, 66.6625000568219, 65.05010361787807], [30.694540215056342, 69.3793400202215, 45.2718852849787, 52.62745565681617, 45.48700938989876, 24.618850331973576, 14.79658901651077, 60.02644012723727, 49.89043036284051, 22.460319422859165, 32.59906372042232, 28.227028248264315, 44.479571319386885, 15.217432511572094, 56.426717301489944, 68.83188905808063, 36.97452398262411, 50.39026129392674, 42.45123423934862, 39.66675698243095, 0.0, 33.90991906745331, 30.943627524521986, 35.829785398362915, 32.898756105396004, 12.366164530509172, 28.077562043800235, 31.103830490259583, 46.441786088336066], [56.19051326085261, 44.48411455934064, 72.52341920131461, 20.70682580507263, 24.828690843084072, 33.96738681086067, 35.734114065618144, 26.78445935763747, 72.13076677786812, 18.011072396110144, 3.6484047343107076, 62.08072197786799, 21.016625662721548, 32.41973459519694, 44.22481715307092, 40.354697726761195, 65.40641279069906, 33.43770854264324, 37.978925749986566, 6.015778096592178, 33.90991906745331, 0.0, 50.01275875578754, 61.98022607649386, 34.322082061864236, 45.66540736175225, 35.62540325590859, 60.64969360370176, 59.88499041649779], [10.686735013099279, 93.25547621770265, 24.774068196212582, 70.65387167801273, 70.40590297952095, 16.460293039569287, 45.693032614744396, 69.08087248192402, 76.60306609248259, 32.001687927006, 50.98570546842663, 35.79329168386734, 68.01231426793636, 46.06526512817134, 85.06566898923157, 68.64555481160069, 60.1922555824663, 77.16881652799509, 28.65039525122178, 53.632414786570024, 30.943627524521986, 50.01275875578754, 0.0, 61.44374728850094, 21.397791785483186, 35.3103916375906, 58.80807753573339, 54.12252708166893, 76.6708428178159], [55.802730170653035, 79.88292422583949, 63.50264581125897, 74.49570613024645, 59.32563147451408, 59.99693678217775, 26.426997874844275, 88.42198256586944, 15.21317786143398, 56.93853012444704, 59.1449048080456, 32.45868855524712, 61.03683816814244, 29.59064967270328, 57.8050033460766, 101.36355754669817, 5.950203128000341, 58.80410673148772, 78.23865685786777, 67.91559728035845, 35.829785398362915, 61.98022607649386, 61.44374728850094, 0.0, 68.59273123687113, 26.416211500458818, 30.763089973238134, 8.585773463597809, 23.826832149489093], [31.362533888917955, 78.79866481321343, 46.149064681109905, 53.74079438179259, 58.092840860682706, 8.989988887408224, 45.97379350683562, 48.7641391516067, 82.78784671401664, 18.49687617780753, 36.472220025306925, 51.12464805383692, 54.792589006581125, 44.70398899279427, 75.76240406907638, 47.26475956546505, 69.16021844214532, 66.09165724654339, 9.810581972472, 36.25638855014133, 32.898756105396004, 34.322082061864236, 21.397791785483186, 68.59273123687113, 0.0, 43.034058991208056, 55.57321005240783, 63.075284009214876, 77.78054683486768], [31.09992612596492, 77.42019728399238, 42.42757364518016, 63.346108575859255, 53.76070641664859, 34.17905129454871, 16.493474545639483, 72.10748827244522, 41.427199620364895, 34.746922459502024, 43.98054736276024, 17.94751959162253, 53.53074140747101, 19.200362302137382, 61.25934369884637, 81.18293434551356, 26.20373347918426, 57.19741143344802, 52.82328166100668, 51.551000388548594, 12.366164530509172, 45.66540736175225, 35.3103916375906, 26.416211500458818, 43.034058991208056, 0.0, 30.578511942560084, 20.076722055396583, 42.46281435648518], [58.53939374297325, 50.02550379263441, 72.12510958311708, 44.335181350589394, 28.569057585469345, 49.259099686567446, 14.349074848405644, 60.268921211149575, 37.50210161164331, 38.49174358929968, 32.186039858907456, 47.609550963055334, 30.359602175181948, 12.878347460621885, 30.922127825066724, 75.94924221191445, 35.83117857813798, 28.88253738691978, 63.653188629785504, 40.979160558324885, 28.077562043800235, 35.62540325590859, 58.80807753573339, 30.763089973238134, 55.57321005240783, 30.578511942560084, 0.0, 33.31817313029706, 24.38171132545701], [47.85177631249744, 83.3166497068848, 54.981408079812944, 75.15007272760224, 61.4911409359077, 54.24947965593667, 25.145262447112888, 87.40797140955102, 23.32171042626763, 53.22433450591545, 58.16783308595482, 23.88102402691584, 62.63550809571877, 28.637776474828026, 62.57702824779338, 98.86938031229877, 6.1550696566009195, 62.15146526791271, 72.84673270358856, 66.6625000568219, 31.103830490259583, 60.64969360370176, 54.12252708166893, 8.585773463597809, 63.075284009214876, 20.076722055396583, 33.31817313029706, 0.0, 31.609155701853048], [73.54758907361072, 63.56536688624291, 84.03279511874422, 65.84562437694939, 47.77585521429463, 70.43065845718627, 31.996249397396664, 83.54980782631382, 19.045827134205386, 61.935756815494365, 56.37702133943857, 54.26484264087145, 50.8955969432828, 33.087674729811845, 39.23841068216282, 100.09417040885012, 29.57416248227886, 44.012621237710015, 86.52562213038364, 65.05010361787807, 46.441786088336066, 59.88499041649779, 76.6708428178159, 23.826832149489093, 77.78054683486768, 42.46281435648518, 24.38171132545701, 31.609155701853048, 0.0]]",Route_2,1445.187586824065
