instance_id,num_cities,city_coordinates,distance_matrix,best_route,total_distance
236,82,"[[6.2921440645774425, 76.08252611852777], [8.97262257878334, 83.62022102976705], [39.35297054657389, 86.92597704393782], [93.37146363268165, 87.20277318593708], [40.23660448611456, 36.48603894156215], [4.940996180812373, 84.23605851553926], [22.79340629315869, 67.15413633104846], [53.03791204421545, 33.92134113112917], [90.72686054406309, 97.75169753273974], [92.18115224468251, 75.44506391146214], [54.29618799196396, 90.13982257621839], [44.460209395011674, 57.57866337932229], [4.454045542488139, 70.1588453692771], [59.549758924398134, 86.47180575139313], [77.86921307259462, 9.888206664799137], [76.03182785489561, 54.44278382457125], [97.34396617782015, 96.26897068260175], [8.286765453836642, 7.734470680015615], [93.04714277078565, 91.62545707073026], [19.648399188279107, 50.49456512830973], [30.100712579153445, 57.068431455591764], [89.23233129608789, 97.3381826566869], [76.18915700091766, 36.718934455668204], [3.6721308459894186, 86.78884497784239], [64.43368650324093, 25.240436491699704], [87.76825597598172, 70.06191241065513], [79.50772182721087, 72.94066958512254], [19.120356664400628, 64.13373854710076], [96.57181316795884, 86.48033327396604], [14.162415453512855, 25.36748161701152], [38.10723483807027, 47.619651828071326], [42.80277414880005, 84.66776000530689], [21.449992213059122, 25.7219059332393], [84.13701580262929, 48.78407026961556], [52.49483844403587, 71.19910299634023], [32.1388889194636, 88.49519090621928], [5.391548807712021, 78.27911384751974], [46.192088474115344, 75.9254936154047], [23.203167620452525, 6.391047504631963], [87.00863085310779, 10.743113848271957], [79.15067850445966, 64.39897246752143], [35.65035275783587, 7.408641124133952], [62.85906011432678, 21.355693139213884], [33.77078052167142, 89.44437519652601], [82.84509409418371, 44.92612290822434], [82.08833554264218, 42.996002936517016], [51.7876977633164, 60.44713087353987], [81.41924004550334, 33.907600199340905], [47.38072207841578, 32.6184659472354], [98.47420835324048, 37.20664912434598], [64.4707250487483, 79.60343090308935], [74.55919232502458, 96.14952019889941], [40.4329511380875, 36.917658462649115], [98.32352954951857, 82.27862068986951], [99.20064044489749, 34.287768505784456], [43.67101843877915, 65.43823575523416], [25.435152988414533, 16.25933877726611], [49.382668326281376, 84.32441480754346], [60.83241768762843, 17.950275574387085], [43.12803762781762, 79.57296839011707], [62.102154524184684, 76.76054940823558], [72.27845010202927, 69.10806097704591], [27.737152637063033, 65.6665794423791], [15.784993353711506, 19.740873492470733], [9.82285480763787, 81.01912517531899], [89.41008413325338, 6.06336887411838], [76.74347828547539, 11.667163568126215], [44.66995423072607, 24.103641070284244], [61.744284771346656, 24.44205008861642], [81.27485523555458, 40.68271807050443], [70.98222893866128, 30.187889439311842], [69.36097598533651, 62.09296758881451], [27.89668415649482, 23.831037928750632], [87.9045128470237, 54.84720859091704], [82.03455797034293, 82.35079385037375], [24.393817176757725, 50.5730160107036], [18.76181125632328, 2.3583159141205123], [57.314346817859544, 54.53692886615797], [11.359809537128207, 84.4407621389094], [69.84512532945803, 57.24793394404505], [38.29464806047918, 63.63807042620475], [57.763412726109856, 77.22298867746348]]","[[0.0, 8.00011310170313, 34.793658555036345, 87.78648979930934, 52.15465645620631, 8.26472571552854, 18.761870891080317, 62.95023704123596, 87.1709489265181, 85.89137374747008, 50.019954189121925, 42.416908743326076, 6.202306006313281, 54.261502668529786, 97.49340867833439, 73.01987360795975, 93.2626766411946, 68.37715405537452, 88.13632907660224, 28.864048547740612, 30.469390058948523, 85.62054422196927, 80.21898008590772, 11.022238102259083, 77.2357238249848, 81.69825335721136, 73.28295906684394, 17.531017167676005, 90.87647136117093, 51.32208988852918, 42.68881836968452, 37.506430782435714, 52.59232288023903, 82.49260419970237, 46.460055847060225, 28.672782681929924, 2.3740407468800115, 39.90025342139135, 71.71391015067063, 103.84791781882508, 73.78937231501192, 74.68605557866972, 78.7073201127132, 30.555105503407066, 82.65032134987982, 82.70296644530467, 48.107286255013705, 86.1557016500716, 59.8113347934403, 100.04432411979181, 58.28502428440496, 71.15528181109178, 51.95653535536337, 92.23972843745173, 101.87634889197741, 38.864909196091766, 62.81137265118313, 43.87165383605478, 79.71198153479824, 37.000895149356275, 55.81412888402771, 66.35386762260356, 23.840728550829837, 57.13576820400241, 6.069260959842995, 108.6796868898569, 95.46061714657172, 64.61161508589191, 75.77386537295811, 82.91895672514867, 79.31661085128009, 64.60174384415045, 56.54179136381942, 84.32981352274211, 76.00134501856134, 31.279476904216512, 74.77132986737985, 55.384816825176486, 9.774525191235034, 66.28516644041372, 34.3369296747088, 51.48390187695551], [8.00011310170313, 0.0, 30.559672208144868, 84.47484271185634, 56.56030132368453, 4.078390273342975, 21.497581440360154, 66.42084310554598, 82.96658395666087, 83.60916578384091, 45.79007300810246, 44.01740045596492, 14.199513129180364, 50.65746002660931, 100.91159558736429, 73.13179783190694, 89.2719734142755, 75.8888496825498, 84.45477339728608, 34.80346656753622, 33.93219292434579, 81.4236041611044, 81.9621448110511, 6.175385844927687, 80.52408865888479, 79.95360889338747, 71.33900086940054, 21.970423451077565, 87.6458694630164, 58.483464322601435, 46.31270467533801, 33.84636602584654, 59.22752437851139, 82.84469451022764, 45.25999831000837, 23.67363992848695, 6.430514387365041, 38.00654511416582, 78.52931717236818, 106.7740199605389, 72.76273723410206, 80.74593611581346, 82.34451762992785, 25.472915206520803, 83.39289704305286, 83.64349692535181, 48.68390668841041, 87.86271707726195, 63.84638696646983, 100.82040226641729, 55.643274352688, 66.77261016875248, 56.31058180657464, 89.36097844117975, 102.83377888650601, 39.173502061729245, 69.34337290126093, 40.416180994640534, 83.6778350869809, 34.39436917724979, 53.57053536686623, 64.94790672376406, 25.969998740016685, 64.24157094409959, 2.7365296429985615, 111.73741780451162, 98.84397483557338, 69.40117273607343, 79.29000092386215, 84.0906772926141, 81.85478202340637, 64.11065331023983, 62.71257068948683, 84.01267491351382, 73.07296249998497, 36.46821907360719, 81.84940707169979, 56.41595683386689, 2.5242720308802653, 66.33972503155735, 35.48334145895318, 49.208391408069964], [34.793658555036345, 30.559672208144868, 0.0, 54.0192022469612, 50.44767749570437, 34.516947162795994, 25.790402351240196, 54.74275342036859, 52.50212183879606, 54.06133690433331, 15.28491251939539, 29.7883988825234, 38.717846931824766, 20.201894276071936, 86.12966389875292, 48.99486110982383, 58.738804077333214, 85.06705460430109, 53.89943639190984, 41.41881102325729, 31.258235811636236, 50.95453517109465, 62.27079377974476, 35.68110321924417, 66.5894002535, 51.26828004884273, 42.52049946940195, 30.476955231810994, 57.22057802312497, 66.51324999669953, 39.3260608176169, 4.123189188904094, 63.76876158224919, 58.825298655234285, 20.494956919772736, 7.382777652630928, 35.0449198838064, 12.953152886006194, 82.13824328809035, 89.8603950800423, 45.73099051941745, 79.60349295271163, 69.65628742700346, 6.12398356701586, 60.4611657024719, 61.28747055007118, 29.253234615515513, 67.67953392859803, 54.897637072787084, 77.24851020290507, 26.16335745305556, 36.39439242857194, 50.01997886250764, 59.15340015756895, 79.70272636720046, 21.917311954015673, 72.02415851292426, 10.361610088306858, 72.2427438757827, 8.265462342243952, 24.91708832636515, 37.43748571850832, 24.225796418034925, 71.19893038652081, 30.115089814788245, 95.10245012961276, 84.03534419968693, 63.04693658445388, 66.374784974947, 62.41701223512882, 64.95860660038547, 38.95072206020128, 64.12657670420813, 58.19192078987329, 42.92610168961899, 39.310482640455184, 87.03841192188703, 37.03594847470829, 28.103262380459064, 42.55064917886044, 23.31194202808572, 20.810871305305152], [87.78648979930934, 84.47484271185634, 54.0192022469612, 0.0, 73.4540699276771, 88.48021795684991, 73.37036198329805, 66.82594096270232, 10.875372654346005, 11.81780726630259, 39.18550019482994, 57.18302783987885, 90.53619560841834, 33.82960275800902, 78.85342078045304, 37.06588555347194, 9.89831872186689, 116.42429715208847, 4.43455936551427, 82.35643733112542, 70.08042872584879, 10.94801085310027, 53.32775669509975, 89.70028784200872, 68.38659308521822, 18.03344238246542, 19.889970738267195, 77.75221697921508, 3.280877409224186, 100.48719618371248, 67.97763220865141, 50.63218983950039, 94.61815412122256, 39.5129315604212, 43.89778976611945, 61.24621253247854, 88.43131294172349, 48.50845776629773, 107.02394485744917, 76.72395419301994, 26.874598729437313, 98.48263883610511, 72.57303024641101, 59.64282192244878, 43.56741459353591, 45.62397960920604, 49.447689323436805, 54.618962937327105, 71.37643102201355, 50.2558496581761, 29.88315066770455, 20.831366586636793, 73.01423743267152, 6.983568904881389, 53.235110806765945, 54.25706720828702, 98.2258275081038, 44.08286582633724, 76.51599791188781, 50.81944291241852, 32.966797380794, 27.790894726994303, 69.07727861482131, 102.81424162342896, 83.77713016879609, 81.23604778431354, 77.34415438183565, 79.70782578754347, 70.27934836369383, 48.06707254094363, 61.253365612226695, 34.74198978453309, 91.12037959184664, 32.81417546054327, 12.331550327087886, 78.10028694771232, 112.98310562854141, 48.65360272499635, 82.05815079876349, 38.08911902322396, 59.906183568384165, 36.98012152766103], [52.15465645620631, 56.56030132368453, 50.44767749570437, 73.4540699276771, 0.0, 59.378820592501775, 35.28168591053659, 13.055694162162762, 79.38984115998684, 64.93105319065322, 55.465307956167145, 21.51133757112412, 49.13501213261741, 53.58707696752822, 46.0831629865619, 40.046756458100354, 82.67556886372832, 42.98191354147509, 76.34990756733072, 24.90206825367348, 22.94278070224231, 78.12531369769812, 35.95330683887319, 62.187884894913715, 26.682622671017423, 58.194477165507145, 53.58321334687355, 34.78923993918433, 75.31988584047359, 28.34582245564883, 11.335411373419822, 48.250010066342895, 21.651867358705637, 45.59043417543814, 36.813871242213324, 52.63577571843299, 54.4135921928148, 39.88656884844089, 34.58101330275612, 53.388394270978594, 47.88984250057483, 29.436860714894813, 27.215856825554265, 53.35159096440318, 43.43637190241889, 42.355011788966934, 26.60003162538168, 41.263274445502034, 8.123825271328364, 58.2420619760308, 49.46111694056492, 68.83146832448317, 0.4741807869624474, 73.96655599997153, 59.004999190386066, 29.155186494616306, 25.063965487829332, 48.7048322988932, 27.708519358413255, 43.18383812165945, 45.827267775829014, 45.72609968232258, 31.74492464074495, 29.635820435542218, 53.92765467743117, 57.82361070220464, 44.14440405537947, 13.152124049014843, 24.650313968419198, 41.252274364999735, 31.384074148040987, 38.78071440768163, 17.675482578295366, 51.08191498364585, 62.05356281725552, 21.199925298831477, 40.322056288092, 24.849223533530168, 55.97789531109578, 36.16242235560042, 27.221388805534694, 44.3473570899881], [8.26472571552854, 4.078390273342975, 34.516947162795994, 88.48021795684991, 59.378820592501775, 0.0, 24.708310592519346, 69.60520168094001, 86.84403849771911, 87.68196174913817, 49.70703560663954, 47.66953879069681, 14.085632782713752, 54.65451064722717, 104.1447449170357, 77.08142165868706, 93.18315212251709, 76.57471588837043, 88.41547533063044, 36.807554648801315, 37.028249881858365, 85.30354525179902, 85.63981258251772, 2.850743404804001, 83.78462639279432, 84.03131191989732, 75.41738781418144, 24.599949834034724, 91.65829690171665, 59.586440734959204, 49.40405474626788, 37.8642390267316, 60.7984621714844, 86.76896331366603, 49.30851978314818, 27.52935847680648, 5.97395910995818, 42.0799014298982, 79.95844323759114, 110.16491989999065, 76.81527799502591, 82.73763741132558, 85.48942905217487, 29.29646783811807, 87.26006823941516, 87.47830676670746, 52.54071304727856, 91.55258325745078, 66.82444310887392, 104.69110338026299, 59.70971326078863, 70.63019045461292, 59.1498930705255, 93.40304653060781, 106.67573394024737, 43.05081607391951, 70.99890766505018, 44.44175997774719, 86.70441752398848, 38.47069721220433, 57.64790767729096, 69.0158605692682, 29.402215940748267, 65.40046762711783, 5.846469342067163, 115.09125173222822, 102.0874181781434, 72.07147657389997, 82.47385669688572, 87.884876412898, 85.33843802571523, 68.11938251191431, 64.61988952735257, 88.01505324384398, 77.11660970409609, 38.87946341428421, 83.03601425198377, 60.208024040669585, 6.422076648299941, 70.29157025156404, 39.20131639420248, 53.28593471300513], [18.761870891080317, 21.497581440360154, 25.790402351240196, 73.37036198329805, 35.28168591053659, 24.708310592519346, 0.0, 44.934939689794675, 74.50614040433824, 69.88131916597506, 38.99701305130913, 23.688394603765484, 18.583875514747948, 41.52350913140341, 79.45269783302248, 54.73488844356166, 80.03411496627473, 61.16485342516255, 74.39377008736845, 16.953830904809234, 12.454644434593446, 72.97401871990564, 61.46061915438448, 27.40702388751837, 59.08190222223038, 65.03988201891651, 57.00874979857511, 4.755428093094871, 76.2676550659583, 42.668706507980716, 24.82155171418585, 26.591386127577458, 41.45400435576461, 64.03512906797191, 29.97560386608554, 23.29761051908513, 20.654049692149666, 24.988698173679392, 60.76447044179952, 85.47396400563744, 56.424578500982726, 61.113216818582046, 60.85025895518753, 24.846679730556783, 64.03350520217542, 64.02736949000192, 29.759920363863717, 67.39673989084702, 42.393969221852004, 81.3906369950063, 43.49694051305757, 59.33320224917034, 35.00568719826049, 77.02953684296133, 83.17609972067811, 20.948007153164685, 50.96331272241224, 31.65133991518285, 62.193137091077176, 23.826972556912114, 40.46555151854156, 49.52360429419567, 5.162698268337521, 47.92843983408876, 18.986129713301036, 90.38729797337496, 77.39130709820988, 48.29004547380098, 57.80565063558682, 64.19358110533109, 60.73438924711872, 46.84179731898857, 43.622635180896594, 66.26399223612759, 61.15923848282298, 16.658177153401137, 64.92112215638153, 36.75444543075058, 20.725698217442876, 48.083231068670145, 15.895006001135258, 36.39070125038199], [62.95023704123596, 66.42084310554598, 54.74275342036859, 66.82594096270232, 13.055694162162762, 69.60520168094001, 44.934939689794675, 0.0, 74.12672417813157, 57.06498757495181, 56.23256097984978, 25.164377176735588, 60.60980776794669, 52.95238881860345, 34.556982840501064, 30.819632939554527, 76.486948844738, 51.84994990525041, 70.21754438673325, 37.276417778770806, 32.58685179315226, 73.01870838393417, 23.319662764601354, 72.33224257752116, 14.325563893957037, 50.12322497634475, 47.15038518345928, 45.42234604865113, 68.24696478322426, 39.805436158406685, 20.26249831052586, 51.76830184863773, 32.634757802440554, 34.46817332004414, 37.28171748477524, 58.438636592951205, 65.09829437108003, 42.55836141435909, 40.59592395786067, 41.12468791819116, 40.134306822023156, 31.705685288261616, 15.948368533231733, 58.770993431574965, 31.77378359153086, 30.43479246389088, 26.555235965939836, 28.38133132765083, 5.805280531890835, 45.55491489281717, 47.09100274075765, 65.844603233793, 12.956193769629287, 66.25114066307675, 46.164182678956124, 32.87937564131201, 32.76978234044993, 50.53543947238951, 17.771585557933484, 46.71484434676352, 43.78764960060064, 40.10366016050421, 40.5941939446599, 39.86057718363267, 63.91981252971427, 45.81486135248007, 32.514647312010425, 12.899998157094924, 12.870815231849008, 29.035171411707367, 18.328588880310114, 32.55891511855521, 27.090506795153026, 40.66413383421559, 56.446588609505454, 33.13249835238762, 46.59480277961553, 21.054461570743204, 65.49256543725112, 28.750866955193082, 33.17299855139626, 43.5587308919985], [87.1709489265181, 82.96658395666087, 52.50212183879606, 10.875372654346005, 79.38984115998684, 86.84403849771911, 74.50614040433824, 74.12672417813157, 0.0, 22.353989976386824, 37.217395703514576, 61.27377645975205, 90.57794488069752, 33.154903468443486, 88.79927998582669, 45.734079113034355, 6.781192069276582, 122.06338684773733, 6.550918394393776, 85.35446228402769, 73.01135497829867, 1.5506812134575882, 62.74028206129081, 87.74229367269292, 77.13114791640803, 27.84739738462987, 27.22969300901893, 79.10536368811042, 12.696736723644664, 105.36407815645067, 72.67769269847346, 49.678038186329395, 99.9378575096481, 49.40905355799143, 46.54812338291849, 59.314697453596544, 87.52883493179897, 49.59565606747519, 113.60553454651954, 87.0879949637821, 35.30456429259648, 105.80779532328833, 81.3201315055948, 57.55872354313322, 53.410332116367606, 55.432934298258004, 53.9248467007202, 64.51899382090296, 78.23826159018368, 61.038711362963014, 31.917772992632344, 16.246860245905342, 78.93198105278869, 17.23732830121347, 64.02714450407892, 57.08250247040442, 104.42227545434525, 43.46992237769969, 85.21704442347016, 50.95207685907351, 35.49650819882623, 34.07054098444024, 70.69058003073374, 108.17565403277258, 82.61620374899736, 91.69778357369076, 87.21285436960818, 86.86354148808657, 78.830794153065, 57.846424446227516, 70.38976233315883, 41.569773203502336, 97.01492143573465, 42.99721872263333, 17.68456836529002, 81.3996353341127, 119.4942072889826, 54.62519843817428, 80.47552290352718, 45.569745779648, 62.55298921944027, 38.83319172192293], [85.89137374747008, 83.60916578384091, 54.06133690433331, 11.81780726630259, 64.93105319065322, 87.68196174913817, 69.88131916597506, 57.06498757495181, 22.353989976386824, 0.0, 40.63503966584985, 50.95583042632508, 87.88622961996911, 34.44411220553644, 67.10091754160217, 26.493328350639143, 21.454364146283012, 107.80998363215934, 16.203550918850812, 76.70415670267998, 64.74319739929086, 22.090816946853323, 41.89817435764366, 89.2329997133139, 57.36223905523246, 6.960745187043856, 12.918507246903463, 73.93122433939655, 11.876660862641609, 92.70753765982184, 60.81317374802629, 50.23228390805403, 86.45975618023928, 27.848100708467577, 39.912801043977595, 61.44411444389297, 86.83586300479006, 45.99157313240898, 97.60337875675862, 64.9083763433184, 17.082429045148626, 88.45725587151193, 61.52597108082743, 60.06456726953463, 31.915008095700124, 33.98244410186958, 43.08792360219039, 42.90896929336138, 61.97738326415574, 38.752792423475796, 28.02070290728312, 27.188379531859397, 64.51540349703959, 9.188378376987009, 41.75160092383494, 49.531502012506394, 89.2075023547814, 43.70987414817595, 65.485829339283, 49.226493364855706, 30.10774993190183, 20.887200836157387, 65.18165266345244, 94.54802971786215, 82.54670990234526, 69.4370104824016, 65.6196795898553, 69.95180938387514, 59.39453106644417, 36.43306194677662, 49.97605617230338, 26.43934418091491, 82.44089104034016, 21.037140688404296, 12.273649879202225, 72.20624323691638, 103.59571595385538, 40.655187021395044, 81.32042808330043, 28.81030436161169, 55.164847759738024, 34.46363025048114], [50.019954189121925, 45.79007300810246, 15.28491251939539, 39.18550019482994, 55.465307956167145, 49.70703560663954, 38.99701305130913, 56.23256097984978, 37.217395703514576, 40.63503966584985, 0.0, 34.01434349219921, 53.698031752552595, 6.407367241646012, 83.64215066487711, 41.79373895558593, 43.48192340787903, 94.3796004623295, 38.77942245729773, 52.651834793250146, 40.97728567274045, 35.67002238314922, 57.73294882140828, 50.73484219728799, 65.68636989675682, 39.03206133095119, 30.519375844484784, 43.745348508323865, 42.43371708882585, 76.1982667224385, 45.49777054615474, 12.729573070225197, 72.30864790443775, 50.99777694440085, 19.026185072089486, 22.218251855584626, 50.32236227850297, 16.362260748485244, 89.3343900287812, 85.87165582876555, 35.781797927915015, 84.80634148479683, 69.31507225265317, 20.537185758507952, 53.47259744299808, 54.72607418497478, 29.798464117761746, 62.43174501919363, 57.93556884367403, 68.94648892240542, 14.647073216498269, 21.135416014776983, 54.99807350260898, 44.72365481178288, 71.66492722374343, 26.889823716576267, 79.3176224293401, 7.613254430334917, 72.48484665751937, 15.374849265814255, 15.489934280223881, 27.671225967772312, 36.11539821836234, 80.24415333568832, 45.39894806713977, 91.11441032758005, 81.62008976545837, 66.73411154957168, 66.11861655742476, 56.336965416407565, 62.23068575330801, 31.836675579741737, 71.3707834073804, 48.73487561776181, 28.811215481986675, 49.59520099932011, 94.70102872650527, 35.73059365905066, 43.31295285113894, 36.38194318774921, 30.95790928340696, 13.374088579230257], [42.416908743326076, 44.01740045596492, 29.7883988825234, 57.18302783987885, 21.51133757112412, 47.66953879069681, 23.688394603765484, 25.164377176735588, 61.27377645975205, 50.95583042632508, 34.01434349219921, 0.0, 41.93750260918435, 32.596137518616565, 58.22835381812333, 31.726973268157643, 65.52580873736272, 61.58702454584853, 59.328528175972785, 25.803301605897598, 14.368558919412774, 59.8778946915467, 37.97175801759327, 50.168735889393616, 38.00921869794636, 45.07125919072755, 38.266426046238, 26.173978430194406, 59.58964482598967, 44.22122282621936, 11.812798008900982, 27.13975400786298, 39.29787640241122, 40.63980603635883, 15.813653572664832, 33.281325282845025, 44.21389928146937, 18.428390728879847, 55.42593115086297, 63.27666922690577, 35.354564954078235, 50.937655099677336, 40.627838741525764, 33.61082384077006, 40.416409461275784, 40.35504755259437, 7.868938400637276, 43.88951103275877, 25.130476521201928, 57.7280785083351, 29.757538896965634, 48.92504235274127, 21.04984401925005, 59.25660426661119, 59.489331611117414, 7.8990949036960005, 45.48889267551243, 27.194959484989706, 42.87724716437806, 22.034612193664337, 26.0611392607263, 30.1128133026452, 18.57619480874983, 47.47595558318721, 41.82345731788617, 68.36897547090722, 56.12553131300799, 33.47567940291435, 37.373445144816586, 40.50667989656975, 38.127050996719994, 25.306661559393344, 37.593251946048206, 43.530085546568884, 45.0054454364724, 21.254157045393182, 60.90726098809698, 13.209125547667155, 42.6287323353813, 25.387070310657492, 8.644683934632361, 23.7249812494706], [6.202306006313281, 14.199513129180364, 38.717846931824766, 90.53619560841834, 49.13501213261741, 14.085632782713752, 18.583875514747948, 60.60980776794669, 90.57794488069752, 87.88622961996911, 53.698031752552595, 41.93750260918435, 0.0, 57.45998877036144, 94.98598166739826, 73.28283230907067, 96.48977147613002, 62.54192431692646, 91.15674574294293, 24.850599592538227, 28.79427836430671, 89.02850167615874, 79.14640773821263, 16.64837161927503, 74.93477687878999, 83.31426682240513, 75.10521200169677, 15.855680185453094, 93.55252043490395, 45.83141622421307, 40.50373310266865, 41.00162910953862, 47.576294408780775, 82.50004096992711, 48.052054259314055, 33.206507200514196, 8.174207761676138, 42.13452811836063, 66.46699649601035, 101.71277553967614, 74.91837632850748, 70.07708410515907, 76.11105960849191, 35.09134666206721, 82.35196886432533, 82.24903034598626, 48.31968575031333, 85.07522519075565, 57.02613125200598, 99.62749747095341, 60.7552632688119, 74.7679529176782, 48.98426435926569, 94.64866074893918, 101.30968068722683, 39.50006478825849, 57.83911894660692, 47.10885800737193, 76.83915411926287, 39.80330860704467, 58.02488229530123, 67.83254382444507, 23.712518405589325, 51.675548051966565, 12.114858248905714, 106.42254742382856, 92.98945599491356, 61.142466049732256, 73.29527189139608, 82.28170442104238, 77.61234762555551, 65.40617710799276, 51.92131592547917, 84.84354256027848, 78.53266528225211, 27.94994104627024, 69.29375119100966, 55.12037487312162, 15.86388108138647, 66.65346914854507, 34.463123547334796, 53.775373082822945], [54.261502668529786, 50.65746002660931, 20.201894276071936, 33.82960275800902, 53.58707696752822, 54.65451064722717, 41.52350913140341, 52.95238881860345, 33.154903468443486, 34.44411220553644, 6.407367241646012, 32.596137518616565, 57.45998877036144, 0.0, 78.74420644938924, 36.02106108679347, 39.04339307237424, 93.9545764383258, 33.89151584797483, 53.7259746458119, 41.6149582556965, 31.609069104427956, 52.46158375914562, 55.87852748185189, 61.42583601394702, 32.64304175938004, 24.11248492337954, 46.190105147360015, 37.02205522565964, 76.11668263438497, 44.37647691823046, 16.843873667541146, 71.70873413590694, 44.99887339190351, 16.82341678816867, 27.48544854849909, 54.774372873406, 17.019167415830154, 87.94317790933111, 80.55323969248617, 29.519587015431533, 82.5964019554811, 65.20015027657277, 25.949795694656018, 47.631044535867765, 48.970734795124805, 27.157564249511413, 56.93215181094753, 55.211119041556806, 62.786689838101786, 8.449288766151506, 17.85892628170329, 53.11370683216605, 38.999847300337436, 65.5390429332299, 26.354230517944448, 78.06149407204762, 10.391391586117894, 68.53353420991246, 17.811987179422303, 10.041076787891209, 21.529496317475132, 38.01183184960023, 79.80208033379861, 50.02496095452914, 85.77386398329782, 76.75518534688116, 64.11861315883044, 62.06856314815661, 50.68155838544369, 57.43327089808133, 26.279035948338137, 70.18392220211608, 42.47478329050123, 22.85932910705963, 50.24602815158351, 93.48120585218494, 32.01301967889294, 48.23273121132006, 30.984338831525033, 31.19549978343417, 9.419747873863278], [97.49340867833439, 100.91159558736429, 86.12966389875292, 78.85342078045304, 46.0831629865619, 104.1447449170357, 79.45269783302248, 34.556982840501064, 88.79927998582669, 67.10091754160217, 83.64215066487711, 58.22835381812333, 94.98598166739826, 78.74420644938924, 0.0, 44.592447009827865, 88.54887012722857, 69.61577116795698, 83.13451541835747, 70.98267054020455, 67.14017612950991, 88.1851390923824, 26.88327625479626, 106.85932427212474, 20.401086609633914, 60.98250497964118, 63.07374882831772, 79.96252783938485, 78.84250826072042, 65.56038450104477, 54.8149328854082, 82.59320030488017, 58.59892929841336, 39.39763389630287, 66.35423797141691, 90.9413026005308, 99.65103111643423, 73.24181517838153, 54.77779337986522, 9.179314988555175, 54.52582637661078, 42.29161159789924, 18.88936044103881, 90.96073716113371, 35.38947536517447, 33.37554746197936, 56.889808032487714, 24.280320370117987, 38.0291042512035, 34.217877329416716, 70.99106966316424, 86.32479626374854, 46.17428908084371, 75.22467085510755, 32.40938771053688, 65.23283106044458, 52.81971205247067, 79.70089280713023, 18.848059637324738, 77.8647242851287, 68.70597033202152, 59.48317220321036, 74.99633559865752, 62.861159563912395, 98.43736303494249, 12.15816963871497, 2.1052236163470712, 36.11466963694998, 21.721594580632818, 30.982258330506575, 21.43613004268488, 52.89354555582937, 51.88117375238781, 46.06537849356423, 72.58220608209838, 67.19279483493067, 59.585100521752175, 49.15293400158489, 99.9078790004262, 48.03467239478276, 66.74724001985263, 70.27244179808847], [73.01987360795975, 73.13179783190694, 48.99486110982383, 37.06588555347194, 40.046756458100354, 77.08142165868706, 54.73488844356166, 30.819632939554527, 45.734079113034355, 26.493328350639143, 41.79373895558593, 31.726973268157643, 73.28283230907067, 36.02106108679347, 44.592447009827865, 0.0, 46.94291370354371, 82.28645086849501, 40.890978606748206, 56.5214955488347, 46.00610150790653, 44.88060307156308, 17.724547636308042, 79.26028906931809, 31.421234421369125, 19.5371677279498, 18.821626298414905, 57.73066911530349, 38.05647870446331, 68.3607883903726, 38.53349044316513, 44.91902932309001, 61.67710765657913, 9.885095384725764, 28.892284484151062, 55.553186375255166, 74.55346841580798, 36.768422134626064, 71.41314098628627, 45.05720097941097, 10.43326035658539, 61.99091958165773, 35.61288221933228, 54.87355939129804, 11.704163013396034, 12.9502925863031, 24.976589586688466, 21.23011956239148, 36.01647835402619, 28.29743419175668, 27.68965979393839, 41.732727138320904, 39.6788362033161, 35.661656978238604, 30.708606600286505, 34.177799069362706, 63.3876879466744, 40.038601046790525, 39.53131958109398, 41.4027243983527, 26.30814436154156, 15.137972074046353, 49.58174303578138, 69.52628026947949, 71.34374556724623, 50.19507477828399, 42.781539648064744, 43.6352002434203, 33.22917260570786, 14.725105964663964, 24.77495410399227, 10.150151540360929, 57.04446551293108, 11.87957104923984, 28.546274580743297, 51.78280843802052, 77.41218637085198, 18.717717800540218, 71.29059304172708, 6.792948942178178, 38.841318650662366, 29.20056034492117], [93.2626766411946, 89.2719734142755, 58.738804077333214, 9.89831872186689, 82.67556886372832, 93.18315212251709, 80.03411496627473, 76.486948844738, 6.781192069276582, 21.454364146283012, 43.48192340787903, 65.52580873736272, 96.48977147613002, 39.04339307237424, 88.54887012722857, 46.94291370354371, 0.0, 125.57683978942858, 6.326524326585276, 90.17703329382188, 77.83532250991803, 8.181798989223736, 63.195986944902245, 94.15033466648778, 78.28243211326, 27.901686851134976, 29.365647355869598, 84.56716992846853, 9.819044891860932, 109.29863463291076, 76.65341848102715, 55.761364017798435, 103.61845216424805, 49.287313838795974, 51.38037100185204, 65.66683906112688, 93.69568831676999, 55.048811538473245, 116.51136891097454, 86.14807800247503, 36.69730920101463, 108.17698510336646, 82.46943614758514, 63.938447259999364, 53.350776088830635, 55.41428839705843, 57.953238038615254, 64.36254680277817, 80.9179369114386, 59.07313497035605, 36.85634543023237, 22.785086963650002, 82.22798729801778, 14.02460114649668, 62.009004689782984, 61.897653712878565, 107.57517656009745, 49.426293677114884, 86.4112907935364, 56.7285060713715, 40.281059932038275, 36.95937110096827, 76.03693076997114, 111.8410287312569, 88.8397586864566, 90.55383526901419, 87.0737955325112, 89.3442014495459, 80.16510361907537, 57.86231766815718, 71.1452773453638, 44.170656861531846, 100.35028192188076, 42.48371045429545, 20.690423533517603, 86.08045372007155, 122.45148488748923, 57.8267562662194, 86.79390364860957, 47.737066899374334, 67.46552913648468, 43.92459040314146], [68.37715405537452, 75.8888496825498, 85.06705460430109, 116.42429715208847, 42.98191354147509, 76.57471588837043, 61.16485342516255, 51.84994990525041, 122.06338684773733, 107.80998363215934, 94.3796004623295, 61.58702454584853, 62.54192431692646, 93.9545764383258, 69.61577116795698, 82.28645086849501, 125.57683978942858, 0.0, 119.25610743487579, 44.24378372543033, 53.94152366213067, 120.7518522819443, 73.82976309169099, 79.18894460835322, 58.81271616179524, 101.00503615319437, 96.5622752548346, 57.430341409927486, 118.30114338226048, 18.58618674238781, 49.8004826232561, 84.32132507639905, 22.2894227315026, 86.24575412413648, 77.3441224176282, 84.20936839375209, 70.60402934010553, 78.01813329121912, 14.976776670044224, 78.77933755531878, 90.73345543774089, 27.365527128909353, 56.24653807830601, 85.59172576876152, 83.31964573320042, 81.7927099725224, 68.3443900877892, 77.67490938994492, 46.34167309262249, 94.8808945941578, 91.22381684246949, 110.49550011119742, 43.41699786031715, 116.89075750252061, 94.71224995381654, 67.6887720612394, 19.150471824777206, 86.91888617762683, 53.52950810828035, 79.84161821973345, 87.52540000129879, 88.66596466548741, 61.11012017032637, 14.155462907774933, 73.30075139450379, 81.14052880532563, 68.56958221446044, 39.89594170890593, 56.00758503342791, 80.08026133879044, 66.59487334290301, 81.76127064955551, 25.370226422283103, 92.51267898740493, 104.91106988550344, 45.766560732201235, 11.774108230819419, 67.78033510297429, 76.76782365883909, 79.00009313269767, 63.4482898360244, 85.30294695253251], [88.13632907660224, 84.45477339728608, 53.89943639190984, 4.43455936551427, 76.34990756733072, 88.41547533063044, 74.39377008736845, 70.21754438673325, 6.550918394393776, 16.203550918850812, 38.77942245729773, 59.328528175972785, 91.15674574294293, 33.89151584797483, 83.13451541835747, 40.890978606748206, 6.326524326585276, 119.25610743487579, 0.0, 84.13754115416982, 71.80836367189664, 6.869353696522642, 57.43620730772004, 89.50578513757945, 72.28900910133576, 22.200295135412286, 23.074600817124324, 78.87308977973207, 6.236633730846991, 103.01902501550906, 70.3910816702661, 50.72382208268786, 97.31099640080585, 43.758139650028454, 45.40622564122325, 60.98863790475871, 88.66582222283267, 49.41543246438789, 110.19566887533166, 81.10744152872462, 30.567845572660868, 101.91596338147195, 76.47980163065431, 59.31647527989334, 47.80072811601459, 49.84896453543603, 51.71488979764714, 58.877492504477594, 74.61398649248483, 54.68875294922826, 31.00227028783236, 19.0334300343521, 75.90254534404396, 10.733294357715602, 57.666940820508394, 55.89071670927596, 101.24936023973629, 44.27066236960553, 80.41032819670934, 51.35347643218526, 34.33012929478661, 30.632853638032593, 70.27985585493653, 105.53119486088495, 83.89741583176782, 85.63935504251324, 81.60354266512049, 83.06351790671137, 74.11800788376185, 52.285269537961526, 65.27966864870092, 37.857660149401454, 94.02481334440839, 37.136049921547325, 14.39779156113798, 79.99113720973452, 116.1332552221269, 51.501375039845364, 82.00268442002329, 41.474663466669, 61.49088947309433, 38.110007894050696], [28.864048547740612, 34.80346656753622, 41.41881102325729, 82.35643733112542, 24.90206825367348, 36.807554648801315, 16.953830904809234, 37.276417778770806, 85.35446228402769, 76.70415670267998, 52.651834793250146, 25.803301605897598, 24.850599592538227, 53.7259746458119, 70.98267054020455, 56.5214955488347, 90.17703329382188, 44.24378372543033, 84.13754115416982, 0.0, 12.347735570136882, 83.88234683608361, 58.19471878492472, 39.65496059689178, 51.414910026937974, 70.87450859402853, 63.929383792414896, 13.64939121187754, 84.92459671568727, 25.7189879917907, 18.681374147259316, 41.278715192137746, 24.838083279956276, 64.51129719277284, 38.827393166562544, 40.00074865846324, 31.228815704474457, 36.76002672222582, 44.24654388071946, 78.21495182385914, 61.105268081201416, 45.96149872812963, 52.117512205234604, 41.431019283573875, 63.44154629096313, 62.88858471043131, 33.6450305068746, 63.95908212101988, 32.99449431063317, 79.93795658033363, 53.44499005740596, 71.41127449782714, 24.825994327767493, 84.85282744433648, 81.18632486887869, 28.29133308030039, 34.720847380940654, 45.0398211640622, 52.49051497484385, 37.37441581493605, 49.92217215140226, 55.82458675973207, 17.193543866857112, 30.995410206590986, 32.06696256958904, 82.70927328262724, 69.04647108311069, 36.36700550469713, 49.505526185630636, 62.40266362610284, 55.20437622489145, 51.04765647352651, 27.910175342310573, 68.39475533188227, 70.04892658687452, 4.746066416130818, 48.144413243611375, 37.88224274542581, 34.94345446414267, 50.64898128939872, 22.81302979702207, 46.5527967195525], [30.469390058948523, 33.93219292434579, 31.258235811636236, 70.08042872584879, 22.94278070224231, 37.028249881858365, 12.454644434593446, 32.58685179315226, 73.01135497829867, 64.74319739929086, 40.97728567274045, 14.368558919412774, 28.79427836430671, 41.6149582556965, 67.14017612950991, 46.00610150790653, 77.83532250991803, 53.94152366213067, 71.80836367189664, 12.347735570136882, 0.0, 71.54160463592507, 50.381015644466196, 39.771508801654846, 46.81638988531271, 59.11324816616548, 51.8939351569927, 13.057058639371062, 72.68746234434639, 35.48210162791071, 12.384822773539225, 30.381989805050846, 32.51829677544403, 54.66765685777227, 26.479666754789697, 31.492782861503457, 32.56433358469288, 24.789537540906444, 51.14463188419972, 73.37946724863924, 49.59471734773054, 49.968923161072794, 48.461417759794045, 32.583295287905386, 54.12398209908929, 53.85857578713282, 21.948597589252632, 56.30288949774279, 29.939932225280877, 71.19989692227712, 41.09895323799406, 59.19364762097637, 22.645282198547022, 72.73174270289441, 72.75822039799868, 15.94386481183606, 41.074925338007716, 33.38686037823964, 49.74603319281343, 26.0031802009094, 37.57488251507969, 43.862446598000865, 8.917093943799719, 39.97857426712274, 31.38195732356406, 78.22479123067248, 65.0908804558999, 36.04081307974588, 45.45103323562468, 53.73345773124902, 48.92710822173835, 39.58047809308192, 33.310389816782205, 57.84646191792883, 57.76090499098036, 8.646333149698613, 55.87277893366334, 27.331125001331117, 33.17327137723205, 39.744818102614765, 10.502415668612898, 34.22617647693244], [85.62054422196927, 81.4236041611044, 50.95453517109465, 10.94801085310027, 78.12531369769812, 85.30354525179902, 72.97401871990564, 73.01870838393417, 1.5506812134575882, 22.090816946853323, 35.67002238314922, 59.8778946915467, 89.02850167615874, 31.609069104427956, 88.1851390923824, 44.88060307156308, 8.181798989223736, 120.7518522819443, 6.869353696522642, 83.88234683608361, 71.54160463592507, 0.0, 62.0065935860929, 86.20809954130365, 76.2434114244157, 27.315534684085943, 26.26417090637598, 77.57721376397187, 13.105757794396093, 103.99650990660037, 71.31414863543982, 48.12736630086745, 98.60698039842876, 48.820734014087016, 45.0876354064451, 57.77421280737417, 85.97979362696634, 48.07250517866742, 112.38875320987412, 86.62361563450366, 34.44751501773339, 104.68214205072833, 80.42939851882275, 56.020494557985366, 52.79981823974205, 54.80975435143358, 52.564724693185546, 63.90996155348656, 77.07268598576536, 60.83760035118548, 30.457487810225224, 14.721206665986665, 77.66607526898309, 17.590915050547927, 63.8335484826479, 55.618700466633264, 103.16907911212816, 41.920803814318354, 84.31485565353137, 49.408589664017356, 34.05121850657456, 32.929832334671715, 69.17186890976662, 106.84499913589119, 81.06896195986407, 91.2749868644947, 86.57652661774561, 85.7269125250993, 77.90660334739312, 57.21156432689231, 69.58612013351508, 40.4610423378675, 95.73589679992787, 42.511715783905984, 16.626177073530954, 79.94381604995577, 118.26778632032703, 53.391994336170775, 78.93334593891252, 44.53191885641141, 61.07655145600728, 37.348545685015566], [80.21898008590772, 81.9621448110511, 62.27079377974476, 53.32775669509975, 35.95330683887319, 85.63981258251772, 61.46061915438448, 23.319662764601354, 62.74028206129081, 41.89817435764366, 57.73294882140828, 37.97175801759327, 79.14640773821263, 52.46158375914562, 26.88327625479626, 17.724547636308042, 63.195986944902245, 73.82976309169099, 57.43620730772004, 58.19471878492472, 50.381015644466196, 62.0065935860929, 0.0, 88.12329443486028, 16.430063972199772, 35.296313008316794, 36.37343767496628, 63.31207985227522, 53.77405958989441, 63.05689612196908, 39.61134225004473, 58.42722337693154, 55.83288276630042, 14.447697454644468, 41.836619778229476, 67.97945903051304, 82.09476132471266, 49.3657614278114, 61.05158308792327, 28.139016874543742, 27.838015625284452, 50.02487325960444, 20.340124551081516, 67.6704571024371, 10.566903088667262, 8.614052250852016, 34.0361354764229, 5.937791588971612, 29.098793182410077, 22.290387600347124, 44.456739454963405, 59.45293354098026, 35.756758087612475, 50.651904780364674, 23.13955354297986, 43.384647084904245, 54.7226093915931, 54.63396008524537, 24.250608209655603, 54.12490959491078, 42.44731518941037, 32.62436428908349, 56.440790897644554, 62.744860665942284, 79.79343935817761, 33.384975892805926, 25.057902878900506, 33.95004816591231, 18.957220879933644, 6.447938203723205, 8.352643225421893, 26.276712378521584, 49.98260507734517, 21.584343532376028, 46.00473132528364, 53.616161772676165, 66.92198551916204, 25.956490214563274, 80.49979583831073, 21.486892698625823, 46.482617065277275, 44.49816243939455], [11.022238102259083, 6.175385844927687, 35.68110321924417, 89.70028784200872, 62.187884894913715, 2.850743404804001, 27.40702388751837, 72.33224257752116, 87.74229367269292, 89.2329997133139, 50.73484219728799, 50.168735889393616, 16.64837161927503, 55.87852748185189, 106.85932427212474, 79.26028906931809, 94.15033466648778, 79.18894460835322, 89.50578513757945, 39.65496059689178, 39.771508801654846, 86.20809954130365, 88.12329443486028, 0.0, 86.48799473375686, 85.74350433115357, 77.08961552101975, 27.420822896566346, 92.90019459072337, 62.31075307079878, 52.153639172635835, 39.18808807217461, 63.602070713649084, 88.9885420248493, 51.251310541820814, 28.51785285818334, 8.681700411640378,