instance_id,num_cities,city_coordinates,distance_matrix,best_route,total_distance
1826,86,"[[95.14259036288166, 6.357399012924381], [18.432687110743206, 86.65807677813008], [48.844128899845565, 40.741578196376494], [35.97423945056828, 85.19304749895068], [82.89142038057949, 41.98920746205097], [14.900402787409817, 88.26461107994025], [73.15061836299616, 92.59987408283479], [70.72709698245026, 87.41702997296476], [83.77175594735687, 13.67891060857217], [60.86597986160957, 90.2912185617368], [99.77190352995157, 85.2327660042262], [32.38659217851978, 87.46167379380061], [95.13918197319119, 73.76118698438565], [2.3376828961502505, 32.97045644517509], [86.91166633549268, 33.590457360307255], [98.94096358894633, 67.94527792830064], [45.31717976406422, 77.40315290588728], [87.02797640462471, 77.85101512192689], [6.328858495086875, 57.08568171128597], [67.14355879310307, 82.31949483729063], [85.1581552243304, 67.09301672977708], [62.82536869802497, 12.37660054047225], [75.2580983359612, 32.706448064873605], [57.186264331572765, 0.842279864186235], [69.04951619417581, 66.11866139389949], [25.083097107930964, 1.4868523112725462], [13.840147812972036, 95.96904112534673], [52.78905747022331, 74.34095535134394], [52.639158839376584, 42.32944937271592], [32.35108934058998, 96.28709551987717], [47.09104335660845, 8.077209918615413], [1.2320595530335376, 78.50520275739747], [29.74386568712809, 72.04873998076592], [64.22079348606573, 97.94179812118185], [34.94025796218183, 14.98650801727165], [45.261334296285014, 15.826159069649881], [86.8141177602188, 58.071392928711255], [17.116236394876783, 75.66135323918203], [9.072636627471752, 1.5783696908133527], [65.48018174851042, 47.13429268730813], [11.918388425271843, 80.13832183190837], [3.6073198697710307, 90.68741138944205], [48.61023850344879, 32.1702864975365], [99.83581605617555, 34.4161581489008], [48.78781258120408, 19.7575537719749], [78.54702237900749, 52.90725489231279], [0.9834036768880616, 55.08248524773298], [3.783082919126246, 1.564324176698595], [60.34687158712482, 55.11473675648958], [91.86447326661194, 19.4555657174869], [49.429851846421336, 84.25894046171567], [14.855948765844074, 10.366484464311865], [52.535284706806486, 45.132513845900746], [12.395055544891932, 23.690422848698066], [42.990815685822746, 41.85586562829727], [15.738735652249202, 29.170069751324068], [57.62294560960585, 53.156031594892994], [5.371568321855658, 39.018069582530835], [31.33384954639856, 17.21981479558663], [70.0035987087307, 2.8239470741737716], [15.013910727165115, 3.0481680808231215], [86.15082848401043, 87.30782119711067], [97.35802143541085, 36.78414378421972], [71.63234908615918, 17.124629388499034], [83.11287037630348, 49.69845874782235], [85.68647446871783, 88.32454798431421], [94.37419016691938, 95.81149418429875], [60.41656044355979, 22.65212939253637], [20.19774562157368, 14.259302884476988], [46.168162719027784, 32.24120629472752], [54.03701165395859, 99.10998606748518], [49.75039179918741, 58.70600464332004], [41.89123457246016, 96.92314265713797], [84.73425152617466, 42.56629901464394], [85.92442071367357, 3.4958785630956224], [27.260255866304806, 7.864874807901467], [98.1389566852766, 64.51193210843496], [3.426298880328904, 50.133006785778754], [71.85098766611739, 24.12000281608526], [48.03913352636921, 77.07349972811778], [24.661939247438568, 81.5835857565591], [34.192638620070205, 28.947680975274494], [38.67552222897048, 87.45797193697827], [78.87869194303228, 59.99223898342338], [80.17710239680225, 35.15352594120586], [57.06578075619838, 93.51911457402511]]","[[0.0, 111.05227645799903, 57.669916871484915, 98.56953495829711, 37.679131349999444, 114.66298467896394, 89.00231086116735, 84.6568372217379, 13.524067707257613, 90.66295876215668, 79.01110085558454, 102.5486162551573, 67.40378805763685, 96.54535553718188, 28.44973773686867, 61.70489825337639, 86.7759798997407, 71.95265182071445, 102.28019179591638, 80.95792592992771, 61.55082618847295, 32.87299200201767, 33.01008041660441, 38.35491135460745, 65.20933216144246, 70.2285897645215, 120.99724611191043, 80.0973512727391, 55.68240384861868, 109.68191698937932, 48.08231399638975, 118.42505386166577, 92.69490529348545, 96.66364198659005, 60.81761544728023, 50.772011224622815, 52.38034576647378, 104.36067259717909, 86.20252929744694, 50.42433482494264, 111.22001780332951, 124.45985992146446, 53.212450891340374, 28.44855588002551, 48.252767493224816, 49.41965154773171, 106.01927403051452, 91.48515271207269, 59.900083714145545, 13.50214881851648, 90.32333376692883, 80.38667542004517, 57.609825772872455, 84.5434103508128, 63.0868348707515, 82.61591910234895, 59.98196190484362, 95.52777502039254, 64.72671381447189, 25.386102181920954, 80.19698441665541, 81.44828195538763, 30.507293098776824, 25.858551677354303, 44.9795689385689, 82.51079710136044, 89.45739534432276, 38.35903273157299, 75.36026697201926, 55.3937364910926, 101.45299900106133, 69.28800907727496, 105.06122412835039, 37.67516365822755, 9.652095677435518, 67.89907083294727, 58.2316746341269, 101.62766335597492, 29.29178809926055, 84.96765588334522, 103.08492301808745, 65.0016727214733, 98.82222782476396, 56.04650257127751, 32.45277732540876, 95.11576151920268], [111.05227645799903, 0.0, 55.07431918508063, 17.602623931666418, 78.42344152566153, 3.8804619575199437, 55.03959443651885, 52.299916957697384, 97.95484986073781, 42.58854368137652, 81.35170335335962, 13.977025248747147, 77.7831351928858, 56.048280416827126, 86.63453599078463, 82.65440957556332, 28.432895756631634, 69.15835487001884, 31.953547802187583, 48.9037044947794, 69.53473714391247, 86.53581854096898, 78.35754974300951, 94.16045214093894, 54.625369296576814, 85.4304713220905, 10.381978341179112, 36.49755696645952, 55.99205225538559, 16.924536110650724, 83.64361313996243, 19.034992597239906, 18.476349272669832, 47.157958530724095, 73.54803643917168, 75.7425697746465, 74.11625025037131, 11.075241355354711, 85.5930318607362, 61.445880745161794, 9.216468516862431, 15.36317191336501, 62.28646640901485, 96.7248027352328, 73.46505033568357, 68.94092603608865, 36.07624527094659, 86.34557101996992, 52.45742235414333, 99.54097001183536, 31.089870966530345, 76.37538945868438, 53.73415617312288, 63.25644976049224, 51.091484642984696, 57.55109318140551, 51.558349398204506, 49.398007142132556, 70.62656879211607, 98.42621716934575, 83.67977571870587, 67.72125839690077, 93.36282767001876, 87.55058160963358, 74.49523120450537, 67.27443080601061, 76.49115593742042, 76.5467629671783, 72.42028647313514, 61.07742954991768, 37.71893385461653, 41.97757691413624, 25.60615212237088, 79.62400586681292, 107.10315269255896, 79.28615671638653, 82.72569814283379, 39.48762370247265, 82.24673567447208, 31.119218926395895, 8.034552962706027, 59.82362288677099, 20.258632873145316, 66.06653014559433, 80.40579317394136, 39.237606505178285], [57.669916871484915, 55.07431918508063, 0.0, 46.2770696738062, 34.070142881394325, 58.400472573844254, 57.27205498556611, 51.5505779856338, 44.185145786090125, 50.98717251312735, 67.62472936232886, 49.5340069807222, 56.86410558143915, 47.15124444981939, 38.73339561188069, 57.006439329007215, 36.83083532025074, 53.2458122221798, 45.54863266110001, 45.426779399568396, 44.867658961382936, 31.623520103147, 27.609076362715147, 40.762056265139506, 32.43846524310122, 45.885947044068146, 65.3861709652812, 33.83017302094583, 4.1138287658319435, 57.94242701715629, 32.71137820250183, 60.77006242773973, 36.67367494251185, 59.230962960627416, 29.26843465205862, 25.17170092448575, 41.73778303544542, 47.181032755197286, 55.81691946015744, 17.82203840603362, 53.99642320264735, 67.38660953463203, 8.574482264494458, 51.382517433715094, 20.984099994320175, 32.09775024054626, 49.96309271775604, 59.710594515536926, 18.409257897153495, 47.998378688103735, 43.5213038626247, 45.5833599908239, 5.7362833846946835, 40.24023915343265, 5.958432013742437, 35.06945779124505, 15.204810949416775, 43.506712185006606, 29.32376572881611, 43.421998025339164, 50.64856195145583, 59.66745194045537, 48.67503524476279, 32.818641810011215, 35.419942851353895, 60.17887869390718, 71.45405604932662, 21.474387764513914, 39.01187230345266, 8.911628216393675, 58.59895108878713, 17.98727133309464, 56.61016626708038, 35.93647879519581, 52.55654271516743, 39.32863080278506, 54.726682445584224, 46.37863963756969, 28.38295823930061, 36.34083845675447, 47.46417467870892, 18.808566640769556, 47.81027092324307, 35.67440143762894, 31.827371179026205, 53.41407965453577], [98.56953495829711, 17.602623931666418, 46.2770696738062, 0.0, 63.77925728913301, 21.296504279753126, 37.907047221910396, 34.82394585161205, 86.01670976290929, 25.408464905934316, 63.797676443155005, 4.244747131964588, 60.259255376495844, 62.117766807962795, 72.50826688505138, 65.28624590126809, 12.164414966309971, 51.57896370032315, 40.851837455825695, 31.3014979382177, 52.40866993814628, 77.60939433806017, 65.55962697484424, 86.97701995427515, 38.18122754641075, 84.4117532949367, 24.617880722305003, 20.012646227180042, 45.989211588837165, 11.67069484692573, 77.91300106402011, 35.38002729393786, 14.54614647818357, 30.990296179741765, 70.21415315811252, 69.98582242880627, 57.62184805407983, 21.130013599384554, 87.8357021911378, 48.15671758646155, 24.581176133788063, 32.8299484877898, 54.50762934009775, 81.58794922426384, 66.67826854131141, 53.430461821987265, 46.16280480240683, 89.61045655135115, 38.713434029855314, 86.2851942512753, 13.487996919648465, 77.7495770858034, 43.348755190274105, 65.86767608263986, 43.9015224628398, 59.56550721418271, 38.66570659379182, 55.39541556657916, 68.13144342084938, 89.12163596068055, 84.77686355847234, 50.22113454339096, 78.17538391095228, 76.8427636595866, 59.00776521920149, 49.81076797028497, 59.35743975005843, 67.14755016467582, 72.66700683644316, 53.92414634021113, 22.802300734617393, 29.855415133077255, 13.137958886091148, 64.76556541834269, 95.75723481988562, 77.81760598761402, 65.51458312976636, 47.839051936395094, 70.83119262978128, 14.542651926768169, 11.874188391444566, 56.27357600954381, 3.5251682738369987, 49.75814298699635, 66.76710874653442, 22.675460471305524], [37.679131349999444, 78.42344152566153, 34.070142881394325, 63.77925728913301, 0.0, 82.24470471315018, 51.539526576656456, 47.0282662004178, 28.323980981532678, 53.086762062955536, 46.42150435678245, 67.9594207304011, 34.050937531837626, 81.05703234522431, 9.311357624403435, 30.517297246744388, 51.633042616204605, 36.09958925492089, 78.03671839094531, 43.29581070204981, 25.20593832021029, 35.77083894485676, 12.018204003208647, 48.516231286526256, 27.81777954033678, 70.58500557735208, 87.64645278345894, 44.19035917798315, 30.254174801423975, 74.17941567019756, 49.312174687844106, 89.45204929554781, 61.059299579483294, 58.98546185376868, 55.03144332634423, 45.83152277520936, 16.553677661362396, 73.89308648032919, 84.1560968923902, 18.155526229718983, 80.57621356289697, 93.04559989360993, 35.65965002352513, 18.55973115943662, 40.70998023493861, 11.750640564901541, 82.94791813846341, 88.83861910537291, 26.08708875209391, 24.254498312022367, 53.911101793870856, 75.02547572412458, 30.51844275298569, 72.8325680816779, 39.90082749833483, 68.36529351848863, 27.625962036916548, 77.57676922575178, 57.19882798962826, 41.231220800451666, 78.25446226790969, 45.43567422249012, 15.374499470549468, 27.29494328971209, 7.712431230667398, 46.419566011216745, 55.0335583982894, 29.64864107265552, 68.55249421187649, 37.99501519982398, 63.99500176930951, 37.11844667321536, 68.5474468694373, 1.9310777538073833, 38.61263343445639, 65.26328634312978, 27.198538358887767, 79.8813307505248, 21.00475253846061, 49.45290145966113, 70.41581687066785, 50.414806932715756, 63.422820752705974, 18.444813186178617, 7.3548666861799665, 57.63935278069218], [114.66298467896394, 3.8804619575199437, 58.400472573844254, 21.296504279753126, 82.24470471315018, 0.0, 58.411318422943914, 55.833127966105074, 101.51989953150459, 46.01023161916783, 84.92563642890406, 17.504614468969027, 81.53901517506877, 56.70331090720868, 90.41507154644908, 86.46207931552465, 32.297857441543016, 72.87544069632447, 32.33569247953083, 52.58033621586894, 73.37839044852021, 89.7540667667601, 82.03511985448877, 97.1120902963638, 58.50273130577284, 87.37314622089707, 7.777042042793789, 40.36605433432847, 59.44958191121874, 19.206423867195394, 86.40750340834167, 16.794929519912763, 21.983695466421253, 50.26080866539295, 75.96891590571053, 78.54371707357471, 77.99495383368155, 12.796563084540066, 86.88191586624284, 65.19215543938617, 8.65615310624042, 11.550051217392369, 65.4440698181157, 100.56679526664055, 76.43018672965148, 72.80820573270778, 35.98244487228043, 87.41015129925214, 56.25207279757825, 103.2383304224732, 34.76101623112562, 77.8981392998864, 57.243009607231244, 64.62277114554504, 54.24797647100504, 59.10048745003544, 55.29763122098681, 50.15994951879438, 72.92065037741932, 101.66842807130321, 85.21651859513018, 71.25684955726496, 97.20852527471507, 90.9912673057298, 78.35999515230965, 70.78609705658154, 79.83131168303791, 79.8543571820562, 74.19465939141557, 64.15835639158075, 40.61152930134113, 45.69718753485848, 28.345637574805295, 83.4571875591665, 110.59000467900609, 81.34422881031732, 86.56123042870557, 39.820526195883005, 85.77820170270702, 34.97737051692339, 11.828934585672998, 62.3753842510392, 23.788799279649115, 69.94675480137977, 84.15363852210282, 42.49151569690295], [89.00231086116735, 55.03959443651885, 57.27205498556611, 37.907047221910396, 51.539526576656456, 58.411318422943914, 0.0, 5.721479611881664, 79.6324496627588, 12.499689333133281, 27.621859194888753, 41.08657850173103, 28.95501789384471, 92.57504673095295, 60.592719886420866, 35.67899968352337, 31.711837518037314, 20.25117050603016, 75.6730166680826, 11.90676119305578, 28.191855446308157, 80.88500725410559, 59.93049267280754, 93.13601181301887, 26.796896545602646, 103.01489861156647, 59.40608725901435, 27.349246337573618, 54.29397362806312, 40.96580489110337, 88.44875469406543, 73.28668952186445, 48.02598557807219, 10.405667915329397, 86.5093418885338, 81.68240620035286, 37.13364009343237, 58.538580875521404, 111.31442855750991, 46.108076185090425, 62.48740887289943, 69.56959018760587, 65.22242941948817, 64.01128475358693, 76.80852774159412, 40.05777320955095, 81.33671582105487, 114.45228840118996, 39.611506559023915, 75.5003192814354, 25.14450114450021, 100.79979598983779, 51.75077071521635, 91.86811679105257, 59.03023031938984, 85.55386814122609, 42.390156066591004, 86.40028586751447, 86.20206199627603, 89.83106813886143, 106.7679016493479, 14.036070922299553, 60.8390837560699, 75.49051399524873, 44.04290979174612, 13.244851888641515, 21.465192843121912, 71.09742061674763, 94.55819280873683, 66.11521526648626, 20.191867657065668, 41.18695168157571, 31.55692833799865, 51.356978020161755, 90.0149545579837, 96.36361072625229, 37.59454131208414, 81.63893400422877, 68.49220253911285, 29.52380346945425, 49.72434625874078, 74.62791617787794, 34.856440023729846, 33.106928183005365, 57.87447099271462, 16.111083263322175], [84.6568372217379, 52.299916957697384, 51.5505779856338, 34.82394585161205, 47.0282662004178, 55.833127966105074, 5.721479611881664, 0.0, 74.88306467358376, 10.271445415070117, 29.126822629097468, 38.34053079563395, 27.971984937145297, 87.41591003921664, 56.2071188050867, 34.28077298688049, 27.311931952166468, 18.900457932720766, 71.18373274594818, 6.2311002570928, 24.926310523015733, 75.45530703200255, 54.89788471323343, 87.62728744675665, 21.36433433156536, 97.30041190824993, 57.526184303856496, 22.198130305330025, 48.580484051227764, 39.38776491925686, 82.78568763536488, 70.06411985914158, 43.76996212804157, 12.373468784491704, 80.78909801351138, 75.98524768587113, 33.46578328737309, 54.88460903030503, 105.68608271999778, 40.62301124605832, 59.257436616561726, 67.19940382373179, 59.50931098256771, 60.46825564065756, 71.1276101090925, 35.384683258790204, 76.8746091924267, 108.8677551502315, 33.929150096943154, 71.17267242366859, 21.53012261333338, 95.1754788074269, 46.03175358350146, 86.39275151217063, 53.33967563275436, 80.10261079916275, 36.6815320435864, 81.32530045060143, 80.4951983798855, 84.5961767698387, 101.10422335239693, 15.424118126782584, 57.20922391556891, 70.29822943217181, 39.70010072821003, 14.986879719193475, 25.0928684185434, 65.58048117323148, 88.91157619626692, 60.39464190412119, 20.378522284520916, 35.55763118973235, 30.362363862059215, 46.98710935892371, 85.28609677168832, 90.6526980735959, 35.72189189490279, 76.93825972950731, 63.307004171478326, 24.934560427457576, 46.43304672942995, 68.9451334036434, 32.05160090264322, 28.61062147562363, 53.11098244251334, 14.962185586075014], [13.524067707257613, 97.95484986073781, 44.185145786090125, 86.01670976290929, 28.323980981532678, 101.51989953150459, 79.6324496627588, 74.88306467358376, 0.0, 79.96324348099523, 73.3209311496177, 89.91290896638652, 61.148166848667266, 83.68794414056906, 20.157597359111406, 56.34663683444958, 74.428042334886, 64.2546649616917, 88.77809495233717, 70.62596366677433, 53.432095557656474, 20.98683278421135, 20.845372329968814, 29.522321272566643, 54.4671626374771, 59.94167967195511, 107.99118203227961, 68.1161601772958, 42.30947853807142, 97.30466159760606, 37.1059796634579, 104.953559418592, 79.53646903723056, 86.5012967829126, 48.84900210300504, 38.570237900445264, 44.49661169060203, 91.02077499817226, 75.67285852714161, 38.129309942695166, 97.87624719213711, 111.16045161906541, 39.72736199680546, 26.231421286857586, 35.508114511392584, 39.57474998157187, 92.56439523142684, 80.90087154804034, 47.598874943118986, 9.942928032361575, 78.49144533863853, 68.9953668476415, 44.32884266674484, 72.07540313919463, 49.568396007924505, 69.77440692732971, 47.35190981838311, 82.39333951977758, 52.557321375592196, 17.532609249072223, 69.5748084152241, 73.66733645646255, 26.80370142373868, 12.618961005250554, 36.02557394895331, 74.6701903455912, 82.81408633924462, 25.01966851030347, 63.576659585863084, 41.9355343929453, 90.45785577969595, 56.434851073750316, 93.1857298087462, 28.903418598195152, 10.408078940676019, 56.80979364248939, 52.82435547973297, 88.22864387151523, 15.84680166155921, 72.77152076682802, 90.02785867303284, 51.87701054864229, 86.4697645774755, 46.57109039422649, 21.773392887492307, 84.18828469660075], [90.66295876215668, 42.58854368137652, 50.98717251312735, 25.408464905934316, 53.086762062955536, 46.01023161916783, 12.499689333133281, 10.271445415070117, 79.96324348099523, 0.0, 39.233389335659496, 28.61960597907458, 38.051206642228166, 81.92210516887643, 62.39674754919006, 44.14799484268807, 20.195727786413492, 28.969099481008975, 63.85064826979812, 10.146742155984299, 33.58967627247277, 77.93925138216193, 59.356034801494104, 89.5245940538138, 25.520242689653145, 95.74252014288169, 47.36735741975166, 17.878690438544112, 48.662222389372715, 29.138454350272106, 83.36001495254214, 60.787454461506556, 36.07456188876924, 8.35381003196955, 79.64259216143174, 76.08252130666706, 41.36934884945388, 46.131041748057434, 102.72545915285322, 43.40289287575207, 49.989479087356, 57.260030674264364, 59.39903989333092, 68.12246699268441, 71.56032415751032, 41.354322677790854, 69.46637914916552, 105.50317014459753, 35.18031190304497, 77.32138324713975, 12.929555408279423, 92.22193926597612, 45.92068263184176, 82.37169716429842, 51.62852804504677, 75.97541050784699, 37.27652588724055, 75.55504958894159, 78.81355701470623, 87.94327523849859, 98.55841973735743, 25.46024802889762, 64.76631956094808, 73.95447570988982, 46.28926751292275, 24.89828800744321, 33.95988222614917, 67.64058220811206, 86.2250397376329, 59.8817981773819, 11.153719877312296, 33.48405644848918, 20.10033273344649, 53.36068157388891, 90.3402263856811, 89.01374517384397, 45.31938229211659, 70.08565419737474, 67.07682304434714, 18.418362524189707, 37.23647977269535, 66.8916791283439, 22.370598927669683, 35.248914309738474, 58.42161073682733, 4.986063167160519], [79.01110085558454, 81.35170335335962, 67.62472936232886, 63.797676443155005, 46.42150435678245, 84.92563642890406, 27.621859194888753, 29.126822629097468, 73.3209311496177, 39.233389335659496, 0.0, 67.42216412919292, 12.371711047018456, 110.565710556946, 53.21948649481249, 17.30744652341374, 55.0147233173882, 14.727454792460525, 97.59027113181742, 32.758144470630924, 23.29403664631623, 81.68884429448528, 57.96499565560981, 94.52666722616839, 36.18306342287712, 112.21317153085778, 86.5998512936312, 48.22882295028941, 63.7353136028258, 68.32103912410155, 93.4251190177629, 98.76923082739599, 71.25829514030767, 37.754482153809114, 95.59120790216376, 88.25349423308481, 30.09392628756835, 83.20799992706911, 123.38725638901617, 51.25832470746273, 88.00109929809429, 96.31915856575118, 73.70985483422106, 50.81664804700255, 82.98422107080664, 38.670844941869824, 103.28701337977633, 127.33523408744172, 49.61278897079289, 66.25079268153249, 50.35146972923904, 113.20635797124501, 61.9623141998779, 106.87456930849828, 71.45381321515275, 101.01781632319754, 52.96651342251985, 105.10576317571903, 96.48589930743509, 87.62057640403475, 118.0602620689478, 13.778227007154339, 48.50871902847209, 73.69228451854178, 39.24551411061986, 14.420763767964749, 11.876228334674158, 73.92684971085932, 106.62682155085493, 75.37550284654863, 47.793907264345805, 56.61996736249007, 59.049443225602516, 45.23890342569998, 82.9015774814398, 106.0364542742881, 20.785078126735662, 102.5400830528939, 67.1888931830634, 52.37225523507644, 75.19855883592679, 86.421356057613, 61.13689025063368, 32.7659960126906, 53.77626350665591, 43.50260331275692], [102.5486162551573, 13.977025248747147, 49.5340069807222, 4.244747131964588, 67.9594207304011, 17.504614468969027, 41.08657850173103, 38.34053079563395, 89.91290896638652, 28.61960597907458, 67.42216412919292, 0.0, 64.23076260448144, 62.2272425646133, 76.64914658264422, 69.35686023325961, 16.382122504731335, 55.48013725877119, 40.02132406247581, 35.13529183980164, 56.56606806991062, 81.02028969006508, 69.54207923864003, 90.09962898720853, 42.42280254391618, 86.28447698861416, 20.404555803011633, 24.257243092020786, 49.46801125523041, 8.825493136057903, 80.73483751887643, 32.416404435692975, 15.637855736426646, 33.51491278232316, 72.5201410869422, 72.78328073392251, 61.855833599389314, 19.298480016591792, 88.9914740134269, 52.167838152786054, 21.738878739305388, 28.95948717876487, 57.622428005264226, 85.809233371074, 69.66238510578869, 57.66101960522027, 45.106231265433955, 90.5346089249568, 42.75630433401638, 90.34627316285102, 17.341574349059773, 79.06321316650434, 46.87992739429453, 66.83138472362313, 46.82242298964811, 60.62229151693425, 42.58815118290721, 55.46705601484801, 70.24974749117935, 92.62064545532041, 86.18265491132846, 53.76445643856309, 82.39841422961472, 80.54520004895942, 63.23935254576651, 53.30686638715151, 62.54743643767521, 70.61130339002808, 74.21020877975596, 56.914248808002256, 24.58503289173579, 33.5915174643629, 13.411100629276891, 68.96283140749847, 99.5818952068307, 79.76170592952215, 69.64240146386699, 47.245401559442996, 74.62979159458146, 18.786064278210635, 9.706811107630728, 58.541858181266875, 6.288931139963754, 54.00078878419229, 70.85248900845104, 25.41170867254992], [67.40378805763685, 77.7831351928858, 56.86410558143915, 60.259255376495844, 34.050937531837626, 81.53901517506877, 28.95501789384471, 27.971984937145297, 61.148166848667266, 38.051206642228166, 12.371711047018456, 64.23076260448144, 0.0, 101.37061669373682, 41.004628179016365, 6.948261768424199, 49.9549378930615, 9.083961138741618, 90.36230426676104, 29.274554660089745, 12.003557368793677, 69.37038259424972, 45.615228535433545, 82.20456783607428, 27.186004816117464, 100.65502709298578, 84.2776467453303, 42.35409279840858, 52.86025062051475, 66.70652990367165, 81.38186817525744, 94.02687555634857, 65.41773358115087, 39.2510980940631, 84.13306924016615, 76.44780669425296, 17.761653404443766, 78.0460804173565, 112.32902269753805, 39.85784482677598, 83.46477297404518, 93.08371959010798, 62.40789680575265, 39.62435697616536, 71.16770225778708, 26.649319760542635, 95.9906479046236, 116.44021570594977, 39.47397836678977, 54.40426654497597, 46.89931437354734, 102.29509197333923, 51.32926054362042, 96.71438300229201, 61.13429182771985, 91.06480446394991, 42.802341285419665, 96.25647337947981, 85.25284285632831, 75.25881710552979, 106.86622541619427, 16.25736131541155, 37.043555072185505, 61.32104735481147, 26.900688853859048, 17.362176210929523, 22.063573148386524, 61.788317777853344, 95.69061131523041, 64.20334510959087, 48.290268376832955, 47.82050594444265, 58.06737546142035, 32.88439771459996, 70.86695557598702, 94.60376614006864, 9.723546888022117, 94.70767563773732, 54.832355044400025, 47.21637406033279, 70.91002513591114, 75.64873738220946, 58.101177180403994, 21.30698160402125, 41.40549862609141, 42.89475006183793], [96.54535553718188, 56.048280416827126, 47.15124444981939, 62.117766807962795, 81.05703234522431, 56.70331090720868, 92.57504673095295, 87.41591003921664, 83.68794414056906, 81.92210516887643, 110.565710556946, 62.2272425646133, 101.37061669373682, 0.0, 84.57625598200083, 102.73963197514215, 61.81829555874873, 95.84732840141614, 24.443272536565555, 81.45630203365326, 89.57443696188746, 63.89731633402126, 72.92089335944458, 63.56560875109571, 74.49343724990939, 38.84032951618409, 64.0400528643401, 65.24461185537656, 51.16472643027359, 70.0699746690066, 51.210711722605254, 45.54816708381682, 47.73060966780666, 89.72622033421514, 37.2337253305886, 46.22084791542375, 88.1267556403487, 45.17652391000524, 32.10642790091129, 64.71158643098056, 48.13104448873651, 57.730917765815285, 46.27947357496236, 97.5088509988, 48.292808417090214, 78.77397639281119, 22.15346225692217, 31.439375396013507, 62.092150253402906, 90.54114239072723, 69.62888028078446, 25.838856973480674, 51.649926115723964, 13.684654476726825, 41.61283097755135, 13.929506595516843, 58.855056855131096, 6.765950445829875, 32.997884671334965, 74.0775822365383, 32.496616639016885, 99.88589781103606, 95.09683983832313, 71.08333839582137, 82.48913245689565, 100.05546715062953, 111.44377369208341, 58.98833690088413, 25.866756815033547, 43.836546023673016, 83.94794799557869, 53.947042612020745, 75.19594087406784, 82.95344909417783, 88.63122181433668, 35.37548406451125, 100.86004534321388, 17.197040994158392, 70.07446089327412, 63.51142429928223, 53.4940067959335, 32.10795737280923, 65.49296078089117, 81.17082479228148, 77.87002645834265, 81.61681626100935], [28.44973773686867, 86.63453599078463, 38.73339561188069, 72.50826688505138, 9.311357624403435, 90.41507154644908, 60.592719886420866, 56.2071188050867, 20.157597359111406, 62.39674754919006, 53.21948649481249, 76.64914658264422, 41.004628179016365, 84.57625598200083, 0.0, 36.399968250961, 60.41236300717288, 44.26071058401401, 83.93815870476664, 52.586092926178985, 33.54841703451624, 32.096377600176986, 11.687049223568687, 44.22717098811649, 37.10984324033116, 69.66644407368442, 96.07567086270657, 53.15031065092324, 35.36912144037899, 83.11272464868868, 47.29278813357738, 96.73845860092177, 68.89990517472594, 68.23467423818379, 55.2008534305737, 45.2804643608665, 24.48112991732379, 81.49455393243494, 84.1646499597398, 25.352396473843953, 88.26491612518625, 100.99344681456378, 38.327747902175645, 12.950499133041587, 40.555855887436074, 21.050081601059404, 88.57524251301845, 89.08442393317719, 34.19039226958111, 14.977498397636893, 63.0252457130543, 75.7058739567208, 36.262303867759215, 75.17137731243807, 44.69181240033984, 71.3100686344883, 35.22273210425446, 81.72053939193232, 57.93868877549746, 35.10642257561875, 78.11605914244836, 53.722751714815985, 10.923642608940897, 22.46288107974937, 16.549880949412913, 54.74780152250332, 62.66695050333243, 28.664222559756542, 69.45819426382667, 40.76583821513862, 73.30451256533136, 44.85254775916193, 77.703721294654, 9.236171753251611, 30.110767623881344, 64.96226880754845, 32.89665103315914, 85.10853377081459, 17.7908277282523, 58.32536995645365, 78.60260107525916, 52.92306922147374, 72.30791605995184, 27.596788770881236, 6.913576124763646, 66.94939014996048], [61.70489825337639, 82.65440957556332, 57.006439329007215, 65.28624590126809, 30.517297246744388, 86.46207931552465, 35.67899968352337, 34.28077298688049, 56.34663683444958, 44.14799484268807, 17.30744652341374, 69.35686023325961, 6.948261768424199, 102.73963197514215, 36.399968250961, 0.0, 54.45146086919384, 15.49331768870056, 93.24662374538109, 34.89545906701057, 13.80913304904532, 66.273781399266, 42.45766405178938, 79.03333005299886, 29.94720613543242, 99.3564631849461, 89.59620611086405, 46.59295148508033, 52.91528886490547, 72.3703667035487, 79.19974618211916, 98.27788123629543, 69.3186609712698, 45.88334595095364, 83.07058222507577, 74.81914963162644, 15.638222237161182, 82.18773508612523, 111.71787099590449, 39.40458130819377, 87.87262888836706, 98.0087152203263, 61.74975222220069, 33.54105892960817, 69.55138614989306, 25.338803738640525, 98.79845636176586, 116.0235031127058, 40.67095676532091, 49.00335606435167, 52.12950960094432, 101.90979920777983, 51.70985629057109, 97.20435379799892, 61.73391680867958, 91.7939404470577, 43.88508193966732, 97.9388335305696, 84.52097064746943, 71.26120135405655, 106.09139959779861, 23.205508782163218, 31.201313866676273, 57.693142955362354, 24.15522603813057, 24.310411963892896, 28.237943053880276, 59.46090263350426, 95.30308647815775, 63.71616155161418, 54.65897851936354, 50.0507394934179, 63.98740676959255, 29.084759554349656, 65.75070696927527, 93.52956056097149, 3.5257734743348226, 97.16135125477787, 51.52204900972802, 51.71383506322207, 75.52070509168091, 75.58543612618678, 63.34562849786062, 21.581139266803813, 37.780702550656535, 49.06681218561349], [86.7759798997407, 28.432895756631634, 36.83083532025074, 12.164414966309971, 51.633042616204605, 32.297857441543016, 31.711837518037314, 27.311931952166468, 74.428042334886, 20.195727786413492, 55.0147233173882, 16.382122504731335, 49.9549378930615, 61.81829555874873, 60.41236300717288, 54.45146086919384, 0.0, 41.71320099146969, 43.964631593093614, 22.37322595214516, 41.1533988097638, 67.34232838474868, 53.79827161325594, 77.47543126293738, 26.27857570562237, 78.56655011458206, 36.544435223814055, 8.075023858716982, 35.82982077979332, 22.90682844739039, 69.34863346252342, 44.09889270601066, 16.468085775572213, 27.9138417103484, 63.2733598383548, 61.57701915994546, 45.77895593907579, 28.254682319768726, 84.04204100801735, 36.36963772099833, 33.51060148588897, 43.77423826703858, 45.352579192111506, 69.42739676373226, 57.749981745963595, 41.282822816582474, 49.63563142394431, 86.46738774671005, 26.882431637500854, 74.32747401445569, 7.99474168861327, 73.63288334482523, 33.068038712696115, 62.99939391215671, 35.62332947128952, 56.580161423159396, 27.19107877439533, 55.39915608773225, 61.786468664870696, 78.55875013517385, 80.29291302884837, 42.01772628002532, 66.01630937797326, 65.772247444396, 46.862184192033006, 41.820531146917084, 52.397111545278015, 56.794945837317506, 67.95683753063614, 45.16996340156679, 23.39277824657569, 19.215533354574944, 19.8183526143019, 52.6052462720136, 84.32812827473583, 71.844447394926, 54.37208558408434, 49.98506547587361, 59.52425594054434, 2.74184308481354, 21.074035674702415, 49.716075626328546, 12.050352715230245, 37.80892782603692, 54.7744939238622, 19.943767090528898], [71.95265182071445, 69.15835487001884, 53.2458122221798, 51.57896370032315, 36.09958925492089, 72.87544069632447, 20.25117050603016, 18.900457932720766, 64.2546649616917, 28.969099481008975, 14.727454792460525, 55.48013725877119, 9.083961138741618, 95.84732840141614, 44.26071058401401, 15.49331768870056, 41.71320099146969, 0.0, 83.32794671076788, 20.380318317337668, 10.919283889146541, 69.80447825593829, 46.65363827741613, 82.58857720924682, 21.467956482587088, 98.32931115824051, 75.39708960047284, 34.41836848820082, 49.44059472550301, 57.701395472318474, 80.39491597004994, 85.79841088194786, 57.5772154372556, 30.394196061152208, 81.6399207866498, 74.7765682638072, 19.780778286663438, 69.94602211956972, 109.06214485710306, 37.5209873493153, 75.14440749925224, 84.40248222559987, 59.68795149021826, 45.283855365980834, 69.54969720178812, 26.34611462013158, 89.00603602301825, 112.91311485733074, 35.0545247891491, 58.59539412822926, 38.14027369401644, 98.80770947436994, 47.542045668124786, 92.21411297324326, 56.87637744479108, 86.32491117415513, 38.399193317783165, 90.41994603098041, 82.328477573152, 76.9343250816866, 103.83396159663866, 9.49739804463679, 42.346165727322514, 62.647579879626264, 28.423484754866557, 10.559096460566545, 19.404784585025045, 61.27874382866488, 92.25066727025066, 61.23543937684588, 39.2472623356558, 41.90644031937695, 49.000729708268935, 35.35919066649538, 74.36332542218294, 92.03390817737319, 17.3604440737518, 88.07683277116136, 55.8333472987182, 38.99659471252464, 62.47763339175101, 71.99381229985748, 49.297600794105634, 19.63025018692157, 43.243612904206415, 33.811573588276225], [102.28019179591638, 31.953547802187583, 45.54863266110001, 40.851837455825695, 78.03671839094531, 32.33569247953083, 75.6730166680826, 71.18373274594818, 88.77809495233717, 63.85064826979812, 97.59027113181742, 40.02132406247581, 90.36230426676104, 24.443272536565555, 83.93815870476664, 93.24662374538109, 43.964631593093614, 83.32794671076788, 0.0, 65.84203138737182, 79.46197063375311, 72.04691252405684, 73.11352226658992, 75.82740915890092, 63.367780647208974, 58.67666739513493, 39.60221087944464, 49.56101852466864, 48.604426864311236, 47.05217681222685, 63.74469407047025, 22.01756665257379, 27.78768926303866, 70.85688664553845, 50.901400817506676, 56.728175368387795, 80.4912950919518, 21.480761035521162, 55.57508440099626, 59.98257402060661, 23.720604152747946, 33.711763671646736, 49.07638957858286, 96.21568692721979, 56.534519698504425, 72.33894141778914, 5.70847468987961, 55.57969157674986, 54.05395787938585, 93.44713491621617, 50.9517577615295, 47.49099556639464, 47.72747683753214, 33.941745110502495, 39.69945091530877, 29.45890661942587, 51.4443925316368, 18.09295477557231, 47.05886656536076, 83.6588811011922, 54.73100594394721, 85.3517698001234, 93.26553998031727, 76.5599868477182, 77.13854771569618, 85.28480508884586, 96.18559653554134, 64.118242547304, 45.01604995492812, 46.9512312913271, 63.577590662534746, 43.45175486540431, 53.40136596455951, 79.73843571484768, 95.95478375961616, 53.48655184373071, 92.10995236484185, 7.53422464073117, 73.34770205075746, 46.25213413734766, 30.598188712465607, 39.599713739788555, 44.37096650138043, 72.608032672018, 77.03624201692539, 62.46303155222129], [80.95792592992771, 48.9037044947794, 45.426779399568396, 31.3014979382177, 43.29581070204981, 52.58033621586894, 11.90676119305578, 6.2311002570928, 70.62596366677433, 10.146742155984299, 32.758144470630924, 35.13529183980164, 29.274554660089745, 81.45630203365326, 52.586092926178985, 34.89545906701057, 22.37322595214516, 20.380318317337668, 65.84203138737182, 0.0, 23.587524671711066, 70.07606744326581, 50.27226036329228, 82.08339827740497, 16.31256196540583, 91.12079090366181, 55.023301754679714, 16.422813417845532, 42.539174348786005, 37.491463020696436, 76.90266734825656, 66.02177334898255, 38.78434542110951, 15.893360781593653, 74.63768283187564, 70.00139606063124, 31.223410067569947, 50.46844396131644, 99.45532309075224, 35.22449820121801, 55.26822738097715, 64.08490995504715, 53.46425963260855, 57.99580459685123, 65.19915558391598, 31.545504280895532, 71.54733269929275, 102.6447635848909, 28.04093114022462, 67.54996074600079, 17.819564055358427, 88.94509466011436, 39.95338817965702, 80.21699751401168, 47.12388235671142, 73.94130935486088, 30.678162651639674, 75.4373397984939, 74.29874573548163, 79.54697946796583, 94.87593716643431, 19.65094656689497, 54.647799116614195, 65.34921360797753, 36.32011712524797, 19.49103345262989, 30.389822826010956, 60.04537455885019, 82.68070574801587, 54.29366651660708, 21.300285764793305, 29.327788481557594, 29.170985725384746, 43.47124393139714, 81.03013795509099, 84.46400592010465, 35.74666391198324, 71.38528716676942, 58.38956035217971, 19.81160088073865, 42.48799314391876, 62.72410744818361, 28.9280668680229, 25.223395965068168, 48.93364773625572, 15.066289935102501], [61.55082618847295, 69.53473714391247, 44.867658961382936, 52.40866993814628, 25.20593832021029, 73.37839044852021, 28.191855446308157, 24.926310523015733, 53.432095557656474, 33.58967627247277, 23.29403664631623, 56.56606806991062, 12.003557368793677, 89.57443696188746, 33.54841703451624, 13.80913304904532, 41.1533988097638, 10.919283889146541, 79.46197063375311, 23.587524671711066, 0.0, 59.09855797420736, 35.78333733651834, 71.91374566346892, 16.13807980288773, 88.9560645341093, 76.94207539454665, 33.170636166298365, 40.874434480887246, 60.33970868053867, 70.22798914622298, 84.69845054401343, 55.635444438354945, 37.282977749820766, 72.36660456065431, 64.9618889388868, 9.172344734484378, 68.57929066804611, 100.4050552352466, 28.028080660625026, 74.39249576394229, 84.89543101005188, 50.55044315839721, 35.821932027869025, 59.694621846594146, 15.650652267805501, 85.02729952523966, 104.47924167217663, 27.55138811102493, 48.10718699563068, 39.638120538625955, 90.33437715397446, 39.32575959490003, 84.7245763079744, 49.142632402779505, 79.10250135902915, 30.861421276033276, 84.5819254147529, 73.37841748688768, 66.03161286521248, 94.98398641110786, 20.239163022541568, 32.672075458994044, 51.766660749708265, 17.514389441175314, 21.238103508467443, 30.16100541044497, 50.8639261128865, 83.7332439025563, 52.29596739868365, 44.649881329063305, 36.387520972295846, 52.5534283899485, 24.530380678316753, 63.60175426662482, 82.82595937017513, 13.234923663966924, 83.47297933305735, 44.98622715063697, 38.437375205571485, 62.207465293505386, 63.65964595065586, 50.748069626071825, 9.479066605119055, 32.32556200754833, 38.56838278346042], [32.87299200201767, 86.53581854096898, 31.623520103147, 77.60939433806017, 35.77083894485676, 89.7540667667601, 80.88500725410559, 75.45530703200255, 20.98683278421135, 77.93925138216193, 81.68884429448528, 81.02028969006508, 69.37038259424972, 63.89731633402126, 32.096377600176986, 66.273781399266, 67.34232838474868, 69.80447825593829, 72.04691252405684, 70.07606744326581, 59.09855797420736, 0.0, 23.830137780034462, 12.839005082915863, 54.10128572249754, 39.2818747169197, 96.88781134948398, 62.77187913539704, 31.637509770076193, 89.27291229731293, 16.311154271505508, 90.36994944446307, 68.22866015716438, 85.57657534258396, 28.006981590090845, 17.899574255041003, 51.608857117486835, 78.06589972608757, 54.82661757332113, 34.85893279644752, 84.75359292011603, 98.18024446317392, 24.36924147805249, 43.07569283512078, 15.859743135956677, 43.473029991629545, 75.15464873382994, 60.024135397053115, 42.80994318084984, 29.88948547771799, 73.11983769316492, 48.01151752725122, 34.33417663231606, 51.68383751179058, 35.530783319709116, 49.991715510906104, 41.10994044161547, 63.330143299882714, 31.861771808833794, 11.949065835193178, 48.712987646556165, 78.47779879253406, 42.28749545996177, 10.005332653074321, 42.47945179019734, 79.31406481823628, 89.20039020897168, 10.554091642409675, 42.669178774193945, 25.924217882102656, 87.17749356635258, 48.13905592582914, 87.09968860720609, 37.30170292009464, 24.747392324467242, 35.85014532493456, 62.96937584441164, 70.38320614868401, 14.81112064511199, 66.36506245795206, 79.03198181830915, 33.082229950438666, 78.86968628857969, 50.24896229315126, 28.63338947913549, 81.34666825964636], [33.01008041660441, 78.35754974300951, 27.609076362715147, 65.55962697484424, 12.018204003208647, 82.03511985448877, 59.93049267280754, 54.89788471323343, 20.845372329968814, 59.356034801494104, 57.96499565560981, 69.54207923864003, 45.615228535433545, 72.92089335944458, 11.687049223568687, 42.45766405178938, 53.79827161325594, 46.65363827741613, 73.11352226658992, 50.27226036329228, 35.78333733651834, 23.830137780034462, 0.0, 36.63217