instance_id,num_cities,city_coordinates,distance_matrix,best_route,total_distance
1711,27,"[[7.515824725892961, 6.294397054407663], [65.90507620681582, 57.41951879527832], [64.95155947005408, 57.55533434313339], [81.3139687491302, 47.006044831597], [88.85553345193115, 4.812527428731128], [96.68923516262741, 64.15834929004667], [44.68817185791114, 23.035016929621012], [38.23198914101137, 22.685753439431057], [55.72712727635454, 13.395492925304165], [34.758984063289844, 57.54088619401837], [10.985586598402508, 3.536323710233391], [2.5423243616409685, 95.59379473892666], [36.36775315183798, 32.51667618723967], [74.46485641334954, 37.94254148461824], [14.310771926900756, 74.07148382505684], [58.118201087355025, 11.097461886854166], [68.81146132447623, 8.772854339604496], [79.71524130233331, 66.84825878682264], [38.554549779197146, 63.23118534996518], [56.79831803242411, 74.32667239787204], [96.03089801720807, 3.032271910702411], [1.967012993604178, 43.259456232612536], [57.25500446697429, 2.413832345808198], [44.26431607645447, 8.663378721994997], [16.0372149068049, 95.48663960738178], [9.028559118598501, 49.59413243121579], [92.27259789599526, 23.90546909053085]]","[[0.0, 77.60852247995254, 76.98407184164986, 84.28288275805706, 81.35320616438075, 106.30208886586666, 40.76802356148319, 34.816078477011644, 48.73146064073809, 58.037852991121525, 4.432405218813551, 89.43778917600262, 38.9877121259508, 74.05253466130335, 68.1168466576411, 50.82981335015641, 61.345723702146714, 94.23123645950318, 64.84751586874974, 84.00687254574615, 88.57516390173987, 37.379204267728525, 49.890327557285325, 36.82477006966451, 89.59838292203665, 43.32615202212728, 86.56708645016127], [77.60852247995254, 0.0, 0.9631407115909559, 18.597699034366062, 57.39528751038571, 31.513112811239306, 40.403601308546264, 44.409843543370535, 45.1852354008611, 31.14632860962087, 76.9386057283444, 73.97373632050106, 38.634246766500716, 21.2749261419196, 54.21494418959987, 46.97199570332693, 48.73340781348127, 16.72189575956018, 27.961165283491557, 19.203772738411274, 62.17344902315873, 65.48727585749202, 55.68167816150863, 53.34307540689289, 62.73682552983062, 57.41232330983595, 42.64314396994706], [76.98407184164986, 0.9631407115909559, 0.0, 19.468331890899332, 57.906853250165256, 32.417277256983205, 40.02820495412695, 43.929752002128374, 45.112988632366026, 30.192578863723405, 76.35692331243577, 73.08787242832778, 37.99958402252574, 21.798267418360055, 53.266054450278496, 46.95773312192903, 48.93494863204076, 17.444906017542458, 27.00032231790851, 18.64814001681163, 62.758980405511515, 64.58657155938026, 55.676046927170134, 53.08846733223137, 61.89827964573702, 56.48683655676977, 43.3445795018254], [84.28288275805706, 18.597699034366062, 19.468331890899332, 0.0, 42.86219906855548, 23.034764281871173, 43.7728132131594, 49.4725534044305, 42.24163415397844, 47.73205926450496, 82.67828003960847, 92.55129064776071, 47.22397802208492, 11.360344744277704, 72.26317438576245, 42.748917723359156, 40.22548380194468, 19.906516121463664, 45.7342660976107, 36.70740825335724, 46.371119373808625, 79.43535934204266, 50.66852254317065, 53.318259607364624, 81.31065527964573, 72.33172639220679, 25.56810811044209], [81.35320616438075, 57.39528751038571, 57.906853250165256, 42.86219906855548, 0.0, 59.860616893640206, 47.77881281265741, 53.68608242952003, 34.22219444234028, 75.54281219175357, 77.88040394670846, 125.26455427577798, 59.350542872533346, 36.12048472781114, 101.75325307788346, 31.373300783202925, 20.43156911966389, 62.70547747775547, 77.0903920846354, 76.54986225489513, 7.392913252169497, 95.01463740860054, 31.691436859661906, 44.75718626890933, 116.29403310198678, 91.52998403699802, 19.39630765676227], [106.30208886586666, 31.513112811239306, 32.417277256983205, 23.034764281871173, 59.860616893640206, 0.0, 66.29659907753295, 71.67444327666762, 65.22853569408205, 62.28279713576052, 104.976880133769, 99.25637533145368, 68.11664017494472, 34.36846795658073, 82.97277530243989, 65.59864664495828, 62.00583299236099, 17.185810445543364, 58.14207837360313, 41.16649200883994, 61.12962247210939, 97.00032527607249, 73.26284135382235, 76.34175724687441, 86.52288798666419, 88.86231224319587, 40.494457016998965], [40.76802356148319, 40.403601308546264, 40.02820495412695, 43.7728132131594, 47.77881281265741, 66.29659907753295, 0.0, 6.465622959899149, 14.655338950709446, 35.906041050950456, 38.93665741224125, 83.91095696247928, 12.61472273662635, 33.299928400402436, 59.392822628138056, 17.968608891697908, 28.0239607556062, 56.09363382686148, 40.66144704116125, 52.7018933345078, 55.1015910637835, 47.26653530596189, 24.148675646169337, 14.37788713595882, 77.91094251037373, 44.46340739242552, 47.5923868737252], [34.816078477011644, 44.409843543370535, 43.929752002128374, 49.4725534044305, 53.68608242952003, 71.67444327666762, 6.465622959899149, 0.0, 19.80880609211681, 35.027732493123004, 33.3026592101496, 81.17471686549199, 10.006119022713555, 39.31399562790128, 56.680842621373294, 23.016296980236117, 33.595727114936146, 60.59032173902209, 40.54671496159788, 54.87707243809912, 61.04894105124976, 41.69443298084501, 27.7997463462869, 15.264860332550127, 76.10898127124233, 39.71021512204999, 54.054371709222366], [48.73146064073809, 45.1852354008611, 45.112988632366026, 42.24163415397844, 34.22219444234028, 65.22853569408205, 14.655338950709446, 19.80880609211681, 0.0, 48.87206540195562, 45.814939483188624, 97.90395335286671, 27.210384338144205, 30.881387374674645, 73.46353083060396, 3.316350497660339, 13.876908336399573, 58.588631941441285, 52.71141866181646, 60.940594693144945, 41.61478446091924, 61.498017790125886, 11.087437837159305, 12.40116709982229, 91.18248465292504, 59.08551235339787, 38.02671458073464], [58.037852991121525, 31.14632860962087, 30.192578863723405, 47.73205926450496, 75.54281219175357, 62.28279713576052, 35.906041050950456, 35.027732493123004, 48.87206540195562, 0.0, 59.00565393323379, 49.85917178472785, 25.075869365659717, 44.27924360722196, 26.294296674641533, 51.98696645653281, 59.480182738259494, 45.909609555346165, 6.840016344128125, 27.70369759228035, 82.0087584997095, 35.76692058841021, 59.540431640914825, 49.79319304240483, 42.312939421133244, 26.92964283463506, 66.6269994808647], [4.432405218813551, 76.9386057283444, 76.35692331243577, 82.67828003960847, 77.88040394670846, 104.976880133769, 38.93665741224125, 33.3026592101496, 45.814939483188624, 59.00565393323379, 0.0, 92.44385674233537, 38.52421587310847, 72.20391622188676, 70.61349495594055, 47.73525069684006, 58.06249254783946, 93.44606229726222, 65.75351121461676, 84.32128929732548, 85.0468051283423, 40.734038926377785, 46.28303162887798, 33.671360661057264, 92.08897622490778, 46.09936768259745, 83.80024038878805], [89.43778917600262, 73.97373632050106, 73.08787242832778, 92.55129064776071, 125.26455427577798, 99.25637533145368, 83.91095696247928, 81.17471686549199, 97.90395335286671, 49.85917178472785, 92.44385674233537, 0.0, 71.57431465004932, 92.17655677297485, 24.529700878109967, 101.13509944267614, 109.22213239825375, 82.3526863332867, 48.41713401253091, 58.27523781052673, 131.55891802699, 52.337500609636166, 108.05546148109084, 96.42417654057397, 13.495315966963176, 46.454710996257425, 114.85093827575153], [38.9877121259508, 38.634246766500716, 37.99958402252574, 47.22397802208492, 59.350542872533346, 68.11664017494472, 12.61472273662635, 10.006119022713555, 27.210384338144205, 25.075869365659717, 38.52421587310847, 71.57431465004932, 0.0, 38.48154481233272, 47.04585485006327, 30.52645945145746, 40.204020643755904, 55.296132710609356, 30.792257997694467, 46.534758669976284, 66.55088993220471, 36.03912105667369, 36.63957525467882, 25.126390627940886, 66.17059073687334, 32.234624895475925, 56.564163155930615], [74.05253466130335, 21.2749261419196, 21.798267418360055, 11.360344744277704, 36.12048472781114, 34.36846795658073, 33.299928400402436, 39.31399562790128, 30.881387374674645, 44.27924360722196, 72.20391622188676, 92.17655677297485, 38.48154481233272, 0.0, 70.16989635906238, 31.430422188655907, 29.71248094940705, 29.37868333056177, 43.92112966565408, 40.44640355677501, 41.03438889739715, 72.69255039514954, 39.477438836458475, 42.06354726744536, 82.00678338271497, 66.46554427095195, 22.674987499656787], [68.1168466576411, 54.21494418959987, 53.266054450278496, 72.26317438576245, 101.75325307788346, 82.97277530243989, 59.392822628138056, 56.680842621373294, 73.46353083060396, 26.294296674641533, 70.61349495594055, 24.529700878109967, 47.04585485006327, 70.16989635906238, 0.0, 76.71256930074401, 85.05431298581738, 65.80212454195433, 26.556973388934434, 42.48831245503484, 108.28087844872834, 33.19261105970557, 83.54056573891138, 71.94049638619717, 21.48463410310041, 25.040816748056862, 92.70747188215229], [50.82981335015641, 46.97199570332693, 46.95773312192903, 42.748917723359156, 31.373300783202925, 65.59864664495828, 17.968608891697908, 23.016296980236117, 3.316350497660339, 51.98696645653281, 47.73525069684006, 101.13509944267614, 30.52645945145746, 31.430422188655907, 76.71256930074401, 0.0, 10.943016711470722, 59.787820674690295, 55.68358442696841, 63.24298501118767, 38.76106136119479, 64.70973500669263, 8.726427127499715, 14.066090101684473, 94.29921905442507, 62.38418542885546, 36.47694984358599], [61.345723702146714, 48.73340781348127, 48.93494863204076, 40.22548380194468, 20.43156911966389, 62.00583299236099, 28.0239607556062, 33.595727114936146, 13.876908336399573, 59.480182738259494, 58.06249254783946, 109.22213239825375, 40.204020643755904, 29.71248094940705, 85.05431298581738, 10.943016711470722, 0.0, 59.09014316714322, 62.29920154137494, 66.64547001688729, 27.81819585258282, 75.21639437506593, 13.190483532338325, 24.54738936706566, 101.51059866053043, 72.39041470519562, 27.918111655830554], [94.23123645950318, 16.72189575956018, 17.444906017542458, 19.906516121463664, 62.70547747775547, 17.185810445543364, 56.09363382686148, 60.59032173902209, 58.588631941441285, 45.909609555346165, 93.44606229726222, 82.3526863332867, 55.296132710609356, 29.37868333056177, 65.80212454195433, 59.787820674690295, 59.09014316714322, 0.0, 41.319314453538475, 24.106265623211627, 65.86866352834849, 81.24788373297966, 68.23677563808917, 68.13404705086312, 69.82154324886397, 72.76202247353751, 44.74114875056663], [64.84751586874974, 27.961165283491557, 27.00032231790851, 45.7342660976107, 77.0903920846354, 58.14207837360313, 40.66144704116125, 40.54671496159788, 52.71141866181646, 6.840016344128125, 65.75351121461676, 48.41713401253091, 30.792257997694467, 43.92112966565408, 26.556973388934434, 55.68358442696841, 62.29920154137494, 41.319314453538475, 0.0, 21.352866620379597, 83.23124284813338, 41.683543659027244, 63.62748959342847, 54.86571745048854, 39.33757363015348, 32.523120034808, 66.57432427592619], [84.00687254574615, 19.203772738411274, 18.64814001681163, 36.70740825335724, 76.54986225489513, 41.16649200883994, 52.7018933345078, 54.87707243809912, 60.940594693144945, 27.70369759228035, 84.32128929732548, 58.27523781052673, 46.534758669976284, 40.44640355677501, 42.48831245503484, 63.24298501118767, 66.64547001688729, 24.106265623211627, 21.352866620379597, 0.0, 81.37620581648794, 63.02098009805213, 71.91429014356757, 66.84885445089336, 45.92615529657247, 53.79264261855212, 61.64999817355394], [88.57516390173987, 62.17344902315873, 62.758980405511515, 46.371119373808625, 7.392913252169497, 61.12962247210939, 55.1015910637835, 61.04894105124976, 41.61478446091924, 82.0087584997095, 85.0468051283423, 131.55891802699, 66.55088993220471, 41.03438889739715, 108.28087844872834, 38.76106136119479, 27.81819585258282, 65.86866352834849, 83.23124284813338, 81.37620581648794, 0.0, 102.30464712906597, 38.78082500559378, 52.071953773110366, 122.25710385805968, 98.67833515498857, 21.208846746325133], [37.379204267728525, 65.48727585749202, 64.58657155938026, 79.43535934204266, 95.01463740860054, 97.00032527607249, 47.26653530596189, 41.69443298084501, 61.498017790125886, 35.76692058841021, 40.734038926377785, 52.337500609636166, 36.03912105667369, 72.69255039514954, 33.19261105970557, 64.70973500669263, 75.21639437506593, 81.24788373297966, 41.683543659027244, 63.02098009805213, 102.30464712906597, 0.0, 68.73955914800246, 54.64385077209652, 54.089271257246665, 9.48649335721967, 92.35624225172238], [49.890327557285325, 55.68167816150863, 55.676046927170134, 50.66852254317065, 31.691436859661906, 73.26284135382235, 24.148675646169337, 27.7997463462869, 11.087437837159305, 59.540431640914825, 46.28303162887798, 108.05546148109084, 36.63957525467882, 39.477438836458475, 83.54056573891138, 8.726427127499715, 13.190483532338325, 68.23677563808917, 63.62748959342847, 71.91429014356757, 38.78082500559378, 68.73955914800246, 0.0, 14.415783529440779, 101.79122569149284, 67.46681219006119, 41.086765503350655], [36.82477006966451, 53.34307540689289, 53.08846733223137, 53.318259607364624, 44.75718626890933, 76.34175724687441, 14.37788713595882, 15.264860332550127, 12.40116709982229, 49.79319304240483, 33.671360661057264, 96.42417654057397, 25.126390627940886, 42.06354726744536, 71.94049638619717, 14.066090101684473, 24.54738936706566, 68.13404705086312, 54.86571745048854, 66.84885445089336, 52.071953773110366, 54.64385077209652, 14.415783529440779, 0.0, 91.29648334527221, 54.00819537438728, 50.369796923027835], [89.59838292203665, 62.73682552983062, 61.89827964573702, 81.31065527964573, 116.29403310198678, 86.52288798666419, 77.91094251037373, 76.10898127124233, 91.18248465292504, 42.312939421133244, 92.08897622490778, 13.495315966963176, 66.17059073687334, 82.00678338271497, 21.48463410310041, 94.29921905442507, 101.51059866053043, 69.82154324886397, 39.33757363015348, 45.92615529657247, 122.25710385805968, 54.089271257246665, 101.79122569149284, 91.29648334527221, 0.0, 46.42459984611613, 104.5738858036318], [43.32615202212728, 57.41232330983595, 56.48683655676977, 72.33172639220679, 91.52998403699802, 88.86231224319587, 44.46340739242552, 39.71021512204999, 59.08551235339787, 26.92964283463506, 46.09936768259745, 46.454710996257425, 32.234624895475925, 66.46554427095195, 25.040816748056862, 62.38418542885546, 72.39041470519562, 72.76202247353751, 32.523120034808, 53.79264261855212, 98.67833515498857, 9.48649335721967, 67.46681219006119, 54.00819537438728, 46.42459984611613, 0.0, 87.11760680943769], [86.56708645016127, 42.64314396994706, 43.3445795018254, 25.56810811044209, 19.39630765676227, 40.494457016998965, 47.5923868737252, 54.054371709222366, 38.02671458073464, 66.6269994808647, 83.80024038878805, 114.85093827575153, 56.564163155930615, 22.674987499656787, 92.70747188215229, 36.47694984358599, 27.918111655830554, 44.74114875056663, 66.57432427592619, 61.64999817355394, 21.208846746325133, 92.35624225172238, 41.086765503350655, 50.369796923027835, 104.5738858036318, 87.11760680943769, 0.0]]",Route_1,1363.5025805628802
