instance_id,num_cities,city_coordinates,distance_matrix,best_route,total_distance
2142,51,"[[34.63293477083591, 48.575145045582815], [6.926530406752873, 21.62992985734776], [64.06061022897191, 45.57084966991719], [47.21489953117533, 79.57779719313419], [28.917607333214256, 14.122217559571881], [69.2379485808432, 33.723232349855195], [26.523488282883367, 32.346950282646205], [85.96539624737972, 43.150027530261816], [62.69716972172913, 48.17168991170008], [54.018939914321415, 92.61730075143619], [33.86925522275782, 81.81755594772268], [72.5752486282131, 19.531948785722296], [28.646635512819064, 70.81023521208706], [73.43715970036597, 73.18442810666058], [14.6365569314314, 43.04449805825475], [6.403245769899179, 15.480540260201092], [1.135963862039846, 41.851884180591995], [0.5059077535317646, 87.42368281788325], [30.20567384290812, 73.79072286830191], [43.46321880453233, 52.20796857178567], [66.54632972203207, 68.57603562716851], [95.51639666444247, 44.485306949418046], [11.21343034214708, 6.821801549872719], [46.90312803499748, 18.90814350770933], [51.04988782435702, 17.913702200980186], [52.248934670889135, 44.398947029780935], [8.788049566325729, 81.95451531021999], [65.91047317641366, 19.588300390219505], [7.56810532245461, 8.696722353304509], [83.67308673758933, 21.60869404367949], [57.85012077799411, 71.48820714029787], [26.237891004364087, 48.714135006231], [59.642804473860636, 87.26726910529128], [55.28234659700249, 93.17934131222864], [0.17752455610293705, 6.692703408395473], [98.61454913305407, 78.56109223692849], [56.21137951973786, 63.81532124331791], [51.597652800610994, 13.888936731742962], [83.95685297185638, 69.56843379796761], [11.826162395753714, 66.13118471419499], [71.40228515909803, 79.72075542236622], [98.88039652490008, 81.3252696840439], [42.26688108323179, 90.4922305607222], [50.164793932745, 97.87804720103988], [57.81700591150831, 88.0039076892772], [66.26200710419027, 89.30234399977279], [81.46031423252764, 5.390274176994758], [54.02981218675935, 58.20193334298773], [72.40830954214967, 89.94390271398822], [91.09127199965971, 11.511452630379981], [82.48758507642385, 97.19343986644124]]","[[0.0, 38.648278930974044, 29.580633420764098, 33.458485880453324, 34.92376239862421, 37.657486526749366, 18.141593855137675, 51.61834461987227, 28.067134863109793, 48.11994050954219, 33.25118176905687, 47.782072263983004, 23.026832468212103, 45.94980614933877, 20.747124687403524, 43.499059840302515, 34.16503031936964, 51.7094078489172, 25.60128911319817, 9.548367550963196, 37.66298449894267, 61.020674429270954, 47.87290340846409, 32.104339628593266, 34.77988534878098, 18.10425591803935, 42.21540536934418, 42.64412704917942, 48.19536896314816, 55.96539988743333, 32.61972011908212, 8.396194259909569, 46.07140161547231, 49.15213661032539, 54.23388433957067, 70.65977643155809, 26.417650317911047, 38.61262364850217, 53.60566275443262, 28.781302872085146, 48.18748980510595, 72.11315417921112, 42.60656280884497, 51.69153518687515, 45.739790973161966, 51.5664905856772, 63.70036529868485, 21.65442002020403, 56.02100543671507, 67.53710934066068, 68.21881080140592], [38.648278930974044, 0.0, 61.947322126170846, 70.57696519029152, 23.237323605177025, 63.474095503926954, 22.335963932525885, 81.91615785194256, 61.76430390107208, 85.18745130407063, 65.94285977197038, 65.68223297587852, 53.7630486542938, 84.15182766150015, 22.760233747537466, 6.1716139889548165, 21.034687959656686, 66.10629564487053, 57.11975881122655, 47.64395083006966, 75.88449984908225, 91.49061517760201, 15.416166028774033, 40.0691462207975, 44.2795778863755, 50.72029644314348, 60.35330035418395, 59.01926596913643, 12.949110962344033, 76.74655926881697, 71.26752324812131, 33.26383646962214, 84.18590057169932, 86.35741565705314, 16.391150476991747, 107.92520571138489, 64.87375122865319, 45.3368740706471, 90.72910643530399, 44.77016950450053, 86.78517710824794, 109.63141470900973, 77.40127159225788, 87.65456537568699, 83.6381816536776, 90.00141349321144, 76.28244455970027, 59.63413949576494, 94.62907738213818, 84.77079278143768, 106.86120450232337], [29.580633420764098, 61.947322126170846, 0.0, 37.95063173071949, 47.159804008743215, 12.92945739667331, 39.79832960062757, 22.038149431022553, 2.936552396955949, 48.10617114335638, 47.17352682491264, 27.39568262202565, 43.48765557882613, 29.162122592014452, 49.488579458536435, 65.03690027006816, 63.03444950750541, 76.09769936899015, 44.07400550253333, 21.6403299607265, 23.139087759155345, 31.474511962411146, 65.53100908882713, 31.70613655317826, 30.564631579792945, 11.869668710093318, 66.17270651583819, 26.04831779590069, 67.46187349884853, 30.96504702171636, 26.651071225528703, 37.953107017067836, 41.92980325997889, 48.41101516027521, 74.78341321322122, 47.773745911507575, 19.861298188170128, 34.04510119361063, 31.172816992800644, 56.13523775289592, 34.9301625201028, 49.907875813749996, 49.928920389035696, 54.12149872368995, 42.889940635858, 43.78686726090842, 43.78616615272216, 16.12951282958554, 45.15143320289147, 43.48217108721871, 54.81281985655261], [33.458485880453324, 70.57696519029152, 37.95063173071949, 0.0, 67.96487185997766, 50.86900634384905, 51.56440050391254, 53.18442815678149, 35.014914891032646, 14.707944063751851, 13.532285146476642, 65.18167853998173, 20.53413187224838, 26.990407493341007, 48.94926304067174, 75.98716621283312, 59.55260552679644, 47.36335961606416, 17.966746721528136, 27.625760207397967, 22.242817959474632, 59.703580268023515, 81.17598589367937, 60.67045475167642, 61.78323191943129, 35.53720597632195, 38.50028035260451, 62.835214653818454, 81.21573161326681, 68.48077346474737, 13.36223776886693, 37.31756329560103, 14.614403838414852, 15.814098285504496, 86.74532575623729, 51.40970402719594, 18.149168031982697, 65.8349065081502, 38.0809466559548, 37.8572859988501, 24.187808097658348, 51.69504076519399, 11.983644783483376, 18.53647828829048, 13.542673214439931, 21.385956080860833, 81.71007893361636, 22.435921863013284, 27.24268804010615, 80.98248775586457, 39.42680829546846], [34.92376239862421, 23.237323605177025, 47.159804008743215, 67.96487185997766, 0.0, 44.832239506120516, 18.38131357805131, 64.0083117390989, 47.962750156949, 82.41089116521584, 67.87619359030282, 43.991531405282714, 56.688665278866125, 73.96171481030032, 32.25595619141919, 22.555299092734813, 39.25244100527208, 78.61507159585597, 59.682406462133706, 40.76885138483649, 66.19017337002248, 73.19368782675937, 19.150299132016304, 18.6113954902723, 22.454692060339053, 38.22343761031915, 70.75605779029159, 37.39452078586447, 22.02810101530907, 55.26490617878618, 64.24910189884626, 34.69555637599123, 79.33622315788377, 83.33743632060218, 29.684845267539142, 94.92118976253052, 56.69527805640769, 22.6812451674906, 78.12554931407347, 54.74532084608611, 78.15443698028669, 97.01052564709035, 77.5279433201267, 86.40880705880558, 79.33271314287002, 83.9443601787462, 53.2633352649239, 50.73109673714076, 87.40920499742425, 62.22845548116317, 98.84619613806736], [37.657486526749366, 63.474095503926954, 12.92945739667331, 50.86900634384905, 44.832239506120516, 0.0, 42.73662680739447, 19.200832607208877, 15.860003593955016, 60.82868992245161, 59.699316848642965, 14.57841214960682, 54.982728905443956, 39.68399355638541, 55.39131668825938, 65.42931829094343, 68.5853869510515, 87.22288585432347, 55.93677026485764, 31.717852516149236, 34.956583190698275, 28.3968146694128, 63.957264606290224, 26.801698942712697, 24.098688711417896, 20.064831859743915, 77.33334951279517, 14.521308276825954, 66.55445717697401, 18.84503255439339, 39.44459333026662, 45.53824891268277, 54.396972916709736, 61.07198801150166, 74.16192865164722, 53.6042753822582, 32.790628470278044, 26.54391300996792, 38.74951113662659, 65.92714592193225, 46.04841453980969, 56.07698884998746, 62.850279552489916, 66.93000445853905, 55.46917744802036, 55.65872689405021, 30.856810284741595, 28.81829653002143, 56.309989920239566, 31.159764163964475, 64.838415383656], [18.141593855137675, 22.335963932525885, 39.79832960062757, 51.56440050391254, 18.38131357805131, 42.73662680739447, 0.0, 60.41561801784043, 39.48363728389828, 66.24586784130405, 50.01300947557995, 47.801557446069125, 38.52183850393613, 62.198007692323955, 15.991768675339168, 26.25452238808646, 27.108488792687155, 60.912732358344705, 41.60702797160598, 26.10391766818954, 53.98494662184931, 70.05255962144405, 29.764594604645804, 24.411703012285706, 28.45809067128213, 28.408611677713242, 52.682599541345084, 41.40190486053393, 30.309071650024634, 58.14969260957308, 50.133779948058894, 16.36967628212131, 64.13369258462288, 67.28782750176737, 36.772954564160784, 85.63216668445082, 43.26233069322257, 31.135381650260832, 68.43997526722168, 36.84271819991486, 65.25629335529791, 87.37504186968357, 60.23892458769559, 69.66517061027041, 63.85124237895921, 69.4483027264473, 61.19409474848458, 37.75020534719628, 73.63983807269739, 67.8462722374192, 85.65656624718275], [51.61834461987227, 81.91615785194256, 22.038149431022553, 53.18442815678149, 64.0083117390989, 19.200832607208877, 60.41561801784043, 0.0, 23.803937882672724, 58.88622243087356, 64.87823721073528, 27.149764213457598, 63.64375398377689, 32.54261711911802, 71.32891738018905, 84.23619361289606, 84.83936453660671, 96.24697775077023, 63.62388587175672, 43.456660977288706, 31.99346859063334, 9.643888224878753, 83.11195106348593, 45.97314149434399, 43.08091044260219, 33.739584780421424, 86.3836275725471, 30.94115261596072, 85.63390369464595, 21.662957583599443, 39.91893207902861, 59.98611651506201, 51.37324052330008, 58.68885561452029, 93.21317187740038, 37.60245433990843, 36.22645270621548, 45.137049353519764, 26.49464919215212, 77.61932479491644, 39.363718614073754, 40.30069907170658, 64.42704723428352, 65.39754783763455, 52.954720694380896, 50.18226638195857, 38.0275523437955, 35.304976956345996, 48.71818299817114, 32.05111579841246, 54.15519908078203], [28.067134863109793, 61.76430390107208, 2.936552396955949, 35.014914891032646, 47.962750156949, 15.860003593955016, 39.48363728389828, 23.803937882672724, 0.0, 45.28492017777494, 44.30680484614051, 30.295399232321508, 40.889394874830664, 27.221029678372847, 48.33332802612465, 65.09775064801484, 61.88474780895523, 73.54231443396384, 41.37671028579838, 19.65289834367944, 20.76423263172244, 33.02561243129224, 66.03323926660204, 33.253674999024355, 32.42229165094485, 11.10851945718569, 63.61974951095456, 28.763439912996724, 67.80476978263212, 33.84644507390299, 23.81499231858916, 36.4633137724904, 39.214709734355395, 45.61434299167842, 75.02807709769145, 47.048633534478626, 16.93483616052488, 36.034794872179404, 30.162804591587104, 53.9481495504738, 32.72800894301733, 49.07530696400048, 46.993881034426686, 51.26190006127182, 40.130058209463385, 41.284849173469006, 46.715148765671294, 13.25627662391995, 42.886174916998634, 46.370227966792164, 52.86579715219001], [48.11994050954219, 85.18745130407063, 48.10617114335638, 14.707944063751851, 82.41089116521584, 60.82868992245161, 66.24586784130405, 58.88622243087356, 45.28492017777494, 0.0, 22.86141467614743, 75.40427882446416, 33.455970141066956, 27.47187286821196, 63.31220148018959, 90.64951267346854, 73.3057751869355, 53.76447040826711, 30.3564107854938, 41.76526517757293, 27.109369674886622, 63.55098539035945, 95.8810686891786, 74.05183752130922, 74.76257691318976, 48.25082956995085, 46.47072664632888, 73.99083360175119, 95.91842113461801, 76.95187229946261, 21.473624371270393, 51.95454398787848, 7.762131872030604, 1.382781992151723, 101.39987394637079, 46.75837207809134, 28.88530448185485, 78.76558850478011, 37.78265350765108, 49.8171137007109, 21.644897165933916, 46.26078528137827, 11.942646695136421, 6.521494802138497, 5.975675766385255, 12.683912349154822, 91.44169284024775, 34.415369125796175, 18.582679364815043, 89.17688268649808, 28.83409104802123], [33.25118176905687, 65.94285977197038, 47.17352682491264, 13.532285146476642, 67.87619359030282, 59.699316848642965, 50.01300947557995, 64.87823721073528, 44.30680484614051, 22.86141467614743, 0.0, 73.33246746866071, 12.183466929072143, 40.498764932640164, 43.28102010887938, 71.79819862357972, 51.65968721453587, 33.83107466275124, 8.823371113790065, 31.125099225250093, 35.2580353711146, 72.06987486601103, 78.3431527239205, 64.24543574475425, 66.17308108495621, 41.68890631774753, 25.08157959633358, 69.9937132547968, 77.70718622895062, 78.13788252402203, 26.110866694994375, 33.97166757554551, 26.343409318059017, 24.240681691545994, 82.33393094204885, 64.82713659749568, 28.692350417039403, 70.20394140835684, 51.5636348768696, 27.054762683416115, 37.591553687568506, 65.01300515414215, 12.073528884875357, 22.879771877065746, 24.733898013066685, 33.2462392856118, 90.03353984229229, 31.050695452888313, 39.38649793518878, 90.64936496018551, 50.99176211940299], [47.782072263983004, 65.68223297587852, 27.39568262202565, 65.18167853998173, 43.991531405282714, 14.57841214960682, 47.801557446069125, 27.149764213457598, 30.295399232321508, 75.40427882446416, 73.33246746866071, 0.0, 67.5217424913359, 53.659402046426216, 62.52784954584627, 66.29591143744365, 74.84484567379074, 99.01150157433578, 68.84181456376615, 43.76336995152549, 49.413260540958284, 33.89640625296244, 62.664348605320725, 25.679698377852542, 21.586103857463794, 32.11738844865377, 89.24899761715079, 6.665013677873278, 65.90395141884275, 11.290477473002237, 54.00261264432213, 54.76085010451286, 68.95884084437658, 75.65039911735002, 73.5273872287096, 64.51732284715858, 47.21009731421286, 21.723331046310218, 51.31462510645372, 76.56330888353929, 60.20023494674411, 67.1593278220496, 77.16189948950881, 81.48827901336644, 70.04437796265509, 70.05544280686152, 16.701238023934103, 42.88707169373013, 70.41215182519775, 20.17849053001284, 78.29151685044246], [23.026832468212103, 53.7630486542938, 43.48765557882613, 20.53413187224838, 56.688665278866125, 54.982728905443956, 38.52183850393613, 63.64375398377689, 40.889394874830664, 33.455970141066956, 12.183466929072143, 67.5217424913359, 0.0, 44.85340398337531, 31.10013603752179, 59.633409517854915, 39.94274839242136, 32.67884943159501, 3.363615195520431, 23.781830556059955, 37.96549050041504, 71.86492054201294, 66.32070781487748, 55.01932971694578, 57.4451818582686, 35.420681373963696, 22.77187771572437, 63.34256234408567, 65.59262850842502, 73.81532352932233, 29.211353915365475, 22.22700372102017, 35.094108548636896, 34.782725779896595, 70.15374660888196, 70.39591409299408, 28.438423542760727, 61.37412659446119, 55.32415590063806, 17.45914744320988, 43.674282445086014, 71.01652720211368, 23.935163051503174, 34.578860415784774, 33.8604914679278, 41.9150840076999, 84.07767814195154, 28.342105321990463, 47.761714227220715, 86.11433238228256, 59.95766287760198], [45.94980614933877, 84.15182766150015, 29.162122592014452, 26.990407493341007, 73.96171481030032, 39.68399355638541, 62.198007692323955, 32.54261711911802, 27.221029678372847, 27.47187286821196, 40.498764932640164, 53.659402046426216, 44.85340398337531, 0.0, 66.07515621860331, 88.44933176363745, 78.7984214850209, 74.3083029362378, 43.23573710232742, 36.58481908449422, 8.289802110746926, 36.209560341350844, 90.97137296293025, 60.41498081010314, 59.632567311756674, 35.742758717356224, 65.24125895996566, 54.12204648964143, 92.18132412789305, 52.581655988060206, 15.679060811613168, 53.16546068509436, 19.713209954437374, 27.007291476863404, 98.93494627693703, 25.74508605180694, 19.608867031219695, 63.18955102718625, 11.123819549360755, 62.01341170442324, 6.845749716191807, 26.713884062363185, 35.65313863965687, 33.93195886476686, 21.531515958871896, 17.64284635527516, 68.26725654137691, 24.517754523148675, 16.791025036063818, 64.15000845809752, 25.658192554598983], [20.747124687403524, 22.760233747537466, 49.488579458536435, 48.94926304067174, 32.25595619141919, 55.39131668825938, 15.991768675339168, 71.32891738018905, 48.33332802612465, 63.31220148018959, 43.28102010887938, 62.52784954584627, 31.10013603752179, 66.07515621860331, 0.0, 28.76732838091668, 13.553167197614624, 46.574534738611376, 34.46342614240769, 30.248068146551798, 57.84880225038925, 80.8926721372116, 36.38408358038742, 40.29510170940285, 44.243503106531925, 37.63675718273459, 39.34710257373378, 56.38446325131949, 35.06754488164258, 72.28786994667787, 51.734482568832696, 12.912619230568456, 63.09687628503514, 64.5413257195603, 39.1218173337632, 91.17966679182591, 46.474648670369895, 47.07620804732126, 74.22144306234267, 23.25711543153484, 67.58325055408217, 92.53346413982298, 54.90648533970528, 65.33738390856907, 62.33698491658944, 69.3179299798344, 76.70238011910622, 42.20872426433061, 74.41189123235793, 82.70221526730944, 86.80938842820473], [43.499059840302515, 6.1716139889548165, 65.03690027006816, 75.98716621283312, 22.555299092734813, 65.42931829094343, 26.25452238808646, 84.23619361289606, 65.09775064801484, 90.64951267346854, 71.79819862357972, 66.29591143744365, 59.633409517854915, 88.44933176363745, 28.76732838091668, 0.0, 26.89223008350926, 72.18444677875054, 62.98121130909461, 52.176101729722205, 80.2266924130427, 93.71462080726545, 9.905131582812556, 40.644666655160954, 44.71289437923852, 54.20425666769386, 66.51673960814665, 59.64883743122238, 6.883101275668577, 77.51246733246265, 76.05024455878122, 38.70251892733118, 89.37440936459977, 91.79471761811074, 10.769664858567578, 111.72323171847647, 69.40534014272743, 45.22242395813667, 94.55190224098209, 50.94011983040354, 91.38752850143118, 113.52335356508031, 83.14417610169103, 93.29749325504223, 88.89889512897048, 95.04067558597984, 75.73227182538233, 63.97974097785613, 99.50608419339456, 84.78098515177686, 111.65045745436898], [34.16503031936964, 21.034687959656686, 63.03444950750541, 59.55260552679644, 39.25244100527208, 68.5853869510515, 27.108488792687155, 84.83936453660671, 61.88474780895523, 73.3057751869355, 51.65968721453587, 74.84484567379074, 39.94274839242136, 78.7984214850209, 13.553167197614624, 26.89223008350926, 0.0, 45.57615387170893, 43.18723717826076, 43.57573860400166, 70.65901380912129, 94.41716481365138, 36.45081644864358, 51.19617712777925, 55.35735147028796, 51.176394109628305, 40.82616120999799, 68.49382614592966, 33.77332082517809, 84.98331247658416, 63.99068083134819, 26.023013519816217, 74.0648876744953, 74.6078991721457, 35.1722418744549, 104.16160781478843, 59.29328779445891, 57.69149400527088, 87.33559867335296, 26.528565341744976, 79.82109569372928, 105.41405162353142, 63.69957336933733, 74.44969523709203, 73.09411605430252, 80.57882876680536, 88.21252896553474, 55.36319443647729, 85.98016925641397, 94.93418377374526, 98.3909246828109], [51.7094078489172, 66.10629564487053, 76.09769936899015, 47.36335961606416, 78.61507159585597, 87.22288585432347, 60.912732358344705, 96.24697775077023, 73.54231443396384, 53.76447040826711, 33.83107466275124, 99.01150157433578, 32.67884943159501, 74.3083029362378, 46.574534738611376, 72.18444677875054, 45.57615387170893, 0.0, 32.679254929550616, 55.547071053253696, 68.67729711049522, 104.26263532690837, 81.30998895540556, 82.74709165167585, 85.94376839982186, 67.29389812015931, 9.925002077284901, 94.23054858836082, 79.04308279978612, 106.05843864358383, 59.51720887664198, 46.48186801112566, 59.137103572633066, 55.077997939976164, 80.7316472762664, 98.50812669592975, 60.50168857917105, 89.5417516799223, 85.33973386058229, 24.114697606652996, 71.3136131442875, 98.56333336377709, 41.8735582282423, 50.747401029174576, 57.31403521803893, 65.78293068608309, 115.25231477766287, 60.98130031534943, 71.94655579870773, 118.18787969857213, 82.56175609483273], [25.60128911319817, 57.11975881122655, 44.07400550253333, 17.966746721528136, 59.682406462133706, 55.93677026485764, 41.60702797160598, 63.62388587175672, 41.37671028579838, 30.3564107854938, 8.823371113790065, 68.84181456376615, 3.363615195520431, 43.23573710232742, 34.46342614240769, 62.98121130909461, 43.18723717826076, 32.679254929550616, 0.0, 25.329385729489726, 36.71288919096052, 71.58420159260044, 69.60992555480979, 57.36638818828205, 59.638265360091836, 36.739377170445714, 22.920779582893122, 64.90558757101296, 68.91798322328295, 74.7109655532844, 27.74016988095947, 25.388551740065974, 32.37532946954324, 31.697918568576622, 73.51077448260658, 68.57500012669246, 27.853282846544822, 63.606923727506654, 53.916759757479376, 19.91167912985491, 41.62122139040959, 69.0868072150328, 20.601288292094996, 31.282034273222074, 31.05479482073117, 39.25136377726175, 85.47315100451931, 28.471036628326473, 45.188357782619, 87.09628903847478, 57.28075946706903], [9.548367550963196, 47.64395083006966, 21.6403299607265, 27.625760207397967, 40.76885138483649, 31.717852516149236, 26.10391766818954, 43.456660977288706, 19.65289834367944, 41.76526517757293, 31.125099225250093, 43.76336995152549, 23.781830556059955, 36.58481908449422, 30.248068146551798, 52.176101729722205, 43.57573860400166, 55.547071053253696, 25.329385729489726, 0.0, 28.297413817504676, 52.622930627712364, 55.677221669274914, 33.47702682156715, 35.12341459380235, 11.754557445001819, 45.68615112438481, 39.5969945969568, 56.4064510439766, 50.5286956178397, 24.05640346462338, 17.576085764670285, 38.612608644454475, 42.64205865118444, 62.8115490133959, 61.12410624226772, 17.2408305386381, 39.17291433624472, 44.058145228170304, 34.56529019060143, 39.211539998453304, 62.600964933080206, 38.302949494535504, 46.15915067677633, 38.56657181570006, 43.54052636711084, 60.29656515431221, 12.148271868201467, 47.55858495995806, 62.646930179594364, 59.553285304213276], [37.66298449894267, 75.88449984908225, 23.139087759155345, 22.242817959474632, 66.19017337002248, 34.956583190698275, 53.98494662184931, 31.99346859063334, 20.76423263172244, 27.109369674886622, 35.2580353711146, 49.413260540958284, 37.96549050041504, 8.289802110746926, 57.84880225038925, 80.2266924130427, 70.65901380912129, 68.67729711049522, 36.71288919096052, 28.297413817504676, 0.0, 37.67795093781943, 82.91752034556941, 53.41118684421601, 52.97935201259353, 28.08820247531648, 59.28745773917855, 48.99186174449815, 84.04738610734101, 49.99256926074191, 9.17086653050016, 44.936236247954646, 19.92538255055189, 27.059193751356737, 90.7434025461471, 33.58678388434296, 11.378734425607405, 56.69340109130057, 17.438783614750147, 54.77475703462836, 12.156688797540319, 34.75679566716878, 32.7079688542359, 33.5702635838771, 21.29890389317348, 20.728258443663393, 64.92201001214892, 16.2568511530811, 22.157358850988068, 62.11940778862464, 32.75789138006092], [61.020674429270954, 91.49061517760201, 31.474511962411146, 59.703580268023515, 73.19368782675937, 28.3968146694128, 70.05255962144405, 9.643888224878753, 33.02561243129224, 63.55098539035945, 72.06987486601103, 33.89640625296244, 71.86492054201294, 36.209560341350844, 80.8926721372116, 93.71462080726545, 94.41716481365138, 104.26263532690837, 71.58420159260044, 52.622930627712364, 37.67795093781943, 0.0, 92.333795382404, 54.93124044259751, 51.80077786416535, 43.2675481787367, 94.47617565056603, 38.6829631903735, 94.95117027908793, 25.760500928019663, 46.34549555105284, 69.40745156845625, 55.83198816594966, 63.16555839502922, 102.55623538965943, 34.21633661979723, 43.801071052519895, 53.525638091235024, 27.6185861854157, 86.44419781660115, 42.69692263831166, 36.993233832010155, 70.37149941425133, 70.05392624193784, 57.577015149256276, 53.519960001067474, 41.54509647130014, 43.69533763738083, 50.99478031463683, 33.26945741896032, 54.29454122648677], [47.87290340846409, 15.416166028774033, 65.53100908882713, 81.17598589367937, 19.150299132016304, 63.957264606290224, 29.764594604645804, 83.11195106348593, 66.03323926660204, 95.8810686891786, 78.3431527239205, 62.664348605320725, 66.32070781487748, 90.97137296293025, 36.38408358038742, 9.905131582812556, 36.45081644864358, 81.30998895540556, 69.60992555480979, 55.677221669274914, 82.91752034556941, 92.333795382404, 0.0, 37.680687139817564, 41.351827103357344, 55.64130190723789, 75.17185077475477, 56.1671611126481, 4.099234381971494, 73.95305263860955, 79.72907190476003, 44.505078593450676, 93.8982296371949, 96.95201933783713, 11.036660855919035, 113.07290300591085, 72.61595359999184, 40.99792462129674, 96.0663593270931, 59.31254818250444, 94.53547334138618, 115.04896228870307, 89.24717078870668, 99.03761203529018, 93.60783948515582, 99.16342917808123, 70.26146857935655, 66.88169029967403, 103.21868504413511, 80.01538861443818, 115.09577813762894], [32.104339628593266, 40.0691462207975, 31.70613655317826, 60.67045475167642, 18.6113954902723, 26.801698942712697, 24.411703012285706, 45.97314149434399, 33.253674999024355, 74.05183752130922, 64.24543574475425, 25.679698377852542, 55.01932971694578, 60.41498081010314, 40.29510170940285, 40.644666655160954, 51.19617712777925, 82.74709165167585, 57.36638818828205, 33.47702682156715, 53.41118684421601, 54.93124044259751, 37.680687139817564, 0.0, 4.264332334982624, 26.04532036257572, 73.6722756817883, 19.019510580184317, 40.638862358448094, 36.86899559504759, 53.70753896542162, 36.26912117410908, 69.5361014742192, 74.74237169790563, 48.29595218325037, 78.9464715112169, 45.86172868395511, 6.872481315715985, 62.7649866086948, 58.8252423645337, 65.56205051456244, 81.22520593869795, 71.73406655844266, 79.03723270562065, 69.95239351257561, 73.00760002720578, 37.10703314916247, 39.93484126196074, 75.47578002064778, 44.80293632092078, 85.99326257857416], [34.77988534878098, 44.2795778863755, 30.564631579792945, 61.78323191943129, 22.454692060339053, 24.098688711417896, 28.45809067128213, 43.08091044260219, 32.42229165094485, 74.76257691318976, 66.17308108495621, 21.586103857463794, 57.4451818582686, 59.632567311756674, 44.243503106531925, 44.71289437923852, 55.35735147028796, 85.94376839982186, 59.638265360091836, 35.12341459380235, 52.97935201259353, 51.80077786416535, 41.351827103357344, 4.264332334982624, 0.0, 26.51237271504939, 76.72866945699357, 14.95464062092981, 44.447926015228276, 32.8317844786106, 54.00435859925296, 39.551255949541094, 69.88387123575849, 75.38454840407839, 52.095183639184874, 77.07465811525539, 46.19090416120242, 4.061869465107765, 61.24605825337292, 62.15646592600513, 65.07174429183853, 79.42785690934805, 73.10802956092121, 79.9692432281658, 70.41612594141452, 72.99141559704259, 32.88814807493277, 40.39828607450402, 75.13010025428703, 40.549984540544905, 85.28543611201701], [18.10425591803935, 50.72029644314348, 11.869668710093318, 35.53720597632195, 38.22343761031915, 20.064831859743915, 28.408611677713242, 33.739584780421424, 11.10851945718569, 48.25082956995085, 41.68890631774753, 32.11738844865377, 35.420681373963696, 35.742758717356224, 37.63675718273459, 54.20425666769386, 51.176394109628305, 67.29389812015931, 36.739377170445714, 11.754557445001819, 28.08820247531648, 43.2675481787367, 55.64130190723789, 26.04532036257572, 26.51237271504939, 0.0, 57.43926568941129, 28.323238180178308, 57.19287856117692, 38.81846164238872, 27.662272125435937, 26.36655532855917, 43.50129133983244, 48.874619735242376, 64.28991024552398, 57.59186027216305, 19.816572780889018, 30.516960799872194, 40.48326996618156, 45.89434249642676, 40.18060456298139, 59.48148064237147, 47.161766087484516, 53.51969541901318, 43.95902650715581, 47.03914602185735, 48.73377938996532, 13.917397597579305, 49.807061582434436, 50.89513195810217, 60.84105893414677], [42.21540536934418, 60.35330035418395, 66.17270651583819, 38.50028035260451, 70.75605779029159, 77.33334951279517, 52.682599541345084, 86.3836275725471, 63.61974951095456, 46.47072664632888, 25.08157959633358, 89.24899761715079, 22.77187771572437, 65.24125895996566, 39.34710257373378, 66.51673960814665, 40.82616120999799, 9.925002077284901, 22.920779582893122, 45.68615112438481, 59.28745773917855, 94.47617565056603, 75.17185077475477, 73.6722756817883, 76.72866945699357, 57.43926568941129, 0.0, 84.57254898924369, 73.26794997047789, 96.17373309004275, 50.166028727482484, 37.542240862347306, 51.131511317312835, 47.83007814286077, 75.7527654392715, 89.89057428098785, 50.77403455770412, 80.40886217513439, 76.18243905682908, 16.112353047132373, 62.65406756232015, 90.09454439954843, 34.55032187167061, 44.33501823888163, 49.40074603134668, 57.94174990035486, 105.56202476279601, 51.097967035037236, 64.11994845973378, 108.33303052452064, 75.25853012140496], [42.64412704917942, 59.01926596913643, 26.04831779590069, 62.835214653818454, 37.39452078586447, 14.521308276825954, 41.40190486053393, 30.94115261596072, 28.763439912996724, 73.99083360175119, 69.9937132547968, 6.665013677873278, 63.34256234408567, 54.12204648964143, 56.38446325131949, 59.64883743122238, 68.49382614592966, 94.23054858836082, 64.90558757101296, 39.5969945969568, 48.99186174449815, 38.6829631903735, 56.1671611126481, 19.019510580184317, 14.95464062092981, 28.323238180178308, 84.57254898924369, 0.0, 59.35030209645847, 17.877148291564936, 52.52208679644725, 49.2161357511668, 67.96856977530591, 74.35454511038859, 66.98594595762636, 67.43401784242855, 45.278049773608515, 15.405829196169712, 53.13836240587079, 71.35371576739345, 60.38271397549388, 69.98906502584305, 74.7421351092695, 79.85744092160014, 68.8926667684375, 69.71492991101027, 21.056626159521016, 40.40003410100296, 70.65502569369126, 26.444434180228065, 79.35589651733063], [48.19536896314816, 12.949110962344033, 67.46187349884853, 81.21573161326681, 22.02810101530907, 66.55445717697401, 30.309071650024634, 85.63390369464595, 67.80476978263212, 95.91842113461801, 77.70718622895062, 65.90395141884275, 65.59262850842502, 92.18132412789305, 35.06754488164258, 6.883101275668577, 33.77332082517809, 79.04308279978612, 68.91798322328295, 56.4064510439766, 84.04738610734101, 94.95117027908793, 4.099234381971494, 40.638862358448094, 44.447926015228276, 57.19287856117692, 73.26794997047789, 59.35030209645847, 0.0, 77.19253337681725, 80.44284704078002, 44.15828589113297, 94.26083549712249, 97.02557253922564, 7.6574653767106, 114.7627339766375, 73.5134550149173, 44.334638165692645, 97.67602582848215, 57.59208727528477, 95.49458512822653, 116.67407772086159, 88.85105628075804, 98.83211311187951, 93.88600351662075, 99.7107835059861, 73.96614858942229, 67.89297548257578, 103.94881625017781, 83.57058141667359, 115.95084069210247], [55.96539988743333, 76.74655926881697, 30.96504702171636, 68.48077346474737, 55.26490617878618, 18.84503255439339, 58.14969260957308, 21.662957583599443, 33.84644507390299, 76.95187229946261, 78.13788252402203, 11.290477473002237, 73.81532352932233, 52.581655988060206, 72.28786994667787, 77.51246733246265, 84.98331247658416, 106.05843864358383, 74.7109655532844, 50.5286956178397, 49.99256926074191, 25.760500928019663, 73.95305263860955, 36.86899559504759, 32.8317844786106, 38.81846164238872, 96.17373309004275, 17.877148291564936, 77.19253337681725, 0.0, 56.16752974545114, 63.50989402202038, 69.91782994913231, 76.99604974392784, 84.81742557183837, 58.87973300276997, 50.35419290275888, 32.99133394091029, 47.96057923518809, 84.523563063134, 59.39346975096638, 61.6224932729811, 80.37048879897215, 83.30558155212255, 71.25209688654361, 69.8968950553503, 16.368674507461833, 47.09340599821084, 69.2574613256762, 12.529315892771194, 75.5940421943431], [32.61972011908212, 71.26752324812131, 26.651071225528703, 13.36223776886693, 64.24910189884626, 39.44459333026662, 50.133779948058894, 39.91893207902861, 23.81499231858916, 21.473624371270393, 26.110866694994375, 54.00261264432213, 29.211353915365475, 15.679060811613168, 51.734482568832696, 76.05024455878122, 63.99068083134819, 59.51720887664198, 27.74016988095947, 24.05640346462338, 9.17086653050016, 46.34549555105284, 79.72907190476003, 53.70753896542162, 54.00435859925296, 27.662272125435937, 50.166028727482484, 52.52208679644725, 80.44284704078002, 56.16752974545114, 0.0, 38.96140953338908, 15.880570245697324, 21.842590640976404, 86.7443696088932, 41.37347366012378, 7.845932124329478, 57.93763291165795, 26.177222838337276, 46.33467852962795, 15.856733920610775, 42.19302462915774, 24.57621340948301, 27.486140273778894, 16.515733747488735, 19.700337652257353, 70.18816123094986, 13.824609547808292, 23.50645781910832, 68.57248147824751, 35.60566860152456], [8.396194259909569, 33.26383646962214, 37.953107017067836, 37.31756329560103, 34.69555637599123, 45.53824891268277, 16.36967628212131, 59.98611651506201, 36.4633137724904, 51.95454398787848, 33.97166757554551, 54.76085010451286, 22.22700372102017, 53.16546068509436, 12.912619230568456, 38.70251892733118, 26.023013519816217, 46.48186801112566, 25.388551740065974, 17.576085764670285, 44.936236247954646, 69.40745156845625, 44.505078593450676, 36.26912117410908, 39.551255949541094, 26.36655532855917, 37.542240862347306, 49.2161357511668, 44.15828589113297, 63.50989402202038, 38.96140953338908, 0.0, 51.01208085115404, 53.110591905077435, 49.44636905728493, 78.28934472716163, 33.56271502051684, 43.08029657766748, 61.37084282214029, 22.606449124484968, 54.78351037487886, 79.62675249735828, 44.74748921569385, 54.67711537785292, 50.407605932081935, 57.002917283905674, 70.18883774747555, 29.366804393522873, 61.89992967031477, 74.76630659915887, 74.25813815959515], [46.07140161547231, 84.18590057169932, 41.92980325997889, 14.614403838414852, 79.33622315788377, 54.396972916709736, 64.13369258462288, 51.37324052330008, 39.214709734355395, 7.762131872030604, 26.343409318059017, 68.95884084437658, 35.094108548636896, 19.713209954437374, 63.09687628503514, 89.37440936459977, 74.0648876744953, 59.137103572633066, 32.37532946954324, 38.612608644454475, 19.92538255055189, 55.83198816594966, 93.8982296371949, 69.5361014742192, 69.88387123575849, 43.50129133983244, 51.131511317312835, 67.96856977530591, 94.26083549712249, 69.91782994913231, 15.880570245697324, 51.01208085115404, 0.0, 7.346168435034385, 100.14180022817972, 39.93237280008023, 23.701656814165833, 73.81804743671104, 30.073605131388153, 52.279683654487904, 13.972660976100663, 39.684959204790644, 17.672665052730952, 14.227483811788979, 1.9688008517126871, 6.924981825789273, 84.73397211601628, 29.602355064935292, 13.043101131391989, 82.02408085130659, 24.90808838025827], [49.15213661032539, 86.35741565705314, 48.41101516027521, 15.814098285504496, 83.33743632060218, 61.07198801150166, 67.28782750176737, 58.68885561452029, 45.61434299167842, 1.382781992151723, 24.240681691545994, 75.65039911735002, 34.782725779896595, 27.007291476863404, 64.5413257195603, 91.79471761811074, 74.6078991721457, 55.077997939976164, 31.697918568576622, 42.64205865118444, 27.059193751356737, 63.16555839502922, 96.95201933783713, 74.74237169790563, 75.38454840407839, 48.874619735242376, 47.83007814286077, 74.35454511038859, 97.02557253922564, 76.99604974392784, 21.842590640976404, 53.110591905077435, 7.346168435034385, 0.0, 102.54989004415344, 45.73153160187081, 29.378712987108855, 79.37597386432668, 37.144343707871926, 51.18635287539654, 20.999665554492495, 45.18084739888779, 13.289955106433426, 6.94745869372379, 5.762778064977642, 11.644056553190092, 91.60898590204569, 34.99982729522477, 17.428903285104838, 89.17355650776689, 27.499781597771292], [54.23388433957067, 16.391150476991747, 74.78341321322122, 86.74532575623729, 29.684845267539142, 74.16192865164722, 36.772954564160784, 93.21317187740038, 75.02807709769145, 101.39987394637079, 82.33393094204885, 73.5273872287096, 70.15374660888196, 98.93494627693703, 39.1218173337632, 10.769664858567578, 35.1722418744549, 80.7316472762664, 73.51077448260658, 62.8115490133959, 90.7434025461471, 102.55623538965943, 11.036660855919035, 48.29595218325037, 52.095183639184874, 64.28991024552398, 75.7527654392715, 66.98594595762636, 7.6574653767106, 84.81742557183837, 86.7443696088932, 49.44636905728493, 100.14180022817972, 102.54989004415344, 0.0, 121.88073317950007, 80.01741291994058, 51.92124192202756, 104.74890616047901, 60.56916561633668, 102.01011177284917, 123.74278517868352, 93.77566146832187, 103.98795133242953, 99.6685594986072, 105.78994069515775, 81.29322369967069, 74.52026336178399, 110.21818582030845, 91.04136322735509, 122.33286296947172], [70.65977643155809, 107.92520571138489, 47.773745911507575, 51.40970402719594, 94.92118976253052, 53.6042753822582, 85.63216668445082, 37.60245433990843, 47.048633534478626, 46.75837207809134, 64.82713659749568, 64.51732284715858, 70.39591409299408, 25.74508605180694, 91.17966679182591, 111.72323171847647, 104.16160781478843, 98.50812669592975, 68.57500012669246, 61.12410624226772, 33.58678388434296, 34.21633661979723, 113.07290300591085, 78.9464715112169, 77.07465811525539, 57.59186027216305, 89.89057428098785, 67.43401784242855, 114.7627339766375, 58.87973300276997, 41.37347366012378, 78.28934472716163, 39.93237280008023, 45.73153160187081, 121.88073317950007, 0.0, 44.8939478710847, 79.95671478007709, 17.19639388225926, 87.67397945506363, 27.23696255627498, 2.776932083233729, 57.59697697235908, 52.1586380962481, 41.87608263174828, 34.08902264897314, 75.1547496209146, 49.013203521490254, 28.571583222715297, 67.4703925451297, 24.64230808732924], [26.417650317911047, 64.87375122865319, 19.861298188170128, 18.149168031982697, 56.69527805640769, 32.790628470278044, 43.26233069322257, 36.22645270621548, 16.93483616052488, 28.88530448185485, 28.692350417039403, 47.21009731421286, 28.438423542760727, 19.608867031219695, 46.474648670369895, 69.40534014272743, 59.29328779445891, 60.50168857917105, 27.853282846544822, 17.2408305386381, 11.378734425607405, 43.801071052519895, 72.61595359999184, 45.86172868395511, 46.19090416120242, 19.816572780889018, 50.77403455770412, 45.278049773608515, 73.5134550149173, 50.35419290275888, 7.845932124329478, 33.56271502051684, 23.701656814165833, 29.378712987108855, 80.01741291994058, 44.8939478710847, 0.0, 50.13910993063615, 28.335659532622167, 44.445592838423906, 21.99423675802329, 46.12204794438019, 30.101603402057048, 34.59523806727879, 24.24181821488634, 27.39714298662188, 63.6474259403536, 6.022404814348854, 30.74155675661792, 62.867333101463615, 42.47985147427552], [38.61262364850217, 45.3368740706471, 34.04510119361063, 65.8349065081502, 22.6812451674906, 26.54391300996792, 31.135381650260832, 45.137049353519764, 36.034794872179404, 78.76558850478011, 70.20394140835684, 21.723331046310218, 61.37412659446119, 63.18955102718625, 47.07620804732126, 45.22242395813667, 57.69149400527088, 89.5417516799223, 63.606923727506654, 39.17291433624472, 56.69340109130057, 53.525638091235024, 40.99792462129674, 6.872481315715985, 4.061869465107765, 30.516960799872194, 80.40886217513439, 15.405829196169712, 44.334638165692645, 32.99133394091029, 57.93763291165795, 43.08029657766748, 73.81804743671104, 79.37597386432668, 51.92124192202756, 79.95671478007709, 50.13910993063615, 0.0, 64.39972227634563, 65.6583880649203, 68.74628582672612, 82.36089397372025, 77.16947535321705, 84.00133190586315, 74.37546149876431, 76.82594147105935, 31.048443004710574, 44.37969206684314, 78.8507532276936, 39.56511579777953, 88.84721806856567], [53.60566275443262, 90.72910643530399, 31.172816992800644, 38.0809466559548, 78.12554931407347, 38.74951113662659, 68.43997526722168, 26.49464919215212, 30.162804591587104, 37.78265350765108, 51.5636348768696, 51.31462510645372, 55.32415590063806, 11.123819549360755, 74.22144306234267, 94.55190224098209, 87.33559867335296, 85.33973386058229, 53.916759757479376, 44.058145228170304, 17.438783614750147, 27.6185861854157, 96.0663593270931, 62.7649866086948, 61.24605825337292, 40.48326996618156, 76.18243905682908, 53.13836240587079, 97.67602582848215, 47.96057923518809, 26.177222838337276, 61.37084282214029, 30.073605131388153, 37.144343707871926, 104.74890616047901, 17.19639388225926, 28.335659532622167, 64.39972227634563, 0.0, 72.21254187638988, 16.145798442021366, 18.99829840358666, 46.64610409287541, 44.08330143188232, 31.98684576408785, 26.505372703159082, 64.22669910568376, 32.012889634425676, 23.420687199472695, 58.4937004912316, 27.664050831932645], [28.781302872085146, 44.77016950450053, 56.13523775289592, 37.8572859988501, 54.74532084608611, 65.92714592193225, 36.84271819991486, 77.61932479491644, 53.9481495