instance_id,num_cities,city_coordinates,distance_matrix,best_route,total_distance
548,94,"[[97.80418211448522, 63.706936867950844], [5.174957680379045, 86.68253338706295], [71.2432291598643, 4.4443308641162975], [29.66804828507661, 89.01970173155446], [34.514594375007114, 2.6497284022692247], [26.422409193390695, 88.07173744749515], [71.87868694361441, 40.91881849706621], [27.364181887990725, 16.993095702600925], [31.431580423965322, 75.93168236627803], [72.30800638415718, 48.21203537981227], [36.00504200074859, 32.4575993854342], [34.49485449405113, 9.692147562130682], [65.73921627933095, 51.684261824568445], [91.08153931341492, 16.83476100115301], [67.38613411840691, 80.75139531537953], [10.83447390152913, 82.47817165407825], [30.143317565401727, 43.279748713562086], [38.849458214867674, 61.27367638901229], [45.11685910754897, 83.83228596223084], [93.65574896916083, 97.18730580672776], [94.07517726285181, 72.4948986244931], [39.69506265121452, 59.55089641215026], [39.72615521945709, 86.20744491358559], [98.83157370175124, 91.92386748971502], [12.807162332306532, 94.09075844536606], [91.89190441633322, 38.422406263939635], [84.6634882238379, 1.1314374762106505], [86.49152142531594, 18.385147754303112], [11.929143936829512, 40.96877293406935], [96.88649860909389, 32.31832672493844], [98.29651323414927, 99.31272218388764], [53.47620878801796, 4.60070955747277], [16.00433108592313, 14.235979856403368], [51.303963305099956, 24.648887373759433], [17.478977142413477, 26.64749805813853], [1.875094461999538, 27.05201151718183], [18.471059876571715, 26.81709510058674], [85.83608872654989, 39.31164318348797], [65.03464493370089, 67.40076311803398], [92.18228053034701, 48.471921263885264], [57.86642036163791, 5.465717623221034], [48.976789983534744, 81.9991038271289], [33.24527825382773, 97.94859820850982], [66.31382800400073, 73.23889909624948], [94.19155861055458, 13.745807850585223], [52.98191012804282, 52.35713605701895], [80.05401724245903, 97.2164579051153], [70.77850771119344, 94.69365315589312], [72.93259657126274, 32.756706021581905], [43.06758937311346, 11.110437565020392], [25.65771696192205, 67.92462221927376], [32.002931146023414, 63.899929730128505], [78.61875055667906, 50.10323056937902], [37.09047412162321, 91.29058931175268], [25.101982744162843, 91.6391530427608], [15.321121222387902, 75.16621237871225], [82.97660307170463, 52.31628364601521], [75.86237835395593, 32.12643199944728], [7.122217477622684, 84.22395399657626], [72.63415249173485, 79.73655916577485], [52.51333133535604, 77.47336133281918], [84.1476639176503, 76.72314711332207], [57.11419881370784, 77.47218651317542], [99.27320606332145, 26.779291969408703], [11.914685270871129, 24.24047282816415], [46.9579678145589, 31.969214383332577], [43.42221986590986, 58.62133893808458], [74.88575013602875, 14.46865915927551], [17.951077846698837, 35.93154720404124], [9.767268789053807, 70.13025841688447], [91.68618808778602, 17.59682870318394], [66.9678225175552, 20.40656286130438], [87.09246664684859, 18.94829620220867], [1.669593170191408, 18.293085584009038], [21.3682527858868, 99.56578707427556], [71.84499199068388, 58.20624202799607], [79.96447376617746, 68.15059687260086], [90.54833127689452, 96.18321051164466], [42.642867209033085, 19.882892824718525], [79.32951956974951, 29.452687290655565], [48.96492794955353, 16.767369595834904], [86.97629286498882, 97.07864303094541], [24.512875260598843, 30.343594970580455], [27.119474971756485, 34.98084199005256], [49.17180106102723, 87.11322814944849], [68.85845164258266, 97.8971414340021], [57.53156909929047, 34.04690591871147], [29.19857127681994, 40.580191385564646], [22.07323056850966, 94.297195104042], [31.72118650069905, 40.546314472844166], [45.884544014588144, 36.99532189513778], [49.32813219720631, 90.35423188265604], [91.57948057751231, 74.46045753239643], [73.68995882509738, 88.05154740111094]]","[[0.0, 95.43611085261723, 64.94259536100564, 72.68609769590857, 87.94063123411613, 75.42546660538247, 34.517091979775685, 84.52204794212031, 67.48901138457487, 29.835330549516076, 69.25066650865875, 83.22060098018761, 34.244806163977344, 47.35181936017673, 34.86791085880893, 88.97240809398518, 70.67717175597947, 59.00491697001615, 56.40020994467902, 33.73639876806421, 9.546399793532364, 58.25755261823926, 62.284268241115946, 28.235628329949343, 90.26444474708897, 25.96656533785793, 63.94037034654533, 46.712320219940196, 88.83437555979046, 31.40202206428893, 35.609188953077414, 73.88176585673827, 95.59597907827153, 60.72727212390996, 88.4620854304462, 102.6935899183037, 87.49059783563538, 27.172883786847787, 32.97706656767108, 16.239195727555515, 70.61915061043909, 52.141323289422274, 73.07765348621389, 32.9013784806263, 50.091570760667956, 46.236933770249614, 37.92039494947647, 41.11646462504002, 39.705321518372834, 75.9110421734411, 72.26964303034003, 65.80153398864913, 23.518962755977718, 66.68592220538733, 77.88336467897633, 83.27526841362308, 18.697702561873708, 38.45479215930252, 92.97401089690331, 29.84089781191289, 47.33683139843933, 18.86590094355925, 42.95528883400619, 36.95685307375453, 94.52305248907787, 59.93847292970246, 54.619237676021584, 54.31079557572114, 84.54578955917307, 88.27093047878513, 46.51421208488036, 53.15828686391843, 46.022567969471616, 106.32157391577836, 84.42931025684224, 26.53558357387246, 18.38481188888283, 33.27695480595313, 70.45081616561743, 38.91872004891084, 67.73917421315596, 35.08438338960241, 80.52781036953235, 76.29886205434089, 53.97187191939012, 44.79760485584536, 50.01600538809023, 72.39873061743724, 81.6758282542004, 70.02411541048126, 58.38800557374858, 55.317318691195155, 12.425180719210932, 34.265957258797016], [95.43611085261723, 0.0, 105.48999218168589, 24.60434602342475, 89.0074524687969, 21.292817655709694, 80.89317089937761, 73.1367171515934, 28.37236394046369, 77.37457880460305, 62.37657867086082, 82.3843180383033, 69.94932760222096, 110.71879729814327, 62.493270618753876, 7.050303641634663, 50.07215506409017, 42.185092155815695, 40.04346888071163, 89.10219228884276, 90.02520770299815, 43.90630219155275, 34.554463683322076, 93.80316256795597, 10.636369040390326, 99.24146674221583, 116.77934962786118, 106.19282661062515, 46.21003058579929, 106.6136656602779, 93.97417612193975, 95.238840090349, 73.25147402494662, 77.3049700706842, 61.28290431978012, 59.721756803818025, 61.32419616141324, 93.54260687155721, 62.88854285776632, 95.02802275300951, 96.81198997184354, 44.051504237161275, 30.246770301260582, 62.59946299604944, 115.08136761937448, 58.85352669295679, 75.61638133799809, 66.09087544129, 86.59730068032755, 84.53989119662506, 27.774136515188125, 35.19640876087049, 82.04898601862595, 32.246462893104955, 20.53422524235862, 15.348299064996402, 85.05371918300598, 89.29210289885117, 3.136308871474116, 67.815850082995, 48.225827833463725, 79.59822677288686, 52.74955221652032, 111.54765206439664, 62.804735926801136, 68.8430621942178, 47.4371552540001, 100.37150101389025, 52.33442313672239, 17.177518098003983, 110.7114609165266, 90.61380917893663, 106.29395637704766, 68.4792242300971, 20.693018918058787, 72.49684575554781, 77.05131009479304, 85.9003829157691, 76.59005303370546, 93.67045603189379, 82.49661583440516, 82.45930835092241, 59.565350987260885, 56.16606388615158, 43.998951412955655, 64.66339642240034, 74.24098624249253, 51.986151504551806, 18.53468909007531, 53.228309763522525, 64.23464334255873, 44.3055774113818, 87.26465902803064, 68.5286770719486], [64.94259536100564, 105.48999218168589, 0.0, 94.2416522676466, 36.772451796902104, 94.88123647133186, 36.480022679284964, 45.638167014669904, 81.82547769407907, 43.780654507563575, 45.01636421911845, 37.12118829826084, 47.559491533629355, 23.38976931757253, 76.40448460220169, 98.68382856524451, 56.54548976367338, 65.41353765716178, 83.57651958995882, 95.4126849292481, 71.77867111257459, 63.49819191565422, 87.62723759671772, 91.7266923135863, 107.01054099646005, 39.76024896455242, 13.823118893498478, 20.660512882751732, 69.65770290762387, 37.875281032553694, 98.65035149864002, 17.767708552014764, 56.100020057139176, 28.386588850693805, 58.16850890681031, 72.95920323010732, 57.31877903833246, 37.79789701437919, 63.261827986831776, 48.75318029324387, 13.415746141604703, 80.68789948274534, 100.930135661602, 68.97094760840291, 24.761730527312302, 51.27487371252126, 93.1895785071896, 90.25051878050263, 28.36273169685478, 28.95347398742637, 78.15232762294684, 71.23741450060633, 46.25076689277825, 93.32032620525797, 98.65065451156377, 90.16022782322207, 49.288902670960475, 28.064840326358002, 102.35376107555358, 75.3050749308718, 75.39262804621718, 73.42173870730934, 74.38210268083597, 35.84034169456628, 62.54409130084891, 36.70685401060964, 60.9028469119558, 10.665604381887022, 61.899096798116204, 89.96629803421375, 24.308491708359316, 16.524888873730912, 21.484025215201484, 70.93855673831585, 107.40393242263553, 53.765278856316336, 64.30045440140327, 93.74811468361729, 32.501229194138304, 26.28318823411325, 25.459379183333816, 93.96086996282575, 53.42750094106009, 53.65989373262857, 85.56456344010024, 93.48323361554141, 32.62394935441869, 55.439639898973134, 102.42668584696246, 53.52891813251725, 41.262936509643744, 88.66105440326095, 72.90967778937471, 83.64301012707901], [72.68609769590857, 24.60434602342475, 94.2416522676466, 0.0, 86.50584547822919, 3.3812437648492364, 63.995570033397776, 72.06344271838329, 13.206297607987807, 59.02060368859725, 56.9159811578914, 79.47426570080317, 51.91400806639652, 94.77490463482071, 38.61371375460061, 19.937280150891738, 45.742422137190886, 29.22567724806148, 16.29647318263576, 64.50686471349185, 66.49321304379053, 31.12798586564318, 10.443864395598267, 69.22447130035643, 17.606961444468862, 80.1990933893921, 103.67663867947806, 90.65399778986438, 51.220703682956604, 87.9395587412359, 69.3960551566027, 87.71199887256864, 76.02172206151603, 67.9096057994698, 63.55206720791215, 67.91496825233853, 63.20234822462772, 75.00493218217709, 41.45087050089116, 74.51276222278906, 88.1839920175075, 20.545469109110176, 9.618823553091977, 39.89920930322253, 99.14354484647743, 43.447438081808066, 51.04833669712572, 41.50016384295552, 70.97426170569244, 79.05315391773296, 21.47289307361539, 25.22805231043345, 62.535293879532524, 7.762044556747471, 5.264074438654975, 19.943758005737592, 64.72204348288774, 73.28547107935427, 23.050242583016065, 43.957511833519476, 25.5973618611538, 55.85010093949823, 29.77643844651304, 93.37422876090687, 67.16792683738271, 59.61291323199696, 33.36521686424974, 87.1923076268506, 54.365793909322626, 27.4381503255495, 94.59110135850595, 78.09632503147698, 90.59561632356086, 76.06686348537367, 13.420377095459287, 52.23374272679282, 54.454108695211715, 61.30028315763526, 70.34375787466723, 77.55314912729624, 74.7848184047781, 57.872112728827055, 58.90213335302485, 54.09892409369231, 19.59670926111498, 40.18328820535492, 61.63103172627128, 48.44178538432018, 9.248415672131584, 48.51684912342667, 54.493218212076854, 19.705325933771817, 63.6002911954935, 44.032555347164994], [87.94063123411613, 89.0074524687969, 36.772451796902104, 86.50584547822919, 0.0, 85.80444679814813, 53.484564784236056, 16.026870694140655, 73.34677737846036, 59.19683951368719, 29.845110264063138, 7.042446825222318, 58.13228432644427, 58.31838826216184, 84.73729108077707, 83.2666107010831, 40.86449083791776, 58.78399715962234, 81.87194677931741, 111.51246436266028, 91.792215559443, 57.13650472727134, 83.72008334337059, 110.02974933862865, 93.98230993772712, 67.61538426255747, 50.17187221539027, 54.30657757378463, 44.47979030217496, 69.06866267865611, 115.80961764974184, 19.061719455905866, 21.837377813960074, 27.67392101823782, 29.429665355752906, 40.753016769210724, 29.007871558138028, 63.07132294395594, 71.58330799053225, 73.65619719451934, 23.521002789047962, 80.65654643074325, 95.30732264502178, 77.42107128330892, 60.69977791964442, 53.027050897422086, 104.9604943012611, 98.93005354544802, 48.80955842989461, 12.030682564771364, 65.8730296884213, 61.30167709679013, 64.78434579758606, 88.6782802000773, 89.48583661987429, 75.01353117915482, 69.39260044629295, 50.77908324227315, 86.05054673503973, 85.99697778512883, 76.95797929450534, 89.16452742973414, 78.16100279899212, 69.10798525306977, 31.255657669924677, 31.850742546287886, 56.675982372246324, 42.065631360049494, 37.17565793012313, 71.87525342362676, 59.09320548984177, 36.993474922989506, 55.04612579431272, 36.38005948400629, 97.8036232748747, 66.93343553404455, 79.72487257462139, 109.03344416597503, 19.053891342073328, 52.218541969140475, 20.20197844979362, 108.02337583321291, 29.44460274391465, 33.166077501183075, 85.72582164889681, 101.25003812963786, 38.9302437888242, 38.30117653163678, 92.48808402285225, 37.99939951310732, 36.17866148966796, 88.94673031399698, 91.72339971624127, 93.95839434615897], [75.42546660538247, 21.292817655709694, 94.88123647133186, 3.3812437648492364, 85.80444679814813, 0.0, 65.49557964054677, 71.08488058727617, 13.132887488751372, 60.78062091224242, 56.4336708349424, 78.79419067247332, 53.5710714998508, 96.20556075973431, 41.61266836750105, 16.561150471768165, 44.94627252457859, 29.539255641880477, 19.169126388254682, 67.84847503014343, 69.42287040434212, 31.45793545633432, 13.43373533229192, 72.51155777295777, 14.886354854734355, 82.16636107143404, 104.6453011163317, 92.00282075783835, 49.28228894592959, 89.85338449041481, 72.74782862399123, 87.74577237407595, 74.56712043859386, 68.12891931103468, 62.07191121120273, 65.77216442487297, 61.76856129946482, 76.86047168931378, 43.79719087560903, 76.7626609754296, 88.38823648855781, 23.35758917170223, 12.00432924858112, 42.55982129048096, 100.58330588706406, 44.507750363036685, 54.40565498343814, 44.847667089494756, 72.2699815384959, 78.74073725090237, 20.16162211301707, 24.80763014858859, 64.54506616517239, 11.143097264092187, 3.8039426963566365, 17.02325385806472, 66.90911239715925, 74.66048320412223, 19.68001112170838, 46.95743195342052, 28.161352852557204, 58.830226376868076, 32.47054711745778, 95.20505489346726, 65.4591811460784, 59.74280092235657, 34.00469872333218, 88.12552722579406, 52.82388563338569, 24.48040791518838, 96.05245232733787, 78.88286501774016, 91.97231105608066, 74.03892325637878, 12.556180701726284, 54.36137272576067, 57.12796618575851, 64.63690801956747, 70.09152437510822, 78.96426640997997, 74.78287254844409, 61.22007167508566, 57.7597156647732, 53.095471381017674, 22.769575543293055, 43.5586531271077, 62.34149702857882, 47.57261841927494, 7.594187102289481, 47.819900354056884, 54.65871309750679, 23.019164345693962, 66.56358533224221, 47.26755394373426], [34.517091979775685, 80.89317089937761, 36.480022679284964, 63.995570033397776, 53.484564784236056, 65.49557964054677, 0.0, 50.53693076933682, 53.49643971458099, 7.305842024079093, 36.85797919503794, 48.709915892924386, 12.393057333654983, 30.802457119567688, 40.085124508651724, 73.84832957323233, 41.802093830608726, 38.79755392053974, 50.57431283775342, 60.335587297896076, 38.59705971580844, 37.1879012587174, 55.54138078017146, 57.68858749648368, 79.47767118990062, 20.168315439025676, 41.79098984558205, 26.857052122912947, 59.94956381966535, 26.445398522588558, 64.09172749819318, 40.71432474222533, 61.91863629340984, 26.230324274747197, 56.240545992419314, 71.36379541580854, 55.237969112587116, 14.04962907050808, 27.352043834811774, 21.66299318980041, 38.121725778555955, 47.03282605977947, 68.8834961433279, 32.79565923953201, 35.1601585550906, 22.08898554981299, 56.88813785328123, 53.78608776372958, 8.229872755134576, 41.45622892891826, 53.5321538958681, 46.02398694089305, 11.392185155719835, 61.21711399890927, 68.99719119058521, 66.11839553403775, 15.908046838239821, 9.65276424535172, 77.90208661089152, 38.82509135620306, 41.36727691986992, 37.848087714576295, 39.42256743363207, 30.828329312927828, 62.24024992607391, 26.479004054190394, 33.51342639165915, 26.620543909501354, 54.157731653568746, 68.63771912993491, 30.598240301074643, 21.091923114736996, 26.72382724774602, 73.76476556146778, 77.40007029776082, 17.287456368349865, 28.406860122762083, 58.332740757418385, 36.01726425542994, 13.67432161627418, 33.29163311204022, 58.15379262123168, 48.53200458487195, 45.15137452325849, 51.47354805739493, 57.05831320657273, 15.90795313431205, 42.681458991599605, 73.00571603599683, 40.159228093562874, 26.288577219012637, 54.33587779704035, 38.89939355545045, 47.16751890624335], [84.52204794212031, 73.1367171515934, 45.638167014669904, 72.06344271838329, 16.026870694140655, 71.08488058727617, 50.53693076933682, 0.0, 59.07876715675628, 54.72266034205183, 17.714833830567358, 10.205407172898896, 51.7312311030628, 63.71755415234441, 75.2786651704622, 67.53907327235433, 26.433155725946385, 45.74583476373021, 69.15659695954413, 104.04654343274511, 86.78022258259826, 44.30820490192037, 70.30963320447647, 103.54809826005564, 78.45990325473086, 67.9929579135153, 59.454206817180484, 59.14372400920312, 28.514443625316282, 71.19139855458239, 108.66423760474183, 28.903445870652003, 11.689649183555057, 25.134125813545783, 13.817552522230303, 27.402105123049356, 13.251361563311558, 62.586591623076515, 62.92850483161924, 72.05763228366582, 32.607775104845935, 68.50464160170297, 81.1688405759777, 68.41538812255165, 66.90622660121642, 43.66787549641119, 95.97919875033752, 89.00663073746566, 48.217961664045106, 16.76909876551066, 50.960106120988904, 47.135645462483254, 61.018946568336645, 74.9314240970767, 74.68032820895186, 59.406622644347074, 65.88223581816695, 50.80445775642929, 70.21200346190955, 77.36997121505539, 65.50070418421221, 82.41385122016847, 67.40017753948554, 72.5718774403748, 17.064917841071694, 24.66172292593404, 44.61805933221304, 47.58857245825107, 21.14879365270257, 55.97507848976885, 64.32483948757663, 39.75047306837036, 59.760277854348026, 25.727453489776703, 82.79009920370484, 60.6388151057578, 73.37493190203983, 101.30800075743691, 15.549570815505952, 53.438167473448615, 21.601925439446287, 99.83635943890603, 13.651585262808522, 17.989410717880197, 73.43299822531853, 90.92435888240013, 34.654057396553256, 23.65831919615455, 77.48495305627411, 23.952820369094326, 27.25972974843499, 76.57853103066344, 86.17483543042661, 84.82559263934466], [67.48901138457487, 28.37236394046369, 81.82547769407907, 13.206297607987807, 73.34677737846036, 13.132887488751372, 53.49643971458099, 59.07876715675628, 0.0, 49.388875552429084, 43.7139845109046, 66.31032814802161, 42.01132324636882, 83.9676348979105, 36.27615696677668, 21.6124343629279, 32.677337597394896, 16.428087233464538, 15.802100804251678, 65.75445748375614, 62.737801263677916, 18.347078432137714, 13.205728566294864, 69.27127167064182, 26.01193943747783, 71.15052052503587, 91.808020584414, 79.64421353067301, 40.034361052720605, 78.65412325440951, 70.83496497255476, 74.65971685962725, 63.595280723691104, 54.99851510376533, 51.22114759795054, 57.12099513082615, 50.79584407349302, 65.58107801336504, 34.66904278553867, 66.66847863282922, 75.26123138575478, 18.564697187748582, 22.091493453860583, 34.98602975437812, 88.35099236150464, 31.9401932373905, 53.07714227336564, 43.59119446467126, 59.88666732773924, 65.85734949000928, 9.8717025621755, 12.045310836383063, 53.79347495150696, 16.368234493711956, 16.934829253367955, 16.128634163733597, 56.69723464572985, 62.39387601677254, 25.684759988126526, 41.377880956606404, 21.138046161502224, 52.72202457568355, 25.72877844709594, 83.77615204291011, 55.252966797540076, 46.623677424183164, 21.0576215140437, 75.27262508448433, 42.2106001228708, 22.42763738014237, 83.8663990917433, 65.92316283504482, 79.65701823342503, 64.8689735106298, 25.687379556893426, 44.12975265789482, 49.15269095000245, 62.48931607586917, 57.159074174194465, 66.74211232537506, 61.7076509117943, 59.43407293387338, 46.110109450481175, 41.17724591264048, 20.970035630698735, 43.3964524042096, 49.35123004459694, 35.421945802153424, 20.612393605257928, 35.38655299168514, 41.53225641944393, 22.984701432141136, 60.16589063076261, 43.96204810465306], [29.835330549516076, 77.37457880460305, 43.780654507563575, 59.02060368859725, 59.19683951368719, 60.78062091224242, 7.305842024079093, 54.72266034205183, 49.388875552429084, 0.0, 39.574075813896, 53.97792338865034, 7.430030950468993, 36.564721878876526, 32.90949363962869, 70.37871333762286, 42.452189989923376, 35.91769635499863, 44.812506533025896, 53.42567947031728, 32.610844445094685, 34.527870893507995, 50.05225440435047, 51.12948160949091, 75.13459704429397, 21.894426239593713, 48.67484597254826, 33.02749346147128, 60.81177419950207, 29.269647330592928, 57.329596894974664, 47.50351924525393, 65.76074969933612, 31.565673913636687, 58.91732951763722, 73.54278816921145, 57.93237677510086, 16.19339350201025, 20.520941961824825, 19.875973272035008, 45.11991897813306, 41.05985451747647, 63.242568029745684, 25.734686357798427, 40.82659302638307, 19.765623089717582, 49.612842200939845, 46.50677539103601, 15.467944869089946, 47.23907860437484, 50.644205819438156, 43.25053894575544, 6.588027873048146, 55.642037952700115, 64.14299039186808, 63.03992971227608, 11.430827140333207, 16.47362122334069, 74.47177557858889, 31.526210860412778, 35.327812794110905, 30.871685778251255, 32.969807898061774, 34.44538407150367, 64.9768346894496, 30.10736935376125, 30.70410824866958, 33.841693243852305, 55.726888212617844, 66.27029772109387, 36.2326483436075, 28.31363391913185, 32.786379731740944, 76.71329075375903, 72.33302364583615, 10.004926229371444, 21.35808341527049, 51.32195529908762, 41.019029732385256, 20.030346680614247, 39.16205200280107, 51.02062300299295, 51.02602984532897, 47.08574996457788, 45.261316768896855, 49.8047105355629, 20.469342722309015, 43.779772018893084, 68.17165575263763, 41.30439716635264, 28.705644479671758, 48.00040982879613, 32.5633134537231, 39.86347338910925], [69.25066650865875, 62.37657867086082, 45.01636421911845, 56.9159811578914, 29.845110264063138, 56.4336708349424, 36.85797919503794, 17.714833830567358, 43.7139845109046, 39.574075813896, 0.0, 22.815487350143073, 35.40883602404242, 57.2493985594042, 57.59395513263663, 55.996563720643486, 12.307669537172394, 28.95612193432134, 52.17646626451306, 86.68067205175898, 70.53457265566234, 27.343426928216704, 53.878498289081726, 86.50670568127825, 65.85429307811586, 56.204273073818435, 57.870310253256484, 52.41105321969581, 25.536032243855132, 60.88161590848089, 91.37743065340518, 32.88233537624367, 27.056530733986868, 17.176523989387665, 19.41577597132502, 34.55537149560339, 18.41889838503749, 50.30021008082006, 45.42843314586306, 58.41524316510233, 34.734443207042425, 51.21158958746909, 65.54912068657298, 50.81079526138393, 61.12120628412756, 26.15732423538931, 78.31999729709452, 71.29179690844478, 36.92876590597211, 22.48512604309415, 36.9455930275212, 31.696009666808113, 46.12262413143454, 58.843001848642274, 60.1775123650658, 47.45366374238242, 50.9970086378015, 39.858712134365874, 59.27877379096325, 59.80795744106255, 47.947288144990516, 65.39992936298681, 49.718302018825106, 63.5224665686049, 25.453220940206073, 10.96380881779275, 27.19477513902919, 42.84053495885819, 18.38515529230357, 45.90914921459817, 57.6301356482564, 33.22531051228642, 52.84341235638794, 37.1423814210475, 68.68583881267705, 44.130427294729635, 56.62527448726657, 83.8804143913842, 14.219140922849135, 43.428560341372254, 20.35047799577349, 82.3039956290117, 11.684986566078079, 9.236885550253007, 56.21922535700021, 73.22349478562492, 21.585116728453794, 10.597383852455327, 63.38951781189316, 9.153072146039179, 10.87177472248806, 59.409803794502736, 69.66174212317917, 67.16278740513867], [83.22060098018761, 82.3843180383033, 37.12118829826084, 79.47426570080317, 7.042446825222318, 78.79419067247332, 48.709915892924386, 10.205407172898896, 66.31032814802161, 53.97792338865034, 22.815487350143073, 0.0, 52.34068975089154, 57.03568905155191, 78.3023177599818, 76.53508288946033, 33.86831594202811, 51.76501414743135, 74.8971768760023, 105.6191940479672, 86.56789475455396, 50.129203083304226, 76.69391915961262, 104.40914328093645, 87.14058474856807, 64.18605070304459, 50.89378712071515, 52.71832342081828, 38.56732538832452, 66.36762191675716, 110.01135874773045, 19.65234214510749, 19.04063727465562, 22.50000455143153, 24.021323703918753, 36.951503637694024, 23.452629322488225, 59.27256408642962, 65.2913708653507, 69.5105025953086, 23.7506379099901, 73.74294800067278, 88.26529624646874, 71.0678317226993, 59.83417622151702, 46.498091028377196, 98.6718916984518, 92.4216394790109, 44.826709369790755, 8.68926520708101, 58.899202918686214, 54.26502860540616, 59.832882544336, 81.63971421567749, 82.48356046481184, 68.22378772230994, 64.55460418935519, 47.05920896609099, 79.39931629185992, 79.75478448755813, 70.13528675287792, 83.41796200152625, 71.45465987363124, 66.99406940936755, 26.86108356328451, 25.52639613803939, 49.73694422848455, 40.67234335268605, 31.019391343567253, 65.3009857390338, 57.735020760120904, 34.19491698277224, 53.40585259897387, 33.93337466029387, 90.82719169700091, 61.22622095850994, 74.05995255559466, 103.06646510665607, 13.047658801887184, 48.99618477813, 16.107196920440526, 101.93478779986599, 22.937353584950454, 26.342252921242142, 78.79997766394246, 94.66244108897382, 33.523789678535586, 31.338823640262916, 85.51205067425677, 30.978586957631116, 29.583582542227845, 82.01462049141276, 86.33416769444761, 87.61536250365445], [34.244806163977344, 69.94932760222096, 47.559491533629355, 51.91400806639652, 58.13228432644427, 53.5710714998508, 12.393057333654983, 51.7312311030628, 42.01132324636882, 7.430030950468993, 35.40883602404242, 52.34068975089154, 0.0, 43.08968605600529, 29.1137525534119, 62.950739615677016, 36.57463391321074, 28.54848438103388, 38.19394024287455, 53.384078235600036, 35.156923768697325, 27.206283795099036, 43.22649090896142, 52.09923208512494, 67.82413501623462, 29.32302695327139, 53.97884880418968, 39.23632458241492, 54.86661633149658, 36.67686789807773, 57.692701628572244, 48.65431375346208, 62.256988584163416, 30.647805796263807, 54.368099299575285, 68.44979043579822, 53.41024799225343, 23.600126571639397, 15.732286346510056, 26.637469453031276, 46.88426968241639, 34.640562653660865, 56.53534141978561, 21.562295020425573, 47.42216859306609, 12.775038942030264, 47.7293872423619, 43.30360494030801, 20.2483848417478, 46.478359282782506, 43.24668650060213, 35.87979204196642, 12.97621142827408, 48.88160803657043, 56.989280409997946, 55.618219236129804, 17.248969679742718, 22.022423069624395, 67.04315114289076, 28.887220902893628, 28.98278257858828, 31.077591942686105, 27.1920574070365, 41.77063555081722, 60.41723009837354, 27.228999054421433, 23.37030953572329, 38.323102214365136, 50.31753365152332, 58.93312902042514, 42.83921617902951, 31.301819846858322, 39.084584512134875, 72.24878722909669, 65.2795746123923, 8.934020528924773, 21.760012419140377, 50.94750848881009, 39.3035419605112, 26.05646272582841, 38.737141245624976, 50.11649695474504, 46.42235728144031, 42.07717496258597, 39.11126310751374, 46.318029654200195, 19.45358053371909, 38.190563199747274, 61.01295264760192, 35.79497480414909, 24.697630797118368, 42.00821663727176, 34.44523697002459, 37.22625104996279], [47.35181936017673, 110.71879729814327, 23.38976931757253, 94.77490463482071, 58.31838826216184, 96.20556075973431, 30.802457119567688, 63.71755415234441, 83.9676348979105, 36.564721878876526, 57.2493985594042, 57.03568905155191, 43.08968605600529, 0.0, 68.16750229701958, 103.67569083140008, 66.42894132017682, 68.57847692049258, 81.2491241635119, 80.39376849037265, 55.740584751341345, 66.82243790977338, 86.31306244510282, 75.48799206675855, 109.97893995161493, 21.602849802559422, 16.964249158669794, 4.844787229323077, 82.74993792039635, 16.535971696494666, 82.79293405561586, 39.54532714052277, 75.12217288306074, 40.53783571016511, 74.25380102517089, 89.78965425446245, 73.29344253151811, 23.080835870865027, 56.88023625928771, 31.656303333087678, 35.10696902767306, 77.5835130170925, 99.62172293156902, 61.60248629525595, 4.383360764867946, 52.090506559952594, 81.13460075815917, 80.46253898432646, 24.143165821645656, 48.35397881944393, 83.00873719293973, 75.53417802877789, 35.526218079145465, 91.97122098766438, 99.74466879883701, 95.61484805792337, 36.39544532877785, 21.57447710212219, 107.65905004086066, 65.55106629866152, 71.86477939034079, 60.288451789080085, 69.50307614306799, 12.883986196830575, 79.51248547654743, 46.64698533658982, 63.38397925247823, 16.36771288251585, 75.58274695731605, 97.22356008550202, 0.9728038460178804, 24.376814932207772, 4.514391629582883, 89.42383811773942, 108.1867135723279, 45.62503912605562, 52.50622970245481, 79.35024102376282, 48.53448323459983, 17.243028501479124, 42.11666528081312, 80.34882483032067, 67.9255153016173, 66.48628377419026, 81.82596840305463, 84.05340651672275, 37.707538159254995, 66.28232944879936, 103.74283287522367, 63.920960991610364, 49.489560511306195, 84.54856358630838, 57.62784783603714, 73.30960194284825], [34.86791085880893, 62.493270618753876, 76.40448460220169, 38.61371375460061, 84.73729108077707, 41.61266836750105, 40.085124508651724, 75.2786651704622, 36.27615696677668, 32.90949363962869, 57.59395513263663, 78.3023177599818, 29.1137525534119, 68.16750229701958, 0.0, 56.57801719580749, 52.8313513347169, 34.55030254857693, 22.4813811116461, 30.98760749213404, 27.936978390167027, 34.87487050509266, 28.192958516417427, 33.37124218659022, 56.18543200814234, 48.91089952159585, 81.47296883749532, 65.2270239931002, 68.25052969416058, 56.71008409595031, 36.05515763657847, 77.41067732617032, 84.04992668973105, 58.36203916423695, 73.60676610100828, 84.70726141937017, 72.81204040365608, 45.36136992855426, 13.556138146780189, 40.703971820001314, 75.88516466067914, 18.451577927278855, 38.22750091901719, 7.588638866452672, 72.16841091299176, 31.838901168155534, 20.774348339444032, 14.349033148069527, 48.31411228770649, 73.7648602988994, 43.65531933733395, 39.191107983263095, 32.64171678002445, 32.07649645353913, 43.66340259038613, 52.36372634084272, 32.42866475562876, 49.358218908469894, 60.36388251828858, 5.3452398690172975, 15.22976590149521, 17.23878373866043, 10.782665035712473, 62.68790391142705, 79.18690546801815, 52.886776750191885, 32.61914440268605, 66.70566207415581, 66.72813179844299, 58.589608215610234, 67.66824888298045, 60.34628230890291, 64.86881070062823, 90.66258439234068, 49.71545775300796, 22.981848278082058, 17.804346370766037, 27.832145038791577, 65.70543244514961, 52.67069299947762, 66.58300371712551, 25.502026148557903, 66.17448647847404, 60.96185192839146, 19.293388653468632, 17.208844495091935, 47.73281660995371, 55.425766399310426, 47.29426942069007, 53.74418121181725, 48.7535879515572, 20.4525280472588, 24.997878131546926, 9.645228167725726], [88.97240809398518, 7.050303641634663, 98.68382856524451, 19.937280150891738, 83.2666107010831, 16.561150471768165, 73.84832957323233, 67.53907327235433, 21.6124343629279, 70.37871333762286, 55.996563720643486, 76.53508288946033, 62.950739615677016, 103.67569083140008, 56.57801719580749, 0.0, 43.69608454609471, 35.13502476906498, 34.3091177527705, 84.11731231648423, 83.83722583954552, 36.85910380079244, 29.131370177538578, 88.50260302990877, 11.778950361985364, 92.25625998149518, 109.85451523359579, 99.15596075190682, 41.523830321670246, 99.60402100109557, 89.06744868784274, 88.78748029276325, 68.43773933041385, 70.58332446803324, 56.22467018573327, 56.14561164919616, 56.18249628174116, 86.53664776592086, 56.258215294119054, 88.1696700057341, 90.2381408478778, 38.14532451143183, 27.231934369285398, 56.24342529598709, 108.03953630594387, 51.80427748658746, 70.77119655583323, 61.17601799476131, 79.55124753106514, 78.30917699740536, 20.773404535096915, 28.16477685153544, 75.11887227521225, 27.69541934202969, 16.955394085022593, 8.578738405288984, 78.19351820590518, 82.2430911610312, 4.102268121931146, 61.860461628480856, 41.97827156209567, 73.5387254295626, 46.54968125753253, 104.51686248884693, 58.247716016512896, 62.09719459897291, 40.38699857971521, 93.42301524275967, 47.08751744788834, 12.393945621365248, 103.66575302368538, 83.68893263133113, 99.25384895547002, 64.83610346590731, 20.073542246776086, 65.66132716660977, 70.5991237934658, 80.8834170133007, 70.21355151628603, 86.62143656778719, 75.97263344814459, 77.52902914064504, 53.89909785615444, 50.211528408030375, 38.61650427536994, 60.037709999370236, 67.27708525670906, 45.74582847637496, 16.309474753357094, 46.845868653145246, 57.421224622300635, 39.29114472382474, 81.14209661354323, 63.10209586213859], [70.67717175597947, 50.07215506409017, 56.54548976367338, 45.742422137190886, 40.86449083791776, 44.94627252457859, 41.802093830608726, 26.433155725946385, 32.677337597394896, 42.452189989923376, 12.307669537172394, 33.86831594202811, 36.57463391321074, 66.42894132017682, 52.8313513347169, 43.69608454609471, 0.0, 19.9894551751071, 43.22863892859774, 83.30578404030611, 70.29087898648454, 18.867593424006678, 43.98429127024208, 84.16844315158282, 53.68706537175833, 61.939339306776056, 68.91247455131509, 61.602445042053226, 18.360194171772193, 67.63730470564118, 88.23010934929638, 45.17180406896245, 32.302499099836545, 28.19365039124877, 20.90495826865415, 32.59496727929796, 20.180697796044157, 55.83395580742798, 42.41730851224017, 62.25585580134757, 46.88785957955383, 43.05680136441942, 54.75678282380903, 46.96654678642318, 70.52964514213733, 24.576416972892446, 73.48636976111685, 65.53326062534806, 44.06423521790268, 34.66844936727487, 25.049758539484298, 20.703865045570566, 48.95331968649809, 48.510862692406505, 48.621466903568, 35.16310665313567, 53.60051325291542, 47.05984480544817, 46.9723215895185, 55.98723141114821, 40.86099191189274, 63.52110138732398, 43.54941145400999, 71.07184081266286, 26.35862404545236, 20.26476374983882, 20.290235014006225, 53.216201984379026, 14.235405676791961, 33.70657554638737, 66.68685996802098, 43.35004955018042, 61.92919475023962, 37.88253311599108, 56.96595365855286, 44.29254849902039, 55.68398956012452, 80.2965874225475, 26.526432228570023, 51.0927597141252, 32.513985666708216, 78.25795877210481, 14.108364689423494, 8.832637026203146, 47.785532367020544, 66.94715224856745, 28.902624589437966, 2.8600970817323206, 51.65177770747972, 3.1561579690036843, 16.949343071656102, 50.833690384370215, 68.89585421558803, 62.45657629680824], [59.00491697001615, 42.185092155815695, 65.41353765716178, 29.22567724806148, 58.78399715962234, 29.539255641880477, 38.79755392053974, 45.74583476373021, 16.428087233464538, 35.91769635499863, 28.95612193432134, 51.76501414743135, 28.54848438103388, 68.57847692049258, 34.55030254857693, 35.13502476906498, 19.9894551751071, 0.0, 23.413055755848916, 65.52494398469271, 56.35420013472755, 1.9191189935608997, 24.949176549033805, 67.35939721220369, 41.89465418795479, 57.75536031715502, 75.60432690730958, 64.10298023804054, 33.71931827814582, 64.85915765633892, 70.5756427916184, 58.53005212553574, 52.291918387370785, 38.684491304066654, 40.68992119763313, 50.380809059891874, 40.031676369097276, 51.86592667023215, 26.892474696188025, 54.84774261916535, 58.959079969890546, 23.06742706166621, 37.10062969144834, 29.95760608506676, 72.94961524238694, 16.710203127738204, 54.678142138998986, 46.2207642606402, 44.43959854857007, 50.34027373565833, 14.773527599112537, 7.332948896326858, 41.30829787316127, 30.068406782729053, 33.33249546954108, 27.32371127531545, 45.02710070578128, 47.11176193614026, 39.15779675956437, 38.500436462589064, 21.192716223537943, 47.860355050426804, 24.41295720279572, 69.5765180254151, 45.792359182770475, 30.40558207583947, 5.286307129824729, 59.070500025842804, 32.84761503732693, 30.400868195091867, 68.55207544221248, 49.60608207816073, 64.17807780329393, 56.83021688052466, 42.093684609246125, 33.13780926238443, 41.68616723952978, 62.381480012442786, 41.56425045472643, 51.48990886079267, 45.641363611550574, 59.9848968463733, 34.091165239038894, 28.79072155425753, 27.825046217642175, 47.34783921623279, 33.01996816080103, 22.833307694657222, 37.0404454935999, 21.918845536086817, 25.277083082105523, 30.910860813750144, 54.35390009271198, 43.94217630832603], [56.40020994467902, 40.04346888071163, 83.57651958995882, 16.29647318263576, 81.87194677931741, 19.169126388254682, 50.57431283775342, 69.15659695954413, 15.802100804251678, 44.812506533025896, 52.17646626451306, 74.8971768760023, 38.19394024287455, 81.2491241635119, 22.4813811116461, 34.3091177527705, 43.22863892859774, 23.413055755848916, 0.0, 50.34262988804412, 50.25388809079106, 24.87934394827732, 5.890761279604655, 54.32075345162776, 33.89915579177975, 65.1917328949929, 91.66987626679213, 77.4286160377211, 54.209825561130266, 73.03275683158444, 55.38699773988134, 79.6713337823798, 75.43994373928169, 59.50592346004919, 63.51340399596595, 71.3712111128582, 62.93433566541601, 60.33360004340327, 25.820788818233684, 58.8685763825284, 79.39691647289874, 4.273128023807057, 18.444638879655155, 23.69665241525667, 85.55957307867122, 32.44293588919677, 37.41311370549647, 27.86556129656267, 58.158663300697256, 72.75071642775303, 25.133881093112247, 23.859462096692596, 47.53972978849756, 10.956694063255721, 21.483539034681762, 31.03041777798329, 49.260720813109614, 60.15631544361641, 37.99666033266155, 27.82043157793509, 9.754164436755184, 39.67295778357462, 13.578918404160595, 78.66354962203908, 68.21706927218801, 51.89574043087691, 25.267838293245678, 75.48178320843492, 55.0677804627414, 37.91225520249194, 80.96813076750985, 67.08417811094378, 77.2779642296041, 78.63238330133572, 28.487529894043195, 37.02819486739596, 38.213500495244865, 47.080399326039405, 63.9972305539078, 64.24676558071552, 67.17522341640918, 43.90533190952301, 57.31984136724074, 52.06120834074204, 5.216046000750246, 27.594988232310982, 51.309931692185124, 46.08834530259047, 25.30855862335091, 45.31136030147302, 46.843255044228755, 7.763414173198731, 47.398379318066894, 28.882939506888587], [33.73639876806421, 89.10219228884276, 95.4126849292481, 64.50686471349185, 111.51246436266028, 67.84847503014343, 60.335587297896076, 104.04654343274511, 65.75445748375614, 53.42567947031728, 86.68067205175898, 105.6191940479672, 53.384078235600036, 80.39376849037265, 30.98760749213404, 84.11731231648423, 83.30578404030611, 65.52494398469271, 50.34262988804412, 0.0, 24.695969155852588, 65.78947469025755, 55.03597393742421, 7.381933661276872, 80.9078646779044, 58.791364722045024, 96.47585497958293, 79.12715254588214, 99.19557151639813, 64.94938175494474, 5.104320497332941, 100.92905059590441, 113.62510803600658, 83.99699933742247, 103.82083145088107, 115.51038068868148, 102.97914365917, 58.40153602765038, 41.3086640010785, 48.7376630584315, 98.45672034494171, 47.18994443112164, 60.41526742611613, 36.34703324943513, 83.44321825730808, 60.531853481129644, 13.601762966983609, 23.01274584047414, 67.68124728445943, 99.84182058443952, 74.02727205291924, 70.06510794680847, 49.426930536027584, 56.87179954950945, 68.77790970016456, 81.3710173218381, 46.12431882257247, 67.45013964712685, 87.49914606755189, 27.32098235397947, 45.621684925863505, 22.565138430234583, 41.520727552904056, 70.6317509107685, 109.557482337494, 80.2127309949825, 63.33041328367, 84.82150293045888, 97.38308473113149, 88.14397835578126, 79.61484293544248, 81.28670189851162, 78.51381597361326, 121.18477975068946, 72.32661527810446, 44.66802495405107, 32.102670954439795, 3.265616645569058, 92.61903892810491, 69.23308020247539, 92.00345441107443, 6.6803399199742355, 96.17077863376498, 91.08633211428038, 45.6104008109821, 24.807454954518576, 72.74384145265738, 85.78515698623312, 71.64083807754723, 83.92908868470377, 76.84505807158257, 44.851181789704185, 22.821492565532076, 21.9566586192567], [9.546399793532364, 90.02520770299815, 71.77867111257459, 66.49321304379053, 91.792215559443, 69.42287040434212, 38.59705971580844, 86.78022258259826, 62.737801263677916, 32.610844445094685, 70.53457265566234, 86.56789475455396, 35.156923768697325, 55.740584751341345, 27.93697839016702