instance_id,num_cities,city_coordinates,distance_matrix,best_route,total_distance
2717,62,"[[73.73415539559626, 37.789676875770084], [94.42499649045327, 43.5912543918327], [2.9239385815909458, 23.916870472102648], [36.42586576705703, 82.53144852174313], [88.90717817494927, 10.609187324314274], [13.710177849986815, 47.08642782814615], [65.81752227009503, 22.94613215310325], [92.77823334185686, 61.131350425428735], [98.96103029073318, 63.8076127913644], [67.53945305821576, 85.06626835873962], [85.5107164776423, 60.45871672491276], [49.73665688094203, 40.87135873296651], [72.73817606198605, 9.933982658732909], [22.46227726676612, 42.35192454866551], [51.256535782619906, 34.26650185930198], [5.8338819000281035, 95.25688287801486], [81.64454053989752, 82.63191575178541], [9.706382765151655, 62.610712701274274], [94.62546398085652, 61.36012362708758], [54.86065464680723, 9.02739691898623], [25.634205368558717, 14.060462745772373], [70.73811450725651, 47.991954437492815], [46.3528955282668, 94.20033254504968], [64.80877048842571, 19.429280759081248], [57.8690266600625, 31.278708088753916], [26.362509203340288, 72.44662269874571], [42.57993618896758, 23.785298878703088], [60.6386779554945, 47.126220891018555], [11.157085079517348, 18.106200059155142], [54.545010997323764, 90.90605405319103], [48.60688175170201, 32.404618798304696], [12.789591818982748, 6.83743765129452], [74.4457179656908, 98.09121169886765], [48.133465045410105, 56.670275840049335], [7.741184556775993, 73.26891269476222], [39.647888146242394, 14.384829585105575], [77.20348349315447, 5.177270071875806], [3.6946916162791665, 43.07590705268366], [70.46012274583049, 64.07103059738412], [42.33241941102088, 40.197987441035984], [17.455637180636497, 69.17214544028923], [95.94537520944846, 37.26574744982846], [31.30528537365882, 83.48222147208124], [79.34605624937772, 26.742457560731093], [18.13852013326037, 11.803748503937129], [35.77028768599195, 96.9763161784113], [78.05786032266798, 63.8711625304231], [41.44081005672777, 62.68549024023125], [25.473048557071863, 3.889058149100133], [20.379979215683473, 73.11855352307403], [71.2478148060045, 38.70636109122788], [30.748492367949332, 13.01394190550431], [70.88064558960322, 32.7819563969205], [93.03616583696488, 81.3186415071587], [6.551215073778216, 46.35444598891977], [37.46398726905604, 14.968138662691644], [78.95381710883669, 9.696514432769499], [48.85056154600292, 19.774015064916718], [59.594490974123346, 42.13317310456102], [6.2173404679806366, 15.30527734499464], [57.08936577246029, 59.11839779911667], [81.23755491633504, 72.77118714452727]]","[[0.0, 21.488815855870392, 72.15636883020152, 58.25576885620312, 31.128758929959986, 60.73966956336141, 16.822719755663584, 30.12491707743083, 36.2398703955031, 47.68071349399393, 25.54550368658211, 24.19455926504564, 27.873494132348334, 51.47445571044389, 22.752058053334963, 88.95463397978429, 45.53460860208203, 68.67051395953632, 31.496233655173164, 34.401711858960596, 53.63469768564741, 10.633095901525328, 62.70482808333225, 20.414863244775127, 17.149198941657822, 58.695628088818914, 34.15710727593022, 16.082990503413416, 65.59976363473959, 56.47630288175561, 25.69783514759206, 68.35408504656506, 60.30573292243788, 31.80994127086778, 74.92561894594556, 41.34804096560924, 32.79642228949976, 70.23866966264083, 26.484501944199902, 31.49395152443954, 64.43703085706689, 22.217398309942322, 62.35397054738652, 12.390903348313376, 61.3689101546436, 70.31581275512137, 26.43744159804907, 40.77574862897679, 58.977846547076574, 63.990605880844655, 2.6499432971897705, 49.6145570295983, 5.763660521507835, 47.61657661948604, 67.72667672525007, 42.85262771801157, 28.57395045228235, 30.720633348851386, 14.791756807133764, 71.1622689367718, 27.054821341573433, 35.7771863769496], [21.488815855870392, 0.0, 93.59233398661404, 69.85869941206117, 33.440440592330646, 80.79045850540335, 35.27901151563834, 17.617230138002583, 20.718994897812916, 49.426806787429165, 19.078146495524027, 44.77103449162338, 40.03910739280161, 71.97339019754035, 44.164091858394315, 102.5559493703122, 41.079353618656185, 86.82731889170279, 17.77000003135329, 52.53567729575898, 74.86147606358796, 24.09220909293633, 69.80118682685183, 38.222006912679895, 38.57379585555327, 73.926547706734, 55.49942478488184, 33.97074194503359, 87.08061245236507, 61.879750402912045, 47.16397411283068, 89.52755073647339, 58.04667877526386, 48.103707607317865, 91.62339577694429, 62.076942970352704, 42.097680473513336, 90.73176844656203, 31.523584932954257, 52.20297738037529, 81.10896534537153, 6.50565826973084, 74.66851535998997, 22.610979488948878, 82.64424968241617, 79.31166173327203, 26.060656562037927, 56.31974657860287, 79.56529086419648, 79.7152807007964, 23.686365981134408, 70.63759067344974, 25.907091355170913, 37.75294146333151, 87.91721497106127, 63.748249588234984, 37.25870084088646, 51.42266046852817, 34.86101139616263, 92.6319981349485, 40.43564644593558, 32.02150981328893], [72.15636883020152, 93.59233398661404, 0.0, 67.51331635372142, 87.00696478863513, 25.557217094787035, 62.9010747290286, 97.25590884394254, 103.99228003429839, 88.96298990578697, 90.30992420999881, 49.788404942939984, 71.20076478922323, 26.862574288076146, 49.42827957806961, 71.39933571254166, 98.20585377090991, 39.28377496574307, 99.05133501059154, 54.02887097032334, 24.756918039265603, 71.96090691769876, 82.61863798463158, 62.047327755267666, 55.43608352909627, 53.89344527834623, 39.65621587242599, 62.206632185528626, 10.077132126960592, 84.57118796736329, 46.464751891434254, 19.72404976877105, 103.03978757107578, 55.82729481427345, 49.58659022692133, 37.94085232435412, 76.60694103949827, 19.17453370845097, 78.57157721996438, 42.63922057260939, 47.53114954027177, 93.97435920971725, 65.98129951343995, 76.4743356376796, 19.447653215955228, 80.1034659449967, 85.09671938492022, 54.649384872640056, 30.15917152595118, 52.2065031357908, 69.90623073161774, 29.884438170029178, 68.5325016019934, 106.84183084768418, 22.72887876301085, 35.68045353312124, 77.3483093205866, 46.11309952540713, 59.52634030470939, 9.21987159195447, 64.59907916467449, 92.30258263426352], [58.25576885620312, 69.85869941206117, 67.51331635372142, 0.0, 89.03426198832652, 42.09931079620245, 66.44004363893418, 60.27896423975142, 65.27808840998219, 31.21667223985581, 53.81940224728671, 43.7348858611339, 81.1725072218799, 42.536759990725386, 50.49211670586612, 33.13315796111713, 45.21878638216901, 33.32816357854151, 61.9307535077909, 75.78051888883917, 69.3162017661795, 48.68579942041912, 15.320208034792582, 69.1915663702551, 55.55765069704339, 14.246924482452219, 59.067611096440054, 42.89277815269103, 69.20349642107091, 19.960897817554585, 51.585620172105784, 79.29852916545178, 41.080596287470776, 28.38781663557236, 30.14308388472479, 68.22274621200219, 87.44417093820293, 51.26470046635619, 38.71844105899907, 42.743529370195546, 23.202166955764945, 74.7767055826536, 5.208100687232231, 70.3885946974833, 73.05364166240241, 14.45973665870271, 45.62268343660064, 20.46977592305326, 79.40144689083769, 18.603039199967316, 55.975051792413375, 69.74895192654657, 60.51564937516514, 56.623290039167046, 46.9176967284769, 67.57128484321662, 84.34188917183388, 63.975530629197216, 46.57043966582245, 73.701513497556, 31.227410661365756, 45.86229591465185], [31.128758929959986, 33.440440592330646, 87.00696478863513, 89.03426198832652, 0.0, 83.57737691891745, 26.178854396500114, 50.670248001375064, 54.140118346188906, 77.462485067491, 49.965103157327775, 49.49877530617221, 16.18309397703145, 73.63780430724758, 44.466160207087924, 118.60187568724541, 72.3879777004119, 94.74663389838835, 51.07206994205536, 34.08324845490402, 63.367029201257324, 41.564241260954304, 93.79950176247108, 25.661786789386223, 37.29069506046608, 87.95285117865782, 48.16454365735653, 46.18010226460225, 78.11070462039564, 87.3403992412336, 45.81653331428522, 76.21097721623799, 88.66926423543796, 61.51519777765764, 102.5385766603248, 49.4037764610534, 12.902797923009201, 91.18802418866208, 56.55495150876945, 55.17884781567512, 92.38475401144603, 27.570063750771165, 92.88948896507594, 18.753598614583222, 70.77873930378642, 101.40419161620312, 54.355732914900344, 70.4627378670802, 63.78909731693368, 92.75450317786974, 33.18590496407423, 58.20838066286581, 28.575996315048506, 70.8299050539308, 89.7787735231497, 51.627534778938625, 9.995117223893196, 41.09168533016499, 43.046432028760094, 82.8230796426162, 58.013073414262934, 62.63335646903523], [60.73966956336141, 80.79045850540335, 25.557217094787035, 42.09931079620245, 83.57737691891745, 0.0, 57.42759979133968, 80.30577345389993, 86.87523161665852, 65.87912534462309, 73.03516589671058, 36.558641594371544, 69.7467472716975, 9.950616337926087, 39.674670708804186, 48.810129866686054, 76.67176368007922, 16.032273572496972, 82.16460260599592, 56.05222185025358, 35.11263023309179, 57.03512547392001, 57.317249018924116, 58.103218100454704, 46.90296292975844, 28.34115333838473, 37.09994011948972, 46.92851697678596, 29.092471263837677, 59.89693849165823, 37.859417052996456, 40.25951674941937, 79.31137251898558, 35.73251802005918, 26.854262133318343, 41.73918234778585, 76.0774432097758, 10.78861628699453, 59.237091225937995, 29.439485779221013, 22.40105774379589, 82.819523349526, 40.42575421363818, 68.71641477479088, 35.55949487370139, 54.549513339520566, 66.50076359434392, 31.81695633968883, 44.77027891871754, 26.87299422197633, 58.14469180413373, 38.09512381606915, 58.93284554892349, 86.39708804974715, 7.196286920634665, 39.947815470100664, 75.19799257595048, 44.506341764430076, 46.15089298410732, 32.652475221120845, 45.01691066916526, 72.24716959577863], [16.822719755663584, 35.27901151563834, 62.9010747290286, 66.44004363893418, 26.178854396500114, 57.42759979133968, 0.0, 46.74388554666975, 52.61323715439961, 62.14399703789492, 42.36762796467764, 24.08127861230577, 14.738096327920305, 47.50012681876058, 18.44378208973027, 93.95148632377152, 61.748581126220046, 68.71491051151536, 48.015958249044374, 17.71395321862692, 41.15402869739085, 25.524604636813454, 73.86496305891144, 3.6586642213594183, 11.515659086048478, 63.300842177312504, 23.252733337634997, 24.7284678014698, 54.87429577260301, 68.88846416535054, 19.638460140011116, 55.42067706624129, 75.63880446504133, 38.07943995575193, 76.84558050815579, 27.534444825293203, 21.103852080478, 65.30278650984552, 41.386120997620864, 29.14063429606613, 66.9007939701248, 33.35774130515305, 69.68294343403566, 14.051096691333644, 48.96365956655495, 79.89558469010096, 42.71631991435847, 46.62017459759577, 44.61892679990038, 67.68930628206647, 16.669519885337287, 36.448391753163655, 11.062488702991331, 64.40655561283802, 63.7216158405001, 29.454563775214748, 18.657829772653972, 17.260940966066972, 20.17098557293521, 60.08797161698574, 37.21039529235031, 52.15662481132705], [30.12491707743083, 17.617230138002583, 97.25590884394254, 60.27896423975142, 50.670248001375064, 80.30577345389993, 46.74388554666975, 0.0, 6.737162485969731, 34.78327653744308, 7.2985777701352745, 47.57146799941553, 54.979763204462856, 72.78049542985356, 49.45474149848189, 93.40167135984633, 24.212257737793315, 83.08502194127189, 1.8613431202914572, 64.44039684155277, 81.99993267942277, 25.659512177184734, 56.99885586162028, 50.21308063409737, 45.93291810492411, 67.37272296310152, 62.566737194618526, 35.058446538725335, 92.2668705858352, 48.45938781049123, 52.69092342403845, 96.67477301240565, 41.256665708333905, 44.86709844306556, 85.89889454421501, 70.76772422001375, 58.081252922621374, 90.89486477111424, 22.510881370791598, 54.61671748632345, 75.75056354204432, 24.07483734105866, 65.4101274149873, 36.91909172641404, 89.46674856720051, 67.34068189240838, 14.973174419432162, 51.360942165428284, 88.35535028487344, 73.3839235706444, 31.087603139643896, 78.50460985167277, 35.82167627500515, 20.188938812887784, 87.48403045201613, 72.04656784922977, 53.260274480850605, 60.3329887998773, 38.23730507035302, 97.94292801982164, 35.74559059047287, 16.3912494145071], [36.2398703955031, 20.718994897812916, 103.99228003429839, 65.27808840998219, 54.140118346188906, 86.87523161665852, 52.61323715439961, 6.737162485969731, 0.0, 37.937395170350726, 13.860954026852493, 54.305715056685585, 59.916659683010536, 79.45064991672375, 56.11056969390907, 98.2940606362739, 25.57763083705197, 89.26267234819633, 4.9786884253375305, 70.32577893603262, 88.60926695795352, 32.352249141096884, 60.75634334957853, 55.99833214991207, 52.40880082137509, 73.11072258059322, 69.14197988946911, 41.79559216279986, 98.98561471433074, 52.029878807212164, 59.343814393910996, 103.30110194853154, 42.14695353693945, 51.3262405356576, 91.70919502203137, 77.20531284118618, 62.53725233853433, 97.49604559812167, 28.502124829977486, 61.353190457780926, 81.68174408380844, 26.712633553760757, 70.45842779273158, 41.93534236075809, 96.10764823353003, 71.36688892838579, 20.903266569681335, 57.531164552686114, 94.81938962946845, 79.13074753450127, 37.391110566772575, 85.04673616270229, 41.84613912500831, 18.48621501229767, 94.0435376826378, 78.53139839309691, 57.69141656155952, 66.70844629093985, 44.938911352001675, 104.66073067627184, 42.13341935772972, 19.86119947363644], [47.68071349399393, 49.426806787429165, 88.96298990578697, 31.21667223985581, 77.462485067491, 65.87912534462309, 62.14399703789492, 34.78327653744308, 37.937395170350726, 0.0, 30.471263615115696, 47.64587693137576, 75.31193182608826, 62.100458488311254, 53.345568432638196, 62.54139538128825, 14.31361468954926, 62.0396324893049, 35.99490638603535, 77.08866258399142, 82.44922203803986, 37.21204358533315, 23.071656822375562, 65.69376506529872, 54.64996602486999, 43.067344494539824, 66.16898595837368, 38.562519353269245, 87.5364048014903, 14.24635467166946, 55.96151883841505, 95.48453937454677, 14.742647115961466, 34.39367328266452, 60.95088610047161, 75.98555902505292, 80.47139573491907, 76.41560054197647, 21.197413051596634, 51.46413486886555, 52.54533048907457, 55.60383271344832, 36.26877599715384, 59.50682973336297, 88.36203364189436, 33.928293613363024, 23.661559594718568, 34.38078526894086, 91.4293270514109, 48.64939735391252, 46.50798800963927, 80.90186979196663, 52.39096148051323, 25.770662962770658, 72.23690444391201, 76.27766009336469, 76.22917757356035, 67.91430634365626, 43.66203259838048, 92.88163090595083, 27.973135520689407, 18.40671118313884], [25.54550368658211, 19.078146495524027, 90.30992420999881, 53.81940224728671, 49.965103157327775, 73.03516589671058, 42.36762796467764, 7.2985777701352745, 13.860954026852493, 30.471263615115696, 0.0, 40.78538872112075, 52.11416833383957, 65.59696341936385, 43.12054051903301, 86.94429444148362, 22.507733592410034, 75.83487387921814, 9.159211562718607, 59.8715871446006, 75.7495515162237, 19.330026665953735, 51.68976281293101, 45.956339969744214, 40.19372985899169, 60.3508103789937, 56.46230134095804, 28.220094709408944, 85.56984381200839, 43.42712592695718, 46.35650362090773, 90.35266205879688, 39.225487505373714, 37.568753093048066, 78.8175184586307, 65.00924625564542, 55.902132910213126, 83.64223811099349, 15.478022586664686, 47.69551853883078, 68.61062350758587, 25.43218289184518, 58.89236395333091, 34.2751975596963, 83.10426446849824, 61.706120654465025, 8.196941578557444, 44.126127999595525, 82.49028937229342, 66.34971291605103, 26.01144632097782, 72.45624781276362, 31.30562308024191, 22.175861876840028, 80.20930940321706, 66.16555659917212, 51.183924340373885, 54.765061022285806, 31.740767056431718, 91.24841131135122, 28.452937119562847, 13.032913625238077], [24.19455926504564, 44.77103449162338, 49.788404942939984, 43.7348858611339, 49.49877530617221, 36.558641594371544, 24.08127861230577, 47.57146799941553, 54.305715056685585, 47.64587693137576, 40.78538872112075, 0.0, 38.55114943804527, 27.31453566277104, 6.777474913074865, 69.89448395657843, 52.55527720520047, 45.552413292214226, 49.34363677050874, 32.2535774312684, 36.05207778399092, 22.175754905238314, 53.43621701376053, 26.209374590689308, 12.5759446804709, 39.285468995074616, 18.52436483138916, 12.568904651011467, 44.79548872180201, 50.26520670499846, 8.541784179189174, 50.23338930319284, 62.32695462742578, 15.88005056093936, 53.03980767722731, 28.342891187787107, 45.03881136854242, 46.09471334899903, 31.10766484437312, 7.434793972113856, 42.930161438607335, 46.34917563763501, 46.426297278710116, 32.807657327128915, 42.93446413258192, 57.81717494347869, 36.48399017526904, 23.3383248744863, 44.23136042865543, 43.60844064367617, 21.619831869506104, 33.713292094831814, 22.638610572789545, 59.25225868815608, 43.532133303300554, 28.66348250669483, 42.726026832880166, 21.115943615912638, 9.93826285208086, 50.473313925161015, 19.672741616892694, 44.83197106667569], [27.873494132348334, 40.03910739280161, 71.20076478922323, 81.1725072218799, 16.18309397703145, 69.7467472716975, 14.738096327920305, 54.979763204462856, 59.916659683010536, 75.31193182608826, 52.11416833383957, 38.55114943804527, 0.0, 59.82130854508487, 32.458163221879154, 108.4259280759881, 73.2414691565874, 82.14526677897904, 55.890082727981536, 17.900493558941037, 47.284372608674786, 38.1104901849293, 88.30062713257603, 12.37077842192999, 26.01324484987809, 77.83657650074485, 33.18702145815635, 39.110873669046086, 62.120977969047246, 82.99076816718393, 32.97345680402006, 60.028504426843384, 88.17376441656376, 52.817354198588724, 90.75198216786825, 33.3882792714571, 6.524207621528658, 76.58583352643565, 54.18495627407175, 42.90011681780105, 81.02665632310203, 35.8552570603775, 84.41580339803792, 18.060700681369653, 54.63166162447489, 94.56739710667142, 54.198878338434355, 61.33715571322144, 47.65011427460542, 82.05894693637687, 28.81095169091144, 42.10249025517405, 22.92335759431285, 74.21440498859558, 75.54577389927269, 35.631602850159055, 6.220175623054116, 25.834944649039905, 34.77850374952339, 66.73733868481243, 51.613873679265524, 63.4094134060495], [51.47445571044389, 71.97339019754035, 26.862574288076146, 42.536759990725386, 73.63780430724758, 9.950616337926087, 47.50012681876058, 72.78049542985356, 79.45064991672375, 62.100458488311254, 65.59696341936385, 27.31453566277104, 59.82130854508487, 0.0, 29.90791506513774, 55.45663304152846, 71.58923087625439, 23.94016169428685, 74.62464170056428, 46.47772583292794, 28.468718601782957, 48.60418087384237, 57.08781877665553, 48.152602073784415, 37.097897856452065, 30.34637813485349, 27.375897962962597, 38.47377646021958, 26.75186958722462, 58.1962653060151, 27.97300905095645, 36.80814615482958, 76.21775540457296, 29.394303286008892, 34.242820073732375, 32.82535029518425, 66.17064753037164, 18.78154471321484, 52.683135234984114, 19.986545321703616, 27.283524215678764, 73.65890903844951, 42.070180857549346, 58.986606708557325, 30.85264875840093, 56.22212466847962, 59.61498518528039, 27.814359611410598, 38.58052404301093, 30.837013857091552, 48.921557680787735, 30.48571118201943, 49.35506743457381, 80.61686410697301, 16.406769273346416, 31.223757500366077, 65.25082285738326, 34.72900148086855, 37.13285805056144, 31.55026301881447, 38.47271609386673, 66.18054698821936], [22.752058053334963, 44.164091858394315, 49.42827957806961, 50.49211670586612, 44.466160207087924, 39.674670708804186, 18.44378208973027, 49.45474149848189, 56.11056969390907, 53.345568432638196, 43.12054051903301, 6.777474913074865, 32.458163221879154, 29.90791506513774, 0.0, 76.04632839621848, 57.11955964570767, 50.297211692391116, 51.136369381875646, 25.49513857533357, 32.631086903516, 23.83107127429187, 60.134098051039096, 20.09492959674362, 7.25616615159737, 45.57887873395314, 13.606579159696343, 15.918447327761758, 43.233335528991766, 56.734935815262915, 3.238406246348359, 47.244675268527324, 67.90678726330972, 22.6204036084688, 58.43606628860795, 23.022632177145237, 38.97983454910783, 48.37080359436321, 35.455432384230704, 10.715520249626712, 48.589141792220204, 44.78937199190404, 53.10592669264678, 29.079759329459097, 40.01722440218934, 64.59368925868439, 39.934282647284505, 30.066382757513974, 39.844413659589485, 49.62704568998277, 20.478368758036723, 29.533898308346927, 19.680181933773277, 62.924091832296924, 46.310734100866405, 23.72048095143303, 37.02463605497779, 14.69084359431738, 11.463246191917214, 48.867751633077965, 25.52721366490591, 48.800330912919414], [88.95463397978429, 102.5559493703122, 71.39933571254166, 33.13315796111713, 118.60187568724541, 48.810129866686054, 93.95148632377152, 93.40167135984633, 98.2940606362739, 62.54139538128825, 86.94429444148362, 69.89448395657843, 108.4259280759881, 55.45663304152846, 76.04632839621848, 0.0, 76.8547055055784, 32.87504661835614, 95.04175575046904, 99.19248305553522, 83.57578268703249, 80.29030371608319, 40.532786284827274, 96.06176516763168, 82.46734589862196, 30.687660523478264, 80.36454333334052, 72.939195868804, 77.33410859062397, 48.90504891518177, 76.02589437985534, 88.692616348136, 68.67035363361754, 57.25540129084291, 22.07053774161483, 87.65658002814266, 114.92587469697813, 52.22480610929911, 71.75728805026691, 66.05774146291651, 28.556588083968197, 107.15900808939939, 28.06127306700232, 100.49013013289829, 84.35537777112137, 29.98574398370669, 78.74875555163514, 48.25711295882749, 93.45467491076528, 26.489518186338376, 86.46932480704038, 85.93392318855287, 90.18978825402338, 88.30918919529489, 48.90769776399305, 86.2945306107485, 112.54821888162647, 86.8797908667722, 75.57996843153514, 79.95252508696025, 62.714549594132485, 78.68494402977687], [45.53460860208203, 41.079353618656185, 98.20585377090991, 45.21878638216901, 72.3879777004119, 76.67176368007922, 61.748581126220046, 24.212257737793315, 25.57763083705197, 14.31361468954926, 22.507733592410034, 52.55527720520047, 73.2414691565874, 71.58923087625439, 57.11955964570767, 76.8547055055784, 0.0, 74.6722647012532, 24.91974144280786, 78.3262518964234, 88.53926707038842, 36.316346851812575, 37.13931171588453, 65.40654572171678, 56.58999025916743, 56.21248245071903, 70.63262440616256, 41.25409834744554, 95.56175680116618, 28.334534865771403, 60.11878456404757, 102.40022887613874, 17.05323657357692, 42.391024140776345, 74.49410615487517, 80.133535941675, 77.58186079936962, 87.41199443679534, 21.670202101206105, 57.84532080932122, 65.58491237550588, 47.56682771267508, 50.346436125208086, 55.93670143048636, 95.1296163325459, 48.06463251189431, 19.100527123970224, 44.879837738692096, 96.72473383273493, 61.99879462653331, 45.13918761146927, 86.23844851330959, 50.99882236074334, 11.467075309353513, 83.397016385217, 80.81032122990375, 72.98501735389509, 70.89824212921113, 46.112393581977614, 101.10459311944109, 33.99767836735122, 9.869123870120669], [68.67051395953632, 86.82731889170279, 39.28377496574307, 33.32816357854151, 94.74663389838835, 16.032273572496972, 68.71491051151536, 83.08502194127189, 89.26267234819633, 62.0396324893049, 75.83487387921814, 45.552413292214226, 82.14526677897904, 23.94016169428685, 50.297211692391116, 32.87504661835614, 74.6722647012532, 0.0, 84.92828932429967, 70.07196300509119, 51.096206352598394, 62.75811001468358, 48.38254829555187, 70.00649396580485, 57.45724305940018, 19.343517606766483, 50.87320781317393, 53.23408851457961, 44.528150452465994, 53.020080384364114, 49.25095867369103, 55.85843166318152, 73.82443586866067, 38.88353691057377, 10.837861002033076, 56.76468573699894, 88.6253854093203, 20.43891049438887, 60.77128803964609, 39.58267955569109, 10.153981661620657, 89.88621185367907, 30.03552017631207, 78.3340018754099, 51.50192764881868, 43.131448411459765, 68.36309836503506, 31.73451539262359, 60.80148405704404, 14.97799652574024, 66.02095033802252, 53.87587632609135, 68.05912969455018, 85.40397734884185, 16.55962833471488, 55.13891066041295, 87.1499830268578, 58.028005280346896, 53.927293355081595, 47.43392910563702, 47.51150746973549, 72.24917875127876], [31.496233655173164, 17.77000003135329, 99.05133501059154, 61.9307535077909, 51.07206994205536, 82.16460260599592, 48.015958249044374, 1.8613431202914572, 4.9786884253375305, 35.99490638603535, 9.159211562718607, 49.34363677050874, 55.890082727981536, 74.62464170056428, 51.136369381875646, 95.04175575046904, 24.91974144280786, 84.92828932429967, 0.0, 65.72635959855161, 83.64838124193662, 27.37358968706022, 58.384246049643885, 51.4512467724836, 47.496602460674616, 69.1573673343853, 64.19193421301537, 36.84705702540729, 94.00995787914206, 49.79362123916401, 54.37031515699651, 98.33531033412916, 41.90936625831344, 46.72794278886177, 87.69662061961151, 72.31329127471255, 58.82209140892768, 92.75083793992533, 24.31692278243388, 56.41275138069239, 77.56423050083005, 24.130502046634565, 67.07333473080708, 37.839702753940124, 91.13773584246941, 68.79276814137191, 16.756813758853053, 53.20116549182527, 89.91651642562012, 75.1708233401389, 32.553147896533446, 80.11005423473699, 37.15545777768048, 20.021695846238803, 89.34340312483397, 73.61827686662089, 53.988230482805385, 61.84453183802936, 39.96053923803022, 99.68472886623672, 37.60297865060903, 17.591147765820725], [34.401711858960596, 52.53567729575898, 54.02887097032334, 75.78051888883917, 34.08324845490402, 56.05222185025358, 17.71395321862692, 64.44039684155277, 70.32577893603262, 77.08866258399142, 59.8715871446006, 32.2535774312684, 17.900493558941037, 46.47772583292794, 25.49513857533357, 99.19248305553522, 78.3262518964234, 70.07196300509119, 65.72635959855161, 0.0, 29.656653368692755, 42.07529529585248, 85.59679274587721, 14.393199651956838, 22.453755831574497, 69.52799790171659, 19.19926342580199, 38.53447730808916, 44.63660671893515, 81.87926553782786, 24.199259869228204, 42.12802213559169, 91.19176392827207, 48.115475595905984, 79.66942205598471, 16.1285569525829, 22.6721299748393, 61.45939159449808, 57.21140632333821, 33.59408268752842, 70.82743893672365, 49.85337204656304, 78.09210152650871, 30.22181770145303, 36.826937034652886, 89.99696944675114, 59.54787131048776, 55.3107874441625, 29.833436225141174, 72.77769804710924, 33.902506285234814, 24.439494894361257, 28.6516876605547, 81.75202565525107, 61.050065881449854, 18.383047851689785, 24.10245206755937, 12.31304270498474, 33.442512214592796, 49.04675113545536, 50.140557659990556, 68.98559023554411], [53.63469768564741, 74.86147606358796, 24.756918039265603, 69.3162017661795, 63.367029201257324, 35.11263023309179, 41.15402869739085, 81.99993267942277, 88.60926695795352, 82.44922203803986, 75.7495515162237, 36.05207778399092, 47.284372608674786, 28.468718601782957, 32.631086903516, 83.57578268703249, 88.53926707038842, 51.096206352598394, 83.64838124193662, 29.656653368692755, 0.0, 56.442083129675495, 82.77477184129899, 39.54074808587629, 36.54520045623353, 58.39070217534591, 19.537917771607844, 48.152439842747874, 15.031799701708072, 82.10407776408582, 29.3981618725438, 14.73622030078973, 97.17885846025415, 48.18519334749636, 61.85305763770233, 14.0174362434793, 52.32878326861307, 36.37634220223268, 67.15965876591883, 31.016133695278587, 55.71522724557087, 74.04151431859522, 69.65300950481671, 55.18872998656499, 7.8280301683100095, 83.53310071587576, 72.31421306896804, 51.1296592068139, 10.172681209351532, 59.29135669493119, 51.84613458268967, 5.220262194684404, 48.96666904340679, 95.21915188281812, 37.51082340204453, 11.86455289437783, 53.49789753824489, 23.909075144420612, 44.061071994448334, 19.456726496349223, 54.9512932268802, 80.86211498816212], [10.633095901525328, 24.09220909293633, 71.96090691769876, 48.68579942041912, 41.564241260954304, 57.03512547392001, 25.524604636813454, 25.659512177184734, 32.352249141096884, 37.21204358533315, 19.330026665953735, 22.175754905238314, 38.1104901849293, 48.60418087384237, 23.83107127429187, 80.29030371608319, 36.316346851812575, 62.75811001468358, 27.37358968706022, 42.07529529585248, 56.442083129675495, 0.0, 52.24799624850909, 29.171620595247525, 21.093743753360396, 50.66779199705556, 37.132804628070346, 10.136474398752135, 66.65626288977991, 45.867598008937264, 27.069475347875372, 71.07549179329578, 50.23626082369599, 24.213290558266213, 67.87884649819478, 45.782540515168456, 43.30009461249733, 67.22341909504539, 16.08147908542637, 29.45555016363068, 57.33779626892469, 27.394479525088443, 53.051928029675835, 22.926791719541985, 63.84593626064514, 60.184853640821515, 17.485077307830704, 32.775479286401406, 63.19803522657399, 56.278661779149516, 9.299571935672274, 53.1284409665154, 15.21066584682106, 40.09826884220496, 64.20778373999995, 46.88005921276083, 39.16680347428131, 35.71158183371413, 12.589903262349136, 72.32806607380388, 17.60926131060088, 26.911867687939413], [62.70482808333225, 69.80118682685183, 82.61863798463158, 15.320208034792582, 93.79950176247108, 57.317249018924116, 73.86496305891144, 56.99885586162028, 60.75634334957853, 23.071656822375562, 51.68976281293101, 53.43621701376053, 88.30062713257603, 57.08781877665553, 60.134098051039096, 40.532786284827274, 37.13931171588453, 48.38254829555187, 58.384246049643885, 85.59679274587721, 82.77477184129899, 52.24799624850909, 0.0, 77.01512517502644, 63.96680467604921, 29.54385617174899, 70.51604206426173, 49.19406028754159, 83.8395018587609, 8.829667413911178, 61.836806930541634, 93.58830461173528, 28.360987519658917, 37.572271478923405, 43.92025228860771, 80.09663935984985, 94.21711325381334, 66.58400140364952, 38.58669770753708, 54.15180056971639, 38.22906864887747, 75.50470860081113, 18.47453588963874, 75.09403139909996, 87.09332948380414, 10.940643211259045, 43.87554383013779, 31.895358113325482, 92.6935504366998, 33.45196240150747, 60.822182413677524, 82.67241028944653, 66.13491855097783, 48.427943283920825, 62.23666626148344, 79.72924957286529, 90.57436372095472, 74.46821516049447, 53.72456553712646, 88.51718768135935, 36.68806262018143, 40.94078325115762], [20.414863244775127, 38.222006912679895, 62.047327755267666, 69.1915663702551, 25.661786789386223, 58.103218100454704, 3.6586642213594183, 50.21308063409737, 55.99833214991207, 65.69376506529872, 45.956339969744214, 26.209374590689308, 12.37077842192999, 48.152602073784415, 20.09492959674362, 96.06176516763168, 65.40654572171678, 70.00649396580485, 51.4512467724836, 14.393199651956838, 39.54074808587629, 29.171620595247525, 77.01512517502644, 0.0, 13.732041816295883, 65.49010271138961, 22.65162175587523, 28.009108597121188, 53.66799688599331, 72.20992923018794, 20.757181790148998, 53.52148598735414, 79.25004817572852, 40.80389106737929, 78.45645499916385, 25.66157609898146, 18.88779285935258, 65.52933367172474, 44.99804007912888, 30.602704700660503, 68.67803011704852, 35.88352961406321, 72.28597878439841, 16.27314450952144, 47.28912148040026, 82.8056531028774, 46.37476939903583, 49.16463397010632, 42.294178543016535, 69.68827379038251, 20.324052692703255, 34.65918519311173, 14.668388252757877, 68.02263462972013, 64.17871364825591, 27.70629816699626, 17.170005365642375, 15.961932038185179, 23.29496594735455, 58.73638630355216, 40.43284828683851, 55.81454948857335], [17.149198941657822, 38.57379585555327, 55.43608352909627, 55.55765069704339, 37.29069506046608, 46.90296292975844, 11.515659086048478, 45.93291810492411, 52.40880082137509, 54.64996602486999, 40.19372985899169, 12.5759446804709, 26.01324484987809, 37.097897856452065, 7.25616615159737, 82.46734589862196, 56.58999025916743, 57.45724305940018, 47.496602460674616, 22.453755831574497, 36.54520045623353, 21.093743753360396, 63.96680467604921, 13.732041816295883, 0.0, 51.84069671200724, 17.026669346134614, 16.08771675273498, 48.53370430962496, 59.71992520833233, 9.330327069794997, 51.278954222840596, 68.8381967609085, 27.193985967881183, 65.39096143035721, 24.847797078128476, 32.48239965857859, 55.443958019162345, 35.126515855562126, 17.914790229724098, 55.399951656391465, 38.544168938574636, 58.57336562546344, 21.950862598843557, 44.24688915287169, 69.31471685685746, 38.338715304358246, 35.44393129826936, 42.422780685219415, 56.17829958493492, 15.302352805342014, 32.69747794583651, 13.09816714825353, 61.161447124851506, 53.486406303283, 26.12279287424916, 30.172163848042672, 14.618162490075077, 10.990752380000092, 54.06521225530309, 27.85060491746875, 47.62052006286784], [58.695628088818914, 73.926547706734, 53.89344527834623, 14.246924482452219, 87.95285117865782, 28.34115333838473, 63.300842177312504, 67.37272296310152, 73.11072258059322, 43.067344494539824, 60.3508103789937, 39.285468995074616, 77.83657650074485, 30.34637813485349, 45.57887873395314, 30.687660523478264, 56.21248245071903, 19.343517606766483, 69.1573673343853, 69.52799790171659, 58.39070217534591, 50.66779199705556, 29.54385617174899, 65.49010271138961, 51.84069671200724, 0.0, 51.29258595502083, 42.61429914982653, 56.42770999637203, 33.689820618361274, 45.80583135838975, 66.99842721223602, 54.49440255539056, 26.886197917951378, 18.639471355977125, 59.562346438229376, 84.32064082759165, 37.10079368048765, 44.88596733046093, 35.98628222012076, 9.489708664915495, 77.97095116069754, 12.09195916946105, 69.97233002082018, 61.19797534912552, 26.271889124784913, 52.40179237821033, 17.962039513872867, 68.56333420436961, 6.020145852543406, 56.15243460784493, 59.594298339619364, 59.625080462344506, 67.26135002090955, 32.76109064950073, 58.54074600076847, 81.87442674365705, 57.272297780983386, 44.980771877690515, 60.5884574173395, 33.49300365142494, 54.876005540515884], [34.15710727593022, 55.49942478488184, 39.65621587242599, 59.067611096440054, 48.16454365735653, 37.09994011948972, 23.252733337634997, 62.566737194618526, 69.14197988946911, 66.16898595837368, 56.46230134095804, 18.52436483138916, 33.18702145815635, 27.375897962962597, 13.606579159696343, 80.36454333334052, 70.63262440616256, 50.87320781317393, 64.19193421301537, 19.19926342580199, 19.537917771607844, 37.132804628070346, 70.51604206426173, 22.65162175587523, 17.026669346134614, 51.29258595502083, 0.0, 29.511299438945358, 31.931923450504332, 68.17887348998302, 10.517449723797368, 34.273818256298576, 80.85045904804525, 33.35061307543856, 60.51749046008444, 9.84711778464736, 39.307108313904, 43.40725525991986, 48.99229513459257, 16.414554834033673, 51.876740852379974, 55.041734852086734, 60.75228652591542, 36.88485287712542, 27.220219840979173, 73.50711752000798, 53.53092158314565, 38.91686647597237, 26.239397851715616, 54.09813401053693, 32.318498757696, 16.000162309613888, 29.696296049832956, 76.52396111215565, 42.513940613388144, 10.193882853258566, 39.007089872698764, 7.44386594472517, 25.022780883526288, 37.338306506590484, 38.196222668715095, 62.40215328706473], [16.082990503413416, 33.97074194503359, 62.206632185528626, 42.89277815269103, 46.18010226460225, 46.92851697678596, 24.7284678014698, 35.058446538725335, 41.79559216279986, 38.562519353269245, 28.220094709408944, 12.568904651011467, 39.110873669046086, 38.47377646021958, 15.918447327761758, 72.939195868804, 41.25409834744554, 53.23408851457961, 36.84705702540729, 38.53447730808916, 48.152439842747874, 10.136474398752135, 49.19406028754159, 28.009108597121188, 16.08771675273498, 42.61429914982653, 29.511299438945358, 0.0, 57.36366134257593, 44.201884221204395, 19.012882160940052, 62.55174736997192, 52.802127247747364, 15.731158088222887, 59.004958627330595, 38.89231236971024, 45.10107822799082, 57.087850041753626, 19.585386229394576, 19.57343916215469, 48.48502655248509, 36.65776599121631, 46.71409528836369, 27.667016646823793, 55.26246891382015, 55.70878597455185, 24.162387813457336, 24.711313088135316, 55.73216067010452, 47.92039419577303, 13.54429118710094, 45.35494209061952, 17.625431197413942, 47.10327853367604, 54.092968835889806, 39.63847299046638, 41.67046013373238, 29.784271890331045, 5.101063874322054, 63.04168796985946, 12.506395322704172, 32.89343439337778], [65.59976363473959, 87.08061245236507, 10.077132126960592, 69.20349642107091, 78.11070462039564, 29.092471263837677, 54.87429577260301, 92.2668705858352, 98.98561471433074, 87.5364048014903, 85.56984381200839, 44.79548872180201, 62.120977969047246, 26.75186958722462, 43.233335528991766, 77.33410859062397, 95.56175680116618, 44.528150452465994, 94.00995787914206, 44.63660671893515, 15.031799701708072, 66.65626288977991, 83.8395018587609, 53.66799688599331, 48.53370430962496, 56.42770999637203, 31.931923450504332, 57.36366134257593, 0.0, 84.74863336362422, 40.086556964000245, 11.386399099768665, 101.99535842187028, 53.426965253667795, 55.268374697468985, 28.73281151561812, 67.29995523051154, 26.060958991235278, 75.0307665085481, 38.20927296360469, 51.45291572145821, 86.92607433545375, 68.4103365791765, 68.73369430517741, 9.40538840322407, 82.62145580424202, 81.05643415627856, 53.89264431760523, 20.176073314233307, 55.780111239455906, 63.523715521126874, 20.242389499380977, 61.5002561302581, 103.44078798763036, 28.621275943225022, 26.493405446222464, 68.3163207893251, 37.73035614757626, 54.06919384939518, 5.678577716110453, 61.57738848893321, 88.87931742308228], [56.47630288175561, 61.879750402912045, 84.57118796736329, 19.960897817554585, 87.3403992412336, 59.89693849165823, 68.88846416535054, 48.45938781049123, 52.029878807212164, 14.24635467166946, 43.42712592695718, 50.26520670499846, 82.99076816718393, 58.1962653060151, 56.734935815262915, 48.90504891518177, 28.334534865771403, 53.020080384364114, 49.79362123916401, 81.87926553782786, 82.10407776408582, 45.867598008937264, 8.829667413911178, 72.20992923018794, 59.71992520833233, 33.689820618361274, 68.17887348998302, 44.201884221204395, 84.74863336362422, 0.0, 58.80203487821969, 93.86717900570034, 21.158086591987416, 34.830969428842025, 50.01666647002896, 77.95782233576904, 88.67260444330778, 69.81029969312826, 31.199507461515534, 52.157985129763105, 42.98818946766582, 67.75893040330047, 24.396682915010725, 68.78996264311854, 87.07816787371365, 19.731657753112124, 35.82930983209374, 31.114631674066974, 91.74495395551729, 38.51810706342413, 54.80685723880274, 81.44602773435896, 60.37601912918862, 39.66720913067928, 65.48473278760002, 77.83526427950437, 84.79846190321051, 71.35960849936765, 49.03357180611398, 89.72759429336836, 31.889321588095168, 32.27019210762919], [25.69783514759206, 47.16397411283068, 46.464751891434254, 51.585620172105784, 45.81653331428522, 37.859417052996456, 19.638460140011116, 52.69092342403845, 59.343814393910996, 55.96151883841505, 46.35650362090773, 8.541784179189174, 32.97345680402006, 27.97300905095645, 3.238406246348359, 76.02589437985534, 60.11878456404757, 49.25095867369103, 54.37031515699651, 24.199259869228204, 29.3981618725438, 27.069475347875372, 61.836806930541634, 20.757181790148998, 9.330327069794997, 45.80583135838975, 10.517449723797368, 19.012882160940052, 40.086556964000245, 58.80203487821969, 0.0, 44.006351927062816, 70.58593304460618, 24.27027472125867, 57.79183093555213, 20.124024689678595, 39.48536627447959, 46.16255209331931, 38.47500199059559, 10.005272233484359, 48.18974012894634, 47.58743042669742, 53.928348130912575, 31.25631006179133, 36.779300110218024, 65.83526600353255, 43.09876463696862, 31.117258215016218, 36.71936052568775, 49.54172491497109, 23.50157027723517, 26.361343322044746, 22.27695982781144, 66.07982219930135, 44.30887922722322, 20.692871646318462, 37.902433819560315, 12.632954148259419, 14.675568994571105, 45.70843126143367, 28.028173748331202, 51.90588281907323], [68.35408504656506, 89.52755073647339, 19.72404976877105, 79.29852916545178, 76.21097721623799, 40.25951674941937, 55.42067706624129, 96.67477301240565, 103.30110194853154, 95.48453937454677, 90.35266205879688, 50.23338930319284, 60.028504426843384, 36.80814615482958, 47.244675268527324, 88.692616348136, 102.40022887613874, 55.85843166318152, 98.33531033412916, 42.12802213559169, 14.73622030078973, 71.07549179329578, 93.58830461173528, 53.52148598735414, 51.278954222840596, 66.99842721223602, 34.273818256298576, 62.55174736997192, 11.386399099768665, 93.86717900570034, 44.006351927062816, 0.0, 110.13050971163399, 61.09419887839097, 66.62302374056564, 27.89858789626179, 64.43528223732463, 37.362332291394154, 81.25007260860251, 44.5612493586828, 62.509101532947724, 88.54810189087968, 78.84956432819273, 69.46922178252395, 7.2989