instance_id,num_cities,city_coordinates,distance_matrix,best_route,total_distance
999,40,"[[54.47368588138911, 75.646367173846], [31.551440381524788, 83.99909090434006], [84.91808416113183, 89.93646120249902], [0.012906614345575829, 9.604177944758241], [61.96449523614106, 90.93690570625002], [85.08864369346657, 70.00277333998817], [88.72545878389528, 53.82955570008162], [21.65606186405381, 22.526027659474412], [85.96348948827833, 16.254346667758313], [9.121534097009398, 58.2985567356057], [11.272573807720532, 30.08600392394949], [92.10849402438893, 66.27449527397489], [79.66716267345191, 89.58990798333471], [74.91600636078716, 46.35627492423102], [17.89027567529201, 69.47472351078223], [79.48747748817033, 11.321915445905063], [78.82875507288314, 75.06537317704824], [17.72105507609555, 88.76263867346023], [47.78693754916502, 84.8033133705717], [76.44807021663354, 88.85715363512851], [28.11900229276444, 93.46978562520944], [29.8183568237942, 64.04861204875093], [56.41021757496782, 60.28179458823888], [51.05695627330401, 24.35874232605405], [34.64012399608202, 90.7604880712913], [65.88737170942584, 93.85135490374005], [3.9204849853412105, 88.10562298023667], [1.4837386899137939, 70.38958069492391], [19.62046069196075, 15.608331935023934], [51.154972224425755, 74.8227439000336], [44.58474433115847, 81.04230285534842], [54.875045321652024, 21.171095535354066], [10.306487265999763, 85.03787141910972], [52.89737056094119, 49.130190236946646], [6.883003067458349, 99.69198420240612], [60.178294694897474, 66.495501329627], [20.04398757930488, 72.34710151019988], [22.111533975275176, 43.488477711505055], [26.301765087834916, 86.06523455926607], [42.15993623922271, 60.644160441273556]]","[[0.0, 24.39666642133734, 33.63135700448833, 85.60109366441691, 17.02682569947115, 31.130785296822193, 40.60981666846863, 62.44010663239847, 67.22365529332657, 48.556814130197374, 62.786007866914055, 38.78415613195676, 28.794680119391572, 35.71831421796629, 37.10033810912516, 69.01684476015753, 24.36199805735927, 39.02297335111467, 11.338530191706106, 25.639782484230263, 31.81577584075116, 27.246892939929005, 15.486130754278962, 51.40130838551303, 24.936054771372696, 21.4870612794472, 52.06591184340535, 53.25005452992814, 69.42127182242518, 3.41938819587372, 11.265313438284307, 54.47675017370045, 45.15464301176632, 26.562989465390228, 53.32039749458311, 10.783362528175115, 34.587415039170764, 45.62278740570915, 30.036809397691712, 19.408622751158703], [24.39666642133734, 0.0, 53.69591264106544, 80.80397382831651, 31.194345317949843, 55.336507333101316, 64.64572093120773, 62.26440412234971, 86.89085947138304, 34.111847685084804, 57.60081056090544, 63.09768645651508, 48.439446397379804, 57.42357684333285, 19.939525303122597, 87.06225063772384, 48.113987538517904, 14.62774572671137, 16.255403472557845, 45.15869953892664, 10.073514269065978, 20.02561322869753, 34.35795320008149, 62.748994643292214, 7.433468781133784, 35.72146813987647, 27.934446509574055, 33.00432476442912, 69.42365727006813, 21.64494871925264, 13.364490540615332, 67.01751673621199, 21.27033375005483, 40.88384728688176, 29.23694066728788, 33.55402264824693, 16.376517543008777, 41.59593266436335, 5.641634540801881, 25.65137347779775], [33.63135700448833, 53.69591264106544, 0.0, 116.88526386013422, 22.975381035851058, 19.93441753235049, 36.3070892041563, 92.44593022721192, 73.68953029168169, 82.13448727957876, 94.8985691760729, 24.730358380020732, 5.262345066934686, 44.71324408240455, 70.0814513247196, 78.80189270158438, 16.0695111252862, 67.20728068583708, 37.484280110251476, 8.538503442933003, 56.90887525303609, 60.878244771479466, 41.13511528241341, 73.80388333193504, 50.28471237502336, 19.42921534986769, 81.01828831096184, 85.69346848965785, 98.93659803694548, 36.991514950720614, 41.3023528935617, 75.0417197167459, 74.77223129683644, 51.86981636346437, 78.64250829098671, 34.08131133913712, 67.2163222862817, 78.11579812450346, 58.744014651927124, 51.82950991084086], [85.60109366441691, 80.80397382831651, 116.88526386013422, 0.0, 102.23997230970437, 104.33537925973341, 99.12517818413305, 25.207149168691878, 86.2074674283681, 49.538970724516204, 23.37274696623052, 108.13474042413496, 112.88276005721029, 83.43375206721767, 62.48265800135778, 79.493132015926, 102.45538565385006, 81.11498275214531, 89.09134638420792, 110.10616872222441, 88.4499449739557, 62.069004076849204, 75.8213526142386, 53.133719761259115, 88.23486191384924, 106.94406003664226, 78.59863892831551, 60.803195101033694, 20.506243977028728, 82.87926290772829, 84.20246082030495, 56.06824275904648, 76.13277818268901, 66.02326994810996, 90.34938329391393, 82.80396487708262, 65.86287772458478, 40.45361667292536, 80.8541727955096, 66.19253673523066], [17.02682569947115, 31.194345317949843, 22.975381035851058, 102.23997230970437, 0.0, 31.19237310312573, 45.75046004669806, 79.40288430556413, 78.44384201230787, 62.10990553431343, 79.1991360169058, 38.94733817959684, 17.753840070856924, 46.423854658295355, 49.02205722416578, 81.52055925445896, 23.158342010313735, 44.296833231342895, 15.447462474718145, 14.632132889393871, 33.94013661233592, 41.908883910665864, 31.15422664735907, 67.46574127144737, 27.324940747355523, 4.88702096879085, 58.11302167216552, 63.8757737919869, 86.41418452942656, 19.40391709057031, 19.99897265102168, 70.12509229150103, 51.99373417022515, 42.77866533924251, 55.77295203772623, 24.506586059162657, 45.85749428669587, 61.96460151112548, 35.99393700882497, 36.19213965422842], [31.130785296822193, 55.336507333101316, 19.93441753235049, 104.33537925973341, 31.19237310312573, 0.0, 16.577074314539168, 79.23215141568053, 53.755545992062714, 76.8634531280142, 83.91758250802118, 7.948481364768149, 20.323589741651585, 25.741783885904795, 67.20044271378092, 58.94757116323732, 8.050846083009572, 69.93085544628596, 40.13070229229398, 20.73998954489435, 61.61364059134406, 55.59007687832376, 30.281174886819574, 56.934465096851746, 54.552138917952206, 30.617702206534595, 83.16239025644268, 83.60579980230388, 85.11661554171866, 34.27427862944017, 41.98138963246087, 57.422942138041904, 76.27860181067112, 38.36590662666822, 83.65148813594091, 25.156041902198663, 65.0868893370946, 68.33099019575023, 60.94177349416473, 43.936972575270126], [40.60981666846863, 64.64572093120773, 36.3070892041563, 99.12517818413305, 45.75046004669806, 16.577074314539168, 0.0, 74.01496383151397, 37.67658169490329, 79.72927188812722, 81.01052797061887, 12.8965673121291, 36.88977532930823, 15.70193942736962, 72.54236308429948, 43.49988251017071, 23.428715036437712, 79.13245624852775, 51.33552556579804, 37.11693531436601, 72.4188538774837, 59.78691975670784, 32.95309091816748, 47.82724037948649, 65.49135213840609, 46.07952509215999, 91.46984404254312, 88.79950536341074, 78.97064459268954, 43.037836970669, 51.85495424869768, 47.03642749928949, 84.40079421393524, 36.13496840275202, 93.81657585857505, 31.23086223937414, 71.13398617859686, 67.41181552498281, 70.25565120452616, 47.06152066855771], [62.44010663239847, 62.26440412234971, 92.44593022721192, 25.207149168691878, 79.40288430556413, 79.23215141568053, 74.01496383151397, 0.0, 64.61253152529103, 37.90498941888081, 12.844067320574212, 82.93053488265718, 88.67272332127398, 58.34811370125479, 47.099481820483724, 58.906746333366286, 77.64727732616208, 66.35339416366992, 67.53727104060675, 86.03477466993948, 71.2375350028751, 42.31723140015652, 51.31616972804616, 29.45796047103356, 69.4588184260298, 83.92681977257858, 67.93551361148063, 51.940757901856166, 7.210976790137871, 60.04275345114368, 62.84806236055789, 33.246604383262316, 63.5337977283418, 41.034142315184134, 78.56734764132801, 58.457480591486075, 49.847148194645904, 20.967397717122168, 63.70881706559919, 43.28280156324887], [67.22365529332657, 86.89085947138304, 73.68953029168169, 86.2074674283681, 78.44384201230787, 53.755545992062714, 37.67658169490329, 64.61253152529103, 0.0, 87.59224685200765, 75.96082956137946, 50.39619377826872, 73.60535500104437, 32.06513633543497, 86.40816483493923, 8.140491949744533, 59.24222543300199, 99.57149323016705, 78.46279343729253, 73.22370369939237, 96.479058413232, 73.73308433275575, 53.02652214856917, 35.835000907971356, 90.47238778925214, 80.1520192649279, 109.05806020465005, 100.33669248151327, 66.3461740035093, 68.131417337859, 76.87444190199345, 31.474843607688427, 102.25045360526101, 46.628202960252985, 114.9589608943851, 56.47167336187591, 86.55505691605433, 69.41736178033923, 91.83181053771689, 62.36350570718595], [48.556814130197374, 34.111847685084804, 82.13448727957876, 49.538970724516204, 62.10990553431343, 76.8634531280142, 79.72927188812722, 37.90498941888081, 87.59224685200765, 0.0, 28.294435989917645, 83.36936555807738, 77.17405246683715, 66.86950482343437, 14.205545841440303, 84.60597388003563, 71.69534705795293, 31.654573909406164, 46.87766577376418, 73.93706993338712, 39.97398078067308, 21.480726409695404, 47.33025266633017, 53.9489632454496, 41.29134796152601, 66.98030887823174, 30.257430657175828, 14.301355847102666, 43.96228785186666, 45.16479472173413, 42.129767002331825, 58.92225525690347, 26.765557415382816, 44.725639205836224, 41.45391246456153, 51.71056665158013, 17.794988068461468, 19.699709072406396, 32.65193308612944, 33.12156205336107], [62.786007866914055, 57.60081056090544, 94.8985691760729, 23.37274696623052, 79.1991360169058, 83.91758250802118, 81.01052797061887, 12.844067320574212, 75.96082956137946, 28.294435989917645, 0.0, 88.56665796712915, 90.65613263547561, 65.69024452351614, 39.940771258179275, 70.74859786981592, 81.16021984653635, 59.029910860478815, 65.7820850423573, 87.76043169060901, 65.58434215157361, 38.69631530673321, 54.30646976834808, 40.19450974422445, 65.01873136528909, 83.95710890341562, 58.483582358546045, 41.47528895013795, 16.71197778992629, 59.93314281060666, 60.87893811301816, 44.504506667305684, 54.96035902731842, 45.77449876373391, 69.74425296616674, 60.970657178912646, 43.16176628391055, 17.23686053607066, 57.96163259481424, 43.44916670906644], [38.78415613195676, 63.09768645651508, 24.730358380020732, 108.13474042413496, 38.94733817959684, 7.948481364768149, 12.8965673121291, 82.93053488265718, 50.39619377826872, 83.36936555807738, 88.56665796712915, 0.0, 26.42716775576955, 26.311919997675002, 74.28718190698774, 56.383296180410476, 15.925796712468845, 77.71233921869738, 48.03870802221097, 27.481363366745352, 69.52869097976455, 62.32989450176575, 36.19778174098677, 58.6699164557091, 62.46741067933451, 38.05299518429563, 90.85000316564813, 90.71813604486805, 88.43966917561643, 41.836150664144206, 49.765398879796955, 58.48629215706157, 83.92635220276979, 42.79531981967671, 91.54295644740606, 31.930964171125364, 72.31991175100949, 73.61234279979419, 68.71825765244243, 50.26488928811461], [28.794680119391572, 48.439446397379804, 5.262345066934686, 112.88276005721029, 17.753840070856924, 20.323589741651585, 36.88977532930823, 88.67272332127398, 73.60535500104437, 77.17405246683715, 90.65613263547561, 26.42716775576955, 0.0, 43.493913525878504, 64.9692574495679, 78.26819879494451, 14.54871261121473, 61.95163130196259, 32.237559491409165, 3.301436835736834, 51.6939676282349, 56.01125996310791, 37.414582799941776, 71.2295506322106, 45.04225205066555, 14.423680836308282, 75.76121885738739, 80.5065236721334, 95.28315702917283, 32.10940888999168, 36.10869189222541, 72.77213051421106, 69.50988656198469, 48.514024053508805, 73.48187418327511, 30.218663004380975, 62.06639496037526, 73.74274383253417, 53.48166959077953, 47.37771982226753], [35.71831421796629, 57.42357684333285, 44.71324408240455, 83.43375206721767, 46.423854658295355, 25.741783885904795, 15.70193942736962, 58.34811370125479, 32.06513633543497, 66.86950482343437, 65.69024452351614, 26.311919997675002, 43.493913525878504, 0.0, 61.53370316553064, 35.331355653655095, 28.974504740787573, 71.20085771175926, 47.05487371017085, 42.52848352406667, 66.40513896012675, 48.443955109890716, 23.159972290528042, 32.45220657343486, 59.948985358095335, 48.34561889073012, 82.36122946188277, 77.26511322423863, 63.269529545277926, 37.08000268580981, 46.077174283458966, 32.185918974328594, 75.30375731032488, 22.192677365481998, 86.4475992802351, 24.955732514889235, 60.716237628638105, 52.882289708045136, 62.770581722982755, 35.73658912594991], [37.10033810912516, 19.939525303122597, 70.0814513247196, 62.48265800135778, 49.02205722416578, 67.20044271378092, 72.54236308429948, 47.099481820483724, 86.40816483493923, 14.205545841440303, 39.940771258179275, 74.28718190698774, 64.9692574495679, 61.53370316553064, 0.0, 84.71106395865243, 61.19439218573511, 19.28865746841538, 33.5972626606742, 61.682200828692345, 26.084283660668337, 13.10426669003805, 39.60171544427506, 55.995361059210005, 27.08581163072091, 53.83253092487852, 23.286594146889623, 16.43202420640741, 53.89417112809909, 33.69185893639291, 29.0930154626823, 60.83677885443047, 17.312579803524198, 40.48946438844367, 32.15964698140705, 42.39283332601397, 3.590129571063597, 26.326868259928432, 18.60102714871375, 25.82625152849293], [69.01684476015753, 87.06225063772384, 78.80189270158438, 79.493132015926, 81.52055925445896, 58.94757116323732, 43.49988251017071, 58.906746333366286, 8.140491949744533, 84.60597388003563, 70.74859786981592, 56.383296180410476, 78.26819879494451, 35.331355653655095, 84.71106395865243, 0.0, 63.746861246201284, 99.05633019445884, 80.02774564729205, 77.59478821172131, 96.88649451237708, 72.43704909934496, 54.12605371476325, 31.277042565625333, 91.22374655758823, 83.6425206125299, 107.73164854693539, 97.84463370301296, 60.02027212863859, 69.53478315836452, 77.96879633771734, 26.509963515362738, 101.09427072373343, 46.22228281983041, 114.37079503936546, 58.45484684277657, 85.19155959792725, 65.77755408938262, 91.73485572895893, 61.854904308995884], [24.36199805735927, 48.113987538517904, 16.0695111252862, 102.45538565385006, 23.158342010313735, 8.050846083009572, 23.428715036437712, 77.64727732616208, 59.24222543300199, 71.69534705795293, 81.16021984653635, 15.925796712468845, 14.54871261121473, 28.974504740787573, 61.19439218573511, 63.746861246201284, 0.0, 62.62400562864525, 32.533396908230365, 13.995744660026524, 53.946282768906215, 50.233337160617374, 26.85414343145091, 57.81379784120138, 46.89319511384487, 22.812113290871757, 76.03484097726309, 77.48622196634501, 83.90924786192369, 27.674846451419363, 34.761702490797255, 58.977736251625, 69.24414709263279, 36.67520166055968, 76.04381107112113, 20.52516445225315, 58.847581854557504, 64.9148942560703, 53.666391972233086, 39.402711219233126], [39.02297335111467, 14.62774572671137, 67.20728068583708, 81.11498275214531, 44.296833231342895, 69.93085544628596, 79.13245624852775, 66.35339416366992, 99.57149323016705, 31.654573909406164, 59.029910860478815, 77.71233921869738, 61.95163130196259, 71.20085771175926, 19.28865746841538, 99.05633019445884, 62.62400562864525, 0.0, 30.32546035493145, 58.7270911964398, 11.41378722186436, 27.51595576355132, 48.04175032896732, 72.519957069468, 17.0366163112182, 48.43437922482896, 13.81620079656362, 24.51978186908733, 73.1789610207388, 36.223576330555986, 27.951053388682922, 77.12999218823616, 8.297572350367936, 52.991547818140766, 15.392009778875998, 47.942075482163844, 16.579079460960678, 45.486546975706645, 8.994696952139954, 37.25463367957612], [11.338530191706106, 16.255403472557845, 37.484280110251476, 89.09134638420792, 15.447462474718145, 40.13070229229398, 51.33552556579804, 67.53727104060675, 78.46279343729253, 46.87766577376418, 65.7820850423573, 48.03870802221097, 32.237559491409165, 47.05487371017085, 33.5972626606742, 80.02774564729205, 32.533396908230365, 30.32546035493145, 0.0, 28.946401273263195, 21.492682908152037, 27.45227714128933, 25.99357308635561, 60.53295954446603, 14.43352476058501, 20.235927761678635, 43.99057750578287, 48.49476171963732, 74.70807101252998, 10.533538082239788, 4.939558836684425, 64.02577932694751, 37.48118422498089, 36.03731732072501, 43.529350732838516, 22.10705121990842, 30.4109928634471, 48.64300560427778, 21.522199719814264, 24.805802022980583], [25.639782484230263, 45.15869953892664, 8.538503442933003, 110.10616872222441, 14.632132889393871, 20.73998954489435, 37.11693531436601, 86.03477466993948, 73.22370369939237, 73.93706993338712, 87.76043169060901, 27.481363366745352, 3.301436835736834, 42.52848352406667, 61.682200828692345, 77.59478821172131, 13.995744660026524, 58.7270911964398, 28.946401273263195, 0.0, 48.548688759490425, 52.81849966386177, 34.90081207003308, 69.31633089451351, 41.851249075223684, 11.682054582629721, 72.53147880615434, 77.20558432878885, 92.70796667354101, 28.92586148511315, 32.807673327961176, 71.04081829628326, 66.25176157553221, 46.18297386605923, 70.40377916625546, 27.65409715322167, 58.77076109194486, 70.78683440987612, 50.223965695639166, 44.40325569830867], [31.81577584075116, 10.073514269065978, 56.90887525303609, 88.4499449739557, 33.94013661233592, 61.61364059134406, 72.4188538774837, 71.2375350028751, 96.479058413232, 39.97398078067308, 65.58434215157361, 69.52869097976455, 51.6939676282349, 66.40513896012675, 26.084283660668337, 96.88649451237708, 53.946282768906215, 11.41378722186436, 21.492682908152037, 48.548688759490425, 0.0, 29.470209711473586, 43.61004025696395, 72.8181710750214, 7.061538182658673, 37.77029684166809, 24.785933122627895, 35.2439090740133, 78.32388639546363, 29.637275107419256, 20.629178094876412, 77.09076745805969, 19.707431815377255, 50.79337804505863, 22.128791612541097, 41.89761619214595, 22.61357218232152, 50.34104504626583, 7.624285379440037, 35.70251384433665], [27.246892939929005, 20.02561322869753, 60.878244771479466, 62.069004076849204, 41.908883910665864, 55.59007687832376, 59.78691975670784, 42.31723140015652, 73.73308433275575, 21.480726409695404, 38.69631530673321, 62.32989450176575, 56.01125996310791, 48.443955109890716, 13.10426669003805, 72.43704909934496, 50.233337160617374, 27.51595576355132, 27.45227714128933, 52.81849966386177, 29.470209711473586, 0.0, 26.85732622564328, 45.01515150681344, 27.143576759655684, 46.788645166327704, 35.34741207950818, 29.0354691397362, 49.50209917783283, 23.902574629175234, 22.512923560654663, 49.66204849616356, 28.657670222064105, 27.480905815390024, 42.38490805006225, 30.458382995328513, 12.821981963386085, 21.957100044952465, 22.295696540093548, 12.802533859161786], [15.486130754278962, 34.35795320008149, 41.13511528241341, 75.8213526142386, 31.15422664735907, 30.281174886819574, 32.95309091816748, 51.31616972804616, 53.02652214856917, 47.33025266633017, 54.30646976834808, 36.19778174098677, 37.414582799941776, 23.159972290528042, 39.60171544427506, 54.12605371476325, 26.85414343145091, 48.04175032896732, 25.99357308635561, 34.90081207003308, 43.61004025696395, 26.85732622564328, 0.0, 36.319734172974805, 37.455142916124444, 34.88168330606115, 59.40822715514958, 55.84877279483212, 57.87231183337121, 15.461462110116795, 23.892269062371923, 39.14081672950471, 52.32988905451682, 11.69180797617356, 63.29382293950549, 7.266949611061685, 38.315457914770825, 38.18920251058167, 39.63968576956056, 14.254887833979295], [51.40130838551303, 62.748994643292214, 73.80388333193504, 53.133719761259115, 67.46574127144737, 56.934465096851746, 47.82724037948649, 29.45796047103356, 35.835000907971356, 53.9489632454496, 40.19450974422445, 58.6699164557091, 71.2295506322106, 32.45220657343486, 55.995361059210005, 31.277042565625333, 57.81379784120138, 72.519957069468, 60.53295954446603, 69.31633089451351, 72.8181710750214, 45.01515150681344, 36.319734172974805, 0.0, 68.40105423188719, 71.05747268852392, 79.2812192049261, 67.64866578515182, 32.631624790182634, 50.46409676180963, 57.051867293737466, 4.9738210707035835, 73.0928001365865, 24.839721342080395, 87.3294650930212, 43.1127043216547, 57.13743820299929, 34.695594070841345, 66.48692107743133, 37.36025338890442], [24.936054771372696, 7.433468781133784, 50.28471237502336, 88.23486191384924, 27.324940747355523, 54.552138917952206, 65.49135213840609, 69.4588184260298, 90.47238778925214, 41.29134796152601, 65.01873136528909, 62.46741067933451, 45.04225205066555, 59.948985358095335, 27.08581163072091, 91.22374655758823, 46.89319511384487, 17.0366163112182, 14.43352476058501, 41.851249075223684, 7.061538182658673, 27.143576759655684, 37.455142916124444, 68.40105423188719, 0.0, 31.399744384867248, 30.83414551437949, 38.91426157474439, 76.63835108938002, 22.951076255236643, 13.90462503989902, 72.47161923520659, 24.997484230606773, 45.45776886194816, 29.158693135776115, 35.227655956861234, 23.496808356569414, 48.90407479305993, 9.569411414759482, 31.04095304739626], [21.4870612794472, 35.72146813987647, 19.42921534986769, 106.94406003664226, 4.88702096879085, 30.617702206534595, 46.07952509215999, 83.92681977257858, 80.1520192649279, 66.98030887823174, 83.95710890341562, 38.05299518429563, 14.423680836308282, 48.34561889073012, 53.83253092487852, 83.6425206125299, 22.812113290871757, 48.43437922482896, 20.235927761678635, 11.682054582629721, 37.77029684166809, 46.788645166327704, 34.88168330606115, 71.05747268852392, 31.399744384867248, 0.0, 62.2326962746457, 68.54402085621656, 90.89883221681711, 24.06515388099583, 24.857066351355947, 73.50980502168889, 56.27532502480402, 46.56954690559146, 59.29273538505061, 27.9452372529941, 50.6364373007759, 66.72887956804634, 40.34406922483123, 40.813097873853174], [52.06591184340535, 27.934446509574055, 81.01828831096184, 78.59863892831551, 58.11302167216552, 83.16239025644268, 91.46984404254312, 67.93551361148063, 109.05806020465005, 30.257430657175828, 58.483582358546045, 90.85000316564813, 75.76121885738739, 82.36122946188277, 23.286594146889623, 107.73164854693539, 76.03484097726309, 13.81620079656362, 43.99057750578287, 72.53147880615434, 24.785933122627895, 35.34741207950818, 59.40822715514958, 79.2812192049261, 30.83414551437949, 62.2326962746457, 0.0, 17.88283777154144, 74.17780292029904, 49.066604339392974, 41.27314477151623, 84.12251888368823, 7.084640059267168, 62.59248899198799, 11.959108652297747, 60.26556654567177, 22.545472601370854, 48.18302517780798, 22.474093617645885, 47.07852543333164], [53.25005452992814, 33.00432476442912, 85.69346848965785, 60.803195101033694, 63.8757737919869, 83.60579980230388, 88.79950536341074, 51.940757901856166, 100.33669248151327, 14.301355847102666, 41.47528895013795, 90.71813604486805, 80.5065236721334, 77.26511322423863, 16.43202420640741, 97.84463370301296, 77.48622196634501, 24.51978186908733, 48.49476171963732, 77.20558432878885, 35.2439090740133, 29.0354691397362, 55.84877279483212, 67.64866578515182, 38.91426157474439, 68.54402085621656, 17.88283777154144, 0.0, 57.70551014135112, 49.868671296147085, 44.39794113147371, 72.61605129203248, 17.100096887944673, 55.635629095160404, 29.795686049056286, 58.823590155016866, 18.663191757531234, 33.89948790261121, 29.35405522858086, 41.82733870318148], [69.42127182242518, 69.42365727006813, 98.93659803694548, 20.506243977028728, 86.41418452942656, 85.11661554171866, 78.97064459268954, 7.210976790137871, 66.3461740035093, 43.96228785186666, 16.71197778992629, 88.43966917561643, 95.28315702917283, 63.269529545277926, 53.89417112809909, 60.02027212863859, 83.90924786192369, 73.1789610207388, 74.70807101252998, 92.70796667354101, 78.32388639546363, 49.50209917783283, 57.87231183337121, 32.631624790182634, 76.63835108938002, 90.89883221681711, 74.17780292029904, 57.70551014135112, 0.0, 67.08779324104384, 70.03442016623103, 35.69075617418636, 70.05148859197594, 47.234179514864366, 85.04295035661708, 65.07258952896217, 56.740350262658886, 27.991212453566227, 70.77298182097647, 50.36123317781194], [3.41938819587372, 21.64494871925264, 36.991514950720614, 82.87926290772829, 19.40391709057031, 34.27427862944017, 43.037836970669, 60.04275345114368, 68.131417337859, 45.16479472173413, 59.93314281060666, 41.836150664144206, 32.10940888999168, 37.08000268580981, 33.69185893639291, 69.53478315836452, 27.674846451419363, 36.223576330555986, 10.533538082239788, 28.92586148511315, 29.637275107419256, 23.902574629175234, 15.461462110116795, 50.46409676180963, 22.951076255236643, 24.06515388099583, 49.066604339392974, 49.868671296147085, 67.08779324104384, 0.0, 9.047143646925493, 53.78046407475419, 42.10638376338843, 25.751568218143426, 50.77879839315443, 12.278571465464202, 31.209328266261814, 42.72420324483285, 27.27774736295538, 16.791155447798154], [11.265313438284307, 13.364490540615332, 41.3023528935617, 84.20246082030495, 19.99897265102168, 41.98138963246087, 51.85495424869768, 62.84806236055789, 76.87444190199345, 42.129767002331825, 60.87893811301816, 49.765398879796955, 36.10869189222541, 46.077174283458966, 29.0930154626823, 77.96879633771734, 34.761702490797255, 27.951053388682922, 4.939558836684425, 32.807673327961176, 20.629178094876412, 22.512923560654663, 23.892269062371923, 57.051867293737466, 13.90462503989902, 24.857066351355947, 41.27314477151623, 44.39794113147371, 70.03442016623103, 9.047143646925493, 0.0, 60.74908855636188, 34.51033867658821, 32.9770023896295, 42.06223851225443, 21.32529595516076, 26.035653792181225, 43.764540059666366, 18.960410673664768, 20.541760105394992], [54.47675017370045, 67.01751673621199, 75.0417197167459, 56.06824275904648, 70.12509229150103, 57.422942138041904, 47.03642749928949, 33.246604383262316, 31.474843607688427, 58.92225525690347, 44.504506667305684, 58.48629215706157, 72.77213051421106, 32.185918974328594, 60.83677885443047, 26.509963515362738, 58.977736251625, 77.12999218823616, 64.02577932694751, 71.04081829628326, 77.09076745805969, 49.66204849616356, 39.14081672950471, 4.9738210707035835, 72.47161923520659, 73.50980502168889, 84.12251888368823, 72.61605129203248, 35.69075617418636, 53.78046407475419, 60.74908855636188, 0.0, 77.88017352924888, 28.028952424087755, 92.02589894585053, 45.63360838810306, 61.90465387180656, 39.642316064283456, 70.90614658106209, 41.470433468255536], [45.15464301176632, 21.27033375005483, 74.77223129683644, 76.13277818268901, 51.99373417022515, 76.27860181067112, 84.40079421393524, 63.5337977283418, 102.25045360526101, 26.765557415382816, 54.96035902731842, 83.92635220276979, 69.50988656198469, 75.30375731032488, 17.312579803524198, 101.09427072373343, 69.24414709263279, 8.297572350367936, 37.48118422498089, 66.25176157553221, 19.707431815377255, 28.657670222064105, 52.32988905451682, 73.0928001365865, 24.997484230606773, 56.27532502480402, 7.084640059267168, 17.100096887944673, 70.05148859197594, 42.10638376338843, 34.51033867658821, 77.88017352924888, 0.0, 55.707673687950646, 15.048696472559795, 53.2072989801249, 15.99607930814638, 43.19387972013758, 16.02823719625597, 40.12100879539201], [26.562989465390228, 40.88384728688176, 51.86981636346437, 66.02326994810996, 42.77866533924251, 38.36590662666822, 36.13496840275202, 41.034142315184134, 46.628202960252985, 44.725639205836224, 45.77449876373391, 42.79531981967671, 48.514024053508805, 22.192677365481998, 40.48946438844367, 46.22228281983041, 36.67520166055968, 52.991547818140766, 36.03731732072501, 46.18297386605923, 50.79337804505863, 27.480905815390024, 11.69180797617356, 24.839721342080395, 45.45776886194816, 46.56954690559146, 62.59248899198799, 55.635629095160404, 47.234179514864366, 25.751568218143426, 32.9770023896295, 28.028952424087755, 55.707673687950646, 0.0, 68.36532033736744, 18.8299199570788, 40.22896645960698, 31.298508822291463, 45.51399487600293, 15.743697331927653], [53.32039749458311, 29.23694066728788, 78.64250829098671, 90.34938329391393, 55.77295203772623, 83.65148813594091, 93.81657585857505, 78.56734764132801, 114.9589608943851, 41.45391246456153, 69.74425296616674, 91.54295644740606, 73.48187418327511, 86.4475992802351, 32.15964698140705, 114.37079503936546, 76.04381107112113, 15.392009778875998, 43.529350732838516, 70.40377916625546, 22.128791612541097, 42.38490805006225, 63.29382293950549, 87.3294650930212, 29.158693135776115, 59.29273538505061, 11.959108652297747, 29.795686049056286, 85.04295035661708, 50.77879839315443, 42.06223851225443, 92.02589894585053, 15.048696472559795, 68.36532033736744, 0.0, 62.78849086239054, 30.34722594853745, 58.230080675567415, 23.722913485506723, 52.62313706427618], [10.783362528175115, 33.55402264824693, 34.08131133913712, 82.80396487708262, 24.506586059162657, 25.156041902198663, 31.23086223937414, 58.457480591486075, 56.47167336187591, 51.71056665158013, 60.970657178912646, 31.930964171125364, 30.218663004380975, 24.955732514889235, 42.39283332601397, 58.45484684277657, 20.52516445225315, 47.942075482163844, 22.10705121990842, 27.65409715322167, 41.89761619214595, 30.458382995328513, 7.266949611061685, 43.1127043216547, 35.227655956861234, 27.9452372529941, 60.26556654567177, 58.823590155016866, 65.07258952896217, 12.278571465464202, 21.32529595516076, 45.63360838810306, 53.2072989801249, 18.8299199570788, 62.78849086239054, 0.0, 40.55864682557822, 44.47922444748559, 39.12280302965811, 18.944641237798702], [34.587415039170764, 16.376517543008777, 67.2163222862817, 65.86287772458478, 45.85749428669587, 65.0868893370946, 71.13398617859686, 49.847148194645904, 86.55505691605433, 17.794988068461468, 43.16176628391055, 72.31991175100949, 62.06639496037526, 60.716237628638105, 3.590129571063597, 85.19155959792725, 58.847581854557504, 16.579079460960678, 30.4109928634471, 58.77076109194486, 22.61357218232152, 12.821981963386085, 38.315457914770825, 57.13743820299929, 23.496808356569414, 50.6364373007759, 22.545472601370854, 18.663191757531234, 56.740350262658886, 31.209328266261814, 26.035653792181225, 61.90465387180656, 15.99607930814638, 40.22896645960698, 30.34722594853745, 40.55864682557822, 0.0, 28.932592618949393, 15.078028839942794, 25.02147107567586], [45.62278740570915, 41.59593266436335, 78.11579812450346, 40.45361667292536, 61.96460151112548, 68.33099019575023, 67.41181552498281, 20.967397717122168, 69.41736178033923, 19.699709072406396, 17.23686053607066, 73.61234279979419, 73.74274383253417, 52.882289708045136, 26.326868259928432, 65.77755408938262, 64.9148942560703, 45.486546975706645, 48.64300560427778, 70.78683440987612, 50.34104504626583, 21.957100044952465, 38.18920251058167, 34.695594070841345, 48.90407479305993, 66.72887956804634, 48.18302517780798, 33.89948790261121, 27.991212453566227, 42.72420324483285, 43.764540059666366, 39.642316064283456, 43.19387972013758, 31.298508822291463, 58.230080675567415, 44.47922444748559, 28.932592618949393, 0.0, 42.782452716622366, 26.386661085888335], [30.036809397691712, 5.641634540801881, 58.744014651927124, 80.8541727955096, 35.99393700882497, 60.94177349416473, 70.25565120452616, 63.70881706559919, 91.83181053771689, 32.65193308612944, 57.96163259481424, 68.71825765244243, 53.48166959077953, 62.770581722982755, 18.60102714871375, 91.73485572895893, 53.666391972233086, 8.994696952139954, 21.522199719814264, 50.223965695639166, 7.624285379440037, 22.295696540093548, 39.63968576956056, 66.48692107743133, 9.569411414759482, 40.34406922483123, 22.474093617645885, 29.35405522858086, 70.77298182097647, 27.27774736295538, 18.960410673664768, 70.90614658106209, 16.02823719625597, 45.51399487600293, 23.722913485506723, 39.12280302965811, 15.078028839942794, 42.782452716622366, 0.0, 29.961852439046172], [19.408622751158703, 25.65137347779775, 51.82950991084086, 66.19253673523066, 36.19213965422842, 43.936972575270126, 47.06152066855771, 43.28280156324887, 62.36350570718595, 33.12156205336107, 43.44916670906644, 50.26488928811461, 47.37771982226753, 35.73658912594991, 25.82625152849293, 61.854904308995884, 39.402711219233126, 37.25463367957612, 24.805802022980583, 44.40325569830867, 35.70251384433665, 12.802533859161786, 14.254887833979295, 37.36025338890442, 31.04095304739626, 40.813097873853174, 47.07852543333164, 41.82733870318148, 50.36123317781194, 16.791155447798154, 20.541760105394992, 41.470433468255536, 40.12100879539201, 15.743697331927653, 52.62313706427618, 18.944641237798702, 25.02147107567586, 26.386661085888335, 29.961852439046172, 0.0]]",Route_4,1818.9567419998355
