instance_id,num_cities,city_coordinates,distance_matrix,best_route,total_distance
1923,43,"[[78.81231139247662, 32.28503073463752], [11.799461532025434, 78.70441191945801], [96.05518949178227, 46.22838733797033], [6.609755595870048, 17.445392701042294], [44.720553915048356, 69.83577572250194], [26.855666739863217, 47.62465810592437], [41.69668362847682, 40.60464266619535], [41.60329376342644, 46.53564620967704], [18.08276222748496, 0.22294727303894257], [42.076050663168694, 95.05125468358774], [31.769367468934828, 97.52623744986764], [81.59061474047199, 30.624322915258382], [12.928791480977331, 28.477334090081463], [94.46478766532479, 7.2623189614416495], [21.354274547535248, 65.32333318805573], [75.45428564521018, 31.63020900019533], [93.71467097194564, 30.65948272018203], [54.943929956825684, 74.3688857362902], [74.50798837554757, 97.92214859722706], [63.47243737073155, 8.82117752552003], [33.56540719230171, 25.293199676372723], [92.2341897225425, 20.853558118257943], [5.342865968332644, 96.43506245603392], [98.32968941316335, 4.217988417388452], [3.283541647207844, 71.26839450023492], [64.67242096301827, 44.166487425045986], [41.45067384604522, 0.6901250830825489], [51.09075839447639, 50.81040011718532], [93.86441345388909, 88.64058980217364], [39.84430696669943, 65.2916928593078], [57.98824720303597, 85.53082429312717], [8.417855297719722, 30.58315545867909], [28.32640998981759, 45.9574898391965], [37.90474703543829, 20.367756238420565], [8.850762506031373, 88.41566754741693], [37.52490213287647, 36.8103382447885], [24.76676822989625, 97.63015583053112], [68.1780208794619, 90.60316740695966], [45.24947383913327, 53.53442422261476], [49.45361712773896, 41.21810269957366], [15.71766367311007, 81.93640817619779], [14.374082804659283, 58.811970362222546], [39.40457346874949, 12.907079396297572]]","[[0.0, 81.51981965142612, 22.175076967515114, 73.71176242995557, 50.717909825262026, 54.17376755818145, 38.036637167440446, 39.844586010352806, 68.67354175868354, 72.7265544432119, 80.4329138266971, 3.2368070617244604, 65.99345990070447, 29.515015127160456, 66.27937406975249, 3.4212758472830287, 14.99075473026933, 48.381303043198955, 65.77809998731749, 28.03326849338162, 45.78392776124741, 17.630240613392893, 97.5345373741396, 34.186063084839645, 84.99586878028084, 18.469042055373087, 48.929847979342554, 33.34177276901717, 58.331079316962146, 51.06804395646591, 57.1730371857158, 70.41502558638727, 52.30451585097453, 42.60810079132154, 89.6954107610786, 41.5346671038922, 84.7992105478366, 59.27978744603289, 39.72405805351467, 30.687663704835334, 80.28819248603898, 69.68474603197848, 43.91440317636381], [81.51981965142612, 0.0, 90.29795051188007, 61.478455440145794, 34.09473612869719, 34.5346262810296, 48.42970479196006, 43.85314017226449, 78.73258639646413, 34.40771886904511, 27.4419069932501, 84.7496314140458, 50.239772425956, 109.25899867263381, 16.44225409660556, 79.17017881351794, 94.96534504412351, 43.36175668654949, 65.58719952781036, 86.9123862368626, 57.67593938343791, 99.07808428007773, 18.86964744565401, 114.17402341728751, 11.305540524168709, 63.15392361028031, 83.45911179900817, 48.18590980316317, 82.66428469934739, 31.087206179412, 46.690511109409925, 48.23992728112214, 36.68107047316419, 63.91127699602485, 10.149054725316153, 49.162096203951194, 22.941988265714162, 57.62050274202548, 41.862054464692804, 53.13246477018538, 5.079183775172952, 20.05836249063037, 71.3535645374666], [22.175076967515114, 90.29795051188007, 0.0, 93.96247349392965, 56.50268662757721, 69.21360791889704, 54.64863826139066, 54.45276261518765, 90.53286656819239, 72.78337588025505, 82.24436965079069, 21.277000475734066, 85.00057610193086, 38.99851103175489, 77.10281220892868, 25.248842549257425, 15.743850162507524, 49.8199087780819, 56.00470363346724, 49.60781270863002, 65.90337604601741, 25.66090405979688, 103.67948623249335, 42.07192611895478, 96.09152201148649, 31.450430708988673, 71.10124090408324, 45.19728869095201, 42.468746361445376, 59.35547937342027, 54.71538765127063, 89.02289382624335, 67.72932125955931, 63.64154459734281, 96.87300293365291, 59.28316950904085, 87.88731882458889, 52.40474822008892, 51.32834419633667, 46.87013440303878, 87.91575971831848, 82.6447200452722, 65.72367806759512], [73.71176242995557, 61.478455440145794, 93.96247349392965, 0.0, 64.78568654927051, 36.34122973192815, 42.040972606658, 45.50593986152646, 20.69402106139919, 85.32600951559017, 83.94014394369793, 76.13023998158559, 12.71353394334042, 88.44321144503442, 50.096886374245, 70.29067029951567, 88.10152358334796, 74.67580913849663, 105.29329634016301, 57.51296954620649, 28.074814822367998, 85.6922360020088, 78.99982871709913, 92.66882152877466, 53.92568239631436, 63.916273458225106, 38.660426503917925, 55.60380679278087, 112.6149697339963, 58.256363117303636, 85.29581112169629, 13.261600009341906, 35.840657935948975, 31.43114216580822, 71.00564782988285, 36.47941064925304, 82.21480004186849, 95.6175260606156, 52.87197766382321, 48.99732861734637, 65.13098392132733, 42.08893589060671, 33.1073461178536], [50.717909825262026, 34.09473612869719, 56.50268662757721, 64.78568654927051, 0.0, 28.504174072572894, 29.387121860868064, 23.507729498343807, 74.53534618370259, 25.353772435007834, 30.569509335884007, 53.82322376563045, 52.16547568005817, 79.93701447033422, 23.798007250762574, 49.03292357828745, 62.73121583062593, 11.183313645279474, 40.94063498526411, 63.83113915852257, 45.91817046912049, 68.24077394840052, 47.51972603836822, 84.7327175279677, 41.461770129210336, 32.511372785500406, 69.22292335645976, 20.063509713734074, 52.618817574555266, 6.665318699721479, 20.551550667003127, 53.466383125067196, 28.964469471510167, 49.9353599676381, 40.39621660442883, 33.80025037133058, 34.21521779498985, 31.3294959066091, 16.309930012387174, 29.006431987105234, 31.42599160194243, 32.2867247251096, 57.17635974339942], [54.17376755818145, 34.5346262810296, 69.21360791889704, 36.34122973192815, 28.504174072572894, 0.0, 16.417563737112395, 14.78778041953222, 48.206701229889134, 49.809056904475185, 50.14291650746638, 57.314273346386784, 23.67652574691317, 78.74078773753746, 18.533980029034904, 51.16295692884553, 68.97784878332037, 38.78407201532853, 69.28622739761053, 53.35258191116376, 23.31768969108824, 70.64731461242073, 53.3409427162359, 83.62221529326453, 33.38669423688782, 37.974542056917585, 49.15144578241552, 24.443580336559002, 78.56512450888027, 21.927810924017148, 49.05216612248395, 25.107084722287162, 2.2231814448827083, 29.41123721968863, 44.58792468511392, 15.191514010475863, 50.0491088798851, 59.621214457419306, 19.31987254510597, 23.48853579743818, 36.074247118961615, 16.761440661573825, 36.91592246645638], [38.036637167440446, 48.42970479196006, 54.64863826139066, 42.040972606658, 29.387121860868064, 16.417563737112395, 0.0, 5.931738758550182, 46.77925402096416, 54.44793365702199, 57.78078883892198, 41.123381693381674, 31.21959692101178, 62.41941487771406, 32.01292345806431, 34.930161086739844, 52.960147409321564, 36.2700102754383, 66.04451684552627, 38.52754997909735, 17.336607018447555, 54.25997477909013, 66.62308783279718, 67.31482713065937, 49.15114600304548, 23.25018804551898, 39.91527570624652, 13.871053523709978, 70.91490853401497, 24.75644858485059, 47.78887777799316, 34.75500857313105, 14.401985628035192, 20.58908340398572, 58.00645338731456, 5.639193815550332, 59.48555444020782, 56.57838543872766, 13.40901075313387, 7.781153547163023, 48.818278523675644, 32.833386934767994, 27.79224316377352], [39.844586010352806, 43.85314017226449, 54.45276261518765, 45.50593986152646, 23.507729498343807, 14.78778041953222, 5.931738758550182, 0.0, 51.94306004202003, 48.51791179224483, 51.93020798523433, 43.03668258475294, 33.88701399880066, 65.8538667861457, 27.62245393159469, 36.98731822917674, 54.476125061477596, 30.865219853266147, 61.01878034787845, 43.59633689021583, 22.71231285559795, 56.771976135750684, 61.68282066840325, 70.77194447262089, 45.60824750253548, 23.190462330400873, 45.845775162038684, 10.406032197489155, 67.11222620527636, 18.83834707383281, 42.29764311374998, 36.8205823870547, 13.289466036174865, 26.42797217810888, 53.166384972237765, 10.545847206557879, 53.79700275514208, 51.46030067697529, 7.891610914056897, 9.481763860491018, 43.8552139771653, 29.86868032129002, 33.700369090800045], [68.67354175868354, 78.73258639646413, 90.53286656819239, 20.69402106139919, 74.53534618370259, 48.206701229889134, 46.77925402096416, 51.94306004202003, 0.0, 97.81659254087448, 98.26114920084851, 70.40945228980726, 28.720616094765838, 76.7057140228438, 65.18253630493643, 65.40571678736266, 81.52648839705795, 82.80317552465503, 112.82260449592648, 46.19688488506707, 29.465740287212007, 76.96789137946837, 97.0519245799889, 80.34631090777357, 72.57046576601246, 64.04397725145208, 23.372581126590205, 60.403792895966845, 116.44972379963039, 68.61127080595007, 94.18004891062876, 31.86146052892797, 46.867693598196404, 28.261712792724584, 88.67460588156906, 41.432281885270065, 97.63626485688117, 103.3349850286167, 59.834302823176785, 51.621054867355525, 81.74768121447835, 58.70628526492014, 24.809410358337743], [72.7265544432119, 34.40771886904511, 72.78337588025505, 85.32600951559017, 25.353772435007834, 49.809056904475185, 54.44793365702199, 48.51791179224483, 97.81659254087448, 0.0, 10.599681983893916, 75.57929816623249, 72.67495869296602, 102.23246548874862, 36.23729186667998, 71.66823289360025, 82.5399745819035, 24.358626865820334, 32.558756358973454, 88.84498618845008, 70.27529644674469, 89.56080107670003, 36.75924076713255, 106.84172468282772, 45.5025625020648, 55.67634587222735, 94.36320191497707, 45.14995202928203, 52.183629087723176, 29.84312651013413, 18.542831324880495, 72.72557963283207, 50.98284383243697, 74.79989782054521, 33.88142248735323, 58.418467119361985, 17.50034255323306, 26.47826145336506, 41.63793734299195, 54.33632983072293, 29.44085195149913, 45.6145234695994, 82.18760444269778], [80.4329138266971, 27.4419069932501, 82.24436965079069, 83.94014394369793, 30.569509335884007, 50.14291650746638, 57.78078883892198, 51.93020798523433, 98.26114920084851, 10.599681983893916, 0.0, 83.41476396950249, 71.57316786860207, 109.90127703756274, 33.84525378035761, 79.06110700912235, 91.15033469033482, 32.76161297756089, 42.74045463768207, 94.2001714296758, 72.25536315509773, 97.64576020518359, 26.44901972528467, 114.61546926495787, 38.74166476951325, 62.68870593612513, 97.31885917683225, 50.55378922485667, 62.727581413542104, 33.23056594241737, 28.83261332783003, 70.89900808305713, 51.683553344716046, 77.4020290772942, 24.663027741805415, 60.988085685231695, 7.003370269550468, 37.06101647266159, 46.01079111223112, 59.0198163759612, 22.376326140165823, 42.44278978442275, 84.96292297440499], [3.2368070617244604, 84.7496314140458, 21.277000475734066, 76.13023998158559, 53.82322376563045, 57.314273346386784, 41.123381693381674, 43.03668258475294, 70.40945228980726, 75.57929816623249, 83.41476396950249, 0.0, 68.69538219075223, 26.6744738886667, 69.51573918006557, 6.218226562391117, 12.124107213144281, 51.221407500792154, 67.66949783872911, 28.34864194432325, 48.320196968069354, 14.448305544847125, 100.72126206379204, 31.264854429716014, 88.22663005826819, 21.670613749998516, 50.07265775714242, 36.57484039512028, 59.300365583622316, 54.26399129791435, 59.76450156179771, 73.17277102328688, 55.42726328835824, 44.87373616201493, 92.90277507954849, 44.497795600146134, 87.85630982989736, 61.460226656270066, 42.95987970099877, 33.83806710909144, 83.49955554461935, 72.88762332572297, 45.755467390134186], [65.99345990070447, 50.239772425956, 85.00057610193086, 12.71353394334042, 52.16547568005817, 23.67652574691317, 31.21959692101178, 33.88701399880066, 28.720616094765838, 72.67495869296602, 71.57316786860207, 68.69538219075223, 0.0, 84.25078955524594, 37.797042403245975, 62.60493623253953, 80.81534568244514, 62.21982299590184, 92.81476042156284, 54.23121454217507, 20.880819427921036, 79.67099943092092, 68.37981508123558, 88.77966670409876, 43.86462920601556, 54.069887408267874, 39.81992915671012, 44.216530357751694, 100.8473710218599, 45.604188244627906, 72.70113681585175, 4.978255606722612, 23.294688251983533, 26.259543194628467, 60.076901867217146, 25.96935920354661, 70.1587517575274, 83.1390192054423, 40.89601782578238, 38.68320143533828, 53.53177010195838, 30.369047149579913, 30.714815042473234], [29.515015127160456, 109.25899867263381, 38.99851103175489, 88.44321144503442, 79.93701447033422, 78.74078773753746, 62.41941487771406, 65.8538667861457, 76.7057140228438, 102.23246548874862, 109.90127703756274, 26.6744738886667, 84.25078955524594, 0.0, 93.36074389897264, 30.906200866453524, 23.40918509916568, 77.87932651431085, 92.8303751338003, 31.031529398429182, 63.51257514346351, 13.773066071144838, 126.07337192808458, 4.919899793888162, 111.40375815606077, 47.42892328226302, 53.419940063783955, 61.46333693784979, 81.38048546317039, 79.69193903229646, 86.35101001698288, 89.15119732682273, 76.6263743811925, 58.05851085134065, 117.96451708328628, 64.15010528453834, 114.12344129765691, 87.38816354445919, 67.55186777811255, 56.38262784257599, 108.52340363764213, 95.24645696623188, 55.34880764514866], [66.27937406975249, 16.44225409660556, 77.10281220892868, 50.096886374245, 23.798007250762574, 18.533980029034904, 32.01292345806431, 27.62245393159469, 65.18253630493643, 36.23729186667998, 33.84525378035761, 69.51573918006557, 37.797042403245975, 93.36074389897264, 0.0, 63.734118165289885, 80.23471505499931, 34.78630436562276, 62.353829551932535, 70.47292553963322, 41.851204874307356, 83.6751054374874, 34.990068630028915, 98.28060669978423, 19.023541772250116, 48.20864996567533, 67.68542571858379, 33.08902685028612, 76.16701845436351, 18.490059490768157, 41.837670218183945, 37.07062033033267, 20.582676240909123, 47.90534457080341, 26.260116517954874, 32.77926291328988, 32.48654956108012, 53.21215311084377, 26.645054396278518, 37.02209057228528, 17.54325063126328, 9.545727977318235, 55.43714416081684], [3.4212758472830287, 79.17017881351794, 25.248842549257425, 70.29067029951567, 49.03292357828745, 51.16295692884553, 34.930161086739844, 36.98731822917674, 65.40571678736266, 71.66823289360025, 79.06110700912235, 6.218226562391117, 62.60493623253953, 30.906200866453524, 63.734118165289885, 0.0, 18.286169139313028, 47.40537078872459, 66.29869330581919, 25.76463865233423, 42.36550277304347, 19.942451832100176, 95.47397656188814, 35.703136204363716, 82.33955330799857, 16.53501989023519, 45.97319227752508, 31.0074376784266, 59.90923405551492, 49.00169463479074, 56.659851992571824, 67.04460690355891, 49.257564292499836, 39.202177133648554, 87.52495413863036, 38.28148211102049, 83.21789112525566, 59.42014685430544, 37.311195380885266, 27.71213577019999, 78.09723221839059, 66.85536126433719, 40.62188240554603], [14.99075473026933, 94.96534504412351, 15.743850162507524, 88.10152358334796, 62.73121583062593, 68.97784878332037, 52.960147409321564, 54.476125061477596, 81.52648839705795, 82.5399745819035, 91.15033469033482, 12.124107213144281, 80.81534568244514, 23.40918509916568, 80.23471505499931, 18.286169139313028, 0.0, 58.42672565603921, 69.95114636119825, 37.30287210075926, 60.38816876623649, 9.917055108672853, 110.16352758142783, 26.8412186045538, 99.1305849216455, 32.02954045374767, 60.246890316069425, 47.14718862617993, 57.98130044474922, 64.04222120740576, 65.47703018105304, 85.29684982467829, 67.15395517823434, 56.750922845132, 102.65310441437606, 56.525420351135914, 96.11911542133717, 65.15647191011625, 53.592334170682314, 45.50302564960896, 93.3426817259736, 84.18724066725423, 57.137855355101806], [48.381303043198955, 43.36175668654949, 49.8199087780819, 74.67580913849663, 11.183313645279474, 38.78407201532853, 36.2700102754383, 30.865219853266147, 82.80317552465503, 24.358626865820334, 32.76161297756089, 51.221407500792154, 62.21982299590184, 77.87932651431085, 34.78630436562276, 47.40537078872459, 58.42672565603921, 0.0, 30.618761784362714, 66.1002079451594, 53.53003080369792, 65.22617391400452, 54.28795173717223, 82.48316505960649, 51.7533454590653, 31.730559418463095, 74.90412359719438, 23.871513897414818, 41.45462064220753, 17.61800343313309, 11.569647351677457, 63.88948113053049, 38.93198923784228, 56.625574978751295, 48.18601627958432, 41.401292491936836, 38.10180804490099, 20.945000928890803, 22.979496643370734, 33.602350377744216, 39.949560228361335, 43.450317765305776, 63.39578249882458], [65.77809998731749, 65.58719952781036, 56.00470363346724, 105.29329634016301, 40.94063498526411, 69.28622739761053, 66.04451684552627, 61.01878034787845, 112.82260449592648, 32.558756358973454, 42.74045463768207, 67.66949783872911, 92.81476042156284, 92.8303751338003, 62.353829551932535, 66.29869330581919, 69.95114636119825, 30.618761784362714, 0.0, 89.78177115595943, 83.37421169219381, 79.08088171365603, 69.18110712323382, 96.68476133980161, 76.04830319751407, 54.648051149009376, 102.69786969824446, 52.61067861977352, 21.466684082071968, 47.605855212131544, 20.65058755619684, 94.35277254621829, 69.52024123977048, 85.75827103402906, 66.3418758464898, 71.43109989763049, 49.74207717168586, 9.676568305189049, 53.1632462142232, 61.992502286858866, 60.92492244908123, 71.73348340058728, 91.97723484296341], [28.03326849338162, 86.9123862368626, 49.60781270863002, 57.51296954620649, 63.83113915852257, 53.35258191116376, 38.52754997909735, 43.59633689021583, 46.19688488506707, 88.84498618845008, 94.2001714296758, 28.34864194432325, 54.23121454217507, 31.031529398429182, 70.47292553963322, 25.76463865233423, 37.30287210075926, 66.1002079451594, 89.78177115595943, 0.0, 34.14319797312042, 31.17718045422643, 105.1439009360216, 35.15988296218913, 86.73152873266059, 35.36567392988977, 23.474924548523553, 43.77671513628511, 85.40966447908352, 61.21443986882104, 76.9054370575092, 59.19958353567445, 51.13070440468107, 28.054059760659523, 96.53398472491885, 38.1663163363819, 96.87705327485834, 81.91725328113444, 48.28406393489692, 35.29997282914774, 87.32900642978167, 70.06944975906302, 24.41222371890677], [45.78392776124741, 57.67593938343791, 65.90337604601741, 28.074814822367998, 45.91817046912049, 23.31768969108824, 17.336607018447555, 22.71231285559795, 29.465740287212007, 70.27529644674469, 72.25536315509773, 48.320196968069354, 20.880819427921036, 63.51257514346351, 41.851204874307356, 42.36550277304347, 60.38816876623649, 53.53003080369792, 83.37421169219381, 34.14319797312042, 0.0, 58.8365231870921, 76.53545892525096, 68.10709787675755, 55.05188389131864, 36.38471239649655, 25.835802864312924, 30.95586298419367, 87.45777262133636, 40.488319788331985, 65.00035795023703, 25.697918173841455, 21.318066976651796, 6.56428696315895, 67.78834422007665, 12.178755313599467, 72.8700986224075, 73.91498434841812, 30.56279073119576, 22.495282866656318, 59.38850914008114, 38.624019988114966, 13.693496207926373], [17.630240613392893, 99.07808428007773, 25.66090405979688, 85.6922360020088, 68.24077394840052, 70.64731461242073, 54.25997477909013, 56.771976135750684, 76.96789137946837, 89.56080107670003, 97.64576020518359, 14.448305544847125, 79.67099943092092, 13.773066071144838, 83.6751054374874, 19.942451832100176, 9.917055108672853, 65.22617391400452, 79.08088171365603, 31.17718045422643, 58.8365231870921, 0.0, 115.16364852556627, 17.717146941616928, 102.24418575373147, 36.09908267555815, 54.639999236296234, 50.89395174277578, 67.80663163681291, 68.69823603583053, 73.18424242215143, 84.37916200591506, 68.66157366545009, 54.33161461025978, 107.3193112393518, 56.98881452158156, 102.2081157205171, 73.78148314674452, 57.23287985044598, 47.38029197402282, 97.90757544681735, 86.6200745170943, 53.42391671902762], [97.5345373741396, 18.86964744565401, 103.67948623249335, 78.99982871709913, 47.51972603836822, 53.3409427162359, 66.62308783279718, 61.68282066840325, 97.0519245799889, 36.75924076713255, 26.44901972528467, 100.72126206379204, 68.37981508123558, 126.07337192808458, 34.990068630028915, 95.47397656188814, 110.16352758142783, 54.28795173717223, 69.18110712323382, 105.1439009360216, 76.53545892525096, 115.16364852556627, 0.0, 130.9600629146502, 25.25078202070218, 79.06958980314391, 102.32725356562729, 64.61021184741595, 88.86404319627484, 46.478585400182624, 53.76279917620217, 65.92366202331385, 55.46375963704256, 82.7436473321819, 8.753058483727319, 67.75537756490685, 19.46063275539988, 63.1052112948608, 58.59182632917797, 70.67298644173471, 17.828275388866572, 38.69185878507469, 90.20600795884693], [34.186063084839645, 114.17402341728751, 42.07192611895478, 92.66882152877466, 84.7327175279677, 83.62221529326453, 67.31482713065937, 70.77194447262089, 80.34631090777357, 106.84172468282772, 114.61546926495787, 31.264854429716014, 88.77966670409876, 4.919899793888162, 98.28060669978423, 35.703136204363716, 26.8412186045538, 82.48316505960649, 96.68476133980161, 35.15988296218913, 68.10709787675755, 17.717146941616928, 130.9600629146502, 0.0, 116.31649565312078, 52.23690546433571, 56.988316623585284, 66.35035366741938, 84.5406074852009, 84.56084989028948, 90.77008999526149, 93.69770513261363, 81.50242394532901, 62.545892447263384, 122.86467161611225, 68.9890094397112, 118.90053151200192, 91.49602321645709, 72.45426230330767, 61.301540755064195, 113.42354061958086, 100.14512841668716, 59.562316871511776], [84.99586878028084, 11.305540524168709, 96.09152201148649, 53.92568239631436, 41.461770129210336, 33.38669423688782, 49.15114600304548, 45.60824750253548, 72.57046576601246, 45.5025625020648, 38.74166476951325, 88.22663005826819, 43.86462920601556, 111.40375815606077, 19.023541772250116, 82.33955330799857, 99.1305849216455, 51.7533454590653, 76.04830319751407, 86.73152873266059, 55.05188389131864, 102.24418575373147, 25.25078202070218, 116.31649565312078, 0.0, 67.10520002774236, 80.23728618419041, 52.00057218240203, 92.23170554027028, 37.04605948345383, 56.53336814260258, 41.00792426507798, 35.60599878651717, 61.55893792126466, 18.028392081534463, 48.57806509951811, 34.006932893729626, 67.71356494957321, 45.559117271351944, 55.088074092155644, 16.38334234353777, 16.678207501742552, 68.63506422022121], [18.469042055373087, 63.15392361028031, 31.450430708988673, 63.916273458225106, 32.511372785500406, 37.974542056917585, 23.25018804551898, 23.190462330400873, 64.04397725145208, 55.67634587222735, 62.68870593612513, 21.670613749998516, 54.069887408267874, 47.42892328226302, 48.20864996567533, 16.53501989023519, 32.02954045374767, 31.730559418463095, 54.648051149009376, 35.36567392988977, 36.38471239649655, 36.09908267555815, 79.06958980314391, 52.23690546433571, 67.10520002774236, 0.0, 49.289386501095166, 15.119627442053647, 53.19885532451135, 32.59922620636828, 41.900913395649695, 57.87126286422226, 36.39011133964166, 35.81742555777149, 71.23234865137134, 28.12651257079531, 66.714503366421, 46.56881444182181, 21.56406999665127, 15.501772887838046, 61.8315063285871, 52.387145293056015, 40.19470994174987], [48.929847979342554, 83.45911179900817, 71.10124090408324, 38.660426503917925, 69.22292335645976, 49.15144578241552, 39.91527570624652, 45.845775162038684, 23.372581126590205, 94.36320191497707, 97.31885917683225, 50.07265775714242, 39.81992915671012, 53.419940063783955, 67.68542571858379, 45.97319227752508, 60.246890316069425, 74.90412359719438, 102.69786969824446, 23.474924548523553, 25.835802864312924, 54.639999236296234, 102.32725356562729, 56.988316623585284, 80.23728618419041, 49.289386501095166, 0.0, 51.03893807275977, 102.38400433653173, 64.62153645416738, 86.43746626889937, 44.550649448497765, 47.131524627694255, 19.99456838323124, 93.58699172448325, 36.33292559636495, 98.36524929020838, 93.80141928233284, 52.98066470832402, 41.31058061626357, 85.22409476789417, 64.11934716662942, 12.387110213651644], [33.34177276901717, 48.18590980316317, 45.19728869095201, 55.60380679278087, 20.063509713734074, 24.443580336559002, 13.871053523709978, 10.406032197489155, 60.403792895966845, 45.14995202928203, 50.55378922485667, 36.57484039512028, 44.216530357751694, 61.46333693784979, 33.08902685028612, 31.0074376784266, 47.14718862617993, 23.871513897414818, 52.61067861977352, 43.77671513628511, 30.95586298419367, 50.89395174277578, 64.61021184741595, 66.35035366741938, 52.00057218240203, 15.119627442053647, 51.03893807275977, 0.0, 57.102616566527125, 18.335498607902533, 35.39891533396937, 47.224126092287335, 23.275873699066615, 33.17567575634255, 56.55416334059846, 19.4944655874771, 53.712586823223184, 43.30633750167437, 6.4452240134421, 9.731002069426038, 47.11776955519502, 37.57844319226299, 39.66394634663532], [58.331079316962146, 82.66428469934739, 42.468746361445376, 112.6149697339963, 52.618817574555266, 78.56512450888027, 70.91490853401497, 67.11222620527636, 116.44972379963039, 52.183629087723176, 62.727581413542104, 59.300365583622316, 100.8473710218599, 81.38048546317039, 76.16701845436351, 59.90923405551492, 57.98130044474922, 41.45462064220753, 21.466684082071968, 85.40966447908352, 87.45777262133636, 67.80663163681291, 88.86404319627484, 84.5406074852009, 92.23170554027028, 53.19885532451135, 102.38400433653173, 57.102616566527125, 0.0, 58.85017326513049, 36.01069211192847, 103.30430767051688, 78.21174413415255, 88.27606735966559, 85.01394848790916, 76.55400389523943, 69.67996033924659, 25.761259176181504, 59.965450181298216, 64.97084818069601, 78.43379725968747, 84.90264545005245, 93.28150282668021], [51.06804395646591, 31.087206179412, 59.35547937342027, 58.256363117303636, 6.665318699721479, 21.927810924017148, 24.75644858485059, 18.83834707383281, 68.61127080595007, 29.84312651013413, 33.23056594241737, 54.26399129791435, 45.604188244627906, 79.69193903229646, 18.490059490768157, 49.00169463479074, 64.04222120740576, 17.61800343313309, 47.605855212131544, 61.21443986882104, 40.488319788331985, 68.69823603583053, 46.478585400182624, 84.56084989028948, 37.04605948345383, 32.59922620636828, 64.62153645416738, 18.335498607902533, 58.85017326513049, 0.0, 27.18133566429669, 46.82205071324364, 22.504962945824744, 44.96578670772309, 38.66934190817991, 28.57563996590735, 35.68064407631934, 37.993026832126674, 12.940216177260028, 25.920582264870244, 29.31111503502404, 26.281535771408155, 52.38645906356156], [57.1730371857158, 46.690511109409925, 54.71538765127063, 85.29581112169629, 20.551550667003127, 49.05216612248395, 47.78887777799316, 42.29764311374998, 94.18004891062876, 18.542831324880495, 28.83261332783003, 59.76450156179771, 72.70113681585175, 86.35101001698288, 41.837670218183945, 56.659851992571824, 65.47703018105304, 11.569647351677457, 20.65058755619684, 76.9054370575092, 65.00035795023703, 73.18424242215143, 53.76279917620217, 90.77008999526149, 56.53336814260258, 41.900913395649695, 86.43746626889937, 35.39891533396937, 36.01069211192847, 27.18133566429669, 0.0, 74.0031760398621, 49.45577202578201, 68.18777322426814, 49.22209588132328, 52.84348826721022, 35.35619449000107, 11.382449307650207, 34.43901805059435, 45.12712272624909, 42.42313118078491, 51.147751578633894, 74.96373291333745], [70.41502558638727, 48.23992728112214, 89.02289382624335, 13.261600009341906, 53.466383125067196, 25.107084722287162, 34.75500857313105, 36.8205823870547, 31.86146052892797, 72.72557963283207, 70.89900808305713, 73.17277102328688, 4.978255606722612, 89.15119732682273, 37.07062033033267, 67.04460690355891, 85.29684982467829, 63.88948113053049, 94.35277254621829, 59.19958353567445, 25.697918173841455, 84.37916200591506, 65.92366202331385, 93.69770513261363, 41.00792426507798, 57.87126286422226, 44.550649448497765, 47.224126092287335, 103.30430767051688, 46.82205071324364, 74.0031760398621, 0.0, 25.153940199742298, 31.20626804956328, 57.83413233675264, 29.76571821602203, 69.01150058451863, 84.69757508116147, 43.39733704105135, 42.391459656240606, 51.869487822676255, 28.850348992220884, 35.673805067218765], [52.30451585097453, 36.68107047316419, 67.72932125955931, 35.840657935948975, 28.964469471510167, 2.2231814448827083, 14.401985628035192, 13.289466036174865, 46.867693598196404, 50.98284383243697, 51.683553344716046, 55.42726328835824, 23.294688251983533, 76.6263743811925, 20.582676240909123, 49.257564292499836, 67.15395517823434, 38.93198923784228, 69.52024123977048, 51.13070440468107, 21.318066976651796, 68.66157366545009, 55.46375963704256, 81.50242394532901, 35.60599878651717, 36.39011133964166, 47.131524627694255, 23.275873699066615, 78.21174413415255, 22.504962945824744, 49.45577202578201, 25.153940199742298, 0.0, 27.323597975343414, 46.711858229099974, 12.972379889480447, 51.79512969489512, 59.84469413393544, 18.541845234459302, 21.652267130900125, 38.124310464317816, 18.971165051165507, 34.8576438749096], [42.60810079132154, 63.91127699602485, 63.64154459734281, 31.43114216580822, 49.9353599676381, 29.41123721968863, 20.58908340398572, 26.42797217810888, 28.261712792724584, 74.79989782054521, 77.4020290772942, 44.87373616201493, 26.259543194628467, 58.05851085134065, 47.90534457080341, 39.202177133648554, 56.750922845132, 56.625574978751295, 85.75827103402906, 28.054059760659523, 6.56428696315895, 54.33161461025978, 82.7436473321819, 62.545892447263384, 61.55893792126466, 35.81742555777149, 19.99456838323124, 33.17567575634255, 88.27606735966559, 44.96578670772309, 68.18777322426814, 31.20626804956328, 27.323597975343414, 0.0, 73.990893024426, 16.446968875331912, 78.37145448328643, 76.48192002852039, 33.97017628736547, 23.835128444356165, 65.4443700371702, 45.07382565013091, 7.6099394394863165], [89.6954107610786, 10.149054725316153, 96.87300293365291, 71.00564782988285, 40.39621660442883, 44.58792468511392, 58.00645338731456, 53.166384972237765, 88.67460588156906, 33.88142248735323, 24.663027741805415, 92.90277507954849, 60.076901867217146, 117.96451708328628, 26.260116517954874, 87.52495413863036, 102.65310441437606, 48.18601627958432, 66.3418758464898, 96.53398472491885, 67.78834422007665, 107.3193112393518, 8.753058483727319, 122.86467161611225, 18.028392081534463, 71.23234865137134, 93.58699172448325, 56.55416334059846, 85.01394848790916, 38.66934190817991, 49.22209588132328, 57.83413233675264, 46.711858229099974, 73.990893024426, 0.0, 59.03656744571562, 18.390922557657305, 59.36757315019102, 50.41395960043742, 62.25915138353471, 9.441140483964734, 30.114547218145603, 81.45601419736222], [41.5346671038922, 49.162096203951194, 59.28316950904085, 36.47941064925304, 33.80025037133058, 15.191514010475863, 5.639193815550332, 10.545847206557879, 41.432281885270065, 58.418467119361985, 60.988085685231695, 44.497795600146134, 25.96935920354661, 64.15010528453834, 32.77926291328988, 38.28148211102049, 56.525420351135914, 41.401292491936836, 71.43109989763049, 38.1663163363819, 12.178755313599467, 56.98881452158156, 67.75537756490685, 68.9890094397112, 48.57806509951811, 28.12651257079531, 36.33292559636495, 19.4944655874771, 76.55400389523943, 28.57563996590735, 52.84348826721022, 29.76571821602203, 12.972379889480447, 16.446968875331912, 59.03656744571562, 0.0, 62.14354505376549, 61.91350545852495, 18.421836494737114, 12.717021228162071, 50.11903666966831, 31.937943756583017, 23.977050442222087], [84.7992105478366, 22.941988265714162, 87.88731882458889, 82.21480004186849, 34.21521779498985, 50.0491088798851, 59.48555444020782, 53.79700275514208, 97.63626485688117, 17.50034255323306, 7.003370269550468, 87.85630982989736, 70.1587517575274, 114.12344129765691, 32.48654956108012, 83.21789112525566, 96.11911542133717, 38.10180804490099, 49.74207717168586, 96.87705327485834, 72.8700986224075, 102.2081157205171, 19.46063275539988, 118.90053151200192, 34.006932893729626, 66.714503366421, 98.36524929020838, 53.712586823223184, 69.67996033924659, 35.68064407631934, 35.35619449000107, 69.01150058451863, 51.79512969489512, 78.37145448328643, 18.390922557657305, 62.14354505376549, 0.0, 43.97630524395413, 48.62072372057067, 61.57727053836411, 18.11573925396205, 40.18531365312378, 85.97828227344147], [59.27978744603289, 57.62050274202548, 52.40474822008892, 95.6175260606156, 31.3294959066091, 59.621214457419306, 56.57838543872766, 51.46030067697529, 103.3349850286167, 26.47826145336506, 37.06101647266159, 61.460226656270066, 83.1390192054423, 87.38816354445919, 53.21215311084377, 59.42014685430544, 65.15647191011625, 20.945000928890803, 9.676568305189049, 81.91725328113444, 73.91498434841812, 73.78148314674452, 63.1052112948608, 91.49602321645709, 67.71356494957321, 46.56881444182181, 93.80141928233284, 43.30633750167437, 25.761259176181504, 37.993026832126674, 11.382449307650207, 84.69757508116147, 59.84469413393544, 76.48192002852039, 59.36757315019102, 61.91350545852495, 43.97630524395413, 0.0, 43.586809824159864, 52.81560292196083, 53.17143776297596, 62.494351439906126, 82.85284164141613], [39.72405805351467, 41.862054464692804, 51.32834419633667, 52.87197766382321, 16.309930012387174, 19.31987254510597, 13.40901075313387, 7.891610914056897, 59.834302823176785, 41.63793734299195, 46.01079111223112, 42.95987970099877, 40.89601782578238, 67.55186777811255, 26.645054396278518, 37.311195380885266, 53.592334170682314, 22.979496643370734, 53.1632462142232, 48.28406393489692, 30.56279073119576, 57.23287985044598, 58.59182632917797, 72.45426230330767, 45.559117271351944, 21.56406999665127, 52.98066470832402, 6.4452240134421, 59.965450181298216, 12.940216177260028, 34.43901805059435, 43.39733704105135, 18.541845234459302, 33.97017628736547, 50.41395960043742, 18.421836494737114, 48.62072372057067, 43.586809824159864, 0.0, 13.014092233039289, 40.97316810037539, 31.323190526946103, 41.045633238825715], [30.687663704835334, 53.13246477018538, 46.87013440303878, 48.99732861734637, 29.006431987105234, 23.48853579743818, 7.781153547163023, 9.481763860491018, 51.621054867355525, 54.33632983072293, 59.0198163759612, 33.83806710909144, 38.68320143533828, 56.38262784257599, 37.02209057228528, 27.71213577019999, 45.50302564960896, 33.602350377744216, 61.992502286858866, 35.29997282914774, 22.495282866656318, 47.38029197402282, 70.67298644173471, 61.301540755064195, 55.088074092155644, 15.501772887838046, 41.31058061626357, 9.731002069426038, 64.97084818069601, 25.920582264870244, 45.12712272624909, 42.391459656240606, 21.652267130900125, 23.835128444356165, 62.25915138353471, 12.717021228162071, 61.57727053836411, 52.81560292196083, 13.014092233039289, 0.0, 52.87811415302709, 39.244335994572864, 30.041593149147705], [80.28819248603898, 5.079183775172952, 87.91575971831848, 65.13098392132733, 31.42599160194243, 36.074247118961615, 48.818278523675644, 43.8552139771653, 81.74768121447835, 29.44085195149913, 22.376326140165823, 83.49955554461935, 53.53177010195838, 108.52340363764213, 17.54325063126328, 78.09723221839059, 93.3426817259736, 39.949560228361335, 60.92492244908123, 87.32900642978167, 59.38850914008114, 97.90757544681735, 17.828275388866572, 113.42354061958086, 16.38334234353777, 61.8315063285871, 85.22409476789417, 47.11776955519502, 78.43379725968747, 29.31111503502404, 42.42313118078491, 51.869487822676255, 38.124310464317816, 65.4443700371702, 9.441140483964734, 50.11903666966831, 18.11573925396205, 53.17143776297596, 40.97316810037539, 52.87811415302709, 0.0, 23.163437434078624, 72.98025710745556], [69.68474603197848, 20.05836249063037, 82.6447200452722, 42.08893589060671, 32.2867247251096, 16.761440661573825, 32.833386934767994, 29.86868032129002, 58.70628526492014, 45.6145234695994, 42.44278978442275, 72.88762332572297, 30.369047149579913, 95.24645696623188, 9.545727977318235, 66.85536126433719, 84.18724066725423, 43.450317765305776, 71.73348340058728, 70.06944975906302, 38.624019988114966, 86.6200745170943, 38.69185878507469, 100.14512841668716, 16.678207501742552, 52.387145293056015, 64.11934716662942, 37.57844319226299, 84.90264545005245, 26.281535771408155, 51.147751578633894, 28.850348992220884, 18.971165051165507, 45.07382565013091, 30.114547218145603, 31.937943756583017, 40.18531365312378, 62.494351439906126, 31.323190526946103, 39.244335994572864, 23.163437434078624, 0.0, 52.28560487819346], [43.91440317636381, 71.3535645374666, 65.72367806759512, 33.1073461178536, 57.17635974339942, 36.91592246645638, 27.79224316377352, 33.700369090800045, 24.809410358337743, 82.18760444269778, 84.96292297440499, 45.755467390134186, 30.714815042473234, 55.34880764514866, 55.43714416081684, 40.62188240554603, 57.137855355101806, 63.39578249882458, 91.97723484296341, 24.41222371890677, 13.693496207926373, 53.42391671902762, 90.20600795884693, 59.562316871511776, 68.63506422022121, 40.19470994174987, 12.387110213651644, 39.66394634663532, 93.28150282668021, 52.38645906356156, 74.96373291333745, 35.673805067218765, 34.8576438749096, 7.6099394394863165, 81.45601419736222, 23.977050442222087, 85.97828227344147, 82.85284164141613, 41.045633238825715, 30.041593149147705, 72.98025710745556, 52.28560487819346, 0.0]]",Route_3,2404.753920484669
