instance_id,num_cities,city_coordinates,distance_matrix,best_route,total_distance
248,43,"[[28.26878329257424, 79.99700356406821], [27.807459816811342, 5.443806596838607], [33.09723896772968, 40.273826748632345], [49.80123580116834, 92.05884617105067], [17.53236933416161, 99.89471481442209], [92.13887268169272, 98.80370850989779], [44.67056819916911, 61.5898107650376], [75.41904621512798, 13.010291005923946], [74.67309488915983, 19.266331531535606], [11.897697450722887, 85.81719169977524], [26.770938135148516, 28.365561526824134], [66.3139612757155, 75.42561741747693], [91.95304458602051, 79.22963966717525], [46.76328586358469, 99.72571524261903], [37.12198885469328, 85.64984428868776], [43.86013511637253, 78.9747932330048], [42.665542954403726, 5.322063223190865], [26.667634906163563, 31.888616284768613], [60.767431891202584, 71.14967195545694], [75.65978740980593, 71.51006829037689], [1.3798850598982115, 49.62692277562212], [12.847639838528234, 42.490174364460344], [10.621368552216826, 68.2420942781287], [73.94581489442956, 45.306187401391476], [81.36321376479594, 49.988039533696515], [31.734964809615274, 14.138519352128176], [45.50500402232204, 49.03606044978061], [42.95960785265384, 9.968755118952854], [75.23857383044525, 36.649138881658175], [54.10063387597184, 24.449519888533878], [5.648642661516268, 60.29066884579982], [94.74763067131924, 22.016436909081293], [27.831004117023983, 22.7085483794337], [62.59389640769313, 96.24442688097314], [6.945923382178876, 72.79833615765517], [17.64063881891591, 89.805019926993], [28.228005376067067, 55.05886406202144], [41.35617813871376, 60.88051293099651], [37.67680789208549, 19.595088523874647], [21.41608079433903, 39.77009871709932], [54.85870589840518, 56.48458970951714], [77.96741882424244, 79.37512382829544], [70.40723094511758, 18.10549583022224]]","[[0.0, 74.5546242521805, 40.0155564814151, 24.680651492828908, 22.609500164507327, 66.58138230386535, 24.65447819084573, 81.91682948584733, 76.43019468950766, 17.374896879587247, 51.653163958860425, 38.31883530419659, 63.68888430363805, 27.041980139118877, 10.503992430645253, 15.62482529996387, 76.0500716875012, 48.135024698969254, 33.68141085717551, 48.144940975966485, 40.56297147971226, 40.55334637288054, 21.203988760109524, 57.35716120929908, 60.9881666337473, 65.94963500280674, 35.43539619604585, 71.55260936224366, 63.91555832264949, 61.26016199167883, 30.0001731694547, 88.21101551642998, 57.29012784108988, 37.976205113260235, 22.505225330720403, 14.462179639610156, 24.938172841289315, 23.16722076519057, 61.13020748686994, 40.806413774018516, 35.49447266056737, 49.70252617438432, 74.87461185298292], [74.5546242521805, 0.0, 35.22942047834236, 89.36381405520022, 95.00816568881339, 113.37813707416372, 58.62370005697835, 48.20907430844634, 48.86153851757904, 81.93290896489859, 22.945178715078097, 79.87618230949823, 97.77016522062026, 96.16861046623693, 80.74508612555857, 75.2628353170487, 14.858581896420475, 26.469362671922607, 73.50932254938506, 81.57570833419932, 51.48363296038959, 39.95284193341597, 65.10750086324188, 60.97341398245275, 69.65922386066417, 9.540614517183625, 47.047716914695684, 15.813372481158773, 56.775728437249846, 32.44299831753275, 59.153964163683284, 68.9611379655018, 17.264757836522275, 97.23604688938676, 70.51124984548501, 84.97163387707138, 49.61683974056394, 57.068346544699516, 17.25290733787713, 34.91624344820577, 57.76617916499615, 89.34126233272885, 44.441634470694886], [40.0155564814151, 35.22942047834236, 0.0, 54.41242272488675, 61.619116031174926, 83.1364034018882, 24.255166956484437, 50.34317977521755, 46.5818274748411, 50.23563129497116, 13.484393305493729, 48.36319910957206, 70.58017579407513, 61.00235965322272, 45.55416094549465, 40.16969928106248, 36.23780090899258, 10.56653031566168, 41.460311065620374, 52.79463339713891, 33.067672192108176, 20.37052924318714, 35.88019982575914, 41.15739069691862, 49.23383240358748, 26.170786835546842, 15.189778572563252, 31.86947891796044, 42.29693211267829, 26.29736270568081, 33.972038601243945, 64.29699122789002, 18.337727058995753, 63.26737610573824, 41.73409899773429, 51.886853689854725, 15.566205835992388, 22.200125937671014, 21.17977020888047, 11.692014291879877, 27.135774887570054, 59.51675792302428, 43.39896769579764], [24.680651492828908, 89.36381405520022, 54.41242272488675, 0.0, 33.20663458499946, 42.8715367650512, 30.897991336251664, 83.09600642690154, 76.92437560381573, 38.41401397956847, 67.72908621379696, 23.437883892674083, 44.060906973799575, 8.24681885237186, 14.206991527337115, 14.369729247013252, 87.02980885045946, 64.46409896164994, 23.610400739147405, 33.029032133652386, 64.38241476245372, 61.827352193341696, 45.850841523078564, 52.61912011448821, 52.59383256708107, 79.98729573568495, 43.236763277515216, 82.37469831160297, 60.96961397214069, 67.74589156680604, 54.39364458761918, 83.22329906369214, 72.74719846180288, 13.459987045796376, 46.98451924310071, 32.23947473196899, 42.82993050476499, 32.30181825455108, 73.47106862208558, 59.49647161861643, 35.931959681812586, 30.890300719763413, 76.77046999013207], [22.609500164507327, 95.00816568881339, 61.619116031174926, 33.20663458499946, 0.0, 74.61448007258163, 46.944089211201515, 104.40196579019059, 98.8230676905128, 15.163317060505966, 72.1233036093831, 54.57454021586864, 77.23653433307325, 29.231405063824234, 24.22126192530294, 33.62728609411715, 97.85531587615282, 68.61692585868256, 51.91866835036305, 64.68759456368534, 52.799182424412294, 57.59538136620463, 32.39830734193722, 78.50085455015449, 81.02501427524481, 86.92432788584871, 58.04369918586635, 93.45171312409127, 85.61547122123379, 83.8404163217543, 41.3485600319393, 109.66869540970679, 77.87018792400923, 45.20913430044527, 29.09100503944725, 10.090275774365221, 46.09392739865472, 45.71303768681911, 82.78785168861158, 60.2499184692922, 57.251151629733045, 63.823575746791626, 97.39213177882053], [66.58138230386535, 113.37813707416372, 83.1364034018882, 42.8715367650512, 74.61448007258163, 0.0, 60.316781378074886, 87.40745439653992, 81.43247343963115, 81.28527432017931, 96.09630282841466, 34.83476987511328, 19.57495091030326, 45.38495318387849, 56.567496409011966, 52.192167821994694, 105.765913033523, 93.61683899468844, 41.82000759236635, 31.882644931541748, 103.22572397076179, 97.25386230756223, 87.05811704804205, 56.50639004931897, 49.99084278832831, 104.00397271902324, 68.20217371590968, 101.53939645820286, 64.41126164680492, 83.51917730067994, 94.67742134802477, 76.8315735758809, 99.62918927007125, 29.655615749590325, 89.073666150711, 75.03974443509976, 77.44811408631064, 63.3802084878324, 96.12555321680911, 92.12318045698558, 56.39786034443564, 24.047869077405498, 83.57311638476216], [24.65447819084573, 58.62370005697835, 24.255166956484437, 30.897991336251664, 46.944089211201515, 60.316781378074886, 0.0, 57.492944265570706, 51.87897938676396, 40.75569952842486, 37.739203672993916, 25.687857240135475, 50.4657917501534, 38.19328052872878, 25.21638878346812, 17.403862134400462, 56.30345939340802, 34.731348385963486, 18.72164433750389, 32.538334570994145, 44.91318220424884, 37.114618145425354, 34.69295133793837, 33.499200869833295, 38.48313051596879, 49.18287193530577, 12.581451828814348, 51.64940242949114, 39.451743716445826, 38.318759701484574, 39.04354546391047, 63.826045656792125, 42.371257748323316, 39.015229234407066, 39.35454062805233, 39.07320194653065, 17.692120761211616, 3.389437252733942, 42.57310629194638, 31.888415111390273, 11.395676013485316, 37.74914068302134, 50.529807585710216], [81.91682948584733, 48.20907430844634, 50.34317977521755, 83.09600642690154, 104.40196579019059, 87.40745439653992, 57.492944265570706, 0.0, 6.300356056510541, 96.62197750767427, 51.01394664727862, 63.075950589861264, 68.25229109157466, 91.3275281712753, 82.1168028090957, 73.12510118834507, 33.64373377450046, 52.27897541028983, 59.957129847016326, 58.50027263742804, 82.59888078374763, 69.16823272846067, 85.14276906000921, 32.32948088836348, 37.452463390833344, 43.69864834802833, 46.82633857493974, 32.60162694343629, 23.63953678001618, 24.193607876689704, 84.2813344739822, 21.32380925418994, 48.56622228271162, 84.21642264101044, 90.90202909485348, 96.10293830733342, 63.20662015586566, 58.752337219440875, 38.312349340463925, 60.26945812746293, 48.0909787975739, 66.41374284360279, 7.1469856934418186], [76.43019468950766, 48.86153851757904, 46.5818274748411, 76.92437560381573, 98.8230676905128, 81.43247343963115, 51.87897938676396, 6.300356056510541, 0.0, 91.48643348981476, 48.75871827881687, 56.77799314863377, 62.40348535214763, 85.16260838543776, 76.26831799896162, 67.19031841504565, 34.913120735780936, 49.63714597527495, 53.71450899856822, 52.253053429033244, 79.33259171214989, 66.04342335271588, 80.63032297686283, 26.050010171084427, 31.441708495884576, 43.24323614711516, 41.67750334031417, 33.04830082110801, 17.392002696771655, 21.21536220957027, 80.29552451663031, 20.262035101558887, 46.9683970849865, 77.92005004863486, 86.3287048415931, 90.71057053042792, 58.63660737819921, 53.30813291894016, 36.99774767103943, 57.06762671686759, 42.16406945350304, 60.19899900799242, 4.420987979459277], [17.374896879587247, 81.93290896489859, 50.23563129497116, 38.41401397956847, 15.163317060505966, 81.28527432017931, 40.75569952842486, 96.62197750767427, 91.48643348981476, 0.0, 59.345624084564136, 55.399590113427045, 80.32592636711523, 37.53739845163651, 25.22484652061162, 32.686630880355374, 86.17497331244262, 55.9145982613636, 51.02339737544899, 65.34751637363085, 37.68766299853452, 43.33742980051801, 17.621380900415502, 74.10202660907247, 78.16128262586773, 74.37304112236853, 49.82271240134145, 81.96235483179227, 80.18456234510742, 74.47871498922247, 26.280297844070095, 104.56886604778465, 65.08894777960758, 51.75743253107443, 13.92877116089195, 6.9917200693604356, 34.82461307764909, 38.59585512023268, 71.06285586850272, 47.0205741525051, 52.01970575042426, 66.38304241924484, 89.48876615119092], [51.653163958860425, 22.945178715078097, 13.484393305493729, 67.72908621379696, 72.1233036093831, 96.09630282841466, 37.739203672993916, 51.01394664727862, 48.75871827881687, 59.345624084564136, 0.0, 61.467874044306924, 82.67926854079293, 74.10779652665826, 58.21196872241768, 53.41661714628659, 27.99359348904389, 3.524568964369111, 54.64651583472517, 65.20404931651424, 33.11723204650513, 19.833379017953217, 43.02262732539493, 50.12438331067442, 58.718379691380086, 15.068188008695504, 27.8968591491749, 24.5054180382863, 49.1704114654893, 27.608832851078645, 38.28007109977123, 68.27255752913258, 5.755478923224184, 76.75170813189217, 48.65493470707453, 62.114164359750326, 26.73304032803095, 35.63637594898352, 13.994970234006873, 12.599125591277799, 39.74421270904386, 72.27070693674202, 44.82627575759495], [38.31883530419659, 79.87618230949823, 48.36319910957206, 23.437883892674083, 54.57454021586864, 34.83476987511328, 25.687857240135475, 63.075950589861264, 56.77799314863377, 55.399590113427045, 61.467874044306924, 0.0, 25.91974494992111, 31.188518133793597, 30.930665510843955, 22.732596819622753, 73.98483628265292, 58.88379796030886, 7.003406157537528, 10.132916218709278, 69.87135964918126, 62.796424556841835, 56.15396592369099, 31.071293087854393, 29.55588552341967, 70.36913660031823, 33.60686565160229, 69.49839311651179, 39.79025002297488, 52.41877416969652, 62.52477549603532, 60.50631469422742, 65.26888508040797, 21.14856283768837, 59.42614349044208, 50.75292637389758, 43.18963624565415, 28.886865590372405, 62.74658963208208, 57.333547644576676, 22.13561398274504, 12.304538744886628, 57.46608735040266], [63.68888430363805, 97.77016522062026, 70.58017579407513, 44.060906973799575, 77.23653433307325, 19.57495091030326, 50.4657917501534, 68.25229109157466, 62.40348535214763, 80.32592636711523, 82.67926854079293, 25.91974494992111, 0.0, 49.62059458920527, 55.205649167399564, 48.0935846861176, 88.83460853130396, 80.64339533998013, 32.21534288772354, 18.02947618905642, 95.28807939037203, 87.22071640954324, 82.0705043249032, 38.40652203460533, 31.100091562380026, 88.6739594008604, 55.39921207168983, 84.83765067084657, 45.743552330185295, 66.58578316370922, 88.35799005929957, 57.28141305193959, 85.47672100791445, 33.93320741821798, 85.25005759643912, 75.06112388270337, 68.15502194016815, 53.82130940684131, 80.63615541256287, 80.82399787773247, 43.51238053988634, 13.986382433983678, 64.81036217495657], [27.041980139118877, 96.16861046623693, 61.00235965322272, 8.24681885237186, 29.231405063824234, 45.38495318387849, 38.19328052872878, 91.3275281712753, 85.16260838543776, 37.53739845163651, 74.10779652665826, 31.188518133793597, 49.62059458920527, 0.0, 17.06120602786874, 20.953020033163018, 94.49254474060389, 70.75102248321002, 31.823047558532288, 40.38725708121731, 67.59838811065895, 66.52952866894746, 47.931790869708244, 60.83070684263718, 60.58870683299783, 86.89659679238558, 50.705269708474866, 89.83751920579864, 69.2061883809227, 75.63294429573183, 56.969612689158026, 91.33033059037288, 79.30999485413481, 16.20887407737405, 48.06772409175426, 30.76603267296321, 48.359944345921285, 39.21972152602875, 80.6441654446575, 65.09344635043965, 43.992394375728736, 37.25378483777385, 84.97585748873816], [10.503992430645253, 80.74508612555857, 45.55416094549465, 14.206991527337115, 24.22126192530294, 56.567496409011966, 25.21638878346812, 82.1168028090957, 76.26831799896162, 25.22484652061162, 58.21196872241768, 30.930665510843955, 55.205649167399564, 17.06120602786874, 0.0, 9.484667713723885, 80.51883880783936, 54.76826775579559, 27.7373750395779, 41.049910873920915, 50.74592454586271, 49.517685003712096, 31.706665495541248, 54.62238382975105, 56.82473317077173, 71.71394301141486, 37.561204856912035, 75.905896038995, 62.080135152882995, 63.51184215122923, 40.41855143048474, 85.84826806358429, 63.62333792038803, 27.587374914865084, 32.79872236297433, 19.919550291149854, 31.85766804627052, 25.128631773338174, 66.0570857918616, 48.4935727876797, 34.135072962519544, 41.32458428409669, 75.3003741670436], [15.62482529996387, 75.2628353170487, 40.16969928106248, 14.369729247013252, 33.62728609411715, 52.192167821994694, 17.403862134400462, 73.12510118834507, 67.19031841504565, 32.686630880355374, 53.41661714628659, 22.732596819622753, 48.0935846861176, 20.953020033163018, 9.484667713723885, 0.0, 73.66241706821725, 50.126740598992114, 18.63033030411729, 32.66404758220198, 51.632055404021074, 47.88425918129323, 34.9285904319432, 45.152221942583694, 47.399502087407996, 65.9603075017386, 29.98388424442475, 69.01191379429127, 52.68839941014042, 55.47858368897521, 42.53486404990716, 76.37926131469038, 58.50490022653054, 25.479286851386206, 37.42736498820772, 28.368218067681234, 28.571579381077893, 18.266712353174324, 59.70077777471666, 45.1745907175246, 25.0355310264288, 34.10963304573437, 66.40647305232348], [76.0500716875012, 14.858581896420475, 36.23780090899258, 87.02980885045946, 97.85531587615282, 105.765913033523, 56.30345939340802, 33.64373377450046, 34.913120735780936, 86.17497331244262, 27.99359348904389, 73.98483628265292, 88.83460853130396, 94.49254474060389, 80.51883880783936, 73.66241706821725, 0.0, 31.011526945533873, 68.27116854491736, 73.9558799687806, 60.559277800703704, 47.65055961935282, 70.60991021855297, 50.765988603983025, 59.0978778461641, 14.043056549512404, 43.80611935200971, 4.655987514859012, 45.19278714311488, 22.28499277247144, 66.27064592553394, 54.692284407552705, 22.855052146210046, 93.08069340350467, 76.34748608507545, 88.11138292188394, 51.7898817242073, 55.573876688200684, 15.119746319166955, 40.47476734314353, 52.595411767976564, 82.03705397509587, 30.545333551831284], [48.135024698969254, 26.469362671922607, 10.56653031566168, 64.46409896164994, 68.61692585868256, 93.61683899468844, 34.731348385963486, 52.27897541028983, 49.63714597527495, 55.9145982613636, 3.524568964369111, 58.88379796030886, 80.64339533998013, 70.75102248321002, 54.76826775579559, 50.126740598992114, 31.011526945533873, 0.0, 52.002179250467606, 63.00865389748357, 30.888797474986767, 17.41795904767668, 39.737363099676344, 49.1452695350479, 57.61245931762247, 18.4592462865781, 25.47314893393836, 27.311329078201393, 48.80367489628008, 28.42375041527726, 35.33376040927604, 68.79204713489315, 9.25348986422626, 73.70459024355834, 45.41531774097061, 58.61566743805146, 23.22272891075975, 32.50051343348373, 16.502506313945883, 9.470828153892286, 37.41254324956461, 69.90447931801663, 45.85985903941939], [33.68141085717551, 73.50932254938506, 41.460311065620374, 23.610400739147405, 51.91866835036305, 41.82000759236635, 18.72164433750389, 59.957129847016326, 53.71450899856822, 51.02339737544899, 54.64651583472517, 7.003406157537528, 32.21534288772354, 31.823047558532288, 27.7373750395779, 18.63033030411729, 68.27116854491736, 52.002179250467606, 0.0, 14.896715692081234, 63.167313152440244, 55.836128738836216, 50.230286445005156, 29.00957553077883, 29.52966165973357, 63.977774781587165, 26.869192735859446, 63.71988058638484, 37.41257450914051, 47.173619734440805, 56.178277605157376, 59.73883741134102, 58.57773235480559, 25.161134660458348, 53.846753586808944, 46.988746404207554, 36.300528599420566, 21.96024588462453, 56.48939714205296, 50.33096909230016, 15.81068246908205, 19.065613260766735, 53.912988663259796], [48.144940975966485, 81.57570833419932, 52.79463339713891, 33.029032133652386, 64.68759456368534, 31.882644931541748, 32.538334570994145, 58.50027263742804, 52.253053429033244, 65.34751637363085, 65.20404931651424, 10.132916218709278, 18.02947618905642, 40.38725708121731, 41.049910873920915, 32.66404758220198, 73.9558799687806, 63.00865389748357, 14.896715692081234, 0.0, 77.43627025323313, 69.19190795163415, 65.1204697590545, 26.259875769462443, 22.264922950465646, 72.25568952014842, 37.60840317755139, 69.68956141297832, 34.86347401104926, 51.76381281337031, 70.90440968559673, 53.04682184338349, 68.33140461666277, 27.973308752582245, 68.72593938030299, 60.83524355665799, 50.20374555209176, 35.9127422534383, 64.3262921144994, 62.84747708458497, 25.660280564089973, 8.196600597774514, 53.66225590735679], [40.56297147971226, 51.48363296038959, 33.067672192108176, 64.38241476245372, 52.799182424412294, 103.22572397076179, 44.91318220424884, 82.59888078374763, 79.33259171214989, 37.68766299853452, 33.11723204650513, 69.87135964918126, 95.28807939037203, 67.59838811065895, 50.74592454586271, 51.632055404021074, 60.559277800703704, 30.888797474986767, 63.167313152440244, 77.43627025323313, 0.0, 13.507130618566324, 20.782916715575094, 72.69444907917146, 79.98414390383059, 46.69965357644893, 44.12907478903397, 57.45993046816964, 74.99019123660747, 58.42413004800574, 11.48641683514064, 97.36464887393926, 37.73937704185927, 76.94379035569007, 23.830551414647484, 43.3438761939493, 27.392107451789254, 41.53007704915192, 47.110271444879096, 22.32948991870388, 53.91671238172227, 82.1620702877845, 75.88395638494273], [40.55334637288054, 39.95284193341597, 20.37052924318714, 61.827352193341696, 57.59538136620463, 97.25386230756223, 37.114618145425354, 69.16823272846067, 66.04342335271588, 43.33742980051801, 19.833379017953217, 62.796424556841835, 87.22071640954324, 66.52952866894746, 49.517685003712096, 47.88425918129323, 47.65055961935282, 17.41795904767668, 55.836128738836216, 69.19190795163415, 13.507130618566324, 0.0, 25.847972127040133, 61.16303560636709, 68.92460991940324, 34.06680769461306, 33.30693711638654, 44.32125141989775, 62.66375619044153, 45.025267694630344, 19.201124033108673, 84.42027258782716, 24.815598556423815, 73.24076533088798, 30.877417774380348, 47.55699159779047, 19.86271896750016, 33.92552591493568, 33.773844049494514, 8.989827136301471, 44.28062027950043, 74.84039759446722, 62.51175149982514], [21.203988760109524, 65.10750086324188, 35.88019982575914, 45.850841523078564, 32.39830734193722, 87.05811704804205, 34.69295133793837, 85.14276906000921, 80.63032297686283, 17.621380900415502, 43.02262732539493, 56.15396592369099, 82.0705043249032, 47.931790869708244, 31.706665495541248, 34.9285904319432, 70.60991021855297, 39.737363099676344, 50.230286445005156, 65.1204697590545, 20.782916715575094, 25.847972127040133, 0.0, 67.35013978312251, 73.05901161864449, 58.07736879967775, 39.82134803126125, 66.64490811616943, 71.92703280861853, 61.71090734028857, 9.378335096909803, 95.98978788044327, 48.67725709591739, 59.03621162378718, 5.85390786250571, 22.67663814623798, 21.99525446949507, 31.604135809236556, 55.664422809616376, 30.44963618202194, 45.773146376029175, 68.26005299006944, 78.02581525360361], [57.35716120929908, 60.97341398245275, 41.15739069691862, 52.61912011448821, 78.50085455015449, 56.50639004931897, 33.499200869833295, 32.32948088836348, 26.050010171084427, 74.10202660907247, 50.12438331067442, 31.071293087854393, 38.40652203460533, 60.83070684263718, 54.62238382975105, 45.152221942583694, 50.765988603983025, 49.1452695350479, 29.00957553077883, 26.259875769462443, 72.69444907917146, 61.16303560636709, 67.35013978312251, 0.0, 8.771404983859869, 52.47074800793042, 28.684345487043778, 46.99871431381636, 8.75304031406602, 28.789438851725546, 69.92165915630179, 31.227039847057533, 51.353958585513446, 52.18783665384799, 72.42101701778216, 71.766419368923, 46.74647376224299, 36.119856582932464, 44.45786178422811, 52.82065166718942, 22.119548096388048, 34.30547663899615, 27.429896068272033], [60.9881666337473, 69.65922386066417, 49.23383240358748, 52.59383256708107, 81.02501427524481, 49.99084278832831, 38.48313051596879, 37.452463390833344, 31.441708495884576, 78.16128262586773, 58.718379691380086, 29.55588552341967, 31.100091562380026, 60.58870683299783, 56.82473317077173, 47.399502087407996, 59.0978778461641, 57.61245931762247, 29.52966165973357, 22.264922950465646, 79.98414390383059, 68.92460991940324, 73.05901161864449, 8.771404983859869, 0.0, 61.22214625122241, 35.87084429047446, 55.46512482743783, 14.67778882973836, 37.355913157904126, 76.41230560646763, 31.008920802198325, 60.082177951606525, 49.9193413866102, 77.83471423448364, 75.13959332717641, 53.37662064903234, 41.46334376648243, 53.21873287819452, 60.81171816277785, 27.289083924282345, 29.5826325166668, 33.712462866854366], [65.94963500280674, 9.540614517183625, 26.170786835546842, 79.98729573568495, 86.92432788584871, 104.00397271902324, 49.18287193530577, 43.69864834802833, 43.24323614711516, 74.37304112236853, 15.068188008695504, 70.36913660031823, 88.6739594008604, 86.89659679238558, 71.71394301141486, 65.9603075017386, 14.043056549512404, 18.4592462865781, 63.977774781587165, 72.25568952014842, 46.69965357644893, 34.06680769461306, 58.07736879967775, 52.47074800793042, 61.22214625122241, 0.0, 37.51602796914703, 11.974119809150993, 48.98256822013823, 24.628030470330703, 53.0143103897487, 63.50320971441445, 9.417340740259808, 87.71347507943172, 63.6825775432272, 76.9679760314517, 41.070346670621646, 47.72192064084377, 8.067195692603047, 27.630729777976153, 48.248285737985825, 79.9578286835911, 38.87519865457757], [35.43539619604585, 47.047716914695684, 15.189778572563252, 43.236763277515216, 58.04369918586635, 68.20217371590968, 12.581451828814348, 46.82633857493974, 41.67750334031417, 49.82271240134145, 27.8968591491749, 33.60686565160229, 55.39921207168983, 50.705269708474866, 37.561204856912035, 29.98388424442475, 43.80611935200971, 25.47314893393836, 26.869192735859446, 37.60840317755139, 44.12907478903397, 33.30693711638654, 39.82134803126125, 28.684345487043778, 35.87084429047446, 37.51602796914703, 0.0, 39.1501390479355, 32.21057279014691, 26.04578333148739, 41.41492184069502, 56.1684638883212, 31.709748729164314, 50.20617595535972, 45.29291828343708, 49.38148342287194, 18.296689470347292, 12.550052222691331, 30.46393741123155, 25.80957708129239, 11.957103617506725, 44.432726018752, 39.709202124936716], [71.55260936224366, 15.813372481158773, 31.86947891796044, 82.37469831160297, 93.45171312409127, 101.53939645820286, 51.64940242949114, 32.60162694343629, 33.04830082110801, 81.96235483179227, 24.5054180382863, 69.49839311651179, 84.83765067084657, 89.83751920579864, 75.905896038995, 69.01191379429127, 4.655987514859012, 27.311329078201393, 63.71988058638484, 69.68956141297832, 57.45993046816964, 44.32125141989775, 66.64490811616943, 46.99871431381636, 55.46512482743783, 11.974119809150993, 39.1501390479355, 0.0, 41.87809119719576, 18.270605057419083, 62.64505666552237, 53.1709125742901, 19.778194642320283, 88.4816185716017, 72.41920824365447, 83.75487670238007, 47.43561990768089, 50.93700099495193, 10.980631595955405, 36.77286551748623, 48.01365849379882, 77.73538992273525, 28.62828256861346], [63.91555832264949, 56.775728437249846, 42.29693211267829, 60.96961397214069, 85.61547122123379, 64.41126164680492, 39.451743716445826, 23.63953678001618, 17.392002696771655, 80.18456234510742, 49.1704114654893, 39.79025002297488, 45.743552330185295, 69.2061883809227, 62.080135152882995, 52.68839941014042, 45.19278714311488, 48.80367489628008, 37.41257450914051, 34.86347401104926, 74.99019123660747, 62.66375619044153, 71.92703280861853, 8.75304031406602, 14.67778882973836, 48.98256822013823, 32.21057279014691, 41.87809119719576, 0.0, 24.405802775084503, 73.49612547027007, 24.38686666709579, 49.41475214633388, 60.92196827784499, 77.26998491618882, 78.37773795726784, 50.48674605894381, 41.655446536197545, 41.25199260658738, 53.9129033434125, 28.439130198932002, 42.813039890440464, 19.162686964376228], [61.26016199167883, 32.44299831753275, 26.29736270568081, 67.74589156680604, 83.8404163217543, 83.51917730067994, 38.318759701484574, 24.193607876689704, 21.21536220957027, 74.47871498922247, 27.608832851078645, 52.41877416969652, 66.58578316370922, 75.63294429573183, 63.51184215122923, 55.47858368897521, 22.28499277247144, 28.42375041527726, 47.173619734440805, 51.76381281337031, 58.42413004800574, 45.025267694630344, 61.71090734028857, 28.789438851725546, 37.355913157904126, 24.628030470330703, 26.04578333148739, 18.270605057419083, 24.405802775084503, 0.0, 60.2675983528679, 40.719752470587096, 26.32725639841146, 72.29553359984104, 67.53646982467085, 74.83764176427243, 40.078982724429295, 38.595834051084985, 17.126224447413026, 36.09709331495211, 32.04403800438497, 59.8869384082585, 17.497192609899145], [30.0001731694547, 59.153964163683284, 33.972038601243945, 54.39364458761918, 41.3485600319393, 94.67742134802477, 39.04354546391047, 84.2813344739822, 80.29552451663031, 26.280297844070095, 38.28007109977123, 62.52477549603532, 88.35799005929957, 56.969612689158026, 40.41855143048474, 42.53486404990716, 66.27064592553394, 35.33376040927604, 56.178277605157376, 70.90440968559673, 11.48641683514064, 19.201124033108673, 9.378335096909803, 69.92165915630179, 76.41230560646763, 53.0143103897487, 41.41492184069502, 62.64505666552237, 73.49612547027007, 60.2675983528679, 0.0, 96.97188507354458, 43.64026739710986, 67.3456356497454, 12.574763570431761, 31.85757196622204, 23.17756246654969, 35.71240689032537, 51.7873886749941, 25.878676621483343, 49.357031537261754, 74.79453059986001, 77.28689137776989], [88.21101551642998, 68.9611379655018, 64.29699122789002, 83.22329906369214, 109.66869540970679, 76.8315735758809, 63.826045656792125, 21.32380925418994, 20.262035101558887, 104.56886604778465, 68.27255752913258, 60.50631469422742, 57.28141305193959, 91.33033059037288, 85.84826806358429, 76.37926131469038, 54.692284407552705, 68.79204713489315, 59.73883741134102, 53.04682184338349, 97.36464887393926, 84.42027258782716, 95.98978788044327, 31.227039847057533, 31.008920802198325, 63.50320971441445, 56.1684638883212, 53.1709125742901, 24.38686666709579, 40.719752470587096, 96.97188507354458, 0.0, 66.92020567582266, 80.8928743608679, 101.42948828708637, 102.66830172990542, 74.27423874788695, 66.03834952948681, 57.12216505614304, 75.45004118589674, 52.71792747266712, 59.762818497199454, 24.652596596577517], [57.29012784108988, 17.264757836522275, 18.337727058995753, 72.74719846180288, 77.87018792400923, 99.62918927007125, 42.371257748323316, 48.56622228271162, 46.9683970849865, 65.08894777960758, 5.755478923224184, 65.26888508040797, 85.47672100791445, 79.30999485413481, 63.62333792038803, 58.50490022653054, 22.855052146210046, 9.25348986422626, 58.57773235480559, 68.33140461666277, 37.73937704185927, 24.815598556423815, 48.67725709591739, 51.353958585513446, 60.082177951606525, 9.417340740259808, 31.709748729164314, 19.778194642320283, 49.41475214633388, 26.32725639841146, 43.64026739710986, 66.92020567582266, 0.0, 81.33869993678182, 54.269452152829615, 67.86589746729443, 32.35275157946792, 40.49727410632424, 10.326349028054072, 18.227664171819306, 43.258728963236784, 75.66214940639561, 42.82432934312082], [37.976205113260235, 97.23604688938676, 63.26737610573824, 13.459987045796376, 45.20913430044527, 29.655615749590325, 39.015229234407066, 84.21642264101044, 77.92005004863486, 51.75743253107443, 76.75170813189217, 21.14856283768837, 33.93320741821798, 16.20887407737405, 27.587374914865084, 25.479286851386206, 93.08069340350467, 73.70459024355834, 25.161134660458348, 27.973308752582245, 76.94379035569007, 73.24076533088798, 59.03621162378718, 52.18783665384799, 49.9193413866102, 87.71347507943172, 50.20617595535972, 88.4816185716017, 60.92196827784499, 72.29553359984104, 67.3456356497454, 80.8928743608679, 81.33869993678182, 0.0, 60.38556178470495, 45.41212756260077, 53.64014402582652, 41.25102528585067, 80.59765735228038, 69.89250489321655, 40.505281434840974, 22.823640747593828, 78.52859824514705], [22.505225330720403, 70.51124984548501, 41.73409899773429, 46.98451924310071, 29.09100503944725, 89.073666150711, 39.35454062805233, 90.90202909485348, 86.3287048415931, 13.92877116089195, 48.65493470707453, 59.42614349044208, 85.25005759643912, 48.06772409175426, 32.79872236297433, 37.42736498820772, 76.34748608507545, 45.41531774097061, 53.846753586808944, 68.72593938030299, 23.830551414647484, 30.877417774380348, 5.85390786250571, 72.42101701778216, 77.83471423448364, 63.6825775432272, 45.29291828343708, 72.41920824365447, 77.26998491618882, 67.53646982467085, 12.574763570431761, 101.42948828708637, 54.269452152829615, 60.38556178470495, 0.0, 20.089903710646304, 27.70588176229639, 36.41565793544744, 61.44080746167478, 36.05897840985555, 50.61396103469217, 71.32535980204896, 83.77734980697333], [14.462179639610156, 84.97163387707138, 51.886853689854725, 32.23947473196899, 10.090275774365221, 75.03974443509976, 39.07320194653065, 96.10293830733342, 90.71057053042792, 6.9917200693604356, 62.114164359750326, 50.75292637389758, 75.06112388270337, 30.76603267296321, 19.919550291149854, 28.368218067681234, 88.11138292188394, 58.61566743805146, 46.988746404207554, 60.83524355665799, 43.3438761939493, 47.55699159779047, 22.67663814623798, 71.766419368923, 75.13959332717641, 76.9679760314517, 49.38148342287194, 83.75487670238007, 78.37773795726784, 74.83764176427243, 31.85757196622204, 102.66830172990542, 67.86589746729443, 45.41212756260077, 20.089903710646304, 0.0, 36.32337646761903, 37.403929074234, 73.0128929625393, 50.177159172177674, 49.954335017203874, 61.2217536374179, 89.02322730791295], [24.938172841289315, 49.61683974056394, 15.566205835992388, 42.82993050476499, 46.09392739865472, 77.44811408631064, 17.692120761211616, 63.20662015586566, 58.63660737819921, 34.82461307764909, 26.73304032803095, 43.18963624565415, 68.15502194016815, 48.359944345921285, 31.85766804627052, 28.571579381077893, 51.7898817242073, 23.22272891075975, 36.300528599420566, 50.20374555209176, 27.392107451789254, 19.86271896750016, 21.99525446949507, 46.74647376224299, 53.37662064903234, 41.070346670621646, 18.296689470347292, 47.43561990768089, 50.48674605894381, 40.078982724429295, 23.17756246654969, 74.27423874788695, 32.35275157946792, 53.64014402582652, 27.70588176229639, 36.32337646761903, 0.0, 14.361076409501385, 36.70094337216381, 16.737642076446797, 26.668837693690108, 55.3650588294589, 56.0770763617344], [23.16722076519057, 57.068346544699516, 22.200125937671014, 32.30181825455108, 45.71303768681911, 63.3802084878324, 3.389437252733942, 58.752337219440875, 53.30813291894016, 38.59585512023268, 35.63637594898352, 28.886865590372405, 53.82130940684131, 39.21972152602875, 25.128631773338174, 18.266712353174324, 55.573876688200684, 32.50051343348373, 21.96024588462453, 35.9127422534383, 41.53007704915192, 33.92552591493568, 31.604135809236556, 36.119856582932464, 41.46334376648243, 47.72192064084377, 12.550052222691331, 50.93700099495193, 41.655446536197545, 38.595834051084985, 35.71240689032537, 66.03834952948681, 40.49727410632424, 41.25102528585067, 36.41565793544744, 37.403929074234, 14.361076409501385, 0.0, 41.449053473969066, 29.03888893166287, 14.200084396593526, 41.017478917849154, 51.70750194248407], [61.13020748686994, 17.25290733787713, 21.17977020888047, 73.47106862208558, 82.78785168861158, 96.12555321680911, 42.57310629194638, 38.312349340463925, 36.99774767103943, 71.06285586850272, 13.994970234006873, 62.74658963208208, 80.63615541256287, 80.6441654446575, 66.0570857918616, 59.70077777471666, 15.119746319166955, 16.502506313945883, 56.48939714205296, 64.3262921144994, 47.110271444879096, 33.773844049494514, 55.664422809616376, 44.45786178422811, 53.21873287819452, 8.067195692603047, 30.46393741123155, 10.980631595955405, 41.25199260658738, 17.126224447413026, 51.7873886749941, 57.12216505614304, 10.326349028054072, 80.59765735228038, 61.44080746167478, 73.0128929625393, 36.70094337216381, 41.449053473969066, 0.0, 25.9122033421341, 40.69463007357471, 72.090123805444, 32.764301909600285], [40.806413774018516, 34.91624344820577, 11.692014291879877, 59.49647161861643, 60.2499184692922, 92.12318045698558, 31.888415111390273, 60.26945812746293, 57.06762671686759, 47.0205741525051, 12.599125591277799, 57.333547644576676, 80.82399787773247, 65.09344635043965, 48.4935727876797, 45.1745907175246, 40.47476734314353, 9.470828153892286, 50.33096909230016, 62.84747708458497, 22.32948991870388, 8.989827136301471, 30.44963618202194, 52.82065166718942, 60.81171816277785, 27.630729777976153, 25.80957708129239, 36.77286551748623, 53.9129033434125, 36.09709331495211, 25.878676621483343, 75.45004118589674, 18.227664171819306, 69.89250489321655, 36.05897840985555, 50.177159172177674, 16.737642076446797, 29.03888893166287, 25.9122033421341, 0.0, 37.38694134302419, 69.0406535820083, 53.56760038812838], [35.49447266056737, 57.76617916499615, 27.135774887570054, 35.931959681812586, 57.251151629733045, 56.39786034443564, 11.395676013485316, 48.0909787975739, 42.16406945350304, 52.01970575042426, 39.74421270904386, 22.13561398274504, 43.51238053988634, 43.992394375728736, 34.135072962519544, 25.0355310264288, 52.595411767976564, 37.41254324956461, 15.81068246908205, 25.660280564089973, 53.91671238172227, 44.28062027950043, 45.773146376029175, 22.119548096388048, 27.289083924282345, 48.248285737985825, 11.957103617506725, 48.01365849379882, 28.439130198932002, 32.04403800438497, 49.357031537261754, 52.71792747266712, 43.258728963236784, 40.505281434840974, 50.61396103469217, 49.954335017203874, 26.668837693690108, 14.200084396593526, 40.69463007357471, 37.38694134302419, 0.0, 32.526745384863084, 41.40907482815783], [49.70252617438432, 89.34126233272885, 59.51675792302428, 30.890300719763413, 63.823575746791626, 24.047869077405498, 37.74914068302134, 66.41374284360279, 60.19899900799242, 66.38304241924484, 72.27070693674202, 12.304538744886628, 13.986382433983678, 37.25378483777385, 41.32458428409669, 34.10963304573437, 82.03705397509587, 69.90447931801663, 19.065613260766735, 8.196600597774514, 82.1620702877845, 74.84039759446722, 68.26005299006944, 34.30547663899615, 29.5826325166668, 79.9578286835911, 44.432726018752, 77.73538992273525, 42.813039890440464, 59.8869384082585, 74.79453059986001, 59.762818497199454, 75.66214940639561, 22.823640747593828, 71.32535980204896, 61.2217536374179, 55.3650588294589, 41.017478917849154, 72.090123805444, 69.0406535820083, 32.526745384863084, 0.0, 61.73429967036106], [74.87461185298292, 44.441634470694886, 43.39896769579764, 76.77046999013207, 97.39213177882053, 83.57311638476216, 50.529807585710216, 7.1469856934418186, 4.420987979459277, 89.48876615119092, 44.82627575759495, 57.46608735040266, 64.81036217495657, 84.97585748873816, 75.3003741670436, 66.40647305232348, 30.545333551831284, 45.85985903941939, 53.912988663259796, 53.66225590735679, 75.88395638494273, 62.51175149982514, 78.02581525360361, 27.429896068272033, 33.712462866854366, 38.87519865457757, 39.709202124936716, 28.62828256861346, 19.162686964376228, 17.497192609899145, 77.28689137776989, 24.652596596577517, 42.82432934312082, 78.52859824514705, 83.77734980697333, 89.02322730791295, 56.0770763617344, 51.70750194248407, 32.764301909600285, 53.56760038812838, 41.40907482815783, 61.73429967036106, 0.0]]",Route_3,2089.27971644888
