instance_id,num_cities,city_coordinates,distance_matrix,best_route,total_distance
892,41,"[[28.7303642963347, 12.972044936142868], [58.84250818920863, 73.13168290451935], [42.964940472197235, 96.01548648193766], [60.49361897664205, 88.28795637414467], [63.79809173781562, 30.81158689457305], [41.84059298013213, 3.294271872746013], [29.596214558098232, 18.0812517636324], [4.664811108342626, 43.56863511395749], [29.53477168661516, 25.624635676594064], [72.32652438914037, 17.339911426313183], [92.63469022009846, 97.38365972256365], [32.300806333912924, 4.578458138374519], [94.44739371485969, 69.20478439276178], [41.56272359600241, 95.63516890564793], [22.013356612061262, 73.41694535723168], [72.93253312131152, 4.221663518863439], [83.2943099083575, 89.1686753209458], [7.13900598200653, 95.49054946972694], [17.64388864623969, 3.3077103635572147], [77.9701008976155, 1.5574021371590363], [25.922266376613035, 41.130608732649065], [53.8582931521262, 45.90996459907869], [0.16391597286466997, 34.16721649901873], [72.95029142888663, 81.58644474212987], [32.39212412837883, 41.97641569533658], [97.73766663610543, 7.473402419624997], [60.82103917905199, 18.631681765841158], [94.2746366410207, 37.88802484912208], [21.342551808105938, 55.89663928073483], [87.49202721615083, 48.010462023132064], [75.63745988487884, 87.2911835277434], [71.77616402366318, 25.17381295954737], [46.68788953881021, 61.415632891507286], [21.685119575851385, 62.712216549785495], [82.83581163422316, 97.94119605047456], [21.917382261622297, 79.22808508408475], [48.81155134381508, 98.02679203754924], [15.839160843348976, 71.03081637165545], [8.126382229503882, 73.81620942836172], [27.507444471588293, 94.2423231823416], [97.97909678274017, 3.7857584475189388]]","[[0.0, 67.2749823508804, 84.25459241297337, 81.73977528488194, 39.3445646207527, 16.295317965847573, 5.182054716216497, 38.92688249466193, 12.678135655327607, 43.814420371762246, 105.87295963852961, 9.121422897518615, 86.49190102195271, 83.65322175262308, 60.816972788407774, 45.059970081876685, 93.71846479083007, 85.29648494701786, 14.707457464532197, 50.54548180393481, 28.298235439840674, 41.42848489027487, 35.57073610985897, 81.62927058564246, 29.234602925374972, 69.22602722774856, 32.58593106652532, 70.12030870024999, 43.55571802885363, 68.41508387091191, 87.88407123904959, 44.74174803315411, 51.6648229148545, 50.236641461448414, 100.7330932351586, 66.60540203535297, 87.39315807155667, 59.47271699752218, 64.23812286926254, 81.27947870841889, 69.85538497800168], [67.2749823508804, 0.0, 27.852569410705097, 15.24594347091866, 42.60925174886666, 71.87718066533692, 62.336952604010605, 61.718689678679354, 55.81991539962931, 57.398087577517785, 41.59410951074385, 73.51194843842042, 35.82078175049171, 28.37248381426267, 36.83025631949124, 70.33576312459228, 29.241678014045146, 56.33090674373093, 81.07227265623763, 74.08604774303745, 45.91090359765652, 27.67425422728934, 70.43725453733535, 16.447265598525934, 40.868979579149986, 76.31410843901844, 54.53590293553133, 49.97550559775738, 41.27097596735943, 38.10342083129245, 21.9672906922765, 49.67128690604832, 16.881960266628194, 38.59063108685165, 34.51362850735736, 37.42500560191165, 26.8400177715965, 43.05463416564542, 50.720745350620405, 37.782871133979974, 79.62744379631529], [84.25459241297337, 27.852569410705097, 0.0, 19.15644256324834, 68.45121410943172, 92.7280313383536, 79.07254753512244, 64.94283738568096, 71.66059803482918, 83.97588177831118, 49.68858961608288, 92.05679719184721, 58.045299020656834, 1.4528777053559856, 30.81660148707734, 96.56170329566199, 40.90644035103251, 35.829780085317644, 96.1035244847377, 100.73574814580266, 57.47001431949231, 51.27600272801083, 75.21393619584403, 33.27639580130259, 55.06365059564609, 104.11413055644327, 79.41721156882744, 77.53377790880195, 45.574659541180154, 65.47628446387357, 33.81725871221112, 76.47633169801937, 34.799572098401036, 39.521368467632136, 39.91734866647865, 26.92241728226078, 6.182896467041482, 36.87874267098145, 41.31020506038381, 15.558865340887676, 107.39124791091541], [81.73977528488194, 15.24594347091866, 19.15644256324834, 0.0, 57.57128267445124, 87.01644547986184, 76.70483017431677, 71.53092675177164, 69.89379075691402, 71.92803856925788, 33.40329744320733, 88.32958043369409, 38.94902144912839, 20.306657329452374, 41.25381873611362, 84.98157552980744, 22.81769429251926, 53.83857422989448, 95.17216820798068, 88.47381792705015, 58.47216309643764, 42.89430889622825, 81.04768688343322, 14.144926536979211, 54.17058992434789, 88.98376940166308, 69.65704412546037, 60.67380202499287, 50.81341834083838, 48.4890771067364, 15.176609422440473, 64.11467009738423, 30.21125509915338, 46.47814640564403, 24.3384183750124, 39.62584140287357, 15.209063884958343, 47.873056224180395, 54.33009243682175, 33.51928090762711, 92.44340160758964], [39.3445646207527, 42.60925174886666, 68.45121410943172, 57.57128267445124, 0.0, 35.20418125314293, 36.4942438634168, 60.493695186157254, 34.65370923680017, 15.944284349267512, 72.54922668535951, 40.99092621732512, 49.12654400438689, 68.53107602503052, 59.675628687606526, 28.11515684670158, 61.52765469735422, 85.98616283148287, 53.727773890715035, 32.506202015098076, 39.25634163402146, 18.07652082763678, 63.72259077695212, 51.59310950722821, 33.33148967021053, 41.189386968773036, 12.538458074362673, 31.287309941279037, 49.3126020803978, 29.278044404284895, 57.70715271062437, 9.769039478918282, 35.062325231982484, 52.831359974104345, 69.77692458311822, 64.01680344381698, 68.86566775537273, 62.591097388290294, 70.34725864489313, 73.0785152080293, 43.57449379087217], [16.295317965847573, 71.87718066533692, 92.7280313383536, 87.01644547986184, 35.20418125314293, 0.0, 19.19842642602377, 54.809333988508925, 25.496634784225602, 33.56593517754996, 106.92452113699909, 9.62583313901769, 84.33072479348489, 92.34131510995299, 72.8718645199033, 31.105767905775462, 95.35629929244122, 98.51067831929718, 24.19670806566142, 36.17123247606986, 41.04852626870254, 44.27778657486336, 51.86602082544021, 84.24652912839748, 39.81936481605569, 56.05308176567245, 24.40273509545404, 62.81764624388992, 56.455103833179905, 63.902982006875256, 90.54120266571789, 37.07900661926265, 58.32314198155784, 62.743408082398524, 103.1438229309028, 78.50400189893907, 94.98865530832117, 72.55559202305828, 78.16643578375529, 92.07055546254081, 56.140655217485836], [5.182054716216497, 62.336952604010605, 79.07254753512244, 76.70483017431677, 36.4942438634168, 19.19842642602377, 0.0, 35.65363358790958, 7.543634143089449, 42.73674020971409, 101.30509030583485, 13.770993150826465, 82.57899870126802, 78.47169809953684, 55.85283090510704, 45.49862297835884, 89.08932165115195, 80.6010272166606, 19.00304239333851, 51.11820112315024, 23.340324589118193, 36.91999073375457, 33.54129486883942, 76.89268831660416, 24.058178851446815, 68.96219224331917, 31.229675723527002, 67.6432298400716, 38.70563888969198, 65.17424913333228, 83.12527248697413, 42.772100266825944, 46.583193765372236, 45.32668575531382, 95.97950509523199, 61.627101915931306, 82.22237273076581, 54.707521595203914, 59.727206582152526, 76.18970901716334, 69.86114592890884], [38.92688249466193, 61.718689678679354, 64.94283738568096, 71.53092675177164, 60.493695186157254, 54.809333988508925, 35.65363358790958, 0.0, 30.667605954376825, 72.56757809363405, 103.1249557796842, 47.791025650168095, 93.37089637216297, 63.81520106548472, 34.52381287565647, 78.79508894940811, 90.89533402997368, 51.98083137696744, 42.30128266958506, 84.49029060975062, 21.396807638488347, 49.24916749905479, 10.423278226828938, 78.15536239779941, 27.772991376301235, 99.82696158528425, 61.44406882210566, 89.78969965969348, 20.73949665697365, 82.946232913018, 83.35933129622273, 69.58665944142659, 45.655826029599964, 25.615768786419995, 95.22121983052138, 39.61372973567355, 70.1043902258113, 29.648566431294675, 30.445003309775874, 55.58424742154523, 101.44078660371348], [12.678135655327607, 55.81991539962931, 71.66059803482918, 69.89379075691402, 34.65370923680017, 25.496634784225602, 7.543634143089449, 30.667605954376825, 0.0, 43.58635973853823, 95.55604246180495, 21.227165063670387, 78.18489534881422, 71.03623293890934, 48.380538952493026, 48.38856181710106, 83.23420525323661, 73.36767838527534, 25.287116381816922, 54.085236858311795, 15.921224671170783, 31.672200207383252, 30.587952734133864, 70.82818244441296, 16.59955339031143, 70.57692362408626, 32.05825849927323, 65.89112860098501, 31.360909883913656, 62.13025583186704, 76.9949412817778, 42.24379797904806, 39.689103462905514, 37.909176900659986, 89.83699551858136, 54.14198380216047, 74.92440510053075, 47.42669081522297, 52.7327879010717, 68.64762992466096, 71.84401294812717], [43.814420371762246, 57.398087577517785, 83.97588177831118, 71.92803856925788, 15.944284349267512, 33.56593517754996, 42.73674020971409, 72.56757809363405, 43.58635973853823, 0.0, 82.57979922917707, 42.01086521195203, 56.385263212575325, 84.12228469909266, 75.33955525654433, 13.132237994522383, 72.66129397297041, 101.76902663715067, 56.454347206006815, 16.761191940588507, 52.147410674115974, 34.01945771640804, 74.09858466563749, 64.24956130916551, 46.92242179155206, 27.259386461814422, 11.577774420399056, 30.06567139875241, 63.92172340436078, 34.21513042366037, 70.0295849085604, 7.8532101566364005, 50.990281619794345, 67.99410234484225, 81.28352970599107, 79.81997023757157, 84.0435997568776, 77.93289109358244, 85.50573366350193, 89.0097233932881, 29.01326478322347], [105.87295963852961, 41.59410951074385, 49.68858961608288, 33.40329744320733, 72.54922668535951, 106.92452113699909, 101.30509030583485, 103.1249557796842, 95.55604246180495, 82.57979922917707, 0.0, 110.69319304218169, 28.237119343382673, 51.101888370094706, 74.5773166455263, 95.22254213684664, 12.438998074072638, 85.51664101079344, 120.30754161102372, 96.94184763465877, 87.26369944453864, 64.4449397488936, 112.01411868027421, 25.23940484459773, 81.84820987662404, 90.05495398134939, 84.93516600712324, 59.518232443994606, 82.48479777810832, 49.64030251559038, 19.76774936130878, 75.16209207190597, 58.350727904333986, 78.96803496533386, 9.814727112745718, 73.01070151249975, 43.827857809213064, 81.1912906963099, 87.73299740008243, 65.20296108341837, 93.75035895717852], [9.121422897518615, 73.51194843842042, 92.05679719184721, 88.32958043369409, 40.99092621732512, 9.62583313901769, 13.770993150826465, 47.791025650168095, 21.227165063670387, 42.01086521195203, 110.69319304218169, 0.0, 89.65913432682783, 91.52654088910319, 69.60293775668083, 40.633293296585215, 98.77166724213716, 94.32987091684882, 14.711901169136215, 45.76910798026015, 37.104521086430914, 46.615648276396094, 43.68379955318252, 87.07818693134725, 37.39806904603393, 65.50086555611463, 31.79460293610436, 70.35824669071802, 52.47512799424575, 70.23111720539242, 93.3780513950339, 44.52496496285801, 58.62979274279238, 59.09506470409842, 106.16208170126407, 75.36831097084989, 94.89571017339856, 68.46095008850888, 73.33668239342408, 89.7918983682043, 65.68307399231857], [86.49190102195271, 35.82078175049171, 58.045299020656834, 38.94902144912839, 49.12654400438689, 84.33072479348489, 82.57899870126802, 93.37089637216297, 78.18489534881422, 56.385263212575325, 28.237119343382673, 89.65913432682783, 0.0, 59.12151519607196, 72.5564058577889, 68.45213820525619, 22.868061119983242, 91.1794714515917, 101.19882784121565, 69.62520739373667, 74.05303785610542, 46.798757608635945, 100.58332535283333, 24.807880193613926, 67.76607222920434, 61.81900529941905, 60.731955580903865, 31.317236042165497, 74.30628934709515, 22.30642113471249, 26.09466313938775, 49.52485336741073, 48.39050650955807, 73.05136531972448, 30.993712158708743, 73.21932202742268, 53.975348387861445, 78.62943893968466, 86.4440990739905, 71.46912027814156, 65.5142876186869], [83.65322175262308, 28.37248381426267, 1.4528777053559856, 20.306657329452374, 68.53107602503052, 92.34131510995299, 78.47169809953684, 63.81520106548472, 71.03623293890934, 84.12228469909266, 51.101888370094706, 91.52654088910319, 59.12151519607196, 0.0, 29.59437796474537, 96.64623074261019, 42.22962035617343, 34.42402139712001, 95.37541751518296, 100.8767729565543, 56.70424130242467, 51.22281692800124, 74.10917922687581, 34.388167515680806, 54.43676781992734, 104.53765491675645, 79.37518346931058, 78.18745694515661, 44.58706184401637, 66.16353706292715, 35.08147296142448, 76.66586374807817, 34.601213431964865, 38.45828822774503, 41.33745949382229, 25.59554327753376, 7.633175284408477, 35.596008825522574, 39.92562982156297, 14.124124414423852, 107.79202830010723], [60.816972788407774, 36.83025631949124, 30.81660148707734, 41.25381873611362, 59.675628687606526, 72.8718645199033, 55.85283090510704, 34.52381287565647, 48.380538952493026, 75.33955525654433, 74.5773166455263, 69.60293775668083, 72.5564058577889, 29.59437796474537, 0.0, 85.91128892684243, 63.272997666876904, 26.617481195277986, 70.2452637670513, 91.07662259238863, 32.52210184141352, 42.080089991231745, 44.92147895705361, 51.58790603167925, 33.10929960869415, 100.41275807277445, 67.13762978388839, 80.5232685867586, 17.533143018270913, 70.23493218822628, 55.38988117540865, 69.30899526774776, 27.438368684256172, 10.709759959630661, 65.58056043514672, 5.811932208908855, 36.38389471331698, 6.619237488275501, 13.892712812849053, 21.537905259490348, 103.04996783179726], [45.059970081876685, 70.33576312459228, 96.56170329566199, 84.98157552980744, 28.11515684670158, 31.105767905775462, 45.49862297835884, 78.79508894940811, 48.38856181710106, 13.132237994522383, 95.22254213684664, 40.633293296585215, 68.45213820525619, 96.64623074261019, 85.91128892684243, 0.0, 85.57663952439172, 112.51132279082934, 55.296198045263345, 5.698717207486051, 59.76818063319255, 45.844749725096584, 78.68931175823386, 77.36478326138688, 55.39806921925313, 25.017363061791265, 18.823838912177827, 39.861124769197346, 73.01937614008283, 46.145831260744444, 83.11354753168686, 20.984035733736924, 62.92798621735364, 77.7653019602092, 94.2413163280735, 90.71112882803602, 96.85671839535695, 87.88126115946305, 95.09594110034878, 100.83232539757762, 25.050356573853833], [93.71846479083007, 29.241678014045146, 40.90644035103251, 22.81769429251926, 61.52765469735422, 95.35629929244122, 89.08932165115195, 90.89533402997368, 83.23420525323661, 72.66129397297041, 12.438998074072638, 98.77166724213716, 22.868061119983242, 42.22962035617343, 63.272997666876904, 85.57663952439172, 0.0, 76.41725203687918, 108.08368570375198, 87.7729023701175, 74.82785056748598, 52.323944191844994, 99.67859784532668, 12.825324122764549, 69.41283660642583, 82.96220927618948, 74.03050288270053, 52.44304232183132, 70.32104033625487, 41.37172165216815, 7.883674759627494, 65.02315044101931, 45.93758130727195, 67.04950815730918, 8.78449432906619, 62.17670449299919, 35.60234360243007, 69.85112069714324, 76.7197208057767, 56.01710683248146, 86.6365134303116], [85.29648494701786, 56.33090674373093, 35.829780085317644, 53.83857422989448, 85.98616283148287, 98.51067831929718, 80.6010272166606, 51.98083137696744, 73.36767838527534, 101.76902663715067, 85.51664101079344, 94.32987091684882, 91.1794714515917, 34.42402139712001, 26.617481195277986, 112.51132279082934, 76.41725203687918, 0.0, 92.779461010847, 117.64557014501615, 57.51359863536807, 68.12434359169755, 61.71874145891165, 67.2640276852845, 59.17332582961672, 126.3136393552012, 93.7499132420511, 104.45414770611802, 42.06445575647068, 93.33255983519976, 68.98744660396181, 95.51128537059962, 52.20358350153987, 35.86096108159339, 75.73646449771196, 21.97426115609329, 41.74965345119436, 25.960956027084883, 21.69681838617934, 20.406649783058356, 129.0801719595708], [14.707457464532197, 81.07227265623763, 96.1035244847377, 95.17216820798068, 53.727773890715035, 24.19670806566142, 19.00304239333851, 42.30128266958506, 25.287116381816922, 56.454347206006815, 120.30754161102372, 14.711901169136215, 101.19882784121565, 95.37541751518296, 70.2452637670513, 55.296198045263345, 108.08368570375198, 92.779461010847, 0.0, 60.351598682101546, 38.718253820199486, 55.9145344223126, 35.466301803071104, 95.84549256312218, 41.38573693765292, 80.20203403278428, 45.81583162697312, 84.07181268510989, 52.7188349059509, 82.92827302928194, 102.06114867926333, 58.381758112235524, 64.96217859925792, 59.54180802306968, 114.91511404566049, 76.04055526747574, 99.71523269387784, 67.7471484995984, 71.14795407293273, 91.467991898926, 80.3366304764236], [50.54548180393481, 74.08604774303745, 100.73574814580266, 88.47381792705015, 32.506202015098076, 36.17123247606986, 51.11820112315024, 84.49029060975062, 54.085236858311795, 16.761191940588507, 96.94184763465877, 45.76910798026015, 69.62520739373667, 100.8767729565543, 91.07662259238863, 5.698717207486051, 87.7729023701175, 117.64557014501615, 60.351598682101546, 0.0, 65.38360466183391, 50.482958210607286, 84.36351347152082, 80.18632144805358, 60.9183767297949, 20.633848757991284, 24.199614514812616, 39.82150213699859, 78.48204896172489, 47.418918730665, 85.76550871779874, 24.4151533710179, 67.53950352599409, 83.1138402929026, 96.50653278455722, 95.78435287627974, 100.77978070940095, 93.20305251130345, 100.49617041727257, 105.5318638266329, 20.132696992128427], [28.298235439840674, 45.91090359765652, 57.47001431949231, 58.47216309643764, 39.25634163402146, 41.04852626870254, 23.340324589118193, 21.396807638488347, 15.921224671170783, 52.147410674115974, 87.26369944453864, 37.104521086430914, 74.05303785610542, 56.70424130242467, 32.52210184141352, 59.76818063319255, 74.82785056748598, 57.51359863536807, 38.718253820199486, 65.38360466183391, 0.0, 28.341909506950373, 26.682980472984404, 62.03474677584552, 6.524909864987765, 79.31115464566487, 41.52259695363489, 68.42923988328666, 15.459930261032815, 61.952948526575, 67.84098415395971, 48.55099649616501, 29.029180326696128, 21.993617460160777, 80.41513828369824, 38.30739877781715, 61.32776729161582, 31.554578654303654, 37.21615221133026, 53.13536488421311, 81.15925486964596], [41.42848489027487, 27.67425422728934, 51.27600272801083, 42.89430889622825, 18.07652082763678, 44.27778657486336, 36.91999073375457, 49.24916749905479, 31.672200207383252, 34.01945771640804, 64.4449397488936, 46.615648276396094, 46.798757608635945, 51.22281692800124, 42.080089991231745, 45.844749725096584, 52.323944191844994, 68.12434359169755, 55.9145344223126, 50.482958210607286, 28.341909506950373, 0.0, 54.96342669093934, 40.46375703759289, 21.82359318568374, 58.333255776799824, 28.15287812223774, 41.204761112816065, 34.01480716318204, 33.69926047434848, 46.76256391169241, 27.405074008050242, 17.08333799854936, 36.296401592776924, 59.55623916710152, 46.15537824748587, 52.360608334234165, 45.568757008416206, 53.57393188022089, 55.04892471616238, 61.000770953409294], [35.57073610985897, 70.43725453733535, 75.21393619584403, 81.04768688343322, 63.72259077695212, 51.86602082544021, 33.54129486883942, 10.423278226828938, 30.587952734133864, 74.09858466563749, 112.01411868027421, 43.68379955318252, 100.58332535283333, 74.10917922687581, 44.92147895705361, 78.68931175823386, 99.67859784532668, 61.71874145891165, 35.466301803071104, 84.36351347152082, 26.682980472984404, 54.96342669093934, 0.0, 86.87024610991537, 33.1608352277641, 101.15926318730043, 62.61500966299019, 94.18424581350052, 30.343078786905068, 88.4185187614034, 92.29524204154706, 72.17475582302217, 53.91619712352902, 35.74883539948516, 104.41150702902459, 50.03693808794364, 80.27850157511804, 40.05793675814453, 40.440617072433604, 66.00520429309445, 102.42481432838274], [81.62927058564246, 16.447265598525934, 33.27639580130259, 14.144926536979211, 51.59310950722821, 84.24652912839748, 76.89268831660416, 78.15536239779941, 70.82818244441296, 64.24956130916551, 25.23940484459773, 87.07818693134725, 24.807880193613926, 34.388167515680806, 51.58790603167925, 77.36478326138688, 12.825324122764549, 67.2640276852845, 95.84549256312218, 80.18632144805358, 62.03474677584552, 40.46375703759289, 86.87024610991537, 0.0, 56.691439705336364, 78.14830140163536, 64.11256461522039, 48.62385834003596, 57.64828612726158, 36.589734834418245, 6.30594314301698, 56.42484913405559, 33.11457992711226, 54.62924432003361, 19.110243328851656, 51.087372983457925, 29.20554385880604, 58.07841705017363, 65.28794498773222, 47.17227574198487, 81.72752220245972], [29.234602925374972, 40.868979579149986, 55.06365059564609, 54.17058992434789, 33.33148967021053, 39.81936481605569, 24.058178851446815, 27.772991376301235, 16.59955339031143, 46.92242179155206, 81.84820987662404, 37.39806904603393, 67.76607222920434, 54.43676781992734, 33.10929960869415, 55.39806921925313, 69.41283660642583, 59.17332582961672, 41.38573693765292, 60.9183767297949, 6.524909864987765, 21.82359318568374, 33.1608352277641, 56.691439705336364, 0.0, 73.89518151228152, 36.785592467667634, 62.01741928352621, 17.772610194578025, 55.4293156675044, 62.63854443070456, 42.818571405058584, 24.12989999709873, 23.336953176522595, 75.34336234457626, 38.69634465196655, 58.405841130718095, 33.43888144324844, 40.032470506632514, 52.493668006623714, 75.89583178926382], [69.22602722774856, 76.31410843901844, 104.11413055644327, 88.98376940166308, 41.189386968773036, 56.05308176567245, 68.96219224331917, 99.82696158528425, 70.57692362408626, 27.259386461814422, 90.05495398134939, 65.50086555611463, 61.81900529941905, 104.53765491675645, 100.41275807277445, 25.017363061791265, 82.96220927618948, 126.3136393552012, 80.20203403278428, 20.633848757991284, 79.31115464566487, 58.333255776799824, 101.15926318730043, 78.14830140163536, 73.89518151228152, 0.0, 38.566106632262816, 30.61113905550925, 90.44901015318175, 41.811796522297534, 82.82087490162407, 31.421396391275174, 74.26872807558505, 93.99636429595867, 91.68689637527876, 104.39085212270668, 102.92560968432528, 103.66730496813312, 111.49686244374465, 111.62943032912075, 3.6955387402534723], [32.58593106652532, 54.53590293553133, 79.41721156882744, 69.65704412546037, 12.538458074362673, 24.40273509545404, 31.229675723527002, 61.44406882210566, 32.05825849927323, 11.577774420399056, 84.93516600712324, 31.79460293610436, 60.731955580903865, 79.37518346931058, 67.13762978388839, 18.823838912177827, 74.03050288270053, 93.7499132420511, 45.81583162697312, 24.199614514812616, 41.52259695363489, 28.15287812223774, 62.61500966299019, 64.11256461522039, 36.785592467667634, 38.566106632262816, 0.0, 38.59986958641778, 54.28837834826877, 39.67939430335669, 70.23997084797738, 12.759868373799208, 45.05787825316295, 58.946702622171394, 82.30825755850644, 72.00985083067677, 80.29826482011545, 69.05822678034988, 76.30241781468038, 82.62423789511021, 40.0140310897629], [70.12030870024999, 49.97550559775738, 77.53377790880195, 60.67380202499287, 31.287309941279037, 62.81764624388992, 67.6432298400716, 89.78969965969348, 65.89112860098501, 30.06567139875241, 59.518232443994606, 70.35824669071802, 31.317236042165497, 78.18745694515661, 80.5232685867586, 39.861124769197346, 52.44304232183132, 104.45414770611802, 84.07181268510989, 39.82150213699859, 68.42923988328666, 41.204761112816065, 94.18424581350052, 48.62385834003596, 62.01741928352621, 30.61113905550925, 38.59986958641778, 0.0, 75.122561137264, 12.184725066742903, 52.80167085296365, 25.8424544903728, 53.085278938382224, 76.71687220778617, 61.13288876599148, 83.33410371243764, 75.3894120131258, 85.15027007304943, 93.34000313537247, 87.37084691600181, 34.30288032611109], [43.55571802885363, 41.27097596735943, 45.574659541180154, 50.81341834083838, 49.3126020803978, 56.455103833179905, 38.70563888969198, 20.73949665697365, 31.360909883913656, 63.92172340436078, 82.48479777810832, 52.47512799424575, 74.30628934709515, 44.58706184401637, 17.533143018270913, 73.01937614008283, 70.32104033625487, 42.06445575647068, 52.7188349059509, 78.48204896172489, 15.459930261032815, 34.01480716318204, 30.343078786905068, 57.64828612726158, 17.772610194578025, 90.44901015318175, 54.28837834826877, 75.122561137264, 0.0, 66.61790216224064, 62.71805522768223, 59.054562044528396, 25.939264352699148, 6.824180990118756, 74.49272285268025, 23.338525945846374, 50.29409216603185, 16.10374578569579, 22.266075824134056, 38.83809180989976, 92.6752605977602], [68.41508387091191, 38.10342083129245, 65.47628446387357, 48.4890771067364, 29.278044404284895, 63.902982006875256, 65.17424913333228, 82.946232913018, 62.13025583186704, 34.21513042366037, 49.64030251559038, 70.23111720539242, 22.30642113471249, 66.16353706292715, 70.23493218822628, 46.145831260744444, 41.37172165216815, 93.33255983519976, 82.92827302928194, 47.418918730665, 61.952948526575, 33.69926047434848, 88.4185187614034, 36.589734834418245, 55.4293156675044, 41.811796522297534, 39.67939430335669, 12.184725066742903, 66.61790216224064, 0.0, 41.03054774840931, 27.721848717903207, 42.94969449951541, 67.42915303739827, 50.14736826648637, 72.62626281510154, 63.22825698863948, 75.26001577046193, 83.45563014733634, 75.7333160061257, 45.45110597604125], [87.88407123904959, 21.9672906922765, 33.81725871221112, 15.176609422440473, 57.70715271062437, 90.54120266571789, 83.12527248697413, 83.35933129622273, 76.9949412817778, 70.0295849085604, 19.76774936130878, 93.3780513950339, 26.09466313938775, 35.08147296142448, 55.38988117540865, 83.11354753168686, 7.883674759627494, 68.98744660396181, 102.06114867926333, 85.76550871779874, 67.84098415395971, 46.76256391169241, 92.29524204154706, 6.30594314301698, 62.63854443070456, 82.82087490162407, 70.23997084797738, 52.80167085296365, 62.71805522768223, 41.03054774840931, 0.0, 62.23726642482322, 38.828105078028145, 59.28727217982502, 12.854533622096877, 54.32182154862665, 28.894336108125636, 61.969638600777834, 68.8427231678779, 48.62938130576322, 86.44249393154305], [44.74174803315411, 49.67128690604832, 76.47633169801937, 64.11467009738423, 9.769039478918282, 37.07900661926265, 42.772100266825944, 69.58665944142659, 42.24379797904806, 7.8532101566364005, 75.16209207190597, 44.52496496285801, 49.52485336741073, 76.66586374807817, 69.30899526774776, 20.984035733736924, 65.02315044101931, 95.51128537059962, 58.381758112235524, 24.4151533710179, 48.55099649616501, 27.405074008050242, 72.17475582302217, 56.42484913405559, 42.818571405058584, 31.421396391275174, 12.759868373799208, 25.8424544903728, 59.054562044528396, 27.721848717903207, 62.23726642482322, 0.0, 44.078237585093305, 62.59588227652247, 73.60304237714308, 73.53749012380257, 76.38671347868829, 72.33127322764734, 80.10853547951938, 82.03766595397805, 33.82369821569205], [51.6648229148545, 16.881960266628194, 34.799572098401036, 30.21125509915338, 35.062325231982484, 58.32314198155784, 46.583193765372236, 45.655826029599964, 39.689103462905514, 50.990281619794345, 58.350727904333986, 58.62979274279238, 48.39050650955807, 34.601213431964865, 27.438368684256172, 62.92798621735364, 45.93758130727195, 52.20358350153987, 64.96217859925792, 67.53950352599409, 29.029180326696128, 17.08333799854936, 53.91619712352902, 33.11457992711226, 24.12989999709873, 74.26872807558505, 45.05787825316295, 53.085278938382224, 25.939264352699148, 42.94969449951541, 38.828105078028145, 44.078237585093305, 0.0, 25.036366249988237, 51.38860803617618, 30.510022679147212, 36.672699838965336, 32.312471516166745, 40.50634696454458, 38.01948274802108, 77.14914366971053], [50.236641461448414, 38.59063108685165, 39.521368467632136, 46.47814640564403, 52.831359974104345, 62.743408082398524, 45.32668575531382, 25.615768786419995, 37.909176900659986, 67.99410234484225, 78.96803496533386, 59.09506470409842, 73.05136531972448, 38.45828822774503, 10.709759959630661, 77.7653019602092, 67.04950815730918, 35.86096108159339, 59.54180802306968, 83.1138402929026, 21.993617460160777, 36.296401592776924, 35.74883539948516, 54.62924432003361, 23.336953176522595, 93.99636429595867, 58.946702622171394, 76.71687220778617, 6.824180990118756, 67.42915303739827, 59.28727217982502, 62.59588227652247, 25.036366249988237, 0.0, 70.57257353871817, 16.51750160882262, 44.5304675738191, 10.167317074751626, 17.525353527809646, 32.06317344636796, 96.40071795647293], [100.7330932351586, 34.51362850735736, 39.91734866647865, 24.3384183750124, 69.77692458311822, 103.1438229309028, 95.97950509523199, 95.22121983052138, 89.83699551858136, 81.28352970599107, 9.814727112745718, 106.16208170126407, 30.993712158708743, 41.33745949382229, 65.58056043514672, 94.2413163280735, 8.78449432906619, 75.73646449771196, 114.91511404566049, 96.50653278455722, 80.41513828369824, 59.55623916710152, 104.41150702902459, 19.110243328851656, 75.34336234457626, 91.68689637527876, 82.30825755850644, 61.13288876599148, 74.49272285268025, 50.14736826648637, 12.854533622096877, 73.60304237714308, 51.38860803617618, 70.57257353871817, 0.0, 63.72782405876556, 34.024367958603484, 72.19916725040908, 78.50804940575112, 55.45186988170861, 95.3654314481582], [66.60540203535297, 37.42500560191165, 26.92241728226078, 39.62584140287357, 64.01680344381698, 78.50400189893907, 61.627101915931306, 39.61372973567355, 54.14198380216047, 79.81997023757157, 73.01070151249975, 75.36831097084989, 73.21932202742268, 25.59554327753376, 5.811932208908855, 90.71112882803602, 62.17670449299919, 21.97426115609329, 76.04055526747574, 95.78435287627974, 38.30739877781715, 46.15537824748587, 50.03693808794364, 51.087372983457925, 38.69634465196655, 104.39085212270668, 72.00985083067677, 83.33410371243764, 23.338525945846374, 72.62626281510154, 54.32182154862665, 73.53749012380257, 30.510022679147212, 16.51750160882262, 63.72782405876556, 0.0, 32.81291992102819, 10.20490029119976, 14.814860107300971, 16.02111547871861, 107.13043015049608], [87.39315807155667, 26.8400177715965, 6.182896467041482, 15.209063884958343, 68.86566775537273, 94.98865530832117, 82.22237273076581, 70.1043902258113, 74.92440510053075, 84.0435997568776, 43.827857809213064, 94.89571017339856, 53.975348387861445, 7.633175284408477, 36.38389471331698, 96.85671839535695, 35.60234360243007, 41.74965345119436, 99.71523269387784, 100.77978070940095, 61.32776729161582, 52.360608334234165, 80.27850157511804, 29.20554385880604, 58.405841130718095, 102.92560968432528, 80.29826482011545, 75.3894120131258, 50.29409216603185, 63.22825698863948, 28.894336108125636, 76.38671347868829, 36.672699838965336, 44.5304675738191, 34.024367958603484, 32.81291992102819, 0.0, 42.614096698965206, 47.34379891956702, 21.63763328414865, 106.29590743112352], [59.47271699752218, 43.05463416564542, 36.87874267098145, 47.873056224180395, 62.591097388290294, 72.55559202305828, 54.707521595203914, 29.648566431294675, 47.42669081522297, 77.93289109358244, 81.1912906963099, 68.46095008850888, 78.62943893968466, 35.596008825522574, 6.619237488275501, 87.88126115946305, 69.85112069714324, 25.960956027084883, 67.7471484995984, 93.20305251130345, 31.554578654303654, 45.568757008416206, 40.05793675814453, 58.07841705017363, 33.43888144324844, 103.66730496813312, 69.05822678034988, 85.15027007304943, 16.10374578569579, 75.26001577046193, 61.969638600777834, 72.33127322764734, 32.312471516166745, 10.167317074751626, 72.19916725040908, 10.20490029119976, 42.614096698965206, 0.0, 8.200327336547836, 25.97927811259518, 106.15491929886134], [64.23812286926254, 50.720745350620405, 41.31020506038381, 54.33009243682175, 70.34725864489313, 78.16643578375529, 59.727206582152526, 30.445003309775874, 52.7327879010717, 85.50573366350193, 87.73299740008243, 73.33668239342408, 86.4440990739905, 39.92562982156297, 13.892712812849053, 95.09594110034878, 76.7197208057767, 21.69681838617934, 71.14795407293273, 100.49617041727257, 37.21615221133026, 53.57393188022089, 40.440617072433604, 65.28794498773222, 40.032470506632514, 111.49686244374465, 76.30241781468038, 93.34000313537247, 22.266075824134056, 83.45563014733634, 68.8427231678779, 80.10853547951938, 40.50634696454458, 17.525353527809646, 78.50804940575112, 14.814860107300971, 47.34379891956702, 8.200327336547836, 0.0, 28.15762235562648, 113.9200350121329], [81.27947870841889, 37.782871133979974, 15.558865340887676, 33.51928090762711, 73.0785152080293, 92.07055546254081, 76.18970901716334, 55.58424742154523, 68.64762992466096, 89.0097233932881, 65.20296108341837, 89.7918983682043, 71.46912027814156, 14.124124414423852, 21.537905259490348, 100.83232539757762, 56.01710683248146, 20.406649783058356, 91.467991898926, 105.5318638266329, 53.13536488421311, 55.04892471616238, 66.00520429309445, 47.17227574198487, 52.493668006623714, 111.62943032912075, 82.62423789511021, 87.37084691600181, 38.83809180989976, 75.7333160061257, 48.62938130576322, 82.03766595397805, 38.01948274802108, 32.06317344636796, 55.45186988170861, 16.02111547871861, 21.63763328414865, 25.97927811259518, 28.15762235562648, 0.0, 114.66753630862152], [69.85538497800168, 79.62744379631529, 107.39124791091541, 92.44340160758964, 43.57449379087217, 56.140655217485836, 69.86114592890884, 101.44078660371348, 71.84401294812717, 29.01326478322347, 93.75035895717852, 65.68307399231857, 65.5142876186869, 107.79202830010723, 103.04996783179726, 25.050356573853833, 86.6365134303116, 129.0801719595708, 80.3366304764236, 20.132696992128427, 81.15925486964596, 61.000770953409294, 102.42481432838274, 81.72752220245972, 75.89583178926382, 3.6955387402534723, 40.0140310897629, 34.30288032611109, 92.6752605977602, 45.45110597604125, 86.44249393154305, 33.82369821569205, 77.14914366971053, 96.40071795647293, 95.3654314481582, 107.13043015049608, 106.29590743112352, 106.15491929886134, 113.9200350121329, 114.66753630862152, 0.0]]",Route_2,2333.386374046886
