instance_id,num_cities,city_coordinates,distance_matrix,best_route,total_distance
2661,29,"[[79.51978594178759, 53.07603408536766], [65.77965253228564, 92.96539477491615], [87.12467021147063, 10.854425446450955], [51.864063444899, 98.62812746075981], [42.877180539433255, 73.44127900402744], [79.78014716857878, 57.675947544498115], [33.72056167443461, 66.93906518353886], [63.570061308758774, 20.28267430755253], [82.36270593474237, 96.93819588377013], [8.230770682978806, 68.1692869426965], [81.01513233770604, 64.22028946484242], [97.3782701707579, 10.406235310370937], [7.383027153756261, 50.10219396182444], [61.27597591084138, 31.731012183864205], [82.35650065472976, 57.827896492801486], [53.700354543273285, 26.89901735020107], [43.62524718855464, 5.924185423522765], [93.79275916407684, 34.92961799948364], [17.46469574869294, 23.284895729852884], [91.13119510537017, 43.96116311658661], [15.103673425612563, 22.693906129795526], [82.96940544878798, 78.26184084541443], [61.49323440371636, 80.28154120383742], [21.192536876282265, 19.07990509661468], [4.595829721789424, 57.57019135097363], [2.935515231705399, 89.12819880902605], [30.616411009199574, 56.36479556985681], [82.94701718901773, 64.74025033734978], [70.83790579396732, 3.430897218543727]]","[[0.0, 42.1894816551686, 42.901031465608355, 53.290075977665445, 41.92163798409653, 4.607275963072509, 47.851359173174544, 36.46639770235976, 43.954196974982715, 72.86926634999104, 11.244131305118174, 46.256212409308795, 72.19803109173415, 28.07929066805135, 5.534179858100509, 36.76791050489242, 59.259722784846595, 23.08701326213974, 68.8356458776304, 14.761629162855199, 71.22155046617054, 25.42095074731657, 32.63581128036879, 67.51151583077825, 75.05862152467363, 84.64578608210188, 49.01383510703011, 12.157296360416424, 50.39855808876675], [42.1894816551686, 0.0, 84.83997326605467, 15.02365338791854, 30.09508797160183, 37.96523325213915, 41.29352417305828, 72.71629905263336, 17.05229629109356, 62.66355213146269, 32.53307431197675, 88.39958963793087, 72.43907674414223, 61.399777804303724, 38.851456590457325, 67.16156390326435, 89.81642278273738, 64.44288579115569, 84.79213994333139, 55.17350298157752, 86.63796497391478, 22.620391320403066, 13.388559361839272, 86.2964452774517, 70.68437309001523, 62.96117586207252, 50.75487579120133, 33.035998362070096, 89.67726678892134], [42.901031465608355, 84.83997326605467, 0.0, 94.59140106184854, 76.64825229915277, 47.39406028507674, 77.44343499015564, 25.37146974746587, 86.21538050996413, 97.5153358766998, 53.714447734854474, 10.26339059585941, 88.87697660800725, 33.22629788062645, 47.21485383927565, 37.075784647734515, 43.77792902833889, 24.981559333745953, 70.7603606097466, 33.34828812524889, 72.9876515643562, 67.53536759370166, 74.00739762994351, 66.44324436392547, 94.83339230786488, 114.9547624616862, 72.55602763961409, 54.0475245404322, 17.89881187514376], [53.290075977665445, 15.02365338791854, 94.59140106184854, 0.0, 26.74212780500001, 49.56196899197375, 36.51552169289702, 79.2151526904423, 30.545426211761814, 53.21282930790518, 45.09638714072867, 99.27056597239218, 65.82802451446538, 67.5559629391575, 50.93572002076948, 71.75261111799784, 93.06932342372116, 76.25952814107684, 82.82462837559807, 67.30813189688064, 84.36428298462523, 37.17967094632895, 20.719994223860805, 85.25644974630859, 62.61022310212445, 49.84226594607074, 47.30382602442325, 45.984108444008804, 97.06966230124013], [41.92163798409653, 30.09508797160183, 76.64825229915277, 26.74212780500001, 0.0, 40.12947323427823, 11.230425352861825, 57.04412825006274, 45.94792507390446, 35.04522244523724, 39.23684512609465, 83.3293795996518, 42.47996957594425, 45.58795925820938, 42.45461612366683, 47.78413141797845, 67.52123761654664, 63.839988878532566, 56.22683670975546, 56.546681197631685, 57.850354804770014, 40.380989520428045, 19.83296872482885, 58.52676946406124, 41.440960941011454, 42.91172427813881, 21.022196744179958, 41.00365482469495, 75.38737105449908], [4.607275963072509, 37.96523325213915, 47.39406028507674, 49.56196899197375, 40.12947323427823, 0.0, 46.98181312260186, 40.75565932426572, 39.34709334163525, 72.3147526249237, 6.659849813497306, 50.43926672640095, 72.79220239676553, 31.867601491219048, 2.5808304416394345, 40.34073642812649, 63.13019622329372, 26.716077607066023, 71.17555711465674, 17.80285373661818, 73.53087431388644, 20.831475496819568, 29.076176556776677, 70.1581254909282, 75.18439182644269, 83.0321718800643, 49.181216664999816, 7.741669049723503, 54.97716949486521], [47.851359173174544, 41.29352417305828, 77.44343499015564, 36.51552169289702, 11.230425352861825, 46.98181312260186, 0.0, 55.38782752548017, 57.148981102117205, 25.519461012427485, 47.372651980143004, 85.13674121359954, 31.2593339206791, 44.70914727175936, 49.48199627547444, 44.748156985262256, 61.81357736988566, 68.06815422988491, 46.58261143052007, 61.83821483791154, 48.00231898315096, 50.5336903639525, 30.81141049806114, 49.47171524789652, 30.594538862417213, 37.94834298794508, 11.020477721737775, 49.27553865009547, 73.55939527183352], [36.46639770235976, 72.71629905263336, 25.37146974746587, 79.2151526904423, 57.04412825006274, 40.75565932426572, 55.38782752548017, 0.0, 78.92548688579927, 73.18172419827829, 47.274142286403524, 35.221286656248175, 63.60964203284694, 11.675926855848761, 41.98302052305857, 11.88221809657918, 24.575634545669427, 33.58488387903772, 46.20300928398305, 36.33575275722614, 48.526330928066045, 61.138517364165864, 60.03480023146258, 42.39458964065961, 69.77333959713347, 91.74014618395428, 48.865760434615865, 48.49682964515006, 18.352219334969224], [43.954196974982715, 17.05229629109356, 86.21538050996413, 30.545426211761814, 45.94792507390446, 39.34709334163525, 57.148981102117205, 78.92548688579927, 0.0, 79.51851322699295, 32.74564635241058, 87.82509533158631, 88.40567462630642, 68.53194137899615, 39.11029988323668, 75.67705674076663, 98.91481592850796, 63.05323027456281, 98.16598366884327, 53.69778769326213, 100.17979843828954, 18.68620672632779, 26.70166637329643, 99.0136507100806, 87.16379303825087, 79.81024168165457, 65.75621530740891, 32.203246995483596, 94.2148391812705], [72.86926634999104, 62.66355213146269, 97.5153358766998, 53.21282930790518, 35.04522244523724, 72.3147526249237, 25.519461012427485, 73.18172419827829, 79.51851322699295, 0.0, 72.8914115830269, 106.22545268814949, 18.086970942388756, 64.35481073755258, 74.84362498090347, 61.40617402725564, 71.60462017381283, 91.79177231263128, 45.82438157429751, 86.36268655265938, 45.99181505646483, 75.4169952393775, 54.62230995563452, 50.77179131053278, 11.205071314088617, 21.61748636902103, 25.30736867764739, 74.79489142977602, 90.05949406299071], [11.244131305118174, 32.53307431197675, 53.714447734854474, 45.09638714072867, 39.23684512609465, 6.659849813497306, 47.372651980143004, 47.274142286403524, 32.74564635241058, 72.8914115830269, 0.0, 56.2468195037181, 74.97337883844224, 38.01562092988249, 6.531612118835091, 46.24904797089712, 69.25633009236843, 31.956395012666466, 75.593415393755, 22.644357493952292, 77.90225239882251, 14.17689488449221, 25.279800362512365, 74.94262624603236, 76.70810659393908, 81.95627221462514, 51.00725336540489, 2.000634496270174, 61.63542933895196], [46.256212409308795, 88.39958963793087, 10.26339059585941, 99.27056597239218, 83.3293795996518, 50.43926672640095, 85.13674121359954, 35.221286656248175, 87.82509533158631, 106.22545268814949, 56.2468195037181, 0.0, 98.36113510399872, 41.92996255106692, 49.74401982845689, 46.68803029658682, 53.93956109307405, 24.784111597870588, 80.94466795973189, 34.13149757852613, 83.18711513054663, 69.36857058570152, 78.55122001412431, 76.6778879806804, 104.08179478211491, 122.94950791915157, 81.05143490298333, 56.21784637973023, 27.441688773617958], [72.19803109173415, 72.43907674414223, 88.87697660800725, 65.82802451446538, 42.47996957594425, 72.79220239676553, 31.2593339206791, 63.60964203284694, 88.40567462630642, 18.086970942388756, 74.97337883844224, 98.36113510399872, 0.0, 56.93812646770757, 75.37047305409672, 51.8042683702597, 57.141884388432594, 87.73168667835141, 28.649738674561018, 83.9730188518544, 28.474947247334327, 80.66143004167557, 61.957304077789175, 33.95710478254967, 7.971163938164969, 39.27861271265302, 24.06263294561307, 76.96875524849126, 78.77011846470259], [28.07929066805135, 61.399777804303724, 33.22629788062645, 67.5559629391575, 45.58795925820938, 31.867601491219048, 44.70914727175936, 11.675926855848761, 68.53194137899615, 64.35481073755258, 38.01562092988249, 41.92996255106692, 56.93812646770757, 0.0, 33.547516958960564, 8.985444517512839, 31.26564459380349, 32.67372449387441, 44.617991355516914, 32.26314778490361, 47.04838788545206, 51.33929198039643, 48.55101512195175, 42.032518308688964, 62.2920713417228, 81.84159324412904, 39.32978774244773, 39.48726166188219, 29.871843099148954], [5.534179858100509, 38.851456590457325, 47.21485383927565, 50.93572002076948, 42.45461612366683, 2.5808304416394345, 49.48199627547444, 41.98302052305857, 39.11029988323668, 74.84362498090347, 6.531612118835091, 49.74401982845689, 75.37047305409672, 33.547516958960564, 0.0, 42.16361316323264, 64.76191178327173, 25.595295791417534, 73.51302772755459, 16.409800645624284, 75.87713785546529, 20.443134155316347, 30.650318749894048, 72.40467735119192, 77.76109795959131, 85.36628052487293, 51.76077222026562, 6.937531653946455, 55.60316139942028], [36.76791050489242, 67.16156390326435, 37.075784647734515, 71.75261111799784, 47.78413141797845, 40.34073642812649, 44.748156985262256, 11.88221809657918, 75.67705674076663, 61.40617402725564, 46.24904797089712, 46.68803029658682, 51.8042683702597, 8.985444517512839, 42.16361316323264, 0.0, 23.269107472387276, 40.88876930241956, 36.41544786713347, 41.13617195776128, 38.82507892682729, 59.11697707351123, 53.94833481677959, 33.43496262753285, 57.89624575505212, 80.30902773265701, 37.431277498560505, 47.82599909987929, 29.059393066340277], [59.259722784846595, 89.81642278273738, 43.77792902833889, 93.06932342372116, 67.52123761654664, 63.13019622329372, 61.81357736988566, 24.575634545669427, 98.91481592850796, 71.60462017381283, 69.25633009236843, 53.93956109307405, 57.141884388432594, 31.26564459380349, 64.76191178327173, 23.269107472387276, 0.0, 57.949067091134225, 31.396953896484398, 60.85742978057672, 33.086306872803725, 82.34500094810019, 76.47405655358867, 26.00575805607883, 64.73488515517215, 92.62052758527803, 52.09112180281544, 70.7497780061311, 27.3266403798167], [23.08701326213974, 64.44288579115569, 24.981559333745953, 76.25952814107684, 63.839988878532566, 26.716077607066023, 68.06815422988491, 33.58488387903772, 63.05323027456281, 91.79177231263128, 31.956395012666466, 24.784111597870588, 87.73168667835141, 32.67372449387441, 25.595295791417534, 40.88876930241956, 57.949067091134225, 0.0, 77.21122212139696, 9.415557893235306, 79.6346963283807, 44.66348085870226, 55.67814865886565, 74.31019899946814, 92.0254735582306, 105.79473019368662, 66.7137002695825, 31.72229372811792, 38.97556547477976], [68.8356458776304, 84.79213994333139, 70.7603606097466, 82.82462837559807, 56.22683670975546, 71.17555711465674, 46.58261143052007, 46.20300928398305, 98.16598366884327, 45.82438157429751, 75.593415393755, 80.94466795973189, 28.649738674561018, 44.617991355516914, 73.51302772755459, 36.41544786713347, 31.396953896484398, 77.21122212139696, 0.0, 76.51314371083596, 2.4338642356260993, 85.51801849395946, 72.02173152170096, 5.6194969257191945, 36.620884869784796, 67.42727672738283, 35.59841833169186, 77.50148932018878, 56.94629757432914], [14.761629162855199, 55.17350298157752, 33.34828812524889, 67.30813189688064, 56.546681197631685, 17.80285373661818, 61.83821483791154, 36.33575275722614, 53.69778769326213, 86.36268655265938, 22.644357493952292, 34.13149757852613, 83.9730188518544, 32.26314778490361, 16.409800645624284, 41.13617195776128, 60.85742978057672, 9.415557893235306, 76.51314371083596, 0.0, 78.94605925889034, 35.25835082721817, 46.87833805665069, 74.23269438422388, 87.59894469429507, 99.08854152534518, 61.77288395600418, 22.332739059385304, 45.32681375127039], [71.22155046617054, 86.63796497391478, 72.9876515643562, 84.36428298462523, 57.850354804770014, 73.53087431388644, 48.00231898315096, 48.526330928066045, 100.17979843828954, 45.99181505646483, 77.90225239882251, 83.18711513054663, 28.474947247334327, 47.04838788545206, 75.87713785546529, 38.82507892682729, 33.086306872803725, 79.6346963283807, 2.4338642356260993, 78.94605925889034, 0.0, 87.71290071363927, 73.94813778021886, 7.0806257907570265, 36.42485484024531, 67.5394648899561, 37.07254810533076, 79.816128409111, 58.96921374755416], [25.42095074731657, 22.620391320403066, 67.53536759370166, 37.17967094632895, 40.380989520428045, 20.831475496819568, 50.5336903639525, 61.138517364165864, 18.68620672632779, 75.4169952393775, 14.17689488449221, 69.36857058570152, 80.66143004167557, 51.33929198039643, 20.443134155316347, 59.11697707351123, 82.34500094810019, 44.66348085870226, 85.51801849395946, 35.25835082721817, 87.71290071363927, 0.0, 21.57093211465343, 85.55047053990823, 81.05900154231095, 80.7681949697613, 56.747833602626585, 13.521609042638362, 75.80793763164128], [32.63581128036879, 13.388559361839272, 74.00739762994351, 20.719994223860805, 19.83296872482885, 29.076176556776677, 30.81141049806114, 60.03480023146258, 26.70166637329643, 54.62230995563452, 25.279800362512365, 78.55122001412431, 61.957304077789175, 48.55101512195175, 30.650318749894048, 53.94833481677959, 76.47405655358867, 55.67814865886565, 72.02173152170096, 46.87833805665069, 73.94813778021886, 21.57093211465343, 0.0, 73.27882697886643, 61.26271355137754, 59.222207198073434, 39.05622798807777, 26.491442346457198, 77.41669305999922], [67.51151583077825, 86.2964452774517, 66.44324436392547, 85.25644974630859, 58.52676946406124, 70.1581254909282, 49.47171524789652, 42.39458964065961, 99.0136507100806, 50.77179131053278, 74.94262624603236, 76.6778879806804, 33.95710478254967, 42.032518308688964, 72.40467735119192, 33.43496262753285, 26.00575805607883, 74.31019899946814, 5.6194969257191945, 74.23269438422388, 7.0806257907570265, 85.55047053990823, 73.27882697886643, 0.0, 41.916021093544735, 72.38841268705094, 38.45741100587414, 76.80158179490284, 52.05337743644476], [75.05862152467363, 70.68437309001523, 94.83339230786488, 62.61022310212445, 41.440960941011454, 75.18439182644269, 30.594538862417213, 69.77333959713347, 87.16379303825087, 11.205071314088617, 76.70810659393908, 104.08179478211491, 7.971163938164969, 62.2920713417228, 77.76109795959131, 57.89624575505212, 64.73488515517215, 92.0254735582306, 36.620884869784796, 87.59894469429507, 36.42485484024531, 81.05900154231095, 61.26271355137754, 41.916021093544735, 0.0, 31.601653104362672, 26.04848612729449, 78.6785760127423, 85.55159736387137], [84.64578608210188, 62.96117586207252, 114.9547624616862, 49.84226594607074, 42.91172427813881, 83.0321718800643, 37.94834298794508, 91.74014618395428, 79.81024168165457, 21.61748636902103, 81.95627221462514, 122.94950791915157, 39.27861271265302, 81.84159324412904, 85.36628052487293, 80.30902773265701, 92.62052758527803, 105.79473019368662, 67.42727672738283, 99.08854152534518, 67.5394648899561, 80.7681949697613, 59.222207198073434, 72.38841268705094, 31.601653104362672, 0.0, 42.89140453350648, 83.64575587632724, 109.33783491527551], [49.01383510703011, 50.75487579120133, 72.55602763961409, 47.30382602442325, 21.022196744179958, 49.181216664999816, 11.020477721737775, 48.865760434615865, 65.75621530740891, 25.30736867764739, 51.00725336540489, 81.05143490298333, 24.06263294561307, 39.32978774244773, 51.76077222026562, 37.431277498560505, 52.09112180281544, 66.7137002695825, 35.59841833169186, 61.77288395600418, 37.07254810533076, 56.747833602626585, 39.05622798807777, 38.45741100587414, 26.04848612729449, 42.89140453350648, 0.0, 52.99660919067882, 66.48132247021147], [12.157296360416424, 33.035998362070096, 54.0475245404322, 45.984108444008804, 41.00365482469495, 7.741669049723503, 49.27553865009547, 48.49682964515006, 32.203246995483596, 74.79489142977602, 2.000634496270174, 56.21784637973023, 76.96875524849126, 39.48726166188219, 6.937531653946455, 47.82599909987929, 70.7497780061311, 31.72229372811792, 77.50148932018878, 22.332739059385304, 79.816128409111, 13.521609042638362, 26.491442346457198, 76.80158179490284, 78.6785760127423, 83.64575587632724, 52.99660919067882, 0.0, 62.49373855534803], [50.39855808876675, 89.67726678892134, 17.89881187514376, 97.06966230124013, 75.38737105449908, 54.97716949486521, 73.55939527183352, 18.352219334969224, 94.2148391812705, 90.05949406299071, 61.63542933895196, 27.441688773617958, 78.77011846470259, 29.871843099148954, 55.60316139942028, 29.059393066340277, 27.3266403798167, 38.97556547477976, 56.94629757432914, 45.32681375127039, 58.96921374755416, 75.80793763164128, 77.41669305999922, 52.05337743644476, 85.55159736387137, 109.33783491527551, 66.48132247021147, 62.49373855534803, 0.0]]",Route_1,1660.9899389298564
