instance_id,num_cities,city_coordinates,distance_matrix,best_route,total_distance
825,36,"[[42.55865605094073, 55.18501605269147], [40.369798398805735, 34.732473475105465], [15.69925055591993, 38.90308594554027], [1.6473139635892031, 99.63832887486812], [58.733195508726524, 32.45324247315013], [88.02703812157176, 69.32550725315875], [64.57360741754835, 47.47140607382444], [71.13420000689167, 22.678599954342936], [50.04629200979479, 49.46477875029138], [67.84600478390112, 1.9021093212061913], [29.25407373854797, 81.98005582611813], [72.72021578052859, 16.08479714030303], [46.32448163858599, 37.691164438848624], [51.87985579555344, 26.52240331545577], [79.90666373954048, 28.339280374701048], [24.838064512707682, 55.4541289434026], [73.77132462021329, 90.33694770286976], [3.1479881436061063, 82.00597172323441], [40.1810707566544, 41.34739314567183], [7.34238578517552, 20.584120425692532], [89.3140619501995, 49.60613770536931], [0.9933855129804603, 17.215997317924227], [99.82996417737404, 75.0714784932549], [59.55141992665618, 84.45476888106035], [14.878031446968487, 87.7171520358009], [57.97833722854146, 72.30653638827012], [62.673453481205634, 33.47253340910069], [91.4400196714249, 49.182432256238705], [48.19679663391021, 27.188784934637845], [82.23085532691219, 72.34759817180922], [60.471098732836936, 50.86294811014016], [6.972989237638549, 27.812751073765707], [44.68991603303639, 33.245994222187925], [13.94645377017445, 47.3485892000744], [82.33345489548935, 95.52182221877884], [36.85028432417581, 2.9821369577873624]]","[[0.0, 20.569336297247865, 31.409057794848138, 60.413863742146106, 27.89891138992709, 47.61645996408567, 23.327191485049706, 43.28081330032347, 9.422622089848122, 58.97896367094384, 29.91631773742803, 49.38164440678535, 17.89458819430377, 30.140174744080603, 45.99529543768834, 17.722634855259074, 47.00945626099138, 47.67142129183317, 14.040395989731962, 49.370109070386846, 47.08706684875011, 56.2966970485386, 60.62568863866872, 33.844829069883446, 42.714831734299935, 23.041549996050335, 29.59792185625238, 49.248540299499545, 28.55831903401882, 43.225427937590744, 18.42649923702944, 44.8952177032686, 22.042299063178362, 29.665935096873405, 56.6488530758109, 52.51405615231132], [20.569336297247865, 0.0, 25.020590305719484, 75.57910336865929, 18.50430348262051, 58.88879761009494, 27.351504067792526, 33.04155373402015, 17.62598500296601, 42.810918324581536, 48.53754601067494, 37.34013038888894, 6.649218352938587, 14.138128352182864, 40.05042620235709, 25.89636582332307, 64.86539530493498, 60.16848672926663, 6.61761137956573, 35.930291927033, 51.15434314134943, 43.096738028766, 71.85225563800422, 53.293913957174674, 58.79801309999343, 41.49543159819845, 22.339213929871995, 53.07512420720966, 10.870562918630805, 56.278287936705595, 25.773134987238564, 34.10614930271407, 4.568701888167466, 29.280702132107866, 73.8667272000838, 31.944809410676747], [31.409057794848138, 25.020590305719484, 0.0, 62.33960743924646, 43.51460558271811, 78.4654865043243, 49.619742728661585, 57.760432532230496, 35.934226185297625, 63.94025529873955, 45.159257806174395, 61.41713750367437, 30.649201174012305, 38.24026017031097, 65.07062237193266, 18.906478912104873, 77.5745313965921, 44.89312809893859, 24.603539542710216, 20.13508595744948, 74.38881484194336, 26.20290594196037, 91.57581336761746, 63.22949135314857, 48.82097345495314, 53.8823873946854, 47.28706632174331, 76.43512979503274, 34.54439678537072, 74.46468848693704, 46.3417381220551, 14.111809386575231, 29.53745709387478, 8.625475163402088, 87.44025666216925, 41.68549874532686], [60.413863742146106, 75.57910336865929, 62.33960743924646, 0.0, 88.16254140275088, 91.54410904191884, 81.73803424589946, 103.68812471790405, 69.71259719749727, 118.04505613944558, 32.77114267669792, 109.69298080551592, 76.37735589245688, 88.70877537938152, 105.86822065371582, 49.900445234638504, 72.72130777773204, 17.696102444248506, 69.87620196298873, 79.25907971064723, 100.93898580711576, 82.42492560931618, 101.20950024911195, 59.86172384310068, 17.809164560790357, 62.61158888422373, 90.01167809812989, 102.99770629447924, 86.11498565303181, 85.07932252293308, 76.41515179153265, 72.02274948644238, 79.12400200661149, 53.71671727907083, 80.79108221537871, 102.8672375351836], [27.89891138992709, 18.50430348262051, 43.51460558271811, 88.16254140275088, 0.0, 47.092389247448594, 16.11383409376324, 15.790140877585156, 19.10116904559104, 31.881264557001437, 57.63613329536208, 21.530507163051357, 13.468927441699462, 9.063284081313796, 21.569433026131293, 40.96243014830444, 59.805256109265336, 74.46602080113853, 20.573945878269573, 52.74363831041302, 35.06296061599328, 59.71649100763802, 59.205223050586376, 52.007963235938014, 70.55051463336434, 39.860442131367584, 4.069961535665437, 36.73693152140317, 11.778379108520378, 46.30010403381736, 18.491553997893092, 51.967808436120684, 14.065637339557076, 47.1987668236264, 67.33957227554401, 36.707054665398864], [47.61645996408567, 58.88879761009494, 78.4654865043243, 91.54410904191884, 47.092389247448594, 0.0, 32.05721681844838, 49.61151015755421, 42.860070133772176, 70.37889381957206, 60.11987143992884, 55.397400873158254, 52.34343189465048, 56.02432058322721, 41.782906479046645, 64.69359722533672, 25.391061364278702, 85.82101901247061, 55.42572924280109, 94.26418149281214, 19.761324998535418, 101.44090748846472, 13.12727119285453, 32.24523823742202, 75.42565727451131, 30.196207709962238, 43.91172949883573, 20.43017164370342, 57.982337868643874, 6.536724601028969, 33.16920086021197, 91.06628226785571, 56.390047095818375, 77.27171477944874, 26.807905694594982, 83.78844139490869], [23.327191485049706, 27.351504067792526, 49.619742728661585, 81.73803424589946, 16.11383409376324, 32.05721681844838, 0.0, 25.646142212846478, 14.66343846386784, 45.686643464490764, 49.37931112347074, 32.42663177336779, 20.70467865326344, 24.494735083503894, 24.518173870426008, 40.529461313406564, 43.841221024187, 70.46802769895515, 25.149540335704653, 63.232419367425905, 24.832381473006116, 70.41189087377711, 44.774710379118176, 37.32280123095417, 63.94818479897313, 25.695939107211114, 14.127243923177248, 26.920841702891753, 26.06884446458771, 30.50579186037587, 5.322887833895161, 60.86291096488147, 24.44838492463655, 50.62730261844178, 51.227479677835234, 52.42020325999026], [43.28081330032347, 33.04155373402015, 57.760432532230496, 103.68812471790405, 15.790140877585156, 49.61151015755421, 25.646142212846478, 0.0, 34.09104337186735, 21.035084759832007, 72.59895071393603, 6.7818641673706255, 28.998262325803005, 19.634270938529816, 10.440278864190565, 56.72360586394815, 67.70972194808346, 90.23226720261336, 36.14719974773292, 63.826189030788, 32.48999337658724, 70.35320806781075, 59.73659349947167, 62.85265182670836, 85.99284713215984, 51.34207631302709, 13.714708571371363, 33.388312909393285, 23.376617421075686, 50.893468571301064, 30.13402080287226, 64.36629921856309, 28.477534593113614, 62.281993296776164, 73.69910677834426, 39.53906333127093], [9.422622089848122, 17.62598500296601, 35.934226185297625, 69.71259719749727, 19.10116904559104, 42.860070133772176, 14.66343846386784, 34.09104337186735, 0.0, 50.78422292465563, 38.59481291516976, 40.35257106361635, 12.347868900901362, 23.015528383015543, 36.577704704582885, 25.909979723662847, 47.258981868566885, 57.08222267595828, 12.775544584380642, 51.553040958834785, 39.268024376669786, 58.70410155736819, 55.98318574550124, 36.258059325716914, 51.96201124849582, 24.17981044889314, 20.37638628113233, 41.39469059273068, 22.35264041719575, 39.49011953123633, 10.518149683837203, 48.20912480233256, 17.0803903694688, 36.161811060000886, 56.24688560503164, 48.31946405796692], [58.97896367094384, 42.810918324581536, 63.94025529873955, 118.04505613944558, 31.881264557001437, 70.37889381957206, 45.686643464490764, 21.035084759832007, 50.78422292465563, 0.0, 88.89215183722818, 14.996885230393744, 41.76161424930773, 29.34410996914709, 29.058277783722666, 68.68407189433844, 88.63312052925559, 102.96825787062224, 48.17965328564086, 63.32223504308025, 52.31206173123457, 68.58416631379794, 79.85443158346865, 82.96831767825122, 100.84556388622019, 71.09257495424274, 31.9913576465352, 52.840386782778715, 32.023543596869295, 71.89917123684529, 49.51315960608861, 66.15803335744651, 38.969777609372045, 70.50208601780302, 94.73403218358061, 31.014531215435344], [29.91631773742803, 48.53754601067494, 45.159257806174395, 32.77114267669792, 57.63613329536208, 60.11987143992884, 49.37931112347074, 72.59895071393603, 38.59481291516976, 88.89215183722818, 0.0, 78.93979111502718, 47.4647735292926, 59.895552720418955, 73.77680980388075, 26.8910009941965, 45.29484813862222, 26.106098458485793, 42.0762705136356, 65.18882536646292, 68.22955927215615, 70.66151550480285, 70.91321986764761, 30.39824650775726, 15.478529157786218, 30.309409287496788, 58.90530259171416, 70.3048788022439, 57.97335695467407, 53.845367748055175, 44.07694456404434, 58.57084283729309, 51.12019158567368, 37.86372551356943, 54.77955951846691, 79.36229331860676], [49.38164440678535, 37.34013038888894, 61.41713750367437, 109.69298080551592, 21.530507163051357, 55.397400873158254, 32.42663177336779, 6.7818641673706255, 40.35257106361635, 14.996885230393744, 78.93979111502718, 0.0, 34.11114024379388, 23.308029238246206, 14.206244880675829, 61.989069170758086, 74.25958990567442, 95.84308069316782, 41.19459571127252, 65.5324695469943, 37.40368971080073, 71.73574976308191, 64.91815643697026, 69.62664877812891, 92.07015019186241, 58.122344647372415, 20.081603652406812, 38.02478807279845, 26.920190036057797, 57.060976546954485, 36.872220618357574, 66.7850484880226, 32.866462986113305, 66.57161403185573, 80.01659402648808, 38.188109229731815], [17.89458819430377, 6.649218352938587, 30.649201174012305, 76.37735589245688, 13.468927441699462, 52.34343189465048, 20.70467865326344, 28.998262325803005, 12.347868900901362, 41.76161424930773, 47.4647735292926, 34.11114024379388, 0.0, 12.474109469429607, 34.86001563698624, 27.87811021029369, 59.37093299873594, 61.870928029037124, 7.149091244405376, 42.57058552560138, 44.61020738923515, 49.74073526375211, 65.2696295417294, 48.59821598478756, 59.08873551451497, 36.524462012579086, 16.88448187170462, 46.55599862577882, 10.667967880162678, 49.903267132852264, 19.329321257991843, 40.572441444819084, 4.7361738749683875, 33.7876092919634, 68.12511382945195, 35.97884105183827], [30.140174744080603, 14.138128352182864, 38.24026017031097, 88.70877537938152, 9.063284081313796, 56.02432058322721, 24.494735083503894, 19.634270938529816, 23.015528383015543, 29.34410996914709, 59.895552720418955, 23.308029238246206, 12.474109469429607, 0.0, 28.085637001455865, 39.60180833744576, 67.46504637717435, 73.84592939429744, 18.884964782926595, 44.93160845779023, 43.97929721826644, 51.73047506460842, 68.23654148949765, 58.43810294871377, 71.51176320067711, 46.18850849527047, 12.83768122825556, 45.59038799443284, 3.742858433142756, 54.96482198802523, 25.812236945089843, 44.92540107097265, 9.843876699233645, 43.27439205488293, 75.42109457662275, 27.929055816536714], [45.99529543768834, 40.05042620235709, 65.07062237193266, 105.86822065371582, 21.569433026131293, 41.782906479046645, 24.518173870426008, 10.440278864190565, 36.577704704582885, 29.058277783722666, 73.77680980388075, 14.206244880675829, 34.86001563698624, 28.085637001455865, 0.0, 61.38212796660886, 62.3005067414658, 93.65899871096549, 41.801121225443474, 72.9775098292141, 23.254641726264225, 79.69336802032932, 50.80193147241498, 59.69324920784013, 88.05938144709273, 49.13217993266437, 17.981485548284112, 23.821319850259776, 31.730731343830364, 44.06964830658486, 29.749904123984333, 72.93557506083107, 35.556928436026084, 68.64476033333695, 67.22635825288958, 49.96835529238247], [17.722634855259074, 25.89636582332307, 18.906478912104873, 49.900445234638504, 40.96243014830444, 64.69359722533672, 40.529461313406564, 56.72360586394815, 25.909979723662847, 68.68407189433844, 26.8910009941965, 61.989069170758086, 27.87811021029369, 39.60180833744576, 61.38212796660886, 0.0, 60.09388479167106, 34.2849787502102, 20.842452721999077, 39.01302690335876, 64.74066146618806, 45.063548759584414, 77.51532376682998, 45.23333019896697, 33.76543969403099, 37.17904399480523, 43.757367386889015, 66.89659640295284, 36.66824291187011, 59.827433005387746, 35.92759481480243, 32.91210544945338, 29.78753525521704, 13.576706489334528, 70.0795259664197, 53.82939130008343], [47.00945626099138, 64.86539530493498, 77.5745313965921, 72.72130777773204, 59.805256109265336, 25.391061364278702, 43.841221024187, 67.70972194808346, 47.258981868566885, 88.63312052925559, 45.29484813862222, 74.25958990567442, 59.37093299873594, 67.46504637717435, 62.3005067414658, 60.09388479167106, 0.0, 71.11301439161004, 59.399340150636405, 96.32372930856087, 43.59559113902952, 103.16637924194954, 30.200782204435075, 15.388493012169542, 58.95153356891537, 23.969025489726285, 57.937244987930065, 44.78701738740485, 68.13036725811267, 19.87914375239159, 41.65444337045032, 91.49476910729817, 64.07109562624713, 73.6682709108113, 10.009645278256482, 94.83683976625744], [47.67142129183317, 60.16848672926663, 44.89312809893859, 17.696102444248506, 74.46602080113853, 85.82101901247061, 70.46802769895515, 90.23226720261336, 57.08222267595828, 102.96825787062224, 26.106098458485793, 95.84308069316782, 61.870928029037124, 73.84592939429744, 93.65899871096549, 34.2849787502102, 71.11301439161004, 0.0, 54.996083676682744, 61.564898996042785, 92.05618675368055, 64.82579036106422, 96.93034450650998, 56.456564936465625, 13.046512808463556, 55.68165071720688, 76.80348727922181, 94.19589998747702, 70.9529359069234, 79.67047170433536, 65.2366992373996, 54.328038780461696, 64.05674967302966, 36.30070279271209, 80.33066885898259, 85.91048381239348], [14.040395989731962, 6.61761137956573, 24.603539542710216, 69.87620196298873, 20.573945878269573, 55.42572924280109, 25.149540335704653, 36.14719974773292, 12.775544584380642, 48.17965328564086, 42.0762705136356, 41.19459571127252, 7.149091244405376, 18.884964782926595, 41.801121225443474, 20.842452721999077, 59.399340150636405, 54.996083676682744, 0.0, 38.8521907323161, 49.82226094154413, 46.02172247268343, 68.52229140102831, 47.25945693466812, 52.82422112853359, 35.710100030482614, 23.831086767043587, 51.854292799257856, 16.270158198765845, 52.24171794713153, 22.410511407732038, 35.860329253761925, 9.271588334464509, 26.91225524757595, 68.6417675616312, 38.50957050683364], [49.370109070386846, 35.930291927033, 20.13508595744948, 79.25907971064723, 52.74363831041302, 94.26418149281214, 63.232419367425905, 63.826189030788, 51.553040958834785, 63.32223504308025, 65.18882536646292, 65.5324695469943, 42.57058552560138, 44.93160845779023, 72.9775098292141, 39.01302690335876, 96.32372930856087, 61.564898996042785, 38.8521907323161, 0.0, 86.95765164886537, 7.187075742290168, 107.34441925892477, 82.49389662329858, 67.55464372420232, 72.3823727960117, 56.812307131585065, 88.82722254367069, 41.38483392588319, 91.03702817357528, 61.15118596903479, 7.238062921500132, 39.43553047257332, 27.567199762133075, 106.01565731691426, 34.359073011249045], [47.08706684875011, 51.15434314134943, 74.38881484194336, 100.93898580711576, 35.06296061599328, 19.761324998535418, 24.832381473006116, 32.48999337658724, 39.268024376669786, 52.31206173123457, 68.22955927215615, 37.40368971080073, 44.61020738923515, 43.97929721826644, 23.254641726264225, 64.74066146618806, 43.59559113902952, 92.05618675368055, 49.82226094154413, 86.95765164886537, 0.0, 94.07264788792935, 27.551184749383168, 45.82839681944953, 83.62518789439159, 38.694130616854224, 31.145067140508868, 2.1677690236879217, 46.831263193912974, 23.81902265448418, 28.87033251543304, 85.17631100446772, 47.528609211995125, 75.40141171113137, 46.443287557915454, 70.18721684540131], [56.2966970485386, 43.096738028766, 26.20290594196037, 82.42492560931618, 59.71649100763802, 101.44090748846472, 70.41189087377711, 70.35320806781075, 58.70410155736819, 68.58416631379794, 70.66151550480285, 71.73574976308191, 49.74073526375211, 51.73047506460842, 79.69336802032932, 45.063548759584414, 103.16637924194954, 64.82579036106422, 46.02172247268343, 7.187075742290168, 94.07264788792935, 0.0, 114.52478327467772, 89.16330969469915, 71.85538399637282, 79.26065995868396, 63.78640725302375, 95.92938336743846, 48.245398892532656, 98.17851045153192, 68.335317863293, 12.167450466958368, 46.54403914832578, 32.79870532218839, 112.90708171126673, 38.578750279242826], [60.62568863866872, 71.85225563800422, 91.57581336761746, 101.20950024911195, 59.205223050586376, 13.12727119285453, 44.774710379118176, 59.73659349947167, 55.98318574550124, 79.85443158346865, 70.91321986764761, 64.91815643697026, 65.2696295417294, 68.23654148949765, 50.80193147241498, 77.51532376682998, 30.200782204435075, 96.93034450650998, 68.52229140102831, 107.34441925892477, 27.551184749383168, 114.52478327467772, 0.0, 41.35707032006642, 85.88797316257961, 41.942860931369076, 55.77704294088164, 27.214589540819247, 70.41829544230556, 17.808653973166066, 46.207934734105635, 104.19119498435674, 69.20835241406303, 90.24708278180245, 26.91364701305182, 95.72519646064264], [33.844829069883446, 53.293913957174674, 63.22949135314857, 59.86172384310068, 52.007963235938014, 32.24523823742202, 37.32280123095417, 62.85265182670836, 36.258059325716914, 82.96831767825122, 30.39824650775726, 69.62664877812891, 48.59821598478756, 58.43810294871377, 59.69324920784013, 45.23333019896697, 15.388493012169542, 56.456564936465625, 47.25945693466812, 82.49389662329858, 45.82839681944953, 89.16330969469915, 41.35707032006642, 0.0, 44.79235182601409, 12.249658847249263, 51.07773905757844, 47.55018953334253, 58.38082208629893, 25.708760620794887, 33.6044079223569, 77.28395405905235, 53.321692584193634, 58.79354988986001, 25.32786581812695, 84.57618642471013], [42.714831734299935, 58.79801309999343, 48.82097345495314, 17.809164560790357, 70.55051463336434, 75.42565727451131, 63.94818479897313, 85.99284713215984, 51.96201124849582, 100.84556388622019, 15.478529157786218, 92.07015019186241, 59.08873551451497, 71.51176320067711, 88.05938144709273, 33.76543969403099, 58.95153356891537, 13.046512808463556, 52.82422112853359, 67.55464372420232, 83.62518789439159, 71.85538399637282, 85.88797316257961, 44.79235182601409, 0.0, 45.77251831722844, 72.29717157252414, 85.71267508000894, 69.09286024992538, 69.08419551953149, 58.625592803211084, 60.42372834368606, 62.09553523505987, 40.3793103258327, 67.90542709742957, 87.53743585901478], [23.041549996050335, 41.49543159819845, 53.8823873946854, 62.61158888422373, 39.860442131367584, 30.196207709962238, 25.695939107211114, 51.34207631302709, 24.17981044889314, 71.09257495424274, 30.309409287496788, 58.122344647372415, 36.524462012579086, 46.18850849527047, 49.13217993266437, 37.17904399480523, 23.969025489726285, 55.68165071720688, 35.710100030482614, 72.3823727960117, 38.694130616854224, 79.26065995868396, 41.942860931369076, 12.249658847249263, 45.77251831722844, 0.0, 39.116798233139825, 40.67441928064132, 46.165896857270695, 24.25255285906758, 21.5879906003141, 67.68487611930979, 41.25903649114256, 50.613297548569, 33.64700956642501, 72.47252566267296], [29.59792185625238, 22.339213929871995, 47.28706632174331, 90.01167809812989, 4.069961535665437, 43.91172949883573, 14.127243923177248, 13.714708571371363, 20.37638628113233, 31.9913576465352, 58.90530259171416, 20.081603652406812, 16.88448187170462, 12.83768122825556, 17.981485548284112, 43.757367386889015, 57.937244987930065, 76.80348727922181, 23.831086767043587, 56.812307131585065, 31.145067140508868, 63.78640725302375, 55.77704294088164, 51.07773905757844, 72.29717157252414, 39.116798233139825, 0.0, 32.7767639062122, 15.781606013478465, 43.51738304699892, 17.52931515809422, 55.98727402751687, 17.984964252200022, 50.6642420761729, 65.08939927051476, 39.95623031607007], [49.248540299499545, 53.07512420720966, 76.43512979503274, 102.99770629447924, 36.73693152140317, 20.43017164370342, 26.920841702891753, 33.388312909393285, 41.39469059273068, 52.840386782778715, 70.3048788022439, 38.02478807279845, 46.55599862577882, 45.59038799443284, 23.821319850259776, 66.89659640295284, 44.78701738740485, 94.19589998747702, 51.854292799257856, 88.82722254367069, 2.1677690236879217, 95.92938336743846, 27.214589540819247, 47.55018953334253, 85.71267508000894, 40.67441928064132, 32.7767639062122, 0.0, 48.514913801626015, 24.928570352512285, 31.014483675143243, 87.12831057780663, 49.39172245845661, 77.51526131315104, 47.225719519332635, 71.51577791611305], [28.55831903401882, 10.870562918630805, 34.54439678537072, 86.11498565303181, 11.778379108520378, 57.982337868643874, 26.06884446458771, 23.376617421075686, 22.35264041719575, 32.023543596869295, 57.97335695467407, 26.920190036057797, 10.667967880162678, 3.742858433142756, 31.730731343830364, 36.66824291187011, 68.13036725811267, 70.9529359069234, 16.270158198765845, 41.38483392588319, 46.831263193912974, 48.245398892532656, 70.41829544230556, 58.38082208629893, 69.09286024992538, 46.165896857270695, 15.781606013478465, 48.514913801626015, 0.0, 56.54763977486973, 26.666917596078232, 41.22852932118341, 6.999142511905875, 39.742970375956666, 76.3853089392433, 26.733969923490857], [43.225427937590744, 56.278287936705595, 74.46468848693704, 85.07932252293308, 46.30010403381736, 6.536724601028969, 30.50579186037587, 50.893468571301064, 39.49011953123633, 71.89917123684529, 53.845367748055175, 57.060976546954485, 49.903267132852264, 54.96482198802523, 44.06964830658486, 59.827433005387746, 19.87914375239159, 79.67047170433536, 52.24171794713153, 91.03702817357528, 23.81902265448418, 98.17851045153192, 17.808653973166066, 25.708760620794887, 69.08419551953149, 24.25255285906758, 43.51738304699892, 24.928570352512285, 56.54763977486973, 0.0, 30.579031955014177, 87.44769301906803, 54.20569669785186, 72.71664146212122, 23.17445116611431, 82.89127477586752], [18.42649923702944, 25.773134987238564, 46.3417381220551, 76.41515179153265, 18.491553997893092, 33.16920086021197, 5.322887833895161, 30.13402080287226, 10.518149683837203, 49.51315960608861, 44.07694456404434, 36.872220618357574, 19.329321257991843, 25.812236945089843, 29.749904123984333, 35.92759481480243, 41.65444337045032, 65.2366992373996, 22.410511407732038, 61.15118596903479, 28.87033251543304, 68.335317863293, 46.207934734105635, 33.6044079223569, 58.625592803211084, 21.5879906003141, 17.52931515809422, 31.014483675143243, 26.666917596078232, 30.579031955014177, 0.0, 58.252547609318526, 23.65169743791594, 46.65718923649982, 49.72300929784826, 53.390213990353004], [44.8952177032686, 34.10614930271407, 14.111809386575231, 72.02274948644238, 51.967808436120684, 91.06628226785571, 60.86291096488147, 64.36629921856309, 48.20912480233256, 66.15803335744651, 58.57084283729309, 66.7850484880226, 40.572441444819084, 44.92540107097265, 72.93557506083107, 32.91210544945338, 91.49476910729817, 54.328038780461696, 35.860329253761925, 7.238062921500132, 85.17631100446772, 12.167450466958368, 104.19119498435674, 77.28395405905235, 60.42372834368606, 67.68487611930979, 55.98727402751687, 87.12831057780663, 41.22852932118341, 87.44769301906803, 58.252547609318526, 0.0, 38.10625536574378, 20.743147757364902, 101.3100098681693, 38.84857988478661], [22.042299063178362, 4.568701888167466, 29.53745709387478, 79.12400200661149, 14.065637339557076, 56.390047095818375, 24.44838492463655, 28.477534593113614, 17.0803903694688, 38.969777609372045, 51.12019158567368, 32.866462986113305, 4.7361738749683875, 9.843876699233645, 35.556928436026084, 29.78753525521704, 64.07109562624713, 64.05674967302966, 9.271588334464509, 39.43553047257332, 47.528609211995125, 46.54403914832578, 69.20835241406303, 53.321692584193634, 62.09553523505987, 41.25903649114256, 17.984964252200022, 49.39172245845661, 6.999142511905875, 54.20569669785186, 23.65169743791594, 38.10625536574378, 0.0, 33.823714417821186, 72.76891349161387, 31.262771499830002], [29.665935096873405, 29.280702132107866, 8.625475163402088, 53.71671727907083, 47.1987668236264, 77.27171477944874, 50.62730261844178, 62.281993296776164, 36.161811060000886, 70.50208601780302, 37.86372551356943, 66.57161403185573, 33.7876092919634, 43.27439205488293, 68.64476033333695, 13.576706489334528, 73.6682709108113, 36.30070279271209, 26.91225524757595, 27.567199762133075, 75.40141171113137, 32.79870532218839, 90.24708278180245, 58.79354988986001, 40.3793103258327, 50.613297548569, 50.6642420761729, 77.51526131315104, 39.742970375956666, 72.71664146212122, 46.65718923649982, 20.743147757364902, 33.823714417821186, 0.0, 83.65071609011018, 49.929625860940945], [56.6488530758109, 73.8667272000838, 87.44025666216925, 80.79108221537871, 67.33957227554401, 26.807905694594982, 51.227479677835234, 73.69910677834426, 56.24688560503164, 94.73403218358061, 54.77955951846691, 80.01659402648808, 68.12511382945195, 75.42109457662275, 67.22635825288958, 70.0795259664197, 10.009645278256482, 80.33066885898259, 68.6417675616312, 106.01565731691426, 46.443287557915454, 112.90708171126673, 26.91364701305182, 25.32786581812695, 67.90542709742957, 33.64700956642501, 65.08939927051476, 47.225719519332635, 76.3853089392433, 23.17445116611431, 49.72300929784826, 101.3100098681693, 72.76891349161387, 83.65071609011018, 0.0, 103.11310369406289], [52.51405615231132, 31.944809410676747, 41.68549874532686, 102.8672375351836, 36.707054665398864, 83.78844139490869, 52.42020325999026, 39.53906333127093, 48.31946405796692, 31.014531215435344, 79.36229331860676, 38.188109229731815, 35.97884105183827, 27.929055816536714, 49.96835529238247, 53.82939130008343, 94.83683976625744, 85.91048381239348, 38.50957050683364, 34.359073011249045, 70.18721684540131, 38.578750279242826, 95.72519646064264, 84.57618642471013, 87.53743585901478, 72.47252566267296, 39.95623031607007, 71.51577791611305, 26.733969923490857, 82.89127477586752, 53.390213990353004, 38.84857988478661, 31.262771499830002, 49.929625860940945, 103.11310369406289, 0.0]]",Route_0,1482.1537365951015
