instance_id,num_cities,city_coordinates,distance_matrix,best_route,total_distance
338,26,"[[63.821652769296236, 37.019038202199674], [57.924563365280754, 48.7124394923185], [62.27561644288016, 9.690153920246203], [57.82946397489512, 49.77715534593011], [85.78113423837127, 74.87774169872488], [25.158584000634974, 37.12450449943907], [19.305767961094354, 84.93272411499633], [74.93339171325655, 38.149703620247486], [62.07064827280286, 25.31621354165805], [29.611586764234985, 54.58107308569408], [47.65567156023865, 37.86804720846809], [26.007034320673284, 24.895604173528408], [38.85961015041393, 46.24637901786303], [58.16532990073845, 82.73726224429323], [57.04977749106202, 82.98081662037525], [44.50876576023356, 75.42950621449106], [4.877659513127841, 86.64598736696183], [36.21554655848351, 26.568003338941892], [33.619446856055546, 34.47314202391134], [38.27738691861919, 3.8332256386950703], [59.8662608426369, 45.37024682028855], [10.330354227947414, 7.643126119767929], [89.98084551729436, 18.39194236143078], [61.292442028234305, 19.718891868413902], [5.582309731338297, 3.903166000147107], [46.6029892671448, 17.23723638570024]]","[[0.0, 13.096232174587634, 27.372580156408375, 14.095243155082313, 43.76642842211893, 38.66321261548351, 65.40172243914702, 11.169115750420604, 11.833094345188039, 38.45456650801985, 16.18826009008775, 39.710490063237444, 26.61291773247164, 46.06679930227877, 46.45797423635075, 42.99246047329789, 77.05341280167357, 29.51815085393566, 30.30931918365066, 41.87848699929506, 9.240552509256348, 61.0267419277358, 32.1134249915531, 17.48404902026714, 66.99613473324874, 26.225980551879893], [13.096232174587634, 0.0, 39.26411127419605, 1.068954509314413, 38.217948405953045, 34.754706747771486, 52.94639153538417, 20.02177891382384, 23.760753540128732, 28.914797323596467, 14.93489145958869, 39.82424267849583, 19.22378462604938, 34.025674597690106, 34.279540856266664, 29.896241897880913, 65.21447740078436, 31.010602433180466, 28.169066028549796, 48.99138065461636, 3.8652866582624794, 62.8641173031244, 44.124117800514455, 29.18849791455535, 68.90270318627692, 33.44946114158575], [27.372580156408375, 39.26411127419605, 0.0, 40.33281486669822, 69.29596645700968, 46.155364683000194, 86.64786349391156, 31.147475723117523, 15.627403854852622, 55.516965500342216, 31.744865073487013, 39.32703607647421, 43.41275093882497, 73.16265775628693, 73.47673530971846, 68.09789587972816, 96.0037799317732, 31.04817294753112, 37.88631091483123, 24.702603692613945, 35.76134818157833, 51.98558059110285, 29.039642562209668, 10.07681580473877, 56.98789568914025, 17.39510552799155], [14.095243155082313, 1.068954509314413, 40.33281486669822, 0.0, 37.56774288897596, 35.03535316984436, 52.15351541401858, 20.681923936427424, 24.825900148852682, 28.623874998439877, 15.66310661159802, 40.39503209359712, 19.295640326276363, 32.9618181032489, 33.21281428968584, 28.90474192948014, 64.52289803125934, 31.71476253997413, 28.64153893656961, 49.93123665760649, 4.8548310201092475, 63.49363626052356, 44.9304232026287, 30.257088760845676, 69.52832534332342, 34.42208680922882], [43.76642842211893, 38.217948405953045, 69.29596645700968, 37.56774288897596, 0.0, 71.41708840573381, 67.23151785501837, 38.296505049224365, 54.9411705189027, 59.724139342785335, 53.1344369564958, 77.91763017801937, 54.9671206422513, 28.71244873605577, 29.852147053889304, 41.276056544636546, 81.754900946219, 69.21400365853233, 65.98009779814195, 85.46302868271569, 39.2717827086814, 101.06094070525712, 56.641708145141315, 60.35059867777303, 107.09454630326894, 69.6947264585152], [38.66321261548351, 34.754706747771486, 46.155364683000194, 35.03535316984436, 71.41708840573381, 0.0, 48.16514630313146, 49.785364476578444, 38.75482194742051, 18.015577160314752, 22.50937147999972, 12.258298051794586, 16.459851526875905, 56.3024772457194, 55.8556137158708, 42.915063678382644, 53.51348580933891, 15.287123266240862, 8.866562086562755, 35.78284837998132, 35.673731206458974, 33.00042529054677, 67.47469505220843, 40.10749365168569, 38.560184724029334, 29.246639982432985], [65.40172243914702, 52.94639153538417, 86.64786349391156, 52.15351541401858, 67.23151785501837, 48.16514630313146, 0.0, 72.68482325027838, 73.36868079102766, 32.053589836517716, 54.94361515587291, 60.40995565044084, 43.34727259400878, 38.92153140572384, 37.794446659077416, 26.935148942003263, 14.529472955231999, 60.764967238364584, 52.45046070641327, 83.28896072696013, 56.65989050896527, 77.80899697300549, 97.07029527074967, 77.56110310913348, 82.18346910462947, 72.99189920764339], [11.169115750420604, 20.02177891382384, 31.147475723117523, 20.681923936427424, 38.296505049224365, 49.785364476578444, 72.68482325027838, 0.0, 18.169992746619023, 48.20846301581463, 27.279174237514145, 50.68983724426729, 36.97125733239319, 47.63631263018942, 48.266472322705575, 48.119035171615096, 85.20384469810023, 40.41295973861574, 41.477212356129954, 50.2123824226938, 16.70792257511505, 71.44371017186205, 24.835357777673547, 22.92968229480809, 77.34596247398889, 35.212824206454485], [11.833094345188039, 23.760753540128732, 15.627403854852622, 24.825900148852682, 54.9411705189027, 38.75482194742051, 73.36868079102766, 18.169992746619023, 0.0, 43.703806220387136, 19.113871455647978, 36.06606664898175, 31.254185600976953, 57.55369966993943, 57.88277456750791, 53.101429546654444, 83.85928166116874, 25.88538704277731, 29.888462678522394, 32.05679421132662, 20.174825270189906, 54.67536965462487, 28.756297425151008, 5.651160489037113, 60.41068610924824, 17.450454062912033], [38.45456650801985, 28.914797323596467, 55.516965500342216, 28.623874998439877, 59.724139342785335, 18.015577160314752, 32.053589836517716, 48.20846301581463, 43.703806220387136, 0.0, 24.595004169509632, 29.903509206337993, 12.44962094827191, 40.10096301886321, 39.48923578897675, 25.623877652781992, 40.49599838413802, 28.78097221430252, 20.503459076483043, 51.482425281056926, 31.62569563000645, 50.74383502943476, 70.38537195306745, 47.10677519725753, 56.086151778269006, 41.02767235039903], [16.18826009008775, 14.93489145958869, 31.744865073487013, 15.66310661159802, 53.1344369564958, 22.50937147999972, 54.94361515587291, 27.279174237514145, 19.113871455647978, 24.595004169509632, 0.0, 25.23782424507017, 12.147721606693443, 46.08361288316221, 46.08048600276951, 37.69305265927992, 64.87870036312654, 16.080032696142123, 14.440948208426288, 35.303276081767855, 14.33113706720503, 48.02837878561375, 46.59119026712901, 22.701395295316452, 54.07199766127496, 20.657649798925057], [39.710490063237444, 39.82424267849583, 39.32703607647421, 40.39503209359712, 77.91763017801937, 12.258298051794586, 60.40995565044084, 50.68983724426729, 36.06606664898175, 29.903509206337993, 25.23782424507017, 0.0, 24.920760259524695, 66.18015852950273, 65.86003195063033, 53.814396974668604, 65.26530704971518, 10.344594775920266, 12.23429834050007, 24.375917263203167, 39.568399161176245, 23.311076717413858, 64.30354683831256, 35.66312307382418, 29.28910778793751, 21.97371059540761], [26.61291773247164, 19.22378462604938, 43.41275093882497, 19.295640326276363, 54.9671206422513, 16.459851526875905, 43.34727259400878, 36.97125733239319, 31.254185600976953, 12.44962094827191, 12.147721606693443, 24.920760259524695, 0.0, 41.28311245198254, 40.991475868205136, 29.724869588923802, 52.791110273184465, 19.85521446972877, 12.886753690021914, 42.41714940276477, 21.024913339481294, 48.00134974981306, 58.21726845948015, 34.74103511012218, 53.854678643968136, 30.024827666426138], [46.06679930227877, 34.025674597690106, 73.16265775628693, 32.9618181032489, 28.71244873605577, 56.3024772457194, 38.92153140572384, 47.63631263018942, 57.55369966993943, 40.10096301886321, 46.08361288316221, 66.18015852950273, 41.28311245198254, 0.0, 1.141830071789842, 15.488868335512255, 53.4308333027215, 60.305709802209634, 54.147259165083575, 81.37184567599289, 37.40570822437281, 89.03546584314167, 71.78124563404572, 63.09590981267674, 94.76174724416407, 66.51271388541893], [46.45797423635075, 34.279540856266664, 73.47673530971846, 33.21281428968584, 29.852147053889304, 55.8556137158708, 37.794446659077416, 48.266472322705575, 57.88277456750791, 39.48923578897675, 46.08048600276951, 65.86003195063033, 40.991475868205136, 1.141830071789842, 0.0, 14.638963900453883, 52.30070143798376, 60.13709903942719, 53.86998132932805, 81.34336977288119, 37.715879138061894, 88.64802377945801, 72.49950289061354, 63.40403240881292, 94.35133843890647, 66.56841387826907], [42.99246047329789, 29.896241897880913, 68.09789587972816, 28.90474192948014, 41.276056544636546, 42.915063678382644, 26.935148942003263, 48.119035171615096, 53.101429546654444, 25.623877652781992, 37.69305265927992, 53.814396974668604, 29.724869588923802, 15.488868335512255, 14.638963900453883, 0.0, 41.1877898388966, 49.560306173242864, 42.37925239911965, 71.8669428496567, 33.75517338918576, 75.91546048873435, 72.94514190626012, 58.183883850138336, 81.43271040207118, 58.22994109497018], [77.05341280167357, 65.21447740078436, 96.0037799317732, 64.52289803125934, 81.754900946219, 53.51348580933891, 14.529472955231999, 85.20384469810023, 83.85928166116874, 40.49599838413802, 64.87870036312654, 65.26530704971518, 52.791110273184465, 53.4308333027215, 52.30070143798376, 41.1877898388966, 0.0, 67.76007179260135, 59.565897381437516, 89.2944303740374, 68.75633086379736, 79.1908073257016, 109.09246961947842, 87.53207296813275, 82.74582176563742, 80.98504711278642], [29.51815085393566, 31.010602433180466, 31.04817294753112, 31.71476253997413, 69.21400365853233, 15.287123266240862, 60.764967238364584, 40.41295973861574, 25.88538704277731, 28.78097221430252, 16.080032696142123, 10.344594775920266, 19.85521446972877, 60.305709802209634, 60.13709903942719, 49.560306173242864, 67.76007179260135, 0.0, 8.320513883982592, 22.82808145136872, 30.21391477585286, 32.065466778914264, 54.38341057012043, 25.995403715590303, 38.10629934934632, 13.962885731876026], [30.30931918365066, 28.169066028549796, 37.88631091483123, 28.64153893656961, 65.98009779814195, 8.866562086562755, 52.45046070641327, 41.477212356129954, 29.888462678522394, 20.503459076483043, 14.440948208426288, 12.23429834050007, 12.886753690021914, 54.147259165083575, 53.86998132932805, 42.37925239911965, 59.565897381437516, 8.320513883982592, 0.0, 30.991948659603192, 28.41904532860718, 35.52789873968329, 58.61068368169455, 31.36052549703887, 41.48016986758515, 21.578897485966948], [41.87848699929506, 48.99138065461636, 24.702603692613945, 49.93123665760649, 85.46302868271569, 35.78284837998132, 83.28896072696013, 50.2123824226938, 32.05679421132662, 51.482425281056926, 35.303276081767855, 24.375917263203167, 42.41714940276477, 81.37184567599289, 81.34336977288119, 71.8669428496567, 89.2944303740374, 22.82808145136872, 30.991948659603192, 0.0, 46.81243003676777, 28.20553098045056, 53.714093715502464, 27.96510599408931, 32.69515199439231, 15.779200187956459], [9.240552509256348, 3.8652866582624794, 35.76134818157833, 4.8548310201092475, 39.2717827086814, 35.673731206458974, 56.65989050896527, 16.70792257511505, 20.174825270189906, 31.62569563000645, 14.33113706720503, 39.568399161176245, 21.024913339481294, 37.40570822437281, 37.715879138061894, 33.75517338918576, 68.75633086379736, 30.21391477585286, 28.41904532860718, 46.81243003676777, 0.0, 62.26669800536149, 40.43163515864698, 25.690971247526164, 68.3100734884541, 31.102743432017558], [61.0267419277358, 62.8641173031244, 51.98558059110285, 63.49363626052356, 101.06094070525712, 33.00042529054677, 77.80899697300549, 71.44371017186205, 54.67536965462487, 50.74383502943476, 48.02837878561375, 23.311076717413858, 48.00134974981306, 89.03546584314167, 88.64802377945801, 75.91546048873435, 79.1908073257016, 32.065466778914264, 35.52789873968329, 28.20553098045056, 62.26669800536149, 0.0, 80.37249413344946, 52.37326141630213, 6.044106901613697, 37.52000805545859], [32.1134249915531, 44.124117800514455, 29.039642562209668, 44.9304232026287, 56.641708145141315, 67.47469505220843, 97.07029527074967, 24.835357777673547, 28.756297425151008, 70.38537195306745, 46.59119026712901, 64.30354683831256, 58.21726845948015, 71.78124563404572, 72.49950289061354, 72.94514190626012, 109.09246961947842, 54.38341057012043, 58.61068368169455, 53.714093715502464, 40.43163515864698, 80.37249413344946, 0.0, 28.71907536368808, 85.63315644807564, 43.39322249786281], [17.48404902026714, 29.18849791455535, 10.07681580473877, 30.257088760845676, 60.35059867777303, 40.10749365168569, 77.56110310913348, 22.92968229480809, 5.651160489037113, 47.10677519725753, 22.701395295316452, 35.66312307382418, 34.74103511012218, 63.09590981267674, 63.40403240881292, 58.183883850138336, 87.53207296813275, 25.995403715590303, 31.36052549703887, 27.96510599408931, 25.690971247526164, 52.37326141630213, 28.71907536368808, 0.0, 57.9116225405386, 14.89760505434222], [66.99613473324874, 68.90270318627692, 56.98789568914025, 69.52832534332342, 107.09454630326894, 38.560184724029334, 82.18346910462947, 77.34596247398889, 60.41068610924824, 56.086151778269006, 54.07199766127496, 29.28910778793751, 53.854678643968136, 94.76174724416407, 94.35133843890647, 81.43271040207118, 82.74582176563742, 38.10629934934632, 41.48016986758515, 32.69515199439231, 68.3100734884541, 6.044106901613697, 85.63315644807564, 57.9116225405386, 0.0, 43.133439262667416], [26.225980551879893, 33.44946114158575, 17.39510552799155, 34.42208680922882, 69.6947264585152, 29.246639982432985, 72.99189920764339, 35.212824206454485, 17.450454062912033, 41.02767235039903, 20.657649798925057, 21.97371059540761, 30.024827666426138, 66.51271388541893, 66.56841387826907, 58.22994109497018, 80.98504711278642, 13.962885731876026, 21.578897485966948, 15.779200187956459, 31.102743432017558, 37.52000805545859, 43.39322249786281, 14.89760505434222, 43.133439262667416, 0.0]]",Route_3,1215.7498612689553
