instance_id,num_cities,city_coordinates,distance_matrix,best_route,total_distance
2008,100,"[[50.78861293137476, 83.69417757399962], [46.91515300032489, 38.15968497669899], [55.49673961981624, 41.64510433765308], [7.3813312505067845, 10.619676114276633], [58.10132472594927, 15.654624141431196], [82.6790927810793, 51.60978727778094], [74.65563820835602, 81.4077533004631], [91.80216359576818, 16.04075842000129], [42.349663784041965, 63.97167966858122], [10.742191957914715, 18.66881993532754], [38.78514880145584, 1.7536998206702181], [60.02535891198894, 16.585551160520406], [94.47852647109534, 57.28225167540357], [4.588788678180766, 86.17677872775589], [83.85280756110099, 43.290971928043675], [92.89210304199752, 22.20597572527627], [81.20515336041724, 14.321816506560603], [72.27706095899329, 36.89494465587184], [68.08519468026981, 57.75816430100683], [53.29260869287983, 56.00914155704875], [10.289879983060823, 18.6764891783752], [65.24057159703945, 19.214083777071988], [95.74047230937758, 12.451829820416782], [48.736675755374925, 32.9550423931355], [36.8402474863841, 92.11363038623391], [7.2410424610895525, 33.36993131875421], [0.18111060341936547, 60.422626986022685], [25.30546362558188, 4.495834993246383], [12.685805996693045, 64.07419763826812], [3.920455729447203, 94.42706703991578], [80.88981232939085, 20.60966564124701], [66.5226952291264, 17.461416495239845], [51.92737744304369, 8.225126277398509], [89.37792940226055, 89.97705159245645], [49.94516108088989, 63.03092992723497], [1.287525288680924, 38.85019018642508], [21.88603103857265, 65.04295027991537], [93.93049971865777, 47.25032020755161], [37.26077207240599, 61.677010519509665], [43.687201687051335, 1.3775198994577798], [56.0639284436282, 52.50191535407863], [38.59870290909326, 68.34358336438734], [48.01509838690367, 88.57872749358775], [21.858611251932814, 86.29606046094027], [64.82447384942563, 66.38590152154129], [66.73382894408236, 28.6701489188112], [97.44508329233138, 76.55518651571765], [39.662172804669936, 86.81425572415004], [36.317964568879916, 64.4421018933849], [8.441654530975828, 55.53731594787894], [84.18692536539052, 82.33760923593569], [58.49525993045541, 28.92181482263322], [10.21405619712652, 28.073190213388855], [7.853113555316127, 30.38463402008179], [65.84642008379086, 8.247057487340259], [99.08365588021233, 21.21996303657747], [29.182366988974383, 5.740359811039175], [43.69875806310883, 50.788746420610195], [66.60247235724846, 68.44571886229961], [82.52035585476341, 1.1160951284525544], [21.090994377751006, 98.67233002235183], [46.558108647059235, 13.09393657195751], [79.28423314229866, 65.36677630579256], [8.516720660607668, 52.02261287014787], [96.0037313687686, 49.60775922317826], [9.998019256782742, 63.015023695687674], [49.485115921726084, 38.19324343474212], [10.37951391252232, 46.619196970272945], [35.34521681075663, 4.488291318475913], [90.10447303778157, 66.04329757124387], [4.086103589839086, 57.66013692575754], [25.907287648792988, 26.53333894904344], [82.65998474308684, 26.56125070330355], [62.85366617014394, 2.8369511644104617], [58.508509508579785, 76.72381923537819], [69.4906951199372, 84.310517200991], [61.027569804449264, 45.997606300108586], [57.06988368039715, 16.90392552663741], [86.25253031968568, 4.355276763577487], [92.06406401543533, 3.41093803692053], [44.75326188172586, 49.935060558125436], [98.32395778798941, 63.08835488783933], [96.91559525932503, 98.3607766768663], [66.33129577202476, 40.97629068838472], [89.38985903203293, 51.08962703255641], [36.67679874370069, 0.6937661776764359], [52.717457024507844, 57.70248442999405], [78.82921102922438, 28.1966608697082], [56.71171431745602, 94.34727430371711], [49.72089161623507, 12.248008233129992], [59.21947503031165, 80.79735570670681], [98.55332046793255, 15.046374086110959], [97.15535991317688, 37.870524402268], [12.169871615452998, 25.77645164460347], [17.755969302344475, 19.457191326998068], [98.64034555457938, 18.252680658017606], [5.39973516422182, 75.37318179242367], [21.128967218793314, 72.47259273534877], [15.584389882230209, 95.720892146034], [18.851752689356804, 70.05192604496187]]","[[0.0, 45.69894646412623, 42.31183069721813, 84.99455786407313, 68.43140057819834, 45.23727230641237, 23.976293114880782, 79.11445165914603, 21.452104473466054, 76.3676172786659, 82.81500495418763, 67.74131099568646, 51.05289780983239, 46.26647889687138, 52.207853748088745, 74.52182798405212, 75.74754393208208, 51.49681155528795, 31.174485155220573, 27.79804334901114, 76.59926353907956, 66.07981238876717, 84.23860026723005, 50.7806093413249, 16.292454825607134, 66.5501364012354, 55.70174466426326, 83.19716561325681, 42.85752569829639, 48.08137972013873, 69.89805327040756, 68.07598685196196, 75.4776423069908, 39.097440474051204, 20.68045488705728, 66.79326974049556, 34.39807435955864, 56.47457069613502, 25.841016299884625, 82.62240720512028, 31.635204695878485, 19.60190421718005, 5.617046452125978, 29.04676904114928, 22.28411567953664, 57.28781408937597, 47.19948537720568, 11.555628825650002, 24.084062822603073, 50.85345359361176, 33.42585153883098, 55.311880544198715, 68.84757722062521, 68.4497227211228, 76.93507318258789, 78.96479377227497, 80.8926916819087, 33.66056210825252, 21.968014089209667, 88.46492643607179, 33.2609921457947, 70.72687746568513, 33.88058453526286, 52.82045898079273, 56.624118989126565, 45.732919625239, 45.51960140422158, 54.84021763525497, 80.69740331176266, 43.096292424966606, 53.46864175636546, 62.34133315967766, 65.42137016275875, 81.7524101926414, 10.401091218306439, 18.712235374843498, 39.06235686253745, 67.08496203153653, 86.90426122078793, 90.2721519227314, 34.29436460971371, 51.80935185090391, 48.40255807214373, 45.45759397347406, 50.528337757471334, 84.19151733771244, 26.06316465872402, 62.17917257432937, 12.18899503496967, 71.45414713150682, 8.914651572670488, 83.63006761784114, 65.18958824595846, 69.61228453124298, 72.23258231033958, 81.07020311832918, 46.14530524071279, 31.711489244229597, 37.20187070418777, 34.728577121726715], [45.69894646412623, 0.0, 9.262385061610564, 48.18065120241416, 25.131816509640974, 38.20948364674663, 51.38024847462264, 50.04088960256426, 26.212645073661527, 41.08986408637391, 37.302717373599144, 25.245212396900353, 51.26350605514994, 64.00908067632797, 37.29236423489751, 48.66621799578627, 41.76180189951999, 25.39342323088979, 28.849108418735003, 18.95455199481889, 41.485003821922845, 26.35823915894459, 55.179757360533394, 5.5141862110204, 54.886537022934036, 39.962191971703206, 51.76590872056892, 40.002918275811865, 42.93262352549244, 70.8135741059751, 38.23977844079156, 28.510945799548626, 30.35128001231668, 66.99348373351395, 25.05513469047514, 45.6328522890805, 36.731007330855846, 47.88614075017398, 25.421873884273356, 36.92353365335294, 17.011750771446806, 31.30864200182183, 50.43103933266984, 54.26730994944175, 33.428476987627825, 21.973420552058425, 63.46249596216508, 49.19220442648695, 28.3384163572005, 42.216017607556466, 57.800294178214386, 14.813410191331233, 38.06189542269303, 39.82831082259722, 35.39997396471729, 54.84985753981006, 36.95218997462981, 13.032205851130255, 36.12249149742092, 51.38052178745193, 65.7926088476892, 25.068291201436107, 42.2845499896494, 40.82426209898722, 50.405822383805436, 44.5046360132766, 2.5701820144657423, 37.50221682412373, 35.603738207071835, 51.40829910258186, 47.05948469355966, 24.010462898138318, 37.57947144269908, 38.75218350026597, 40.26907456409857, 51.37659405788923, 16.142903045155503, 23.55686449813903, 51.86682243019247, 56.97279683967713, 11.972186236954867, 57.13408608908339, 78.25736813864596, 19.619374808238252, 44.39914474455387, 38.83965717329501, 20.38596925487624, 33.433051748658, 57.03523304083145, 26.06313797001474, 44.37755407746334, 56.57495452704906, 50.2410390466199, 36.88602779198442, 34.6416117213052, 55.42368055009252, 55.752796013833915, 42.9220574531705, 65.53555743528293, 42.48140154667496], [42.31183069721813, 9.262385061610564, 0.0, 57.250936402728804, 26.12066087229211, 28.9512560950454, 44.13764433752223, 44.42596470471292, 25.90987396803019, 50.30784413347449, 43.25044996318383, 25.46545892244982, 42.001191447161034, 67.63645092006308, 28.403793218791304, 42.14609028943895, 37.51645765472333, 17.43970186810717, 20.44749134225743, 14.53216289418962, 50.70717346246304, 24.455938849072414, 49.71725352257088, 11.009797457304922, 53.806475634825745, 48.960093921146175, 58.41587258861826, 47.870464369831495, 48.330531385151914, 73.79734850686027, 32.974199350158614, 26.578608969578596, 33.61004730578152, 59.02467404835967, 22.094650040719888, 54.28121648887119, 40.95288666347125, 38.84034449233768, 27.08925576070527, 41.96359782802949, 10.871616651089038, 31.596715446671205, 47.526202647395515, 55.90377055993559, 26.440757764340212, 17.16454615195141, 54.57451213292394, 47.86424284577802, 29.791416717075744, 49.062965423436296, 49.78962455183116, 13.071848382548275, 47.27280688679212, 48.956238584544245, 34.96491697576398, 48.13528504392268, 44.51513098347808, 14.926438267504825, 29.010519446124512, 48.71217939995255, 66.60225052470419, 29.917692164537435, 33.594085328315714, 48.11252295140631, 41.282202622627494, 50.26735529190312, 6.932168721293821, 45.390589917303195, 42.26952359876017, 42.343441586538404, 53.84732830702776, 33.22500746585126, 31.07031583504364, 39.4993306397055, 35.20776898269392, 44.901762162953545, 7.038064781204192, 24.791141788832395, 48.33683794042039, 52.90577176609857, 13.570029036306142, 47.89554896002723, 70.22954571528612, 10.855179349637995, 35.1844078026805, 45.06886144194508, 16.296130435612387, 26.93074179782944, 52.71617287557782, 29.959133491124856, 39.328838607339094, 50.60989631805897, 41.82927322384422, 46.141430725110226, 43.77978104016227, 49.07724746419363, 60.39282295288779, 46.16793065233242, 67.21001777021355, 46.36596366564997], [84.99455786407313, 48.18065120241416, 57.250936402728804, 0.0, 50.96928918265465, 85.7318033445664, 97.6564603514607, 84.59471063389348, 63.79044257123809, 8.722620073496298, 32.63135443729063, 52.98099011428809, 98.80950042020855, 75.60869030317936, 83.1582843694628, 86.29214582482149, 73.9165918748956, 70.01318069713645, 76.85698474328682, 64.56042882115295, 8.565739459000083, 58.49406411382397, 88.3781341501638, 47.001415999170845, 86.65501906221185, 22.75068774374294, 50.320742173583795, 18.941381984291333, 53.71706734076049, 83.87881993170369, 74.18420776198688, 59.53579045156005, 44.61035866599735, 114.10975046526481, 67.51754687543195, 28.88072706630074, 56.32298897297799, 93.98171444071747, 59.15769079669329, 37.463764888946685, 64.21929019545236, 65.62449056175372, 87.91312031578107, 77.04872993128211, 80.05989337872975, 62.03659041995407, 111.61976063291749, 82.7506295647974, 61.10795582041344, 44.93015305649783, 105.08359157633996, 54.291822463413396, 17.681897099324804, 19.770587739401705, 58.51321159731949, 92.31295914077829, 22.340386900342175, 54.152651823930796, 82.77073621685861, 75.7376463196025, 89.11354960564522, 39.25483221198973, 90.37296210615501, 41.4185016764639, 96.81942174599016, 52.46064719672323, 50.329219131799015, 36.12415536917263, 28.628181485049417, 99.57357080351576, 47.15573643462798, 24.42244306554608, 76.94809596106614, 56.01562950714439, 83.56881053603581, 96.3738197869769, 64.26131694277751, 50.08436915101078, 79.11958507117618, 84.98900595491293, 54.24353097902347, 104.99296916355566, 125.3590250422172, 66.30703104112851, 91.45061812924678, 30.9313450033179, 65.36172533746819, 73.57818914574317, 97.17920246690827, 42.37086071172545, 87.24734874776146, 91.27939128191117, 93.81889444424846, 15.895218252777582, 13.628455152427268, 91.57767440875367, 64.78381912683908, 63.362297853296226, 85.49565568494887, 60.529025267290294], [68.43140057819834, 25.131816509640974, 26.12066087229211, 50.96928918265465, 0.0, 43.5527317023088, 67.805009321422, 33.70305090359898, 50.81980595439642, 47.454955829968554, 23.79811650777228, 2.1374126096567454, 55.28254861087894, 88.52663893857712, 37.77441709929769, 35.40223811302842, 23.142240033376883, 25.536301872138907, 43.27107293832431, 40.64001508038695, 47.9068462404256, 7.977380446244681, 37.77516806408437, 19.672344090778367, 79.36002168176074, 53.85722254673106, 73.20468074305812, 34.64227302831381, 66.38542339296342, 95.60682154224736, 23.320969180484493, 8.613012235075672, 9.659972234109343, 80.63528521863842, 48.073249893417575, 61.36645737408854, 61.24340173132302, 47.77046985911679, 50.521170640022305, 20.28799271777924, 36.90357507506367, 56.182547839428246, 73.61831845049483, 79.39613847815842, 51.17483012921655, 15.618066919650412, 72.50386083260753, 73.5098326114561, 53.42969927980106, 63.69232253263832, 71.60362464173393, 13.273037840551918, 49.47131765412313, 52.36273404696975, 10.717207931026596, 41.35848720462958, 30.57120792192914, 37.97157456316322, 53.47119965810422, 28.419322777490944, 90.8939164202633, 11.823830101638066, 54.037150940700634, 61.49197967612324, 50.88622417901527, 67.5050771646012, 24.129409727690824, 56.887397530429865, 25.348124904239, 59.69271238505957, 68.42592504787267, 33.982384542446034, 26.871588802999554, 13.670314178835023, 61.070552550879746, 69.59417655075144, 30.48375758565961, 1.620069313803522, 30.33423194257975, 36.1022923021709, 36.787485679404, 62.19179224758094, 91.36112556362656, 26.625536992412872, 47.27168083448087, 26.13116117924515, 42.391138062962234, 24.22700881031229, 78.70491856708391, 9.046363415930447, 65.15232717170356, 40.45656841155995, 44.930656447515446, 47.03349632810315, 40.5241560240031, 40.62218737842023, 79.6477474273296, 67.78817577407106, 90.65482348275758, 67.07902324452499], [45.23727230641237, 38.20948364674663, 28.9512560950454, 85.7318033445664, 43.5527317023088, 0.0, 30.859270930621072, 36.72037901459337, 42.18150337184299, 79.1203199532105, 66.42520436263177, 41.711973986005376, 13.09211548021868, 85.39890217553042, 8.401207961231865, 31.12699330813735, 37.31709074474006, 18.020234721424767, 15.836173837027147, 29.713965826535386, 79.52861279578013, 36.79108079945536, 41.278871925174876, 38.730958938012776, 61.16993578961134, 77.61180181832754, 82.96736230053754, 74.23919330341583, 71.09445632759252, 89.64509108958303, 31.051715991466452, 37.777511947700525, 53.1779729432185, 38.947674937914485, 34.66919070257977, 82.38564545358237, 62.25950709947951, 12.0664456743236, 46.52067110215314, 63.58968671927773, 26.630112001530293, 47.14976885133599, 50.678348907983754, 70.01620184481594, 23.17587041168515, 27.937044347456627, 28.988056487430125, 55.586059429034954, 48.10428782865238, 74.34125852709496, 30.764794837514646, 33.16024525651849, 76.19155418079595, 77.77810937472805, 46.515214769071115, 34.53478113271713, 70.4691708948129, 38.988980530582715, 23.27888134276492, 50.49394165920227, 77.51113980920815, 52.80337347559726, 14.169679568848897, 74.16352111048278, 13.474201639576078, 73.5704958960625, 35.802845535396486, 72.47161579672475, 66.79020284305692, 16.23152769606497, 78.82553317851503, 62.063404021710994, 25.048543862668893, 52.64823912389929, 34.85587033628696, 35.26005630141768, 22.367052164594377, 43.1315247893226, 47.38943151989994, 49.10404009053512, 37.96278913609853, 19.404105634198196, 48.870574097369555, 19.5018388047372, 6.730895212053908, 68.61962009052314, 30.574835662649885, 23.727538382724376, 50.007974779679984, 51.33802366260569, 37.44686656858439, 39.86068600612444, 19.958197675198445, 75.09268605742908, 72.44861205440272, 36.97915834820774, 80.85046711388068, 64.98980387948168, 80.29625601348327, 66.43825573788317], [23.976293114880782, 51.38024847462264, 44.13764433752223, 97.6564603514607, 67.805009321422, 30.859270930621072, 0.0, 67.5784533158572, 36.71093361930259, 89.56060725231251, 87.35822941230117, 66.45271222878189, 31.224777464984403, 70.22896130949387, 39.21067388219554, 61.94690563450717, 67.40488902329385, 44.57631392523595, 24.54534147244591, 33.188379119381715, 89.87859773200908, 62.90227347306548, 72.10748651876312, 54.949593346157776, 39.30164856123764, 82.77898320536265, 77.37461333287224, 91.38316534814422, 64.34836638358486, 71.92335205321586, 61.116874838207366, 64.46145167703293, 76.63074275650092, 17.034633286786036, 30.794728723563235, 84.81760531634647, 55.24887527139879, 39.22053698941457, 42.28094398205613, 85.81306613094223, 34.36857779074537, 38.35068603420135, 27.58878817303958, 53.02284038348428, 17.952933563075415, 53.329260054262534, 23.300347886586223, 35.40865557199691, 41.92386608786784, 71.08847419407982, 9.576537314216678, 54.91749779426758, 83.6498243381247, 84.05912205775185, 73.6891425912017, 64.95612476299684, 88.28008174483504, 43.54138273683645, 15.260007110141895, 80.67592054429065, 56.278207843583246, 73.86642487262935, 16.69541356199567, 72.37294309683143, 38.30118411878417, 67.22276542066112, 50.010489450876506, 73.08668692745813, 86.38236429998436, 21.78836839788628, 74.45809895339958, 73.40029313762543, 55.42750590264987, 79.45223402959462, 16.812763115359722, 5.92475108074705, 37.94209745135708, 66.85807774527318, 77.92029290954396, 79.91593383259544, 43.41293008347865, 29.929746238885812, 27.980541265526977, 41.27950879006674, 33.7088422179939, 89.20280244666887, 32.2989715916247, 53.37451702606247, 22.122739622299576, 73.51742599813865, 15.44822704654733, 70.5331969260626, 49.007425732517525, 83.66189545203962, 84.115661148456, 67.55612027756293, 69.5183152826948, 54.26731614470416, 60.7805752063882, 56.947593905926844], [79.11445165914603, 50.04088960256426, 44.42596470471292, 84.59471063389348, 33.70305090359898, 36.72037901459337, 67.5784533158572, 0.0, 68.86888230083564, 81.10256290190802, 54.908322694479146, 31.78147440005225, 41.32824317795061, 111.91619234554682, 28.38602468821225, 6.260820426885667, 10.735519886335995, 28.5679316111084, 47.98787938614574, 55.50186906229728, 81.55488615888736, 26.750479684087125, 5.328290909532564, 46.26801535893758, 93.8503813077272, 86.31849999223031, 101.8045559336044, 67.4914540060785, 92.55597940100719, 117.76080823668741, 11.830229218284748, 25.319356039733375, 40.633516664374426, 73.97602557253404, 62.92920528506429, 93.34436204383192, 85.37845394964215, 31.282048552211506, 71.11561639326884, 50.29970301490481, 51.05523887674085, 74.60692813808684, 84.72935758593911, 99.13580573808034, 57.11767833135776, 28.06996449196796, 60.776957397137664, 87.9060098079543, 73.62870630184808, 92.24398369592608, 66.7327826590175, 35.71094294216004, 82.47059284226596, 85.16566074378163, 27.100597696126815, 8.93556323623664, 63.46130426157134, 59.341050664189815, 58.14898380432439, 17.57548091254058, 108.75682083278015, 45.33991913541424, 50.88963178592767, 90.7257342465599, 33.82893309981264, 94.33185903619264, 47.764684822318976, 86.97521937663231, 57.62678488704234, 50.03135091922088, 97.08903053470644, 66.72502470756893, 13.937725497994151, 31.817542790796498, 69.2163367450206, 71.82312712185764, 42.947507004860874, 34.74300398027874, 12.936340712953543, 12.632535562534706, 57.986402457197336, 47.49747501590181, 82.47867960381309, 35.64471738143254, 35.13178623879477, 57.2218142054194, 57.12542080276721, 17.778173771807545, 85.80938212340442, 42.25184499398163, 72.49171322507208, 6.823995846720509, 22.47655208552342, 80.2252182832913, 74.12496814938582, 7.187025287894997, 104.81276688511215, 90.4392205314336, 110.26365103898263, 90.7687648898334], [21.452104473466054, 26.212645073661527, 25.90987396803019, 63.79044257123809, 50.81980595439642, 42.18150337184299, 36.71093361930259, 68.86888230083564, 0.0, 55.23931005407549, 62.32000307618846, 50.57544239291023, 52.556319999801865, 43.80582282058184, 46.370277290833215, 65.56609026031616, 63.046474780333114, 40.35837807216448, 26.474994310363524, 13.533294368167258, 55.493098840393685, 50.27162271590995, 74.19483380510033, 31.667423479003137, 28.676175793429827, 46.57340757626189, 42.317639965983126, 61.86987036422661, 29.664034937313737, 49.03401525106195, 58.013854469465194, 52.41698226432456, 56.56333453686949, 53.73953047763628, 7.653534429416722, 48.137183669324614, 20.49165405388624, 54.22348658965704, 5.582322577248476, 62.60844866984437, 17.8783821578859, 5.760490379368687, 25.250820816390533, 30.302825142813113, 22.60410481816037, 42.904377210595726, 56.514156592541724, 23.000128013092716, 6.050015908390303, 34.941259033971825, 45.69095999756636, 38.589808248322534, 48.180896838319384, 48.14666772557981, 60.475871832093844, 71.03840605018857, 59.70145992553923, 13.25178419663823, 24.662030540803546, 74.59563666409707, 40.69479278606308, 51.05150096491872, 36.96090783932441, 35.88102893935683, 55.543507081820806, 32.36578585896864, 26.747756015622866, 36.375804301795384, 59.894371747360445, 47.799721835965606, 38.78060869210123, 40.889865355674694, 54.99511042981275, 64.48154110385346, 20.584590320928978, 33.91613029438659, 25.921641282187444, 49.31590365960579, 74.03767409487065, 78.352568671001, 14.240925527057646, 55.98126340043265, 64.49845634440044, 33.22508972384547, 48.77219750110124, 63.5316907812814, 12.115855133525407, 51.094122335873564, 33.5997804302712, 52.24627437929532, 23.826327992888892, 74.5153443995177, 60.70366244663713, 48.67951621722302, 50.8565578915052, 72.51805102676043, 38.66899889691725, 22.860084988536137, 41.525803784845024, 24.27181949939514], [76.3676172786659, 41.08986408637391, 50.30784413347449, 8.722620073496298, 47.454955829968554, 79.1203199532105, 89.56060725231251, 81.10256290190802, 55.23931005407549, 0.0, 32.749484225282, 49.32717865245528, 92.21047027560805, 67.78782244801234, 77.14539832439314, 82.22602606355896, 70.59692180555943, 64.17734588862909, 69.39882422746575, 56.61128494507769, 0.4523769886777528, 54.501107291020055, 85.22534029732458, 40.59158719672641, 77.94388163631984, 15.112270633727956, 43.06874554248068, 20.321475926584082, 45.44695765261333, 76.0647624694289, 70.1744649130645, 55.793569237473896, 42.4887072133896, 106.15292320743154, 59.20193908134292, 22.286283383242825, 47.69428807176412, 87.96133642633704, 50.5266221769675, 37.20702518320131, 56.55738805580372, 56.952325010540065, 79.2254045648784, 68.53479728597361, 72.12359592878207, 56.87785152259751, 104.25076882990825, 74.0281413452021, 52.43389634444133, 36.94020128099284, 97.20001849948603, 48.84136981032789, 9.419188272282616, 12.066775612602054, 56.08109387191799, 88.37829246516176, 22.520771220396313, 46.01983188654639, 74.82052253946227, 73.8931861577829, 80.67006469421857, 36.24719593015329, 82.93799213207201, 33.427955750150325, 90.70142262922839, 44.35244729397115, 43.38452800538646, 27.952729951834993, 28.39711646915766, 92.42679692316362, 39.555357576589124, 17.083055541401066, 72.34956380323416, 54.463325397476154, 75.17981135969852, 88.09210545613708, 57.23182496950967, 46.3612971411197, 76.85498498886518, 82.74085952517952, 46.19881686845529, 98.20214249858023, 117.37403207627655, 59.89801093737926, 85.06799791365178, 31.554815586908173, 57.31971599103525, 68.7504321360073, 88.54617688840547, 39.50399789854972, 78.80356547248897, 87.8858145785392, 88.52085093637584, 7.2495998316633505, 7.057946024761078, 87.89913866245206, 56.95547821073029, 54.7971812033822, 77.20407186607561, 52.01911733902151], [82.81500495418763, 37.302717373599144, 43.25044996318383, 32.63135443729063, 23.79811650777228, 66.42520436263177, 87.35822941230117, 54.908322694479146, 62.32000307618846, 32.749484225282, 0.0, 25.90618342610521, 78.64586694376831, 91.085933589291, 61.28979393176163, 57.84339276759447, 44.24267559509102, 48.544981908903715, 63.20595486368265, 56.161546902759376, 33.14153202068137, 31.69786117702671, 57.95134909028003, 32.7499109470379, 90.38085910710774, 44.66113230710541, 70.23044055058241, 13.75577034358147, 67.56493279115837, 99.01464444595307, 46.13404532259642, 31.87638381240464, 14.649147895103486, 101.7004879377159, 62.285189279715645, 52.74676640858995, 65.5065600139166, 71.4909238603708, 59.9426967154608, 4.916465582743209, 53.609118680948534, 66.59014455936094, 87.31424511357126, 86.22017406642657, 69.68047033176447, 38.802370465831864, 95.05919380187888, 85.06507709813252, 62.736932922066, 61.752773283971614, 92.49371747210272, 33.56478740402507, 38.84614404464837, 42.14879829365797, 27.829410651385214, 63.36280738349454, 10.397445667900037, 49.28061841164828, 72.26083928143038, 43.73985454638849, 98.52057643426689, 13.748449888500511, 75.41087012061806, 58.67828696625042, 74.59207191324796, 67.68787653887196, 37.97801515583342, 53.10172245722738, 4.394442258183284, 82.2607161347608, 65.79934230965313, 27.926149451717617, 50.402537730748016, 24.09288197373979, 77.52115687113353, 88.08211322785142, 49.520183285562375, 23.74575474763693, 47.53862125458682, 53.3046831421388, 48.549581833952814, 85.47987884726759, 112.74784301302695, 47.929133596386905, 70.67439714194389, 2.359787976405132, 57.65739945299852, 47.98705146956144, 94.31294601881017, 15.156549078428755, 81.64227596201292, 61.228502623210865, 68.64041493963151, 35.853390144894966, 27.48890688842443, 62.08752650111202, 80.83572211292815, 72.88966019373203, 96.78898929082757, 71.14764919480028], [67.74131099568646, 25.245212396900353, 25.46545892244982, 52.98099011428809, 2.1374126096567454, 41.711973986005376, 66.45271222878189, 31.78147440005225, 50.57544239291023, 49.32717865245528, 25.90618342610521, 0.0, 53.322060984680185, 88.97276141383216, 35.790037824743, 33.34384563897159, 21.300426931430575, 23.718677602210324, 41.95408234519991, 39.994367169217156, 49.77941227138347, 5.840173547642848, 35.95353914576363, 19.884531943827174, 79.00658291144711, 55.38862230173991, 74.18236497004237, 36.7645531144378, 67.0537457157212, 95.95343535030177, 21.248974416684863, 6.556105498125893, 11.639330225477085, 79.04356855581123, 47.52666196039518, 62.81597925459135, 61.66626192702367, 45.71527790386714, 50.51203936786054, 22.32083323588613, 36.134168708301125, 56.017813997718186, 72.98810722579775, 79.47487485910452, 50.03105435889953, 13.821760855664607, 70.68658244204565, 73.1213395195061, 53.40683471791705, 64.63836738128101, 70.05079895786288, 12.430792574669363, 51.118800153765825, 53.966266067997594, 10.169327898318814, 39.332281086848596, 32.69416348784602, 37.900085241045055, 52.27557187949718, 27.300713495868806, 90.85220969022238, 13.912519618434123, 52.44532546655249, 62.521397594132544, 48.835535319808116, 68.25269689082782, 24.04140361358392, 58.02352804110355, 27.485507268794617, 57.88628323376694, 69.39972537252933, 35.5387291360567, 24.735417277290633, 14.036499698983597, 60.15739455092849, 68.3832114975042, 29.429125270845915, 2.972573982519687, 28.938626986663046, 34.64172420163483, 36.680058952552365, 60.2436173413112, 89.71107538097814, 25.19271748737879, 45.30789245907693, 28.24365578095587, 41.76131740598468, 22.09983536422059, 77.83229295541827, 11.180175530653157, 64.216861429911, 38.5586940614261, 42.798213283385195, 48.73007609369424, 42.366822104302884, 38.65095748062218, 80.24926345547172, 68.09031284064636, 90.76013398622483, 67.48273181088629], [51.05289780983239, 51.26350605514994, 42.001191447161034, 98.80950042020855, 55.28254861087894, 13.09211548021868, 31.224777464984403, 41.32824317795061, 52.556319999801865, 92.21047027560805, 78.64586694376831, 53.322060984680185, 0.0, 94.41958829638082, 17.568773756955682, 35.11213285782949, 44.96422381884994, 30.142119341441546, 26.397622162759472, 41.20558982234553, 92.61821146763852, 48.00045220987914, 44.848179795782514, 51.80859019856187, 67.34534985592316, 90.45539055929747, 94.34969314424383, 87.01332317278589, 82.07423257372669, 97.88003619182541, 39.109228047323754, 48.654161331536805, 64.93998641763835, 33.09027095801312, 44.90287223130195, 94.99633462462775, 73.00615615104591, 10.04688918506946, 57.38628166841429, 75.532097205484, 38.710889384730756, 56.96409167233511, 56.02070642158164, 78.20136307432269, 31.019981905375754, 39.854995483869274, 19.499909659601357, 62.265334596529776, 58.59961105609285, 86.05456486400774, 27.086675613759958, 45.81604358098494, 89.18335170896151, 90.70525893442522, 56.782460190053406, 36.3551355209236, 83.18746936932513, 51.19326606168797, 30.028276550461968, 57.42503796904197, 84.254782964044, 65.18415172502927, 17.211219836515983, 86.12256300506705, 7.824582057793869, 84.67479420833614, 48.87532330814941, 84.77231062659334, 79.27137290065282, 9.79225554336201, 90.39321275187808, 75.14991967712632, 32.91592060545244, 62.96366044622118, 40.8878547917681, 36.8092223899878, 35.30311208887964, 55.0437623897403, 53.5624092624676, 53.92539348104565, 50.26512862608244, 6.9640632195871515, 41.15075358452578, 32.52923238775981, 8.015181611951903, 80.89064481878196, 41.7631837494549, 33.02836154452007, 52.91642469673923, 63.49274730407374, 42.38113762166896, 42.43198442041535, 19.59542275643068, 88.13245769707106, 85.53996708482393, 39.250836320833045, 90.89726515793765, 74.90596974890867, 87.75997874505721, 76.69728480291079], [46.26647889687138, 64.00908067632797, 67.63645092006308, 75.60869030317936, 88.52663893857712, 85.39890217553042, 70.22896130949387, 111.91619234554682, 43.80582282058184, 67.78782244801234, 91.085933589291, 88.97276141383216, 94.41958829638082, 0.0, 90.12201237397097, 109.04007962404053, 105.03905432233695, 83.72813967747119, 69.56587684431469, 57.290037672248324, 67.74061950792013, 90.34733690759626, 117.23479654177575, 69.14903579842989, 32.79333473241186, 52.87341093032055, 26.12860420969616, 84.26717741942223, 23.539026748650212, 8.277313946210151, 100.60264672821269, 92.50734991019448, 91.19979224751619, 84.87426263935366, 50.92082908034599, 47.44158853713982, 27.30994870256787, 97.45363258783777, 40.837447779829745, 93.37879950845863, 61.511677241871546, 38.40178541242704, 43.492685968925876, 17.27023450508844, 63.403600754537536, 84.67005670030898, 93.35344924620992, 35.07917688608435, 38.459547316595746, 30.880758648697398, 79.69066812659216, 78.63865801658375, 58.37525702647133, 55.88755879429277, 99.12385614994241, 114.66764073733839, 84.11219639430824, 52.74374404478315, 64.49873989001537, 115.36311827000432, 20.699313880097737, 84.27648329290587, 77.5400904338797, 34.379291660643176, 98.45803641475712, 23.785009388646873, 65.71225044978605, 39.97917924669774, 87.2866934113694, 87.85379522234938, 28.521072068937393, 63.33891621267996, 98.22994877652776, 101.68737781770965, 54.74207465553985, 64.92873317615853, 69.27988100444063, 86.9079600684274, 115.60157820101122, 120.4246992131981, 54.0984939125408, 96.53681807194627, 93.12727323129326, 76.51941780509515, 91.77325180705391, 91.3070962444976, 55.92096344436761, 94.19837778695788, 52.75941977651213, 86.61622147414535, 54.89490034005246, 117.85104029643276, 104.4129509072621, 60.874233713892416, 68.00645549149517, 116.01456136822596, 10.833990074960477, 21.479809586442506, 14.559991304236757, 21.527726689688166], [52.207853748088745, 37.29236423489751, 28.403793218791304, 83.1582843694628, 37.77441709929769, 8.401207961231865, 39.21067388219554, 28.38602468821225, 46.370277290833215, 77.14539832439314, 61.28979393176163, 35.790037824743, 17.568773756955682, 90.12201237397097, 0.0, 22.94092255472025, 29.089895816252767, 13.225243826205014, 21.399001638302583, 33.10102103526979, 77.57175436256233, 30.432086202170016, 33.05100995585194, 36.605657381717826, 67.77781926046278, 77.25146987928774, 85.40753173347, 70.23428031733249, 74.13962896178113, 94.88983661399, 22.87402447359491, 31.104641571558798, 47.42200564524692, 47.01188153851699, 39.23511732666042, 82.68461996768865, 65.67366256585105, 10.827572120328911, 50.0885634258629, 58.051816131642795, 29.27564314243381, 51.72588643643804, 57.752248467213946, 75.45010282128153, 29.92412499592081, 22.512838434041203, 35.93407758227024, 62.024901713527186, 52.02818079758185, 76.39905066939713, 39.048066786477506, 29.145804119296944, 75.1947244343653, 77.08778792498475, 39.399313817760486, 26.81619238458281, 66.32424551181983, 40.84806376596797, 30.50139927891395, 42.1959199521756, 83.70268823897901, 47.98703482593757, 22.543580264562497, 75.84040837851884, 13.694770940461812, 76.44323366792095, 34.74370539264024, 73.54863670729726, 62.11790710327433, 23.595585252469267, 81.05060126347277, 60.31999287936429, 16.772191226333412, 45.57951003578113, 41.953411337465454, 43.46117080995411, 22.985154954268257, 37.59788862941034, 39.00957609688043, 40.71660393151642, 39.66003512426488, 24.52245014157395, 56.59787820689323, 17.6737411041343, 9.564411138742003, 63.5617632360726, 34.30891641585906, 15.908323244165969, 57.82201098834619, 46.13733066651257, 44.8723734131014, 31.841205802802627, 14.36451010161528, 73.79161013656572, 70.26265811612166, 29.07898398553895, 84.75938153556858, 69.17981743419568, 86.07829799921457, 70.29427999266582], [74.52182798405212, 48.66621799578627, 42.14609028943895, 86.29214582482149, 35.40223811302842, 31.12699330813735, 61.94690563450717, 6.260820426885667, 65.56609026031616, 82.22602606355896, 57.84339276759447, 33.34384563897159, 35.11213285782949, 109.04007962404053, 22.94092255472025, 0.0, 14.09768631534439, 25.312956530757862, 43.35136462663502, 52.065093613246425, 82.67759387865063, 27.812921613545644, 10.161523990851098, 45.44495784016415, 89.60407742632621, 86.37556415519099, 100.27881407621256, 69.86846865613194, 90.47650574527702, 114.59424093813067, 12.107980353233884, 26.79284439339788, 43.284788259639285, 67.86212596555838, 59.25467668802837, 93.10439592410307, 82.92688737888547, 25.065862406966456, 68.21149150382078, 53.43170303703651, 47.68813691307318, 71.24922551615707, 80.12045758800438, 95.672858833181, 52.341739098497634, 26.94514499604102, 54.539585098382986, 83.71173942454925, 70.60115790597116, 90.79017840464691, 60.7584847329289, 35.04633091810938, 82.88596766601812, 85.43137704859438, 30.435511578569077, 6.269573156976558, 65.80309244542428, 56.89428768192807, 53.19077482908476, 23.502259536142052, 104.89281455324202, 47.22148127835239, 45.25515252386433, 89.48875349804962, 27.57788914528917, 92.39484575906573, 46.25753192371529, 86.04843250406567, 60.21262704491773, 43.92586558814013, 95.62166640007104, 67.12444834583077, 11.120461546947286, 35.74166759041547, 64.45484283793769, 66.36716028762596, 39.76669666764029, 36.21247210975112, 19.04550811493517, 18.813268996541318, 55.55402932210417, 41.2416533612939, 76.26101361507851, 32.52385596215385, 29.095206236524227, 60.19082651841521, 53.609740839279425, 15.285720142101116, 80.70556045801726, 44.304792207418416, 67.5780710389232, 9.127391652342368, 16.23432919474967, 80.8011568281736, 75.18639776589411, 6.976448514270366, 102.38000897561277, 87.61666764273203, 106.68142036148494, 88.15445786989791], [75.74754393208208, 41.76180189951999, 37.51645765472333, 73.9165918748956, 23.142240033376883, 37.31709074474006, 67.40488902329385, 10.735519886335995, 63.046474780333114, 70.59692180555943, 44.24267559509102, 21.300426931430575, 44.96422381884994, 105.03905432233695, 29.089895816252767, 14.09768631534439, 0.0, 24.274615308457342, 45.374548212504216, 50.16914609281613, 71.04885060480461, 16.697369551090727, 14.655113344985109, 37.435266059282384, 89.55339848325998, 76.37748607427817, 93.22113618461802, 56.756719647552316, 84.67703579734817, 111.30936910665727, 6.29575148067531, 15.014381934199733, 29.90581539464021, 76.09539318600235, 57.87715307048395, 83.59705970900798, 78.04736820859824, 35.30185258486251, 64.60358385407237, 39.68817849710003, 45.71434280751307, 68.8016054645712, 81.33676031463341, 93.2861396620027, 54.58017597707941, 20.378760349325745, 64.31739785540246, 83.55221706915441, 67.28226159147616, 83.62561901773543, 68.08112091391382, 26.99813346195523, 72.31069184617604, 75.09018477831721, 16.51645800418932, 19.163122863977655, 52.725816265524905, 52.31220379179378, 56.059210649935814, 13.271052509780613, 103.57954064664966, 34.6687957175214, 51.081090976892646, 81.88380972331112, 38.2635030344803, 86.26403870452765, 39.69893951605607, 77.84209650324814, 46.902366656316964, 52.481515738822885, 88.46218318735917, 56.630161862951546, 12.32559466347977, 21.64900030075492, 66.40141253546123, 70.96229109014527, 37.556497935818086, 24.273000010687994, 11.171746891933052, 15.393609375092014, 50.9611964562314, 51.683931068778, 85.4948233003916, 30.523640567096667, 37.66777532329864, 46.5671356284522, 51.8982773510855, 14.076803900840659, 83.68991845972688, 31.55248672182784, 70.01690769796285, 17.3632913261386, 28.44205921928032, 69.979131116014, 63.65666526124015, 17.872817903861222, 97.33309114154322, 83.61017233168248, 104.5556986224131, 83.62889264128759], [51.49681155528795, 25.39342323088979, 17.43970186810717, 70.01318069713645, 25.536301872138907, 18.020234721424767, 44.57631392523595, 28.5679316111084, 40.35837807216448, 64.17734588862909, 48.544981908903715, 23.718677602210324, 30.142119341441546, 83.72813967747119, 13.225243826205014, 25.312956530757862, 24.274615308457342, 0.0, 21.28017097816288, 26.93996939532971, 64.6089987952803, 19.02958286343567, 33.882112316923006, 23.86781442391928, 65.61151577948026, 65.13147795871467, 75.83783945697472, 57.06166193674149, 65.49678969738112, 89.34523257858037, 18.422535079420122, 20.267578585591895, 35.157760239440144, 55.76871684323513, 34.377368693234, 71.01645696436354, 57.719720348005104, 24.002191836056706, 42.89861624643178, 45.59459962009733, 22.504292931249232, 46.078722612025665, 57.095150724607564, 70.58675735326824, 30.41804713452969, 9.918401387698742, 46.97195048699671, 59.62942685327895, 45.29793025141141, 66.50185802832297, 46.97744814605149, 15.921960900840304, 62.686840018579375, 64.75205899155827, 29.360766020094584, 31.053157327968165, 53.176694192319445, 31.77667578408359, 32.057016530301766, 37.216275523316696, 80.22754361675263, 35.042153099290196, 29.321419807163423, 65.53035434489237, 26.917848037256352, 67.5347137729324, 22.828892620997305, 62.65674276120825, 49.13402377904538, 34.16786646991591, 71.2825355674665, 47.513353382634904, 14.648902245958293, 35.33761862393869, 42.141574001367474, 47.497372078574166, 14.470988226296885, 25.11770464449464, 35.41389177134396, 38.89349803262265, 30.456594333411513, 36.93962065317547, 66.22013197285045, 7.21176185794259, 22.233687630791, 50.77306365591649, 28.55751770594945, 10.889940833974562, 59.52352642473308, 33.41036142345462, 45.803081188511555, 34.17311589133982, 24.897419840122208, 61.126877047840644, 57.24180881655776, 32.28864787558561, 77.15666814084652, 62.30486767599617, 81.6979256280927, 62.87804846321291], [31.174485155220573, 28.849108418735003, 20.44749134225743, 76.85698474328682, 43.27107293832431, 15.836173837027147, 24.54534147244591, 47.98787938614574, 26.474994310363524, 69.39882422746575, 63.20595486368265, 41.95408234519991, 26.397622162759472, 69.56587684431469, 21.399001638302583, 43.35136462663502, 45.374548212504216, 21.28017097816288, 0.0, 14.895626228971004, 69.768730326274, 38.648907150412676, 53.07992393372594, 31.4572732601499, 46.438612975431276, 65.54995627204805, 67.9563388928201, 68.31530657473293, 55.75826883639241, 73.90346509266516, 39.29337330663225, 40.3270292515629, 52.10179376681602, 38.619130625121585, 18.890814602228392, 69.42218752866913, 46.76997784851747, 27.89972365489816, 31.072534251207447, 61.43320865160033, 13.120175110275902, 31.328968922054262, 36.77928602804659, 54.325947140313566, 9.223348084253178, 29.119389214538668, 34.86159926700143, 40.64633589059272, 32.46277761820146, 59.684872865308456, 29.38392152802886, 30.389174054991948, 65.04049781419033, 66.16051508780536, 49.56169700089112, 47.9160176601133, 64.95600038745552, 25.362789209280628, 10.789916032471988, 58.45252670571248, 62.30909900445472, 49.581333904138035, 13.539181626426725, 59.84396082519264, 29.083909533619217, 58.324561887547894, 26.995352532005015, 58.770929770289825, 62.526678453850316, 23.526411810796283, 63.99916616462708, 52.47823891687408, 34.43358714101326, 55.16981550583349, 21.24638712739915, 26.58952568232843, 13.715713374822785, 42.313188278090145, 56.4085142648742, 59.402080579662645, 24.60853592328596, 30.70494627868191, 49.79723013675644, 16.873276010614102,