instance_id,num_cities,city_coordinates,distance_matrix,best_route,total_distance
366,62,"[[22.272989055776648, 55.78649831942353], [24.883030499396185, 53.674086054978154], [51.79426276593233, 2.5856511359222956], [82.60223457283155, 88.15533322778926], [14.407310965048826, 18.409867261267188], [35.26085248902756, 71.76300818357049], [55.703920763590745, 22.92514024697705], [70.24965742213213, 10.127548762965077], [38.23242254938144, 67.54899482762603], [85.94107498975912, 21.482406257208897], [77.82753483416862, 1.9997538665349257], [5.021983925138818, 81.74646114326434], [85.7492984297054, 4.3535241605532455], [26.07956518556587, 56.21632865252698], [74.01857124791216, 45.94035902980753], [52.700995730880166, 59.100820634518904], [59.30153200804541, 5.868926307508304], [74.81145523848042, 10.386671292215087], [45.80152698603063, 73.03739804132883], [24.223421087461816, 29.764117143650658], [10.977793514040501, 78.6675325118964], [39.61188704636924, 54.48070288768855], [11.614340794534284, 36.78805399342948], [79.88444161339716, 17.408652734168406], [86.21484719045104, 42.32912887453498], [86.47124237816739, 9.738375827505264], [23.844997639985188, 90.43460784433407], [63.710621548109955, 78.39850461626837], [13.732103416431872, 16.803317618484282], [19.633714893143683, 44.33913362571664], [4.532328197958457, 9.724745048802742], [33.60059373053623, 77.54594430545117], [78.04789430538393, 3.992932184322895], [49.84954920512956, 72.53601918262366], [59.137209723412745, 16.472355121708414], [97.8880048233059, 48.60984959640994], [72.76174221779756, 25.575240468872586], [37.07443231410766, 2.6312644796976037], [83.00733435944088, 45.256979063422456], [88.74507026274952, 59.16803209520097], [58.26848337947395, 19.85776548281777], [83.50004804333645, 21.650594662803325], [33.384088285307314, 48.816794829125655], [85.64013769584965, 16.847519539634504], [77.81712945335627, 18.879369090546973], [80.58493280055956, 6.5522667328969835], [47.83704202031633, 20.502229159573936], [18.983333692821645, 33.612298466220615], [61.36274396270716, 99.28781324214965], [84.2200616949997, 82.30470642987174], [51.414190548994476, 34.80248875617221], [44.496090193060375, 97.66647808952696], [77.04235389257632, 18.64109618379751], [92.21481321850665, 93.13365945630089], [68.30458565090161, 41.646387228271465], [7.812189165449923, 46.12171674653388], [3.4520012447379678, 57.83046163701863], [48.80792344768685, 6.525487763928872], [38.924408935028495, 54.669207105090855], [65.51133992902783, 15.744062062628805], [51.55466733656726, 80.15553764404041], [87.49864411896759, 89.73284387152216]]","[[0.0, 3.3577673999833264, 60.84271314226692, 68.46429243030359, 38.19530653214466, 20.58964458168138, 46.877457793891445, 66.2306604386101, 19.82573684739789, 72.32147605455708, 77.32607215864384, 31.16916501660719, 81.6981804115718, 3.83076701812273, 52.67401385231215, 30.607978087885574, 62.15204734144126, 69.43655177881138, 29.175085918479017, 26.095373290440623, 25.517115198297176, 17.387998310263196, 21.78411507417229, 69.223828972144, 65.34265080398136, 79.00534991174055, 34.683752747345864, 47.20572227323958, 39.907832628024885, 11.747677495414527, 49.36006647114312, 24.53137006541807, 76.11447660329613, 32.26473491007877, 53.89408706715995, 75.95482141653176, 58.83735460375452, 55.17754622204159, 61.64033967482024, 66.55803746102434, 50.85813066611392, 70.10001904935677, 13.116146264476747, 74.37499307688012, 66.68798782706696, 76.31705145778665, 43.5717850692223, 22.416890318168637, 58.48395796019702, 67.38438372470449, 35.910141768293585, 47.4109579074523, 66.1775205371419, 79.28851879177795, 48.154445555591664, 17.39318074188102, 18.931649907679493, 55.95310450843219, 16.68886226358072, 58.93175449295439, 38.095495278896806, 73.5305409660833], [3.3577673999833264, 0.0, 57.742900902033504, 67.23438796823669, 36.78730524097986, 20.85445499222538, 43.536478325433166, 62.88427266392922, 19.254073894984163, 69.02455392966509, 73.98214072582867, 34.38778001154263, 78.34041356379214, 2.809749576029686, 49.74044529705106, 28.342347076712525, 58.9064219298881, 66.08061647540734, 28.50476006462937, 23.919065573658177, 28.601188461561218, 14.750926950402906, 21.47547916269991, 65.88123312808776, 62.37226781231578, 75.65351595013202, 36.775174703091864, 46.03127958073759, 38.52008229361848, 10.709652244149737, 48.43238233908007, 25.41380579566157, 72.76482524839149, 31.29056691074014, 50.569927612588565, 73.18041245403724, 55.5150084129111, 52.47856622063598, 58.73059159690205, 64.0979216966432, 47.519806407928584, 66.79415203961568, 9.790876443513314, 71.0466190341973, 63.34580618085552, 72.96004232585952, 40.33929516974374, 20.911282688202842, 58.40703384243186, 65.88319735835, 32.558249925106544, 48.16640600531316, 62.83235946666807, 78.04246854852734, 45.05659763942667, 18.666866529224965, 21.830356682679252, 52.87145565801932, 14.076596686593584, 55.581887761842815, 37.58514985785994, 72.25613527049194], [60.84271314226692, 57.742900902033504, 0.0, 90.94669658738505, 40.597906115256876, 71.12566613735342, 20.711838232213225, 19.93694589782702, 66.36384206528191, 39.02681307976809, 26.039864250588696, 91.94607065546327, 34.00102677801538, 59.47684627264422, 48.719098760817765, 56.522442871171336, 8.193838375628987, 24.303231571073237, 70.70616326849571, 38.714600932884906, 86.339080582888, 53.30578462503951, 52.7658079712123, 31.76128971034028, 52.57680719561641, 35.406982158056714, 92.18785503436389, 76.74365354514994, 40.63089975075782, 52.703454720762785, 47.79808700151472, 77.13660055402525, 26.29132193250228, 69.97739564103932, 15.708577835349034, 65.13723897112959, 31.1152119109302, 14.719901124246563, 52.86868700277835, 67.57905007979754, 18.445635434027196, 36.99633619346676, 49.76196510979719, 36.727974898385156, 30.703010201221268, 29.062634435593495, 18.34838859701665, 45.15761188547738, 97.17439986144555, 86.06137468776615, 32.21907945829052, 95.36051057479052, 29.920618663802053, 99.16028796688953, 42.406743164762005, 61.88547331199567, 73.40955888905472, 4.943736964997338, 53.650069338467254, 19.00794528649494, 77.57025653465442, 94.17768339420313], [68.46429243030359, 67.23438796823669, 90.94669658738505, 0.0, 97.54474680247323, 50.09904967122668, 70.55846768527783, 78.99950196522151, 48.92137979716373, 66.75647568703768, 86.28778368151416, 77.84451767436569, 83.86088011618243, 64.92235491662919, 43.078803634871626, 41.6923108776178, 85.52178379724485, 78.15792360270439, 39.78497257999866, 82.56888021369888, 72.2501136290368, 54.609071673014505, 87.62350391886588, 70.79886439369508, 45.96838016888571, 78.512345712733, 58.80142842448872, 21.26237868232111, 99.16756070918652, 76.71306158810184, 110.66285484968851, 50.13701166346808, 84.28553710259526, 36.286379952224316, 75.42583603342231, 42.396934415001944, 63.34905918404864, 96.8872907750948, 42.900266850551844, 29.631031997969362, 72.50302895065282, 66.5107985264419, 63.007511673793836, 71.37249574149298, 69.44102849287954, 81.62799745069226, 76.06287598610923, 83.79920757490616, 23.980159979610143, 6.0701893319511395, 61.79983902281103, 39.275184481717275, 69.73622749322585, 10.825220563885791, 48.65701206075879, 85.79263258888533, 84.76058796922295, 88.34866798586613, 55.03701568173541, 74.40087950743592, 32.06163066146385, 5.144255657972567], [38.19530653214466, 36.78730524097986, 40.597906115256876, 97.54474680247323, 0.0, 57.28374848390651, 41.542721034960024, 56.453205910207096, 54.610345173682866, 71.59971991163457, 65.5089048697751, 64.02818510795933, 72.7135472712768, 39.56728499047155, 65.6614828459497, 55.87629174675972, 46.612941154395145, 60.934656140519515, 63.00606255511173, 15.009164144846435, 60.35518048522146, 44.00427068168927, 18.58920197145671, 65.48478501507164, 75.68654659109767, 72.58377900330392, 72.64043767649224, 77.64955277501366, 1.7426723697916358, 26.450749558720926, 13.15091755337912, 62.172805240648586, 65.2531368204699, 64.69770145283681, 44.77184155498212, 88.77536358753467, 58.79270550022382, 27.618158808861864, 73.66634660296764, 84.77812487919866, 43.88506414291652, 69.16869690156413, 35.842702487112604, 71.24995813657425, 63.41155661776325, 67.23154261278164, 33.49514736108804, 15.876205420264476, 93.5203444929718, 94.63810351472657, 40.47501916016687, 84.7758514874032, 62.635469738382476, 107.87795199635755, 58.69286224694836, 28.485825131907628, 40.91457041208503, 36.39561258197733, 43.77017042209774, 51.17351164135888, 72.05868369884833, 102.12399313953662], [20.58964458168138, 20.85445499222538, 71.12566613735342, 50.09904967122668, 57.28374848390651, 0.0, 52.943898468762136, 70.87415839807863, 5.156368604712994, 71.39064282383858, 81.724134126802, 31.844285280448027, 84.22067269829995, 18.05533940389031, 46.572201716379375, 21.55202055083685, 70.1425997381428, 73.01578533472185, 10.617433228484565, 43.42501284429664, 25.245581977509335, 17.82160425043858, 42.21853782309697, 70.32539130826434, 58.8443950364991, 80.43356918291497, 21.88493490568868, 29.213338946848715, 59.02588096454652, 31.563845222114352, 69.23141120824785, 6.01654463416499, 80.14682868547217, 14.609162121047957, 60.22571502930601, 66.76997051117449, 59.49476125606571, 69.15552804599142, 54.610402953282104, 54.947201689745, 56.77592182444127, 69.55770249658353, 23.02283542885342, 74.52370945512968, 67.88015905097615, 79.41481635458707, 52.78094361863856, 41.478117967168316, 37.93314687732264, 50.08124966482184, 40.33621606971409, 27.500533969702875, 67.58425403928322, 60.83139303514017, 44.70905007980254, 37.562014653239295, 34.726342605480035, 66.62925184978522, 17.48198161375496, 63.66485934060155, 18.328201030945745, 55.24221093534376], [46.877457793891445, 43.536478325433166, 20.711838232213225, 70.55846768527783, 41.542721034960024, 52.943898468762136, 0.0, 19.374127147597918, 47.92224585183823, 30.271553925464815, 30.4520294022363, 77.64410160263839, 35.321801244571, 44.56350153283599, 29.413036531177937, 36.30010206946614, 17.431501387291764, 22.854126048454074, 51.08126646602874, 32.21480195270474, 71.46776024305716, 35.42184471096983, 46.21765289788529, 24.80179878651741, 36.15842095672431, 33.474151747123365, 74.64930808704395, 56.048206143470644, 42.41591875367069, 41.94781119392449, 52.846781539570195, 58.92358867146825, 29.286202481099885, 49.95510959963859, 7.309302904827779, 49.38827029084902, 17.262453590080675, 27.54812577195036, 35.27304096487502, 49.043498751086425, 3.99822077361755, 27.825333029416917, 34.184100088490446, 30.54692386603901, 22.480263850927624, 29.78482410711622, 8.231541732800954, 38.24417427040464, 76.57205826518262, 65.87186936537286, 12.628269593372664, 75.57700079119242, 21.764231250734607, 79.13457801378883, 22.56683061789879, 53.213711736432664, 62.838241181200814, 17.79054188454365, 35.905957693637134, 12.155383769190708, 57.38061249435616, 73.9876590846744], [66.2306604386101, 62.88427266392922, 19.93694589782702, 78.99950196522151, 56.453205910207096, 70.87415839807863, 19.374127147597918, 0.0, 65.7443974575298, 19.36887642575629, 11.112392899384398, 96.8706250643989, 16.540200466527125, 63.83707919301491, 36.01058303658817, 52.022465194943805, 11.747225855524025, 4.569151321898295, 67.49340870075446, 50.04007642784198, 90.61392400422302, 53.90617083794256, 64.41182263499668, 12.076569937350728, 35.94202339908382, 16.226252619122008, 92.7502894216255, 68.58339743177963, 56.910454229425774, 61.09342171559155, 65.71856367260756, 76.73587118808102, 9.921996727184519, 65.65806572986152, 12.79621278295745, 47.37895866841862, 15.650614973903647, 34.011613296397165, 37.374258441759515, 52.412301052369195, 15.434560209340825, 17.559995399323952, 53.44088274860299, 16.79359670514268, 11.569831113271936, 10.936204037162803, 24.69735456443647, 56.38944420140196, 89.6020646683627, 73.51676192828994, 31.042349717723347, 91.24861846988762, 10.891336696032653, 85.86316137665398, 31.578797988481377, 72.06953289104605, 82.0822439231708, 21.742189385424332, 54.45393025893954, 7.348256549056912, 72.4804931069552, 81.45262765183251], [19.82573684739789, 19.254073894984163, 66.36384206528191, 48.92137979716373, 54.610345173682866, 5.156368604712994, 47.92224585183823, 65.7443974575298, 0.0, 66.31927397214811, 76.57986620137233, 36.11788038352016, 79.06656060724389, 16.616896964881274, 41.804085682097096, 16.75443992216587, 65.17927758135696, 67.86425321505548, 9.349540727174016, 40.29825186720941, 29.435296568755504, 13.140897097454372, 40.678713810943776, 65.18392898067812, 54.20659289355682, 75.29310332063088, 27.032374639939274, 27.692065413628082, 56.35059354639295, 29.74238698379967, 66.92787327996129, 11.017841760947256, 74.99763256178494, 12.64231164198356, 55.18906821499765, 62.58977327431428, 54.3513566687405, 64.92805753225132, 50.01726396385652, 51.203204151079525, 51.729073933391355, 64.46565795484571, 19.3494615408288, 69.41275856632905, 62.73501008257623, 74.25857501217253, 48.017151883530815, 39.015724800828224, 39.27294696141172, 48.29693550398669, 35.30003778303055, 30.76192988714058, 62.43551329666877, 59.738375994965104, 39.689798110478876, 37.209123143354425, 36.11270681499013, 61.93310611945081, 12.89836334328851, 58.54818863288135, 18.341404743143006, 54.030396501838915], [72.32147605455708, 69.02455392966509, 39.02681307976809, 66.75647568703768, 71.59971991163457, 71.39064282383858, 30.271553925464815, 19.36887642575629, 66.31927397214811, 0.0, 21.104579551183047, 100.89427937219145, 17.12995563713218, 69.20871130863155, 27.209144589659925, 50.20007937642687, 30.877921018330788, 15.715717298979358, 65.33835391103986, 62.27082413466487, 94.28484626053313, 56.87953266340246, 75.88627193869046, 7.299196916246777, 20.84852021371317, 11.755991161681628, 92.79185808000966, 61.10348036437421, 72.36041352954406, 70.13626728719258, 82.25342941970975, 76.69841117607177, 19.188121446935472, 62.52255294052425, 27.268073008498035, 29.64164831059928, 13.800221164831546, 52.37665809027559, 23.95489816726277, 37.78979735711861, 27.720241414450907, 2.4468142334345626, 59.24023674878804, 4.6446461802394685, 8.53078505000935, 15.861819736913676, 38.116637780359255, 68.04758191581718, 81.5951941732331, 60.84664399171282, 37.00716615690945, 86.7277323913775, 9.3413211109947, 71.92539104073914, 26.788652164694803, 81.9220264735761, 90.14226765067124, 40.03224143438793, 57.549375647517124, 21.22033620721275, 68.00706858869808, 68.26820823881005], [77.32607215864384, 73.98214072582867, 26.039864250588696, 86.28778368151416, 65.5089048697751, 81.724134126802, 30.4520294022363, 11.112392899384398, 76.57986620137233, 21.104579551183047, 0.0, 107.9823391330624, 8.264053064966067, 74.94857800037157, 44.10538499680109, 62.38489234863556, 18.92573052992969, 8.912750419074026, 77.9231163942615, 60.367713877150706, 101.71939931489071, 64.92061110311626, 74.79580797510752, 15.545579108267168, 41.192299002334735, 11.601721853285127, 103.60906195886561, 77.69206109279116, 65.78274719395523, 71.96626819365193, 73.70117234217419, 87.5399863446252, 2.0053224436619597, 75.88235898152071, 23.638621783788512, 50.74370384720838, 24.11360245523431, 40.757995174752345, 43.56624673822904, 58.201414205021614, 26.485185910140153, 20.4531892405187, 64.55273244127153, 16.777750414093685, 16.87961843119237, 5.322463428098776, 35.238774825286484, 66.79815105248362, 98.67145400526992, 80.55898339642961, 42.1151299721011, 101.30699544168345, 16.659855438489082, 92.26257381708369, 40.77428231210265, 82.75805844444498, 92.9988598148691, 29.37039516813559, 65.47919142118951, 18.455206981516877, 82.45356332156122, 88.26451969291917], [31.16916501660719, 34.38778001154263, 91.94607065546327, 77.84451767436569, 64.02818510795933, 31.844285280448027, 77.64410160263839, 96.8706250643989, 36.11788038352016, 100.89427937219145, 107.9823391330624, 0.0, 111.83275907322103, 33.093947989535664, 77.73420103627736, 52.78364520212065, 93.29345975381092, 99.81377617233828, 41.699147621607615, 55.415334310936096, 6.7045856975886675, 44.04410256989698, 45.4391630924667, 98.7103903447444, 90.25523324662731, 108.71589604740369, 20.731370876249436, 58.78405395128068, 65.5246371407945, 40.15981615852385, 72.02338059215485, 28.885658727366927, 106.66955916489268, 45.76399075738655, 84.7889531726362, 98.60087657960213, 87.99932321102843, 85.3614303467459, 86.0999255796194, 86.71413174433248, 81.64190317901641, 98.84492761784662, 43.46000330531061, 103.49473097056358, 96.18422155238976, 106.60171722713275, 74.72606741268747, 50.11802972938668, 59.008306831054945, 79.20004520352848, 65.99979832477206, 42.563505556056505, 95.75604825239019, 87.9332574490608, 74.91797921173134, 35.733844721992035, 23.96747541981641, 87.03679300162047, 43.3883867849333, 89.52808986103022, 46.55987181091257, 82.86242686411323], [81.6981804115718, 78.34041356379214, 34.00102677801538, 83.86088011618243, 72.7135472712768, 84.22067269829995, 35.321801244571, 16.540200466527125, 79.06656060724389, 17.12995563713218, 8.264053064966067, 111.83275907322103, 0.0, 79.05838067655738, 43.209660894946715, 63.94886068165306, 26.49114554642139, 12.491408166740301, 79.45627083236643, 66.56674709256448, 105.41987376484948, 68.12778270498288, 80.91965564094026, 14.311985450992477, 37.97845822359333, 5.43303143188007, 106.02874810370172, 77.25517723349422, 73.08538660173464, 77.26654742306425, 81.39438719871805, 89.87000483180363, 7.709841247356359, 77.0561134616981, 29.241568514302415, 45.89085457903888, 24.88047144706573, 48.70532588721347, 40.99525570055244, 54.896310704757006, 31.552760494195155, 17.442699769828945, 68.69568888957811, 12.494472241688314, 16.55051285004728, 5.612944080510668, 41.20824989242638, 72.89560975200624, 98.01644393773927, 77.96618101571532, 45.89160138985471, 102.02516631089982, 16.731574865864673, 89.01525321323005, 41.17129630850286, 88.42383678832346, 98.14595236591592, 37.005170063877486, 68.73309411312674, 23.223249513661255, 83.15779003645166, 85.39723909265676], [3.83076701812273, 2.809749576029686, 59.47684627264422, 64.92235491662919, 39.56728499047155, 18.05533940389031, 44.56350153283599, 63.83707919301491, 16.616896964881274, 69.20871130863155, 74.94857800037157, 33.093947989535664, 79.05838067655738, 0.0, 49.02799051493675, 26.7772451584021, 60.32047747195909, 66.8965963401199, 25.921114031651452, 26.517254092821442, 27.05771724210766, 13.643171615865125, 24.22190275168789, 66.34003646063621, 61.7179589704725, 76.20600221072046, 34.291163919648746, 43.68232289436261, 41.30187950819911, 13.51357642140701, 51.24208004933247, 22.61677196851327, 73.67489647214282, 28.833044225132394, 51.69517670352858, 72.21018298576801, 55.839967205820464, 54.70142782030951, 57.97308208582841, 62.73498290262, 48.559979100694036, 67.02165185869312, 10.397555410687486, 71.395832712562, 63.803010161721, 73.73841702398042, 41.81966882708724, 23.69174290891374, 55.67814193535751, 63.72535436870432, 33.172213996234795, 45.35728476993855, 63.31748516700938, 75.74140443676676, 44.668059577334, 20.870989823027678, 22.68506282089338, 54.6420894321154, 12.93768124629179, 56.50547957802776, 34.958068549954426, 69.96899348606186], [52.67401385231215, 49.74044529705106, 48.719098760817765, 43.078803634871626, 65.6614828459497, 46.572201716379375, 29.413036531177937, 36.01058303658817, 41.804085682097096, 27.209144589659925, 44.10538499680109, 77.73420103627736, 43.209660894946715, 49.02799051493675, 0.0, 25.05268000780444, 42.68853434360954, 35.56252770494148, 39.12098043337985, 52.35673577545924, 71.02962439305271, 35.45077419402219, 63.07180563419131, 29.12845171452284, 12.719674921195995, 38.283842623985215, 67.06061188327365, 34.05561689245314, 66.95838547785688, 54.40842327731532, 78.3575693166805, 51.30814679182136, 42.140503832521496, 35.937038907909525, 33.01239426564811, 24.018243880336325, 20.403864173530362, 56.92580322060121, 9.014703015276533, 19.794976836534584, 30.469114755781742, 26.07472061646599, 40.73616438185881, 31.328168096854903, 27.326291752319925, 39.93167813691318, 36.50439595432755, 56.399099726899124, 54.82810260451185, 37.76818991128083, 25.199408346505514, 59.55810843717547, 27.466215855441668, 50.57974720179691, 7.14757477996774, 66.20663047664027, 71.56126984635537, 46.78791339024206, 36.163420982595134, 31.371792031107397, 40.93049506837164, 45.82023672157064], [30.607978087885574, 28.342347076712525, 56.522442871171336, 41.6923108776178, 55.87629174675972, 21.55202055083685, 36.30010206946614, 52.022465194943805, 16.75443992216587, 50.20007937642687, 62.38489234863556, 52.78364520212065, 63.94886068165306, 26.7772451584021, 25.05268000780444, 0.0, 53.639553062904966, 53.4971098825115, 15.550911831052238, 40.88538160862125, 46.0834223655275, 13.880571103146877, 46.75438769824783, 49.771242643505964, 37.47623092236056, 59.808699333325094, 42.596652999170146, 22.217391109103755, 57.51220157154937, 36.21260091939788, 68.97983308289099, 26.552738913542015, 60.65760164056462, 13.734456935613121, 43.11161006659976, 46.38885926643818, 39.06914479554865, 58.59181049038277, 33.31855504842023, 36.044137196490084, 39.636022711123545, 48.48815369425793, 21.883877627761084, 53.57544705182937, 47.4192507054823, 59.48835569804821, 38.903846976207916, 42.267546600631626, 41.10985596274118, 39.13913431917339, 24.33238170928623, 39.42880178019064, 47.21748637723396, 52.14955312095059, 23.412160599255284, 46.72753034993099, 49.26537597419301, 52.71927198146341, 14.471818898046104, 45.209660829696354, 21.08589996036788, 46.359434648551], [62.15204734144126, 58.9064219298881, 8.193838375628987, 85.52178379724485, 46.612941154395145, 70.1425997381428, 17.431501387291764, 11.747225855524025, 65.17927758135696, 30.877921018330788, 18.92573052992969, 93.29345975381092, 26.49114554642139, 60.32047747195909, 42.68853434360954, 53.639553062904966, 0.0, 16.154495917880904, 68.51170506308736, 42.44353909433599, 87.37746143793916, 52.447945059823084, 56.83362264269515, 23.597064517101245, 45.3174679934363, 27.44386636726171, 91.6979842918113, 72.66346950303753, 46.86292495681115, 55.25841624374717, 54.90476321920131, 76.14547351892799, 18.83999610757129, 67.33380466991208, 10.604701996333327, 57.58213618745497, 23.864535962744014, 22.46166545284455, 45.97155386786597, 60.8910225133712, 14.026931629606889, 28.889950404712668, 50.1620703287995, 28.535095215087694, 22.62960384468816, 21.294367880539728, 18.58946161240321, 48.94130989381594, 93.44162365257436, 80.3950347016152, 29.98935129779232, 92.9838245100152, 21.86012544537291, 93.26530829611234, 36.892840563351605, 65.35625115083062, 76.28349258051557, 10.514128283604283, 52.88378343741853, 11.665334139987385, 74.68945398182515, 88.4773066982694], [69.43655177881138, 66.08061647540734, 24.303231571073237, 78.15792360270439, 60.934656140519515, 73.01578533472185, 22.854126048454074, 4.569151321898295, 67.86425321505548, 15.715717298979358, 8.912750419074026, 99.81377617233828, 12.491408166740301, 66.8965963401199, 35.56252770494148, 53.4971098825115, 16.154495917880904, 0.0, 69.04121594674011, 54.17226787748453, 93.47198713011083, 56.42068081168197, 68.49020574196874, 8.662760191257039, 33.916927107398365, 11.677796159908468, 94.8960059559478, 68.9118130709102, 61.4154749967629, 64.78697961878794, 70.28224415831885, 78.79532383265733, 7.166201058689977, 66.97490721173767, 16.81420590272332, 44.64905934524467, 15.326250588492513, 38.52569576298757, 35.820535990184744, 50.73230518550903, 19.062306867091085, 14.22559716240692, 56.507531601858766, 12.609636150132111, 9.008884136215807, 6.930779284059673, 28.80873963630049, 60.46659336313527, 89.91262911839208, 72.5308600081019, 33.81662516253122, 92.39472946230842, 8.550581213907181, 84.55732327367215, 31.92975402712484, 75.9334914773907, 85.6918019215766, 26.28863640118902, 56.99844796487644, 10.732836560575615, 73.54300031636892, 80.35409052857446], [29.175085918479017, 28.50476006462937, 70.70616326849571, 39.78497257999866, 63.00606255511173, 10.617433228484565, 51.08126646602874, 67.49340870075446, 9.349540727174016, 65.33835391103986, 77.9231163942615, 41.699147621607615, 79.45627083236643, 25.921114031651452, 39.12098043337985, 15.550911831052238, 68.51170506308736, 69.04121594674011, 0.0, 48.35484974456242, 35.275924184702504, 19.56176315181707, 49.827488834929405, 65.23957674560188, 50.75661774749453, 75.23823471682157, 28.01342695661379, 18.694307468889004, 64.735768544826, 38.837414566330665, 75.57538486545364, 13.007296480082273, 76.20345445433504, 4.07895386665198, 58.11578541644783, 57.53004690178714, 54.5848844166209, 70.94494925300152, 46.43300314318824, 45.12767688356049, 54.62140899660376, 63.732111618644566, 27.218199864230694, 68.87973104857245, 62.913360275696235, 75.03437882169499, 52.57458788130736, 47.68179912733073, 30.51615591798369, 39.52046070015656, 38.64466690651089, 24.66365239053194, 62.72915527552092, 50.57719705318438, 38.62360947840206, 46.55796051814532, 44.99703596146245, 66.5798214809379, 19.613393152575977, 60.58880320501588, 9.152405984038499, 44.91533689806618], [26.095373290440623, 23.919065573658177, 38.714600932884906, 82.56888021369888, 15.009164144846435, 43.42501284429664, 32.21480195270474, 50.04007642784198, 40.29825186720941, 62.27082413466487, 60.367713877150706, 55.415334310936096, 66.56674709256448, 26.517254092821442, 52.35673577545924, 40.88538160862125, 42.44353909433599, 54.17226787748453, 48.35484974456242, 0.0, 50.665478232154804, 29.115537010517766, 14.43345401153772, 57.01584610231245, 63.25200732055572, 65.3897665594609, 60.671670870079986, 62.64617023454925, 16.67483345662013, 15.280592540953943, 28.094760599421722, 48.693268258540634, 59.676024426855854, 49.8611476636331, 37.35831332600286, 76.03704708006597, 48.7187367031217, 30.022328078134812, 60.79125948713903, 70.90580672114879, 35.457045416885386, 59.82932182728748, 21.140538084360088, 62.76027065444426, 54.68787175039901, 60.954163123422994, 25.36504805022316, 6.501308744771554, 78.82178393583949, 79.75030035512991, 27.653627834627414, 70.86403696296985, 53.977414331778924, 92.94368346925074, 45.65454426048885, 23.17109401746727, 34.916637517136564, 33.82944947450341, 28.920279211683493, 43.60337357066112, 57.326191933324345, 87.17799054261877], [25.517115198297176, 28.601188461561218, 86.339080582888, 72.2501136290368, 60.35518048522146, 25.245581977509335, 71.46776024305716, 90.61392400422302, 29.435296568755504, 94.28484626053313, 101.71939931489071, 6.7045856975886675, 105.41987376484948, 27.05771724210766, 71.02962439305271, 46.0834223655275, 87.37746143793916, 93.47198713011083, 35.275924184702504, 50.665478232154804, 0.0, 37.482182963224126, 41.88431584040781, 92.19965566047794, 83.55294025238658, 102.22763551321083, 17.43642749814282, 52.73351428152089, 61.92549803931079, 35.4028804620455, 69.24342543752526, 22.65058607940016, 100.37277695791727, 39.35236773327323, 78.66110512969225, 91.96112837535809, 81.46194075646746, 80.38997831151309, 79.40100651838449, 80.17468334462572, 75.46521083229752, 92.25187588173657, 37.32436986182738, 96.9338931572108, 89.67787527649557, 100.22856577856729, 68.86077776583046, 45.760930808547826, 54.44115363499426, 73.3325226785575, 59.659402183227016, 38.52838103690009, 89.26196948454876, 82.51498166536454, 68.24167564482973, 32.699406335967865, 22.154481982781117, 81.45915142704541, 36.836570630550455, 83.2662645852174, 40.604148168414326, 77.31676204282635], [17.387998310263196, 14.750926950402906, 53.30578462503951, 54.609071673014505, 44.00427068168927, 17.82160425043858, 35.42184471096983, 53.90617083794256, 13.140897097454372, 56.87953266340246, 64.92061110311626, 44.04410256989698, 68.12778270498288, 13.643171615865125, 35.45077419402219, 13.880571103146877, 52.447945059823084, 56.42068081168197, 19.56176315181707, 29.115537010517766, 37.482182963224126, 0.0, 33.11936625328396, 54.737697740582355, 48.16115286398391, 64.78946683583781, 39.25911465105454, 33.95305942198794, 45.70939248618849, 22.404883165937076, 56.86537796476199, 23.835708694910895, 63.45346046206351, 20.75582262853155, 42.73023198559021, 58.571092029422765, 43.98225387053573, 51.911491403564234, 44.36487268873777, 49.356263514107226, 39.329586589208084, 54.80863692661395, 8.418154899034478, 59.454657906337715, 52.22160008571296, 63.054940096862396, 34.95983196809764, 29.34327037939197, 49.80739819456403, 52.57437035855151, 22.946164807520436, 43.46109317725302, 51.82197658343995, 65.27724636782997, 31.432317949144203, 32.879985319731524, 36.31471086027987, 48.82898466137124, 0.7128534165949498, 46.59730681091706, 28.316552417727614, 59.46305531062232], [21.78411507417229, 21.47547916269991, 52.7658079712123, 87.62350391886588, 18.58920197145671, 42.21853782309697, 46.21765289788529, 64.41182263499668, 40.678713810943776, 75.88627193869046, 74.79580797510752, 45.4391630924667, 80.91965564094026, 24.22190275168789, 63.07180563419131, 46.75438769824783, 56.83362264269515, 68.49020574196874, 49.827488834929405, 14.43345401153772, 41.88431584040781, 33.11936625328396, 0.0, 70.96737179144476, 74.8060095538135, 79.59422594373169, 55.02310157514915, 66.674223425482, 20.096631720235216, 11.014951863108134, 27.974588351759035, 46.30983632936577, 74.08736090962522, 52.343559081987294, 51.68317610091131, 87.07984816378593, 62.166967820171074, 42.601672855305054, 71.8935478467988, 80.31197200999847, 49.63107584355221, 73.46221873621059, 24.871922159422326, 76.6644867013259, 68.58228795509363, 75.30700759508225, 39.715389644460224, 8.024180924157132, 79.8819349035253, 85.6933857219807, 39.84934767080898, 69.1909818107228, 67.89798948203196, 98.34258187552885, 56.89804270531327, 10.078373747745081, 22.570040016915083, 47.94982278769967, 32.64315331644776, 57.8596241958691, 58.95734324467335, 92.52879695678521], [69.223828972144, 65.88123312808776, 31.76128971034028, 70.79886439369508, 65.48478501507164, 70.32539130826434, 24.80179878651741, 12.076569937350728, 65.18392898067812, 7.299196916246777, 15.545579108267168, 98.7103903447444, 14.311985450992477, 66.34003646063621, 29.12845171452284, 49.771242643505964, 23.597064517101245, 8.662760191257039, 65.23957674560188, 57.01584610231245, 92.19965566047794, 54.737697740582355, 70.96737179144476, 0.0, 25.711945975218885, 10.110345797235007, 92.05003748288813, 63.09797530907612, 66.15510773574444, 65.9954609906523, 75.74287711389341, 75.88602250990157, 13.54084428261834, 62.77835051606948, 20.76834813642829, 36.022811854289365, 10.836327879346195, 45.28871934409964, 28.022878839332638, 42.6890677419917, 21.75425943640255, 5.573749293081748, 56.11376167656399, 5.782984338174083, 2.537082215453878, 10.878961573233646, 32.19636681022289, 63.019862590801, 83.94790175671655, 65.0407209889897, 33.363164226890696, 87.71347642763048, 3.0978023612513277, 76.72232209068689, 26.861884474451468, 77.58124527164303, 86.46294336701234, 32.927090079039345, 55.37213368691419, 14.469171162613192, 68.84582541061481, 72.72389362147983], [65.34265080398136, 62.37226781231578, 52.57680719561641, 45.96838016888571, 75.68654659109767, 58.8443950364991, 36.15842095672431, 35.94202339908382, 54.20659289355682, 20.84852021371317, 41.192299002334735, 90.25523324662731, 37.97845822359333, 61.7179589704725, 12.719674921195995, 37.47623092236056, 45.3174679934363, 33.916927107398365, 50.75661774749453, 63.25200732055572, 83.55294025238658, 48.16115286398391, 74.8060095538135, 25.711945975218885, 0.0, 32.59176157658191, 78.76633316247194, 42.5139981436673, 76.84604859906356, 66.61146520751002, 87.94930217809906, 63.312587660270005, 39.19646790333963, 47.274635055663076, 37.44023503800713, 13.25556720429825, 21.486712408244834, 63.171993887561015, 4.342861417275857, 17.02793852674325, 35.860304278381385, 20.855980234813483, 53.22761403662368, 25.488089479199342, 24.908088989696846, 36.21712027120982, 44.150532056180076, 67.7942441476357, 62.14433811484349, 40.02531661405825, 35.60528070592763, 69.30134849733666, 25.401919731725076, 51.157598848767414, 17.923269918477654, 78.49433424236494, 84.20201889769083, 51.78009907941524, 48.87395094655405, 33.695711749676974, 51.30463203163324, 47.42109583370313], [79.00534991174055, 75.65351595013202, 35.406982158056714, 78.512345712733, 72.58377900330392, 80.43356918291497, 33.474151747123365, 16.226252619122008, 75.29310332063088, 11.755991161681628, 11.601721853285127, 108.71589604740369, 5.43303143188007, 76.20600221072046, 38.283842623985215, 59.808699333325094, 27.44386636726171, 11.677796159908468, 75.23823471682157, 65.3897665594609, 102.22763551321083, 64.78946683583781, 79.59422594373169, 10.110345797235007, 32.59176157658191, 0.0, 102.14660244824866, 72.33435660776405, 73.08143224790133, 75.26265687923717, 81.93891531396892, 85.98355558659217, 10.196220643564429, 72.69588999260392, 28.151302248847212, 40.51337973676559, 20.94651943202428, 49.90546940180934, 35.68711020232242, 49.48192813534303, 29.963271886334937, 12.277172042264514, 65.91941111194241, 7.15755959197527, 12.587749137568508, 6.693275103130253, 40.10563521308277, 71.58618582436789, 93.00289476117655, 72.6012407026231, 43.09532039391615, 97.43338528637624, 12.967743358659297, 83.59283424747161, 36.71714324668705, 86.66599188119513, 95.94291592337652, 37.80010902852219, 65.41774201059262, 21.803343271897525, 78.59862524835779, 80.0010654427942], [34.683752747345864, 36.775174703091864, 92.18785503436389, 58.80142842448872, 72.64043767649224, 21.88493490568868, 74.64930808704395, 92.7502894216255, 27.032374639939274, 92.79185808000966, 103.60906195886561, 20.731370876249436, 106.02874810370172, 34.291163919648746, 67.06061188327365, 42.596652999170146, 91.6979842918113, 94.8960059559478, 28.01342695661379, 60.671670870079986, 17.43642749814282, 39.25911465105454, 55.02310157514915, 92.05003748288813, 78.76633316247194, 102.14660244824866, 0.0, 41.64295559276145, 74.32252370513329, 46.287445876966125, 82.98831937959994, 16.164445641608133, 102.02998234749657, 31.568911577457992, 81.9509308156239, 85.03926925395456, 81.23783254393248, 88.7943976149685, 74.43923849941042, 72.03900461219853, 78.52430864502475, 91.04924770685024, 42.697032806841776, 96.0921375539516, 89.62780375302843, 101.27026904458027, 73.93345509345868, 57.02990986664094, 38.5481586454143, 60.91997748404034, 62.08859051302091, 21.880758005128246, 89.3547258337056, 68.42307039182835, 66.00716201278479, 47.12412614602661, 38.456529379086824, 87.54363539143594, 38.81433414402131, 85.52638019299468, 29.5547809816998, 63.6575147389906], [47.20572227323958, 46.03127958073759, 76.74365354514994, 21.26237868232111, 77.64955277501366, 29.213338946848715, 56.048206143470644, 68.58339743177963, 27.692065413628082, 61.10348036437421, 77.69206109279116, 58.78405395128068, 77.25517723349422, 43.68232289436261, 34.05561689245314, 22.217391109103755, 72.66346950303753, 68.9118130709102, 18.694307468889004, 62.64617023454925, 52.73351428152089, 33.95305942198794, 66.674223425482, 63.09797530907612, 42.5139981436673, 72.33435660776405, 41.64295559276145, 0.0, 79.3209892520918, 55.702912424240864, 90.65404379820384, 30.12209544933161, 75.774313583443, 15.049852555989785, 62.09479919398136, 45.33715358766782, 53.59309676220245, 80.31289594344335, 38.3500174875178, 31.567937782336163, 58.79315441560556, 60.0994732514067, 42.364798756404, 65.34085584362957, 61.16797412870535, 73.80124848699063, 60.03290130239107, 63.29561232980053, 21.020840706864107, 20.878111690175697, 45.296962527191205, 27.21126636083628, 61.22648895592192, 32.08759465809873, 37.038124124729144, 64.54785649443872, 63.67217377208209, 73.40177764965254, 34.31378580213576, 62.68031396215797, 12.282279424186877, 26.350280153820364], [39.907832628024885, 38.52008229361848, 40.63089975075782, 99.16756070918652, 1.7426723697916358, 59.02588096454652, 42.41591875367069, 56.910454229425774, 56.35059354639295, 72.36041352954406, 65.78274719395523, 65.5246371407945, 73.08538660173464, 41.30187950819911, 66.95838547785688, 57.51220157154937, 46.86292495681115, 61.4154749967629, 64.735768544826, 16.67483345662013, 61.92549803931079, 45.70939248618849, 20.096631720235216, 66.15510773574444, 76.84604859906356, 73.08143224790133, 74.32252370513329, 79.3209892520918, 0.0, 28.16114666000322, 11.60784448959778, 63.90949541495286, 65.57916538538123, 66.41237771633342, 45.40631250082423, 89.96594476837505, 59.67784251724305, 27.307717014350786, 74.89104400280712, 86.14937160409518, 44.64099900280444, 69.93612937679069, 37.56412161095696, 71.90804786489308, 64.1186443389747, 67.63419875271819, 34.30493818335103, 17.610146409250532, 95.24898916596939, 96.22361559670097, 41.760146698854136, 86.51747571304986, 63.33691850261799, 109.47993799301597, 59.961103432710836, 29.910097160835143, 42.29547312630542, 36.55060789349718, 45.48052158841427, 51.790070053630565, 73.78380664928586, 103.73147220931264], [11.747677495414527, 10.709652244149737, 52.703454720762785, 76.71306158810184, 26.450749558720926, 31.563845222114352, 41.94781119392449, 61.09342171559155, 29.74238698379967, 70.13626728719258, 71.96626819365193, 40.15981615852385, 77.26654742306425, 13.51357642140701, 54.40842327731532, 36.21260091939788, 55.25841624374717, 64.78697961878794, 38.837414566330665, 15.280592540953943, 35.4028804620455, 22.404883165937076, 11.014951863108134, 65.9954609906523, 66.61146520751002, 75.26265687923717, 46.287445876966125, 55.702912424240864, 28.16114666000322, 0.0, 37.765166180901474, 36.024519149853134, 70.99318507543464, 41.32869461135562, 48.34339094433229, 78.37074012267732, 56.344218636969565, 45.20757649840747, 63.3802657339535, 70.68433822879167, 45.73819762671548, 67.77667969385227, 14.461058684495953, 71.5027041185692, 63.509915289439974, 71.71400333249403, 36.927302576417986, 10.746533778141325, 68.99760328212767, 74.91849512341543, 33.1805097652211, 58.838281527554734, 62.89786133195194, 87.45811331801963, 48.74530278374861, 11.95516930508088, 21.068075092602584, 47.75988126183606, 21.88244261290043, 54.05954676679502, 47.97668185378298, 81.6470302503786], [49.36006647114312, 48.43238233908007, 47.79808700151472, 110.66285484968851, 13.15091755337912, 69.23141120824785, 52.846781539570195, 65.71856367260756, 66.92787327996129, 82.25342941970975, 73.70117234217419, 72.02338059215485, 81.39438719871805, 51.24208004933247, 78.3575693166805, 68.97983308289099, 54.90476321920131, 70.28224415831885, 75.57538486545364, 28.094760599421722, 69.24342543752526, 56.86537796476199, 27.974588351759035, 75.74287711389341, 87.94930217809906, 81.93891531396892, 82.98831937959994, 90.65404379820384, 11.60784448959778, 37.765166180901474, 0.0, 73.78806901987922, 73.7386746477631, 77.45260924027538, 55.020208361154694, 101.13028089476853, 70.04634995881135, 33.30624576397897, 86.14444988572625, 97.65461873369615, 54.68320104756195, 79.8631746588743, 48.586133990730126, 81.41996486116565, 73.8543785864375, 76.11874463957267, 44.62569218504335, 27.918573890558207, 106.0718593228209, 107.78676015157397, 53.167680473705055, 96.59632851722243, 73.05617799882953, 121.01762343566332, 71.31544054465695, 36.544452885923945, 48.11784569981914, 44.39103042161322, 56.59346152122404, 61.27537881572689, 84.68528162354853, 115.25929660869326], [24.53137006541807, 25.41380579566157, 77.13660055402525, 50.13701166346808, 62.172805240648586, 6.01654463416499, 58.92358867146825, 76.73587118808102, 11.017841760947256, 76.69841117607177, 87.5399863446252, 28.885658727366927, 89.87000483180363, 22.61677196851327, 51.30814679182136, 26.552738913542015, 76.14547351892799, 78.79532383265733, 13.007296480082273, 48.693268258540634, 22.65058607940016, 23.835708694910895, 46.30983632936577, 75.88602250990157, 63.312587660270005, 85.98355558659217, 16.164445641608133, 30.12209544933161, 63.90949541495286, 36.024519149853134, 73.78806901987922, 0.0, 85.93956085809201, 17.003761458914166, 66.19744747459842, 70.49942412545913, 65.07341706189014, 74.99517856435757, 59.022057707036915, 58.12625008737004, 62.74098146828991, 74.92827004802052, 28.729965266962445, 79.9525665952588, 73.46338597405807, 85.13301576428914, 58.79338311027497, 46.30150675450108, 35.