instance_id,num_cities,city_coordinates,distance_matrix,best_route,total_distance
1024,98,"[[95.68398923882425, 74.88865655837358], [64.50308003547023, 2.2629332979004713], [74.3894031058569, 25.642911532827682], [23.010557970718736, 88.8165185539624], [28.043669310133843, 60.216346636505655], [30.362679603952934, 38.075932834498026], [81.11036073483817, 74.12631420045017], [40.52866644639621, 25.51685785204425], [80.01695148156578, 48.11266080753772], [38.022125177571006, 64.27788253319594], [54.09174654789544, 41.70527461105373], [37.872246693157884, 74.27002162146299], [29.53061363854981, 16.575196646256074], [62.25675806422826, 93.22291166786061], [89.99699408173427, 29.408701209353715], [7.077496025514652, 15.485511369301829], [46.834637251205734, 73.48529068760337], [43.639031567672795, 60.01992655774777], [96.27273843445435, 61.36196053617095], [69.34001084972613, 14.557873526101972], [44.58351467548189, 68.54007934354803], [96.66099222260911, 26.69723707295617], [40.18916824548804, 88.11700167213468], [50.022461087747395, 13.130310671], [42.87176088189304, 63.952107810843295], [89.64003806881897, 54.454255845396474], [17.754747386302117, 19.5487613770282], [20.57701467882005, 30.363393161789542], [73.6229561579436, 37.646151656217775], [32.59151130293916, 1.486345457866789], [65.92804285106625, 65.67743070164241], [50.87325209111812, 85.07790696743203], [49.668777115573405, 37.279606763686715], [29.644695976088208, 95.52221884794712], [94.32984446835196, 8.47254270012272], [40.69222784428136, 91.61586450442726], [15.22553237833366, 31.529758768116523], [77.27626799377259, 67.57542981463182], [95.31545770829533, 80.01586402793858], [78.92253739086932, 0.14790282793127885], [72.04023283454379, 2.5099424350429778], [52.312785075211735, 81.624447844865], [73.13113743265333, 76.20098221904854], [43.58088597447322, 28.32470491251049], [73.73958100349112, 37.99822950192333], [21.32804026539359, 78.52670312448696], [2.6233686051811866, 47.78036648893013], [61.07133050386133, 51.96441033364773], [44.56555998066881, 31.616429940403336], [69.6858991726705, 21.051989677092497], [82.6242937953807, 3.988638396438049], [81.64481855599983, 31.98870940780796], [30.020533318146903, 79.85088345095147], [39.887189439382276, 43.07861132245958], [76.95130364361817, 23.03419370303377], [33.12687441528263, 76.738195442218], [72.96707982519804, 53.85744381597261], [65.76149761869047, 79.75015315635963], [53.89193315583094, 98.27600682050932], [83.36663792361222, 87.36086157509109], [91.83220634700774, 31.655164292944026], [9.90184642366475, 76.5051836022141], [83.50438933687073, 43.985622119732845], [85.57986663645858, 56.129351276093786], [34.419152971056874, 2.7125709336807136], [51.66677059871835, 37.76405107642019], [47.71885508245045, 54.616323013759946], [35.05745783618771, 76.8173587273828], [92.76007655965435, 33.7105684556677], [86.42150894059857, 74.21989286054115], [23.620489388157175, 33.949866354408066], [70.9764850193021, 85.18240260806114], [67.44013948693157, 93.1679322492981], [56.99559540146242, 99.6223238022161], [19.634007711769495, 79.88900554263776], [3.0967402815383016, 39.42701183086691], [53.09679576725185, 69.80074363889374], [2.0551689510004634, 58.31910344387917], [83.33316654330707, 16.91547493135993], [81.59377317944976, 23.909425628412606], [93.79393411002246, 2.4268193448533593], [35.9045091772872, 72.42824853836878], [86.80569749320935, 88.70325857574188], [9.069176628528218, 55.78982834791366], [25.514773953499425, 80.27634321965755], [24.307557777956944, 19.244696144566532], [66.47647640831276, 15.947435040900848], [62.41075768220365, 33.62804988890221], [91.836777708873, 44.27138959578488], [14.79978678949394, 66.70904247368107], [95.3271102024152, 30.015361646551053], [66.61046095687863, 13.346821118944918], [11.610403689960048, 53.6351033890372], [43.897418717788995, 13.591894448256825], [84.93979077879702, 71.48666740475782], [4.21430822006823, 99.86890901512552], [96.944867404582, 65.2525283875261], [44.61331983064978, 91.88413732371276]]","[[0.0, 79.03635099025405, 53.6526122541619, 73.99603335347255, 69.21336257182523, 74.98033155691645, 14.593553838694671, 74.02488865128562, 31.022733930718335, 58.63001869718134, 53.20762623461823, 57.815052411561275, 88.18576251432609, 38.12511894302277, 45.834138504673625, 106.67635303999766, 48.869506088945606, 54.127227444452174, 13.53950260875294, 65.83166850879827, 51.493329016984354, 48.201322044626465, 57.04966495546837, 76.8053932991431, 53.93273182893442, 21.309483293687055, 95.57965648814178, 87.31298132633145, 43.28617968801139, 96.79132216777354, 31.149045366027533, 45.95457526318036, 59.42928884991817, 69.1876589241128, 66.42991711639824, 57.47950336376315, 91.39779700822874, 19.807258438282318, 5.140434993748784, 76.59717054987043, 76.14266527415343, 43.8911407331472, 22.591000934681336, 69.87800056279447, 42.92389382623894, 74.44489593354693, 96.92852265049704, 41.51574652676816, 66.97446831665046, 59.785344257383606, 72.09277509180991, 45.13871707285, 65.85068822100617, 64.22742284857694, 55.134370655922595, 62.584450218314004, 30.957549688614378, 30.31484213927571, 47.89096056593435, 17.5292053841978, 43.404735742896165, 85.79737283649126, 33.21656501337069, 21.30738905256596, 94.6718939232724, 57.582565668799184, 52.073233066355726, 60.65720239156778, 41.28176601297017, 9.28659174070646, 82.88023017639007, 26.766060085361143, 33.642933412416824, 45.918908012320436, 76.21419277424515, 99.14598789793942, 42.890044365346014, 95.08367935089414, 59.27421538253219, 52.89060573306138, 72.4864826070945, 59.83009145950397, 16.421549659472763, 88.69549595401875, 70.37574824695251, 90.50328888289759, 65.7810489405291, 53.00514692889095, 30.858030928991816, 81.29674220064881, 44.8747140257186, 68.06370219151182, 86.71840236860915, 80.24426416582311, 11.269930379100435, 94.81938387521845, 9.718270415762523, 53.824340592747276], [79.03635099025405, 0.0, 25.384301568444418, 95.98516816660931, 68.46814403818753, 49.47866082901479, 73.75735412128437, 33.39936397762371, 48.403282119645205, 67.43215033529903, 40.793310153170616, 76.77383703673634, 37.787753148823384, 90.98771140908042, 37.2401982929842, 58.9282128503722, 73.38118330040334, 61.409924188885356, 67.0969911046537, 13.212170711769726, 69.20584637215951, 40.38770254925918, 89.23052932118422, 18.104922426746416, 65.37176929234997, 57.92927419213104, 49.84181435159076, 52.14532637043078, 36.539626186944254, 31.921016707560288, 63.430505279360844, 83.92908955587357, 38.02925142214553, 99.56104298638357, 30.46629490868205, 92.4710927656257, 57.31338217384709, 66.54980489728099, 83.63564344801154, 14.57374709239429, 7.541199230256033, 80.29229902304557, 74.43976392167812, 33.42086390292913, 36.90967820127265, 87.63701642177386, 76.81754624430341, 49.81981256872219, 35.484256665133, 19.49077355646476, 18.203198790857797, 34.31415108730734, 84.90545351780834, 47.66404979062363, 24.215770270968257, 80.81479413192307, 52.284154464234845, 77.4974377396243, 96.59765382947543, 87.16358880443806, 40.13457845571535, 92.15859396811192, 45.84574699676018, 57.84308013258828, 30.08728704320901, 37.750499380542955, 54.97806491696695, 80.15863657662298, 42.27779097332062, 75.22115098274335, 51.724732426213315, 83.17177022742378, 90.95243346153539, 97.64841649971436, 89.66069787445701, 71.77678799709427, 68.49422710319011, 83.91683865738005, 23.85936156339649, 27.58010917956253, 29.29131255258287, 75.76971504450053, 89.27114079928226, 77.05871878395918, 87.21341719461259, 43.63553917318605, 13.826058049875547, 31.434827048945436, 50.11827440198084, 81.38622947029887, 41.47671774598031, 11.282447588064104, 73.73421913103559, 23.514647330659002, 72.17745153234003, 114.7242890704542, 70.8530779660111, 91.80175800082225], [53.6526122541619, 25.384301568444418, 0.0, 81.42905102898641, 57.82083928768466, 45.748578130919995, 48.9470285684574, 33.86097128925549, 23.163741778678077, 53.05883421365839, 25.884249446366322, 60.81199345558228, 45.76608401137609, 68.66045072643499, 16.05546847519931, 68.07397162553852, 55.210129183818836, 46.12336188700846, 41.889507359326615, 12.180904308253428, 52.2356008035235, 22.296530764448597, 71.22266495462414, 27.39184264779063, 49.60802647581654, 32.598702855649194, 56.96159139801073, 54.01903456219535, 12.027685329427579, 48.2763238420488, 40.91891179442025, 63.918135461380906, 27.32255524740278, 82.97714388293728, 26.314307279163366, 74.08056522734036, 59.45602214944008, 42.031774627475805, 58.26077346087864, 25.894879326011512, 23.25194314982478, 60.17731691864436, 50.573725826927834, 30.925018085137353, 12.372394710894936, 74.91464235780181, 75.10280034649601, 29.499022983034475, 30.41618879678179, 6.5726336224505095, 23.16723914785211, 9.638993932163096, 70.05070182171526, 38.65755262612001, 3.6563291811414054, 65.67590358511762, 28.25035991755382, 54.790823585731445, 75.46994637219281, 62.36742821691817, 18.449893445790654, 82.13169721185135, 20.482626922993408, 32.47536731508239, 46.080596956109076, 25.75344737874352, 39.379902294346124, 64.54321005624497, 20.06411551428836, 50.04492667325478, 51.444028793272174, 59.63722836755023, 67.88166680043352, 75.99669720574435, 77.07653365379116, 72.61298226631642, 49.02335426695664, 79.37238152265223, 12.496361632799745, 7.409987958025713, 30.25760664646404, 60.580152025356576, 64.27108008650686, 71.94142464884348, 73.30444210728281, 50.48889374508295, 12.51465833837315, 14.396193272919808, 25.52314783642584, 72.36953421974378, 21.38938751947487, 14.550112728894245, 68.73693019459058, 32.787011524303274, 47.04211551890982, 102.1471617054117, 45.58147339772017, 72.62585716871841], [73.99603335347255, 95.98516816660931, 81.42905102898641, 0.0, 29.03966328081354, 51.27046646622383, 59.928200249778314, 65.6790009785743, 70.04664828922738, 28.766157334018384, 56.44031882633432, 20.795921828327053, 72.5349551380882, 39.492790760517245, 89.53474959201904, 75.0419821011309, 28.330783636411358, 35.42284056278777, 78.23745805081631, 87.52579371500693, 29.606189353566165, 96.34932068887933, 17.19284661829947, 80.36196223156041, 31.823046722169376, 74.96834476361096, 69.4668678523941, 58.50376057200621, 71.97236482645266, 87.85416210828151, 48.75784957411719, 28.112398336710395, 58.0233911871217, 9.432825849502066, 107.43181596963659, 17.90189339896862, 57.813315682767225, 58.27478987639753, 72.8385203456758, 104.82496294990958, 99.26093944056358, 30.17194714246896, 51.683887649998155, 63.89364531637081, 71.8048207297821, 10.42646476047387, 45.82142802806062, 52.97830014356261, 61.12665743395397, 82.2837702722885, 103.6801174333435, 81.65400422964206, 11.380789391421509, 48.752198387833154, 85.07007879708071, 15.75518161108442, 60.97369090299048, 43.70173706281445, 32.29769731093229, 60.373631036407005, 89.46418113515155, 17.983528205499766, 75.29483985276183, 70.5929833025917, 86.85646686158695, 58.54513607232141, 42.19186321021736, 17.00316537920037, 88.89128798495396, 65.06927219923664, 54.87004228101924, 48.103398594468096, 44.64216073235878, 35.66157871200091, 9.544714779320588, 53.25301408660931, 35.591872672986625, 37.00298173613123, 93.85402057994686, 87.43525499613098, 111.68467427144374, 20.852562715919916, 63.795240061596374, 35.84863148984481, 8.899757998343729, 69.58391108485131, 84.84803708782611, 67.80960706934694, 81.98363883937674, 23.582986707171823, 93.20547076395083, 87.15862993034963, 36.982367293507984, 78.07051315133137, 64.30827020726609, 21.804915491577557, 77.5986065855963, 21.819477649417184], [69.21336257182523, 68.46814403818753, 57.82083928768466, 29.03966328081354, 0.0, 22.261530317275334, 54.8594653309233, 36.87722434505399, 53.3640447334874, 10.773377155678476, 31.955627287159654, 17.149539759331944, 43.6664742784126, 47.53912890729705, 69.19050127741896, 49.40068871890761, 23.0035943363978, 15.596599141838892, 68.2386862767625, 61.56365804050399, 18.51623641261669, 76.36666622033553, 30.429585863199996, 51.96308373209374, 15.291442417645387, 61.86529184074788, 41.948949989142434, 30.772548847095596, 50.861430288610016, 58.90582233730759, 38.275961095123264, 33.75332623671489, 31.523631192967684, 35.34215470222113, 84.0908928654751, 33.851377450994285, 31.420136185783637, 49.77956285833381, 70.12499128856037, 78.72024618076814, 72.56532703585114, 32.361964979990155, 47.83710229942766, 35.47508863309991, 50.811032999665805, 19.5030466385003, 28.29921006249307, 34.04292667609642, 33.029200813115395, 57.1657429232637, 78.36197893831992, 60.579556815748994, 19.73380417517123, 20.831969199915182, 61.43670883816863, 17.286134967071995, 45.37122940130632, 42.47592458639182, 46.007287217989784, 61.62349833836928, 69.89076186569159, 24.381385262930483, 57.786917933243885, 57.681171398037726, 57.85612337507151, 32.590742403451884, 20.456617505112618, 18.021843189020757, 69.93403780890658, 60.03391930208252, 26.636300550789684, 49.66417839340792, 51.3603821713634, 48.89831347584746, 21.394763766773004, 32.4737695628137, 26.82386644717222, 26.057660728634936, 70.22744474009117, 64.69780628044843, 87.53700238098227, 14.523200455745137, 65.30298697626594, 19.48397897462284, 20.218772827272993, 41.141641598439904, 58.624373730602066, 43.4515165110756, 65.75562587492963, 14.749763505039194, 73.75066720151474, 60.69719795974688, 17.702117998294305, 49.24612585914782, 58.00162729093186, 46.26190823075798, 69.08500724093251, 35.74076503631106], [74.98033155691645, 49.47866082901479, 45.748578130919995, 51.27046646622383, 22.261530317275334, 0.0, 62.24915370342471, 16.157897539458098, 50.65849014825345, 27.298521471103758, 24.005014887751216, 36.964924739352206, 21.51683039871717, 63.705741619398324, 60.260869287447406, 32.44267122566773, 39.053143436888185, 25.647619421509525, 69.90261040306889, 45.522867491799786, 33.61988061633312, 67.2676814920419, 50.99674940067561, 31.7614715199808, 28.74114726006164, 61.49841210325312, 22.41017708585459, 12.459635076119937, 43.262411391286996, 36.65740846179034, 45.01930416398164, 51.282249913047444, 19.32251371688611, 57.4507726425753, 70.48516785989258, 54.52727620255723, 16.491986570375293, 55.4175522527867, 77.3163709183409, 61.616517659346606, 54.790127909896896, 48.76761517449406, 57.29450563203893, 16.425815828756036, 43.376970996522466, 41.44743086165047, 29.387844549062347, 33.7032794745086, 15.602787848141707, 42.85009029017497, 62.3956726063646, 51.64215394949644, 41.776351720656685, 10.75839577535162, 48.95665231618985, 38.760951006177386, 45.43336887212342, 54.6792186875011, 64.63493390288102, 72.37695626729212, 61.80395607628479, 43.53680062888853, 53.46929717871471, 58.0935767637874, 35.595257283888266, 21.30637377275323, 23.975431894391864, 39.024851349668815, 62.549912494002236, 66.70066111336052, 7.904527405486935, 62.19727232639274, 66.40682518306551, 67.06169133736816, 43.16755089029614, 27.299393062631, 39.02952290639833, 34.80087808788063, 57.040665014205146, 53.15369107937267, 72.76251329366882, 34.79645771107006, 75.82176719225775, 27.698291702280624, 42.47795694088381, 19.780798153762024, 42.35418201580365, 32.35526187820733, 61.785503334474114, 32.58924056132355, 65.46258512202509, 43.879729024343504, 24.366691205409005, 27.976012914254532, 63.99170453047523, 67.09775876502253, 71.9149155472709, 55.663305841675445], [14.593553838694671, 73.75735412128437, 48.9470285684574, 59.928200249778314, 54.8594653309233, 62.24915370342471, 0.0, 63.3226117418426, 26.036622412320053, 44.199407798556734, 42.203427830450856, 43.23835285604904, 77.28260763104294, 26.83539395077956, 45.59207347624852, 94.44368064487223, 34.281717160469874, 40.03861488463662, 19.819849191470066, 60.720180012836735, 36.951542632485314, 49.9133198338302, 43.246772488600755, 68.46144864836182, 39.56899031276856, 21.44167146811236, 83.6220247002105, 74.69591181968187, 37.24061608716641, 87.3535563621698, 17.374878667211654, 32.15929295345187, 48.43813610594092, 55.735979266043394, 66.97143019525448, 44.03986644160101, 78.4555743224529, 7.590411937665201, 15.37763236638822, 74.01075543585573, 72.18844730958487, 29.757727937821706, 8.24452860347542, 59.21358703164293, 36.872305295871655, 59.94405110929823, 82.7908019913987, 29.878298405354286, 56.059011068377885, 54.28998292131001, 70.15401314608104, 42.14099408917052, 51.40954345810789, 51.607264078368694, 51.26112106470697, 48.05451990187887, 21.843537502796124, 16.346717210505723, 36.38750408474042, 13.425499281747294, 43.80361341027769, 71.24823878549728, 30.23561959100501, 18.54365545153592, 85.32286686353576, 46.788237620207525, 38.67340695928109, 46.13145982990851, 42.061245617621395, 5.311972536560819, 70.13723881778975, 14.9977507611922, 23.440524031790083, 35.093709018813065, 61.74585486105353, 85.38247221278671, 28.34555314112221, 80.62004254453116, 57.25400418779319, 50.2192153009985, 72.81270902879137, 45.23773250325521, 15.650053294209666, 74.33813907315353, 55.93471307246029, 78.98449483405061, 59.991103930029226, 44.6070013178884, 31.723375360309806, 66.72411960325661, 46.34535684009985, 62.48514921815916, 72.4578066860823, 71.05785690758623, 4.651050383255759, 81.09059181031303, 18.15146484798994, 40.58785873680799], [74.02488865128562, 33.39936397762371, 33.86097128925549, 65.6790009785743, 36.87722434505399, 16.157897539458098, 63.3226117418426, 0.0, 45.49609836263198, 38.84198480336933, 21.119232443511375, 48.82548047314187, 14.174289071529314, 71.10710012834951, 49.621183820571886, 34.92289671238183, 48.38115145891689, 34.642980837366636, 66.27422536888226, 30.82519916859482, 43.213879502631, 56.144735213126225, 62.60106441047488, 15.606366898172801, 38.50660373142532, 57.002629985478535, 23.542930252855438, 20.531860918173802, 35.24701093284073, 25.30738938922826, 47.51841678080184, 60.45270071623452, 14.89643866845874, 70.84639286064757, 56.436472564718265, 66.09920901767775, 26.007759824576404, 55.85078061242203, 77.27699638919123, 46.01818341825678, 39.01662431886802, 57.33172862089958, 60.264430448314165, 4.147294197732246, 35.478859677011386, 56.38002963417915, 43.95992972305475, 33.48841708479276, 7.3144575375171295, 29.49710609659561, 47.28113867953385, 41.622383723903944, 55.34082760154311, 17.57346515932963, 36.50715165111131, 51.75337621642092, 43.0748125394974, 59.81593507197376, 73.97614923583667, 75.23146015317664, 51.6694495064156, 59.4795046004102, 46.776147891145406, 54.46774634774741, 23.60850814347233, 16.554488997947825, 29.97461735068438, 51.591428684588976, 52.87019099526023, 66.91889577119859, 18.894498771698103, 66.98542294321092, 72.80724722384605, 75.9129753922429, 58.2487528460844, 39.93296232595235, 46.03281889053158, 50.5588501193933, 43.66015364946259, 41.09655495720595, 58.054617538498235, 47.138746340716665, 78.32039861315444, 43.659503458517705, 56.78043858155832, 17.391503066672108, 27.656151119744912, 23.33703822491168, 54.62833277933414, 48.56718359450517, 54.98277889003764, 28.781414123910206, 40.33486894646996, 12.39166026195374, 63.91847428389322, 82.74636019516224, 69.00515374563528, 66.49285809573871], [31.022733930718335, 48.403282119645205, 23.163741778678077, 70.04664828922738, 53.3640447334874, 50.65849014825345, 26.036622412320053, 45.49609836263198, 0.0, 44.998664755105615, 26.705258821507396, 49.60225465089188, 59.527153085993206, 48.48050332765225, 21.199984786590708, 79.90428676041257, 41.77123800790629, 38.27709543457729, 20.97127923510778, 35.212509293690374, 40.89997398454037, 27.122766560975837, 56.449974362357835, 46.08073648565292, 40.38134799702138, 11.524739610506039, 68.50166720216764, 62.03339898050735, 12.265031186799586, 66.5070346596768, 22.517071031362196, 47.07212166263977, 32.223698534862095, 69.17391356787661, 42.144962560441364, 58.642668945417725, 66.87989705030736, 19.654788816056122, 35.38161483724956, 47.977242003309605, 46.29509653661841, 43.480578500131905, 28.92003172253684, 41.46263460202069, 11.904079164513131, 66.1014543697559, 77.39429623659608, 19.333197579363937, 39.10149347750885, 28.96567906746262, 44.20099079971665, 16.20591743632164, 59.21956269455511, 40.44427593344314, 25.26514810916413, 54.937242016716255, 9.09413119463643, 34.70084850487566, 56.558623265927324, 39.39088299023273, 20.259551798181853, 75.64564302011529, 5.403209335686724, 9.757732886750567, 64.34537582110514, 30.17990191264956, 32.946390592888775, 53.34150121170522, 19.230379633995863, 26.881330356130483, 58.14761975674391, 38.15620252347955, 46.7777049954258, 56.4201047286537, 68.233686570713, 77.40903945407652, 34.56975152619221, 78.6270373766689, 31.372945174600787, 24.254545137003852, 47.717935417391296, 50.370183370165016, 41.154388582394795, 71.36193423696076, 63.28498891213119, 62.7446884652896, 34.8990861460312, 22.798728332188894, 12.428340861353163, 67.81669397387118, 23.704708329356222, 37.261207675563355, 68.62909844104902, 49.9630259002155, 23.88678570158097, 91.78643665572433, 24.090026943867095, 56.297062893900645], [58.63001869718134, 67.43215033529903, 53.05883421365839, 28.766157334018384, 10.773377155678476, 27.298521471103758, 44.199407798556734, 38.84198480336933, 44.998664755105615, 0.0, 27.708398715774695, 9.993263086668152, 48.4525748443298, 37.75092240936155, 62.587912601395686, 57.77772544115509, 12.74506704453948, 7.048391765787499, 58.32355052545865, 58.761290477998216, 7.824203077213088, 69.64784017852884, 23.937411659966973, 52.536484173910665, 4.860565361597249, 52.544386689252626, 49.10662767832008, 38.13822845435886, 44.45973747107431, 63.02593668750809, 27.940990968032903, 24.449795079159937, 29.403254851996294, 32.34795003976505, 79.27670026946237, 27.468067032649802, 39.90143172101972, 39.39240467790784, 59.41557046772349, 76.06246128160315, 70.5160270614447, 22.475014759106113, 37.07833663537645, 36.38036287094638, 44.34362202302187, 21.948151614607294, 39.05432117579461, 26.13211556270439, 33.31046418910475, 53.582388868172664, 74.99430914404854, 54.27273789583215, 17.50839312641845, 21.281155151143484, 56.71439679975971, 13.387414904171262, 36.46553713280688, 31.762618621007185, 37.51963832877992, 50.881713391202396, 62.92667622593962, 30.663609843425224, 49.80373666447249, 48.25077547893261, 61.6706494295813, 29.81877943825247, 13.688400315441815, 12.885174258412018, 62.69452935800361, 49.409957680510665, 33.573734953855585, 39.0254890057606, 41.23171762738727, 40.115110631233584, 24.121153072604937, 42.864300820145246, 16.05452235914286, 36.4572213483052, 65.54607633939577, 59.397818330919975, 83.28294356665246, 8.420971650761869, 54.556722066990915, 30.171514604603573, 20.30725434367095, 47.07522952967509, 56.08459912282433, 39.16909032093083, 57.41320916583088, 23.349251355591196, 66.76662074873487, 58.40604386031166, 28.475389020177943, 51.025370771120485, 47.4682412228737, 49.08858985008049, 58.9308025237409, 28.382197774550644], [53.20762623461823, 40.793310153170616, 25.884249446366322, 56.44031882633432, 31.955627287159654, 24.005014887751216, 42.203427830450856, 21.119232443511375, 26.705258821507396, 27.708398715774695, 0.0, 36.380419505412384, 35.139295216429, 52.16065893926887, 37.952503446935296, 53.831363874926176, 32.59808364259859, 21.087572795044828, 46.53623725756789, 31.1366496252523, 28.469513841488045, 45.13736664958506, 48.449252752202916, 28.863257756731883, 24.91605237120356, 37.76529561078778, 42.55923620977217, 35.38185307562594, 19.94854952105827, 45.60506965039666, 26.7350365215386, 43.491883657641914, 6.256931715663301, 59.109405077850276, 52.18734515684871, 51.67798452913023, 40.1761586832802, 34.73883942983064, 56.27695463780185, 48.41057036854841, 43.10942152673621, 39.9587924691466, 39.401170650614844, 17.01522363801003, 19.994488796556432, 49.28770685613122, 51.825675773488136, 12.408241534277963, 13.875626735471085, 25.879253749831527, 47.29324370114232, 29.216149924873953, 45.105551544333274, 14.270791721972083, 29.515565603363175, 40.8268466269369, 22.448906938072188, 39.79442013123698, 56.57108508863503, 54.235153600693295, 39.055691304271996, 56.24749717794142, 29.500907453707235, 34.63460255800153, 43.67427020696383, 4.627499465590098, 14.39822615766832, 39.939486698664666, 39.4861377246403, 45.85208758910048, 31.442707741575763, 46.640701668349344, 53.16563481466258, 57.98980018223794, 51.43280153320708, 51.04587295170285, 28.113080708990616, 54.6243967150585, 38.33529459267799, 32.75749852866809, 55.848551864101346, 35.70261517190763, 57.262667447452095, 47.17421388969619, 48.00386126417836, 37.303826690201085, 28.580549907887463, 11.595150083758284, 37.83215991002931, 46.5730234039406, 42.860346251962746, 30.998711181560143, 44.12465643702465, 29.90462278788391, 42.87812017340021, 76.62093200449033, 48.896453118517464, 51.06622010850303], [57.815052411561275, 76.77383703673634, 60.81199345558228, 20.795921828327053, 17.149539759331944, 36.964924739352206, 43.23835285604904, 48.82548047314187, 49.60225465089188, 9.993263086668152, 36.380419505412384, 0.0, 58.29473107354977, 30.883918726688467, 68.77155923374744, 66.36215272479302, 8.996679784984094, 15.372736162240432, 59.80999478855409, 67.49637628181033, 8.824588173892568, 75.62596399798961, 14.039479406422153, 62.335318760239396, 11.465360331308421, 55.43075678002149, 58.30205914974617, 47.190222219497784, 51.180280171827015, 72.97499353990207, 29.342125294011833, 16.90670065416087, 38.825879531021194, 22.789218454245713, 86.69929976043531, 17.57357558987852, 48.369450462357044, 39.968668405632286, 57.7298639933411, 84.73024761446788, 79.47930700376803, 16.205453830085528, 35.31172588544924, 46.29860354190098, 51.010867215646385, 17.083035554100558, 44.092915933305754, 32.18288030271925, 43.175563992371096, 62.00215647958737, 83.31997688347248, 60.85842102779398, 9.63303802977897, 31.256424471000166, 64.43820880986847, 5.348872784530156, 40.59951533246354, 28.422564254955763, 28.860313230094754, 47.34036041393375, 68.75829630651948, 28.059565932420565, 54.76711874324364, 51.04018927505833, 71.64071890474024, 39.025309418589, 21.982346683976107, 3.796309081268195, 68.24766009587292, 48.54928812725724, 42.76479284458254, 34.85642916236293, 35.09118565055529, 31.755970961122124, 19.084190877494795, 49.22774804368131, 15.866989008472077, 39.208351772240086, 73.18633246480452, 66.69153999621514, 91.04219261917716, 2.695202964708831, 51.01765318180972, 34.22184081220213, 13.739833756357477, 56.67263210055242, 64.95941858610279, 47.47534505266696, 61.742113108947926, 24.27976135960511, 72.52266039220059, 67.36112616737891, 33.398865974513406, 60.976534955457886, 47.14976953230242, 42.28663923808208, 59.756921791034976, 18.859987778820457], [88.18576251432609, 37.787753148823384, 45.76608401137609, 72.5349551380882, 43.6664742784126, 21.51683039871717, 77.28260763104294, 14.174289071529314, 59.527153085993206, 48.4525748443298, 35.139295216429, 58.29473107354977, 0.0, 83.34190270808236, 61.81328338853202, 22.479544135671446, 59.482670055927606, 45.678134961327615, 80.37639853839607, 39.86047790591981, 54.10119096074488, 67.8891996656234, 72.33142230503914, 20.779390059953677, 49.21948721051199, 71.04903962158969, 12.14549765134875, 16.440234106686045, 48.86839279001686, 15.3961853943508, 61.121209432651824, 71.75046715850702, 28.882836192764923, 78.94710462894783, 65.30385376916719, 75.86622083824892, 20.69478867053178, 69.86180138700331, 91.39126865906833, 52.05207118019913, 44.776099653883065, 68.92338077074557, 73.86636569029787, 18.315597102262203, 49.12615527607921, 62.492170428496834, 41.2039131660559, 47.40478104357846, 21.267071037624376, 40.40406702508682, 54.56519331196326, 54.34580692039171, 63.27758340754141, 28.455046157354726, 47.85854660910895, 60.270386722645, 57.242401668760124, 72.82686375257339, 85.25547649126375, 88.93215318566808, 64.10065427307067, 63.06260253840977, 60.53511285006151, 68.60065531833276, 14.699326802694884, 30.64273155297849, 42.16561895822262, 60.49515764913507, 65.51019728514113, 80.99064742243938, 18.352349062789035, 80.15428225862547, 85.46098113880174, 87.47085544394382, 64.08261235185036, 34.942168190971394, 58.20931018993985, 49.97453166871329, 53.80362895177719, 52.57721460998011, 65.8023627104836, 56.21556679427657, 92.10261966014876, 44.2318634471998, 63.827604084298855, 5.865708831364992, 36.95119565636969, 37.03921808092946, 68.18458172531061, 52.2532272410507, 67.15517102438132, 37.22012205374827, 41.16516260608197, 14.673281166441267, 78.00927209134237, 87.05606147896765, 83.15145360293252, 76.8044567198929], [38.12511894302277, 90.98771140908042, 68.66045072643499, 39.492790760517245, 47.53912890729705, 63.705741619398324, 26.83539395077956, 71.10710012834951, 48.48050332765225, 37.75092240936155, 52.16065893926887, 30.883918726688467, 83.34190270808236, 0.0, 69.58285816743624, 95.33023845724601, 25.04826325979016, 38.066493930002515, 46.60694291158265, 78.98329377702353, 30.35763072817109, 74.89537174172924, 22.650581389726423, 81.02161907139998, 35.10780645661481, 47.46422545549964, 86.07153638372219, 75.42227837640925, 56.72712501526339, 96.41381874715239, 27.789059963344524, 13.997332239031765, 57.34204938755734, 32.69301771248868, 90.61626736769782, 21.6243280633758, 77.57564891271458, 29.721692481004194, 35.59920967549435, 94.55530377042433, 91.23902216494608, 15.277662185675798, 20.198965538085474, 67.53195864457851, 56.40585734640732, 43.48722210267028, 74.9744359812965, 41.27552750536477, 64.0963109739341, 72.55228541270553, 91.52918680966575, 64.23024533704998, 34.899646481213566, 54.9076356947873, 71.71043019903573, 33.47082297227056, 40.79645880982234, 13.921150141200052, 9.772618194213159, 21.908689120250067, 68.3029622926335, 54.959250400347685, 53.626229745753584, 43.81665911510936, 94.69453013316402, 56.46089843972093, 41.25311273848942, 31.76388043325165, 66.87429576331438, 30.741664052363483, 70.75348159589146, 11.861004346671443, 5.183672994093213, 8.284461855148928, 44.65973466294084, 79.96190682643862, 25.14960962836576, 69.58812513852045, 79.16463791158296, 71.9602633437862, 96.11724015009727, 33.56872109670449, 24.961524215497757, 65.03963826634735, 38.956219413298534, 83.14396054060983, 77.39060221258916, 59.59506075452473, 57.1946595002583, 54.36128569319365, 71.33612388012146, 79.99465338543602, 64.28256198787379, 81.72003576031125, 31.416306081324482, 58.42170200064086, 44.56015339355502, 17.694158059841314], [45.834138504673625, 37.2401982929842, 16.05546847519931, 89.53474959201904, 69.19050127741896, 60.260869287447406, 45.59207347624852, 49.621183820571886, 21.199984786590708, 62.587912601395686, 37.952503446935296, 68.77155923374744, 61.81328338853202, 69.58285816743624, 0.0, 84.08030906946962, 61.69063775971214, 55.55274795890202, 32.56371828872634, 25.441266460715003, 59.94705052346954, 7.194505471855129, 76.99015558993244, 43.161896235064894, 58.42974023367939, 25.0480982236608, 72.9120060147899, 69.42654374967171, 18.32934008070874, 63.83609796799251, 43.528555596632046, 68.04210209189279, 41.089125543323206, 89.51757984430417, 21.3798111684004, 79.37689297868633, 74.8015398934453, 40.23078478769588, 50.88586231846534, 31.286385424271966, 32.34174543971245, 64.39397336048756, 49.739065960244915, 46.42876414246361, 18.387046426369988, 84.42750340005183, 89.28420080877557, 36.68043112505693, 45.485044472104846, 21.963041775638086, 26.467646342751674, 8.741583284323752, 78.36829457772254, 51.940918010707854, 14.519792868883602, 73.98845541849933, 29.79528477175001, 55.87146922126636, 77.75783694653227, 58.33021955933039, 2.900793071652003, 92.91561403848638, 15.95746031173109, 27.083281833208176, 61.65695252134513, 39.230318679039975, 49.22260897470531, 72.56675168792869, 5.112796356662175, 44.95360932332278, 66.53166581569349, 58.92779932006831, 67.6317324339402, 77.58250519586979, 86.59798482921427, 87.47582899434333, 54.70961275020956, 92.57200421664542, 14.159353809233496, 10.042716437683909, 27.247728392074638, 69.11351803758221, 59.38037476466302, 85.11918412931544, 82.13083292134911, 66.47111433446139, 27.100192591265237, 27.90704824897101, 14.976124661167976, 83.94007054433207, 5.3645293126240965, 28.371004981118325, 82.04496398816666, 48.73748275048631, 42.380780365500705, 111.01040526758662, 36.51099684326667, 77.21954419839518], [106.67635303999766, 58.9282128503722, 68.07397162553852, 75.0419821011309, 49.40068871890761, 32.44267122566773, 94.44368064487223, 34.92289671238183, 79.90428676041257, 57.77772544115509, 53.831363874926176, 66.36215272479302, 22.479544135671446, 95.33023845724601, 84.08030906946962, 0.0, 70.31788306975136, 57.6199619695933, 100.30174403543461, 62.26942479422217, 64.97298375406197, 90.28236585374145, 79.82303064162284, 43.00949888717226, 60.25147605856478, 91.2969681571932, 11.424259155268063, 20.089508966178784, 70.13837923820861, 29.102261454954597, 77.34736988373054, 82.22633260972117, 47.84349296353628, 83.15739929574157, 87.53373086042423, 83.22127650863396, 17.99467618495071, 87.41411321687481, 109.31653258395959, 73.4639517352412, 66.24592487758694, 80.12858599481352, 89.71873797401136, 38.69550837766188, 70.3608985966625, 64.6318023038718, 32.60056622628429, 65.16167762823525, 40.81129099959025, 62.85537228740197, 76.4165999075803, 76.3717299454684, 68.3321599499117, 42.87021281655764, 70.28037845677369, 66.561711370951, 76.24855705511656, 87.02733034516638, 95.10971380928841, 104.81459411147341, 86.28336222790149, 61.085001060682444, 81.56792466412418, 88.39990901526384, 30.178041883124923, 49.84512752964124, 56.41755476754409, 67.41271217865119, 87.59941388383047, 98.71777932382516, 24.791188644606212, 94.55547283354684, 98.37787982787096, 97.83056706203023, 65.61612642835577, 24.270184602600814, 71.18932788852253, 43.12702608869168, 76.26907683922056, 74.99091873238334, 87.6941849352263, 63.82375736007639, 108.24705361006126, 40.35349747837031, 67.36308417267445, 17.63537632622442, 59.40077645952466, 58.231619842683344, 89.51403586448774, 51.80235432337749, 89.43774902942876, 59.5713682024006, 38.41794662871305, 36.868584080606176, 95.90967845611054, 84.43195865703022, 102.72731098143004, 85.12160781171923], [48.869506088945606, 73.38118330040334, 55.210129183818836, 28.330783636411358, 23.0035943363978, 39.053143436888185, 34.281717160469874, 48.38115145891689, 41.77123800790629, 12.74506704453948, 32.59808364259859, 8.996679784984094, 59.482670055927606, 25.04826325979016, 61.69063775971214, 70.31788306975136, 0.0, 13.839361503849435, 50.90285829465531, 63.078778793938206, 5.43347661155426, 68.35047630253497, 16.070134555777955, 60.439108478016244, 10.32404789218882, 46.84530527514808, 61.27633465397109, 50.4872339248314, 44.74436183878451, 73.3942419469865, 20.62815587882628, 12.275958701319789, 36.3164411412979, 27.948529188244244, 80.51367653686751, 19.142802831601575, 52.530012083677505, 31.009987710488886, 48.918691114399756, 80.05002057122161, 75.31813930443992, 9.811013342782946, 26.4363556922439, 45.27764796144296, 44.5332180502357, 26.00004479141153, 51.140780237990995, 25.803715352241106, 41.93030183445016, 57.19642669137842, 78.17086538621112, 54.16377922914264, 17.97873361225685, 31.190273822341982, 58.75650416369505, 14.08844034336339, 32.68267014335259, 19.936763657191083, 25.775667437871775, 39.078364098083796, 61.43729078275386, 37.05604932432236, 47.06273646568312, 42.454934141650156, 71.85347668191079, 36.04658752292241, 18.889673958267228, 12.239470266120337, 60.75503686363489, 39.59368700316929, 45.846989412755256, 26.82631620140296, 28.495492647656672, 28.042638438022024, 27.944262582616837, 55.434375526494975, 7.26570824037435, 47.278050052437564, 67.32226002728747, 60.54720412079517, 85.1732464512355, 10.981121883374236, 42.769991857776844, 41.70562795904628, 22.375320456386856, 58.73254128654901, 60.798081202406706, 42.79269998220022, 53.65300236495779, 32.74368922343543, 65.12414808469977, 63.30654567497987, 40.43237027142169, 59.96537472405569, 38.157531633847, 50.1257195736359, 50.782019860516705, 18.532452849580906], [54.127227444452174, 61.409924188885356, 46.12336188700846, 35.42284056278777, 15.596599141838892, 25.647619421509525, 40.03861488463662, 34.642980837366636, 38.27709543457729, 7.048391765787499, 21.087572795044828, 15.372736162240432, 45.678134961327615, 38.066493930002515, 55.55274795890202, 57.6199619695933, 13.839361503849435, 0.0, 52.65081341952402, 52.22392748452293, 8.57234226068445, 62.623717122137165, 28.308076355083816, 47.32213277573729, 4.006339190888959, 46.33647903754468, 48.04072625041221, 37.568159338026064, 37.411516103726406, 59.567002781540424, 22.99581216503183, 26.08134062493639, 23.526155140791545, 38.16089865960495, 72.29585946025544, 31.733057635762343, 40.2370053167966, 34.47534341888591, 55.410202435824004, 69.49521572510768, 64.14067747689505, 23.280664508450904, 33.6394243509804, 31.695274979888193, 37.296088502102336, 28.98760272567542, 42.80293726989891, 19.203551438142348, 28.418604381489, 46.87152031636069, 68.25947497585135, 47.22487670189483, 24.056814956939814, 17.351786111436002, 49.77601737445535, 19.74856861876306, 29.968493591410404, 29.6426271745775, 39.60618219479517, 48.22664651823791, 55.92085329866096, 37.5494522098952, 42.969124599846054, 42.120900065042626, 58.044286281766155, 23.65942914338659, 6.770811707050384, 18.86258559165218, 55.72305972259387, 45.07748232948878, 32.869287640574186, 37.15489957196215, 40.80787938022823, 41.7941104098983, 31.161217402891747, 45.47246990958775, 13.605649063152988, 41.618630796639, 58.5970827044784, 52.38826861220239, 76.37067662047092, 14.621535178706045, 51.82754656339971, 34.827698766618795, 27.18108036936386, 45.12566114895704, 49.6380236849919, 32.38686238928548, 50.70541538666152, 29.60483594132061, 59.7656371877815, 52.01985524282894, 32.658826840912425, 46.42875110833015, 42.863024357454655, 56.05577770331579, 53.56204118758463, 31.879102329852607], [13.53950260875294, 67.0969911046537, 41.889507359326615, 78.23745805081631, 68.2386862767625, 69.90261040306889, 19.819849191470066, 66.27422536888226, 20.97127923510778, 58.32355052545865, 46.53623725756789, 59.80999478855409, 80.37639853839607, 46.60694291158265, 32.56371828872634, 100.30174403543461, 50.90285829465531, 52.65081341952402, 0.0, 53.999947925894226, 52.18525886127178, 34.666897666003656, 62.13854738668922, 66.82350038245347, 53.46375656904077, 9.576486737590537, 88.95739734367149, 81.79702790537908, 32.79408830877611, 87.40931283324947, 30.650021742203833, 51.22069381967818, 52.458449975526705, 74.87469058207262, 52.925091931895714, 63.28105453281264, 86.36324375469692, 19.986822901053408, 18.678450199865516, 63.62539066568091, 63.64569398023083, 48.40501927777505, 27.490548583676343, 62.19237553597309, 32.459314713179616, 76.8852142597962, 94.62908731613143, 36.43422937438037, 59.652568210223535, 48.28823637897417, 58.97438540939128, 32.81408115154777, 68.78368231871548, 59.27572010483039, 42.92243647315311, 64.99098970329399, 24.4841069760557, 35.62388866974937, 56.20302010699131, 29.02602772732643, 30.03684517815152, 87.68835835826452, 21.563113769591514, 11.904524642211411, 85.23858830026754, 50.463389674429415, 49.020232701852414, 63.136201279245775, 27.873612565227194, 16.19793647964759, 77.65160783213075, 34.74642279924479, 42.92946073135483, 54.8320103779156, 78.8463470520724, 95.7230829345594, 43.99289812522423, 94.26669283821074, 46.29171203730579, 40.22641410782832, 58.98724724988751, 61.3741462978792, 28.93391509408733, 87.38140447923342, 73.24236076059712, 83.38375853099103, 54.31663057196226, 43.769893080249616, 17.656878620732172, 81.64822799662284, 31.360858959855495, 56.438500320369506, 85.01420614086224, 70.88831588820966, 15.196887567547487, 99.78747243365703, 3.948199027212671, 60.00249000110801], [65.83166850879827, 13.212170711769726, 12.180904308253428, 87.52579371500693, 61.56365804050399, 45.522867491799786, 60.720180012836735, 30.82519916859482, 35.212509293690374, 58.761290477998216, 31.1366496252523, 67.49637628181033, 39.86047790591981, 78.98329377702353, 25.441266460715003, 62.26942479422217, 63.078778793938206, 52.22392748452293, 53.999947925894226, 0.0, 59.38823661081778, 29.896490939575358, 79.1246924679112, 