instance_id,num_cities,city_coordinates,distance_matrix,best_route,total_distance
263,36,"[[0.6008534318989733, 78.85405062781352], [55.946399989625526, 98.68085692011839], [34.90047881106598, 0.67743538869246], [14.055640795710744, 17.469078942237882], [72.41038646187151, 37.97074074263291], [15.374318077514193, 98.57437658154092], [82.39003853683519, 53.615340786942966], [5.7484370123008555, 73.32995393890359], [75.57180955181198, 44.326097718097365], [3.7404998521640254, 57.515152169265704], [90.22299172896479, 6.1672587604415074], [4.653961699898767, 63.17886687286748], [84.87291467379893, 89.32598516001578], [9.874319993891357, 53.142032707991504], [66.64465015833017, 69.1983900028723], [38.51300812690366, 65.77136896868102], [0.8745214062812146, 12.458524367392098], [80.68414617444705, 22.353646604783517], [87.30209560498055, 33.41361645182448], [31.229874210881658, 77.56243834045294], [4.528013015471899, 74.36372482297142], [39.873274804988476, 22.582740966373294], [41.80878473974866, 6.538059409494512], [11.696819321498564, 69.22427555338386], [1.4987183486539823, 16.75260534877755], [28.861295879783246, 42.2451821192696], [61.51924484119549, 78.7496925590964], [73.43939601896115, 78.16790519043715], [64.37431365489287, 88.9809583063022], [79.37981037180144, 49.73672045441702], [18.435919548537715, 61.87104436796351], [11.58879373874151, 81.33317561524034], [30.315621779255842, 7.232088997305275], [48.06664767499862, 33.93470131967281], [23.16382891633082, 60.78663435570591], [87.84002258968636, 53.94057899613054]]","[[0.0, 58.78972505060776, 85.37006191515134, 62.8422314359087, 82.63204016088689, 24.640343206954267, 85.59476195750051, 7.550712611777034, 82.53983155828159, 21.568633871168046, 115.39279607024456, 16.190709446576225, 84.92020795314427, 27.33322241495941, 66.74589776268054, 40.10596006845077, 66.39609025807553, 98.00831307217913, 97.88737636926292, 30.656242042693588, 5.965367400963627, 68.62057542398776, 83.23278313597625, 14.69193748309815, 62.107935621415066, 46.24783087698317, 60.918480796083195, 72.84177429036517, 64.57250566566562, 83.98775489894699, 24.627466069552913, 11.26414190651107, 77.54142664240244, 65.35097218400834, 28.905352332408814, 90.72680807833875], [58.78972505060776, 0.0, 100.23772458570926, 91.37936631521971, 62.90294950828683, 40.57222163926416, 52.25099773176554, 56.236142906815935, 57.78924249713997, 66.48361645395786, 98.65926507792113, 62.380329616158086, 30.401593336890503, 64.77978902216587, 31.363488520869275, 37.24187896797124, 102.30934679456976, 80.23589670980198, 72.40851003762539, 32.509910025671694, 56.87858500748684, 77.77704420271219, 93.22106681452098, 53.15746020193334, 98.37066860407884, 62.59862821874098, 20.69560128446967, 26.958970654433084, 12.849815635545644, 54.264659001164546, 52.55471856119115, 47.629185159564514, 94.97270105809193, 65.2238849009853, 50.10657711255925, 54.94447771405954], [85.37006191515134, 100.23772458570926, 0.0, 26.766893079244788, 52.894080918323965, 99.82525756494961, 71.11736856001859, 78.28301215925279, 59.66039613822189, 64.8187498918937, 55.59423168103039, 69.43544293030149, 101.76349896998308, 58.12781259447708, 75.5169758118197, 65.19409909626599, 36.00777464432181, 50.655723565312115, 61.78662471129519, 76.97257314799286, 79.70041360681175, 22.462660404519024, 9.059337984503848, 72.36766619334593, 37.06870231386542, 42.00415811244053, 82.48536867013729, 86.54490770491412, 93.09252977582042, 66.22102677586524, 63.36986264477167, 83.95703122671507, 7.999024811252923, 35.76861389203579, 61.244303826622094, 75.09698903707815], [62.8422314359087, 91.37936631521971, 26.766893079244788, 0.0, 61.85139027006657, 81.11601700609738, 77.30551183446221, 56.47518915499275, 67.12330799324475, 41.35323582973536, 77.00127588300816, 46.66665064565658, 100.88855857189495, 35.91716962709231, 73.7666966086292, 54.14124156843404, 14.101332047218202, 66.80731045517608, 74.96179972840179, 62.499329093693596, 57.68688257318858, 26.319190054674912, 29.828244782482685, 51.80892215637747, 12.577346133088806, 28.862825764423054, 77.51198174634204, 84.91629933248389, 87.44093851560538, 72.8590956543132, 44.61750077738333, 63.91172175947915, 19.214133983031854, 37.787105065342764, 44.26476813267497, 82.3061681339877], [82.63204016088689, 62.90294950828683, 52.894080918323965, 61.85139027006657, 0.0, 83.22207503805743, 18.556588212377644, 75.45919070780202, 7.098250364645743, 71.39704016976879, 36.452028374191364, 72.29372531224745, 52.84577313846606, 64.3500404754013, 31.755468717096655, 43.83956190185858, 75.94901693655244, 17.6733904243608, 15.573387011335512, 57.12562566774349, 77.02250265336897, 35.99241825838658, 43.868798521843054, 68.28558173637678, 74.01806498545534, 43.75836079664357, 42.20829156754716, 40.210333128592694, 51.63933347799849, 13.675201944191471, 59.02937905790265, 74.69649857563219, 52.1232570433326, 24.676045719425705, 54.27511797729523, 22.20606684849087], [24.640343206954267, 40.57222163926416, 99.82525756494961, 81.11601700609738, 83.22207503805743, 0.0, 80.69957675391981, 27.01737331499369, 81.03464530337683, 42.675585946042574, 118.91761590018487, 36.98334961032972, 70.11125211218854, 45.76404537149549, 59.08972448021116, 40.14269903296314, 87.32802589132665, 100.37416661791362, 97.05426235216638, 26.32299771959231, 26.529191319631447, 79.8431435015122, 95.75732194621104, 29.57959478193578, 82.98996635438654, 57.921297628828, 50.223225330670246, 61.54654621489533, 49.93028380438884, 80.50974909801462, 36.830802314741966, 17.65188956683687, 92.55623186705955, 72.43670362785926, 38.582249048418575, 85.1084849902807], [85.59476195750051, 52.25099773176554, 71.11736856001859, 77.30551183446221, 18.556588212377644, 80.69957675391981, 0.0, 79.13659745008603, 11.522945946428225, 78.7461647582235, 48.0902863757714, 78.32214676063369, 35.79685454689533, 72.51726316082984, 22.152848080010774, 45.52980143542542, 91.31628042607873, 31.308203268327553, 20.790333589262946, 56.48739589586239, 80.57909442526609, 52.637414923733644, 62.153910429151644, 72.39592590450548, 88.89469582472866, 54.723000635682986, 32.66995054315673, 26.1331670539662, 39.68996404064186, 4.909701547899441, 64.48477321962905, 76.03350993166343, 69.73629562303255, 39.56542341609752, 59.658791116325055, 5.45968003357775], [7.550712611777034, 56.236142906815935, 78.28301215925279, 56.47518915499275, 75.45919070780202, 27.01737331499369, 79.13659745008603, 0.0, 75.60771804828232, 15.941761717325969, 107.92023915009483, 10.209918943444318, 80.7251880148427, 20.605219581535376, 61.036207255072355, 33.62512939864974, 61.06624265020801, 90.63081383865216, 90.7982005781709, 25.83055488979236, 1.599411445745702, 61.15377485369638, 75.90458387378298, 7.227713822620546, 56.73672956920222, 38.735865604202914, 56.03353078825842, 67.86362577665284, 60.6790519851847, 77.31894857704462, 17.096163945818294, 9.907639673134415, 70.51577353480197, 57.817098531710116, 21.462309785696014, 84.35031880959694], [82.53983155828159, 57.78924249713997, 59.66039613822189, 67.12330799324475, 7.098250364645743, 81.03464530337683, 11.522945946428225, 75.60771804828232, 0.0, 73.03210397135373, 40.87485938550046, 73.38097879389565, 45.95106556191682, 66.28635488514306, 26.42584148775409, 42.816520433845355, 81.21100348819137, 22.55935712005337, 16.02129390142749, 55.415354981669914, 77.13287281301243, 41.79903044213956, 50.67423096281225, 68.5560619962975, 79.03872672198295, 46.75684225045815, 37.18142623304436, 33.9089239061047, 46.037381425462605, 6.6163213827488425, 59.76901437545131, 73.91447846681213, 58.51570741846209, 29.40263676915555, 54.9321918430989, 15.586766867709327], [21.568633871168046, 66.48361645395786, 64.8187498918937, 41.35323582973536, 71.39704016976879, 42.675585946042574, 78.7461647582235, 15.941761717325969, 73.03210397135373, 0.0, 100.57747043321821, 5.736904809308058, 87.14584230102568, 7.533121753538506, 63.97992006885721, 35.739228412988766, 45.147685891182, 84.59702230533702, 86.96794989360288, 34.022924410802744, 16.866967049519697, 50.257842952512604, 63.62278130135951, 14.156503449744026, 40.82414490962387, 29.39772743579047, 61.557201675148285, 72.69437622143458, 68.31219753541497, 76.03820944649273, 15.327398895417456, 25.077758229217515, 56.87375095239595, 50.20801771711218, 19.696911119033416, 84.1754554371352], [115.39279607024456, 98.65926507792113, 55.59423168103039, 77.00127588300816, 36.452028374191364, 118.91761590018487, 48.0902863757714, 107.92023915009483, 40.87485938550046, 100.57747043321821, 0.0, 102.82209081554429, 83.33064922881293, 93.07275883422608, 67.29681788110082, 78.90863297410108, 89.56968891282735, 18.787994197369912, 27.402475100141782, 92.61457542830095, 109.51889042591598, 52.958116001023015, 48.4156269350713, 100.7102135823002, 89.353490414529, 71.18197996243809, 78.05200049667687, 73.93092838111866, 86.75403731613355, 44.898469620323745, 90.86415939877847, 108.78075266419222, 59.916832674338096, 50.47958211273721, 86.48819287942091, 47.83271545982361], [16.190709446576225, 62.380329616158086, 69.43544293030149, 46.66665064565658, 72.29372531224745, 36.98334961032972, 78.32214676063369, 10.209918943444318, 73.38097879389565, 5.736904809308058, 102.82209081554429, 0.0, 84.3726982557209, 11.313274537943418, 62.28226163413595, 33.95815207078957, 50.860960596569086, 86.29766834145298, 87.84465931756881, 30.218640835658963, 11.185567059166566, 53.74425973264747, 67.73966301381671, 9.281638303262477, 46.53335706467746, 32.00334647282405, 58.95855357190144, 70.39962531255132, 65.05588643595362, 75.92525113604273, 13.843870912645565, 19.433754689209064, 61.55130179521766, 52.343887154808144, 18.663814207875927, 83.69747122376465], [84.92020795314427, 30.401593336890503, 101.76349896998308, 100.88855857189495, 52.84577313846606, 70.11125211218854, 35.79685454689533, 80.7251880148427, 45.95106556191682, 87.14584230102568, 83.33064922881293, 84.3726982557209, 0.0, 83.27104910478438, 27.1549206232639, 52.00058537130089, 113.86104074805439, 67.10320344885042, 55.96511319167634, 54.91772777420991, 81.72620422410264, 80.49613800558897, 93.31859373699642, 75.8868872738783, 110.53575019010843, 73.17037279451067, 25.636923759111856, 15.975859834075763, 20.5015045121591, 39.968538562256576, 71.8863554172075, 73.71870444902822, 98.56929539747587, 66.50485407749133, 67.98901241637516, 35.50958601233826], [27.33322241495941, 64.77978902216587, 58.12781259447708, 35.91716962709231, 64.3500404754013, 45.76404537149549, 72.51726316082984, 20.605219581535376, 66.28635488514306, 7.533121753538506, 93.07275883422608, 11.313274537943418, 83.27104910478438, 0.0, 58.997262619211945, 31.299753870685734, 41.667064037644536, 77.21370475868076, 79.90163229908244, 32.440960330556905, 21.884771292624865, 42.82297982984816, 56.49548978291474, 16.18517960163873, 37.340877419407434, 21.89170176218306, 57.64503886314573, 68.31407749198209, 65.22789201783586, 69.58885933982604, 12.226881511409523, 28.24322854488677, 50.255047012202894, 42.75015172793852, 15.331372467976763, 77.96979195451438], [66.74589776268054, 31.363488520869275, 75.5169758118197, 73.7666966086292, 31.755468717096655, 59.08972448021116, 22.152848080010774, 61.036207255072355, 26.42584148775409, 63.97992006885721, 67.29681788110082, 62.28226163413595, 27.1549206232639, 58.997262619211945, 0.0, 28.33961461546561, 86.86266279819795, 48.90334786514462, 41.31924576370082, 36.38905961963516, 62.33102994288838, 53.75616498043328, 67.40279846683882, 54.947836934084926, 83.63344282842037, 46.41182258600596, 10.839610702670344, 11.252589657964002, 19.91241915284803, 23.25813593725975, 48.762400485014645, 56.377303482452014, 71.83050022991712, 39.85812233179437, 44.28701219258686, 26.11598378811995], [40.10596006845077, 37.24187896797124, 65.19409909626599, 54.14124156843404, 43.83956190185858, 40.14269903296314, 45.52980143542542, 33.62512939864974, 42.816520433845355, 35.739228412988766, 78.90863297410108, 33.95815207078957, 52.00058537130089, 31.299753870685734, 28.33961461546561, 0.0, 65.26036379073942, 60.52688245311703, 58.54399375585488, 13.859053234930874, 35.05436451928346, 43.21004413509927, 59.324928190569196, 27.037576554303413, 61.423910935499784, 25.4290585153016, 26.41446215563667, 37.06112088811902, 34.748987910916554, 43.89994850452072, 20.452433052683837, 31.097960488183393, 59.1104427533724, 33.23921532780715, 16.13830479325736, 50.72594944588198], [66.39609025807553, 102.30934679456976, 36.00777464432181, 14.101332047218202, 75.94901693655244, 87.32802589132665, 91.31628042607873, 61.06624265020801, 81.21100348819137, 45.147685891182, 89.56968891282735, 50.860960596569086, 113.86104074805439, 41.667064037644536, 86.86266279819795, 65.26036379073942, 0.0, 80.42070411112022, 88.93166739772015, 71.83291069212963, 62.012916754365655, 40.29146967282613, 41.360196082361, 57.78817041467607, 4.339211137702769, 40.87180599702133, 89.8459874491792, 97.89475857114068, 99.43795307402351, 86.90652621674917, 52.440440859299805, 69.70303591757569, 29.901404947748883, 51.84904008994034, 53.22047955740451, 96.35226646167945], [98.00831307217913, 80.23589670980198, 50.655723565312115, 66.80731045517608, 17.6733904243608, 100.37416661791362, 31.308203268327553, 90.63081383865216, 22.55935712005337, 84.59702230533702, 18.787994197369912, 86.29766834145298, 67.10320344885042, 77.21370475868076, 48.90334786514462, 60.52688245311703, 80.42070411112022, 0.0, 12.888762069436847, 74.11973893881986, 92.22149887086839, 40.81151438210797, 41.96935221099111, 83.40328005751883, 79.38327054931261, 55.5092874912586, 59.56347406250107, 56.282482765791556, 68.5945282175425, 27.414120911321326, 73.73239751997728, 90.84466176121565, 52.58944527398302, 34.61245493562657, 69.178619854236, 32.387356563413846], [97.88737636926292, 72.40851003762539, 61.78662471129519, 74.96179972840179, 15.573387011335512, 97.05426235216638, 20.790333589262946, 90.7982005781709, 16.02129390142749, 86.96794989360288, 27.402475100141782, 87.84465931756881, 55.96511319167634, 79.90163229908244, 41.31924576370082, 58.54399375585488, 88.93166739772015, 12.888762069436847, 0.0, 71.36674636147202, 92.34966228494545, 48.64977806998824, 52.83878215682264, 83.65740318220344, 87.4060000204068, 59.10434522654842, 52.15472356663358, 46.852116284233475, 60.11166830094768, 18.144043860046754, 74.51426311948089, 89.60350567865271, 62.71308140206276, 39.23890803406516, 69.73520891910033, 20.53400975786801], [30.656242042693588, 32.509910025671694, 76.97257314799286, 62.499329093693596, 57.12562566774349, 26.32299771959231, 56.48739589586239, 25.83055488979236, 55.415354981669914, 34.022924410802744, 92.61457542830095, 30.218640835658963, 54.91772777420991, 32.440960330556905, 36.38905961963516, 13.859053234930874, 71.83291069212963, 74.11973893881986, 71.36674636147202, 0.0, 26.892771509568302, 55.65496830630296, 71.8079086905206, 21.238295411245144, 67.68882786235501, 35.39659235439568, 30.312630135971453, 42.21386408957569, 35.05619009915687, 55.611931527091464, 20.246113718489035, 19.999762541304236, 70.33629145923125, 46.76383622240954, 18.614206564567834, 61.34086026746964], [5.965367400963627, 56.87858500748684, 79.70041360681175, 57.68688257318858, 77.02250265336897, 26.529191319631447, 80.57909442526609, 1.599411445745702, 77.13287281301243, 16.866967049519697, 109.51889042591598, 11.185567059166566, 81.72620422410264, 21.884771292624865, 62.33102994288838, 35.05436451928346, 62.012916754365655, 92.22149887086839, 92.34966228494545, 26.892771509568302, 0.0, 62.69416097314595, 77.39623265468774, 8.820755219820567, 57.69070733877555, 40.29527813980325, 57.15975173140361, 69.01630601330238, 61.6055453261325, 78.79899054963724, 18.694836963274952, 9.92108203614674, 71.91423568657217, 59.41480160234495, 23.057125142719297, 85.77876091876362], [68.62057542398776, 77.77704420271219, 22.462660404519024, 26.319190054674912, 35.99241825838658, 79.8431435015122, 52.637414923733644, 61.15377485369638, 41.79903044213956, 50.257842952512604, 52.958116001023015, 53.74425973264747, 80.49613800558897, 42.82297982984816, 53.75616498043328, 43.21004413509927, 40.29146967282613, 40.81151438210797, 48.64977806998824, 55.65496830630296, 62.69416097314595, 0.0, 16.161002597896008, 54.49170021429311, 38.81490776157998, 22.536088212914734, 60.19364144183065, 64.93377376348347, 70.77445987533186, 47.93855394699507, 44.756351332148185, 65.20448942072686, 18.08289930392104, 13.99994153023156, 41.6982379964606, 57.30726741820193], [83.23278313597625, 93.22106681452098, 9.059337984503848, 29.828244782482685, 43.868798521843054, 95.75732194621104, 62.153910429151644, 75.90458387378298, 50.67423096281225, 63.62278130135951, 48.4156269350713, 67.73966301381671, 93.31859373699642, 56.49548978291474, 67.40279846683882, 59.324928190569196, 41.360196082361, 41.96935221099111, 52.83878215682264, 71.8079086905206, 77.39623265468774, 16.161002597896008, 0.0, 69.54345516141906, 41.58411236518323, 37.98204944430809, 74.85333793187456, 78.30281205996545, 85.47534541450806, 57.25125573398781, 60.06687982291636, 80.66943203179241, 11.51409883165855, 28.102256786082382, 57.36324835076825, 66.07475857813594], [14.69193748309815, 53.15746020193334, 72.36766619334593, 51.80892215637747, 68.28558173637678, 29.57959478193578, 72.39592590450548, 7.227713822620546, 68.5560619962975, 14.156503449744026, 100.7102135823002, 9.281638303262477, 75.8868872738783, 16.18517960163873, 54.947836934084926, 27.037576554303413, 57.78817041467607, 83.40328005751883, 83.65740318220344, 21.238295411245144, 8.820755219820567, 54.49170021429311, 69.54345516141906, 0.0, 53.45350725175387, 31.976409086177448, 50.724822856255145, 62.38697210417274, 56.2605094417412, 70.4326066623311, 9.974240860151587, 12.109381909682993, 64.72782244880975, 50.67660667467445, 14.236786787359264, 77.66195197388977], [62.107935621415066, 98.37066860407884, 37.06870231386542, 12.577346133088806, 74.01806498545534, 82.98996635438654, 88.89469582472866, 56.73672956920222, 79.03872672198295, 40.82414490962387, 89.353490414529, 46.53335706467746, 110.53575019010843, 37.340877419407434, 83.63344282842037, 61.423910935499784, 4.339211137702769, 79.38327054931261, 87.4060000204068, 67.68882786235501, 57.69070733877555, 38.81490776157998, 41.58411236518323, 53.45350725175387, 0.0, 37.397621843460726, 86.29080149706432, 94.59016945911443, 95.76155520912705, 84.57787147960178, 48.19276215380631, 65.36405493326731, 30.348874030633894, 49.63664436378112, 49.07517423802661, 94.009394222273], [46.24783087698317, 62.59862821874098, 42.00415811244053, 28.862825764423054, 43.75836079664357, 57.921297628828, 54.723000635682986, 38.735865604202914, 46.75684225045815, 29.39772743579047, 71.18197996243809, 32.00334647282405, 73.17037279451067, 21.89170176218306, 46.41182258600596, 25.4290585153016, 40.87180599702133, 55.5092874912586, 59.10434522654842, 35.39659235439568, 40.29527813980325, 22.536088212914734, 37.98204944430809, 31.976409086177448, 37.397621843460726, 0.0, 48.98082188793519, 57.25075584537175, 58.697591154149215, 51.07096487347029, 22.223027261217215, 42.73418497822723, 35.04328400406021, 20.926290371168257, 19.39707660539806, 60.12713624004329], [60.918480796083195, 20.69560128446967, 82.48536867013729, 77.51198174634204, 42.20829156754716, 50.223225330670246, 32.66995054315673, 56.03353078825842, 37.18142623304436, 61.557201675148285, 78.05200049667687, 58.95855357190144, 25.636923759111856, 57.64503886314573, 10.839610702670344, 26.41446215563667, 89.8459874491792, 59.56347406250107, 52.15472356663358, 30.312630135971453, 57.15975173140361, 60.19364144183065, 74.85333793187456, 50.724822856255145, 86.29080149706432, 48.98082188793519, 0.0, 11.934340394136557, 10.622156877060986, 34.06981584071117, 46.27160774203765, 49.99724324396227, 78.02841605090501, 46.79055257533919, 42.353387004910914, 36.170090642208635], [72.84177429036517, 26.958970654433084, 86.54490770491412, 84.91629933248389, 40.210333128592694, 61.54654621489533, 26.1331670539662, 67.86362577665284, 33.9089239061047, 72.69437622143458, 73.93092838111866, 70.39962531255132, 15.975859834075763, 68.31407749198209, 11.252589657964002, 37.06112088811902, 97.89475857114068, 56.282482765791556, 46.852116284233475, 42.21386408957569, 69.01630601330238, 64.93377376348347, 78.30281205996545, 62.38697210417274, 94.59016945911443, 57.25075584537175, 11.934340394136557, 0.0, 14.110203257000249, 29.04515085478358, 57.366977404248004, 61.931542361611214, 83.01535956473876, 50.99365336194941, 53.19531204271072, 28.184062520417672], [64.57250566566562, 12.849815635545644, 93.09252977582042, 87.44093851560538, 51.63933347799849, 49.93028380438884, 39.68996404064186, 60.6790519851847, 46.037381425462605, 68.31219753541497, 86.75403731613355, 65.05588643595362, 20.5015045121591, 65.22789201783586, 19.91241915284803, 34.748987910916554, 99.43795307402351, 68.5945282175425, 60.11166830094768, 35.05619009915687, 61.6055453261325, 70.77445987533186, 85.47534541450806, 56.2605094417412, 95.76155520912705, 58.697591154149215, 10.622156877060986, 14.110203257000249, 0.0, 42.01517745168395, 53.341198775570625, 53.33666368369995, 88.55999167558139, 57.411064943526746, 49.93219357707434, 42.17188255239684], [83.98775489894699, 54.264659001164546, 66.22102677586524, 72.8590956543132, 13.675201944191471, 80.50974909801462, 4.909701547899441, 77.31894857704462, 6.6163213827488425, 76.03820944649273, 44.898469620323745, 75.92525113604273, 39.968538562256576, 69.58885933982604, 23.25813593725975, 43.89994850452072, 86.90652621674917, 27.414120911321326, 18.144043860046754, 55.611931527091464, 78.79899054963724, 47.93855394699507, 57.25125573398781, 70.4326066623311, 84.57787147960178, 51.07096487347029, 34.06981584071117, 29.04515085478358, 42.01517745168395, 0.0, 62.140161292973445, 74.7927664608933, 64.91485421342156, 35.0744631721038, 57.29168498331773, 9.447095712989626], [24.627466069552913, 52.55471856119115, 63.36986264477167, 44.61750077738333, 59.02937905790265, 36.830802314741966, 64.48477321962905, 17.096163945818294, 59.76901437545131, 15.327398895417456, 90.86415939877847, 13.843870912645565, 71.8863554172075, 12.226881511409523, 48.762400485014645, 20.452433052683837, 52.440440859299805, 73.73239751997728, 74.51426311948089, 20.246113718489035, 18.694836963274952, 44.756351332148185, 60.06687982291636, 9.974240860151587, 48.19276215380631, 22.223027261217215, 46.27160774203765, 57.366977404248004, 53.341198775570625, 62.140161292973445, 0.0, 20.631473154901137, 55.91549668103926, 40.72369472697709, 4.850677485130335, 69.85572131157348], [11.26414190651107, 47.629185159564514, 83.95703122671507, 63.91172175947915, 74.69649857563219, 17.65188956683687, 76.03350993166343, 9.907639673134415, 73.91447846681213, 25.077758229217515, 108.78075266419222, 19.433754689209064, 73.71870444902822, 28.24322854488677, 56.377303482452014, 31.097960488183393, 69.70303591757569, 90.84466176121565, 89.60350567865271, 19.999762541304236, 9.92108203614674, 65.20448942072686, 80.66943203179241, 12.109381909682993, 65.36405493326731, 42.73418497822723, 49.99724324396227, 61.931542361611214, 53.33666368369995, 74.7927664608933, 20.631473154901137, 0.0, 76.43078650921832, 59.81010945770359, 23.58265882151927, 81.02224540714994], [77.54142664240244, 94.97270105809193, 7.999024811252923, 19.214133983031854, 52.1232570433326, 92.55623186705955, 69.73629562303255, 70.51577353480197, 58.51570741846209, 56.87375095239595, 59.916832674338096, 61.55130179521766, 98.56929539747587, 50.255047012202894, 71.83050022991712, 59.1104427533724, 29.901404947748883, 52.58944527398302, 62.71308140206276, 70.33629145923125, 71.91423568657217, 18.08289930392104, 11.51409883165855, 64.72782244880975, 30.348874030633894, 35.04328400406021, 78.02841605090501, 83.01535956473876, 88.55999167558139, 64.91485421342156, 55.91549668103926, 76.43078650921832, 0.0, 32.06444175703025, 54.02996825558179, 74.09952581878927], [65.35097218400834, 65.2238849009853, 35.76861389203579, 37.787105065342764, 24.676045719425705, 72.43670362785926, 39.56542341609752, 57.817098531710116, 29.40263676915555, 50.20801771711218, 50.47958211273721, 52.343887154808144, 66.50485407749133, 42.75015172793852, 39.85812233179437, 33.23921532780715, 51.84904008994034, 34.61245493562657, 39.23890803406516, 46.76383622240954, 59.41480160234495, 13.99994153023156, 28.102256786082382, 50.67660667467445, 49.63664436378112, 20.926290371168257, 46.79055257533919, 50.99365336194941, 57.411064943526746, 35.0744631721038, 40.72369472697709, 59.81010945770359, 32.06444175703025, 0.0, 36.62207926782233, 44.52141612426205], [28.905352332408814, 50.10657711255925, 61.244303826622094, 44.26476813267497, 54.27511797729523, 38.582249048418575, 59.658791116325055, 21.462309785696014, 54.9321918430989, 19.696911119033416, 86.48819287942091, 18.663814207875927, 67.98901241637516, 15.331372467976763, 44.28701219258686, 16.13830479325736, 53.22047955740451, 69.178619854236, 69.73520891910033, 18.614206564567834, 23.057125142719297, 41.6982379964606, 57.36324835076825, 14.236786787359264, 49.07517423802661, 19.39707660539806, 42.353387004910914, 53.19531204271072, 49.93219357707434, 57.29168498331773, 4.850677485130335, 23.58265882151927, 54.02996825558179, 36.62207926782233, 0.0, 65.037516112316], [90.72680807833875, 54.94447771405954, 75.09698903707815, 82.3061681339877, 22.20606684849087, 85.1084849902807, 5.45968003357775, 84.35031880959694, 15.586766867709327, 84.1754554371352, 47.83271545982361, 83.69747122376465, 35.50958601233826, 77.96979195451438, 26.11598378811995, 50.72594944588198, 96.35226646167945, 32.387356563413846, 20.53400975786801, 61.34086026746964, 85.77876091876362, 57.30726741820193, 66.07475857813594, 77.66195197388977, 94.009394222273, 60.12713624004329, 36.170090642208635, 28.184062520417672, 42.17188255239684, 9.447095712989626, 69.85572131157348, 81.02224540714994, 74.09952581878927, 44.52141612426205, 65.037516112316, 0.0]]",Route_3,1769.7033843081092
