instance_id,num_cities,city_coordinates,distance_matrix,best_route,total_distance
79,66,"[[93.10197703944783, 52.00049981520267], [53.433876012438255, 82.2478299322572], [82.85686350042441, 67.112582705326], [17.77573927881636, 94.04573158202183], [46.73111097439333, 13.743727680858708], [87.98481797751467, 1.2041454063165924], [99.25299497829016, 50.50513371537061], [81.33376965036973, 40.179187577814226], [92.89253489579643, 73.36671402964484], [37.709859862711866, 34.895123715849785], [53.369688275698046, 72.73706673105946], [81.13097532742995, 36.32548755192661], [99.51266636033587, 5.605254469592813], [28.412816362756065, 45.65911627370599], [95.93654210807708, 10.467753053670126], [18.820480137251337, 3.4872159112229406], [91.41740669187132, 29.645955883951245], [4.111748611322863, 80.3664809371462], [76.68510350175617, 8.954183199848764], [85.13411091002186, 82.96528729509832], [61.458082141919014, 36.929038570527105], [31.023208771685805, 70.79043342779798], [87.05692246619549, 9.133785728693688], [22.310370936982217, 1.9727808907929134], [76.67402262956814, 89.0093300935012], [9.710031862486323, 93.3041225994779], [26.71414780263799, 14.837112857152402], [81.01347276382076, 93.79653504862316], [98.7213443727524, 15.489730004408663], [31.730163950360712, 25.264713291099184], [73.37890256837706, 11.420736828647971], [94.35241987167508, 36.33424953651142], [49.818735000986955, 88.45035554206565], [73.9296210661197, 34.53735126969594], [52.00096976708429, 31.4225530149411], [99.13330950541906, 9.819314152546665], [52.70002562708612, 45.3001135681413], [19.980340235293646, 85.77251346986398], [65.98846902517471, 32.96955829942906], [65.05841875337357, 67.9705931730743], [83.7555719441368, 19.65492994112863], [79.62042928582468, 95.82532384785752], [99.23594986727355, 94.40189879332466], [91.91036499313931, 69.1309633255622], [81.59102951911694, 52.123665440229686], [20.572433578777538, 33.424738737393554], [73.48673310076957, 17.43689157958155], [38.71267776509137, 19.425453682652016], [67.733894184647, 23.48168795329827], [52.37287194748463, 25.912031843679785], [25.022339333282574, 96.1472590961683], [63.33802061799258, 89.97638451008892], [51.282743695897025, 43.80304099208468], [14.357002465927238, 90.92768333918097], [55.57578032297283, 88.58459736543467], [44.21331545134838, 10.78200002358355], [49.92303490674161, 44.68620047586671], [34.53159592030062, 42.54192296239938], [41.22746176190636, 7.956093464436675], [83.3442107813375, 31.335138714053034], [38.90957504197714, 95.92832598339095], [50.53592926072601, 98.29873751363529], [73.85881554270816, 4.392214222482938], [51.46096475059719, 57.50183026085871], [55.90368375056586, 71.27895188767711], [76.98853587902687, 88.3118564978438]]","[[0.0, 49.884458685036485, 18.257529972738354, 86.2661208673296, 60.11520468036635, 51.05345177456942, 6.33017704779946, 16.68035156002961, 21.36724071725144, 57.97310183888353, 44.81807646320627, 19.72335903042355, 46.83605158687356, 64.99923579762465, 41.62936238625191, 88.7202316113927, 22.41792612241784, 93.40176465517297, 46.07058834985565, 31.97350394203857, 35.049750759964155, 64.86011929381749, 43.290851936270634, 86.68462467673487, 40.49112501105633, 93.06022660354452, 76.08193741598333, 43.509085221999094, 36.940676785941505, 66.94252551931604, 45.11891876625988, 15.716074734845918, 56.58649153171729, 25.93339142284412, 45.964602612415526, 42.61020294744599, 40.9537892482081, 80.54391767979295, 33.12580643270211, 32.2720473971451, 33.66884581752488, 45.85157937657527, 42.84278536643467, 17.171858354548206, 11.511606429469351, 74.87051204735486, 39.7416759716969, 63.39818219865074, 38.168865030843385, 48.368048985806304, 81.14045492363377, 48.24998362919497, 42.6150983643012, 87.84131509542587, 52.40812564448828, 63.94580484243995, 43.79406373613897, 59.32920208904332, 68.05053317991917, 22.85325254288381, 69.76009135686415, 62.891933007985976, 51.35024947814343, 42.0028396791516, 41.89715668057172, 39.72603189552583], [49.884458685036485, 0.0, 33.08757926078181, 37.559195926579605, 68.83123625524459, 88.1013416028057, 55.74038415659186, 50.47944863559747, 40.445765916210014, 49.89512471067936, 9.51097979888534, 53.628265310009986, 89.4278440614315, 44.325922361304634, 83.41975822269708, 86.03093336110416, 64.88224530847616, 49.35799555708542, 76.89329119692496, 31.708352805364587, 46.023697531776165, 25.169623374936098, 80.47467124898465, 86.0973638782944, 24.203766219664995, 45.10006823489876, 72.51309297075544, 29.89994559917535, 80.66968883331005, 60.97644380753432, 73.58179939240705, 61.501090204295565, 7.1791760302284535, 51.926537911902244, 50.84547171607162, 85.64069196142191, 36.95500346247095, 33.638704642613256, 50.852392872255734, 18.411123904140002, 69.55053107973949, 29.497184838015798, 47.38724891026441, 40.65085969398237, 41.23457990499478, 58.852091149276674, 67.84227890894707, 64.5241399437811, 60.48098844113462, 56.34578844867477, 31.62925145420914, 12.562747956966042, 38.50492393055308, 40.029263062610816, 6.68897417977265, 72.05819579753715, 37.72534973580273, 43.975620984593576, 75.28783870094614, 59.048541498226925, 19.952726402314635, 16.310417823026487, 80.49021712210268, 24.824521719137987, 11.243497490558099, 24.322714067694427], [18.257529972738354, 33.08757926078181, 0.0, 70.43399206606594, 64.44613783769086, 66.10762455508868, 23.337533918420572, 26.97642652336943, 11.824925326517468, 55.463651170854334, 30.01879949780549, 30.835432832541056, 63.72257995095974, 58.51842009710532, 58.135313869838185, 90.27095708986043, 38.43216133793137, 79.85273281007512, 58.484955796511095, 16.01543313729312, 36.999380807879355, 51.96397163876982, 58.130726764539105, 88.93296094346353, 22.75291338303489, 77.69463135053678, 76.71198911363061, 26.747549459102785, 54.0055615129504, 66.06953595563287, 56.49259633421954, 32.855039323293376, 39.32961332606317, 33.77634320890454, 47.17906736449687, 59.5604005696268, 37.21852603716926, 65.58696664771044, 38.08265809727978, 17.819113821304, 47.4661614495414, 28.894567142344485, 31.827366255526165, 9.27576140307285, 15.042272981439183, 70.81116466965011, 50.55169267716861, 64.98285472846462, 46.17747478791436, 51.2519183280275, 64.71355822979176, 30.062246430307557, 39.24614345782253, 72.52165180100397, 34.71750153595378, 68.31148037545279, 39.8444435993262, 54.21299481575648, 72.33600285068552, 35.78076307069049, 52.55198591411477, 44.91346169974811, 63.36252433160295, 32.83396139454142, 27.273293361672145, 21.996510596051124], [86.2661208673296, 37.559195926579605, 70.43399206606594, 0.0, 85.36290400736983, 116.39963425776266, 92.38142052871274, 83.31403115723386, 77.91119785175088, 62.41925643894631, 41.48479725059837, 85.70596540305284, 120.42692074699792, 49.54202206091935, 114.43071962458414, 90.56454186909802, 97.82855559261213, 19.334594362610236, 103.49340461704158, 68.26365412430839, 71.9059364627079, 26.7638625800977, 109.58978461718827, 92.18454931963767, 59.11322289994869, 8.09972962566228, 79.71135695269817, 63.23822447881269, 112.79732429399824, 70.18229438433914, 99.59217602703843, 95.88849342079568, 32.52786202441776, 81.81995946698368, 71.36546010374728, 117.10313243539127, 59.965332088558434, 8.561915866710981, 77.81237852964453, 53.995968565620565, 99.43505260881801, 61.87028875555357, 81.46098921691413, 78.20926036650546, 76.35346028865095, 60.685470027642594, 94.7239631727326, 77.5018791188784, 86.45866928672551, 76.4144137511241, 7.5451726449501715, 45.74364509330334, 60.390788227364794, 4.627092633661685, 38.19250044015831, 87.36014209531773, 58.90510951699111, 54.160881031577276, 89.22672849903576, 90.72950409337123, 21.217520490017677, 33.03510416367947, 105.75001001493402, 49.70061507522437, 44.40795432455362, 59.48976890776143], [60.11520468036635, 68.83123625524459, 64.44613783769086, 85.36290400736983, 0.0, 43.1173916780618, 64.1088860685712, 43.54512059243456, 75.4040951115987, 22.99488042693526, 59.36568672960281, 41.14956313719372, 53.405311862864465, 36.79880360162794, 49.3143636561365, 29.735489695108413, 47.43148623829031, 79.08856617541421, 30.334491996156483, 79.16068923072622, 27.467113441708953, 59.169796587344266, 40.58845448245959, 27.10955057372539, 81.00301762852776, 87.75201842816337, 20.04680288133618, 87.08462721583871, 52.019543374867226, 18.91458487647036, 26.74885200033535, 52.707881182998136, 74.77040636857913, 34.23643867524759, 18.44755476717431, 52.548943209414155, 32.11593735823724, 76.83586218280028, 27.21173280167861, 57.240223196073515, 37.49337304460454, 88.42565062419912, 96.24187588765685, 71.47664559877084, 51.84817782099922, 32.73558613031616, 27.009309042481323, 9.827374089322676, 23.150481049959296, 13.412572202095497, 85.21509699507364, 78.02055764446861, 30.401968310849714, 83.6985418796755, 75.36168755428307, 3.8873030511826325, 31.10667132722028, 31.27561700476565, 7.98666792080449, 40.619906691326186, 82.55594843795728, 84.64057141827999, 28.694305342836795, 44.012987380386626, 58.26180666494168, 80.47308616628307], [51.05345177456942, 88.1013416028057, 66.10762455508868, 116.39963425776266, 43.1173916780618, 0.0, 50.572317142585895, 39.53846679020364, 72.32926099212231, 60.51985982219896, 79.46801896061987, 35.78384877540596, 12.33941041234003, 74.33079988274875, 12.20837185265404, 69.20200892902211, 28.648197997912835, 115.3315530616044, 13.70206674319035, 81.81082357330325, 44.49646846307839, 89.92706157729235, 7.983745093763641, 65.67894483460964, 88.53069834443716, 120.86913559852353, 62.76904352620065, 92.85445747922505, 17.87039245077964, 61.184123975529964, 17.824463672989957, 35.70252890315821, 95.22894031134905, 36.17528401199518, 46.98924866852277, 14.089357539425833, 56.47540154210078, 108.51920507414277, 38.63781597739478, 70.59304731186977, 18.92928873362392, 94.99015953166727, 93.8744331817046, 68.04015367418144, 51.31937306061734, 74.71677325025311, 21.764570140918313, 52.53341675937279, 30.10629197355783, 43.3438617597395, 113.92308174443617, 92.13020707443715, 56.229068654038294, 116.06622452806202, 93.19704451469076, 44.807139302433534, 57.787441919486064, 67.57261872662637, 47.242345018561856, 30.48625908274201, 106.68200342691459, 104.06622450444243, 14.48128887788555, 67.10753440950391, 77.06930437397, 87.79904072137973], [6.33017704779946, 55.74038415659186, 23.337533918420572, 92.38142052871274, 64.1088860685712, 50.572317142585895, 0.0, 20.681484472554203, 23.729882151561714, 63.49196714576944, 50.98565170298611, 23.010214287281983, 44.900630123775336, 71.00573773524005, 40.174503231406014, 93.16691493385147, 22.2823190803166, 99.71738473385376, 47.28415394653859, 35.39780300742844, 40.15925541753403, 71.1814379611844, 43.1315733419845, 90.97008664968587, 44.636119130699505, 99.24563311834001, 80.83373096371903, 46.97686238999858, 35.01943959300343, 72.08613967483825, 46.87279315376434, 14.99431875032064, 62.31842359190976, 29.937323569885002, 50.95977602726331, 40.68599560181715, 46.843048471968665, 86.76371283405278, 37.60352499505419, 38.39676180708892, 34.52397997930947, 49.38984986121881, 43.89676838726167, 20.02088269199753, 17.735971042641086, 80.5131705669711, 41.9214609608509, 68.05201333693884, 41.517711108579945, 52.939272709915706, 87.14008174637061, 53.36539161854228, 48.436175065414304, 94.02825140748175, 57.94604932109882, 67.87704820279122, 49.67197343277572, 65.20944886686105, 71.95403624065335, 24.911405479734615, 75.5287675354746, 68.24647284772279, 52.64281236184172, 48.30146908567444, 48.0698897998961, 43.87544218049028], [16.68035156002961, 50.47944863559747, 26.97642652336943, 83.31403115723386, 43.54512059243456, 39.53846679020364, 20.681484472554203, 0.0, 35.14280816881088, 43.942767733257654, 42.91858970290823, 3.8590321878604277, 39.06186293769648, 53.20391823335802, 33.10604635008654, 72.48594450328213, 14.581793644862161, 87.05319684482589, 31.569146256514887, 42.954544843441106, 20.13967284995348, 58.89143323451985, 31.568519986319775, 70.30996449731418, 49.05197305308086, 89.17521256360125, 60.21232300731157, 53.61830414980498, 30.19763351647665, 51.79728990681898, 29.838371265610185, 13.574564528048452, 57.648096808001995, 9.308691271347096, 30.61195514599769, 35.192975626533155, 29.088059058475135, 76.43948369062535, 16.95455707499784, 32.20635452485436, 20.666646508012434, 55.672506832268716, 57.10158025903612, 30.823200482632938, 11.947247969545156, 61.135607794008486, 24.058013423431095, 47.40543158842186, 21.535159771728594, 32.28444406365116, 79.39396837190947, 52.94910580499024, 30.268737576656743, 84.03152482563, 54.832086508701764, 47.351058658072866, 31.73243486399646, 46.86177530095443, 51.44748513468667, 9.069678817118199, 70.05554026010303, 65.77529214992792, 36.55929978605769, 34.531991284956455, 40.17318270937, 48.32840649031168], [21.36724071725144, 40.445765916210014, 11.824925326517468, 77.91119785175088, 75.4040951115987, 72.32926099212231, 23.729882151561714, 35.14280816881088, 0.0, 67.26953905802763, 39.52786182778469, 38.86369440047932, 68.08407701009358, 70.18080275620262, 62.97257555289927, 101.83228148988626, 43.74563630869081, 89.05630101261067, 66.42029027557733, 12.342031902216121, 48.123061132888694, 61.92294192616344, 64.49746855918956, 100.39390199680354, 22.532899889961225, 85.53846544898441, 88.34757003824694, 23.632386760605172, 58.16975416637151, 77.81155502056315, 64.9467931309632, 37.061228940470706, 45.638453946790456, 43.212399994162, 58.578432395405564, 63.85310719822432, 49.022156855661045, 73.96007024038033, 48.5361612765375, 28.352356899005773, 54.483390514462144, 26.087122154215525, 21.970842303892397, 4.348130833452694, 24.06223466661749, 82.61693800154234, 59.20076167249431, 76.45336151226886, 55.8701443444572, 62.40023995799809, 71.59131706584104, 33.90207173117665, 51.04297686431491, 80.47494950065831, 40.30042363387835, 79.28753264505848, 51.66187943752949, 66.00126470334399, 83.35363858078328, 43.1024804031627, 58.50800191880154, 49.14964736324291, 71.55252683211337, 44.365183891128616, 37.04772408401707, 21.82417164797261], [57.97310183888353, 49.89512471067936, 55.463651170854334, 62.41925643894631, 22.99488042693526, 60.51985982219896, 63.49196714576944, 43.942767733257654, 67.26953905802763, 0.0, 40.95415579755668, 43.444668359925785, 68.39212916297888, 14.223169605459052, 63.143035742433575, 36.650584430218565, 53.96345383066019, 56.5373983059661, 46.818821125457305, 67.52629276018338, 23.83516039506988, 36.512799976580844, 55.66667874483463, 36.345906458145244, 66.68248129760259, 64.77346307423963, 22.874210004187603, 73.10662861383808, 64.02320319395893, 11.335853216822018, 42.700438490355104, 56.660839099828856, 54.90708254017929, 36.22152816703229, 14.706956502677945, 66.34482942374055, 18.24743498329854, 53.87805355059587, 28.344091771235906, 42.917716076368556, 48.50227940392629, 73.95258695607663, 85.59507013473737, 64.10762411894116, 47.14212235743004, 17.200389868318474, 39.80922666940264, 15.502139680745683, 32.120229651586065, 17.195925766937904, 62.55235619729729, 60.75152602512546, 16.234967377527532, 60.70423120785505, 56.58401447990273, 24.974740615107468, 15.653332832871556, 8.280996341302355, 27.167717497201846, 45.77299943173143, 61.044992387107, 64.68791462724248, 47.29877888820033, 26.460462324943855, 40.67921066219577, 66.30355745129816], [44.81807646320627, 9.51097979888534, 30.01879949780549, 41.48479725059837, 59.36568672960281, 79.46801896061987, 50.98565170298611, 42.91858970290823, 39.52786182778469, 40.95415579755668, 0.0, 45.78746724909468, 81.46075523850838, 36.824731589651556, 75.42814110821125, 77.38985477156113, 57.484543233065516, 49.845286448241666, 67.91071210581944, 33.37057148444675, 36.71017564764025, 22.43110624647402, 71.97365560864142, 77.28043312527436, 28.423204509935786, 48.26146895002623, 63.74105816906013, 34.75169098970931, 73.03444579813026, 52.17176778829115, 64.49853462918138, 54.81559439400048, 16.109522476388737, 43.381206733743475, 41.33717980166467, 77.80072376005461, 27.44512428332418, 35.843708433189036, 41.72155743093919, 12.623220284804997, 61.16383876521176, 34.95953403968824, 50.72552513945014, 38.70901372560993, 34.94791001410927, 51.19686560656074, 58.84560191108654, 55.28974627298592, 51.30714131517572, 46.83564385162775, 36.76423939964574, 19.913857666780604, 29.00919135623769, 43.045187729588996, 16.0003459127767, 62.62802451000893, 28.261820838588047, 35.589611276333635, 65.9090901324174, 51.11351722359231, 27.3300087896232, 25.718265947604753, 71.35000490947996, 15.354336709809655, 2.9235649408115583, 28.291766264918884], [19.72335903042355, 53.628265310009986, 30.835432832541056, 85.70596540305284, 41.14956313719372, 35.78384877540596, 23.010214287281983, 3.8590321878604277, 38.86369440047932, 43.444668359925785, 45.78746724909468, 0.0, 35.7997106952295, 53.53803236710004, 29.796430005598406, 70.43401092649711, 12.264860925377379, 88.72187093554813, 27.730021244571656, 46.81128084741726, 19.682149275944848, 60.81628699149345, 27.829938870487155, 68.11733961190394, 52.872031285892575, 91.36474165291945, 58.5059088031796, 57.471167616640656, 27.268110967384395, 50.623916205305136, 26.083351790946992, 13.221447447572569, 60.80672871689732, 7.420036021524499, 29.539735798069255, 32.041555270211084, 29.813802390745106, 78.64101057527671, 15.509924508572196, 35.492813140125094, 16.87589993023671, 59.51900762434121, 60.83304731614529, 34.53106546719626, 15.804875021643072, 60.62797475100329, 20.376788192115743, 45.660958299949506, 18.55922873602338, 30.585430678662032, 82.01721394814125, 56.5244016483805, 30.770614829412537, 86.25638084511986, 58.17286781839215, 44.893021348943094, 32.3084674024902, 47.012192358389, 48.96031980864947, 5.459120139555407, 73.04207685404131, 69.11396786931105, 32.75085118691548, 36.451982362493126, 43.10639058625415, 52.15114917971329], [46.83605158687356, 89.4278440614315, 63.72257995095974, 120.42692074699792, 53.405311862864465, 12.33941041234003, 44.900630123775336, 39.06186293769648, 68.08407701009358, 68.39212916297888, 81.46075523850838, 35.7997106952295, 0.0, 81.60576275669106, 6.035938795891439, 80.71997896924711, 25.36707617354046, 121.20468675049968, 23.0719082371342, 78.68492572024863, 49.2882423143545, 94.55111504683977, 12.945890807621831, 77.28770460387248, 86.47452502407612, 125.52133139039489, 73.38154749992287, 90.11061055109215, 9.916100397152409, 70.57593041620348, 26.772998431299758, 31.1592567569646, 96.60640551048321, 38.62069952469082, 54.07304520136476, 4.231100404725642, 61.37674780626561, 112.92555208842964, 43.274437385810316, 71.24977648920616, 21.11112041783872, 92.38702297643027, 88.79707548772579, 63.97898617304799, 49.85125501230239, 83.69876974324671, 28.589103496504784, 62.350914343500236, 36.46172287607489, 51.32762827763047, 117.24616591768007, 91.79919704928982, 61.523949283475076, 120.546273113288, 93.89367019179689, 55.5411280537774, 63.13835512941876, 74.74528075323761, 58.33259396821357, 30.38825264873527, 108.7703632660479, 104.83702864809023, 25.682514059457, 70.72637843442833, 78.83386262781569, 85.71883382896974], [64.99923579762465, 44.325922361304634, 58.51842009710532, 49.54202206091935, 36.79880360162794, 74.33079988274875, 71.00573773524005, 53.20391823335802, 70.18080275620262, 14.223169605459052, 36.824731589651556, 53.53803236710004, 81.60576275669106, 0.0, 76.14384797088877, 43.24907044603766, 65.00768960828907, 42.36912856952294, 60.64211257522625, 67.8900261555043, 34.17899716374164, 25.266524304465705, 69.08857323822711, 44.11049466241465, 64.87206693600679, 51.1843801940238, 30.86877661144307, 71.30245535838591, 76.50804519002237, 20.662440998922364, 56.517391444360825, 66.59567891822925, 47.84666666413206, 46.855876549356836, 27.55141946337676, 79.2835390634481, 24.289862428428087, 40.99013647521754, 39.66049110373275, 42.90340517956911, 61.1476761795561, 71.6858982203033, 85.97543304429209, 67.69687057828904, 53.56969992850208, 14.531056255494066, 53.180371724829286, 28.18318998709304, 45.14405263134919, 31.048858386579468, 50.60185668677326, 56.42508445900198, 22.945121304412265, 47.400517597001965, 50.79786942441968, 38.289280606628814, 21.53220998782301, 6.86704866837856, 39.821263988756634, 56.76825191864904, 51.35343598636889, 57.09957835728334, 61.38644839351308, 25.912680654255865, 37.57823527816397, 64.64407764947379], [41.62936238625191, 83.41975822269708, 58.135313869838185, 114.43071962458414, 49.3143636561365, 12.20837185265404, 40.174503231406014, 33.10604635008654, 62.97257555289927, 63.143035742433575, 75.42814110821125, 29.796430005598406, 6.035938795891439, 76.14384797088877, 0.0, 77.43135613358015, 19.703452710360384, 115.40201410915579, 19.310846229912862, 73.29791941710059, 43.462211550294924, 88.61470878110832, 8.97926020385834, 74.11462496271176, 80.8691781865233, 119.56954122460536, 69.3601555539632, 84.65449726633483, 5.742419015283536, 65.88936961604453, 22.577760732154303, 25.914958683291477, 90.59877716189045, 32.61364947422872, 48.6768749854332, 3.2618698320440163, 55.52197489662173, 106.95864408396072, 37.459555799514305, 65.26894455792927, 15.257137781912268, 86.90299436448196, 83.99896971158047, 58.80121037500056, 44.05688105389146, 78.78306953970962, 23.506654722821114, 57.92073075249391, 31.060454785220294, 46.22033216241998, 111.21961117928417, 85.93186882299331, 55.72434956616919, 114.58194303542929, 87.92742721757753, 51.724181259266246, 57.34234900100434, 69.27712314796102, 54.766704357811705, 24.3724145816852, 102.74037423639345, 98.87111548941733, 22.898431876101473, 64.73238293167458, 72.8054369666283, 80.11698559658457], [88.7202316113927, 86.03093336110416, 90.27095708986043, 90.56454186909802, 29.735489695108413, 69.20200892902211, 93.16691493385147, 72.48594450328213, 101.83228148988626, 36.650584430218565, 77.38985477156113, 70.43401092649711, 80.71997896924711, 43.24907044603766, 77.43135613358015, 0.0, 77.1660120917085, 78.27367484683461, 58.12230525754208, 103.50971672827497, 54.18782711536596, 68.40050931249752, 68.46967074855036, 3.804320073962118, 103.25243044653693, 90.27777686016569, 13.82498281716074, 109.65282237548342, 80.79732947404322, 25.316384581629638, 55.13222480836759, 82.36505046453533, 90.44128979911322, 63.25447272483874, 43.37427752912808, 80.5620632137621, 53.81581564062477, 82.29347161082175, 55.62398483052682, 79.34767110988537, 66.9175696280241, 110.55749632560735, 121.37597511638471, 98.24068832639831, 79.40809840620066, 29.988741451230695, 56.4180171959611, 25.489742048982237, 52.842227299890524, 40.356354713873515, 92.86736057691817, 97.27377701815377, 51.76064438646042, 87.55431443933644, 92.69582742554336, 26.419878132474466, 51.62097676668757, 42.09642861338229, 22.84827547350665, 70.27672886996781, 94.59878733612689, 99.97546869941851, 55.04577537056723, 63.110853259435075, 77.27149187719759, 102.85301337067239], [22.41792612241784, 64.88224530847616, 38.43216133793137, 97.82855559261213, 47.43148623829031, 28.648197997912835, 22.2823190803166, 14.581793644862161, 43.74563630869081, 53.96345383066019, 57.484543233065516, 12.264860925377379, 25.36707617354046, 65.00768960828907, 19.703452710360384, 77.1660120917085, 0.0, 100.9695478575071, 25.400594758706863, 53.68827533096907, 30.83187345765541, 73.07754220537694, 20.9705256767828, 74.44183638942208, 61.166801217258666, 103.57826649974118, 66.37630256860892, 64.98875786120303, 15.929414201370545, 59.84782563085673, 25.642664460369737, 7.303942383979937, 72.03059700986262, 18.158975601942135, 39.45645444298759, 21.275123467881155, 41.762282616222905, 90.84847236121405, 25.64521795331269, 46.51423511662544, 12.59064379179026, 67.22259605237572, 65.22623520844705, 39.488084538894284, 24.53171651633125, 70.9456793275563, 21.692632542383326, 53.68656364950282, 24.472575749208083, 39.22267051265297, 93.97195485076793, 66.54481603024708, 42.55836266304617, 98.45687390610651, 68.98105276415082, 50.83379840760983, 44.13606062198133, 58.329250244001656, 54.67614382754498, 8.248019813468611, 84.56018549277626, 79.90306391150672, 30.7580166956137, 48.70797665586675, 54.7223069085913, 60.414238452312496], [93.40176465517297, 49.35799555708542, 79.85273281007512, 19.334594362610236, 79.08856617541421, 115.3315530616044, 99.71738473385376, 87.05319684482589, 89.05630101261067, 56.5373983059661, 49.845286448241666, 88.72187093554813, 121.20468675049968, 42.36912856952294, 115.40201410915579, 78.27367484683461, 100.9695478575071, 0.0, 101.81654142708442, 81.0640301671942, 71.9403459037815, 28.564442474238774, 109.33434379221993, 80.47833286984515, 73.07518355938916, 14.096926868759668, 69.31786588006639, 78.06562323496864, 114.7169055620381, 61.63587967700758, 97.73154172520131, 100.4102392768686, 46.41635092780346, 83.51553412503716, 68.47543781064446, 118.34694662763606, 59.920537245743716, 16.76416976390894, 77.94354883311212, 62.19449038993247, 100.1450498996856, 77.07487710883446, 96.15407749534151, 88.51459707054866, 82.46633008192939, 49.74415855500852, 93.66440994114406, 70.07876355314148, 85.34434416039814, 72.76278617357328, 26.197056392762455, 60.000846181443855, 59.68239202549643, 14.714082462798375, 52.11606276040639, 80.31273651815756, 58.06682672435601, 48.53930671411062, 81.36854660508769, 93.17647547380659, 38.11902078413444, 49.76716161178426, 103.13458463755953, 52.58079991358416, 52.58315062539043, 73.30862920054307], [46.07058834985565, 76.89329119692496, 58.484955796511095, 103.49340461704158, 30.334491996156483, 13.70206674319035, 47.28415394653859, 31.569146256514887, 66.42029027557733, 46.818821125457305, 67.91071210581944, 27.730021244571656, 23.0719082371342, 60.64211257522625, 19.310846229912862, 58.12230525754208, 25.400594758706863, 101.81654142708442, 0.0, 74.49180663390298, 31.850505686775335, 76.86826700657156, 10.373373882178859, 54.82108645121492, 80.05514766053462, 107.70595386424299, 50.31605384801172, 84.95268946713823, 22.984979524880103, 47.82237950925493, 4.124906231130531, 32.58530497501677, 83.91330748744546, 25.73113234863847, 33.37864737191906, 22.464870450287545, 43.546648722843834, 95.48029138297964, 26.2898503285799, 60.15078091235481, 12.825658065600846, 86.92071798452159, 88.37337139627927, 62.07296878496673, 43.447350977825806, 61.21633617100272, 9.065644746927601, 39.389752751833186, 17.063778672972763, 29.642085516636616, 101.34926583744283, 82.11419929989658, 43.12450316386045, 102.97789521943821, 82.38086176563743, 32.523190703430906, 44.64286476132451, 53.89855715857944, 35.47168646782212, 23.350607689945964, 94.82347843940107, 93.0925813317952, 5.366513260759541, 54.70951663922931, 65.69812934069334, 79.35825339861563], [31.97350394203857, 31.708352805364587, 16.01543313729312, 68.26365412430839, 79.16068923072622, 81.81082357330325, 35.39780300742844, 42.954544843441106, 12.342031902216121, 67.52629276018338, 33.37057148444675, 46.81128084741726, 78.68492572024863, 67.8900261555043, 73.29791941710059, 103.50971672827497, 53.68827533096907, 81.0640301671942, 74.49180663390298, 0.0, 51.767659159543015, 55.4636529351854, 73.856535444269, 102.50174826729324, 10.397285562203056, 76.12938470538151, 89.74597618676438, 11.588597267580077, 68.82996255163799, 78.62148428553917, 72.50384558492009, 47.53347139180193, 35.73879893435609, 49.70719847610176, 61.27363624816726, 74.47355871908002, 49.70548460705923, 65.21421893982449, 53.536235588535895, 25.057419407863435, 63.325363938692114, 13.992184432436284, 18.156484916900194, 15.404744045035198, 31.044469143170854, 81.37859750095237, 66.5554810280928, 78.69091377488644, 61.97633526391998, 65.79036962934079, 61.54014513029917, 22.895961132399353, 51.7648200785382, 71.22358338689477, 30.087730934051205, 82.97552929805641, 52.01065622565292, 64.76621733017205, 86.91474557600385, 51.661165153057446, 48.00779195349776, 37.84374279906817, 79.37795725322442, 42.21692097262119, 31.47996675949658, 9.743520658638516], [35.049750759964155, 46.023697531776165, 36.999380807879355, 71.9059364627079, 27.467113441708953, 44.49646846307839, 40.15925541753403, 20.13967284995348, 48.123061132888694, 23.83516039506988, 36.71017564764025, 19.682149275944848, 49.2882423143545, 34.17899716374164, 43.462211550294924, 54.18782711536596, 30.83187345765541, 71.9403459037815, 31.850505686775335, 51.767659159543015, 0.0, 45.52884337145126, 37.78725587402784, 52.48317105089125, 54.25754887609325, 76.52457649013131, 41.17273557947708, 60.135891596129426, 42.9906346065872, 31.934395316465356, 28.156338849264714, 32.89971472025614, 52.81969807135278, 12.698797237644584, 10.943416177964234, 46.41508283855872, 12.115215661831547, 64.07876492188952, 6.0168005891162695, 31.24964857176316, 28.205901517594953, 61.63313454015158, 68.77715428878697, 44.320486107213085, 25.223248319804267, 41.035550145565395, 22.9048518486037, 28.700677765384903, 14.839712106989621, 14.279897811134838, 69.52956922231414, 53.08064694316911, 12.279634431963869, 71.65448585744926, 51.98940496969868, 31.32171136747746, 13.900750898545942, 27.50527461123646, 35.33708461490156, 22.589695492091842, 63.16131005340091, 62.33404665131157, 34.819866851165976, 22.873174551636826, 34.79609010198683, 53.67857087732707], [64.86011929381749, 25.169623374936098, 51.96397163876982, 26.7638625800977, 59.169796587344266, 89.92706157729235, 71.1814379611844, 58.89143323451985, 61.92294192616344, 36.512799976580844, 22.43110624647402, 60.81628699149345, 94.55111504683977, 25.266524304465705, 88.61470878110832, 68.40050931249752, 73.07754220537694, 28.564442474238774, 76.86826700657156, 55.4636529351854, 45.52884337145126, 0.0, 83.31458021192776, 69.3670155321519, 49.15205999347936, 31.0018984915739, 56.11899936132504, 55.03005729409229, 87.41398837132455, 45.531208852716375, 72.92986816986709, 72.09589160900336, 25.790398510266332, 56.17157806170345, 44.60825556532179, 91.41369267038836, 33.46103398776217, 18.612030192832602, 51.507164745012766, 34.15182304884674, 73.45435210105961, 54.666585589775316, 72.18365011885415, 60.90976632491623, 53.903179147857614, 38.799662908706104, 68.18908509575466, 51.937357245241124, 59.881481460134225, 49.69787768572661, 26.05722629123994, 37.58121583443343, 33.74563832296745, 26.139458039898248, 30.322615982473533, 61.440955346160735, 32.22785140129625, 28.465542747298876, 63.657529466039506, 65.53020320617392, 26.345937354471282, 33.726147935426944, 79.0165344790489, 24.378040191572342, 24.88527045182188, 49.19158019909909], [43.290851936270634, 80.47467124898465, 58.130726764539105, 109.58978461718827, 40.58845448245959, 7.983745093763641, 43.1315733419845, 31.568519986319775, 64.49746855918956, 55.66667874483463, 71.97365560864142, 27.829938870487155, 12.945890807621831, 69.08857323822711, 8.97926020385834, 68.46967074855036, 20.9705256767828, 109.33434379221993, 10.373373882178859, 73.856535444269, 37.78725587402784, 83.31458021192776, 0.0, 65.14135341865033, 80.54754618603704, 114.31179770698846, 60.61170179454698, 84.87817391246323, 13.283703024765297, 57.63034818472876, 13.86789002187063, 28.1618449991076, 87.62306119198028, 28.594880385209322, 41.54165339490972, 12.09582874965736, 49.88386141632989, 101.8467597597693, 31.81232126771451, 62.81483961493623, 11.026939321876691, 87.00990870175727, 86.13349995233504, 60.19316592398616, 43.33596362516077, 70.7830322937077, 15.908853075711237, 49.42756745981706, 24.067441081601007, 38.529117600582715, 106.86268783792823, 84.25029425832487, 49.81715695628803, 109.43271930442138, 85.46048081059857, 42.875299094053396, 51.409141206921255, 62.249606923891506, 45.8445899481637, 22.509649096229943, 99.25451769069582, 96.35440608257053, 14.023998242737836, 60.054474750481, 69.51651573116034, 79.81565823316387], [86.68462467673487, 86.0973638782944, 88.93296094346353, 92.18454931963767, 27.10955057372539, 65.67894483460964, 90.97008664968587, 70.30996449731418, 100.39390199680354, 36.345906458145244, 77.28043312527436, 68.11733961190394, 77.28770460387248, 44.11049466241465, 74.11462496271176, 3.804320073962118, 74.44183638942208, 80.47833286984515, 54.82108645121492, 102.50174826729324, 52.48317105089125, 69.3670155321519, 65.14135341865033, 0.0, 102.61952797819848, 92.19643443811074, 13.597216171819273, 108.98465943301295, 77.59732453340163, 25.12462169576552, 51.93514026543517, 79.8170867809605, 90.74734712951269, 61.032763560705554, 41.818904063285956, 77.22261310340146, 52.922479808842816, 83.832119282496, 53.55909318054499, 78.63273375738461, 63.93880763548785, 109.96700690414096, 120.25259469134376, 96.71804712957587, 77.64861687771753, 31.49993775621449, 53.46175047371936, 23.95060451978478, 50.25862659538794, 38.42969819282678, 94.21351876369577, 97.09738558957125, 50.88387803050423, 89.30974605068926, 92.78035468058191, 23.60807743398279, 50.86153186994484, 42.36996139388229, 19.84077505120082, 67.72944457979538, 95.41057609388228, 100.37615285511181, 51.605191588793545, 62.71548806817637, 77.01854324797785, 102.19656402301152], [40.49112501105633, 24.203766219664995, 22.75291338303489, 59.11322289994869, 81.00301762852776, 88.53069834443716, 44.636119130699505, 49.05197305308086, 22.532899889961225, 66.68248129760259, 28.423204509935786, 52.872031285892575, 86.47452502407612, 64.87206693600679, 80.8691781865233, 103.25243044653693, 61.166801217258666, 73.07518355938916, 80.05514766053462, 10.397285562203056, 54.25754887609325, 49.15205999347936, 80.54754618603704, 102.61952797819848, 0.0, 67.10157451299644, 89.42878117518235, 6.4612815098871215, 76.75425716732317, 77.99568324120024, 77.65853218440644, 55.56248591212508, 26.861104336251298, 54.54106908488821, 62.64979195377027, 82.31329292222735, 49.85226315360028, 56.78600712568127, 57.04942662782904, 24.03228463162835, 69.71499954235162, 7.42556954337222, 23.197421362337423, 25.04586979884418, 37.211949877229955, 78.97490164760742, 71.64337212449732, 79.26524812476191, 66.13469423128974, 67.61519778053041, 52.14255860414698, 13.371018805513257, 51.84906576022698, 62.34654025084983, 21.10251706119673, 84.69482085923538, 51.77021502030336, 62.73120479022827, 88.46516741289749, 58.05862348741329, 38.39304631987697, 27.739737114391538, 84.66393381642055, 40.35369664990193, 27.308850002703444, 0.7651065290038696], [93.06022660354452, 45.10006823489876, 77.69463135053678, 8.09972962566228, 87.75201842816337, 120.86913559852353, 99.24563311834001, 89.17521256360125, 85.53846544898441, 64.77346307423963, 48.26146895002623, 91.36474165291945, 125.52133139039489, 51.1843801940238, 119.56954122460536, 90.27777686016569, 103.57826649974118, 14.096926868759668, 107.70595386424299, 76.12938470538151, 76.52457649013131, 31.0018984915739, 114.31179770698846, 92.19643443811074, 67.10157451299644, 0.0, 80.28830286416775, 71.30514114978082, 118.22898734971817, 71.51396672119739, 103.72373866313336, 102.0289188647443, 40.40132574681171, 87.04992274557347, 74.95233207243409, 122.3365678193803, 64.44008416320524, 12.735947948772406, 82.50770957159939, 60.870613966197155, 104.43632311226759, 69.95584409914548, 89.53264827520552, 85.68101537722592, 82.84146229972777, 60.85665438346849, 99.11258428405328, 79.36757014218004, 90.78513633134602, 79.76096677295148, 15.57402276931094, 53.731136399226436, 64.6424585662211, 5.219367715262516, 46.107925568988584, 89.44482820624326, 63.09348591934676, 56.505848850103945, 90.98150616856539, 96.2400502329744, 29.3172264256203, 41.130281746084805, 109.63755697246745, 54.99949575884754, 51.17579134357418, 67.4634702897293], [76.08193741598333, 72.51309297075544, 76.71198911363061, 79.71135695269817, 20.04680288133618, 62.76904352620065, 80.83373096371903, 60.21232300731157, 88.34757003824694, 22.874210004187603, 63.74105816906013, 58.5059088031796, 73.38154749992287, 30.86877661144307, 69.3601555539632, 13.82498281716074, 66.37630256860892, 69.31786588006639, 50.31605384801172, 89.74597618676438, 41.17273557947708, 56.11899936132504, 60.61170179454698, 13.597216171819273, 89.42878117518235, 80.28830286416775, 0.0, 95.82800761808132, 72.01015391615262, 11.5713123198824, 46.78964589003326, 70.9722673577231, 77.15394642008953, 51.16053468256183, 30.240704196317818, 72.59279086502666, 40.04073249361024, 71.25429969089518, 43.25803838835203, 65.52442174659679, 57.244523140166145, 96.73760871477624, 107.65670873555021, 84.843202053182, 66.3457545774785, 19.576018223106058, 46.84478183188166, 12.845917358866904, 41.920737968662316, 27.94680581568278, 81.32774494173027, 83.58958191383097, 37.98211285439932, 77.08744357645512, 79.19397264336588, 17.96287305780028, 37.810322298027444, 28.78661143726615, 16.061902439101793, 58.98431054226568, 82.0031297685342, 86.79470065699022, 48.287841159137905, 49.32223697475531, 63.54297917160507, 89.02837777653075], [43.509085221999094, 29.89994559917535, 26.747549459102785, 63.23822447881269, 87.08462721583871, 92.85445747922505, 46.97686238999858, 53.61830414980498, 23.632386760605172, 73.10662861383808, 34.75169098970931, 57.471167616640656, 90.11061055109215, 71.30245535838591, 84.65449726633483, 109.65282237548342, 64.98875786120303, 78.06562323496864, 84.95268946713823, 11.588597267580077, 60.135891596129426, 55.03005729409229, 84.87817391246323, 108.98465943301295, 6.4612815098871215, 71.30514114978082, 95.82800761808132, 0.0, 80.28402352368137, 84.41241094180349, 82.72882686492794, 58.99018364288741, 31.64953869187203, 59.681084248023616, 68.7912709933007, 85.9098487542063, 56.156515073295, 61.5583315932226, 62.655182050596, 30.356927088154272, 74.1922955287835, 2.461006729671052, 18.232529639335848, 26.96539798858617, 41.67687168207029, 85.4275892649004, 76.72970064241419, 85.55942380046997, 71.55784324083119, 73.6789643690971, 56.04045794231198, 18.0835604540844, 58.16584649853755, 66.7181785025995, 25.966141244486284, 90.80564191528103, 58.124351936111744, 69.19248611666913, 94.61240977172383, 62.504866784679635, 42.15783125305459, 30.808285979894993, 89.69014272669561, 46.80444771068893, 33.72748220220859, 6.803073991362537], [36.940676785941505, 80.66968883331005, 54.0055615129504, 112.79732429399824, 52.019543374867226, 17.87039245077964, 35.01943959300343, 30.19763351647665, 58.16975416637151, 64.02320319395893, 73.03444579813026, 27.268110967384395, 9.916100397152409, 76.50804519002237, 5.742419015283536, 80.79732947404322, 15.929414201370545, 114.7169055620381, 22.984979524880103, 68.82996255163799, 42.9906346065872, 87.41398837132455, 13.283703024765297, 77.59732453340163, 76.75425716732317, 118.22898734971817, 72.01015391615262, 80.28402352368137, 0.0, 67.70058014995526, 25.667022851755476, 21.297452801223134, 87.83346789358647, 31.26405956331422, 49.36241740817511, 5.685361132204434, 54.832661318844224, 105.54532383875363, 37.10775560099876, 62.34928676564021, 15.534581902901754, 82.57513303251531, 78.91384670503246, 54.071909087103144, 40.44122788072324, 80.18052629246634, 25.30962355010269, 60.13759214418962, 32.001460295072995, 47.505844606581626, 109.25740406487724, 82.46357559178918, 55.245492243829254, 113.17343764643267, 84.87873309433652, 54.71094898161589, 56.865709304740754, 69.65733952876322, 57.98536209411945, 22.08015431703081, 100.23879225902421, 95.80796393923343, 27.22682861360962, 63.234168374291386, 70.32630616986295, 75.99590167930648], [66.94252551931604, 60.97644380753432, 66.06953595563287, 70.18229438433914, 18.91458487647036, 61.184123975529964, 72.08613967483825, 51.79728990681898, 77.81155502056315, 11.335853216822018, 52.17176778829115, 50.623916205305136, 70.57593041620348, 20.662440998922364, 65.88936961604453, 25.316384581629638, 59.84782563085673, 61.63587967700758, 47.82237950925493, 78.62148428553917, 31.934395316465356, 45.531208852716375, 57.63034818472876, 25.12462169576552, 77.99568324120024, 71.51396672119739, 11.5713123198824, 84.41241094180349, 67.70058014995526, 0.0, 43.88932800539044, 63.59309372379274, 65.72382969152568, 43.20620321142435, 21.185479898360576, 69.15015824468937, 29.002626829345928, 61.6380745952409, 35.11404424445313, 54.17162305772495, 52.32697914224046, 85.27764816201054, 96.62805778566184, 74.47082979016199, 56.634876408577625, 13.823203765014869,