instance_id,num_cities,city_coordinates,distance_matrix,best_route,total_distance
2479,24,"[[6.553727297267653, 29.648076207333872], [44.672836961888216, 2.1979859903305643], [41.14839363623509, 89.1473047013427], [66.79482194956424, 73.30665404657809], [36.94082600898787, 46.31346392164038], [81.67152538838369, 38.538880260459926], [52.58062198586877, 25.93012604147644], [68.04504270077763, 15.925683735284457], [24.189255682783696, 13.014280123707545], [3.4869526944490747, 88.8778815674384], [48.627927591694956, 88.9267027653508], [56.33774037773257, 12.628027792841035], [30.686485347480684, 43.758422034408284], [99.07537615875704, 16.74349522848243], [38.32202630838925, 51.74445484456104], [96.68229447693412, 42.2150597133803], [38.361844238411535, 6.140195250983005], [92.30223785586269, 30.250938028215813], [91.67430720621876, 65.00155240706526], [56.840759951765186, 47.04412511119669], [62.285637694584594, 83.10440963959867], [67.96287521112443, 9.311492309181457], [21.02055130143199, 17.598373616497053], [31.913865917484387, 45.716865170081164]]","[[0.0, 46.97418412857204, 68.8254976770002, 74.39798991809054, 34.65704713018677, 75.642117809913, 46.176814399776184, 63.00385643126063, 24.242422188964632, 59.309147266339615, 72.69246107417477, 52.613021263063594, 27.955176094415112, 93.41725599849566, 38.69721916287705, 91.00048184653141, 39.552203104245, 85.75062976674026, 92.17039331282635, 53.210977914901065, 77.22451308073127, 64.68894876369944, 18.82775422866692, 30.022368486945155], [46.97418412857204, 0.0, 87.02072009047562, 74.47029537022503, 44.787937957486434, 51.861002127163054, 25.014946240052033, 27.105528706848485, 23.163965998882972, 95.96708477467266, 86.81885195815285, 15.64786706561291, 43.85074544013722, 56.31348071344915, 49.95183051580619, 65.62278461300893, 7.441078081202311, 55.27683011496613, 78.44377706223672, 46.46756442870291, 82.80132932124049, 24.352163226276577, 28.22414845482508, 45.35068011809377], [68.8254976770002, 87.02072009047562, 0.0, 30.144078994008517, 43.03999931782933, 64.83314608586055, 64.24256784058073, 78.00535563535531, 77.99903711881957, 37.662404631631254, 7.482786473302606, 78.01228103980422, 46.5789887695627, 92.72457565471419, 37.509485862657016, 72.7093512706221, 83.05386852429275, 78.00960059980656, 55.99897584722478, 44.93248370812447, 21.984077581501612, 84.21860460994617, 74.32617019891906, 44.401346601955], [74.39798991809054, 74.47029537022503, 30.144078994008517, 0.0, 40.24789915934725, 37.81685337583321, 49.46290414468302, 57.39458864555374, 73.82685575160484, 65.19470404970907, 23.958755656060596, 61.573096714723135, 46.657367984214275, 65.12622448394923, 35.71594218345049, 43.12711736546307, 72.93673565949656, 50.04420993552346, 26.229058310940715, 28.085650719500382, 10.785580990652402, 64.0058206276382, 72.10198583842896, 44.47333520168643], [34.65704713018677, 44.787937957486434, 43.03999931782933, 40.24789915934725, 0.0, 45.401317360563176, 25.69209375149067, 43.48435903476212, 35.65723190872566, 54.1377067234209, 44.18683591473398, 38.87092607870096, 6.75610954290209, 68.81195659788, 5.603871578820583, 59.88188350211522, 40.1983931083467, 57.64451977210172, 57.83596299195421, 19.913343182419787, 44.675867828169984, 48.28574779279075, 32.83308633066011, 5.062238421087129], [75.642117809913, 51.861002127163054, 64.83314608586055, 37.81685337583321, 45.401317360563176, 0.0, 31.70585661560318, 26.401471313580906, 62.894487378850926, 92.98839959864416, 60.256219696672964, 36.237728109866424, 51.25151631222704, 27.891447261294523, 45.31629144780821, 15.454367796835143, 54.086997251239204, 13.479689685272024, 28.29008061554321, 26.24702082407358, 48.59937294368591, 32.282616005166126, 64.16420712673023, 50.27273757599366], [46.176814399776184, 25.014946240052033, 64.24256784058073, 49.46290414468302, 25.69209375149067, 31.70585661560318, 0.0, 18.418392272552627, 31.19116471578934, 79.82861824090129, 63.120460010211595, 13.82250904962013, 28.234754419898838, 47.393631969828625, 29.490458155945984, 47.01230244529083, 24.368319624547464, 39.95592801510313, 55.271082695650534, 21.53949238502662, 57.99212045498017, 22.644926615338388, 32.64132595465134, 28.61170829806497], [63.00385643126063, 27.105528706848485, 78.00535563535531, 57.39458864555374, 43.48435903476212, 26.401471313580906, 18.418392272552627, 0.0, 43.95231877793421, 97.41545130936336, 75.53921589868057, 12.162872292263394, 46.58672695894284, 31.041108391160957, 46.54505416519498, 38.874457920447725, 31.25456855937399, 28.171340531629482, 54.468183620880694, 33.07405849885835, 67.42515821377314, 6.614701785983277, 47.05423129545145, 46.829226205720765], [24.242422188964632, 23.163965998882972, 77.99903711881957, 73.82685575160484, 35.65723190872566, 62.894487378850926, 31.19116471578934, 43.95231877793421, 0.0, 78.63759516309008, 79.7492607865106, 32.15080495173429, 31.42318022004018, 74.97891760514868, 41.22816560876579, 78.15322259673523, 15.75167639346789, 70.26009334058149, 85.18749120959401, 47.16090627733798, 79.77443561657743, 43.92994883005597, 5.572665484939196, 33.60250990615645], [59.309147266339615, 95.96708477467266, 37.662404631631254, 65.19470404970907, 54.1377067234209, 92.98839959864416, 79.82861824090129, 97.41545130936336, 78.63759516309008, 0.0, 45.141001297967996, 92.77524432407057, 52.683775539496736, 119.75189515364514, 50.91535852640078, 104.22471239268432, 89.78743117610233, 106.4202677456433, 91.36240249664534, 67.79890801547604, 59.08145509249679, 102.41071664612444, 73.40432775960217, 51.68135768188486], [72.69246107417477, 86.81885195815285, 7.482786473302606, 23.958755656060596, 44.18683591473398, 60.256219696672964, 63.120460010211595, 75.53921589868057, 79.7492607865106, 45.141001297967996, 0.0, 76.68721546487677, 48.60112070715766, 88.06452473747295, 38.5840791221498, 67.01641420843012, 83.42061072566563, 73.1456816533854, 49.24838695413547, 42.680217037063734, 14.846957348115275, 81.92937162841062, 76.48462436855783, 46.32979519336225], [52.613021263063594, 15.64786706561291, 78.01228103980422, 61.573096714723135, 38.87092607870096, 36.237728109866424, 13.82250904962013, 12.162872292263394, 32.15080495173429, 92.77524432407057, 76.68721546487677, 0.0, 40.33718297380751, 42.935330258020926, 43.06577316989523, 50.03074558039695, 19.110855896658553, 40.05011915111495, 63.17957767934841, 34.41977314449338, 70.72692472249733, 12.088968835633324, 35.665223704021535, 41.12659483384695], [27.955176094415112, 43.85074544013722, 46.5789887695627, 46.657367984214275, 6.75610954290209, 51.25151631222704, 28.234754419898838, 46.58672695894284, 31.42318022004018, 52.683775539496736, 48.60112070715766, 40.33718297380751, 0.0, 73.53126312478393, 11.04890066072407, 66.01385301514537, 38.39325618430672, 63.07894324853365, 64.58161505492775, 26.359854415097555, 50.46397893233626, 50.75549437017708, 27.888678961363933, 2.3112686082078038], [93.41725599849566, 56.31348071344915, 92.72457565471419, 65.12622448394923, 68.81195659788, 27.891447261294523, 47.393631969828625, 31.041108391160957, 74.97891760514868, 119.75189515364514, 88.06452473747295, 42.935330258020926, 73.53126312478393, 0.0, 70.11445423083282, 25.583733840942507, 61.63248273966944, 15.110473634476314, 48.82228901118418, 51.97971698115656, 75.87658280221707, 31.98784742068366, 78.05950615117919, 73.14454609648834], [38.69721916287705, 49.95183051580619, 37.509485862657016, 35.71594218345049, 5.603871578820583, 45.31629144780821, 29.490458155945984, 46.54505416519498, 41.22816560876579, 50.91535852640078, 38.5840791221498, 43.06577316989523, 11.04890066072407, 70.11445423083282, 0.0, 59.1331571309248, 45.604276976463574, 58.10193201473166, 54.97468974703413, 19.105930894794234, 39.46772650426415, 51.760373194208185, 38.27918364659715, 8.797519927767052], [91.00048184653141, 65.62278461300893, 72.7093512706221, 43.12711736546307, 59.88188350211522, 15.454367796835143, 47.01230244529083, 38.874457920447725, 78.15322259673523, 104.22471239268432, 67.01641420843012, 50.03074558039695, 66.01385301514537, 25.583733840942507, 59.1331571309248, 0.0, 68.5760217714933, 12.740686939926542, 23.33032759699283, 40.133125294905895, 53.43284509729466, 43.67436079541425, 79.56557430665681, 64.86302474844295], [39.552203104245, 7.441078081202311, 83.05386852429275, 72.93673565949656, 40.1983931083467, 54.086997251239204, 24.368319624547464, 31.25456855937399, 15.75167639346789, 89.78743117610233, 83.42061072566563, 19.110855896658553, 38.39325618430672, 61.63248273966944, 45.604276976463574, 68.5760217714933, 0.0, 59.08378780067717, 79.41585530578698, 44.88431579015669, 80.59676289895533, 29.77042424418648, 20.784857280772243, 40.098494065393474], [85.75062976674026, 55.27683011496613, 78.00960059980656, 50.04420993552346, 57.64451977210172, 13.479689685272024, 39.95592801510313, 28.171340531629482, 70.26009334058149, 106.4202677456433, 73.1456816533854, 40.05011915111495, 63.07894324853365, 15.110473634476314, 58.10193201473166, 12.740686939926542, 59.08378780067717, 0.0, 34.75628715222989, 39.236813677295345, 60.78228151869008, 32.10708583743573, 72.39589922251672, 62.33739140937326], [92.17039331282635, 78.44377706223672, 55.99897584722478, 26.229058310940715, 57.83596299195421, 28.29008061554321, 55.271082695650534, 54.468183620880694, 85.18749120959401, 91.36240249664534, 49.24838695413547, 63.17957767934841, 64.58161505492775, 48.82228901118418, 54.97468974703413, 23.33032759699283, 79.41585530578698, 34.75628715222989, 0.0, 39.18986105378093, 34.516768905063266, 60.527801884455485, 85.08239878437706, 62.79497993353103], [53.210977914901065, 46.46756442870291, 44.93248370812447, 28.085650719500382, 19.913343182419787, 26.24702082407358, 21.53949238502662, 33.07405849885835, 47.16090627733798, 67.79890801547604, 42.680217037063734, 34.41977314449338, 26.359854415097555, 51.97971698115656, 19.105930894794234, 40.133125294905895, 44.88431579015669, 39.236813677295345, 39.18986105378093, 0.0, 36.46903911406986, 39.33767946910681, 46.36959810954815, 24.962204733307388], [77.22451308073127, 82.80132932124049, 21.984077581501612, 10.785580990652402, 44.675867828169984, 48.59937294368591, 57.99212045498017, 67.42515821377314, 79.77443561657743, 59.08145509249679, 14.846957348115275, 70.72692472249733, 50.46397893233626, 75.87658280221707, 39.46772650426415, 53.43284509729466, 80.59676289895533, 60.78228151869008, 34.516768905063266, 36.46903911406986, 0.0, 74.01098346835418, 77.41994646403622, 48.16921218309896], [64.68894876369944, 24.352163226276577, 84.21860460994617, 64.0058206276382, 48.28574779279075, 32.282616005166126, 22.644926615338388, 6.614701785983277, 43.92994883005597, 102.41071664612444, 81.92937162841062, 12.088968835633324, 50.75549437017708, 31.98784742068366, 51.760373194208185, 43.67436079541425, 29.77042424418648, 32.10708583743573, 60.527801884455485, 39.33767946910681, 74.01098346835418, 0.0, 47.66816732206115, 51.233604637913956], [18.82775422866692, 28.22414845482508, 74.32617019891906, 72.10198583842896, 32.83308633066011, 64.16420712673023, 32.64132595465134, 47.05423129545145, 5.572665484939196, 73.40432775960217, 76.48462436855783, 35.665223704021535, 27.888678961363933, 78.05950615117919, 38.27918364659715, 79.56557430665681, 20.784857280772243, 72.39589922251672, 85.08239878437706, 46.36959810954815, 77.41994646403622, 47.66816732206115, 0.0, 30.154831628999055], [30.022368486945155, 45.35068011809377, 44.401346601955, 44.47333520168643, 5.062238421087129, 50.27273757599366, 28.61170829806497, 46.829226205720765, 33.60250990615645, 51.68135768188486, 46.32979519336225, 41.12659483384695, 2.3112686082078038, 73.14454609648834, 8.797519927767052, 64.86302474844295, 40.098494065393474, 62.33739140937326, 62.79497993353103, 24.962204733307388, 48.16921218309896, 51.233604637913956, 30.154831628999055, 0.0]]",Route_4,1224.8319037196857
