instance_id,num_cities,city_coordinates,distance_matrix,best_route,total_distance
919,52,"[[15.122647728507133, 92.4445838018282], [95.16242504976513, 78.81943188471908], [6.796601595861906, 21.763338146995782], [50.44772874900158, 13.476979164766046], [20.24778043200717, 85.61720963459969], [17.401567728959932, 65.43375853880366], [54.1643465487273, 34.817909841174], [7.516746094281535, 50.23070664189915], [0.5391824718577243, 7.507849214586759], [14.309164996250024, 79.17567292221122], [55.94844331254326, 17.494603375303765], [25.403030651583347, 40.88824502754953], [37.51668043971249, 3.0519283430608835], [91.82285397698998, 81.01245291775933], [66.73696011836581, 59.70756178826042], [67.39402789203483, 31.51824695554486], [21.21392502540418, 21.176278674390293], [23.321890501642994, 85.23249230996848], [32.26350757695331, 18.117711972044283], [60.42898451994457, 72.5504755750567], [21.274361156492628, 72.58559543412618], [70.75758547379513, 63.91916573068307], [50.33416759228109, 64.57073367675952], [9.083942822135127, 20.99000730373882], [80.82104892403676, 44.60666132255646], [54.60750685356377, 90.15395262956602], [57.38953230270399, 77.60997115611737], [68.89424178370516, 18.10915114220745], [43.47831024504345, 78.04795800200827], [37.227847515973814, 68.95636107571576], [96.03498707829031, 27.802571815328513], [12.453752009105845, 21.33078742585276], [81.8555006009545, 32.307864022394114], [1.4942628996746254, 96.0739249669499], [9.043181039890857, 91.89998294497272], [37.67059377662617, 45.90535133437837], [55.716140518213265, 80.96605001798613], [32.667652800957406, 72.64838895749406], [17.263116921662824, 36.773837550275644], [22.940074430219383, 72.21231451148422], [7.76516791033216, 78.99184539358737], [65.19927516835703, 53.03893000067601], [87.7948612053459, 72.57205340324062], [37.51480238951015, 72.2894766122377], [27.339187602206184, 98.85207613294766], [22.19691019653618, 72.59900964797048], [70.2825465999478, 21.754697703095605], [69.23358829707168, 98.20822112777029], [27.152323083817443, 20.94547188505489], [50.61973098785272, 1.6352344099589966], [90.85864961253627, 50.479844604244306], [61.69155703169778, 79.41493270299192]]","[[0.0, 81.19119852792463, 71.16994823323748, 86.50863500957495, 8.536979749760732, 27.106791727500852, 69.6066649002545, 42.89360283938731, 86.17961673873583, 13.293823757177556, 85.34778937386662, 52.5713072012982, 92.15497572589565, 77.54750321648201, 61.12078086702379, 80.27649535017595, 71.52814113931164, 10.9197914696104, 76.27773562675547, 49.48171071818006, 20.78997347493694, 62.52156247292357, 44.90882599124296, 71.70929130501534, 81.26959300243591, 39.551246393671434, 44.79458967282504, 91.74497738802937, 31.801044498125272, 32.25424723157063, 103.56348957387078, 71.16386048665949, 89.83150181493063, 14.103368049356119, 6.103810720466573, 51.7137315386177, 42.1851679467408, 26.45215555124284, 55.71188021034295, 21.690018000767996, 15.333254056312057, 63.72184999861341, 75.340348260849, 30.127013396388328, 13.79491951622167, 21.068744693569908, 89.66423166547155, 54.41703230092318, 72.50404191520246, 97.50067105869317, 86.58511025169916, 48.35736884329215], [81.19119852792463, 0.0, 105.18515383500784, 79.17727068249332, 75.22242857380866, 78.90454474990761, 60.14130346879625, 92.19045639640336, 118.48586354024106, 80.85404485217877, 72.79059661382347, 79.40496233356318, 95.20371035092383, 3.9952567128375565, 34.253038334578775, 54.84966705836402, 93.76093945712336, 72.12620708298635, 87.41265709042605, 35.294641296534486, 74.15056778467081, 28.593952615718287, 47.03826173761084, 103.70027700049648, 37.09701792218335, 42.10905781914326, 37.79225081594127, 66.1494946309788, 51.68987226816638, 58.76814987561112, 51.024321414727325, 100.72571090771523, 48.377682698719816, 95.24411862209865, 87.10697449040559, 66.24686680601125, 39.50464950805435, 62.79871279922863, 88.52194196793023, 72.5239403852018, 87.3974272042044, 39.52751735448198, 9.65974817955591, 58.016279734568904, 70.71985840938915, 73.23018510559844, 62.25264844885743, 32.37637601182821, 89.301563342762, 89.11482443519647, 28.664519710641272, 33.476165059747316], [71.16994823323748, 105.18515383500784, 0.0, 44.43067236630509, 65.2552765378969, 44.9396364458079, 49.133747099505285, 28.476475855049564, 15.568373672143451, 57.90176848064542, 49.336858845013126, 26.682602298041456, 35.969988893842974, 103.63359105569197, 70.94089573401659, 61.37757179608214, 14.429270726422885, 65.5852018643133, 25.726521149530505, 73.8631560810407, 52.84417997901674, 76.60366347570333, 61.05729084175118, 2.4145331802527794, 77.46893710349227, 83.44554398447224, 75.3557632564546, 62.20506409903303, 67.18263303597669, 56.15373666463361, 89.44250548151709, 5.673662919528037, 75.795945444289, 74.49951750967938, 70.17261618833888, 39.19234866549398, 76.79897382943962, 57.08414566623263, 18.299263247494164, 52.968961962439394, 57.2367029307132, 66.24979189562342, 95.61508043062838, 59.13119758814032, 79.77889046668167, 53.117181796016, 63.48594559206857, 98.7025705960658, 20.37214526056684, 48.2245500731327, 88.83167036517361, 79.60629678079097], [86.50863500957495, 79.17727068249332, 44.43067236630509, 0.0, 78.20645581146, 61.5756094658018, 21.662146015676473, 56.51465080103779, 50.264236827588824, 74.98209220571438, 6.811693255473151, 37.1296969956802, 16.61004801354601, 79.20190150919969, 49.016383264296636, 24.752058462757446, 30.230687936081065, 76.71156866700862, 18.76705359459809, 59.91079572916391, 65.91596084383596, 54.37742606755511, 51.093880712548824, 42.04055634765829, 43.49247854170022, 76.78972596383473, 64.50759101331353, 19.01922344282443, 64.94600913283969, 57.03268428748881, 47.78515173954305, 38.79722377585349, 36.62035441152328, 96.01404727700066, 88.68203929154052, 34.85476294099827, 67.69439302631297, 61.78500495732899, 40.545802159602665, 64.85761839917542, 78.1920628755059, 42.22269621548766, 69.90733939982658, 60.21769208653623, 88.44722639099288, 65.52498178054898, 21.492803990638823, 86.78877740556659, 24.4633257881773, 11.84299386169604, 54.792833251904376, 66.88974055309224], [8.536979749760732, 75.22242857380866, 65.2552765378969, 78.20645581146, 0.0, 20.383145608256285, 61.081112601623325, 37.60696517083974, 80.55743925161903, 8.761309748597037, 76.91051172413789, 45.02506945741656, 84.35188546930681, 71.72304328032229, 53.22174066518169, 71.75978269554565, 64.44817311913367, 3.098089756625488, 68.56062925264847, 42.2524401773353, 13.071986714109986, 54.973134480541695, 36.71709196820794, 65.58434684658849, 73.15043355074484, 34.65794045765834, 37.99507336584177, 83.20947159701531, 24.43258246014644, 23.7887904879183, 95.32173433913131, 64.7571691742178, 81.4702247082755, 21.471779511193574, 12.845866572845482, 43.365725112100804, 35.77202612355071, 17.956712934608493, 48.934478773536625, 13.672587912847163, 14.131916596568297, 55.515594051925774, 68.79523400716444, 21.812347759841174, 15.014984078667664, 13.163306489284741, 81.12889901682384, 50.57808757371289, 65.0392679292792, 89.30524924772838, 78.87033198678853, 41.905308231552446], [27.106791727500852, 78.90454474990761, 44.9396364458079, 61.5756094658018, 20.383145608256285, 0.0, 47.84174012332001, 18.134014605965717, 60.330348976251884, 14.08556585949515, 61.51442282137069, 25.81677056553116, 65.54472135829677, 76.03435779543437, 49.666591099476314, 60.411157902417266, 44.421375396364155, 20.664948116901044, 49.59521669226898, 43.6119967105291, 8.133099034785994, 53.37751044177294, 32.94390604755494, 45.21537247369482, 66.75176831745894, 44.66956348598774, 41.80068736818857, 69.93649938730276, 28.96747362728806, 20.13678471916544, 87.1740836073698, 44.3796455752794, 72.46816094106345, 34.523356523899935, 27.754705229234666, 28.145907426530446, 41.34318041246073, 16.885030219213615, 28.660255401770407, 8.753506586200709, 16.63375846362776, 49.37866554446141, 70.75430036417751, 21.249543025975147, 34.86459865778198, 8.621840455422296, 68.5875956849586, 61.32474014758425, 45.54431775069645, 71.92842311154352, 74.96374070717553, 46.44433639795059], [69.6066649002545, 60.14130346879625, 49.133747099505285, 21.662146015676473, 61.081112601623325, 47.84174012332001, 0.0, 49.127924171269974, 60.178880296155846, 59.63259714396442, 17.41493463017074, 29.394935982414633, 35.863942441060566, 59.599488183867926, 27.884859440538, 13.634964011843142, 35.662646837485866, 59.10065330027416, 27.541665827172825, 38.24908111016781, 50.08142583982107, 33.499532420185695, 29.998346571599395, 47.15351194489496, 28.39717304750767, 55.33781729102202, 42.913428373057386, 22.274479363022465, 44.531207437837345, 38.10877657678932, 42.45427547341679, 43.83692698963466, 27.80468202940924, 80.7863670472159, 72.76182135366894, 19.8739839833996, 46.17422339685244, 43.5115271193248, 36.95302966189069, 48.71649279225209, 64.06418937679985, 21.302000499795835, 50.56072460096052, 41.003970990478564, 69.42595771891551, 49.49069093822097, 20.747141592412277, 65.15683856573784, 30.365999843825577, 33.371458587358056, 39.89696827907267, 45.227793952308254], [42.89360283938731, 92.19045639640336, 28.476475855049564, 56.51465080103779, 37.60696517083974, 18.134014605965717, 49.127924171269974, 0.0, 43.28890089687464, 29.73126346975893, 58.457520923509726, 20.179216146331587, 55.90915115167731, 89.74985086406723, 59.97369867303052, 62.73312540437462, 32.12121565555, 38.40478602584596, 40.5419120238103, 57.42714567557538, 26.249057604280107, 64.70531413764057, 45.154932832392525, 29.282667285759413, 73.5197299988954, 61.7365800727552, 56.8939270004325, 69.27475228988544, 45.46464086959071, 35.1197904558783, 91.31538872885491, 29.318583835120986, 76.46880873380294, 46.23711680271156, 41.69722522261003, 30.462488877081906, 57.165050120503835, 33.691550700002665, 16.61562728439468, 26.85274923523377, 28.762211592514088, 57.750846563616236, 83.32893579601149, 37.23536912796777, 52.50682582788791, 26.75533960615237, 68.92335451934936, 78.1716733077019, 35.258769951254266, 64.95681048343346, 83.34227589747212, 61.53559287834775], [86.17961673873583, 118.48586354024106, 15.568373672143451, 50.264236827588824, 80.55743925161903, 60.330348976251884, 60.178880296155846, 43.28890089687464, 0.0, 72.97869123044896, 56.30205542942217, 41.62285154737128, 37.24500754162903, 117.19912733897529, 84.30276245836, 71.03569212610503, 24.784489979683862, 80.99488829225528, 33.45148712846534, 88.41567526873686, 68.30124953541124, 90.07142027980736, 75.73449231549957, 15.96187696308179, 88.43924434812833, 98.76113664354433, 90.2566882651631, 69.17226131974256, 82.58132743945954, 71.56799391254906, 97.62850230783533, 18.249125679067436, 85.01402430505179, 88.57122530933468, 84.81951560350046, 53.41450996239961, 91.87275964355172, 72.63283364763574, 33.70738875596945, 68.47238706141039, 71.84828860367112, 79.08227933658253, 108.84348459115292, 74.59125764178249, 95.1945800258592, 68.59968175407816, 71.18363247094017, 113.77820027082956, 29.813234582410185, 50.42369427468065, 100.02099045872751, 94.39407592701697], [13.293823757177556, 80.85404485217877, 57.90176848064542, 74.98209220571438, 8.761309748597037, 14.08556585949515, 59.63259714396442, 29.73126346975893, 72.97869123044896, 0.0, 74.42031872514497, 39.862275273339606, 79.58274474916199, 77.5354482811245, 55.92567435883458, 71.33885980608714, 58.408950034856545, 10.858834289714213, 63.643012286482524, 46.593250506772975, 9.588695367443039, 58.473799141965145, 38.87293483141426, 58.41981367852471, 74.95897055456699, 41.76696040869916, 43.10880964813732, 81.90635317360947, 29.19093652979391, 25.09383077682272, 96.53137061247654, 57.874634646273876, 82.21373951288886, 21.207843782721703, 13.77093506570926, 40.65305220052245, 41.44566409193534, 19.48434013333896, 42.504605337379346, 11.089677994135975, 6.546578527809886, 57.20955028555643, 73.78180899169428, 24.205811418892065, 23.599625683963886, 10.269811301449714, 80.18845205681092, 58.12856583578137, 59.62971593500921, 85.62112360453408, 81.7512945333178, 47.38299610876841], [85.34778937386662, 72.79059661382347, 49.336858845013126, 6.811693255473151, 76.91051172413789, 61.51442282137069, 17.41493463017074, 58.457520923509726, 56.30205542942217, 74.42031872514497, 0.0, 38.47446821441485, 23.416249586285907, 72.94854728518855, 43.56978256594269, 18.101491254367204, 34.92909236793168, 75.18586001135743, 23.693130758140807, 55.23788838457484, 65.09461866690505, 48.729361594840015, 47.409726175361584, 46.99467262188751, 36.792800872454464, 72.67172176741019, 60.13263823332587, 12.96037680832405, 61.8240485189104, 54.761055619796515, 41.39064150799913, 43.66353718666184, 29.84306130985321, 95.60317749029365, 87.95603525496598, 33.78239753557593, 63.47187175043074, 59.86597757399914, 43.22318068285065, 63.902897651468464, 78.12514834763942, 36.72842285309411, 63.62169310999905, 57.81243162790318, 86.24110322700089, 64.61935916073473, 14.953759418141848, 81.79965261510111, 29.002155673308565, 16.730653275298298, 48.028623162021525, 62.186096028296376], [52.5713072012982, 79.40496233356318, 26.682602298041456, 37.1296969956802, 45.02506945741656, 25.81677056553116, 29.394935982414633, 20.179216146331587, 41.62285154737128, 39.862275273339606, 38.47446821441485, 0.0, 39.72816848834533, 77.59861461002383, 45.416521316641166, 43.023722678505806, 20.15217664311644, 44.39305589129919, 23.781575205931812, 47.21561487084612, 31.965104952072306, 50.867071387637786, 34.38636150824602, 25.734266884808058, 55.54262659425599, 57.27138356770706, 48.699296275600176, 49.09554525591935, 41.322633032345756, 30.45727224112002, 71.833892502643, 23.455872723109042, 57.100825752157775, 60.14223512464969, 53.57090707345794, 13.253847015901918, 50.25052320760293, 32.580384856903834, 9.120665788175549, 31.420749233312755, 41.98783827412333, 41.60985728111791, 69.9757403178911, 33.65608948863282, 57.996158667213166, 31.87243011105386, 48.78794507843733, 72.1574489823771, 20.019346258718766, 46.65491205000694, 66.1546433442212, 52.92601260326859], [92.15497572589565, 95.20371035092383, 35.969988893842974, 16.61004801354601, 84.35188546930681, 65.54472135829677, 35.863942441060566, 55.90915115167731, 37.24500754162903, 79.58274474916199, 23.416249586285907, 39.72816848834533, 0.0, 95.01054613159035, 63.74704342615062, 41.26726530961609, 24.377692857026467, 83.39746492133266, 15.955364661497828, 73.17801408635638, 71.40548854835427, 69.35256559555712, 62.839886907853106, 33.61837660015003, 60.01719889184528, 88.76293698563228, 77.16107820191452, 34.80332332291216, 75.23260924985607, 65.90506564954524, 63.53728483448066, 31.02042989525248, 53.12100098609066, 99.75322762358944, 93.29907274253024, 42.85369938976165, 80.01144107891072, 69.76518042044871, 39.336674945390435, 70.67981648053023, 81.55993807885535, 57.140409393255105, 85.79593958623416, 69.23754829464762, 96.33924266373305, 71.21440780021565, 37.7279149565028, 100.30295260141423, 20.678462319281167, 13.179414075261683, 71.37767799608159, 80.09827147393734], [77.54750321648201, 3.9952567128375565, 103.63359105569197, 79.20190150919969, 71.72304328032229, 76.03435779543437, 59.599488183867926, 89.74985086406723, 117.19912733897529, 77.5354482811245, 72.94854728518855, 77.59861461002383, 95.01054613159035, 0.0, 32.91201082775039, 55.19460089283273, 92.55262608793396, 68.63082929356615, 86.62022963620083, 32.514306082621864, 71.04999483668686, 27.12795613332413, 44.6278078055442, 102.21752000796641, 38.03184686675801, 38.321652867511716, 34.601019113071786, 66.95182321174083, 48.43535009428138, 55.91032177498342, 53.37633850497704, 99.30435812730587, 49.71403335869359, 91.57566437816001, 83.49258986081684, 64.53662422527023, 36.106743276337106, 59.74358034222835, 86.69607534018877, 69.44263642790786, 84.08196858808398, 38.617780010923404, 9.352276179257366, 55.00413423421063, 66.90586959000166, 70.13243240450788, 63.05129970887566, 28.38959965005421, 88.26278817479118, 89.43399891592152, 30.547829063338668, 30.173616396480636], [61.12078086702379, 34.253038334578775, 70.94089573401659, 49.016383264296636, 53.22174066518169, 49.666591099476314, 27.884859440538, 59.97369867303052, 84.30276245836, 55.92567435883458, 43.56978256594269, 45.416521316641166, 63.74704342615062, 32.91201082775039, 0.0, 28.196971624576136, 59.64064471881763, 50.36258877344286, 54.01976062387202, 14.308423766626415, 47.25136669930472, 5.822631365332268, 17.108537151693266, 69.44724205194453, 20.649424988631612, 32.77356178026054, 20.195808177523883, 41.65431109094546, 29.61984009421818, 30.924553591608802, 43.316310656810884, 66.47889509533366, 31.293988304217343, 74.69351987431143, 66.06757241103243, 32.17692753706398, 23.945391758592994, 36.44424109392311, 54.53087994958348, 45.547074951631515, 62.044789228412895, 6.843619285426736, 24.676513990045933, 31.815704973612295, 55.538072369470015, 46.3681515154389, 38.11812004500446, 38.5815230627265, 55.40255502069491, 60.26740646467273, 25.82647224228194, 20.342973250677108], [80.27649535017595, 54.84966705836402, 61.37757179608214, 24.752058462757446, 71.75978269554565, 60.411157902417266, 13.634964011843142, 62.73312540437462, 71.03569212610503, 71.33885980608714, 18.101491254367204, 43.023722678505806, 41.26726530961609, 55.19460089283273, 28.196971624576136, 0.0, 47.32397076219403, 69.48074156306042, 37.599571745598084, 41.61917364219266, 61.753953483633026, 32.5750373304302, 37.19550660904063, 59.25293115977303, 18.750772902374397, 60.013674276432205, 47.16499731557908, 13.492757029311079, 52.3161118646827, 48.07921408837699, 28.880976175613842, 55.87681313175854, 14.483013775560945, 92.25082432997824, 83.96889524972524, 33.022285021186676, 50.808053310647885, 53.82945019287033, 50.405649159779564, 60.26741335608, 76.21904939956949, 21.63230774205763, 45.84330947610969, 50.54761403221236, 78.34688750891985, 61.07707025858514, 10.181867919540387, 66.71534034669892, 41.60743177081326, 34.2691038025405, 30.16837181349687, 48.234952881729775], [71.52814113931164, 93.76093945712336, 14.429270726422885, 30.230687936081065, 64.44817311913367, 44.421375396364155, 35.662646837485866, 32.12121565555, 24.784489979683862, 58.408950034856545, 34.92909236793168, 20.15217664311644, 24.377692857026467, 92.55262608793396, 59.64064471881763, 47.32397076219403, 0.0, 64.09088877348985, 11.4650819812245, 64.63071250070499, 51.40935228369253, 65.4333912045865, 52.25961396821065, 12.131412336374868, 64.04679578641246, 76.63583242570357, 67.03309786220213, 47.778864338435156, 61.07446896004829, 50.39228103401774, 75.11390741741161, 8.761535494978032, 61.654787978267144, 77.45012908006223, 71.76328695728553, 29.70435962969773, 69.03057026587358, 52.7310725943677, 16.090143801697305, 51.06521855169994, 59.35915113107775, 54.31334621194517, 84.11032470854099, 53.64958160389689, 77.91693238608408, 51.43212537537087, 49.07203064678021, 90.77338937632096, 5.9428817314641, 35.30656929305986, 75.55849812577524, 70.92375847274369], [10.9197914696104, 72.12620708298635, 65.5852018643133, 76.71156866700862, 3.098089756625488, 20.664948116901044, 59.10065330027416, 38.40478602584596, 80.99488829225528, 10.858834289714213, 75.18586001135743, 44.39305589129919, 83.39746492133266, 68.63082929356615, 50.36258877344286, 69.48074156306042, 64.09088877348985, 0.0, 67.70780055303301, 39.214410297079, 12.811571995951226, 52.00387531104133, 34.008401659566374, 65.80133763002121, 70.40320562802025, 31.670341996842183, 34.909984913006, 81.13188110046083, 21.398569814228264, 21.407664245289194, 92.6573806115061, 64.81932058722604, 78.91260856565405, 24.371745706577414, 15.758711091361478, 41.8629824903512, 32.67399522505441, 15.674914039351043, 48.83594944723166, 13.025774964144732, 16.761780684579367, 52.82178339176208, 65.7042667158802, 19.20834202133193, 14.199709134533341, 12.683472113655721, 78.96032946572343, 47.71009885560816, 64.40103422212908, 87.94130783432351, 75.95367241786931, 38.80818611334897], [76.27773562675547, 87.41265709042605, 25.726521149530505, 18.76705359459809, 68.56062925264847, 49.59521669226898, 27.541665827172825, 40.5419120238103, 33.45148712846534, 63.643012286482524, 23.693130758140807, 23.781575205931812, 15.955364661497828, 86.62022963620083, 54.01976062387202, 37.599571745598084, 11.4650819812245, 67.70780055303301, 0.0, 61.28800734962432, 55.5653819197642, 59.829484366262534, 49.84407666802858, 23.356847019563308, 55.31274047963741, 75.4219747271414, 64.5805390295247, 36.63073520711136, 60.97053540929599, 51.08045530059801, 64.50269845497554, 20.06863895558765, 51.582227436440064, 83.80881554178734, 77.34990028701037, 28.30882340369927, 67.08158903167435, 54.53217459311106, 23.938728901135594, 54.892189148745004, 65.6188141179416, 48.00266925326334, 77.77535944312245, 54.42569412916014, 80.884401980104, 55.40350331226629, 38.19260391017938, 88.2115441723786, 5.8412698147322635, 24.670285861649365, 66.93801833542913, 67.99528927837136], [49.48171071818006, 35.294641296534486, 73.8631560810407, 59.91079572916391, 42.2524401773353, 43.6119967105291, 38.24908111016781, 57.42714567557538, 88.41567526873686, 46.593250506772975, 55.23788838457484, 47.21561487084612, 73.17801408635638, 32.514306082621864, 14.308423766626415, 41.61917364219266, 64.63071250070499, 39.214410297079, 61.28800734962432, 0.0, 39.15463911388123, 13.460293729836053, 12.867851785223538, 72.76534336693099, 34.5932514464726, 18.541089682885598, 5.9022678112451965, 55.09553871725368, 17.819867322975103, 23.477870800210862, 57.185332989104985, 70.17890985595842, 45.5912642503832, 63.4559223694028, 54.90814361048035, 35.04150389219539, 9.645350786215186, 27.761504387228428, 56.064783544294535, 37.49043521513741, 53.05627978882392, 20.086216258207166, 27.365885192393485, 22.915668507929517, 42.26947896489877, 38.232105129417825, 51.74266842058003, 27.12638852704125, 61.40368557488818, 71.59045246651834, 37.59092003525687, 6.979603212840651], [20.78997347493694, 74.15056778467081, 52.84417997901674, 65.91596084383596, 13.071986714109986, 8.133099034785994, 50.08142583982107, 26.249057604280107, 68.30124953541124, 9.588695367443039, 65.09461866690505, 31.965104952072306, 71.40548854835427, 71.04999483668686, 47.25136669930472, 61.753953483633026, 51.40935228369253, 12.811571995951226, 55.5653819197642, 39.15463911388123, 0.0, 50.236406048215656, 30.144823089134082, 53.01613918126449, 65.79231549432615, 37.67951401768254, 36.46299409423028, 72.35562185235156, 22.86597384652481, 16.361083981522096, 87.14740611550499, 52.00825405352435, 72.74867767915072, 30.707554628981672, 22.861481403528938, 31.315680886029906, 35.446694974758714, 11.393464684739577, 36.03570566872509, 1.7070264665428982, 14.951198637741529, 48.0777516166981, 66.52050142727495, 16.243140638428653, 26.957561612990666, 0.9226465587744535, 70.60865672566347, 54.37468542767162, 51.97357786974481, 76.77958361438905, 73.01121434195373, 40.99011551516559], [62.52156247292357, 28.593952615718287, 76.60366347570333, 54.37742606755511, 54.973134480541695, 53.37751044177294, 33.499532420185695, 64.70531413764057, 90.07142027980736, 58.473799141965145, 48.729361594840015, 50.867071387637786, 69.35256559555712, 27.12795613332413, 5.822631365332268, 32.5750373304302, 65.4333912045865, 52.00387531104133, 59.829484366262534, 13.460293729836053, 50.236406048215656, 0.0, 20.433808718672633, 75.14353492596908, 21.777192728362827, 30.807289446971062, 19.134863437772978, 45.847895113121034, 30.721029085176227, 33.905997470420814, 44.083504714593204, 72.20184875274015, 33.502807581784914, 76.36318743706917, 67.76130050855718, 37.67288850981621, 22.73414459038429, 39.07738871988259, 59.98772380826841, 48.53133708340408, 64.7705978257898, 12.217787974591047, 19.10866896010256, 34.280384062065224, 55.72670367883108, 49.330303808225835, 42.167143915388806, 34.32290616219986, 61.222195900151966, 65.45854630269193, 24.179911741967302, 17.953040571808884], [44.90882599124296, 47.03826173761084, 61.05729084175118, 51.093880712548824, 36.71709196820794, 32.94390604755494, 29.998346571599395, 45.154932832392525, 75.73449231549957, 38.87293483141426, 47.409726175361584, 34.38636150824602, 62.839886907853106, 44.6278078055442, 17.108537151693266, 37.19550660904063, 52.25961396821065, 34.008401659566374, 49.84407666802858, 12.867851785223538, 30.144823089134082, 20.433808718672633, 0.0, 60.007172527854244, 36.44192802666191, 25.937666055936067, 14.82564957228422, 50.03154010827729, 15.12079215777894, 13.820613359221468, 58.655456935916796, 57.485814219991454, 45.105290077531436, 58.118734947082345, 49.51599172018877, 22.55576644168437, 17.256072279182174, 19.425608348425982, 43.20141000853022, 28.439938428649032, 44.94539127731561, 18.813663100843584, 38.30567429686221, 14.963793526576369, 41.27928712250725, 29.26018572778247, 47.23505860620478, 38.58326923672454, 49.40203822930133, 62.93614712082667, 42.904391358739886, 18.6906538036788], [71.70929130501534, 103.70027700049648, 2.4145331802527794, 42.04055634765829, 65.58434684658849, 45.21537247369482, 47.15351194489496, 29.282667285759413, 15.96187696308179, 58.41981367852471, 46.99467262188751, 25.734266884808058, 33.61837660015003, 102.21752000796641, 69.44724205194453, 59.25293115977303, 12.131412336374868, 65.80133763002121, 23.356847019563308, 72.76534336693099, 53.01613918126449, 75.14353492596908, 60.007172527854244, 0.0, 75.5245571911549, 82.80124525124968, 74.42613977434205, 59.87963922817019, 66.62268568819607, 55.613401852380164, 87.21751620208197, 3.386996464158214, 73.64640861752905, 75.46653518600984, 70.9099873569533, 37.92058782454499, 75.9716233973405, 56.787144420636594, 17.777181615820755, 53.06333139584433, 58.016828498884756, 64.62247264196252, 94.10693998074528, 58.651081209756214, 79.973468877777, 53.248840704084955, 61.203381081118195, 97.88070492663198, 18.06843514763435, 45.82389041010333, 86.929587452526, 78.61954579320889], [81.26959300243591, 37.09701792218335, 77.46893710349227, 43.49247854170022, 73.15043355074484, 66.75176831745894, 28.39717304750767, 73.5197299988954, 88.43924434812833, 74.95897055456699, 36.792800872454464, 55.54262659425599, 60.01719889184528, 38.03184686675801, 20.649424988631612, 18.750772902374397, 64.04679578641246, 70.40320562802025, 55.31274047963741, 34.5932514464726, 65.79231549432615, 21.777192728362827, 36.44192802666191, 75.5245571911549, 0.0, 52.55193177501704, 40.47535584952666, 29.057989853401157, 50.12784112297973, 49.93270558534704, 22.668068694275224, 72.22086674299594, 12.342224487601843, 94.56013011833495, 85.95766741876614, 43.169993921420684, 44.1844041757963, 55.72331690538725, 64.03876832564784, 64.12705588393479, 80.74343709730991, 17.75226662524084, 28.821818331974306, 51.398144434131154, 76.17660085878686, 64.9643071718043, 25.164901599251102, 54.83973429305963, 58.65308192166854, 52.522977219376834, 11.629604870418573, 39.71842414488653], [39.551246393671434, 42.10905781914326, 83.44554398447224, 76.78972596383473, 34.65794045765834, 44.66956348598774, 55.33781729102202, 61.7365800727552, 98.76113664354433, 41.76696040869916, 72.67172176741019, 57.27138356770706, 88.76293698563228, 38.321652867511716, 32.77356178026054, 60.013674276432205, 76.63583242570357, 31.670341996842183, 75.4219747271414, 18.541089682885598, 37.67951401768254, 30.807289446971062, 25.937666055936067, 82.80124525124968, 52.55193177501704, 0.0, 12.848779584298537, 73.44769714781414, 16.444273260729926, 27.41150208169085, 74.85940693868856, 80.70667330614158, 63.94234223428657, 53.4421440043411, 45.59776758479365, 47.37929654560335, 9.254546072189099, 28.06780994888332, 65.14629801657304, 36.396822040492616, 48.15389242439368, 38.596767491297456, 37.55693902963091, 24.724482790731475, 28.621994816470057, 36.85950079357558, 70.17239446924272, 16.697110511501442, 74.45536194790749, 88.60849751348533, 53.741791921523244, 12.865081263236396], [44.79458967282504, 37.79225081594127, 75.3557632564546, 64.50759101331353, 37.99507336584177, 41.80068736818857, 42.913428373057386, 56.8939270004325, 90.2566882651631, 43.10880964813732, 60.13263823332587, 48.699296275600176, 77.16107820191452, 34.601019113071786, 20.195808177523883, 47.16499731557908, 67.03309786220213, 34.909984913006, 64.5805390295247, 5.9022678112451965, 36.46299409423028, 19.134863437772978, 14.82564957228422, 74.42613977434205, 40.47535584952666, 12.848779584298537, 0.0, 60.60285407940736, 13.918115232125166, 21.94033957948453, 63.04163865180458, 72.01785106443681, 51.48654693729556, 58.865938639979134, 50.414026990044526, 37.33656993667524, 3.7501340498018747, 25.21484927602332, 57.251366963645616, 34.869755447399456, 49.643600974899925, 25.782322375806483, 30.81987412308139, 20.574560780581812, 36.800139136495325, 35.54757918541938, 57.3240036126296, 23.760672639730057, 64.22736409807706, 76.27575521416112, 43.08393645223197, 4.6653298870036926], [91.74497738802937, 66.1494946309788, 62.20506409903303, 19.01922344282443, 83.20947159701531, 69.93649938730276, 22.274479363022465, 69.27475228988544, 69.17226131974256, 81.90635317360947, 12.96037680832405, 49.09554525591935, 34.80332332291216, 66.95182321174083, 41.65431109094546, 13.492757029311079, 47.778864338435156, 81.13188110046083, 36.63073520711136, 55.09553871725368, 72.35562185235156, 45.847895113121034, 50.03154010827729, 59.87963922817019, 29.057989853401157, 73.44769714781414, 60.60285407940736, 0.0, 65.10476283463787, 59.90157997867564, 28.819827540976668, 56.53236087711843, 19.22492334397468, 103.05951247270194, 95.01176943044342, 41.80364744843696, 64.223454354647, 65.47437827728744, 54.90121650046865, 70.98547586453745, 86.27552452418531, 35.12466696482765, 57.64929433407277, 62.61131594793681, 90.80882371271866, 71.76200566692715, 3.900948601354036, 80.09978881750081, 41.83817027672628, 24.603814284146733, 39.11901080656786, 61.727445438924654], [31.801044498125272, 51.68987226816638, 67.18263303597669, 64.94600913283969, 24.43258246014644, 28.96747362728806, 44.531207437837345, 45.46464086959071, 82.58132743945954, 29.19093652979391, 61.8240485189104, 41.322633032345756, 75.23260924985607, 48.43535009428138, 29.61984009421818, 52.3161118646827, 61.07446896004829, 21.398569814228264, 60.97053540929599, 17.819867322975103, 22.86597384652481, 30.721029085176227, 15.12079215777894, 66.62268568819607, 50.12784112297973, 16.444273260729926, 13.918115232125166, 65.10476283463787, 0.0, 11.032924317589607, 72.71040580826747, 64.64797484763002, 59.70732732988278, 45.69021466921926, 37.116798331699655, 32.66307906440376, 12.580928058320072, 12.084107755223352, 48.89569899333022, 21.351202901331295, 35.72561348426826, 33.12479130154996, 44.65358014976949, 8.289965853930964, 26.33026036496076, 21.967909008132217, 62.34900353374314, 32.707347138483215, 59.3905024185296, 76.7457113914566, 54.81694477887985, 18.26447311982209], [32.25424723157063, 58.76814987561112, 56.15373666463361, 57.03268428748881, 23.7887904879183, 20.13678471916544, 38.10877657678932, 35.1197904558783, 71.56799391254906, 25.09383077682272, 54.761055619796515, 30.45727224112002, 65.90506564954524, 55.91032177498342, 30.924553591608802, 48.07921408837699, 50.39228103401774, 21.407664245289194, 51.08045530059801, 23.477870800210862, 16.361083981522096, 33.905997470420814, 13.820613359221468, 55.613401852380164, 49.93270558534704, 27.41150208169085, 21.94033957948453, 59.90157997867564, 11.032924317589607, 0.0, 71.77683493990338, 53.68380643790025, 57.74720561326506, 44.85812458100962, 36.3426087237485, 23.05526131594593, 22.04653275748247, 5.867405365124515, 37.87222317436519, 14.6540674396531, 31.124916627019896, 32.18330898060592, 50.696115279856166, 3.3454450046668267, 31.488718196734474, 15.466026164526307, 57.624735632141714, 43.35941373510272, 49.056718943085635, 68.6401969582784, 56.7242857552319, 26.605540846834693], [103.56348957387078, 51.024321414727325, 89.44250548151709, 47.78515173954305, 95.32173433913131, 87.1740836073698, 42.45427547341679, 91.31538872885491, 97.62850230783533, 96.53137061247654, 41.39064150799913, 71.833892502643, 63.53728483448066, 53.37633850497704, 43.316310656810884, 28.880976175613842, 75.11390741741161, 92.6573806115061, 64.50269845497554, 57.185332989104985, 87.14740611550499, 44.083504714593204, 58.655456935916796, 87.21751620208197, 22.668068694275224, 74.85940693868856, 63.04163865180458, 28.819827540976668, 72.71040580826747, 71.77683493990338, 0.0, 83.831419222593, 14.878020521292315, 116.61443388093299, 108.05578388658864, 61.10738933866075, 66.72304551307208, 77.63096269249661, 79.28108940257832, 85.52830818721878, 102.03873139849331, 39.846140383374106, 45.521491144868804, 73.5098409358788, 98.82886688330362, 86.36424283283905, 26.453071123557482, 75.33439076369065, 69.22312632660568, 52.41445442477179, 23.260549664663337, 61.99441090746489], [71.16386048665949, 100.72571090771523, 5.673662919528037, 38.79722377585349, 64.7571691742178, 44.3796455752794, 43.83692698963466, 29.318583835120986, 18.249125679067436, 57.874634646273876, 43.66353718666184, 23.455872723109042, 31.02042989525248, 99.30435812730587, 66.47889509533366, 55.87681313175854, 8.761535494978032, 64.81932058722604, 20.06863895558765, 70.17890985595842, 52.00825405352435, 72.20184875274015, 57.485814219991454, 3.386996464158214, 72.22086674299594, 80.70667330614158, 72.01785106443681, 56.53236087711843, 64.64797484763002, 53.68380643790025, 83.831419222593, 0.0, 70.26449258489313, 75.54235243244088, 70.65156297317019, 35.210769659613625, 73.67495370847308, 55.1552174520519, 16.17460317929228, 51.95086867883343, 57.851364952001994, 61.54263984335107, 91.11503758373354, 56.78771213707899, 78.9374840972595, 52.18581935048769, 57.83034829354692, 95.57243128371762, 14.70362063249487, 42.94830334260051, 83.64804542004285, 76.14544882012704], [89.83150181493063, 48.377682698719816, 75.795945444289, 36.62035441152328, 81.4702247082755, 72.46816094106345, 27.80468202940924, 76.46880873380294, 85.01402430505179, 82.21373951288886, 29.84306130985321, 57.100825752157775, 53.12100098609066, 49.71403335869359, 31.293988304217343, 14.483013775560945, 61.654787978267144, 78.91260856565405, 51.582227436440064, 45.5912642503832, 72.74867767915072, 33.502807581784914, 45.105290077531436, 73.64640861752905, 12.342224487601843, 63.94234223428657, 51.48654693729556, 19.22492334397468, 59.70732732988278, 57.74720561326506, 14.878020521292315, 70.26449258489313, 0.0, 102.58673916869768, 94.08960897753377, 46.229835088113276, 55.23481881853903, 63.61448202441878, 64.74659024940667, 71.15751969901413, 87.57152228249217, 26.593362748200608, 40.69988883136745, 59.70449617208677, 86.02418583393764, 71.98974805389692, 15.6621385408313, 67.09820963947557, 55.87075787524344, 43.77765994961818, 20.279979546140726, 51.24119963411013], [14.103368049356119, 95.24411862209865, 74.49951750967938, 96.01404727700066, 21.471779511193574, 34.523356523899935, 80.7863670472159, 46.23711680271156, 88.57122530933468, 21.207843782721703, 95.60317749029365, 60.14223512464969, 99.75322762358944, 91.57566437816001, 74.69351987431143, 92.25082432997824, 77.45012908006223, 24.371745706577414, 83.80881554178734, 63.4559223694028, 30.707554628981672, 76.36318743706917, 58.118734947082345, 75.46653518600984, 94.56013011833495, 53.4421440043411, 58.865938639979134, 103.05951247270194, 45.69021466921926, 44.85812458100962, 116.61443388093299, 75.54235243244088, 102.58673916869768, 0.0, 8.626004700353036, 61.85153753986581, 56.2872978384405, 38.99405051117044, 61.36087617360089, 32.082694489896504, 18.196749495538462, 76.87873164861784, 89.44345272245431, 43.16456010058219, 25.993811894000093, 31.29970054699412, 101.26784048021214, 67.77294021507798, 79.38904530784833, 106.45176320287837, 100.32354547506154, 62.45987707374969], [6.103810720466573, 87.10697449040559, 70.17261618833888, 88.68203929154052, 12.845866572845482, 27.754705229234666, 72.76182135366894, 41.69722522261003, 84.81951560350046, 13.77093506570926, 87.95603525496598, 53.57090707345794, 93.29907274253024, 83.49258986081684, 66.06757241103243, 83.96889524972524, 71.76328695728553, 15.758711091361478, 77.34990028701037, 54.90814361048035, 22.861481403528938, 67.76130050855718, 49.51599172018877, 70.9099873569533, 85.95766741876614, 45.59776758479365, 50.414026990044526, 95.01176943044342, 37.116798331699655, 36.3426087237485, 108.05578388658864, 70.65156297317019, 94.08960897753377, 8.626004700353036, 0.0, 54.17596235410756, 47.936583479811816, 30.47522825260141, 55.73561923920577, 24.098297330913983, 12.971250232911592, 68.29120253520644, 81.08881543870453, 34.571739627943764, 19.572313502051134, 23.356972426621883, 93.11616903557939, 60.52007100752767, 73.22898104793697, 99.37974810626474, 91.70277399253857, 54.108483384026364], [51.7137315386177, 66.24686680601125, 39.19234866549398, 34.85476294099827, 43.365725112100804, 28.145907426530446, 19.8739839833996, 30.462488877081906, 53.41450996239961, 40.65305220052245, 33.78239753557593, 13.253847015901918, 42.85369938976165, 64.53662422527023, 32.17692753706398, 33.022285021186676, 29.70435962969773, 41.8629824903512, 28.30882340369927, 35.04150389219539, 31.315680886029906, 37.67288850981621, 22.55576644168437, 37.92058782454499, 43.169993921420684, 47.37929654560335, 37.33656993667524, 41.80364744843696, 32.66307906440376, 23.05526131594593, 61.10738933866075, 35.210769659613625, 46.229835088113276, 61.85153753986581, 54.17596235410756, 0.0, 39.43214867827443, 27.20697483582853, 22.35731771870505, 30.15036503620591, 44.59877336176948, 28.437936700043586, 56.77636114172231, 26.38458522763008, 53.94528357916265, 30.85427486912553, 40.5807040078009, 61.08856531072064, 27.0855976580167, 46.12508435783001, 53.38441038617865, 41.22982802779115], [42.1851679467408, 39.50464950805435, 76.79897382943962, 67.69439302631297, 35.77202612355071, 41.34318041246073, 46.17422339685244, 57.165050120503835, 91.87275964355172, 41.44566409193534, 63.47187175043074, 50.25052320760293, 80.01144107891072, 36.106743276337106, 23.945391758592994, 50.808053310647885, 69.03057026587358, 32.67399522505441, 67.08158903167435, 9.645350786215186, 35.446694974758714, 22.73414459038429, 17.256072279182174, 75.9716233973405, 44.1844041757963, 9.254546072189099, 3.7501340498018747, 64.223454354647, 12.580928058320072, 22.04653275748247, 66.72304551307208, 73.67495370847308, 55.23481881853903, 56.2872978384405, 47.936583479811816, 39.43214867827443, 0.0, 24.503393062384653, 58.579746214098016, 33.92489341946906, 47.99159570113044, 29.49328525705472, 33.1587620409965, 20.163621592876677, 33.54342539130982, 34.54773749337441, 60.97675318591574, 21.909218585637404, 66.4707564710738, 79.49435008310938, 46.52316268240409, 6.173456684427157], [26.45215555124284, 62.79871279922863, 57.08414566623263, 61.78500495732899, 17.956712934608493, 16.885030219213615, 43.5115271193248, 33.691550700002665, 72.63283364763574, 19.48434013333896, 59.86597757399914, 32.580384856903834, 69.76518042044871, 59.74358034222835, 36.44424109392311, 53.82945019287033, 52.7310725943677, 15.674914039351043, 54.53217459311106, 27.761504387228428, 11.393464684739577, 39.07738871988259, 19.425608348425982, 56.787144420636594, 55.72331690538725, 28.06780994888332, 25.21484927602332, 65.47437827728744, 12.084107755223352, 5.867405365124515, 77.63096269249661, 55.1552174520519, 63.61448202441878, 38.99405051117044, 30.47522825260141, 27.20697483582853, 24.503393062384653, 0.0, 39.042069160402235, 9.737347784757048, 25.697727395324907, 37.984698688211644, 55.12726125591334, 4.860419447474103, 26.739965650002883, 10.470859038505427, 63.28544892001131, 44.613592763626166, 51.99625463135099, 73.24715168537615, 62.27067101507084, 29.802233658820363], [55.71188021034295, 88.52194196793023, 18.299263247494164, 40.545802159602665, 48.934478773536625, 28.660255401770407, 36.95302966189069, 16.61562728439468, 33.70738875596945, 42.504605337379346, 43.22318068285065, 9.120665788175549, 39.336674945390435, 86.69607534018877, 54.53087994958348, 50.405649159779564, 16.090143801697305, 48.83594944723166, 23.9387289