instance_id,num_cities,city_coordinates,distance_matrix,best_route,total_distance
1207,40,"[[10.651508582149361, 81.78759274053336], [39.940537374747976, 25.33250401241712], [75.07317187762025, 65.54966226987209], [12.009869759252767, 27.061930544785774], [87.9508681124908, 62.284680946020785], [73.38034431439866, 86.96713275378359], [68.4049082048047, 89.94680169759559], [54.0916458337232, 95.40352129622427], [1.737546988374683, 59.70770724212241], [27.26653889513497, 13.724973426044373], [74.69288052198448, 44.7816102719335], [79.05423124126534, 99.93231783669529], [95.85282024917174, 11.264616144906148], [57.71905149793106, 78.84435444038738], [0.36371936435465324, 96.62332727321603], [53.031259410749854, 83.146757760052], [52.90008773911305, 23.523506105025515], [88.9295811144097, 24.160330325799595], [97.3512190314637, 85.43936828732397], [8.253215536614356, 15.8998105495175], [47.875258611537085, 64.35964847842787], [17.032568868563878, 71.80799907860265], [81.79935417350787, 56.91342314097317], [30.000958150357405, 93.06331613719358], [82.30074050215221, 44.94276647355265], [73.38645756362632, 89.87241628187748], [8.890624039578544, 2.925775538032105], [68.78609545907706, 46.33779588369921], [71.89843179163442, 75.12017685628756], [90.27911337702987, 67.75846343483168], [99.99167085925916, 57.366637049119085], [46.72453771222445, 2.5972667167934227], [87.04487494996542, 32.73871629669234], [17.52096636367757, 43.68956017922419], [62.188043070849176, 75.29892225922326], [83.88188353327993, 84.25847032765493], [13.470939632203994, 77.86729099919808], [28.870025010217315, 24.921759511401977], [77.71725895082174, 42.53891103491798], [33.907089202788875, 73.84522946857392]]","[[0.0, 63.6005051152359, 66.43659449223036, 54.74251773393819, 79.72173199489286, 62.942310627052585, 58.32690510201215, 45.5240489727051, 23.811342988547032, 70.06125448670241, 73.96445131549764, 70.76837935119913, 110.60177999330963, 47.159476755159176, 18.053742717619702, 42.401540182457374, 71.96975915099473, 97.2026646382824, 86.7765824208299, 65.93141627163038, 41.10159130074404, 11.84526150138122, 75.37068558504345, 22.39515877841944, 80.56769611556697, 63.2537603261908, 78.88147391405023, 68.09051540810852, 61.6087659120198, 80.85401606875057, 92.61775031052272, 87.0193723625117, 90.78402230244346, 38.71239511131767, 51.94340412140862, 73.27204822805018, 4.828867070973128, 59.712957803839906, 77.70633106859303, 24.574441282495812], [63.6005051152359, 0.0, 53.40151519776934, 27.984158189556705, 60.58428210088656, 70.12166675320252, 70.6061461354452, 71.48567222741409, 51.391858027754466, 17.186186423253172, 39.824528729380276, 84.23190173859666, 57.654911718625016, 56.387886116201244, 81.53959777329209, 59.27777779083642, 13.085198472910607, 49.003065186558366, 83.119320866155, 33.061489247135995, 39.82559235311417, 51.8145410355757, 52.43581788049597, 68.45624986982345, 46.67921596159867, 72.69133272289386, 38.29045049416824, 35.68316841024844, 59.161806790945256, 65.83262311992344, 68.06118065525826, 23.72580189302776, 47.68302212318124, 28.976174271834743, 54.6954702156661, 73.50585968756826, 58.82638394800873, 11.07812958302711, 41.510735185734355, 48.88647080765967], [66.43659449223036, 53.40151519776934, 0.0, 73.88021093239182, 13.285148225093188, 21.484266501047298, 25.292017568117657, 36.48941399770679, 73.56794353821768, 70.50725161911795, 20.771533532800415, 34.61236538411764, 58.12624208767501, 21.861251886877483, 80.91399725370098, 28.2046746991999, 47.51677032591115, 43.64718634361216, 29.86489227252517, 83.24670769025724, 27.22393466883893, 58.37703638646275, 10.946513352160888, 52.806302648517594, 21.837625845835127, 24.38116830477072, 91.11465758996741, 20.21442900338175, 10.083338934219984, 15.365528284761137, 26.227723752956887, 69.04092384169496, 34.926778410086996, 61.56395392543142, 16.157803523593344, 20.678803156264024, 62.82164432050247, 61.52525711447705, 23.162164597628028, 41.9936042504002], [54.74251773393819, 27.984158189556705, 73.88021093239182, 0.0, 83.71187118153675, 85.76111239264988, 84.46838095512884, 80.25863756642632, 34.223783415652164, 20.26426357677297, 65.13944187597427, 99.02040067886848, 85.31820139397952, 69.07060677106647, 70.52957346979105, 69.48569818823309, 41.0430307598791, 76.97441963919884, 103.39763601255795, 11.77732455769284, 51.744041981498576, 45.027082467951566, 75.90575567786534, 68.40951806301692, 72.52951677287308, 87.81937513463288, 24.33687885431791, 59.95914266632998, 76.78694485941865, 88.2172448321162, 93.05467511691643, 42.46914111801364, 75.24943787460026, 17.517141691593327, 69.60356633497537, 91.85330983185791, 50.82636497012557, 16.99544548220971, 67.50553991684126, 51.654286148885], [79.72173199489286, 60.58428210088656, 13.285148225093188, 83.71187118153675, 0.0, 28.66223283335237, 33.87089418937117, 47.363535757640165, 86.25182625730628, 77.72150929431363, 21.957497989800974, 38.68455390812364, 51.628362940154645, 34.47006704455907, 94.07789994155017, 40.6768401043793, 52.25883542365795, 38.136911114479176, 24.99012091353983, 92.21318792778781, 40.12929063830402, 71.55486535453427, 8.166488483417226, 65.61643428936586, 18.239132095127502, 31.19623688198868, 98.86355164621088, 24.931739892112024, 20.553118184295634, 5.948362862726303, 13.00646326094979, 72.54100726929079, 29.559852006901338, 72.84332211451668, 28.863361396145503, 22.347350073202715, 76.0925586539053, 69.90374753763173, 22.24010309904182, 55.266412231870525], [62.942310627052585, 70.12166675320252, 21.484266501047298, 85.76111239264988, 28.66223283335237, 0.0, 5.799430273343165, 21.052946129162923, 76.65354974117997, 86.54996795629476, 42.20593629293044, 14.152350232135467, 78.96760852119255, 17.64243804613521, 73.65235645715964, 20.70460145737264, 66.66734336792291, 64.70296126369051, 24.01951079781195, 96.39557660039733, 34.082367024177906, 58.35127360629094, 31.21065825161192, 43.805645707068145, 42.960689349700836, 2.9052899597853905, 105.93334575944483, 40.88826405030448, 11.939280914793045, 25.584006192091696, 39.80391998835113, 88.48054204576383, 55.923524110467746, 70.66270864457265, 16.16832530819834, 10.84523757713139, 60.59656664641542, 76.35965469635534, 44.63939643033161, 41.59714190822038], [58.32690510201215, 70.6061461354452, 25.292017568117657, 84.46838095512884, 33.87089418937117, 5.799430273343165, 0.0, 15.318135280819135, 73.20478047948089, 86.6148516971346, 45.600801663768145, 14.598582592125577, 83.33231185406511, 15.409473341387319, 68.3679703705156, 16.810403766580603, 68.20889718395445, 68.91387388326395, 29.295150902864265, 95.40012069663214, 32.8050136760148, 54.48057827637902, 35.64569092714616, 38.53019649621197, 47.100502562954716, 4.982104696255157, 105.42584604148416, 43.61067176505389, 15.232646232241725, 31.157715044262076, 45.37830652978003, 89.99988736691799, 60.168209176422536, 68.76705555845874, 15.912566861913971, 16.48920492602606, 56.246381944514276, 76.10034888570436, 48.31384867200334, 38.07046288321493], [45.5240489727051, 71.48567222741409, 36.48941399770679, 80.25863756642632, 47.363535757640165, 21.052946129162923, 15.318135280819135, 0.0, 63.36515451644964, 85.97075982244175, 54.653350733802505, 25.370074267408405, 93.93269424763682, 16.9518163868116, 53.74177154987895, 12.302547368235102, 71.88989076761624, 79.3049430632776, 44.392285573457976, 91.77146459874618, 31.66015650030298, 43.9331748708408, 47.42578156913638, 24.204086292273587, 57.81038660384626, 20.071942665625055, 102.93330768877279, 51.21886625111268, 26.99065926982844, 45.53879699067179, 59.6122207317636, 93.09820176102211, 70.80108116983043, 63.338364135107035, 21.67363722728428, 31.80676694177042, 44.24433461292508, 74.85859270155393, 57.903683934950365, 29.532630646685213], [23.811342988547032, 51.391858027754466, 73.56794353821768, 34.223783415652164, 86.25182625730628, 76.65354974117997, 73.20478047948089, 63.36515451644964, 0.0, 52.59411789331312, 74.46656338091434, 87.15439725766116, 105.85092222558902, 59.16198199134596, 36.941174922037895, 56.39533689279088, 62.664998108998994, 94.1597940772322, 99.01561827160666, 44.289792833794834, 46.37163994391545, 19.502685887934938, 80.11055481887126, 43.71975589218495, 81.90501587227573, 77.73979713167179, 57.23071098063028, 68.36857744432173, 71.83379410823186, 88.90682568752008, 98.28200988626391, 72.70097489982432, 89.46880281171246, 22.48771581342404, 62.42874708278819, 85.73466040338995, 21.620429809893096, 44.11613676570273, 77.8953412798284, 35.13899516190506], [70.06125448670241, 17.186186423253172, 70.50725161911795, 20.26426357677297, 77.72150929431363, 86.54996795629476, 86.6148516971346, 85.97075982244175, 52.59411789331312, 0.0, 56.6901452836741, 100.56675051364658, 68.63039667615176, 71.88803313149297, 87.15445352520211, 74.04866618221568, 27.442486567322412, 62.53980691816474, 100.273709516159, 19.13730340589558, 54.667994713631934, 58.9777247056929, 69.56342523887156, 79.38545000700755, 63.271746848643865, 89.02516470903396, 21.314242229155322, 52.7964938790532, 75.90373421489579, 83.00724417402418, 84.8147370625464, 22.415163942585036, 62.729354208658634, 31.509564313946587, 70.78744683067299, 90.4448529970912, 65.60911112550363, 11.31102057121812, 58.09920958726837, 60.485883435788494], [73.96445131549764, 39.824528729380276, 20.771533532800415, 65.13944187597427, 21.957497989800974, 42.20593629293044, 45.600801663768145, 54.653350733802505, 74.46656338091434, 56.6901452836741, 0.0, 55.32288789452738, 39.63750679053091, 38.057606493621435, 90.62222586119795, 44.058034124910414, 30.443928952227633, 25.05834851651611, 46.54517795484509, 72.4457551453083, 33.203680894543325, 63.67995942130336, 14.059973372990175, 65.79126877125132, 7.609566663033978, 45.109727637977656, 77.98620300699349, 6.108340481477173, 30.4669914185802, 27.764481552535436, 28.256179704833787, 50.613704080044805, 17.25117565987235, 57.18234292095594, 32.97995285940984, 40.532212574699294, 69.59014524699788, 49.94144330596458, 3.7651779172472284, 50.08168062615607], [70.76837935119913, 84.23190173859666, 34.61236538411764, 99.02040067886848, 38.68455390812364, 14.152350232135467, 14.598582592125577, 25.370074267408405, 87.15439725766116, 100.56675051364658, 55.32288789452738, 0.0, 90.24496615302519, 29.99820152749834, 78.76005382171483, 30.96691928459148, 80.76104093297046, 76.41280407411016, 23.341494143162514, 109.8828744881559, 47.30267581773743, 68.10039580707424, 43.10639164619039, 49.53187645626754, 55.08530277216171, 11.54665656168761, 119.72134740427425, 54.5692898598803, 25.8233964806136, 34.07572282482243, 47.43641595511797, 102.56374242487263, 67.66705605238103, 83.36420380122634, 29.854186994056708, 16.400479334130583, 69.19561797988835, 90.2498665667301, 57.408976991579564, 52.14211938316799], [110.60177999330963, 57.654911718625016, 58.12624208767501, 85.31820139397952, 51.628362940154645, 78.96760852119255, 83.33231185406511, 93.93269424763682, 105.85092222558902, 68.63039667615176, 39.63750679053091, 90.24496615302519, 0.0, 77.59642612426704, 128.07918626098868, 83.67035529874694, 44.66785883759113, 14.63662134347941, 74.18988512122048, 87.72215098231943, 71.56066572629652, 99.38879838673184, 47.76309756395635, 105.01188057695903, 36.30257119032328, 81.75526707614928, 87.3610887767697, 44.30277110805158, 68.20077243066616, 56.768133577862045, 46.28743259055429, 49.886983183382874, 23.210275261675687, 84.77768768235582, 72.34438182753502, 73.96895344878335, 105.93720098121744, 68.36089834808139, 36.15217980251855, 88.05456693912716], [47.159476755159176, 56.387886116201244, 21.861251886877483, 69.07060677106647, 34.47006704455907, 17.64243804613521, 15.409473341387319, 16.9518163868116, 59.16198199134596, 71.88803313149297, 38.057606493621435, 29.99820152749834, 77.59642612426704, 0.0, 60.04769770060566, 6.362866412058318, 55.530340105683756, 62.963796361924594, 40.177144137522816, 80.05550907327701, 17.51305128167693, 41.29043673209469, 32.57033503983367, 31.152392693981774, 41.87573403503848, 19.159482268764847, 90.26541946176697, 34.33883823365804, 14.66029754784584, 34.39556089029229, 47.41589071194297, 77.03569120682648, 54.641868468942704, 53.40173787439322, 5.704557391248445, 26.717156116447725, 44.2588980505616, 61.15482461068997, 41.44892667122508, 24.331066537023858], [18.053742717619702, 81.53959777329209, 80.91399725370098, 70.52957346979105, 94.07789994155017, 73.65235645715964, 68.3679703705156, 53.74177154987895, 36.941174922037895, 87.15445352520211, 90.62222586119795, 78.76005382171483, 128.07918626098868, 60.04769770060566, 0.0, 54.36439736060527, 90.0202969159164, 114.43250322408905, 97.63020040067312, 81.10813955512319, 57.430752485143536, 29.893997009439037, 90.60154029022732, 29.850286466751868, 96.87391701331988, 73.33413320775222, 94.08474533370341, 84.91322757717859, 74.69672389005201, 94.43494292296205, 107.0832220584614, 104.83427655897776, 107.67946068437858, 55.64489934717062, 65.39860282120881, 84.42851078534872, 22.882047982254516, 77.16038025487792, 94.38587906245621, 40.54626246296717], [42.401540182457374, 59.27777779083642, 28.2046746991999, 69.48569818823309, 40.6768401043793, 20.70460145737264, 16.810403766580603, 12.302547368235102, 56.39533689279088, 74.04866618221568, 44.058034124910414, 30.96691928459148, 83.67035529874694, 6.362866412058318, 54.36439736060527, 0.0, 59.62339594426049, 69.0513441041938, 44.37921680033869, 80.79124409445876, 19.48178173066237, 37.742193486709446, 38.933162233699754, 25.074546978792878, 48.12740875612231, 21.437550568921566, 91.56310217350837, 40.03891273904005, 20.503565413232145, 40.301392374618146, 53.57139971368637, 80.79601008657943, 60.81033371246497, 53.08343765452115, 12.059652111314396, 30.870648091392592, 39.911046970228284, 63.03900117239149, 47.52258188424117, 21.266224740189063], [71.96975915099473, 13.085198472910607, 47.51677032591115, 41.0430307598791, 52.25883542365795, 66.66734336792291, 68.20889718395445, 71.88989076761624, 62.664998108998994, 27.442486567322412, 30.443928952227633, 80.76104093297046, 44.66785883759113, 55.530340105683756, 90.0202969159164, 59.62339594426049, 0.0, 36.03512089571381, 76.21992562937314, 45.29308922329457, 41.144129978675245, 60.148742062030024, 44.159417569909216, 73.21308158541508, 36.37558381150136, 69.43968051656557, 48.59114528009295, 27.800306821760998, 54.9832111589721, 57.9130642222445, 57.99116064419382, 21.818453498545672, 35.366461408387856, 40.72286785359425, 52.60189951118387, 68.18069777991079, 67.14093145809542, 24.070708908196018, 31.264638357080695, 53.78670686775967], [97.2026646382824, 49.003065186558366, 43.64718634361216, 76.97441963919884, 38.136911114479176, 64.70296126369051, 68.91387388326395, 79.3049430632776, 94.1597940772322, 62.53980691816474, 25.05834851651611, 76.41280407411016, 14.63662134347941, 62.963796361924594, 114.43250322408905, 69.0513441041938, 36.03512089571381, 0.0, 61.8550279176714, 81.09816366488472, 57.45818110683719, 86.25242435697763, 33.52022113871173, 90.66534099734359, 21.814013388144495, 67.52530585205731, 82.80785570621524, 29.959973179534312, 53.73049418780322, 43.619014751834236, 35.000409079413295, 47.39442373092415, 8.782984868022016, 74.03094676745913, 57.70845208345498, 60.3097478236574, 92.61989094743109, 60.06438257268046, 21.52878067103811, 74.1354423942559], [86.7765824208299, 83.119320866155, 29.86489227252517, 103.39763601255795, 24.99012091353983, 24.01951079781195, 29.295150902864265, 44.392285573457976, 99.01561827160666, 100.273709516159, 46.54517795484509, 23.341494143162514, 74.18988512122048, 40.177144137522816, 97.63020040067312, 44.37921680033869, 76.21992562937314, 61.8550279176714, 0.0, 113.02302560601493, 53.779412851905626, 81.46717001648433, 32.48984529130196, 67.7803970301931, 43.202912661352045, 24.37132960534484, 120.97011967719273, 48.424159767017414, 27.465070363397786, 19.042822133033756, 28.196634994754127, 97.08694378762732, 53.69897064715394, 90.0883772640274, 36.59614172677173, 13.521002875296782, 84.2213608685779, 91.3895776690709, 47.179885766221986, 64.49481889784786], [65.93141627163038, 33.061489247135995, 83.24670769025724, 11.77732455769284, 92.21318792778781, 96.39557660039733, 95.40012069663214, 91.77146459874618, 44.289792833794834, 19.13730340589558, 72.4457551453083, 109.8828744881559, 87.72215098231943, 80.05550907327701, 81.10813955512319, 80.79124409445876, 45.29308922329457, 81.09816366488472, 113.02302560601493, 0.0, 62.59602375173117, 56.59330869927064, 84.20897176785364, 80.16963828889921, 79.53948228601567, 98.56107556121988, 12.989683371002538, 67.75470834496411, 86.93540899803887, 97.04415384558614, 100.67493176025974, 40.706268588033645, 80.5709273861965, 29.294391781948875, 80.23228834484131, 101.94411110806259, 62.18676127616907, 22.50440836684433, 74.39687494863043, 63.37028331785321], [41.10159130074404, 39.82559235311417, 27.22393466883893, 51.744041981498576, 40.12929063830402, 34.082367024177906, 32.8050136760148, 31.66015650030298, 46.37163994391545, 54.667994713631934, 33.203680894543325, 47.30267581773743, 71.56066572629652, 17.51305128167693, 57.430752485143536, 19.48178173066237, 41.144129978675245, 57.45818110683719, 53.779412851905626, 62.59602375173117, 0.0, 31.729315108341506, 34.73169347258895, 33.814067398664136, 39.52377904745847, 36.079392912933194, 72.75934632173268, 27.60525798848045, 26.32302833284331, 42.53985004770092, 52.58348252469552, 61.77310061392411, 50.34026416440015, 36.723774427002205, 18.0145360703495, 41.139277451631905, 36.960973619489764, 43.77837354694892, 36.968764745775054, 16.884490023453754], [11.84526150138122, 51.8145410355757, 58.37703638646275, 45.027082467951566, 71.55486535453427, 58.35127360629094, 54.48057827637902, 43.9331748708408, 19.502685887934938, 58.9777247056929, 63.67995942130336, 68.10039580707424, 99.38879838673184, 41.29043673209469, 29.893997009439037, 37.742193486709446, 60.148742062030024, 86.25242435697763, 81.46717001648433, 56.59330869927064, 31.729315108341506, 0.0, 66.45739139552892, 24.899149058258274, 70.5809815128338, 59.17840771725324, 69.36174727824677, 57.681528805542456, 54.965747842853524, 73.35840116415339, 84.20668346615481, 75.3109453391132, 80.1756313347686, 28.122680139903327, 45.29021301656957, 67.9988610600626, 7.028529106170545, 48.35746921271318, 67.37441001811186, 16.99705104340148], [75.37068558504345, 52.43581788049597, 10.946513352160888, 75.90575567786534, 8.166488483417226, 31.21065825161192, 35.64569092714616, 47.42578156913638, 80.11055481887126, 69.56342523887156, 14.059973372990175, 43.10639164619039, 47.76309756395635, 32.57033503983367, 90.60154029022732, 38.933162233699754, 44.159417569909216, 33.52022113871173, 32.48984529130196, 84.20897176785364, 34.73169347258895, 66.45739139552892, 0.0, 63.16556494015798, 11.981152252592853, 34.0157619087201, 90.72127106385516, 16.768684929162017, 20.724723034626944, 13.76667044441505, 18.19796112868697, 64.65669028405863, 24.73725811853784, 65.62455097798427, 26.881780093446913, 27.424232608701463, 71.46913188187064, 61.846426149484074, 14.942894622334862, 50.79719588265614], [22.39515877841944, 68.45624986982345, 52.806302648517594, 68.40951806301692, 65.61643428936586, 43.805645707068145, 38.53019649621197, 24.204086292273587, 43.71975589218495, 79.38545000700755, 65.79126877125132, 49.53187645626754, 105.01188057695903, 31.152392693981774, 29.850286466751868, 25.074546978792878, 73.21308158541508, 90.66534099734359, 67.7803970301931, 80.16963828889921, 33.814067398664136, 24.899149058258274, 63.16556494015798, 0.0, 71.06936424350538, 43.50268268998377, 92.57657604131943, 60.72529225138361, 45.578005054801324, 65.37424238810766, 78.56814089322081, 91.99882722674448, 83.02448909663464, 50.926593960255325, 36.763869838886905, 54.59559899707865, 22.453522935278688, 68.1509409263983, 69.49504207509516, 19.61103554127997], [80.56769611556697, 46.67921596159867, 21.837625845835127, 72.52951677287308, 18.239132095127502, 42.960689349700836, 47.100502562954716, 57.81038660384626, 81.90501587227573, 63.271746848643865, 7.609566663033978, 55.08530277216171, 36.30257119032328, 41.87573403503848, 96.87391701331988, 48.12740875612231, 36.37558381150136, 21.814013388144495, 43.202912661352045, 79.53948228601567, 39.52377904745847, 70.5809815128338, 11.981152252592853, 71.06936424350538, 0.0, 45.805434963624094, 84.5841162767824, 13.586454198777897, 31.919964347049493, 24.170446035592743, 21.617621908490158, 55.30648745490677, 13.093725687452451, 64.79189504442614, 36.41451348085056, 39.347485088990844, 76.29918612302855, 57.058584610543726, 5.175598912323116, 56.36752481050542], [63.2537603261908, 72.69133272289386, 24.38116830477072, 87.81937513463288, 31.19623688198868, 2.9052899597853905, 4.982104696255157, 20.071942665625055, 77.73979713167179, 89.02516470903396, 45.109727637977656, 11.54665656168761, 81.75526707614928, 19.159482268764847, 73.33413320775222, 21.437550568921566, 69.43968051656557, 67.52530585205731, 24.37132960534484, 98.56107556121988, 36.079392912933194, 59.17840771725324, 34.0157619087201, 43.50268268998377, 45.805434963624094, 0.0, 108.25632027092459, 43.77700885974797, 14.827096437537651, 27.827840932265687, 42.00551223393121, 91.25683372641397, 58.74361275489102, 72.48316566493168, 18.37909723518485, 11.9025356736038, 61.106401645354794, 78.74198741585285, 47.531216685661185, 42.60858180366045], [78.88147391405023, 38.29045049416824, 91.11465758996741, 24.33687885431791, 98.86355164621088, 105.93334575944483, 105.42584604148416, 102.93330768877279, 57.23071098063028, 21.314242229155322, 77.98620300699349, 119.72134740427425, 87.3610887767697, 90.26541946176697, 94.08474533370341, 91.56310217350837, 48.59114528009295, 82.80785570621524, 120.97011967719273, 12.989683371002538, 72.75934632173268, 69.36174727824677, 90.72127106385516, 92.57657604131943, 84.5841162767824, 108.25632027092459, 0.0, 73.97344798680523, 95.82283349714388, 104.05461842972782, 106.12826265284376, 37.8353398535662, 83.64746482735201, 41.66736069040877, 89.8804052156081, 110.62864114773173, 75.08135607821843, 29.715312115175664, 79.41225457761668, 75.20234354771372], [68.09051540810852, 35.68316841024844, 20.21442900338175, 59.95914266632998, 24.931739892112024, 40.88826405030448, 43.61067176505389, 51.21886625111268, 68.36857744432173, 52.7964938790532, 6.108340481477173, 54.5692898598803, 44.30277110805158, 34.33883823365804, 84.91322757717859, 40.03891273904005, 27.800306821760998, 29.959973179534312, 48.424159767017414, 67.75470834496411, 27.60525798848045, 57.681528805542456, 16.768684929162017, 60.72529225138361, 13.586454198777897, 43.77700885974797, 73.97344798680523, 0.0, 28.95016566270688, 30.344601127014016, 33.097179237942775, 48.989245983365045, 22.766598211209164, 51.33348433054619, 29.70321760780934, 40.814952748542076, 63.67005203696253, 45.298336547580774, 9.705524581936448, 44.42076068520758], [61.6087659120198, 59.161806790945256, 10.083338934219984, 76.78694485941865, 20.553118184295634, 11.939280914793045, 15.232646232241725, 26.99065926982844, 71.83379410823186, 75.90373421489579, 30.4669914185802, 25.8233964806136, 68.20077243066616, 14.66029754784584, 74.69672389005201, 20.503565413232145, 54.9832111589721, 53.73049418780322, 27.465070363397786, 86.93540899803887, 26.32302833284331, 54.965747842853524, 20.724723034626944, 45.578005054801324, 31.919964347049493, 14.827096437537651, 95.82283349714388, 28.95016566270688, 0.0, 19.800108081607508, 33.23278888380318, 76.76781511950495, 45.00669882931958, 62.80758243292872, 9.712033722543593, 15.070219746678626, 58.492037715867646, 66.11599575048697, 33.09679186917127, 38.012729480326286], [80.85401606875057, 65.83262311992344, 15.365528284761137, 88.2172448321162, 5.948362862726303, 25.584006192091696, 31.157715044262076, 45.53879699067179, 88.90682568752008, 83.00724417402418, 27.764481552535436, 34.07572282482243, 56.768133577862045, 34.39556089029229, 94.43494292296205, 40.301392374618146, 57.9130642222445, 43.619014751834236, 19.042822133033756, 97.04415384558614, 42.53985004770092, 73.35840116415339, 13.76667044441505, 65.37424238810766, 24.170446035592743, 27.827840932265687, 104.05461842972782, 30.344601127014016, 19.800108081607508, 0.0, 14.224058087493901, 78.37718174997197, 35.168778594405566, 76.63589277058355, 29.085507563546688, 17.696744817535787, 77.47053600396382, 74.87362243852351, 28.1749180988559, 56.699681041878264], [92.61775031052272, 68.06118065525826, 26.227723752956887, 93.05467511691643, 13.00646326094979, 39.80391998835113, 45.37830652978003, 59.6122207317636, 98.28200988626391, 84.8147370625464, 28.256179704833787, 47.43641595511797, 46.28743259055429, 47.41589071194297, 107.0832220584614, 53.57139971368637, 57.99116064419382, 35.000409079413295, 28.196634994754127, 100.67493176025974, 52.58348252469552, 84.20668346615481, 18.19796112868697, 78.56814089322081, 21.617621908490158, 42.00551223393121, 106.12826265284376, 33.097179237942775, 33.23278888380318, 14.224058087493901, 0.0, 76.4007290560984, 27.823623144815578, 83.59712633639123, 41.841141557337615, 31.34798151027988, 88.91633002123518, 78.17262044164818, 26.75837970840078, 68.10811949273891], [87.0193723625117, 23.72580189302776, 69.04092384169496, 42.46914111801364, 72.54100726929079, 88.48054204576383, 89.99988736691799, 93.09820176102211, 72.70097489982432, 22.415163942585036, 50.613704080044805, 102.56374242487263, 49.886983183382874, 77.03569120682648, 104.83427655897776, 80.79601008657943, 21.818453498545672, 47.39442373092415, 97.08694378762732, 40.706268588033645, 61.77310061392411, 75.3109453391132, 64.65669028405863, 91.99882722674448, 55.30648745490677, 91.25683372641397, 37.8353398535662, 48.989245983365045, 76.76781511950495, 78.37718174997197, 76.4007290560984, 0.0, 50.34120159216255, 50.41254964304225, 74.32799416496005, 89.71744826754765, 82.2883852116526, 28.586126046784713, 50.555748640574706, 72.3917065869505], [90.78402230244346, 47.68302212318124, 34.926778410086996, 75.24943787460026, 29.559852006901338, 55.923524110467746, 60.168209176422536, 70.80108116983043, 89.46880281171246, 62.729354208658634, 17.25117565987235, 67.66705605238103, 23.210275261675687, 54.641868468942704, 107.67946068437858, 60.81033371246497, 35.366461408387856, 8.782984868022016, 53.69897064715394, 80.5709273861965, 50.34026416440015, 80.1756313347686, 24.73725811853784, 83.02448909663464, 13.093725687452451, 58.74361275489102, 83.64746482735201, 22.766598211209164, 45.00669882931958, 35.168778594405566, 27.823623144815578, 50.34120159216255, 0.0, 70.38106881011466, 49.28725213115154, 51.61675667952135, 86.31171538569826, 58.69768290908344, 13.529532036793682, 67.18161727186174], [38.71239511131767, 28.976174271834743, 61.56395392543142, 17.517141691593327, 72.84332211451668, 70.66270864457265, 68.76705555845874, 63.338364135107035, 22.48771581342404, 31.509564313946587, 57.18234292095594, 83.36420380122634, 84.77768768235582, 53.40173787439322, 55.64489934717062, 53.08343765452115, 40.72286785359425, 74.03094676745913, 90.0883772640274, 29.294391781948875, 36.723774427002205, 28.122680139903327, 65.62455097798427, 50.926593960255325, 64.79189504442614, 72.48316566493168, 41.66736069040877, 51.33348433054619, 62.80758243292872, 76.63589277058355, 83.59712633639123, 50.41254964304225, 70.38106881011466, 0.0, 54.720192915128095, 77.77922472114435, 34.41685634290621, 21.9324297347491, 60.207288883409795, 34.32010215583683], [51.94340412140862, 54.6954702156661, 16.157803523593344, 69.60356633497537, 28.863361396145503, 16.16832530819834, 15.912566861913971, 21.67363722728428, 62.42874708278819, 70.78744683067299, 32.97995285940984, 29.854186994056708, 72.34438182753502, 5.704557391248445, 65.39860282120881, 12.059652111314396, 52.60189951118387, 57.70845208345498, 36.59614172677173, 80.23228834484131, 18.0145360703495, 45.29021301656957, 26.881780093446913, 36.763869838886905, 36.41451348085056, 18.37909723518485, 89.8804052156081, 29.70321760780934, 9.712033722543593, 29.085507563546688, 41.841141557337615, 74.32799416496005, 49.28725213115154, 54.720192915128095, 0.0, 23.4711784024564, 48.7847587411902, 60.39825207743237, 36.25430845104344, 28.318290457175213], [73.27204822805018, 73.50585968756826, 20.678803156264024, 91.85330983185791, 22.347350073202715, 10.84523757713139, 16.48920492602606, 31.80676694177042, 85.73466040338995, 90.4448529970912, 40.532212574699294, 16.400479334130583, 73.96895344878335, 26.717156116447725, 84.42851078534872, 30.870648091392592, 68.18069777991079, 60.3097478236574, 13.521002875296782, 101.94411110806259, 41.139277451631905, 67.9988610600626, 27.424232608701463, 54.59559899707865, 39.347485088990844, 11.9025356736038, 110.62864114773173, 40.814952748542076, 15.070219746678626, 17.696744817535787, 31.34798151027988, 89.71744826754765, 51.61675667952135, 77.77922472114435, 23.4711784024564, 0.0, 70.70041155643267, 80.91445994785535, 42.17255296781121, 51.048169933545275], [4.828867070973128, 58.82638394800873, 62.82164432050247, 50.82636497012557, 76.0925586539053, 60.59656664641542, 56.246381944514276, 44.24433461292508, 21.620429809893096, 65.60911112550363, 69.59014524699788, 69.19561797988835, 105.93720098121744, 44.2588980505616, 22.882047982254516, 39.911046970228284, 67.14093145809542, 92.61989094743109, 84.2213608685779, 62.18676127616907, 36.960973619489764, 7.028529106170545, 71.46913188187064, 22.453522935278688, 76.29918612302855, 61.106401645354794, 75.08135607821843, 63.67005203696253, 58.492037715867646, 77.47053600396382, 88.91633002123518, 82.2883852116526, 86.31171538569826, 34.41685634290621, 48.7847587411902, 70.70041155643267, 0.0, 55.13946984696672, 73.31905602836376, 20.828182547391005], [59.712957803839906, 11.07812958302711, 61.52525711447705, 16.99544548220971, 69.90374753763173, 76.35965469635534, 76.10034888570436, 74.85859270155393, 44.11613676570273, 11.31102057121812, 49.94144330596458, 90.2498665667301, 68.36089834808139, 61.15482461068997, 77.16038025487792, 63.03900117239149, 24.070708908196018, 60.06438257268046, 91.3895776690709, 22.50440836684433, 43.77837354694892, 48.35746921271318, 61.846426149484074, 68.1509409263983, 57.058584610543726, 78.74198741585285, 29.715312115175664, 45.298336547580774, 66.11599575048697, 74.87362243852351, 78.17262044164818, 28.586126046784713, 58.69768290908344, 21.9324297347491, 60.39825207743237, 80.91445994785535, 55.13946984696672, 0.0, 51.927028525139576, 49.18208950756762], [77.70633106859303, 41.510735185734355, 23.162164597628028, 67.50553991684126, 22.24010309904182, 44.63939643033161, 48.31384867200334, 57.903683934950365, 77.8953412798284, 58.09920958726837, 3.7651779172472284, 57.408976991579564, 36.15217980251855, 41.44892667122508, 94.38587906245621, 47.52258188424117, 31.264638357080695, 21.52878067103811, 47.179885766221986, 74.39687494863043, 36.968764745775054, 67.37441001811186, 14.942894622334862, 69.49504207509516, 5.175598912323116, 47.531216685661185, 79.41225457761668, 9.705524581936448, 33.09679186917127, 28.1749180988559, 26.75837970840078, 50.555748640574706, 13.529532036793682, 60.207288883409795, 36.25430845104344, 42.17255296781121, 73.31905602836376, 51.927028525139576, 0.0, 53.84623057578794], [24.574441282495812, 48.88647080765967, 41.9936042504002, 51.654286148885, 55.266412231870525, 41.59714190822038, 38.07046288321493, 29.532630646685213, 35.13899516190506, 60.485883435788494, 50.08168062615607, 52.14211938316799, 88.05456693912716, 24.331066537023858, 40.54626246296717, 21.266224740189063, 53.78670686775967, 74.1354423942559, 64.49481889784786, 63.37028331785321, 16.884490023453754, 16.99705104340148, 50.79719588265614, 19.61103554127997, 56.36752481050542, 42.60858180366045, 75.20234354771372, 44.42076068520758, 38.012729480326286, 56.699681041878264, 68.10811949273891, 72.3917065869505, 67.18161727186174, 34.32010215583683, 28.318290457175213, 51.048169933545275, 20.828182547391005, 49.18208950756762, 53.84623057578794, 0.0]]",Route_2,2097.227233372085
