instance_id,num_cities,city_coordinates,distance_matrix,best_route,total_distance
2319,68,"[[62.546990573790474, 51.41657365436452], [91.23200161813688, 26.560607275437498], [81.98115547142486, 13.424229987443926], [15.643512163112128, 18.095471017415733], [9.553010140816054, 10.974116502211972], [96.47719027007203, 94.55141171724594], [53.75633726166821, 90.33172013027996], [42.75003704046566, 1.0031977109314028], [51.09079348036985, 46.3446997682894], [21.905264945200365, 59.37788741404317], [71.51660482355024, 61.41344842372528], [50.36389879437068, 7.1762552683721115], [44.7043188661908, 50.499337890941156], [46.15046325216391, 6.827431871927403], [59.76336545028818, 98.14775447010686], [45.13279829526755, 18.790617349917326], [82.89413065482259, 78.06298138503489], [90.9852277706104, 31.982036635414868], [56.28268624902163, 2.78357267944922], [9.03099659313461, 59.40009763982261], [91.08917518847348, 32.81335119115997], [84.51383249150311, 43.00093408607839], [7.058647928174744, 93.60562567042335], [33.2195395997139, 12.277240933969368], [91.85783381539663, 64.32516240328606], [38.08050889564741, 97.25447501148462], [37.65750881400197, 38.78945255587123], [27.88475439893705, 94.08349766903514], [80.84161118898949, 42.84525171954466], [59.44492046333218, 9.847908657927052], [86.93607660951109, 69.59846281852712], [80.72622369033095, 87.66167578586725], [47.51514658368284, 45.73937486373036], [91.04553559011431, 74.29358449696612], [67.83875360369869, 19.260579583774163], [98.41938925621649, 71.97922745089357], [14.699618875991538, 27.772863568628146], [74.89921140364503, 23.21565705939569], [30.31851750982146, 88.05657283359139], [97.49270150260311, 69.92431674838416], [67.60483236748036, 19.243347320130066], [35.214568800663095, 18.34430239019792], [63.74347769877788, 82.1246549707253], [79.77612829104265, 58.828112237786065], [39.95102973500809, 18.207708360981755], [6.0721093781366475, 5.639425350379213], [80.58268001995687, 21.106545641262997], [45.11599772778363, 47.1286742713252], [61.65079708782931, 83.86693649595699], [77.54228597742274, 35.046387556281346], [20.56432970009794, 87.7322110601015], [25.00903119168887, 25.706555172625034], [2.1055149036700804, 74.3013377910868], [36.717655077808864, 91.11673062810209], [63.963186852689006, 63.49714722987216], [55.92309179017468, 33.57694233209869], [51.956366240375615, 66.27480894160344], [36.344259987130535, 63.27985958117852], [30.266879500402055, 2.080929094919559], [29.655150018558697, 10.225867576857206], [69.69483753760831, 91.51439896259018], [77.39770962759313, 88.03106969431165], [44.95943253054264, 97.41435197451213], [5.247100032366536, 33.27548364160254], [39.466402628578955, 68.95829964071989], [51.93996435519552, 49.260489541677956], [30.455190949667077, 85.400669128932], [3.1269410019148514, 29.31305585369731]]","[[0.0, 37.955881273455184, 42.67440617716719, 57.53461712710918, 66.6629905017332, 54.88053121226642, 39.89566656788529, 54.161128526042944, 12.528701311770105, 41.41415674439897, 13.430989723165421, 45.887182264764796, 17.86623225839406, 47.50829057231091, 46.814013171931734, 36.98252448783161, 33.52666333571346, 34.44465944095712, 49.0347865550512, 54.10820886856244, 34.069578638341355, 23.523714272645808, 69.70561153573631, 48.907941547714515, 32.02744440355479, 51.95884839497487, 27.909326210191082, 54.97214768876139, 20.202987481171906, 41.684250605669334, 30.420529437136295, 40.54863678631608, 16.068195911530108, 36.54483127803366, 32.58850580546069, 41.34793487451134, 53.37036635630003, 30.787482135210098, 48.797172212011645, 39.544143267421624, 32.56836281368582, 42.90496948553567, 30.731381999065498, 18.75564156870108, 40.167227690019004, 72.69772701335496, 35.27015582547881, 17.950643239633802, 32.462735733688326, 22.200042277618987, 55.5100831761261, 45.49838947593305, 64.62882027992748, 47.36303448791451, 12.163300120182004, 19.02967369163105, 18.246327839389238, 28.76318207671793, 58.95770852913285, 52.71192884228757, 40.729931385495135, 39.51158281661571, 49.24548515665221, 60.10304986363251, 28.990096420622997, 10.823941237042085, 46.74186932868009, 63.398010933219105], [37.955881273455184, 0.0, 16.0668155738046, 76.06101675601808, 83.15284927996208, 68.19282581502712, 73.96742697771602, 54.805858016807605, 44.75183690671538, 76.70182718432724, 40.0426948003725, 45.232233320362894, 52.32483240056668, 49.2112112526037, 78.19843160662299, 46.749430910396455, 52.17293006076817, 5.427042807740479, 42.2705810103043, 88.5180058209232, 6.254374937962606, 17.760015260543355, 107.6112817645039, 59.744960486082455, 37.769740400794916, 88.44605199843899, 54.95244249451601, 92.5862541490702, 19.31708720126065, 35.91285039400069, 43.25172807446642, 61.99767691603133, 47.73875302423831, 47.7333414293466, 24.505804556554914, 45.98379714314995, 76.54198307798542, 16.67179438867931, 86.55753188569811, 43.81332745064542, 24.734296433347662, 56.61678589806561, 61.991792549896395, 34.24074926431398, 51.9567993390024, 87.6920925709373, 11.96473312743905, 50.49486305320969, 64.4907980272725, 16.10642049924103, 93.46595617605112, 66.22847738772593, 101.1074081570281, 84.4944201769763, 45.91183118236361, 35.99927875480977, 55.855110315062035, 66.03762314957115, 65.6962765965625, 63.70661169719238, 68.43131221282867, 63.00797873975837, 84.62507777159102, 86.24669770679625, 66.91219288477134, 45.37784533418869, 84.59298785333263, 88.14804410401923], [42.67440617716719, 16.0668155738046, 0.0, 66.50190532955442, 72.46957494095233, 82.41210251112341, 81.92314937210503, 41.15048840728518, 45.143900967129284, 75.63630909424487, 49.11692077468883, 32.228684550767625, 52.57495766378971, 36.43290065707491, 87.58827429620764, 37.23707211779382, 64.64519863009988, 20.62681520624148, 27.81429323784782, 86.22938064695136, 21.421812346730547, 29.684943628482994, 109.7380442245937, 48.77510396000284, 51.850300827598, 94.62968218567586, 51.06838717795901, 97.12022483461438, 29.44308205559287, 22.818237499682994, 56.39233704720349, 74.24805191012786, 47.245892488398326, 61.54056633913912, 15.299362967092735, 60.818609470359156, 68.7945379538937, 12.08412081553771, 90.76901872256086, 58.59068069472427, 15.509377567155193, 47.024682256047335, 71.0799640083081, 45.457393988977834, 42.30145546868461, 76.30718486505855, 7.808566282825044, 49.95026946823018, 73.31779028482748, 22.073089052427978, 96.40385126601511, 58.28102999175818, 100.42977750968836, 89.91612271267898, 53.21601482930507, 32.94168328520098, 60.78381087229378, 67.58927453103834, 52.94371364331605, 52.42366229826788, 79.0507944231917, 74.74749833171404, 91.78751854644531, 79.26025192848066, 69.93952460192435, 46.76227820070624, 88.51854501394483, 80.43905722353789], [57.53461712710918, 76.06101675601808, 66.50190532955442, 0.0, 9.370587228920371, 111.2636256132055, 81.67412762245401, 32.04542865542826, 45.32690898135451, 41.75460994247849, 70.69830019183945, 36.39690262094069, 43.526326224376675, 32.52142018630268, 91.4053036758368, 29.49747828218074, 90.1040952854425, 76.6107747992679, 43.42806351999914, 41.83058142770237, 76.86783505566596, 73.23525867230691, 75.99660090855008, 18.514009337690702, 89.13925729189522, 82.27737681591952, 30.21352214587578, 76.96770885172148, 69.73767820476664, 44.57113027460983, 87.9499170540217, 95.26392908977306, 42.189886234769546, 94.04091181792427, 52.208243669103894, 98.76894773113199, 9.72331533622832, 59.4765012218185, 71.48364532716029, 96.87888854304826, 51.97399751209463, 19.572638426188444, 80.08335084309965, 75.97460438988746, 24.30777669243573, 15.708749948087391, 65.00893855716946, 41.370935408117006, 80.2655339316886, 64.17781369930556, 69.81038611127218, 12.068204037565454, 57.81329284495324, 76.00147271415415, 66.30311580165194, 43.152294133686844, 60.331351501932254, 49.700602917416404, 21.68659552047544, 16.070365699131862, 91.16953852772521, 93.29827901294834, 84.56304194667761, 18.398863238330378, 56.165447079972914, 47.84026360033777, 68.91571316692975, 16.80769952112691], [66.6629905017332, 83.15284927996208, 72.46957494095233, 9.370587228920371, 0.0, 120.58597499960051, 90.83811635069615, 34.6621092335474, 54.55699410108872, 49.95501213329321, 79.8975172999434, 40.987222187461505, 52.89477886270687, 36.83162455907074, 100.59981578939914, 36.42827213330088, 99.39736289014765, 84.09838747817474, 47.44204503697534, 48.4287946090359, 84.410297846162, 81.51589987261086, 82.66914872105588, 23.70237857080007, 98.0837300414412, 90.87419022855455, 39.541822990968754, 85.10712123833972, 78.08862848998655, 49.90461962322245, 97.08219691124489, 104.62603918647113, 51.47569321776987, 103.20071090473756, 58.87183844099876, 107.79080155070298, 17.569447472086612, 66.48294017787815, 79.8305165357912, 105.87027640405103, 58.63782262461867, 26.698974378732938, 89.43716173107188, 84.97818090898997, 31.24683098216751, 6.3698979430650855, 71.74872907165405, 50.71368783268434, 89.59655468497044, 72.12500164635544, 77.54388588789277, 21.352595530813247, 63.76364278707289, 84.62125343838989, 75.6249699942815, 51.585581393102274, 69.68652088303895, 58.76786390001344, 22.542252906646667, 20.1160608499434, 100.5175432520267, 102.66780061782043, 93.41054038461843, 22.713252478408666, 65.24550976402112, 57.11830046569181, 77.30596935854193, 19.432217092122965], [54.88053121226642, 68.19282581502712, 82.41210251112341, 111.2636256132055, 120.58597499960051, 0.0, 42.928744203094936, 107.87898469085081, 66.21036241013907, 82.45088755475123, 41.48681039891881, 98.79703242095972, 67.97805102973334, 101.13494001697384, 36.88954613564434, 91.52018657340585, 21.362767688939506, 62.80993830777384, 100.18450197093962, 94.24675946659443, 61.9727264531922, 52.920446647203875, 89.42354402390929, 103.78135452194108, 30.57719087236451, 58.4592075443957, 81.05029929684636, 68.59403182706406, 54.01849974692624, 92.44496977964361, 26.714836863170532, 17.191899528564345, 69.13679674194377, 20.973374460229728, 80.55351921576428, 22.655587378303522, 105.57909677559853, 74.52784086879866, 66.47670955697606, 24.64802364630345, 80.6530694648102, 97.77848588155133, 35.01314355977333, 39.434497548803115, 94.99246215876859, 126.80070966197025, 75.14508506223201, 69.90628102131278, 36.428500831608474, 62.4450038111038, 76.21852725891996, 99.23362350888188, 96.51983529553118, 59.85815801191565, 44.9614030150012, 73.2292347380298, 52.74153995490335, 67.77816224575497, 113.73036273846243, 107.59173972916098, 26.953995332010592, 20.16287285291384, 51.59724594806893, 109.89844733348743, 62.4918978209579, 63.52032842882744, 66.65313559151687, 113.8872781051777], [39.89566656788529, 73.96742697771602, 81.92314937210503, 81.67412762245401, 90.83811635069615, 42.928744203094936, 0.0, 90.00401970014062, 44.0677102193453, 44.4143058882342, 33.93661064932325, 83.22463562644411, 40.84798295990703, 83.84995812153092, 9.857726941857754, 72.05896759831799, 31.615391097078472, 69.21470835362767, 87.5845908894841, 54.37942044384578, 68.57188602543927, 56.4466723587432, 46.8123129803821, 80.71097682976793, 46.13095581538762, 17.136397815940928, 53.99794092462539, 26.142200261712333, 54.6678767270304, 80.68459510934848, 39.12496724530445, 27.10173261575904, 45.026988767295336, 40.59194632646677, 72.45289137509606, 48.28666690728046, 73.7498324429241, 70.36751416043052, 23.5479869615576, 48.26315022672206, 72.42470272973553, 74.33697256780506, 12.926673688297665, 40.85959906137502, 73.43336836618299, 97.19346883373477, 74.24134595237368, 44.05858189674013, 10.203721055844369, 60.185042611317776, 33.293645240094655, 70.73061255273548, 54.0812408160001, 17.056756199355632, 28.71017382951594, 56.796123354571776, 24.124155355522042, 32.17116090821875, 91.323363627744, 83.65294280441144, 15.982318989012118, 23.753052009643724, 11.293768489278985, 74.89032126263415, 25.710412972986454, 41.11137546467504, 23.817193021663545, 79.28816529423185], [54.161128526042944, 54.805858016807605, 41.15048840728518, 32.04542865542826, 34.6621092335474, 107.87898469085081, 90.00401970014062, 0.0, 46.102277891739824, 61.98474749192848, 66.90974378370771, 9.801914630063525, 49.53470611776692, 6.744227308099666, 98.62311215692363, 17.946304594839773, 86.88934636661665, 57.32645188638951, 13.649261138624142, 67.43271913539957, 57.866727411595356, 59.228578162171345, 99.2425559966986, 14.762602482729942, 80.13268319847857, 96.36447932243104, 38.12787561540858, 94.259847593252, 56.583791891072465, 18.893068682429753, 81.59483125773707, 94.61438883557587, 44.98924110501833, 87.7720683099452, 31.02862696996196, 90.20351198134868, 38.77423073814095, 39.076370897785374, 87.9365270981709, 88.01636189816583, 30.829594686173568, 18.907596174298636, 83.79388628430266, 68.66332480541632, 17.43070935457593, 36.9697847481943, 42.84219267056266, 46.1861165059087, 84.9919874800029, 48.67688733821964, 89.5216586458996, 30.413798815776808, 83.81285413907909, 90.31521713951305, 65.99614724687909, 35.13656514350622, 65.91767388178307, 62.60524413623931, 12.52959405192682, 16.016669615508818, 94.43675039860857, 93.6712961245888, 96.43646662371829, 49.47697164767105, 68.03438934273511, 49.12454558454313, 85.28831351450592, 48.69741068828763], [12.528701311770105, 44.75183690671538, 45.143900967129284, 45.32690898135451, 54.55699410108872, 66.21036241013907, 44.0677102193453, 46.102277891739824, 0.0, 31.963401822813243, 25.382690067601136, 39.175188837166246, 7.618928791355426, 39.82488323594393, 52.52399433604517, 28.190870233892095, 44.9166076652178, 42.401084651300536, 43.86943746814249, 44.03941334508802, 42.22520495607975, 33.58988397832401, 64.59431057807406, 38.470423271585545, 44.55612880677822, 52.54591059528913, 15.412167185974427, 53.08025126972584, 29.95592246914422, 37.440715791780526, 42.727295943049086, 50.84634923931686, 3.626522986259265, 48.759835670693626, 31.844053361057522, 53.82494763233578, 40.85621970904059, 33.193273123317624, 46.597937761369735, 52.04935547181894, 31.736363762793463, 32.18814631835083, 37.95122675512705, 31.283925905870284, 30.261933542941048, 60.69267899618568, 38.81669480266724, 6.0260103141740915, 38.97989129328972, 28.763402339807712, 51.427532332964674, 33.259454842718206, 56.40151706093199, 47.02256750594541, 21.445394961484926, 13.651620303258728, 19.948896407146943, 22.455731739476303, 48.917448703604464, 42.00067677424646, 48.85091790936262, 49.293075322870756, 51.436397264598696, 47.67020703878423, 25.426391050748585, 3.036926271289685, 44.172353735165615, 50.89801606161536], [41.41415674439897, 76.70182718432724, 75.63630909424487, 41.75460994247849, 49.95501213329321, 82.45088755475123, 44.4143058882342, 61.98474749192848, 31.963401822813243, 0.0, 49.65308201057903, 59.45506066966125, 24.466824504344746, 57.873828442810606, 54.187990970308014, 46.76371239312346, 63.78694597839847, 74.31402225586301, 66.21724515395293, 12.874287510193762, 74.10862312366993, 64.71504717224805, 37.308981532568076, 48.44051723298024, 70.12729441065541, 41.185851998995105, 25.92328753864732, 35.216951561694714, 61.21128124434909, 62.148568221651885, 65.8290712931437, 65.2677399053965, 29.015083355422608, 70.73086344956822, 60.985930901224734, 77.54485791982573, 32.41602794211464, 64.15656837349616, 29.88728519135706, 76.31964188217627, 60.82131017277935, 43.13806519799158, 47.62196426746111, 57.87347472838987, 44.95145459393056, 56.02241622938706, 70.0552256505124, 26.244644004448222, 46.68426769520043, 60.7247889635544, 28.38601375249756, 33.81407960931077, 24.79394024480905, 35.02514910756572, 42.259165829518174, 42.695448356659405, 30.83238906750834, 14.956937006418892, 57.903868874136116, 49.759238064156335, 57.589917720682, 62.45331273531223, 44.47771666028797, 30.96497926630488, 20.00444588504356, 31.692978849526018, 27.39135635310176, 35.44741946702099], [13.430989723165421, 40.0426948003725, 49.11692077468883, 70.69830019183945, 79.8975172999434, 41.48681039891881, 33.93661064932325, 66.90974378370771, 25.382690067601136, 49.65308201057903, 0.0, 58.216063880410005, 28.948514417514474, 60.19197904382913, 38.56874222053948, 50.12794605475294, 20.165689719694804, 35.287891397870375, 60.57668367387421, 62.518035936072295, 34.65618375415939, 22.53771530760498, 72.0497361758453, 62.29793007183401, 20.54856868975311, 49.015831093274265, 40.722028088155, 54.50752690378449, 20.778201860618893, 52.95970595302481, 17.457221164926455, 27.8170185197131, 28.666122507312185, 23.393953110803075, 42.313011486225896, 28.903209106973904, 66.02922717674404, 38.34727229397878, 49.062597532430175, 27.3348217173477, 42.351143914131875, 56.32751689418149, 22.12183495848318, 8.654691854964256, 53.50814428701254, 85.9867642948082, 41.31392176230386, 30.017442056413127, 24.52536011739813, 27.046824807278714, 57.34816132157934, 58.63392047926247, 70.59742981306783, 45.75206964848128, 7.835555102050357, 31.906562336159276, 20.155291104707413, 35.221830331495916, 72.2626299627842, 66.12525864860571, 30.156028574520874, 27.25958832815545, 44.73643321358497, 71.99577992735892, 32.92628495025102, 23.042119295237505, 47.554457903361936, 75.54853619221362], [45.887182264764796, 45.232233320362894, 32.228684550767625, 36.39690262094069, 40.987222187461505, 98.79703242095972, 83.22463562644411, 9.801914630063525, 39.175188837166246, 59.45506066966125, 58.216063880410005, 0.0, 43.69119285262649, 4.227850142831278, 91.45580156789907, 12.738046121480025, 77.99451214305736, 47.59641958199606, 7.3707330205590695, 66.60134019984173, 48.122851377804835, 49.49369236488983, 96.67150987069112, 17.887121259611373, 70.62396356934481, 90.91186577940483, 34.07119882058094, 89.76736998730861, 46.916609645655996, 9.465869552559278, 72.34677729917814, 86.02193725420206, 38.66819858855339, 78.48395667370677, 21.24621012714766, 80.67685769300391, 41.18447687625372, 29.312863637807673, 83.32732493182337, 78.47574952946208, 21.04434605916707, 18.82093185189219, 76.13327623058758, 59.4389903376033, 15.169733002985831, 44.31844374398608, 33.27503160979561, 40.29561080058488, 77.51680243816769, 38.92825456679826, 85.89107247976006, 31.404479388951497, 82.67193187184806, 85.0424798038559, 57.93948141839104, 26.979638696643367, 59.120005064566676, 57.82875313521314, 20.732885310926157, 20.93209046157975, 86.52518520339254, 85.25448928953581, 90.39979177378414, 52.12192678910877, 62.73576674840434, 42.11373596610147, 80.71812418455917, 52.166733860197795], [17.86623225839406, 52.32483240056668, 52.57495766378971, 43.526326224376675, 52.89477886270687, 67.97805102973334, 40.84798295990703, 49.53470611776692, 7.618928791355426, 24.466824504344746, 28.948514417514474, 43.69119285262649, 0.0, 43.69584315376751, 49.97145671804783, 31.711615426683775, 47.09794228117206, 49.847898399101034, 49.10043626048576, 36.76696133901516, 49.64221007956479, 40.50954745124545, 57.23066124465908, 39.9102599664278, 49.13865479956828, 47.222004464938706, 13.666709423709692, 46.71698548098465, 36.93898931403738, 43.241461979590845, 46.34973500560741, 51.75535706548715, 5.5279291310431296, 52.09294135487051, 38.87238211375278, 57.85062179884644, 37.64006717083029, 40.69558667799311, 40.21812001079048, 56.24893905648696, 38.74752205219551, 33.5261340503232, 36.91409282983079, 36.04719543118145, 32.639593981309964, 59.2018526996898, 46.3809555239304, 3.3957109302302055, 37.42432044515869, 36.29222724005531, 44.373707545909, 31.66364526549371, 48.79747225301536, 41.39516144712356, 23.234608749289656, 20.303407038471278, 17.362536623077418, 15.27194549283038, 50.52506274889214, 42.99337035106625, 48.02875449329876, 49.774377862891264, 46.91570770481249, 43.052680210444, 19.18773137689894, 7.340933923897318, 37.69801809864029, 46.66408572586015], [47.50829057231091, 49.2112112526037, 36.43290065707491, 32.52142018630268, 36.83162455907074, 101.13494001697384, 83.84995812153092, 6.744227308099666, 39.82488323594393, 57.873828442810606, 60.19197904382913, 4.227850142831278, 43.69584315376751, 0.0, 92.32936924777111, 12.006391995319989, 80.15360633578248, 51.4092428482643, 10.909387701729312, 64.35635159790841, 51.91103768333163, 52.72826909572382, 95.17680885727465, 14.032434048240024, 73.45170345241428, 90.7864213100153, 33.071151193896284, 89.14738996908459, 50.00759034136848, 13.633263459434312, 74.85765547379904, 87.91847473094514, 38.9358660876145, 81.03856656095797, 24.99930199819741, 83.52722366259111, 37.78712374520413, 33.091757962859255, 82.75762108324739, 81.34643390879344, 24.787999325342128, 15.881816457476612, 77.32519617633642, 61.92540761124686, 12.959308195307273, 40.09595751128781, 37.27560383926613, 40.314516713662215, 78.58336733516164, 42.210851613413446, 84.85418979420737, 28.343984303033796, 80.5772018315917, 84.81546884184424, 59.40328072437737, 28.478774173070647, 59.730219738192574, 57.297802896301135, 16.577621102298615, 16.84175536917969, 87.8989189666636, 87.00816744211849, 90.59474956007061, 48.70918358073854, 62.48937026505337, 42.826191824937936, 80.12549647705815, 48.5451001921638], [46.814013171931734, 78.19843160662299, 87.58827429620764, 91.4053036758368, 100.59981578939914, 36.88954613564434, 9.857726941857754, 98.62311215692363, 52.52399433604517, 54.187990970308014, 38.56874222053948, 91.45580156789907, 49.97145671804783, 92.32936924777111, 0.0, 80.69453951284518, 30.633811529519654, 73.16219586186047, 95.4276809751957, 63.83693413452559, 72.45612884752437, 60.44631847537586, 52.90007734511062, 89.8794736619301, 46.62641562202178, 21.701249193544697, 63.34095755327345, 32.13664615214823, 59.18326836105809, 88.30042003107599, 39.41342773154243, 23.439267730972183, 53.82060124497242, 39.3394915290541, 79.29942153241147, 46.6806167786994, 83.56653950420267, 76.44549074400699, 31.12605045710673, 47.117568228639215, 79.29308968064448, 83.49391822650897, 16.510027591668624, 44.11966615691905, 82.35860379112805, 106.96046903005427, 79.80470986702696, 53.080052049032346, 14.405004692716805, 65.55816136457307, 40.559190675732154, 80.34669318283069, 62.394545579606515, 24.09439899310709, 34.9041986289482, 64.684909228865, 32.81514731532561, 42.002673661088, 100.49317201212509, 92.93418548280722, 11.9430123130775, 20.330209182801234, 14.822088554345845, 84.7374457814495, 35.55265071724848, 49.50929485336154, 31.960245262733075, 89.13977960432837], [36.98252448783161, 46.749430910396455, 37.23707211779382, 29.49747828218074, 36.42827213330088, 91.52018657340585, 72.05896759831799, 17.946304594839773, 28.190870233892095, 46.76371239312346, 50.12794605475294, 12.738046121480025, 31.711615426683775, 12.006391995319989, 80.69453951284518, 0.0, 70.27895389005359, 47.71225033004717, 19.507574950865415, 54.33663566652185, 48.04815960609442, 46.227754551030436, 83.94597307895943, 13.577547830260505, 65.2428060216189, 78.78014816507192, 21.350254387796436, 77.24320581772058, 43.055136196919634, 16.876281572177135, 65.794766045486, 77.52492903216341, 27.05385582325761, 72.03165143207526, 22.71081836856004, 75.28936857693228, 31.731044053093964, 30.09352630997316, 70.83244669116233, 73.18616452618839, 22.476594042884305, 9.928266381947608, 66.0117997725722, 52.94488936707948, 5.214451869705506, 41.215182514330664, 35.52545056920626, 28.338061901619536, 67.13994040590356, 36.25775719514213, 73.18847581697506, 21.279008398105265, 70.23380382663684, 72.81401854930927, 48.51038391036256, 18.30480374614587, 47.971966090806205, 45.34899204949793, 22.365357658547413, 17.689333929027452, 76.75963902852867, 76.38890458789925, 78.62392576059203, 42.43442325998061, 50.48667533401632, 31.22099647912704, 68.20799920386641, 43.303738395378105], [33.52666333571346, 52.17293006076817, 64.64519863009988, 90.1040952854425, 99.39736289014765, 21.362767688939506, 31.615391097078472, 86.88934636661665, 44.9166076652178, 63.78694597839847, 20.165689719694804, 77.99451214305736, 47.09794228117206, 80.15360633578248, 30.633811529519654, 70.27895389005359, 0.0, 46.785888059912274, 79.84458872350488, 76.18441968737572, 45.98573460966953, 35.09943866836063, 77.4118481355782, 82.4337833851343, 16.403525374936436, 48.75011920794122, 59.90627698550927, 57.29475035347917, 35.2774902586504, 72.13294396993172, 9.380053393418258, 9.840465172300636, 47.92168666115666, 8.980743583850993, 60.699150206147195, 16.674702893045357, 84.73244589141281, 55.426958418396936, 53.51697831168607, 16.713950247189814, 60.77427081955519, 76.41767622411064, 19.576636609988938, 19.48594698371937, 73.66657060969592, 105.57838046560715, 57.0033189969833, 48.827437819921855, 22.021923530158354, 43.34823625107451, 63.07533661871954, 78.05049715147496, 80.87614232587542, 47.986115346164695, 23.886066186696482, 52.02350053637022, 33.10749577542672, 48.840875805481936, 92.42780877143133, 86.2337698875106, 18.845741525339452, 11.383032489196816, 42.58540671957394, 89.63805731162734, 44.37186936772723, 42.281721200675015, 52.94982586211094, 93.48454302414869], [34.44465944095712, 5.427042807740479, 20.62681520624148, 76.6107747992679, 84.09838747817474, 62.80993830777384, 69.21470835362767, 57.32645188638951, 42.401084651300536, 74.31402225586301, 35.287891397870375, 47.59641958199606, 49.847898399101034, 51.4092428482643, 73.16219586186047, 47.71225033004717, 46.785888059912274, 0.0, 45.35214091358221, 86.41901455774978, 0.837788133285542, 12.778695468892396, 104.12078337010504, 61.034037253756665, 32.35489492713167, 84.02023857855134, 53.76045498904465, 88.53395508074578, 14.862785718666593, 38.53194267567308, 37.8337302405534, 56.61686480761522, 45.59509089284003, 42.31159084073104, 26.41201877699336, 40.68220778330354, 76.40164436927333, 18.31964337614474, 82.61236798268841, 38.49628338610884, 26.62549707851584, 57.41388505653773, 57.06483260727921, 29.09219287697433, 52.86039622012799, 88.90540391027281, 15.049561590574829, 48.30535059799625, 59.603285622701804, 13.787781932611447, 89.81750850163061, 66.27397817100099, 98.44047241665498, 80.26133240594288, 41.513767489240145, 35.0983917536385, 51.95427090038252, 62.969747351086404, 67.68156358130756, 65.07464428775042, 63.22485967186952, 57.67247832479655, 79.99851072436103, 85.74788366611294, 63.41477248916611, 42.69751198855838, 80.73063640912412, 87.89881689956651], [49.0347865550512, 42.2705810103043, 27.81429323784782, 43.42806351999914, 47.44204503697534, 100.18450197093962, 87.5845908894841, 13.649261138624142, 43.86943746814249, 66.21724515395293, 60.57668367387421, 7.3707330205590695, 49.10043626048576, 10.909387701729312, 95.4276809751957, 19.507574950865415, 79.84458872350488, 45.35214091358221, 0.0, 73.74383414174261, 45.970417332830344, 49.136888146033435, 103.3036846298694, 24.940699073890414, 71.08416413032101, 96.20847492727789, 40.53789116568962, 95.61442797227866, 46.99020027323355, 7.7398041346646895, 73.51095078210864, 88.32767918149112, 43.84142667704122, 79.51187008524522, 20.125467677323794, 81.0156798377046, 48.51408198960339, 27.64136539576108, 89.13822195672286, 78.77908904862153, 19.977867102114036, 26.191637633962614, 79.6910957899802, 60.769500847775475, 22.46390362368139, 50.29172818849148, 30.433879730110817, 45.72945405014311, 81.26086697653358, 38.637543974592546, 92.15243977932906, 38.77505160573587, 89.72155048563832, 90.47395889377331, 61.197452759185154, 30.79546919174226, 63.63846420926497, 63.697265017402536, 26.02529363500824, 27.648027760485938, 89.73876160877681, 87.82357291511545, 95.30582597493164, 59.45071651882356, 68.27797509594065, 46.679364118051545, 86.56006087787439, 59.408305229723794], [54.10820886856244, 88.5180058209232, 86.22938064695136, 41.83058142770237, 48.4287946090359, 94.24675946659443, 54.37942044384578, 67.43271913539957, 44.03941334508802, 12.874287510193762, 62.518035936072295, 66.60134019984173, 36.76696133901516, 64.35635159790841, 63.83693413452559, 54.33663566652185, 76.18441968737572, 86.41901455774978, 73.74383414174261, 0.0, 86.25775188996062, 77.24371223939514, 34.262345324107365, 52.968379594825386, 82.97313557512092, 47.716119406444186, 35.274295070321074, 39.47660599628894, 73.69414693229407, 70.6893425693546, 78.5697660978842, 77.06440415537868, 40.83681117888931, 83.35586696598513, 71.2006544519458, 90.2691489363508, 32.13121867560933, 75.15274753754508, 35.69806881764706, 89.08553431020603, 71.01731361828715, 48.69453539285454, 59.244080671581486, 70.7474439556264, 51.505935424901445, 53.842036538043445, 81.15441778411437, 38.114500368974085, 58.029902702947204, 72.71107183868801, 30.58964568960752, 37.29011120419787, 16.43195833358752, 42.101019775775065, 55.08476506308444, 53.53227009958665, 43.47239370951538, 27.58744116353294, 61.126506570637396, 53.32410905773188, 68.63985684415371, 74.11976802392822, 52.30617594061808, 26.397222007980094, 31.900990047838935, 44.09071519934263, 33.690144279696476, 30.660853801945294], [34.069578638341355, 6.254374937962606, 21.421812346730547, 76.86783505566596, 84.410297846162, 61.9727264531922, 68.57188602543927, 57.866727411595356, 42.22520495607975, 74.10862312366993, 34.65618375415939, 48.122851377804835, 49.64221007956479, 51.91103768333163, 72.45612884752437, 48.04815960609442, 45.98573460966953, 0.837788133285542, 45.970417332830344, 86.25775188996062, 0.0, 12.125261928034211, 103.71513943492486, 61.40542767273361, 31.521184653394915, 83.44205858780455, 53.7648282715953, 88.02743695440113, 14.34055773444413, 39.09949370333138, 37.01881501675117, 55.81871975062869, 45.45083120070482, 41.480256261487284, 26.912073909524775, 39.84592703742381, 76.55567143648305, 18.821016444415516, 82.12725718134456, 37.65938015747512, 27.12304117892567, 57.71763172720587, 56.386096261742736, 28.368165651245832, 53.18303040352739, 89.25426446170175, 15.73009017485791, 48.150405197896234, 58.93289979010597, 13.729699876706606, 89.38587696310687, 66.46120658162063, 98.18016515466351, 79.72167994286404, 40.95503122375083, 35.17437267396003, 51.48830829375773, 62.65152730685263, 68.14567793094935, 65.45482308129874, 62.478241756494384, 56.88982919554314, 79.38036570775918, 85.8433190965288, 63.01879041358968, 42.46373828090889, 80.26148548687685, 88.0318505459271], [23.523714272645808, 17.760015260543355, 29.684943628482994, 73.23525867230691, 81.51589987261086, 52.920446647203875, 56.4466723587432, 59.228578162171345, 33.58988397832401, 64.71504717224805, 22.53771530760498, 49.49369236488983, 40.50954745124545, 52.72826909572382, 60.44631847537586, 46.227754551030436, 35.09943866836063, 12.778695468892396, 49.136888146033435, 77.24371223939514, 12.125261928034211, 0.0, 92.52102694029035, 59.79172019747891, 22.553426985044894, 71.41078520155186, 47.04520852594905, 76.26454476243049, 3.6755198671595246, 41.56408840953717, 26.707598193036013, 44.8210645746615, 37.09988971409815, 31.967062972791844, 29.011423401990758, 32.141966263344216, 71.45571043966129, 21.997684552826545, 70.477959312895, 29.88845219793489, 29.160542075478713, 55.121383210558804, 44.295295168623056, 16.521059570649623, 50.9955628596241, 86.88490237090548, 22.244509550156636, 39.61347779615221, 46.826792980449184, 10.577205268533477, 78.04118173755897, 61.96706318466669, 88.15240257504983, 67.8203837517509, 29.024537712217462, 30.103854810134788, 40.02076785225324, 52.264161090462636, 67.94982499826759, 63.90367772946413, 50.72631354403849, 45.58894951093017, 67.27087484619886, 79.86112484241812, 51.99092001294418, 33.16984956045597, 68.70279657374151, 82.52989832080556], [69.70561153573631, 107.6112817645039, 109.7380442245937, 75.99660090855008, 82.66914872105588, 89.42354402390929, 46.8123129803821, 99.2425559966986, 64.59431057807406, 37.308981532568076, 72.0497361758453, 96.67150987069112, 57.23066124465908, 95.17680885727465, 52.90007734511062, 83.94597307895943, 77.4118481355782, 104.12078337010504, 103.3036846298694, 34.262345324107365, 103.71513943492486, 92.52102694029035, 0.0, 85.43242017460753, 89.7120251486599, 31.23571608590025, 62.77820579177741, 20.83158833067188, 89.55747445735493, 98.79107606091353, 83.4071188864562, 73.90698383037383, 62.67301053685203, 86.1786065878566, 96.02815797230441, 93.88549491779354, 66.2747086223466, 97.76036893205125, 23.912622615287667, 93.48327357427975, 95.89363321725229, 80.35560131109982, 57.83582466196519, 80.60587690039323, 82.26028638126598, 87.97173214764413, 103.25647631072835, 60.07053258565236, 55.45398828494521, 91.63584233893515, 14.727540164915544, 70.23175943810631, 19.9296025370989, 29.76325425140435, 64.37893307765123, 77.40269179605707, 52.562140868747726, 42.158026075318666, 94.42135402517889, 86.38741787125214, 62.67108965011274, 70.55961504348922, 38.09167716883237, 60.35733379628774, 40.715516024435566, 63.09376880880809, 24.793538214710367, 64.41267618250768], [48.907941547714515, 59.744960486082455, 48.77510396000284, 18.514009337690702, 23.70237857080007, 103.78135452194108, 80.71097682976793, 14.762602482729942, 38.470423271585545, 48.44051723298024, 62.29793007183401, 17.887121259611373, 39.9102599664278, 14.032434048240024, 89.8794736619301, 13.577547830260505, 82.4337833851343, 61.034037253756665, 24.940699073890414, 52.968379594825386, 61.40542767273361, 59.79172019747891, 85.43242017460753, 0.0, 78.40558448096111, 85.11615201570632, 26.88108881409897, 81.9800193592434, 56.58855878922114, 26.337658528222608, 78.55691456939748, 89.10498331308818, 36.38789340114874, 84.79311694474649, 35.31652583354646, 88.40445457836127, 24.147500583884668, 43.09111264537501, 75.8348407548873, 86.33785201722299, 35.08382813930545, 6.386656106781868, 76.22579645170984, 65.83691646574941, 8.971254279331177, 27.947156623834886, 48.1790794025985, 36.82591644020654, 77.02870187802459, 49.829106798848436, 76.50886781503718, 15.740359882760288, 69.39071352657436, 78.91705739020777, 59.73818416537639, 31.13082976270387, 57.155979768535836, 51.098248368923414, 10.615223821531767, 4.1125424905424826, 87.22943638537849, 87.69465935200084, 85.94272954914238, 34.97690055104326, 57.024255486761945, 41.451356800534626, 73.17566107964363, 34.58010237618568], [32.02744440355479, 37.769740400794916, 51.850300827598, 89.13925729189522, 98.0837300414412, 30.57719087236451, 46.13095581538762, 80.13268319847857, 44.55612880677822, 70.12729441065541, 20.54856868975311, 70.62396356934481, 49.13865479956828, 73.45170345241428, 46.62641562202178, 65.2428060216189, 16.403525374936436, 32.35489492713167, 71.08416413032101, 82.97313557512092, 31.521184653394915, 22.553426985044894, 89.7120251486599, 78.40558448096111, 0.0, 63.05822947381844, 59.91450331654403, 70.55574680926685, 24.14008541691749, 63.39059967853807, 7.2132788150097085, 25.85547525828631, 48.08019768465077, 10.001463265171031, 51.06596556330475, 10.081603124303186, 85.37833848660661, 44.47006075691503, 65.9565560984595, 7.943693299250333, 51.19158261300875, 72.9568294203671, 33.275200307592186, 13.273476142263146, 69.43439981150475, 103.93847339011877, 44.66517578531893, 49.80480343213846, 35.977020479044484, 32.591127112189824, 75.03768157306459, 77.20206756725821, 90.30505426276221, 61.30438352318779, 27.906933516628037, 47.29438361967964, 39.94907053067476, 55.523414314829886, 87.56591936123385, 82.43729478971441, 35.077813339589156, 27.7680613658462, 57.39646774458974, 92.00816136429775, 52.59589358936635, 42.66591931118944, 64.91888426828572, 95.38877787516384], [51.95884839497487, 88.44605199843899, 94.62968218567586, 82.27737681591952, 90.87419022855455, 58.4592075443957, 17.136397815940928, 96.36447932243104, 52.54591059528913, 41.185851998995105, 49.015831093274265, 90.91186577940483, 47.222004464938706, 90.7864213100153, 21.701249193544697, 78.78014816507192, 48.75011920794122, 84.02023857855134, 96.20847492727789, 47.716119406444186, 83.44205858780455, 71.41078520155186, 31.23571608590025, 85.11615201570632, 63.05822947381844, 0.0, 58.46655265880185, 10.677476624348914, 69.20170119710819, 89.97969728417786, 56.14019511064183, 43.71131189214636, 52.37191930355091, 57.727779672920875, 83.47814595505159, 65.41879410701662, 73.31002896471482, 82.68835116335913, 12.035361014432812, 65.39683617004816, 83.41116064500152, 78.9621995371792, 29.790928522894514, 56.701940291153576, 79.06889506063389, 97.04563341067642, 87.20631684489572, 50.61713151640736, 27.106911903926736, 73.66870431388044, 19.937152363625312, 72.732168691941, 42.67372377683036, 6.287231238354515, 42.53786780250217, 66.13006829334398, 33.945237174787785, 34.0189513934442, 95.49375187235425, 87.4354915593103, 32.131203658266536, 40.38456981374158, 6.88078127962422, 71.9120579200096, 28.330094282441973, 49.955051265224526, 14.094615556251574, 76.40542091812544], [27.909326210191082, 54.95244249451601, 51.06838717795901, 30.21352214587578, 39.541822990968754, 81.05029929684636, 53.99794092462539, 38.12787561540858, 15.412167185974427, 25.92328753864732, 40.722028088155, 34.07119882058094, 13.666709423709692, 33.071151193896284, 63.34095755327345, 21.350254387796436, 59.90627698550927, 53.76045498904465, 40.53789116568962, 35.274295070321074, 53.7648282715953, 47.04520852594905, 62.77820579177741, 26.88108881409897, 59.91450331654403, 58.46655265880185, 0.0, 56.15102985550467, 43.374142121654195, 36.22574042823693, 58.11688530316319, 65.14144920510353, 12.061278642147228, 64.11571404841065, 35.94835763447196, 69.23559252621608, 25.464287606757157, 40.3669111766242, 49.81074114909537, 67.45094552612477, 35.76160535970651, 20.59058331387684, 50.58080209915489, 46.64253411318204, 20.709138859908187, 45.788227321529085, 46.42472961699657, 11.18801482375238, 51.06522731330656, 40.060029767423856, 51.84178220531592, 18.197422622522822, 50.249758844788474, 52.33571777948602, 36.08959508194454, 18.99478308095103, 30.98228750997045, 24.52559191429434, 37.44512112858338, 29.663380339138087, 61.69530294386921, 63.277329424631226, 59.07788860316474, 32.87610759472953, 30.223028161674932, 17.709634435648375, 47.16438161409192, 35.807292663396375], [54.97214768876139, 92.5862541490702, 97.12022483461438, 76.96770885172148, 85.10712123833972, 68.59403182706406, 26.142200261712333, 94.259847593252, 53.08025126972584, 35.216951561694714, 54.50752690378449, 89.76736998730861, 46.71698548098465, 89.14738996908459, 32.13664615214823, 77.24320581772058, 57.29475035347917, 88.53395508074578, 95.61442797227866, 39.47660599628894, 88.02743695440113, 76.26454476243049, 20.83158833067188, 81.9800193592434, 70.55574680926685, 10.677476624348914, 56.15102985550467, 0.0, 73.68708522572052, 89.95375777620696, 63.92632936785615, 53.23026087830549, 52.177643748461065, 66.1885559899731, 84.82211458840064, 73.91707161628064, 67.60878636358218, 85.04475292527339, 6.499771215357541, 73.68128882384943, 84.72740228564709, 76.09304751847955, 37.80029041393024, 62.73481398965194, 76.82922883646552, 91.09415684395509, 90.01503703283298, 50.01670907774769, 35.2778083371309, 77.14435049265578, 9.691617994957983, 68.43738780171319, 32.494661690669155, 9.317823838106232, 47.298817337299546, 66.68726716852795, 36.779962824669525, 31.944128634920183, 92.03340232890378, 83.87631623603006, 41.88894030918018, 49.88150578986281, 17.39652907054292, 64.8851135868679, 27.666046910919963, 50.86998312978691, 9.055310901242352, 69.34089310901494], [20.202987481171906, 19.31708720126065, 29.44308205559287, 69.73767820476664, 78.08862848998655, 54.01849974692624, 54.6678767270304, 56.583791891072465, 29.95592246914422, 61.21128124434909, 20.778201860618893, 46.916609645655996, 36.93898931403738, 50.00759034136848, 59.18326836105809, 43.055136196919634, 35.2774902586504, 14.862785718666593, 46.99020027323355, 73.69414693229407, 14.34055773444413, 3.6755198671595246, 89.55747445735493, 56.58855878922114, 24.14008541691749, 69.20170119710819, 43.374142121654195, 73.68708522572052, 0.0, 39.327382612316235, 27.438600781903073, 44.816572608436985, 33.451893696209005, 33.06233064475811, 26.931599750760146, 34.025972781031754, 67.83760042708299, 20.509341816123964, 67.79857337578304, 31.788906421395428, 27.06034376811682, 51.789221997876645, 42.83944080655064, 16.018335873347674, 47.73937781737163, 83.51498019430774, 21.740248096749422, 35.98148365391004, 45.28869580547256, 8.468047536989435, 75.15443953973625, 58.403868951314934, 84.78713469148109