instance_id,num_cities,city_coordinates,distance_matrix,best_route,total_distance
2478,47,"[[44.822753931270356, 22.76013107366114], [19.353972577987257, 31.615517954511454], [13.264441084140334, 4.1411787909402475], [4.246763249182561, 14.336723473592027], [37.74220928518576, 80.23748783997094], [57.33268782235095, 49.22717136755321], [97.36023450880069, 56.820771700887086], [63.994872401628975, 67.43643702849369], [17.998694341474874, 29.10112411792819], [7.599942298313856, 39.77618977253245], [60.84141814948, 64.20083213177351], [0.32004688368628686, 70.61804035482713], [21.376865818269508, 22.98358767251507], [58.43087313890813, 9.592433910429454], [76.77259963878814, 43.763802882201155], [61.30871513986518, 12.024918305475406], [6.486263989180852, 87.78158412269926], [71.66697480205737, 76.395129147186], [9.970046585393334, 74.4589637277608], [33.9688636363743, 15.706540643532152], [57.40219640007186, 82.35895021633078], [11.609372179231025, 61.55469998451147], [54.33379933040933, 88.09836603443969], [63.32643682466151, 9.518515058497911], [46.00523763489276, 51.23982184223949], [99.25161705095465, 97.46012064800105], [6.399829885836339, 73.06245107703279], [49.79564619727269, 82.7026541178194], [80.01528458897414, 37.075295055082556], [99.3415200975665, 33.968760217229956], [13.970473618863666, 60.696898149494096], [55.841184869195835, 12.063259366012824], [64.78088548794418, 22.645294679263973], [95.22561280927955, 30.038652113502796], [30.279222508754046, 72.44820636808448], [11.767744234666965, 11.64510235791143], [66.39854906268981, 32.51619695699618], [72.96683272073564, 38.681432428634444], [16.592801231411446, 72.12190239264787], [96.20079952340801, 56.58310130461246], [76.03421515825221, 28.680744752002408], [98.27472999241729, 22.1419296423897], [71.5994584515816, 79.44012798028756], [97.02477647817379, 43.210418960055144], [86.87651087667089, 47.10059351415586], [44.92331632627947, 89.32993187180854], [18.20637303160363, 95.27793842486378]]","[[0.0, 26.96435981867318, 36.64140409241394, 41.441100557656256, 57.91183517491788, 29.27460790305676, 62.61241175175583, 48.616277525241195, 27.56335185829804, 40.92778957512848, 44.42892422199288, 65.35189679976705, 23.446952941884067, 18.935922395063304, 38.235413822463734, 19.67312151514119, 75.48162569584863, 59.97770596235414, 62.3496632479595, 12.94449970024512, 60.91191686383324, 51.07002354009066, 66.02685008672144, 22.753607962523304, 28.504228703530636, 92.4261304118474, 63.298060712179755, 60.148447414615035, 37.99260630581174, 55.65904447233475, 48.898481537173744, 15.356721156018962, 19.958461930493982, 50.92568165085204, 51.77276439115457, 34.87373695769475, 23.679015120417432, 32.33538321627725, 56.86400176899452, 61.51176216067619, 31.76804964506876, 53.455550860982164, 62.68663297947367, 56.06483240520574, 48.58988150880755, 66.56987675443237, 77.24806868279803], [26.96435981867318, 0.0, 28.14110350163078, 22.95178669337477, 51.98291262273106, 41.863506154568185, 81.97732440643483, 57.235899402116495, 2.856388535163243, 14.309220535616928, 52.75424949782196, 43.399159910340394, 8.865794801078229, 44.85555025034023, 58.68968870450471, 46.30326141906488, 57.621219295808835, 68.86119212054543, 43.85908016317531, 21.60302293036268, 63.423680543826, 30.924641565617073, 66.43719144311954, 49.21234752489944, 33.09687647212846, 103.53330525097803, 43.42416467994938, 59.46924393425114, 60.90651804923856, 80.02215635275014, 29.575475230129666, 41.39574225322263, 46.3040961701727, 75.88802472898601, 42.269013817803476, 21.362779771788166, 47.05319754586871, 54.07648213448726, 40.600384819053765, 80.80108309870411, 56.75616964443466, 79.48732494162124, 70.82926032569809, 78.53149373232111, 69.27539782191867, 63.12483594858228, 63.672763131992276], [36.64140409241394, 28.14110350163078, 0.0, 13.611305775385317, 79.93628329481989, 63.045674690641626, 99.23327053403445, 81.11637551701264, 25.404960630373154, 36.082413363754185, 76.62069371975772, 67.7254048684903, 20.51457548981603, 45.49420586113921, 74.85478303274718, 48.686811543524165, 83.9146059324095, 92.90580868145577, 70.39491397490534, 23.715621602708257, 89.81180997554655, 57.43737170975575, 93.4639046723408, 50.3499668605487, 57.360630540915956, 126.89452052815119, 69.26228887668663, 86.63968116604302, 74.43340058540156, 91.09856280548863, 56.560126185357745, 43.307487481683864, 54.738892469785384, 85.95529532873819, 70.39426683581642, 7.651729893178993, 60.2359949415643, 68.97394209761866, 68.06215367354835, 98.12540337800752, 67.39610400366158, 86.89520269545768, 95.25180313400678, 92.42401913308551, 85.23055867763408, 90.88128538412339, 91.27065052877026], [41.441100557656256, 22.95178669337477, 13.611305775385317, 0.0, 73.92466198247915, 63.5252606608532, 102.34751039373094, 79.93382342228637, 20.176796949804253, 25.659506139254873, 75.42800736834224, 56.418133000845174, 19.18876427761976, 54.391415204984234, 78.26844796297179, 57.10876287147103, 73.47899645021856, 91.63367634545038, 60.39403733255908, 29.75364936449588, 86.32799896035598, 47.788547959135244, 89.1599186668335, 59.27582105813828, 55.72798984557119, 126.23557899305028, 58.76518338689497, 82.14987042393994, 79.1069621688573, 97.1001011675931, 47.36893854978804, 51.644486456466424, 61.1016555479232, 92.32389522919628, 63.676003166798544, 7.988114872383573, 64.75598610122368, 72.90482015807187, 59.0893523112746, 101.1943734945916, 73.20648330600561, 94.35136338815828, 93.67410970694992, 97.1671242229792, 88.88839279128275, 85.31449628341137, 82.13617341382202], [57.91183517491788, 51.98291262273106, 79.93628329481989, 73.92466198247915, 0.0, 36.680056938813934, 64.05194396973457, 29.207348777036927, 54.81545472807449, 50.454661830300374, 28.12023784500321, 38.638737152288506, 59.546902112327736, 73.61212167000856, 53.42004366858211, 72.16879409202448, 32.153499110826594, 34.14166714878963, 28.36695898292828, 64.64117328340332, 19.774116819008576, 32.12431691504845, 18.359582408568997, 75.20455976906183, 30.151986183733438, 63.87508375365049, 32.153163125301944, 12.30294217539451, 60.415128748018354, 77.04070513947599, 30.772228746729734, 70.5357947797431, 63.62350763560429, 76.31687093301673, 10.787449998654372, 73.34567595148381, 55.664238187378885, 54.47641542471713, 22.65303927021396, 63.06295881898123, 64.22130076245534, 83.90041683722413, 33.86663703205924, 69.89582679122674, 59.26409839391175, 11.586234798576493, 24.65489914648562], [29.27460790305676, 41.863506154568185, 63.045674690641626, 63.5252606608532, 36.680056938813934, 0.0, 40.74146855181244, 19.38974108334291, 44.18394302286455, 50.622791610776, 15.379262179651711, 60.893435630056366, 44.51456863935288, 39.649948603808184, 20.193032626071602, 37.41412067822117, 63.810669636954415, 30.71757987101996, 53.664356239960505, 40.85952722107063, 33.1318517612083, 47.35598753275345, 38.98670423385496, 40.15846626769225, 11.504863740288343, 63.903161298662994, 56.23412288291076, 34.31348046790841, 25.732630918559614, 44.69408350061002, 44.85349766831441, 37.1938292774152, 27.605648275980826, 42.47438092813198, 35.65257987817837, 59.0641684542693, 19.011746521016168, 18.858395914592407, 46.73229149265039, 39.55805622682658, 27.783138256209945, 49.09033648658389, 33.412026150325666, 40.14552542183044, 29.62026019520299, 41.97885063921084, 60.42798735413361], [62.61241175175583, 81.97732440643483, 99.23327053403445, 102.34751039373094, 64.05194396973457, 40.74146855181244, 0.0, 35.013422267616725, 84.06326736365598, 91.36425904490429, 37.25706966804185, 98.01613457296918, 83.17708422715423, 61.2046654031966, 24.378989812399805, 57.501135034292574, 96.00338756429053, 32.30014030609832, 89.15240189285605, 75.55690502212937, 47.42197139918685, 85.88143261065984, 53.193627733541504, 58.27351772690034, 51.657358674673176, 40.68333824511034, 92.39906578602897, 54.15036379092071, 26.281764318464298, 22.937740111733945, 83.47979742145078, 61.0497042857899, 47.21628122034044, 26.867053046305983, 68.8772740838945, 96.78282643069248, 39.36163511778053, 30.398580230462443, 82.2040320097735, 1.183544127870971, 35.30807581876877, 34.69089777604151, 34.28196116858902, 13.614486175400952, 14.29651444152323, 61.69664402136513, 88.0016332756787], [48.616277525241195, 57.235899402116495, 81.11637551701264, 79.93382342228637, 29.207348777036927, 19.38974108334291, 35.013422267616725, 0.0, 59.87691217900578, 62.81303542751862, 4.51812049065494, 63.75426263761962, 61.58206151960649, 58.11098677976638, 26.90100222615236, 55.476588287550015, 61.00135286877793, 11.794885320348767, 54.47933264749597, 59.812568765853946, 16.313944241129402, 52.71466080897617, 22.809025475328806, 57.92177907698515, 24.20655494968593, 46.30831049986632, 57.869171036660966, 20.84887068934188, 34.32859665908387, 48.67721124390679, 50.47634949041658, 55.97027268843011, 44.79803845617371, 48.72323329745245, 34.0861097752762, 76.42215608639415, 35.00286885588021, 30.122190516387594, 47.63307608065068, 33.98553571901756, 40.58262507331853, 56.804058268706086, 14.209796812668085, 40.961866592698904, 30.61234899092447, 29.03531242451947, 53.58857970279573], [27.56335185829804, 2.856388535163243, 25.404960630373154, 20.176796949804253, 54.81545472807449, 44.18394302286455, 84.06326736365598, 59.87691217900578, 0.0, 14.902720247835857, 55.384912078527364, 45.12414996161653, 6.988296980494362, 44.8926505780152, 60.575292755725165, 46.5548569593576, 59.79910065367168, 71.53325967200993, 46.06292217025026, 20.843732241619108, 66.2497699257103, 33.07654794897764, 69.28863116206202, 49.37694620160874, 35.69997764949604, 106.18375513905697, 45.46572252439822, 62.32311100746786, 62.527153046186086, 81.48833771271266, 31.85152270840201, 41.50111955893733, 47.22553485357169, 77.23260901183798, 45.05308992365731, 18.534762877353142, 48.52018816462743, 55.79676105482959, 43.043744014659275, 82.8904597946927, 58.03704330241067, 80.57712012463428, 73.5326949257399, 80.27573642650907, 71.19083163724005, 65.97305929300612, 66.17714017886364], [40.92778957512848, 14.309220535616928, 36.082413363754185, 25.659506139254873, 50.454661830300374, 50.622791610776, 91.36425904490429, 62.81303542751862, 14.902720247835857, 0.0, 58.57659861401258, 31.689377156840845, 21.720844987343728, 59.11719418294744, 69.28749946314322, 60.454655306135486, 48.0183107375849, 73.79384374566946, 34.76366211378052, 35.70249321442417, 65.52523178615996, 22.14450349462065, 67.2241482785998, 63.41111157593266, 40.079690244804354, 108.29342254361384, 33.30788887687209, 60.19268035829442, 72.46569278871375, 91.92520511337533, 21.869149693117457, 55.63473731850701, 59.6919410871543, 88.16505981485719, 39.77198032891613, 28.43815486471859, 59.245115014770256, 65.3760572162234, 33.57255779194798, 90.18084151452948, 69.32790637306235, 92.37361232358661, 75.2938647035799, 89.49075314359511, 79.61420234938771, 62.03714697560637, 56.506110079943], [44.42892422199288, 52.75424949782196, 76.62069371975772, 75.42800736834224, 28.12023784500321, 15.379262179651711, 37.25706966804185, 4.51812049065494, 55.384912078527364, 58.57659861401258, 0.0, 60.86063539982201, 57.06410545620707, 54.66157593363811, 25.91282902720485, 52.178006382828656, 59.249764963647195, 16.306242870086905, 51.89533417034674, 55.442136439772554, 18.480949613435126, 49.303107059874854, 24.767745745695194, 54.73875335005584, 19.700254820352573, 50.80869662032781, 55.15808937045482, 21.5482364666694, 33.21794569112448, 48.95136384473049, 47.00173395252867, 52.37679664471904, 41.741850652286, 48.469860594019906, 31.65544162029294, 71.90500819526144, 32.16827334727944, 28.253591625373804, 44.95201278296324, 36.170646581198504, 38.63285762684831, 56.3045656598298, 18.6539960625111, 41.831003634410955, 31.14874337903361, 29.746556429247548, 52.75920400987286], [65.35189679976705, 43.399159910340394, 67.7254048684903, 56.418133000845174, 38.638737152288506, 60.893435630056366, 98.01613457296918, 63.75426263761962, 45.12414996161653, 31.689377156840845, 60.86063539982201, 0.0, 52.08100139193993, 84.2673885318104, 81.0317400344323, 84.57405989517395, 18.237583942610268, 71.58043642158127, 10.386298021898577, 64.40120860200938, 58.27710320346191, 14.477327249766093, 56.77188775477878, 87.76649226687255, 49.62511467690241, 102.50830624991488, 6.552778428427646, 50.93007772661704, 86.46644826258259, 105.586087587576, 16.874928524615616, 80.69237349250548, 80.35287201597991, 103.21701988382178, 30.01502476710183, 60.07376457845566, 76.27659484096945, 79.35680448635433, 16.342097022420543, 96.90251927015491, 86.55271249353186, 109.2934273080335, 71.82328134760141, 100.5135932919628, 89.69443552903736, 48.369272571663174, 30.46360510337325], [23.446952941884067, 8.865794801078229, 20.51457548981603, 19.18876427761976, 59.546902112327736, 44.51456863935288, 83.17708422715423, 61.58206151960649, 6.988296980494362, 21.720844987343728, 57.06410545620707, 52.08100139193993, 0.0, 39.39952357069512, 59.16506291448206, 41.40827241673714, 66.48691876444975, 73.36135102560307, 52.72409188445525, 14.543514792277175, 69.44968049413689, 39.78862446696665, 72.98009199532548, 44.05762917045219, 37.482949027419714, 107.7554214116452, 52.270490386160894, 66.13617750769008, 60.30787985731577, 78.73475301750467, 38.433688770978456, 36.15304769954862, 43.405337985491926, 74.18498073335805, 50.25933204234503, 14.86258614232189, 46.01980662640263, 53.92538377225308, 49.37065168200688, 82.02163355740034, 54.95346609324347, 76.90247006946757, 75.56222438715494, 78.3053707681885, 69.7985205684354, 70.40080056460498, 72.36383886454561], [18.935922395063304, 44.85555025034023, 45.49420586113921, 54.391415204984234, 73.61212167000856, 39.649948603808184, 61.2046654031966, 58.11098677976638, 44.8926505780152, 59.11719418294744, 54.66157593363811, 84.2673885318104, 39.39952357069512, 0.0, 38.78274601419247, 3.7681500652992206, 93.8711118003554, 68.10135445152467, 80.96986106442682, 25.21452379177182, 72.77378697807355, 69.94519317058706, 78.61276863494881, 4.896121709877941, 43.46149260231779, 96.88685930581556, 82.07114316939877, 73.61841782534177, 34.94559306038493, 47.62233004370531, 67.73768072973718, 3.5793105154825895, 14.51550312884433, 42.09395094568924, 68.87208116828444, 46.70825459048021, 24.26896725947663, 32.51867087930648, 75.23535531653725, 60.28839159607158, 25.966156069671083, 41.77346971571092, 71.0782104868549, 51.18259756750762, 47.074582772093116, 80.87349795938918, 94.6573615350422], [38.235413822463734, 58.68968870450471, 74.85478303274718, 78.26844796297179, 53.42004366858211, 20.193032626071602, 24.378989812399805, 26.90100222615236, 60.575292755725165, 69.28749946314322, 25.91282902720485, 81.0317400344323, 59.16506291448206, 38.78274601419247, 0.0, 35.305644279219, 82.93210502806258, 33.028334181204656, 73.51716802071748, 51.17977901567942, 43.18330602644549, 67.54822153581078, 49.68956881659498, 36.790474753015616, 31.66261871939208, 58.211689250718734, 76.22819366052482, 47.37077318912265, 7.433111235518378, 24.602825680869884, 65.04488256545393, 37.98747929882235, 24.28564590438303, 22.99768376801957, 54.6299287963707, 72.50684208734863, 15.301292899756936, 6.3493583346532505, 66.52661079746132, 23.276369192801113, 15.101120958394143, 30.49339292605752, 36.04943220422649, 20.25973594346773, 10.64063879776558, 55.59360537524061, 77.99813497585633], [19.67312151514119, 46.30326141906488, 48.686811543524165, 57.10876287147103, 72.16879409202448, 37.41412067822117, 57.501135034292574, 55.476588287550015, 46.5548569593576, 60.454655306135486, 52.178006382828656, 84.57405989517395, 41.40827241673714, 3.7681500652992206, 35.305644279219, 0.0, 93.51242466063908, 65.19829435679797, 80.83111354384468, 27.586623991946002, 70.4424370213125, 70.16568936376035, 76.39253170251958, 3.217647903944229, 42.09519073650705, 93.48175011596037, 82.10095058328525, 71.60930872474877, 31.264310576943725, 43.90929799938307, 67.89602883996407, 5.467664702376026, 11.173556338382395, 38.40378305875601, 67.92498180523286, 49.5424268519793, 21.113950604664385, 29.09435427583122, 74.90767953315671, 56.594074113928755, 22.23188938008519, 38.32545071451027, 68.19611347728345, 47.414897327724084, 43.40524357936332, 79.02244248801226, 93.74901201728422], [75.48162569584863, 57.621219295808835, 83.9146059324095, 73.47899645021856, 32.153499110826594, 63.810669636954415, 96.00338756429053, 61.00135286877793, 59.79910065367168, 48.0183107375849, 59.249764963647195, 18.237583942610268, 66.48691876444975, 93.8711118003554, 82.93210502806258, 93.51242466063908, 0.0, 66.16778989040837, 13.770582971149153, 77.13692485374139, 51.20387809290345, 26.722568909535724, 47.848583981239344, 96.72596976673464, 53.824247961045444, 93.2688844038951, 14.719386823854165, 43.606170632618614, 89.31766130712073, 107.32156634914969, 28.099708326745553, 90.38347702446268, 87.41280854739229, 105.87217871581673, 28.305782951189425, 76.31944633645693, 81.50917078037577, 82.6467840587349, 18.63780370416802, 94.98443670556016, 91.26788441799472, 112.8436384184847, 65.6453195869606, 100.91487010185978, 90.09736284444732, 38.46822549997634, 13.912450675199558], [59.97770596235414, 68.86119212054543, 92.90580868145577, 91.63367634545038, 34.14166714878963, 30.71757987101996, 32.30014030609832, 11.794885320348767, 71.53325967200993, 73.79384374566946, 16.306242870086905, 71.58043642158127, 73.36135102560307, 68.10135445152467, 33.028334181204656, 65.19829435679797, 66.16778989040837, 0.0, 61.72730099318755, 71.44405055724391, 15.46127629280738, 61.86399575305234, 20.91422304485913, 67.39470369190518, 35.934861068924874, 34.708015715812095, 65.35217631138444, 22.762686269279303, 40.196313628601196, 50.654488822748235, 59.79398552730172, 66.24986865300853, 54.18914034537698, 51.99934987795263, 41.575524522440176, 88.20705069197797, 44.19408331352181, 37.736090825463585, 55.239705478806954, 31.53450495398437, 47.913831682929676, 60.42666872149544, 3.045747256613953, 41.764136481545016, 33.007571942810976, 29.707446712801655, 56.697411121462984], [62.3496632479595, 43.85908016317531, 70.39491397490534, 60.39403733255908, 28.36695898292828, 53.664356239960505, 89.15240189285605, 54.47933264749597, 46.06292217025026, 34.76366211378052, 51.89533417034674, 10.386298021898577, 52.72409188445525, 80.96986106442682, 73.51716802071748, 80.83111354384468, 13.770582971149153, 61.72730099318755, 0.0, 63.46487562514133, 48.08553444188487, 13.007974906108581, 46.41310001394382, 84.04859459104739, 42.867978070745224, 92.19681146583382, 3.833626855268914, 40.66985143435945, 79.39693980505083, 98.11583388047657, 14.331708391906165, 77.44278694785194, 75.4246933137188, 96.13363436416638, 20.408473040516945, 62.83958065605514, 70.30911446048096, 72.44740719475075, 7.023014650805902, 88.06411987653232, 80.37486984011608, 102.63912103630182, 61.830384151183445, 92.49322973496098, 81.62771998855669, 37.98521763950325, 22.388987935303305], [12.94449970024512, 21.60302293036268, 23.715621602708257, 29.75364936449588, 64.64117328340332, 40.85952722107063, 75.55690502212937, 59.812568765853946, 20.843732241619108, 35.70249321442417, 55.442136439772554, 64.40120860200938, 14.543514792277175, 25.21452379177182, 51.17977901567942, 27.586623991946002, 77.13692485374139, 71.44405055724391, 63.46487562514133, 0.0, 70.65171467327797, 51.00980859773827, 75.20177517352784, 30.002645952426906, 37.51650799019839, 104.62067547543363, 63.63766246173761, 68.84015010798228, 50.76314162505292, 67.87556906981338, 49.23482377146013, 22.173676613923515, 31.58365080464898, 62.91103828756836, 56.861499108337476, 22.569558782501083, 36.52737387530839, 45.26242641796795, 59.030674957895855, 74.4560746731041, 44.020719790882595, 64.62707388833167, 74.01372724676237, 68.79325160771744, 61.52077447616521, 74.43388858367683, 81.11759029298388], [60.91191686383324, 63.423680543826, 89.81180997554655, 86.32799896035598, 19.774116819008576, 33.1318517612083, 47.42197139918685, 16.313944241129402, 66.2497699257103, 65.52523178615996, 18.480949613435126, 58.27710320346191, 69.44968049413689, 72.77378697807355, 43.18330602644549, 70.4424370213125, 51.20387809290345, 15.46127629280738, 48.08553444188487, 70.65171467327797, 0.0, 50.29711301684203, 6.508145243483152, 73.08095250193992, 33.14047102650121, 44.49066595614059, 51.842707165997616, 7.61431141729852, 50.61581948563033, 64.03528215251583, 48.5341018613723, 70.31302090738957, 60.167812909021016, 64.56023871109143, 28.87695545473344, 84.16027271450768, 50.648143240410135, 46.367914163665546, 42.07379091758021, 46.58031763998481, 56.81990729379833, 72.77811188166295, 14.494197908296233, 55.70059561233786, 45.955270983895396, 14.293950928175882, 41.269999101821824], [51.07002354009066, 30.924641565617073, 57.43737170975575, 47.788547959135244, 32.12431691504845, 47.35598753275345, 85.88143261065984, 52.71466080897617, 33.07654794897764, 22.14450349462065, 49.303107059874854, 14.477327249766093, 39.78862446696665, 69.94519317058706, 67.54822153581078, 70.16568936376035, 26.722568909535724, 61.86399575305234, 13.007974906108581, 51.00980859773827, 50.29711301684203, 0.0, 50.29853758079308, 73.36497336736323, 35.90922265287713, 94.71199670145968, 12.632009583359789, 43.65120258830746, 72.65404406024757, 91.96691715616426, 2.5120955388668063, 66.37662200153387, 65.88741646738535, 89.35847453101405, 21.615545162122025, 49.90984889735757, 62.00877810153938, 65.4822444085802, 11.683335647521194, 84.73739654697414, 72.32743134869746, 95.20635856353523, 62.5995126622896, 87.36305819885244, 76.64243838472277, 43.373752212897, 34.36243924914324], [66.02685008672144, 66.43719144311954, 93.4639046723408, 89.1599186668335, 18.359582408568997, 38.98670423385496, 53.193627733541504, 22.809025475328806, 69.28863116206202, 67.2241482785998, 24.767745745695194, 56.77188775477878, 72.98009199532548, 78.61276863494881, 49.68956881659498, 76.39253170251958, 47.848583981239344, 20.91422304485913, 46.41310001394382, 75.20177517352784, 6.508145243483152, 50.29853758079308, 0.0, 79.09273360116117, 37.7877919424303, 45.88303388204264, 50.23688052934447, 7.050428422936868, 57.12173366810919, 70.39679790005293, 48.785638304177475, 76.05004705614319, 66.28156726427552, 71.01458153204698, 28.697563723273213, 87.50411746430296, 56.87649519314705, 52.813097431655905, 40.983293279165075, 52.40283977182576, 63.25631799246963, 79.25311911200674, 19.31497012917409, 61.94713328624413, 52.34353280404491, 9.490729412578938, 36.833913594471305], [22.753607962523304, 49.21234752489944, 50.3499668605487, 59.27582105813828, 75.20455976906183, 40.15846626769225, 58.27351772690034, 57.92177907698515, 49.37694620160874, 63.41111157593266, 54.73875335005584, 87.76649226687255, 44.05762917045219, 4.896121709877941, 36.790474753015616, 3.217647903944229, 96.72596976673464, 67.39470369190518, 84.04859459104739, 30.002645952426906, 73.08095250193992, 73.36497336736323, 79.09273360116117, 0.0, 45.174012231754745, 94.99655029500478, 85.31395186190329, 74.42446173709514, 32.2163586316109, 43.530457285403976, 71.10019690395262, 7.9059926908284135, 13.20711036246324, 37.92932181378698, 71.07928265227059, 51.6025305109312, 23.20196643191172, 30.715028610933345, 78.12308750601385, 57.40904982114483, 22.993013656376203, 37.158226425600795, 70.40933773601388, 47.652098420901105, 44.351083514412075, 81.90565974232777, 96.9045863353288], [28.504228703530636, 33.09687647212846, 57.360630540915956, 55.72798984557119, 30.151986183733438, 11.504863740288343, 51.657358674673176, 24.20655494968593, 35.69997764949604, 40.079690244804354, 19.700254820352573, 49.62511467690241, 37.482949027419714, 43.46149260231779, 31.66261871939208, 42.09519073650705, 53.824247961045444, 35.934861068924874, 42.867978070745224, 37.51650799019839, 33.14047102650121, 35.90922265287713, 37.7877919424303, 45.174012231754745, 0.0, 70.50881464478822, 45.21963588628588, 31.690329942602936, 36.84178487699675, 56.06289857466341, 33.40153286668007, 40.39243624058452, 34.20777595775468, 53.592302900454776, 26.402710579477343, 52.344510365205764, 27.685037110945334, 29.742910991305042, 36.07149433143263, 50.479154794001666, 37.558640154586094, 59.82296517047107, 38.08308555636032, 51.64750385474106, 41.080338211315876, 38.10547251750997, 52.078139227288155], [92.4261304118474, 103.53330525097803, 126.89452052815119, 126.23557899305028, 63.87508375365049, 63.903161298662994, 40.68333824511034, 46.30831049986632, 106.18375513905697, 108.29342254361384, 50.80869662032781, 102.50830624991488, 107.7554214116452, 96.88685930581556, 58.211689250718734, 93.48175011596037, 93.2688844038951, 34.708015715812095, 92.19681146583382, 104.62067547543363, 44.49066595614059, 94.71199670145968, 45.88303388204264, 94.99655029500478, 70.50881464478822, 0.0, 96.00364920278072, 51.61081157538284, 63.374787167098475, 63.49142408158661, 92.86769057944535, 95.79712698730698, 82.37408281262707, 67.54156593907432, 73.36747961345597, 122.54650287570354, 72.78074814554063, 64.3880740205485, 86.45522041522466, 40.99070867875, 72.59235703082206, 75.32452591741213, 33.005484558620395, 54.29538610386433, 51.8577402705641, 54.93327069424566, 81.0746168502271], [63.298060712179755, 43.42416467994938, 69.26228887668663, 58.76518338689497, 32.153163125301944, 56.23412288291076, 92.39906578602897, 57.869171036660966, 45.46572252439822, 33.30788887687209, 55.15808937045482, 6.552778428427646, 52.270490386160894, 82.07114316939877, 76.22819366052482, 82.10095058328525, 14.719386823854165, 65.35217631138444, 3.833626855268914, 63.63766246173761, 51.842707165997616, 12.632009583359789, 50.23688052934447, 85.31395186190329, 45.21963588628588, 96.00364920278072, 0.0, 44.453688125998234, 81.94089680799156, 100.82893654331107, 14.499018785289806, 78.51973619408265, 77.13778135552958, 98.69684386654367, 23.887291361766565, 61.65148196225732, 72.41439791940212, 74.92142757397917, 10.236273573884853, 91.30050994802734, 82.57531997266793, 105.04235704119637, 65.51081077038701, 95.4150133174915, 84.56071328587325, 41.81734017050108, 25.157947832732766], [60.148447414615035, 59.46924393425114, 86.63968116604302, 82.14987042393994, 12.30294217539451, 34.31348046790841, 54.15036379092071, 20.84887068934188, 62.32311100746786, 60.19268035829442, 21.5482364666694, 50.93007772661704, 66.13617750769008, 73.61841782534177, 47.37077318912265, 71.60930872474877, 43.606170632618614, 22.762686269279303, 40.66985143435945, 68.84015010798228, 7.61431141729852, 43.65120258830746, 7.050428422936868, 74.42446173709514, 31.690329942602936, 51.61081157538284, 44.453688125998234, 0.0, 54.72734635961359, 69.49666204399837, 42.043980377817164, 70.8976207551091, 61.898657653704646, 69.55126866908124, 22.046416766490996, 80.59340537407235, 52.86148754919427, 49.74707874753531, 34.8479729811755, 53.251002754727864, 60.05688297479835, 77.57462803394911, 22.04654861013918, 61.56482262499, 51.40522584911746, 8.225594738393818, 34.00029344782565], [37.99260630581174, 60.90651804923856, 74.43340058540156, 79.1069621688573, 60.415128748018354, 25.732630918559614, 26.281764318464298, 34.32859665908387, 62.527153046186086, 72.46569278871375, 33.21794569112448, 86.46644826258259, 60.30787985731577, 34.94559306038493, 7.433111235518378, 31.264310576943725, 89.31766130712073, 40.196313628601196, 79.39693980505083, 50.76314162505292, 50.61581948563033, 72.65404406024757, 57.12173366810919, 32.2163586316109, 36.84178487699675, 63.374787167098475, 81.94089680799156, 54.72734635961359, 0.0, 19.57431831845922, 70.14197879178728, 34.78489652957277, 20.983608527028593, 16.75912970463274, 61.032112252526595, 72.83145930865345, 14.359695744017301, 7.229132105695329, 72.46154898367688, 25.348084707961267, 9.290715182544972, 23.588402849500696, 43.192652133845094, 18.082106062572326, 12.148375832368643, 62.94436674872426, 84.89928882585994], [55.65904447233475, 80.02215635275014, 91.09856280548863, 97.1001011675931, 77.04070513947599, 44.69408350061002, 22.937740111733945, 48.67721124390679, 81.48833771271266, 91.92520511337533, 48.95136384473049, 105.586087587576, 78.73475301750467, 47.62233004370531, 24.602825680869884, 43.90929799938307, 107.32156634914969, 50.654488822748235, 98.11583388047657, 67.87556906981338, 64.03528215251583, 91.96691715616426, 70.39679790005293, 43.530457285403976, 56.06289857466341, 63.49142408158661, 100.82893654331107, 69.49666204399837, 19.57431831845922, 0.0, 89.45730229665422, 48.70451860477938, 36.368369999345965, 5.690908759834015, 79.05864104778303, 90.37428793138722, 32.974979615303866, 26.792413358966105, 91.12086880538189, 22.831393924625342, 23.899656296580293, 11.874845791605907, 53.26600483059397, 9.527620758449302, 18.10584161576767, 77.6286044487535, 101.69428411622172], [48.898481537173744, 29.575475230129666, 56.560126185357745, 47.36893854978804, 30.772228746729734, 44.85349766831441, 83.47979742145078, 50.47634949041658, 31.85152270840201, 21.869149693117457, 47.00173395252867, 16.874928524615616, 38.433688770978456, 67.73768072973718, 65.04488256545393, 67.89602883996407, 28.099708326745553, 59.79398552730172, 14.331708391906165, 49.23482377146013, 48.5341018613723, 2.5120955388668063, 48.785638304177475, 71.10019690395262, 33.40153286668007, 92.86769057944535, 14.499018785289806, 42.043980377817164, 70.14197879178728, 89.45730229665422, 0.0, 64.17466230476657, 63.4793075022186, 86.84656409356236, 20.101456046809414, 49.101228977685786, 59.52188685218555, 62.970239940652746, 11.722087018257978, 82.33316356638153, 69.83510644539565, 92.70217494364233, 60.60040063679101, 84.87516820536318, 74.16299460225224, 42.16549646112589, 34.839506172757254], [15.356721156018962, 41.39574225322263, 43.307487481683864, 51.644486456466424, 70.5357947797431, 37.1938292774152, 61.0497042857899, 55.97027268843011, 41.50111955893733, 55.63473731850701, 52.37679664471904, 80.69237349250548, 36.15304769954862, 3.5793105154825895, 37.98747929882235, 5.467664702376026, 90.38347702446268, 66.24986865300853, 77.44278694785194, 22.173676613923515, 70.31302090738957, 66.37662200153387, 76.05004705614319, 7.9059926908284135, 40.39243624058452, 95.79712698730698, 78.51973619408265, 70.8976207551091, 34.78489652957277, 48.70451860477938, 64.17466230476657, 0.0, 13.852715204022054, 43.29258491467288, 65.57252278324852, 44.075424270774356, 23.016963197058143, 31.65146049594908, 71.74591431140507, 60.090888005373934, 26.151468272514368, 43.614049872310574, 69.19512707237811, 51.63558626172286, 46.80604923083007, 78.0342138657031, 91.32941406205636], [19.958461930493982, 46.3040961701727, 54.738892469785384, 61.1016555479232, 63.62350763560429, 27.605648275980826, 47.21628122034044, 44.79803845617371, 47.22553485357169, 59.6919410871543, 41.741850652286, 80.35287201597991, 43.405337985491926, 14.51550312884433, 24.28564590438303, 11.173556338382395, 87.41280854739229, 54.18914034537698, 75.4246933137188, 31.58365080464898, 60.167812909021016, 65.88741646738535, 66.28156726427552, 13.20711036246324, 34.20777595775468, 82.37408281262707, 77.13778135552958, 61.898657653704646, 20.983608527028593, 36.368369999345965, 63.4793075022186, 13.852715204022054, 0.0, 31.329589142229096, 60.58625884649154, 54.1423805964114, 10.002577028826009, 18.00465067738974, 69.06537609496365, 46.249169901042386, 12.769654899375844, 33.497626722652626, 57.20267499821582, 38.243860198392596, 32.95873635961806, 69.57847289580015, 86.28259469916884], [50.92568165085204, 75.88802472898601, 85.95529532873819, 92.32389522919628, 76.31687093301673, 42.47438092813198, 26.867053046305983, 48.72323329745245, 77.23260901183798, 88.16505981485719, 48.469860594019906, 103.21701988382178, 74.18498073335805, 42.09395094568924, 22.99768376801957, 38.40378305875601, 105.87217871581673, 51.99934987795263, 96.13363436416638, 62.91103828756836, 64.56023871109143, 89.35847453101405, 71.01458153204698, 37.92932181378698, 53.592302900454776, 67.54156593907432, 98.69684386654367, 69.55126866908124, 16.75912970463274, 5.690908759834015, 86.84656409356236, 43.29258491467288, 31.329589142229096, 0.0, 77.56677062467215, 85.46074244721211, 28.933334282475453, 23.877833708395453, 89.18586777453967, 26.56235629583368, 19.23937774987213, 8.46494780741667, 54.76039615954479, 13.29407506250076, 18.99519274554509, 77.75459399187497, 100.93625599529075], [51.77276439115457, 42.269013817803476, 70.39426683581642, 63.676003166798544, 10.787449998654372, 35.65257987817837, 68.8772740838945, 34.0861097752762, 45.05308992365731, 39.77198032891613, 31.65544162029294, 30.01502476710183, 50.25933204234503, 68.87208116828444, 54.6299287963707, 67.92498180523286, 28.305782951189425, 41.575524522440176, 20.408473040516945, 56.861499108337476, 28.87695545473344, 21.615545162122025, 28.697563723273213, 71.07928265227059, 26.402710579477343, 73.36747961345597, 23.887291361766565, 22.046416766490996, 61.032112252526595, 79.05864104778303, 20.101456046809414, 65.57252278324852, 60.58625884649154, 77.56677062467215, 0.0, 63.55857365583278, 53.84395162241618, 54.42818284572798, 13.690310502880568, 67.80380427950898, 63.3175335011626, 84.58197512450916, 41.90762300825627, 72.86849241751776, 62.01414780510802, 22.348202158553462, 25.82538209363546], [34.87373695769475, 21.362779771788166, 7.651729893178993, 7.988114872383573, 73.34567595148381, 59.0641684542693, 96.78282643069248, 76.42215608639415, 18.534762877353142, 28.43815486471859, 71.90500819526144, 60.07376457845566, 14.86258614232189, 46.70825459048021, 72.50684208734863, 49.5424268519793, 76.31944633645693, 88.20705069197797, 62.83958065605514, 22.569558782501083, 84.16027271450768, 49.90984889735757, 87.50411746430296, 51.6025305109312, 52.344510365205764, 122.54650287570354, 61.65148196225732, 80.59340537407235, 72.83145930865345, 90.37428793138722, 49.101228977685786, 44.075424270774356, 54.1423805964114, 85.46074244721211, 63.55857365583278, 0.0, 58.48185552734685, 66.90509379127082, 60.66897491686613, 95.64708346167856, 66.4860315912401, 87.14150542612737, 90.42123381857373, 90.91276455572084, 83.05671965358088, 84.4643397968952, 83.88031479069727], [23.679015120417432, 47.05319754586871, 60.2359949415643, 64.75598610122368, 55.664238187378885, 19.011746521016168, 39.36163511778053, 35.00286885588021, 48.52018816462743, 59.245115014770256, 32.16827334727944, 76.27659484096945, 46.01980662640263, 24.26896725947663, 15.301292899756936, 21.113950604664385, 81.50917078037577, 44.19408331352181, 70.30911446048096, 36.52737387530839, 50.648143240410135, 62.00877810153938, 56.87649519314705, 23.20196643191172, 27.685037110945334, 72.78074814554063, 72.41439791940212, 52.86148754919427, 14.359695744017301, 32.974979615303866, 59.52188685218555, 23.016963197058143, 10.002577028826009, 28.933334282475453, 53.84395162241618, 58.48185552734685, 0.0, 9.00846705235128, 63.63351648375641, 38.30652708613363, 10.37095727124369, 33.52187842260088, 47.21127790210798, 32.439670003803265, 25.14063529410819, 60.73702409612739, 79.12977961987919], [32.33538321627725, 54.07648213448726, 68.97394209761866, 72.90482015807187, 54.47641542471713, 18.858395914592407, 30.398580230462443, 30.122190516387594, 55.79676105482959, 65.3760572162234, 28.253591625373804, 79.35680448635433, 53.92538377225308, 32.51867087930648, 6.3493583346532505, 29.09435427583122, 82.6467840587349, 37.736090825463585, 72.44740719475075, 45.26242641796795, 46.367914163665546, 65.4822444085802, 52.813097431655905, 30.715028610933345, 29.742910991305042, 64.3880740205485, 74.92142757397917, 49.74707874753531, 7.229132105695329, 26.792413358966105, 62.970239940652746, 31.65146049594908, 18.00465067738974, 23.877833708395453, 54.42818284572798, 66.90509379127082, 9.00846705235128, 0.0, 65.54613991512696, 29.330648849502833, 10.46052527474242, 30.233174109414797, 40.78162546373418, 24.480530566918837, 16.25919493042815, 57.89394879960546, 78.75196782523135], [56.86400176899452, 40.600384819053765, 68.06215367354835, 59.0893523112746, 22.65303927021396, 46.73229149265039, 82.2040320097735, 47.63307608065068, 43.043744014659275, 33.57255779194798, 44.95201278296324, 16.342097022420543, 49.37065168200688, 75.23535531653725, 66.52661079746132, 74.90767953315671, 18.63780370416802, 55.239705478806954, 7.023014650805902, 59.030674957895855, 42.07379091758021, 11.683335647521194, 40.983293279165075, 78.12308750601385, 36.07149433143263, 86.45522041522466, 10.236273573884853, 34.8479729811755, 72.46154898367688, 91.12086880538189, 11.722087018257978, 71.74591431140507, 69.06537609496365, 89.18586777453967, 13.690310502880568, 60.66897491686613, 63.63351648375641, 65.54613991512696, 0.0, 81.11034293671837, 73.62347361257433, 95.75977841575545, 55.49133954311142, 85.47032535546401, 74.60473000750046, 33.147162232930405, 23.21218685690034], [61.51176216067619, 80.80108309870411, 98.12540337800752, 101.1943734945916, 63.06295881898123, 39.55805622682658, 1.183544127870971, 33.98553571901756, 82.8904597946927, 90.18084151452948, 36.170646581198504, 96.90251927015491, 82.02163355740034, 60.28839159607158, 23.276369192801113, 56.594074113928755, 94.98443670556016, 31.53450495398437, 88.06411987653232, 74.4560746731041, 46.58031763998481, 84.73739654697414, 52.40283977182576, 57.40904982114483, 50.479154794001666, 40.99070867875, 91.30050994802734, 53.251002754727864, 25.348084707961267, 22.831393924625342, 82.33316356638153, 60.090888005373934, 46.249169901042386, 26.56235629583368, 67.80380427950898, 95.64708346167856, 38.30652708613363, 29.330648849502833, 81.11034293671837, 0.0, 34.42720764375071, 34.50355768695427, 33.580792887971775, 13.398043555326282, 13.29888389165575, 60.84188684802968, 87.06561309465555], [31.76804964506876, 56.75616964443466, 67.39610400366158, 73.20648330600561, 64.22130076245534, 27.783138256209945, 35.30807581876877, 40.58262507331853, 58.03704330241067, 69.32790637306235, 38.63285762684831, 86.55271249353186, 54.95346609324347, 25.966156069671083, 15.101120958394143, 22.23188938008519, 91.26788441799472, 47.913831682929676, 80.37486984011608, 44.020719790882595, 56.81990729379833, 72.32743134869746, 63.25631799246963, 22.993013656376203, 37.558640154586094, 72.59235703082206, 82.57531997266793, 60.05688297479835, 9.290715182544972, 23.899656296580293, 69.83510644539565, 26.151468272514368, 12.769654899375844, 19.23937774987213, 63.3175335011626, 66.4860315912401, 10.37095727124369, 10.46052527474242, 73.62347361257433, 34.42720764375071, 0.0, 23.18181621716505, 50.952743329120906, 25.528711231034382, 21.37396090728731, 68.16312730814586, 88.20003134991052], [53.455550860982164, 79.48732494162124, 86.89520269545768, 94.35136338815828, 83.90041683722413, 49.09033648658389, 34.69089777604151, 56.804058268706086, 80.57712012463428, 92.37361232358661, 56.3045656598298, 109.2934273080335, 76.90247006946757, 41.77346971571092, 30.49339292605752, 38.32545071451027, 112.8436384184847, 60.42666872149544, 102.63912103630182, 64.62707388833167, 72.77811188166295, 95.20635856353523, 79.25311911200674, 37.158226425600795, 59.82296517047107, 75.32452591741213, 105.04235704119637, 77.57462803394911, 23.588402849500696, 11.874845791605907, 92.70217494364233, 43.614049872310574, 33.497626722652626, 8.46494780741667, 84.58197512450916, 87.14150542612737, 33.52187842260088, 30.233174109414797, 95.75977841575545, 34.50355768695427, 23.18181621716505, 0.0, 63.20327241960182, 21.105535433064773, 27.438190561230016, 85.79394491312163, 108.44269254788172], [62.68663297947367, 70.82926032569809, 95.25180313400678, 93.67410970694992, 33.86663703205924, 33.412026150325666, 34.28196116858902, 14.209796812668085, 73.5326949257399, 75.2938647035799, 18.6539960625111, 71.82328134760141, 75.56222438715494, 71.0782104868549, 36.04943220422649, 68.19611347728345, 65.6453195869606, 3.045747256613953, 61.830384151183445, 74.01372724676237, 14.494197908296233, 62.5995126622896, 19.31497012917409, 70.40933773601388, 38.08308555636032, 33.005484558620395, 65.51081077038701, 22.04654861013918, 43.192652133845094, 53.26600483059397, 60.60040063679101, 69.19512707237811, 57.20267499821582, 54.760396