instance_id,num_cities,city_coordinates,distance_matrix,best_route,total_distance
1182,28,"[[67.78142482124258, 51.451590733066766], [91.29663309374003, 96.8065162382767], [65.12311551134614, 46.3805771159006], [76.33144286725854, 53.711004278196185], [55.48630249765678, 96.74593976953634], [41.79068475950908, 34.39474904557521], [81.23062069733848, 19.065341650123745], [16.710239109508663, 65.82494226144368], [51.40097349873341, 94.87467156247573], [84.96405565366068, 87.6769658294507], [31.951769880784788, 98.24994424927405], [3.3025648731418666, 62.720357688804576], [4.211486633826478, 37.518185756880996], [9.823293906645558, 92.26884073939895], [23.5051673281229, 96.97341825323225], [83.01592526239023, 58.60330922579299], [71.56883478732307, 38.19757464113429], [52.12428749751739, 32.94993195759576], [29.73879617549131, 74.07726218618171], [80.91392901556077, 10.714708317694477], [8.998859415416426, 65.13721573650965], [28.88548429178566, 28.00384101310658], [63.8677790157128, 11.717557334041084], [21.89640615104964, 26.25173980751746], [87.4560604089707, 34.53571818783118], [87.0679349441086, 98.05751505060724], [18.720679509318437, 11.758341403468132], [12.22582756166356, 19.71777301634444]]","[[0.0, 51.08849467034701, 5.725538183661581, 8.843515033916827, 46.93344316784642, 31.087849994953793, 35.06779148130123, 53.05524709357888, 46.40994650122403, 40.093897331101125, 58.93937618417914, 65.456156997715, 65.07900441296181, 70.88859454942659, 63.50294291111816, 16.829648870090253, 13.784535422580294, 24.23751898643819, 44.262428796698856, 42.80135810155623, 60.35467113177811, 45.416859827611844, 39.926307538339046, 52.3494739709375, 25.946830817588356, 50.438890295204985, 63.1071372580247, 63.980149841546194], [51.08849467034701, 0.0, 56.813980313030896, 45.619952538513445, 35.81038183138154, 79.66220938806251, 78.39014499227686, 80.76501775925615, 39.94240451415093, 11.110815798216484, 59.362414659338945, 94.36536571577008, 105.35145402516184, 81.5996047614721, 67.7916712209799, 39.09034597220729, 61.840068411636786, 74.91419101549192, 65.620014293037, 86.71562682129137, 88.18088311351728, 92.89219349826942, 89.40063178434707, 98.96649926561687, 62.38911995201059, 4.409862363968819, 111.80546087477249, 110.4303700031312], [5.725538183661581, 56.813980313030896, 0.0, 13.39260111027784, 51.27902027430963, 26.230943546137873, 31.710783841898387, 52.17173504315151, 50.39815847436948, 45.81544091800859, 61.569224599298344, 63.94348215714741, 61.552973227238276, 71.85960623251002, 65.51098522636286, 21.669052148565537, 10.41675700430475, 18.690953937704634, 44.93502441018679, 39.00517899274069, 59.17553222967772, 40.63090383189375, 34.68574361484633, 47.68352434024673, 25.279658044091512, 56.14339688907388, 57.89546849840246, 59.23705086247072], [8.843515033916827, 45.619952538513445, 13.39260111027784, 0.0, 47.817628023274104, 39.57501341591457, 34.99033984329049, 60.8394233288342, 48.124586307061755, 35.04580641990213, 62.87505505471646, 73.58250790749675, 73.91546156776946, 76.87678863438525, 68.28068431323808, 8.283535029871338, 16.228029295855276, 31.89057062825921, 50.84937744868104, 43.23980394986126, 68.29520556078133, 53.96273925852413, 43.804023820374056, 60.9687167944815, 22.168642540686054, 45.627681069761074, 71.26728546089826, 72.56079992206996], [46.93344316784642, 35.81038183138154, 51.27902027430963, 47.817628023274104, 0.0, 63.83761375494264, 81.83547668191437, 49.59527375443302, 4.493501722732514, 30.841274608100267, 23.58254131703542, 62.296731121278164, 78.33922125763897, 45.88196562167342, 31.981944174683022, 47.03977459942843, 60.71703965162369, 63.88453457294923, 34.3045627459094, 89.7102947016361, 56.215601031391415, 73.70942728484971, 85.44047617036999, 78.08785670551417, 69.94409975225125, 31.608855368404193, 92.59915177663751, 88.34481968426465], [31.087849994953793, 79.66220938806251, 26.230943546137873, 39.57501341591457, 63.83761375494264, 0.0, 42.31429165040825, 40.21051851928111, 61.23870244625985, 68.5779452868623, 64.60874708964155, 47.787817248716905, 37.70877866835306, 66.11599327942416, 65.19547520752411, 47.807685998379156, 30.019988367573326, 10.434119127395968, 41.47227830245145, 45.731527090102425, 44.94889395347443, 14.400968876836057, 31.648903847036717, 21.496300165426156, 45.665593235011315, 78.12155374600712, 32.320768759165794, 33.00749015741143], [35.06779148130123, 78.39014499227686, 31.710783841898387, 34.99033984329049, 81.83547668191437, 42.31429165040825, 0.0, 79.68274524368071, 81.46694025034371, 68.71312472227044, 93.26631989408351, 89.32268642330786, 79.19882870043925, 102.26318300496189, 96.96337641953949, 39.57825403431367, 21.43344223855059, 32.24841826113884, 75.35064295448485, 8.356636325339638, 85.67406211754155, 53.10282550089003, 18.85359927485647, 59.76782858948136, 16.675990220122344, 79.20756085215349, 62.93556228345267, 69.00787739370713], [53.05524709357888, 80.76501775925615, 52.17173504315151, 60.8394233288342, 49.59527375443302, 40.21051851928111, 79.68274524368071, 0.0, 45.24747313305993, 71.66655012528156, 35.82855026598983, 13.762418893392349, 30.943355946906816, 27.325990941586074, 31.881006980758137, 66.69779606483284, 61.422609529143564, 48.32102157142718, 15.4221945053807, 84.61236128892317, 7.741985827909783, 39.732509295103995, 71.77355135206388, 39.91158579964216, 77.35623293868535, 77.38956074150316, 54.10396657304185, 46.324734243454344], [46.40994650122403, 39.94240451415093, 50.39815847436948, 48.124586307061755, 4.493501722732514, 61.23870244625985, 81.46694025034371, 45.24747313305993, 0.0, 34.326191917508396, 19.739908487190927, 57.85634635025737, 74.27391288023415, 41.65925820920021, 27.974644583626663, 48.11566169946408, 60.15842371926748, 61.928963807519224, 30.029688029494185, 89.18471817918785, 51.79049678981572, 70.55958639753086, 84.0864251029803, 74.69689589949283, 70.29052984899384, 35.808694913607525, 89.31027910792658, 84.75406455305959], [40.093897331101125, 11.110815798216484, 45.81544091800859, 35.04580641990213, 30.841274608100267, 68.5779452868623, 68.71312472227044, 71.66655012528156, 34.326191917508396, 0.0, 54.05636239640169, 85.38987859449459, 95.06250902259788, 75.28093643885086, 62.15801623184702, 29.138852419558336, 51.260531546448185, 63.82396578841211, 56.87513713052373, 77.0687524687569, 79.23857251217488, 81.88826528469077, 78.83453955568797, 88.0374170772279, 53.199645568447345, 10.59160564794731, 100.75625249945637, 99.54547560674142], [58.93937618417914, 59.362414659338945, 61.569224599298344, 62.87505505471646, 23.58254131703542, 64.60874708964155, 93.26631989408351, 35.82855026598983, 19.739908487190927, 54.05636239640169, 0.0, 45.641302224277574, 66.76728094059119, 22.92254453881369, 8.542517971956793, 64.64830727499259, 71.943025564411, 68.34487597684792, 24.273767955215902, 100.29810844047074, 40.29005942402242, 70.31299401376393, 92.23061110254224, 72.69698606252018, 84.49987496822652, 55.116500980051846, 87.49776634437322, 80.97169084893483], [65.456156997715, 94.36536571577008, 63.94348215714741, 73.58250790749675, 62.296731121278164, 47.787817248716905, 89.32268642330786, 13.762418893392349, 57.85634635025737, 85.38987859449459, 45.641302224277574, 0.0, 25.21855683526087, 30.259424279381808, 39.76703790810118, 79.81960857203558, 72.53723524093641, 57.182504739027316, 28.77244524252093, 93.42436197565382, 6.187808524437687, 43.12449763272424, 79.1797373585145, 40.93520518623745, 88.7478716065833, 90.9139808474957, 53.24326589157712, 43.91863961372741], [65.07900441296181, 105.35145402516184, 61.552973227238276, 73.91546156776946, 78.33922125763897, 37.70877866835306, 79.19882870043925, 30.943355946906816, 74.27391288023415, 95.06250902259788, 66.76728094059119, 25.21855683526087, 0.0, 55.03750177726078, 62.50736585338283, 81.57647932622694, 67.3607743388346, 48.130088607630725, 44.58934403867614, 81.25079119710927, 28.03087146639459, 26.444827780274217, 64.996504888852, 20.968766836907477, 83.29798422414471, 102.61676967206029, 29.56494983946841, 19.52138197569682], [70.88859454942659, 81.5996047614721, 71.85960623251002, 76.87678863438525, 45.88196562167342, 66.11599327942416, 102.26318300496189, 27.325990941586074, 41.65925820920021, 75.28093643885086, 22.92254453881369, 30.259424279381808, 55.03750177726078, 0.0, 14.468127380728788, 80.56382126532687, 82.07443960281887, 72.85675670683446, 26.973334255858575, 108.18943994330425, 27.144147942562803, 67.03250921828666, 97.00162693972958, 67.11197847416068, 96.74688560547507, 77.46123752747411, 81.00064181155336, 72.59083685782068], [63.50294291111816, 67.7916712209799, 65.51098522636286, 68.28068431323808, 31.981944174683022, 65.19547520752411, 96.96337641953949, 31.881006980758137, 27.974644583626663, 62.15801623184702, 8.542517971956793, 39.76703790810118, 62.50736585338283, 14.468127380728788, 0.0, 70.80816038203885, 75.92572635110166, 70.12888731983274, 23.729561547855848, 103.61626782618778, 34.98537923110203, 69.17911820275782, 94.32763244837452, 70.73997395181834, 89.37663629436393, 63.57201186740812, 85.34928614932578, 78.07469645496612], [16.829648870090253, 39.09034597220729, 21.669052148565537, 8.283535029871338, 47.03977459942843, 47.807685998379156, 39.57825403431367, 66.69779606483284, 48.11566169946408, 29.138852419558336, 64.64830727499259, 79.81960857203558, 81.57647932622694, 80.56382126532687, 70.80816038203885, 0.0, 23.39721958447006, 40.15456448600303, 55.4787860714563, 47.93471065060077, 74.30489870046281, 62.18064083435705, 50.64509092833248, 69.15359470213409, 24.47373568727257, 39.66173394756646, 79.55079909543679, 80.76709019628453], [13.784535422580294, 61.840068411636786, 10.41675700430475, 16.228029295855276, 60.71703965162369, 30.019988367573326, 21.43344223855059, 61.422609529143564, 60.15842371926748, 51.260531546448185, 71.943025564411, 72.53723524093641, 67.3607743388346, 82.07443960281887, 75.92572635110166, 23.39721958447006, 0.0, 20.140212835012065, 55.109927495847494, 29.028240172058375, 68.12302166220051, 43.88371696659339, 27.577120527375726, 51.08867914223003, 16.30377657592665, 61.83392734976262, 59.09281318810097, 62.153805793983864], [24.23751898643819, 74.91419101549192, 18.690953937704634, 31.89057062825921, 63.88453457294923, 10.434119127395968, 32.24841826113884, 48.32102157142718, 61.928963807519224, 63.82396578841211, 68.34487597684792, 57.182504739027316, 48.130088607630725, 72.85675670683446, 70.12888731983274, 40.15456448600303, 20.140212835012065, 0.0, 46.82485999402096, 36.376484561511326, 53.8128589124272, 23.759330589599646, 24.263621436069595, 30.961114139764152, 35.367342210498514, 73.89219088026185, 39.55862152354479, 42.03542714781748], [44.262428796698856, 65.620014293037, 44.93502441018679, 50.84937744868104, 34.3045627459094, 41.47227830245145, 75.35064295448485, 15.4221945053807, 30.029688029494185, 56.87513713052373, 24.273767955215902, 28.77244524252093, 44.58934403867614, 26.973334255858575, 23.729561547855848, 55.4787860714563, 55.109927495847494, 46.82485999402096, 0.0, 81.44757488062922, 22.58471623320071, 46.08132246108439, 71.0881161584285, 48.46425148588986, 69.96296371917624, 62.14243863410228, 63.285438944448565, 57.11092831039058], [42.80135810155623, 86.71562682129137, 39.00517899274069, 43.23980394986126, 89.7102947016361, 45.731527090102425, 8.356636325339638, 84.61236128892317, 89.18471817918785, 77.0687524687569, 100.29810844047074, 93.42436197565382, 81.25079119710927, 108.18943994330425, 103.61626782618778, 47.93471065060077, 29.028240172058375, 36.376484561511326, 81.44757488062922, 0.0, 90.18639891549388, 54.825843994730164, 17.0756240286235, 61.02841430496818, 24.703036137321057, 87.55933803399586, 62.20200522622589, 69.27561226946285], [60.35467113177811, 88.18088311351728, 59.17553222967772, 68.29520556078133, 56.215601031391415, 44.94889395347443, 85.67406211754155, 7.741985827909783, 51.79049678981572, 79.23857251217488, 40.29005942402242, 6.187808524437687, 28.03087146639459, 27.144147942562803, 34.98537923110203, 74.30489870046281, 68.12302166220051, 53.8128589124272, 22.58471623320071, 90.18639891549388, 0.0, 42.12321648832265, 76.57844502169144, 40.96860932497067, 84.2139183268701, 84.7261863937851, 54.25696278820659, 45.5339335048847], [45.416859827611844, 92.89219349826942, 40.63090383189375, 53.96273925852413, 73.70942728484971, 14.400968876836057, 53.10282550089003, 39.732509295103995, 70.55958639753086, 81.88826528469077, 70.31299401376393, 43.12449763272424, 26.444827780274217, 67.03250921828666, 69.17911820275782, 62.18064083435705, 43.88371696659339, 23.759330589599646, 46.08132246108439, 54.825843994730164, 42.12321648832265, 0.0, 38.587614337073184, 7.205350226875922, 58.93367293937019, 91.06434433993574, 19.163494301208, 18.6065334012671], [39.926307538339046, 89.40063178434707, 34.68574361484633, 43.804023820374056, 85.44047617036999, 31.648903847036717, 18.85359927485647, 71.77355135206388, 84.0864251029803, 78.83453955568797, 92.23061110254224, 79.1797373585145, 64.996504888852, 97.00162693972958, 94.32763244837452, 50.64509092833248, 27.577120527375726, 24.263621436069595, 71.0881161584285, 17.0756240286235, 76.57844502169144, 38.587614337073184, 0.0, 44.41664778342565, 32.81882819110024, 89.4026595443352, 45.14711792773259, 52.257962081827785], [52.3494739709375, 98.96649926561687, 47.68352434024673, 60.9687167944815, 78.08785670551417, 21.496300165426156, 59.76782858948136, 39.91158579964216, 74.69689589949283, 88.0374170772279, 72.69698606252018, 40.93520518623745, 20.968766836907477, 67.11197847416068, 70.73997395181834, 69.15359470213409, 51.08867914223003, 30.961114139764152, 48.46425148588986, 61.02841430496818, 40.96860932497067, 7.205350226875922, 44.41664778342565, 0.0, 66.08095462554739, 96.97111695492447, 14.837244926248976, 11.671024474382884], [25.946830817588356, 62.38911995201059, 25.279658044091512, 22.168642540686054, 69.94409975225125, 45.665593235011315, 16.675990220122344, 77.35623293868535, 70.29052984899384, 53.199645568447345, 84.49987496822652, 88.7478716065833, 83.29798422414471, 96.74688560547507, 89.37663629436393, 24.47373568727257, 16.30377657592665, 35.367342210498514, 69.96296371917624, 24.703036137321057, 84.2139183268701, 58.93367293937019, 32.81882819110024, 66.08095462554739, 0.0, 63.52298259726365, 72.41105910423573, 76.67567693450927], [50.438890295204985, 4.409862363968819, 56.14339688907388, 45.627681069761074, 31.608855368404193, 78.12155374600712, 79.20756085215349, 77.38956074150316, 35.808694913607525, 10.59160564794731, 55.116500980051846, 90.9139808474957, 102.61676967206029, 77.46123752747411, 63.57201186740812, 39.66173394756646, 61.83392734976262, 73.89219088026185, 62.14243863410228, 87.55933803399586, 84.7261863937851, 91.06434433993574, 89.4026595443352, 96.97111695492447, 63.52298259726365, 0.0, 110.08585148713489, 108.34415636959972], [63.1071372580247, 111.80546087477249, 57.89546849840246, 71.26728546089826, 92.59915177663751, 32.320768759165794, 62.93556228345267, 54.10396657304185, 89.31027910792658, 100.75625249945637, 87.49776634437322, 53.24326589157712, 29.56494983946841, 81.00064181155336, 85.34928614932578, 79.55079909543679, 59.09281318810097, 39.55862152354479, 63.285438944448565, 62.20200522622589, 54.25696278820659, 19.163494301208, 45.14711792773259, 14.837244926248976, 72.41105910423573, 110.08585148713489, 0.0, 10.273054726906263], [63.980149841546194, 110.4303700031312, 59.23705086247072, 72.56079992206996, 88.34481968426465, 33.00749015741143, 69.00787739370713, 46.324734243454344, 84.75406455305959, 99.54547560674142, 80.97169084893483, 43.91863961372741, 19.52138197569682, 72.59083685782068, 78.07469645496612, 80.76709019628453, 62.153805793983864, 42.03542714781748, 57.11092831039058, 69.27561226946285, 45.5339335048847, 18.6065334012671, 52.257962081827785, 11.671024474382884, 76.67567693450927, 108.34415636959972, 10.273054726906263, 0.0]]",Route_2,1539.2589897557089
