instance_id,num_cities,city_coordinates,distance_matrix,best_route,total_distance
2287,56,"[[25.031637490597458, 27.06344048657845], [42.29706101241396, 12.874116691406734], [99.14874173753046, 61.82603685627268], [54.706949465100905, 54.553273559514494], [55.118660060849855, 60.617745695417305], [22.181454812329527, 36.10494938909463], [31.762435678372746, 46.31312214582961], [36.23200889855988, 98.79694009524795], [31.548127629589274, 56.87969083654287], [72.32086272489857, 71.41721355810824], [27.947163278979083, 92.57907430616129], [7.880822226079786, 74.37772704939299], [13.960780009816155, 19.976318962518302], [18.81351666793003, 24.162402704227148], [84.32681527031491, 53.96793729110796], [94.84277083311937, 91.6220701858831], [45.4184946371631, 6.006453405289758], [90.69222593256893, 85.87493724802061], [91.35230277237177, 0.3695499467124552], [99.3571661729386, 3.3060994195846516], [19.331197086532015, 57.84675072684624], [36.51058302770211, 89.10925780719435], [18.3521760263492, 16.9219834109821], [57.353260139129915, 55.222878948638574], [72.13473467341461, 93.83983491816407], [38.82150854428943, 66.60310240278034], [79.35469474158879, 32.263960250212506], [37.67707153751129, 20.62501887518874], [20.705975177121914, 68.39933571962781], [16.94270571218691, 95.52913760596957], [91.51137487415107, 69.27045804349244], [12.176871553712543, 89.2926505730468], [76.84547574852617, 6.3621831656293315], [49.179113451660896, 5.738578127692295], [76.5809383589814, 51.19711300027294], [46.98434578842785, 85.50159498993789], [23.159659419407006, 95.27784250967368], [19.751302170546058, 61.66768399090884], [30.582994177302304, 58.522132607399676], [25.59730559086124, 24.155007315390197], [89.5288780722827, 74.98892645787211], [49.52066731543406, 82.93836099148639], [20.520727170640598, 19.017578397095736], [31.751978323183693, 65.48463583972756], [10.919245700977864, 16.29020992175715], [66.21631244867834, 58.499274974099144], [9.420540591483228, 82.90059289342257], [63.83144373458174, 45.58133730127542], [97.47705415115317, 55.07156539438034], [15.811815574170119, 42.22769391580204], [21.897988182399363, 89.97222683886814], [13.073832300232624, 9.287089722792164], [88.40245045575008, 16.061403369017146], [70.47257748904235, 61.11895858911647], [52.020591868406605, 31.264201559624727], [92.49976030872648, 90.50268281440884]]","[[0.0, 22.347969911200455, 81.86441991679298, 40.45139136249823, 45.06795230749659, 9.480106778606338, 20.3924958802759, 72.60263966126361, 30.520049617642023, 64.83462045035216, 65.58047396446891, 50.326853440144106, 13.145005776209, 6.861562998320426, 65.11351669379589, 95.08633449249852, 29.30905404915064, 88.1481992207843, 71.49121929000437, 78.03009335175106, 31.306663989458816, 63.098729286944085, 12.143490316566353, 42.867718217006576, 81.71773747171795, 41.875355617892936, 54.57142067883545, 14.190147112727816, 41.56161196546467, 68.94187768954353, 78.74635111315254, 63.54305308432946, 55.79619959895966, 32.21568484318743, 56.91892979508155, 62.425469989165, 68.24008312764191, 35.00479409451189, 31.94474715842406, 2.9629316412843876, 80.35388135140984, 61.00589580681132, 9.224110183517348, 39.004502730722926, 17.75449517239289, 51.811090910437024, 57.978391968893646, 42.9922954377931, 77.67105932052527, 17.7471039394137, 62.98678558479389, 21.423999426994985, 64.31877452657625, 56.78606643512617, 27.31391681909214, 92.60931413055238], [22.347969911200455, 0.0, 75.02269049492955, 43.487440125218534, 49.435286108522234, 30.72961439108601, 35.059170222775464, 86.13661497198187, 45.29933912002996, 65.79303048206998, 80.98641758548072, 70.47816384714464, 29.21277285979487, 26.05575284052603, 58.780969152098635, 94.66938153452779, 7.543748861487474, 87.58545421237444, 50.62391661656003, 57.85674165941266, 50.49721495238819, 76.45443131965347, 24.284619452964787, 44.94559819229094, 86.28866841871555, 53.841279428814424, 41.823847872244336, 9.02334679654773, 59.57537188871651, 86.45632316422537, 74.85049102566089, 82.14023456046031, 35.156766617858345, 9.913554174502734, 51.42019342635589, 72.77857681059079, 84.59677398378817, 53.750566988327726, 47.12706991617671, 20.15292347055279, 78.03264787959645, 70.43563599033003, 22.62633061982502, 53.65692400779732, 31.563222057911634, 51.51490713950644, 77.36002174417588, 39.15982532197273, 69.46550453161191, 39.536068618320606, 79.75111761370074, 29.442551839778222, 46.215427425124645, 55.86971002663041, 20.802458358754173, 92.44731091248295], [81.86441991679298, 75.02269049492955, 0.0, 45.032943345471566, 44.046657761793526, 81.1513252949108, 69.14885947802722, 72.97508449762884, 67.78133494346119, 28.490801372412246, 77.55910060968667, 92.1269670544554, 94.91252662904587, 88.72596984267057, 16.7761507198638, 30.105564063954855, 77.47751512605306, 25.492396309719062, 61.94904554391772, 58.52030859743612, 79.91667630860267, 68.32212725036052, 92.43624314379477, 42.31387451410458, 41.8884213596987, 60.51607571536106, 35.57696824829397, 74.00196024334441, 78.71769739771187, 88.84667331501107, 10.665307281957324, 91.20592673909607, 59.78022030733382, 75.11835180339212, 24.945536107077167, 57.2857421849042, 83.02628459122721, 79.39759747890933, 68.64530225571632, 82.63728108975754, 16.3034793710376, 53.93214256114313, 89.5261346779929, 67.49599295699832, 99.28723737456995, 33.10003388949818, 92.16988116010826, 38.87417911494999, 6.958263009973532, 85.61038668508436, 82.21853158121931, 100.84260508601353, 47.009408149174774, 28.684880262642757, 56.17017257215822, 29.43737382051713], [40.45139136249823, 43.487440125218534, 45.032943345471566, 0.0, 6.078431368518818, 37.39316069957656, 24.379311069630567, 47.94606821692894, 23.27537853947442, 24.385290906606926, 46.49782445610375, 50.849731055113274, 53.43983640021286, 47.03130392948696, 29.625648834514966, 54.63496902362593, 49.42741284122892, 47.707302781188446, 65.41221463582492, 67.96995446066713, 35.52873271313738, 39.05411372506092, 52.32383347983974, 2.7297127249261752, 42.978617947231115, 19.938545794530583, 33.23138328470329, 37.96239202359457, 36.71211911444953, 55.72395840734104, 39.63787644193088, 54.91476889177538, 53.03296653359608, 49.126687870169384, 22.12996167707969, 31.89729152934098, 51.51428952633829, 35.672287753488035, 24.44825271608763, 42.08831140748849, 40.37552007474105, 28.854994559982885, 49.310074279426985, 25.424896881354645, 58.15002183904717, 12.16701949746307, 53.426859743831436, 12.796563440849797, 42.77324492345605, 40.80136460888203, 48.27970786836686, 61.50076295464628, 51.15672837245301, 17.07815115570849, 23.443493591044973, 52.15991350872762], [45.06795230749659, 49.435286108522234, 44.046657761793526, 6.078431368518818, 0.0, 41.057723662405124, 27.388601138065397, 42.5952635529596, 23.865101156732223, 20.31118614488822, 41.950170010754135, 49.20112204173593, 57.84199734778249, 51.44954294632546, 29.95557181150485, 50.391200757251625, 55.46608382466381, 43.628022118294936, 70.30449455845965, 72.39937998267303, 35.89458063906049, 34.02979273059269, 57.1059890893859, 5.839351395947, 37.32631789427558, 17.361498854307005, 37.30043600440466, 43.630576534523186, 35.28152525347579, 51.732086518556066, 37.4072068251668, 51.63571796666344, 58.44416639280596, 55.19964897396693, 23.438807779476992, 26.17962995145158, 47.14551975716642, 35.38293903232423, 24.624997351548082, 46.91526041612706, 37.2906682710499, 23.011896705244464, 54.10721651983002, 23.868146872058702, 62.5980723147349, 11.298044375827061, 50.841355236521345, 17.378324911816716, 42.71994459080036, 43.39610613818889, 44.33168847739596, 66.35211966470978, 55.61545059207028, 15.36209604046803, 29.516581439200433, 47.85870999460683], [9.480106778606338, 30.72961439108601, 81.1513252949108, 37.39316069957656, 41.057723662405124, 0.0, 14.000070906493029, 64.24720825709471, 22.788691096109854, 61.32630941582246, 56.76768604823385, 40.857234392473764, 18.102823361171094, 12.408361240096951, 64.66167460900165, 91.44297429238779, 38.024721962271066, 84.68044314342876, 77.85643827467248, 83.85615650230143, 21.927833785253984, 54.90701800583987, 19.56143041135238, 40.03187630613919, 76.34557731744937, 34.74231894172724, 57.3021165540476, 21.903022312208133, 32.328074929071185, 59.654661489013776, 76.8543348164793, 54.12045124915337, 62.23172283921323, 40.63237718361042, 56.454204560944994, 55.27397215134377, 59.18097806316468, 25.67798750262872, 23.93984058310006, 12.428561948435027, 77.76656796104926, 54.22915251604943, 17.167884660553696, 30.899205430064324, 22.79169265820935, 49.402171060194256, 48.50436251241683, 42.71444141137583, 77.64766450115947, 8.835174280319862, 53.8680232900852, 28.322188914424444, 69.18788912132592, 54.38504560663809, 30.229239815117246, 88.9031916732811], [20.3924958802759, 35.059170222775464, 69.14885947802722, 24.379311069630567, 27.388601138065397, 14.000070906493029, 0.0, 52.67379074376839, 10.568741733779623, 47.699071375912546, 46.42299680959508, 36.85042075035038, 31.788773906181557, 25.65792032335415, 53.11883090575478, 77.6661409864777, 42.55720257777255, 70.97786551864957, 75.24469474119726, 80.11648765646645, 16.957602459431403, 43.05872885718851, 32.30594527429501, 27.097491818736437, 62.359529769627336, 21.482872446527523, 49.622596392263965, 26.36022699047407, 24.69911230880875, 51.39883825577579, 64.00761678533996, 47.23170742104447, 60.237513456041206, 44.15466325246194, 45.08382802289543, 42.0409675346799, 49.71470204749567, 19.49435553172251, 12.265847655387484, 22.99980177816493, 64.49235318850965, 40.70335258153721, 29.519869896594432, 19.171516545948943, 36.54878694085666, 36.545477767534315, 42.8696080198962, 32.07735629330941, 66.29571184594957, 16.46550957399434, 44.75963300786228, 41.47518502933111, 64.21259816370048, 41.44499815161671, 25.236142792227742, 75.11151626305396], [72.60263966126361, 86.13661497198187, 72.97508449762884, 47.94606821692894, 42.5952635529596, 64.24720825709471, 52.67379074376839, 0.0, 42.1781285639634, 45.29961143042391, 10.358596522279523, 37.41774647833119, 81.90664168407908, 76.64018556318999, 65.74762271253766, 59.04828678942275, 93.24412013840266, 55.97225560020894, 112.81045132516493, 114.46958606485812, 44.30073869828291, 9.691686729341527, 83.80451631975805, 48.42319752738076, 36.24332503787546, 32.2978125232063, 79.28558154782279, 78.18527657600013, 34.13315213829436, 19.56414451297967, 62.670738347461565, 25.864669957323862, 100.96354776953406, 93.95470317335656, 62.400157436288474, 17.099092082988143, 13.537738685685403, 40.62259658264601, 40.66904824930409, 75.39572297919544, 58.37274858252264, 20.690166111238053, 81.31168997443508, 33.61220446160393, 86.30235515105065, 50.22907796886082, 31.16967576254776, 59.94688635778904, 75.25200303462674, 60.142031132280586, 16.832697762053606, 92.45709522291264, 97.81065386577112, 50.912148135547376, 69.35380397870462, 56.875781775700084], [30.520049617642023, 45.29933912002996, 67.78133494346119, 23.27537853947442, 23.865101156732223, 22.788691096109854, 10.568741733779623, 42.1781285639634, 0.0, 43.28689748679496, 35.88053684611241, 29.433358903958, 40.87999085091981, 35.1082790674476, 52.858946052552334, 72.20280313890619, 52.73019407949724, 65.8691785172309, 82.27961708647584, 86.41872138306961, 12.255145724360805, 32.60936906310774, 42.0802984949224, 25.85826539942021, 54.893760318128066, 12.142767494140905, 53.77175886404418, 36.769079298397614, 15.819433872137433, 41.31704351678717, 61.23007538856428, 37.76036971266854, 67.85181152989921, 54.09496344538416, 45.38992986395243, 32.51907483944444, 39.30374601518278, 12.731455900932367, 1.9050190422614168, 33.26134685331026, 60.74299825236414, 31.655433546287277, 39.43530295635319, 8.607359270595836, 45.530832746133086, 34.705995035860035, 34.15724596601261, 34.20329357449011, 65.95371611896002, 21.50145415712456, 34.47087365320764, 51.05247563721934, 69.98961791439412, 39.154618986003264, 32.791387328162294, 69.61039517052109], [64.83462045035216, 65.79303048206998, 28.490801372412246, 24.385290906606926, 20.31118614488822, 61.32630941582246, 47.699071375912546, 45.29961143042391, 43.28689748679496, 0.0, 49.16146410387697, 64.5080108174286, 77.79501842217056, 71.38664602638414, 21.18065482379826, 30.25677735952855, 70.72697471614033, 23.37804013175607, 73.55247252756783, 73.28086771678873, 54.69974520891801, 39.94226535517311, 76.69647483916341, 22.051884287039414, 22.423393862392487, 33.843498588853784, 39.780045719320945, 61.48202427167545, 51.7030386265413, 60.39971155075477, 19.310212732907452, 62.74417042622158, 65.21218522929541, 69.63636773573766, 20.66399552306082, 28.98808187495915, 54.64570911250176, 53.46598941064714, 43.68446844842859, 66.45906206219637, 17.574780944129774, 25.54575794317723, 73.68158391651689, 41.0003641445333, 82.51754421378823, 14.287710500116232, 63.93996031783367, 27.19490277150353, 30.00023634851476, 63.602676569715456, 53.72852868800514, 85.85081771266366, 57.64445494265477, 10.462801427889564, 44.992947996294916, 27.77486353579097], [65.58047396446891, 80.98641758548072, 77.55910060968667, 46.49782445610375, 41.950170010754135, 56.76768604823385, 46.42299680959508, 10.358596522279523, 35.88053684611241, 49.16146410387697, 0.0, 27.091457790468542, 73.93766969847508, 69.0236514066188, 68.33363052157671, 66.90245262263396, 88.3179829314137, 63.102205516901314, 111.90535329809907, 114.3199569559692, 35.7850412134405, 9.23968529384647, 76.2630918800145, 47.54160140485356, 44.20555375808694, 28.160300092051827, 79.25053485410251, 72.60893338758615, 25.240732224711184, 11.393022417787353, 67.70303233826493, 16.10908694040691, 99.11809764269995, 89.39836399318463, 63.856955768767236, 20.310219874970144, 5.495775015564866, 31.97946513828222, 34.15878924080013, 68.46440516583736, 64.04467892189375, 23.629630331993962, 73.93541528692933, 27.360285329871278, 78.16611034268757, 51.24412649939812, 20.902362322511898, 59.130946782516226, 79.00138574394607, 51.7931286092206, 6.586969945795485, 84.6095187921521, 97.5181814497734, 52.89753996801081, 65.87141704847588, 64.58598288260367], [50.326853440144106, 70.47816384714464, 92.1269670544554, 50.849731055113274, 49.20112204173593, 40.857234392473764, 36.85042075035038, 37.41774647833119, 29.433358903958, 64.5080108174286, 27.091457790468542, 0.0, 54.74010493675264, 51.391658922913436, 79.12363345105331, 88.65521911169363, 77.99812760418452, 83.60570809574278, 111.55580819774347, 115.84082939893925, 20.1093078603287, 32.19753409853242, 58.402155161031594, 53.0512046877691, 67.13671802736154, 31.902521189359977, 82.95832572068333, 61.45868619723453, 14.15011346630959, 23.010864843561187, 83.78635648433733, 15.521307404400433, 96.86195148393023, 80.10544065697607, 72.50549513222036, 40.654962709979124, 25.889335492307698, 17.391189972526234, 27.69094592844101, 53.25594201865903, 81.6503434664031, 42.51071809033509, 56.78479775267305, 25.473891824291975, 58.16692929204874, 60.45787508520536, 8.660829916358288, 62.926179843632106, 91.65267400911453, 33.11382318577015, 20.968294282820075, 65.29746106253545, 99.42095463407904, 63.98064369777648, 61.70166403132556, 86.14162107052846], [13.145005776209, 29.21277285979487, 94.91252662904587, 53.43983640021286, 57.84199734778249, 18.102823361171094, 31.788773906181557, 81.90664168407908, 40.87999085091981, 77.79501842217056, 73.93766969847508, 54.74010493675264, 0.0, 6.4087713460226805, 78.14607498063013, 108.0509606986499, 34.42012424821616, 101.14515650951694, 79.83654042320676, 87.00826966059456, 38.24932655086229, 72.7176515671895, 5.349142420556798, 55.90373263591676, 94.0214230403494, 52.8404462249314, 66.53833641113518, 23.725161651784852, 48.89055337899494, 75.6116412059988, 91.89127766848512, 69.33928293053303, 64.34150799947315, 37.98742258301597, 69.97158146006439, 73.37654731045758, 75.86131313729673, 42.09156762137055, 41.97710987402182, 12.364067451641628, 93.47151666800114, 72.30991855648705, 6.629637261916782, 48.86239497222849, 4.7789466216125, 64.92040365200428, 63.087859558771385, 56.05979008591397, 90.59053134055503, 22.32823369575225, 70.44449157321937, 10.725963731942771, 74.54454281089443, 69.90207471725859, 39.69843286878413, 105.55728030108523], [6.861562998320426, 26.05575284052603, 88.72596984267057, 47.03130392948696, 51.44954294632546, 12.408361240096951, 25.65792032335415, 76.64018556318999, 35.1082790674476, 71.38664602638414, 69.0236514066188, 51.391658922913436, 6.4087713460226805, 0.0, 71.97473296772273, 101.64277753805507, 32.20967785757818, 94.73640147994533, 76.34117717095228, 83.20014941264623, 33.68832579284294, 67.31478400402095, 7.255102117101407, 49.49813139256411, 87.73879899745715, 46.92049370826395, 61.08084378278817, 19.19236271728015, 44.27739425280194, 71.39125145399615, 85.55533439980258, 65.46750526655154, 60.70054439915893, 35.517696716694005, 63.780487373669985, 67.49883053505212, 71.24812092636762, 37.51700369221978, 36.31957653748992, 6.783792953994116, 87.08615191537658, 66.3139681626288, 5.420681216582974, 43.3004704513602, 11.14858436322911, 58.53243412936826, 59.48447685131639, 49.85363092745606, 84.51821382152376, 18.312972342448525, 65.88206825196025, 15.944243880988466, 70.05887449820098, 63.51728574012218, 33.95799449838922, 99.14986266752054], [65.11351669379589, 58.780969152098635, 16.7761507198638, 29.625648834514966, 29.95557181150485, 64.66167460900165, 53.11883090575478, 65.74762271253766, 52.858946052552334, 21.18065482379826, 68.33363052157671, 79.12363345105331, 78.14607498063013, 71.97473296772273, 0.0, 39.09500026162253, 61.758896938188144, 32.535751092445395, 54.05686450915751, 52.844425105932544, 65.11125537694195, 59.340580326567405, 75.66409797426935, 27.002732361353395, 41.69430476292602, 47.22690268934522, 22.266221097076546, 57.34063828409042, 65.23707960022674, 79.17039593531062, 16.905177848169245, 80.33336633529106, 48.19002248283148, 59.67773477978836, 8.226547050628893, 48.87567487894814, 73.8100889042693, 65.03293774188211, 53.9364348159635, 65.86323785638004, 21.655102007259924, 45.28524467016276, 72.75125061058166, 53.821443918546166, 82.51231671572543, 18.668779650791375, 80.29974188291472, 22.14487104900818, 13.196468376556012, 69.51358498792978, 72.06710287927365, 84.10330386826612, 38.12500644132901, 15.590927172705648, 39.48609485197335, 37.43774380292234], [95.08633449249852, 94.66938153452779, 30.105564063954855, 54.63496902362593, 50.391200757251625, 91.44297429238779, 77.6661409864777, 59.04828678942275, 72.20280313890619, 30.25677735952855, 66.90245262263396, 88.65521911169363, 108.0509606986499, 101.64277753805507, 39.09500026162253, 0.0, 98.85743732373193, 7.089186129376856, 91.31925217216438, 88.4312753367148, 82.72103707187365, 58.386285720338144, 106.91545284976927, 52.252890205234095, 22.816077371849182, 61.35414067009507, 61.34546206649843, 91.1509652761245, 77.68886578029908, 77.99798280513811, 22.59851243775342, 82.69871280380185, 87.13868810734047, 97.2684111804061, 44.35844551798333, 48.248202706241166, 71.77627138013017, 80.84549411204002, 72.28364105075913, 96.67853447889982, 17.46135523235078, 46.14650444660607, 103.89984794057928, 68.29065509812706, 112.77431995564852, 43.778918240151995, 85.86630064011143, 55.510823205608204, 36.64531142060792, 93.19708308875545, 72.96343809765597, 116.03968423195825, 75.83463652166196, 39.04287567165738, 74.00548166447236, 2.59667603001066], [29.30905404915064, 7.543748861487474, 77.47751512605306, 49.42741284122892, 55.46608382466381, 38.024721962271066, 42.55720257777255, 93.24412013840266, 52.73019407949724, 70.72697471614033, 88.3179829314137, 77.99812760418452, 34.42012424821616, 32.20967785757818, 61.758896938188144, 98.85743732373193, 0.0, 91.80787252052609, 46.27839031776584, 54.00622370331397, 58.03415821636891, 83.57886687855479, 29.184489004388286, 50.642819538913265, 91.8066467618807, 60.95468886996836, 42.90830156553376, 16.541828435984502, 67.108720607338, 93.94243738265706, 78.2744395789829, 89.674947136247, 31.428994343382392, 3.770147348884753, 54.89347514363742, 79.51056172227165, 92.00454694131987, 61.29418699537354, 54.570950476910795, 26.874700821349784, 81.87983582814222, 77.04119823531725, 28.092493630317414, 61.02809069489664, 35.99935867832737, 56.46278014741959, 84.90324718816888, 43.64868989837925, 71.53655592194558, 46.781766846277236, 87.19785164892309, 32.51060990411845, 44.14433685748716, 60.54003051854331, 26.106350370716406, 96.72775383308978], [88.1481992207843, 87.58545421237444, 25.492396309719062, 47.707302781188446, 43.628022118294936, 84.68044314342876, 70.97786551864957, 55.97225560020894, 65.8691785172309, 23.37804013175607, 63.102205516901314, 83.60570809574278, 101.14515650951694, 94.73640147994533, 32.535751092445395, 7.089186129376856, 91.80787252052609, 0.0, 85.50793506442051, 83.02225105179777, 76.66795730701747, 54.278091872780486, 99.93794406173826, 45.28835742400923, 20.194555620994624, 55.335114897115545, 54.79668300331652, 84.07234053595167, 72.13509508958502, 74.37872893030614, 16.624672467212815, 78.58970439955519, 80.70942046890264, 90.25062083395743, 37.43901616685677, 43.70947461519381, 68.18403161455225, 74.95735970845752, 66.04010648020132, 89.70339126912694, 10.947995668946085, 41.2761519412192, 96.92236930150156, 62.36759719418955, 105.85727491344304, 36.72189028095782, 81.32609398292882, 48.42598287031508, 31.54174395161648, 86.67270450346003, 68.91614418710701, 109.04271373462763, 69.8510743253746, 31.963927520564873, 66.91657293690642, 4.968219957712939], [71.49121929000437, 50.62391661656003, 61.94904554391772, 65.41221463582492, 70.30449455845965, 77.85643827467248, 75.24469474119726, 112.81045132516493, 82.27961708647584, 73.55247252756783, 111.90535329809907, 111.55580819774347, 79.83654042320676, 76.34117717095228, 54.05686450915751, 91.31925217216438, 46.27839031776584, 85.50793506442051, 0.0, 8.526497573350994, 92.14482228389565, 104.31850255691252, 74.85320005533788, 64.53543679693, 95.42541116643109, 84.53619232721465, 34.076326196764796, 57.36997881843962, 98.07627315005459, 120.79791081860195, 68.90109172208004, 119.06328877391982, 15.695849234630254, 42.51357854954906, 52.93046733778989, 95.99989948000395, 116.86667876123326, 94.25584610241911, 84.11083008287841, 69.92472836255887, 74.64165210223511, 92.5607599490719, 73.24521190705958, 88.27328636288115, 81.99356123434997, 63.331531967199375, 116.29353681068173, 52.92923009049091, 55.043828659430844, 86.36243062048855, 113.36905010364559, 78.7847793365922, 15.966712013341187, 64.23747798839162, 50.014627669476006, 90.14043653845675], [78.03009335175106, 57.85674165941266, 58.52030859743612, 67.96995446066713, 72.39937998267303, 83.85615650230143, 80.11648765646645, 114.46958606485812, 86.41872138306961, 73.28086771678873, 114.3199569559692, 115.84082939893925, 87.00826966059456, 83.20014941264623, 52.844425105932544, 88.4312753367148, 54.00622370331397, 83.02225105179777, 8.526497573350994, 0.0, 96.84440290093588, 106.35729877314655, 82.14134601719307, 66.78083646350517, 94.53791853046593, 87.58468148704837, 35.19455309061299, 64.06542784798188, 102.09377677935954, 123.68197954982858, 66.42930866543507, 122.4503603472118, 22.718183325860828, 50.23697769138508, 53.0311770114425, 97.46287399355809, 119.43559587695718, 98.70748774659015, 88.19692202499617, 76.64981404762358, 72.3534583775408, 93.94133116700992, 80.38678178795209, 91.85113943523884, 89.3859771045631, 64.37858971245231, 120.09945883448317, 55.22021996262523, 51.79959738069585, 92.16678428153566, 116.23657727593978, 86.4903806743612, 16.813791222886806, 64.62697694302268, 54.97641987399137, 87.4658114403397], [31.306663989458816, 50.49721495238819, 79.91667630860267, 35.52873271313738, 35.89458063906049, 21.927833785253984, 16.957602459431403, 44.30073869828291, 12.255145724360805, 54.69974520891801, 35.7850412134405, 20.1093078603287, 38.24932655086229, 33.68832579284294, 65.11125537694195, 82.72103707187365, 58.03415821636891, 76.66795730701747, 92.14482228389565, 96.84440290093588, 0.0, 35.671776662573016, 40.936475936429886, 38.11249115295673, 63.903956773369025, 21.36693556392736, 65.24798417819471, 41.497330413025225, 10.641760419603747, 37.75800805065393, 73.07858204911129, 32.249480475921295, 77.19166371425753, 60.05130941922038, 57.634629847488924, 39.108656897738335, 37.6263704851889, 3.843958804414343, 11.27204854746672, 34.26948627994617, 72.2604221173015, 39.25548392739998, 38.847388659142354, 14.581258365666953, 42.3993751109372, 46.8896558999426, 26.942830576436673, 46.15963949423168, 78.19511896527644, 16.010652138379022, 32.22785490773337, 48.961161045235336, 80.72702952425014, 51.24595724316379, 42.133459998355214, 80.12520542568218], [63.098729286944085, 76.45443131965347, 68.32212725036052, 39.05411372506092, 34.02979273059269, 54.90701800583987, 43.05872885718851, 9.691686729341527, 32.60936906310774, 39.94226535517311, 9.23968529384647, 32.19753409853242, 72.7176515671895, 67.31478400402095, 59.340580326567405, 58.386285720338144, 83.57886687855479, 54.278091872780486, 104.31850255691252, 106.35729877314655, 35.671776662573016, 0.0, 74.43608217511735, 39.783210796978324, 35.936868815737846, 22.624486907570933, 71.18290358571929, 68.4941725808813, 26.051612276089507, 20.59409331011629, 58.46935162801676, 24.33440254055847, 92.05423364808986, 84.32770537210713, 55.16306826343111, 11.077677435770559, 14.707093473089557, 32.154524850535175, 31.15619581347021, 65.86466641049282, 54.86641383258842, 14.399384038354016, 71.89241276280583, 24.099109565284344, 77.18503923113458, 42.65444184929204, 27.792407582065298, 51.39172397705994, 69.82460244094433, 51.24763416000874, 14.638054640647999, 83.19170512951456, 89.6033199339803, 44.00992976715183, 59.888320284703475, 56.00651395915216], [12.143490316566353, 24.284619452964787, 92.43624314379477, 52.32383347983974, 57.1059890893859, 19.56143041135238, 32.30594527429501, 83.80451631975805, 42.0802984949224, 76.69647483916341, 76.2630918800145, 58.402155161031594, 5.349142420556798, 7.255102117101407, 75.66409797426935, 106.91545284976927, 29.184489004388286, 99.93794406173826, 74.85320005533788, 82.14134601719307, 40.936475936429886, 74.43608217511735, 0.0, 54.6629962676642, 93.85584422456563, 53.73273823291738, 62.902174389591956, 19.67648490372467, 51.53113787944732, 78.61978947568505, 89.95905275403244, 72.6336550836602, 59.438838259257565, 32.79281361448568, 67.5675459903114, 74.31664867043547, 78.50320090078196, 44.76756944883016, 43.36087321313866, 10.23760407557869, 91.858003401698, 73.00436259628235, 3.015647925609378, 50.37743455664836, 7.4597312929831645, 63.40068398037815, 66.58041018781529, 53.75613785128312, 87.8415445206487, 25.432900254999424, 73.13624852779503, 9.281837863321938, 70.05556041916304, 68.33673143726536, 36.59592117623159, 104.46044026141995], [42.867718217006576, 44.94559819229094, 42.31387451410458, 2.7297127249261752, 5.839351395947, 40.03187630613919, 27.097491818736437, 48.42319752738076, 25.85826539942021, 22.051884287039414, 47.54160140485356, 53.0512046877691, 55.90373263591676, 49.49813139256411, 27.002732361353395, 52.252890205234095, 50.642819538913265, 45.28835742400923, 64.53543679693, 66.78083646350517, 38.11249115295673, 39.783210796978324, 54.6629962676642, 0.0, 41.34925970026523, 21.747075735350517, 31.79897910888355, 39.801561772730494, 38.94409465020808, 57.075453533411306, 36.93387714114299, 56.58317262366931, 52.60526648314756, 50.15488711786884, 19.64460234255637, 32.00492196400159, 52.665002003756584, 38.15026546570836, 26.972805089049128, 44.42581791134188, 37.76197854347015, 28.80099746899804, 51.64745175613604, 27.581321308293244, 60.59596038020361, 9.44925749238772, 55.34980986817065, 11.615773243061323, 40.1240793253998, 43.526617725034484, 49.644672305514575, 63.80254275137864, 49.976728473270285, 14.383332119316837, 24.544970424028268, 49.79900636537511], [81.71773747171795, 86.28866841871555, 41.8884213596987, 42.978617947231115, 37.32631789427558, 76.34557731744937, 62.359529769627336, 36.24332503787546, 54.893760318128066, 22.423393862392487, 44.20555375808694, 67.13671802736154, 94.0214230403494, 87.73879899745715, 41.69430476292602, 22.816077371849182, 91.8066467618807, 20.194555620994624, 95.42541116643109, 94.53791853046593, 63.903956773369025, 35.936868815737846, 93.85584422456563, 41.34925970026523, 0.0, 43.030345492974966, 61.99771096185172, 80.9181057427453, 57.377140943046655, 55.217875768885065, 31.290708932180582, 60.13004436510428, 87.60439850609379, 91.04280308589624, 42.873890187154004, 26.496571592693478, 48.99618211625216, 61.474151446511854, 54.53335891697881, 83.79562938269514, 25.649814314312163, 25.10454493204995, 90.89761185752333, 49.3435337731286, 98.79919244213418, 35.832707109431446, 63.66111179850716, 48.967614120499604, 46.316432055810445, 76.39426886035194, 50.38540552836276, 103.13756303698484, 79.461456008685, 32.76306631324957, 65.72890255437557, 20.636638614137418], [41.875355617892936, 53.841279428814424, 60.51607571536106, 19.938545794530583, 17.361498854307005, 34.74231894172724, 21.482872446527523, 32.2978125232063, 12.142767494140905, 33.843498588853784, 28.160300092051827, 31.902521189359977, 52.8404462249314, 46.92049370826395, 47.22690268934522, 61.35414067009507, 60.95468886996836, 55.335114897115545, 84.53619232721465, 87.58468148704837, 21.36693556392736, 22.624486907570933, 53.73273823291738, 21.747075735350517, 43.030345492974966, 0.0, 53.12359049498819, 45.99232436975406, 18.204367698591252, 36.26840947632195, 52.75733882572856, 34.996460914361904, 71.23756335309217, 61.739535912168854, 40.78135664002387, 20.58603735402086, 32.673142459954136, 19.698505680315, 11.540155623253431, 44.46032298917287, 51.39610266869868, 19.527228978276874, 50.98333741313605, 7.1574593956092, 57.53193392876902, 28.56829186272374, 33.61584615705087, 32.67126361507115, 59.778335341618295, 33.520240295770726, 28.853448985323464, 62.83365452925154, 70.80065777976314, 32.12267110180053, 37.72338417214676, 58.75835818279972], [54.57142067883545, 41.823847872244336, 35.57696824829397, 33.23138328470329, 37.30043600440466, 57.3021165540476, 49.622596392263965, 79.28558154782279, 53.77175886404418, 39.780045719320945, 79.25053485410251, 82.95832572068333, 66.53833641113518, 61.08084378278817, 22.266221097076546, 61.34546206649843, 42.90830156553376, 54.79668300331652, 34.076326196764796, 35.19455309061299, 65.24798417819471, 71.18290358571929, 62.902174389591956, 31.79897910888355, 61.99771096185172, 53.12359049498819, 0.0, 43.272268628676024, 68.88713716556308, 88.8692243718914, 38.9520955889342, 88.11998325124272, 26.02303279970619, 40.17663005941092, 19.135255355682514, 62.30638204895082, 84.4312226150403, 66.46159323847887, 55.391067795017015, 54.36554061169559, 43.91966238363206, 58.80445631881798, 60.30673571283696, 58.04853053295058, 70.27496983240819, 29.34124789329939, 86.3414991885949, 20.452966859277957, 29.130855857349914, 64.31930877616746, 81.43412774320205, 70.15047615806905, 18.55760579793389, 30.19110690296289, 27.35238010340439, 59.70378174516067], [14.190147112727816, 9.02334679654773, 74.00196024334441, 37.96239202359457, 43.630576534523186, 21.903022312208133, 26.36022699047407, 78.18527657600013, 36.769079298397614, 61.48202427167545, 72.60893338758615, 61.45868619723453, 23.725161651784852, 19.19236271728015, 57.34063828409042, 91.1509652761245, 16.541828435984502, 84.07234053595167, 57.36997881843962, 64.06542784798188, 41.497330413025225, 68.4941725808813, 19.67648490372467, 39.801561772730494, 80.9181057427453, 45.99232436975406, 43.272268628676024, 0.0, 50.69914655718059, 77.72091693368839, 72.55694982300787, 73.2495996044102, 41.684437994476205, 18.81231209404035, 49.478922713168394, 65.54079250630566, 76.05129407977482, 44.786533324189946, 38.55537787163758, 12.584973727179651, 75.1268546431827, 63.42888432452194, 17.23148330600902, 45.2492205878025, 27.106674679145105, 47.423069774440826, 68.3862461347628, 36.150643347070954, 69.01161125267764, 30.737029577575704, 71.11972106163921, 27.089998494491148, 50.930252825673996, 52.10858244255089, 17.85857731387385, 88.81675023163201], [41.56161196546467, 59.57537188871651, 78.71769739771187, 36.71211911444953, 35.28152525347579, 32.328074929071185, 24.69911230880875, 34.13315213829436, 15.819433872137433, 51.7030386265413, 25.240732224711184, 14.15011346630959, 48.89055337899494, 44.27739425280194, 65.23707960022674, 77.68886578029908, 67.108720607338, 72.13509508958502, 98.07627315005459, 102.09377677935954, 10.641760419603747, 26.051612276089507, 51.53113787944732, 38.94409465020808, 57.377140943046655, 18.204367698591252, 68.88713716556308, 50.69914655718059, 0.0, 27.389566397770242, 70.81075822471605, 22.56714900431495, 83.66750756067005, 68.82652210591729, 58.463047962456095, 31.353469251967226, 26.99027035106132, 6.799009894554479, 13.968344413355995, 44.51388220722159, 69.13765015542751, 32.274908812906816, 49.38210478589745, 11.424082496756458, 53.02019488136135, 46.57469271327483, 18.37518689448528, 48.790030642749024, 77.91936876463701, 26.625319395773, 21.605798440403646, 59.602912946295376, 85.56910615337182, 50.29630798413853, 48.575955035423796, 75.1192753979654], [68.94187768954353, 86.45632316422537, 88.84667331501107, 55.72395840734104, 51.732086518556066, 59.654661489013776, 51.39883825577579, 19.56414451297967, 41.31704351678717, 60.39971155075477, 11.393022417787353, 23.010864843561187, 75.6116412059988, 71.39125145399615, 79.17039593531062, 77.99798280513811, 93.94243738265706, 74.37872893030614, 120.79791081860195, 123.68197954982858, 37.75800805065393, 20.59409331011629, 78.61978947568505, 57.075453533411306, 55.217875768885065, 36.26840947632195, 88.8692243718914, 77.72091693368839, 27.389566397770242, 0.0, 79.05697105854308, 7.849009220143324, 107.42014532755137, 95.40194209431833, 74.31047839217075, 31.670992238746443, 6.22203042608601, 33.97773175170492, 39.440789652030766, 71.89693021121658, 75.43641489292794, 34.92636880608206, 76.59517563221695, 33.49606904770377, 79.46753885109617, 61.636831905587165, 14.699085334126398, 68.50793026073974, 90.12544828040959, 53.31343931843418, 7.445406747325669, 86.3287843338593, 106.87196032435311, 63.63574146985688, 73.21502647837738, 75.72406319708462], [78.74635111315254, 74.85049102566089, 10.665307281957324, 39.63787644193088, 37.4072068251668, 76.8543348164793, 64.00761678533996, 62.670738347461565, 61.23007538856428, 19.310212732907452, 67.70303233826493, 83.78635648433733, 91.89127766848512, 85.55533439980258, 16.905177848169245, 22.59851243775342, 78.2744395789829, 16.624672467212815, 68.90109172208004, 66.42930866543507, 73.07858204911129, 58.46935162801676, 89.95905275403244, 36.93387714114299, 31.290708932180582, 52.75733882572856, 38.9520955889342, 72.55694982300787, 70.81075822471605, 79.05697105854308, 0.0, 81.82207288251267, 64.59519831436225, 76.34343536138323, 23.442775765356345, 47.39310209065353, 73.1323529799094, 72.16169487838624, 61.86916901026142, 79.87533050875065, 6.052369335696254, 44.159156380953156, 86.97714627486447, 59.87919443257642, 96.44686607508858, 27.492882130161387, 83.21469611343728, 36.43285645445107, 15.401229876119043, 80.38491382017669, 72.62635085113767, 98.74437989137438, 53.299802160895794, 22.562755566781938, 54.80873538337053, 21.255217582748873], [63.54305308432946, 82.14023456046031, 91.20592673909607, 54.91476889177538, 51.63571796666344, 54.12045124915337, 47.23170742104447, 25.864669957323862, 37.76036971266854, 62.74417042622158, 16.10908694040691, 15.521307404400433, 69.33928293053303, 65.46750526655154, 80.33336633529106, 82.69871280380185, 89.674947136247, 78.58970439955519, 119.06328877391982, 122.4503603472118, 32.249480475921295, 24.33440254055847, 72.6336550836602, 56.58317262366931, 60.13004436510428, 34.996460914361904, 88.11998325124272, 73.2495996044102, 22.56714900431495, 7.849009220143324, 81.82207288251267, 0.0, 105.16411361732764, 91.38079080243196, 74.82749363713954, 35.01331696704257, 12.507763661866534, 28.644559305974038, 35.85540581152074, 66.50579387472341, 78.66339323987968, 37.880550127730416, 70.76867736429213, 30.82217335909558, 73.01327251829309, 62.19721177849025, 6.961017292967105, 67.66737570743794, 91.90867109235263, 47.20511585813754, 9.744841322956423, 80.01058870889901, 105.70314302805026, 64.74678563839156, 70.39050321896335, 80.33200256420525], [55.79619959895966, 35.156766617858345, 59.78022030733382, 53.03296653359608, 58.44416639280596, 62.23172283921323, 60.237513456041206, 100.96354776953406, 67.85181152989921, 65.21218522929541, 99.11809764269995, 96.86195148393023, 64.34150799947315, 60.70054439915893, 48.19002248283148, 87.13868810734047, 31.428994343382392, 80.70942046890264, 15.695849234630254, 22.718183325860828, 77.19166371425753, 92.05423364808986, 59.438838259257565, 52.60526648314756, 87.60439850609379, 71.23756335309217, 26.02303279970619, 41.684437994476205, 83.66750756067005, 107.42014532755137, 64.59519831436225, 105.16411361732764, 0.0, 27.67338949215923, 44.83571024649752, 84.58565827840668, 103.86607411233977, 79.48863489888045, 69.7199937384956, 54.24905101228308, 69.7889575033591, 81.30532680164605, 57.72899038461218, 74.35649211905006, 66.66958469611649, 53.209542891286354, 102.00122570141498, 41.32199269608783, 52.89863839920939, 70.7915428257467, 100.04931680361722, 63.83868409095237, 15.087694884813242, 55.12638467198749, 35.16227210742083, 85.58434615184012], [32.21568484318743, 9.913554174502734, 75.11835180339212, 49.126687870169384, 55.19964897396693, 40.63237718361042, 44.15466325246194, 93.95470317335656, 54.09496344538416, 69.63636773573766, 89.39836399318463, 80.10544065697607, 37.98742258301597, 35.517696716694005, 59.67773477978836, 97.2684111804061, 3.770147348884753, 90.25062083395743, 42.51357854954906, 50.23697769138508, 60.05130941922038, 84.32770537210713, 32.79281361448568, 50.15488711786884, 91.04280308589624, 61.739535912168854, 40.17663005941092, 18.81231209404035, 68.82652210591729, 95.40194209431833, 76.34343536138323, 91.38079080243196, 27.67338949215923, 0.0, 53.07860586915486, 79.79320687917267, 93.24318663689553, 63.19858352412491, 55.963553100016874, 29.92100476269411, 80.14807701243257, 77.20053842596445, 31.58535977928681, 62.23581325021834, 39.68821504952415, 55.44327985772863, 86.80276861128816, 42.451575250913145, 69.03937071314365, 49.44524384248985, 88.54133142863233, 36.27924009077698, 40.558980345902256, 59.332943216760704, 25.683291284055663, 95.19260416363883], [56.91892979508155, 51.42019342635589, 24.945536107077167, 22.12996167707969, 23.438807779476992, 56.454204560944994, 45.08382802289543, 62.400157436288474, 45.38992986395243, 20.66399552306082, 63.856955768767236, 72.50549513222036, 69.97158146006439, 63.780487373669985, 8.226547050628893, 44.35844551798333, 54.89347514363742, 37.43901616685677, 52.93046733778989, 53.0311770114425, 57.634629847488924, 55.16306826343111, 67.5675459903114, 19.64460234255637, 42.873890187154004, 40.78135664002387, 19.135255355682514, 49.478922713168394, 58.463047962456095, 74.31047839217075, 23.442775765356345, 74.82749363713954, 44.83571024649752, 53.07860586915486, 0.0, 45.307347929078695, 69.2599722611897, 57.78616102649376, 46.57753515575569, 57.711405199552225, 27.086888533393456, 41.71049140192379, 64.63953686219024, 47.050706336664966, 74.36363200682852, 12.678605591803814, 74.2672852986018, 13.931494890321245, 21.25227132694421, 61.427491913217004, 67.03532272772743, 76.08943797319144, 37.07109709121069, 11.651398731751318, 31.631180474933497, 42.40680028818016], [62.425469989165, 72.77857681059079, 57.2857421849042, 31.89729152934098, 26.17962995145158, 55.27397215134377, 42.0409675346799, 17.099092082988143, 32.51907483944444, 28.98808187495915, 20.310219874970144, 40.654962709979124, 73.37654731045758, 67.49883053505212, 48.87567487894814, 48.248202706241166, 79.51056172227165, 43.70947461519381, 95.99989948000395, 97.46287399355809, 39.108656897738335, 11.077677435770559, 74.31664867043547, 32.00492196400159, 26.496571592693