instance_id,num_cities,city_coordinates,distance_matrix,best_route,total_distance
1626,95,"[[16.45663290539201, 13.994531900183071], [7.852314452633613, 74.47719495102929], [43.52432416943003, 56.641678908589085], [15.429276135987081, 89.23382702339848], [24.91920684465, 72.26038078946206], [87.5239147177876, 88.59183778256822], [19.402038043674708, 44.488931822088375], [77.715305184058, 22.94385218813807], [88.99559306741219, 88.94983511504057], [60.688000925373146, 99.94860644616175], [24.243164606139946, 25.783695818319707], [70.67918625902175, 40.80387913513124], [36.72094799652819, 28.404531194023384], [82.55686965355727, 66.15639737089111], [18.241223604971957, 36.586421732929395], [62.99415293168362, 86.7130272184471], [99.41901977550594, 99.34824183494275], [11.142592852066214, 59.66090386471345], [10.636800991610318, 84.7753913026211], [33.83722461922858, 52.34277762043461], [78.35185516678223, 11.29011417026755], [84.23588961525365, 97.10787227459876], [4.758294891952463, 93.86317209697434], [25.511238606680553, 99.82899916070475], [65.21485980600585, 69.18342835625951], [29.524192343287204, 46.68983292427497], [58.82046755249234, 11.476788300775443], [67.77193902334355, 25.545711694079888], [89.45312161094033, 93.3191867380476], [81.7612756271351, 66.71620979580037], [78.43195951532161, 13.100609222902948], [73.16215879092411, 34.09294690061778], [43.62913590723612, 98.93220508525098], [31.33030664400387, 46.919685100739294], [29.06122761327903, 79.70884462803618], [13.33992399632301, 1.2088471194368178], [74.30978973601155, 67.28707255766342], [32.50851300866735, 6.347844352238486], [28.98132617854775, 65.08374934641138], [22.042038280875964, 74.16943029661509], [47.096927336801144, 73.08927037368787], [0.215386344542845, 90.96942843542146], [28.538775035325102, 80.90923479702045], [91.7137144440757, 25.818430084792265], [67.25148523275351, 95.13958145942335], [82.30905840395113, 67.0075614640428], [32.56608466293757, 16.494248285117962], [39.56019076506298, 36.09837126132026], [25.03409954223379, 95.72373973141383], [21.04591683584144, 73.7517488157874], [11.516825484773907, 52.35922663039161], [37.38484252067597, 25.364394806183753], [46.21947703605145, 34.6170087678521], [51.47898150062312, 82.15083738540801], [3.8894562562657, 27.60725490993422], [63.42505194427673, 7.980999729244109], [95.25306782383586, 95.73963128280202], [33.99445512521262, 6.738359256984716], [32.84631742044994, 82.1838358643226], [35.92931646764808, 85.43754623277555], [90.40583832811235, 96.495159818232], [68.036301891145, 30.874615600938483], [64.031583316868, 35.98540405240948], [47.52265598577454, 42.91899676388099], [72.49143853938034, 39.51149345689181], [99.31486598963258, 22.240492714128912], [18.551587303490713, 3.765572018105723], [73.7093646754473, 82.92735619391453], [41.660435449975395, 87.86738484523879], [87.49647032370297, 64.3203386672457], [60.47173821290258, 20.156813254285023], [75.94454549254976, 1.6458872199885621], [65.81967153762524, 78.00738567075406], [11.242843010006709, 27.863182057274393], [11.275088839190317, 75.3602056136605], [13.49000357578255, 53.39823721126709], [23.943801195059066, 87.2586261049709], [25.975154082416807, 8.252845947980303], [41.33646484516264, 88.5268560161288], [47.98765586261396, 70.4513065404123], [35.79616285474941, 25.69813218081385], [40.69678245325943, 10.78190497160434], [57.286065955374596, 54.26756479250481], [60.25483413318031, 95.35701354441915], [29.985657464044436, 46.780750793512226], [45.424119280896825, 22.632363902015328], [90.61831180908385, 97.41860380987856], [83.71197836460325, 54.843906650238026], [10.913223135254835, 59.513542109029025], [65.22275078444318, 63.95104014671627], [19.11716493449831, 42.65828789054261], [84.1188785694943, 25.58906757213586], [42.28397622014338, 34.725024424624436], [78.35068818427557, 83.53924556190874], [64.75514056367318, 15.889360618407]]","[[0.0, 61.09162647825541, 50.511771482713556, 75.24630883020075, 58.87719681222691, 103.03065849111412, 30.636315673163452, 61.908927166939364, 104.3081886594642, 96.66704116695963, 14.12849821514825, 60.488233495046345, 24.865448834905994, 84.20274049903448, 22.6622648951947, 86.334931120317, 119.02946456576852, 45.97452066189703, 71.0197191014747, 42.10312242748601, 61.95427680188654, 107.24670152659615, 80.72082010956768, 86.3107273419902, 73.64223640365134, 35.20999600566448, 42.43858525963391, 52.599338366656326, 107.80022369404243, 83.93015954437197, 61.9817731769623, 60.16197263624631, 89.17821059809751, 36.12882344836004, 66.9122313560396, 13.16007635754734, 78.65801068548235, 17.780176751253556, 52.602053960417095, 60.43355980106916, 66.565875327343, 78.66964336045353, 67.99673243781587, 76.18026575170299, 95.73210585237338, 84.53947745037193, 16.30223966005284, 31.974272474571208, 82.17807704386033, 59.93318363388406, 38.68141025214676, 23.817299179430783, 36.209300502819346, 76.62797712664212, 18.5267416636211, 47.35182104400195, 113.53915372650442, 18.97965357012434, 70.13132633578908, 74.04923836234084, 110.7918705931263, 54.27153469752221, 52.411586168231594, 42.44670137575069, 61.57121705411873, 83.26753664896944, 10.441286041444364, 89.60808869875729, 78.05402017159766, 87.05943560106383, 44.44438329776168, 60.756075987632855, 80.83535755385667, 14.816310682926806, 61.5840426508277, 39.515223418602226, 73.64567325135823, 11.116168538268576, 78.575272035645, 64.66508185648951, 22.60512504258432, 24.45211283069842, 57.349453192938455, 92.40203379849649, 35.4678820178188, 30.2279243185326, 111.62226655917866, 78.68896307811073, 45.855312476011704, 69.81251298427419, 28.786964726291878, 68.64847227548123, 33.11804618337187, 93.09855679416789, 48.33566196803816], [61.09162647825541, 0.0, 39.88230070764925, 16.58820479950382, 17.21026092038095, 80.91221805804362, 32.13552614350741, 86.81314929350694, 82.42383743597804, 58.65494496289292, 51.37817461278561, 71.28189124184023, 54.369921356921246, 75.16652340063017, 39.28918589689809, 56.48307659933215, 94.88430058122132, 15.177233394140549, 10.667999502328513, 34.13426411878452, 94.67202553289123, 79.66553904133924, 19.631328710634474, 30.895818146864162, 57.60629804264102, 35.2392931216463, 81.03581842930932, 77.36052909862978, 83.74790972549242, 74.31532434480559, 93.53379909325325, 76.78712950806862, 43.336225886195855, 36.202658279287625, 21.84463677424563, 73.47356431040495, 66.84529812239879, 72.4536854842286, 23.122974653809848, 14.19306103010536, 39.2691478779532, 18.174609658307748, 21.663351264743564, 96.95571054266163, 62.89034668045736, 74.83048940279602, 63.030092353332506, 49.78276336293607, 27.324520196521153, 13.213531546915254, 22.419481790117494, 57.308266002010996, 55.32516251453734, 44.29639788884454, 47.03717173194374, 86.66067811463769, 89.94989098724028, 72.60827349641139, 26.155161986148315, 30.140460221609143, 85.43930641778766, 74.31888905237929, 68.10086795851434, 50.69177320014931, 73.49024862986225, 105.32839785283352, 71.5164880104235, 66.39695993854663, 36.36325385294738, 80.2891854111413, 75.62742640433262, 99.70431943404897, 58.07475126022116, 46.73715740133871, 3.5348397886734597, 21.819853300239043, 20.54996174995475, 68.65931631704815, 36.31227483308743, 40.33675008711564, 56.216150955584354, 71.66483826680394, 53.40528942697613, 56.409138385220466, 35.453884016158646, 64.0275489500723, 85.88666112288227, 78.3591387034019, 15.273508710811953, 58.32809700193019, 33.754106459846575, 90.5904950908545, 52.59063028365951, 71.07841768132157, 81.67292055026563], [50.511771482713556, 39.88230070764925, 0.0, 43.029987714838356, 24.29185540695513, 54.37625051891335, 27.010626606601694, 48.005902849797465, 55.78040204814832, 46.584136490087175, 36.38651171113279, 31.43600542004163, 29.045179262731562, 40.1754834991109, 32.271481443131016, 35.824017379465936, 70.34250147583954, 32.52218077628905, 43.27926702061554, 10.598134268861164, 57.181477242072866, 57.40160595823836, 53.74239091364709, 46.7933315980999, 25.055434847747243, 17.17681372213387, 47.68479155885002, 39.432296447322955, 58.776645149270585, 39.541884494498596, 55.806520719495815, 37.2403887764124, 42.290656057802025, 15.595230905961927, 27.226371339585118, 63.11811827022977, 32.574058637126086, 51.48609414114795, 16.815687432869318, 27.725632106735038, 16.83112469190043, 55.26353665028039, 28.52158746719426, 57.203933458249246, 45.22241339135302, 40.146072420548094, 41.61609302599271, 20.92228101182929, 43.23535457149793, 28.24948297728549, 32.292713877333114, 31.87415466703337, 22.18895995270461, 26.720661283960897, 49.131665262106154, 52.57281297556459, 64.84221464385261, 50.80511505990451, 27.684320654164342, 29.780633252875546, 61.531912943008706, 35.5637259483638, 29.107204755424657, 14.293308313972771, 33.65318660292547, 65.54407805574571, 58.476664289862384, 40.02591036688832, 31.2812850183721, 44.63755653148985, 40.228848660799464, 63.84048757721082, 30.880024930613498, 43.2469178886465, 37.28801981057258, 30.208944496058184, 36.34273428865667, 51.472832893018605, 31.96015093208977, 14.512999177737022, 31.894005101268412, 45.94685906248685, 13.965026130272845, 42.17566952179242, 16.749131304346196, 34.062335925210945, 62.294472276513176, 40.22784526672688, 32.73731065471358, 22.896473075051254, 28.129071194813662, 51.10951494342908, 21.95172446084333, 44.004030751333474, 45.951050159820866], [75.24630883020075, 16.58820479950382, 43.029987714838356, 0.0, 19.446250587492532, 72.09749692205536, 44.92091365668554, 90.96103659389878, 73.56686508380588, 46.50976959349358, 64.05937698655838, 73.47116727712776, 64.44795203662089, 70.98367115630579, 52.722446191230944, 47.631627478456316, 84.59656271747738, 29.881991863430656, 6.545644894567129, 41.22865621644239, 100.17221833032346, 69.25569035901049, 11.631881899365197, 14.625444946381048, 53.67143400427873, 44.8180554776428, 89.04466611457026, 82.43743319839616, 74.13649481124553, 70.04981971498775, 98.82107551354804, 79.83484452520466, 29.820976311125897, 45.2032009692657, 16.629954621441513, 88.04977273937948, 62.83768704672323, 84.62733870042798, 27.692676146601993, 16.451889615688447, 35.54556008831673, 15.312568525483481, 15.529256167866455, 99.20094806432833, 52.15763885690771, 70.47632337831818, 74.7309609299377, 58.358184514937754, 11.591876449602273, 16.469407954685146, 37.08157796321673, 67.53777659222924, 62.697952979548774, 36.738943902743706, 62.69770197792279, 94.36957369159447, 80.08847113340815, 84.55866645649866, 18.78977654065454, 20.848582720198998, 75.32736443090886, 78.57032974765495, 72.09423563782376, 56.34756899947557, 75.68619975563698, 107.3540824885928, 85.52526784919452, 58.62030616169157, 26.26672577962639, 76.25196640193688, 82.4648847765439, 106.4600630485587, 51.62581654732253, 61.51326918540712, 14.482218169797319, 35.88802412011697, 8.740626730945667, 81.66477109254778, 25.91683303989809, 37.58764645620983, 66.72027123554679, 82.42057357913849, 54.54017187710361, 45.24183973857543, 44.87930390222591, 73.04413395473108, 75.63320472183314, 76.45386875047058, 30.061438257287676, 55.84451118792405, 46.72131600572026, 93.64249509748426, 60.76499384812032, 63.1785751040022, 88.3880741603266], [58.87719681222691, 17.21026092038095, 24.29185540695513, 19.446250587492532, 0.0, 64.69981402908802, 28.314175413137075, 72.24643931121898, 66.21420661047114, 45.23322307779424, 46.48160151086728, 55.52915641654071, 45.41603943491411, 57.95997573884483, 36.29361947941525, 40.72567382293104, 79.27152289915843, 18.66927721894793, 18.989802660781482, 21.822968565860876, 81.07047130942514, 64.31070430350121, 29.54899258926352, 27.57497453319718, 40.41295935536295, 25.981893879555496, 69.59842378539773, 63.392562370280416, 67.88298360445722, 57.11180802145672, 79.77150663112693, 61.51532672553899, 32.57986581912886, 26.139109751973727, 8.522672679523746, 71.98888961599764, 49.64034118654839, 66.34802203260861, 8.246505463055827, 3.4529073206691723, 22.19320490985515, 30.988823971236688, 9.375710614721733, 81.35330989397247, 48.11943076163986, 57.62974208569839, 56.28797629032227, 39.013450799323174, 23.463640236988503, 4.150488414907543, 23.993327467832408, 48.52448427496419, 43.25187819487187, 28.341537739726878, 49.357391144818514, 74.9302271204429, 74.14935740765692, 66.14752782271064, 12.700946527866918, 17.171493907953668, 69.82709658595373, 59.765085505570006, 53.34465231471865, 37.03826034807828, 57.75471279418232, 89.64766200345262, 68.79015487150488, 49.942605713291584, 22.88771091246996, 63.078983611258245, 63.07744633847615, 87.12055949203993, 41.302252689253024, 46.45593808118511, 13.99181439583966, 22.054640049783906, 15.02992943181826, 64.01624435291755, 23.111135336784283, 23.139275912028396, 47.81580457902177, 63.47074035311313, 37.03181059837416, 42.21446435158552, 25.978461590503564, 53.69722054444576, 70.35132250834172, 61.31821551904202, 18.9380430882609, 41.15119434504941, 30.165337629859444, 75.3844321445688, 41.35744422591209, 54.60893689408259, 69.02603516349396], [103.03065849111412, 80.91221805804362, 54.37625051891335, 72.09749692205536, 64.69981402908802, 0.0, 81.15205724910476, 66.37670399765027, 1.514595409609792, 29.140049134349113, 89.15893691433288, 50.669851672752145, 78.76200417755305, 22.9786971592388, 86.6294094769776, 24.601608533160192, 16.0372613769339, 81.67683433700286, 76.98177395251697, 64.77850767327615, 77.84396668875316, 9.128743207273786, 82.93331532387278, 63.02258162198174, 29.569922007271554, 71.55239902800992, 82.28376957669262, 66.06780273778959, 5.105846392466192, 22.62191656567978, 76.03676241694717, 56.35946363003767, 45.09628369147097, 69.95920166416762, 59.1336904891208, 114.62570190230137, 25.070024338287165, 98.9483141876808, 63.08617039254252, 67.05133838626818, 43.29746996037202, 87.34089571337255, 59.48335138501495, 62.91307603143881, 21.303622801849365, 22.205308161978245, 90.65553207433415, 71.10613787030309, 62.89547699225139, 68.11426020250099, 84.20142353060392, 80.69470928207824, 67.96571738290024, 36.61589404542876, 103.50769048868396, 84.13597565034684, 10.527618897866699, 97.80283733620041, 55.05181318352799, 51.69092883451016, 8.412370824871896, 60.9183452667974, 57.61359652422522, 60.713335494467195, 51.33084393599367, 67.39085638486966, 109.32830060184871, 14.93077843049454, 45.86920058827541, 24.27151463135065, 73.58785793755771, 87.7136255714295, 24.147562993621356, 97.50267446121093, 77.38836823268676, 81.97322440989245, 63.59409004727035, 101.20574857560293, 46.18749558447843, 43.49936365064357, 81.43327647297633, 90.81390840706247, 45.743668568174094, 28.095735602018713, 71.12536849116731, 78.2498879898712, 9.353453472354618, 33.96253398192235, 81.94354974024328, 33.234181514111484, 82.3976602920056, 63.094717095488484, 70.34405175002492, 10.472667911444434, 76.18442926403304], [30.636315673163452, 32.13552614350741, 27.010626606601694, 44.92091365668554, 28.314175413137075, 81.15205724910476, 0.0, 62.16612888880058, 82.58350212038252, 69.13975875339072, 19.32155170659153, 51.409391577846144, 23.635832659738156, 66.76834443792339, 7.987312180599945, 60.688934019722, 97.01680916500335, 17.27446585383703, 41.22897279893701, 16.43342646240435, 67.65532079834276, 83.49958804659077, 51.50004675935531, 55.67625512336139, 52.04452706004073, 10.358666580538728, 51.416088968467726, 51.947020218691605, 85.39056214890256, 66.20216309238786, 66.8562519480365, 54.75606893529045, 59.590454558578244, 12.173419950994495, 36.52043539171074, 43.70257382113543, 59.45264011720931, 40.33016537767629, 22.713636213320875, 29.797677609988423, 39.81188589133448, 50.284830404863335, 37.54888056441148, 74.68310504363545, 69.67824556477082, 66.81603019904536, 30.935326565744354, 21.8346657327913, 51.54343467629054, 29.30895419304578, 11.14083109416222, 26.251269929867444, 28.576737023295895, 49.47069265939858, 22.926648448419414, 57.19138797571123, 91.54241046598723, 40.47276078147766, 40.02067514065736, 44.158124442266256, 88.01242756122103, 50.503873377740256, 45.432436604497774, 28.16440749478916, 53.32222179985339, 82.95211337308318, 40.73223907651173, 66.53418815976217, 48.75578367515469, 70.92345454782577, 47.73648778437639, 70.94069085781167, 57.25454957978317, 18.519935713701727, 31.923077058555574, 10.692421337900678, 43.01016579338549, 36.82743235598299, 49.19814881100592, 38.61583156045099, 24.93715058862215, 39.870161757494685, 39.125710646384064, 65.24195495569126, 10.828916577063726, 33.983205751684956, 88.7316619125595, 65.13826776767252, 17.256850605595865, 49.782641317145604, 1.8526764133105285, 67.42013287076048, 24.878042173329987, 70.70976139527954, 53.61752867508846], [61.908927166939364, 86.81314929350694, 48.005902849797465, 90.96103659389878, 72.24643931121898, 66.37670399765027, 62.16612888880058, 0.0, 66.96293509754402, 78.86482909799807, 53.54749788578841, 19.19602907047641, 41.35645459204758, 43.48292547292318, 61.01873551181021, 65.44631393503973, 79.42721186323857, 76.0267578623371, 91.22864108360963, 52.81650093131306, 11.671109873086918, 74.45011683475921, 101.7461315583755, 92.93325772945032, 47.89947326283631, 53.72387698177495, 22.102227112218483, 10.278142025419816, 71.34748802503756, 43.95894866075991, 9.86929711292398, 12.04298364132208, 83.28323187763743, 52.21502325398118, 74.76284926997543, 67.94556754051476, 44.47379822105564, 48.15684307425271, 64.4264824603933, 75.65429597994171, 58.75413199938416, 103.1199129358942, 76.01523990926661, 14.290509434407243, 72.9500846674357, 44.3025173528179, 45.60755972610916, 40.359065008660885, 89.84554223047483, 76.11085294152788, 72.43965052424335, 40.40303509896536, 33.5894295167882, 64.75964620480649, 73.97299030629266, 20.690536275401563, 74.87855882966967, 46.627574792280384, 74.31420946821288, 75.17666292376042, 74.63809004507722, 12.5131975551429, 18.90307697617229, 36.20224394194976, 17.37168730813124, 21.61100972984354, 62.19446875512012, 60.11712162245902, 74.26317205869468, 42.51687694133686, 17.46734633272996, 21.37145062155571, 56.333815949581435, 66.65424242943622, 84.62727961114017, 71.0799474803614, 83.83176477453071, 53.78539672038328, 74.99700271014227, 56.041871428532545, 42.00952929875417, 38.96516373978688, 37.39690878647245, 74.48848224342699, 53.350885715229545, 32.29268821242521, 75.58423254280882, 32.45879794322664, 76.15681444864367, 42.86785951849586, 61.82556927171242, 6.9284137095302505, 37.33865411895415, 60.59872448887828, 14.755735098424648], [104.3081886594642, 82.42383743597804, 55.78040204814832, 73.56686508380588, 66.21420661047114, 1.514595409609792, 82.58350212038252, 66.96293509754402, 0.0, 30.369273018535093, 90.4590412578252, 51.51236585121886, 79.98982650422012, 23.685395571882278, 88.02333701384738, 26.097474948702207, 14.72327024310527, 83.1801126250563, 78.46990682243607, 66.20062135870754, 78.38572200163321, 9.445017059234045, 84.38046743292756, 64.40977776415852, 30.923035274755023, 72.95721547080157, 83.14211437368239, 66.86199486825626, 4.393240941903504, 23.38096327491783, 76.58129942916466, 57.09619799564193, 46.45172919804224, 71.35698121780649, 60.64259284999691, 115.85448302521073, 26.171513160416982, 100.06937139575271, 64.58561976263304, 68.56558076141586, 44.800175266622794, 88.80317484715927, 60.9891637919314, 63.189892268554594, 22.60794518157422, 22.938463740646135, 91.83736430037136, 72.36806085750963, 64.31919183045727, 69.62858843273241, 85.68449133537145, 81.89491920301666, 69.15093724312183, 38.1277131963206, 104.90932593977281, 84.9105698783265, 9.23348917403533, 98.91335570941148, 56.555458636096866, 53.182383223725076, 7.675983101330933, 61.74158248881134, 58.552820091038036, 61.95839401960043, 52.120406201343066, 67.50276851511603, 110.53830389252052, 16.42982138693908, 47.34753262055139, 24.675077796688846, 74.47207632727532, 88.27405712248235, 25.629290637776307, 98.8790641303267, 78.89965023670152, 83.4566363927404, 65.07377208768283, 102.38935389233671, 47.661005174282046, 44.98718120997372, 82.64960555883883, 91.88580091423768, 46.99312699102382, 29.446275817860627, 72.5286438066353, 79.35036430930502, 8.622833601620782, 34.51276489610717, 83.44670059479904, 34.49764890654486, 83.82065415376293, 63.54816447325768, 71.57028184168004, 11.941041800591986, 76.97683074314811], [96.66704116695963, 58.65494496289292, 46.584136490087175, 46.50976959349358, 45.23322307779424, 29.140049134349113, 69.13975875339072, 78.86482909799807, 30.369273018535093, 0.0, 82.63570694785334, 59.98268544394685, 75.45180136867305, 40.25122126889261, 76.26595148899344, 13.43498770261147, 38.73567165850808, 63.85801782424619, 52.30056474457682, 54.65600723092611, 90.40099556584836, 23.71861784304659, 56.2597949534401, 35.17696566118979, 31.09644086111084, 61.706400983986434, 88.49152663870778, 74.73936664479602, 29.519169597425623, 39.350668276191584, 88.6421044884031, 67.02665520994826, 17.089117807349812, 60.61304077983007, 37.548645096581616, 109.50516179970155, 35.38825972481775, 97.75063275401848, 47.12612315995226, 46.45510038380314, 30.1021795812874, 61.13560952497498, 37.364025453950504, 80.36092300809109, 8.136709874163051, 39.402824403917506, 88.06515809526043, 67.2550139047616, 35.90334500566781, 47.51599920729444, 68.42918650298147, 78.13988621434919, 66.91454131006493, 20.039127284024776, 91.97470205777589, 92.00832643580534, 34.82038658057923, 96.95718420237229, 33.02645022120437, 28.69779302653284, 29.9178233417407, 69.46375845266041, 64.0505332036575, 58.52950271351967, 61.57893930546011, 86.7789470118361, 105.00787334625423, 21.430792660594033, 22.538947697067755, 44.58775051970366, 79.79208626383966, 99.47957961003898, 22.533335580597775, 87.41356903022276, 55.19262030685426, 66.2916874858152, 38.873793420259666, 98.04638815011185, 22.47083290734117, 32.11525286282015, 78.31179049902538, 91.38024659549032, 45.80754007915334, 4.611979926798432, 61.39588560089649, 78.80854930781214, 30.037050836178498, 50.641262630414126, 64.12895548817022, 36.28207182297214, 70.78357864070263, 77.9637547116065, 67.7703753646895, 24.108870687683538, 84.15758096552167], [14.12849821514825, 51.37817461278561, 36.38651171113279, 64.05937698655838, 46.48160151086728, 89.15893691433288, 19.32155170659153, 53.54749788578841, 90.4590412578252, 82.63570694785334, 0.0, 48.80481547775313, 12.75005319220232, 70.92561756523652, 12.358081686397817, 72.20818873973347, 105.1815175355316, 36.32203470763002, 60.54050930512016, 28.238817498368753, 56.016196793214135, 93.20013519939533, 70.81295953534747, 74.05616084254343, 59.684307752670016, 21.5628342908236, 37.42028169000594, 43.529424975609196, 93.87960921486925, 70.59606076786562, 55.653267462891996, 49.619669946500245, 75.6737754526709, 22.292546404828087, 54.13996126052204, 26.88501151884721, 65.03227839052687, 21.120329221551774, 39.584648317208945, 48.43577456905043, 52.53676669688433, 69.47311613147033, 55.292651561049034, 67.47055877864537, 81.60854438221183, 71.2113412408116, 12.47256323872331, 18.46628874050146, 69.94451601547235, 48.07448909424361, 29.46554844857626, 13.148365364112076, 23.685137231636627, 62.602271287501935, 20.43523455584375, 43.036685320995986, 99.68068650293975, 21.396553730025776, 57.05251997550248, 60.787729144955755, 96.8380634619005, 44.088052094602226, 41.07545635040114, 28.905938099107505, 50.16321725669707, 75.15527018679288, 22.7418519007046, 75.57977818449899, 64.48058441762693, 74.0678980818625, 36.66294250288779, 57.05844888788418, 66.75267567990889, 13.165584856772984, 51.2445247083517, 29.634327535606428, 61.47565918475798, 17.616199497119485, 65.02987824584412, 50.58652303379995, 11.553315094311095, 22.266011516830797, 43.625269297894285, 78.34083789149534, 21.768154305184925, 21.414101283519322, 97.65869244041504, 66.18939237849474, 36.26830393624852, 56.000648714344074, 17.63597828978019, 59.87603028571316, 20.135000395775624, 79.14118797404225, 41.70273450305127], [60.488233495046345, 71.28189124184023, 31.43600542004163, 73.47116727712776, 55.52915641654071, 50.669851672752145, 51.409391577846144, 19.19602907047641, 51.51236585121886, 59.98268544394685, 48.80481547775313, 0.0, 36.15115178326877, 27.996955972308164, 52.60728917409552, 46.54792814914668, 65.21825231085474, 62.45152789289639, 74.42164947712442, 38.60668744818866, 30.494789236348723, 57.913071489414854, 84.62182040253946, 74.32434519831301, 28.90082485984737, 41.57376548031321, 31.633960646228704, 15.532667515546649, 55.77022665568918, 28.182646877656904, 28.767632106125312, 7.155540793707587, 64.1140195417313, 39.82131853123571, 56.97061366917926, 69.68183089697352, 26.73089627121362, 51.4219664087755, 48.251669740718775, 58.981625679169326, 39.98086321355909, 86.49699090134618, 58.17433979744752, 25.826634686078144, 54.443711128096, 28.668569788217827, 45.2058255685852, 31.47274511229555, 71.41193898290541, 59.57368169021876, 60.280270305618906, 36.70001364183588, 25.230036468736525, 45.587485336598284, 68.08097329490897, 33.61493532865667, 60.18149648514754, 50.062252675326754, 56.06805492850922, 56.56604714049551, 59.08180384838354, 10.27497504198513, 8.210257425887553, 23.25292706046407, 2.225874899670532, 34.126257765092994, 63.94624904530197, 42.232325306064, 55.29069965412677, 28.910982554001126, 23.03244071092393, 39.510407979220844, 37.519538668187266, 60.828780521029586, 68.7239877332182, 58.55954637227677, 65.89567309853275, 55.29936938517411, 56.02211904556605, 37.334642136794464, 38.013272851346024, 42.42951178893374, 18.990695167595426, 55.540179970192455, 41.13011403592756, 31.113057932915233, 60.0232936258798, 19.15661876982113, 62.6260475897075, 23.78158428247541, 51.595357106068725, 20.300635957960356, 29.03860237241919, 43.41846940439189, 25.609130214061796], [24.865448834905994, 54.369921356921246, 29.045179262731562, 64.44795203662089, 45.41603943491411, 78.76200417755305, 23.635832659738156, 41.35645459204758, 79.98982650422012, 75.45180136867305, 12.75005319220232, 36.15115178326877, 0.0, 59.38126904997431, 20.209986303273883, 63.95437441015987, 94.67871082933239, 40.38827904758118, 62.11325618865315, 24.111314822887078, 45.01150632761953, 83.53333916865029, 72.84534894106093, 72.29877045239655, 49.747577468400614, 19.650586538289325, 27.837694661454062, 31.182316987046125, 83.63369320136363, 59.13049830974088, 44.429928084783796, 36.88251506354505, 70.86519487531943, 19.283929536816984, 51.87295917224106, 35.864711285369246, 54.08117090273753, 22.45533439883542, 37.48688824316881, 48.06138138163185, 45.87359657607427, 72.43633341323678, 53.13842164390673, 55.05354012687717, 73.38719668891844, 59.73667011599674, 12.614187579506671, 8.201004479929265, 68.32611700436594, 47.97996194167024, 34.77175901556721, 3.1117816754811067, 11.349754689859664, 55.73567064390683, 32.84117079770596, 33.6188905995571, 89.21897082708442, 21.837050391082048, 53.918701513685846, 57.038508789133395, 86.7087144199135, 31.412620179195137, 28.343260837377326, 18.092722466879614, 37.45520797412635, 62.896692600717074, 30.61378737213402, 65.88536570728053, 59.66765874951541, 62.19404227135422, 25.14209392862312, 47.48173994136125, 57.50807668459202, 25.48385552839424, 53.40718218047118, 34.122750756001146, 60.22507756884262, 22.837742994878973, 60.299228334986026, 43.53010479162, 2.8600390167192358, 18.065553260346682, 33.04270847823232, 70.96815264309029, 19.571652595670177, 10.443328284219856, 87.56636366190797, 53.91843385678073, 40.420406017568986, 45.562123094573565, 22.65088868143095, 47.481476998992854, 8.41997135950075, 69.08597539680288, 30.700903039300677], [84.20274049903448, 75.16652340063017, 40.1754834991109, 70.98367115630579, 57.95997573884483, 22.9786971592388, 66.76834443792339, 43.48292547292318, 23.685395571882278, 40.25122126889261, 70.92561756523652, 27.996955972308164, 59.38126904997431, 0.0, 70.78761039812375, 28.377366266616505, 37.22943251865289, 71.70906753660084, 74.29107087240675, 50.64010172660784, 55.027185818329976, 30.99698221999392, 82.58500832874533, 66.24234395635277, 17.604210352610277, 56.492583531375985, 59.60936531086467, 43.218305900173746, 28.02455025980291, 0.9728102620559733, 53.21589555436159, 33.411456841211645, 50.88832897583848, 54.71939196241452, 55.18561899588772, 94.91664685281346, 8.324226903705142, 77.9865438203225, 53.58628026302121, 61.04304639131955, 36.13131933905237, 85.9988743190168, 55.99643522855795, 41.36422864374513, 32.77620710482424, 0.886504782221778, 70.46564862254463, 52.461407997154765, 64.67686460817755, 61.97811452532863, 72.36746365560415, 60.8645997976891, 48.11589275584808, 34.952213712785976, 87.60478477283942, 61.24053673527762, 32.19256399645454, 76.73859106165824, 52.23042971277588, 50.456827263898965, 31.33762620381972, 38.15299481043878, 35.40444988529252, 42.040134565561615, 28.482693132856948, 47.00465001488408, 89.38283535955608, 18.961629787052267, 46.302109106164735, 5.269797561931188, 51.0266084474729, 64.84850615657962, 20.508040483075103, 80.94480054439599, 71.87351641764248, 70.23533754787461, 62.29603399628278, 80.95870431497231, 46.899458339795494, 34.83499371176034, 61.83393018816363, 69.4161458804449, 27.92772564368575, 36.74311871991629, 56.028100372636914, 57.21173515668035, 32.28486334276125, 11.37131137728611, 71.95095282530676, 17.47384552566485, 67.65173526223727, 40.59739054242825, 51.08656526706818, 17.884500937529502, 53.326133766336504], [22.6622648951947, 39.28918589689809, 32.271481443131016, 52.722446191230944, 36.29361947941525, 86.6294094769776, 7.987312180599945, 61.01873551181021, 88.02333701384738, 76.26595148899344, 12.358081686397817, 52.60728917409552, 20.209986303273883, 70.78761039812375, 0.0, 67.19747957194811, 102.6103340488776, 24.1417125369374, 48.78528498913662, 22.16975413689592, 65.21649486950739, 89.54407807039146, 58.842293454160064, 63.659066265797755, 57.17593321274703, 15.145438298418641, 47.719689127754314, 50.746320536741045, 91.04801504007877, 70.30363530865125, 64.61043320304833, 54.9775093873752, 67.31673486498046, 16.676343323138767, 44.45914802472277, 35.71548016458657, 63.92350169580045, 33.435416984641165, 30.454022466680033, 37.77471012329068, 46.530738192610094, 57.292601851746724, 45.50331112540194, 74.25736700312324, 76.35756844465328, 70.92343194156084, 24.675839969228168, 21.32455284492215, 59.52617528073597, 37.271005370060834, 17.146396251467277, 22.190359022203868, 28.047482105899025, 56.39915357238759, 16.9292251112261, 53.477551471665976, 97.1078078737323, 33.75012795380486, 47.87935819148676, 51.95479760347568, 93.79119637318142, 50.12159764827486, 45.79430384662626, 29.95836759227955, 54.329014946157734, 82.33311101208493, 32.82231712765568, 72.2786059669905, 56.375496992640215, 74.60200631747016, 45.31388748289187, 67.45750001972668, 63.08252500668288, 11.183570154065638, 39.394585287887914, 17.470295688494954, 50.99207474787534, 29.370141255898034, 56.84363536465592, 45.07416837926765, 20.65746212471623, 34.20709295561971, 42.86166742044652, 72.24351826626888, 15.55172246619556, 30.5552867320323, 94.54627054066643, 67.96878316037102, 24.069741162387626, 54.36990194075723, 6.1347234533221675, 66.78927475397963, 24.114699941191414, 76.27394966517551, 50.910831947820576], [86.334931120317, 56.48307659933215, 35.824017379465936, 47.631627478456316, 40.72567382293104, 24.601608533160192, 60.688934019722, 65.44631393503973, 26.097474948702207, 13.43498770261147, 72.20818873973347, 46.54792814914668, 63.95437441015987, 28.377366266616505, 67.19747957194811, 0.0, 38.55411227087316, 58.484200094006546, 52.3931935953421, 45.07150459045405, 76.97061017437242, 23.648767009624954, 58.673160247319636, 39.71142891266455, 17.66970218455507, 52.17369397788374, 75.35191634007357, 61.353628485975904, 27.271200325036958, 27.424033279238813, 75.2137883320906, 53.593480907740606, 22.897864356697802, 50.85380259751229, 34.64826105916773, 98.87622194223033, 22.48135562572426, 85.95310848733136, 40.307543276718924, 42.830100608220484, 20.936297002567347, 62.92289317508028, 34.94076519556893, 67.32729887299946, 9.440958356959742, 27.59295116511878, 76.52806186919422, 55.776285108322895, 39.01485093296163, 43.905002555332686, 61.88779246281325, 66.47925600202181, 54.73010953586917, 12.385990035495634, 83.58742422923993, 78.7332066317616, 33.49801741825553, 85.07014745733544, 30.486153583794046, 27.09487450736389, 29.10482115513783, 56.06559977468999, 50.73823029905182, 46.44657491357934, 48.14751523554882, 73.99933717573667, 94.10325161134908, 11.364289147134393, 21.36492553508847, 33.19331345512768, 66.6039953250317, 86.04726012487487, 9.152690869325886, 78.36773796724935, 52.950431055785934, 59.67022738915833, 39.05416301624031, 86.75486338411538, 21.733509338354274, 22.127776971363854, 66.80230595330084, 79.13727349307078, 32.94374430695973, 9.067654993625718, 51.808758656375524, 66.44574849878407, 29.626061564758402, 38.01143428575115, 58.75572515660069, 22.870826479228203, 62.177247711319275, 64.67141931422768, 55.96127101767558, 15.681073463493453, 70.84555616348605], [119.02946456576852, 94.88430058122132, 70.34250147583954, 84.59656271747738, 79.27152289915843, 16.0372613769339, 97.01680916500335, 79.42721186323857, 14.72327024310527, 38.73567165850808, 105.1815175355316, 65.21825231085474, 94.67871082933239, 37.22943251865289, 102.6103340488776, 38.55411227087316, 0.0, 96.78745965016645, 89.97027478466929, 80.68757972539102, 90.54313487205586, 15.34753065577908, 94.81950656647702, 73.90934477388672, 45.60526868052531, 87.51111318445636, 96.79687385867422, 80.3016262308981, 11.647687821533065, 37.10317295613598, 88.76435562513818, 70.3397203984306, 55.791435082924046, 85.93501275461344, 73.0474150165067, 130.54099557337392, 40.723359495535334, 114.56914876063338, 78.32958652230707, 81.37057094369518, 58.54173673002338, 99.55684506797559, 73.23937516781858, 73.93243500834485, 32.44168769832479, 36.587844771027605, 106.46172636360771, 87.08401425107506, 74.47317217366765, 82.44709648781404, 99.67328283456476, 96.54972174407587, 83.78737304673692, 50.93130657658517, 119.468266544513, 98.20152061061435, 5.5115538444838945, 113.38855326170973, 68.74984749931552, 64.99576815651902, 9.453968309536391, 75.32272214573439, 72.5749259108803, 76.66480466215312, 65.6165458378169, 77.10781946397836, 125.20219009238788, 30.506259203640457, 58.888573938476874, 37.00136734981897, 88.25062663665408, 100.48283953077475, 39.80387347772786, 113.51278307044272, 91.34975885386632, 97.44331044237023, 76.43734315283739, 117.01441176088923, 59.082024155202866, 58.993373046102455, 97.32526175060752, 106.26522094044024, 61.70456417651707, 39.3670336740479, 87.08807562614736, 93.81244696969887, 9.009770453125816, 47.194777254653495, 97.0570932038416, 49.217341458738964, 98.29617881242623, 75.32934427469159, 86.25875857288028, 26.340063766035936, 90.37128623588555], [45.97452066189703, 15.177233394140549, 32.52218077628905, 29.881991863430656, 18.66927721894793, 81.67683433700286, 17.27446585383703, 76.0267578623371, 83.1801126250563, 63.85801782424619, 36.32203470763002, 62.45152789289639, 40.38827904758118, 71.70906753660084, 24.1417125369374, 58.484200094006546, 96.78745965016645, 0.0, 25.11958010546603, 23.845361871322016, 82.80590701485383, 82.12737348048053, 34.79302247110813, 42.66068284180922, 54.90435798941835, 22.497374984596387, 67.78560856574548, 66.1114905642402, 85.23742675888232, 70.97024516420274, 81.82737868876305, 67.08313485938318, 50.96675955198252, 23.872210700658556, 26.888610982262385, 58.4933432273328, 63.62588475697956, 57.435049044280895, 18.644775670725963, 18.146494148479213, 38.38014063730805, 33.1606325761842, 27.461222149823712, 87.39003756801475, 66.38482031350932, 71.54466574825412, 48.190519350779915, 36.91548203438125, 38.645854743704945, 17.222884118602895, 7.311261211145251, 43.18455975544336, 43.09970400918444, 46.18247891757967, 32.8640289951424, 73.51372674664213, 91.52183658605973, 57.64549711042389, 31.278333171690615, 35.76055032247431, 87.40380137640048, 63.76162262857262, 57.94630793888683, 40.0474774110119, 64.5730563544015, 95.78432502724232, 56.3842293644565, 66.7527433173051, 41.556519177326415, 76.49591451595808, 63.19760879168975, 86.97721093658487, 57.67301213085885, 31.797879838716486, 15.699860846233507, 6.688148526909932, 30.422117084304155, 53.50507724900777, 41.772156989354684, 38.39259639767754, 41.967468047642484, 57.119231925646886, 46.45759589543518, 60.71428571530712, 22.82453563840369, 50.46123092097282, 87.98882775036824, 72.72908067500568, 0.2726278672999647, 54.250057615720486, 18.77984956976585, 80.53836542580129, 39.894659310842684, 71.32393203120083, 69.21165559566256], [71.0197191014747, 10.667999502328513, 43.27926702061554, 6.545644894567129, 18.989802660781482, 76.98177395251697, 41.22897279893701, 91.22864108360963, 78.46990682243607, 52.30056474457682, 60.54050930512016, 74.42164947712442, 62.11325618865315, 74.29107087240675, 48.78528498913662, 52.3931935953421, 89.97027478466929, 25.11958010546603, 0.0, 39.87648538623857, 99.9270459743771, 74.62516956868572, 10.823335610149496, 21.162703133332805, 56.76155223800993, 42.511684382788346, 87.71744937737553, 82.29567998647106, 79.27804763244009, 73.38136636010333, 98.65828857947126, 80.48683456624673, 35.901386319484665, 43.14250419515349, 19.10835920593399, 83.61025164833974, 66.03098354689172, 81.42021804939819, 26.912494631039703, 15.574525562127908, 38.28715496707649, 12.123200041598844, 18.314689208054723, 100.24664169446844, 57.555528920605916, 73.84177855220929, 71.71616257242337, 56.62168097194104, 18.087247962971947, 15.161477049949607, 32.42810779502355, 65.15461787425593, 61.497887548987116, 40.92642168569277, 57.56494141046643, 93.18786410132407, 85.32366126090342, 81.4577091325104, 22.360205267230256, 25.30118155851891, 80.62538242794113, 78.74005540230958, 72.32887138230114, 55.789999663319435, 76.64735242886488, 108.50996614719988, 81.39554449030099, 63.099631721704085, 31.17733662572617, 79.53501083268048, 81.60319599647455, 105.7147858193186, 55.5963587110813, 56.91543593889262, 9.436796751757287, 31.506611430918767, 13.536717087173916, 78.04463481297937, 30.928026904699244, 40.00332191043288, 64.21149456838344, 79.86637906461675, 55.73940616862401, 50.73381458264353, 42.63767060015442, 71.2173670411408, 80.97464353209162, 78.96755866550657, 25.263361492115134, 58.423278886502985, 42.96239020850153, 94.35378445982948, 59.216407562157485, 67.72516943524968, 87.60182590256662], [42.10312242748601, 34.13426411878452, 10.598134268861164, 41.22865621644239, 21.822968565860876, 64.77850767327615, 16.43342646240435, 52.81650093131306, 66.20062135870754, 54.65600723092611, 28.238817498368753, 38.60668744818866, 24.111314822887078, 50.64010172660784, 22.16975413689592, 45.07150459045405, 80.68757972539102, 23.845361871322016, 39.87648538623857, 0.0, 60.55471500335774, 67.40874670825619, 50.6905051421993, 48.2106137614194, 35.61128342422557, 7.110417087003509, 47.89771926237167, 43.23942164218029, 69.08106905923424, 50.03309122479108, 59.40234137635528, 43.35327864083819, 47.6073132845322, 5.974493301668356, 27.779700697908495, 55.089183886736215, 43.143487090210044, 46.01412132041482, 13.63495911942335, 24.8098606969704, 24.6218739684694, 51.20982485961114, 29.0536752169993, 63.664975352521495, 54.29621746661037, 50.641628682670955, 35.871058700483566, 17.22303920527389, 44.265142999830346, 24.939158014110774, 22.320405195499777, 27.210636377103274, 21.622281478352377, 34.637436579724806, 38.84217956916631, 53.32360512459922, 75.20101531446127, 45.604689404715586, 29.857505826704728, 33.160828665861324, 71.75960500647484, 40.37894088192317, 34.34039847185295, 16.616217298795373, 40.728247041462986, 72.06572747160499, 50.92539260800265, 50.251407932316575, 36.375820900413004, 54.97978372277613, 41.77719014666563, 65.90296781939088, 41.006694785907605, 33.3130106600865, 32.231226510640596, 20.374577275092925, 36.29044367936277, 44.78542428075783, 36.95302603728158, 22.98159098103188, 26.7165598386785, 42.123148849661064, 23.527706340940167, 50.47885284508588, 6.765405529182826, 31.889885719773797, 72.49773768279192, 49.9374279232069