instance_id,num_cities,city_coordinates,distance_matrix,best_route,total_distance
259,75,"[[83.62700808726663, 2.5144533881414133], [9.007864156796252, 97.16510163549724], [13.213017191845644, 89.71679549913], [10.128355392665188, 62.63486612474682], [11.432401166542306, 79.8659420910145], [33.240742407463564, 90.78678849718412], [1.092668791250584, 3.165314744547676], [94.54831175236224, 10.150925715195402], [11.731689123230193, 11.961410747544676], [6.838031512083697, 76.48515866555128], [5.96779459401896, 18.752556684129118], [69.6193254159902, 36.40443941175507], [43.12179025082609, 54.49912831270818], [91.43847135783997, 83.01767081302555], [63.707467161402995, 92.00326547048438], [58.30476985785368, 79.78798110164138], [80.52920174774339, 52.67455890027358], [37.03648617219473, 68.5709219521992], [43.85398384192825, 74.33806947115225], [88.2201481024862, 76.94481200058767], [73.2252195081847, 28.940844671964307], [86.89021855549754, 13.79049878513079], [89.1396750669951, 44.58156711145963], [32.48769822642541, 2.6267425730674643], [29.588759970929257, 54.55476818934073], [57.19321360104267, 62.55290230083032], [41.58345724668534, 93.61284191028855], [50.15175564436064, 16.608436506948877], [34.64204431058572, 53.57883511143973], [4.631982231411524, 3.7224387705171114], [43.573882526091566, 58.66741170277946], [79.16002964363936, 88.33914368480966], [97.78371777282835, 59.701125091827734], [84.89985551688223, 0.006495295493647024], [96.08637107672516, 73.00420910080705], [53.91330566128136, 26.768370440699883], [64.23563162232246, 93.96142119668635], [7.979189036433965, 23.866528306468005], [87.7914466852807, 12.184931321353332], [95.88968462420928, 52.61910934174836], [9.686611979334137, 3.174174525970086], [94.65297594269909, 6.493804429811578], [27.468359532437916, 69.28624719640692], [71.9704857834932, 43.97601955475848], [33.4502231112626, 56.1148466784955], [24.240060677258224, 10.019793961975065], [81.8529931425655, 50.768932863167336], [2.6004434696876744, 76.34309189999021], [62.238210368971735, 59.003310559287094], [6.602227419996143, 42.02769924087145], [33.8276355197328, 20.08990322867549], [82.54670496201186, 44.184586831356555], [10.346360629914441, 27.117527094696857], [4.7376951038249455, 87.73963093629786], [73.44090612627572, 20.136920451679796], [2.6460887493530927, 17.668528595516918], [94.03610027315189, 30.10233959429842], [43.699013667927176, 61.174657204972384], [49.36989033794872, 72.90742277798681], [97.51939272516096, 43.777890218984226], [89.06597352151964, 90.26700412732308], [34.7511379529888, 89.5741447809709], [26.58392036690963, 29.89899377012971], [50.37616200958374, 73.40183954187602], [63.92170377970172, 21.89642829102426], [17.83245159959489, 27.79277076931912], [99.43814259222566, 41.84621623754489], [61.23618438948228, 37.10605300186448], [76.05373954265697, 25.177099203723184], [1.3151407864461007, 77.91023000650557], [11.313390522903822, 12.111183296227345], [50.1171522949528, 42.56286373199587], [18.057777169929366, 80.35675622934312], [95.28426943783046, 90.79802893653216], [10.760723839363607, 80.08849677418996]]","[[0.0, 120.52701711467407, 112.08201721713579, 94.95533674070896, 105.80791120227542, 101.64044920580994, 82.53690558492704, 13.326311693304044, 72.51332217110811, 106.62181841772079, 79.33870076476542, 36.67078300909195, 65.90204169060608, 80.88131412251957, 91.67898122582977, 81.31675002258876, 50.25567220827339, 80.83398896177987, 82.10070209724157, 74.57194659103894, 28.399847920889123, 11.7387283108068, 42.42677873984751, 51.13943314023127, 75.02217421596606, 65.60000639315122, 100.33233057502757, 36.32124565966197, 70.76084904087475, 79.0042615220929, 68.97396316513017, 85.94085967067615, 58.912883562651004, 2.8124712218183583, 71.5824097564085, 38.35565935103175, 93.48033698367931, 78.60345813299408, 10.529040426048713, 51.58342547833562, 73.94333917654556, 11.722081805800164, 87.24830230943344, 43.068967728599354, 73.42146764679102, 59.859332269983916, 48.28707817242332, 109.61738930589408, 60.402579848349475, 86.56854760627219, 52.80979024023075, 41.68413458400921, 77.30048206563099, 116.13291777577196, 20.354557685324387, 82.38662083253841, 29.486279274573214, 70.95959589923659, 78.28614344831621, 43.5392876609179, 87.92094463907705, 99.84107645051459, 63.2758003395065, 78.29840535151686, 27.639825777123068, 70.48345190917496, 42.39079550062279, 41.20591886733491, 23.894558204982157, 111.62332475981064, 72.94762854386477, 52.218632750115326, 101.77793550034534, 89.04988182925212, 106.42944887274734], [120.52701711467407, 0.0, 8.553395603456615, 34.548410456018786, 17.468236907515777, 25.058237503903634, 94.33244538979517, 122.01899436538152, 85.24721792162804, 20.793465679060752, 78.47145486542766, 85.82311640719217, 54.62733045948591, 83.63584639620373, 54.94261662367399, 52.26996489138962, 84.23010224185288, 40.04036418219513, 41.65723772098414, 81.75234578170979, 93.69321195557696, 114.09200465914006, 95.84432806790666, 97.41049195109434, 47.32033166520329, 59.328174115228386, 32.768701748976405, 90.45549238920516, 50.56553986326172, 93.54506713837584, 51.73859058828469, 70.70518974050438, 96.35715709650103, 123.28580266409895, 90.36821949931822, 83.49969125467045, 55.32060979038693, 73.3057912076142, 115.88132818812281, 97.63603923330015, 93.99337783862778, 124.72517512427702, 33.43681226358268, 82.4219034886854, 47.776064543805056, 88.46651604053827, 86.36560249140787, 21.78557158504537, 65.49650415107952, 55.18985623224913, 80.97287978057457, 90.63606377092187, 70.06036163093604, 10.347649087711657, 100.42388955785226, 79.75071981766482, 108.29226652745422, 49.987877977669115, 47.09063750897991, 103.36578269591875, 80.35474238827655, 26.839127625781995, 69.52443469210178, 47.70774248030478, 93.17136346092163, 69.93134943172547, 106.00855786011371, 79.59200184129726, 98.37388830565492, 20.734706998211465, 85.0851601437525, 68.34747950946355, 19.089824536591696, 86.511026597603, 17.166331892864978], [112.08201721713579, 8.553395603456615, 0.0, 27.257036468669916, 10.010489813078468, 20.056287351555937, 87.39600486385315, 113.78118375074165, 77.76949395948219, 14.687295724975614, 71.33313704783028, 77.6136516282043, 46.20409925479737, 78.51178224340633, 50.54619098070631, 46.17193426565775, 76.83486184935418, 31.854444624266215, 34.28372866966303, 76.08674818871556, 85.41182954253627, 105.79760173785772, 88.329192330153, 89.19748117323248, 38.78831159126517, 51.69269551764716, 28.636708025594597, 81.91033239459439, 42.01375232275699, 86.42142992429667, 43.426332771456664, 65.96140065097569, 89.73931059885645, 114.8344057835738, 84.54172536830488, 74.96010738274109, 51.198867474129315, 66.05793401632658, 107.57849277894013, 90.61826336866783, 86.61443747220694, 116.44111440494102, 24.912287915753215, 74.46246503636343, 39.225444139861885, 80.45624737733209, 78.92010075022215, 17.072863525662072, 57.851428013528654, 48.14511858264594, 72.61450692558573, 82.9478286995902, 62.66487153592773, 8.702888267937878, 92.02585298228335, 72.81904105742554, 100.43034457571497, 41.76182035714528, 39.873230205009754, 96.01014516134526, 75.85495180596958, 21.53859315621559, 61.2939675286804, 40.586661856222065, 84.68159837714283, 62.096086937791235, 98.62233321692892, 71.23282118381766, 90.07956917900478, 16.76169596698953, 77.62885820922956, 59.878280442978046, 10.539546213058433, 82.07837419789836, 9.93568714399309], [94.95533674070896, 34.548410456018786, 27.257036468669916, 0.0, 17.280350526990315, 36.42407400038546, 60.15206707770838, 99.40469321257673, 50.698814176634, 14.235759014010757, 44.07910330305458, 65.01700392867843, 33.98171528169144, 83.82597261726636, 61.10011536861134, 51.13898966671307, 71.10194714293851, 27.55511315227895, 35.69850112910984, 79.39208171853885, 71.52972349221616, 90.98437149882801, 81.04758011157587, 64.03838773853725, 21.071196667381635, 47.06492957864814, 44.148141709661935, 60.99430129995361, 26.132979969352128, 59.168270337192915, 33.680023453423374, 73.66194359896677, 87.70444339054868, 97.53507094144258, 86.58119734732404, 56.59971186038803, 62.521599417063015, 38.82786284640121, 92.61075353754437, 86.34420058983395, 59.46233246895096, 101.47034191014505, 18.571930802363376, 64.59567823468177, 24.21611379770197, 54.47463671042598, 72.69954630204155, 15.639210716182397, 52.23624394495379, 20.906671314667214, 48.700408071897186, 74.7317212457481, 35.51800808123928, 25.677002056178022, 76.25322594373935, 45.58460074317039, 89.99374941285184, 33.60240031789106, 40.563819902173094, 89.40234306974388, 83.63421911185797, 36.496659511942546, 36.6390905651241, 41.66309702888204, 67.47847544084827, 35.68367563918192, 91.69736121483234, 57.12906864487594, 75.82374679500954, 17.635461247594666, 50.53757844235053, 44.74359348272117, 19.414971506575526, 89.69221502689464, 17.46508267084816], [105.80791120227542, 17.468236907515777, 10.010489813078468, 17.280350526990315, 0.0, 24.389928944292045, 77.39442034755626, 108.48243222195352, 67.90519089331312, 5.704202756888726, 61.35721474189467, 72.62658169534254, 40.5917802245528, 80.06812512724397, 53.66560484691164, 46.87243352600855, 74.25455656310916, 27.984757438879445, 32.889457260318366, 76.84328910518965, 80.07320366853676, 100.29878570139306, 85.34288215626322, 80.05760099111859, 31.149781529160222, 48.92640699501675, 33.13704026296083, 74.16670697757212, 35.06707185137434, 76.4465747801161, 38.50262997000565, 68.25559906982562, 88.67451564147247, 108.51266327579425, 84.93160778640096, 67.99984824873829, 54.65220652256101, 56.105784178000604, 102.03638101841791, 88.74357793054769, 76.7116353113201, 110.94653960826545, 19.211504490167425, 70.37717121870958, 32.38671049186669, 71.01070729549278, 76.19511611815396, 9.5086250440024, 54.922487590624385, 38.14529067143447, 63.83354403294704, 79.56383171693187, 52.75959409122617, 10.335089031959235, 86.09651975157531, 62.81494671988792, 96.43540449205602, 37.28938740453794, 38.5703782151583, 93.34515308001818, 78.32722162874565, 25.258912977102746, 52.213642456556045, 39.47658964963647, 78.20224689242043, 52.464996112115124, 95.86714806364704, 65.64164027683958, 84.65687751075599, 10.304550808073037, 67.754863315286, 53.740391000867696, 6.643531117157528, 84.56149440131367, 0.7075881703711916], [101.64044920580994, 25.058237503903634, 20.056287351555937, 36.42407400038546, 24.389928944292045, 0.0, 93.33285220016265, 101.29541167089097, 81.70727966685308, 30.027316870910415, 77.02430937912925, 65.4281376302102, 37.60890038470707, 58.714008929486205, 30.491000860235392, 27.3711387442714, 60.73500170103662, 22.537799295230126, 19.575526847152304, 56.69510881822361, 73.64563243431573, 93.84399245759376, 72.52319046883316, 88.16326203629805, 36.41560477741281, 37.025304941727285, 8.80837492289528, 76.0816027215893, 37.23433149902682, 91.64421505004144, 33.74060091895431, 45.984474612699024, 71.63877538292512, 104.44963188559642, 65.3130398375636, 67.2734176472244, 31.157044953238504, 71.52948554764336, 95.67670191167524, 73.35980979384713, 90.72357569614582, 104.29175226626806, 22.261933435403034, 60.75558501861597, 34.6725746324641, 81.26696547711708, 62.96490840998204, 33.87400611660895, 43.02374481617657, 55.56131087224807, 70.6993212852422, 67.84425652575891, 67.6603840109885, 28.665464845251105, 81.28626586248426, 79.26104190273735, 85.89923094337956, 31.404677317632554, 24.079475315801247, 79.63404676389969, 55.82765089746233, 1.9369562427721192, 61.25060674314598, 24.4102243971536, 75.41354732446435, 64.85107319943457, 82.32420910232003, 60.54226734346052, 78.34273452517829, 34.42455224731004, 81.67410614390658, 51.09168357422841, 18.42031504921608, 62.04352804858332, 24.895876779346498], [82.53690558492704, 94.33244538979517, 87.39600486385315, 60.15206707770838, 77.39442034755626, 93.33285220016265, 0.0, 93.71635909438656, 13.804349260947266, 73.544603509668, 16.331838931236884, 76.16260287573637, 66.34461143238696, 120.57679217448158, 108.68668025162421, 95.6256111516455, 93.60196592497, 74.63143749195952, 83.0306634938968, 114.16922469073619, 76.59949618613834, 86.45295877785037, 97.3014967728695, 31.399648616177004, 58.76140857633616, 81.69551201694391, 99.09722054699719, 50.867588163581544, 60.55644997455187, 3.5828936361572703, 69.89374998629137, 115.53827922728507, 112.00650340396082, 83.8666959357325, 117.90366677421926, 57.85433361081362, 110.59370100486836, 21.81660844456706, 87.1666884280397, 106.92124209387178, 8.593947755003784, 93.61949539416614, 71.18746217121445, 81.78739859349972, 62.05372070711545, 24.14095351195881, 93.74611697192029, 73.19330880546762, 82.8049456943224, 39.25098935089014, 36.851319407477256, 91.19945554135366, 25.677602869263186, 84.65282733684384, 74.31219849905858, 14.586168982058904, 96.7682011995003, 71.97488754031602, 84.82129304141073, 104.63027465936122, 123.79824973923608, 92.73283374606407, 36.939051167245545, 85.8022850477026, 65.56174381658114, 29.778044239381988, 105.6789683780516, 69.0595118862451, 78.12605700580667, 74.74524634587749, 13.582772797180262, 62.89329732986776, 79.03374937835682, 128.65282829778295, 77.52836398363392], [13.326311693304044, 122.01899436538152, 113.78118375074165, 99.40469321257673, 108.48243222195352, 101.29541167089097, 93.71635909438656, 0.0, 82.83641010901201, 109.96964908982967, 88.99716891769799, 36.20360950477824, 67.90765926887775, 72.93307650463922, 87.46978460302141, 78.50422798775836, 44.77493522698482, 81.97869260908683, 81.79183520277851, 67.09298696797994, 28.420684672534684, 8.478967127148463, 34.85286814241322, 62.51506285026014, 78.68573310399658, 64.35348093130743, 98.84921480600781, 44.8637229827903, 73.99151433329406, 90.14583605978754, 70.37216671047949, 79.68812116947889, 49.655715787623926, 14.000077723646518, 62.872099208132575, 43.901516935379085, 89.12383367831033, 87.6489062239066, 7.056373313581746, 42.4893622183241, 85.1480072903877, 3.658618685890387, 89.42430450673668, 40.66811034134467, 76.45690593998796, 70.30837336175945, 42.5557706930206, 113.295248558638, 58.57045463678946, 93.54486859151008, 61.52872334252737, 36.08779093432963, 85.89431957468426, 118.68426197553597, 23.350431754921424, 92.20918037788343, 19.957987783709545, 72.03521562972232, 77.32701782100797, 33.75796297003124, 80.30343736488214, 99.41704944908915, 70.77531129071282, 77.14827874171026, 32.80161500093913, 78.71821832265177, 32.070264840481386, 42.85179945441343, 23.829290608982415, 115.25514082418239, 83.25800094800584, 54.99692406612082, 103.82514396275882, 80.65046119959729, 109.1403854396272], [72.51332217110811, 85.24721792162804, 77.76949395948219, 50.698814176634, 67.90519089331312, 81.70727966685308, 13.804349260947266, 82.83641010901201, 0.0, 64.70905601383468, 8.907420685914557, 62.83661421370725, 52.86582889215222, 106.78091228627314, 95.43678541401943, 82.27694388534972, 79.94159227727519, 62.0078181564163, 70.1618797604248, 100.36596432773074, 63.79463500639419, 75.1807828468834, 84.00042195772808, 22.758469716119322, 46.18516079244876, 68.0165364116177, 86.93724329089827, 38.70008216912019, 47.50678252097603, 10.875959598489827, 56.52765523118415, 101.88296812506212, 98.40747918926186, 74.1383880110354, 104.12461571728531, 44.704975440301, 97.36871002333002, 12.482511005129949, 76.06008599682764, 93.46452087139765, 9.02207630971045, 83.10135093151219, 59.44560260824041, 68.21765020986464, 49.20590028744417, 12.658168693599531, 80.14375240857262, 65.02599876357533, 69.02064203008078, 30.5007062398381, 23.54364536712437, 77.80166801023769, 15.219296887925083, 76.10029308300092, 62.248425056794574, 10.729367562183665, 84.27994657187638, 58.68435451996986, 71.6313518865478, 91.49764180157463, 110.05615611111769, 80.95450270719493, 23.288315903213324, 72.58320449728996, 53.12722657387604, 16.96617997464537, 92.6581004515213, 55.524301757555676, 65.6656728552297, 66.76639304997425, 0.44430342714625143, 49.09065804883093, 68.687281745234, 114.87491477561113, 68.1340049025771], [106.62181841772079, 20.793465679060752, 14.687295724975614, 14.235759014010757, 5.704202756888726, 30.027316870910415, 73.544603509668, 109.96964908982967, 64.70905601383468, 0.0, 57.73916040122919, 74.4845951868594, 42.425189202729584, 84.85227243304875, 58.9486585927227, 51.57260699243631, 77.4424510968191, 31.21829282029611, 37.07817038223474, 81.3834146612335, 81.6561113643703, 101.6807406933846, 88.26890554374171, 78.18549117481633, 31.599646704467943, 52.247029873711696, 38.737606312351986, 73.900612681259, 36.02447482566414, 72.79615415632858, 40.82884833733065, 73.28702732801722, 92.48146642674779, 109.28236050629, 89.31619743875036, 68.46780606691615, 59.99920208196136, 52.63100323346708, 103.3826613350592, 92.19427982433909, 73.36630565997123, 112.29538785321891, 21.850280560395344, 72.79478501336568, 33.5135547526877, 68.70571536811897, 79.30049645457369, 4.23996879504257, 58.092984349107745, 34.45826625895886, 62.52090498609387, 82.31117892706817, 49.49213493187218, 11.448779809257442, 87.24142855708514, 58.96582363472319, 98.76674086278514, 39.914201238002995, 42.68207128601515, 96.39955747145518, 83.37489856928954, 30.829581066095358, 50.598131253343226, 43.647172463239414, 78.98401815215298, 49.918192195809794, 98.86676339693422, 67.15558799790705, 86.15875581687592, 5.703783857593399, 64.52935411985816, 54.989129737588065, 11.86894941950237, 89.59684848593578, 5.326496092148051], [79.33870076476542, 78.47145486542766, 71.33313704783028, 44.07910330305458, 61.35721474189467, 77.02430937912925, 16.331838931236884, 88.99716891769799, 8.907420685914557, 57.73916040122919, 0.0, 66.0538139686893, 51.558091280255674, 106.93568852570061, 93.27130387151315, 80.40200254715737, 81.9152346703321, 58.71229099909713, 67.2689569379867, 100.75608287591257, 68.02471917037003, 81.07441469658782, 87.09018016439154, 31.037834483363042, 42.892287814956916, 67.3981737778378, 82.90077038442091, 44.235954442425026, 45.111886082324126, 15.089361787868146, 54.83988968547123, 100.9920608858051, 100.53332285275864, 81.12758506893378, 105.18840058299871, 48.61095865832118, 95.13944572691774, 5.4953083040959045, 82.08680615334976, 96.0879268977791, 16.016104189564018, 89.52842228968976, 54.91746688861246, 70.65817945177416, 46.38129570019079, 20.251835782914583, 82.36268391929694, 57.688896679030634, 69.1844121099876, 23.28378762244999, 27.89192055392188, 80.69149689129938, 9.441640244172158, 68.99804025209716, 67.48731171772415, 3.494115999131626, 88.79664429076793, 56.77393332686917, 69.40094694317149, 94.91028626496112, 109.63404368248153, 76.4472249037143, 23.436460944345164, 70.41766265207774, 58.03912058760889, 14.91628494518758, 96.28095900267579, 58.23612055819309, 70.37978705515945, 59.340353052287554, 8.525446399599277, 50.16070680441713, 62.77933641169172, 114.75183114267499, 61.52292026133361], [36.67078300909195, 85.82311640719217, 77.6136516282043, 65.01700392867843, 72.62658169534254, 65.4281376302102, 76.16260287573637, 36.20360950477824, 62.83661421370725, 74.4845951868594, 66.0538139686893, 0.0, 32.08640111092836, 51.467159153193286, 55.912248453546994, 44.83470594345703, 19.58933867553517, 45.78563106709043, 45.8564402882658, 44.60395065749036, 8.28901192205413, 28.454772192037836, 21.163871760969503, 50.19651921668587, 43.95316376082342, 28.950826694568224, 63.70880018051551, 27.764509788943876, 38.96626824800949, 72.74247686258754, 34.26375680747649, 52.803773966347485, 36.55090368932109, 39.475371259239054, 45.16688662393144, 18.426418039061115, 57.808220099349946, 62.90234993841147, 30.278879826817167, 30.871464070683295, 68.52868482803218, 39.004227254445816, 53.45949128174697, 7.928226846883253, 41.19106840263585, 52.49216306972423, 18.86799666525081, 78.01683472115775, 23.77372155301054, 63.26749316151599, 39.334579653262686, 15.08800304207388, 59.99609233038519, 82.73407907764474, 16.710375586492212, 69.54458126784152, 25.216965648834716, 35.852841597845405, 41.74335175348535, 28.857954408843444, 57.265591765728246, 63.58308002923598, 43.52432550579701, 41.70260128905551, 15.586701992068479, 52.49801078595612, 30.311298105021134, 8.41245000580369, 12.940434818828088, 79.92616774750387, 63.164423027931264, 20.451428961103108, 67.75248638363387, 60.14442561895603, 73.29823904569996], [65.90204169060608, 54.62733045948591, 46.20409925479737, 33.98171528169144, 40.5917802245528, 37.60890038470707, 66.34461143238696, 67.90765926887775, 52.86582889215222, 42.425189202729584, 51.558091280255674, 32.08640111092836, 0.0, 56.10533788811257, 42.78236082564809, 29.496592093456325, 37.451882308376604, 15.331219845851386, 19.85244805415839, 50.37529748927279, 39.489774824801295, 59.77347099068876, 47.074448941381235, 52.95118804621388, 13.533144658669551, 16.21321160513158, 39.14395304290527, 38.53731878262068, 8.529538720665025, 63.71606957617086, 4.192728687298863, 49.43583051712374, 54.9088981032273, 68.66479294750451, 56.1042318995391, 29.756541079400403, 44.755634920326905, 46.619294323875174, 61.529419573041615, 52.80137448903858, 61.2548939045465, 70.42708442007307, 21.53343396061154, 30.708029110774355, 9.80559823634574, 48.32112266880451, 38.91041551478034, 46.03409921090864, 19.639887368410246, 38.59034869561029, 35.64233554425311, 40.751854754781355, 42.70808907101243, 50.77666565385038, 45.825867330073116, 54.72454191278637, 56.45768561338864, 6.70043825915171, 19.4397546234285, 55.44406281305583, 58.22550057063305, 36.06001386772043, 29.642330539455113, 20.246935605853256, 38.67263181518181, 36.78016017708446, 57.72025402770222, 25.112752612552505, 44.09415692841721, 47.91529632544149, 52.995397686699995, 13.835082300773491, 36.011410319432095, 63.549464367789234, 41.25596196363095], [80.88131412251957, 83.63584639620373, 78.51178224340633, 83.82597261726636, 80.06812512724397, 58.714008929486205, 120.57679217448158, 72.93307650463922, 106.78091228627314, 84.85227243304875, 106.93568852570061, 51.467159153193286, 56.10533788811257, 0.0, 29.15046320542708, 33.29073550887716, 32.24463682499102, 56.287516775808754, 48.36960751965854, 6.872933779089915, 57.06159538980255, 69.37642215143232, 38.5047858342873, 99.68899134846133, 68.08467980691043, 39.89416535142981, 50.96842240646364, 78.19705426373203, 63.97248762397034, 117.5716818759177, 53.702457883866515, 13.382010478779183, 24.164508197677662, 83.26829383335598, 11.03958274840489, 67.6174670697616, 29.321667110451386, 102.29520744118578, 70.92656605854647, 30.722725124339473, 114.27313949998937, 76.59135177004038, 65.42726649871196, 43.62628789268141, 63.92494725160229, 99.21852862624628, 33.643164119537374, 89.08841228084863, 37.80667586834835, 94.2197752861221, 85.31654200162657, 39.83807125307819, 98.49241843939024, 86.82926643968928, 65.40566581168862, 110.24789158009368, 52.979052029734, 52.49926727115884, 43.26641450775831, 39.708160190873144, 7.627685067248692, 57.065235646977754, 83.83141794710771, 42.17318413455532, 67.0296858517372, 92.01975727792663, 41.94142834619638, 54.95502514017395, 59.85166411317181, 90.26793818888765, 106.99419867812887, 57.82769946193824, 73.4289230883942, 8.678947828053461, 80.73090489524323], [91.67898122582977, 54.94261662367399, 50.54619098070631, 61.10011536861134, 53.66560484691164, 30.491000860235392, 108.68668025162421, 87.46978460302141, 95.43678541401943, 58.9486585927227, 93.27130387151315, 55.912248453546994, 42.78236082564809, 29.15046320542708, 0.0, 13.356732772855764, 42.77520210331007, 35.502337242576445, 26.574799145270728, 28.768533988098667, 63.7766142618459, 81.57620262538548, 53.810915939125145, 94.67226002153896, 50.66040000794612, 30.16221792695596, 22.182482976936953, 76.60376981046068, 48.179203541713754, 106.22343094884151, 38.944067284877356, 15.88104139304709, 46.95337185735554, 94.4061600047344, 37.54141129067795, 65.96603011427524, 2.028134992015052, 88.0241781224463, 83.37268459183079, 50.86066136805545, 103.96566833638327, 90.93674967360343, 42.77073580157915, 48.73288239986036, 46.9412336959622, 90.98882225400695, 45.05030853061822, 63.08176741910345, 33.0326465737028, 75.88521348651516, 77.87384675137207, 51.39594252176012, 84.0093252849707, 59.12370587136619, 72.52248879102785, 96.19846693087267, 68.93149215529967, 36.752432556076876, 23.879223549040827, 58.89764960061745, 25.41787654915006, 29.0580389660122, 72.3539790891587, 22.885295358120818, 70.10716451715867, 78.91454037479093, 61.58255235452904, 54.95280862124872, 67.95709631543218, 63.964177779973895, 95.53996054499481, 51.27426237628772, 47.11194512882732, 31.5997948902737, 54.27079639636883], [81.31675002258876, 52.26996489138962, 46.17193426565775, 51.13898966671307, 46.87243352600855, 27.3711387442714, 95.6256111516455, 78.50422798775836, 82.27694388534972, 51.57260699243631, 80.40200254715737, 44.83470594345703, 29.496592093456325, 33.29073550887716, 13.356732772855764, 0.0, 35.057995326287134, 24.04500586183649, 15.444311355907281, 30.05018246295053, 52.99104736525082, 71.92214922653352, 46.80045902878306, 81.36570480789666, 38.227271125512445, 17.270885865589594, 21.696291660532356, 63.70342609277901, 35.31067705186395, 93.09529989060253, 25.75029113064961, 22.540280438725397, 44.29524932577161, 84.09746761138304, 38.38579103289569, 53.20116608146477, 15.364293846352524, 75.23212723123049, 73.75389108325895, 46.376431629651364, 90.7380881081094, 81.81215325113862, 32.57561383571703, 38.33077590651795, 34.324419694946265, 77.64022377810386, 37.37143267970238, 55.810744843363096, 21.15359269270151, 64.0233690205635, 64.5212415188449, 43.07288127301872, 71.23331903661477, 54.15404170324404, 61.5414629156769, 83.40692514652733, 61.19959922453264, 23.659753598925864, 11.27715189577711, 53.24014737021646, 32.49710101547988, 25.505736128731847, 59.11956824428657, 10.180649607613951, 58.16340630935294, 65.89013919168951, 55.96009179323389, 42.78247512090398, 57.42276853775369, 57.020555687154676, 82.39137511290879, 38.11491105250289, 40.251011485026375, 38.583734170140744, 47.5449957564174], [50.25567220827339, 84.23010224185288, 76.83486184935418, 71.10194714293851, 74.25455656310916, 60.73500170103662, 93.60196592497, 44.77493522698482, 79.94159227727519, 77.4424510968191, 81.9152346703321, 19.58933867553517, 37.451882308376604, 32.24463682499102, 42.77520210331007, 35.057995326287134, 0.0, 46.30670217597231, 42.59553144044097, 25.459690520209346, 24.832183706368614, 39.40092214487586, 11.816800196134132, 69.37413047895136, 50.97512918461006, 25.34067897910944, 56.50410631582251, 47.15458001354907, 45.89606664114666, 90.31443957368265, 37.43808092686765, 35.69085653362803, 18.630377229251312, 52.84910158410294, 25.59922254301215, 37.14211255419236, 44.38564436521069, 78.06027780571112, 41.13575261269016, 15.360582959371778, 86.42314839381237, 48.292267299964216, 55.60037018442806, 12.203122784852457, 47.20451047782613, 70.625040703666, 2.320309085079468, 81.44378933422924, 19.354933820082287, 74.68971250354633, 56.945553587491524, 8.726393582149207, 74.69131851883243, 83.50995004337331, 33.30077852886815, 85.38853229806432, 26.30477888469546, 37.798338920965556, 37.152004901843895, 19.178563634270326, 38.549557850463856, 58.79804897242406, 58.55612478857147, 36.58997086971759, 34.97287967209046, 67.45358300144675, 21.789929983402892, 24.791105152755154, 27.85929022269897, 83.13667391808525, 80.22603046335747, 32.049011390293316, 68.32995637161676, 40.87922443178879, 74.96108656767873], [80.83398896177987, 40.04036418219513, 31.854444624266215, 27.55511315227895, 27.984757438879445, 22.537799295230126, 74.63143749195952, 81.97869260908683, 62.0078181564163, 31.21829282029611, 58.71229099909713, 45.78563106709043, 15.331219845851386, 56.287516775808754, 35.502337242576445, 24.04500586183649, 46.30670217597231, 0.0, 8.92962849071496, 51.86414255665342, 53.667191520525655, 74.06949031084972, 57.3605390375837, 66.10087946285344, 15.872025449611272, 21.03592691480775, 25.45137915987281, 53.59207205338658, 15.182095364919128, 72.4939835201042, 11.866636690667896, 46.53144641057634, 61.391362938814744, 83.61807656116424, 59.21606996567994, 45.08082018928636, 37.2084797472499, 53.31800191369123, 75.86465551300391, 60.97671107555036, 70.88547236419677, 84.6949137396276, 9.59482869046784, 42.72345436387181, 12.96206364613208, 59.93315521791814, 48.222713658102045, 35.30223311217344, 26.956744800813713, 40.38300109822104, 48.58709601304098, 51.63209617014466, 49.30260385288676, 37.55863826864957, 60.58988606645011, 61.43088054341566, 68.76618235938818, 9.954597171280264, 13.073564843909045, 65.36724261905997, 56.37186829956312, 21.127190671692826, 40.05963256487703, 14.187484491793075, 53.86393305663877, 45.073856699415394, 67.88355190691236, 39.69462648608157, 58.35554740811709, 36.92204207653169, 62.04336982211081, 29.112246883408996, 22.340485334946706, 62.3445951166054, 28.689200336565367], [82.10070209724157, 41.65723772098414, 34.28372866966303, 35.69850112910984, 32.889457260318366, 19.575526847152304, 83.0306634938968, 81.79183520277851, 70.1618797604248, 37.07817038223474, 67.2689569379867, 45.8564402882658, 19.85244805415839, 48.36960751965854, 26.574799145270728, 15.444311355907281, 42.59553144044097, 8.92962849071496, 0.0, 44.44267811248077, 54.070116552775985, 74.28408856747312, 54.18711343497169, 72.60652074144006, 24.39007219539633, 17.799584708607046, 19.408043270772907, 58.0721314561223, 22.711354894206117, 80.77705558872432, 15.6731608694799, 37.98087609954338, 55.88073319688207, 84.91140383357364, 52.24941587935077, 48.62166411501292, 28.292887784531118, 61.92234951836644, 76.11513136675892, 56.38641135065894, 78.94117584483848, 84.75483406540219, 17.146707914564058, 41.3810555273257, 20.983900645298174, 67.24244601725907, 44.71497409454433, 41.30223611602919, 23.94023007163209, 49.31179758370988, 55.166939387185394, 49.05465505928081, 57.90112637630555, 41.34834814532187, 61.750712751279856, 70.06802038744911, 66.89577421074416, 13.164324450735956, 5.698418590583358, 61.75678640059887, 47.93594653355703, 17.74823354940562, 47.676897357025915, 6.589031380340703, 56.15014793539022, 53.32527516555037, 64.38415356694958, 41.08970608613188, 58.76755282314941, 42.68856403522233, 70.22161758732989, 32.386586402964404, 26.489032994009083, 54.00004205626155, 33.58915407932844], [74.57194659103894, 81.75234578170979, 76.08674818871556, 79.39208171853885, 76.84328910518965, 56.69510881822361, 114.16922469073619, 67.09298696797994, 100.36596432773074, 81.3834146612335, 100.75608287591257, 44.60395065749036, 50.37529748927279, 6.872933779089915, 28.768533988098667, 30.05018246295053, 25.459690520209346, 51.86414255665342, 44.44267811248077, 0.0, 50.29143826573009, 63.16831476552137, 32.37630537278971, 92.89392559592551, 62.76108456761112, 34.20230590709984, 49.525792826064105, 71.34199823424662, 58.45153618100945, 111.12379319989957, 48.24264080213977, 14.557353503243721, 19.71817950640543, 77.00992741372613, 8.798057461406136, 60.783507022040844, 29.407856421711468, 96.20766971376722, 64.76129963561404, 25.506109078107272, 107.74796169495683, 70.74408626704687, 61.23261736460141, 36.7558539666468, 58.597202483257014, 92.58730812810381, 26.93914087161059, 85.62181899777138, 31.574650629205923, 88.77324901121946, 78.68307363421592, 33.24786173886856, 92.45044670749887, 84.17747961615656, 58.69891426273454, 104.09897890225348, 47.20214529855016, 47.23165457209546, 39.059480796674436, 34.44590906071934, 13.349015832679719, 54.940286610507584, 77.53923898546562, 38.009471678030266, 60.172576357862425, 85.85074825639822, 36.84772482676929, 48.11715927008847, 53.17816831617401, 86.91036951093427, 100.58851212926608, 51.32208741129916, 70.24528210704143, 15.550351433803838, 77.52319111807901], [28.399847920889123, 93.69321195557696, 85.41182954253627, 71.52972349221616, 80.07320366853676, 73.64563243431573, 76.59949618613834, 28.420684672534684, 63.79463500639419, 81.6561113643703, 68.02471917037003, 8.28901192205413, 39.489774824801295, 57.06159538980255, 63.7766142618459, 52.99104736525082, 24.832183706368614, 53.667191520525655, 54.070116552775985, 50.29143826573009, 0.0, 20.402577764923585, 22.31371986385694, 48.49719176872985, 50.59855411867556, 37.23970503982069, 71.99769680904427, 26.162435395500427, 45.77872847976775, 73.08214690550524, 41.98655227883316, 59.69405244212593, 39.36133494335703, 31.200860561453194, 49.6408333514737, 19.433724828650956, 65.63907420100374, 65.44305294603673, 22.202153192606197, 32.77709866305801, 68.56439263289491, 31.032537141679168, 61.00362070975294, 15.087439825102301, 48.171326776684566, 52.51239801857346, 23.47134235549926, 85.05781582403085, 32.00728393743517, 67.89616216908405, 40.379559043650396, 17.867897640403697, 62.90528897335261, 90.26537689056946, 8.806565868358437, 71.4736231654698, 20.843268185874535, 43.71287569737738, 50.021362638109814, 28.46655533886723, 63.33898737156347, 71.8098324300003, 46.65113969969245, 49.98859363291478, 11.66958469947352, 55.40466415619565, 29.217562387296162, 14.505433125148347, 4.708110612030757, 87.00034552695423, 64.1584918021351, 26.824283282188656, 75.41248341899984, 65.67277159477362, 80.73348459425294], [11.7387283108068, 114.09200465914006, 105.79760173785772, 90.98437149882801, 100.29878570139306, 93.84399245759376, 86.45295877785037, 8.478967127148463, 75.1807828468834, 101.6807406933846, 81.07441469658782, 28.454772192037836, 59.77347099068876, 69.37642215143232, 81.57620262538548, 71.92214922653352, 39.40092214487586, 74.06949031084972, 74.28408856747312, 63.16831476552137, 20.402577764923585, 0.0, 30.873126554882155, 55.53614742595573, 70.32199382823272, 57.09364325292986, 91.78403500764227, 36.84637607794051, 65.67330827316485, 82.87208984698677, 62.37180677221589, 74.94835740022212, 47.18531480313722, 13.92696295779575, 59.923557225372605, 35.43870675886953, 83.31030614175204, 79.55172500124294, 1.84121129223488, 39.85788989998552, 77.93011747163395, 10.653738816373313, 81.3064291522142, 33.67141354504804, 68.1702540532043, 62.763528398518844, 37.31994408790536, 104.96472307118032, 51.496794620187984, 85.10875989081283, 53.43519640434363, 30.702877690837365, 77.69537868944218, 110.53285147587745, 14.871485224699757, 84.33334169831501, 17.80841868629366, 64.11504229739482, 70.01846707783388, 31.815452040418762, 76.5074491734402, 91.98719870991677, 62.42061527967036, 69.9055668187805, 24.356903829519574, 70.46303142538608, 30.733917410593662, 34.66618723517956, 15.718904112196327, 106.93191229507, 75.59548290724464, 46.69162009223929, 95.75474723076047, 77.46366754959506, 100.95109956355681], [42.42677873984751, 95.84432806790666, 88.329192330153, 81.04758011157587, 85.34288215626322, 72.52319046883316, 97.3014967728695, 34.85286814241322, 84.00042195772808, 88.26890554374171, 87.09018016439154, 21.163871760969503, 47.074448941381235, 38.5047858342873, 53.810915939125145, 46.80045902878306, 11.816800196134132, 57.3605390375837, 54.18711343497169, 32.37630537278971, 22.31371986385694, 30.873126554882155, 0.0, 70.49577137666995, 60.38026356781403, 36.654403401014406, 68.30563491960984, 47.98493405979478, 55.23533823129359, 93.86702571816663, 47.69331680363061, 44.88116342463168, 17.416099098879233, 44.776255953530146, 29.259240644729907, 39.474131746486464, 55.30444258260293, 83.76238610145498, 32.42467779772154, 10.495937982198527, 89.59554338660315, 38.484726225342705, 66.43547529642959, 17.17986462391782, 56.871184238604044, 73.52874343529184, 9.559248318419947, 92.18369195440619, 30.5233596934209, 82.57694899414435, 60.49184505886046, 6.60491091143502, 80.70550844699359, 94.79616392456072, 29.051542068805585, 90.58395065489252, 15.284731247006139, 48.375451907307, 48.82611879553423, 8.418168718793632, 45.685496464942034, 70.58643647860858, 64.25574220270742, 48.30339581763916, 33.919929232667585, 73.25697100786806, 10.65554211533391, 28.887507735919357, 23.404595346416656, 93.93587489328524, 84.32826567080791, 39.07470341319071, 79.5770090231419, 46.62314214647581, 86.04651096713634], [51.13943314023127, 97.41049195109434, 89.19748117323248, 64.03838773853725, 80.05760099111859, 88.16326203629805, 31.399648616177004, 62.51506285026014, 22.758469716119322, 78.18549117481633, 31.037834483363042, 50.19651921668587, 52.95118804621388, 99.68899134846133, 94.67226002153896, 81.36570480789666, 69.37413047895136, 66.10087946285344, 72.60652074144006, 92.89392559592551, 48.49719176872985, 55.53614742595573, 70.49577137666995, 0.0, 52.00888085138452, 64.81903354449831, 91.4396145265131, 22.527909129008155, 50.997617013829064, 27.877257105963242, 57.12670197755179, 97.5957080217078, 86.72401806017756, 52.47761358555874, 94.85662329633371, 32.27808622040348, 96.69516427510767, 32.43139714407414, 56.12364533552857, 80.74062555070454, 22.80765695529362, 62.285439076443204, 66.84821102732649, 57.172136746715616, 53.49676378013009, 11.076133530319192, 68.953628099511, 79.54462995691819, 63.744885211667295, 47.14332386678594, 17.514491486582532, 65.06119100316026, 33.015713789763076, 89.5224353937942, 44.539550588538795, 33.418213341339, 67.402627739418, 59.61167588378708, 72.27988946142987, 76.95802909348, 104.31642574717466, 86.9768584745317, 27.903947361801194, 73.0007636087844, 36.87027926110995, 29.12224628815162, 77.59206863653496, 44.89207395869368, 49.0562793140425, 81.48209507302474, 23.201420701210242, 43.654225728730154, 79.05806501996814, 108.24779487313893, 80.45113286915952], [75.02217421596606, 47.32033166520329, 38.78831159126517, 21.071196667381635, 31.149781529160222, 36.41560477741281, 58.76140857633616, 78.68573310399658, 46.18516079244876, 31.599646704467943, 42.892287814956916, 43.95316376082342, 13.533144658669551, 68.08467980691043, 50.66040000794612, 38.227271125512445, 50.97512918461006, 15.872025449611272, 24.39007219539633, 62.76108456761112, 50.59855411867556, 70.32199382823272, 60.38026356781403, 52.00888085138452, 0.0, 28.73979835493727, 40.858363715744, 43.15971361368902, 5.146661829764857, 56.62831861607308, 14.577293629187116, 59.989122385507436, 68.38886794625697, 77.68417706454224, 69.00952218877737, 36.92922180181571, 52.47180210807949, 37.53320693841287, 71.99135932171865, 66.32917446383739, 55.10046188445027, 80.89010098594193, 14.883298416519981, 43.68203985077877, 4.164701967305285, 44.85501659308846, 52.401170007320104, 34.68573593988225, 32.951117439495796, 26.178390614298863, 34.72455878301602, 53.96373410982614, 33.512268369728446, 41.458540019680015, 55.745842583305524, 45.678246506700795, 68.93026139676341, 15.585961310516721, 26.98356998336528, 68.78017130814848, 69.37508722468498, 35.39783726862516, 24.838201892586856, 28.059368882500063, 47.38478865089827, 29.23038303599783, 70.99608119669534, 36.13885905810656, 54.97310034580175, 36.67253929689379, 46.21089727586713, 23.7743698953961, 28.261389760119403, 75.02982016308324, 31.72485208817038], [65.60000639315122, 59.328174115228386, 51.69269551764716, 47.06492957864814, 48.92640699501675, 37.025304941727285, 81.69551201694391, 64.35348093130743, 68.0165364116177, 52.247029873711696, 67.3981737778378, 28.950826694568224, 16.21321160513158, 39.89416535142981, 30.16221792695596, 17.270885865589594, 25.34067897910944, 21.03592691480775, 17.799584708607046, 34.20230590709984, 37.23970503982069, 57.09364325292986, 36.654403401014406, 64.81903354449831, 28.73979835493727, 0.0, 34.761823053251845, 46.48092154035742, 24.271158157091424, 78.89047142895909, 14.162740416906273, 33.87434503812778, 40.69055986552087, 68.40841348496386, 40.27291288515739, 35.93453097706995, 32.18836297200887, 62.59916730019323, 58.93372861500276, 39.95118411512579, 76.04413527554033, 67.42296529229368, 30.477940922618707, 23.737488193057157, 24.600369054021606, 62.01320633026668, 27.33069085742771, 56.3075472720642, 6.168597402979591, 54.59607901143988, 48.467066439754845, 31.308058665092098, 58.73919857555058, 58.18893984399983, 45.42139395287182, 70.63990255163182, 49.096204724035864, 13.564401622598423, 12.977691674204628, 44.48260110901722, 42.236764376518856, 35.12540824764214, 44.75719578597953, 12.81294781308193, 41.209482634393105, 52.5122493