instance_id,num_cities,city_coordinates,distance_matrix,best_route,total_distance
2252,36,"[[23.75202316534405, 72.97690191246186], [50.38179789050823, 76.2213818770943], [59.23774985619193, 38.63342220563507], [90.68574507735597, 6.382425854967632], [76.2818542125791, 82.22097827417538], [6.976182151888944, 86.18191824303962], [9.684780801311044, 16.36871855472898], [5.52818725134575, 73.76065778677922], [19.735071756547974, 33.43079054542986], [27.989698585928913, 99.54799500918408], [51.369592225331374, 97.21057731949308], [34.69224465172397, 95.1968445530714], [78.53247417796081, 1.2536537287191396], [21.98356878621589, 39.71563588243138], [53.16195493509361, 62.90571533742052], [8.699239652727364, 21.36483004137316], [96.82585902407295, 46.29183746997882], [5.0603046669972285, 97.60700423454688], [24.875427414441365, 83.45425380339934], [86.86023752097068, 97.348761760081], [37.37246322573336, 77.71416839875123], [44.081618284852716, 62.90370392097214], [57.59324671154506, 81.35087026148554], [88.33075793670336, 86.72108764569401], [14.785110298810789, 53.30624084710772], [4.204689810253404, 72.208148938671], [49.11716374292745, 76.9976978509025], [27.46517980987392, 29.1748131494442], [69.65661879062334, 70.16129748638089], [75.54970344128584, 34.16631018442994], [67.710358537363, 68.82796398702578], [36.16968607029537, 19.031188280483025], [77.6912764380624, 34.61134455574876], [7.5996825695734405, 69.80927246765239], [30.79444529178813, 72.50463233436267], [5.150509670803338, 47.1313645179862]]","[[0.0, 26.826694767598458, 49.38331091726006, 94.41899899049298, 53.33700495558642, 21.34950346025752, 58.32986997063469, 18.24068169479587, 39.74960154359193, 26.906892821819994, 36.74236171664145, 24.767202044700714, 90.2503304324835, 33.30824595819355, 31.08653865792423, 53.762368384439036, 77.79381820818365, 30.919609971954994, 10.537406690140662, 67.65082609686087, 14.420751755743474, 22.688361675072596, 34.8618954879737, 66.02511360186482, 21.618058032673485, 19.562444183428397, 25.68184488114413, 43.95919144240591, 45.990863525319654, 64.72450627273003, 44.15369672618608, 55.356466390878595, 66.19183510758484, 16.46001163491093, 7.0582397211647, 31.843493958685183], [26.826694767598458, 0.0, 38.617128291494474, 80.63428512178152, 26.585862303380566, 44.53380471446375, 72.37809410822327, 44.92105909724577, 52.633226475710934, 32.33476444139225, 21.012426394091722, 24.62174373597544, 80.07884139502535, 46.25071790671713, 13.602802968077784, 68.89613153545817, 55.25240667152694, 50.11369664696798, 26.51206086226997, 42.15498474194155, 13.094701219170815, 14.732712214880864, 8.84966921325527, 39.374704948924766, 42.33471218663334, 46.35117419519791, 1.4839022940938968, 52.331166748880726, 20.20503262937436, 49.01073887310823, 18.839894962257862, 58.929639113167084, 49.771506149835275, 43.25996461409113, 19.93686557586179, 53.778234853583896], [49.38331091726006, 38.617128291494474, 0.0, 45.04556769584684, 46.801458709527004, 70.65501351164347, 54.32507497295015, 64.17662966202799, 39.843806962134785, 68.46185717629824, 59.10322331089102, 61.65957000658555, 42.06582315896002, 37.269896614248964, 25.021180983290197, 53.40735238636437, 38.36036072793991, 80.08170168364921, 56.47721796181163, 64.8883111491179, 44.78164224816764, 28.613893456668393, 42.74909073883369, 56.20344016737536, 46.81163071827336, 64.46627004269685, 39.676742672024645, 33.150588118856064, 33.20481515670766, 16.912566912572835, 31.360731038233226, 30.271820917919264, 18.88676128746046, 60.31934708414096, 44.22985925964329, 54.750749532914725], [94.41899899049298, 80.63428512178152, 45.04556769584684, 0.0, 77.19428803405938, 115.65141551475573, 81.61422826648803, 108.58929870455592, 75.93162764687887, 112.2970058438081, 98.97228386546679, 104.99177614745517, 13.191144646203714, 76.36158666419853, 67.8448014261794, 83.3442229968429, 40.37898134840772, 125.11450653701151, 101.34626078058524, 91.04673951364693, 89.05348682742961, 73.25707821300493, 81.94742890917544, 80.3731705406559, 89.23424663884765, 108.68301955505308, 81.94183054592362, 67.20366650206948, 67.15629992010905, 31.639279145419696, 66.53806143302056, 55.96420177719364, 31.0761655651545, 104.52874558836045, 89.21386652145792, 94.74572548783836], [53.33700495558642, 26.585862303380566, 46.801458709527004, 77.19428803405938, 0.0, 69.41876709666396, 93.6573024227329, 71.25769018997583, 74.68615015339819, 51.30650839809579, 29.07419606559496, 43.566830606691646, 80.99859834761226, 68.9565655473226, 30.12655182587364, 90.9443817312443, 41.38791239749191, 72.8645243896301, 51.42121823414219, 18.459469835715662, 39.16952951237037, 37.55013025594139, 18.7088518696753, 12.86184533062209, 67.9552172571898, 72.76932306667298, 27.662304074175186, 72.08996694533836, 13.759710938091576, 48.06024521335179, 15.901049330344257, 74.84607933968074, 47.63049121951643, 69.79463548602405, 46.51356521219771, 79.31550396914436], [21.34950346025752, 44.53380471446375, 70.65501351164347, 115.65141551475573, 69.41876709666396, 0.0, 69.86572376611859, 12.505374866602654, 54.272191196904956, 24.9042141221548, 45.74282653021629, 29.14530865971511, 111.05454984796823, 48.82967386751572, 51.71950530781748, 64.83998650596563, 98.30657647440069, 11.58460946473598, 18.1058867295773, 80.66077545092537, 31.55371120083339, 43.80283840850455, 50.84708692970005, 81.35636241113457, 33.79037618975521, 14.24596077389865, 43.130177760676965, 60.5772981914937, 64.69542044574007, 86.06945627651118, 63.16486293455956, 73.2221360350694, 87.52227505234708, 16.38451349467411, 27.46593906694569, 39.09320690659026], [58.32986997063469, 72.37809410822327, 54.32507497295015, 81.61422826648803, 93.6573024227329, 69.86572376611859, 0.0, 57.54226237084323, 19.802086983466584, 85.16960752867357, 90.95619622652546, 82.69973818967178, 70.48737523826279, 26.38823098663892, 63.686393681943514, 5.092388569475976, 92.13555534885374, 81.36980299664332, 68.78389916343505, 111.86518009384662, 67.30432359515333, 57.86749771595142, 80.73351934798816, 105.52082996400294, 37.287986189697115, 56.10769450684441, 72.32417268762995, 21.91206625748695, 80.56216791977685, 68.22713757873377, 78.22365436956115, 26.61839499570984, 70.41077227388267, 53.48121574119337, 59.97381721030417, 31.095015699395642], [18.24068169479587, 44.92105909724577, 64.17662966202799, 108.58929870455592, 71.25769018997583, 12.505374866602654, 57.54226237084323, 0.0, 42.759019622168836, 34.19804457064227, 51.491097639103685, 36.194645282581725, 102.89262144167131, 37.81326616315588, 48.85494447165151, 52.49169780506791, 95.34044766371352, 23.850936103635384, 21.639812976593245, 84.68353470490052, 32.088754392963516, 40.05297107206457, 52.615413540190644, 83.81072994689578, 22.45158784248031, 2.0400806846868322, 43.709007080468, 49.690332908298124, 64.22936342717321, 80.440817323009, 62.377511123526844, 62.72333124374292, 82.09860027693138, 4.461450301600396, 25.297458277529334, 26.631971394364136], [39.74960154359193, 52.633226475710934, 39.843806962134785, 75.93162764687887, 74.68615015339819, 54.272191196904956, 19.802086983466584, 42.759019622168836, 0.0, 66.63050044982566, 71.19412957705745, 63.55125843514886, 67.02613419575147, 6.674954666696636, 44.56599275821917, 16.351666371020837, 78.15622821965144, 65.83263015104114, 50.28687833432355, 92.68923844275666, 47.666499052660946, 38.22835270708283, 61.070250129799696, 86.86324842855454, 20.482569251135228, 41.771716356353636, 52.54886051723396, 8.824279806943766, 61.9781493626153, 55.81947777651005, 59.62036589417973, 21.850516996865146, 57.96822723576145, 38.34920621974867, 40.60880268043521, 20.01037676832768], [26.906892821819994, 32.33476444139225, 68.46185717629824, 112.2970058438081, 51.30650839809579, 24.9042141221548, 85.16960752867357, 34.19804457064227, 66.63050044982566, 0.0, 23.496445434274776, 7.991034604845252, 110.52759697155732, 60.1330590760499, 44.45558625473068, 80.52781563060971, 87.03238075398464, 23.0114004501414, 16.39229059431085, 58.911603113361544, 23.764516757982065, 40.02191835674823, 34.749178561643355, 61.68932643565855, 48.09013391349834, 36.23801630357697, 30.901224666459253, 70.37513655411587, 50.98735363441703, 80.84997694721415, 50.21405314232091, 80.93125700884295, 81.7741732645664, 36.05751477222796, 27.188417917303536, 57.176321168396015], [36.74236171664145, 21.012426394091722, 59.10322331089102, 98.97228386546679, 29.07419606559496, 45.74282653021629, 90.95619622652546, 51.491097639103685, 71.19412957705745, 23.496445434274776, 0.0, 16.79848331681968, 99.72739513783618, 64.56939417723694, 34.35165381306108, 87.02491809158322, 68.25679643186375, 46.310984317540274, 29.852591272886784, 35.49091430831989, 24.00061626367478, 35.0724411260357, 17.03714128395906, 38.420790782598914, 57.14906017523244, 53.38210790856769, 20.337992292262165, 72.11300949988693, 32.650863389651796, 67.52227334008482, 32.75047149652625, 79.64329235808115, 67.90798923841123, 51.63948585004231, 32.15152234257633, 68.14786238027492], [24.767202044700714, 24.62174373597544, 61.65957000658555, 104.99177614745517, 43.566830606691646, 29.14530865971511, 82.69973818967178, 36.194645282581725, 63.55125843514886, 7.991034604845252, 16.79848331681968, 0.0, 103.66913150583345, 56.91814260681429, 37.200097096290925, 78.27389523802609, 79.07139655254046, 29.729795440746933, 15.305500259203967, 52.21235703999198, 17.686931252235368, 33.63045151506345, 26.761294801021617, 54.30403817927233, 46.38013235206465, 38.18338809303369, 23.222558676313685, 66.41640683513253, 43.003326334754746, 73.44425140242546, 42.255339388903366, 76.17998443541055, 74.29346905676249, 37.128637688010144, 23.02453767677497, 56.418121881946085], [90.2503304324835, 80.07884139502535, 42.06582315896002, 13.191144646203714, 80.99859834761226, 111.05454984796823, 70.48737523826279, 102.89262144167131, 67.02613419575147, 110.52759697155732, 99.72739513783618, 103.66913150583345, 0.0, 68.38934692038663, 66.66813292162759, 72.6714528335227, 48.61158219847852, 121.16983059469325, 98.16321775502281, 96.45528202154762, 86.83522790431125, 70.62287278548654, 82.78898080775706, 86.0272551286469, 82.29944244803967, 102.75777303694106, 81.25528110820024, 58.20188740474301, 69.47693269776485, 33.04753963972517, 68.4354118408325, 45.94177348551228, 33.368295595509615, 98.64752295945847, 85.76491913480085, 86.54292034703562], [33.30824595819355, 46.25071790671713, 37.269896614248964, 76.36158666419853, 68.9565655473226, 48.82967386751572, 26.38823098663892, 37.81326616315588, 6.674954666696636, 60.1330590760499, 64.56939417723694, 56.91814260681429, 68.38934692038663, 0.0, 38.8570656120253, 22.654480253209705, 75.13065176988482, 60.31423876771681, 43.834113929245355, 86.77879547762873, 40.99642112995266, 32.031395395833115, 54.78632953341964, 81.3108972010454, 15.379283074993445, 37.0385197105908, 46.11056408130141, 11.88095127937778, 56.56551959652575, 53.85281605995721, 54.207628140467186, 25.081712385628805, 55.941062572776055, 33.35450712597429, 33.9521697851729, 18.394154244736598], [31.08653865792423, 13.602802968077784, 25.021180983290197, 67.8448014261794, 30.12655182587364, 51.71950530781748, 63.686393681943514, 48.85494447165151, 44.56599275821917, 44.45558625473068, 34.35165381306108, 37.200097096290925, 66.66813292162759, 38.8570656120253, 0.0, 60.84881429789843, 46.71784945912918, 59.31229391648988, 34.962409417321744, 48.18607367394828, 21.6471321543892, 9.080336873018764, 18.969978570910573, 42.473717317274165, 39.55922287820573, 49.83321261377365, 14.660979058320317, 42.40398582976528, 18.01991698169643, 36.43027163945191, 15.707612054105375, 47.05009378995468, 37.44674927582804, 46.08231509115203, 24.34018683489403, 50.5364128143315], [53.762368384439036, 68.89613153545817, 53.40735238636437, 83.3442229968429, 90.9443817312443, 64.83998650596563, 5.092388569475976, 52.49169780506791, 16.351666371020837, 80.52781563060971, 87.02491809158322, 78.27389523802609, 72.6714528335227, 22.654480253209705, 60.84881429789843, 0.0, 91.58415114618786, 76.32896549497194, 64.16202610269322, 109.00779544231135, 63.2250083699628, 54.565472240715664, 77.38829981047947, 103.01756700802805, 32.51601983302318, 51.041591420907, 68.76499522630495, 20.326247713977136, 78.0826312727286, 68.06513353104101, 75.73018708520112, 27.569390821137947, 70.25219773479394, 48.456919297167424, 55.708863664577095, 26.009763232661207], [77.79381820818365, 55.25240667152694, 38.36036072793991, 40.37898134840772, 41.38791239749191, 98.30657647440069, 92.13555534885374, 95.34044766371352, 78.15622821965144, 87.03238075398464, 68.25679643186375, 79.07139655254046, 48.61158219847852, 75.13065176988482, 46.71784945912918, 91.58415114618786, 0.0, 105.13878117296609, 80.98092242343719, 52.02041070491774, 67.24633189216577, 55.29836379263366, 52.61495651562451, 41.3121170149291, 82.34006501174676, 96.17866804378849, 56.735962732309154, 71.44155893207255, 36.16515914989887, 24.4888384439841, 36.818329225861866, 66.50048354434227, 22.417987542601523, 92.27339981576101, 71.04405826025453, 91.67919330310649], [30.919609971954994, 50.11369664696798, 80.08170168364921, 125.11450653701151, 72.8645243896301, 11.58460946473598, 81.36980299664332, 23.850936103635384, 65.83263015104114, 23.0114004501414, 46.310984317540274, 29.729795440746933, 121.16983059469325, 60.31423876771681, 59.31229391648988, 76.32896549497194, 105.13878117296609, 0.0, 24.35034772364914, 81.80034048884018, 37.94470329723004, 52.22051291511019, 54.99065276577412, 83.97899480061533, 45.35558930591049, 25.41326281932178, 48.63897964854218, 72.00654974983803, 70.18511677887629, 94.8339443507504, 68.94390768971667, 84.51007315191951, 96.14422082879562, 27.913479387498565, 35.949618477970965, 50.47572031916681], [10.537406690140662, 26.51206086226997, 56.47721796181163, 101.34626078058524, 51.42121823414219, 18.1058867295773, 68.78389916343505, 21.639812976593245, 50.28687833432355, 16.39229059431085, 29.852591272886784, 15.305500259203967, 98.16321775502281, 43.834113929245355, 34.962409417321744, 64.16202610269322, 80.98092242343719, 24.35034772364914, 0.0, 63.523019727503424, 13.752253797882329, 28.128328571402903, 32.785361396243985, 63.5393671281252, 31.791778570987727, 23.531983931017304, 25.086827120773254, 54.34118599346067, 46.71250141789022, 70.69076061998153, 45.26322655421279, 65.40559341490071, 71.93847157022564, 22.01446968695506, 12.447047157761531, 41.333094077671795], [67.65082609686087, 42.15498474194155, 64.8883111491179, 91.04673951364693, 18.459469835715662, 80.66077545092537, 111.86518009384662, 84.68353470490052, 92.68923844275666, 58.911603113361544, 35.49091430831989, 52.21235703999198, 96.45528202154762, 86.77879547762873, 48.18607367394828, 109.00779544231135, 52.02041070491774, 81.80034048884018, 63.523019727503424, 0.0, 53.24055842270184, 54.92242049735533, 33.35399951190017, 10.728927596675165, 84.46636971280478, 86.39438627824558, 42.880128503192275, 90.41825119780997, 32.173322971879635, 64.18683952553829, 34.35336622076984, 93.29080513161942, 63.40389077028578, 83.90863508418697, 61.32376232104249, 95.9075941264234], [14.420751755743474, 13.094701219170815, 44.78164224816764, 89.05348682742961, 39.16952951237037, 31.55371120083339, 67.30432359515333, 32.088754392963516, 47.666499052660946, 23.764516757982065, 24.00061626367478, 17.686931252235368, 86.83522790431125, 40.99642112995266, 21.6471321543892, 63.2250083699628, 67.24633189216577, 37.94470329723004, 13.752253797882329, 53.24055842270184, 0.0, 16.259231828560136, 20.545210761111466, 51.74816319610795, 33.255607641593855, 33.62168115421061, 11.766533911246496, 49.54011781072581, 33.15588272926761, 57.9130177553426, 31.612537398734204, 58.69530499492021, 59.0208448100464, 30.80431540679509, 8.391042005941225, 44.42479244864745], [22.688361675072596, 14.732712214880864, 28.613893456668393, 73.25707821300493, 37.55013025594139, 43.80283840850455, 57.86749771595142, 40.05297107206457, 38.22835270708283, 40.02191835674823, 35.0724411260357, 33.63045151506345, 70.62287278548654, 32.031395395833115, 9.080336873018764, 54.565472240715664, 55.29836379263366, 52.22051291511019, 28.128328571402903, 54.92242049735533, 16.259231828560136, 0.0, 22.86617695933387, 50.25190670431946, 30.828504304140502, 40.94804173163462, 14.96654211757849, 37.599788566831315, 26.584832428112655, 42.61546881334971, 24.360094894126295, 44.58022319361706, 43.93252462158939, 37.12975236231275, 16.392888474783035, 42.004736734824235], [34.8618954879737, 8.84966921325527, 42.74909073883369, 81.94742890917544, 18.7088518696753, 50.84708692970005, 80.73351934798816, 52.615413540190644, 61.070250129799696, 34.749178561643355, 17.03714128395906, 26.761294801021617, 82.78898080775706, 54.78632953341964, 18.969978570910573, 77.38829981047947, 52.61495651562451, 54.99065276577412, 32.785361396243985, 33.35399951190017, 20.545210761111466, 22.86617695933387, 0.0, 31.2031061125393, 51.17653546422473, 54.16573973637861, 9.528593418083853, 60.24982448929267, 16.45392004379651, 50.485810362440674, 16.09904137689598, 65.89925426560299, 50.877441583527016, 51.308526925376114, 28.221121221504177, 62.61960748562521], [66.02511360186482, 39.374704948924766, 56.20344016737536, 80.3731705406559, 12.86184533062209, 81.35636241113457, 105.52082996400294, 83.81072994689578, 86.86324842855454, 61.68932643565855, 38.420790782598914, 54.30403817927233, 86.0272551286469, 81.3108972010454, 42.473717317274165, 103.01756700802805, 41.3121170149291, 83.97899480061533, 63.5393671281252, 10.728927596675165, 51.74816319610795, 50.25190670431946, 31.2031061125393, 0.0, 80.78065531456183, 85.36873390375371, 40.40111729513915, 83.76271431317701, 24.958968788145917, 54.08659711996885, 27.301368933676365, 85.4558359290047, 53.18480884105931, 82.48342877541798, 59.26664217241022, 92.12111527171892], [21.618058032673485, 42.33471218663334, 46.81163071827336, 89.23424663884765, 67.9552172571898, 33.79037618975521, 37.287986189697115, 22.45158784248031, 20.482569251135228, 48.09013391349834, 57.14906017523244, 46.38013235206465, 82.29944244803967, 15.379283074993445, 39.55922287820573, 32.51601983302318, 82.34006501174676, 45.35558930591049, 31.791778570987727, 84.46636971280478, 33.255607641593855, 30.828504304140502, 51.17653546422473, 80.78065531456183, 0.0, 21.661657997867806, 41.7130079070347, 27.26004338831754, 57.40187608850571, 63.707713234290864, 55.15438142473037, 40.39900134126154, 65.62533722339104, 17.999456222919353, 24.997540731345392, 11.443540839318347], [19.562444183428397, 46.35117419519791, 64.46627004269685, 108.68301955505308, 72.76932306667298, 14.24596077389865, 56.10769450684441, 2.0400806846868322, 41.771716356353636, 36.23801630357697, 53.38210790856769, 38.18338809303369, 102.75777303694106, 37.0385197105908, 49.83321261377365, 51.041591420907, 96.17866804378849, 25.41326281932178, 23.531983931017304, 86.39438627824558, 33.62168115421061, 40.94804173163462, 54.16573973637861, 85.36873390375371, 21.661657997867806, 0.0, 45.167135104363034, 48.91746502192028, 65.48392633401828, 80.85352475814449, 63.59556282308315, 62.044742974300156, 82.54573346947859, 4.156992200984045, 26.591408367586077, 25.094614802584854], [25.68184488114413, 1.4839022940938968, 39.676742672024645, 81.94183054592362, 27.662304074175186, 43.130177760676965, 72.32417268762995, 43.709007080468, 52.54886051723396, 30.901224666459253, 20.337992292262165, 23.222558676313685, 81.25528110820024, 46.11056408130141, 14.660979058320317, 68.76499522630495, 56.735962732309154, 48.63897964854218, 25.086827120773254, 42.880128503192275, 11.766533911246496, 14.96654211757849, 9.528593418083853, 40.40111729513915, 41.7130079070347, 45.167135104363034, 0.0, 52.49606375154409, 21.647299683802395, 50.33097380680161, 20.308900612056757, 59.39489380292584, 51.11832217489012, 42.13519553141244, 18.86556782012248, 53.151336173709645], [43.95919144240591, 52.331166748880726, 33.150588118856064, 67.20366650206948, 72.08996694533836, 60.5772981914937, 21.91206625748695, 49.690332908298124, 8.824279806943766, 70.37513655411587, 72.11300949988693, 66.41640683513253, 58.20188740474301, 11.88095127937778, 42.40398582976528, 20.326247713977136, 71.44155893207255, 72.00654974983803, 54.34118599346067, 90.41825119780997, 49.54011781072581, 37.599788566831315, 60.24982448929267, 83.76271431317701, 27.26004338831754, 48.91746502192028, 52.49606375154409, 0.0, 58.82184476508926, 48.3429049138556, 56.498201583373756, 13.366433881926916, 50.51946809137902, 45.23049043164911, 43.45753374556354, 28.642315556997406], [45.990863525319654, 20.20503262937436, 33.20481515670766, 67.15629992010905, 13.759710938091576, 64.69542044574007, 80.56216791977685, 64.22936342717321, 61.9781493626153, 50.98735363441703, 32.650863389651796, 43.003326334754746, 69.47693269776485, 56.56551959652575, 18.01991698169643, 78.0826312727286, 36.16515914989887, 70.18511677887629, 46.71250141789022, 32.173322971879635, 33.15588272926761, 26.584832428112655, 16.45392004379651, 24.958968788145917, 57.40187608850571, 65.48392633401828, 21.647299683802395, 58.82184476508926, 0.0, 36.474204001835105, 2.359175108787712, 61.12006814805439, 36.446603091121, 62.05793466396755, 38.932759307084, 68.49391160027932], [64.72450627273003, 49.01073887310823, 16.912566912572835, 31.639279145419696, 48.06024521335179, 86.06945627651118, 68.22713757873377, 80.440817323009, 55.81947777651005, 80.84997694721415, 67.52227334008482, 73.44425140242546, 33.04753963972517, 53.85281605995721, 36.43027163945191, 68.06513353104101, 24.4888384439841, 94.8339443507504, 70.69076061998153, 64.18683952553829, 57.9130177553426, 42.61546881334971, 50.485810362440674, 54.08659711996885, 63.707713234290864, 80.85352475814449, 50.33097380680161, 48.3429049138556, 36.474204001835105, 0.0, 35.53710135694339, 42.1883595697539, 2.1873249626376214, 76.73086795279569, 58.930977230147846, 71.58309239901561], [44.15369672618608, 18.839894962257862, 31.360731038233226, 66.53806143302056, 15.901049330344257, 63.16486293455956, 78.22365436956115, 62.377511123526844, 59.62036589417973, 50.21405314232091, 32.75047149652625, 42.255339388903366, 68.4354118408325, 54.207628140467186, 15.707612054105375, 75.73018708520112, 36.818329225861866, 68.94390768971667, 45.26322655421279, 34.35336622076984, 31.612537398734204, 24.360094894126295, 16.09904137689598, 27.301368933676365, 55.15438142473037, 63.59556282308315, 20.308900612056757, 56.498201583373756, 2.359175108787712, 35.53710135694339, 0.0, 58.945168508051324, 35.642611681039114, 60.11868537849729, 37.09855173576348, 66.21538430551254], [55.356466390878595, 58.929639113167084, 30.271820917919264, 55.96420177719364, 74.84607933968074, 73.2221360350694, 26.61839499570984, 62.72333124374292, 21.850516996865146, 80.93125700884295, 79.64329235808115, 76.17998443541055, 45.94177348551228, 25.081712385628805, 47.05009378995468, 27.569390821137947, 66.50048354434227, 84.51007315191951, 65.40559341490071, 93.29080513161942, 58.69530499492021, 44.58022319361706, 65.89925426560299, 85.4558359290047, 40.39900134126154, 62.044742974300156, 59.39489380292584, 13.366433881926916, 61.12006814805439, 42.1883595697539, 58.945168508051324, 0.0, 44.34843555561285, 58.263701682527206, 53.74292913872785, 41.85461992518319], [66.19183510758484, 49.771506149835275, 18.88676128746046, 31.0761655651545, 47.63049121951643, 87.52227505234708, 70.41077227388267, 82.09860027693138, 57.96822723576145, 81.7741732645664, 67.90798923841123, 74.29346905676249, 33.368295595509615, 55.941062572776055, 37.44674927582804, 70.25219773479394, 22.417987542601523, 96.14422082879562, 71.93847157022564, 63.40389077028578, 59.0208448100464, 43.93252462158939, 50.877441583527016, 53.18480884105931, 65.62533722339104, 82.54573346947859, 51.11832217489012, 50.51946809137902, 36.446603091121, 2.1873249626376214, 35.642611681039114, 44.34843555561285, 0.0, 78.43293734341947, 60.29273613160222, 73.61327151429083], [16.46001163491093, 43.25996461409113, 60.31934708414096, 104.52874558836045, 69.79463548602405, 16.38451349467411, 53.48121574119337, 4.461450301600396, 38.34920621974867, 36.05751477222796, 51.63948585004231, 37.128637688010144, 98.64752295945847, 33.35450712597429, 46.08231509115203, 48.456919297167424, 92.27339981576101, 27.913479387498565, 22.01446968695506, 83.90863508418697, 30.80431540679509, 37.12975236231275, 51.308526925376114, 82.48342877541798, 17.999456222919353, 4.156992200984045, 42.13519553141244, 45.23049043164911, 62.05793466396755, 76.73086795279569, 60.11868537849729, 58.263701682527206, 78.43293734341947, 0.0, 23.35084543546363, 22.80977765918824], [7.0582397211647, 19.93686557586179, 44.22985925964329, 89.21386652145792, 46.51356521219771, 27.46593906694569, 59.97381721030417, 25.297458277529334, 40.60880268043521, 27.188417917303536, 32.15152234257633, 23.02453767677497, 85.76491913480085, 33.9521697851729, 24.34018683489403, 55.708863664577095, 71.04405826025453, 35.949618477970965, 12.447047157761531, 61.32376232104249, 8.391042005941225, 16.392888474783035, 28.221121221504177, 59.26664217241022, 24.997540731345392, 26.591408367586077, 18.86556782012248, 43.45753374556354, 38.932759307084, 58.930977230147846, 37.09855173576348, 53.74292913872785, 60.29273613160222, 23.35084543546363, 0.0, 36.07511820929737], [31.843493958685183, 53.778234853583896, 54.750749532914725, 94.74572548783836, 79.31550396914436, 39.09320690659026, 31.095015699395642, 26.631971394364136, 20.01037676832768, 57.176321168396015, 68.14786238027492, 56.418121881946085, 86.54292034703562, 18.394154244736598, 50.5364128143315, 26.009763232661207, 91.67919330310649, 50.47572031916681, 41.333094077671795, 95.9075941264234, 44.42479244864745, 42.004736734824235, 62.61960748562521, 92.12111527171892, 11.443540839318347, 25.094614802584854, 53.151336173709645, 28.642315556997406, 68.49391160027932, 71.58309239901561, 66.21538430551254, 41.85461992518319, 73.61327151429083, 22.80977765918824, 36.07511820929737, 0.0]]",Route_2,1824.5974678032912
