instance_id,num_cities,city_coordinates,distance_matrix,best_route,total_distance
2758,43,"[[11.499044025422023, 33.56764982895385], [71.17468406736201, 58.245471107874494], [28.470090388328153, 53.72652206748351], [84.68030291623656, 47.3474216216081], [99.38167140770327, 81.9861559599402], [5.5187172883141455, 90.44391797597349], [49.78226591803859, 35.0337115553868], [37.21889277353419, 59.122973634239514], [31.249511873305245, 98.67102213471543], [68.55752423617434, 69.6626163879596], [64.94985298759323, 46.61051793582107], [11.660852369065433, 11.061655953597526], [96.5612776850221, 64.15626207586746], [80.3270408735628, 79.96479212705935], [47.85194412952089, 22.231311390334007], [24.875272892976174, 60.18127614618768], [37.35014013420227, 98.07803653816596], [2.6544488392402976, 33.680919548239075], [7.835265863472429, 78.93354392826842], [39.70853261365178, 84.12679083344035], [17.34711630794763, 95.41103397262046], [31.007277268368494, 98.47019273396303], [74.53222443934425, 93.17423173922961], [41.40935445285132, 40.40583704123115], [24.59232009151533, 91.46523912265104], [45.01368407821684, 44.42633021897283], [77.48318306126528, 3.411470983597187], [94.29741026535163, 54.58103142818642], [37.57411468667925, 78.21230552215101], [63.74855380851259, 1.274603811661268], [95.40702890682424, 35.45262410416645], [65.98038160354697, 77.89941318600886], [29.217726291068814, 36.564317339992], [37.03542801895355, 85.28432871044437], [13.960623269051952, 42.27604513428677], [28.709852860676023, 4.939610528154681], [41.482825779306665, 40.1553229130129], [82.95449661396665, 41.054309076559214], [11.28214966932709, 55.83681509226929], [65.77411856273379, 79.30179730827179], [24.360242296006895, 63.13076560191565], [26.419069854054566, 5.5109783189968065], [11.094068348951636, 50.05750650819232]]","[[0.0, 64.5769066887656, 26.351404983060604, 74.46729996113764, 100.33796854416204, 57.18980841211351, 38.31128313519436, 36.257208861394275, 68.03330115313288, 67.51678883697416, 55.019136554145014, 22.506575533777877, 90.394948942695, 83.00595137433416, 38.07946842031176, 29.78604714410004, 69.49726011432021, 8.845320459810143, 45.5135981641773, 57.8964764516893, 62.11927327136691, 67.77102064893046, 86.75325031444345, 30.68203829955465, 59.3596220015304, 35.22984583674731, 72.54861629869056, 85.42325010344948, 51.701591773887195, 61.42354673615203, 83.92915497534713, 70.23903036522881, 17.970300982528304, 57.67774078443348, 9.049614420880824, 33.40324198295367, 30.698934915189188, 71.84658496632602, 22.270221478165883, 70.97461491047875, 32.23954458674685, 31.777098466422284, 16.494828844227463], [64.5769066887656, 0.0, 42.943022969057836, 17.35422781618896, 36.86806547763626, 73.12623301120625, 31.56614223813239, 33.96712783079797, 56.81764295136506, 11.713271615076291, 13.195478668374683, 75.94872333308933, 26.065620755614617, 23.56893168224676, 42.90652512577411, 46.33986206540977, 52.25641626675813, 72.7903828059938, 66.63241144840205, 40.742623848308966, 65.41166649725209, 56.84583361031963, 35.08976199109925, 34.70197963650213, 57.21424316141767, 29.586594520819176, 55.19569484285276, 23.411291826664925, 39.085454317856055, 57.45282526651006, 33.26740763800291, 20.328753461446066, 47.227732684813645, 43.549840688466865, 59.400937020880555, 68.15259834780225, 34.768662762752534, 20.83986649717508, 59.940948444459124, 21.737869739864525, 47.068652632692896, 69.16640610376254, 60.63598889594321], [26.351404983060604, 42.943022969057836, 0.0, 56.57102540109379, 76.33517688721949, 43.30049294727306, 28.348368394853722, 10.279262263787722, 45.030359426553126, 43.13886246410022, 37.167332351146435, 45.85674741304755, 68.88533417292786, 58.11703820178134, 36.98113776025582, 7.388271992924786, 45.23176007334176, 32.684453933797485, 32.57591033665331, 32.411092618027375, 43.143007372717086, 44.81554843996254, 60.645214087182076, 18.570546682854662, 37.9374204110511, 18.978515763758484, 70.24163735947513, 65.83286586834497, 26.123492297429078, 63.21213261712303, 69.38651947606715, 44.62455167369868, 17.17848161367583, 32.69954386289069, 18.483453629747547, 48.78750069013008, 18.80182780598547, 55.93867627900884, 17.317004441021382, 45.229251836382694, 10.263072044805366, 48.259147777330746, 17.759161497301026], [74.46729996113764, 17.35422781618896, 56.57102540109379, 0.0, 37.629405417617726, 90.13248380660949, 37.006762110762324, 48.90039956826527, 74.08752527316877, 27.53019995979815, 19.744206274976662, 81.53831582958126, 20.583845094473112, 32.90659127138613, 44.577427068781894, 61.1665712464018, 69.381118460183, 83.1565632766415, 83.08334876503231, 58.09631764379495, 82.72767886901606, 74.12375738184711, 46.936979262940454, 43.82420081881093, 74.54493611909078, 39.774029529622595, 44.52152617187054, 12.033863244952936, 56.31726225334889, 50.60476915921321, 16.017142643370732, 35.82054223001094, 56.501086218326904, 60.90355509692964, 70.90128312574161, 70.22188918820133, 43.792103338727145, 6.5254634239727505, 73.88747323840836, 37.12850565715076, 62.3508112251067, 71.72628016381789, 73.63612209971387], [100.33796854416204, 36.86806547763626, 76.33517688721949, 37.629405417617726, 0.0, 94.24323792367493, 68.29811901136705, 66.2339501583511, 70.145391310412, 33.19635034810673, 49.36583722908923, 112.80614696885604, 18.051585433646377, 19.161546298184735, 78.90471622724239, 77.63154129171673, 64.08478362824681, 108.11822903932207, 91.59728603121758, 59.71152159504711, 83.12578168095737, 70.33335796255169, 27.2519367068913, 71.34222070061577, 75.38766535648766, 66.08039464130819, 81.56914190421907, 27.87275662658001, 61.92266156222132, 88.22739778562045, 46.702969605605425, 33.65037335723803, 83.58302828892185, 62.43342060292216, 94.20004441024146, 104.549873743186, 71.42895014278739, 44.105194263130976, 91.89838822495345, 33.7145871930564, 77.35464156412831, 105.69765380882562, 93.88364878759396], [57.18980841211351, 73.12623301120625, 43.30049294727306, 90.13248380660949, 94.24323792367493, 0.0, 70.91933948414923, 44.563468000726154, 27.014052506312268, 66.37585161112116, 73.84732120792304, 79.61952867945998, 94.76174679853995, 75.5387142873947, 80.28114219414354, 35.92358188424806, 32.73406859245181, 56.83521816845027, 11.741171492621607, 34.76851402225326, 12.829000923369385, 26.72242085492196, 69.06749439882054, 61.57879001497417, 19.100927223015503, 60.642153529609864, 112.9315330785297, 95.74864468101119, 34.30977769656367, 106.49826500794673, 105.37528632142272, 61.74931134995227, 58.86131490550907, 31.936255520454562, 48.90204239784386, 88.5935401779768, 61.82523669957362, 91.84570423818553, 35.083738723428496, 61.2769143782139, 33.18149118445422, 87.46673068171633, 40.769434269980714], [38.31128313519436, 31.56614223813239, 28.348368394853722, 37.006762110762324, 68.29811901136705, 70.91933948414923, 0.0, 27.16856441315414, 66.28099478924945, 39.39126013237085, 19.080831834136184, 45.0322286895409, 55.10352884084222, 54.330334790260125, 12.947107483657113, 35.39432590683159, 64.25842095818571, 47.14722885628884, 60.718581142389006, 50.115970864477546, 68.53801859189956, 66.15653666203437, 63.189243816128894, 9.948134430109139, 61.798468219836, 10.533786504511204, 42.039349535358504, 48.61785464694697, 44.8712595481164, 36.534019120431715, 45.626686111379925, 45.82409113170306, 20.621421971752508, 51.84212959446898, 36.54642906960625, 36.73828396505964, 9.752518111490962, 33.714158507306976, 43.76103367072757, 47.06806525909497, 37.890945239366886, 37.6487809639463, 41.50290406620542], [36.257208861394275, 33.96712783079797, 10.279262263787722, 48.90039956826527, 66.2339501583511, 44.563468000726154, 27.16856441315414, 0.0, 39.99602040863583, 33.0634827464867, 30.423144183312306, 54.43439800820845, 59.55545851993597, 47.88208256437523, 38.39344376657887, 12.388904550544531, 38.95528400254, 42.91851465978195, 35.43806182290965, 25.127458706852, 41.3728271093506, 39.83450536991343, 50.51507595298058, 19.180489340138273, 34.71962664858596, 16.63580773990424, 68.73852340549078, 57.25894164291579, 19.09263665747644, 63.64162793141477, 62.81834631333528, 34.34789545168958, 23.935572666684212, 26.161998370526724, 28.718741271609534, 54.84743018341378, 19.441010739160767, 49.175421681435054, 26.144090743734015, 34.96549505927029, 13.468752301508198, 54.68895881961663, 27.653013315526895], [68.03330115313288, 56.81764295136506, 45.030359426553126, 74.08752527316877, 70.145391310412, 27.014052506312268, 66.28099478924945, 39.99602040863583, 0.0, 47.25860123233029, 62.01620021141626, 89.77258280694753, 73.87080218438402, 52.521680227030565, 78.22192873809063, 39.01399068077674, 6.129379829588847, 71.0027539192873, 30.623438117868844, 16.82526956784356, 14.279500175870108, 0.3146586277784718, 43.6303553930776, 59.144350492833546, 9.810275798186659, 55.96372966056043, 105.88642234502457, 76.93480858594255, 21.414006775476597, 102.67545972074205, 90.07082125447285, 40.468420410698116, 62.13993026316577, 14.58356562984155, 58.985583832400586, 93.76581141151044, 59.40376897894207, 77.41505713140008, 47.259547673882764, 39.58680761866325, 36.20182135923421, 93.28519139631948, 52.62618934744957], [67.51678883697416, 11.713271615076291, 43.13886246410022, 27.53019995979815, 33.19635034810673, 66.37585161112116, 39.39126013237085, 33.0634827464867, 47.25860123233029, 0.0, 23.33269240539819, 81.67804988724409, 28.539974510047283, 15.641494392706184, 51.75374132689178, 44.699383610857346, 42.2058873239359, 75.08593646109455, 61.425912767649, 32.27191751392649, 57.31916684922643, 47.32755542254458, 24.258876704081622, 39.912181853756, 49.07436737842706, 34.51351255648207, 66.84969448585308, 29.832799695869856, 32.1413884516997, 68.55688485272697, 43.48815325024089, 8.63055534952763, 51.41125462610714, 35.18068285031144, 61.080650620685674, 76.00594977748814, 40.04646881744937, 32.0266773311007, 58.920465996464806, 10.03300333686038, 44.67734107564812, 76.7533843204662, 60.71580598081968], [55.019136554145014, 13.195478668374683, 37.167332351146435, 19.744206274976662, 49.36583722908923, 73.84732120792304, 19.080831834136184, 30.423144183312306, 62.01620021141626, 23.33269240539819, 0.0, 64.05809219101545, 36.15432628094718, 36.72826587391125, 29.777242973560668, 42.310015931976565, 58.400767295236385, 63.623045293908966, 65.62662624017184, 45.21719790465343, 68.17265511075236, 61.98003159586436, 47.53947081957341, 24.344468288871607, 60.33801848094005, 20.055460771710447, 44.98046265120065, 30.410659373043654, 41.8103339638856, 45.35182718690453, 32.436679234062495, 31.305861355431883, 37.11752988371006, 47.695689125550786, 51.173129684995956, 55.22501365665078, 24.33867105609814, 18.842469291482182, 54.454999207387004, 32.70166908195946, 43.822768956829314, 56.33643053654264, 53.9659825191926], [22.506575533777877, 75.94872333308933, 45.85674741304755, 81.53831582958126, 112.80614696885604, 79.61952867945998, 45.0322286895409, 54.43439800820845, 89.77258280694753, 81.67804988724409, 64.05809219101545, 0.0, 100.13550528213916, 97.2763466536125, 37.87553729505528, 50.86607904730876, 90.72921247271172, 24.34638351184675, 67.9796167197054, 78.26356944397683, 84.5408254618954, 89.52394349261478, 103.41800872261372, 41.78581505646202, 81.43684082698486, 47.17640164164254, 66.26540988953839, 93.39559273672666, 71.97712762690755, 52.99919839840943, 87.22580702988955, 86.1272143292377, 30.96174348615107, 78.44025905478557, 31.298994202944517, 18.114851861224917, 41.66283181957886, 77.34560718665824, 44.7767606200825, 87.09169001835212, 53.59539797487353, 15.767530102634833, 38.9999692897539], [90.394948942695, 26.065620755614617, 68.88533417292786, 20.583845094473112, 18.051585433646377, 94.76174679853995, 55.10352884084222, 59.55545851993597, 73.87080218438402, 28.539974510047283, 36.15432628094718, 100.13550528213916, 0.0, 22.65965726197062, 64.26741526936873, 71.7961266099111, 68.23961893748495, 98.72810646440674, 89.94816970179589, 60.25824956806552, 85.15717309182627, 73.99170769643861, 36.43242718080579, 60.048458144511415, 76.9760422757479, 55.194425603769595, 63.67027045110282, 9.839214280120933, 60.638747974845906, 70.92797610430223, 28.7268362868668, 33.52708468659573, 72.77684610271068, 63.164246043014835, 85.44947046855917, 90.05791287397861, 60.080620378198944, 26.811279781052605, 85.68397092356423, 34.3108788039173, 72.20831776370305, 91.42865320197231, 86.6222764665807], [83.00595137433416, 23.56893168224676, 58.11703820178134, 32.90659127138613, 19.161546298184735, 75.5387142873947, 54.330334790260125, 47.88208256437523, 52.521680227030565, 15.641494392706184, 36.72826587391125, 97.2763466536125, 22.65965726197062, 0.0, 66.24037067010357, 58.87517368754182, 46.63800617798034, 90.41696972484075, 72.4991097666797, 40.83118228134444, 64.84641304993005, 52.67721455899352, 14.424603716354293, 55.493217998449175, 56.90886909569726, 50.100054320808106, 76.60612576909642, 28.974239043686314, 42.78882922961898, 80.41760982818907, 46.997224824254864, 14.494565270475197, 67.05045300991785, 43.617212348055205, 76.32131442488102, 91.06652498204996, 55.62074150344409, 38.99909248804438, 73.1392936607683, 14.56801667746038, 58.44370789118325, 91.92083403671762, 75.41651157194991], [38.07946842031176, 42.90652512577411, 36.98113776025582, 44.577427068781894, 78.90471622724239, 80.28114219414354, 12.947107483657113, 38.39344376657887, 78.22192873809063, 51.75374132689178, 29.777242973560668, 37.87553729505528, 64.26741526936873, 66.24037067010357, 0.0, 44.36358017656822, 76.57031802733259, 46.625176755530944, 69.40084808008058, 62.42888375270528, 79.28314018531452, 78.07758852699763, 75.79403212021705, 19.282643604471033, 73.03661314459387, 22.375758778697545, 35.102659636631074, 56.60111051120843, 56.91665381979753, 26.30372201465435, 49.358780354192874, 58.545519066648396, 23.50891605335765, 63.974057350931716, 39.37528387876353, 25.795786028959846, 19.02198353548234, 39.83082264803112, 49.66567975898052, 59.818431100489796, 47.16593484539438, 27.1834073972414, 46.10247896411733], [29.78604714410004, 46.33986206540977, 7.388271992924786, 61.1665712464018, 77.63154129171673, 35.92358188424806, 35.39432590683159, 12.388904550544531, 39.01399068077674, 44.699383610857346, 42.310015931976565, 50.86607904730876, 71.7961266099111, 58.87517368754182, 44.36358017656822, 0.0, 39.89720241938311, 34.58372336006528, 25.33790414648379, 28.167592505900306, 36.025115934273, 38.77683085458956, 59.6183525069486, 25.776808274541033, 31.285242556205077, 25.569003231164295, 77.39769370254687, 69.64765536793375, 22.053992909637763, 70.57710687372689, 74.74111879154843, 44.76117002793523, 24.01286415170314, 27.89323611077905, 20.969665567256126, 55.37459366698101, 26.01633363426844, 61.14766632763278, 14.27050597639487, 45.14764563771136, 2.994118328534297, 54.692090594260385, 17.100067554470048], [69.49726011432021, 52.25641626675813, 45.23176007334176, 69.381118460183, 64.08478362824681, 32.73406859245181, 64.25842095818571, 38.95528400254, 6.129379829588847, 42.2058873239359, 58.400767295236385, 90.72921247271172, 68.23961893748495, 46.63800617798034, 76.57031802733259, 39.89720241938311, 0.0, 73.14902371904653, 35.180099495416606, 14.149179191767582, 20.18003629526808, 6.35497410039373, 37.50406237703799, 57.814875384272625, 14.369796863568581, 54.19626829167107, 102.82227272572294, 71.6587819386269, 19.86699356724151, 100.33833181867702, 85.39639697601497, 35.02666936751488, 62.04896296077626, 12.79757804026172, 60.5056339841486, 93.53833953941775, 58.06995646926855, 73.01686670591276, 49.63729360186859, 34.06566760425872, 37.28336347137204, 93.21023851927738, 54.72981463472935], [8.845320459810143, 72.7903828059938, 32.684453933797485, 83.1565632766415, 108.11822903932207, 56.83521816845027, 47.14722885628884, 42.91851465978195, 71.0027539192873, 75.08593646109455, 63.623045293908966, 24.34638351184675, 98.72810646440674, 90.41696972484075, 46.625176755530944, 34.58372336006528, 73.14902371904653, 0.0, 45.54822585259057, 62.59226033691545, 63.45456251675863, 70.72151581991119, 93.30524540814177, 39.334046631480085, 61.80855752854264, 43.70089999660958, 80.71913640319718, 93.99599489096354, 56.58999381210706, 69.15677090217004, 92.76949954714138, 77.23631878891547, 26.71931308638579, 62.00777021081995, 14.202315447745082, 38.793645393391856, 39.36446055428262, 80.6378604984016, 23.776478481294458, 77.88040314224592, 36.58462658239197, 36.85515975866494, 18.423348716387334], [45.5135981641773, 66.63241144840205, 32.57591033665331, 83.08334876503231, 91.59728603121758, 11.741171492621607, 60.718581142389006, 35.43806182290965, 30.623438117868844, 61.425912767649, 65.62662624017184, 67.9796167197054, 89.94816970179589, 72.4991097666797, 69.40084808008058, 25.33790414648379, 35.180099495416606, 45.54822585259057, 0.0, 32.29357438788971, 19.02585023171852, 30.308790129361515, 68.2003040506479, 51.10385134782818, 20.924680423998904, 50.72457568998913, 102.73468679978954, 89.82620597374722, 29.74759341809029, 95.69329521371782, 97.77220500362534, 58.154311197182544, 47.45904524562662, 29.882803370097484, 37.16573988469561, 76.882056179087, 51.3411015989885, 84.12927707698991, 23.35251358836425, 57.94002297771886, 22.864878065007574, 75.7379093414135, 29.059341539769974], [57.8964764516893, 40.742623848308966, 32.411092618027375, 58.09631764379495, 59.71152159504711, 34.76851402225326, 50.115970864477546, 25.127458706852, 16.82526956784356, 32.27191751392649, 45.21719790465343, 78.26356944397683, 60.25824956806552, 40.83118228134444, 62.42888375270528, 28.167592505900306, 14.149179191767582, 62.59226033691545, 32.29357438788971, 0.0, 25.04729690847188, 16.77632327608581, 35.979795709738944, 43.754023762725986, 16.803353960082323, 40.05335447952972, 89.11726586302944, 62.07171225369416, 6.287835588216273, 86.26938920231912, 73.96956804057801, 26.999820031096252, 48.70570707948838, 2.9129679213640096, 49.136948940618545, 79.94736068820747, 44.00725062208352, 61.03648160742384, 40.10463782074888, 26.508401185037545, 26.007750598572223, 79.7311469737195, 44.49161381193531], [62.11927327136691, 65.41166649725209, 43.143007372717086, 82.72767886901606, 83.12578168095737, 12.829000923369385, 68.53801859189956, 41.3728271093506, 14.279500175870108, 57.31916684922643, 68.17265511075236, 84.5408254618954, 85.15717309182627, 64.84641304993005, 79.28314018531452, 36.025115934273, 20.18003629526808, 63.45456251675863, 19.02585023171852, 25.04729690847188, 0.0, 13.99851598533592, 57.228837802552185, 60.0380129085147, 8.249986355350467, 58.00757699675198, 109.91026391893861, 87.11163440040244, 26.55047501884286, 104.95123098643477, 98.42947154637058, 51.6899541099258, 60.03205343657875, 22.14000400850727, 53.24279645127906, 91.18218160383388, 60.29698231577338, 85.1996589901902, 40.03626631340044, 51.03608579518084, 33.03331140241798, 90.35662868692785, 45.782562862340306], [67.77102064893046, 56.84583361031963, 44.81554843996254, 74.12375738184711, 70.33335796255169, 26.72242085492196, 66.15653666203437, 39.83450536991343, 0.3146586277784718, 47.32755542254458, 61.98003159586436, 89.52394349261478, 73.99170769643861, 52.67721455899352, 78.07758852699763, 38.77683085458956, 6.35497410039373, 70.72151581991119, 30.308790129361515, 16.77632327608581, 13.99851598533592, 0.0, 43.84596023687892, 58.988749874565265, 9.49847622924292, 55.82936957607643, 105.81195773674965, 77.01882506829283, 21.295665004057124, 102.5620480267007, 90.10295204434705, 40.57431451115113, 61.93173581447739, 14.49846928191052, 58.722828925611346, 93.55879417065258, 59.248300894113235, 77.42801362491626, 46.97537171686603, 39.70088962206319, 35.95911823091724, 93.07237609475987, 52.34810480870604], [86.75325031444345, 35.08976199109925, 60.645214087182076, 46.936979262940454, 27.2519367068913, 69.06749439882054, 63.189243816128894, 50.51507595298058, 43.6303553930776, 24.258876704081622, 47.53947081957341, 103.41800872261372, 36.43242718080579, 14.424603716354293, 75.79403212021705, 59.6183525069486, 37.50406237703799, 93.30524540814177, 68.2003040506479, 35.979795709738944, 57.228837802552185, 43.84596023687892, 0.0, 62.30271258256631, 49.96913749539631, 56.98861401789099, 89.81125416817869, 43.36009318468893, 39.87180849441539, 92.53015273682283, 61.38030180384994, 17.50583039224344, 72.51266200270865, 38.31788500942946, 79.11728172785348, 99.42352899266561, 62.47613500299754, 52.796032113655684, 73.44831271228408, 16.405756781908682, 58.479377986904865, 99.99860821215434, 76.70366120856151], [30.68203829955465, 34.70197963650213, 18.570546682854662, 43.82420081881093, 71.34222070061577, 61.57879001497417, 9.948134430109139, 19.180489340138273, 59.144350492833546, 39.912181853756, 24.344468288871607, 41.78581505646202, 60.048458144511415, 55.493217998449175, 19.282643604471033, 25.776808274541033, 57.814875384272625, 39.334046631480085, 51.10385134782818, 43.754023762725986, 60.0380129085147, 58.988749874565265, 62.30271258256631, 0.0, 53.75755933468763, 5.399588636234703, 51.67111601732099, 54.754749415316624, 38.00050161593679, 45.058775415217085, 54.224377957125014, 44.827487408558454, 12.782529908049375, 45.09113268651377, 27.512370343389364, 37.671349375440634, 0.2610658235925524, 41.55020280537612, 33.84912926029303, 45.897031006650316, 28.409410473025908, 37.97841225746039, 31.814639634306147], [59.3596220015304, 57.21424316141767, 37.9374204110511, 74.54493611909078, 75.38766535648766, 19.100927223015503, 61.798468219836, 34.71962664858596, 9.810275798186659, 49.07436737842706, 60.33801848094005, 81.43684082698486, 76.9760422757479, 56.90886909569726, 73.03661314459387, 31.285242556205077, 14.369796863568581, 61.80855752854264, 20.924680423998904, 16.803353960082323, 8.249986355350467, 9.49847622924292, 49.96913749539631, 53.75755933468763, 0.0, 51.28051343274448, 102.71762005211725, 78.8621859536689, 18.551744929528596, 98.32375774297924, 90.28918000406225, 43.554601009158475, 55.09542263288769, 13.89368879806946, 50.32504130698463, 86.62354460409617, 54.01848464951047, 77.1194237306642, 38.03347519694169, 42.94053844673866, 28.335423938957103, 85.97367018452539, 43.55230327291695], [35.22984583674731, 29.586594520819176, 18.978515763758484, 39.774029529622595, 66.08039464130819, 60.642153529609864, 10.533786504511204, 16.63580773990424, 55.96372966056043, 34.51351255648207, 20.055460771710447, 47.17640164164254, 55.194425603769595, 50.100054320808106, 22.375758778697545, 25.569003231164295, 54.19626829167107, 43.70089999660958, 50.72457568998913, 40.05335447952972, 58.00757699675198, 55.82936957607643, 56.98861401789099, 5.399588636234703, 51.28051343274448, 0.0, 52.31144274733648, 50.31901850728887, 34.595365584402614, 47.04324431565729, 51.1860977654074, 39.49746432920425, 17.644362525254994, 41.629660225328074, 31.12742057355726, 42.720205340228695, 5.541521788691797, 38.090363380490274, 35.60920637450153, 40.58686788460887, 27.864324151965697, 43.12962197428104, 34.3838694393357], [72.54861629869056, 55.19569484285276, 70.24163735947513, 44.52152617187054, 81.56914190421907, 112.9315330785297, 42.039349535358504, 68.73852340549078, 105.88642234502457, 66.84969448585308, 44.98046265120065, 66.26540988953839, 63.67027045110282, 76.60612576909642, 35.102659636631074, 77.39769370254687, 102.82227272572294, 80.71913640319718, 102.73468679978954, 89.11726586302944, 109.91026391893861, 105.81195773674965, 89.81125416817869, 51.67111601732099, 102.71762005211725, 52.31144274733648, 0.0, 53.86132334582125, 84.78147548958728, 13.89986482024438, 36.71375414188975, 75.37086953807491, 58.55480799017639, 91.31914213527969, 74.46858885778464, 48.797263748322536, 51.44061021254995, 38.03838234842443, 84.44521020799934, 76.78830523651612, 79.92772350854659, 51.10725573429107, 81.1379515544146], [85.42325010344948, 23.411291826664925, 65.83286586834497, 12.033863244952936, 27.87275662658001, 95.74864468101119, 48.61785464694697, 57.25894164291579, 76.93480858594255, 29.832799695869856, 30.410659373043654, 93.39559273672666, 9.839214280120933, 28.974239043686314, 56.60111051120843, 69.64765536793375, 71.6587819386269, 93.99599489096354, 89.82620597374722, 62.07171225369416, 87.11163440040244, 77.01882506829283, 43.36009318468893, 54.754749415316624, 78.8621859536689, 50.31901850728887, 53.86132334582125, 0.0, 61.448916805827544, 61.439464972087706, 19.160564195323797, 36.682435034182404, 67.52752959148044, 64.97404924113563, 81.27368597880795, 82.2556888931442, 54.74925936118525, 17.653155742834954, 83.02475826183924, 37.7451246553859, 70.45782723029266, 83.75762179724668, 83.32621666533991], [51.701591773887195, 39.085454317856055, 26.123492297429078, 56.31726225334889, 61.92266156222132, 34.30977769656367, 44.8712595481164, 19.09263665747644, 21.414006775476597, 32.1413884516997, 41.8103339638856, 71.97712762690755, 60.638747974845906, 42.78882922961898, 56.91665381979753, 22.053992909637763, 19.86699356724151, 56.58999381210706, 29.74759341809029, 6.287835588216273, 26.55047501884286, 21.295665004057124, 39.87180849441539, 38.00050161593679, 18.551744929528596, 34.595365584402614, 84.78147548958728, 61.448916805827544, 0.0, 81.26814386852242, 71.92382305023963, 28.40799010430604, 42.478043112172074, 7.092509802724587, 43.00013706483665, 73.80693036160733, 38.257181648912265, 58.65232956769139, 34.52433918920677, 28.221041989294363, 20.051415658816364, 73.55214478394193, 38.65081579429613], [61.42354673615203, 57.45282526651006, 63.21213261712303, 50.60476915921321, 88.22739778562045, 106.49826500794673, 36.534019120431715, 63.64162793141477, 102.67545972074205, 68.55688485272697, 45.35182718690453, 52.99919839840943, 70.92797610430223, 80.41760982818907, 26.30372201465435, 70.57710687372689, 100.33833181867702, 69.15677090217004, 95.69329521371782, 86.26938920231912, 104.95123098643477, 102.5620480267007, 92.53015273682283, 45.058775415217085, 98.32375774297924, 47.04324431565729, 13.89986482024438, 61.439464972087706, 81.26814386852242, 0.0, 46.58751030764915, 76.65730537242875, 49.37349420439171, 88.1545515955814, 64.49772257944353, 35.22985720016283, 44.804831910283696, 44.17344439828665, 75.69516803023856, 78.05348062406341, 73.33228371752999, 37.56909955365635, 71.77928973255679], [83.92915497534713, 33.26740763800291, 69.38651947606715, 16.017142643370732, 46.702969605605425, 105.37528632142272, 45.626686111379925, 62.81834631333528, 90.07082125447285, 43.48815325024089, 32.436679234062495, 87.22580702988955, 28.7268362868668, 46.997224824254864, 49.358780354192874, 74.74111879154843, 85.39639697601497, 92.76949954714138, 97.77220500362534, 73.96956804057801, 98.42947154637058, 90.10295204434705, 61.38030180384994, 54.224377957125014, 90.28918000406225, 51.1860977654074, 36.71375414188975, 19.160564195323797, 71.92382305023963, 46.58751030764915, 0.0, 51.64937051765385, 66.19863777005256, 76.74921872032448, 81.7317323067781, 73.34546536781103, 54.128874540530596, 13.654465754272184, 86.55928921244058, 52.92314584512651, 76.24778950561414, 75.2053232596682, 85.56855677215086], [70.23903036522881, 20.328753461446066, 44.62455167369868, 35.82054223001094, 33.65037335723803, 61.74931134995227, 45.82409113170306, 34.34789545168958, 40.468420410698116, 8.63055534952763, 31.305861355431883, 86.1272143292377, 33.52708468659573, 14.494565270475197, 58.545519066648396, 44.76117002793523, 35.02666936751488, 77.23631878891547, 58.154311197182544, 26.999820031096252, 51.6899541099258, 40.57431451115113, 17.50583039224344, 44.827487408558454, 43.554601009158475, 39.49746432920425, 75.37086953807491, 36.682435034182404, 28.40799010430604, 76.65730537242875, 51.64937051765385, 0.0, 55.318016723518554, 29.87218296873056, 63.048232398122934, 81.92817047051761, 44.99718426632758, 40.56700971507683, 58.98012217158924, 1.4174715758633998, 44.16275520664653, 82.49353241216048, 61.54412360362127], [17.970300982528304, 47.227732684813645, 17.17848161367583, 56.501086218326904, 83.58302828892185, 58.86131490550907, 20.621421971752508, 23.935572666684212, 62.13993026316577, 51.41125462610714, 37.11752988371006, 30.96174348615107, 72.77684610271068, 67.05045300991785, 23.50891605335765, 24.01286415170314, 62.04896296077626, 26.71931308638579, 47.45904524562662, 48.70570707948838, 60.03205343657875, 61.93173581447739, 72.51266200270865, 12.782529908049375, 55.09542263288769, 17.644362525254994, 58.55480799017639, 67.52752959148044, 42.478043112172074, 49.37349420439171, 66.19863777005256, 55.318016723518554, 0.0, 49.34324642991359, 16.291194769585054, 31.62878461711687, 12.779983821657975, 53.92402535540458, 26.32705981240407, 56.23932796503673, 27.00687549524655, 31.17919726685253, 22.59498021976796], [57.67774078443348, 43.549840688466865, 32.69954386289069, 60.90355509692964, 62.43342060292216, 31.936255520454562, 51.84212959446898, 26.161998370526724, 14.58356562984155, 35.18068285031144, 47.695689125550786, 78.44025905478557, 63.164246043014835, 43.617212348055205, 63.974057350931716, 27.89323611077905, 12.79757804026172, 62.00777021081995, 29.882803370097484, 2.9129679213640096, 22.14000400850727, 14.49846928191052, 38.31788500942946, 45.09113268651377, 13.89368879806946, 41.629660225328074, 91.31914213527969, 64.97404924113563, 7.092509802724587, 88.1545515955814, 76.74921872032448, 29.87218296873056, 49.34324642991359, 0.0, 48.80736696865822, 80.77492767875239, 45.34761858249446, 63.756219284454005, 39.12016620677814, 29.35477842105344, 25.523336214428465, 80.47667049128017, 43.74795016909341], [9.049614420880824, 59.400937020880555, 18.483453629747547, 70.90128312574161, 94.20004441024146, 48.90204239784386, 36.54642906960625, 28.718741271609534, 58.985583832400586, 61.080650620685674, 51.173129684995956, 31.298994202944517, 85.44947046855917, 76.32131442488102, 39.37528387876353, 20.969665567256126, 60.5056339841486, 14.202315447745082, 37.16573988469561, 49.136948940618545, 53.24279645127906, 58.722828925611346, 79.11728172785348, 27.512370343389364, 50.32504130698463, 31.12742057355726, 74.46858885778464, 81.27368597880795, 43.00013706483665, 64.49772257944353, 81.7317323067781, 63.048232398122934, 16.291194769585054, 48.80736696865822, 0.0, 40.144104456874075, 27.603787670449787, 69.00468968214322, 13.822760313256696, 63.683158045104406, 23.303893273200988, 38.81859128361176, 8.292664120988826], [33.40324198295367, 68.15259834780225, 48.78750069013008, 70.22188918820133, 104.549873743186, 88.5935401779768, 36.73828396505964, 54.84743018341378, 93.76581141151044, 76.00594977748814, 55.22501365665078, 18.114851861224917, 90.05791287397861, 91.06652498204996, 25.795786028959846, 55.37459366698101, 93.53833953941775, 38.793645393391856, 76.882056179087, 79.94736068820747, 91.18218160383388, 93.55879417065258, 99.42352899266561, 37.671349375440634, 86.62354460409617, 42.720205340228695, 48.797263748322536, 82.2556888931442, 73.80693036160733, 35.22985720016283, 73.34546536781103, 81.92817047051761, 31.62878461711687, 80.77492767875239, 40.144104456874075, 0.0, 37.46058242944346, 65.16711461437852, 53.79823669012845, 83.08727107538049, 58.35348867790835, 2.3609633491093103, 48.43490891525456], [30.698934915189188, 34.768662762752534, 18.80182780598547, 43.792103338727145, 71.42895014278739, 61.82523669957362, 9.752518111490962, 19.441010739160767, 59.40376897894207, 40.04646881744937, 24.33867105609814, 41.66283181957886, 60.080620378198944, 55.62074150344409, 19.02198353548234, 26.01633363426844, 58.06995646926855, 39.36446055428262, 51.3411015989885, 44.00725062208352, 60.29698231577338, 59.248300894113235, 62.47613500299754, 0.2610658235925524, 54.01848464951047, 5.541521788691797, 51.44061021254995, 54.74925936118525, 38.257181648912265, 44.804831910283696, 54.128874540530596, 44.99718426632758, 12.779983821657975, 45.34761858249446, 27.603787670449787, 37.46058242944346, 0.0, 41.48141340336218, 34.02925262870124, 46.07074302275619, 28.6540369214117, 37.77760388013644, 31.961380103393505], [71.84658496632602, 20.83986649717508, 55.93867627900884, 6.5254634239727505, 44.105194263130976, 91.84570423818553, 33.714158507306976, 49.175421681435054, 77.41505713140008, 32.0266773311007, 18.842469291482182, 77.34560718665824, 26.811279781052605, 38.99909248804438, 39.83082264803112, 61.14766632763278, 73.01686670591276, 80.6378604984016, 84.12927707698991, 61.03648160742384, 85.1996589901902, 77.42801362491626, 52.796032113655684, 41.55020280537612, 77.1194237306642, 38.090363380490274, 38.03838234842443, 17.653155742834954, 58.65232956769139, 44.17344439828665, 13.654465754272184, 40.56700971507683, 53.92402535540458, 63.756219284454005, 69.00468968214322, 65.16711461437852, 41.48141340336218, 0.0, 73.18092511479539, 41.92893685771529, 62.6151465046094, 66.78010811811302, 72.42222527942879], [22.270221478165883, 59.940948444459124, 17.317004441021382, 73.88747323840836, 91.89838822495345, 35.083738723428496, 43.76103367072757, 26.144090743734015, 47.259547673882764, 58.920465996464806, 54.454999207387004, 44.7767606200825, 85.68397092356423, 73.1392936607683, 49.66567975898052, 14.27050597639487, 49.63729360186859, 23.776478481294458, 23.35251358836425, 40.10463782074888, 40.03626631340044, 46.97537171686603, 73.44831271228408, 33.84912926029303, 38.03347519694169, 35.60920637450153, 84.44521020799934, 83.02475826183924, 34.52433918920677, 75.69516803023856, 86.55928921244058, 58.98012217158924, 26.32705981240407, 39.12016620677814, 13.822760313256696, 53.79823669012845, 34.02925262870124, 73.18092511479539, 0.0, 59.32941988825878, 14.974585830305527, 52.55298468792115, 5.782368225308723], [70.97461491047875, 21.737869739864525, 45.229251836382694, 37.12850565715076, 33.7145871930564, 61.2769143782139, 47.06806525909497, 34.96549505927029, 39.58680761866325, 10.03300333686038, 32.70166908195946, 87.09169001835212, 34.3108788039173, 14.56801667746038, 59.818431100489796, 45.14764563771136, 34.06566760425872, 77.88040314224592, 57.94002297771886, 26.508401185037545, 51.03608579518084, 39.70088962206319, 16.405756781908682, 45.897031006650316, 42.94053844673866, 40.58686788460887, 76.78830523651612, 37.7451246553859, 28.221041989294363, 78.05348062406341, 52.92314584512651, 1.4174715758633998, 56.23932796503673, 29.35477842105344, 63.683158045104406, 83.08727107538049, 46.07074302275619, 41.92893685771529, 59.32941988825878, 0.0, 44.45909821266892, 83.62956908875269, 62.00916412742031], [32.23954458674685, 47.068652632692896, 10.263072044805366, 62.3508112251067, 77.35464156412831, 33.18149118445422, 37.890945239366886, 13.468752301508198, 36.20182135923421, 44.67734107564812, 43.822768956829314, 53.59539797487353, 72.20831776370305, 58.44370789118325, 47.16593484539438, 2.994118328534297, 37.28336347137204, 36.58462658239197, 22.864878065007574, 26.007750598572223, 33.03331140241798, 35.95911823091724, 58.479377986904865, 28.409410473025908, 28.335423938957103, 27.864324151965697, 79.92772350854659, 70.45782723029266, 20.051415658816364, 73.33228371752999, 76.24778950561414, 44.16275520664653, 27.00687549524655, 25.523336214428465, 23.303893273200988, 58.35348867790835, 28.6540369214117, 62.6151465046094, 14.974585830305527, 44.45909821266892, 0.0, 57.656557800848574, 18.625291260142685], [31.777098466422284, 69.16640610376254, 48.259147777330746, 71.72628016381789, 105.69765380882562, 87.46673068171633, 37.6487809639463, 54.68895881961663, 93.28519139631948, 76.7533843204662, 56.33643053654264, 15.767530102634833, 91.42865320197231, 91.92083403671762, 27.1834073972414, 54.692090594260385, 93.21023851927738, 36.85515975866494, 75.7379093414135, 79.7311469737195, 90.35662868692785, 93.07237609475987, 99.99860821215434, 37.97841225746039, 85.97367018452539, 43.12962197428104, 51.10725573429107, 83.75762179724668, 73.55214478394193, 37.56909955365635, 75.2053232596682, 82.49353241216048, 31.17919726685253, 80.47667049128017, 38.81859128361176, 2.3609633491093103, 37.77760388013644, 66.78010811811302, 52.55298468792115, 83.62956908875269, 57.656557800848574, 0.0, 47.10890409298647], [16.494828844227463, 60.63598889594321, 17.759161497301026, 73.63612209971387, 93.88364878759396, 40.769434269980714, 41.50290406620542, 27.653013315526895, 52.62618934744957, 60.71580598081968, 53.9659825191926, 38.9999692897539, 86.6222764665807, 75.41651157194991, 46.10247896411733, 17.100067554470048, 54.72981463472935, 18.423348716387334, 29.059341539769974, 44.49161381193531, 45.782562862340306, 52.34810480870604, 76.70366120856151, 31.814639634306147, 43.55230327291695, 34.3838694393357, 81.1379515544146, 83.32621666533991, 38.65081579429613, 71.77928973255679, 85.56855677215086, 61.54412360362127, 22.59498021976796, 43.74795016909341, 8.292664120988826, 48.43490891525456, 31.961380103393505, 72.42222527942879, 5.782368225308723, 62.00916412742031, 18.625291260142685, 47.10890409298647, 0.0]]",Route_3,2355.8725434199087
