instance_id,num_cities,city_coordinates,distance_matrix,best_route,total_distance
2111,35,"[[98.62941445137174, 50.36370534458731], [82.09225060646091, 36.33668852022569], [44.096106224081424, 95.73612757457236], [19.648526029760916, 38.03651665618079], [93.17006427631131, 47.10529395771682], [82.2953734325223, 15.226133472945659], [71.32473896615008, 22.60197422528476], [90.49912638774754, 0.0585473150251592], [18.423781413884342, 10.646827669618986], [5.028665479442019, 19.737273041678538], [9.977206101421466, 29.7309786104777], [44.774723414054016, 1.8175636962714403], [96.10616367150395, 41.22604654077809], [72.73155885201554, 27.371762765106844], [65.41236401545214, 4.569717963785425], [91.33943717840059, 15.709744439880613], [14.30548361102597, 6.3492940818956285], [39.58700179819024, 31.111328814103167], [60.75665966078404, 36.03937941279332], [0.1568428465029914, 76.29303756408716], [57.48254995304677, 35.1796705994857], [41.96631626749282, 65.23401946510975], [2.994731878835155, 3.842912974418955], [58.81741502297868, 21.64668375965745], [45.240473673416496, 9.960828779707798], [4.113861936116514, 84.0112109309381], [67.22983729166484, 43.92621257354491], [59.366479157363415, 35.774459834432406], [78.96142336997855, 79.60671721335254], [19.163395128713024, 80.24089781301417], [16.11897674839341, 61.01795398255011], [69.45293185969929, 58.80429129350545], [53.48400089850016, 0.4044964211959656], [90.22272841594268, 8.455837357921869], [30.40908408105719, 34.391069146385036]]","[[0.0, 21.684902329140197, 70.94038627769581, 79.9371022543757, 6.357810086816033, 38.74854646358027, 38.939170742245096, 50.95792880775995, 89.50069241739132, 98.48390002285073, 91.021554907656, 72.50555575721972, 9.4796414970681, 34.63132033612395, 56.57262341358645, 35.41243814008541, 95.11989124872241, 62.10201682699286, 40.491133212448496, 101.82915902542452, 43.85908536647759, 58.58184819411993, 106.34931421263678, 49.08831456870054, 66.95350201527104, 100.32618949929015, 32.052687235013714, 41.885846923000855, 35.24178792760814, 84.89696612238032, 83.19546468393936, 30.372860049446118, 67.33521308432064, 42.74273937508048, 70.06524518586218], [21.684902329140197, 0.0, 70.51241272214186, 62.46685644966097, 15.449298326211705, 21.111532234461517, 17.452268726096445, 37.239482940911685, 68.65597512124933, 78.83106460564082, 72.41695276228876, 50.83471072375412, 14.84235767146595, 12.961189911290353, 35.879785883177405, 22.60489508026844, 74.12347539675521, 42.82523275256498, 21.337662329941654, 91.15876739900261, 24.636884070830988, 49.448421029526635, 85.5117706405871, 27.522976061895054, 45.31820208453041, 91.39742439868213, 16.688085716934058, 22.732725068758114, 43.38314721511938, 76.73083112650517, 70.43889357715169, 25.77878105652259, 45.92988548205417, 29.04215093523574, 51.71977510431069], [70.94038627769581, 70.51241272214186, 0.0, 62.66521584971606, 69.0884312832641, 89.1125309117962, 78.03847017413635, 106.33644551437527, 88.87776560802685, 85.45227215614496, 74.30194503074851, 93.92101555164861, 75.34185430419807, 74.11933299084892, 93.62530153516174, 92.93091152721901, 94.22041815615663, 64.7819159762563, 61.978026605467946, 48.04885654539591, 62.01839531207074, 30.57637330326359, 100.66621013338049, 75.53782243059383, 85.78293221968687, 41.66597567083572, 56.74008112014789, 61.87556777679258, 38.41546847670367, 29.355446307773715, 44.58779374745068, 44.798762677184044, 95.79275789317992, 98.7193716305642, 62.85340697767587], [79.9371022543757, 62.46685644966097, 62.66521584971606, 0.0, 74.07873721847469, 66.67039125782064, 53.931957905291775, 80.3873978081446, 27.4170578683181, 23.42226802369216, 12.748191690781766, 44.08104296073975, 76.52413641878502, 54.14374709203029, 56.69528624055011, 75.08709275848081, 32.13453246525749, 21.10689561769572, 41.156618031550884, 42.93584871984688, 37.94173079367124, 35.1822102793031, 38.03355613621747, 42.459727829308726, 37.989367380001745, 48.528324740915664, 47.94444388457541, 39.782316444762834, 72.42997559888225, 42.20716930596536, 23.250896320689296, 53.96090532468766, 50.60640578582312, 76.52277197143468, 11.361289412826043], [6.357810086816033, 15.449298326211705, 69.0884312832641, 74.07873721847469, 0.0, 33.6829300115323, 32.827289193848536, 47.122502892632774, 83.1638537216158, 92.29254981161512, 84.98775491264988, 66.28037061911698, 6.571623075620761, 28.410293157739122, 50.79138853100213, 31.448874782709, 88.77315815824755, 55.91915150956204, 34.25030311523438, 97.4853001102308, 37.627372630248836, 54.31827039471141, 100.0161196074879, 42.757985732950836, 60.63791675776327, 96.40048694323085, 26.134305700786648, 35.6520710313348, 35.47150955410682, 81.08609819924297, 78.29707656229229, 26.445583917355616, 61.28579049808165, 38.76167287583507, 64.03586610347489], [38.74854646358027, 21.111532234461517, 89.1125309117962, 66.67039125782064, 33.6829300115323, 0.0, 13.219600878945638, 17.244049188294156, 64.03553941863625, 77.39828511094535, 73.7584426258641, 39.84455949391742, 29.44033638666506, 15.459070484117648, 19.964849072325848, 9.056984520625493, 68.5669263968694, 45.56692263784061, 29.951751159046655, 102.35186848371212, 31.840537886220197, 64.24345502248067, 80.11347863964247, 24.340049241208504, 37.427116235024194, 104.13325895584298, 32.413961800312784, 30.78908749767659, 64.4668502858258, 90.62321041955691, 80.47487995442438, 45.43109226713561, 32.40024864392254, 10.424963621915726, 55.312582492874355], [38.939170742245096, 17.452268726096445, 78.03847017413635, 53.931957905291775, 32.827289193848536, 13.219600878945638, 0.0, 29.594986566169137, 54.235014880739804, 66.357937525411, 61.76036343896511, 33.71787429324546, 30.99959806255314, 4.972929207809477, 18.976786962971957, 21.168159484052357, 59.290345698909235, 32.85868341946683, 17.09526713385281, 89.14931138572058, 18.703065063140468, 51.76300092424625, 70.85825461840167, 12.543752711734516, 28.985987201369163, 91.04063018189876, 21.713851819912346, 17.79085031069747, 57.51399544301664, 77.73706518308651, 67.25669990977933, 36.250674793053754, 28.47841209866708, 23.60608382418897, 42.58020166385709], [50.95792880775995, 37.239482940911685, 106.33644551437527, 80.3873978081446, 47.122502892632774, 17.244049188294156, 29.594986566169137, 0.0, 72.84893296383184, 87.70662423159969, 85.81510837597772, 45.75822511778845, 41.547585484644024, 32.58371056769592, 25.489140961324143, 15.67373898168435, 76.45289199547356, 59.63488634224171, 46.68227292508705, 118.20924540399093, 48.20360588411114, 81.26054287386438, 87.5861888759602, 38.33768994283022, 46.329265305228205, 120.45938586338907, 49.657143194817536, 47.380039369606855, 80.38053200308762, 107.32192639737488, 96.16889269212471, 62.401961024455, 37.01674210095739, 8.401837650380426, 69.20646819279712], [89.50069241739132, 68.65597512124933, 88.87776560802685, 27.4170578683181, 83.1638537216158, 64.03553941863625, 54.235014880739804, 72.84893296383184, 0.0, 16.188431917871156, 20.86982155272502, 27.79079067978022, 83.4843766221512, 56.82480219250986, 47.379934120691814, 73.0912168580605, 5.952240899916475, 29.439390349110404, 49.36450409653296, 68.14033987391797, 46.12426456885113, 59.44756055088438, 16.862645840275494, 41.864572972231684, 26.82546510723367, 74.74694994963954, 59.07240091556026, 48.03855115138312, 91.76204258563662, 69.59800016933656, 50.42382859898017, 70.16491643198589, 36.52566686197334, 71.83236895126272, 26.597678156762438], [98.48390002285073, 78.83106460564082, 85.45227215614496, 23.42226802369216, 92.29254981161512, 77.39828511094535, 66.357937525411, 87.70662423159969, 16.188431917871156, 0.0, 11.151780363835547, 43.59891173372799, 93.57819224274772, 68.13198371070075, 62.25950349889302, 86.40468909676169, 16.287950616147956, 36.38197017526591, 58.06348256529943, 56.76521079394448, 54.679773579484056, 58.60327619560182, 16.0239685421363, 53.8226293184126, 41.3831895899339, 64.28044770624484, 66.73897340003029, 56.65500291697266, 95.13360623210855, 62.1327545882891, 42.74446891685833, 75.34399786129566, 52.16968259852563, 85.93776324012148, 29.306985322129684], [91.021554907656, 72.41695276228876, 74.30194503074851, 12.748191690781766, 84.98775491264988, 73.7584426258641, 61.76036343896511, 85.81510837597772, 20.86982155272502, 11.151780363835547, 0.0, 44.60970682817356, 86.89265745062289, 62.79868381225074, 60.87812226312752, 82.56153858480636, 23.778922549061853, 29.641952835281202, 51.16980383458702, 47.58639373243108, 47.816795572813476, 47.78879658604852, 26.813184977655453, 49.50476573761718, 40.42717977036251, 54.59599276104401, 58.98617164617691, 49.757652258709776, 85.12585701969635, 51.338465176628475, 31.884105360079836, 66.20135546073791, 52.46793069212252, 83.01792268448138, 20.95657609385599], [72.50555575721972, 50.83471072375412, 93.92101555164861, 44.08104296073975, 66.28037061911698, 39.84455949391742, 33.71787429324546, 45.75822511778845, 27.79079067978022, 43.59891173372799, 44.60970682817356, 0.0, 64.71433596205655, 37.87613678498547, 20.820340119812446, 48.59285187935189, 30.804401543649863, 29.7495736161444, 37.76976247119019, 86.81792138824765, 35.70040661346346, 63.47861067305965, 41.82905368737682, 24.297966789662475, 8.156573393479027, 91.70115212942993, 47.72180266425372, 36.95930371381817, 84.96989383764358, 82.4994513346954, 65.77110328262889, 62.10073344436497, 8.82316685918213, 45.93024968208489, 35.60062992075176], [9.4796414970681, 14.84235767146595, 75.34185430419807, 76.52413641878502, 6.571623075620761, 29.44033638666506, 30.99959806255314, 41.547585484644024, 83.4843766221512, 93.57819224274772, 86.89265745062289, 64.71433596205655, 0.0, 27.171921709810633, 47.80999646590968, 25.957722441776717, 88.92546946985911, 57.41709826830463, 35.72798552536122, 102.15657603016949, 39.09401742845103, 59.22419979083764, 100.33562381188976, 42.116531465537705, 59.70621626454552, 101.4551815851097, 29.002295112619965, 37.14194685009636, 42.03591323241789, 86.26904572802576, 82.39945189172253, 31.927878955555173, 59.017350953884616, 33.294164958661085, 66.0516705518896], [34.63132033612395, 12.961189911290353, 74.11933299084892, 54.14374709203029, 28.410293157739122, 15.459070484117648, 4.972929207809477, 32.58371056769592, 56.82480219250986, 68.13198371070075, 62.79868381225074, 37.87613678498547, 27.171921709810633, 0.0, 23.9479406249691, 21.96032347729566, 62.09307898310705, 33.35484997011809, 14.782617799003281, 87.5235998530576, 17.131716118094634, 48.785762612686966, 73.59912913044592, 15.04592729324989, 32.540749630899896, 88.97424019665503, 17.44473412201295, 15.787041308720735, 52.60514877958693, 75.26415883672924, 65.85628774748933, 31.60305752048901, 33.13158525089558, 25.76340906643058, 42.9006122661747], [56.57262341358645, 35.879785883177405, 93.62530153516174, 56.69528624055011, 50.79138853100213, 19.964849072325848, 18.976786962971957, 25.489140961324143, 47.379934120691814, 62.25950349889302, 60.87812226312752, 20.820340119812446, 47.80999646590968, 23.9479406249691, 0.0, 28.219023949899178, 51.13785404015765, 37.03250518372317, 31.812185947420357, 96.96657990007793, 31.620423011467388, 65.03748635704773, 62.4218635338181, 18.306176908538543, 20.87987633585664, 100.34170200878837, 39.3984374953852, 31.785037972778564, 76.25043124974452, 88.68536848241025, 74.94158643830801, 54.384879633596164, 12.634671232315926, 25.11286733191994, 45.98415588571297], [35.41243814008541, 22.60489508026844, 92.93091152721901, 75.08709275848081, 31.448874782709, 9.056984520625493, 21.168159484052357, 15.67373898168435, 73.0912168580605, 86.40468909676169, 82.56153858480636, 48.59285187935189, 25.957722441776717, 21.96032347729566, 28.219023949899178, 0.0, 77.60056722166875, 53.995586569822024, 36.72329422619801, 109.47420205175709, 39.05594496681396, 69.93110098702617, 89.1381435946292, 33.059479329905756, 46.456048771948254, 110.78533883676309, 37.11390414166342, 37.74735551637186, 65.08485503905882, 96.81761617404736, 87.81202377388146, 48.333829597754885, 40.832397343960245, 7.339360082039952, 63.729897390132344], [95.11989124872241, 74.12347539675521, 94.22041815615663, 32.13453246525749, 88.77315815824755, 68.5669263968694, 59.290345698909235, 76.45289199547356, 5.952240899916475, 16.287950616147956, 23.778922549061853, 30.804401543649863, 88.92546946985911, 62.09307898310705, 51.13785404015765, 77.60056722166875, 0.0, 35.38804213186949, 55.12905697870774, 71.36043222813419, 51.917720173841175, 65.05791686417268, 11.585121967557074, 47.06720906295248, 31.145092599536476, 78.32778868978795, 64.90771923154755, 53.8175965571792, 97.70895859630589, 74.0511202229266, 54.69873063145713, 76.11023440254337, 39.626971068598905, 75.94646524587847, 32.336776228712246], [62.10201682699286, 42.82523275256498, 64.7819159762563, 21.10689561769572, 55.91915150956204, 45.56692263784061, 32.85868341946683, 59.63488634224171, 29.439390349110404, 36.38197017526591, 29.641952835281202, 29.7495736161444, 57.41709826830463, 33.35484997011809, 37.03250518372317, 53.995586569822024, 35.38804213186949, 0.0, 21.73568716931972, 59.96769330667723, 18.35216741002214, 34.205542746872545, 45.63508212172823, 21.43334548787851, 21.893044465056313, 63.692551995105966, 30.468797151960278, 20.321725210099686, 62.46717354024399, 53.20562244169568, 38.01518681663784, 40.72927631722092, 33.70513521112339, 55.47294929268559, 9.746325988271735], [40.491133212448496, 21.337662329941654, 61.978026605467946, 41.156618031550884, 34.25030311523438, 29.951751159046655, 17.09526713385281, 46.68227292508705, 49.36450409653296, 58.06348256529943, 51.16980383458702, 37.76976247119019, 35.72798552536122, 14.782617799003281, 31.812185947420357, 36.72329422619801, 55.12905697870774, 21.73568716931972, 0.0, 72.75090922102379, 3.3850987610375873, 34.71892873667218, 66.12906132862045, 14.52275311120633, 30.345392248527393, 74.22737468941543, 10.203144904707882, 1.4151975887096981, 47.217860442163634, 60.69410089390813, 51.15126511948684, 24.369373465360457, 36.369443923401676, 40.36212333582809, 30.39230610370954], [101.82915902542452, 91.15876739900261, 48.04885654539591, 42.93584871984688, 97.4853001102308, 102.35186848371212, 89.14931138572058, 118.20924540399093, 68.14033987391797, 56.76521079394448, 47.58639373243108, 86.81792138824765, 102.15657603016949, 87.5235998530576, 96.96657990007793, 109.47420205175709, 71.36043222813419, 59.96769330667723, 72.75090922102379, 0.0, 70.54463578778493, 43.247357711818246, 72.50568368906175, 80.17036055918935, 80.20284091447085, 8.673419175638472, 74.4741427866686, 71.74633212435626, 78.87421875555343, 19.412228882883113, 22.093390349261067, 71.46890371792203, 92.75158469103897, 112.75526362533483, 51.68145757418], [43.85908536647759, 24.636884070830988, 62.01839531207074, 37.94173079367124, 37.627372630248836, 31.840537886220197, 18.703065063140468, 48.20360588411114, 46.12426456885113, 54.679773579484056, 47.816795572813476, 35.70040661346346, 39.09401742845103, 17.131716118094634, 31.620423011467388, 39.05594496681396, 51.917720173841175, 18.35216741002214, 3.3850987610375873, 70.54463578778493, 0.0, 33.82332617471789, 62.85630196679217, 13.598661609213204, 28.033166327892133, 72.33765403847914, 13.096244002215427, 1.9755919317727602, 49.34677774780513, 59.15126223877643, 48.77050416430263, 26.48419804199138, 35.00430164525505, 42.26206986063491, 27.084948709082266], [58.58184819411993, 49.448421029526635, 30.57637330326359, 35.1822102793031, 54.31827039471141, 64.24345502248067, 51.76300092424625, 81.26054287386438, 59.44756055088438, 58.60327619560182, 47.78879658604852, 63.47861067305965, 59.22419979083764, 48.785762612686966, 65.03748635704773, 69.93110098702617, 65.05791686417268, 34.205542746872545, 34.71892873667218, 43.247357711818246, 33.82332617471789, 0.0, 72.71624540577989, 46.73131030868848, 55.37007960318976, 42.2538899777678, 33.049480012051625, 34.214489945452414, 39.6889454393378, 27.297978134107534, 26.188932173130485, 28.2286280409525, 65.84469695701158, 74.51471852485287, 32.937170494359485], [106.34931421263678, 85.5117706405871, 100.66621013338049, 38.03355613621747, 100.0161196074879, 80.11347863964247, 70.85825461840167, 87.5861888759602, 16.862645840275494, 16.0239685421363, 26.813184977655453, 41.82905368737682, 100.33562381188976, 73.59912913044592, 62.4218635338181, 89.1381435946292, 11.585121967557074, 45.63508212172823, 66.12906132862045, 72.50568368906175, 62.85630196679217, 72.71624540577989, 0.0, 58.59305596727958, 42.68643336676232, 80.17610896850971, 75.71538598033185, 64.78732573665542, 107.28975835962167, 78.09018990043613, 58.66200744670783, 86.24062529591423, 50.60621497932426, 87.3498852388803, 41.04554241539884], [49.08831456870054, 27.522976061895054, 75.53782243059383, 42.459727829308726, 42.757985732950836, 24.340049241208504, 12.543752711734516, 38.33768994283022, 41.864572972231684, 53.8226293184126, 49.50476573761718, 24.297966789662475, 42.116531465537705, 15.04592729324989, 18.306176908538543, 33.059479329905756, 47.06720906295248, 21.43334548787851, 14.52275311120633, 80.17036055918935, 13.598661609213204, 46.73131030868848, 58.59305596727958, 0.0, 17.913473784329643, 82.9566933382988, 23.814832617415732, 14.138441506851148, 61.36079000662764, 70.75113578102759, 58.079717200177576, 38.649735005865764, 21.901502896958473, 34.063061196910425, 31.13603420140673], [66.95350201527104, 45.31820208453041, 85.78293221968687, 37.989367380001745, 60.63791675776327, 37.427116235024194, 28.985987201369163, 46.329265305228205, 26.82546510723367, 41.3831895899339, 40.42717977036251, 8.156573393479027, 59.70621626454552, 32.540749630899896, 20.87987633585664, 46.456048771948254, 31.145092599536476, 21.893044465056313, 30.345392248527393, 80.20284091447085, 28.033166327892133, 55.37007960318976, 42.68643336676232, 17.913473784329643, 0.0, 84.70452933423259, 40.46207370610405, 29.42596776933498, 77.37992132426704, 74.96200456733361, 58.778326083113704, 54.515382799346185, 12.620587516317771, 45.00742428645711, 28.57983137833339], [100.32618949929015, 91.39742439868213, 41.66597567083572, 48.528324740915664, 96.40048694323085, 104.13325895584298, 91.04063018189876, 120.45938586338907, 74.74694994963954, 64.28044770624484, 54.59599276104401, 91.70115212942993, 101.4551815851097, 88.97424019665503, 100.34170200878837, 110.78533883676309, 78.32778868978795, 63.692551995105966, 74.22737468941543, 8.673419175638472, 72.33765403847914, 42.2538899777678, 80.17610896850971, 82.9566933382988, 84.70452933423259, 0.0, 74.76920113518933, 73.34600102353143, 74.97704326995033, 15.514628913456274, 25.9386323222822, 70.03272703591391, 97.09527966012868, 114.5571969026764, 56.15689786990489], [32.052687235013714, 16.688085716934058, 56.74008112014789, 47.94444388457541, 26.134305700786648, 32.413961800312784, 21.713851819912346, 49.657143194817536, 59.07240091556026, 66.73897340003029, 58.98617164617691, 47.72180266425372, 29.002295112619965, 17.44473412201295, 39.3984374953852, 37.11390414166342, 64.90771923154755, 30.468797151960278, 10.203144904707882, 74.4741427866686, 13.096244002215427, 33.049480012051625, 75.71538598033185, 23.814832617415732, 40.46207370610405, 74.76920113518933, 0.0, 11.326229463855679, 37.55966617615521, 60.24233748989259, 53.89292801347913, 15.043250175934952, 45.64085664175554, 42.27080032587483, 38.035336559217974], [41.885846923000855, 22.732725068758114, 61.87556777679258, 39.782316444762834, 35.6520710313348, 30.78908749767659, 17.79085031069747, 47.380039369606855, 48.03855115138312, 56.65500291697266, 49.757652258709776, 36.95930371381817, 37.14194685009636, 15.787041308720735, 31.785037972778564, 37.74735551637186, 53.8175965571792, 20.321725210099686, 1.4151975887096981, 71.74633212435626, 1.9755919317727602, 34.214489945452414, 64.78732573665542, 14.138441506851148, 29.42596776933498, 73.34600102353143, 11.326229463855679, 0.0, 48.01279647789116, 59.94624318435462, 50.07574723775892, 25.14179120806171, 35.855792590872724, 41.21183388690292, 28.990420821386156], [35.24178792760814, 43.38314721511938, 38.41546847670367, 72.42997559888225, 35.47150955410682, 64.4668502858258, 57.51399544301664, 80.38053200308762, 91.76204258563662, 95.13360623210855, 85.12585701969635, 84.96989383764358, 42.03591323241789, 52.60514877958693, 76.25043124974452, 65.08485503905882, 97.70895859630589, 62.46717354024399, 47.217860442163634, 78.87421875555343, 49.34677774780513, 39.6889454393378, 107.28975835962167, 61.36079000662764, 77.37992132426704, 74.97704326995033, 37.55966617615521, 48.01279647789116, 0.0, 59.80139100870629, 65.53407675276742, 22.87252358074593, 83.19910356608243, 72.03655110803257, 66.34594547176488], [84.89696612238032, 76.73083112650517, 29.355446307773715, 42.20716930596536, 81.08609819924297, 90.62321041955691, 77.73706518308651, 107.32192639737488, 69.59800016933656, 62.1327545882891, 51.338465176628475, 82.4994513346954, 86.26904572802576, 75.26415883672924, 88.68536848241025, 96.81761617404736, 74.0511202229266, 53.20562244169568, 60.69410089390813, 19.412228882883113, 59.15126223877643, 27.297978134107534, 78.09018990043613, 70.75113578102759, 74.96200456733361, 15.514628913456274, 60.24233748989259, 59.94624318435462, 59.80139100870629, 0.0, 19.462529454919373, 54.66777481926131, 86.90083410186958, 101.00754304390759, 47.20881600688713], [83.19546468393936, 70.43889357715169, 44.58779374745068, 23.250896320689296, 78.29707656229229, 80.47487995442438, 67.25669990977933, 96.16889269212471, 50.42382859898017, 42.74446891685833, 31.884105360079836, 65.77110328262889, 82.39945189172253, 65.85628774748933, 74.94158643830801, 87.81202377388146, 54.69873063145713, 38.01518681663784, 51.15126511948684, 22.093390349261067, 48.77050416430263, 26.188932173130485, 58.66200744670783, 58.079717200177576, 58.778326083113704, 25.9386323222822, 53.89292801347913, 50.07574723775892, 65.53407675276742, 19.462529454919373, 0.0, 53.37987514331276, 71.20488934953934, 90.85230935571661, 30.219168811491965], [30.372860049446118, 25.77878105652259, 44.798762677184044, 53.96090532468766, 26.445583917355616, 45.43109226713561, 36.250674793053754, 62.401961024455, 70.16491643198589, 75.34399786129566, 66.20135546073791, 62.10073344436497, 31.927878955555173, 31.60305752048901, 54.384879633596164, 48.333829597754885, 76.11023440254337, 40.72927631722092, 24.369373465360457, 71.46890371792203, 26.48419804199138, 28.2286280409525, 86.24062529591423, 38.649735005865764, 54.515382799346185, 70.03272703591391, 15.043250175934952, 25.14179120806171, 22.87252358074593, 54.66777481926131, 53.37987514331276, 0.0, 60.54372632380146, 54.46422002279406, 46.0480994718178], [67.33521308432064, 45.92988548205417, 95.79275789317992, 50.60640578582312, 61.28579049808165, 32.40024864392254, 28.47841209866708, 37.01674210095739, 36.52566686197334, 52.16968259852563, 52.46793069212252, 8.82316685918213, 59.017350953884616, 33.13158525089558, 12.634671232315926, 40.832397343960245, 39.626971068598905, 33.70513521112339, 36.369443923401676, 92.75158469103897, 35.00430164525505, 65.84469695701158, 50.60621497932426, 21.901502896958473, 12.620587516317771, 97.09527966012868, 45.64085664175554, 35.855792590872724, 83.19910356608243, 86.90083410186958, 71.20488934953934, 60.54372632380146, 0.0, 37.61061273736825, 41.07966542873102], [42.74273937508048, 29.04215093523574, 98.7193716305642, 76.52277197143468, 38.76167287583507, 10.424963621915726, 23.60608382418897, 8.401837650380426, 71.83236895126272, 85.93776324012148, 83.01792268448138, 45.93024968208489, 33.294164958661085, 25.76340906643058, 25.11286733191994, 7.339360082039952, 75.94646524587847, 55.47294929268559, 40.36212333582809, 112.75526362533483, 42.26206986063491, 74.51471852485287, 87.3498852388803, 34.063061196910425, 45.00742428645711, 114.5571969026764, 42.27080032587483, 41.21183388690292, 72.03655110803257, 101.00754304390759, 90.85230935571661, 54.46422002279406, 37.61061273736825, 0.0, 65.1943885356822], [70.06524518586218, 51.71977510431069, 62.85340697767587, 11.361289412826043, 64.03586610347489, 55.312582492874355, 42.58020166385709, 69.20646819279712, 26.597678156762438, 29.306985322129684, 20.95657609385599, 35.60062992075176, 66.0516705518896, 42.9006122661747, 45.98415588571297, 63.729897390132344, 32.336776228712246, 9.746325988271735, 30.39230610370954, 51.68145757418, 27.084948709082266, 32.937170494359485, 41.04554241539884, 31.13603420140673, 28.57983137833339, 56.15689786990489, 38.035336559217974, 28.990420821386156, 66.34594547176488, 47.20881600688713, 30.219168811491965, 46.0480994718178, 41.07966542873102, 65.1943885356822, 0.0]]",Route_1,1795.447468813444
