instance_id,num_cities,city_coordinates,distance_matrix,best_route,total_distance
544,99,"[[24.081706502314447, 73.89156138285826], [24.922192604171368, 88.70932992550291], [48.25466058786976, 84.53676194920277], [31.220543720747372, 17.709755245498037], [1.9612122489425676, 7.847120941324204], [82.32180014467647, 5.685705335306023], [96.48933443674828, 83.76144720898246], [39.06748045800869, 75.80299124559656], [28.528111205819652, 19.378018734873503], [60.93570857792759, 99.03917541503353], [85.36160521304797, 77.95012786223575], [49.086145012885986, 63.27298097270885], [37.98705131017296, 42.80347888507558], [97.67068575838177, 62.03423253310733], [23.51899597511079, 19.97010818545506], [81.85795773311168, 6.865879023032228], [79.78903956931651, 95.89986173013489], [28.078120633060443, 22.113940587334945], [28.668753413673688, 67.28355099475218], [69.65495109420044, 4.962080360438548], [21.86730788097606, 51.33621442867078], [68.17011013469214, 8.201795652476385], [83.59725862711129, 91.5397275393165], [67.5744886840283, 91.88578820197955], [48.3089625440427, 18.464980162203126], [9.963558519075278, 93.07822570075771], [97.29895080305553, 10.866081128825533], [74.66562202967887, 88.39076743327374], [93.45065064629435, 66.0883544992948], [82.30933504982623, 17.27773890509091], [72.54107456540235, 41.03857160863846], [79.00954687573946, 71.02511789635926], [65.18401672137826, 27.15166574732266], [50.39204412478182, 0.7126067121154156], [52.63064763025624, 42.94796437534224], [33.43364539119263, 71.69566891587408], [92.96536970016959, 32.538349804806344], [2.6529496852259915, 82.70755490278628], [65.72713618900067, 9.180584188229057], [60.41660486919771, 21.513609823426894], [12.848016774197578, 8.080215981424189], [80.70470205334277, 20.585674110118447], [95.85813454154619, 76.63520845377646], [42.47982057914661, 58.930396811302685], [0.949769028821823, 25.479905702691685], [61.32813316198962, 8.96739142846159], [65.34254596074443, 11.73608115301742], [99.71098679879769, 47.55537471058769], [50.93456568910809, 89.77485147886833], [57.125760269777246, 42.090165281599624], [16.578474474769212, 68.78088309787191], [36.71454615348928, 69.66783048146752], [12.20248106350289, 65.99860196612613], [25.658992945585833, 54.205125085682496], [3.5232292631652173, 46.462250484117554], [86.77740657296478, 63.94769499212926], [14.742457583304114, 73.24928971466508], [26.631897658017788, 59.1877238024583], [11.518858729352866, 54.859563816422984], [83.37213636890122, 47.12956441590739], [18.55943208708698, 26.837350953361838], [87.38277898681943, 83.39365078212083], [70.72373521818096, 11.288517951539202], [83.9297697113826, 41.889680331596026], [94.7921371224553, 94.8496422168509], [98.99299873888847, 66.60556864517146], [11.555644007108057, 70.49095248298319], [3.8066219279367153, 97.85854198566406], [30.320944260782912, 85.4891328481612], [76.10092645996868, 89.48999143839623], [2.9254006261152377, 85.88094668310873], [99.27493932793804, 98.53300356469819], [52.22248536783576, 81.41958773998256], [99.15732027000851, 76.14901619840295], [0.9219084797257193, 62.04646419783154], [16.007556308485395, 39.79694530255574], [28.42656401967275, 91.69296527752306], [29.905657100935244, 52.44422877837495], [38.84478799086928, 24.62086356508465], [55.15799905874662, 14.085690078217283], [76.37260359067054, 90.24888230625649], [17.892338086357096, 14.278570040196614], [92.69925066065643, 35.58883589531705], [0.14917601246876577, 53.91131781808522], [24.193326770223056, 16.42516591969394], [94.97536309951651, 9.688979760430982], [57.56466244036032, 14.240974928621075], [36.843255480227185, 33.826749356612495], [79.1057313043906, 96.72779977458826], [62.96986556831333, 59.81904510267951], [82.36606635231244, 34.4408626312629], [19.411510099703943, 60.192726603203226], [89.86371730967333, 95.07195829024185], [2.3702700853220127, 48.87749778781502], [6.716240857210765, 68.36013194785049], [24.874244122600686, 16.733631635726354], [85.26335286623099, 60.449052379858806], [90.37630116575961, 91.52474841498592], [5.805977150044295, 89.09964504389802]]","[[0.0, 14.841586218150814, 26.413102890801504, 56.63354427975712, 69.65044421429627, 89.68805554058196, 73.07721415949112, 15.107183230878336, 54.69457785577109, 44.61636426806376, 61.414151039196874, 27.165717276666225, 34.05624006866259, 74.5381386633785, 53.92438926920887, 88.49032321154947, 59.8971805815085, 51.93162178431783, 8.044053745241154, 82.63288677428609, 22.66378691829677, 79.11341641317172, 62.077038536043, 47.068187778201, 60.490212771334654, 23.821213027979837, 96.60732904001576, 52.62090350965047, 69.8064499120124, 81.21318625575014, 58.54595878605811, 55.00258308797644, 62.24160786294741, 77.76498744622066, 42.101641717280344, 9.606284646410906, 80.34330814308476, 23.171390991248842, 76.95357290777697, 63.74695795795965, 66.7632306622025, 77.76683896819915, 71.82884672136099, 23.713435999898866, 53.65421639510335, 74.84947657253151, 74.6040253298471, 80.0835986117052, 31.198637001955383, 45.86107590731077, 9.078409739145485, 13.320230492737657, 14.262356235218917, 19.749521680458162, 34.27853676533455, 63.479376856941606, 9.361307775465953, 14.923347966237655, 22.804431050464817, 65.05043854905001, 47.37714885744398, 64.0102763674719, 78.06804653374732, 67.86686275860815, 73.75097389682338, 75.26478190180997, 12.979460024350999, 31.392598072052586, 13.16934894744261, 54.30755256131805, 24.317373176500034, 79.12788974545826, 29.130304083406497, 75.10954589691114, 26.01312306836364, 35.03761902606586, 18.323967023194843, 22.22400675896469, 51.43491264197959, 67.39790947470286, 54.7895963308372, 59.9334382311636, 78.58413418811682, 31.176532016166384, 57.46650386627849, 95.64456091543549, 68.40541500995039, 42.04814258696896, 59.574634613259825, 41.35607125922779, 70.38056716959011, 14.47303730248915, 69.10775758924454, 33.12234666846497, 18.225150442883773, 57.1634240477041, 62.64100015241665, 68.59958138721029, 23.775787936441], [14.841586218150814, 0.0, 23.702624026194986, 71.27838965303063, 84.058928500631, 100.9338257765847, 71.73797692617643, 19.148439795146878, 69.42501970020324, 37.46570485963892, 61.38960030448352, 35.08424780523209, 47.72879312064877, 77.48486353541566, 68.75354220843661, 99.69970815625783, 55.33601579017124, 66.67012646474959, 21.750878618775403, 94.94536055985274, 37.49776103464801, 91.38843168284083, 58.743293433792424, 42.770413232349945, 74.03519218513088, 15.58358058941647, 106.29189296743736, 49.7444494699851, 72.16549099718037, 91.62835976806136, 67.37996080247116, 56.90494923282002, 73.55515277884017, 91.60860566985764, 53.496364894710375, 19.023918878513346, 88.2329471174859, 23.06383497179738, 89.38604376246359, 75.99419781849267, 81.52815303550274, 88.0484005652565, 71.95618297169895, 34.569569819823386, 67.62127756574999, 87.6593934679297, 86.94070388524104, 85.36399572956634, 26.034186941224547, 56.66053549419224, 21.60464360235157, 22.39728339128009, 26.030140724218782, 34.512070734329974, 47.35748466078462, 66.62736719771303, 18.510533444927887, 29.57107234199215, 36.40681288714069, 71.73055712827716, 62.198283765123584, 62.686372490515254, 89.95422965336749, 75.32578405937574, 70.1392371075089, 77.29851605422141, 22.59588232479021, 23.012505433021825, 6.286190314227368, 51.1846874707685, 22.177885586586715, 74.99890338623636, 28.25679256591486, 75.2902095925248, 35.873695751426986, 49.71812657157831, 4.602466613850395, 36.60590771449232, 65.5833071957504, 80.5164058811366, 51.473439871576076, 74.76200152246966, 86.11339317901228, 42.715383618560196, 72.28783861357722, 105.60143198205448, 81.30846655144913, 56.16234850854818, 54.773640784585844, 47.7731511953122, 79.02445933796933, 29.044178189551808, 65.25246869493216, 45.77296211456203, 27.304698081948306, 71.97571426083822, 66.63106564304971, 65.5146312579343, 19.120199768314517], [26.413102890801504, 23.702624026194986, 0.0, 68.96383082761413, 89.57892830920791, 85.8956292643048, 48.24090457541285, 12.676080996967643, 68.07935493079647, 19.264708003498498, 37.686988311771984, 21.28003166739536, 42.97779328432314, 54.2983183328445, 69.14264879278615, 84.62829097625873, 33.519204858960045, 65.60260201641151, 26.1013610387466, 82.4020775448566, 42.409535938761614, 78.89012745695358, 36.0297205542829, 20.670363918642536, 66.07180410138157, 39.23219469596321, 88.50260795733234, 26.690677071816236, 48.81619869263721, 75.38897156453456, 49.81889668380917, 33.592075785675064, 59.830196098577154, 83.8514007610796, 41.818385265749825, 19.61010356297837, 68.57756466121559, 45.638383359481075, 77.35529025461403, 64.1859064948904, 84.25695133026882, 71.71294741476741, 48.25479541039869, 26.249470712793702, 75.66680272837198, 76.69188644209588, 74.77924144376281, 63.366998581421164, 5.883831512920402, 43.36369424101823, 35.37836181975642, 18.82177898475073, 40.53915420942229, 37.82290828348633, 58.74154723585057, 43.67964785108748, 35.362052820285726, 33.318427509198074, 47.22557810340157, 51.30824039592775, 64.89243888913926, 39.14481258842008, 76.61699918088512, 55.60114190799826, 47.66646852476011, 53.81362886512727, 39.29507070303304, 46.40148665780829, 17.95898637533879, 28.283369767272013, 45.349185673826454, 52.905232464035066, 5.0458308072249, 51.589098087635676, 52.40422611847586, 55.15004014487282, 21.07995871898255, 36.96777805446547, 60.65031394368663, 70.78848500861034, 28.692281848647397, 76.53812225295707, 66.11521044143105, 57.026796109042856, 72.23667557945363, 88.2327294248547, 70.90961717099, 51.97812562676145, 33.17242782214998, 28.766348112358145, 60.60682413474263, 37.743335663534765, 42.922068487230554, 58.11162028649629, 44.577165364355, 71.72104540785564, 44.15723107772383, 42.697360103628256, 42.69321524247821], [56.63354427975712, 71.27838965303063, 68.96383082761413, 0.0, 30.876852715178302, 52.49682070703848, 92.85925399640124, 58.62080249469231, 3.1673799767983652, 86.5879068207694, 80.994796329866, 48.940650263338654, 25.990009447040354, 79.87665906659828, 8.026396021346834, 51.78549361923422, 92.04668131481617, 5.4103300626929345, 49.63942846931301, 40.49329432293352, 34.903033935060215, 38.15326662031768, 90.52173812564872, 82.60564859350897, 17.105099314390614, 78.3087846836449, 66.4318580046535, 82.96553690031595, 78.8230618139417, 51.09061790176883, 47.45123752010281, 71.5983010771952, 35.25148468063507, 25.62127018724411, 33.096219565045764, 54.03125663751513, 63.50047835909176, 70.99874216679713, 35.545065518216035, 29.442813999923338, 20.743137969941728, 49.56765916604546, 87.46557713133794, 42.73069864243536, 31.252120545280555, 31.35117010690079, 34.64095580421444, 74.71078767007205, 74.71292229122035, 35.57365089473632, 53.128620271163996, 52.24773339540806, 51.89893471780699, 36.91670173236695, 39.923016051007814, 72.28078639578567, 57.93243661201205, 41.73101422564743, 42.05073921296162, 59.877489821821, 15.608227035964855, 86.4208933241702, 40.021674463573326, 57.99078617936791, 99.9595400628933, 83.5697686200078, 56.325509874033116, 84.70744432446864, 67.78534729123076, 84.6560751672746, 73.81007021246542, 105.65887672281542, 67.08222051648993, 89.61335184349458, 53.700568509024265, 26.819376402560707, 74.03594862776289, 34.759352387941405, 10.290409073284989, 24.210237842603, 85.44374444764219, 13.76277941934957, 64.02572086190014, 47.70726384901993, 7.143664872158134, 64.25737182145976, 26.571507823227016, 17.069633467297727, 92.39503531641722, 52.737194939212074, 53.81258625646913, 44.09371985263359, 97.07693994207415, 42.47077187929453, 56.26652218609336, 6.4209295192355516, 68.90045529511649, 94.59416924686565, 75.77873421616643], [69.65044421429627, 84.058928500631, 89.57892830920791, 30.876852715178302, 0.0, 80.3896498584856, 121.2375800526602, 77.42658102495703, 28.96138332521768, 108.60010136456336, 108.94979176630203, 72.75153089952698, 50.197689595810516, 109.98430061656254, 24.732667848527846, 79.90277075711649, 117.51789593858217, 29.759621072120606, 65.16119990118231, 67.75518974959284, 47.82837960523891, 66.20984785812715, 116.91405590186672, 106.61894596878231, 47.54842680732306, 85.60595051946235, 95.38552570084266, 108.50442475671376, 108.4544080460398, 80.8996748621674, 77.99480342953096, 99.63887377933015, 66.10437546431126, 48.95351641580603, 61.63976712837719, 71.18392463437091, 94.29429174767989, 74.86362984506682, 63.77986500581608, 60.03170699516062, 10.889299613328316, 79.76721082882287, 116.39773623075335, 65.20167708444934, 17.661769895122106, 59.377489881775354, 63.500531293957884, 105.50717436246566, 95.44916122317584, 64.92852565731832, 62.66249057872902, 70.91963300474477, 59.04640829305356, 52.063896878686855, 38.646709132336646, 101.6910085919112, 66.63935708388627, 56.96051457543416, 47.97414294522545, 90.39274822351342, 25.221612511999815, 114.0356182731515, 68.84858588581871, 88.75663503261892, 127.22821747226611, 113.43598532210227, 63.37430671006857, 90.03033630562952, 82.65927904793763, 110.28261660975541, 78.03978228522853, 133.01838513974516, 89.10164670965212, 118.7949170215278, 54.20930696625272, 34.901161272264254, 87.92349206439982, 52.62883264443163, 40.518595744652885, 53.561346806848846, 111.02749856434231, 17.180346561083205, 94.88411017338072, 46.099823310109265, 23.829598648283294, 93.0323852341906, 55.96985833464605, 43.493655084226525, 117.69049192759039, 80.14447380123495, 84.68865130851582, 55.17767054877569, 123.83465850276704, 41.032415874264004, 60.699545287764884, 24.57594559655837, 98.5200985712397, 121.73402682812053, 81.34343790487394], [89.68805554058196, 100.9338257765847, 85.8956292643048, 52.49682070703848, 80.3896498584856, 0.0, 79.35074351915036, 82.38549602315861, 55.50892194848015, 95.77178753906573, 72.32832901432415, 66.48987206618403, 57.82126829731845, 58.4015822297989, 60.5129237683128, 1.268053514630797, 90.24970299210263, 56.676835483775186, 81.68808978917379, 12.68750164420866, 75.75430426942876, 14.373623086155032, 85.86349586959022, 87.45248699458894, 36.33432243414555, 113.4599830203353, 15.847754894806622, 83.05868022041564, 61.41930754669311, 11.592040271738593, 36.680890755231026, 65.42331278329695, 27.468000966108555, 32.31471846397519, 47.64494187635581, 82.14235793491994, 28.88511879650153, 110.81286497661651, 16.95868656466102, 27.025176050156155, 69.51503619392429, 14.987463952496444, 72.22924851929254, 66.50098124143861, 83.74495695923324, 21.248612119241265, 18.02504147507352, 45.33710429755375, 89.75601921833542, 44.27330041186005, 91.12182135487238, 78.57311216208589, 92.48980705141203, 74.59763945725454, 88.72396185496689, 58.432113323202515, 95.56048071883107, 77.2258455378318, 86.20397247797032, 41.45716659006815, 67.1791016065512, 77.87257728113129, 12.880474341103552, 36.23966572223652, 90.03175520090385, 63.15978632215553, 95.9560780376013, 121.08040727789113, 95.25059608977257, 84.03485966341401, 112.84974519839784, 94.38235913911417, 81.49594894300401, 72.44662114743443, 99.0074618532637, 74.57315621367451, 101.49849870681831, 70.24109599200435, 47.42141713412888, 28.43293571049437, 84.77218788646712, 64.99994542275378, 31.652625428243354, 95.27880066474532, 59.1122274194448, 13.271731672052438, 26.19367299797364, 53.4809908603554, 91.09888066643104, 57.48839749217001, 28.7551913680358, 83.23893296433808, 89.7038612984271, 90.87231753450811, 98.20531730197564, 58.50024246487407, 54.842291271753155, 86.2161023448275, 113.19256382931921], [73.07721415949112, 71.73797692617643, 48.24090457541285, 92.85925399640124, 121.2375800526602, 79.35074351915036, 0.0, 57.970736890924925, 93.61599075545168, 38.69714835549218, 12.553795849298595, 51.64145249961017, 71.41479048659416, 21.759307169960373, 96.92267655002384, 78.27519141390738, 20.64560378740452, 92.08968045747561, 69.79364064121008, 83.24316395420233, 81.36241496015082, 80.69225122904169, 15.056801239927715, 30.03453381482859, 81.14787024013971, 87.02592866278513, 72.89986196571765, 22.309303641429675, 17.93242329144566, 67.9790839335898, 48.97717070664644, 21.627691914246967, 64.68918205076596, 94.98457812708219, 59.910973864575126, 64.19971126748354, 51.34417235813977, 93.84230278626364, 80.67600616015959, 71.94466677685155, 112.79857614547649, 65.11783877032778, 7.154138110485646, 59.44416414574756, 111.91312094068752, 82.64660219987121, 78.47149665875303, 36.349122818864785, 45.94995088750429, 57.323526659392236, 81.30290794891732, 61.41380420370103, 86.13821638903741, 76.74968047627924, 100.16949030251617, 22.065953859785658, 82.42000564473105, 74.05355734436179, 89.75132648366919, 38.909583936566584, 96.50607449661865, 9.11397972206659, 76.91678346268915, 43.71484333181174, 11.217332448321294, 17.337603762747634, 85.96416579174566, 93.74867081262411, 66.19094164722704, 21.177898829108614, 93.58793719353656, 15.031915106862005, 44.32875175619573, 8.066427604417578, 98.00343560929669, 91.70711007641192, 68.52335146298024, 73.58093678249853, 82.58633282021896, 81.01228558604076, 21.136926788794977, 104.90642523199419, 48.3214777899774, 100.85859581547118, 98.79720391989068, 74.08793790575277, 79.67575638869634, 77.78900169365222, 21.686769162761607, 41.19215230892748, 51.3028923597182, 80.600717090641, 13.108259351793446, 100.37573512361683, 91.08462462245303, 98.08898623813965, 25.874512843540558, 9.881195342029688, 90.84034150592294], [15.107183230878336, 19.148439795146878, 12.676080996967643, 58.62080249469231, 77.42658102495703, 82.38549602315861, 57.970736890924925, 0.0, 57.400834724504136, 31.908300736028, 46.34389045479083, 16.042904877291587, 33.017194659384224, 60.198956701594284, 57.95745163930478, 81.13784805513106, 45.4106769353645, 54.80219147030134, 13.4430051078727, 77.16234842822496, 29.907676347201598, 73.5994884473898, 47.2286566923893, 32.730809277171744, 58.077986416075376, 33.84482231757639, 87.22216710251855, 37.75817517714178, 55.244034671995486, 72.76718456873094, 48.26019452054724, 40.22681622325794, 55.217976593994216, 75.93952588493597, 35.54451145236726, 6.972101138130688, 69.1144823011819, 37.06333836418575, 71.75850030353605, 58.336284149114675, 72.62117160545047, 69.15641932473746, 56.79675146271665, 17.214194957839073, 63.129809623958835, 70.4452557786787, 69.24556329457991, 66.8996464954354, 18.331409936506756, 38.24468726815365, 23.559825826022607, 6.570882546743067, 28.598151017333123, 25.421553060982735, 46.08983468656019, 49.160808568940816, 24.458702528220552, 20.75357395203148, 34.6056890067172, 52.773742917668095, 53.08685314852054, 48.907935799086104, 71.862617054005, 56.23822235991334, 58.88983166550264, 60.62722427856043, 28.01997324617944, 41.590569396504314, 13.050794404721666, 39.48176917335119, 37.52086246843802, 64.35519841940312, 14.303856485518983, 60.09083608920551, 40.550298370865995, 42.75740223907591, 19.123817019176546, 25.0912492958461, 51.182612143570246, 63.7803265296258, 40.00444950851738, 65.06643573394183, 67.03390981888218, 44.65288105343863, 61.21247085652784, 86.58379672962614, 64.28084935888597, 42.03512887900175, 45.17642242157701, 28.754313559203354, 59.87982317905656, 25.1005484587909, 54.32817656849933, 45.515573676295226, 33.19636814825201, 60.7506148313983, 48.68061283765403, 53.66347669424127, 35.820784532692905], [54.69457785577109, 69.42501970020324, 68.07935493079647, 3.1673799767983652, 28.96138332521768, 55.50892194848015, 93.61599075545168, 57.400834724504136, 0.0, 86.0008851759891, 81.61334455036926, 48.47061443672313, 25.26309029288477, 81.24191154421, 5.043987045186522, 54.77797158341258, 92.10469712277974, 2.772680994695965, 47.90573870981331, 43.58022760863022, 32.64494712716334, 41.18732865171317, 90.77402279994634, 82.35287625375179, 19.801912006169115, 76.0023889313558, 69.29560924559361, 83.01463357704031, 79.97994495262526, 53.8222185860313, 49.054260716976835, 72.22048323773937, 37.47112217481242, 28.74768110064183, 33.71163893354851, 52.547129189951114, 65.76742807908724, 68.41165204086059, 38.57142894724569, 31.95992455273966, 19.32629577649148, 52.19056489419511, 88.38392284174722, 41.94092042312108, 28.245317873934553, 34.412535524692764, 37.59922627301787, 76.5569406877489, 73.87667604120841, 36.519407617665955, 50.82752035337635, 50.95177016218663, 49.39640655316817, 34.94508801479497, 36.86190079761006, 73.3446416069061, 55.60717654024622, 39.85483964824039, 39.34786793693173, 61.46556258406194, 12.450550209449979, 86.95903096297941, 42.96406299125035, 59.800657797488874, 100.43349581532011, 84.82771861589654, 53.8571874418818, 82.28210353311562, 66.13541910098641, 84.72816218699016, 71.26105678921886, 106.16320131170846, 66.41219505140096, 90.61694833769764, 50.82025843282992, 23.95196979610571, 72.31501784067592, 33.094892042943805, 11.57243456671299, 27.150684515671642, 85.50891623051734, 11.795085707120744, 66.18705108963113, 44.69801682713631, 5.244968622518574, 67.14994237132797, 29.487463889989957, 16.670556106014892, 92.41798678681106, 53.11978028237629, 55.905408330525276, 41.82048294920954, 97.42499197607793, 39.42653822592255, 53.61907405870991, 4.510380005273054, 70.04082702918912, 95.02814953926038, 73.33076128899717], [44.61636426806376, 37.46570485963892, 19.264708003498498, 86.5879068207694, 108.60010136456336, 95.77178753906573, 38.69714835549218, 31.908300736028, 86.0008851759891, 0.0, 32.27030141033317, 37.67801509591685, 60.7379159553766, 52.14234695660629, 87.47529808212938, 94.5180251458912, 19.112911339800064, 83.64874678589781, 45.272244012131104, 94.48028897060424, 61.65964985210351, 91.12500276000843, 23.870223481824677, 9.759321181160225, 81.55756038556736, 51.31951873428163, 95.37704095393111, 17.37524434183837, 46.29231098930287, 84.50896052330559, 59.15027101890274, 33.33843201884337, 72.0129305632463, 98.89025721975955, 56.70271592475727, 38.78183630511502, 73.81232280891524, 60.52769459264777, 89.98624448113219, 77.52730350630621, 102.88808679461151, 80.90590194807372, 41.49112641017981, 44.15126184953998, 94.91722237930281, 90.07263883987108, 87.41424645583271, 64.45233848419296, 13.632701752653004, 57.076312611176405, 53.69477135842184, 38.07020636137314, 58.877898721042385, 57.04856470359168, 77.84937903579701, 43.57987326206655, 52.90495857564158, 52.58221789976482, 66.28622126777678, 56.55087095792753, 83.71888833962275, 30.728325275744535, 88.29486593673396, 61.6018801312177, 34.1146587585071, 50.00296173725725, 57.03851163552878, 57.14128487141946, 33.479358532659596, 17.92123734649606, 59.483903806204204, 38.34257195917638, 19.65629997094293, 44.551666515439294, 70.49905591868756, 74.35173632838679, 33.32883561263388, 55.98172154139113, 77.62791966154934, 85.14973046440421, 17.76420503632687, 95.06362062736424, 70.95680510570203, 75.70684297091005, 90.41613343756299, 95.61461992532776, 84.86517989019647, 69.52054954249084, 18.31644570410499, 39.27284578916539, 68.06028393158523, 56.862163558460054, 29.1987756746614, 77.11098811588502, 62.2973064263549, 89.85895478732353, 45.6183282517909, 30.384454990368912, 56.01858219652893], [61.414151039196874, 61.38960030448352, 37.686988311771984, 80.994796329866, 108.94979176630203, 72.32832901432415, 12.553795849298595, 46.34389045479083, 81.61334455036926, 32.27030141033317, 0.0, 39.132181814336455, 58.98843354268804, 20.12036749165598, 84.77140437126229, 71.17054150909259, 18.794851257248663, 79.99423363607819, 57.687566313857886, 74.65891816610869, 68.84639556246096, 71.83576650298991, 13.703654193630975, 22.59610903500054, 70.08124660457807, 76.90074635189426, 68.13787159770725, 14.946939851061114, 14.357378706954123, 60.749116330333266, 39.07465919428725, 9.397042521349956, 54.6591147987179, 84.78505101797877, 47.92146735075766, 52.30326249835612, 46.04396617052921, 82.84536686662736, 71.51756784865789, 61.70359479397847, 100.69769160468053, 57.553169342075996, 10.578569893646605, 46.9105278443776, 99.39055438755003, 73.04947436306817, 69.17414773568075, 33.61169098755778, 36.401169472870876, 45.64208426381347, 69.39159980651809, 49.34706480681167, 74.12891755296262, 64.25128067530981, 87.68697850817848, 14.073827474165688, 70.77543282270489, 61.65392408923962, 77.36876214732304, 30.884706853570464, 84.11329441703718, 5.806641473614142, 68.24981665816036, 36.088862949860996, 19.352739276810233, 17.73454012050509, 74.18193315674075, 83.94974837094328, 55.554576357308356, 14.796236762235512, 82.81682023519221, 24.844227465863835, 33.32024033464693, 13.912791134723559, 85.92432078501362, 79.15585536704614, 58.570167286036956, 61.040257773779345, 70.7659855789275, 70.6464736430129, 15.23356527676381, 92.76944153167055, 42.99209343380873, 88.53825432321598, 86.7575888881784, 68.93481472286815, 69.50918065282293, 65.58126860275581, 19.79234500530376, 28.81191014756672, 43.61226219775029, 68.29890441971534, 17.70384394802372, 87.93622419530323, 79.22790768599354, 86.05916721614493, 17.501351278215928, 14.471264583625375, 80.33311701834529], [27.165717276666225, 35.08424780523209, 21.28003166739536, 48.940650263338654, 72.75153089952698, 66.48987206618403, 51.64145249961017, 16.042904877291587, 48.47061443672313, 37.67801509591685, 39.132181814336455, 0.0, 23.284982214664176, 48.60033021644354, 50.28735329631988, 65.23613154786815, 44.80157454936811, 46.2104284094855, 20.80755996308307, 61.832329034452385, 29.721229623626026, 58.28407310188352, 44.609706615878935, 34.066282292637595, 44.814740311912544, 49.182612651877136, 71.21065786388596, 35.849865287489884, 44.45374774066775, 56.73925139697753, 32.31876668566681, 30.91125371007858, 39.546060324067575, 62.57400258986132, 20.631766732099624, 17.7747691010334, 53.57241745697242, 50.33631186509666, 56.594257457918175, 43.26920844363777, 66.02608004135035, 53.12192877241542, 48.64327422907404, 7.9057927953316325, 61.19989568001217, 55.668333274771676, 54.04000938936302, 53.008657335002006, 26.566253016214592, 22.65716429923087, 32.97098162983809, 13.926613320455797, 36.98423550826458, 25.120857158391, 48.565213385469704, 37.697300128766194, 35.7633276188843, 22.822851496267702, 38.497877694161545, 37.89642597120688, 47.53351803686411, 43.260530825601485, 56.30781211778372, 40.88182638334422, 55.55288696411119, 50.01799865471687, 38.21828905730645, 56.977155434272966, 29.08075245621913, 37.644787878159235, 51.399751321415984, 61.336647022691096, 18.41564465307013, 51.70024056774585, 48.17985081152976, 40.562510788426295, 35.1356484884088, 22.026188744918624, 39.985892183933785, 49.56063959528334, 38.36991105637918, 58.08188954565301, 51.65767002981903, 49.82436825458436, 53.05063784068711, 70.5483204797941, 49.75965106866653, 31.88994983529574, 44.94886497098315, 14.306899365532391, 44.03230873362827, 29.834073208522852, 51.71059234683642, 48.883564787915795, 42.67420629847717, 52.46072036705835, 36.287255900131704, 50.03038435532146, 50.40029273012021], [34.05624006866259, 47.72879312064877, 42.97779328432314, 25.990009447040354, 50.197689595810516, 57.82126829731845, 71.41479048659416, 33.017194659384224, 25.26309029288477, 60.7379159553766, 58.98843354268804, 23.284982214664176, 0.0, 62.70532757923129, 27.031230876242198, 56.71126443850978, 67.57686063769673, 22.940006585384797, 26.193598572606795, 49.34396942921809, 18.238796673028336, 45.91615753232757, 66.74962879583747, 57.310466218938146, 26.436799571868573, 57.557504424650354, 67.36392800969024, 58.51084025377242, 60.153107016075786, 51.14712345209768, 34.59906676223153, 49.79263048795607, 31.379199831694756, 43.88080864126104, 14.644309107720114, 29.248797415257563, 55.92842182671017, 53.29947486110267, 43.589119707557714, 30.924802303641425, 42.86812386933974, 48.150062658666855, 67.03467908465169, 16.74104111169611, 40.88846373482254, 41.10580149303545, 41.39452004093461, 61.90658063679844, 48.723176948323434, 19.15199720492203, 33.66233342702782, 26.894472593236568, 34.68224037674826, 16.792217218833276, 34.65749038377956, 53.17496254301667, 38.30481085449111, 19.93446753682763, 29.08460765365835, 45.59079909157188, 25.146562982027376, 63.93355900727802, 45.44098630020209, 45.95180520816553, 77.04298080745964, 65.48484632816101, 38.27813326502931, 64.80248240433247, 43.36858599895777, 60.268548458757344, 55.5426645073989, 82.8371000137908, 41.15642654439391, 69.66869213163922, 41.762630386368095, 22.184171039550435, 49.815507595016264, 12.5798645012676, 18.202835276082148, 33.45971967216047, 61.02882048407472, 34.89223300615847, 55.185829985936756, 39.4346154134448, 29.767133412265903, 65.91083168095757, 34.62801596723837, 9.049306157257714, 67.81281757796242, 30.226983011250166, 45.160052332996415, 25.444776820877017, 73.64225970563376, 36.130995148898556, 40.3857165611325, 29.181889039999593, 50.462014949654275, 71.54296335096315, 56.38223598887328], [74.5381386633785, 77.48486353541566, 54.2983183328445, 79.87665906659828, 109.98430061656254, 58.4015822297989, 21.759307169960373, 60.198956701594284, 81.24191154421, 52.14234695660629, 20.12036749165598, 48.60033021644354, 62.70532757923129, 0.0, 85.25176628580316, 57.389803942980826, 38.29665927129255, 80.22938881580608, 69.20131510033198, 63.57760566735801, 76.55455367897858, 61.38579007096141, 32.689992150207296, 42.38981545359805, 65.83964968655712, 93.03907609367701, 51.169501707643356, 34.984280600083395, 5.8518886920356215, 47.31928589344849, 32.74622323819321, 20.714104470442415, 47.66735917464413, 77.43133569846327, 48.91718171331131, 64.95953131076405, 29.868831532709034, 97.24071383051728, 61.75676887965854, 55.043504682007104, 100.52821034744318, 44.786466688315244, 14.71304998121096, 55.27807336928868, 103.39803935777174, 64.31851019766586, 59.79140954209077, 14.621906584992956, 54.34893613147804, 45.18469653996975, 81.37237875783832, 61.43226166411547, 85.560097234442, 72.43603264389766, 95.4265696200631, 11.06005741366315, 83.6831436780631, 71.09579471897108, 86.45006172140008, 20.654240395795018, 86.58759108776836, 23.707926389219473, 57.45664184243632, 24.38474435400324, 32.94142005077081, 4.758742004761147, 86.52928133374414, 100.46812243950022, 71.3170388377315, 34.91522895896329, 97.70022942934352, 36.53401040581133, 49.409826100037535, 14.192857361689214, 96.74877805186283, 84.63665668565001, 75.32853923560334, 68.44024606151216, 69.71546762154891, 64.08113024884727, 35.35073925456221, 92.97950342637479, 26.908626316869928, 97.85921830154645, 86.4818434194226, 52.41459960803643, 62.391414303848435, 67.04952185807142, 39.348457934434045, 34.77145348148947, 31.553532887850253, 78.28083877211373, 33.94760786215664, 96.20430809800543, 91.17416328481222, 85.7406925356652, 12.508185544470452, 30.379245770170414, 95.76879054302616], [53.92438926920887, 68.75354220843661, 69.14264879278615, 8.026396021346834, 24.732667848527846, 60.5129237683128, 96.92267655002384, 57.95745163930478, 5.043987045186522, 87.47529808212938, 84.77140437126229, 50.28735329631988, 27.031230876242198, 85.25176628580316, 0.0, 59.792602225883954, 94.50738214261165, 5.038018957296073, 47.59287627518076, 48.51563927175571, 31.409563741335255, 46.17591553576202, 93.44307388854124, 84.33712984246394, 24.83561661918504, 74.35419780520662, 74.33952544280473, 85.42460985378825, 83.76949903224718, 58.851956814211896, 53.35770179015153, 75.40434507265336, 42.27941251722067, 33.06073320194542, 37.08733122204494, 52.66719952608149, 70.57449625015352, 66.11640574306493, 43.56536386169756, 36.92987868119017, 15.976211494900676, 57.18901906024919, 91.89061190868662, 43.329169845201996, 23.23204411226104, 39.37753967493206, 42.6263830810416, 81.03188505112904, 74.99543752124106, 40.233214292347604, 49.30175033654815, 51.419705813254886, 47.3992167600048, 34.30183623645388, 33.19132853579581, 77.0431999121613, 53.997211136922346, 39.340965056420025, 36.895493060024364, 65.72696918109524, 8.470908876428657, 90.00626942651097, 47.99643128395977, 64.26452541243036, 103.37700549816802, 88.71973436319844, 51.9179882010599, 80.34417097976207, 65.87115524441069, 87.16578216833138, 69.05313027562151, 109.13794703789637, 67.82277523694064, 94.21903102700311, 47.76031928865571, 21.20200924283816, 71.89055886249052, 33.0961923583306, 16.015911666572098, 32.18156137584231, 87.93525987851622, 8.003304658452416, 70.92145157589324, 41.208666520678, 3.60850906730416, 72.19220182477945, 34.52434464168115, 19.223485529578134, 94.77145331089892, 56.07413739945365, 60.60016853285304, 40.4318002641045, 100.20933059412494, 35.81767413420434, 51.22428114944425, 3.5087715796584176, 73.83028193764179, 97.92837073970522, 71.36276271389711], [88.49032321154947, 99.69970815625783, 84.62829097625873, 51.78549361923422, 79.90277075711649, 1.268053514630797, 78.27519141390738, 81.13784805513106, 54.77797158341258, 94.5180251458912, 71.17054150909259, 65.23613154786815, 56.71126443850978, 57.389803942980826, 59.792602225883954, 0.0, 89.05801760120836, 55.89968032088209, 80.49463673200393, 12.35062024260341, 74.67589169719722, 13.75288497437483, 84.69171028004172, 86.21138233941372, 35.497524215540565, 112.25583885939993, 15.950733019935084, 81.84153666185163, 60.34643428170281, 10.421639395299929, 35.420011723757135, 64.22243671192363, 26.2589689798774, 32.0619163391581, 46.434389618254485, 80.91857440252981, 27.97231410961537, 109.6603533649026, 16.296050554957922, 25.967048931977274, 69.02062420321425, 13.768179832300069, 71.16013125257105, 65.27902954426953, 83.02178622891735, 20.637103752979012, 17.218527660568395, 44.43383514989252, 88.48815677360295, 43.039887706531786, 89.97154363499399, 77.34347235568654, 91.3704785624718, 73.48011881434132, 87.77358553314598, 57.29340879383764, 94.39940452891011, 76.07557526920341, 85.15270182858517, 40.29214685714215, 66.37441555316619, 76.72694116343087, 11.980427626088115, 35.08502619316483, 88.92938536963855, 62.148532938591416, 94.81859146820096, 119.88192413372126, 94.00893468015504, 82.82443698273268, 111.68585178426014, 93.30708959994315, 80.22790478234432, 71.41023064690538, 97.95683257935508, 73.62561031387646, 100.2524233950848, 69.11170311456945, 46.533560441507994, 27.658876782786646, 83.5632356158986, 64.39369910875772, 30.70084500185566, 94.28466641872764, 58.45160074847242, 13.41775768599537, 25.388112095968232, 52.47105819458926, 89.90405748059365, 56.22097316379915, 27.57966452593462, 82.11766859130087, 88.56864346985887, 89.90699972098959, 97.09696574991193, 57.831791935492255, 53.69127660058385, 85.08634638742228, 112.01024964074385], [59.8971805815085, 55.33601579017124, 33.519204858960045, 92.04668131481617, 117.51789593858217, 90.24970299210263, 20.64560378740452, 45.4106769353645, 92.10469712277974, 19.112911339800064, 18.794851257248663, 44.80157454936811, 67.57686063769673, 38.29665927129255, 94.50738214261165, 89.05801760120836, 0.0, 90.10206044327475, 58.584783832824606, 91.5007094489664, 73.08108963737057, 88.46440139947897, 5.789067502983085, 12.857217413528195, 83.58921062527622, 69.88246871555037, 86.81786011394796, 9.090429277246443, 32.7927671993846, 78.66250750405416, 55.337999155128166, 24.88695420607549, 70.28243837033514, 99.62327468534382, 59.51034940401636, 52.294029479465024, 64.7170523832844, 78.25607530430722, 87.85197905606583, 76.86745539523594, 110.42368727897866, 75.31975368153888, 25.086703232685732, 52.52351052663197, 105.70998432628939, 88.87102710181419, 85.3946317903865, 52.28836779435174, 29.497396723808535, 58.387564262370404, 68.78237086368235, 50.43343579869614, 73.90553582874897, 68.32651762923015, 90.88757465883987, 32.70746447878516, 68.87747266480541, 64.60234366800249, 79.6562844022213, 48.90174314677689, 92.29677798937401, 14.631137707545651, 85.09558883396025, 54.168674903605385, 15.039810411540483, 35.027812594198956, 72.81077488310916, 76.00765894942735, 50.5517134161457, 7.395175147638978, 77.51385457007241, 19.663003975079036, 31.138292268091043, 27.66272214586145, 85.82585211218624, 84.94477522856606, 51.53447266006271, 66.15696396997743, 82.2017476501103, 85.44148196118074, 6.6034538875715425, 102.43650185165724, 61.677332851470005, 90.03080410174869, 96.99026010791704, 87.5382236075083, 84.62917187608844, 75.48120064468117, 1.0734950350930093, 39.808415474370264, 61.513003806312575, 70.14588771857471, 10.108637676651979, 90.58017762810947, 78.09014424433576, 96.34794624856036, 35.87099092111057, 11.455641607169486, 74.2949289784552], [51.93162178431783, 66.67012646474959, 65.60260201641151, 5.4103300626929345, 29.759621072120606, 56.676835483775186, 92.08968045747561, 54.80219147030134, 2.772680994695965, 83.64874678589781, 79.99423363607819, 46.2104284094855, 22.940006585384797, 80.22938881580608, 5.038018957296073, 55.89968032088209, 90.10206044327475, 0.0, 45.173471766506836, 44.975761699357236, 29.874997631790276, 42.43719357930561, 88.89496373532302, 80.17526930905004, 20.557282811970417, 73.23979193198588, 70.12872216019397, 81.01242536269653, 78.78652650822687, 54.446427466166824, 48.32283033600208, 70.61383324015394, 37.44631089045505, 30.918089741007837, 32.20066970029168, 49.870125621257735, 65.7192772254105, 65.71168399558996, 39.80854280274176, 32.34405601833191, 20.709936983638904, 52.64876703599989, 86.98677448439383, 39.53302935810044, 27.336371045202664, 35.75465127729008, 38.68252010199166, 76.01666978608202, 71.41719641145363, 35.2535802649931, 48.06293150701135, 48.331773088033906, 46.667970130204594, 32.182235802928425, 34.580093768194395, 72.08099040284684, 52.84566055364034, 37.101980577531215, 36.694481812078656, 60.68945222794525, 10.62619579723321, 85.27746117241661, 43.99816153643516, 59.249359382197476, 98.69773192776628, 83.71633594467279, 51.12071511439208, 79.53835735281804, 63.41486617443707, 82.73887905799623, 68.54845286486218, 104.4454890294908, 64.03210235998974, 89.28629243799382, 48.29147233642595, 21.409978488364366, 69.57989716600248, 30.3852969591043, 11.05467271383806, 28.244868946183686, 83.51483321652344, 12.850805332728738, 66.01108429350745, 42.321379306146355, 6.8886704505247645, 68.04131613340465, 30.519497637034128, 14.629336217159063, 90.39383294030691, 51.37225682350156, 55.669866691896516, 39.05258099766482, 95.60508513579578, 37.110397111971515, 50.941536322644204, 6.261992423265563, 68.84570852062566, 93.2680199262956, 70.59130949961244], [8.044053745241154, 21.750878618775403, 26.1013610387466, 49.63942846931301, 65.16119990118231, 81.68808978917379, 69.79364064121008, 13.4430051078727, 47.90573870981331, 45.272244012131104, 57.687566313857886, 20.80755996308307, 26.193598572606795, 69.20131510033198, 47.59287627518076, 80.49463673200393, 58.584783832824606, 45.173471766506836, 0.0, 74.59111275702242, 17.337162538493125, 71.07046501273003, 60.04583903605407, 46.03179675536898, 52.621199842052626, 31.862981016118884, 88.84275378317724, 50.60856161027142, 64.79292171001845, 73.33412057842692, 51.12317973500819, 50.47964747568634, 54.25801938832495, 70.02565231400021, 34.15249845263881, 6.493918701932556, 73.0840876772961, 30.244370388423768, 68.9150091463578, 55.70290465378441, 61.280752153641274, 69.91732014574563, 67.83705796670014, 16.14065553382774, 50.15861695693047, 66.83868305185085, 66.56191452778394, 73.73058974296556, 31.648459579443813, 38.00668260845721, 12.182645371492601, 8.391636877441783, 16.5163318904703, 13.420278772599676, 32.64695911961722, 58.20432550298153, 15.150305410427773, 8.34812549599211, 21.17721287352478, 58.29788402477859, 41.690448252235726, 60.88408752837632, 70.0290312662395, 60.81635133344283, 71.639313636884, 70.32751339715728, 17.411086636617245, 39.4075583626849, 18.280397840759584, 52.373056403753864, 31.758201131896566, 77.21244572788099, 27.470089621823572, 71.04389157934078, 28.236757637997933, 30.262508234029674, 24.41061575074471, 14.890782873073798, 43.85950955537228, 59.428045070824986, 52.94396815461156, 54.08936247821398, 71.44550050864103, 31.498935145088172, 51.05491921532943, 87.82767857398944, 60.402718765051084, 34.44096485132078, 58.40250444079899, 35.10391920082364, 62.94476623017497, 11.660889516920356, 67.20877313455978, 32.099735513368216, 21.978895197216726, 50.692135957799735, 57.00578092187124, 66.298243581129, 31.601400254449995], [82.63288677428609, 94.94536055985274, 82.4020775448566, 40.49329432293352, 67.755