instance_id,num_cities,city_coordinates,distance_matrix,best_route,total_distance
1801,44,"[[92.16450075505342, 23.250075082219258], [47.65142740654387, 59.30801611179156], [49.75927451587193, 78.16878024252], [32.05868601753813, 53.25102580436079], [56.87756432421914, 73.03805320488877], [88.25275157122803, 74.77356614995784], [92.65237937244859, 99.7558133065234], [24.70736736110295, 15.753457931312177], [72.209864439715, 7.947994378966872], [28.942797435266453, 72.88115325501126], [59.96369190148071, 98.09661383512854], [74.87355010373138, 75.61797709203157], [91.99307714351397, 52.02975587592861], [25.23290451811612, 44.16605039100406], [40.99728149586579, 25.32465335427635], [59.705490905998936, 97.63255696319402], [51.42240093056777, 85.38503468374088], [26.872015297978912, 24.07854490275767], [80.91936381551133, 69.75065717818283], [40.784516292289716, 45.337326300535466], [82.47503694199418, 75.70348420823018], [47.66598871364447, 38.39597804965592], [62.5868122176047, 61.62500207605355], [97.81501732391189, 80.57534517608396], [4.418820196369544, 83.51917819061445], [9.34157058789834, 41.53484980782194], [24.47836613824357, 83.89640276849657], [1.9947229608440864, 50.057995946861936], [94.69291105824306, 56.978005288592485], [3.7088098890134424, 52.738672636946745], [10.982124630670754, 88.56166826694876], [1.62384765300283, 45.44735395311105], [55.298942898843364, 22.573447422712622], [92.22429530747903, 39.952534140413555], [12.283140931096447, 59.861274212575424], [43.07781016665054, 7.246290787054733], [21.011556897244233, 66.85233197799293], [93.17722062101328, 22.90275854891588], [93.92879382991528, 63.746414488073086], [78.8391131176523, 22.840630273131268], [56.432679477092094, 88.72483214782704], [47.15965661087136, 10.34348318434144], [86.47906181783569, 48.720969042411646], [31.8695519018819, 62.23724249741686]]","[[0.0, 57.28515348868244, 69.38492191305119, 67.1771241531883, 61.02467245481255, 51.671770953630926, 76.50729381432245, 67.87241055418986, 25.146395056275402, 80.37554162336296, 81.47942350136677, 55.14865488237912, 28.78019132393661, 70.12358089788411, 51.209258945279345, 81.1562747491194, 74.30122410021977, 65.29774130401319, 47.84095776688112, 55.9262860359496, 53.340845868108154, 47.00548851568745, 48.45074489623908, 57.6030808970274, 106.45031350915302, 84.81727859486818, 90.8811855182151, 94.07047065121994, 33.822568422094434, 93.24154992455408, 104.1930055115426, 93.22193440075144, 36.87176671979769, 16.702566089650908, 87.8715628009829, 51.62968433651086, 83.4499743920727, 1.0706214556114673, 40.53475342626516, 13.331676591437843, 74.59025985100553, 46.818971698025194, 26.097713597941805, 71.80167184869177], [57.28515348868244, 0.0, 18.97818334381021, 16.727842527018325, 16.541932202784412, 43.44710303240932, 60.5071068201399, 49.228339700477015, 56.92950607469255, 23.113694800071013, 40.6957881154321, 31.734189627556, 44.935008328218714, 27.05308289989262, 34.62869622306715, 40.17550097160844, 26.348266336149695, 40.9010954528815, 34.868386044561696, 15.567101273307179, 38.49019557210436, 20.91204313174287, 15.114037958568641, 54.48564066730576, 49.550365239786565, 42.23186675880765, 33.78726871062573, 46.58430566074359, 47.09915216423016, 44.430956640415225, 46.90856990448109, 48.06928388738133, 37.52216718124927, 48.59398352943042, 35.37261345639307, 52.26223510763191, 27.687531537521906, 58.291857287497244, 46.48971954345995, 47.98480978310322, 30.69950249799599, 48.967002392619705, 40.24513336573999, 16.051416188701012], [69.38492191305119, 18.97818334381021, 0.0, 30.56477252373637, 8.774645846431635, 38.64291985015573, 48.01893835502464, 67.25526381855269, 73.72236943576588, 21.477539831330866, 22.388583829139616, 25.243483020682678, 49.66832672063639, 41.925272361929736, 53.56560713987504, 21.85785498880169, 7.405424878539998, 58.7331268843904, 32.277173994757156, 34.036019936479185, 32.808517120698355, 39.82785005147153, 20.934237973010333, 48.11596379178062, 45.65504962325477, 54.54938725507032, 25.921612376511497, 55.422635979985, 49.67978095835278, 52.60547181786871, 40.14572797580924, 58.204046746629594, 55.87064486059245, 57.12932221695255, 41.70881640013768, 71.2365178571391, 30.894874487592194, 70.28122934202901, 46.464514098273874, 62.5047293581915, 12.488577405132034, 67.8750980425234, 47.06927197204866, 23.955293154732058], [67.1771241531883, 16.727842527018325, 30.56477252373637, 0.0, 31.741190490450833, 60.17468526199577, 76.38253029986778, 38.21137896467935, 60.53496332715261, 19.87588149959422, 52.81870993509979, 48.30520775883525, 59.9468326092342, 11.363453319266467, 29.322018473256836, 52.28829819895753, 37.51730243358609, 29.629971230285253, 51.571345438618955, 11.779930128002313, 55.189866179538654, 21.546701400503288, 31.655804647585004, 71.20753847733761, 40.98930630651947, 25.560440399677223, 31.568978107414438, 30.23305003378163, 62.74501193342425, 28.354505502139396, 41.122535318424966, 31.419367922308325, 38.4866646420708, 61.61777683238739, 20.851080727007695, 47.30599054058692, 17.5224025587055, 68.23849791345131, 62.75399130204682, 55.796061832668094, 43.04047506313245, 45.48732270149005, 54.60859562845481, 8.988206838311218], [61.02467245481255, 16.541932202784412, 8.774645846431635, 31.741190490450833, 0.0, 31.423150382598042, 44.650600181671955, 65.69966840329687, 66.87148259754383, 27.93520751192658, 25.24788395653261, 18.179975562135844, 40.920017072626614, 42.83663199562915, 50.286697127698844, 24.756550322474816, 13.498398397237768, 57.42269956691822, 24.265512469673894, 32.03617433445434, 25.73587237400971, 35.845871398114106, 12.761396772200698, 41.625542979775, 53.49554950122111, 57.02738399029447, 34.170335063321005, 59.49965804691304, 41.08437157470205, 56.91204880895914, 48.44970597701448, 61.75937087750405, 50.48929076898488, 48.41531744157728, 46.50043120635936, 67.22342758930142, 36.395516699844904, 61.89679165761832, 38.19853607047783, 54.791339593005745, 15.69308625260866, 63.4432568551336, 38.3088662848378, 27.240745167017987], [51.671770953630926, 43.44710303240932, 38.64291985015573, 60.17468526199577, 31.423150382598042, 0.0, 25.366698598378946, 86.7259420735979, 68.72431352901484, 59.34013722746878, 36.66381663606873, 13.405821934777386, 23.04931541646593, 70.05941152716188, 68.39791245877588, 36.5715675421242, 38.328553230684975, 79.6089188765947, 8.88865515780838, 55.85450364088259, 5.852070909683503, 54.50334150538802, 28.837912200945432, 11.184702329206058, 84.28887103129428, 85.62585327024067, 64.42358562920424, 89.729075054934, 18.925053251939563, 87.3682700257676, 78.49115585704764, 91.45815281257096, 61.73172524038699, 35.046789151913224, 77.41936574035539, 81.2447428997369, 67.70616081267414, 52.10404088558396, 12.40223889048309, 52.77922335276657, 34.74413347630517, 76.41909476287393, 26.112904690773362, 57.760060731223376], [76.50729381432245, 60.5071068201399, 48.01893835502464, 76.38253029986778, 44.650600181671955, 25.366698598378946, 0.0, 108.04129009691238, 94.05621740751667, 69.1459194999594, 32.730768879763424, 29.9786908867587, 47.73061111380735, 87.38196227275752, 90.59937476868333, 33.01523401583217, 43.66268888356488, 100.27016131843699, 32.21758911441737, 75.17743643223668, 26.116907052699222, 76.08419498986932, 48.5581825590307, 19.863111244734345, 89.7150449187081, 101.63843491048561, 69.99440679848095, 103.38609053619739, 42.82644776746824, 100.6060140806573, 82.43384858632963, 105.9981242491554, 85.74611839500432, 59.8048113029909, 89.72618757732582, 104.95546516842532, 78.83556639271832, 76.85484684723542, 36.032014058798325, 78.14570817188942, 37.862239841736795, 100.32025020971476, 51.406859257225896, 71.42965260222549], [67.87241055418986, 49.228339700477015, 67.25526381855269, 38.21137896467935, 65.69966840329687, 86.7259420735979, 108.04129009691238, 0.0, 48.139510695171566, 57.284486913216895, 89.57345446222698, 78.10509935536174, 76.44171984910743, 28.417452376733944, 18.89362549492597, 89.04524417360267, 74.5804900737921, 8.601905240861054, 77.94540443090067, 33.67016461859208, 83.25328401576832, 32.24565105124994, 59.4899227168746, 97.70673236301838, 70.73767022116026, 30.013128420169547, 68.14332962692406, 41.1420167725515, 81.22462453835631, 42.53052459975698, 74.09060520934877, 37.610854059269236, 31.342570898764674, 71.7225964999179, 45.82423877693707, 20.24463044098925, 51.23235251111657, 68.84208963094105, 84.23140602789634, 54.59371676717335, 79.56957260098599, 23.0948721433596, 70.01856200263194, 47.032319897961706], [25.146395056275402, 56.92950607469255, 73.72236943576588, 60.53496332715261, 66.87148259754383, 68.72431352901484, 94.05621740751667, 48.139510695171566, 0.0, 78.027906602632, 90.97660321032026, 67.72238759600226, 48.31746269785667, 59.31763940655909, 35.72357220618999, 90.55208514106594, 80.17863711929334, 48.12187885982205, 62.41333598238913, 48.8417305971862, 68.5286813568228, 39.1085865925546, 54.53278178657829, 77.00880428905906, 101.52157161065351, 71.2776208177376, 89.70204382847783, 81.87440579904067, 53.939126383812635, 81.84497133830558, 101.2294450238759, 79.92864151407161, 22.358066644867314, 37.74742386312643, 79.2855649759839, 29.14050401245105, 78.04477998683484, 25.754125817278627, 59.87633573064416, 16.301458275568084, 82.30320215691228, 25.164484474849356, 43.197748283002845, 67.63625711788524], [80.37554162336296, 23.113694800071013, 21.477539831330866, 19.87588149959422, 27.93520751192658, 59.34013722746878, 69.1459194999594, 57.284486913216895, 78.027906602632, 0.0, 39.9764348804574, 46.01221843604783, 66.40872340249182, 28.953763795873524, 49.06048581879151, 39.48386119795897, 25.72313402541947, 48.84652209363079, 52.070754347973875, 29.981472758803683, 53.60658745541594, 39.240096847367546, 35.477044268621725, 69.30067288063103, 26.731873001053426, 36.97024254350054, 11.885573972264693, 35.31423547794209, 67.64604612744297, 32.287360575518655, 23.84248977421068, 38.71612534000248, 56.7935882807762, 71.3361193908464, 21.143826643173977, 67.1396585938889, 9.962492783545484, 81.38735196210693, 65.62486708364074, 70.66608988034051, 31.728784652617005, 65.13688767581525, 62.40301451282343, 11.038964078367464], [81.47942350136677, 40.6957881154321, 22.388583829139616, 52.81870993509979, 25.24788395653261, 36.66381663606873, 32.730768879763424, 89.57345446222698, 90.97660321032026, 39.9764348804574, 0.0, 26.97393151617559, 56.10736958025817, 64.14618668065322, 75.20294512784011, 0.5310522897581995, 15.314630128468403, 81.07856429974542, 35.251006285862765, 56.137181958182175, 31.752368573385564, 60.95407629425427, 36.56582044064593, 41.709923179708724, 57.42590358633644, 75.90673432685512, 38.22112424903222, 75.28685256175464, 53.82247329918699, 72.26309279275507, 49.900993169405275, 78.58423501606968, 75.667090258679, 66.49421430218179, 61.11772359055425, 92.40624545939545, 49.9346970568201, 82.20252041639056, 48.306980284337776, 77.5870130110156, 10.014905927447664, 88.68232777017798, 56.044795837773314, 45.55409109018591], [55.14865488237912, 31.734189627556, 25.243483020682678, 48.30520775883525, 18.179975562135844, 13.405821934777386, 29.9786908867587, 78.10509935536174, 67.72238759600226, 46.01221843604783, 26.97393151617559, 0.0, 29.14588111904763, 58.76578415509718, 60.63843655127424, 26.7340933403343, 25.40377553714681, 70.43053609124829, 8.424803048676713, 45.59583356573434, 7.601967746524791, 46.10562448884042, 18.621688368141207, 23.470969654775626, 70.89638880168407, 73.86541751547333, 51.07060699263437, 77.23105645958931, 27.207638954496332, 74.75214259254885, 65.18936562209582, 79.21985489579639, 56.54102382398918, 39.66197398088617, 64.54326460622615, 75.40329280828944, 54.57060423378998, 55.80249654319834, 22.450753041356464, 52.92611857353478, 22.624220625738225, 70.91416958153472, 29.293974536882683, 45.0376278198152], [28.78019132393661, 44.935008328218714, 49.66832672063639, 59.9468326092342, 40.920017072626614, 23.04931541646593, 47.73061111380735, 76.44171984910743, 48.31746269785667, 66.40872340249182, 56.10736958025817, 29.14588111904763, 0.0, 67.22171161854295, 57.56503864698304, 55.87578806647532, 52.521942012102045, 70.86623237308946, 20.896350634381566, 51.64402499878504, 25.515456147781588, 46.37640204334135, 30.932138085392253, 29.13323970926123, 93.0636029689218, 83.3151522190973, 74.65734649919452, 90.0199510820083, 5.636867518138933, 88.28711348570711, 88.86706392124874, 90.60864006143223, 47.05458102732307, 12.079434866256973, 80.09373639957687, 66.31939451460795, 72.51265392173347, 29.151057769197855, 11.875482648025377, 32.01611817584296, 51.09863505803757, 61.21912223786082, 6.430585923651921, 60.983859099019234], [70.12358089788411, 27.05308289989262, 41.925272361929736, 11.363453319266467, 42.83663199562915, 70.05941152716188, 87.38196227275752, 28.417452376733944, 59.31763940655909, 28.953763795873524, 64.14618668065322, 58.76578415509718, 67.22171161854295, 0.0, 24.566518349009407, 63.61624428794956, 48.8353804988013, 20.154269048739806, 61.28257381617558, 15.59565696054076, 65.35496504634295, 23.16326836497938, 41.23262560597863, 81.20221577087727, 44.51847676825034, 16.107691038464473, 39.73751663360992, 23.97348753356364, 70.63171169419807, 23.1684376204827, 46.62676928532919, 23.64380055909838, 37.01630947106467, 67.123767467918, 20.347885093270055, 41.006210588379226, 23.07568304472028, 71.19380359730913, 71.43189670247286, 57.69227975752702, 54.395872905422934, 40.308169268603066, 61.41529994962927, 19.251313530336606], [51.209258945279345, 34.62869622306715, 53.56560713987504, 29.322018473256836, 50.286697127698844, 68.39791245877588, 90.59937476868333, 18.89362549492597, 35.72357220618999, 49.06048581879151, 75.20294512784011, 60.63843655127424, 57.56503864698304, 24.566518349009407, 0.0, 74.68888822073819, 60.95844913273707, 14.180124521107421, 59.72807105958059, 20.013803923437052, 65.25665326279093, 14.674167276152104, 42.23533063807527, 79.25209177942239, 68.73562796662236, 35.56479301431897, 60.85658874792847, 46.18373965022757, 62.331014132434255, 46.281298253243264, 69.99878353734312, 44.21753466633626, 14.563881795843093, 53.27458906785349, 44.91414085433708, 18.1976864645448, 46.08662799128001, 52.23611415057909, 65.40624378904637, 37.923272421552745, 65.25208182037598, 16.199084132091773, 51.14665120058999, 38.02439591619022], [81.1562747491194, 40.17550097160844, 21.85785498880169, 52.28829819895753, 24.756550322474816, 36.5715675421242, 33.01523401583217, 89.04524417360267, 90.55208514106594, 39.48386119795897, 0.5310522897581995, 26.7340933403343, 55.87578806647532, 63.61624428794956, 74.68888822073819, 0.0, 14.785512555430374, 80.54954879258642, 35.03467909717957, 55.61289805785428, 31.612283349638062, 60.447678982898374, 36.122652469761235, 41.75265833151144, 57.05964790053731, 75.38884014161425, 37.81047806446658, 74.79218938309145, 53.636854314664134, 71.77108843271428, 49.560543206662466, 78.08183332998708, 75.18834743728148, 66.21523746493851, 60.62630681287878, 91.9029753600698, 49.443328965730664, 81.88345047171389, 48.16124079450545, 77.20056863100166, 9.489934458966925, 88.18605535644946, 55.75990972287863, 45.02963231442355], [74.30122410021977, 26.348266336149695, 7.405424878539998, 37.51730243358609, 13.498398397237768, 38.328553230684975, 43.66268888356488, 74.5804900737921, 80.17863711929334, 25.72313402541947, 15.314630128468403, 25.40377553714681, 52.521942012102045, 48.8353804988013, 60.95844913273707, 14.785512555430374, 0.0, 66.03943612701902, 33.38419655199205, 41.43650004915441, 32.526890765457395, 47.13896558161512, 26.252299497462754, 46.64126894693204, 47.04059972289078, 60.77528277170579, 26.985126197019365, 60.75438268467266, 51.76192003554423, 57.81324869760437, 40.56484867633523, 63.83505502997702, 62.93109781246129, 61.06477454608394, 46.72626693729817, 78.58304838048191, 35.612926085885825, 75.14984895773335, 47.69720454372628, 68.28966708241674, 6.021390056696067, 75.16252683732847, 50.726947295462196, 30.300729170101263], [65.29774130401319, 40.9010954528815, 58.7331268843904, 29.629971230285253, 57.42269956691822, 79.6089188765947, 100.27016131843699, 8.601905240861054, 48.12187885982205, 48.84652209363079, 81.07856429974542, 70.43053609124829, 70.86623237308946, 20.154269048739806, 14.180124521107421, 80.54954879258642, 66.03943612701902, 0.0, 70.76056614721688, 25.406563530615514, 75.87377922733617, 25.24635067345985, 51.81971791969012, 90.69067194356678, 63.54002562111856, 24.739423450674085, 59.86573039682756, 35.96959202688123, 75.37936319314278, 36.8501968320111, 66.41206083401187, 33.07712154434363, 28.466744303647143, 67.25253925880659, 38.64245039011334, 23.36562787388908, 43.17339265594383, 66.31562957915445, 77.91117650580534, 51.981839986958384, 71.08428322268098, 24.49980225326897, 64.49999273099937, 38.484562804168625], [47.84095776688112, 34.868386044561696, 32.277173994757156, 51.571345438618955, 24.265512469673894, 8.88865515780838, 32.21758911441737, 77.94540443090067, 62.41333598238913, 52.070754347973875, 35.251006285862765, 8.424803048676713, 20.896350634381566, 61.28257381617558, 59.72807105958059, 35.03467909717957, 33.38419655199205, 70.76056614721688, 0.0, 46.976767771460594, 6.152744796115243, 45.70451683278514, 20.052648676139235, 20.065816149058893, 77.72969410009271, 76.93836668981369, 58.18666803582437, 81.34432887675563, 18.784334961355928, 79.0624895615354, 72.42286629911354, 82.93629742837832, 53.68514774366251, 31.870513215386403, 69.34501414867202, 73.0669487560278, 59.977876077120534, 48.4250003556248, 14.32816106768104, 46.95612917605757, 30.97768593145813, 68.3295701177577, 21.752195865356786, 49.62192508284593], [55.9262860359496, 15.567101273307179, 34.036019936479185, 11.779930128002313, 32.03617433445434, 55.85450364088259, 75.17743643223668, 33.67016461859208, 48.8417305971862, 29.981472758803683, 56.137181958182175, 45.59583356573434, 51.64402499878504, 15.59565696054076, 20.013803923437052, 55.61289805785428, 41.43650004915441, 25.406563530615514, 46.976767771460594, 0.0, 51.57715635936596, 9.774301930360782, 27.21449043769523, 67.03876507060203, 52.72871766216918, 31.672032805725355, 41.86517539564801, 39.07598736572132, 55.15088787630584, 37.80724709488182, 52.50263124055758, 39.16082320841019, 26.99745842262233, 51.72085509481858, 31.988645804899033, 38.16000764260185, 29.22097521540211, 56.99390578894429, 56.24241071373728, 44.20694144238346, 46.12310348086916, 35.56981121853763, 45.81965221377007, 19.107165083911678], [53.340845868108154, 38.49019557210436, 32.808517120698355, 55.189866179538654, 25.73587237400971, 5.852070909683503, 26.116907052699222, 83.25328401576832, 68.5286813568228, 53.60658745541594, 31.752368573385564, 7.601967746524791, 25.515456147781588, 65.35496504634295, 65.25665326279093, 31.612283349638062, 32.526890765457395, 75.87377922733617, 6.152744796115243, 51.57715635936596, 0.0, 51.02469847373556, 24.36688617435214, 16.095031140315246, 78.44652984719089, 80.72174104759156, 58.57249985149836, 84.46757961886016, 22.35889104339256, 82.04572563312648, 72.63999867870638, 86.32698435286063, 59.67697123910216, 37.05642278240702, 71.95747274016162, 78.98435800012608, 62.097522293680996, 53.87442218390499, 16.557779535321085, 52.98774639687953, 29.116316465064475, 74.29068462313828, 27.277982694473298, 52.36654258168164], [47.00548851568745, 20.91204313174287, 39.82785005147153, 21.546701400503288, 35.845871398114106, 54.50334150538802, 76.08419498986932, 32.24565105124994, 39.1085865925546, 39.240096847367546, 60.95407629425427, 46.10562448884042, 46.37640204334135, 23.16326836497938, 14.674167276152104, 60.447678982898374, 47.13896558161512, 25.24635067345985, 45.70451683278514, 9.774301930360782, 51.02469847373556, 0.0, 27.608305475984764, 65.52880345114977, 62.50136619084878, 38.4527442530599, 51.06813576286221, 47.13668610432505, 50.565038925264226, 46.23793310956807, 62.14742439583058, 46.57897224692544, 17.567426249564964, 44.58548590487531, 41.38483848663433, 31.4857809008599, 38.99003480826749, 48.07610716587208, 52.75312090146214, 34.838664290646676, 51.0866755796158, 28.057064001188614, 40.16291925136641, 28.59953332514496], [48.45074489623908, 15.114037958568641, 20.934237973010333, 31.655804647585004, 12.761396772200698, 28.837912200945432, 48.5581825590307, 59.4899227168746, 54.53278178657829, 35.477044268621725, 36.56582044064593, 18.621688368141207, 30.932138085392253, 41.23262560597863, 42.23533063807527, 36.122652469761235, 26.252299497462754, 51.81971791969012, 20.052648676139235, 27.21449043769523, 24.36688617435214, 27.608305475984764, 0.0, 40.00177419341444, 62.15199307759878, 56.90931359950274, 44.13919971393825, 61.686278144268044, 32.44065600303904, 59.54482352905191, 58.211921171052, 63.072968435730445, 39.7257719880963, 36.7161581640009, 50.33458136189755, 57.77235846385727, 41.90258742436881, 49.347595990709465, 31.4136944979142, 42.05192957157853, 27.789820792996277, 53.5517629024049, 27.15425674720372, 30.72336113834927], [57.6030808970274, 54.48564066730576, 48.11596379178062, 71.20753847733761, 41.625542979775, 11.184702329206058, 19.863111244734345, 97.70673236301838, 77.00880428905906, 69.30067288063103, 41.709923179708724, 23.470969654775626, 29.13323970926123, 81.20221577087727, 79.25209177942239, 41.75265833151144, 46.64126894693204, 90.69067194356678, 20.065816149058893, 67.03876507060203, 16.095031140315246, 65.52880345114977, 40.00177419341444, 0.0, 93.44258018004527, 96.70424528400763, 73.41180988547079, 100.56260446012355, 23.802982949620507, 98.13693808057846, 87.19938422940618, 102.40467220795581, 71.91548322517556, 41.005718492727475, 88.00440111242804, 91.50580344965093, 78.01982199893618, 57.85876257340475, 17.271816382394913, 60.773203349587945, 42.17715049136137, 86.59376425468186, 33.81131713052911, 68.4477203388213], [106.45031350915302, 49.550365239786565, 45.65504962325477, 40.98930630651947, 53.49554950122111, 84.28887103129428, 89.7150449187081, 70.73767022116026, 101.52157161065351, 26.731873001053426, 57.42590358633644, 70.89638880168407, 93.0636029689218, 44.51847676825034, 68.73562796662236, 57.05964790053731, 47.04059972289078, 63.54002562111856, 77.72969410009271, 52.72871766216918, 78.44652984719089, 62.50136619084878, 62.15199307759878, 93.44258018004527, 0.0, 42.27194461071615, 20.063092527731435, 33.548874266611406, 94.09487414281833, 30.78869332686791, 8.276694465017291, 38.1742802458609, 79.39249955160984, 98.01966095271179, 24.930783406318593, 85.5106476317329, 23.518135000457207, 107.48211002822701, 91.66786549448281, 96.0222170951277, 52.27370649185927, 84.74350380449403, 89.13359980891309, 34.73418284654785], [84.81727859486818, 42.23186675880765, 54.54938725507032, 25.560440399677223, 57.02738399029447, 85.62585327024067, 101.63843491048561, 30.013128420169547, 71.2776208177376, 36.97024254350054, 75.90673432685512, 73.86541751547333, 83.3151522190973, 16.107691038464473, 35.56479301431897, 75.38884014161425, 60.77528277170579, 24.739423450674085, 76.93836668981369, 31.672032805725355, 80.72174104759156, 38.4527442530599, 56.90931359950274, 96.70424528400763, 42.27194461071615, 0.0, 44.98470572064457, 11.252563715108886, 86.73720292520365, 12.5400813026599, 47.0554255315466, 8.652799315060797, 49.7153381778385, 82.89782735279084, 18.56099856007555, 48.10238186031543, 27.877652051369868, 85.88114485237797, 87.45485659092805, 71.96792522843889, 66.6668356055985, 49.02151550371898, 77.47149709991669, 30.595735081174066], [90.8811855182151, 33.78726871062573, 25.921612376511497, 31.568978107414438, 34.170335063321005, 64.42358562920424, 69.99440679848095, 68.14332962692406, 89.70204382847783, 11.885573972264693, 38.22112424903222, 51.07060699263437, 74.65734649919452, 39.73751663360992, 60.85658874792847, 37.81047806446658, 26.985126197019365, 59.86573039682756, 58.18666803582437, 41.86517539564801, 58.57249985149836, 51.06813576286221, 44.13919971393825, 73.41180988547079, 20.063092527731435, 44.98470572064457, 0.0, 40.62698594229052, 75.19762257683904, 37.44567550119002, 14.279819221607102, 44.72871974470217, 68.63244716748075, 80.75007435913162, 26.952011475077196, 78.8744507742109, 17.393076652081362, 91.86815140422472, 72.31447942326159, 81.74899490002983, 32.31705232889433, 76.97059774262448, 71.28392106619546, 22.88555987169481], [94.07047065121994, 46.58430566074359, 55.422635979985, 30.23305003378163, 59.49965804691304, 89.729075054934, 103.38609053619739, 41.1420167725515, 81.87440579904067, 35.31423547794209, 75.28685256175464, 77.23105645958931, 90.0199510820083, 23.97348753356364, 46.18373965022757, 74.79218938309145, 60.75438268467266, 35.96959202688123, 81.34432887675563, 39.07598736572132, 84.46757961886016, 47.13668610432505, 61.686278144268044, 100.56260446012355, 33.548874266611406, 11.252563715108886, 40.62698594229052, 0.0, 92.95612193841995, 3.18184247160118, 39.53866678211878, 4.625534357077625, 59.97282943779556, 90.79370068555536, 14.211115687574363, 59.33516792805225, 25.371040492876226, 95.14018497819713, 92.94754536144984, 81.52205402705047, 66.77286373563122, 60.142445540364996, 84.49491791253604, 32.262043499993524], [33.822568422094434, 47.09915216423016, 49.67978095835278, 62.74501193342425, 41.08437157470205, 18.925053251939563, 42.82644776746824, 81.22462453835631, 53.939126383812635, 67.64604612744297, 53.82247329918699, 27.207638954496332, 5.636867518138933, 70.63171169419807, 62.331014132434255, 53.636854314664134, 51.76192003554423, 75.37936319314278, 18.784334961355928, 55.15088787630584, 22.35889104339256, 50.565038925264226, 32.44065600303904, 23.802982949620507, 94.09487414281833, 86.73720292520365, 75.19762257683904, 92.95612193841995, 0.0, 91.08281180828752, 89.47079708739057, 93.78062957428398, 52.302565226673856, 17.203509279864775, 82.46019313642886, 71.67539373670532, 74.3400583707569, 34.10893955946668, 6.811405011467235, 37.639119039734645, 49.716258269036274, 66.58970588800089, 11.646714855051826, 63.043112484297836], [93.24154992455408, 44.430956640415225, 52.60547181786871, 28.354505502139396, 56.91204880895914, 87.3682700257676, 100.6060140806573, 42.53052459975698, 81.84497133830558, 32.287360575518655, 72.26309279275507, 74.75214259254885, 88.28711348570711, 23.1684376204827, 46.281298253243264, 71.77108843271428, 57.81324869760437, 36.8501968320111, 79.0624895615354, 37.80724709488182, 82.04572563312648, 46.23793310956807, 59.54482352905191, 98.13693808057846, 30.78869332686791, 12.5400813026599, 37.44567550119002, 3.18184247160118, 91.08281180828752, 0.0, 36.55390708581441, 7.583560883571906, 59.76188280331711, 89.43420205111198, 11.146775588679283, 60.162072680692894, 22.32891475253421, 94.31213224383268, 90.88903059752384, 80.8607160518365, 63.83423925044651, 60.706903804828386, 82.86770508789442, 29.71952590654107], [104.1930055115426, 46.90856990448109, 40.14572797580924, 41.122535318424966, 48.44970597701448, 78.49115585704764, 82.43384858632963, 74.09060520934877, 101.2294450238759, 23.84248977421068, 49.900993169405275, 65.18936562209582, 88.86706392124874, 46.62676928532919, 69.99878353734312, 49.560543206662466, 40.56484867633523, 66.41206083401187, 72.42286629911354, 52.50263124055758, 72.63999867870638, 62.14742439583058, 58.211921171052, 87.19938422940618, 8.276694465017291, 47.0554255315466, 14.279819221607102, 39.53866678211878, 89.47079708739057, 36.55390708581441, 0.0, 44.118266588150775, 79.48852540840042, 94.67385181142222, 28.729867077490656, 87.42038460635001, 23.91411285615169, 105.20040983866181, 86.57913577392017, 94.46600299317818, 45.45084771816229, 86.17945403514373, 85.36433001753578, 33.60446413954149], [93.22193440075144, 48.06928388738133, 58.204046746629594, 31.419367922308325, 61.75937087750405, 91.45815281257096, 105.9981242491554, 37.610854059269236, 79.92864151407161, 38.71612534000248, 78.58423501606968, 79.21985489579639, 90.60864006143223, 23.64380055909838, 44.21753466633626, 78.08183332998708, 63.83505502997702, 33.07712154434363, 82.93629742837832, 39.16082320841019, 86.32698435286063, 46.57897224692544, 63.072968435730445, 102.40467220795581, 38.1742802458609, 8.652799315060797, 44.72871974470217, 4.625534357077625, 93.78062957428398, 7.583560883571906, 44.118266588150775, 0.0, 58.34579204716872, 90.76692216862646, 17.92711997044169, 56.37155519497342, 28.880033829358993, 94.28827543103375, 94.1013214847959, 80.45657944704864, 69.83514992334031, 57.496014126180754, 84.91833681080045, 34.59339507537346], [36.87176671979769, 37.52216718124927, 55.87064486059245, 38.4866646420708, 50.48929076898488, 61.73172524038699, 85.74611839500432, 31.342570898764674, 22.358066644867314, 56.7935882807762, 75.667090258679, 56.54102382398918, 47.05458102732307, 37.01630947106467, 14.563881795843093, 75.18834743728148, 62.93109781246129, 28.466744303647143, 53.68514774366251, 26.99745842262233, 59.67697123910216, 17.567426249564964, 39.7257719880963, 71.91548322517556, 79.39249955160984, 49.7153381778385, 68.63244716748075, 59.97282943779556, 52.302565226673856, 59.76188280331711, 79.48852540840042, 58.34579204716872, 0.0, 40.81071312343494, 56.92750868990518, 19.603005274494684, 56.00218260284591, 37.87970919919628, 56.45775943058753, 23.54168644354217, 66.16109929315687, 14.690813678942602, 40.69266153319454, 46.06683190991791], [16.702566089650908, 48.59398352943042, 57.12932221695255, 61.61777683238739, 48.41531744157728, 35.046789151913224, 59.8048113029909, 71.7225964999179, 37.74742386312643, 71.3361193908464, 66.49421430218179, 39.66197398088617, 12.079434866256973, 67.123767467918, 53.27458906785349, 66.21523746493851, 61.06477454608394, 67.25253925880659, 31.870513215386403, 51.72085509481858, 37.05642278240702, 44.58548590487531, 36.7161581640009, 41.005718492727475, 98.01966095271179, 82.89782735279084, 80.75007435913162, 90.79370068555536, 17.203509279864775, 89.43420205111198, 94.67385181142222, 90.76692216862646, 40.81071312343494, 0.0, 82.38292355998016, 59.03452681259335, 76.12393339539918, 17.076384698571424, 23.85485395494439, 21.725108888518026, 60.49608926760435, 53.92140168221765, 10.482993774733325, 64.33741740318897], [87.8715628009829, 35.37261345639307, 41.70881640013768, 20.851080727007695, 46.50043120635936, 77.41936574035539, 89.72618757732582, 45.82423877693707, 79.2855649759839, 21.143826643173977, 61.11772359055425, 64.54326460622615, 80.09373639957687, 20.347885093270055, 44.91414085433708, 60.62630681287878, 46.72626693729817, 38.64245039011334, 69.34501414867202, 31.988645804899033, 71.95747274016162, 41.38483848663433, 50.33458136189755, 88.00440111242804, 24.930783406318593, 18.56099856007555, 26.952011475077196, 14.211115687574363, 82.46019313642886, 11.146775588679283, 28.729867077490656, 17.92711997044169, 56.92750868990518, 82.38292355998016, 0.0, 60.96431853301568, 11.183028836478426, 88.93696649278961, 81.73803858813044, 76.15921159904887, 52.74738600637933, 60.56717736759272, 75.0276020909348, 19.72999543859747], [51.62968433651086, 52.26223510763191, 71.2365178571391, 47.30599054058692, 67.22342758930142, 81.2447428997369, 104.95546516842532, 20.24463044098925, 29.14050401245105, 67.1396585938889, 92.40624545939545, 75.40329280828944, 66.31939451460795, 41.006210588379226, 18.1976864645448, 91.9029753600698, 78.58304838048191, 23.36562787388908, 73.0669487560278, 38.16000764260185, 78.98435800012608, 31.4857809008599, 57.77235846385727, 91.50580344965093, 85.5106476317329, 48.10238186031543, 78.8744507742109, 59.33516792805225, 71.67539373670532, 60.162072680692894, 87.42038460635001, 56.37155519497342, 19.603005274494684, 59.03452681259335, 60.96431853301568, 0.0, 63.55941849801181, 52.48881700565281, 76.01372585100663, 39.01351320709701, 82.56576310177275, 5.1238726701596224, 60.03180474777413, 56.1215629089313], [83.4499743920727, 27.687531537521906, 30.894874487592194, 17.5224025587055, 36.395516699844904, 67.70616081267414, 78.83556639271832, 51.23235251111657, 78.04477998683484, 9.962492783545484, 49.9346970568201, 54.57060423378998, 72.51265392173347, 23.07568304472028, 46.08662799128001, 49.443328965730664, 35.612926085885825, 43.17339265594383, 59.977876077120534, 29.22097521540211, 62.097522293680996, 38.99003480826749, 41.90258742436881, 78.01982199893618, 23.518135000457207, 27.877652051369868, 17.393076652081362, 25.371040492876226, 74.3400583707569, 22.32891475253421, 23.91411285615169, 28.880033829358993, 56.00218260284591, 76.12393339539918, 11.183028836478426, 63.55941849801181, 0.0, 84.49525445425886, 72.98335539936127, 72.67087549618608, 41.630063517799265, 62.26534437885616, 67.93188148748301, 11.79809757691724], [1.0706214556114673, 58.291857287497244, 70.28122934202901, 68.23849791345131, 61.89679165761832, 52.10404088558396, 76.85484684723542, 68.84208963094105, 25.754125817278627, 81.38735196210693, 82.20252041639056, 55.80249654319834, 29.151057769197855, 71.19380359730913, 52.23611415057909, 81.88345047171389, 75.14984895773335, 66.31562957915445, 48.4250003556248, 56.99390578894429, 53.87442218390499, 48.07610716587208, 49.347595990709465, 57.85876257340475, 107.48211002822701, 85.88114485237797, 91.86815140422472, 95.14018497819713, 34.10893955946668, 94.31213224383268, 105.20040983866181, 94.28827543103375, 37.87970919919628, 17.076384698571424, 88.93696649278961, 52.48881700565281, 84.49525445425886, 0.0, 40.85057028689551, 14.338242106359768, 75.38372952260849, 47.70064564668612, 26.67293243044417, 72.84114133695078], [40.53475342626516, 46.48971954345995, 46.464514098273874, 62.75399130204682, 38.19853607047783, 12.40223889048309, 36.032014058798325, 84.23140602789634, 59.87633573064416, 65.62486708364074, 48.306980284337776, 22.450753041356464, 11.875482648025377, 71.43189670247286, 65.40624378904637, 48.16124079450545, 47.69720454372628, 77.91117650580534, 14.32816106768104, 56.24241071373728, 16.557779535321085, 52.75312090146214, 31.4136944979142, 17.271816382394913, 91.66786549448281, 87.45485659092805, 72.31447942326159, 92.94754536144984, 6.811405011467235, 90.88903059752384, 86.57913577392017, 94.1013214847959, 56.45775943058753, 23.85485395494439, 81.73803858813044, 76.01372585100663, 72.98335539936127, 40.85057028689551, 0.0, 43.60024823596105, 45.05418893227467, 70.98750078742624, 16.770883038538894, 62.077589424683346], [13.331676591437843, 47.98480978310322, 62.5047293581915, 55.796061832668094, 54.791339593005745, 52.77922335276657, 78.14570817188942, 54.59371676717335, 16.301458275568084, 70.66608988034051, 77.5870130110156, 52.92611857353478, 32.01611817584296, 57.69227975752702, 37.923272421552745, 77.20056863100166, 68.28966708241674, 51.981839986958384, 46.95612917605757, 44.20694144238346, 52.98774639687953, 34.838664290646676, 42.05192957157853, 60.773203349587945, 96.0222170951277, 71.96792522843889, 81.74899490002983, 81.52205402705047, 37.639119039734645, 80.8607160518365, 94.46600299317818, 80.45657944704864, 23.54168644354217, 21.725108888518026, 76.15921159904887, 39.01351320709701, 72.67087549618608, 14.338242106359768, 43.60024823596105, 0.0, 69.59005909721944, 34.05534686248069, 26.984453875410388, 61.3044267206923], [74.59025985100553, 30.69950249799599, 12.488577405132034, 43.04047506313245, 15.69308625260866, 34.74413347630517, 37.862239841736795, 79.56957260098599, 82.30320215691228, 31.728784652617005, 10.014905927447664, 22.624220625738225, 51.09863505803757, 54.395872905422934, 65.25208182037598, 9.489934458966925, 6.021390056696067, 71.08428322268098, 30.97768593145813, 46.12310348086916, 29.116316465064475, 51.0866755796158, 27.789820792996277, 42.17715049136137, 52.27370649185927, 66.6668356055985, 32.31705232889433, 66.77286373563122, 49.716258269036274, 63.83423925044651, 45.45084771816229, 69.83514992334031, 66.16109929315687, 60.49608926760435, 52.74738600637933, 82.56576310177275, 41.630063517799265, 75.38372952260849, 45.05418893227467, 69.59005909721944, 0.0, 78.92797234449368, 50.030931983353696, 36.123948313612786], [46.818971698025194, 48.967002392619705, 67.8750980425234, 45.48732270149005, 63.4432568551336, 76.41909476287393, 100.32025020971476, 23.0948721433596, 25.164484474849356, 65.13688767581525, 88.68232777017798, 70.91416958153472, 61.21912223786082, 40.308169268603066, 16.199084132091773, 88.18605535644946, 75.16252683732847, 24.49980225326897, 68.3295701177577, 35.56981121853763, 74.29068462313828, 28.057064001188614, 53.5517629024049, 86.59376425468186, 84.74350380449403, 49.02151550371898, 76.97059774262448, 60.142445540364996, 66.58970588800089, 60.706903804828386, 86.17945403514373, 57.496014126180754, 14.690813678942602, 53.92140168221765, 60.56717736759272, 5.1238726701596224, 62.26534437885616, 47.70064564668612, 70.98750078742624, 34.05534686248069, 78.92797234449368, 0.0, 54.94403558727582, 54.099441380251456], [26.097713597941805, 40.24513336573999, 47.06927197204866, 54.60859562845481, 38.3088662848378, 26.112904690773362, 51.406859257225896, 70.01856200263194, 43.197748283002845, 62.40301451282343, 56.044795837773314, 29.293974536882683, 6.430585923651921, 61.41529994962927, 51.14665120058999, 55.75990972287863, 50.726947295462196, 64.49999273099937, 21.752195865356786, 45.81965221377007, 27.277982694473298, 40.16291925136641, 27.15425674720372, 33.81131713052911, 89.13359980891309, 77.47149709991669, 71.28392106619546, 84.49491791253604, 11.646714855051826, 82.86770508789442, 85.36433001753578, 84.91833681080045, 40.69266153319454, 10.482993774733325, 75.0276020909348, 60.03180474777413, 67.93188148748301, 26.67293243044417, 16.770883038538894, 26.984453875410388, 50.030931983353696, 54.94403558727582, 0.0, 56.257339266722646], [71.80167184869177, 16.051416188701012, 23.955293154732058, 8.988206838311218, 27.240745167017987, 57.760060731223376, 71.42965260222549, 47.032319897961706, 67.63625711788524, 11.038964078367464, 45.55409109018591, 45.0376278198152, 60.983859099019234, 19.251313530336606, 38.02439591619022, 45.02963231442355, 30.300729170101263, 38.484562804168625, 49.62192508284593, 19.107165083911678, 52.36654258168164, 28.59953332514496, 30.72336113834927, 68.4477203388213, 34.73418284654785, 30.595735081174066, 22.88555987169481, 32.262043499993524, 63.043112484297836, 29.71952590654107, 33.60446413954149, 34.59339507537346, 46.06683190991791, 64.33741740318897, 19.72999543859747, 56.1215629089313, 11.79809757691724, 72.84114133695078, 62.077589424683346, 61.3044267206923, 36.123948313612786, 54.099441380251456, 56.257339266722646, 0.0]]",Route_1,2208.6742766125276
