instance_id,num_cities,city_coordinates,distance_matrix,best_route,total_distance
520,28,"[[92.41043137973128, 92.85941029593015], [75.74503240254725, 20.072744308964097], [93.4343609976621, 76.5427042708644], [64.5449986257401, 72.47942349635335], [18.068773056800403, 14.525421522424775], [12.846690233553716, 15.367068179449884], [86.75418962471547, 1.4847125824959284], [81.46668062328288, 18.101119894255902], [49.36722068334153, 10.150873720107345], [37.02407789138075, 89.11869631895081], [57.317686893024465, 38.95920651108826], [62.35529402288702, 97.06090025132468], [6.544580952039059, 40.96412549248851], [93.77621870458216, 51.912775272944955], [96.52795729397148, 70.13561270607596], [93.05540069547874, 78.08582900944783], [91.28669391702122, 26.667294884115822], [92.96403033688102, 38.51886232633007], [26.039367863261898, 9.85066874269892], [52.391775664886765, 48.7480805133101], [34.754059970011376, 88.41352433492906], [50.01418904238716, 79.94516225690325], [71.77002833428307, 51.87555906397887], [96.44132566290138, 58.88971964116114], [1.5607669874818098, 4.6308405250225615], [33.332693596696004, 20.406088863330584], [75.52635321137427, 28.210108532819035], [58.329302056701074, 41.4449601118286]]","[[0.0, 74.67016987101937, 16.348802016383118, 34.52283598602711, 107.99488857983539, 111.06507998409566, 91.54959559174833, 75.55506379059132, 93.23851140793711, 55.51253096188362, 64.31743685546537, 30.347385379700444, 100.3297804966259, 40.969406814381394, 23.093830270422934, 14.787653277195679, 66.20165351844354, 54.34336781468153, 106.28061557291785, 59.55923287295027, 57.827528618416615, 44.319512257473235, 45.887931961260385, 34.208010639363316, 126.64099669539982, 93.48616415372204, 66.81769461791532, 61.68443129077684], [74.67016987101937, 0.0, 59.175744391131836, 53.5901183060045, 57.94241695179714, 63.074121757212524, 21.603621599320004, 6.0518229645719686, 28.182130279237008, 79.16221199045168, 26.386843635410326, 78.14384972140147, 72.28521486935942, 36.59113623879356, 54.205357292329715, 60.540621461151424, 16.882871198902023, 25.233968371486565, 50.74587585385048, 36.981745587348385, 79.69141757756758, 65.1673440532741, 32.050268075080155, 43.98970480304424, 75.77438635611233, 42.41364876515863, 8.140302027586344, 27.569535211958843], [16.348802016383118, 59.175744391131836, 0.0, 29.173712634985854, 97.60181968166201, 101.17722634255945, 75.35467341753348, 59.65437249683843, 79.68555715662943, 57.79511758033151, 52.12421176612363, 37.24117036715053, 93.89179487189416, 24.63230133654454, 7.114854908156763, 1.5889760443314054, 49.92162793204001, 38.02675067835009, 94.81515017377727, 49.568487173023016, 59.86897441654656, 43.553278326348796, 32.830037502371624, 17.907252799760695, 116.67079079078857, 82.24068344675715, 51.54354036783918, 49.64087839977733], [34.52283598602711, 53.5901183060045, 29.173712634985854, 0.0, 74.28799289204872, 77.03594109542533, 74.38747974337585, 56.95035754293249, 64.14992642613659, 32.16001365254252, 34.29050862295721, 24.678812890877712, 66.00956338740758, 35.74144997678643, 32.068724548918645, 29.05640736490685, 53.04591779803531, 44.282740186010685, 73.51900789870399, 26.662285500591448, 33.78454669702247, 16.336513777071257, 21.83392506712878, 34.67067535156146, 92.57669062069206, 60.711120604291764, 45.61098985854212, 31.65079464095287], [107.99488857983539, 57.94241695179714, 97.60181968166201, 74.28799289204872, 0.0, 5.289472384664621, 69.91242048995272, 63.49866378637091, 31.60268172649432, 76.96401903644268, 46.232965362342675, 93.66643576163405, 28.841152391749326, 84.4359612190112, 96.16827415860487, 98.30015119285531, 74.21784841818646, 78.64467410231907, 9.24032981664321, 48.469154071854064, 75.74860088877796, 72.80283016654342, 65.41297725031608, 90.05802545894608, 19.246220343194985, 16.357552342041977, 59.06474562538752, 48.4311031592121], [111.06507998409566, 63.074121757212524, 101.17722634255945, 77.03594109542533, 5.289472384664621, 0.0, 75.19998845195957, 68.67443570838975, 36.89116193577473, 77.61345712686732, 50.34141967550994, 95.52478237482076, 26.36144769323448, 88.79852073940499, 100.01073905537336, 101.81885971673128, 79.2497905450812, 83.39540609321196, 14.299559636128276, 51.750418029275444, 76.26085237947582, 74.5100879235896, 69.31687874968549, 94.2458713303832, 15.576862577679636, 21.096636301724846, 63.98190241413143, 52.42827887592656], [91.54959559174833, 21.603621599320004, 75.35467341753348, 74.38747974337585, 69.91242048995272, 75.19998845195957, 0.0, 17.437394971455483, 38.37822032724167, 100.7610992324478, 47.65338800418031, 98.64133898065302, 89.39913515880104, 50.91461871712633, 69.34315122800776, 76.85984841784266, 25.587224283568347, 37.55117000732732, 61.28848834813528, 58.434591136673006, 101.29477674982058, 86.63642309040515, 52.5714989200239, 58.21662511712375, 85.25149489409006, 56.67340397605063, 28.988119967088192, 49.038715479300606], [75.55506379059132, 6.0518229645719686, 59.65437249683843, 56.95035754293249, 63.49866378637091, 68.67443570838975, 17.437394971455483, 0.0, 33.06934747867674, 83.77733045891983, 31.90977398069973, 81.23971942237574, 78.33286694697578, 35.982673152813284, 54.170383948559774, 61.09389298895517, 13.03119392251145, 23.432312230321983, 56.037995538754, 42.24436404451635, 84.4150646894572, 69.38259725896138, 35.138836162330165, 43.450545029674934, 81.0333478282694, 48.189143891794046, 11.725149937432416, 32.86750923080245], [93.23851140793711, 28.182130279237008, 79.68555715662943, 64.14992642613659, 31.60268172649432, 36.89116193577473, 38.37822032724167, 33.06934747867674, 0.0, 79.9266550031036, 29.885279840537155, 87.87515439946786, 52.75637362769618, 60.9607703901407, 76.30402341208487, 80.7701381881794, 45.05590310110425, 52.01369617254418, 23.329784401570407, 38.71553054103285, 79.61524318427516, 69.79728705626836, 47.358580613128304, 67.7602129670712, 48.124087331077945, 19.033536101475317, 31.787358755326597, 32.55209279962245], [55.51253096188362, 79.16221199045168, 57.79511758033151, 32.16001365254252, 76.96401903644268, 77.61345712686732, 100.7610992324478, 83.77733045891983, 79.9266550031036, 0.0, 54.10919500506972, 26.547111217691818, 56.9900203996815, 67.86078431438192, 62.45853926735286, 57.10720879404045, 82.73215239023462, 75.42957960697917, 80.02552124310897, 43.19667528160552, 2.3770252187108354, 15.902726649950568, 50.934588883913676, 66.66483603616396, 91.62883932977768, 68.81169044109585, 72.05748587702394, 52.217791036014], [64.31743685546537, 26.386843635410326, 52.12421176612363, 34.29050862295721, 46.232965362342675, 50.34141967550994, 47.65338800418031, 31.90977398069973, 29.885279840537155, 54.10919500506972, 0.0, 58.31967336224604, 50.81267545619406, 38.691336052435744, 50.09404763193177, 52.9912896234397, 36.12456961185339, 35.64906315625175, 42.727511188242126, 10.958405707896913, 54.35850265912757, 41.63159436356201, 19.383042496091385, 43.90768115288967, 65.47725428441827, 30.323226706214143, 21.144707054944938, 2.683716863414248], [30.347385379700444, 78.14384972140147, 37.24117036715053, 24.678812890877712, 93.66643576163405, 95.52478237482076, 98.64133898065302, 81.23971942237574, 87.87515439946786, 26.547111217691818, 58.31967336224604, 0.0, 79.13080204206273, 55.00570603961151, 43.505655085669616, 36.09085588265832, 76.10706653411788, 66.06106980023198, 94.46941818715433, 49.32950688085276, 28.924128880246005, 21.10098005386006, 46.15573940877806, 51.17515590731292, 110.63132675000509, 81.96506234016597, 70.09927474954131, 55.76146885540055], [100.3297804966259, 72.28521486935942, 93.89179487189416, 66.00956338740758, 28.841152391749326, 26.36144769323448, 89.39913515880104, 78.33286694697578, 52.75637362769618, 56.9900203996815, 50.81267545619406, 79.13080204206273, 0.0, 87.91604834730684, 94.59378248144188, 94.13895476731693, 85.9396595013868, 86.45403717543232, 36.71639834780929, 46.50328180681386, 55.20163183253208, 58.387738907728824, 66.13182568778008, 91.66652407063813, 36.673505397771876, 33.76737847551433, 70.15090771077966, 51.78695339386922], [40.969406814381394, 36.59113623879356, 24.63230133654454, 35.74144997678643, 84.4359612190112, 88.79852073940499, 50.91461871712633, 35.982673152813284, 60.9607703901407, 67.86078431438192, 38.691336052435744, 55.00570603961151, 87.91604834730684, 0.0, 18.429429437143593, 26.182977685819374, 25.367932783942738, 13.418515341353038, 79.73394363544949, 41.505269769361256, 69.39682920548175, 51.970472002601916, 22.00622183974465, 7.468637614482649, 103.63045348205159, 68.1622403973156, 29.914444690043165, 36.96023612058136], [23.093830270422934, 54.205357292329715, 7.114854908156763, 32.068724548918645, 96.16827415860487, 100.01073905537336, 69.34315122800776, 54.170383948559774, 76.30402341208487, 62.45853926735286, 50.09404763193177, 43.505655085669616, 94.59378248144188, 18.429429437143593, 0.0, 8.675516618630585, 43.783164527675446, 31.816984142602795, 92.75190406993622, 49.045173688061816, 64.42124218069168, 47.53691091512184, 30.76336466294351, 11.246226739089028, 115.36742353541892, 80.415588634259, 46.89152667832375, 47.773327372286296], [14.787653277195679, 60.540621461151424, 1.5889760443314054, 29.05640736490685, 98.30015119285531, 101.81885971673128, 76.85984841784266, 61.09389298895517, 80.7701381881794, 57.10720879404045, 52.9912896234397, 36.09085588265832, 94.13895476731693, 26.182977685819374, 8.675516618630585, 0.0, 51.44894532705306, 39.56707218187089, 95.64092091358006, 50.14213684568317, 59.20901638368101, 43.081353515080274, 33.76455726303998, 19.492437065801703, 117.33244790171037, 83.02863461800757, 52.86638817587975, 50.48222657770392], [66.20165351844354, 16.882871198902023, 49.92162793204001, 53.04591779803531, 74.21784841818646, 79.2497905450812, 25.587224283568347, 13.03119392251145, 45.05590310110425, 82.73215239023462, 36.12456961185339, 76.10706653411788, 85.9396595013868, 25.367932783942738, 43.783164527675446, 51.44894532705306, 0.0, 11.969674527853334, 67.37961466160048, 44.72556047544463, 83.71699679503014, 67.39399684258991, 31.88035160455735, 32.632114330197524, 92.39235511710612, 58.29124165741345, 15.835675328595785, 36.11881874891603], [54.34336781468153, 25.233968371486565, 38.02675067835009, 44.282740186010685, 78.64467410231907, 83.39540609321196, 37.55117000732732, 23.432312230321983, 52.01369617254418, 75.42957960697917, 35.64906315625175, 66.06106980023198, 86.45403717543232, 13.418515341353038, 31.816984142602795, 39.56707218187089, 11.969674527853334, 0.0, 72.80642671190775, 41.8419018913577, 76.66731994183814, 59.67266705251256, 25.051687939690694, 20.665512588018945, 97.48309890706963, 62.321496162586456, 20.256924453348038, 34.758113459913154], [106.28061557291785, 50.74587585385048, 94.81515017377727, 73.51900789870399, 9.24032981664321, 14.299559636128276, 61.28848834813528, 56.037995538754, 23.329784401570407, 80.02552124310897, 42.727511188242126, 94.46941818715433, 36.71639834780929, 79.73394363544949, 92.75190406993622, 95.64092091358006, 67.37961466160048, 72.80642671190775, 0.0, 46.98359330016831, 79.04472238752598, 74.08123967364386, 62.10784744000895, 85.79780984992674, 25.02895338318788, 12.830023155747144, 52.78286415354262, 45.1756471711706], [59.55923287295027, 36.981745587348385, 49.568487173023016, 26.662285500591448, 48.469154071854064, 51.750418029275444, 58.434591136673006, 42.24436404451635, 38.71553054103285, 43.19667528160552, 10.958405707896913, 49.32950688085276, 46.50328180681386, 41.505269769361256, 49.045173688061816, 50.14213684568317, 44.72556047544463, 41.8419018913577, 46.98359330016831, 0.0, 43.410096158604205, 31.287550678567374, 19.629004014566256, 45.201943533737, 67.30618327721885, 34.154313050763285, 30.935690897826735, 9.412214789943265], [57.827528618416615, 79.69141757756758, 59.86897441654656, 33.78454669702247, 75.74860088877796, 76.26085237947582, 101.29477674982058, 84.4150646894572, 79.61524318427516, 2.3770252187108354, 54.35850265912757, 28.924128880246005, 55.20163183253208, 69.39682920548175, 64.42124218069168, 59.20901638368101, 83.71699679503014, 76.66731994183814, 79.04472238752598, 43.410096158604205, 0.0, 17.452355015587848, 52.01158351834643, 68.38840393122913, 90.11843765520358, 68.02228724315894, 72.71059874874803, 52.5531927158145], [44.319512257473235, 65.1673440532741, 43.553278326348796, 16.336513777071257, 72.80283016654342, 74.5100879235896, 86.63642309040515, 69.38259725896138, 69.79728705626836, 15.902726649950568, 41.63159436356201, 21.10098005386006, 58.387738907728824, 51.970472002601916, 47.53691091512184, 43.081353515080274, 67.39399684258991, 59.67266705251256, 74.08123967364386, 31.287550678567374, 17.452355015587848, 0.0, 35.513647611911566, 50.97853154539371, 89.554347559256, 61.83181665509956, 57.68350114564154, 39.38790004116014], [45.887931961260385, 32.050268075080155, 32.830037502371624, 21.83392506712878, 65.41297725031608, 69.31687874968549, 52.5714989200239, 35.138836162330165, 47.358580613128304, 50.934588883913676, 19.383042496091385, 46.15573940877806, 66.13182568778008, 22.00622183974465, 30.76336466294351, 33.76455726303998, 31.88035160455735, 25.051687939690694, 62.10784744000895, 19.629004014566256, 52.01158351834643, 35.513647611911566, 0.0, 25.64900310888489, 84.62507789472717, 49.67651614635237, 23.961709568080227, 17.013245350887097], [34.208010639363316, 43.98970480304424, 17.907252799760695, 34.67067535156146, 90.05802545894608, 94.2458713303832, 58.21662511712375, 43.450545029674934, 67.7602129670712, 66.66483603616396, 43.90768115288967, 51.17515590731292, 91.66652407063813, 7.468637614482649, 11.246226739089028, 19.492437065801703, 32.632114330197524, 20.665512588018945, 85.79780984992674, 45.201943533737, 68.38840393122913, 50.97853154539371, 25.64900310888489, 0.0, 109.29934298750142, 73.91677265081364, 37.130507812407394, 41.91474655053765], [126.64099669539982, 75.77438635611233, 116.67079079078857, 92.57669062069206, 19.246220343194985, 15.576862577679636, 85.25149489409006, 81.0333478282694, 48.124087331077945, 91.62883932977768, 65.47725428441827, 110.63132675000509, 36.673505397771876, 103.63045348205159, 115.36742353541892, 117.33244790171037, 92.39235511710612, 97.48309890706963, 25.02895338318788, 67.30618327721885, 90.11843765520358, 89.554347559256, 84.62507789472717, 109.29934298750142, 0.0, 35.47271882160406, 77.6330459612887, 67.66052006049638], [93.48616415372204, 42.41364876515863, 82.24068344675715, 60.711120604291764, 16.357552342041977, 21.096636301724846, 56.67340397605063, 48.189143891794046, 19.033536101475317, 68.81169044109585, 30.323226706214143, 81.96506234016597, 33.76737847551433, 68.1622403973156, 80.415588634259, 83.02863461800757, 58.29124165741345, 62.321496162586456, 12.830023155747144, 34.154313050763285, 68.02228724315894, 61.83181665509956, 49.67651614635237, 73.91677265081364, 35.47271882160406, 0.0, 42.909295434452126, 32.67207581274372], [66.81769461791532, 8.140302027586344, 51.54354036783918, 45.61098985854212, 59.06474562538752, 63.98190241413143, 28.988119967088192, 11.725149937432416, 31.787358755326597, 72.05748587702394, 21.144707054944938, 70.09927474954131, 70.15090771077966, 29.914444690043165, 46.89152667832375, 52.86638817587975, 15.835675328595785, 20.256924453348038, 52.78286415354262, 30.935690897826735, 72.71059874874803, 57.68350114564154, 23.961709568080227, 37.130507812407394, 77.6330459612887, 42.909295434452126, 0.0, 21.700227296847807], [61.68443129077684, 27.569535211958843, 49.64087839977733, 31.65079464095287, 48.4311031592121, 52.42827887592656, 49.038715479300606, 32.86750923080245, 32.55209279962245, 52.217791036014, 2.683716863414248, 55.76146885540055, 51.78695339386922, 36.96023612058136, 47.773327372286296, 50.48222657770392, 36.11881874891603, 34.758113459913154, 45.1756471711706, 9.412214789943265, 52.5531927158145, 39.38790004116014, 17.013245350887097, 41.91474655053765, 67.66052006049638, 32.67207581274372, 21.700227296847807, 0.0]]",Route_0,1495.7118488233418
