instance_id,num_cities,city_coordinates,distance_matrix,best_route,total_distance
2258,34,"[[69.35220871009562, 24.831274520155965], [76.27263713882351, 54.39698933916568], [81.39959923161537, 42.67381328809902], [7.317593751574614, 81.76020017122318], [52.42873427924978, 79.08644432358774], [43.51128268970443, 1.24280162656345], [5.490593156319578, 64.19231208074439], [24.28079776194081, 59.747464874850856], [3.7607758685779147, 62.99929370053311], [95.38566957167815, 26.210110088110206], [86.646461446049, 83.83967696146344], [54.14678781896085, 19.90807842157959], [48.34726769566402, 37.92524517254557], [77.56669797274462, 98.2836067663099], [5.842539694389393, 79.49359663542535], [97.62912963750105, 46.72016852402301], [32.012432871319106, 99.69942548066656], [9.001949370740315, 71.18746423145606], [98.62842306943452, 99.05646318672045], [29.419744459481645, 10.380309954014821], [54.272469219515266, 42.35180477422362], [86.81822994672554, 71.10597329246899], [71.84906023524239, 69.7074774190192], [17.081592538269376, 60.95133389678298], [1.038565222948129, 91.89734310484317], [0.9399788195136538, 61.654845338358044], [96.96242370145885, 12.60283025483041], [68.67578982681736, 57.423799152983115], [75.13177097126182, 83.76985525828916], [28.52009635134316, 65.1701222317503], [52.011401800903556, 35.733445464273196], [61.342871182239534, 15.014776213163595], [34.63737838491341, 57.81719631352049], [5.282490640829973, 91.00351649280056]]","[[0.0, 30.364845173261724, 21.52895278604035, 84.19736355039092, 56.83333033714203, 34.9881338605402, 75.01731279500981, 57.013791609949415, 75.88829784859432, 26.069949596326513, 61.49050931949038, 15.982574395309268, 24.75196183063862, 73.91023573393309, 83.79407805756934, 35.75902596334617, 83.66300788243203, 76.09894957801643, 79.79019588772204, 42.46683503651326, 23.116390797169633, 49.4611933166469, 44.94560995423878, 63.536414789893875, 95.73197711264014, 77.69304065619379, 30.197000199017648, 32.599543009789265, 59.221276914265715, 57.397596067927665, 20.483186167113683, 12.669377516133457, 47.887268465262785, 92.1069724893909], [30.364845173261724, 0.0, 12.795256817478402, 74.18587005338016, 34.323474343437205, 62.439362718779954, 71.45660289961181, 52.26642278030453, 73.02033733968192, 34.055956464221275, 31.216791718262595, 40.976068435203196, 32.42136046540196, 43.90569191617879, 74.76789634472244, 22.694346205032605, 63.334638249191734, 69.33444656085149, 49.9424645859186, 64.28578082684452, 25.081743553454935, 19.75853416683086, 15.936721051246177, 59.55282691430153, 84.06213243544369, 75.68147648638269, 46.63495471825967, 8.17763209804382, 29.395013657338083, 48.95268679021881, 30.609400681685564, 42.117177282199535, 41.77550223818348, 79.87264068538357], [21.52895278604035, 12.795256817478402, 0.0, 83.76090481556446, 46.531609847659915, 56.14314969502814, 78.90008234234216, 59.615996677384246, 80.25529295437886, 21.602400019778027, 41.498890287226665, 35.51048315506804, 33.3916983561857, 55.741728200240786, 84.05097079544032, 16.726345921654776, 75.43880067337157, 77.81033347504345, 58.956217487429775, 61.19457214263876, 27.129041121580215, 28.94389886212344, 28.671096795634472, 66.8645926077933, 94.23827075324586, 82.66819276210443, 33.859496837169445, 19.479666547040964, 41.571268163443314, 57.465865876648216, 30.196603348000803, 34.165694372561376, 49.1531011022738, 90.16415269981721], [84.19736355039092, 74.18587005338016, 83.76090481556446, 0.0, 45.1903083640776, 88.27816597182836, 17.662633527723116, 27.790480483889795, 19.095092695632182, 104.12395731481526, 79.35611805909214, 77.58001277348217, 60.041131099392025, 72.16619436677648, 2.704306946356089, 96.87093130507091, 30.522956669579656, 10.70606366055509, 92.93453752516662, 74.72344875161848, 61.30075006046884, 80.21136893120394, 65.64737841128336, 22.985747495657204, 11.9242553696215, 21.092635330300958, 113.2207461134948, 66.0082467584811, 67.84394848143872, 26.92167904368107, 64.15604902738325, 85.87014743670483, 36.32682295690032, 9.4646997465372], [56.83333033714203, 34.323474343437205, 46.531609847659915, 45.1903083640776, 0.0, 78.35275139517354, 49.24453540590486, 34.15117064320231, 51.25784419024793, 68.12638998141477, 34.54628884513178, 59.20329972896169, 41.363059425345725, 31.629863491765608, 46.58797375829421, 55.59362867879477, 29.012417261606426, 44.139319591333056, 50.33103314758994, 72.45651463143949, 36.780879561963474, 35.30333313076627, 21.56650366735397, 39.72785747368416, 52.962898364976546, 54.35947554911073, 80.02075001646287, 27.078349465084955, 23.181074457887526, 27.66382092429565, 43.35500751347197, 64.68879726179476, 27.729285159785263, 48.62905405515787], [34.9881338605402, 62.439362718779954, 56.14314969502814, 88.27816597182836, 78.35275139517354, 0.0, 73.54055819080432, 61.58414708634402, 73.44363216657182, 57.570118170755144, 93.18201254228634, 21.4827029767906, 36.99984345212871, 102.84303171469892, 86.84538628140254, 70.68898257996992, 99.1258307803477, 77.99455053419841, 112.27382398156664, 16.794805986616026, 42.49415577845637, 82.19704639427256, 74.09751323483448, 65.29653396134216, 100.11082668546916, 73.90487763770332, 54.64498811321583, 61.55937704783391, 88.37742845488229, 65.6615411606354, 35.52262007854035, 22.53070864800019, 57.26611835811977, 97.56242347755618], [75.01731279500981, 71.45660289961181, 78.90008234234216, 17.662633527723116, 49.24453540590486, 73.54055819080432, 0.0, 19.3087662942211, 2.1013235601619917, 97.58981725534903, 83.50026290147848, 65.79147839825721, 50.26582692576625, 79.73193374581076, 15.305331600098622, 93.780518794474, 44.31887954205362, 7.826990230999225, 99.44930564495995, 58.89257894655973, 53.44791101297759, 81.6209729007361, 66.5872600560572, 12.03558084436619, 28.060457885889814, 5.210261827495849, 105.01700061582878, 63.54669028000401, 72.34067904243804, 23.050252278467834, 54.53524297222942, 74.41711493125662, 29.83583734717835, 26.8120120222637], [57.013791609949415, 52.26642278030453, 59.615996677384246, 27.790480483889795, 34.15117064320231, 61.58414708634402, 19.3087662942211, 0.0, 20.776084549684295, 78.61715436958333, 66.857390690825, 49.79110437677712, 32.48698582211782, 65.76033297630424, 27.016274355869157, 74.49622969747945, 40.69320997062312, 19.087084466738695, 84.09974278882216, 49.63390734304515, 34.67144858749978, 63.5605706215705, 48.59980910053971, 7.2991682042891615, 39.671350413112286, 23.41862355339731, 86.6327612550082, 44.45576163814355, 56.23963652149071, 6.88308545206613, 36.68323225422397, 58.09139971729944, 10.534927570657139, 36.576993263689495], [75.88829784859432, 73.02033733968192, 80.25529295437886, 19.095092695632182, 51.25784419024793, 73.44363216657182, 2.1013235601619917, 20.776084549684295, 0.0, 98.73482251451604, 85.46553953559214, 66.2993441481984, 51.15332993100928, 81.8064599293361, 16.62515473415066, 95.26950065892123, 46.31474706915387, 9.7219358320884, 101.48886617152561, 58.54178097449154, 54.56876363031511, 83.45213557453106, 68.41793768301358, 13.477325257828655, 29.025983018205007, 3.124809976712961, 105.9544745945088, 65.15401120919711, 74.33192564014378, 24.8543044014558, 55.42156063215807, 74.95473046584374, 31.30844480775528, 28.045536365829086], [26.069949596326513, 34.055956464221275, 21.602400019778027, 104.12395731481526, 68.12638998141477, 57.570118170755144, 97.58981725534903, 78.61715436958333, 98.73482251451604, 0.0, 58.288427124716236, 41.71763381761428, 48.47530960288937, 74.24354970141218, 104.1974186189798, 20.63239225372327, 97.04043799749853, 97.39152684648631, 72.91849292199211, 67.8386751653754, 44.168422549789895, 45.70601223681306, 49.45698073857748, 85.66493513555186, 114.96168353144768, 100.87773668463053, 13.698329023897896, 41.08177285638354, 61.019215601086565, 77.3879023382632, 44.40744331007735, 35.8364008063797, 68.47892217151552, 110.98093695300923], [61.49050931949038, 31.216791718262595, 41.498890287226665, 79.35611805909214, 34.54628884513178, 93.18201254228634, 83.50026290147848, 66.857390690825, 85.46553953559214, 58.288427124716236, 0.0, 71.71804569097047, 59.79099671713727, 17.06075065577375, 80.92071542348538, 38.7101654251276, 56.8894427938679, 78.66860073992747, 19.3679629122284, 93.11914807490298, 52.624318630348206, 12.734862133042014, 20.461723937660828, 73.23351168968392, 85.98626564413283, 88.53116919118453, 71.97990973847755, 31.94907884178855, 11.51490216199812, 61.05101631364373, 59.27728793968261, 73.32897546844683, 58.15594741668874, 81.67873861674948], [15.982574395309268, 40.976068435203196, 35.51048315506804, 77.58001277348217, 59.20329972896169, 21.4827029767906, 65.79147839825721, 49.79110437677712, 66.2993441481984, 41.71763381761428, 71.71804569097047, 0.0, 18.927565384714406, 81.79985106909993, 76.70550415513028, 51.084265930772794, 82.80452121986976, 68.3200691419007, 90.79142407456203, 26.499151784030488, 22.444078248099512, 60.73423721360564, 52.852157848156324, 55.30259958807187, 89.45913892355894, 67.62955767937184, 43.434379548929236, 40.23084887671349, 67.22124707742374, 52.01326682155508, 15.968785660847464, 8.702184913810155, 42.634707408523084, 86.26865510283272], [24.75196183063862, 32.42136046540196, 33.3916983561857, 60.041131099392025, 41.363059425345725, 36.99984345212871, 50.26582692576625, 32.48698582211782, 51.15332993100928, 48.47530960288937, 59.79099671713727, 18.927565384714406, 0.0, 67.0589809048779, 59.452331710403406, 50.060489342520896, 63.897387908105244, 51.52115381872309, 79.15314524147368, 33.42116981868348, 7.396109991438555, 50.80330358442132, 39.52776921535251, 38.829669133076294, 71.77116889716565, 53.0145731154755, 54.81476161338925, 28.168109971470003, 53.095554330229675, 33.69569778900919, 4.269644563937658, 26.339614612197707, 24.15886555920967, 68.35113685323138], [73.91023573393309, 43.90569191617879, 55.741728200240786, 72.16619436677648, 31.629863491765608, 102.84303171469892, 79.73193374581076, 65.76033297630424, 81.8064599293361, 74.24354970141218, 17.06075065577375, 81.79985106909993, 67.0589809048779, 0.0, 74.14458416807864, 55.328919451487174, 45.576261491733575, 73.72466134968113, 21.075900244001605, 100.22533972543447, 60.58867523960005, 28.709138006983583, 29.14252133516245, 71.07845367637371, 76.79413692284226, 84.93126781070647, 87.8486746636146, 41.815931483794465, 14.716584261951702, 59.17830674013053, 67.5691929901588, 84.83460789923474, 58.995396898468044, 72.64988880923129], [83.79407805756934, 74.76789634472244, 84.05097079544032, 2.704306946356089, 46.58797375829421, 86.84538628140254, 15.305331600098622, 27.016274355869157, 16.62515473415066, 104.1974186189798, 80.92071542348538, 76.70550415513028, 59.452331710403406, 74.14458416807864, 0.0, 97.46217565578036, 33.06265004828098, 8.886715085749538, 94.82576602058776, 73.0241807926794, 61.032538669708714, 81.4089346275063, 66.72802172421841, 21.682523291729034, 13.301544917785096, 18.500166241698555, 113.03631225604063, 66.59649602734571, 69.4210627889658, 26.822257453877413, 63.61222098569117, 85.07529064486073, 36.041768354629546, 11.523537220211203], [35.75902596334617, 22.694346205032605, 16.726345921654776, 96.87093130507091, 55.59362867879477, 70.68898257996992, 93.780518794474, 74.49622969747945, 95.26950065892123, 20.63239225372327, 38.7101654251276, 51.084265930772794, 50.060489342520896, 55.328919451487174, 97.46217565578036, 0.0, 84.33476484927871, 91.94251269827183, 52.34583389710969, 77.28586900107685, 43.57617014437015, 26.674763847666448, 34.540242451656944, 81.79505975680283, 106.63355117892212, 97.83576267118353, 34.123851883684935, 30.86848870343564, 43.345246960476146, 71.5294294228925, 46.922118202032614, 48.18635132760667, 63.96174443859983, 102.41541212779123], [83.66300788243203, 63.334638249191734, 75.43880067337157, 30.522956669579656, 29.012417261606426, 99.1258307803477, 44.31887954205362, 40.69320997062312, 46.31474706915387, 97.04043799749853, 56.8894427938679, 82.80452121986976, 63.897387908105244, 45.576261491733575, 33.06265004828098, 84.33476484927871, 0.0, 36.63897221821172, 66.61909298832313, 89.35673691258113, 61.51632969312341, 61.81634817028072, 49.86455482870206, 41.52522840929421, 31.941398943971382, 49.12115103502865, 108.64767926084929, 55.95918445299399, 45.96769001860789, 34.70546350683674, 67.01944014764761, 89.62011176667154, 41.96440704881555, 28.108871282400067], [76.09894957801643, 69.33444656085149, 77.81033347504345, 10.70606366055509, 44.139319591333056, 77.99455053419841, 7.826990230999225, 19.087084466738695, 9.7219358320884, 97.39152684648631, 78.66860073992747, 68.3200691419007, 51.52115381872309, 73.72466134968113, 8.886715085749538, 91.94251269827183, 36.63897221821172, 0.0, 93.85939425774731, 64.1435606090461, 53.67415787613072, 77.816323245535, 62.86453455629813, 13.04066708197911, 22.188162835973458, 12.484638245856193, 105.68445667485922, 61.24055609781572, 67.31619321432942, 20.424653394803027, 55.73867997258483, 76.77853199480889, 28.912614633375604, 20.16210059661053], [79.79019588772204, 49.9424645859186, 58.956217487429775, 92.93453752516662, 50.33103314758994, 112.27382398156664, 99.44930564495995, 84.09974278882216, 101.48886617152561, 72.91849292199211, 19.3679629122284, 90.79142407456203, 79.15314524147368, 21.075900244001605, 94.82576602058776, 52.34583389710969, 66.61909298832313, 93.85939425774731, 0.0, 112.48689411254111, 71.99214490216356, 30.343212534672983, 39.73030630888769, 90.01047965587907, 97.85209938904816, 104.6036001179923, 86.46968371062819, 51.28780510718684, 28.031643579714377, 77.86823215231698, 78.63174451471897, 91.94138093858513, 76.12838453596257, 93.6926520673885], [42.46683503651326, 64.28578082684452, 61.19457214263876, 74.72344875161848, 72.45651463143949, 16.794805986616026, 58.89257894655973, 49.63390734304515, 58.54178097449154, 67.8386751653754, 93.11914807490298, 26.499151784030488, 33.42116981868348, 100.22533972543447, 73.0241807926794, 77.28586900107685, 89.35673691258113, 64.1435606090461, 112.48689411254111, 0.0, 40.49486892232924, 83.55951366615668, 72.93805341945927, 52.05437979124277, 86.31638331492748, 58.65300529203739, 67.57923583225957, 61.2709309044327, 86.46163731841902, 54.79719788591357, 33.958275304169184, 32.257778864398695, 47.72297026867116, 84.15882873770119], [23.116390797169633, 25.081743553454935, 27.129041121580215, 61.30075006046884, 36.780879561963474, 42.49415577845637, 53.44791101297759, 34.67144858749978, 54.56876363031511, 44.168422549789895, 52.624318630348206, 22.444078248099512, 7.396109991438555, 60.58867523960005, 61.032538669708714, 43.57617014437015, 61.51632969312341, 53.67415787613072, 71.99214490216356, 40.49486892232924, 0.0, 43.428432489424196, 32.515678950059716, 41.58249381531334, 72.7228224368844, 56.71826784455677, 52.03300585806976, 20.847557628415156, 46.37418867722666, 34.40727132357103, 6.993933501765292, 28.236566973743585, 24.994301901569905, 69.04351565706631], [49.4611933166469, 19.75853416683086, 28.94389886212344, 80.21136893120394, 35.30333313076627, 82.19704639427256, 81.6209729007361, 63.5605706215705, 83.45213557453106, 45.70601223681306, 12.734862133042014, 60.73423721360564, 50.80330358442132, 28.709138006983583, 81.4089346275063, 26.674763847666448, 61.81634817028072, 77.816323245535, 30.343212534672983, 83.55951366615668, 43.428432489424196, 0.0, 15.034355076265843, 70.47208878907242, 88.26342356151028, 86.39674667644289, 59.37610977671044, 22.723336521903416, 17.23215685366814, 58.599545292775844, 49.625910677077464, 61.60532683111707, 53.846382081919884, 83.92847555846599], [44.94560995423878, 15.936721051246177, 28.671096795634472, 65.64737841128336, 21.56650366735397, 74.09751323483448, 66.5872600560572, 48.59980910053971, 68.41793768301358, 49.45698073857748, 20.461723937660828, 52.852157848156324, 39.52776921535251, 29.14252133516245, 66.72802172421841, 34.540242451656944, 49.86455482870206, 62.86453455629813, 39.73030630888769, 72.93805341945927, 32.515678950059716, 15.034355076265843, 0.0, 55.46301080288539, 74.20590504158722, 71.3648562714796, 62.382864252395386, 12.686938039908336, 14.440452218361028, 43.565889217915434, 39.34167687605089, 55.69265277943256, 39.065176959766646, 69.89012425085373], [63.536414789893875, 59.55282691430153, 66.8645926077933, 22.985747495657204, 39.72785747368416, 65.29653396134216, 12.03558084436619, 7.2991682042891615, 13.477325257828655, 85.66493513555186, 73.23351168968392, 55.30259958807187, 38.829669133076294, 71.07845367637371, 21.682523291729034, 81.79505975680283, 41.52522840929421, 13.04066708197911, 90.01047965587907, 52.05437979124277, 41.58249381531334, 70.47208878907242, 55.46301080288539, 0.0, 34.857340853046864, 16.15693726527246, 93.37304210390643, 51.71464681517537, 62.37393793266362, 12.191699819834795, 43.0817069313475, 63.79050179313265, 17.8333517624715, 32.28548411237688], [95.73197711264014, 84.06213243544369, 94.23827075324586, 11.9242553696215, 52.962898364976546, 100.11082668546916, 28.060457885889814, 39.671350413112286, 29.025983018205007, 114.96168353144768, 85.98626564413283, 89.45913892355894, 71.77116889716565, 76.79413692284226, 13.301544917785096, 106.63355117892212, 31.941398943971382, 22.188162835973458, 97.85209938904816, 86.31638331492748, 72.7228224368844, 88.26342356151028, 74.20590504158722, 34.857340853046864, 0.0, 30.24265845514908, 124.45483676228173, 75.91587044034391, 74.53763610926917, 38.33508691473174, 75.84598517379396, 97.71150602199013, 47.85746181329254, 4.337029970491231], [77.69304065619379, 75.68147648638269, 82.66819276210443, 21.092635330300958, 54.35947554911073, 73.90487763770332, 5.210261827495849, 23.41862355339731, 3.124809976712961, 100.87773668463053, 88.53116919118453, 67.62955767937184, 53.0145731154755, 84.93126781070647, 18.500166241698555, 97.83576267118353, 49.12115103502865, 12.484638245856193, 104.6036001179923, 58.65300529203739, 56.71826784455677, 86.39674667644289, 71.3648562714796, 16.15693726527246, 30.24265845514908, 0.0, 107.8258322706615, 67.86782628491899, 77.41767037599912, 27.803238205409574, 57.273110765666, 76.31386147867217, 33.915222061900764, 29.668196902573605], [30.197000199017648, 46.63495471825967, 33.859496837169445, 113.2207461134948, 80.02075001646287, 54.64498811321583, 105.01700061582878, 86.6327612550082, 105.9544745945088, 13.698329023897896, 71.97990973847755, 43.434379548929236, 54.81476161338925, 87.8486746636146, 113.03631225604063, 34.123851883684935, 108.64767926084929, 105.68445667485922, 86.46968371062819, 67.57923583225957, 52.03300585806976, 59.37610977671044, 62.382864252395386, 93.37304210390643, 124.45483676228173, 107.8258322706615, 0.0, 53.00049913847215, 74.44006210683453, 86.2998977918696, 50.553137685721424, 35.70112050027761, 76.99837772186287, 120.63116400245018], [32.599543009789265, 8.17763209804382, 19.479666547040964, 66.0082467584811, 27.078349465084955, 61.55937704783391, 63.54669028000401, 44.45576163814355, 65.15401120919711, 41.08177285638354, 31.94907884178855, 40.23084887671349, 28.168109971470003, 41.815931483794465, 66.59649602734571, 30.86848870343564, 55.95918445299399, 61.24055609781572, 51.28780510718684, 61.2709309044327, 20.847557628415156, 22.723336521903416, 12.686938039908336, 51.71464681517537, 75.91587044034391, 67.86782628491899, 53.00049913847215, 0.0, 27.12552976148772, 40.8960296329226, 27.35275619420375, 43.03831923481835, 34.040684699551164, 71.73777107149444], [59.221276914265715, 29.395013657338083, 41.571268163443314, 67.84394848143872, 23.181074457887526, 88.37742845488229, 72.34067904243804, 56.23963652149071, 74.33192564014378, 61.019215601086565, 11.51490216199812, 67.22124707742374, 53.095554330229675, 14.716584261951702, 69.4210627889658, 43.345246960476146, 45.96769001860789, 67.31619321432942, 28.031643579714377, 86.46163731841902, 46.37418867722666, 17.23215685366814, 14.440452218361028, 62.37393793266362, 74.53763610926917, 77.41767037599912, 74.44006210683453, 27.12552976148772, 0.0, 50.18563817997824, 53.31086321259753, 70.1241374413487, 48.09715518864696, 70.22284398637615], [57.397596067927665, 48.95268679021881, 57.465865876648216, 26.92167904368107, 27.66382092429565, 65.6615411606354, 23.050252278467834, 6.88308545206613, 24.8543044014558, 77.3879023382632, 61.05101631364373, 52.01326682155508, 33.69569778900919, 59.17830674013053, 26.822257453877413, 71.5294294228925, 34.70546350683674, 20.424653394803027, 77.86823215231698, 54.79719788591357, 34.40727132357103, 58.599545292775844, 43.565889217915434, 12.191699819834795, 38.33508691473174, 27.803238205409574, 86.2998977918696, 40.8960296329226, 50.18563817997824, 0.0, 37.66111218269413, 59.9407480921275, 9.564865866138273, 34.74695063173371], [20.483186167113683, 30.609400681685564, 30.196603348000803, 64.15604902738325, 43.35500751347197, 35.52262007854035, 54.53524297222942, 36.68323225422397, 55.42156063215807, 44.40744331007735, 59.27728793968261, 15.968785660847464, 4.269644563937658, 67.5691929901588, 63.61222098569117, 46.922118202032614, 67.01944014764761, 55.73867997258483, 78.63174451471897, 33.958275304169184, 6.993933501765292, 49.625910677077464, 39.34167687605089, 43.0817069313475, 75.84598517379396, 57.273110765666, 50.553137685721424, 27.35275619420375, 53.31086321259753, 37.66111218269413, 0.0, 22.723106661539163, 28.098909965174883, 72.37659766598945], [12.669377516133457, 42.117177282199535, 34.165694372561376, 85.87014743670483, 64.68879726179476, 22.53070864800019, 74.41711493125662, 58.09139971729944, 74.95473046584374, 35.8364008063797, 73.32897546844683, 8.702184913810155, 26.339614612197707, 84.83460789923474, 85.07529064486073, 48.18635132760667, 89.62011176667154, 76.77853199480889, 91.94138093858513, 32.257778864398695, 28.236566973743585, 61.60532683111707, 55.69265277943256, 63.79050179313265, 97.71150602199013, 76.31386147867217, 35.70112050027761, 43.03831923481835, 70.1241374413487, 59.9407480921275, 22.723106661539163, 0.0, 50.45027762059861, 94.43015893099923], [47.887268465262785, 41.77550223818348, 49.1531011022738, 36.32682295690032, 27.729285159785263, 57.26611835811977, 29.83583734717835, 10.534927570657139, 31.30844480775528, 68.47892217151552, 58.15594741668874, 42.634707408523084, 24.15886555920967, 58.995396898468044, 36.041768354629546, 63.96174443859983, 41.96440704881555, 28.912614633375604, 76.12838453596257, 47.72297026867116, 24.994301901569905, 53.846382081919884, 39.065176959766646, 17.8333517624715, 47.85746181329254, 33.915222061900764, 76.99837772186287, 34.040684699551164, 48.09715518864696, 9.564865866138273, 28.098909965174883, 50.45027762059861, 0.0, 44.30622170202997], [92.1069724893909, 79.87264068538357, 90.16415269981721, 9.4646997465372, 48.62905405515787, 97.56242347755618, 26.8120120222637, 36.576993263689495, 28.045536365829086, 110.98093695300923, 81.67873861674948, 86.26865510283272, 68.35113685323138, 72.64988880923129, 11.523537220211203, 102.41541212779123, 28.108871282400067, 20.16210059661053, 93.6926520673885, 84.15882873770119, 69.04351565706631, 83.92847555846599, 69.89012425085373, 32.28548411237688, 4.337029970491231, 29.668196902573605, 120.63116400245018, 71.73777107149444, 70.22284398637615, 34.74695063173371, 72.37659766598945, 94.43015893099923, 44.30622170202997, 0.0]]",Route_3,1611.4347106731525
