instance_id,num_cities,city_coordinates,distance_matrix,best_route,total_distance
853,27,"[[26.473396248849067, 19.507713184638497], [24.007734170442994, 83.31459378850916], [35.48145864028375, 66.83250674117639], [80.02387866654527, 95.52404217556132], [70.3703385451562, 77.07519523665465], [35.7992444088012, 36.32651362625373], [88.31818361446516, 28.126914627421996], [99.59308080694481, 83.77104406663614], [25.438505064602445, 80.63798216258581], [80.00632568810188, 86.88803657343213], [74.80712349736565, 81.63929968801341], [56.39751472100314, 65.40078321577772], [67.31442485001212, 11.149100555646607], [89.0673107578273, 66.6999292706111], [37.48723651338904, 15.240520550487224], [81.98535156764905, 4.852730436442021], [73.4323115423039, 87.9423058362341], [85.94783706105507, 35.291564063619475], [43.884005844202, 26.715551400996105], [71.30613052941135, 27.07278223330899], [4.147540543790118, 70.87804058800629], [35.2540054129643, 94.34374996717871], [25.56872050057225, 63.84395181938015], [12.820185234834803, 52.875611961753265], [91.93169142115923, 55.28276583490971], [76.01795635787776, 25.40094123051684], [91.83861242781379, 97.76573190301406]]","[[0.0, 63.85450259677461, 48.174487783648615, 92.98460324389305, 72.3944509805449, 19.23131540476, 62.44252043126981, 97.34610400999382, 61.13902832953284, 86.0574372981582, 78.71774406803306, 54.78710380389314, 41.68760034209886, 78.39070986196263, 11.811587969014028, 57.41381107944657, 82.99658545342507, 61.53323539758415, 18.843626461883098, 45.466518810908056, 56.012091288330886, 75.34939613965501, 44.34546757546118, 36.05311137465084, 74.5965334247843, 49.893822996417946, 101.9653322450744], [63.85450259677461, 0.0, 20.082468639230513, 57.33130971924765, 46.78056411262117, 48.445014098830114, 84.74381298289111, 75.58672484647379, 3.03502144104483, 56.11249188281283, 50.82700626941763, 37.0135447282363, 84.16250870285539, 67.14756572484235, 69.39579548235659, 97.55853688804105, 49.64075510287615, 78.37593846364615, 59.98764685193589, 73.48659513911853, 23.432779314393795, 15.751853950371887, 19.53311488249783, 32.42981445886183, 73.48093186002288, 77.83992783009361, 69.35317900407128], [48.174487783648615, 20.082468639230513, 0.0, 52.98331234812023, 36.36133397761991, 30.507648282396023, 65.49688822282789, 66.31149329917626, 17.07196731880745, 48.83326798892719, 42.02081667247828, 20.96500022000903, 64.14031074240602, 53.5860161231356, 51.63096148607442, 77.48615830059435, 43.42684485228545, 59.512069497686134, 40.987472540766575, 53.51862114166583, 31.59399891409154, 27.512183461348112, 10.353445704067967, 26.61443638780269, 57.61966067252495, 57.963628836301986, 64.28835977021235], [92.98460324389305, 57.33130971924765, 52.98331234812023, 0.0, 20.82188248575221, 73.89293377297533, 67.90558369021835, 22.82732215920687, 56.578775119063735, 8.636023440626998, 14.832417484708298, 38.28336196894672, 85.32678940214852, 30.20948772731752, 90.85598367850852, 90.69252531732877, 10.046466198243763, 60.52309230835316, 77.72193262064815, 69.00416016635737, 79.77871947563732, 44.78542888975022, 62.999939490899045, 79.59412673410884, 41.96613308518708, 70.23743090184877, 12.025518977733359], [72.3944509805449, 46.78056411262117, 36.36133397761991, 20.82188248575221, 0.0, 53.437960316338284, 52.13501047503586, 29.980044310389044, 45.07286445971453, 13.752967073318517, 6.365226638153983, 18.20801201817527, 65.9968830203473, 21.382771424385965, 70.03445860985694, 73.15048153861073, 11.290251167212963, 44.59293995709487, 56.90008389449015, 50.01116888051056, 66.51213198258645, 39.132593002920004, 46.71456712611131, 62.43108181603442, 30.656188886969648, 51.981959505672926, 29.815853015514428], [19.23131540476, 48.445014098830114, 30.507648282396023, 73.89293377297533, 53.437960316338284, 0.0, 53.155172834164205, 79.50243412060718, 45.50660571394857, 67.16199548831723, 59.79015982305839, 35.63147333494448, 40.33743580311051, 61.31909384905439, 21.1534493956996, 55.8905673863475, 63.87830419898913, 50.15927098352694, 12.559218222591443, 36.69292175167779, 46.85763942994858, 58.01979832954719, 29.357674024850418, 28.3180122225887, 59.24686578540131, 41.67628729886195, 83.15761125976222], [62.44252043126981, 84.74381298289111, 65.49688822282789, 67.90558369021835, 52.13501047503586, 53.155172834164205, 0.0, 56.77492798541451, 81.92231801051896, 59.346073455131986, 55.19170318409176, 49.07413149662503, 27.007481424433347, 38.58028836259007, 52.43895818471662, 24.12037336959864, 61.63984273837813, 7.546571693614785, 44.456586691695705, 17.044680849843076, 94.40527488349748, 84.85562026532534, 72.20250595965162, 79.45090168825652, 27.39521296636058, 12.598671419015975, 69.72774405194215], [97.34610400999382, 75.58672484647379, 66.31149329917626, 22.82732215920687, 29.980044310389044, 79.50243412060718, 56.77492798541451, 0.0, 74.22073282056303, 19.833220070703145, 24.877459955712325, 46.939571932576634, 79.47237450648734, 20.055293453499115, 92.48550453348261, 80.85871848599899, 26.49123011995271, 50.36320738642085, 79.74227408673146, 63.362800213722984, 96.31241194584136, 65.20198411560554, 76.65960425281567, 92.1089742148708, 29.50048955405462, 62.951214427428965, 15.99947085001898], [61.13902832953284, 3.03502144104483, 17.07196731880745, 56.578775119063735, 45.07286445971453, 45.50660571394857, 81.92231801051896, 74.22073282056303, 0.0, 54.92458673250942, 49.37877198499873, 34.5055431872869, 81.13135845563833, 65.13750250328646, 66.49811963379783, 94.55659801745247, 48.546458208076075, 75.61532181418781, 56.99004332555507, 70.51999510240613, 23.421392566747503, 16.857998641656927, 16.79453515963682, 30.49542907542674, 71.16340932579777, 74.89600512750913, 68.57356683895574], [86.0574372981582, 56.11249188281283, 48.83326798892719, 8.636023440626998, 13.752967073318517, 67.16199548831723, 59.346073455131986, 19.833220070703145, 54.92458673250942, 0.0, 7.387891601296777, 31.92300130213687, 76.79499186789535, 22.12828793431618, 83.31410142650121, 82.05917374932315, 6.65801364279474, 51.93743864353329, 70.18226245093582, 60.444669306506455, 77.52983461238782, 45.36912862529082, 59.114149750337134, 75.30486370063537, 33.78028250803241, 61.616312642213735, 16.07256249556898], [78.71774406803306, 50.82700626941763, 42.02081667247828, 14.832417484708298, 6.365226638153983, 59.79015982305839, 55.19170318409176, 24.877459955712325, 49.37877198499873, 7.387891601296777, 0.0, 24.54797573157089, 70.88729580637688, 20.652789864127026, 76.16804996486893, 77.12136004801377, 6.451201005726647, 47.667893767365975, 63.03060630588157, 54.67871412987167, 71.4743405747175, 41.54337741559274, 52.355465191709484, 68.33542453791166, 31.431158160755405, 56.2513917890924, 23.454923388768254], [54.78710380389314, 37.0135447282363, 20.96500022000903, 38.28336196894672, 18.20801201817527, 35.63147333494448, 49.07413149662503, 46.939571932576634, 34.5055431872869, 31.92300130213687, 24.54797573157089, 0.0, 55.33917236660149, 32.69561673312618, 53.60644152096182, 65.73282353482004, 28.25428365383814, 42.18751744715094, 40.658763692138656, 41.125448139015376, 52.536274609464456, 35.84331611656249, 30.868078610151333, 45.34163164343247, 36.946609986268875, 44.55276746591443, 47.99543009694923], [41.68760034209886, 84.16250870285539, 64.14031074240602, 85.32678940214852, 65.9968830203473, 40.33743580311051, 27.007481424433347, 79.47237450648734, 81.13135845563833, 76.79499186789535, 70.88729580637688, 55.33917236660149, 0.0, 59.65804737198283, 30.106492350364647, 15.964973142235019, 77.03651676215748, 30.496927629852262, 28.130036023946182, 16.416374520656767, 86.93446698717865, 89.15839940906953, 67.22686353934596, 68.6347135592501, 50.53503957074686, 16.699294096766355, 90.02153410332973], [78.39070986196263, 67.14756572484235, 53.5860161231356, 30.20948772731752, 21.382771424385965, 61.31909384905439, 38.58028836259007, 20.055293453499115, 65.13750250328646, 22.12828793431618, 20.652789864127026, 32.69561673312618, 59.65804737198283, 0.0, 72.8599670936415, 62.2513465686052, 26.37596941583658, 31.56289785682892, 60.33474551647494, 43.42545688213579, 85.02249106786641, 60.49836902630881, 63.56278448794314, 77.49023099446123, 11.770993904593889, 43.31156962511669, 31.189168089923218], [11.811587969014028, 69.39579548235659, 51.63096148607442, 90.85598367850852, 70.03445860985694, 21.1534493956996, 52.43895818471662, 92.48550453348261, 66.49811963379783, 83.31410142650121, 76.16804996486893, 53.60644152096182, 30.106492350364647, 72.8599670936415, 0.0, 45.69451199909696, 81.10239208906948, 52.444963069926665, 13.137541280306595, 35.829038627874475, 64.86192229089903, 79.13474726880493, 50.04342669180208, 44.99848357792933, 67.58387439043486, 39.8478421012939, 98.81539643481847], [57.41381107944657, 97.55853688804105, 77.48615830059435, 90.69252531732877, 73.15048153861073, 55.8905673863475, 24.12037336959864, 80.85871848599899, 94.55659801745247, 82.05917374932315, 77.12136004801377, 65.73282353482004, 15.964973142235019, 62.2513465686052, 45.69451199909696, 0.0, 83.5286300246382, 30.69566555506562, 43.928299380533524, 24.653122800955455, 102.06892967792025, 100.95772030944273, 81.62597908270057, 84.20224096685278, 51.401538369704745, 21.397167392609102, 93.43400125813767], [82.99658545342507, 49.64075510287615, 43.42684485228545, 10.046466198243763, 11.290251167212963, 63.87830419898913, 61.63984273837813, 26.49123011995271, 48.546458208076075, 6.65801364279474, 6.451201005726647, 28.25428365383814, 77.03651676215748, 26.37596941583658, 81.10239208906948, 83.5286300246382, 0.0, 54.1178250506897, 67.98395272637077, 60.90664618370184, 71.35522854548483, 38.71125864483323, 53.587815907459365, 70.02501606425479, 37.53495183159697, 62.594790884366475, 20.86364330545875], [61.53323539758415, 78.37593846364615, 59.512069497686134, 60.52309230835316, 44.59293995709487, 50.15927098352694, 7.546571693614785, 50.36320738642085, 75.61532181418781, 51.93743864353329, 47.667893767365975, 42.18751744715094, 30.496927629852262, 31.56289785682892, 52.444963069926665, 30.69566555506562, 54.1178250506897, 0.0, 42.92917294602097, 16.79071007828496, 89.20586203682582, 77.82689269881902, 66.78979385489734, 75.21204825093358, 20.867550437542388, 14.01523994821438, 62.751277928393264], [18.843626461883098, 59.98764685193589, 40.987472540766575, 77.72193262064815, 56.90008389449015, 12.559218222591443, 44.456586691695705, 79.74227408673146, 56.99004332555507, 70.18226245093582, 63.03060630588157, 40.658763692138656, 28.130036023946182, 60.33474551647494, 13.137541280306595, 43.928299380533524, 67.98395272637077, 42.92917294602097, 0.0, 27.424451427853988, 59.408013986024045, 68.17660998282466, 41.40009414055044, 40.61169436742856, 55.898710448590364, 32.160829832510395, 85.71914863061996], [45.466518810908056, 73.48659513911853, 53.51862114166583, 69.00416016635737, 50.01116888051056, 36.69292175167779, 17.044680849843076, 63.362800213722984, 70.51999510240613, 60.444669306506455, 54.67871412987167, 41.125448139015376, 16.416374520656767, 43.42545688213579, 35.829038627874475, 24.653122800955455, 60.90664618370184, 16.79071007828496, 27.424451427853988, 0.0, 80.18214806538025, 76.32259708148887, 58.68585510047337, 63.92489201395093, 34.94591445221861, 4.999635484354863, 73.61437322908942], [56.012091288330886, 23.432779314393795, 31.59399891409154, 79.77871947563732, 66.51213198258645, 46.85763942994858, 94.40527488349748, 96.31241194584136, 23.421392566747503, 77.52983461238782, 71.4743405747175, 52.536274609464456, 86.93446698717865, 85.02249106786641, 64.86192229089903, 102.06892967792025, 71.35522854548483, 89.20586203682582, 59.408013986024045, 80.18214806538025, 0.0, 38.96474911153604, 22.546515374792552, 19.982547444718847, 89.1586773112145, 85.05012190032903, 91.72061945070013], [75.34939613965501, 15.751853950371887, 27.512183461348112, 44.78542888975022, 39.132593002920004, 58.01979832954719, 84.85562026532534, 65.20198411560554, 16.857998641656927, 45.36912862529082, 41.54337741559274, 35.84331611656249, 89.15839940906953, 60.49836902630881, 79.13474726880493, 100.95772030944273, 38.71125864483323, 77.82689269881902, 68.17660998282466, 76.32259708148887, 38.96474911153604, 0.0, 32.00066297579888, 47.147457592341716, 68.83400738461263, 80.0925125909985, 56.687985600073475], [44.34546757546118, 19.53311488249783, 10.353445704067967, 62.999939490899045, 46.71456712611131, 29.357674024850418, 72.20250595965162, 76.65960425281567, 16.79453515963682, 59.114149750337134, 52.355465191709484, 30.868078610151333, 67.22686353934596, 63.56278448794314, 50.04342669180208, 81.62597908270057, 53.587815907459365, 66.78979385489734, 41.40009414055044, 58.68585510047337, 22.546515374792552, 32.00066297579888, 0.0, 16.81753937572789, 66.91291216848484, 63.427048344704616, 74.44720102254144], [36.05311137465084, 32.42981445886183, 26.61443638780269, 79.59412673410884, 62.43108181603442, 28.3180122225887, 79.45090168825652, 92.1089742148708, 30.49542907542674, 75.30486370063537, 68.33542453791166, 45.34163164343247, 68.6347135592501, 77.49023099446123, 44.99848357792933, 84.20224096685278, 70.02501606425479, 75.21204825093358, 40.61169436742856, 63.92489201395093, 19.982547444718847, 47.147457592341716, 16.81753937572789, 0.0, 79.14811937650761, 68.91165218386787, 90.87923142496804], [74.5965334247843, 73.48093186002288, 57.61966067252495, 41.96613308518708, 30.656188886969648, 59.24686578540131, 27.39521296636058, 29.50048955405462, 71.16340932579777, 33.78028250803241, 31.431158160755405, 36.946609986268875, 50.53503957074686, 11.770993904593889, 67.58387439043486, 51.401538369704745, 37.53495183159697, 20.867550437542388, 55.898710448590364, 34.94591445221861, 89.1586773112145, 68.83400738461263, 66.91291216848484, 79.14811937650761, 0.0, 33.85513853688998, 42.483068034720695], [49.893822996417946, 77.83992783009361, 57.963628836301986, 70.23743090184877, 51.981959505672926, 41.67628729886195, 12.598671419015975, 62.951214427428965, 74.89600512750913, 61.616312642213735, 56.2513917890924, 44.55276746591443, 16.699294096766355, 43.31156962511669, 39.8478421012939, 21.397167392609102, 62.594790884366475, 14.01523994821438, 32.160829832510395, 4.999635484354863, 85.05012190032903, 80.0925125909985, 63.427048344704616, 68.91165218386787, 33.85513853688998, 0.0, 74.07399062800346], [101.9653322450744, 69.35317900407128, 64.28835977021235, 12.025518977733359, 29.815853015514428, 83.15761125976222, 69.72774405194215, 15.99947085001898, 68.57356683895574, 16.07256249556898, 23.454923388768254, 47.99543009694923, 90.02153410332973, 31.189168089923218, 98.81539643481847, 93.43400125813767, 20.86364330545875, 62.751277928393264, 85.71914863061996, 73.61437322908942, 91.72061945070013, 56.687985600073475, 74.44720102254144, 90.87923142496804, 42.483068034720695, 74.07399062800346, 0.0]]",Route_3,1329.521997041379
