instance_id,num_cities,city_coordinates,distance_matrix,best_route,total_distance
2318,66,"[[79.50453939165851, 2.7291229366267267], [1.1527920083518106, 89.79656037477223], [72.0997828586538, 32.87872897977], [42.474859566943046, 50.63758827069146], [10.148018419448857, 80.97637224529987], [14.91840091476898, 69.99386766507531], [71.79972810947311, 43.12760852116018], [2.852288371689382, 85.5933697118526], [65.6298656954075, 91.65670543102836], [47.69323957088981, 76.1024555689502], [96.2899300051765, 79.377376171158], [75.67752432979714, 18.33790337823624], [78.01592822037979, 54.8385876933679], [58.92601718545604, 33.26431961467894], [52.315981181726556, 86.30162561270822], [6.900701650818508, 22.839737243880386], [42.336141977729056, 23.94305858219994], [72.73766232145181, 38.493353605689286], [52.94218613666304, 86.10098098020077], [75.38859353314761, 61.312464450305946], [33.96249109523974, 2.425044010787847], [24.767588317386014, 27.353622629173657], [67.40134677027929, 94.49097182913985], [72.99681038641918, 56.30308743965187], [76.32375297562236, 3.4053815655029185], [79.76085695325948, 23.068896786771266], [68.18654157381138, 69.83294731903362], [58.273266654341825, 37.55141131053749], [14.080601196753262, 0.8541126217277539], [32.961150695260365, 30.335085694493024], [54.95601435767566, 48.092195414873565], [44.513608227624836, 68.16930088526607], [26.9808241799937, 5.911379140718931], [59.659865389837606, 86.37927862401375], [30.81740584523548, 17.27071536215794], [96.50386938993127, 84.63532783380484], [89.07981497833795, 9.59015906006433], [35.47859516682617, 49.35350517233046], [94.41299104179612, 56.71648224481686], [76.90201247926251, 29.589997305498972], [76.39326969937423, 42.783555683352525], [58.190888681066724, 7.641597867665261], [89.01340812265049, 23.50288141472753], [72.11928905077482, 22.763248580180353], [86.2963168843473, 31.684123344771276], [3.453510647727609, 98.59719952392962], [48.23076395016063, 90.49661042343597], [80.15858599928043, 43.3802806780499], [11.122581617157223, 78.12800848814793], [52.81771561608117, 30.609965110858028], [34.153549995889264, 41.961338565656945], [63.81735203108793, 51.1845958382782], [75.91149519728174, 32.92877582856693], [61.36317473754674, 71.36365599950778], [64.64098956837532, 66.6299141090613], [98.56855261534467, 22.880565488514627], [64.74890843086743, 30.807547079264353], [63.33349824808611, 13.468411749114361], [59.40022118833008, 80.20602779199429], [57.54396194921063, 95.66494657709426], [25.61463050628524, 38.99070371637839], [84.38113427258853, 31.823575485908517], [56.166985725161425, 93.88907585455784], [60.77805950163688, 24.419277561288876], [9.143779145845453, 21.637790893175023], [32.67141217072349, 57.37061198468981]]","[[0.0, 117.13127242569719, 31.045598139991082, 60.550955719841625, 104.56079105354074, 93.25189095530075, 41.12665503560736, 112.88069356649919, 90.00345270308271, 79.97252489361847, 78.46466760238785, 16.07109427382235, 52.13072299952597, 36.82219184620192, 87.88390581374105, 75.33760058903748, 42.79627123820859, 36.398774988084476, 87.50100184615621, 58.72775249589042, 45.54306343480288, 60.020828035070835, 92.55659989326867, 53.96777009824503, 3.2518806800941578, 20.34138881609141, 68.05160043194942, 40.784294889603366, 65.45080100817529, 54.11447321311281, 51.57943801565463, 74.20769605422153, 52.62002864104649, 85.97185372412669, 50.81234971183184, 83.65168032411961, 11.779631541265413, 64.12578875732488, 56.00800742461845, 26.986658151577114, 40.175086580617425, 21.872451087182522, 22.846610817574277, 21.352004891794486, 29.740885833240494, 122.37012332084649, 93.17285489944189, 40.6564189603931, 101.78941050760177, 38.5944027492733, 59.96564835251844, 50.93152954122158, 30.41264541891114, 70.99160682977369, 65.60667821047119, 27.740173703762547, 31.71949790562442, 19.41223572557096, 80.04282851316763, 95.49520552016124, 64.95401850786669, 29.500310960651287, 94.09983223755529, 28.655607770786112, 72.85721862835406, 71.9655065339075], [117.13127242569719, 0.0, 90.95666573386875, 56.9292399700273, 12.598008446821384, 24.117185306729205, 84.66983316146711, 4.533773223028732, 64.5039004314958, 48.51331534490492, 95.70597904883326, 103.24860961452052, 84.43933658161093, 80.83093339014181, 51.28241896967824, 67.20308496668508, 77.67079253519, 88.07049836656213, 51.921080990664464, 79.5128791370497, 93.32876419365107, 66.75911232946312, 66.41467087132934, 79.26774694643291, 114.51685093818313, 103.11066366916785, 69.94333011119794, 77.40997496787669, 89.87706750175354, 67.43469918008469, 68.07378931629417, 48.455120846284196, 87.77135567216297, 58.60678672500848, 78.3580723913317, 95.49066069082303, 119.01356300951774, 53.046220191283, 98.95330359741203, 96.76143156529369, 88.72064073984528, 100.0139107154106, 110.0651613092973, 97.6202263499896, 103.08479599764017, 9.096403448135584, 47.08317653073518, 91.63179854734607, 15.34769715542654, 78.56409733667728, 58.114184785465895, 73.60523682599336, 93.92980688622833, 62.968739483205304, 67.58287304207444, 118.18452007880134, 86.7419720412429, 98.45012189475769, 59.031697597967735, 56.69569652026883, 56.388089287474884, 101.42891073543751, 55.166205173665325, 88.48368003038743, 68.62560551774457, 45.22018958315137], [31.045598139991082, 90.95666573386875, 0.0, 34.540022631065156, 78.43088935380567, 68.17069722866184, 10.253270927193524, 87.02901148602521, 59.132988625672816, 49.638391346957455, 52.414572492767654, 14.974506442903506, 22.742826795766913, 13.179407503755737, 56.968453493539656, 65.96742791271433, 31.07604421323062, 5.650743305003222, 56.565197959167335, 28.623304988436928, 48.80450748893773, 47.65357741322072, 61.791130193631076, 23.441527843607123, 29.77448792760553, 12.446881695341716, 37.16083570668672, 14.594742564100548, 66.27066842575532, 39.221201521423964, 22.9206971837061, 44.79309652380168, 52.5638505970444, 54.92777402068236, 44.13439408177677, 57.22154283452656, 28.82150203737698, 40.156315051994305, 32.651458468949, 5.820409380310395, 10.795351836760158, 28.816143461831956, 19.3384910769641, 10.11549920696025, 14.24670702182944, 95.03277360532077, 62.36625951354106, 13.237329645023545, 75.93231438112025, 19.415081937503448, 39.01807767387825, 20.09237223064619, 3.812040875898761, 39.95452867524237, 34.56553333855558, 28.294152145462593, 7.637090369903038, 21.298078806976072, 49.001551806855275, 64.45138510944767, 46.88523887540571, 12.326594884564216, 63.0564544696176, 14.133072492365725, 63.95167779311031, 46.41603977324564], [60.550955719841625, 56.9292399700273, 34.540022631065156, 0.0, 44.33358175957905, 33.67527231430249, 30.27123570115761, 52.83800530191475, 47.10331497275613, 25.994056174124097, 61.00850116857348, 46.321556445205644, 35.78848917148685, 23.926367270924043, 36.99690844070252, 45.14688508801186, 26.694890107646305, 32.60858270696449, 36.97589955614392, 34.601544258142425, 48.95824589393714, 29.25218814209923, 50.442531794334805, 31.043314298895524, 58.10876814417761, 46.3710939188194, 32.08663897352118, 20.514328990528465, 57.31167730998679, 22.421022888166316, 12.738063027818498, 17.649856750168436, 47.33390873052929, 39.65845249685988, 35.34465214099556, 63.835571571451, 62.10405231302988, 7.113127649623559, 52.29266156018244, 40.351331366960856, 34.81586382376276, 45.778256430898544, 53.871410022673764, 40.69116627234808, 47.74467461528217, 61.82871487453773, 40.27247300876519, 38.37618729526758, 41.697584299009044, 22.54063798310708, 12.021709608929289, 21.34950120871863, 37.836630933347905, 28.041724866411826, 27.33298016976904, 62.585579118025144, 29.82220291068698, 42.621948464642436, 34.069935159017604, 47.48200546165298, 20.49188238789561, 45.935856765396224, 45.36700890459846, 31.975098816174917, 44.18086882322127, 11.892904993470186], [104.56079105354074, 12.598008446821384, 78.43088935380567, 44.33358175957905, 0.0, 11.97380290493835, 72.3426722145981, 8.633906562844818, 56.500485786504285, 37.860252179279115, 86.15675086775522, 90.65149710216853, 72.72714047747588, 68.2329328832034, 42.502887042504916, 58.227256465371106, 65.48949660515535, 75.64568987399768, 43.099911894282094, 68.13957668591867, 82.08191199181483, 55.57995232450667, 58.826762694878354, 67.51845403153226, 101.96316216700166, 90.54956102993808, 59.09861325806898, 64.82103632198198, 80.21871162320825, 55.54258643378613, 55.57990271505427, 36.674443958767895, 76.92916572772003, 49.80576661147121, 66.97487809223601, 86.43333241773581, 106.42471489715982, 40.51720425041029, 87.68767230278421, 84.24164796816022, 76.4664930154052, 87.6704426588187, 97.58561288063802, 85.02473846188262, 90.70991765386471, 18.849668121453448, 39.25468688100044, 79.46663245654247, 3.0104733048782037, 66.01119622067642, 45.80871532024391, 61.38360784283851, 81.44572671008476, 52.10946699314163, 56.3498426412406, 105.79845759844193, 74.14963390725046, 85.9419571278018, 49.258226806937834, 49.61985166218271, 44.74385378200162, 89.03119070604238, 47.79626833116563, 75.90853719497058, 59.34707855826929, 32.62721538158527], [93.25189095530075, 24.117185306729205, 68.17069722866184, 33.67527231430249, 11.97380290493835, 0.0, 62.90692540427477, 19.721448628578774, 55.14463890780266, 33.33923957012396, 81.91078059934945, 79.74966911884849, 64.89206779802241, 57.32128740541699, 40.79855363983041, 47.83090546149229, 53.594864886320636, 65.84337002022222, 41.29464059592989, 61.09018707682292, 70.20130554929945, 43.76296367036407, 57.91863014693506, 59.670253141222, 90.5794885321743, 80.04059593127262, 53.268383724581845, 54.149398497236135, 69.14483086841425, 43.570171069570115, 45.636539500260966, 29.65139692872665, 65.20787828555459, 47.647458858444146, 55.06822265640702, 82.88884739326632, 95.647913459454, 29.13324821426945, 80.59577422583725, 73.98946440278824, 67.22767711461641, 75.89673080161887, 87.47274944613345, 74.18000392754301, 81.00890937450801, 30.815488025716057, 39.11618580098574, 70.4596676274965, 8.976218082783985, 54.65756887412009, 33.99725941723332, 52.39175628789794, 71.37211348281828, 46.464968907017784, 49.8362519251073, 96.0052661134234, 63.39280085597966, 74.42545811952935, 45.639024412307776, 49.75884590711499, 32.79642514519241, 79.25933718233138, 47.669977168851794, 64.65409150883055, 48.6996552076505, 21.78338799696761], [41.12665503560736, 84.66983316146711, 10.253270927193524, 30.27123570115761, 72.3426722145981, 62.90692540427477, 0.0, 80.97586257583328, 48.9197347610949, 40.84682763062506, 43.74717869270135, 25.091169454600333, 13.258513377853467, 16.21779581225119, 47.36678315197007, 67.99618633603377, 35.15892296563078, 4.7282173392903815, 46.92885711116053, 18.53561275472258, 55.572972410986736, 49.60686247227305, 51.55134187111409, 13.229748701672206, 39.97902093981643, 21.580812980763227, 26.948659284845544, 14.630759885559893, 71.54401489381198, 40.89112050104028, 17.560120044513397, 37.03537085901956, 58.256174597526766, 44.92308130057057, 48.45750367080298, 48.303057449214656, 37.727469018621875, 36.850868203456024, 26.382136940055876, 14.467212005655869, 4.606408220441912, 38.00601876924368, 26.104419043487923, 20.36686708850896, 18.469012943036265, 88.0231842604136, 52.908585435265266, 8.36267591389631, 70.04815560954533, 22.737814205564447, 37.66423916885603, 11.341665331201439, 10.996491116528723, 30.103089932506396, 24.56839240664491, 33.56356234060906, 14.194998135692067, 30.843881098668078, 39.09676390075317, 54.43710828855244, 46.370003471854695, 16.913691019506636, 53.11411488760642, 21.713563185369683, 66.23881190221314, 41.639983860044], [112.88069356649919, 4.533773223028732, 87.02901148602521, 52.83800530191475, 8.633906562844818, 19.721448628578774, 80.97586257583328, 0.0, 63.06970948624102, 45.83435780849361, 93.64417467053634, 99.1302816706695, 81.21224890561861, 76.69806090868501, 49.4687632029225, 62.88408413902492, 73.21021484715195, 84.27560150659843, 50.09246976647555, 76.49233900722605, 88.79648142476586, 62.2265900718034, 65.15940656253804, 76.01430526065545, 110.24028985172114, 99.11729231483929, 67.20829975143738, 73.34517435278156, 85.4799198705975, 62.928702060053084, 64.19607725768876, 45.15820796502211, 83.25506508093582, 56.8130131175161, 73.8243380782861, 93.65648120368614, 114.94204789406001, 48.762728358176425, 96.00644198816836, 92.84255145832878, 85.09380771709334, 95.59727725123375, 106.20248252143114, 93.51759997186107, 99.34340812700125, 13.017720922137928, 45.64260964604938, 88.08069333662992, 11.141336031483135, 74.29480938283159, 53.69844617127386, 70.00501915203861, 90.06224042780688, 60.21634807636185, 64.63324410837177, 114.43119790649735, 82.66001413186221, 94.12750028147728, 56.803980131648984, 55.611292191987474, 51.86456109269726, 97.66341938020052, 53.95623869672937, 84.24763801700746, 64.26428960311762, 41.057328187161055], [90.00345270308271, 64.5039004314958, 59.132988625672816, 47.10331497275613, 56.500485786504285, 55.14463890780266, 48.9197347610949, 63.06970948624102, 0.0, 23.741466793412087, 33.02758650812195, 74.0040686617279, 38.845699100630824, 58.77595006607535, 14.35048433692093, 90.47038089809936, 71.6082085671984, 53.63639389614098, 13.850750404180474, 31.87484477934343, 94.68427543094887, 76.1880054230359, 3.3423361910634917, 36.11301952427413, 88.896880649322, 70.02836859838102, 21.973006386884528, 54.60313545315719, 104.41473809402514, 69.48083179462577, 44.853067178596056, 31.58408621033672, 94.0532263704537, 7.968195363562634, 82.1290623308578, 31.66234115621047, 85.35114618228393, 51.94862718701232, 45.26905677179712, 63.081990699853705, 50.04433666271692, 84.34380047106819, 72.05368682095023, 69.19841770116454, 63.43353061936309, 62.56252540673807, 17.437733854147837, 50.41524472417208, 56.16110449910488, 62.37672397115362, 58.82506215805975, 40.51267530873424, 59.62115078229768, 20.73674292071993, 25.046320285980126, 76.25689818896304, 60.85553514529305, 78.22200823516582, 13.035585490404133, 9.02484550991186, 66.14322931221518, 62.70257978969583, 9.72263210448352, 67.41225207542269, 89.96291661981522, 47.55834167157025], [79.97252489361847, 48.51331534490492, 49.638391346957455, 25.994056174124097, 37.860252179279115, 33.33923957012396, 40.84682763062506, 45.83435780849361, 23.741466793412087, 0.0, 48.70691353510974, 64.18616426661848, 37.03535505384186, 44.28635438794809, 11.197893086739684, 67.08910726292446, 52.433779080322466, 45.18481671304891, 11.292561731058456, 31.3970773860295, 74.94594336995435, 53.87053181830975, 26.95453616061472, 32.12920282758327, 78.13175325359889, 61.97491784330889, 21.430869340246595, 39.97649292397564, 82.4143347650958, 48.080001953669004, 28.936526597064578, 8.546636690203497, 73.18327241575655, 15.7738145543744, 61.20430883275645, 49.55085763556293, 78.3373104646971, 29.40584780683167, 50.58212272361908, 54.92322995347397, 43.9754570068623, 69.26102564961035, 66.888500733321, 58.66602846098094, 58.8488386941179, 49.63030446002681, 14.404187808870951, 46.09489611991855, 36.626710032398144, 45.78020252049294, 36.72790579409529, 29.67973612056822, 51.57748125802171, 14.468011225457063, 19.415335992111604, 73.6265377503604, 48.39963404149071, 64.55727020804652, 12.405350602898064, 21.902689008851574, 43.18271765179337, 57.503224596985156, 19.70198556164891, 53.31381998686347, 66.7267607284116, 24.011190360029733], [78.46466760238785, 95.70597904883326, 52.414572492767654, 61.00850116857348, 86.15675086775522, 81.91078059934945, 43.74717869270135, 93.64417467053634, 33.02758650812195, 48.70691353510974, 0.0, 64.42583725931893, 30.59560885467844, 59.35045042946775, 44.51576580781469, 105.76832588851342, 77.35615559904846, 47.182757594057364, 43.86608895397936, 27.626199554031007, 99.02712288051107, 88.44159820526866, 32.603236266244366, 32.78707400849682, 78.55184396013362, 58.68436850250257, 29.67990167499635, 56.52148289679384, 113.68498872579761, 80.09794344477045, 51.83874147496354, 52.97554575864974, 101.0000241087242, 37.293273812890305, 90.24349692204001, 5.26230232380085, 70.1586874935041, 67.81925445311381, 22.738491889594183, 53.42915346797397, 41.653148611098054, 81.2253583471571, 56.34631252347626, 61.5579347203437, 48.72903311548932, 94.80507564905929, 49.32870170864648, 39.44630709428327, 85.17651173330357, 65.33064981626721, 72.53199011991067, 43.00350198741117, 50.72231342323976, 35.834312390701974, 34.11968962046378, 56.54274257860169, 57.91255770527485, 73.68933427129038, 36.899014622350435, 42.03016762186724, 81.40074490585226, 49.02227427825988, 42.66661558406504, 65.43306159329751, 104.53856378232271, 67.31725990718454], [16.07109427382235, 103.24860961452052, 14.974506442903506, 46.321556445205644, 90.65149710216853, 79.74966911884849, 25.091169454600333, 99.1302816706695, 74.0040686617279, 64.18616426661848, 64.42583725931893, 0.0, 36.57551213897613, 22.436820034720853, 71.86674640070765, 68.92400050758467, 33.80925231363921, 20.368725107366174, 71.47538239734048, 42.97553234507167, 44.64709498957819, 51.702077118811374, 76.60146832459988, 38.05970872278699, 14.946498558205585, 6.24947229335675, 52.03704808225702, 25.924256446391055, 64.03017943653983, 44.36914423351946, 36.25877645655227, 58.773785349651014, 50.2572095336129, 69.90131717824472, 44.87281048375031, 69.49161919257314, 16.004512653750925, 50.773235670965256, 42.70752894671817, 11.318524151854955, 24.456128231114345, 20.498618926330632, 14.301146620251332, 5.678443312849813, 17.055214531389176, 107.97158316033844, 77.20235526052389, 25.44013707730237, 87.98975677706188, 25.945603743157804, 47.77349824470997, 34.92232656223876, 14.592748241117931, 54.923865899092036, 49.53709115366177, 23.337415345703906, 16.580912504953677, 13.26977500306807, 63.97355247315454, 79.42479269402392, 54.15562297482497, 16.050426107487215, 78.02974291377535, 16.092767447517645, 66.61552751284239, 58.07820610345275], [52.13072299952597, 84.43933658161093, 22.742826795766913, 35.78848917148685, 72.72714047747588, 64.89206779802241, 13.258513377853467, 81.21224890561861, 38.845699100630824, 37.03535505384186, 30.59560885467844, 36.57551213897613, 0.0, 28.80752933613782, 40.62523886580149, 77.98270244181528, 47.197254850046896, 17.176343274422436, 40.07530132265211, 6.986699351106793, 68.46813042506999, 59.92335944358208, 41.048518938101004, 5.228413080280404, 51.46103525630258, 31.817574335318493, 17.928961554745207, 26.241553936499304, 83.6782504022318, 51.28698263737955, 24.026515272312423, 36.05708472826937, 70.69974244060185, 36.49329016437594, 60.32450203599768, 35.06636125527601, 46.58143282442145, 42.88951892445911, 16.504246638845263, 25.273150275592794, 12.163750138764248, 51.191679415143284, 33.209502438038264, 32.61284613035941, 24.590527763689696, 86.45444016137243, 46.46128060678043, 11.656919919720178, 70.83160975676891, 34.956774317678985, 45.713584070879776, 14.661214897824387, 22.01064502234496, 23.460436506650876, 17.830433606233818, 37.996388680589114, 27.450040566308942, 43.8983508522792, 31.46508486339268, 45.67157740554523, 54.745332482955035, 23.878999874294966, 44.74725593582913, 34.96396068634417, 76.45695407425396, 45.41515477006967], [36.82219184620192, 80.83093339014181, 13.179407503755737, 23.926367270924043, 68.2329328832034, 57.32128740541699, 16.21779581225119, 76.69806090868501, 58.77595006607535, 44.28635438794809, 59.35045042946775, 22.436820034720853, 28.80752933613782, 0.0, 53.447622992039534, 53.05945131721738, 19.02918460269819, 14.768355962727101, 53.17442071405505, 32.52252832612932, 39.676675196261876, 34.666043927588, 61.81046960638571, 26.99577826618967, 34.557739973108276, 23.19562878625765, 37.722961762393744, 4.336500716541994, 55.33112010908275, 26.12957525894468, 15.350140820154765, 37.763411517867546, 42.05566202936579, 53.1200282732454, 32.34021348819197, 63.648059371444184, 38.33689344873526, 28.43665752560014, 42.53621099147175, 18.347671548038186, 19.892731479515763, 25.633265177164873, 31.631262528375963, 16.86223340438026, 27.415877258598847, 85.7063835359706, 58.22305001445073, 23.51923992541905, 65.55851608653083, 6.660101042355275, 26.254776123437672, 18.57582990076593, 16.98879197949674, 38.177207465948264, 33.85149635246703, 40.979909285680584, 6.319952036736991, 20.280627641652618, 46.94410331490609, 62.41593003375458, 33.79999936937032, 25.49585710589488, 60.68750549943235, 9.036859502457876, 51.121887625012505, 35.64291817890426], [87.88390581374105, 51.28241896967824, 56.968453493539656, 36.99690844070252, 42.502887042504916, 40.79855363983041, 47.36678315197007, 49.4687632029225, 14.35048433692093, 11.197893086739684, 44.51576580781469, 71.86674640070765, 40.62523886580149, 53.447622992039534, 0.0, 78.03818866560192, 63.152102677868456, 51.987267026356754, 0.6575643802252763, 34.01181583390487, 85.86111774009454, 65.06751113385887, 17.164895758287436, 36.436369044047005, 86.3027252387872, 68.93184460675162, 22.871205737769067, 49.112856205985466, 93.61208126592994, 59.218772813838484, 38.30052651352604, 19.73976250455684, 84.28797012699759, 7.344294741655435, 72.30114322414487, 44.219294573622214, 85.06602480474956, 40.60370884403818, 51.453269548761234, 61.81166330247452, 49.73467837171907, 78.87911322382327, 72.7350219421694, 66.5529590512997, 64.32522653244915, 50.38573373974248, 5.855501463693753, 51.161044692484474, 41.99647824026636, 55.693920555981315, 47.91591553956971, 36.95250074883626, 58.35588552784348, 17.464095951447757, 23.213833488109557, 78.49542172317139, 56.86976729562436, 73.66181320065047, 9.345735351648598, 10.723971390641362, 54.32573477251377, 63.214175533328884, 8.508797633396854, 62.45824020775241, 77.75120931060843, 34.9701678745277], [75.33760058903748, 67.20308496668508, 65.96742791271433, 45.14688508801186, 58.227256465371106, 47.83090546149229, 67.99618633603377, 62.88408413902492, 90.47038089809936, 67.08910726292446, 105.76832588851342, 68.92400050758467, 77.98270244181528, 53.05945131721738, 78.03818866560192, 0.0, 35.45261272653441, 67.67230671071592, 78.24195327780613, 78.55407101599279, 33.89837972138879, 18.42826091706789, 93.77754250065853, 74.08435324893637, 72.0919845466889, 72.86051567750475, 77.2289839906896, 53.43756907723984, 23.12830835828505, 27.116918202370485, 54.28627564156144, 58.902462436421075, 26.263675082812785, 82.58815094938443, 24.556521419825444, 108.84586664288699, 83.2403627415591, 38.98302050349588, 93.84047445696706, 70.32602312515556, 72.29780707552462, 53.49454856428553, 82.11538421222035, 65.21863225307179, 79.88671281140677, 75.8358504727472, 79.2819433294995, 76.08305687722877, 55.44923090205917, 46.56982512948576, 33.29194166804323, 63.5840868397607, 69.74437845071003, 72.94334559180382, 72.4673749951396, 91.66786005683858, 58.394357786006516, 57.20561400175187, 77.76304291191403, 88.70316188319964, 24.719725953238743, 77.99953069612388, 86.45909589805204, 53.90050683063619, 2.5448127001157266, 43.08724673341535], [42.79627123820859, 77.67079253519, 31.07604421323062, 26.694890107646305, 65.48949660515535, 53.594864886320636, 35.15892296563078, 73.21021484715195, 71.6082085671984, 52.433779080322466, 77.35615559904846, 33.80925231363921, 47.197254850046896, 19.02918460269819, 63.152102677868456, 35.45261272653441, 0.0, 33.70405798239089, 63.05628826324264, 49.88924782714735, 23.08988913349991, 17.896536671514482, 74.86836818570472, 44.57856048508936, 39.71087859247491, 37.43492286414222, 52.66996342846754, 20.956602943624993, 36.48938215962269, 11.34673839262428, 27.247788692834014, 44.279813318474496, 23.683902722097493, 64.79500726112337, 13.311703352165473, 81.349211673574, 48.89761436185178, 26.319512612766978, 61.53125634188694, 35.02409628346568, 38.921103268882185, 22.74006628078542, 46.67934158385905, 29.806506021597702, 44.636544013608315, 84.17303474921437, 66.8140840757543, 42.52461492555559, 62.532352799915934, 12.422199024249366, 19.789219921551133, 34.69212788848251, 34.756977116104096, 51.095411095885694, 48.16299264801859, 56.242447472452284, 23.440420269467324, 23.465020703638263, 58.79374544633071, 73.31648522561048, 22.495345517990863, 42.77714253832797, 71.30033359691159, 18.448065114658043, 33.27231896759632, 34.79667123043142], [36.398774988084476, 88.07049836656213, 5.650743305003222, 32.60858270696449, 75.64568987399768, 65.84337002022222, 4.7282173392903815, 84.27560150659843, 53.63639389614098, 45.18481671304891, 47.182757594057364, 20.368725107366174, 17.176343274422436, 14.768355962727101, 51.987267026356754, 67.67230671071592, 33.70405798239089, 0.0, 51.55916079236429, 22.97257617308178, 52.95693401865069, 49.24653902747573, 56.25130674358604, 17.81161915593773, 35.27075031910761, 16.948130604728025, 31.6683254084755, 14.495033539185272, 69.69478661733136, 40.60453438298976, 20.207047493026003, 40.95435357115885, 56.17181941809946, 49.63960704362123, 46.98625625699025, 51.90293232650659, 33.20332224948604, 38.80954750165637, 28.31787937916917, 9.829118253688709, 5.63642609893067, 34.1092283035442, 22.127226620008987, 15.7422549088569, 15.172433236041227, 91.72113152001121, 57.488492652297914, 8.885503049503084, 73.26202316240207, 21.423167153930443, 38.73965208457852, 15.512561525506358, 6.406070633496239, 34.78269321454968, 29.27835628293237, 30.18267791576683, 11.0856578824156, 26.73361211740265, 43.793087625244276, 59.15606117626024, 47.12565633055738, 13.41850883086544, 57.82104605014196, 18.469209948216264, 65.78975582648236, 44.29057783601702], [87.50100184615621, 51.921080990664464, 56.565197959167335, 36.97589955614392, 43.099911894282094, 41.29464059592989, 46.92885711116053, 50.09246976647555, 13.850750404180474, 11.292561731058456, 43.86608895397936, 71.47538239734048, 40.07530132265211, 53.17442071405505, 0.6575643802252763, 78.24195327780613, 63.05628826324264, 51.55916079236429, 0.0, 33.44116859145066, 85.80146415752236, 65.15412554475738, 16.71703540326452, 35.91799567421313, 85.93753446778013, 68.50025359176817, 22.29437803337383, 48.8413875170993, 93.68698601710193, 59.23746157903047, 38.062097738495346, 19.81378501437331, 84.28739263863741, 6.723441390172436, 72.2987646367092, 43.586332571158245, 84.61580283371119, 40.68604168276612, 50.82594244487148, 61.380490013113594, 49.25802122104878, 78.6347485326891, 72.24718073925989, 66.17725909823578, 63.825484195955916, 51.04198741763285, 6.443528320858324, 50.65363418144915, 42.57285065070112, 55.49115546753502, 47.97208438784151, 36.570796882353186, 57.92126172149271, 16.973561694670064, 22.71529103564883, 77.96528876999298, 56.53991973720593, 73.3721301347151, 8.743951613527257, 10.613471560592705, 54.462588265759216, 62.72514812326265, 8.42933889210573, 62.177435200002535, 77.93460932813683, 35.161603771677285], [58.72775249589042, 79.5128791370497, 28.623304988436928, 34.601544258142425, 68.13957668591867, 61.09018707682292, 18.53561275472258, 76.49233900722605, 31.87484477934343, 31.3970773860295, 27.626199554031007, 42.97553234507167, 6.986699351106793, 32.52252832612932, 34.01181583390487, 78.55407101599279, 49.88924782714735, 22.97257617308178, 33.44116859145066, 0.0, 71.99896005649394, 60.95645254513132, 34.12637488421949, 5.551079593722624, 57.91463348248262, 38.49268963128198, 11.156530856017055, 29.28347760221235, 86.10390368704275, 52.532712668805516, 24.33651176999576, 31.627218080508506, 73.57032273429473, 29.59287180767272, 62.6599268644201, 31.461259207371597, 53.50370472726778, 41.66322931089304, 19.571682426409943, 31.758547804643356, 18.55612659724726, 56.3588766026338, 40.18955264646061, 38.68760002894992, 31.57240924244177, 81.02350041341431, 39.86555008825946, 18.55575498245563, 66.42953265585136, 38.10627239229675, 45.54991644913439, 15.37749500151066, 28.388504820194235, 17.255110082255072, 11.991090936899221, 44.88119161588367, 32.307164575210834, 49.339423397586536, 24.750652233484995, 38.71077246242642, 54.55005405737168, 30.829537156841408, 37.82467207138313, 39.68091409624877, 77.21693567523266, 42.898668795324156], [45.54306343480288, 93.32876419365107, 48.80450748893773, 48.95824589393714, 82.08191199181483, 70.20130554929945, 55.572972410986736, 88.79648142476586, 94.68427543094887, 74.94594336995435, 99.02712288051107, 44.64709498957819, 68.46813042506999, 39.676675196261876, 85.86111774009454, 33.89837972138879, 23.08988913349991, 52.95693401865069, 85.80146415752236, 71.99896005649394, 0.0, 26.57028921610046, 97.95045754824287, 66.53210988874696, 42.37260400092897, 50.23603261307073, 75.59835355068013, 42.71856139855316, 19.943855478935685, 27.92799866411468, 50.261483626472135, 66.58553435032783, 7.803730233268752, 87.79902365703869, 15.1751612545859, 103.29547311117135, 55.58109629814544, 46.952944940081174, 81.2516043491327, 50.810797909428516, 58.559204548709644, 24.783617244434062, 58.948101709773326, 43.238684014733664, 59.95767711642102, 100.89539823000156, 89.21986561657646, 61.7366228008512, 79.07338550756155, 33.91031213581676, 39.53675619765599, 57.17347825623828, 51.86710518203348, 74.18443021953509, 71.15782186732778, 67.76703877302981, 41.873260833084345, 31.378528202840606, 81.83495310844391, 96.17569962423457, 37.506456059159575, 58.363629365714395, 94.12071346355378, 34.681710142842576, 31.386272566102605, 54.960734390690334], [60.020828035070835, 66.75911232946312, 47.65357741322072, 29.25218814209923, 55.57995232450667, 43.76296367036407, 49.60686247227305, 62.2265900718034, 76.1880054230359, 53.87053181830975, 88.44159820526866, 51.702077118811374, 59.92335944358208, 34.666043927588, 65.06751113385887, 18.42826091706789, 17.896536671514482, 49.24653902747573, 65.15412554475738, 60.95645254513132, 26.57028921610046, 0.0, 79.53025221522846, 56.25059443416782, 56.8467797180356, 55.159935377064166, 60.74288870304241, 35.02321194307144, 28.573339397964947, 8.719150557822793, 36.62553027572176, 45.341205253063166, 21.55616428777884, 68.56747818697967, 11.758627091438566, 91.80026020262407, 66.7203352514114, 24.468765797265895, 75.58213840222597, 52.18236823279834, 53.882221671076316, 38.80310461031616, 64.36111846721704, 47.57368070954869, 61.680934457209624, 74.36354722353713, 67.36139486650188, 57.66295511341092, 52.575892452770546, 28.238509306105833, 17.363226702180658, 45.74712373678819, 51.44688080084302, 57.237400209071126, 55.96887706337774, 73.93639544562724, 40.13023239558436, 40.98937045096679, 63.188574846, 75.76758969355379, 11.66786770151056, 59.78089443872911, 73.5723364688026, 36.12982723303811, 16.63653045147828, 31.040136621377112], [92.55659989326867, 66.41467087132934, 61.791130193631076, 50.442531794334805, 58.826762694878354, 57.91863014693506, 51.55134187111409, 65.15940656253804, 3.3423361910634917, 26.95453616061472, 32.603236266244366, 76.60146832459988, 41.048518938101004, 61.81046960638571, 17.164895758287436, 93.77754250065853, 74.86836818570472, 56.25130674358604, 16.71703540326452, 34.12637488421949, 97.95045754824287, 79.53025221522846, 0.0, 38.59564388923244, 91.52154984575107, 72.48358638561507, 24.670522970145836, 57.66658823490908, 107.7541800151874, 72.81555349928695, 48.0388670932327, 34.88092511494613, 97.36612802878803, 11.212943441300961, 85.44795341278547, 30.726056391768505, 87.62479097092002, 55.285196627400616, 46.438572217576784, 65.59267598621155, 52.48344084029182, 87.33639731356682, 74.20505492608598, 71.88271879834133, 65.58749966380755, 64.07953534973691, 19.582292222883545, 52.678742417488195, 58.609265278272446, 65.52453980748636, 62.167341596268614, 43.45442692928339, 62.1476194448554, 23.902557582409955, 27.997466120412604, 78.09894376019521, 63.73863833670623, 81.12461176191137, 16.373076580853784, 9.927046500317672, 69.47236441000085, 64.92700322718754, 11.2504731836612, 70.38402000319489, 93.28199267813649, 50.833940160791016], [53.96777009824503, 79.26774694643291, 23.441527843607123, 31.043314298895524, 67.51845403153226, 59.670253141222, 13.229748701672206, 76.01430526065545, 36.11301952427413, 32.12920282758327, 32.78707400849682, 38.05970872278699, 5.228413080280404, 26.99577826618967, 36.436369044047005, 74.08435324893637, 44.57856048508936, 17.81161915593773, 35.91799567421313, 5.551079593722624, 66.53210988874696, 56.25059443416782, 38.59564388923244, 0.0, 53.00222479990652, 33.91553853782069, 14.359519295758174, 23.84131073749077, 80.90555304575365, 47.71992415692686, 19.82142954464425, 30.856114900544792, 68.24071549914089, 32.90062883897707, 57.4684977830877, 36.814367694511226, 49.404055648298296, 38.156430217644434, 21.420170147052488, 26.99703294625772, 13.939643997396256, 50.86409229416749, 36.501848149398306, 33.55131643339538, 27.981605854443952, 81.39448664094485, 42.22030400323388, 14.774639235077101, 65.61057357289334, 32.67005357743766, 41.40633572934516, 10.510062415161654, 23.555335506818263, 19.030559733145953, 13.283941079486963, 42.08300101224795, 26.796463664755155, 43.91114941556848, 27.499414453933976, 42.28648104984849, 50.445907667274994, 26.99720977876546, 41.18190771751748, 34.1449147830825, 72.65598656177524, 40.339525900891445], [3.2518806800941578, 114.51685093818313, 29.77448792760553, 58.10876814417761, 101.96316216700166, 90.5794885321743, 39.97902093981643, 110.24028985172114, 88.896880649322, 78.13175325359889, 78.55184396013362, 14.946498558205585, 51.46103525630258, 34.557739973108276, 86.3027252387872, 72.0919845466889, 39.71087859247491, 35.27075031910761, 85.93753446778013, 57.91463348248262, 42.37260400092897, 56.8467797180356, 91.52154984575107, 53.00222479990652, 0.0, 19.961651099298898, 66.92410403836129, 38.623456652447885, 62.29541649745032, 51.04433603251003, 49.53273246705853, 72.15435229108044, 49.4065243260186, 84.63068440316445, 47.57178901874443, 83.69911152005305, 14.176339106918892, 61.4781016249995, 56.29648292260057, 26.191000085998994, 39.378235478885564, 18.62112499510909, 23.768400197322514, 19.809203221060685, 29.985651027318738, 119.88141817294434, 91.51009876712834, 40.15841759055812, 99.16987304991737, 35.95306882902142, 57.139197050270276, 49.38889937130837, 29.526272458407668, 69.5855298554599, 64.29485575208318, 29.565417295321975, 29.74652418483241, 16.432020398068907, 78.64315093485367, 94.15151558590941, 61.94941689953037, 29.53836723758573, 92.70164075238584, 26.139097354515204, 69.61012594200137, 69.41017902255383], [20.34138881609141, 103.11066366916785, 12.446881695341716, 46.3710939188194, 90.54956102993808, 80.04059593127262, 21.580812980763227, 99.11729231483929, 70.02836859838102, 61.97491784330889, 58.68436850250257, 6.24947229335675, 31.817574335318493, 23.19562878625765, 68.93184460675162, 72.86051567750475, 37.43492286414222, 16.948130604728025, 68.50025359176817, 38.49268963128198, 50.23603261307073, 55.159935377064166, 72.48358638561507, 33.91553853782069, 19.961651099298898, 0.0, 48.17510974234429, 25.912540666349944, 69.33536350045001, 47.36042659307135, 35.23415516828629, 57.239977223740055, 55.49875918722513, 66.42480192074494, 49.285700910063824, 63.80245996294881, 16.386560022729824, 51.49562454135711, 36.69938746770767, 7.120234806651657, 20.000210481919456, 26.51914559715021, 9.262723454767572, 7.64767813355635, 10.813619429059043, 107.36543025829222, 74.43549778870376, 20.315277600193948, 87.99271914459318, 27.97857352660623, 49.36548191066684, 32.321631802219024, 10.584649292594694, 51.68034905383817, 46.11043938078813, 18.80863856836856, 16.8892068134786, 19.0270183419975, 60.65646897289802, 75.9195420743565, 56.438619529101686, 9.899058623557794, 74.6469592329214, 19.030767912134184, 70.63157751414768, 58.258248132317036], [68.05160043194942, 69.94333011119794, 37.16083570668672, 32.08663897352118, 59.09861325806898, 53.268383724581845, 26.948659284845544, 67.20829975143738, 21.973006386884528, 21.430869340246595, 29.67990167499635, 52.03704808225702, 17.928961554745207, 37.722961762393744, 22.871205737769067, 77.2289839906896, 52.66996342846754, 31.6683254084755, 22.29437803337383, 11.156530856017055, 75.59835355068013, 60.74288870304241, 24.670522970145836, 14.359519295758174, 66.92410403836129, 48.17510974234429, 0.0, 33.76937350169258, 87.66716842857431, 52.923616991453464, 25.450091233139954, 23.73131881437647, 76.05181144663224, 18.61411524624555, 64.49217420268238, 31.95280149767271, 63.763017578932896, 38.590378448550865, 29.323511176868042, 41.17589657670631, 28.26694136951076, 62.98949931007906, 50.79599764686682, 47.23370663079458, 42.22909817196372, 70.83606071616477, 28.726643268172474, 29.035726616436133, 57.66371099516556, 42.12651355882493, 43.98944294082639, 19.15335036514596, 37.704015460989595, 6.992953885641966, 4.778112678394815, 55.92488493047349, 39.176513187108036, 56.57307574751491, 13.594124628487199, 27.938444601201624, 52.57006374722103, 41.315580352066334, 26.89176533655755, 46.013987085224755, 76.21562108936858, 37.63820158434396], [40.784294889603366, 77.40997496787669, 14.594742564100548, 20.514328990528465, 64.82103632198198, 54.149398497236135, 14.630759885559893, 73.34517435278156, 54.60313545315719, 39.97649292397564, 56.52148289679384, 25.924256446391055, 26.241553936499304, 4.336500716541994, 49.112856205985466, 53.43756907723984, 20.956602943624993, 14.495033539185272, 48.8413875170993, 29.28347760221235, 42.71856139855316, 35.02321194307144, 57.66658823490908, 23.84131073749077, 38.623456652447885, 25.912540666349944, 33.76937350169258, 0.0, 57.44287084836601, 26.320687105825446, 11.050443083151055, 33.567593926735306, 44.50065832903531, 48.84755144770024, 34.134014134286055, 60.650426055358146, 41.60378645091452, 25.66878391639017, 40.90696301019081, 20.25868416183843, 18.860271607004066, 29.909926885866856, 33.798187669238956, 20.258383280559386, 28.630690041747776, 82.04751006105572, 53.889200863140964, 22.648243219584796, 62.206489516688265, 8.828743538811812, 24.519547101842633, 14.71735720270724, 18.23392072298642, 33.953135685374555, 29.767553142871257, 42.882907874962946, 9.349526254721622, 24.608876684193337, 42.66950121224576, 58.118111346896534, 32.690336151233744, 26.728801971016164, 56.37702427077184, 13.368878936396085, 51.64251986140293, 32.37677668271949], [65.45080100817529, 89.87706750175354, 66.27066842575532, 57.31167730998679, 80.21871162320825, 69.14483086841425, 71.54401489381198, 85.4799198705975, 104.41473809402514, 82.4143347650958, 113.68498872579761, 64.03017943653983, 83.6782504022318, 55.33112010908275, 93.61208126592994, 23.12830835828505, 36.48938215962269, 69.69478661733136, 93.68698601710193, 86.10390368704275, 19.943855478935685, 28.573339397964947, 107.7541800151874, 80.90555304575365, 62.29541649745032, 69.33536350045001, 87.66716842857431, 57.44287084836601, 0.0, 35.00861212162927, 62.46787868215317, 73.87491108554165, 13.85610687247446, 96.91245195588417, 23.444092547559947, 117.52823984922486, 75.50629493776407, 53.01004832784756, 97.84629373728252, 69.0816964476494, 75.10623710036047, 44.62944563752277, 78.28085514116815, 62.03627588969626, 78.52132928990947, 98.31910338641508, 95.92711310267538, 78.57973686083179, 77.33049115457383, 48.8464409234796, 45.74633644673616, 70.7594652634413, 69.65517549139297, 84.89545021957059, 82.96269603617259, 87.31196115540554, 58.85988102071331, 50.84258461589437, 91.3815867523108, 104.29840824868964, 39.8426080024103, 76.81974082774869, 102.11154756640936, 52.30649683132168, 21.36196373120596, 59.49565490784669], [54.11447321311281, 67.43469918008469, 39.221201521423964, 22.421022888166316, 55.54258643378613, 43.570171069570115, 40.89112050104028, 62.928702060053084, 69.48083179462577, 48.080001953669004, 80.09794344477045, 44.36914423351946, 51.28698263737955, 26.12957525894468, 59.218772813838484, 27.116918202370485, 11.34673839262428, 40.60453438298976, 59.23746157903047, 52.532712668805516, 27.92799866411468, 8.719150557822793, 72.81555349928695, 47.71992415692686, 51.04433603251003, 47.36042659307135, 52.923616991453464, 26.320687105825446, 35.00861212162927, 0.0, 28.26816182828077, 39.55865409918298, 25.145213203591435, 62.07876390090073, 13.239086606046707, 83.58345168451692, 59.83023033537976, 19.184311457605236, 66.8753075949678, 43.94717841941839, 45.18089603196294, 33.934260984716026, 56.467110586843894, 39.883486767775146