instance_id,num_cities,city_coordinates,distance_matrix,best_route,total_distance
581,52,"[[27.683402916651723, 31.933481735033876], [90.08698563290534, 20.4281618030289], [45.31770988278899, 63.99613484283234], [45.296648490740324, 4.911648848966854], [79.26794572960385, 95.44687822996195], [28.140294831740587, 26.990606138908767], [41.921342895561054, 37.08177655518441], [28.11156334335091, 44.428842209683594], [55.315553048991404, 24.144337697075045], [65.26237546963203, 3.8058631440121227], [72.64091470304406, 24.715318387418762], [31.71475981253431, 3.106192087948223], [95.14397463854301, 85.57376393123619], [26.465280317618657, 69.30611808127733], [84.77086214381949, 71.17735687156275], [54.304470158986675, 62.24611621170892], [11.518931455964443, 96.8608644615015], [94.58490275845686, 20.109517158895162], [67.20416394257477, 78.734533035468], [32.56366816487885, 35.70420291186907], [93.08959923306345, 12.00547450551207], [69.60489253078673, 1.241235512702299], [95.86076710318878, 72.99235737269947], [89.19549636444538, 82.01507230753843], [67.64678312170692, 59.32983181611026], [74.4493814914394, 19.593903049198413], [88.83142247315942, 38.43892390859117], [15.534791011759664, 24.476932086621517], [39.44070564359451, 33.73958422333104], [67.10615891429657, 80.37554740982043], [5.829361165355462, 49.24580536307378], [32.79061925760194, 8.224612052217017], [74.23279413225984, 96.21014291730809], [43.20972016865695, 28.844579754791276], [7.651491572385305, 10.238099692765646], [7.993138504235276, 34.01288757698826], [13.90975739058089, 38.8947861554824], [19.933864117715295, 2.150167929696223], [0.8271136103077503, 98.0383029335643], [61.24976150274419, 74.26457145429724], [0.48241445950822914, 26.098008107636893], [68.44753779069262, 92.00413432796067], [59.14216208936759, 70.15787334191675], [90.7713354696423, 86.54861078022314], [85.12991110463723, 17.651775710544648], [5.6010998100145315, 82.52114308396449], [67.58099431429278, 52.17194318643945], [80.59632197116349, 54.4149669129296], [99.30727016927841, 61.65231090857978], [85.48524848069567, 67.6853202129748], [2.5124322460994497, 4.567488083363314], [10.128455019744253, 82.48343485839058]]","[[0.0, 63.45533486289469, 36.5921098938962, 32.25532316030464, 81.82246996726042, 4.9639469558852785, 15.140141161766408, 12.502693899413424, 28.708996600024694, 46.93977104481486, 45.5332817633043, 29.107807660814164, 86.18705593726158, 37.39248280249431, 69.27524620486751, 40.342744453463105, 66.90930552107517, 67.9383310023203, 61.25544020651541, 6.167278742402255, 68.37467359132958, 51.95599358726822, 79.58633209322437, 79.32151886217305, 48.45236583675446, 48.36653754613229, 61.493097771673085, 14.254434533678406, 11.89521641716575, 62.45628404964689, 27.880381817137813, 24.252714495290242, 79.36205009502093, 15.830598310028016, 29.529088608768884, 19.799758616872772, 15.432856842205439, 30.77500825058277, 71.35199829714458, 54.02426848695379, 27.819894419312583, 72.596129338754, 49.50512743548159, 83.44399052318485, 59.19517235351391, 55.19727883915553, 44.73715593612485, 57.490818211895885, 77.54474300472143, 67.96504473008434, 37.181653715792095, 53.51143762259332], [63.45533486289469, 0.0, 62.46964323563082, 47.40186152001187, 75.79485100436457, 62.293323694250184, 50.96343811611122, 66.4604064684454, 34.96945077082512, 29.875777520728114, 17.96510791698252, 60.888154693951456, 65.34158411340994, 80.22952073372709, 51.02687496854291, 55.037530145961945, 109.61248639105494, 4.509189824964658, 62.63590387953594, 59.5171360574947, 8.94188737032657, 28.065179107112087, 52.88034803547688, 61.59336245575692, 44.909938972907426, 15.659841983670704, 18.054472866059232, 74.66205370627361, 52.36639803927122, 64.20130401915586, 89.04944615924602, 58.58156899856421, 77.42263267122934, 47.626821314721, 83.06291619497269, 83.2102428234597, 78.38358449100055, 72.49514134311765, 118.2821151306998, 61.073271565164475, 89.78377544014432, 74.77556784007483, 58.571548672386015, 66.12399040926667, 5.681628957732498, 104.84943122226825, 38.91255969158578, 35.28704604126959, 42.24268121708625, 47.48068034264829, 88.9992324221968, 101.21375169309414], [36.5921098938962, 62.46964323563082, 0.0, 59.08448974766154, 46.27923696062231, 40.79795022415827, 27.12780843982452, 26.056293284500278, 41.08676920521459, 63.40866259864499, 47.849138582146914, 62.39090782563519, 54.29779679312253, 19.58596493671617, 40.101386175018675, 9.155568003740882, 47.14284543866451, 65.97947791233518, 26.386308051635407, 31.033836252201425, 70.60582252481359, 67.29074699326765, 51.33743909654528, 47.43355620114116, 22.811442208816093, 53.1056727569649, 50.46398928081943, 49.48524672025811, 30.822038125632677, 27.258423784918506, 42.15331427291416, 57.161094757848836, 43.287693555748454, 35.214704964580804, 65.640462711675, 47.87607696122874, 40.20618342589515, 66.85254856208383, 56.02037455246592, 18.95444695222179, 58.70665827425197, 36.32405503530941, 15.135471586411668, 50.74097210239903, 61.09673468779974, 43.82447998558367, 25.208437912832885, 36.55652130308627, 54.040412013263285, 40.336599332487076, 73.2397149722459, 39.75001785762589], [32.25532316030464, 47.40186152001187, 59.08448974766154, 0.0, 96.69889759020325, 27.96105909803405, 32.3467124217469, 43.09217704678309, 21.685819534329095, 19.996325057893173, 33.76231955712675, 13.701363953383932, 94.82158369079625, 67.09149048115297, 77.13207895075091, 58.03776355939522, 97.95709479073875, 51.578166019402055, 77.00491843308404, 33.32131710625393, 48.31654481752171, 24.58378860894879, 84.80396785615162, 88.7245555281654, 58.82913526024183, 32.64123817826564, 54.9486552940472, 35.61696883184766, 29.41669465758443, 78.5522420489575, 59.35641669307383, 12.937406709468535, 95.7742947963292, 24.023747658608126, 38.020112019811016, 47.31209097914164, 46.26003192959076, 25.512675438300437, 103.19938581926871, 71.16410393361751, 49.56992425295276, 90.11695013862484, 66.69908588124869, 93.4480642346031, 41.821043063471926, 87.17207225066984, 52.250621906808185, 60.80004479575941, 78.33677287880428, 74.53628234403102, 42.785600455068675, 85.17149650384944], [81.82246996726042, 75.79485100436457, 46.27923696062231, 96.69889759020325, 0.0, 85.44178061661688, 69.29108049923059, 72.2482903480418, 75.21814542761764, 92.70507884841203, 71.04133372893737, 103.8658163595765, 18.695632641694026, 58.91910399659108, 24.885573250934748, 41.538725439732424, 67.7637682844806, 76.87865208089967, 20.61158200878767, 75.83189828169898, 84.57840126815083, 94.69993514725944, 27.920014829239122, 16.702385217237506, 37.94064393258896, 76.00587085936748, 57.80455815359223, 95.3868348666487, 73.44385056959784, 19.36631279389884, 86.7626926556096, 98.83251283442327, 5.09267361914992, 75.73679286040468, 111.30791726491854, 94.09693593610321, 86.42818927271131, 110.56585998208472, 78.48362648070001, 27.80908274595596, 104.95916217631657, 11.354898217915483, 32.3199773415944, 14.543285018121008, 78.01564339326272, 74.7922376774822, 44.82527006505296, 41.05340826006956, 39.28927721959224, 28.44923473538924, 118.95575817729092, 70.34429642598396], [4.9639469558852785, 62.293323694250184, 40.79795022415827, 27.96105909803405, 85.44178061661688, 0.0, 17.080661758481334, 17.43825973996538, 27.32390717333882, 43.7673528857472, 44.55874889718437, 24.15040443670959, 89.00269369279357, 42.348650799845515, 71.8295906601005, 43.90347436192478, 71.82007183605036, 66.79996488087335, 64.83378625828396, 9.772052003855835, 66.65557975358045, 48.80925065998746, 81.86710866546801, 82.19141993749632, 51.054756236869984, 46.89608431258227, 61.76145200804964, 12.853687556366689, 13.1623702159101, 66.09304440104809, 31.51303942137464, 19.33359902675941, 83.16166643102184, 15.183043112409493, 26.46578038200715, 21.33589334151568, 18.553104800308734, 26.160903567916076, 76.11691722777623, 57.71537559332739, 27.672279955402054, 76.4946578692959, 53.14629555515054, 86.42802304947926, 57.749719624442726, 59.9304250413227, 46.79389395182168, 59.1923166223077, 79.1591571217983, 70.31716335696993, 34.05265869269877, 58.34278372431985], [15.140141161766408, 50.96343811611122, 27.12780843982452, 32.3467124217469, 69.29108049923059, 17.080661758481334, 0.0, 15.642550463788279, 18.62208876151048, 40.64591264778881, 33.11527411407314, 35.47555042731584, 72.00084283762403, 35.739306893161036, 54.75938181642919, 28.046137544609007, 67.06598222835257, 55.33089667127887, 48.72548781183341, 9.45852977518205, 56.98255330455767, 45.28712071465626, 64.7999328587746, 65.22151986398465, 34.01138394305962, 36.93100343419223, 46.92970716843938, 29.242643936436448, 4.162188217625864, 50.0861812550257, 38.086674074440474, 30.267243966111398, 67.38095865802951, 8.337345328474582, 43.531663156908294, 34.06671590834772, 28.070196406751194, 41.2754952020021, 73.51485420421571, 41.906419584163885, 42.869895722262356, 60.99265856589087, 37.29054561616203, 69.52186319953786, 47.376210269512804, 58.17126514293813, 29.76794987717267, 42.3815230315773, 62.42480122095512, 53.23899655557762, 51.09051960399352, 55.42651257444715], [12.502693899413424, 66.4604064684454, 26.056293284500278, 43.09217704678309, 72.2482903480418, 17.43825973996538, 15.642550463788279, 0.0, 33.934026864294054, 55.04915321612331, 48.69790708034596, 41.47944596880354, 78.65270972776773, 24.931688723233215, 62.655879031241305, 31.678440938843977, 54.994839670331274, 70.78230304194534, 52.010689715141694, 9.794925636207855, 72.61831670704495, 59.89044781323694, 73.52434296584953, 71.72148608537363, 42.250125374651226, 52.57344951427782, 61.01459181210305, 23.58503593042474, 15.575933408883422, 53.035309921665956, 22.796922334433297, 36.50533995929226, 69.34313976492004, 21.698469434144467, 39.84496719450581, 22.654869872005715, 15.241950948982051, 43.06229282676698, 60.15326654754725, 44.59048011413547, 33.15704068402823, 62.37306513837524, 40.30981396061901, 75.50047647104337, 62.9928827069082, 44.24640498822936, 40.221780093702755, 53.42632847958511, 73.24941327045067, 61.908024644279706, 47.373442620503916, 42.08971616247364], [28.708996600024694, 34.96945077082512, 41.08676920521459, 21.685819534329095, 75.21814542761764, 27.32390717333882, 18.62208876151048, 33.934026864294054, 0.0, 22.640512878761097, 17.334767820552532, 31.616467419065355, 73.21118475870546, 53.59034095940712, 55.495226159910274, 38.11519138858778, 84.8872035565099, 39.47608900815294, 55.8697458027413, 25.520163588114286, 39.67657450813881, 26.995134978247734, 63.4826228895032, 67.05872414095766, 37.283752916074654, 19.6674819524419, 36.43691395022838, 39.782152371268396, 18.54938101512458, 57.45404539655775, 55.488439031308275, 27.582790049486096, 74.50733045978139, 12.986279880231725, 49.651245824029274, 48.340450919267205, 43.95469990604166, 41.66062187949031, 91.81126363815379, 50.47031465972038, 54.86793157798619, 69.1187458077867, 46.17237701577651, 71.77329451889929, 30.51310058678391, 76.67710393611108, 30.593916370742853, 39.438918220712004, 57.81106494111927, 52.9719518319996, 56.31538517423712, 73.792439219084], [46.93977104481486, 29.875777520728114, 63.40866259864499, 19.996325057893173, 92.70507884841203, 43.7673528857472, 40.64591264778881, 55.04915321612331, 22.640512878761097, 0.0, 22.17314050365951, 33.55491105431576, 87.05687547828016, 76.12816817105949, 70.13914184960024, 59.45871565560019, 107.45971824199137, 33.55025694150328, 74.95382654792496, 45.68051597068014, 29.010136312325756, 5.043289533002983, 75.6507273872281, 81.78920878545017, 55.57514279740007, 18.26645241125051, 41.89210993227135, 53.85281559254762, 39.532091903406254, 76.59188002625599, 74.81357856809154, 32.77102826289216, 92.83867368400077, 33.36550517133725, 57.96885034603639, 64.74743105091649, 62.19585116129354, 45.358739709382945, 114.15627744268498, 70.57287472960914, 68.50827012523686, 88.25576637732422, 66.63367218698673, 86.58561847484735, 24.21628103174112, 98.77025417279201, 48.421624219116225, 52.88110531754122, 67.1212810820001, 67.00410157779189, 62.75456514951565, 96.07241786821918], [45.5332817633043, 17.96510791698252, 47.849138582146914, 33.76231955712675, 71.04133372893737, 44.55874889718437, 33.11527411407314, 48.69790708034596, 17.334767820552532, 22.17314050365951, 0.0, 46.28071405616452, 64.88557698341326, 64.19134387309786, 48.01933615761521, 41.77063542544014, 94.5562089679143, 22.422132296745758, 54.29211554197793, 41.55648292592359, 24.076727985976323, 23.669600703000775, 53.5708319766533, 59.64323912473461, 34.97293082023256, 5.431339355194774, 21.224275967743157, 57.106621254217806, 34.40481442281544, 55.93473533026932, 71.17252614163846, 43.127594907702516, 71.51254445673727, 29.71945509529091, 66.58239241712944, 65.31293715862195, 60.4185910581077, 57.33427593145361, 102.63275349585722, 50.841782528922685, 72.17174646812114, 67.41935301238932, 47.40508541198726, 64.43654402051631, 14.34812413756687, 88.52033749223644, 27.91897275500477, 30.746668556780676, 45.55695260176949, 44.848611651644376, 72.96532818863356, 85.11734779855368], [29.107807660814164, 60.888154693951456, 62.39090782563519, 13.701363953383932, 103.8658163595765, 24.15040443670959, 35.47555042731584, 41.47944596880354, 31.616467419065355, 33.55491105431576, 46.28071405616452, 0.0, 104.03925076225715, 66.40773476403025, 86.30546604697646, 63.30739008125978, 95.9052140130053, 65.12885641180128, 83.54126980109669, 32.60906246838662, 62.01667631728823, 37.93600164005605, 94.86193308983465, 97.62502984409193, 66.72486765346997, 45.80493972030609, 67.16185741473446, 26.80484878683212, 31.592640799790868, 84.98884869344896, 52.904799180239884, 5.230267342705016, 102.35296235307123, 28.188627374839125, 25.097907970207725, 38.9607384882088, 39.97301060186122, 11.819622902756528, 99.83061833685224, 77.04434618377877, 38.78250894583669, 96.18805077815675, 72.4443949152661, 102.22678888413071, 55.36020583849187, 83.59819184902786, 60.776925787622915, 70.86605317857466, 89.42256697996355, 84.03409570526401, 29.23886662105044, 82.26004634356205], [86.18705593726158, 65.34158411340994, 54.29779679312253, 94.82158369079625, 18.695632641694026, 89.00269369279357, 72.00084283762403, 78.65270972776773, 73.21118475870546, 87.05687547828016, 64.88557698341326, 104.03925076225715, 0.0, 70.57902914553765, 17.74423847495306, 47.03237474614765, 84.38333061492919, 65.46663399654106, 28.764702344578012, 80.0204216097498, 73.5969677862733, 88.1148118330258, 12.601808696713483, 6.931715505557638, 38.01104463411787, 69.14917372996734, 47.55566694728429, 100.35160675929424, 76.08966002496658, 28.515619677473623, 96.42002257620052, 99.35206200006877, 23.460818998954604, 76.91142388922394, 115.45733800557443, 101.26101031160515, 93.69058126662691, 112.32122281378206, 95.13692767143579, 35.73115613264438, 111.79524366589764, 27.459960011084043, 39.163505837550254, 4.479988803600358, 68.6562302512515, 89.59489341806662, 43.305883127151894, 34.38756795353149, 24.28104084242269, 20.32947145534506, 123.05535084970805, 85.07166807952476], [37.39248280249431, 80.22952073372709, 19.58596493671617, 67.09149048115297, 58.91910399659108, 42.348650799845515, 35.739306893161036, 24.931688723233215, 53.59034095940712, 76.12816817105949, 64.19134387309786, 66.40773476403025, 70.57902914553765, 0.0, 58.335601537157984, 28.72044772321695, 31.347366593906248, 84.02730808373242, 41.8156866206466, 34.15082777016862, 87.87584210204638, 80.58445495861115, 69.49332303408625, 64.00466797669336, 42.372661715399595, 69.09253424831888, 69.58677578002468, 46.142513080769056, 37.859476925314425, 42.12141116783153, 28.77945978664058, 61.408145155865114, 54.82300546677185, 43.789409103923056, 61.99184981347003, 39.835061724599186, 32.90121981739044, 67.47281703277258, 38.50784385677616, 35.13611235140799, 50.418747363404094, 47.72535892028656, 32.68798080868386, 66.57756591892127, 78.16463388982307, 24.697184334970952, 44.5430340994324, 56.14192776897129, 73.24299454409369, 59.04221902757821, 69.02774184879652, 20.988890829618878], [69.27524620486751, 51.02687496854291, 40.101386175018675, 77.13207895075091, 24.885573250934748, 71.8295906601005, 54.75938181642919, 62.655879031241305, 55.495226159910274, 70.13914184960024, 48.01933615761521, 86.30546604697646, 17.74423847495306, 58.335601537157984, 0.0, 31.748513355710234, 77.62401633270956, 52.00230423841295, 19.123278936048393, 63.11842643002808, 59.753770169770064, 71.56163570674366, 11.237447166815521, 11.70612932858335, 20.82301448626328, 52.60594710773156, 32.98928830786129, 83.51385047342507, 58.79124007193227, 19.91603498101995, 81.9313952542146, 81.63941285188075, 27.16047228286576, 59.324468313655096, 98.29033717938789, 85.29956990057885, 77.86822547668709, 94.70263526562067, 88.13661748219755, 23.722838557968586, 95.58603505748388, 26.461397868512332, 25.648969046499356, 16.500943211174885, 53.526785395547535, 79.97832677434454, 25.62610593397423, 17.2743886368926, 17.379115595437096, 3.5643607930788193, 105.84575527256285, 75.4938165727527], [40.342744453463105, 55.037530145961945, 9.155568003740882, 58.03776355939522, 41.538725439732424, 43.90347436192478, 28.046137544609007, 31.678440938843977, 38.11519138858778, 59.45871565560019, 41.77063542544014, 63.30739008125978, 47.03237474614765, 28.72044772321695, 31.748513355710234, 0.0, 55.03438124031497, 58.292420005846786, 20.934898831003764, 34.30941026836833, 63.46974331398578, 62.894343099006214, 42.92327474465186, 40.102310841008155, 13.657306830820815, 47.17021030536769, 41.9391564228799, 54.12577288735638, 32.14893251063622, 22.193681771055623, 50.18808896646261, 58.14781760531528, 39.37884211657813, 35.19596731204756, 69.86654559398627, 54.238866496054186, 46.658519426111596, 69.23049587832392, 64.34988961736215, 13.880934344192097, 64.83439981384448, 32.94792867908657, 9.273573426714595, 43.822865125846825, 54.21128124502842, 52.75504713314001, 16.665984993077775, 27.43334414637117, 45.00671742645022, 31.65163308448625, 77.51928362632054, 48.5908363746695], [66.90930552107517, 109.61248639105494, 47.14284543866451, 97.95709479073875, 67.7637682844806, 71.82007183605036, 67.06598222835257, 54.994839670331274, 84.8872035565099, 107.45971824199137, 94.5562089679143, 95.9052140130053, 84.38333061492919, 31.347366593906248, 77.62401633270956, 55.03438124031497, 0.0, 113.0960870286492, 58.56115613659153, 64.67625681070156, 117.70391262054498, 111.87981191569733, 87.65415489862185, 79.08252828950351, 67.51973151635761, 99.65151713625711, 96.90378942668673, 72.49524669951177, 69.02116699021144, 57.98021675363762, 47.953780487450054, 91.15300292964969, 62.71723854180216, 75.03679813622635, 86.70905643260596, 62.94679828565369, 58.01536247261731, 95.08379004457866, 10.756455280444227, 54.62369371261083, 71.61833945834505, 57.135400994519124, 54.598734698662476, 79.92049873426879, 108.13258558637298, 15.512844374104912, 71.69417393805337, 81.07613766758486, 94.58559434360232, 79.51244202262174, 92.73178716758335, 14.444511300563063], [67.9383310023203, 4.509189824964658, 65.97947791233518, 51.578166019402055, 76.87865208089967, 66.79996488087335, 55.33089667127887, 70.78230304194534, 39.47608900815294, 33.55025694150328, 22.422132296745758, 65.12885641180128, 65.46663399654106, 84.02730808373242, 52.00230423841295, 58.292420005846786, 113.0960870286492, 0.0, 64.70392062798028, 63.95176122864518, 8.24083976066192, 31.30515873230102, 52.898228882495836, 62.139709200651446, 47.58040953349198, 20.14212189925955, 19.21118651174643, 79.17066679216641, 56.80370765736875, 66.23500407985506, 93.41557393605046, 62.9268181523488, 78.77508214121103, 52.11248127550158, 87.49207314515526, 87.70084005094475, 82.83335929081991, 76.78095984603097, 121.91562114127566, 63.59246455576529, 94.29284346066208, 76.49835178188219, 61.32720295887389, 66.54845194810997, 9.76920468619319, 108.68913578540405, 41.9190915220326, 37.047864651950114, 41.81033922956886, 48.438215741450996, 93.37502071771445, 104.9923672169807], [61.25544020651541, 62.63590387953594, 26.386308051635407, 77.00491843308404, 20.61158200878767, 64.83378625828396, 48.72548781183341, 52.010689715141694, 55.8697458027413, 74.95382654792496, 54.29211554197793, 83.54126980109669, 28.764702344578012, 41.8156866206466, 19.123278936048393, 20.934898831003764, 58.56115613659153, 64.70392062798028, 0.0, 55.24104686074002, 71.57389896095057, 77.53047567702744, 29.226246526829343, 22.23467201477939, 19.40974861120771, 59.582776810947855, 45.73264071158352, 74.92403726300336, 52.871117212765995, 1.64393830857459, 68.09149341642608, 78.45980509056163, 18.836097873116376, 55.36010088834566, 90.76498315486207, 74.20223113878482, 66.53945597305804, 89.99803455735166, 69.12704494690162, 7.445499644255107, 84.98467868127334, 13.327726624893927, 11.77093731952144, 24.828841793110286, 63.65874373354904, 61.71933186757374, 26.56526266794221, 27.763126499931726, 36.364979612195135, 21.360785469796554, 98.41631321491508, 57.19869591102219], [6.167278742402255, 59.5171360574947, 31.033836252201425, 33.32131710625393, 75.83189828169898, 9.772052003855835, 9.45852977518205, 9.794925636207855, 25.520163588114286, 45.68051597068014, 41.55648292592359, 32.60906246838662, 80.0204216097498, 34.15082777016862, 63.11842643002808, 34.30941026836833, 64.67625681070156, 63.95176122864518, 55.24104686074002, 0.0, 65.00013892099697, 50.59395640273213, 73.463795144962, 73.15641181337398, 42.29651636003762, 44.87710710975004, 56.334171457712415, 20.39691808287417, 7.152158490624545, 56.46868766341448, 29.968286031924457, 27.48052802644739, 73.46621560164407, 12.664630003449197, 35.62497657180441, 24.628671814910533, 18.924804057371258, 35.85226929853434, 69.94818739974592, 48.06031599060296, 33.48859235508733, 66.76327116595635, 43.51404078451491, 77.28703865814482, 55.579672764967015, 54.025975043198365, 38.69624788535881, 51.548312495927284, 71.61014395412602, 61.834339383149675, 43.27322255804191, 51.880972720006696], [68.37467359132958, 8.94188737032657, 70.60582252481359, 48.31654481752171, 84.57840126815083, 66.65557975358045, 56.98255330455767, 72.61831670704495, 39.67657450813881, 29.010136312325756, 24.076727985976323, 62.01667631728823, 73.5969677862733, 87.87584210204638, 59.753770169770064, 63.46974331398578, 117.70391262054498, 8.24083976066192, 71.57389896095057, 65.00013892099697, 0.0, 25.834091623014107, 61.04980960838823, 70.1178138674679, 53.730174823254316, 20.125654404709177, 26.774228591384844, 78.55116506100099, 57.884154209942075, 73.14100108515989, 94.87460877396933, 60.41739738661245, 86.29023861915212, 52.64558671983931, 85.45638568513391, 87.89615383321149, 83.62106454243322, 73.81658789168125, 126.15075830378458, 69.92832344316066, 93.67331623792559, 83.70792534472129, 67.33594863855015, 74.57917613212778, 9.758962670271963, 112.3685767746614, 47.58186767244274, 44.21139019525977, 50.034665949759486, 56.196720263480614, 90.88204895027638, 108.85630135497468], [51.95599358726822, 28.065179107112087, 67.29074699326765, 24.58378860894879, 94.69993514725944, 48.80925065998746, 45.28712071465626, 59.89044781323694, 26.995134978247734, 5.043289533002983, 23.669600703000775, 37.93600164005605, 88.1148118330258, 80.58445495861115, 71.56163570674366, 62.894343099006214, 111.87981191569733, 31.30515873230102, 77.53047567702744, 50.59395640273213, 25.834091623014107, 0.0, 76.40415196656444, 83.11560905826404, 58.12158990390944, 18.981292869429204, 41.87275338000356, 58.851282684008964, 44.33983355272191, 79.17375189490863, 79.82328687458505, 37.47076546489773, 95.08160099018897, 38.1922732679505, 62.60325435140701, 69.78530943723685, 67.22899638023907, 49.679344014900316, 118.7436530283332, 73.49976739102505, 73.45594678819863, 90.77027746648815, 69.70632466263669, 87.89406454202386, 22.59052968178043, 103.45486386553556, 50.97090491779007, 54.29785660747853, 67.31811990739169, 68.31546015912353, 67.17486273313976, 100.68635246908835], [79.58633209322437, 52.88034803547688, 51.33743909654528, 84.80396785615162, 27.920014829239122, 81.86710866546801, 64.7999328587746, 73.52434296584953, 63.4826228895032, 75.6507273872281, 53.5708319766533, 94.86193308983465, 12.601808696713483, 69.49332303408625, 11.237447166815521, 42.92327474465186, 87.65415489862185, 52.898228882495836, 29.226246526829343, 73.463795144962, 61.04980960838823, 76.40415196656444, 0.0, 11.21762982167423, 31.347942463449947, 57.531229414588886, 35.26118900556647, 93.84033741270251, 68.7313868259631, 29.68735399494116, 93.1104332902, 90.40301091868047, 31.73065994313181, 68.71069066675541, 108.25420613827778, 96.12553886017177, 88.76154773227617, 103.84368253314142, 98.27865834067325, 34.63437941328561, 106.28316021842764, 33.36064754071928, 36.82784617489566, 14.480135386160612, 56.37136905528619, 90.76125438206392, 35.11744859580491, 24.044182695266628, 11.852216551892681, 11.654013476069078, 115.74054759613857, 86.25607159506234], [79.32151886217305, 61.59336245575692, 47.43355620114116, 88.7245555281654, 16.702385217237506, 82.19141993749632, 65.22151986398465, 71.72148608537363, 67.05872414095766, 81.78920878545017, 59.64323912473461, 97.62502984409193, 6.931715505557638, 64.00466797669336, 11.70612932858335, 40.102310841008155, 79.08252828950351, 62.139709200651446, 22.23467201477939, 73.15641181337398, 70.1178138674679, 83.11560905826404, 11.21762982167423, 0.0, 31.28845120122925, 64.13930367119853, 43.577669270916616, 93.46944470326694, 69.32576685074689, 22.150098665170404, 89.57531665649037, 92.87918058494208, 20.62480273130864, 70.29788681483166, 108.6340578054109, 94.32938386824907, 86.76002288310009, 105.71459999812305, 89.80932574224451, 29.00059241526961, 104.86528963297624, 23.02735644892836, 32.307832925776765, 4.799608314100251, 64.49157256833921, 83.5959283872737, 36.84832499062389, 28.908677210131742, 22.735215443690613, 14.802288149151803, 116.24148100874305, 79.06842853177062], [48.45236583675446, 44.909938972907426, 22.811442208816093, 58.82913526024183, 37.94064393258896, 51.054756236869984, 34.01138394305962, 42.250125374651226, 37.283752916074654, 55.57514279740007, 34.97293082023256, 66.72486765346997, 38.01104463411787, 42.372661715399595, 20.82301448626328, 13.657306830820815, 67.51973151635761, 47.58040953349198, 19.40974861120771, 42.29651636003762, 53.730174823254316, 58.12158990390944, 31.347942463449947, 31.28845120122925, 0.0, 40.314009718074175, 29.752629760267467, 62.692777424684266, 38.084689555791606, 21.05265824984991, 62.63450524140142, 61.86029135428608, 37.46375432270851, 39.070713315903006, 77.52053386657194, 64.80358772286003, 57.491382185329705, 74.47171679265053, 77.22184904457663, 16.247102315610313, 74.93601620571239, 32.684113154188786, 13.768626009457094, 35.71563872576883, 45.196461419077885, 66.2382346982264, 7.158190958751492, 13.850864717774918, 31.745556369740953, 19.698351015097174, 85.09640389047163, 62.00360797150857], [48.36653754613229, 15.659841983670704, 53.1056727569649, 32.64123817826564, 76.00587085936748, 46.89608431258227, 36.93100343419223, 52.57344951427782, 19.6674819524419, 18.26645241125051, 5.431339355194774, 45.80493972030609, 69.14917372996734, 69.09253424831888, 52.60594710773156, 47.17021030536769, 99.65151713625711, 20.14212189925955, 59.582776810947855, 44.87710710975004, 20.125654404709177, 18.981292869429204, 57.531229414588886, 64.13930367119853, 40.314009718074175, 0.0, 23.706073356648975, 59.11660463836439, 37.75854447008899, 61.22361643188512, 74.75254176537263, 43.182325651005, 76.61654600418812, 32.58053804149876, 67.44990106799496, 68.00249515118516, 63.541877332635416, 57.23832221024799, 107.58142126398688, 56.24155004715138, 74.25237770276449, 72.65854197306766, 52.83016238462708, 68.9154486963084, 10.855670012391784, 93.27338006568588, 33.29419531388136, 35.35945935479382, 48.85513587317007, 49.34141024560326, 73.4895762231086, 89.95707194743838], [61.493097771673085, 18.054472866059232, 50.46398928081943, 54.9486552940472, 57.80455815359223, 61.76145200804964, 46.92970716843938, 61.01459181210305, 36.43691395022838, 41.89210993227135, 21.224275967743157, 67.16185741473446, 47.55566694728429, 69.58677578002468, 32.98928830786129, 41.9391564228799, 96.90378942668673, 19.21118651174643, 45.73264071158352, 56.334171457712415, 26.774228591384844, 41.87275338000356, 35.26118900556647, 43.577669270916616, 29.752629760267467, 23.706073356648975, 0.0, 74.61456559697311, 49.61377532919388, 47.22994248764133, 83.70263357933062, 63.66691657367325, 59.58719405366267, 46.619643508956614, 85.93874369285574, 80.95935988290104, 74.92305192084882, 77.87006714930719, 106.2866142023096, 45.21310699295152, 89.20675658156418, 57.31260351806952, 43.44587362788849, 48.14878226207181, 21.11413546936857, 94.18348399818761, 25.301709733156468, 17.973614838269025, 25.467719194374702, 29.43719716924329, 92.72670725676505, 90.18911259559175], [14.254434533678406, 74.66205370627361, 49.48524672025811, 35.61696883184766, 95.3868348666487, 12.853687556366689, 29.242643936436448, 23.58503593042474, 39.782152371268396, 53.85281559254762, 57.106621254217806, 26.80484878683212, 100.35160675929424, 46.142513080769056, 83.51385047342507, 54.12577288735638, 72.49524669951177, 79.17066679216641, 74.92403726300336, 20.39691808287417, 78.55116506100099, 58.851282684008964, 93.84033741270251, 93.46944470326694, 62.692777424684266, 59.11660463836439, 74.61456559697311, 0.0, 25.63765743959976, 76.05433046441065, 26.602489580646854, 23.70446192071682, 92.68823607348442, 28.017459734825216, 16.275464908602746, 12.157753479097385, 14.50914367634871, 22.75601551042067, 75.01727171409676, 67.59191934541673, 15.139416347292912, 85.78858790208754, 63.15339425771136, 97.53681826779398, 69.92898898382525, 58.88810279840657, 58.956093137415806, 71.61905291221532, 91.65062495560527, 82.21940953686673, 23.79007751858832, 58.25789931562769], [11.89521641716575, 52.36639803927122, 30.822038125632677, 29.41669465758443, 73.44385056959784, 13.1623702159101, 4.162188217625864, 15.575933408883422, 18.54938101512458, 39.532091903406254, 34.40481442281544, 31.592640799790868, 76.08966002496658, 37.859476925314425, 58.79124007193227, 32.14893251063622, 69.02116699021144, 56.80370765736875, 52.871117212765995, 7.152158490624545, 57.884154209942075, 44.33983355272191, 68.7313868259631, 69.32576685074689, 38.084689555791606, 37.75854447008899, 49.61377532919388, 25.63765743959976, 0.0, 54.22444436787705, 37.015744915771386, 26.36735583697931, 71.50566498495591, 6.177907350968929, 39.53320005268446, 31.448754724275286, 26.046217108427022, 37.126918645213834, 75.00223141674392, 46.02075083630736, 39.700656638347965, 65.08574429247022, 41.40578665367429, 73.64527713455414, 48.43883853278749, 59.36968424916462, 33.63967454383458, 46.05709722359209, 66.05396172155967, 57.20500779613826, 47.06069027670186, 56.87856372455623], [62.45628404964689, 64.20130401915586, 27.258423784918506, 78.5522420489575, 19.36631279389884, 66.09304440104809, 50.0861812550257, 53.035309921665956, 57.45404539655775, 76.59188002625599, 55.93473533026932, 84.98884869344896, 28.515619677473623, 42.12141116783153, 19.91603498101995, 22.193681771055623, 57.98021675363762, 66.23500407985506, 1.64393830857459, 56.46868766341448, 73.14100108515989, 79.17375189490863, 29.68735399494116, 22.150098665170404, 21.05265824984991, 61.22361643188512, 47.22994248764133, 76.05433046441065, 54.22444436787705, 0.0, 68.73068297537586, 79.89564277798414, 17.36442755796064, 56.80211626504568, 91.94628345398156, 75.12553100494686, 67.45747319097988, 91.34788115323204, 68.59216266527648, 8.464125339987584, 85.93471125149033, 11.705696519335529, 12.954771660874233, 24.457049960506126, 65.26198877755472, 61.54247213281355, 28.207601100522584, 29.256388003928397, 37.248773820585136, 22.33456513114327, 99.59523775627729, 57.016681160789446], [27.880381817137813, 89.04944615924602, 42.15331427291416, 59.35641669307383, 86.7626926556096, 31.51303942137464, 38.086674074440474, 22.796922334433297, 55.488439031308275, 74.81357856809154, 71.17252614163846, 52.904799180239884, 96.42002257620052, 28.77945978664058, 81.9313952542146, 50.18808896646261, 47.953780487450054, 93.41557393605046, 68.09149341642608, 29.968286031924457, 94.87460877396933, 79.82328687458505, 93.1104332902, 89.57531665649037, 62.63450524140142, 74.75254176537263, 83.70263357933062, 26.602489580646854, 37.015744915771386, 68.73068297537586, 0.0, 49.08816291697425, 82.97396364864007, 42.58522332377446, 39.05024021541496, 15.385828435605612, 13.131504170983726, 49.162344012356456, 49.048244614545624, 60.80591607963644, 23.757322173468584, 75.82420945681798, 57.267524213249324, 92.77196931562804, 85.36252064200899, 33.27612062253763, 61.82092266476023, 74.94543788160652, 94.29761848316409, 81.76231461922967, 44.8012728881878, 33.514507641270775], [24.252714495290242, 58.58156899856421, 57.161094757848836, 12.937406709468535, 98.83251283442327, 19.33359902675941, 30.267243966111398, 36.50533995929226, 27.582790049486096, 32.77102826289216, 43.127594907702516, 5.230267342705016, 99.35206200006877, 61.408145155865114, 81.63941285188075, 58.14781760531528, 91.15300292964969, 62.9268181523488, 78.45980509056163, 27.48052802644739, 60.41739738661245, 37.47076546489773, 90.40301091868047, 92.87918058494208, 61.86029135428608, 43.182325651005, 63.66691657367325, 23.70446192071682, 26.36735583697931, 79.89564277798414, 49.08816291697425, 0.0, 97.25691492101537, 23.102829520427857, 25.219632694634303, 35.77639174448851, 36.015920429251004, 14.219529673116094, 95.3318664612983, 71.91104932593909, 36.92259990614778, 91.05176655083247, 67.30626021101305, 97.44953683422956, 53.18150887000131, 79.11538719580503, 56.05120971403037, 66.47506370133075, 85.31696111320431, 79.44998278123245, 30.498248546876955, 77.63985093044886], [79.36205009502093, 77.42263267122934, 43.287693555748454, 95.7742947963292, 5.09267361914992, 83.16166643102184, 67.38095865802951, 69.34313976492004, 74.50733045978139, 92.83867368400077, 71.51254445673727, 102.35296235307123, 23.460818998954604, 54.82300546677185, 27.16047228286576, 39.37884211657813, 62.71723854180216, 78.77508214121103, 18.836097873116376, 73.46621560164407, 86.29023861915212, 95.08160099018897, 31.73065994313181, 20.62480273130864, 37.46375432270851, 76.61654600418812, 59.58719405366267, 92.68823607348442, 71.50566498495591, 17.36442755796064, 82.97396364864007, 97.25691492101537, 0.0, 74.16569434957256, 108.73942278112456, 90.86358208648957, 83.21008882625536, 108.60779297727477, 73.42844205031136, 25.498377263998275, 101.7586848846059, 7.152600869006182, 30.1072736308492, 19.153813009535032, 79.31055551754989, 69.98355651136487, 44.53773092956337, 42.27684027684043, 42.69628908552247, 30.66403820727597, 116.3709005468951, 65.5575228878208], [15.830598310028016, 47.626821314721, 35.214704964580804, 24.023747658608126, 75.73679286040468, 15.183043112409493, 8.337345328474582, 21.698469434144467, 12.986279880231725, 33.36550517133725, 29.71945509529091, 28.188627374839125, 76.91142388922394, 43.789409103923056, 59.324468313655096, 35.19596731204756, 75.03679813622635, 52.11248127550158, 55.36010088834566, 12.664630003449197, 52.64558671983931, 38.1922732679505, 68.71069066675541, 70.29788681483166, 39.070713315903006, 32.58053804149876, 46.619643508956614, 28.017459734825216, 6.177907350968929, 56.80211626504568, 42.58522332377446, 23.102829520427857, 74.16569434957256, 0.0, 40.13214075031717, 35.59380606049125, 30.97570769963352, 35.41690412207046, 81.1422002784032, 48.87145114807588, 42.815491460171344, 68.01526866964724, 44.27901232607657, 74.7787566533633, 43.38872284916839, 65.54068794353043, 33.736106594477285, 45.294621024535246, 64.98678588398944, 57.40926243562063, 47.3882519647482, 63.019813397673495], [29.529088608768884, 83.06291619497269, 65.640462711675, 38.020112019811016, 111.30791726491854, 26.46578038200715, 43.531663156908294, 39.84496719450581, 49.651245824029274, 57.96885034603639, 66.58239241712944, 25.097907970207725, 115.45733800557443, 61.99184981347003, 98.29033717938789, 69.86654559398627, 86.70905643260596, 87.49207314515526, 90.76498315486207, 35.62497657180441, 85.45638568513391, 62.60325435140701, 108.25420613827778, 108.6340578054109, 77.52053386657194, 67.44990106799496, 85.93874369285574, 16.275464908602746, 39.53320005268446, 91.94628345398156, 39.05024021541496, 25.219632694634303, 108.73942278112456, 40.13214075031717, 0.0, 23.777242513921188, 29.332091130256106, 14.706165902312646, 88.06502043203555, 83.49948278736711, 17.40495221419702, 101.89133258399593, 79.0042304212498, 112.8370619607465, 77.83230746490963, 72.3121184053761, 73.14364312121884, 85.27921129615652, 105.09140243210686, 96.7381871856171, 7.652827371878589, 72.28778459126434], [19.799758616872772, 83.2102428234597, 47.87607696122874, 47.31209097914164, 94.09693593610321, 21.33589334151568, 34.06671590834772, 22.654869872005715, 48.340450919267205, 64.74743105091649, 65.31293715862195, 38.9607384882088, 101.26101031160515, 39.835061724599186, 85.29956990057885, 54.238866496054186, 62.94679828565369, 87.70084005094475, 74.20223113878482, 24.628671814910533, 87.89615383321149, 69.78530943723685, 96.12553886017177, 94.32938386824907, 64.80358772286003, 68.00249515118516, 80.95935988290104, 12.157753479097385, 31.448754724275286, 75.12553100494686, 15.385828435605612, 35.77639174448851, 90.86358208648957, 35.59380606049125, 23.777242513921188, 0.0, 7.670678768985486, 34.02666353756048, 64.4251947949129, 66.75676705895908, 10.911291980805977, 83.77182756045485, 62.63132291161752, 98.04199154102609, 78.85282283287266, 48.56719779279775, 62.29336931542028, 75.415297458556, 95.4054944111908, 84.49177373110878, 29.95112172235186, 48.51755899032909], [15.432856842205439, 78.38358449100055, 40.20618342589515, 46.26003192959076, 86.42818927271131, 18.553104800308734, 28.070196406751194, 15.241950948982051, 43.95469990604166, 62.19585116129354, 60.4185910581077, 39.97301060186122, 93.69058126662691, 32.90121981739044, 77.86822547668709, 46.658519426111596, 58.01536247261731, 82.83335929081991, 66.53945597305804, 18.924804057371258, 83.62106454243322, 67.22899638023907, 88.76154773227617, 86.76002288310009, 57.491382185329705, 63.541877332635416, 74.92305192084882, 14.50914367634871, 26.046217108427022, 67.45747319097988, 13.131504170983726, 36.015920429251004, 83.21008882625536, 30.97570769963352, 29.332091130256106, 7.670678768985486, 0.0, 37.23515583986031, 60.57318833577092, 59.093973478045086, 18.54861360302833, 76.12471579110382, 54.9850075498896, 90.4355526669086, 74.32076283124081, 44.410503370739, 55.289099936116756, 68.46878052298031, 88.37782596146867, 77.14885466490563, 36.16991033139479, 43.752354717949], [30.77500825058277, 72.49514134311765, 66.85254856208383, 25.512675438300437, 110.56585998208472, 26.160903567916076, 41.2754952020021, 43.06229282676698, 41.66062187949031, 45.358739709382945, 57.33427593145361, 11.819622902756528, 112.32122281378206, 67.47281703277258, 94.70263526562067, 69.23049587832392, 95.08379004457866, 76.78095984603097, 89.99803455735166, 35.85226929853434, 73.81658789168125, 49.679344014900316, 103.84368253314142, 105.71459999812305, 74.47171679265053, 57.23832221024799, 77.87006714930719, 22.75601551042067, 37.126918645213834, 91.34788115323204, 49.162344012356456, 14.219529673116094, 108.60779297727477, 35.41690412207046, 14.706165902312646, 34.02666353756048, 37.23515583986031, 0.0, 97.7732189787794, 83.11131434671951, 30.85219510819211, 102.11420964169761, 78.50056449013117, 110.18640797815644, 67.01361344168954, 81.6389721882148, 69.08275483654177, 80.07211128463625, 99.20001314166151, 92.69217969546136, 17.588340603441743, 80.92947437748148], [71.35199829714458, 118.2821151306998, 56.02037455246592, 103.19938581926871, 78.48362648070001, 76.11691722777623, 73.51485420421571, 60.15326654754725, 91.81126363815379, 114.15627744268498, 102.63275349585722, 99.83061833685224, 95.13692767143579, 38.50784385677616, 88.13661748219755, 64.34988961736215, 10.756455280444227, 121.91562114127566, 69.12704494690162,