instance_id,num_cities,city_coordinates,distance_matrix,best_route,total_distance
1838,77,"[[55.557477430053346, 26.758351959010994], [78.37576747030579, 69.97389255525668], [92.98907184219746, 84.2434633078697], [50.514698877017295, 66.11986146661539], [22.685193491275413, 55.16388206920793], [54.796033598836104, 97.72396300279466], [92.36868465036984, 10.049709323095001], [45.712236227229475, 94.95497808152359], [14.22874257380833, 58.47258987022701], [29.357140574684838, 6.595462643955807], [83.62471735285979, 31.66957154077521], [47.727802738286464, 78.43194425765618], [27.39946288470407, 48.450751141071], [72.38675668751114, 35.41447643527222], [21.315096116260612, 61.23593573297042], [76.01026353342425, 19.33568994037207], [22.663237999481446, 25.770800298416653], [12.778235180040697, 21.059571582834657], [75.8629186267018, 91.74804276533797], [18.55201591506671, 60.22366224381624], [99.28127079771869, 67.45079758161356], [5.550239803260215, 89.70746713388176], [75.58587542767158, 26.446567201519443], [60.68313331394031, 47.678129214142906], [98.86190904122245, 2.048585510961487], [51.13212609714193, 49.655216761532664], [87.66184014753156, 12.917775927938502], [71.30117185908692, 58.094839195145894], [90.72027717794596, 98.84535689284108], [32.81468960140086, 71.117348082023], [74.30401084199451, 78.24136501537023], [47.20788118523531, 22.163415324586133], [87.8104821150936, 68.80679092933892], [7.104814812411664, 90.91856858667448], [98.86970734768556, 49.901852821316254], [53.20411349704869, 45.63441833682374], [60.57134212250013, 38.91713693694599], [63.83869482042991, 11.328726728698758], [67.90450915077699, 20.074463098319427], [13.894680432281847, 70.52121847976682], [60.55020542099538, 71.43223150653573], [92.89445363388772, 94.86059316412357], [66.06939487347044, 90.66482188404578], [20.551695656964252, 96.25969051417289], [28.233609306491502, 63.60433338644902], [31.019522404096467, 25.708392849184904], [45.558406392947944, 27.462839424242603], [43.690794174795286, 54.635789325705495], [23.41551012701518, 41.84631910966058], [29.57467357357221, 2.2703353798169013], [36.45053529383172, 91.63707178674831], [41.652127385561386, 27.380476887076842], [81.6685230272746, 13.99996663590245], [36.11829471951494, 72.59331872774759], [6.865823781809333, 13.466179121376653], [38.78042735715381, 53.551967642011334], [51.17612242540021, 87.17205461632966], [96.00394255186052, 65.86391956636595], [3.2139104644012706, 25.919165783952224], [75.82556323302026, 96.99412495776923], [15.766349168128901, 34.518101542557645], [31.34331486185372, 85.4707390128], [24.249279997784047, 37.780896068466596], [82.69791816029228, 77.64071743229624], [1.326718967795848, 55.09415772461516], [72.3765572469329, 76.29579275410161], [76.53395402442953, 57.207357800159066], [71.60996598261569, 67.4920516794784], [42.899472702329476, 53.491681754778305], [53.35352386562955, 78.55902012581721], [42.68769010070864, 94.82325794150572], [89.77480198186466, 28.97469793165345], [33.60033053131946, 88.80331168273943], [74.58521481637797, 64.9628658436574], [10.334774779146494, 8.736681334747676], [20.51646790167988, 65.96111216089402], [72.33070077609382, 73.39240083010648]]","[[0.0, 48.86979956360413, 68.59783004604405, 39.68322121819487, 43.44492136249003, 70.96969598022588, 40.425780335719324, 68.90361811135573, 52.09469465412974, 33.06054683253059, 28.493684118847884, 52.263409253755135, 35.54481629450262, 18.924934115447478, 48.59263792931571, 21.758041521083346, 32.90906024179563, 43.15715080101048, 68.08796408538392, 49.89319767659164, 59.7297684342302, 80.39474433295811, 20.030824648176676, 21.538556791121348, 49.85826265608916, 23.32059502252583, 34.96071581600273, 35.06906537926593, 80.20572776579263, 49.849322314957284, 54.789900057640935, 9.530435463600767, 52.993655573612024, 80.4002108980301, 49.10774778587753, 19.02220291398344, 13.15199191354002, 17.511478984213845, 14.040069893509528, 60.42331619326275, 44.95200603552955, 77.66572634827429, 64.76524767664053, 77.81928307626825, 45.871779086764306, 24.560408200764684, 10.023857750075495, 30.2980145490525, 35.50708119303325, 35.7039080805905, 67.63374545508297, 13.919260012154867, 29.061367797009815, 49.786805512554054, 50.47334934147028, 31.61277037079952, 60.5723677962461, 56.25977211776611, 52.350293562922, 73.10170388472163, 40.54069069411958, 63.50960606422567, 33.19186203126978, 57.66817700594135, 61.187360228872095, 52.31481134835214, 36.975052765732215, 43.782607067731256, 29.57864103802506, 51.84753257235784, 69.27093800655804, 34.28902869657345, 65.81560093968346, 42.68067093199304, 48.68134598736741, 52.580688053827366, 49.55880885905027], [48.86979956360413, 0.0, 20.42472311022544, 28.126370167373892, 57.62617843229524, 36.415247620916375, 61.53624515072251, 41.12129505910635, 65.16993759797946, 80.12272561985003, 38.66228761015068, 31.793653153036118, 55.33379840151111, 35.07451343512369, 57.725835678684554, 50.693423369718374, 71.11820656557772, 81.82693345571187, 21.918668451390584, 60.6131028843525, 21.05720963514623, 75.45178225617855, 43.616643039780705, 28.46278915275071, 70.94737016638051, 33.98624105840527, 57.80684726186729, 13.826127867000098, 31.399814854843175, 45.57542437671986, 9.215763827211115, 57.07257545006666, 9.506627511046892, 74.28477735596192, 28.686030585958388, 35.01459936910819, 35.79831883623947, 60.4200459785678, 50.98627571143198, 64.48340989179202, 17.885117133265666, 28.812152212425246, 24.074080729720183, 63.518237187530964, 50.54510173429181, 64.82320889156226, 53.70445816121399, 37.92498890165487, 61.73969772503047, 83.45848321007189, 47.191296098613215, 56.23899714038466, 56.07069307564607, 42.338580476404275, 91.14161356843229, 42.86572729503665, 32.180700254155234, 18.100951209131484, 87.12131598793907, 27.140311360366855, 71.95173643820664, 49.5197319105724, 62.97670735209592, 8.801203910951235, 78.47268559041635, 8.715328188219724, 12.898708711437976, 7.206636101782404, 39.11816410998539, 26.454056218556723, 43.48712253573078, 42.55434111321436, 48.57351930584766, 6.283206038843607, 91.54000614192478, 57.99828405276638, 6.944712388766533], [68.59783004604405, 20.42472311022544, 0.0, 46.17940344445286, 76.08059776445751, 40.50224737324751, 74.19634769057744, 48.47510427540008, 82.86933922871637, 100.39041131470985, 53.401359819204465, 45.63284162275721, 74.72024523147792, 52.99740888701366, 75.27619226204217, 67.09172061523316, 91.45914511458304, 102.10770045184714, 18.698230846635923, 78.21653366300181, 17.932802064642335, 87.60938697505053, 60.360189239024194, 48.792389996570044, 82.40441828454908, 54.29871735367898, 71.52435303970479, 33.97227617728796, 14.777101390170008, 61.58937553656233, 19.62540925672966, 77.13526933625052, 16.282157279788233, 86.14326808312671, 34.84147076055437, 55.439167238527965, 55.72598193359039, 78.52581289564014, 68.89772037820313, 80.27591641100916, 34.87703707255108, 10.61755145925373, 27.674949937885017, 73.42726458798865, 67.96501756143745, 85.2442345919326, 73.98450698337156, 57.505952210240004, 81.47391193443467, 103.63869745457404, 57.01992249529838, 76.60862282298913, 71.14986753449178, 58.05179720969522, 111.47483040259243, 62.294020925874236, 41.91538364352202, 18.625173114412494, 107.05747653512013, 21.381426526018284, 91.8474849948939, 61.65797239072585, 82.96944701086865, 12.227186806538658, 96.18559637730213, 22.091655102577235, 31.64999057536487, 27.160190700711347, 58.77618574458295, 40.041098357722404, 51.401955795406245, 55.36215274848228, 59.56353592334987, 26.654143993079114, 111.95091311339833, 74.74304439464885, 23.33482059072126], [39.68322121819487, 28.126370167373892, 46.17940344445286, 0.0, 29.908441192604023, 31.89277443104285, 69.96869361731375, 29.232304009399638, 37.08303369072329, 63.1727498888218, 47.78175174106823, 12.62355626364915, 29.09487230899273, 37.698906917689506, 29.605228118657504, 53.28022637476293, 49.02805941670498, 58.7747430174185, 36.04630246167406, 32.50197328472694, 48.78473047828745, 50.7757591859544, 46.93116418201207, 21.0593102301544, 80.26569088500625, 16.476217455373654, 64.8873794372699, 22.281796190879493, 51.84058812748969, 18.39198740832774, 26.699479621323793, 44.08065562901488, 37.39244625962877, 49.993938725899284, 51.002261210826696, 20.661227727856986, 29.00214294158266, 56.387918154234164, 49.21975428882626, 36.88356943748777, 11.35485213621341, 51.20618392109134, 29.058624355521378, 42.49930419407946, 22.42264110161644, 44.86812567433473, 38.97345491962623, 13.358502473055518, 36.380913807422715, 67.19558498307521, 29.13638137820998, 39.740220067867725, 60.721035863609345, 15.784869387418325, 68.39323476478043, 17.194332882912324, 21.062580979624315, 45.48996368832984, 62.07624761392366, 39.92317623347592, 46.96934146641814, 27.239648067922996, 38.63895946760287, 34.183178986415626, 50.408565845065766, 24.114112651181884, 27.503351796294496, 21.139848633252292, 14.746612917077067, 12.758980972819304, 29.75142073211226, 54.04737616057149, 28.295490280985113, 24.098306506029843, 70.05180698994879, 29.99865101953353, 22.99625551375784], [43.44492136249003, 57.62617843229524, 76.08059776445751, 29.908441192604023, 0.0, 53.314787268512866, 83.01251425348897, 45.97364483075905, 9.080699831623905, 49.02454735488155, 65.31162374097765, 34.1838411519826, 8.203076421204837, 53.48162681747017, 6.224709030359083, 64.24346228388423, 29.39308997074044, 35.51410729177199, 64.54665959148642, 6.533340056344364, 77.57530116953224, 38.55990024638008, 60.192743105342146, 38.728283289786766, 92.86617640695675, 28.975392459027997, 77.5028908802205, 48.70424891458242, 80.85075049138358, 18.897612792813067, 56.542661096001765, 41.114389416582384, 66.53895235500379, 39.00186928519063, 76.36602060696379, 31.972099670581752, 41.22277265662667, 60.125963737600834, 57.2368223474032, 17.695222560550462, 41.21187112778112, 80.65462839494215, 56.05805613208143, 41.1511516819914, 10.100798804909287, 30.611874879170298, 35.92397016009542, 21.012237910827835, 13.33757270158052, 53.34034324211978, 38.98433279040309, 33.64018705157096, 71.92705399884385, 22.00530551576543, 44.597655646125055, 16.17574793689378, 42.8515593804434, 74.09540988650807, 35.13380556270182, 67.62890000883782, 21.77426601110928, 31.51933761148891, 17.45321084791597, 64.08381426022176, 21.35858833009229, 53.99804886374502, 53.887519928272475, 50.45410914156549, 20.28332659881093, 38.57303426797457, 44.41808151181885, 72.0200592419312, 35.3659644478513, 52.816969778263726, 48.04183396169188, 11.012881018869589, 52.886248588677454], [70.96969598022588, 36.415247620916375, 40.50224737324751, 31.89277443104285, 53.314787268512866, 0.0, 95.38594689645142, 9.496454716505209, 56.44798839552524, 94.61258296836158, 72.07132327359626, 20.5460914716352, 56.37749102314453, 64.74492763985998, 49.52120059889064, 81.20815787484965, 78.80212037878549, 87.42381995632176, 21.898065381712517, 52.1526737078285, 53.80892930786713, 49.89401179072173, 74.24745568354274, 50.390906150385284, 105.33555542507328, 48.20817963155019, 90.9519137031859, 42.92886025451817, 35.941741763412764, 34.512192649494345, 27.570505988450424, 75.94061115426226, 43.88800122537441, 48.17432659097129, 65.03416748086718, 52.11386449994526, 59.08973667636779, 86.86717776482308, 78.74818706936009, 49.121380278248694, 26.914041659147106, 38.205869915501644, 13.30113332625594, 34.27562946173357, 43.24016083970027, 75.83907191641435, 70.86578330136152, 44.49625887074407, 64.08625703232643, 98.72948915045636, 19.32893046019104, 71.5609412281277, 87.93087202868466, 31.311454953787464, 96.93646969903511, 46.985793783245555, 11.155560384844701, 52.087946091700275, 88.41178841475315, 21.042190480246973, 74.28524207197056, 26.460754227817947, 67.2775997569527, 34.37807316772961, 68.38324286818137, 27.717166015815266, 45.97969640586668, 34.593016411801536, 45.80417956440122, 19.21915372247707, 12.450946635546748, 77.13608549450507, 22.996431212262863, 38.27402749033793, 99.4763280107371, 46.732936115661275, 29.991489972667072], [40.425780335719324, 61.53624515072251, 74.19634769057744, 69.96869361731375, 83.01251425348897, 95.38594689645142, 0.0, 96.87997131710016, 91.92728598305405, 63.10615268674156, 23.321136473409727, 81.66356833089094, 75.46946262921314, 32.2900736414128, 87.57078404158275, 18.810299770704795, 71.45629429416411, 80.34834605558136, 83.34901318712771, 89.25427796396221, 57.815817736210875, 117.82529756004259, 23.46315481112324, 49.19219599682983, 10.304365349067021, 57.175606518601406, 5.511822858521258, 52.461172305173534, 88.81094681696449, 85.29909043995455, 70.54384697375679, 46.757245884537184, 58.933622400421015, 117.51467950148569, 40.37891327801967, 52.91630324593077, 42.94647097114731, 28.55864501723276, 26.438448727729007, 99.07054434949843, 69.13920487010772, 84.81251352790147, 84.79651535283799, 112.2044596486474, 83.55480625273528, 63.31598596002288, 49.94416132499131, 66.01102598165866, 75.93131548160696, 63.27405855532216, 98.91075341556979, 53.59593907332309, 11.406050657337486, 84.11783071819535, 85.57109022672894, 69.02280636550246, 87.43387973884556, 55.93246968524099, 90.55613401925953, 88.50427264422974, 80.41529717124256, 97.01766580000005, 73.54775325276361, 68.27933876161745, 101.57579360824208, 69.19702831815209, 49.74517568450668, 61.078204755173694, 65.83622027057197, 78.83976431803387, 98.25861674581783, 19.101921922467348, 98.26418131996572, 57.72093691537139, 82.04441730707933, 91.04298994975593, 66.43656647583596], [68.90361811135573, 41.12129505910635, 48.47510427540008, 29.232304009399638, 45.97364483075905, 9.496454716505209, 96.87997131710016, 0.0, 48.18895124636726, 89.86040909191135, 73.77261623481353, 16.64551456414493, 49.98000390980202, 65.24263466532638, 41.61963794289624, 81.46316466736008, 72.92260811865741, 80.90228381561741, 30.32075334281866, 44.090156126099174, 60.21728497521206, 40.50336193335734, 74.73845516453804, 49.59060594921221, 107.03497325972431, 45.62284057191229, 92.14050035819433, 44.8716331939723, 45.17586521049619, 27.103123675298274, 33.118490867589585, 72.80692661029974, 49.55794586320891, 38.817851433476335, 69.68142386342328, 49.88632917500085, 57.974413909515135, 85.56820914601899, 78.09986236647977, 40.116897500193694, 27.81159715345829, 47.182311811968226, 20.804310811631822, 25.194346118124834, 35.8938061764304, 70.78817278209708, 67.4923139635289, 40.369830441787066, 57.599250451526046, 94.07903018815482, 9.838069239470226, 67.69636397536043, 88.5808581952543, 24.332848635286535, 90.27440454440526, 41.97927164286704, 9.509361179996633, 58.099444150312316, 81.06818779415865, 30.18228923293578, 67.4490340742002, 17.216756138049202, 61.06991193822747, 40.83778017820105, 59.65701251247171, 32.544603431673245, 48.73254687451007, 37.7479103136474, 41.55859214321988, 18.08913248494955, 3.027412999037049, 79.34045039913056, 13.584596389607885, 41.631426700248824, 93.19420299796393, 38.41186018065532, 34.25620225101549], [52.09469465412974, 65.16993759797946, 82.86933922871637, 37.08303369072329, 9.080699831623905, 56.44798839552524, 91.92728598305405, 48.18895124636726, 0.0, 54.03799362785089, 74.39222477587073, 38.99439523144723, 16.55007930558198, 62.5622186373605, 7.606082229753181, 73.13448754317584, 33.771996599026615, 37.441125905508365, 70.04303979050178, 4.664434246592275, 85.52508854709166, 32.41811172807552, 69.21245465971566, 47.69204126363861, 101.71745737205312, 37.94213731470825, 86.41562875191316, 57.07367939861289, 86.49228395156562, 22.479487030340742, 63.244306686323704, 49.05078735084208, 74.30389024439901, 33.21884828855089, 85.07379415198488, 41.03532852220457, 50.299624972321396, 68.43749844799427, 65.99624275075598, 12.05325884916699, 48.10021030769904, 86.67399194859162, 61.022889417709486, 38.312461559752144, 14.915464582657238, 36.81606841778296, 44.08120299790531, 29.710831744629076, 18.995514667424008, 58.25968595911188, 39.92105875954385, 41.457948867382036, 80.78327924115186, 26.04894386740513, 45.60471008165499, 25.039923099194382, 46.784272513427055, 82.10855671686997, 34.36643633167804, 72.65037495308516, 24.003786057189938, 31.96574168899176, 22.99037543519262, 71.10165342471669, 13.337016791344562, 60.818047587042756, 62.31805666175533, 58.08575979721713, 29.100175459213865, 43.97969067132616, 46.16581812951165, 81.10075659884646, 35.98904146630759, 60.70442672309299, 49.88811063806115, 9.778213328444725, 59.98698447178912], [33.06054683253059, 80.12272561985003, 100.39041131470985, 63.1727498888218, 49.02454735488155, 94.61258296836158, 63.10615268674156, 89.86040909191135, 54.03799362785089, 0.0, 59.780271213375, 74.14823881229206, 41.90104625322132, 51.7888348847634, 55.22912074678178, 48.361423400967105, 20.31014293029221, 22.001603384306236, 97.02447780612825, 54.70589101031405, 92.69711849794633, 86.45446092986717, 50.31065770056157, 51.66336529512044, 69.65333395645573, 48.25238252324328, 58.64648018032061, 66.41902999553794, 110.79475403971526, 64.61445926226739, 84.57751754125096, 23.685651585115842, 85.3641757663681, 87.20981709450652, 81.89896439860927, 45.746236775823, 44.93347312827907, 34.80490442593081, 40.83605119731622, 65.76921721318513, 71.95007915941265, 108.75533741626387, 91.7357442807219, 90.09555826876941, 57.0199409491531, 19.18508833382627, 26.418335068744835, 50.13308900533848, 35.74808881524151, 4.330594238277541, 85.33692948681191, 24.149192900930924, 52.83282515130031, 66.34327556751359, 23.517356909112596, 47.892710253409845, 83.47847113408504, 89.18826267928115, 32.50959833098442, 101.64267043166748, 31.05452260328964, 78.90027953410913, 31.6009730474815, 88.84068201774146, 56.01631869363356, 81.90730265540303, 69.18970775031879, 74.11946985181706, 48.81239726079543, 75.85894816362207, 89.22918476447121, 64.42921683502568, 82.31728314632063, 73.83991099594203, 19.14249769338013, 60.02031186089558, 79.42643028254861], [28.493684118847884, 38.66228761015068, 53.401359819204465, 47.78175174106823, 65.31162374097765, 72.07132327359626, 23.321136473409727, 73.77261623481353, 74.39222477587073, 59.780271213375, 0.0, 58.95174281527614, 58.67612145316226, 11.845508540571451, 68.96853478358065, 14.494983349458513, 61.24620369559284, 71.63655585921948, 60.57778655700457, 71.06189251835089, 39.05667424086812, 97.28320188768082, 9.586592399077382, 27.974813618616743, 33.310281054448154, 37.138281065742774, 19.181454563323932, 29.157581246430905, 67.5494863555468, 64.32562470860464, 47.49534205900636, 37.63712213315721, 37.37236533267691, 96.77674894180245, 23.766064054342387, 33.47282606816007, 24.165788083228993, 28.376692113824692, 19.533854860450376, 79.82310767451503, 45.972842292449656, 63.86730951372765, 61.55183921232995, 90.2778463126396, 63.93749967542013, 52.941875552255084, 38.29804988765057, 46.06696625279774, 61.06320353408846, 61.528223762682295, 76.29878464752312, 42.191167814026464, 17.777559836314857, 62.70257789948679, 78.88783960678902, 49.898392803279435, 64.29181083402896, 36.366174577796826, 80.61615862109204, 65.7884798738709, 67.9181290662924, 75.0194019422938, 59.689118343206296, 45.98048728887999, 85.56676794218731, 46.0219591667859, 26.503913892287425, 37.78365167339661, 46.20335535475369, 55.81187636830201, 75.26106766612588, 6.714602349585778, 75.93881444610913, 34.49863840277452, 76.79409570832841, 71.82312236942647, 43.22440623470661], [52.263409253755135, 31.793653153036118, 45.63284162275721, 12.62355626364915, 34.1838411519826, 20.5460914716352, 81.66356833089094, 16.64551456414493, 38.99439523144723, 74.14823881229206, 58.95174281527614, 0.0, 36.223105083588855, 49.5839343711229, 31.517198166751335, 65.51537882788763, 58.32176685116371, 67.17932285195343, 31.127210371648246, 34.3913952995439, 52.710014715191086, 43.65872457219045, 58.97924755060693, 33.37121109661882, 91.91906396839677, 28.97739572352561, 76.72570361839355, 31.133608432513732, 47.59264936793392, 16.610366059968026, 26.576891421292814, 56.27093092097436, 41.22213922903004, 42.49874039497878, 58.56159598613065, 33.25158170755507, 41.549687140900346, 69.01016335599454, 61.74702493981537, 34.745643573058636, 14.608558763811684, 48.06169845123131, 22.046707170815008, 32.50183583556838, 24.4924809217886, 55.307680342314065, 51.01525191570333, 24.136164311818526, 43.92716175085439, 78.29512606370697, 17.36525709781878, 51.41173165417635, 72.82480507344668, 12.995007676658783, 76.74797693738782, 26.43990852113398, 9.39576701213518, 49.885277587086065, 68.8409653360509, 33.67549104561168, 54.31353511164368, 17.83244443642014, 46.9441023873724, 34.97906534654089, 51.939511504613506, 24.741144720357152, 35.78096452322006, 26.26859286012213, 25.40333569924589, 5.62715616265474, 17.14869964988088, 64.91509346477424, 17.525716339844806, 30.04557632755384, 79.09278231195543, 29.932898235479175, 25.11373309201371], [35.54481629450262, 55.33379840151111, 74.72024523147792, 29.09487230899273, 8.203076421204837, 56.37749102314453, 75.46946262921314, 49.98000390980202, 16.55007930558198, 41.90104625322132, 58.67612145316226, 36.223105083588855, 0.0, 46.838030081389334, 14.159112402332333, 56.6630102309263, 23.169203620077663, 31.04926757885217, 64.98739881279594, 14.72680392052829, 74.35049477701077, 46.68517070520516, 52.97277097346028, 33.29263675175015, 85.20588116930313, 23.763207708259323, 69.95817636891657, 44.94850926633894, 80.92676820209469, 23.304490925072816, 55.56543254655136, 32.9150035682433, 63.74840861006682, 47.067911138814154, 71.48497422315229, 25.957883651974722, 34.514683425464284, 52.017903846064215, 49.45576302213841, 25.87440197638759, 40.3375776478424, 80.27121059159596, 57.24850573341365, 48.29685911098401, 15.176523156520952, 23.02867107760376, 27.753192024864006, 17.425905214619178, 7.713002141385477, 46.23161625363375, 44.12459861195936, 25.438060116929663, 64.28053703711178, 25.66868906354507, 40.56538689830418, 12.471918942673943, 45.43862763923724, 70.77989167135658, 33.05470139904979, 68.56782289421834, 18.15070410694097, 37.22947045608665, 11.125172335358485, 62.52977920918236, 26.90581398863362, 52.89882191221505, 49.90868040473265, 48.1366773922381, 16.299119172479703, 39.750737636670706, 48.82764870812998, 65.34523376729044, 40.82621586480747, 49.99145044213898, 43.22511909435855, 18.814578469391055, 51.38970740978413], [18.924934115447478, 35.07451343512369, 52.99740888701366, 37.698906917689506, 53.48162681747017, 64.74492763985998, 32.2900736414128, 65.24263466532638, 62.5622186373605, 51.7888348847634, 11.845508540571451, 49.5839343711229, 46.838030081389334, 0.0, 57.22815979714628, 16.482025877026242, 50.65006219296671, 61.31263433933582, 56.44071577585986, 59.27626012594884, 41.82870738877392, 86.10951647883095, 9.521436695083052, 16.95204942038266, 42.59361888035844, 25.584331270780538, 27.192456829555855, 22.706328398470095, 66.02722596925896, 53.297687916944135, 42.869782469065704, 28.452880207779373, 36.78230516615443, 85.68801655152966, 30.18659885147943, 21.735248152337345, 12.323662277629158, 25.557634879056238, 15.98144399478498, 68.21881208014577, 37.912829309593654, 62.88407133912883, 55.610338359861764, 79.931305683992, 52.38481133475477, 42.49065933636512, 27.981939008634928, 34.53863248252788, 49.391817033563065, 54.142483752213785, 66.72624847922565, 31.767319481956168, 23.339503343757553, 51.93907630804327, 69.0993516888012, 38.18840083500452, 55.93512228438682, 38.53491994470645, 69.8215122936411, 61.67559081688399, 56.627502466639, 64.73170428875277, 48.195607724505216, 43.46694697878514, 73.73478701656008, 40.88131759115372, 22.18397899240295, 32.086979249329794, 34.587357068534885, 47.156289102486596, 66.41865608534036, 18.542245450164874, 65.99056434863175, 29.63006133598022, 67.54371332834451, 60.19654319709202, 37.97796576443968], [48.59263792931571, 57.725835678684554, 75.27619226204217, 29.605228118657504, 6.224709030359083, 49.52120059889064, 87.57078404158275, 41.61963794289624, 7.606082229753181, 55.22912074678178, 68.96853478358065, 31.517198166751335, 14.159112402332333, 57.22815979714628, 0.0, 68.899868913313, 35.49074975156957, 41.073327488391676, 62.50162890825525, 2.942670524383268, 78.21348286745295, 32.5447199232476, 64.46408030744706, 41.63720055911365, 97.55332193791132, 31.98700249751754, 82.07639740202777, 50.084670864721694, 78.94015276262044, 15.16189171361835, 55.650783542460566, 46.87321377601205, 66.92498941007145, 32.90882537955906, 78.37843554642895, 35.50094047450675, 45.15729874781947, 65.56665278439401, 62.16783924469216, 11.886086177165001, 40.53835529047165, 79.0836393320305, 53.563108548165395, 35.03207357886565, 7.312669294341276, 36.82909438114462, 41.57355081599764, 23.328819005771475, 19.503050320796167, 59.541268417637426, 33.96042685918815, 39.49413797659738, 76.64054355523757, 18.65810379908539, 49.90722510544986, 19.080910905326228, 39.552030984095765, 74.83209215465511, 39.685351978216765, 65.1923241027949, 27.287932433967782, 26.227673576234388, 23.63785778606089, 63.53713642187375, 20.910682871039498, 53.23600385355828, 55.365618472507684, 50.68247154204048, 22.93161098326897, 36.421835559636826, 39.810752150192194, 75.68037256566687, 30.1809078953707, 53.40033290509094, 53.635241856782876, 4.792191492431123, 52.443984997960285], [21.758041521083346, 50.693423369718374, 67.09172061523316, 53.28022637476293, 64.24346228388423, 81.20815787484965, 18.810299770704795, 81.46316466736008, 73.13448754317584, 48.361423400967105, 14.494983349458513, 65.51537882788763, 56.6630102309263, 16.482025877026242, 68.899868913313, 0.0, 53.73374897249733, 63.25552290195949, 72.41250273377439, 70.52146126151746, 53.44720163322959, 99.58314098997005, 7.123530072050451, 32.221340517619765, 28.653824909903744, 39.219834637051044, 13.302212517675532, 39.0441697997428, 80.8589614100661, 67.43291278905059, 58.9303814198438, 28.940857965509498, 50.858971594358174, 99.35828792171972, 38.168632209731854, 34.81010765211746, 24.935784744265117, 14.569095538441383, 8.139351318791247, 80.48791211015553, 54.34209270901053, 77.38919099141441, 72.01851104787201, 94.83119009685593, 65.13310588077144, 45.43982977224033, 31.517711878198817, 47.86068445224926, 57.209584087617706, 49.472116805297226, 82.41639348628354, 35.28739316771575, 7.777264537201229, 66.54129695086955, 69.39311713577227, 50.56495190809175, 72.23923405617445, 50.64211046966223, 73.09344139068057, 77.65865465968533, 62.12756908258377, 79.80589589398247, 54.949295224640615, 58.6873151135942, 82.80277680828678, 57.07588925218009, 37.875288490154006, 48.35698289268382, 47.570539688827324, 63.4092319037889, 82.51525206229755, 16.80395768128986, 81.3901277046771, 45.649424363898575, 66.52524939100464, 72.48097233660536, 54.18179744435823], [32.90906024179563, 71.11820656557772, 91.45914511458304, 49.02805941670498, 29.39308997074044, 78.80212037878549, 71.45629429416411, 72.92260811865741, 33.771996599026615, 20.31014293029221, 61.24620369559284, 58.32176685116371, 23.169203620077663, 50.65006219296671, 35.49074975156957, 53.73374897249733, 0.0, 10.950294824838092, 84.75377597710423, 34.69728870180122, 87.22124238623903, 66.1872500810627, 52.92695167174282, 43.8798757968186, 79.80589541474748, 37.161040611111545, 66.25721482728208, 58.399418667728376, 99.85815641804525, 46.46892903346284, 73.62017102321923, 24.808319883970213, 78.07854958593936, 66.9798196848012, 79.93580966238918, 36.432243929432, 40.12294262906404, 43.634753733772065, 45.598474457839686, 45.60139832521595, 59.33286273535644, 98.5181360345026, 78.07258476651994, 70.52050946294403, 38.24140769403241, 8.35651744092788, 22.95760728317551, 35.711982726411094, 16.093110898907064, 24.495709687313507, 67.29379827634497, 19.056992911707244, 60.16789996602581, 48.71741765944038, 20.024035514230647, 32.11786188032882, 67.69858647046355, 83.5841920274005, 19.44989341575234, 88.8762893001733, 11.13922594293634, 60.327658804546836, 12.11436872586233, 79.3388374346788, 36.2643948678876, 70.88151362129656, 62.37235920342405, 64.31520035774345, 34.32131209127073, 61.061360933833235, 71.89729194138644, 67.18799729271424, 63.97435020744461, 65.05312965781728, 21.027415776637383, 40.24760600900386, 68.80896522885675], [43.15715080101048, 81.82693345571187, 102.10770045184714, 58.7747430174185, 35.51410729177199, 87.42381995632176, 80.34834605558136, 80.90228381561741, 37.441125905508365, 22.001603384306236, 71.63655585921948, 67.17932285195343, 31.04926757885217, 61.31263433933582, 41.073327488391676, 63.25552290195949, 10.950294824838092, 0.0, 94.74458952196183, 39.58740382088402, 98.15763353271639, 69.02736762150381, 63.038237564763435, 54.80352977309561, 88.15790660436114, 47.840692633645, 75.32491705546916, 69.25709468823511, 110.11625814155528, 53.91883245974393, 83.99511039915501, 34.44733654506857, 88.93612896593795, 70.08899457868067, 90.79437629628852, 47.30935140840112, 51.02032645514649, 51.9794178522911, 55.13507523004699, 49.47424545920888, 69.4230942013643, 108.92749536176075, 87.66321104639553, 75.6008239047281, 45.265056570326394, 18.824348561290787, 33.39972251076829, 45.63933283387102, 23.35038524396406, 25.202296319988235, 74.44166392357724, 29.55766389553182, 69.25106339747782, 56.572833357557975, 9.623732000407296, 41.615739806975945, 76.45428802730105, 94.51956393133196, 10.728092237938984, 98.6966158025229, 13.786255977696397, 67.03328034105965, 20.277760274854586, 89.94547311397571, 35.909473365695355, 81.2588464259131, 73.29020489654908, 74.94763343262993, 44.26206863759565, 70.37428958551534, 79.59683987993408, 77.40232893386029, 70.87153150272111, 75.8129407075006, 12.562807122499942, 45.56345676018621, 79.27938682654654], [68.08796408538392, 21.918668451390584, 18.698230846635923, 36.04630246167406, 64.54665959148642, 21.898065381712517, 83.34901318712771, 30.32075334281866, 70.04303979050178, 97.02447780612825, 60.57778655700457, 31.127210371648246, 64.98739881279594, 56.44071577585986, 62.50162890825525, 72.41250273377439, 84.75377597710423, 94.74458952196183, 0.0, 65.40891481203613, 33.74574553812363, 70.34228281934091, 65.30206324264279, 46.610976846139316, 92.60100534992547, 48.820263212387154, 79.70837797063933, 33.96097236694841, 16.465508523719613, 47.73652255172053, 13.596342792188437, 75.25378094713965, 25.865910173660676, 68.763106878251, 47.753700799866074, 51.37983853456196, 54.999426566394995, 81.31327290144073, 72.1140645343954, 65.50298171969641, 25.440349306239717, 17.313611832485446, 9.853246925900832, 55.494921856126524, 55.32286583252564, 79.82584509935131, 71.07004172175303, 49.11583193957396, 72.39414812082944, 100.74155919513807, 39.41253955957652, 72.89418203421434, 77.96453286132389, 44.11959408788766, 104.3486908044698, 53.23580856512761, 25.107321127998965, 32.79708338455384, 98.03733692627738, 5.246215187654951, 82.98713052667846, 44.95997844506493, 74.67543515184994, 15.67590018711726, 83.06113620804146, 15.84066747583883, 34.54720258383795, 24.62601692824356, 50.49889033413792, 26.088755637162496, 33.31745392630719, 64.2964487362741, 42.365053920286414, 26.815634054645166, 105.75832715519849, 61.058950186321475, 18.692408988639812], [49.89319767659164, 60.6131028843525, 78.21653366300181, 32.50197328472694, 6.533340056344364, 52.1526737078285, 89.25427796396221, 44.090156126099174, 4.664434246592275, 54.70589101031405, 71.06189251835089, 34.3913952995439, 14.72680392052829, 59.27626012594884, 2.942670524383268, 70.52146126151746, 34.69728870180122, 39.58740382088402, 65.40891481203613, 0.0, 81.05210718481678, 32.22329798231387, 66.28539266233474, 43.959315875890226, 99.16661982143032, 34.25135938014959, 83.74971454024745, 52.7920954346303, 81.85287552230349, 17.94704019676768, 58.59114738163307, 47.641798978783534, 69.7882886909581, 32.75997082540621, 80.97821501379113, 37.59805719194702, 47.112543930242225, 66.64531495390328, 63.62096180195322, 11.301789160649363, 43.468148645796695, 82.0153341123166, 56.431954629611134, 36.09146786391624, 10.254861674908648, 36.6979909455269, 42.45723305232327, 25.75232991674263, 19.01000569753083, 58.99226285253142, 36.15465799954415, 40.153330799902776, 78.23249648131177, 21.484472359498895, 48.195739588895506, 21.30023798764026, 42.3148694557897, 77.65702442416827, 37.57733301048061, 68.06119416069681, 25.85605906148664, 28.302512505518543, 23.15462311568986, 66.46841796140924, 17.972831483496506, 56.172899415335664, 58.060341364952436, 53.55348308335291, 25.261001827172556, 39.336119588669945, 42.186049718349246, 77.77649404350707, 32.29935192602893, 56.233259107708285, 52.13858700633006, 6.064437579750013, 55.36752316417735], [59.7297684342302, 21.05720963514623, 17.932802064642335, 48.78473047828745, 77.57530116953224, 53.80892930786713, 57.815817736210875, 60.21728497521206, 85.52508854709166, 92.69711849794633, 39.05667424086812, 52.710014715191086, 74.35049477701077, 41.82870738877392, 78.21348286745295, 53.44720163322959, 87.22124238623903, 98.15763353271639, 33.74574553812363, 81.05210718481678, 0.0, 96.33724882330303, 47.35840654843323, 43.367898630053915, 65.40355653951366, 51.33247346583944, 55.75716652874947, 29.502879417862545, 32.540881458620206, 66.5676348423073, 27.20845200371151, 69.01148380833159, 11.55065846436969, 95.1169559750375, 17.553770155535513, 50.98096535240562, 48.089794840751395, 66.37667533648757, 56.824451079812086, 85.44177724466368, 38.93516715405927, 28.14406380321064, 40.52060743278134, 83.83494685298827, 71.15170757035062, 80.01309047024786, 66.97150854989779, 57.0484489514201, 80.06998788538166, 95.43323503585754, 67.32516011035821, 70.19080260961553, 56.27788386935201, 63.37197385906624, 107.02781824108956, 62.07680348334413, 51.99070377434907, 3.641299529889842, 104.66047086263258, 37.72238605676158, 89.77362977621755, 70.28715491415853, 80.68520743730735, 19.46386527030473, 98.73085015716518, 28.32132678479547, 24.947314062653053, 27.6713355671701, 58.08411203708151, 47.25198986656095, 62.865610330791, 39.63310729201617, 69.06457683007321, 24.821059311927932, 106.57779600194573, 78.77888891006619, 27.59775124268292], [80.39474433295811, 75.45178225617855, 87.60938697505053, 50.7757591859544, 38.55990024638008, 49.89401179072173, 117.82529756004259, 40.50336193335734, 32.41811172807552, 86.45446092986717, 97.28320188768082, 43.65872457219045, 46.68517070520516, 86.10951647883095, 32.5447199232476, 99.58314098997005, 66.1872500810627, 69.02736762150381, 70.34228281934091, 32.22329798231387, 96.33724882330303, 0.0, 94.3765421996784, 69.32604988625552, 128.02791548469426, 60.67858862892, 112.42318082406966, 72.9557627018105, 85.65883664661959, 32.999132551593135, 69.70331792561122, 79.35715481496334, 84.87394023496664, 1.9706522240199718, 101.45447231924167, 64.91013255487468, 74.87976590466903, 97.67687001430627, 93.47090540312162, 20.92228063163274, 57.956711908001374, 87.49609361322331, 60.52672681163103, 16.369951403588978, 34.58191497671124, 68.88080912343733, 73.99356102107659, 51.81432689950287, 51.086763196910915, 90.67759054673766, 30.960485065983672, 72.027772423076, 107.35743417492246, 35.03284254853365, 76.25263771837909, 49.106674784326295, 45.69627426479599, 93.5435037912122, 63.831072557877604, 70.65208040390462, 56.126953996522815, 26.138718142827955, 55.190786249228495, 78.08566273164868, 34.87003465024412, 68.15885645132087, 78.07012739413562, 69.69513689421356, 52.02449719866787, 49.08606561784308, 37.48815186405995, 103.83759496997577, 28.064659038231436, 73.33568754756423, 81.11202085920887, 28.06915314000524, 68.74453691923989], [20.030824648176676, 43.616643039780705, 60.360189239024194, 46.93116418201207, 60.192743105342146, 74.24745568354274, 23.46315481112324, 74.73845516453804, 69.21245465971566, 50.31065770056157, 9.586592399077382, 58.97924755060693, 52.97277097346028, 9.521436695083052, 64.46408030744706, 7.123530072050451, 52.92695167174282, 63.038237564763435, 65.30206324264279, 66.28539266233474, 47.35840654843323, 94.3765421996784, 0.0, 25.939756128465344, 33.71995331182935, 33.71390322581889, 18.13441802869402, 31.93699743014679, 73.96374020496076, 61.845395960082136, 51.810657758743965, 28.69940673994192, 44.08888253214276, 94.05474270656603, 33.049769324243535, 29.4807886310675, 19.517974277527863, 19.14537418753705, 9.98033559464971, 75.81806133935575, 47.43186023669406, 70.56958146349298, 64.91954741530708, 88.89675545092908, 60.19083563687212, 44.572465976164786, 30.044661853014183, 42.56675289582565, 54.395766144399786, 51.976156852497084, 76.03536503146469, 33.946596935277555, 13.85339191176564, 60.722422575011755, 69.93522698126522, 45.70933975361051, 65.44784842451408, 44.39172369420178, 72.37388662287026, 70.54796492894343, 60.361621818293415, 73.76487662449946, 52.572930688673445, 51.68580239951748, 79.59338390162381, 49.95242748232993, 30.77539749993469, 41.23759997800131, 42.42451112649557, 56.6567313367563, 75.8792622154362, 14.412393338683662, 75.17412827921424, 38.52929512396188, 67.61173118075023, 67.7793398360458, 47.058553495568134], [21.538556791121348, 28.46278915275071, 48.792389996570044, 21.0593102301544, 38.728283289786766, 50.390906150385284, 49.19219599682983, 49.59060594921221, 47.69204126363861, 51.66336529512044, 27.974813618616743, 33.37121109661882, 33.29263675175015, 16.95204942038266, 41.63720055911365, 32.221340517619765, 43.8798757968186, 54.80352977309561, 46.610976846139316, 43.959315875890226, 43.367898630053915, 69.32604988625552, 25.939756128465344, 0.0, 59.4951609342697, 9.753492401462074, 44.00150887179444, 14.874494592238973, 59.33224418333347, 36.41493012619091, 33.4610174273837, 28.854515154445238, 34.38478440901764, 68.85035810059978, 38.25126642499313, 7.753224591841143, 8.761705481901778, 36.4861155711327, 28.532624344961857, 52.06693816863477, 23.754474221547923, 57.12927499229692, 43.322829550761725, 63.013493687973906, 36.147138028452225, 36.913400387343955, 25.247085093615038, 18.36160732745772, 37.72115781756151, 55.04183870764819, 50.19569143767013, 27.823980244322417, 39.681295544209654, 34.98854046211426, 63.771155975308496, 22.676651121939383, 40.62208019917631, 39.727604206100295, 61.45050092949898, 51.58837679206061, 46.80495514706007, 47.84460577949151, 37.75421686915336, 37.180740236872495, 59.81790202689594, 30.914508402414647, 18.494721264204596, 22.627134056958205, 18.70978294614042, 31.738818474598187, 50.46284909872069, 34.58530797351813, 49.24184033560987, 22.181749039516685, 63.65055828578254, 44.131943938282056, 28.229232942553843], [49.85826265608916, 70.94737016638051, 82.40441828454908, 80.26569088500625, 92.86617640695675, 105.33555542507328, 10.304365349067021, 107.03497325972431, 101.71745737205312, 69.65333395645573, 33.310281054448154, 91.91906396839677, 85.20588116930313, 42.59361888035844, 97.55332193791132, 28.653824909903744, 79.80589541474748, 88.15790660436114, 92.60100534992547, 99.16661982143032, 65.40355653951366, 128.02791548469426, 33.71995331182935, 59.4951609342697, 0.0, 67.41308121512397, 15.607076713591404, 62.45619894017488, 97.13856659099405, 95.56531357574052, 80.05267024010563, 55.432345901812404, 67.66677196221085, 127.73894563989627, 47.85326794577202, 63.12178005314477, 53.1550336206047, 36.231844493161965, 35.8230773492642, 109.12346861772998, 79.25829272652348, 93.00365201780598, 94.4890805033712, 122.50804800589296, 93.68813596144169, 71.84967576755751, 59.052076140838025, 76.21854053088347, 85.2995821133651, 69.28759031568313, 109.18459802656845, 62.56727449537594, 20.939150732974163, 94.41038355381629, 92.70189397692909, 79.13521853315387, 97.57017596428891, 63.879298939931864, 98.58166276910164, 97.70019799898257, 89.2140209941742, 107.32202129499142, 82.72751918528525, 77.30100264298821, 111.02678070687901, 78.82970025994692, 59.50653523507715, 70.89087151826645, 76.01438306093952, 89.02168121443358, 108.45590218227666, 28.418146399791315, 108.56084074261956, 67.43563266009777, 88.77941273968739, 101.1079581938428, 76.11731075320446], [23.32059502252583, 33.98624105840527, 54.29871735367898, 16.476217455373654, 28.975392459027997, 48.20817963155019, 57.175606518601406, 45.62284057191229, 37.9