instance_id,num_cities,city_coordinates,distance_matrix,best_route,total_distance
814,27,"[[91.09190164880444, 88.04072803379262], [9.833543689422486, 85.8649855534511], [75.1813080553966, 45.49109456297013], [95.34206318396569, 68.84845118517511], [97.4659601478298, 76.85940449612671], [20.38779270930767, 31.80463984606646], [35.742735410310054, 75.60508970928662], [8.135774064888523, 86.96717451120072], [82.29069799262571, 63.89460897993874], [23.31780948585798, 75.18570205824611], [36.83894480900275, 13.883873126292446], [88.17813918565085, 38.76579337705236], [47.85856394946969, 60.591603870347065], [68.73461902996125, 55.059020286608416], [49.26625985673708, 18.66011987370747], [26.47904011619554, 93.21431829354142], [37.88057682843116, 39.70139425075313], [35.003283206605175, 23.11519288264704], [95.8425225632763, 1.774182358455656], [71.09152817394315, 4.742562172730769], [2.3642863695383376, 82.04942275974427], [28.096404508672144, 87.33025111288134], [82.66262048649051, 95.27919963278997], [71.79899099846017, 76.42917792810032], [55.07396818798212, 74.97819899856908], [48.84219296986687, 31.650531064790044], [72.82436489115806, 90.16139677926812]]","[[0.0, 81.2874811615898, 45.427065687714496, 19.657247104031224, 12.870532926144087, 90.34140045176375, 56.72896353569673, 82.96307383941848, 25.700121617619228, 68.98245618520362, 91.88374424039009, 49.361008874593566, 51.21109163028035, 39.845214669010105, 81.01267246537176, 64.81965683037714, 71.88975086705598, 85.79777522417034, 86.39725286042385, 85.66562539870299, 88.92966575913965, 62.99950346937318, 11.110726889039784, 22.517648572157135, 38.31345971828023, 70.46199115592746, 18.390218463085162], [81.2874811615898, 0.0, 76.81394001964824, 87.18525877724625, 88.09393227981016, 55.080969039911494, 27.86667684462596, 2.024164567562476, 75.71483775654639, 17.20094532401862, 76.8802460706304, 91.41230522821851, 45.65792360014699, 66.47062638710231, 77.91940114865089, 18.195747937863892, 54.015860910136226, 67.60955751660947, 120.2863567862228, 101.65327460670717, 8.387390794720536, 18.321547108880754, 73.43501789912531, 62.679750524006984, 46.531904434499936, 66.78983301512152, 63.137173717948016], [45.427065687714496, 76.81394001964824, 0.0, 30.85485627467721, 38.478261225572, 56.47697200364001, 49.62110151895201, 78.83761054182445, 19.72898294832113, 59.762799450586606, 49.6905752257467, 14.633772427834627, 31.21790714990582, 11.537114112451505, 37.302693279637325, 68.18663348237611, 37.74738639656527, 45.98863616979293, 48.35343005038883, 40.953256176244736, 81.47901575093924, 62.98811921951888, 50.347049984433646, 31.12242071210702, 35.69025699738845, 29.754162422019792, 44.73243880200192], [19.657247104031224, 87.18525877724625, 30.85485627467721, 0.0, 8.287720510692775, 83.60853198636886, 59.981097315880675, 89.0686532787217, 13.959895628266786, 72.30251634208607, 80.2727830636632, 30.92390835347692, 48.19603953783719, 29.96839149695577, 68.13111075036934, 73.04663870415128, 64.43115195404873, 75.71194941435648, 67.0761358325699, 68.53942992430096, 93.91023709833794, 69.73919657726096, 29.3147186686083, 24.733452364820103, 40.73196880659423, 59.54765479186047, 31.00465104307224], [12.870532926144087, 88.09393227981016, 38.478261225572, 8.287720510692775, 0.0, 89.2803209747432, 61.735968264722764, 89.90021779890495, 19.95932123735017, 74.16703800503996, 87.41597417067061, 39.209524688738014, 52.20665757143613, 36.06586632972982, 75.56697584734042, 72.84659237670974, 70.22204519034572, 82.40161583742322, 75.10277047522514, 76.78834292158366, 95.2431868692415, 70.15535530838534, 23.63107526130845, 25.67057459844887, 42.433712027677146, 66.39362146703073, 28.00270014649268], [90.34140045176375, 55.080969039911494, 56.47697200364001, 83.60853198636886, 89.2803209747432, 0.0, 46.41393835445909, 56.506788897842476, 69.72614862107557, 43.47989830907918, 24.326822341437477, 68.14681748889387, 39.791111699279504, 53.648688939739266, 31.729233682660915, 61.71103549604551, 19.19260863890569, 17.00350113966746, 81.21111151961033, 57.47368822396373, 53.37963086067863, 56.05815018734332, 88.92229143918931, 68.07687352222814, 55.38128726593523, 28.454817583400146, 78.45447840590863], [56.72896353569673, 27.86667684462596, 49.62110151895201, 59.981097315880675, 61.735968264722764, 46.41393835445909, 0.0, 29.853664528387235, 47.99841851016642, 12.432001859313187, 61.73095051536674, 64.08280052664047, 19.292435259094525, 38.866506834215514, 58.528756206057615, 19.897260661576908, 35.9672867131808, 52.49510509021609, 95.19972319328892, 79.18986651532767, 33.994856799707435, 13.998063658866903, 50.877757584666355, 36.065671883806544, 19.34139479633583, 45.865008601188755, 39.83633166432985], [82.96307383941848, 2.024164567562476, 78.83761054182445, 89.0686532787217, 89.90021779890495, 56.506788897842476, 29.853664528387235, 0.0, 77.66141914054151, 19.21710937376638, 78.51777475249226, 93.43528967881923, 47.681975240600565, 68.48613229786953, 79.73437511339098, 19.377879524506046, 55.84628255372931, 69.27437192334106, 122.27149972130516, 103.55826306795328, 7.582503050215777, 19.96393228630045, 74.98893651180138, 64.52948599141666, 48.44511947946562, 68.68000860690765, 64.7674056836179], [25.700121617619228, 75.71483775654639, 19.72898294832113, 13.959895628266786, 19.95932123735017, 69.72614862107557, 47.99841851016642, 77.66141914054151, 0.0, 60.044070162961624, 67.57910600243365, 25.809287812824188, 34.59019655220034, 16.181313432465874, 56.006897065387314, 63.044321783566275, 50.57242826630855, 62.44245650501914, 63.581438744564075, 60.2028740685178, 81.96236049750284, 59.04448126970248, 31.38679430570251, 16.345988326425495, 29.387009867627857, 46.45947749228033, 27.92052298369321], [68.98245618520362, 17.20094532401862, 59.762799450586606, 72.30251634208607, 74.16703800503996, 43.47989830907918, 12.432001859313187, 19.21710937376638, 60.044070162961624, 0.0, 62.77527642973231, 74.38596720559816, 28.552343713981106, 49.67665355377839, 62.196973543340576, 18.303671283590578, 38.356359228305585, 53.36560898073234, 103.19440504016957, 85.11500545860629, 22.04905423945245, 13.050863654659254, 62.65425155150284, 48.4971256168527, 31.75683663456217, 50.465882194490604, 51.72205004130533], [91.88374424039009, 76.8802460706304, 49.6905752257467, 80.2727830636632, 87.41597417067061, 24.326822341437477, 61.73095051536674, 78.51777475249226, 67.57910600243365, 62.77527642973231, 0.0, 57.051054631868396, 47.99004185516043, 52.083843729924475, 13.313552955084408, 80.00404462074368, 25.83852538895887, 9.412062364996286, 60.23343588321388, 35.45141792822818, 76.3874612181104, 73.96487308345628, 93.40775358445852, 71.65277372384162, 63.7576092040774, 21.441364245655354, 84.33985459508126], [49.361008874593566, 91.41230522821851, 14.633772427834627, 30.92390835347692, 39.209524688738014, 68.14681748889387, 64.08280052664047, 93.43528967881923, 25.809287812824188, 74.38596720559816, 57.051054631868396, 0.0, 45.847945983601996, 25.367690457962254, 43.79922898786064, 82.28864254296575, 50.306263308590836, 55.43019578016778, 37.77726906898362, 38.072726950510564, 96.11186143074981, 77.25491179834448, 56.781916427211485, 41.070756398903455, 49.063473769599184, 39.974287016322755, 53.6399704899628], [51.21109163028035, 45.65792360014699, 31.21790714990582, 48.19603953783719, 52.20665757143613, 39.791111699279504, 19.292435259094525, 47.681975240600565, 34.59019655220034, 28.552343713981106, 47.99004185516043, 45.847945983601996, 0.0, 21.596739495460234, 41.955106458305885, 39.004173311003925, 23.150833352995864, 39.61993972101505, 75.90750527819375, 60.4887269265749, 50.30076822484937, 33.2490331005909, 49.13808758194389, 28.70492639466009, 16.094600886897588, 28.95778343013014, 38.69966239305565], [39.845214669010105, 66.47062638710231, 11.537114112451505, 29.96839149695577, 36.06586632972982, 53.648688939739266, 38.866506834215514, 68.48613229786953, 16.181313432465874, 49.67665355377839, 52.083843729924475, 25.367690457962254, 21.596739495460234, 0.0, 41.27828678816433, 56.93294929419472, 34.46488934598485, 46.45655094431891, 59.783880661939484, 50.3716286994831, 71.64846741638692, 51.89312881799382, 42.56350609632729, 21.58874737411915, 24.153406840143532, 30.71914683392605, 35.33981970301497], [81.01267246537176, 77.91940114865089, 37.302693279637325, 68.13111075036934, 75.56697584734042, 31.729233682660915, 58.528756206057615, 79.73437511339098, 56.006897065387314, 62.196973543340576, 13.313552955084408, 43.79922898786064, 41.955106458305885, 41.27828678816433, 0.0, 77.95887303910759, 23.924234688515575, 14.94256264625281, 49.542740472016135, 25.885145343962332, 78.85428864286081, 71.85923531365579, 83.58110005522295, 62.00796756221726, 56.61674233276749, 12.997331096726866, 75.28224831883325], [64.81965683037714, 18.195747937863892, 68.18663348237611, 73.04663870415128, 72.84659237670974, 61.71103549604551, 19.897260661576908, 19.377879524506046, 63.044321783566275, 18.303671283590578, 80.00404462074368, 82.28864254296575, 39.004173311003925, 56.93294929419472, 77.95887303910759, 0.0, 54.7140574168073, 70.61550894553332, 114.77190926796263, 99.08342808867117, 26.573976754383626, 6.102304004601238, 56.22151223660363, 48.32844798934101, 33.91498132641548, 65.49969849933387, 46.44576900288192], [71.88975086705598, 54.015860910136226, 37.74738639656527, 64.43115195404873, 70.22204519034572, 19.19260863890569, 35.9672867131808, 55.84628255372931, 50.57242826630855, 38.356359228305585, 25.83852538895887, 50.306263308590836, 23.150833352995864, 34.46488934598485, 23.924234688515575, 54.7140574168073, 0.0, 16.83392094580359, 69.2680341520702, 48.21915832460506, 55.269905071012815, 48.62343091530909, 71.3745324697535, 49.99388876312419, 39.24367031329016, 13.600493611309837, 61.378173476819214], [85.79777522417034, 67.60955751660947, 45.98863616979293, 75.71194941435648, 82.40161583742322, 17.00350113966746, 52.49510509021609, 69.27437192334106, 62.44245650501914, 53.36560898073234, 9.412062364996286, 55.43019578016778, 39.61993972101505, 46.45655094431891, 14.94256264625281, 70.61550894553332, 16.83392094580359, 0.0, 64.47365179429477, 40.49586378910262, 67.36874323999669, 64.58543703390373, 86.48153733712499, 64.7788940421986, 55.61118411796172, 16.259379487521908, 76.97809868226747], [86.39725286042385, 120.2863567862228, 48.35343005038883, 67.0761358325699, 75.10277047522514, 81.21111151961033, 95.19972319328892, 122.27149972130516, 63.581438744564075, 103.19440504016957, 60.23343588321388, 37.77726906898362, 75.90750527819375, 59.783880661939484, 49.542740472016135, 114.77190926796263, 69.2680341520702, 64.47365179429477, 0.0, 24.928357386370195, 123.21645532710696, 109.13009398044325, 94.42932846434533, 78.43124233117804, 83.79082931978488, 55.69225434395349, 91.33529030823286], [85.66562539870299, 101.65327460670717, 40.953256176244736, 68.53942992430096, 76.78834292158366, 57.47368822396373, 79.18986651532767, 103.55826306795328, 60.2028740685178, 85.11500545860629, 35.45141792822818, 38.072726950510564, 60.4887269265749, 50.3716286994831, 25.885145343962332, 99.08342808867117, 48.21915832460506, 40.49586378910262, 24.928357386370195, 0.0, 103.43976247005341, 93.10911353603908, 91.27306776853557, 71.69010658456347, 72.0389263401039, 34.91520738760372, 85.43640926810718], [88.92966575913965, 8.387390794720536, 81.47901575093924, 93.91023709833794, 95.2431868692415, 53.37963086067863, 33.994856799707435, 7.582503050215777, 81.96236049750284, 22.04905423945245, 76.3874612181104, 96.11186143074981, 50.30076822484937, 71.64846741638692, 78.85428864286081, 26.573976754383626, 55.269905071012815, 67.36874323999669, 123.21645532710696, 103.43976247005341, 0.0, 26.268404063087566, 81.38089123417278, 69.66179267628159, 53.181883784632824, 68.55832616122268, 70.92550167440655], [62.99950346937318, 18.321547108880754, 62.98811921951888, 69.73919657726096, 70.15535530838534, 56.05815018734332, 13.998063658866903, 19.96393228630045, 59.04448126970248, 13.050863654659254, 73.96487308345628, 77.25491179834448, 33.2490331005909, 51.89312881799382, 71.85923531365579, 6.102304004601238, 48.62343091530909, 64.58543703390373, 109.13009398044325, 93.10911353603908, 26.268404063087566, 0.0, 55.1421590864021, 45.04164142743196, 29.670897079561154, 59.41901180186743, 44.8174723267782], [11.110726889039784, 73.43501789912531, 50.347049984433646, 29.3147186686083, 23.63107526130845, 88.92229143918931, 50.877757584666355, 74.98893651180138, 31.38679430570251, 62.65425155150284, 93.40775358445852, 56.781916427211485, 49.13808758194389, 42.56350609632729, 83.58110005522295, 56.22151223660363, 71.3745324697535, 86.48153733712499, 94.42932846434533, 91.27306776853557, 81.38089123417278, 55.1421590864021, 0.0, 21.756418913058127, 34.252946769564645, 72.05850942909917, 11.089778140549376], [22.517648572157135, 62.679750524006984, 31.12242071210702, 24.733452364820103, 25.67057459844887, 68.07687352222814, 36.065671883806544, 64.52948599141666, 16.345988326425495, 48.4971256168527, 71.65277372384162, 41.070756398903455, 28.70492639466009, 21.58874737411915, 62.00796756221726, 48.32844798934101, 49.99388876312419, 64.7788940421986, 78.43124233117804, 71.69010658456347, 69.66179267628159, 45.04164142743196, 21.756418913058127, 0.0, 16.78784464620026, 50.3203913998557, 13.770447567025363], [38.31345971828023, 46.531904434499936, 35.69025699738845, 40.73196880659423, 42.433712027677146, 55.38128726593523, 19.34139479633583, 48.44511947946562, 29.387009867627857, 31.75683663456217, 63.7576092040774, 49.063473769599184, 16.094600886897588, 24.153406840143532, 56.61674233276749, 33.91498132641548, 39.24367031329016, 55.61118411796172, 83.79082931978488, 72.0389263401039, 53.181883784632824, 29.670897079561154, 34.252946769564645, 16.78784464620026, 0.0, 43.77352888389214, 23.358212216861617], [70.46199115592746, 66.78983301512152, 29.754162422019792, 59.54765479186047, 66.39362146703073, 28.454817583400146, 45.865008601188755, 68.68000860690765, 46.45947749228033, 50.465882194490604, 21.441364245655354, 39.974287016322755, 28.95778343013014, 30.71914683392605, 12.997331096726866, 65.49969849933387, 13.600493611309837, 16.259379487521908, 55.69225434395349, 34.91520738760372, 68.55832616122268, 59.41901180186743, 72.05850942909917, 50.3203913998557, 43.77352888389214, 0.0, 63.235005943860344], [18.390218463085162, 63.137173717948016, 44.73243880200192, 31.00465104307224, 28.00270014649268, 78.45447840590863, 39.83633166432985, 64.7674056836179, 27.92052298369321, 51.72205004130533, 84.33985459508126, 53.6399704899628, 38.69966239305565, 35.33981970301497, 75.28224831883325, 46.44576900288192, 61.378173476819214, 76.97809868226747, 91.33529030823286, 85.43640926810718, 70.92550167440655, 44.8174723267782, 11.089778140549376, 13.770447567025363, 23.358212216861617, 63.235005943860344, 0.0]]",Route_4,1595.2198335814026
