instance_id,num_cities,city_coordinates,distance_matrix,best_route,total_distance
1503,76,"[[73.38089451491864, 99.03926333620628], [45.888755679818125, 21.852663506226623], [17.71031351896496, 12.988364264549412], [33.67352592820766, 71.4665026164686], [13.8418339835228, 39.03692572495837], [24.387635321218514, 76.99431985148732], [44.852273657380806, 84.20096724210343], [12.402957682106997, 29.62471602718467], [4.748982622431585, 50.768320460483174], [52.099523995470165, 31.276379872968707], [58.76910232172512, 54.124646702635246], [14.282018943605312, 81.09256334096733], [45.639728016737024, 2.533569854011619], [44.4676056378253, 28.215085270952834], [50.37833845880766, 93.6625887344188], [21.119227954496246, 57.72411144850808], [61.04597911874874, 82.07454353002377], [4.913751042210923, 70.81371982729726], [25.561132496151885, 15.797224775384166], [53.12637840739062, 30.09217876639315], [19.36391660975253, 68.35016800011911], [67.6017906273208, 44.731537428572544], [63.80073215314353, 86.4396445724718], [93.71904898690639, 93.57653285701137], [11.724103338704639, 50.465849389816086], [50.54859136184338, 89.83652751265764], [63.851098881034005, 98.42024554456894], [58.655523906911256, 89.03212012764425], [79.16888832802009, 98.94487777050904], [62.69770433977426, 30.8423923290153], [92.95151763889085, 4.240877829561174], [68.19086141465701, 47.534387215797544], [54.16432308111857, 24.4482815552171], [59.98981364533707, 12.402287818158298], [55.829876258838816, 33.005644492199814], [20.422031613293314, 7.413501141601342], [81.26577872897302, 21.182518898594605], [42.17462469955257, 55.62492071080134], [47.46593257821022, 4.162748461578703], [11.324785273116778, 94.42335267329273], [35.454469929899076, 77.30367906318503], [66.15449126696517, 78.79800446213555], [73.51316707215099, 71.99822036167663], [8.891542299690325, 16.975601774726968], [70.63190516756869, 83.78625200572468], [38.42195320286167, 3.6673230857708905], [80.6839496816223, 37.70471758922609], [80.31694342744922, 74.47799106943755], [55.10346932663137, 40.151733438775494], [11.398385987242865, 29.360599126791087], [3.3352380770291234, 99.76063691264693], [16.487217714311164, 45.61764426137898], [97.3860051437175, 13.825641763195796], [91.23372296568864, 15.051098969497046], [42.90128042822852, 18.164718744185937], [60.06794703153644, 78.71885918826578], [72.88221468137657, 86.90249795023719], [10.607528950280965, 86.2215940078083], [73.50005552706685, 0.667066284802309], [26.119283853828467, 74.7409505519143], [46.95354979697436, 82.11478778236975], [70.89727398540617, 72.1814789057093], [33.61862705911317, 43.22405836459866], [89.3330206761626, 27.202801332905192], [66.99197741667994, 17.0755576222155], [2.281775617099191, 45.38636456482592], [3.9075529865109426, 72.64460919259403], [4.268966810597952, 84.00960804699878], [72.24301594579539, 37.58760934195035], [0.5272403822858984, 18.341275506875622], [92.08644948014523, 66.1809292588079], [29.809927019088235, 40.658846827142945], [47.72695585485363, 55.73392815187478], [86.59464466277652, 84.54139119606013], [92.15200491412473, 12.342674522676134], [4.195106915998991, 70.11562663689412]]","[[0.0, 81.93649303602064, 102.48888144314735, 48.34182716642836, 84.52916802959433, 53.72447281887031, 32.15676039356904, 92.3941998098515, 83.90723005873468, 71.02608750619991, 47.231634086041595, 61.763752594160636, 100.41375002039881, 76.49864359783759, 23.622578497870087, 66.61999374944689, 20.97502934283883, 74.05694458783496, 95.99982616282637, 71.86060042489957, 62.12611749139528, 54.61434916761638, 15.82813646230731, 21.05901117371754, 78.4916329334193, 24.617156901477387, 9.549878944257364, 17.803916837028776, 5.788763340776047, 69.02857210959637, 96.79743376829292, 51.76570976776481, 77.02656152732122, 87.66576625895948, 68.32625453997002, 105.82968136385672, 78.25499379268149, 53.46621757133639, 98.35211399322576, 62.22754474891683, 43.7132623524347, 21.492544398213518, 27.041366481369906, 104.37107404840093, 15.498751468413303, 101.57723448092324, 61.76779999932264, 25.521850831774703, 61.658782415275134, 93.25742656427872, 70.04937091545962, 78.04332030653188, 88.53025831821067, 85.86463321637139, 86.42741947923845, 24.293072992746914, 12.147006034839979, 64.06862002044208, 98.37226922292211, 53.14195937716033, 31.38219912009781, 26.972373930554603, 68.53010301502236, 73.58632754945693, 82.21233068133911, 89.07142221059601, 74.31838904661272, 70.72728673658882, 61.46218793915345, 108.71899631701939, 37.80962714572881, 72.84711552487458, 50.33365299878082, 19.61610281279235, 88.70542879396673, 74.9883321963932], [81.93649303602064, 0.0, 29.539810487857675, 51.09544861474069, 36.363498981954635, 59.18530595657858, 62.35691841106315, 34.37591406685857, 50.285148347295475, 11.286278094726795, 34.74743485561151, 67.14425917040397, 19.3206985981365, 6.519208399347116, 71.95013352877082, 43.592319062092784, 62.10005037017512, 63.844624214784, 21.210389023309123, 10.966895388814054, 53.531159261241775, 31.542015766055165, 67.02474934255612, 86.20934051766393, 44.563862893582225, 68.14337703569132, 78.64629929295178, 68.3817940896058, 83.9689033467268, 19.06189862947337, 50.250159780215036, 34.01374505847115, 8.67307609039098, 16.97496498943542, 14.940376944378217, 29.275304344660963, 35.38336973234142, 33.9758756418509, 17.76008393154949, 80.38142183650555, 56.424192022651134, 60.44395664971708, 57.251069659142786, 37.31728190835402, 66.69327425609218, 19.658579435903906, 38.23601893860721, 62.88660598824986, 20.488213879913506, 35.29808350056776, 88.7719222539783, 37.805088877423756, 52.119092283060475, 45.85223373298148, 4.746150539829486, 58.60728349562547, 70.42817468926765, 73.40384304284389, 34.80249141775771, 56.46240273762403, 60.27153066569032, 56.19978333904978, 24.643306891752445, 43.77245864510079, 21.63716035671527, 49.552031196570375, 65.89569884433611, 74.80436203967713, 30.69422673109762, 45.49721876961532, 64.02516737268441, 24.742701190472722, 33.93109302501097, 74.7452070521116, 47.23058458438581, 63.778318866154564], [102.48888144314735, 29.539810487857675, 0.0, 60.61779289555833, 26.33424933566244, 64.3533136446595, 76.20971606687752, 17.462423255355127, 39.941472040676025, 38.949573965464154, 58.12071808551261, 68.19043287394356, 29.822054261149965, 30.786453419334826, 87.03752263986526, 44.86544075049124, 81.55292808034265, 59.224351049037956, 8.338168622778339, 39.32986298850604, 55.386493985786835, 59.13364973155938, 86.7145735660784, 110.77806996207583, 37.95255727400773, 83.57028590530231, 97.09571778854037, 86.36644637519339, 105.66777480225674, 48.40074019052779, 75.7479855596613, 61.1695464884073, 38.21288418147119, 42.28356201335117, 43.055691507528515, 6.1993962498548285, 64.08152095750529, 49.156672661349354, 31.036887084573515, 81.6849576611917, 66.7181744683058, 81.71748344519416, 81.21651052145732, 9.678263727573945, 88.39137837613812, 22.71241570269552, 67.65040260942281, 87.75285928733224, 46.21792645880721, 17.546808927839646, 87.95493217823045, 32.652195584047085, 79.68009079746585, 73.55233926350388, 25.717298837989667, 78.19633674093706, 92.23468889946255, 73.57686788154327, 57.13413775700381, 62.32248948229732, 75.0575065957866, 79.5781225248515, 34.16535727024402, 73.0196028590675, 49.450859912344235, 35.884121909920346, 61.232211761711824, 72.28199547425784, 59.82422997708598, 17.997545976845952, 91.4399178214, 30.20026907329069, 52.23200215544181, 99.32213620433153, 74.44449162305406, 58.70421548474663], [48.34182716642836, 51.09544861474069, 60.61779289555833, 0.0, 38.01280656241068, 10.806689028039031, 16.944939955456867, 46.9379609537441, 35.5674563331435, 44.212705989481684, 30.5045557426924, 21.649286089975774, 69.96384217334652, 44.57799074850236, 27.779794827139245, 18.613535736822648, 29.35611905024271, 28.767182289251878, 56.257261065077785, 45.719231660514346, 14.645014861306084, 43.19589690110741, 33.6428823817823, 63.98686018731061, 30.37769885884539, 24.94445124824541, 40.46220665210037, 30.53933760835148, 53.14968580336532, 49.927159633946914, 89.62792494106894, 42.00229275450487, 51.28923746485666, 64.66164604270196, 44.386275667471715, 65.40939611032618, 69.23511786074589, 17.978442579771095, 68.70244394882103, 32.03877609085618, 6.102818234820831, 33.298108484575884, 39.84318925787382, 59.86154848572346, 38.95764393561946, 67.96525808542522, 57.87778563232484, 46.74053335929019, 37.94545088296939, 47.6349553171996, 41.48457237710353, 31.04082260966247, 85.91710451180911, 80.5969853756601, 54.09465423755094, 27.37265316377529, 42.13776483971355, 27.381616799460737, 81.23246053623193, 8.233382209047836, 17.02189798258007, 37.230613888572485, 28.242497609202506, 71.11437693545629, 63.78474823151337, 40.81195398884644, 29.78927794140924, 31.968071426696977, 51.33600071804384, 62.6176173367976, 58.65157221766281, 31.048978272466865, 21.095326306723443, 54.51236116228197, 83.15864087977069, 29.509355353371188], [84.52916802959433, 36.363498981954635, 26.33424933566244, 38.01280656241068, 0.0, 39.39514811154794, 54.785381398037096, 9.521557456931157, 14.842694105707272, 39.03686612640788, 47.393024430110685, 42.05794120125414, 48.41075350362255, 32.48153506584055, 65.71818027376932, 20.05421086144256, 63.878539935430254, 33.007200857227865, 26.027402057327016, 40.28999787470342, 29.82883787902537, 54.06072086827903, 68.86878291692788, 96.72092960065807, 11.623471048750739, 62.673643415870686, 77.63572147141804, 67.14004965675822, 88.63738910652151, 49.53833309513024, 86.423995494256, 55.00930498105273, 42.880434532978505, 53.28264223265936, 42.41900573354296, 32.300773724883236, 69.7478900624157, 32.83151850598284, 48.44366053574903, 55.4435913727974, 43.94827008653784, 65.7081235038629, 68.16975089218505, 22.60989611192574, 72.30224331009019, 43.07192881321813, 66.85539028017882, 75.3326575154072, 41.27669254466075, 9.980066860744175, 61.62594955007316, 7.0925250467453065, 87.26532744363327, 81.02360375452875, 35.77849147072757, 60.92215829166013, 76.00578634157327, 47.29538719590567, 70.93200625384789, 37.755968589903155, 54.333119950432994, 65.98397259456374, 20.21518300922998, 76.41312562897545, 57.50860314691489, 13.189022822648349, 35.04520405117343, 45.98023424417961, 58.419162717113025, 24.608704572068138, 82.81918124480538, 16.050253058883058, 37.7755393645067, 85.81158336461357, 82.73491353975442, 32.54143502503927], [53.72447281887031, 59.18530595657858, 64.3533136446595, 10.806689028039031, 39.39514811154794, 0.0, 21.696478719889026, 48.862172123072945, 32.76400042547492, 53.461002700786935, 41.292943986137026, 10.905002616714473, 77.43419615470602, 52.750534918412164, 30.876331341984077, 19.54541937664925, 37.00868604262903, 20.431152330967464, 61.20834535725652, 55.00660135419278, 9.997955337039961, 53.92912337956428, 40.52908043575056, 71.2868480790342, 29.395999511972967, 29.1430595266202, 44.904735250776625, 36.32074921597977, 59.01535964434627, 59.980511853818115, 99.97034202456942, 52.78835332809947, 60.39650051603717, 73.75395381684253, 54.07049172186391, 69.69373246645877, 79.68739124302165, 27.80338487988322, 76.40056017730123, 21.780937456472383, 11.071157634942791, 41.80578349663408, 49.37893153890596, 61.986897151813416, 46.740376934828156, 74.6579569308081, 68.65091300552447, 55.98588586225153, 47.967057781629826, 49.37298804344884, 31.008202499603232, 32.35602524183761, 96.53519507498046, 91.13375909402188, 61.67395740174707, 35.72196354722885, 49.49642634125432, 16.584146645223047, 90.76276469736281, 2.8418796316431876, 23.139569744451222, 46.757993184509715, 35.009166933217855, 81.8358014275445, 73.52134406058637, 38.5711274227471, 20.9368993705489, 21.30669122849247, 61.99214698577216, 63.32059741926657, 68.55697524420651, 36.73782583604594, 31.571001539272007, 62.663149434901186, 93.65812847823933, 21.332009369398087], [32.15676039356904, 62.35691841106315, 76.20971606687752, 16.944939955456867, 54.785381398037096, 21.696478719889026, 0.0, 63.49429347537526, 52.21126145438761, 53.41848543019646, 33.14005397197704, 30.7278806310769, 81.67119370079376, 55.987203444830804, 10.957174519620148, 35.55673425738156, 16.3327209727232, 42.122487842335126, 71.07193616861521, 54.73775479249485, 30.015065910257015, 45.55629936870233, 19.08024516496441, 49.75804419092228, 47.28143235109246, 8.01296293222568, 23.730639168001513, 14.624286500702583, 37.3498720228432, 56.26363757344301, 93.31212767081556, 43.46409747515271, 60.4739424154401, 73.37707737372358, 52.359037714059795, 80.58009479063956, 72.78233427983993, 28.701223655107476, 80.08088210374292, 35.051243077254064, 11.657242346426406, 21.976725913743483, 31.15050309000776, 76.23925473141979, 25.78296704276598, 80.78995520636586, 58.701024168994685, 36.773347244359364, 45.22634200672778, 64.23884008346644, 44.33697738498441, 47.88788167050585, 87.82072295387182, 83.264296802759, 66.06506255396198, 16.173132811639814, 28.159827094207632, 34.30430691007655, 88.30972774953678, 20.9861102341204, 2.9609974929134792, 28.684667367002117, 42.48884414820082, 72.30026121917786, 70.68229692919768, 57.609206594020534, 42.54432467655373, 40.58375799456826, 54.06531140979497, 79.38644449965942, 50.55481316922492, 46.06721657119595, 28.611817703548187, 41.74375912181997, 86.02836049531048, 43.02792148595237], [92.3941998098515, 34.37591406685857, 17.462423255355127, 46.9379609537441, 9.521557456931157, 48.862172123072945, 63.49429347537526, 0.0, 22.486336799175035, 39.73091202742154, 52.441071421585896, 51.50213760941684, 42.879052033051885, 32.09561819615046, 74.45118324112336, 29.42022077594299, 71.53410333234886, 41.864331478488374, 19.087615847862843, 40.726103631221676, 39.346099929985684, 57.22872715137958, 76.61375415799448, 103.45115553209725, 20.85218652943965, 71.27798826559832, 85.90539048512626, 75.28970410577534, 96.24434694638188, 50.309484959945394, 84.453595262456, 58.59220532593475, 42.08095904126158, 50.60751815570759, 43.55832795638103, 23.614478893411782, 69.37837425949579, 39.52673526345957, 43.33271282618636, 64.8076057800151, 52.95900049187481, 72.85080410147172, 74.3637785570383, 13.127457078947204, 79.52409889347592, 36.75288255666499, 68.75740173741633, 81.38873227808952, 43.97899260201508, 1.0387117151528191, 70.71966443138805, 16.50620893829803, 86.43916417609195, 80.16657576159321, 32.58035033655918, 68.4265014625324, 83.29756796694882, 56.62534910695621, 67.61213532849776, 47.155192941387234, 62.8406798845494, 72.33714886895517, 25.2001337124353, 76.96817695031973, 56.012877557349285, 18.731467935459946, 43.850691088113884, 54.98980166816964, 60.36754295930853, 16.381351939343173, 87.66878344635523, 20.609576026915082, 43.92579885079237, 92.30518744166781, 81.60011944218066, 41.31443641394834], [83.90723005873468, 50.285148347295475, 39.941472040676025, 35.5674563331435, 14.842694105707272, 32.76400042547492, 52.21126145438761, 22.486336799175035, 0.0, 51.205561379473544, 54.12428529015197, 31.787395108366642, 63.234833952264154, 45.675129247252634, 62.625524866455116, 17.78673552119875, 64.41608042551317, 20.04607653400603, 40.69549257328809, 52.61060024642049, 22.86301944977415, 63.14204798289195, 68.98950997463658, 98.73305301410122, 6.981675855779328, 60.19907775834095, 75.91947122092381, 66.10622934507721, 88.65271027709694, 61.27884594682284, 99.72206426415099, 63.52424977060733, 55.987680078948316, 67.25698382185404, 54.081145996069466, 46.10081152043683, 82.03742889967653, 37.739438931655556, 63.220385595704535, 44.14751429018624, 40.58265894397545, 67.50036797771087, 71.96680980041928, 34.0456845555249, 73.6935769698743, 57.89967963126536, 77.05048307608652, 79.2001589683619, 51.46150261343838, 22.416625477733685, 49.01271003513896, 12.818565769236885, 99.73153689250077, 93.56992157353108, 50.18558231939884, 61.97919359324616, 77.12208564126813, 35.93406698798539, 85.06965202417753, 32.11505516453665, 52.57210766131215, 69.52783474869139, 29.8391062277646, 87.80542799410104, 70.77706315348624, 5.920520219538241, 21.89246474298602, 33.244753203912445, 68.76900231823608, 32.7007087379695, 88.68698679678111, 27.02318247719017, 43.26388150538037, 88.54000622166595, 95.476795984469, 19.35523274419518], [71.02608750619991, 11.286278094726795, 38.949573965464154, 44.212705989481684, 39.03686612640788, 53.461002700786935, 53.41848543019646, 39.73091202742154, 51.205561379473544, 0.0, 23.801818673573877, 62.54451073967342, 29.45977073693407, 8.222998386117329, 62.409947410297434, 40.734030592100346, 51.57996209965444, 61.560526474849745, 30.72280042421534, 1.5674062154066106, 49.45791905255103, 20.527092720868012, 56.39063791673798, 74.92325354886762, 44.70358300571424, 58.58068182956062, 68.16449376043889, 58.126643350570006, 72.88193255586563, 10.607062354804011, 48.987791901464355, 22.874744647702606, 7.133464929539978, 20.456979778360598, 4.111676559767818, 39.65980969408221, 30.863513159547637, 26.29363168080266, 27.506711503464377, 75.16727673476701, 48.94456145059912, 49.556502182826655, 46.00882961566457, 45.51309631785115, 55.68425112458939, 30.811295971859586, 29.298343256938793, 51.60040667834985, 9.36993001418284, 40.7462004490258, 84.07168990458193, 38.391512381272, 48.532397791232626, 42.36443401530594, 16.016346096358415, 48.107012059200926, 59.38169115554285, 68.85174078520733, 37.34853180746965, 50.6373555996206, 51.09818753355382, 45.01758024996962, 22.006602938927358, 37.45567136220096, 20.577864843087834, 51.77740551143064, 63.51217573638519, 71.19378873377684, 21.109047476448563, 53.16970342253598, 53.07807247390812, 24.183813171534922, 24.845342017355208, 63.45923716135488, 44.30221694261909, 61.671065054148535], [47.231634086041595, 34.74743485561151, 58.12071808551261, 30.5045557426924, 47.393024430110685, 41.292943986137026, 33.14005397197704, 52.441071421585896, 54.12428529015197, 23.801818673573877, 0.0, 52.02277496735264, 53.23551145655568, 29.59456336866152, 40.41848312730104, 37.82154394422442, 28.042483852370992, 56.381947671219976, 50.71252834877896, 24.68602536415911, 41.8943208225198, 12.893676145238384, 32.704378699005446, 52.706262370204826, 47.18706101346736, 36.645807828874254, 44.586172360882756, 34.907658199512916, 49.24433350224396, 23.611380360626203, 60.47171168321168, 11.497872173106597, 30.031494138947124, 41.740212829125426, 21.322553885806617, 60.43532867074991, 39.890904146561674, 16.66215801306555, 51.22453437660903, 62.2490877292059, 32.87612545202671, 25.754971423023708, 23.17006863843801, 62.19182046545536, 31.94584355617515, 54.40540399484451, 27.38383842519112, 29.64064917020503, 14.44573190717825, 53.453183426066, 71.80220684315815, 43.129187987837305, 55.81464845963081, 50.80052879656167, 39.30526924498285, 24.628485243078792, 35.6870771132362, 57.8770349614081, 55.45010267318757, 38.61402116320448, 30.3818248156457, 21.75182146657351, 27.41111511869947, 40.73007320504563, 37.950634731399504, 57.15921319398215, 57.90318303935993, 62.15605911964921, 21.331196708520473, 68.35615653550322, 35.431618234974216, 31.936837672125, 11.15879856340767, 41.224254415961695, 53.48038317682959, 56.868553821968135], [61.763752594160636, 67.14425917040397, 68.19043287394356, 21.649286089975774, 42.05794120125414, 10.905002616714473, 30.7278806310769, 51.50213760941684, 31.787395108366642, 62.54451073967342, 52.02277496735264, 0.0, 84.58617721589455, 60.88675825759765, 38.222373303283945, 24.34814101546133, 46.77426916964176, 13.907518378589822, 66.26235462859265, 64.10868497252328, 13.718393598073462, 64.5377583884457, 49.806568197626326, 80.41200928330193, 30.7333457288242, 37.30577950402739, 52.510401411455696, 45.07820431979744, 67.29792678085505, 69.77935424687759, 109.97759585893668, 63.50050772565983, 69.2760625493437, 82.50791748611205, 63.54979316925394, 73.9344572047565, 89.86677639745913, 37.77033593965706, 83.7816718709165, 13.654859032766016, 21.508796452554886, 51.92319698734045, 59.92525329817718, 64.34315813616345, 56.41423256658075, 81.10119761517772, 79.32037294865232, 66.36538117062433, 57.81472446059104, 51.81227133106433, 21.640909921222832, 35.54339299112656, 106.91637508304564, 101.40532416116272, 69.13013636267404, 45.8474174003046, 58.887505301796374, 6.309424085638557, 99.87510417281875, 13.433682502458604, 32.68751858295833, 57.31225461679601, 42.5197375645474, 92.39458485401563, 82.92476556148927, 37.668799701300244, 13.378993728525609, 10.429303084833105, 72.47177516760902, 64.24109322005627, 79.22049130190676, 43.312831358859036, 41.97170694230655, 72.39482199698405, 103.87628183361345, 14.907680358053653], [100.41375002039881, 19.3206985981365, 29.822054261149965, 69.96384217334652, 48.41075350362255, 77.43419615470602, 81.67119370079376, 42.879052033051885, 63.234833952264154, 29.45977073693407, 53.23551145655568, 84.58617721589455, 0.0, 25.708249745592074, 91.25213702170109, 60.39247308064304, 81.0192512082548, 79.50335892843779, 24.063967668539448, 28.557430893857877, 70.86778433549067, 47.57100652219687, 85.84900375602736, 102.95844898461782, 58.71774023921271, 87.44085632751013, 97.60076128669837, 87.47233929703052, 102.0751923111066, 33.05093018598073, 47.34258482354251, 50.335148562009785, 23.514321379929946, 17.41598552491432, 32.13077113844799, 25.68552007002885, 40.21192347822053, 53.20430881796614, 2.4472936145260005, 98.0879578851175, 75.46064347358308, 78.97543603747765, 74.8482883901023, 39.48419227353544, 85.0094540365121, 7.306276045588337, 49.64984496561794, 79.86556838001945, 38.7903162022515, 43.49895405160186, 106.03194064942514, 52.02024917734067, 52.96402632452001, 47.281084067119814, 15.86921267176812, 77.53948552113975, 88.6581587208935, 90.72453007978747, 27.92278074541846, 74.7994222408775, 79.59206225894046, 74.08626636315928, 42.42903161119284, 50.176436752538, 25.833853036044665, 60.96125040397756, 81.59125118472983, 91.37770342047607, 44.00591565981045, 47.80188383919712, 78.79266649823913, 41.28098041354082, 53.24128701552233, 91.66563128432264, 47.535359855375894, 79.27793524801523], [76.49864359783759, 6.519208399347116, 30.786453419334826, 44.57799074850236, 32.48153506584055, 52.750534918412164, 55.987203444830804, 32.09561819615046, 45.675129247252634, 8.222998386117329, 29.59456336866152, 60.88675825759765, 25.708249745592074, 0.0, 65.7138681868708, 37.628836899258786, 56.35320497747746, 58.1304660177087, 22.619858221134436, 8.859899878982278, 47.33941347857198, 28.425054212844334, 61.35037967864095, 81.84023156438906, 39.588299365921394, 61.9207600996909, 72.83189095000652, 62.45005006859707, 78.78377096442571, 18.41844838905129, 54.08745090471492, 30.594579459261396, 10.402650595302546, 22.15814759206121, 12.330882017010028, 31.79458338238976, 37.46414996536945, 27.50557835099741, 24.23849975623516, 74.04040257958543, 49.90918408257414, 55.03592210723024, 52.54148415688081, 37.30927863013335, 61.42251331674684, 25.28126859286595, 37.438972975159004, 58.52718575904729, 15.987656672860082, 33.08905393468337, 82.52658735747379, 32.95073850106546, 54.83988594743923, 48.5835390360603, 10.171688256360145, 52.85831847014618, 65.2043128488177, 67.16591285112764, 40.022200047381595, 50.01316879014234, 53.957000001683284, 51.29884148993496, 18.519438693630512, 44.87683350386357, 25.128398282999395, 45.54664737525464, 60.158959989190976, 68.76742932063536, 29.31411989532551, 45.03607240920772, 60.901228219054836, 19.22744767662876, 27.71119047139821, 70.33733117042856, 50.25669465159399, 58.11651675778977], [23.622578497870087, 71.95013352877082, 87.03752263986526, 27.779794827139245, 65.71818027376932, 30.876331341984077, 10.957174519620148, 74.45118324112336, 62.625524866455116, 62.409947410297434, 40.41848312730104, 38.222373303283945, 91.25213702170109, 65.7138681868708, 0.0, 46.34295736283376, 15.75059836668851, 50.8831948613311, 81.72459003424738, 63.629778775836265, 40.032649251096956, 51.87383817008742, 15.242426803247291, 43.340795962862565, 57.966440141911036, 3.82984732380504, 14.288126949249737, 9.48435756710082, 29.271117833666803, 64.01674665368895, 99.03897195877694, 49.447921588224446, 69.31777548260813, 81.8267496620908, 60.90142977951201, 91.30326078742264, 78.7870198056062, 38.91227451741573, 89.54721389790545, 39.06096233067329, 22.14352676291051, 21.675858991379016, 31.69487579970366, 87.18972545262486, 22.53328630281845, 90.78602859228566, 63.63735864011311, 35.55796472009573, 53.71907013518884, 75.1942987345777, 47.436689230110524, 58.79561849947257, 92.64803737179466, 88.59418020539209, 75.86721801842185, 17.810209629346474, 23.497303514469046, 40.460915603641034, 95.82682816342067, 30.76572966527813, 12.04495264442194, 29.706309003607075, 53.15010133638804, 77.03486618479646, 78.36827377200629, 68.14596963327469, 51.00283684691263, 47.108960824289355, 60.186937415653155, 90.32404002122948, 49.948054341502186, 56.85469378447739, 38.021219382055314, 37.34724996025, 91.42192109404216, 51.839659525877885], [66.61999374944689, 43.592319062092784, 44.86544075049124, 18.613535736822648, 20.05421086144256, 19.54541937664925, 35.55673425738156, 29.42022077594299, 17.78673552119875, 40.734030592100346, 37.82154394422442, 24.34814101546133, 60.39247308064304, 37.628836899258786, 46.34295736283376, 0.0, 46.76632336509517, 20.831594501254113, 42.16152679941936, 42.28452889489426, 10.77006015558974, 48.26422704546884, 51.44212906998119, 80.96993352344367, 11.872267460721275, 43.55794641668444, 59.01006798205583, 48.87908470174286, 71.19631061827904, 49.511579669208956, 89.5563181447386, 48.16190565733892, 46.896259627125445, 59.707538294000464, 42.61257695068281, 50.3154408923505, 70.37681121044491, 21.15978104435398, 59.69060604104167, 37.983751972570595, 24.266409509259038, 49.722066614062065, 54.30354538636966, 42.543593373232824, 55.95301935758264, 56.75844139081148, 62.83893860436393, 61.52285753741687, 38.25855630517798, 29.98305521084378, 45.64361695855234, 12.962332607143408, 87.99827807146342, 82.07940304795322, 45.15975377593641, 44.246832094493, 59.420409235644584, 30.37436959301116, 77.45487395897389, 17.736216396618016, 35.52910464793535, 51.83502040558997, 19.143837583219554, 74.73066230569125, 61.291223445035584, 22.518206161448887, 22.778564663622813, 31.22272621099629, 54.94652323547603, 44.44139645622764, 71.46932417860926, 19.150757343471216, 26.68205414831577, 70.7544817391903, 84.29193448989997, 20.97559347407618], [20.97502934283883, 62.10005037017512, 81.55292808034265, 29.35611905024271, 63.878539935430254, 37.00868604262903, 16.3327209727232, 71.53410333234886, 64.41608042551317, 51.57996209965444, 28.042483852370992, 46.77426916964176, 81.0192512082548, 56.35320497747746, 15.75059836668851, 46.76632336509517, 0.0, 57.25061728313807, 75.17883559309313, 52.58218635475793, 43.883400263536025, 37.91409723610665, 5.1616636263212845, 34.63849380512449, 58.581199848682694, 13.055402907053127, 16.58465167644679, 7.356775668154975, 24.759806453063838, 51.2587701070633, 84.11921840240576, 35.27140118046866, 58.03570675893679, 69.68026048664571, 49.3453602867516, 84.99750797200944, 64.161350983222, 32.49169993850809, 79.08644305334875, 51.23173044795376, 26.032412303202356, 6.068987117458121, 16.030067500120754, 83.41437224826835, 9.737552265288807, 81.60599712298354, 48.521452388041425, 20.714190176631245, 42.34188739978745, 72.41300600236573, 60.35998285887171, 57.572464965308804, 77.32082568023664, 73.50810839170369, 66.43565153384333, 3.4953060188110308, 12.783020620247546, 50.608648303054885, 82.35460746440042, 35.68831220577937, 14.092486785129632, 13.961401728003304, 47.55649102480241, 61.73382226800721, 65.27038428569622, 69.27664894440022, 57.91134087963628, 56.80997800848687, 45.87440405237125, 87.88883428037198, 34.87288022029341, 51.87437598812847, 29.51651062039276, 25.667482316893125, 76.35521197692066, 58.09507176577171], [74.05694458783496, 63.844624214784, 59.224351049037956, 28.767182289251878, 33.007200857227865, 20.431152330967464, 42.122487842335126, 41.864331478488374, 20.04607653400603, 61.560526474849745, 56.381947671219976, 13.907518378589822, 79.50335892843779, 58.1304660177087, 50.8831948613311, 20.831594501254113, 57.25061728313807, 0.0, 58.76333115729335, 63.10864713990131, 14.658662030845715, 67.89750029054566, 60.92492157156373, 91.67620520108724, 21.45732345244573, 49.44093307404865, 65.08249559177034, 56.745821521454104, 79.40521053785007, 70.26159890487757, 110.37477809258338, 67.4234382386686, 67.64150140499328, 80.28242685184432, 63.41847024029936, 65.26939938183496, 91.0652965596958, 40.237697800814146, 79.07616668419426, 24.464589165415276, 31.22266934552965, 61.75902415360809, 68.60964160498686, 53.98486620091389, 66.98628496016639, 75.04290910811962, 82.68814323139962, 75.49217380378734, 58.81466849995316, 41.95726047040087, 28.989924317378886, 27.72701489042193, 108.62209176799037, 102.76481614736026, 64.92279802891284, 55.7178298531562, 69.846695204267, 16.426250138996586, 98.10521987183041, 21.566125358741758, 43.532273272437486, 65.99769742113548, 39.81405941086699, 95.0185523855965, 82.10661524493321, 25.563209702271763, 2.0891602129207874, 13.211631716491114, 75.0813181187007, 52.65547349259511, 87.29571639778506, 39.10416785877279, 45.39130559152748, 82.82642901793429, 105.02083639752419, 1.0018899553474667], [95.99982616282637, 21.210389023309123, 8.338168622778339, 56.257261065077785, 26.027402057327016, 61.20834535725652, 71.07193616861521, 19.087615847862843, 40.69549257328809, 30.72280042421534, 50.71252834877896, 66.26235462859265, 24.063967668539448, 22.619858221134436, 81.72459003424738, 42.16152679941936, 75.17883559309313, 58.76333115729335, 0.0, 31.051384699432123, 52.9170797221923, 51.03539345213551, 80.32819216635562, 103.41722460991372, 37.32796416308342, 78.14212340592144, 91.0641811404492, 80.36534477064744, 98.93090358389989, 40.06846684131253, 68.37406792358433, 53.14641349549768, 29.882826088705535, 34.595659881201826, 34.818480123654, 9.833472420861636, 55.964354769060265, 43.15383513335172, 24.8028487422603, 79.90457790685771, 62.29704683719222, 74.94610742016259, 73.87793665816797, 16.711188158552563, 81.57133303389442, 17.6786657938267, 59.316635237101295, 80.25977300990387, 38.2869658975572, 19.609908527885022, 86.8553104908493, 31.17039216610543, 71.8519273952548, 65.67682881121546, 17.50102162728263, 71.76247157510501, 85.41220458723251, 71.99445840335137, 50.26989195645954, 58.946368347480565, 69.68252780402008, 72.35018893525276, 28.58591295310708, 64.78380120565066, 41.45056146418446, 37.64897940424711, 60.8317566790437, 71.45827839498185, 51.51717288404854, 25.162828706111, 83.45139589781448, 25.222063871591324, 45.67563904042247, 91.92850496046975, 66.68041846625755, 58.369476868310514], [71.86060042489957, 10.966895388814054, 39.32986298850604, 45.719231660514346, 40.28999787470342, 55.00660135419278, 54.73775479249485, 40.726103631221676, 52.61060024642049, 1.5674062154066106, 24.68602536415911, 64.10868497252328, 28.557430893857877, 8.859899878982278, 63.629778775836265, 42.28452889489426, 52.58218635475793, 63.10864713990131, 31.051384699432123, 0.0, 51.0252640056361, 20.587578317442553, 57.34961840027074, 75.35269151848578, 46.143632665134454, 59.799934725444864, 69.16461768043425, 59.19871736467427, 73.61322220306259, 9.600682293121768, 47.479800704457766, 23.047110097986078, 5.738545536635656, 18.974693278836593, 3.974567041607824, 39.798199934642966, 29.516230948719244, 27.78240127269214, 26.540082948576394, 76.7194442420116, 50.41053569950252, 50.418143375037644, 46.60190419121553, 46.138544812915505, 56.475631631545376, 30.240587268393128, 28.58969188122701, 52.05215807160278, 10.252001205110819, 41.73440499378167, 85.63207177146927, 39.79281562203526, 47.15415978379182, 40.96832667734237, 15.710408373585206, 49.11964397076446, 60.147364303473665, 70.41565035203156, 35.789998099065215, 52.18137577891748, 52.38755254717234, 45.68713074665744, 23.51592278538069, 36.3217489437386, 19.01807723975949, 53.0950633499904, 65.06306256999972, 72.76081258594849, 20.533565454828935, 53.89576095017638, 53.10635602352939, 25.59905035834607, 26.204066009852223, 63.912765394343594, 42.87242033220001, 63.21507501543429], [62.12611749139528, 53.531159261241775, 55.386493985786835, 14.645014861306084, 29.82883787902537, 9.997955337039961, 30.015065910257015, 39.346099929985684, 22.86301944977415, 49.45791905255103, 41.8943208225198, 13.718393598073462, 70.86778433549067, 47.33941347857198, 40.032649251096956, 10.77006015558974, 43.883400263536025, 14.658662030845715, 52.9170797221923, 51.0252640056361, 0.0, 53.7097030322267, 47.977700427376185, 78.51786544931748, 19.44776591208642, 37.870141067808916, 53.69654504684121, 44.402404752438564, 67.17641630927609, 57.311869580606334, 97.59680379703238, 53.07887780126968, 56.02181650030072, 69.14209142628648, 50.78387101364615, 60.945852813679586, 77.82433845264302, 26.120113363696532, 70.06959489327771, 27.284401984450646, 18.413887870434174, 47.942832243091665, 54.27199656979855, 52.43106596796649, 53.541379700120544, 67.43203381923098, 68.55136823449773, 61.260278270733664, 45.524359853961045, 39.79492629753357, 35.26380712303005, 22.913817492234188, 95.1859772264949, 89.4765881399753, 55.43091928286186, 42.00390278929638, 56.64271511025267, 19.90131132340921, 86.67020130748904, 9.299305792727965, 30.832655045509423, 51.67558287684939, 28.88802789065576, 81.17130840082763, 69.98226808009437, 28.620548721288888, 16.041864031635825, 21.750300504149717, 61.176254885276876, 53.43884074059983, 72.75487876288541, 29.596087609291672, 31.04241458275392, 69.15292114669087, 91.84195732142746, 15.271202694073404], [54.61434916761638, 31.542015766055165, 59.13364973155938, 43.19589690110741, 54.06072086827903, 53.92912337956428, 45.55629936870233, 57.22872715137958, 63.14204798289195, 20.527092720868012, 12.893676145238384, 64.5377583884457, 47.57100652219687, 28.425054212844334, 51.87383817008742, 48.26422704546884, 37.91409723610665, 67.89750029054566, 51.03539345213551, 20.587578317442553, 53.7097030322267, 0.0, 41.88095327295088, 55.389031067762446, 56.171151585072884, 48.22107149030903, 53.819560270781864, 45.19488152114129, 55.433600101816964, 14.729508271230813, 47.77135307194194, 2.8640829810325212, 24.330556978401585, 33.2132891166581, 16.615490755742016, 60.15451348766281, 27.226105938369848, 27.662367332746477, 45.29105229095933, 75.07581390802575, 45.76455657698581, 34.09719712215831, 27.900114151145026, 64.94062844408307, 39.17208604133613, 50.375913011174525, 14.84988493479581, 32.350063600227195, 13.310996954406834, 58.267387425673256, 84.60727845006929, 51.12225297655146, 42.921717361236716, 37.93938129659159, 36.27548840614741, 34.812308738758745, 42.50026811104195, 70.49660033688913, 44.45747570440472, 51.1992504263513, 42.70664183007913, 27.647052241815047, 34.0165827094944, 27.91958002096802, 27.662702167385977, 65.32329721863364, 69.54204112583533, 74.52391162644467, 8.519194854191275, 72.07940909073463, 32.55111256203328, 38.01067960084673, 22.716990532662486, 44.10842279430168, 40.64174531027112, 68.29904482643684], [15.82813646230731, 67.02474934255612, 86.7145735660784, 33.6428823817823, 68.86878291692788, 40.52908043575056, 19.08024516496441, 76.61375415799448, 68.98950997463658, 56.39063791673798, 32.704378699005446, 49.806568197626326, 85.84900375602736, 61.35037967864095, 15.242426803247291, 51.44212906998119, 5.1616636263212845, 60.92492157156373, 80.32819216635562, 57.34961840027074, 47.977700427376185, 41.88095327295088, 0.0, 30.757777171821374, 63.29367431679497, 13.6805719639848, 11.980706843082892, 5.7614318881041395, 19.81315425551139, 55.60819298790059, 87.21470947318168, 39.152168329759895, 62.73587066854544, 74.13537141633968, 54.025243250412856, 90.14900446528797, 67.55383263081448, 37.646191444358166, 83.88273547516162, 53.07979461145741, 29.782149818571074, 7.995926809432307, 17.40362391262511, 88.54531253640418, 7.328397974064964, 86.57562951145687, 51.57650765781088, 20.392802391632056, 47.09790969665636, 77.48563294366878, 61.91546503738489, 62.49003406906146, 80.0047746439981, 76.47805847580855, 71.40204884497356, 8.575792191573942, 9.09326993770177, 53.19365011944356, 86.31924501538651, 39.45568384555744, 17.393445305542826, 15.926587649521753, 52.71191856873745, 64.50504905983469, 69.43745822518822, 73.9591361000782, 61.461336723329005, 59.58134072270482, 49.576138431707065, 92.9565631371499, 34.79220244340857, 57.01978845856961, 34.65843772286322, 22.87281822115197, 79.33571476786398, 61.800518779958345], [21.05901117371754, 86.20934051766393, 110.77806996207583, 63.98686018731061, 96.72092960065807, 71.2868480790342, 49.75804419092228, 103.45115553209725, 98.73305301410122, 74.92325354886762, 52.706262370204826, 80.41200928330193, 102.95844898461782, 81.84023156438906, 43.340795962862565, 80.96993352344367, 34.63849380512449, 91.67620520108724, 103.41722460991372, 75.35269151848578, 78.51786544931748, 55.389031067762446, 30.757777171821374, 0.0, 92.6374769780582, 43.33215955307507, 30.25815586129611, 35.356788288676356, 15.508910416585648, 69.98497132601051, 89.33895210687092, 52.64567917664937, 79.64478306534599, 87.90289741729069, 71.44523726127449, 113.12170786484127, 73.45731547727952, 64.00900358239541, 100.66864267203228, 82.39861525983768, 60.49435463979679, 31.27634479625332, 29.561820547783565, 114.29526907725695, 25.07719699013137, 105.55299523859445, 57.372236798090256, 23.33175372402461, 65.91943708328965, 104.40487393579006, 90.59512358600422, 90.91100459816126, 79.83515013898082, 78.56475426458181, 90.93617162092698, 36.78514822122699, 21.87958879442081, 83.43632235587751, 95.0840505829525, 70.17483456923418, 48.14959516589527, 31.28229128114222, 78.40556359983543, 66.51848976620539, 81.03539699782348, 103.35892453646183, 92.2184918664475, 89.96023150075129, 59.96648690358845, 119.77085262926607, 27.444206631990223, 82.9738354269175, 59.55951109215589, 11.506125403763733, 81.24897148277563, 92.54701683244208], [78.4916329334193, 44.563862893582225, 37.95255727400773, 30.37769885884539, 11.623471048750739, 29.395999511972967, 47.28143235109246, 20.85218652943965, 6.981675855779328, 44.70358300571424, 47.18706101346736, 30.7333457288242, 58.71774023921271, 39.588299365921394, 57.966440141911036, 11.872267460721275, 58.581199848682694, 21.45732345244573, 37.32796416308342, 46.143632665134454, 19.44776591208642, 56.171151585072884, 63.29367431679497, 92.6374769780582, 0.0, 55.29368106855645, 70.82970969047524, 60.74467445935773, 83.06031070849075, 54.62039972421786, 93.45930039134933, 56.54280005523103, 49.78037854227648, 61.4688011183165, 47.436040728007484, 43.92218853786145, 75.45566950695992, 30.884466452287445, 58.49320911829436, 43.95931698553066, 35.824564200130055, 61.362677101499465, 65.43341192942424, 33.609821293183394, 67.67849249794921, 53.87835605880603, 70.1306416088634, 72.67434663952818, 44.588679968866586, 21.10776351151301, 50.00349125110752, 6.796495532442688, 93.16901972100763, 87.04012959871537, 44.89297731558467, 55.99428350883908, 71.1894931947004, 35.77317446847516, 79.3485164796357, 28.22236273760761, 47.35788423411407, 63.03199734781687, 23.061086405381072, 81.02045084539168, 64.5712744912506, 10.721880380301961, 23.51586370511826, 34.36222934420917, 61.873967465123336, 34.01996453886046, 81.88449433589673, 20.573631606068037, 36.386234253393546, 82.26020002132648, 89.0057515769402, 21.042802403503675], [24.617156901477387, 68.14337703569132, 83.57028590530231, 24.94445124824541, 62.673643415870686, 29.1430595266202, 8.01296293222568, 71.27798826559832, 60.19907775834095, 58.58068182956062, 36.645807828874254, 37.30577950402739, 87.44085632751013, 61.9207600996909, 3.82984732380504, 43.55794641668444, 13.055402907053127, 49.44093307404865, 78.14212340592144, 59.799934725444864, 37.870141067808916, 48.22107149030903, 13.6805719639848, 43.33215955307507, 55.29368106855645, 0.0, 15.831516716647284, 8.146743308300858, 30.034703974766348, 60.23212541672754, 95.52289464588108, 45.833620480075965, 65.488138050005, 78.00768010440713, 57.07574997359381, 87.75628113386983