instance_id,num_cities,city_coordinates,distance_matrix,best_route,total_distance
796,97,"[[17.11795991938955, 39.67106531506388], [63.90358055689303, 88.28126540587779], [92.01705630159877, 43.014430537667494], [13.58611849796435, 9.970647552298551], [12.867704827346438, 32.81348208206788], [64.43148089622899, 50.73907456587319], [83.86516272797675, 82.58977491161224], [62.05738857909927, 88.3833839468628], [94.5737720084413, 1.8415849398566553], [64.15606007604839, 98.06809156418788], [86.81283841455102, 17.997682840050555], [23.536207731197432, 77.29511054122294], [91.29608935153952, 29.915156497763462], [88.96898221810468, 86.69965124201384], [34.885504293651515, 84.50529663678364], [84.4239309443811, 85.29554049751512], [48.10269383768352, 78.83707224922628], [82.34020143710707, 98.13328285791249], [95.66196876891688, 78.46604764628403], [39.72022173642784, 72.80028841091796], [37.4646791375323, 55.538175642224864], [30.530004662819387, 97.60496987821294], [78.30729310476862, 78.99954108161373], [88.51095258113446, 92.58010848235162], [82.70553009501137, 91.48842084295897], [25.94324246088884, 80.70544694523495], [99.71715066539292, 21.577968476646426], [98.69225870907358, 9.0036715632269], [61.06701539629897, 18.51214818888035], [33.266381123328735, 20.69564281683267], [82.36558694967096, 94.2166948501565], [23.822139134071275, 70.54843164350498], [37.94240192925907, 13.18105859357953], [99.62893001137645, 55.51879600296201], [46.24572083605615, 34.52968262494828], [75.89297139775347, 49.20093253231417], [81.97389436767381, 20.414790711631802], [54.51897521747261, 67.80778954906962], [63.968455192888506, 11.351130167991307], [48.58521011629586, 21.79334597933388], [87.39641525847233, 6.032618592714822], [53.171608002496804, 72.05193552856234], [6.398344958635482, 54.6675046369857], [9.642984772114271, 16.19421418549567], [15.489382526565787, 98.43673730325261], [37.358813114950316, 67.3254601386823], [64.47508075069429, 12.316305380786808], [9.917209363693368, 73.33620345661525], [1.5358392272861399, 2.1947735360257403], [57.845759600259036, 47.040367638517], [36.504633310334015, 13.64725219055779], [28.658703160760524, 98.01856964173912], [69.3957734274309, 85.66882513434001], [15.534525035226899, 62.22876689037897], [47.89299525670756, 16.77552545614437], [90.19760017119745, 44.990675017464795], [74.2058057988529, 82.58229637102083], [26.883509540633867, 48.47602429343685], [59.542334097547254, 31.114669292536767], [25.47383422181729, 25.531726704697633], [63.725201093169495, 2.651606777784643], [97.08530713043902, 0.7961181112756233], [29.801207127344654, 98.53722193582566], [70.17623498909748, 92.5323063293491], [1.0910721744067264, 69.09960949511674], [88.00014866104158, 85.12299644556053], [21.4682964398922, 12.603648139861557], [16.182121170513632, 50.252176671024785], [42.064205743728465, 88.66069149136848], [63.76919032397824, 75.63137210975754], [93.66228951117091, 5.94577905819782], [1.108916726707465, 23.015791514423334], [75.85677170045409, 2.9592378318167745], [72.91488457868698, 99.24522119270054], [36.36558111895555, 19.13910865621541], [36.49309224986163, 82.35984657379302], [82.69127217064103, 20.839108225273108], [28.42039029436062, 41.38165985536677], [45.347041262498365, 43.28765211348936], [72.96373702109179, 17.618366167217616], [20.737961620226784, 43.4638809751082], [42.94190165293893, 46.435427416522465], [24.114589767315174, 85.20547026166712], [60.67147494690024, 53.14513381232139], [86.36710176986487, 76.9518066774021], [65.16035027910928, 38.73747245382502], [55.516834431930995, 56.32000268115712], [74.87382026293106, 85.55623058283774], [9.003328110649, 90.78345235150218], [70.42698420536796, 98.91179344700305], [53.63443689416769, 30.582853577244794], [44.38476661377393, 77.2301804577623], [17.12440039432539, 3.61949787948479], [27.2364634994386, 81.0701274715903], [16.611234726054015, 22.076425685270607], [24.742614488304092, 43.55651862142099], [83.7692921419633, 42.195972396376966]]","[[0.0, 67.4673687889587, 74.97368024769213, 29.909676011432836, 8.067906552811964, 48.59084374655195, 79.35492874550089, 66.27550252353463, 86.20018800346483, 74.98530216708302, 72.98706458245555, 38.16756062618934, 74.81692751579868, 85.87349590915102, 48.226485786348206, 81.31227749418358, 49.94026266605267, 87.58865034137033, 87.60257975787192, 40.10495807479193, 25.802212561643593, 59.46612684656558, 72.73832209909321, 88.86127531201586, 83.58688710226262, 41.97268263654128, 84.55759259285354, 87.14846678260528, 48.77724111986208, 24.91662429716778, 85.04398000130449, 31.596800001318474, 33.69536824441461, 84.0191094542004, 29.578036986668177, 59.54259268339121, 67.65424114394402, 46.80289730292271, 54.7447498314363, 36.19116858574526, 77.9140961748243, 48.460151628776146, 18.43375537547641, 24.638136950920032, 58.78823409958668, 34.27036170140047, 54.68985083626328, 34.42662246946534, 40.58663487862573, 41.38913243327872, 32.45122424048698, 59.47789518564553, 69.63306465734051, 22.613207786454275, 38.357639987941695, 73.2729968454924, 71.41705607132714, 13.148888242578376, 43.278625640177765, 16.423809901985774, 59.520376680799195, 88.91590487685465, 60.21701715493849, 74.89653766992932, 33.50970521129071, 84.20310400631674, 27.414786163274314, 10.622415529960335, 54.975436820660335, 58.90230015059269, 83.64466107148031, 23.101679794323697, 69.26764242134291, 81.62338421045935, 28.143066039129682, 46.87992958803297, 68.2239099394915, 11.431144564844885, 28.459809091882533, 60.042254786095675, 5.243077621506466, 26.695178615199463, 46.068805748251485, 45.59012166160984, 78.6466612358898, 48.05146061366134, 41.85284553348793, 73.76440737695648, 51.75252030533479, 79.69514376626323, 37.6304223101593, 46.412992551778025, 36.05156801086222, 42.61767781260968, 17.60193495397176, 8.557575865345912, 66.69913974567561], [67.4673687889587, 0.0, 53.28652604020999, 93.08275810621991, 75.37463497980504, 37.545902197651294, 20.757115089030137, 1.8490140657342127, 91.71956717485347, 9.79008233676181, 73.9230415626692, 41.83563537893128, 64.47443064609914, 25.11525161731825, 29.262718434288967, 20.736425276640592, 18.408172247494722, 20.903856997117554, 33.24054333932976, 28.714029542330824, 42.08474112470348, 34.6515083805155, 17.135266020504723, 24.980048233251406, 19.073519665534928, 38.70891749599263, 75.7095874057285, 86.57475967657273, 69.82675575414788, 74.20548746474776, 19.39265331858907, 43.828932678939836, 79.4608322318983, 48.47349786246038, 56.57766928193376, 40.87808594153407, 70.23100902482341, 22.52185674041963, 76.93016259204121, 68.22972887697823, 85.5380218669578, 19.456782446618398, 66.60883600724019, 90.22613373390853, 49.46784996720711, 33.81967552983677, 75.96710975208407, 56.016811327290256, 106.3043707521702, 41.683436079581284, 79.50432842835845, 36.56523590037585, 6.081860463668935, 54.939040863106534, 73.27625595930388, 50.65027821892769, 11.773448644994946, 54.35938629223504, 57.33271476098976, 73.58226695739384, 85.62984442352355, 93.56643615933977, 35.611185291598304, 7.577436410744856, 65.67607732484292, 24.302659468123494, 86.76321278717278, 61.020892126952575, 21.842670541493725, 12.650607145031856, 87.54834704741383, 90.56904486535198, 86.15525037897189, 14.191966976730317, 74.42431896254563, 28.04278998628477, 70.01015584432507, 58.8101164086639, 48.67001528343099, 71.24136273239587, 62.22434093986748, 46.80241595798071, 39.907697300423905, 35.28447604873649, 25.15882390665092, 49.55973053004377, 33.04330227933014, 11.303626585955246, 54.95724390989942, 12.472486584241588, 58.60513662736594, 22.430126532780985, 96.72593539157414, 37.36947930614482, 81.36121174500146, 59.44648213611091, 50.184666269217544], [74.97368024769213, 53.28652604020999, 0.0, 85.1076001232659, 79.80400483803133, 28.646711780025225, 40.406203127143485, 54.36840648288594, 41.2521515781515, 61.702031596237916, 25.55232962338444, 76.58192764894603, 13.119099577165402, 43.79142911125326, 70.60811712892199, 42.95751170781599, 56.67215268371972, 55.96185666299336, 35.638498039484816, 60.184352075787395, 55.97147528602838, 82.22398983703943, 38.50825609883144, 49.689528005554656, 49.360229501223515, 76.06813783242174, 22.777474814055445, 34.659631463681905, 39.474889136505716, 62.84719659006503, 52.10396080315955, 73.54364652627851, 61.75838669397292, 14.63898142164457, 46.55111274117551, 17.2701743163229, 24.73072627113037, 44.95349525965668, 42.29998362240674, 48.339007984191774, 37.26935387662722, 48.49892318035986, 86.40808913518383, 86.63031608808738, 94.48871329760235, 59.82098050443691, 41.242396940455954, 87.52025354268422, 99.26275757292139, 34.4076399625285, 62.801753720991336, 83.90313600396131, 48.281671649620485, 78.85916757350842, 51.33627278027171, 2.686254428453168, 43.391896145222965, 65.36212909641071, 34.58629641811091, 68.80149226630522, 49.29083700857686, 42.52144248019432, 83.38820212186447, 54.120619901521984, 94.5937162328478, 42.2997265926405, 76.8241056184284, 76.17954026788831, 67.66733641802588, 43.1486594207369, 37.10514404796548, 93.08187473267792, 43.19228242513737, 59.38682330468403, 60.55673112831718, 68.0512479464881, 24.056499523326323, 63.61762230182123, 46.67081479660873, 31.74884346102977, 71.28051167248807, 49.19424786939033, 79.94265941555622, 32.94201905322604, 34.40446897512718, 27.19512877022958, 38.84976765182233, 45.86605817988639, 95.77660733817784, 59.922002581175526, 40.34562650769743, 58.647698705911154, 84.62192758374157, 75.13162631625823, 78.2587884820733, 67.27662581298887, 8.28827408825336], [29.909676011432836, 93.08275810621991, 85.1076001232659, 0.0, 22.854128895159242, 65.17143176708662, 101.05781373210219, 92.1847126814514, 81.39460473575672, 101.57991254494566, 73.66536367420612, 68.05576825292879, 80.2285672758727, 107.56354470667836, 77.51824139788553, 103.40133059783155, 77.03232064348138, 111.80238899430192, 106.90212828440302, 68.04818236001432, 51.44497326701364, 89.25732310510898, 94.62461933538215, 111.52602296121087, 106.87675342088899, 71.80606073162653, 86.90963468607735, 85.1116334245585, 48.2430596396519, 22.412903882085285, 108.7566630869678, 61.43650416375943, 24.566955074643268, 97.35501651387175, 40.86313532491029, 73.62852149737355, 69.18069105421152, 70.85643057319817, 50.40124584861897, 36.94201689411376, 73.91527568751114, 73.62810126646785, 45.271106919332375, 7.3675698312117035, 88.48656084279934, 62.086355475029116, 50.942993530103045, 63.47168320833017, 14.341319577301233, 57.73283275376777, 23.211543310837328, 89.32871538696476, 94.04749689698507, 52.29442919458537, 34.975250624203454, 84.23610536954524, 94.58962962519179, 40.7367726571296, 50.586988520636545, 19.582261603767062, 50.670464388515335, 84.00170529665326, 90.03869833183673, 100.09429946054944, 60.43476088364289, 105.76068943272799, 8.310320162443869, 40.36509405437664, 83.68467283983436, 82.64182625828985, 80.17725818791203, 18.051491490544947, 62.6641374035677, 107.19072713316513, 24.555337430285324, 75.92710702669797, 69.95459742950604, 34.73769298086533, 46.03019669505122, 59.86809819504062, 34.248292587518364, 46.812841990080024, 75.96793570566246, 63.88322984743531, 98.91181528900937, 59.05447992092, 62.50158125676544, 97.3106507515906, 80.94264257638405, 105.55288460023347, 45.04143474156334, 73.9756817638244, 7.270250404532064, 72.39798314492639, 12.478028385854707, 35.39036787395947, 77.22790573393847], [8.067906552811964, 75.37463497980504, 79.80400483803133, 22.854128895159242, 0.0, 54.59074892669382, 86.70823695707531, 74.21346899896538, 87.37928717258626, 82.99794842513302, 75.41479091272011, 45.74311122549264, 78.48192014895737, 93.24764687239804, 56.185649282512955, 88.73928077032521, 57.96270613448905, 95.35776926181333, 94.54653290428732, 48.166402655102516, 33.48765209176337, 67.15574231825721, 80.09676497729518, 96.40513763286711, 91.21441923682471, 49.64483843121069, 87.57318658329946, 89.06604923280585, 50.276253743161625, 23.726525727260327, 92.73785719829671, 39.29282440070391, 31.846074903887526, 89.68300550093262, 33.422107907507346, 65.120908766157, 70.20963595179067, 54.40064227751778, 55.42489727194011, 37.37891897565942, 79.19433898809925, 56.249985244661254, 22.791465923493043, 16.92923166752266, 65.67560292668301, 42.31892029028358, 55.528870890891376, 40.62999349101887, 32.64837654471205, 47.17446007949033, 30.43104921562982, 67.08993271743742, 77.38933924533292, 29.535925757883685, 38.52255212724229, 78.28279978179646, 78.989223989852, 21.01804011519449, 46.70553481552868, 14.558106322114925, 59.12887322027486, 90.09836920455358, 67.87012214891375, 82.76838526139068, 38.149339696491495, 91.54872696748873, 21.963778455842867, 17.750871095886215, 63.018619983038114, 66.51565930055226, 85.14480829745617, 15.305679927890807, 69.7057992228658, 89.54797461334881, 27.18710500964429, 54.89081130035173, 70.84289792072234, 17.75668030885073, 34.12646382376755, 61.98729412627569, 13.242807050121725, 33.01537080511662, 53.58556565218064, 51.94782478336764, 85.73419999624988, 52.62712637289295, 48.69809818364633, 81.4036600579268, 58.098630452426754, 87.64734683841293, 40.827712977027275, 54.46254013766622, 29.502680738716087, 50.350422540699086, 11.370945262840848, 16.013316756430616, 71.51969105239719], [48.59084374655195, 37.545902197651294, 28.646711780025225, 65.17143176708662, 54.59074892669382, 0.0, 37.31132672596439, 37.71909785641642, 57.44146764507108, 47.329818367018376, 39.6601045952569, 48.761115799032126, 33.990333201727935, 43.53449260071424, 44.86783353742518, 39.92301838053564, 32.49810395418535, 50.66491143819829, 41.7627634259029, 33.126175233184576, 27.390505074457586, 57.84221844147772, 31.48320396868701, 48.275180743567006, 44.65926663223842, 48.778355563038104, 45.77607016122755, 53.996710641801144, 32.402074189908525, 43.288234372795614, 47.0312196899084, 45.183285252235116, 45.959502480917195, 35.52050339211934, 24.361162863473883, 11.56423994181792, 35.0328197791119, 19.73825726879078, 39.39066585744126, 32.99938637363673, 50.259878789568255, 24.104414118536962, 58.16594733669201, 64.7697976393466, 68.34029575173481, 31.749606724578097, 38.422793922328616, 59.012168531819206, 79.45068220867904, 7.553287888242103, 46.42964681329976, 59.287792011003916, 35.28075502466827, 50.228730047499646, 37.77623823751669, 26.39956438769479, 33.309581237744254, 37.61610757981434, 20.224268559115163, 46.40160148747684, 48.092654214865945, 59.670522598346764, 59.024730014694455, 42.18621126414579, 65.94783256434945, 41.686162980496995, 57.44689693380283, 48.25181637515308, 44.02662862395528, 24.901106517891186, 53.487190005844326, 69.12544796349589, 49.12687724956877, 49.242404476455214, 42.26408139069736, 42.19510377439917, 35.03466803830331, 37.2069866611148, 20.48754579488227, 34.20205723942688, 44.29505693083015, 21.91628150119809, 53.04134370997526, 4.463940617482101, 34.180093444323255, 12.023714227859015, 10.517494008146018, 36.34937144654673, 68.38005786382296, 48.54438076987142, 22.865900457337595, 33.22121979846119, 66.76986126028737, 47.994188080609824, 55.75233972335908, 40.333549640978724, 21.14084999365209], [79.35492874550089, 20.757115089030137, 40.406203127143485, 101.05781373210219, 86.70823695707531, 37.31132672596439, 0.0, 22.564239827252905, 81.45516862935328, 25.06046714931009, 64.65931603515709, 60.56084776320832, 53.19618497156869, 6.552866307121267, 49.01710072844753, 2.7628589043814844, 35.95882309533322, 15.61813517086307, 12.496789960880864, 45.21736238542238, 53.710277419304255, 55.408439481006425, 6.616622529859589, 11.017718829882408, 8.973886964683254, 57.95256283644202, 63.03749714277783, 75.06502102332287, 68.0124824438474, 79.94448253407415, 11.723224589343989, 61.23853876439804, 83.22541595145908, 31.326255091181395, 61.03273612465893, 34.32740348519384, 62.20374230123538, 32.858877227624404, 73.96501521425294, 70.29139938285496, 76.63855379683405, 32.45212413000095, 82.3453765101455, 99.58565250399855, 70.18812958893923, 48.94731718711589, 72.89949107494223, 74.52468310190231, 115.07160272744063, 44.05416775506131, 83.64263975905179, 57.32190580198002, 14.793369359440426, 71.29969631869811, 75.0034150153684, 38.128625425294075, 9.659359824169638, 66.41277573781784, 56.93229743370819, 81.6404808284274, 82.43621036439991, 82.85514172815836, 56.36694387473222, 16.918648694057776, 83.86617095071779, 4.849259738011909, 93.76260908850958, 75.01142829222042, 42.23950796253828, 21.266581211260284, 77.26762448518906, 101.96889599299945, 80.03222327579302, 19.93269882301519, 79.26031353259852, 47.372628472822136, 61.761823606884825, 69.08134000368149, 55.030014879773354, 65.87962535316916, 74.26896455471069, 54.60631959591682, 59.80779908416327, 37.48244979123037, 6.168175157960951, 47.67488269095749, 38.6487858828758, 9.468056747457732, 75.3089014145147, 21.14220733686872, 60.15493870928649, 39.84252665236105, 103.39552220192077, 56.64908564715059, 90.47074812488835, 70.84540074675402, 40.39391628462249], [66.27550252353463, 1.8490140657342127, 54.36840648288594, 92.1847126814514, 74.21346899896538, 37.71909785641642, 22.564239827252905, 0.0, 92.44889489168077, 9.909489577429353, 74.61219214614378, 40.08529881434064, 65.37151706897976, 26.964213840057248, 27.447237689908974, 22.57868451760701, 16.907559621498553, 22.50451124127459, 35.03742811669629, 27.235673096872862, 41.03180554463079, 32.84834217572902, 18.76475163739332, 26.784389954534078, 20.8803017743339, 36.92129827685397, 76.68912058789348, 87.42569672326806, 69.87825430982643, 73.5564572937292, 21.12937379935751, 42.19028115320591, 78.97418767966558, 49.916949689656626, 56.12690961460794, 41.553433682251864, 70.82652659281416, 21.913072829551986, 77.055955628717, 67.93918419476766, 86.16098204797761, 18.592291518130153, 65.0744931166036, 89.21068297730473, 47.64083439043893, 32.456983610147695, 76.1054904524908, 54.268000970376015, 105.31540485842991, 41.556982760151804, 78.98374954204942, 34.76073921895077, 7.8243671775338095, 53.37078625702533, 72.99531105364353, 51.7184560546766, 13.462416499566285, 53.19585624012913, 57.32391453140472, 72.72336122250414, 85.7479983157074, 94.33177733188913, 33.816588647505874, 9.117522907294315, 63.943378805493985, 26.14683398287195, 85.96535790458822, 59.653408352936225, 19.99510588526116, 12.86639308848613, 88.2883257441532, 89.37358872483142, 86.53154172909821, 15.357888127478043, 73.85687937556025, 26.264353205320727, 70.62567758841983, 57.798007934362495, 48.092210772940795, 71.60053196514431, 61.03324333049219, 46.09807910852175, 38.0756499230424, 35.26549346231275, 26.863415908721176, 49.7427874096966, 32.72368051949607, 13.124546363590847, 53.10832006886421, 13.44981552103594, 58.41102144369525, 20.897739475804155, 95.93690535167617, 35.58062033855588, 80.3863521621624, 58.32529657320549, 51.03610233998146], [86.20018800346483, 91.71956717485347, 41.2521515781515, 81.39460473575672, 87.37928717258626, 57.44146764507108, 81.45516862935328, 92.44889489168077, 0.0, 100.91966000896208, 17.923492673288436, 103.63189694355492, 28.264264073495152, 85.04296023266808, 101.96067150771948, 84.0689120415229, 89.93256458235791, 97.06570628633952, 76.63218943262804, 89.68862567649431, 78.38859828824447, 115.20516494789611, 78.85396966479833, 90.94084579593508, 90.42903490336192, 104.54500617619581, 20.395567634171197, 8.261804736493355, 37.42473002848575, 64.14102957989014, 93.1783274875073, 98.6226360342709, 57.75548233534866, 53.9147253535414, 58.34477063448591, 50.910510858166475, 22.443727168253808, 77.1746519040439, 32.048664056810495, 50.130036839045836, 8.311390557284305, 81.50848124069108, 102.788538890594, 86.1349904907699, 124.83975376388989, 86.95797509279545, 31.86927962387628, 110.80710300193292, 93.03860316221008, 58.239821882422575, 59.25705568431744, 116.59677820394793, 87.52678339325035, 99.46765457181681, 49.01140170908423, 43.37043756379024, 83.27014188726629, 82.19940733839513, 45.65210958569111, 73.04809524521204, 30.859203860314892, 2.720442897524483, 116.38527129895812, 93.91510399694394, 115.16360985717743, 83.540445451864, 73.89338645930789, 92.13488108668405, 101.46335206226449, 79.96158417223876, 4.204189541856606, 95.83332508526391, 18.75033995734744, 99.7826425786123, 60.72394761002289, 99.28018844547846, 22.407581158511146, 77.06936769257301, 64.35097127545814, 26.756315853466802, 84.75932056671103, 68.22360898722002, 109.15142572608104, 61.493250629303645, 75.55722894513787, 47.18533557442341, 67.03239793153057, 86.00133716347278, 123.42186454407481, 100.028459654378, 50.02089245990426, 90.5669729905352, 77.4697756408415, 103.97824324799555, 80.54567647924928, 81.34203250878063, 41.77575100672748], [74.98530216708302, 9.79008233676181, 61.702031596237916, 101.57991254494566, 82.99794842513302, 47.329818367018376, 25.06046714931009, 9.909489577429353, 100.91966000896208, 0.0, 83.21418123090828, 45.623339916077555, 73.35805168652436, 27.293269144361947, 32.260112244895076, 23.95672453166695, 25.05080181302585, 18.184258218133134, 37.106096646276306, 35.15070513592106, 50.21178710954454, 33.62924448080224, 23.745884143144075, 24.965551210434324, 19.681842006890598, 41.972382089339455, 84.35241605224364, 95.52601701174058, 79.61589240452328, 83.31067213127139, 18.61236485807309, 48.827828752707205, 88.84235611458018, 55.3964534442888, 66.01446555279873, 50.256883301892145, 79.6712642810531, 31.757822384690684, 86.71716432968523, 77.84785278030044, 94.92440357509741, 28.24001703657714, 72.2465542514649, 98.36161434275833, 48.668073758740896, 40.78237157962449, 85.75237960450185, 59.61140172787944, 114.51194334599722, 51.41642248473956, 88.83399981272889, 35.497391458981014, 13.460921365308113, 60.402904423550034, 82.90336894088628, 59.121687711038916, 18.460965355520905, 62.03721592400586, 67.11219875172264, 82.20607534767025, 95.41745756651162, 102.69455745555926, 34.358055888432496, 8.178473216313954, 69.40004072347729, 27.131458642677362, 95.53227859779234, 67.73374735818325, 24.01143902331814, 22.440054547212668, 96.73230089752535, 98.01933496648624, 95.82588747725252, 8.837569848682639, 83.67852211620153, 31.811770614521112, 79.42209991528749, 67.01036960519373, 57.91956262904724, 80.9304237577944, 69.76210352029231, 55.82089684505615, 42.05670423674714, 45.057901268237764, 30.646824640480318, 59.339118318617764, 42.63260659536797, 16.474739713881956, 55.631733854933785, 6.327426198917553, 68.30052635621365, 28.724947074810625, 105.51072865559951, 40.64464779860756, 89.63952086336957, 67.26760942528487, 59.21463140452279], [72.98706458245555, 73.9230415626692, 25.55232962338444, 73.66536367420612, 75.41479091272011, 39.6601045952569, 64.65931603515709, 74.61219214614378, 17.923492673288436, 83.21418123090828, 0.0, 86.71860770684277, 12.732859747373695, 68.73579430257546, 84.37837828400671, 67.34024446187729, 72.11037787200472, 80.26031940974788, 61.11243940776946, 72.25676524000166, 62.004269400260746, 97.49398712075242, 61.591971960155085, 74.6017547140288, 73.60542475826009, 87.39205564943269, 13.391778071146602, 14.900096153432887, 25.75096265156516, 53.614383111969225, 76.34864659827673, 82.03297748861489, 49.10722382088655, 39.64954144504356, 43.80636991939969, 33.05883069653693, 5.409047046538649, 59.36278573782974, 23.791647845423274, 38.41560391268727, 11.979287306665324, 63.66784602411491, 88.3808044113113, 77.1909244042528, 107.50570609385979, 69.84933952126502, 23.048936359056146, 94.73800520993177, 86.72887946270266, 41.01913206464122, 50.49595773568428, 98.92040119027426, 69.87658872740953, 83.88674957624924, 38.939027467338875, 27.204379037927012, 65.80356811236048, 67.23431978556283, 30.261125876252986, 61.79996158826179, 27.72257288911872, 20.03540472855818, 98.67595178050351, 76.368754554643, 99.7979364275119, 67.13581333580076, 65.56679629373996, 77.6469612457533, 83.64030677588671, 62.06973381737105, 13.862300137135382, 85.85070533981556, 18.606187844623474, 82.4276386243664, 50.46016866343015, 81.69801083605307, 5.006096935010897, 62.90062303762949, 48.569485063223155, 13.854295021566548, 70.8125454339776, 52.281587666577465, 91.91276882751282, 43.80312995433099, 58.955808862114665, 29.98281367181994, 49.47767237132562, 68.60537535455342, 106.54617842563475, 82.55658370765316, 35.485107438643965, 72.86034621633446, 71.15624074147726, 86.76103802874124, 70.31999220445229, 67.1264983799505, 24.388939939349527], [38.16756062618934, 41.83563537893128, 76.58192764894603, 68.05576825292879, 45.74311122549264, 48.761115799032126, 60.56084776320832, 40.08529881434064, 103.63189694355492, 45.623339916077555, 86.71860770684277, 0.0, 82.68168843439946, 66.1051689571042, 13.44594050243972, 61.41108790414645, 24.614830601268057, 62.387010677421515, 72.13526529357341, 16.79659892075099, 25.833438251930936, 21.480306836939842, 54.7975991852384, 66.74839796111009, 60.84783288100159, 4.1742317351184735, 94.38186259121692, 101.54876974279144, 69.74237009818185, 57.42974857097352, 61.21467042102988, 6.752735217381337, 65.71263263952663, 79.14739578076923, 48.42110913973196, 59.418124672795386, 81.54958003165673, 32.40279526085278, 77.35227974836025, 60.89251505704154, 95.68943966884643, 30.095644758893595, 28.385117392194047, 62.660523295485824, 22.621224061019873, 17.042838635152094, 76.79997685015543, 14.182738164354417, 78.25648109008023, 45.74379539964589, 64.95559971725254, 21.347171159586033, 46.61779554991993, 17.059356288333994, 65.23705448158209, 74.07643212620556, 50.94470043426077, 29.01282753474383, 58.55829821496614, 51.799636124442046, 84.77504256283841, 106.12052518356971, 22.14672693502215, 49.06591768328958, 23.894567323126786, 64.93747360298029, 64.72450513318321, 28.025039900951803, 21.736217257992827, 40.26736785387566, 100.04196343977924, 58.7301273267236, 90.9024938355935, 54.03758955413269, 59.55428932303294, 13.911592558352684, 81.77164451283376, 36.244050263122226, 40.40073870666413, 77.48802791905173, 33.94675647617485, 36.454094408464435, 7.931476324526814, 44.29728487377232, 62.83183192650975, 56.73852921716991, 38.245465534008964, 51.9980438555181, 19.827757181695535, 51.63357336268399, 55.56922124175755, 20.84865999041659, 73.95408828731266, 5.286080360244461, 55.65122108582115, 33.76015405762417, 69.71351343997395], [74.81692751579868, 64.47443064609914, 13.119099577165402, 80.2285672758727, 78.48192014895737, 33.990333201727935, 53.19618497156869, 65.37151706897976, 28.264264073495152, 73.35805168652436, 12.732859747373695, 82.68168843439946, 0.0, 56.83215877450268, 78.49992042652705, 55.8051385907519, 65.2611925788184, 68.80349331556602, 48.74679409358703, 67.0761109446589, 59.618452141146335, 90.96388230433432, 50.77386766748666, 62.72681399577537, 62.16964364111512, 82.76864261573549, 11.850020158258625, 22.18092701698185, 32.308288575594034, 58.75752266360576, 64.91873156211582, 78.76418606840878, 55.9164197192669, 26.92550072653052, 45.28608566391366, 24.6819205077947, 13.310156625205884, 52.80537627544306, 33.036686611728236, 43.47623501575132, 24.19882383129859, 56.82415177742539, 88.43249256584441, 82.7979090641493, 102.18543847207732, 65.6411500990642, 32.07937130001341, 92.23832948985512, 93.94318567045684, 37.57921522710113, 57.15547537781272, 92.5284660559756, 59.90071288401287, 82.36494426793793, 45.34841211017997, 15.115486664913785, 55.37061869205082, 67.0334711261826, 31.77640325265379, 65.9680508057725, 38.77441195800761, 29.688944727714357, 92.14449741983125, 66.08294561626326, 98.34819002212805, 55.30613724295757, 71.94170546030732, 77.8183950324588, 76.64734989063828, 53.36386923711477, 24.085887113324222, 90.45069012027822, 31.064353858663328, 71.72535506712879, 55.9775306866363, 75.85389909884204, 12.506699443148902, 63.91270790053302, 47.85539320997817, 22.07455989144695, 71.84718034767435, 51.09840329423896, 87.00788862221661, 38.43824727361688, 47.29420026495852, 27.584599248325777, 44.467639745898474, 58.013964244476426, 102.35745206280038, 72.08366985598845, 37.66757073677316, 66.62870022251724, 78.6949878005885, 81.97845277659381, 75.09509445483526, 67.93711634268907, 14.403857655840762], [85.87349590915102, 25.11525161731825, 43.79142911125326, 107.56354470667836, 93.24764687239804, 43.53449260071424, 6.552866307121267, 26.964213840057248, 85.04296023266808, 27.293269144361947, 68.73579430257546, 66.1051689571042, 56.83215877450268, 0.0, 54.12797591392374, 4.756996748326948, 41.61578636058161, 13.216227395539185, 10.610763268538598, 51.17257757912948, 60.197431817077565, 59.447792829205774, 13.151551666313974, 5.898268263124699, 7.884360899224385, 63.31014418792474, 66.00270215047588, 78.30202656359732, 73.67533729238188, 86.36729066559354, 10.005537150892566, 67.11909607805313, 89.4913144443662, 32.95269670897946, 67.43131830703331, 39.71317116326928, 66.65293684127839, 39.29001680540404, 79.38782009591257, 76.44395013356538, 80.68235943058185, 38.67825715249282, 88.56618177137852, 106.13025263953686, 74.4110929904791, 55.12684315072468, 78.31240866303457, 80.1733405075435, 121.59617119530091, 50.413428390286775, 89.93976269420259, 61.36324367008613, 19.60033430397481, 77.40441642887698, 81.09636287633967, 41.72706795084768, 15.326577867209695, 72.90851510412865, 62.893702689019655, 88.16546268961135, 87.75717784742558, 86.2861039474284, 60.340315620004475, 19.677073303242427, 89.6230357840036, 1.8505347358184838, 100.23253092805318, 81.40236817049136, 46.94575310899577, 27.523377598994298, 80.89014158738532, 108.51278771626887, 84.76076275476701, 20.37462579787737, 85.62443997881357, 52.65503710489114, 66.15905659771747, 75.6297053231619, 61.542468272481685, 70.91115442158426, 80.77625890322403, 61.15308549551304, 64.87160239244174, 43.89367332205637, 10.089115695776476, 53.54644291562925, 45.18815373733661, 14.141463903938822, 80.0698649201752, 22.202299600248875, 66.31459170799431, 45.57875774949603, 109.83604062499278, 61.9886715878976, 97.01445718799377, 77.37154647595997, 44.806408109594216], [48.226485786348206, 29.262718434288967, 70.60811712892199, 77.51824139788553, 56.185649282512955, 44.86783353742518, 49.01710072844753, 27.447237689908974, 101.96067150771948, 32.260112244895076, 84.37837828400671, 13.44594050243972, 78.49992042652705, 54.12797591392374, 0.0, 49.54472928969477, 14.381337460423106, 49.3727687032069, 61.075782127472124, 12.664190077500768, 29.081716620390814, 13.804775118284168, 43.769453821021564, 54.229985159271735, 48.32720653339684, 9.716115703512733, 90.349272275122, 98.852401578201, 70.99695180558848, 63.830192546025266, 48.46307361570394, 17.809888519999813, 71.38971603528219, 70.93608667428101, 51.25052698022021, 54.11109390055755, 79.52929918907373, 25.773628449653497, 78.72325009011766, 64.19089261639387, 94.42116801736472, 22.123918996018862, 41.25302508182639, 72.82574254658756, 23.880841246634557, 17.35695937158952, 78.01790495434729, 27.352593920443045, 88.81003531785781, 43.94080368620674, 70.87654084050646, 14.878897797049047, 34.52987799356539, 29.507696890852593, 68.96750485073198, 67.97671124793236, 39.36729658589812, 36.907186097268045, 58.80916887859004, 59.7198583728704, 86.7856823158136, 104.2882641640497, 14.924644226017964, 36.1921062888447, 37.14025899975881, 53.11823603366441, 73.14279542898205, 39.0268211316211, 8.294640492923554, 30.216119128866417, 98.11375175115128, 70.1556634054601, 91.26009237088705, 40.78601648577568, 65.38294241252672, 2.6809130925373683, 79.6164241168778, 43.605570151981695, 42.52455732631676, 76.96631260029068, 43.41141282210005, 38.91298601827573, 10.793648263614378, 40.60019821265641, 52.03277898853121, 54.87494901943327, 34.92939419228104, 40.00212339636368, 26.63272954742408, 38.350279590347256, 57.088986145910035, 11.965086712797174, 82.81285680574548, 8.384999240609893, 65.04854230887797, 42.186261206166016, 64.65062746856073], [81.31227749418358, 20.736425276640592, 42.95751170781599, 103.40133059783155, 88.73928077032521, 39.92301838053564, 2.7628589043814844, 22.57868451760701, 84.0689120415229, 23.95672453166695, 67.34024446187729, 61.41108790414645, 55.8051385907519, 4.756996748326948, 49.54472928969477, 0.0, 36.89097555060181, 13.00575094223419, 13.150493023104248, 46.41716214566392, 55.593813445291694, 55.281799371228814, 8.777976253443038, 8.352764607301886, 6.426870813397403, 58.660547937450666, 65.52718179251823, 77.61465353067877, 70.7500317467721, 82.40292278826095, 9.155532479556367, 62.37030054578989, 85.79645120782493, 33.434211659933425, 63.519666660122375, 37.08905492119939, 64.9269926302274, 34.64286088450567, 76.72158957686479, 72.91736843316795, 79.31863874200054, 33.94260982655132, 83.82164785479262, 101.81936558680603, 70.17594330719928, 50.3790542229716, 75.65662814501364, 75.46043534965828, 117.37194391373652, 46.58172863333152, 86.1959181345455, 57.198217632753746, 15.032792813524583, 72.64864961689985, 77.64986621679792, 40.71630432278498, 10.572217136420893, 68.31234785032055, 59.620975052231614, 83.94538309318857, 85.19657973254938, 85.44274592107271, 56.20484040103609, 15.98022589762125, 84.89212879773332, 3.5803777184567003, 96.16404281434659, 76.7136360074823, 42.493182515389904, 22.803825572106376, 79.8857428424193, 104.01999196062305, 82.7808127174908, 18.08457187066716, 81.76966712611416, 48.02065802104156, 64.47971593991663, 71.16758727392231, 57.37304239531664, 68.64062914989108, 76.195737591782, 56.84071729670204, 60.3094084356589, 39.97283847734126, 8.567018554777912, 50.385903187382794, 40.92923185850545, 9.553668057271594, 75.62000071621719, 19.527336285300393, 62.78113613103579, 40.84341700769179, 105.83101034196066, 57.3433566161418, 92.71039988071924, 72.82860345429859, 43.1045394647278], [49.94026266605267, 18.408172247494722, 56.67215268371972, 77.03232064348138, 57.96270613448905, 32.49810395418535, 35.95882309533322, 16.907559621498553, 89.93256458235791, 25.05080181302585, 72.11037787200472, 24.614830601268057, 65.2611925788184, 41.61578636058161, 14.381337460423106, 36.89097555060181, 0.0, 39.30077188141932, 47.560722148014435, 10.329985364887522, 25.61261290583949, 25.710569543448663, 30.205036219258123, 42.6813591580994, 36.84308480965709, 22.238077914361508, 77.08863157728607, 86.23229050215426, 61.70226978289928, 60.00451642501697, 37.55633948816791, 25.656322803666125, 66.43751696756033, 56.55700682783942, 44.34628647413841, 40.62758058494332, 67.5308907493509, 12.759848887216615, 69.32585925880846, 57.045766965775286, 82.73140283663564, 8.46947289554356, 48.201874589978594, 73.50698529936409, 38.049637907684485, 15.74637057762648, 68.50596673279342, 38.57966798699627, 89.68006411878478, 33.25594314636968, 66.21350049104517, 27.312975225398734, 22.362202170148095, 36.55846586001695, 62.061901065345715, 54.01444015073657, 26.370422025060872, 37.04115299509323, 49.07436309556899, 57.90962917456976, 77.77073924071918, 92.13949711035625, 26.88940894633297, 25.976925443025838, 48.00948606576357, 40.38959945807779, 71.38807739387893, 42.84879478604686, 11.531124553807551, 15.991110828809703, 85.95823044358302, 72.96869513722841, 80.79439704514506, 32.126894538174206, 60.840830633091926, 12.132303489848212, 67.5287611467803, 42.311948553163866, 35.656063903665284, 66.07421162997449, 44.72237952355015, 32.8100649776681, 24.81905780112699, 28.60157267034654, 38.31082276167779, 43.57684645571612, 23.7062840336594, 27.601454649868142, 40.88369354405806, 30.022797531028917, 48.57025633951676, 4.050319008641467, 81.34702304774525, 20.98537834195085, 64.91134720014465, 42.31324581610052, 51.13390688208098], [87.58865034137033, 20.903856997117554, 55.96185666299336, 111.80238899430192, 95.35776926181333, 50.66491143819829, 15.61813517086307, 22.50451124127459, 97.06570628633952, 18.184258218133134, 80.26031940974788, 62.387010677421515, 68.80349331556602, 13.216227395539185, 49.3727687032069, 13.00575094223419, 39.30077188141932, 0.0, 23.754360141085545, 49.58047274217709, 61.87209112657787, 51.81289033044701, 19.554140839707724, 8.30156101747745, 6.654897161193273, 59.028352902350704, 78.50270393111889, 90.61720248698597, 82.41403721642925, 91.67784866215422, 3.9166702754694795, 64.69379902450449, 95.85429050698038, 45.987983491619914, 73.13159024972974, 49.35525993820138, 77.71935539079445, 41.15405414766265, 88.7054850928552, 83.4696675547076, 92.23934982586348, 39.12855123139355, 87.50108251757558, 109.53947364187918, 66.85150763902323, 54.52015440264431, 87.65680897939184, 76.55053838935414, 125.43341868514024, 56.660953632241906, 96.11861777735494, 53.68162084284864, 17.970000635515145, 75.8428155224712, 88.34984268848423, 53.72034514920858, 17.549973593003937, 74.43982807771353, 70.79009337087591, 92.2213081458542, 97.27933339037256, 98.4476601185699, 52.540547102784465, 13.391527837473252, 86.28079273444644, 14.188113162403026, 104.97955626212742, 81.66695729755723, 41.37494188866705, 29.175648083322603, 92.88016760955628, 110.63977187901811, 95.3946209583088, 9.490679888289836, 91.39882532727789, 48.48462347008979, 77.29497191150857, 78.28213555526268, 66.1554012266411, 81.05905189831878, 82.36248814041497, 64.99918678815946, 59.643525992726545, 49.934629890044356, 21.560864070706764, 61.830490693259605, 49.67739341626342, 14.626315044058527, 73.70425359349292, 11.938627372857058, 73.39673980496113, 43.33075954307119, 114.83011911776522, 57.685121187712, 100.52334349733084, 79.34800071111115, 55.95556274324223], [87.60257975787192, 33.24054333932976, 35.638498039484816, 106.90212828440302, 94.54653290428732, 41.7627634259029, 12.496789960880864, 35.03742811669629, 76.63218943262804, 37.106096646276306, 61.11243940776946, 72.13526529357341, 48.74679409358703, 10.610763268538598, 61.075782127472124, 13.150493023104248, 47.560722148014435, 23.754360141085545, 0.0, 56.22792801411175, 62.55087397529936, 67.88572082933048, 17.36287368649901, 15.822254763533017, 18.36985320529678, 69.75468233196868, 57.03242982570936, 69.5284427283215, 69.2190787211306, 85.03310550483833, 20.61253639958046, 72.27482110065097, 87.14171327079512, 23.28761772876567, 66.12389682293397, 35.3165714600805, 59.64320424412972, 42.50111038597723, 74.22190344441414, 73.67507257864264, 72.90350484916665, 42.97175342383918, 92.38162796307965, 106.19344071274055, 82.62246686078899, 59.357987240346894, 73.13282700711675, 85.89807370872727, 121.14881558187024, 49.16949297926764, 87.75572108353154, 69.79784178998591, 27.235877464468555, 81.7560794414809, 78.02304376594309, 33.91843004636331, 21.84743538637527, 75.0325126496568, 59.554857407208445, 87.91141316546235, 82.26655805233287, 77.68297011613646, 68.85123064527713, 29.10983097915086, 95.03359746073582, 10.149800721276808, 99.2096602272696, 84.33901048550416, 54.558692840209915, 32.01850562308185, 72.54783300155852, 109.61300358801284, 78.06102842826742, 30.809152737936543, 83.87936145599708, 59.29686010755609, 59.06863056883397, 76.7898541057153, 61.39308953162317, 64.94343743486247, 82.69678662979437, 61.68764956631457, 71.86408880092738, 43.19124141878241, 9.417402945712075, 50.087008468470565, 45.84843638044885, 21.964011755157976, 87.5296433181978, 32.4781921798331, 63.71117413559675, 51.292093236356244, 108.4903482259486, 68.47503927067123, 97.10204950268272, 79.04574642772897, 38.17006832568168], [40.10495807479193, 28.714029542330824, 60.184352075787395, 68.04818236001432, 48.166402655102516, 33.126175233184576, 45.21736238542238, 27.235673096872862, 89.68862567649431, 35.15070513592106, 72.25676524000166, 16.79659892075099, 67.0761109446589, 51.17257757912948, 12.664190077500768, 46.41716214566392, 10.329985364887522, 49.58047274217709, 56.22792801411175, 0.0, 17.40884860220542, 26.45245380969432, 39.08187316980282, 52.647665650234636, 46.87198554019249, 15.883849955578022, 78.88825983856, 86.87755444252673, 58.3342761018317, 52.50282041133141, 47.72095597262847, 16.05677082517827, 59.645730838672584, 62.351449919140904, 38.82294947224316, 43.19024676875469, 67.30240129468206, 15.618199303322122, 66.06039565824034, 51.77157709780655, 82.04231323959625, 13.472187072465953, 37.936068844657036, 64.10060703785486, 35.27550255663943, 5.962381679166407, 65.35376996015917, 