instance_id,num_cities,city_coordinates,distance_matrix,best_route,total_distance
1756,44,"[[48.33758004111601, 92.7077363259411], [77.66394702509203, 50.13137708907885], [8.153217522626344, 54.362054808887585], [26.748931946336885, 38.618061716200216], [48.12852002213245, 89.60530958634195], [76.82250095549779, 15.090149284324617], [65.98308471660243, 96.39241954474306], [24.475850738368532, 19.4933729531071], [4.368326822639402, 73.29299182412187], [98.92391309106013, 17.033378384711884], [92.06553430793753, 92.96919458122514], [62.67148689116574, 54.95626015234405], [45.00857252596301, 71.66847645993103], [88.78222372895472, 63.856444677205396], [7.915049307630051, 87.948487312473], [16.124014715762836, 42.43906871626773], [65.64884095345955, 69.88948578873986], [55.40736688672969, 23.131869700736708], [20.099421667587702, 22.570366744512793], [37.06232648100293, 52.39866698982537], [16.831898315125283, 74.57102383142256], [17.37412178118841, 10.177470871334204], [31.811096349844515, 56.988718635442595], [74.57275175832125, 14.304322719614815], [66.07512274915321, 61.48689586138121], [90.43385725334305, 90.07517018161715], [1.5783268066102751, 61.719129186863775], [72.61076848821219, 85.5724000635235], [58.688837214844746, 62.81559914994248], [19.581494039812508, 87.95503207719744], [74.77985681242076, 67.58917800657159], [24.928007655493943, 66.02533547798289], [62.09203307560108, 68.28039046039171], [40.09345515175022, 38.62474393046866], [11.3193850431215, 24.38268202782552], [55.24335117663579, 49.83011463594064], [68.7973301171508, 16.919751974803866], [92.84170780909726, 28.354641927631885], [73.01537992067723, 39.89921339588146], [42.65374835085849, 99.73675288478799], [62.340846879383115, 0.179059505427126], [36.89812632684873, 57.595915182406046], [14.23359250015398, 78.62287442172173], [28.347167100552863, 41.29978679635647]]","[[0.0, 51.69895711080818, 55.54434518494837, 58.238841213985864, 3.109462616935158, 82.67938399420676, 18.026112328384453, 77.00470848855267, 48.064826356301715, 91.02519179467379, 43.72873591564807, 40.38111983181705, 21.30100342109374, 49.680642435828446, 40.70173758049912, 59.70471283091998, 28.6417930994852, 69.9341340311771, 75.60849291005826, 41.85633062738094, 36.353106072634986, 88.1474926666786, 39.35699287257612, 82.67635393603128, 35.90767746085708, 42.178513008792834, 56.09564631474272, 25.300211480657918, 31.63365913114367, 29.146194945316434, 36.47102922723528, 35.49589545692291, 28.033554971016933, 54.70772945060131, 77.70881420887844, 43.43017518692477, 78.50108244592572, 78.2428153061129, 58.2900840705373, 9.039525234641443, 93.58230343552584, 36.92832361882216, 36.89803925759502, 55.15789956452797], [51.69895711080818, 0.0, 69.6393577650874, 52.20052865005514, 49.30043402492149, 35.05132918382293, 47.712960433771656, 61.38127470199353, 76.86812302896918, 39.33781482696253, 45.1938527208718, 15.749709757374971, 39.118028234924196, 17.663339354785027, 79.34130423965385, 62.018826792670296, 23.124567742991427, 34.99040952416086, 63.82228349760008, 40.66487666648241, 65.55787125236998, 72.32688054932808, 46.36277653603192, 35.96016286072462, 16.22493928144879, 41.93539333137464, 76.9629625385533, 35.799451431561025, 22.824203854685535, 69.31233816174026, 17.69442819730653, 55.079008836962004, 23.913828434661895, 39.29305875408111, 71.1659764349295, 22.4226197681155, 34.3748300086463, 26.544125841856005, 11.238609788075848, 60.715791348238476, 52.24970267909116, 41.44359378900501, 69.53542475181499, 50.10131504485623], [55.54434518494837, 69.6393577650874, 0.0, 24.36542454854386, 53.29269947408912, 79.10596090506853, 71.49017484593219, 38.500043239654744, 19.305589187735638, 98.14657027913962, 92.36767913983346, 54.52150745284666, 40.71645150041539, 81.18608304870826, 33.587276942564635, 14.34193868550968, 59.5554181123284, 56.64167276850462, 33.96208508698491, 28.975704866238043, 21.993679302287475, 45.1364878239354, 23.8032475402217, 77.56401503418063, 58.35846523936402, 89.69688001330866, 9.866900796634576, 71.61607031522095, 51.23779142003209, 35.48370930303724, 67.92691551321234, 20.430998506383492, 55.70561812389986, 35.60676527696533, 30.146101059900325, 47.307707292614, 71.27155417062683, 88.59190658168376, 66.45505167170433, 57.001314484044286, 76.62960364872094, 28.926244745532987, 25.01116407034711, 24.050331498485257], [58.238841213985864, 52.20052865005514, 24.36542454854386, 0.0, 55.288210602821756, 55.325626762985756, 69.8369183605709, 19.259299531997495, 41.27035574952227, 75.33343519156541, 84.97237308546259, 39.46348542517578, 37.75903055998324, 66.97092849792183, 52.803466029778654, 11.29110094946964, 49.91096957871121, 32.57496026663015, 17.370794479571533, 17.21252998647046, 37.29561691273112, 29.945855693862676, 19.0553547354188, 53.64956332910106, 45.49211863849948, 81.87553800116758, 34.16458226561803, 65.6354929944813, 40.070916715476, 49.85487750005812, 56.09184720261596, 27.467697761666937, 46.14096383867469, 13.344524878458675, 20.99325969235636, 30.620941493479393, 47.31685148406309, 66.88492212002237, 46.28418258745305, 63.154236556408065, 52.38646103299036, 21.52127014741913, 41.91680762005902, 3.1218592238777907], [3.109462616935158, 49.30043402492149, 53.29269947408912, 55.288210602821756, 0.0, 79.84894273964856, 19.101056044534335, 73.99413775908094, 46.701672557121526, 88.58248785940138, 44.065598221399874, 37.5773137948075, 18.206154316152713, 48.12200815833706, 40.24758734325985, 56.99949681987816, 26.375658353011616, 66.8707695626679, 72.65888738740804, 38.817456031979454, 34.720430274293605, 85.1740252312867, 36.470540447863286, 79.80937297849336, 33.35754397208478, 42.30794638392942, 54.26379590182285, 24.812191543152803, 28.795987298177945, 28.59468671436073, 34.568827033139804, 33.07988743973337, 25.489838613116145, 51.609886088462325, 74.89261354459458, 40.40652120264155, 75.56712245443885, 75.83477731694167, 55.58823431361269, 11.51604394582667, 90.54857502043667, 33.92230936504458, 35.62976275342372, 52.198902818180876], [82.67938399420676, 35.05132918382293, 79.10596090506853, 55.325626762985756, 79.84894273964856, 0.0, 82.0216562494208, 52.531515946446895, 92.93642035815128, 22.186675229122866, 79.35676254825593, 42.30316766851084, 64.9094226450176, 50.21141837434638, 100.28247261025808, 66.57529290878267, 55.926898351019666, 22.875253756823138, 57.21417112179672, 54.523361668407205, 84.47986057068674, 59.65102007209871, 61.49403758287682, 2.383043188865888, 47.62524783395696, 76.21038235853624, 88.5208874226841, 70.60797664058836, 51.05436637090582, 92.65972165477633, 52.538751525655414, 72.71472772036473, 55.19228605818799, 43.62224146937086, 66.15897035942473, 40.89651449463685, 8.231088202034023, 20.798118984724578, 25.099478732936085, 91.28280865338787, 20.78602663268259, 58.31548528539584, 89.18395946029453, 55.10719636182262], [18.026112328384453, 47.712960433771656, 71.49017484593219, 69.8369183605709, 19.101056044534335, 82.0216562494208, 0.0, 87.38600482472268, 65.80244639336658, 85.92412692506686, 26.306133236098923, 41.56828100065883, 32.42226894121241, 39.72896173178462, 58.67875874454776, 73.46353467516495, 26.505041342512445, 74.01995657296233, 86.91953758756144, 52.6484617133808, 53.7774342596416, 98.97397967352317, 52.15722801575487, 82.53628305332886, 34.9056450249694, 25.2536713600091, 73.14512906329786, 12.688538676712543, 34.359990023886716, 47.16245460759919, 30.116605426442316, 51.065439851344046, 28.38003633035651, 63.303848736718244, 90.40753485881518, 47.784831431425715, 79.52248026725886, 73.14728168223458, 56.929214967492996, 23.567827663052842, 96.28227534971278, 48.488179541724804, 54.71532398276876, 66.72076496826658], [77.00470848855267, 61.38127470199353, 38.500043239654744, 19.259299531997495, 73.99413775908094, 52.531515946446895, 87.38600482472268, 0.0, 57.43441049308392, 74.48869418473376, 99.8351726044558, 52.12027426657186, 56.06990360215138, 78.12420713198874, 70.42984329091053, 24.418397142401087, 65.07674939787489, 31.144780458671374, 5.34986188643452, 35.230352641760646, 55.60555399348532, 11.71411907820777, 38.20610914524682, 50.36492563410221, 59.109689544735346, 96.60356475532323, 48.03447815598794, 81.75211392155776, 55.20275107537046, 68.63638610471739, 69.59669166590567, 46.534159305763225, 61.60479081113758, 24.696536661773276, 14.035595207127336, 43.20829757291701, 44.3961378868003, 68.93774365943655, 52.65438459820951, 82.27658223620045, 42.50647758535493, 40.076385255305404, 60.0100141455172, 22.147387545242754], [48.064826356301715, 76.86812302896918, 19.305589187735638, 41.27035574952227, 46.701672557121526, 92.93642035815128, 65.80244639336658, 57.43441049308392, 0.0, 110.02682854157251, 89.87743407362088, 61.118689468762206, 40.67270117652632, 84.93971045963136, 15.078553922529135, 33.017582724752955, 61.37495633782993, 71.562013550074, 53.10604523015573, 38.80039205912968, 12.528925738465839, 64.44159904631167, 31.920760071376492, 91.69691577839906, 62.826050054080774, 87.6864701008152, 11.905393585915647, 69.33840718670274, 55.32172815918386, 21.128556059524726, 70.64217612423302, 21.806405130475323, 57.94093920545193, 49.78124351748585, 49.40177744529254, 56.02476870962879, 85.60980455901588, 99.23202323138577, 76.33847219298562, 46.53005481005824, 93.30841430885121, 36.11905412493464, 11.212988691341172, 39.98187025418294], [91.02519179467379, 39.33781482696253, 98.14657027913962, 75.33343519156541, 88.58248785940138, 22.186675229122866, 85.92412692506686, 74.48869418473376, 110.02682854157251, 0.0, 76.24490501642344, 52.46316199906937, 76.75843855850131, 47.90880295048796, 115.37575985183004, 86.60988553382614, 62.457973995869125, 43.9417954786244, 79.01872365626801, 71.25699640061022, 100.24808992456511, 81.83747265474184, 78.1060777756229, 24.503607960385665, 55.2734858949126, 73.5335596651625, 107.11199509772605, 73.41647683986882, 60.94975856359991, 106.4194550981193, 56.025211547942725, 88.74461043386331, 63.109774458145914, 62.667454451887586, 87.91226079757448, 54.622499008124116, 30.12679725169723, 12.851623605606669, 34.555730375711335, 100.03089319599856, 40.278887749447094, 74.11152147394975, 104.71731673359147, 74.63200152621741], [43.72873591564807, 45.1938527208718, 92.36767913983346, 84.97237308546259, 44.065598221399874, 79.35676254825593, 26.306133236098923, 99.8351726044558, 89.87743407362088, 76.24490501642344, 0.0, 48.05198442763671, 51.65344368609935, 29.297309353114017, 84.30012827549834, 91.21627057656484, 35.07869218956777, 78.87378008656738, 100.67331488208076, 68.34705977799989, 77.45058212588117, 111.50460358252448, 70.1797117615249, 80.58634813869983, 40.82446111929068, 3.3223105267293223, 95.7314018937366, 20.813468769944482, 44.9804760565908, 72.65726336167613, 30.70732628883055, 72.34237367119593, 38.832303885318936, 75.1958531326662, 105.943618615439, 56.717311194032895, 79.52940995010279, 64.61921432459448, 56.38555919019678, 49.873083290090605, 97.43493321242696, 65.53405068190749, 79.14308603844798, 82.03510236730469], [40.38111983181705, 15.749709757374971, 54.52150745284666, 39.46348542517578, 37.5773137948075, 42.30316766851084, 41.56828100065883, 52.12027426657186, 61.118689468762206, 52.46316199906937, 48.05198442763671, 0.0, 24.31618222057198, 27.585935959993304, 63.927728802337334, 48.20111251171792, 15.227142381936492, 32.64290530965656, 53.49043680158156, 25.73655726196518, 49.85987199147984, 63.69451511221099, 30.9272467550603, 42.35823559206311, 7.364369614429284, 44.76703083487758, 61.46633718300764, 32.18908730806609, 8.81082901454064, 54.27399407154558, 17.49866382503573, 39.33312412430844, 13.336724305098564, 27.865497292017483, 59.76438775347696, 9.02521844881431, 38.526638960197765, 40.22298251510113, 18.26775246253017, 49.05101819155813, 54.778198523956476, 25.90818197898152, 53.910465069505015, 36.94128034612576], [21.30100342109374, 39.118028234924196, 40.71645150041539, 37.75903055998324, 18.206154316152713, 64.9094226450176, 32.42226894121241, 56.06990360215138, 40.67270117652632, 76.75843855850131, 51.65344368609935, 24.31618222057198, 0.0, 44.46527161972018, 40.50886591979454, 41.09350261216632, 20.716792429507418, 49.63806120160396, 55.05533738078939, 20.843905181640444, 28.325778909457025, 67.41518105191307, 19.74002703151251, 64.53438485044725, 23.397951230630454, 49.01288469706212, 44.55531118063757, 30.906315107319745, 16.294878907913816, 30.195831073430817, 30.049459960815714, 20.858430565583284, 17.416192209875113, 33.40728420989856, 58.05951867118247, 24.117726700163683, 59.69361624563097, 64.52981553441798, 42.35170995458629, 28.166883717547417, 73.56048171917539, 16.242423417040413, 31.5509595194806, 34.63899165149567], [49.680642435828446, 17.663339354785027, 81.18608304870826, 66.97092849792183, 48.12200815833706, 50.21141837434638, 39.72896173178462, 78.12420713198874, 84.93971045963136, 47.90880295048796, 29.297309353114017, 27.585935959993304, 44.46527161972018, 0.0, 84.37965641805197, 75.74905497797862, 23.907132485746622, 52.653319707811725, 80.13655551660109, 52.9738467630218, 72.74373879316305, 89.33391994440854, 57.38357792811029, 51.54921807539033, 22.830400708210895, 26.270695848693748, 87.23008515385118, 27.075795148876008, 30.111381092524454, 73.27675555170809, 14.49136216417925, 63.89104004210539, 27.054344815665708, 54.83826135224795, 86.94060797444999, 36.35373304775148, 51.01420483076056, 35.73314161204632, 28.67999815797526, 58.43999279413669, 68.94893611953754, 52.26044194978142, 75.99701221421446, 64.50735527388953], [40.70173758049912, 79.34130423965385, 33.587276942564635, 52.803466029778654, 40.24758734325985, 100.28247261025808, 58.67875874454776, 70.42984329091053, 15.078553922529135, 115.37575985183004, 84.30012827549834, 63.927728802337334, 40.50886591979454, 84.37965641805197, 0.0, 46.24385682484276, 60.492298963076685, 80.35368160613488, 66.50381627248801, 45.97122460402762, 16.076900366964612, 78.34414496532533, 39.10918486467034, 99.33132574663881, 63.89686975782039, 82.54620793717527, 26.983944851270234, 64.73933789364364, 56.653681308782474, 11.666446567957747, 69.89566480166049, 27.750051136966558, 57.636616867906525, 58.892117162509315, 63.656901458409536, 60.76988146533398, 93.55069941073657, 103.7495240084367, 80.91221026420976, 36.684334755034435, 103.27458496114947, 41.96781371971716, 11.264592485480192, 50.92713124991632], [59.70471283091998, 62.018826792670296, 14.34193868550968, 11.29110094946964, 56.99949681987816, 66.57529290878267, 73.46353467516495, 24.418397142401087, 33.017582724752955, 86.60988553382614, 91.21627057656484, 48.20111251171792, 41.09350261216632, 75.74905497797862, 46.24385682484276, 0.0, 56.62361531487302, 43.77156259049393, 20.26250671745813, 23.186342905879833, 32.139751690275574, 32.28580900617555, 21.395720202061156, 64.86770224207356, 53.45963816482074, 88.26749606042436, 24.15155830376805, 71.07205938244282, 47.190752345060396, 45.64709283130447, 63.82034009140265, 25.17582712519342, 52.733600497346664, 24.271035173348253, 18.684688023453283, 39.81143108361841, 58.529596635593286, 77.99984302245417, 56.948031572016944, 63.14151865313839, 62.62510641700003, 25.715631589131608, 36.23315458917859, 12.276132025798466], [28.6417930994852, 23.124567742991427, 59.5554181123284, 49.91096957871121, 26.375658353011616, 55.926898351019666, 26.505041342512445, 65.07674939787489, 61.37495633782993, 62.457973995869125, 35.07869218956777, 15.227142381936492, 20.716792429507418, 23.907132485746622, 60.492298963076685, 56.62361531487302, 0.0, 47.86608876117404, 65.67989513086853, 33.51294603493451, 49.04090830112656, 76.7852410080096, 36.21357139254663, 56.296949628504294, 8.413396083430813, 31.964963434897598, 64.58936065671678, 17.158736408878113, 9.923785780642802, 49.482970953275526, 9.416308539406776, 40.90376415569633, 3.9038532318349186, 40.38021578618101, 70.8700145904298, 22.59762351534642, 53.063223463460226, 49.644690173220525, 30.88174759551961, 37.67802591571161, 69.78886986758924, 31.268761884566654, 52.15170036086876, 46.997720803286946], [69.9341340311771, 34.99040952416086, 56.64167276850462, 32.57496026663015, 66.8707695626679, 22.875253756823138, 74.01995657296233, 31.144780458671374, 71.562013550074, 43.9417954786244, 78.87378008656738, 32.64290530965656, 49.63806120160396, 52.653319707811725, 80.35368160613488, 43.77156259049393, 47.86608876117404, 0.0, 35.31240973323372, 34.541075997258034, 64.29660452309511, 40.17890220363674, 41.268271141851464, 21.10065314107942, 39.810916177902705, 75.55303108860628, 66.23097576358667, 64.76709703736914, 39.81917164522714, 74.06440133916207, 48.49480000702196, 52.61977523261103, 45.640702107238006, 21.784054822852298, 44.10572156217289, 26.69874873047986, 14.76081034201302, 37.79692090668327, 24.314315486864462, 77.65927448412495, 23.97716915464444, 39.119846843592256, 69.09798334380693, 32.59336779256046], [75.60849291005826, 63.82228349760008, 33.96208508698491, 17.370794479571533, 72.65888738740804, 57.21417112179672, 86.91953758756144, 5.34986188643452, 53.10604523015573, 79.01872365626801, 100.67331488208076, 53.49043680158156, 55.05533738078939, 80.13655551660109, 66.50381627248801, 20.26250671745813, 65.67989513086853, 35.31240973323372, 0.0, 34.31424828308934, 52.103215316612335, 12.689016021514627, 36.356378680375826, 55.096925277147434, 60.2350506635923, 97.48759570452471, 43.30885077691344, 82.01644802870729, 55.75680876490271, 65.38671661503417, 70.82826663894271, 43.72241473511576, 62.07081182786824, 25.641848642302534, 8.965128544147973, 44.47684382283826, 49.0246441561556, 72.9718989234027, 55.6811239479715, 80.39495507857292, 47.80908536877521, 38.84566284161315, 56.35859800176973, 20.465006235166452], [41.85633062738094, 40.66487666648241, 28.975704866238043, 17.21252998647046, 38.817456031979454, 54.523361668407205, 52.6484617133808, 35.230352641760646, 38.80039205912968, 71.25699640061022, 68.34705977799989, 25.73655726196518, 20.843905181640444, 52.9738467630218, 45.97122460402762, 23.186342905879833, 33.51294603493451, 34.541075997258034, 34.31424828308934, 0.0, 30.01472358169999, 46.585993667387754, 6.974524499908174, 53.46223966373467, 30.40293162375918, 65.33023182068119, 36.68767161402751, 48.62291944325117, 24.004550446726917, 39.621138311051425, 40.66157546445185, 18.246308871803272, 29.643133312914276, 14.103499475793402, 38.04726596307801, 18.361566386827104, 47.60109102141922, 60.74088015938151, 38.063872527414155, 47.667162436267986, 58.01629942831536, 5.1998413885336285, 34.76866621829914, 14.111666966578506], [36.353106072634986, 65.55787125236998, 21.993679302287475, 37.29561691273112, 34.720430274293605, 84.47986057068674, 53.7774342596416, 55.60555399348532, 12.528925738465839, 100.24808992456511, 77.45058212588117, 49.85987199147984, 28.325778909457025, 72.74373879316305, 16.076900366964612, 32.139751690275574, 49.04090830112656, 64.29660452309511, 52.103215316612335, 30.01472358169999, 0.0, 64.39583580567033, 23.097918299446828, 83.46305421711216, 50.95183566267719, 75.21719825672415, 19.945993074304916, 56.853431178657274, 43.476353843173186, 13.663526388608037, 58.3670460544841, 11.7718212645843, 45.695206168099915, 42.81629438871672, 50.4901718710553, 45.68973953472624, 77.61491640823122, 88.95754659154524, 66.02058803282118, 36.05664790375411, 87.20796268520694, 26.283223171148364, 4.813386158851313, 35.207621746493984], [88.1474926666786, 72.32688054932808, 45.1364878239354, 29.945855693862676, 85.1740252312867, 59.65102007209871, 98.97397967352317, 11.71411907820777, 64.44159904631167, 81.83747265474184, 111.50460358252448, 63.69451511221099, 67.41518105191307, 89.33391994440854, 78.34414496532533, 32.28580900617555, 76.7852410080096, 40.17890220363674, 12.689016021514627, 46.585993667387754, 64.39583580567033, 0.0, 48.986928378178256, 57.34731185887109, 70.74209912132216, 108.2652635998158, 53.907788683952774, 93.46380308617769, 66.91545606240177, 77.80887815294565, 81.18819206423015, 56.35641199477301, 73.31876195972927, 36.406255689148814, 15.441757055717542, 54.83074586878969, 51.863327217235074, 77.62580813421351, 63.08194342314378, 93.05871541272916, 46.06489548342114, 51.28055785949667, 68.51741524123948, 33.00009503194985], [39.35699287257612, 46.36277653603192, 23.8032475402217, 19.0553547354188, 36.470540447863286, 61.49403758287682, 52.15722801575487, 38.20610914524682, 31.920760071376492, 78.1060777756229, 70.1797117615249, 30.9272467550603, 19.74002703151251, 57.38357792811029, 39.10918486467034, 21.395720202061156, 36.21357139254663, 41.268271141851464, 36.356378680375826, 6.974524499908174, 23.097918299446828, 48.986928378178256, 0.0, 60.4195070153046, 34.558025167079144, 67.31523877894301, 30.600606827958636, 49.81606257604381, 27.502099747771293, 33.293779311375076, 44.25702333606737, 11.359460987792495, 32.317750255728235, 20.145298068989383, 38.51056810195539, 24.501350523784776, 54.529841165560036, 67.41398878570426, 44.607669451772324, 44.10167269614951, 64.4934340678523, 5.123139821787404, 27.874815482275046, 16.06677902056254], [82.67635393603128, 35.96016286072462, 77.56401503418063, 53.64956332910106, 79.80937297849336, 2.383043188865888, 82.53628305332886, 50.36492563410221, 91.69691577839906, 24.503607960385665, 80.58634813869983, 42.35823559206311, 64.53438485044725, 51.54921807539033, 99.33132574663881, 64.86770224207356, 56.296949628504294, 21.10065314107942, 55.096925277147434, 53.46223966373467, 83.46305421711216, 57.34731185887109, 60.4195070153046, 0.0, 47.94168235529067, 77.41315128990833, 87.04223082135269, 71.2950785584078, 51.04549619823602, 91.91553412964838, 53.28525776849877, 71.69144842857118, 55.400218660165386, 42.19365808219583, 64.05124297898469, 40.44388233255239, 6.340028810833481, 23.047043737372455, 25.642227589870732, 91.20045450792891, 18.685356775760916, 57.38936643112692, 88.1912140354076, 53.53092337771842], [35.90767746085708, 16.22493928144879, 58.35846523936402, 45.49211863849948, 33.35754397208478, 47.62524783395696, 34.9056450249694, 59.109689544735346, 62.826050054080774, 55.2734858949126, 40.82446111929068, 7.364369614429284, 23.397951230630454, 22.830400708210895, 63.89686975782039, 53.45963816482074, 8.413396083430813, 39.810916177902705, 60.2350506635923, 30.40293162375918, 50.95183566267719, 70.74209912132216, 34.558025167079144, 47.94168235529067, 0.0, 37.55845278036185, 64.4972140419374, 24.95648568805099, 7.504842864668653, 53.49971724505684, 10.630627568103385, 41.39664859242088, 7.875060140363535, 34.60816438434822, 66.14312886413802, 15.912505269032282, 44.65020411108183, 42.59338360005774, 22.6758727249501, 44.85100156090337, 61.42145891233773, 29.43529940176125, 54.60023827583861, 42.78922773112362], [42.178513008792834, 41.93539333137464, 89.69688001330866, 81.87553800116758, 42.30794638392942, 76.21038235853624, 25.2536713600091, 96.60356475532323, 87.6864701008152, 73.5335596651625, 3.3223105267293223, 44.76703083487758, 49.01288469706212, 26.270695848693748, 82.54620793717527, 88.26749606042436, 31.964963434897598, 75.55303108860628, 97.48759570452471, 65.33023182068119, 75.21719825672415, 108.2652635998158, 67.31523877894301, 77.41315128990833, 37.55845278036185, 0.0, 93.27041520153317, 18.38307460318135, 41.842926643287946, 70.88407690394132, 27.398313340434036, 69.78116422651716, 35.7529218500919, 71.98126454276087, 102.83288731207527, 53.46060431578901, 76.28797100152116, 61.76747811146121, 53.113369239322495, 48.74715363037614, 94.18348022120031, 62.617701100709375, 77.056053796105, 78.95438631581996], [56.09564631474272, 76.9629625385533, 9.866900796634576, 34.16458226561803, 54.26379590182285, 88.5208874226841, 73.14512906329786, 48.03447815598794, 11.905393585915647, 107.11199509772605, 95.7314018937366, 61.46633718300764, 44.55531118063757, 87.23008515385118, 26.983944851270234, 24.15155830376805, 64.58936065671678, 66.23097576358667, 43.30885077691344, 36.68767161402751, 19.945993074304916, 53.907788683952774, 30.600606827958636, 87.04223082135269, 64.4972140419374, 93.27041520153317, 0.0, 74.9305431901136, 57.1210350525005, 31.818809388436666, 73.43651318204947, 23.74344137580731, 60.86837270626835, 44.90841504454819, 38.58624757639384, 54.966203321927686, 80.77981557697994, 97.1709510197186, 74.69512221522622, 55.96900898421071, 86.4827382891534, 35.55965595835248, 21.116163305372673, 33.667794022528014], [25.300211480657918, 35.799451431561025, 71.61607031522095, 65.6354929944813, 24.812191543152803, 70.60797664058836, 12.688538676712543, 81.75211392155776, 69.33840718670274, 73.41647683986882, 20.813468769944482, 32.18908730806609, 30.906315107319745, 27.075795148876008, 64.73933789364364, 71.07205938244282, 17.158736408878113, 64.76709703736914, 82.01644802870729, 48.62291944325117, 56.853431178657274, 93.46380308617769, 49.81606257604381, 71.2950785584078, 24.95648568805099, 18.38307460318135, 74.9305431901136, 0.0, 26.6775590750115, 53.082773889806084, 18.113564522419654, 51.53380846145087, 20.239994831899562, 57.10917687210357, 86.6072472596916, 39.738371275899645, 68.75847876301121, 60.68906616436543, 45.67497882636133, 33.13686687595974, 86.00868503542257, 45.36602821990248, 58.78937474566964, 62.60455808732883], [31.63365913114367, 22.824203854685535, 51.23779142003209, 40.070916715476, 28.795987298177945, 51.05436637090582, 34.359990023886716, 55.20275107537046, 55.32172815918386, 60.94975856359991, 44.9804760565908, 8.81082901454064, 16.294878907913816, 30.111381092524454, 56.653681308782474, 47.190752345060396, 9.923785780642802, 39.81917164522714, 55.75680876490271, 24.004550446726917, 43.476353843173186, 66.91545606240177, 27.502099747771293, 51.04549619823602, 7.504842864668653, 41.842926643287946, 57.1210350525005, 26.6775590750115, 0.0, 46.49059451237091, 16.78415820915758, 33.913065621248066, 6.437832409548305, 30.512058441245838, 60.99962391330529, 13.434812321088614, 46.995855313842846, 48.517792020099996, 27.026108893641585, 40.25289639253345, 62.74291412764333, 22.407145773729972, 47.18197467424233, 37.196063320723034], [29.146194945316434, 69.31233816174026, 35.48370930303724, 49.85487750005812, 28.59468671436073, 92.65972165477633, 47.16245460759919, 68.63638610471739, 21.128556059524726, 106.4194550981193, 72.65726336167613, 54.27399407154558, 30.195831073430817, 73.27675555170809, 11.666446567957747, 45.64709283130447, 49.482970953275526, 74.06440133916207, 65.38671661503417, 39.621138311051425, 13.663526388608037, 77.80887815294565, 33.293779311375076, 91.91553412964838, 53.49971724505684, 70.88407690394132, 31.818809388436666, 53.082773889806084, 46.49059451237091, 0.0, 58.835595219242, 22.5720358137291, 46.84268835008349, 53.42488069520544, 64.10698975831794, 52.204189337158, 86.41880316237287, 94.44186268547296, 71.86474705626391, 25.906328651153796, 97.63699921740258, 34.95056126010044, 10.755892217037877, 47.47155923732886], [36.47102922723528, 17.69442819730653, 67.92691551321234, 56.09184720261596, 34.568827033139804, 52.538751525655414, 30.116605426442316, 69.59669166590567, 70.64217612423302, 56.025211547942725, 30.70732628883055, 17.49866382503573, 30.049459960815714, 14.49136216417925, 69.89566480166049, 63.82034009140265, 9.416308539406776, 48.49480000702196, 70.82826663894271, 40.66157546445185, 58.3670460544841, 81.18819206423015, 44.25702333606737, 53.28525776849877, 10.630627568103385, 27.398313340434036, 73.43651318204947, 18.113564522419654, 16.78415820915758, 58.835595219242, 0.0, 49.87637183897008, 12.706637865026332, 45.18943351619137, 76.77260430611578, 26.401882210538393, 51.021381400824474, 43.192352132707065, 27.746126195250547, 45.448359876178074, 68.54818046055306, 39.17768250489513, 61.54342027180945, 53.35847415436781], [35.49589545692291, 55.079008836962004, 20.430998506383492, 27.467697761666937, 33.07988743973337, 72.71472772036473, 51.065439851344046, 46.534159305763225, 21.806405130475323, 88.74461043386331, 72.34237367119593, 39.33312412430844, 20.858430565583284, 63.89104004210539, 27.750051136966558, 25.17582712519342, 40.90376415569633, 52.61977523261103, 43.72241473511576, 18.246308871803272, 11.7718212645843, 56.35641199477301, 11.359460987792495, 71.69144842857118, 41.39664859242088, 69.78116422651716, 23.74344137580731, 51.53380846145087, 33.913065621248066, 22.5720358137291, 49.87637183897008, 0.0, 37.2323791665273, 31.3174586279828, 43.80987555079195, 34.37012119453984, 65.84736733106739, 77.66177837983106, 54.72631566640666, 38.08755107348259, 75.73277096638256, 14.64031651043786, 16.524784505517214, 24.96083750434295], [28.033554971016933, 23.913828434661895, 55.70561812389986, 46.14096383867469, 25.489838613116145, 55.19228605818799, 28.38003633035651, 61.60479081113758, 57.94093920545193, 63.109774458145914, 38.832303885318936, 13.336724305098564, 17.416192209875113, 27.054344815665708, 57.636616867906525, 52.733600497346664, 3.9038532318349186, 45.640702107238006, 62.07081182786824, 29.643133312914276, 45.695206168099915, 73.31876195972927, 32.317750255728235, 55.400218660165386, 7.875060140363535, 35.7529218500919, 60.86837270626835, 20.239994831899562, 6.437832409548305, 46.84268835008349, 12.706637865026332, 37.2323791665273, 0.0, 36.924176385932775, 67.11833277026959, 19.68037402468608, 51.796488240639086, 50.3945224416006, 30.410700713152238, 36.97769124776628, 68.10178548427766, 27.36587198009075, 48.963224044214755, 43.20496445722087], [54.70772945060131, 39.29305875408111, 35.60676527696533, 13.344524878458675, 51.609886088462325, 43.62224146937086, 63.303848736718244, 24.696536661773276, 49.78124351748585, 62.667454451887586, 75.1958531326662, 27.865497292017483, 33.40728420989856, 54.83826135224795, 58.892117162509315, 24.271035173348253, 40.38021578618101, 21.784054822852298, 25.641848642302534, 14.103499475793402, 42.81629438871672, 36.406255689148814, 20.145298068989383, 42.19365808219583, 34.60816438434822, 71.98126454276087, 44.90841504454819, 57.10917687210357, 30.512058441245838, 53.42488069520544, 45.18943351619137, 31.3174586279828, 36.924176385932775, 0.0, 32.105816262088716, 18.84355810912295, 35.98637400218066, 53.73874908808346, 32.946584085594665, 61.16561730006659, 44.418656998975436, 19.238385196517452, 47.629643491787036, 12.047038528868374], [77.70881420887844, 71.1659764349295, 30.146101059900325, 20.99325969235636, 74.89261354459458, 66.15897035942473, 90.40753485881518, 14.035595207127336, 49.40177744529254, 87.91226079757448, 105.943618615439, 59.76438775347696, 58.05951867118247, 86.94060797444999, 63.656901458409536, 18.684688023453283, 70.8700145904298, 44.10572156217289, 8.965128544147973, 38.04726596307801, 50.4901718710553, 15.441757055717542, 38.51056810195539, 64.05124297898469, 66.14312886413802, 102.83288731207527, 38.58624757639384, 86.6072472596916, 60.99962391330529, 64.10698975831794, 76.77260430611578, 43.80987555079195, 67.11833277026959, 32.105816262088716, 0.0, 50.76304391230565, 57.96041317062382, 81.6190270378519, 63.61728169001916, 81.60930289260762, 56.47127509730811, 41.92124595286236, 54.31842298916179, 24.002787245335366], [43.43017518692477, 22.4226197681155, 47.307707292614, 30.620941493479393, 40.40652120264155, 40.89651449463685, 47.784831431425715, 43.20829757291701, 56.02476870962879, 54.622499008124116, 56.717311194032895, 9.02521844881431, 24.117726700163683, 36.35373304775148, 60.76988146533398, 39.81143108361841, 22.59762351534642, 26.69874873047986, 44.47684382283826, 18.361566386827104, 45.68973953472624, 54.83074586878969, 24.501350523784776, 40.44388233255239, 15.912505269032282, 53.46060431578901, 54.966203321927686, 39.738371275899645, 13.434812321088614, 52.204189337158, 26.401882210538393, 34.37012119453984, 19.68037402468608, 18.84355810912295, 50.76304391230565, 0.0, 35.59216649218575, 43.2993342848025, 20.358482387418867, 51.47009462408373, 50.155774551130285, 19.92121815845424, 50.10811633642765, 28.21650600101511], [78.50108244592572, 34.3748300086463, 71.27155417062683, 47.31685148406309, 75.56712245443885, 8.231088202034023, 79.52248026725886, 44.3961378868003, 85.60980455901588, 30.12679725169723, 79.52940995010279, 38.526638960197765, 59.69361624563097, 51.01420483076056, 93.55069941073657, 58.529596635593286, 53.063223463460226, 14.76081034201302, 49.0246441561556, 47.60109102141922, 77.61491640823122, 51.863327217235074, 54.529841165560036, 6.340028810833481, 44.65020411108183, 76.28797100152116, 80.77981557697994, 68.75847876301121, 46.995855313842846, 86.41880316237287, 51.021381400824474, 65.84736733106739, 51.796488240639086, 35.98637400218066, 57.96041317062382, 35.59216649218575, 0.0, 26.6249658558703, 23.363381419388393, 86.84550942504238, 17.942601822306102, 51.69245066493473, 82.36793540228997, 47.229247145910186], [78.2428153061129, 26.544125841856005, 88.59190658168376, 66.88492212002237, 75.83477731694167, 20.798118984724578, 73.14728168223458, 68.93774365943655, 99.23202323138577, 12.851623605606669, 64.61921432459448, 40.22298251510113, 64.52981553441798, 35.73314161204632, 103.7495240084367, 77.99984302245417, 49.644690173220525, 37.79692090668327, 72.9718989234027, 60.74088015938151, 88.95754659154524, 77.62580813421351, 67.41398878570426, 23.047043737372455, 42.59338360005774, 61.76747811146121, 97.1709510197186, 60.68906616436543, 48.517792020099996, 94.44186268547296, 43.192352132707065, 77.66177837983106, 50.3945224416006, 53.73874908808346, 81.6190270378519, 43.2993342848025, 26.6249658558703, 0.0, 22.942545803041646, 87.25959568598495, 41.52307746644288, 63.124768281724016, 93.30665030159422, 65.78086771150375], [58.2900840705373, 11.238609788075848, 66.45505167170433, 46.28418258745305, 55.58823431361269, 25.099478732936085, 56.929214967492996, 52.65438459820951, 76.33847219298562, 34.555730375711335, 56.38555919019678, 18.26775246253017, 42.35170995458629, 28.67999815797526, 80.91221026420976, 56.948031572016944, 30.88174759551961, 24.314315486864462, 55.6811239479715, 38.063872527414155, 66.02058803282118, 63.08194342314378, 44.607669451772324, 25.642227589870732, 22.6758727249501, 53.113369239322495, 74.69512221522622, 45.67497882636133, 27.026108893641585, 71.86474705626391, 27.746126195250547, 54.72631566640666, 30.410700713152238, 32.946584085594665, 63.61728169001916, 20.358482387418867, 23.363381419388393, 22.942545803041646, 0.0, 67.09962595773439, 41.12950620577707, 40.21976207391213, 70.39048554737896, 44.69016494033157], [9.039525234641443, 60.715791348238476, 57.001314484044286, 63.154236556408065, 11.51604394582667, 91.28280865338787, 23.567827663052842, 82.27658223620045, 46.53005481005824, 100.03089319599856, 49.873083290090605, 49.05101819155813, 28.166883717547417, 58.43999279413669, 36.684334755034435, 63.14151865313839, 37.67802591571161, 77.65927448412495, 80.39495507857292, 47.667162436267986, 36.05664790375411, 93.05871541272916, 44.10167269614951, 91.20045450792891, 44.85100156090337, 48.74715363037614, 55.96900898421071, 33.13686687595974, 40.25289639253345, 25.906328651153796, 45.448359876178074, 38.08755107348259, 36.97769124776628, 61.16561730006659, 81.60930289260762, 51.47009462408373, 86.84550942504238, 87.25959568598495, 67.09962595773439, 0.0, 101.4855465546236, 42.53207480410239, 35.40481778418676, 60.16275652504705], [93.58230343552584, 52.24970267909116, 76.62960364872094, 52.38646103299036, 90.54857502043667, 20.78602663268259, 96.28227534971278, 42.50647758535493, 93.30841430885121, 40.278887749447094, 97.43493321242696, 54.778198523956476, 73.56048171917539, 68.94893611953754, 103.27458496114947, 62.62510641700003, 69.78886986758924, 23.97716915464444, 47.80908536877521, 58.01629942831536, 87.20796268520694, 46.06489548342114, 64.4934340678523, 18.685356775760916, 61.42145891233773, 94.18348022120031, 86.4827382891534, 86.00868503542257, 62.74291412764333, 97.63699921740258, 68.54818046055306, 75.73277096638256, 68.10178548427766, 44.418656998975436, 56.47127509730811, 50.155774551130285, 17.942601822306102, 41.52307746644288, 41.12950620577707, 101.4855465546236, 0.0, 62.8014915821701, 92.02032396449029, 53.35245521848675], [36.92832361882216, 41.44359378900501, 28.926244745532987, 21.52127014741913, 33.92230936504458, 58.31548528539584, 48.488179541724804, 40.076385255305404, 36.11905412493464, 74.11152147394975, 65.53405068190749, 25.90818197898152, 16.242423417040413, 52.26044194978142, 41.96781371971716, 25.715631589131608, 31.268761884566654, 39.119846843592256, 38.84566284161315, 5.1998413885336285, 26.283223171148364, 51.28055785949667, 5.123139821787404, 57.38936643112692, 29.43529940176125, 62.617701100709375, 35.55965595835248, 45.36602821990248, 22.407145773729972, 34.95056126010044, 39.17768250489513, 14.64031651043786, 27.36587198009075, 19.238385196517452, 41.92124595286236, 19.92121815845424, 51.69245066493473, 63.124768281724016, 40.21976207391213, 42.53207480410239, 62.8014915821701, 0.0, 30.916243439868854, 18.403334047513923], [36.89803925759502, 69.53542475181499, 25.01116407034711, 41.91680762005902, 35.62976275342372, 89.18395946029453, 54.71532398276876, 60.0100141455172, 11.212988691341172, 104.71731673359147, 79.14308603844798, 53.910465069505015, 31.5509595194806, 75.99701221421446, 11.264592485480192, 36.23315458917859, 52.15170036086876, 69.09798334380693, 56.35859800176973, 34.76866621829914, 4.813386158851313, 68.51741524123948, 27.874815482275046, 88.1912140354076, 54.60023827583861, 77.056053796105, 21.116163305372673, 58.78937474566964, 47.18197467424233, 10.755892217037877, 61.54342027180945, 16.524784505517214, 48.963224044214755, 47.629643491787036, 54.31842298916179, 50.10811633642765, 82.36793540228997, 93.30665030159422, 70.39048554737896, 35.40481778418676, 92.02032396449029, 30.916243439868854, 0.0, 39.902454284062756], [55.15789956452797, 50.10131504485623, 24.050331498485257, 3.1218592238777907, 52.198902818180876, 55.10719636182262, 66.72076496826658, 22.147387545242754, 39.98187025418294, 74.63200152621741, 82.03510236730469, 36.94128034612576, 34.63899165149567, 64.50735527388953, 50.92713124991632, 12.276132025798466, 46.997720803286946, 32.59336779256046, 20.465006235166452, 14.111666966578506, 35.207621746493984, 33.00009503194985, 16.06677902056254, 53.53092337771842, 42.78922773112362, 78.95438631581996, 33.667794022528014, 62.60455808732883, 37.196063320723034, 47.47155923732886, 53.35847415436781, 24.96083750434295, 43.20496445722087, 12.047038528868374, 24.002787245335366, 28.21650600101511, 47.229247145910186, 65.78086771150375, 44.69016494033157, 60.16275652504705, 53.35245521848675, 18.403334047513923, 39.902454284062756, 0.0]]",Route_1,2258.6940753620784
