instance_id,num_cities,city_coordinates,distance_matrix,best_route,total_distance
2341,71,"[[45.577755241683974, 94.91303136311338], [22.71441034536805, 37.94234261826994], [66.52204562073914, 97.94730031137871], [6.92825262762674, 36.790609823420915], [35.28686187922611, 69.68720984965438], [45.89736144257536, 62.77837800629686], [80.41912334332785, 18.437615007515173], [46.83386585118483, 24.66068688854599], [47.453533737554345, 91.95907409890025], [7.551162563614744, 52.50296356741332], [73.25808996091152, 56.527151710959565], [51.672274562716765, 74.88347739940558], [74.23558525730613, 47.5770692886011], [79.84155098720377, 95.71972629461925], [63.01846871063207, 68.36016597203128], [30.973509597099113, 25.848468521399838], [18.02698816614535, 36.178120485022404], [48.440906964689056, 5.247305924650913], [72.19972658237216, 12.598273177796104], [1.5519488695745376, 10.990065133185423], [55.851540009294155, 8.823129477500713], [88.83285431328531, 87.12420258180195], [10.47356267459454, 13.446202911959892], [19.92620688801694, 49.696989722326364], [6.607291343498012, 27.07248687466014], [20.742639861705538, 85.04397105763722], [18.823223255052245, 90.12354041428642], [78.45644545901472, 24.815871503274533], [61.38339124750984, 56.57334751888303], [34.0258121349554, 8.435171584057388], [75.91264824869096, 50.24464946132259], [71.91261088317479, 81.40611394485164], [82.27737157107023, 18.6072960905177], [12.814726518699404, 78.6350925456497], [57.029288036584006, 98.00346763197385], [46.61681419767869, 63.32701394339896], [42.59897419716416, 72.9246253827093], [95.37605691339984, 49.71609590058911], [86.52620386399349, 95.58604034554689], [18.834368063485407, 97.45582896333897], [50.231426390796265, 65.19478274240694], [51.389173038808636, 17.129401925951438], [60.65663874980897, 80.18035649102079], [87.25669475046672, 2.823729447181189], [3.1788202116917352, 46.55881795334182], [18.888003954120837, 94.87900468023885], [42.24042952747096, 90.64806465473137], [49.519958566501444, 13.600017076808847], [69.08939363073435, 93.34803981231379], [26.90718312749658, 59.22743370854059], [5.30631007563398, 10.1101541599108], [72.89231138526875, 7.437543295019777], [55.50920057335264, 88.95784025296403], [14.216341041041481, 2.5014858637444015], [3.4824271415347607, 94.77407087997025], [99.22801377529005, 7.827582508106968], [63.6757923108445, 85.03975122784485], [50.36648033554436, 82.34634298504211], [40.89963899557406, 31.14370090447164], [44.351832984251494, 12.600694391332034], [36.089902558039846, 91.80047734312173], [43.29026852249239, 30.996656815257793], [73.09255286137594, 11.43666035727604], [50.29549589310777, 28.17093544556144], [92.82237987436244, 87.89196353016882], [57.311123437938875, 32.857117973851004], [58.3151082806733, 29.286250037016394], [81.88292067406664, 30.763316226215164], [31.862154431372712, 95.03232668755224], [90.2725743265662, 25.94407106825205], [6.963593741405916, 2.0885103659497473]]","[[0.0, 61.38722925747444, 21.162941372422452, 69.79971302198686, 27.24416556304065, 32.13624269398038, 84.03814751621043, 70.26357319434146, 3.499201120879912, 56.961702933985954, 47.32522252285889, 20.936241251464523, 55.33502079808011, 34.27329070286683, 31.76843003333455, 70.59176886411315, 64.87553099827294, 89.71142600691776, 86.51270873791712, 94.76991024341059, 86.70076043568241, 43.95076164844737, 88.70822100390114, 51.9855013883862, 78.23705345250175, 26.724170843076994, 27.179849252205127, 77.42493197170405, 41.46986239215409, 87.24601779741677, 53.995093068451986, 29.596645752549442, 84.67246939953746, 36.5839765915107, 11.861214089820619, 31.603103327878028, 22.189257177072435, 67.25053029226463, 40.953978874638764, 26.86400151501538, 30.08040817951445, 78.00042041701097, 21.08137653803452, 101.08201385973908, 64.31018306734349, 26.68977297781166, 5.415504034377063, 81.4085208032855, 23.56366563783193, 40.27470847858644, 93.8792696909367, 91.64085328101343, 11.58006509197272, 97.58807325819177, 42.095557460082254, 102.2850215965207, 20.61602790030603, 13.448179981548414, 63.94069344912964, 82.32146562797185, 9.98535633184411, 63.95729458656173, 87.89407604814335, 66.90862757762858, 47.76347925138513, 63.15542982043998, 66.85143670605144, 73.71058939676077, 13.716119602943243, 82.18481816725343, 100.53579047643893], [61.38722925747444, 0.0, 74.29470947632618, 15.8281162467343, 34.143859376312975, 33.97466519880411, 60.91197174075594, 27.534533096095608, 59.41238512351054, 21.022268329451975, 53.85219288098139, 46.9383141894597, 52.41430551212625, 81.25106930001694, 50.49416895336765, 14.644948314039562, 5.00843352972857, 41.60310147934923, 55.59782710574095, 34.267696703271994, 44.11346660943117, 82.40451433150423, 27.384287688565884, 12.080803245665694, 19.431753560275766, 47.142881546214966, 52.326080881323755, 57.26673312267626, 42.923238782935236, 31.600964429709297, 54.60219107031477, 65.6472570187638, 62.622602742179645, 41.87963271711286, 69.17260707010311, 34.86698220672076, 40.2387373930563, 73.60934824008758, 85.99267922176493, 59.63983387849027, 38.72830573061551, 35.431913803619175, 56.777306313433506, 73.47804751957698, 21.351415153822792, 57.06509329379763, 56.20639252331168, 36.208924703751926, 72.25254567332615, 21.69411086732242, 32.82792514586834, 58.72277696534652, 60.64717029683242, 36.44545937968043, 59.99762091253512, 82.226700568149, 62.41795182684962, 52.31015411288627, 19.41453244898964, 33.32232274784474, 55.494166071502775, 21.716548781961166, 56.92546385831184, 29.260838643596596, 86.08189136351973, 34.968443867205, 36.63792614567697, 59.60244151421257, 57.818228119633176, 68.61533385984818, 39.161020299133746], [21.162941372422452, 74.29470947632618, 0.0, 85.39063739512547, 42.12207753982372, 40.770463494420596, 80.71504708756035, 75.88512456091782, 19.986670523400683, 74.44966615530228, 41.96430630230378, 27.430924661602926, 50.95742209936525, 13.504492186210564, 29.793851204227146, 80.38619258867595, 78.53153617461648, 94.44689796069892, 85.53766710491415, 108.5480272584044, 89.76066798342217, 24.797411739521596, 101.39954586816614, 67.07655819394635, 92.80634116153834, 47.56311488412737, 48.3362066571292, 74.0988244104766, 41.69184258872675, 95.22828560915667, 48.618168577584825, 17.39738601804188, 80.88922403860369, 57.07396511470888, 9.492923749795821, 39.93472757145737, 34.61860203594782, 56.20322985907804, 20.143035909400577, 47.690210052908604, 36.5802088840508, 82.22248191351433, 18.710085261091393, 97.35717440686598, 81.56678444246565, 47.732759857117, 25.354994010492923, 86.04379787789836, 5.267302245237626, 55.394633314970996, 107.06414209417915, 90.73365638543987, 14.215946967387646, 108.83836744067251, 63.11943348151979, 95.87097522122028, 13.217639019428624, 22.458676701497044, 71.54878486028828, 88.1791441919166, 31.046719053576144, 70.86680556993733, 86.75979708752001, 71.63827196374123, 28.15701297431714, 65.73867145136268, 69.14979136108998, 68.91766246732, 34.78225306799897, 75.81921019929294, 112.85440531970706], [69.79971302198686, 15.8281162467343, 85.39063739512547, 0.0, 43.43267217165991, 46.83967908684052, 75.74787453958399, 41.70842837070487, 68.45332613944697, 15.724696402942241, 69.20389010986729, 58.76303309980962, 68.16615533764744, 93.74961250985923, 64.36419202987398, 26.417888617400052, 11.115622957964517, 52.13713159504057, 69.6105916121983, 26.35474811891939, 56.3530656231642, 96.13445967629367, 23.612084985807584, 18.317244799643486, 9.7234217121927, 50.191873496143266, 54.64331442763509, 72.52362875339459, 57.93719731604336, 39.221277503411045, 70.28412353996977, 78.82582080698441, 77.51208050273442, 42.2564942838516, 79.10200825604689, 47.74267130270983, 50.77467338871178, 89.38726012864187, 98.95825630693561, 61.82252338805229, 51.78766163069069, 48.61415986929083, 69.06091218028327, 87.2147210989993, 10.463084321131944, 59.30680626060697, 64.4016713937809, 48.49594835367993, 84.04017097648448, 30.04278166166552, 26.729710287515164, 72.20013547357368, 71.28484014146612, 35.055103118430736, 58.085759609193154, 96.73728784281332, 74.48666260722432, 62.946043960663125, 34.437518378931806, 44.56092879777487, 62.26144353610023, 36.82072909923518, 70.85575050024897, 44.21556937129428, 99.94573250589833, 50.53618534495095, 51.93192033528943, 75.19661249058309, 63.35453450575172, 84.04714963890027, 34.70211745341405], [27.24416556304065, 34.143859376312975, 42.12207753982372, 43.43267217165991, 0.0, 12.661542497801186, 68.28939885771045, 46.483556992722185, 25.378412898466923, 32.62770811464882, 40.18707867269283, 17.189617367960633, 44.78684369780628, 51.60244406969412, 27.763340269225868, 44.050428478680466, 37.693000817637056, 65.7687624938623, 67.98313225290676, 67.70080615203085, 64.24439482274916, 56.31360422925612, 61.47154365057355, 25.210288028858166, 51.36664657488656, 21.15099309474467, 26.24299913680415, 62.265961419122505, 29.20620191500632, 61.26501806208567, 45.03851321470685, 38.45488529813448, 69.40652412230523, 24.18804399704795, 35.70074999216303, 12.993071673178644, 7.996739703392041, 63.32106088989285, 57.41271277414887, 32.27662870000328, 15.605188552350585, 54.96915133440635, 27.45417463520585, 84.6852321257762, 39.5708080715259, 30.0590929343194, 22.084146739193628, 57.864965518417655, 41.26070803238359, 13.402459957201913, 66.69527008046882, 72.72682324091103, 27.933853626038236, 70.4122741849974, 40.50768649699029, 88.9667600884209, 32.27432257724892, 19.688792358283575, 38.95003656949735, 57.80176423179678, 22.12784385269991, 39.50966226133721, 69.44347908048547, 44.145896019432975, 60.34690453980934, 42.912978978238165, 46.50309329612553, 60.714596185934134, 25.575448551884215, 70.2630113487217, 73.29250773370406], [32.13624269398038, 33.97466519880411, 40.770463494420596, 46.83967908684052, 12.661542497801186, 0.0, 56.19479787352539, 38.129193758268855, 29.222161053908017, 39.69905679428186, 28.06576731980813, 13.412048794357347, 32.157965042963575, 47.30053309312931, 18.008016853021935, 39.83138923598337, 38.52702177388829, 57.58727184618669, 56.655602834552234, 68.18023882704533, 54.8657863767784, 49.357630841766024, 60.733096567627115, 29.079607774740726, 53.090679689515234, 33.5934019077999, 38.480733695141815, 50.01245696805516, 16.682911090965337, 55.62479453637003, 32.527093219230025, 31.99665216320505, 57.224030044727385, 36.68645703102142, 36.94220795826061, 0.9047727108537669, 10.668912514593389, 51.173865588830395, 52.221121633594485, 43.98785304507061, 4.962169971302103, 45.97813623661219, 22.818087602045342, 72.83649041188299, 45.69406846852356, 41.951825047295976, 28.108585608558073, 49.3116050604041, 38.3715334584227, 19.31931877277913, 66.49492652982408, 61.5738199964028, 27.888199923993177, 68.0954534462273, 53.12956817279832, 76.57511608947631, 28.48931978561227, 20.071827945877104, 32.0270202328285, 50.20147997000685, 30.634433235958273, 31.888473393357803, 58.09948715313226, 34.88579463391312, 53.22264116603373, 32.02429959914887, 35.72006540371602, 48.165596165578755, 35.17533569676866, 57.67083913127676, 72.10477308480678], [84.03814751621043, 60.91197174075594, 80.71504708756035, 75.74787453958399, 68.28939885771045, 56.19479787352539, 0.0, 34.15693406103694, 80.57378633887383, 80.43747684196194, 38.7568472064888, 63.34442908401297, 29.788318835758055, 77.28426951727562, 52.868174514078554, 49.997894641129655, 64.8652762775684, 34.59177035742077, 10.082479661190284, 79.21803587948945, 26.381896878002305, 69.19998686007814, 70.12343154731597, 68.09215409157066, 74.31519060954575, 89.42980122424498, 94.51416194999562, 6.673399463786681, 42.622683991066964, 47.45933205720842, 32.124690792664055, 63.54048011036809, 1.8659791386391766, 90.5212172475384, 82.93255874223149, 56.1930088214091, 66.32645008640654, 34.67063929029774, 77.38976653682157, 100.18263432175473, 55.65545599387978, 29.05941217832236, 64.8284036762288, 17.04540422046157, 82.20016108857334, 98.12932644416772, 81.68207697982523, 31.27556134819396, 75.76235555865334, 67.28548918842176, 75.57301979645801, 13.328708712100465, 74.79041663926583, 68.0938220152964, 108.38131627551995, 21.595072329586152, 68.67447621332593, 70.622141453363, 41.511856883704844, 36.536544392232095, 85.71574759344965, 39.19542564426752, 10.13370618489179, 31.657075946924444, 70.55315231285482, 27.237872997420794, 24.622761094023968, 12.412316993943573, 90.68918947297182, 12.386984252466544, 75.25296041804393], [70.26357319434146, 27.534533096095608, 75.88512456091782, 41.70842837070487, 46.483556992722185, 38.129193758268855, 34.15693406103694, 0.0, 67.30124002872587, 48.14896829883138, 41.396995060984594, 50.45531573142235, 35.72134948063077, 78.35109673356486, 46.60027727263, 15.90477053320358, 31.023982313849867, 19.479782893805993, 28.08787487801949, 47.30050638954708, 18.22489154892253, 75.27021870966819, 38.0504441229622, 36.753755868793995, 40.298809855819556, 65.77912344109872, 71.2038010950316, 31.622960381946957, 35.07287552746952, 20.671564693898052, 38.73131454839541, 62.04020425645024, 35.95671895305803, 63.80077042607437, 74.04802577190739, 38.66693625480489, 48.44937632508464, 54.62707967557261, 81.27661078024579, 77.99425995579854, 40.676238079624724, 8.801765547969334, 57.2145327987121, 45.94407259393312, 48.83944260448927, 75.57501803284565, 66.14706102101037, 11.382157561708164, 72.20291523491647, 39.89903094171765, 44.00290776049431, 31.235864945540424, 64.87977622733564, 39.43264022098805, 82.43320843522623, 55.031810253486796, 62.68398437688669, 57.79372184224103, 8.788886112843912, 12.312753801867158, 67.99400127605954, 7.259586554350916, 29.40057008288973, 4.929982502927618, 78.18655746219704, 13.302421173431155, 12.37799507857285, 35.576373182357344, 71.94664572333595, 43.45766294868937, 45.81639172910782], [3.499201120879912, 59.41238512351054, 19.986670523400683, 68.45332613944697, 25.378412898466923, 29.222161053908017, 80.57378633887383, 67.30124002872587, 0.0, 56.115807786895125, 43.832593420757725, 17.589024327508483, 51.836672680526625, 32.60561556389873, 28.269695178698694, 68.13371680375155, 63.06691977843695, 86.71738952363835, 83.12948203346414, 93.07489407075552, 83.55903181244138, 41.66082277027135, 86.78588135079596, 50.436469933312274, 76.67258127468335, 27.59149328539763, 28.689089602701262, 73.95532563653481, 38.02881244324361, 84.59637107314873, 50.497667486747666, 26.63853267033209, 81.19841758584982, 37.11300917436308, 11.323858157803242, 28.6442833447907, 19.64375183768357, 63.882998008879, 39.24064773884147, 29.142253823606996, 26.90806532265368, 74.9330974551337, 17.693506448717077, 97.61865238160466, 63.41477364052888, 28.714377694946887, 5.37542568248219, 78.38629937026663, 21.68039803763652, 38.64599340210114, 92.06320740440799, 88.2667580555736, 8.596579131688003, 95.43254723204144, 44.06112143552353, 98.78615621872132, 17.636289354980438, 10.044394324700608, 61.167500791405416, 79.41897114275415, 11.364737855092724, 61.104411447258805, 84.5057300803265, 63.85141644279455, 45.550780324420934, 59.91838860073236, 63.60704896037527, 70.2161197050676, 15.89138100175328, 78.68577293323067, 98.57055070643574], [56.961702933985954, 21.022268329451975, 74.44966615530228, 15.724696402942241, 32.62770811464882, 39.69905679428186, 80.43747684196194, 48.14896829883138, 56.115807786895125, 0.0, 65.83004176064517, 49.472820047186524, 66.86610998433315, 84.22344589871037, 57.68945240950002, 35.483354502004616, 19.396995223985652, 62.49054629650117, 75.97250255703432, 41.94414501878993, 65.12184247637184, 88.3478556875032, 39.16594152201667, 12.689176933522168, 25.44798690861081, 35.11313488973682, 39.27298250098833, 76.11921051511764, 53.98589510777384, 51.40892296298004, 68.3987770919382, 70.5534416703552, 82.05438797730565, 26.65695538587346, 67.21890188368134, 40.537454337142556, 40.563448714317666, 87.86909979590837, 89.96226238299636, 46.34728507320059, 44.52737578533632, 56.329921228646434, 59.88513738825518, 93.92016910100905, 7.3790409081197685, 43.86630635361692, 51.55961578068051, 57.22603501539097, 73.8598276217995, 20.490827966393372, 42.45220432620228, 79.37479344011545, 60.24061291107664, 50.44375458554263, 42.46647055459863, 101.98301192297609, 64.87385155456424, 52.189833597893966, 39.60225980720646, 54.281492507196, 48.5670080344815, 41.71096887939303, 77.34413424113296, 49.18460759531785, 92.32313805336487, 53.49778458310549, 55.82108895316342, 77.4456101422824, 48.98745811938834, 86.88041629065648, 50.41787707473801], [47.32522252285889, 53.85219288098139, 41.96430630230378, 69.20389010986729, 40.18707867269283, 28.06576731980813, 38.7568472064888, 41.396995060984594, 43.832593420757725, 65.83004176064517, 0.0, 28.33552750850502, 9.003303417162144, 39.74166405147671, 15.648324825740968, 52.24143316170685, 58.860493349087626, 56.969422989315866, 43.941626076221425, 84.94349253593488, 50.780524992052676, 34.33296967384106, 76.1437129117586, 53.76747032260184, 72.8691034455464, 59.75852646085948, 63.967742239270066, 32.13453270696458, 11.874788570190763, 62.06456457544323, 6.820301622356021, 24.915318095181032, 38.97772300992585, 64.35962423878424, 44.538284590662435, 27.495375987114134, 34.7686428011015, 23.142924261280086, 41.25093487321532, 68.09624164957872, 24.60396437301482, 45.06031752515672, 26.80057217660304, 55.49791436527904, 70.78468567767447, 66.53548585952485, 46.11216714578354, 49.0534175159772, 37.05611730424116, 46.42949587435095, 82.29205339053873, 49.09097114945583, 36.96988820378417, 80.0293738932895, 79.57053441949597, 55.191348810008755, 30.079706771588828, 34.505889776788294, 41.12649904528151, 52.584268988488994, 51.24140567907497, 39.36847077782458, 45.09079521418902, 36.487747631400396, 36.966374724497484, 28.54078202153311, 31.070233753632667, 27.16915390135583, 56.53558152476856, 34.997392757567795, 85.7818506473756], [20.936241251464523, 46.9383141894597, 27.430924661602926, 58.76303309980962, 17.189617367960633, 13.412048794357347, 63.34442908401297, 50.45531573142235, 17.589024327508483, 49.472820047186524, 28.33552750850502, 0.0, 35.422350478396815, 35.037942324035704, 13.087769619790057, 53.224721387415286, 51.28459759593618, 69.7111046693066, 65.58065988801008, 81.20600457237029, 66.19241517905262, 39.124724157357555, 73.97210661922674, 40.523721131138544, 65.70192940474249, 32.555766526330835, 36.21214841059717, 56.781660514398396, 20.72598956641808, 68.75154530586516, 34.56396329413236, 21.265370955364048, 64.05997615985778, 39.038233261747976, 23.732499693737434, 12.613862497763614, 9.28234241702234, 50.432307931155066, 40.53877773536518, 39.847699536837354, 9.795246174092846, 57.75476932917554, 10.429560295501211, 80.36702206151757, 56.15960690416589, 38.400905074961386, 18.370680773985253, 61.32124406157178, 25.382988431815594, 29.298830315305928, 79.6579315969571, 70.70533211833188, 14.587998181543629, 81.49907763066207, 52.13345474343594, 82.20730728911614, 15.72368711237469, 7.576243218970397, 45.04683923306099, 62.71151348942631, 22.999895747325272, 44.680096757320655, 66.96511715191326, 46.73282674196735, 43.1572922989127, 42.40296573594226, 46.078567500974174, 53.47215874091412, 28.256273414141706, 62.330158301618205, 85.42817665257623], [55.33502079808011, 52.41430551212625, 50.95742209936525, 68.16615533764744, 44.78684369780628, 32.157965042963575, 29.788318835758055, 35.72134948063077, 51.836672680526625, 66.86610998433315, 9.003303417162144, 35.422350478396815, 0.0, 48.46795101264232, 23.61696024839936, 48.412181129648516, 57.35278912819372, 49.56989302659055, 35.037992207110996, 81.37272191350358, 42.893367442570224, 42.15514222017099, 72.32227570713161, 54.3507372673448, 70.66840905003106, 65.30898816600444, 69.86223635067522, 23.149250213886468, 15.687954387430125, 56.11518520386335, 3.150956085852265, 33.90870791253279, 30.065230520730008, 68.82675858140679, 53.28112530655049, 31.793981686371236, 40.53854658611552, 21.2484111568111, 49.55724576367928, 74.54653267085702, 29.775551552054505, 38.06598217679498, 35.318014166384444, 46.609126996699906, 71.06406049846437, 72.8067843535709, 53.65445584483752, 42.01550046973228, 46.05936420468668, 48.74124166738424, 78.45390179163282, 40.16199611180561, 45.42076275159269, 75.06076136959199, 85.05037532292874, 46.95362800188303, 38.92250974889826, 42.17388484766487, 37.16639489664816, 46.00418949260612, 58.40207983068533, 35.107302738947936, 36.15848006735828, 30.817623359042024, 44.39323858252993, 22.43021120239025, 24.249034126283004, 18.471167559722158, 63.62003689688392, 26.929010943760865, 81.20794194766219], [34.27329070286683, 81.25106930001694, 13.504492186210564, 93.74961250985923, 51.60244406969412, 47.30053309312931, 77.28426951727562, 78.35109673356486, 32.60561556389873, 84.22344589871037, 39.74166405147671, 35.037942324035704, 48.46795101264232, 0.0, 32.117933282352254, 85.264753163993, 85.82681981259701, 95.7666919791477, 83.47199200023029, 115.36194034545399, 90.14731923422393, 12.438913272436999, 107.61435987978226, 75.55091488609935, 100.37778770994557, 60.05541645929606, 61.274412405468965, 70.91738250666275, 43.2798178396059, 98.57827051434047, 45.64448367243219, 16.362994520340674, 77.1508918542049, 69.16993500552192, 22.92629092165066, 46.402273093051384, 43.66493045392556, 48.55568848035783, 6.685989531561678, 61.03188036398985, 42.526834557494695, 83.5821565604211, 24.688719518223877, 93.19147271778185, 91.07123145592202, 60.95934472045398, 37.94161418309835, 87.53882343820328, 11.010621444252365, 64.29412662829144, 113.50991577317639, 88.55526955647457, 25.254432868365367, 114.00135319155764, 76.364979268258, 90.00479919883607, 19.375077316212394, 32.36706923811902, 75.4091212304773, 90.37861222915934, 43.92683977493688, 74.33082787542035, 84.5528484410843, 73.72793579636631, 15.158357051283938, 66.77819771784048, 69.83404974127608, 64.988478972608, 47.98432048160617, 70.55103337425462, 118.65075325762359], [31.76843003333455, 50.49416895336765, 29.793851204227146, 64.36419202987398, 27.763340269225868, 18.008016853021935, 52.868174514078554, 46.60027727263, 28.269695178698694, 57.68945240950002, 15.648324825740968, 13.087769619790057, 23.61696024839936, 32.117933282352254, 0.0, 53.23648959803813, 55.31651989517088, 64.77451975751733, 56.5126904695146, 84.08008998348218, 59.96685402421179, 31.913501436465488, 76.00335840802627, 46.96016585060537, 69.9063185784644, 45.448817993411225, 49.26321333401581, 46.19996436000143, 11.899687708418499, 66.57010656228387, 22.235822548524165, 15.78931675199844, 53.350289604036966, 51.24441282878837, 30.242281964969912, 17.156540738319297, 20.923432937672374, 37.34454261506949, 35.97029117817978, 52.90361381702519, 13.173006577074911, 52.53410037839992, 12.053843564152102, 69.87500349863193, 63.68737950260434, 51.485403038702216, 30.470926142591775, 56.39932342801754, 25.71478112765873, 37.24824485883023, 81.99851907457452, 61.71757223845566, 21.923806552260913, 81.96958832813961, 65.13243906229003, 70.53598241044396, 16.692532420856622, 18.859638312614248, 43.2932777702107, 58.801037068237115, 35.701482773243576, 42.25202597712459, 57.80806745558392, 42.15505055892114, 35.63375136731466, 35.958868269494054, 39.355971666707866, 42.06412555480268, 41.013657197360004, 50.41737180586567, 86.79908608151733], [70.59176886411315, 14.644948314039562, 80.38619258867595, 26.417888617400052, 44.050428478680466, 39.83138923598337, 49.997894641129655, 15.90477053320358, 68.13371680375155, 35.483354502004616, 52.24143316170685, 53.224721387415286, 48.412181129648516, 85.264753163993, 53.23648959803813, 0.0, 16.562431187833404, 27.00958850362173, 43.3032174735374, 32.960588388108576, 30.145954401043888, 84.27585274340206, 23.959633053796995, 26.282976631598185, 24.396942695986347, 60.073107261571536, 65.41341089585124, 47.49416232200156, 43.22937764300998, 17.678785620360465, 51.13413563560498, 69.01204227603729, 51.81236176452534, 55.82265739613162, 76.71536669230268, 40.61224379144011, 48.490369889267484, 68.68297996985991, 89.15958032785433, 72.6290081622687, 43.80638996780252, 22.199581889328883, 61.91156763190458, 60.81065318218602, 34.66213108890475, 70.08048493712954, 65.77181116375225, 22.226005762735415, 77.5178220806203, 33.62573906878099, 30.10813295798582, 45.78371010574845, 67.71109903136238, 28.738202748832265, 74.20578329935212, 70.5934109766257, 67.62430955746629, 59.733551149849404, 11.250223590044815, 18.827720415720066, 66.15016964869588, 13.349396733008987, 44.51644662433794, 19.461063872177466, 87.60523972615388, 27.254193621836222, 27.55687501010847, 51.14610311807922, 69.18956511205843, 59.29914179510941, 33.77886426371092], [64.87553099827294, 5.00843352972857, 78.53153617461648, 11.115622957964517, 37.693000817637056, 38.52702177388829, 64.8652762775684, 31.023982313849867, 63.06691977843695, 19.396995223985652, 58.860493349087626, 51.28459759593618, 57.35278912819372, 85.82681981259701, 55.31651989517088, 16.562431187833404, 0.0, 43.378816789448045, 59.08210208299163, 30.097592133437452, 46.67967711067252, 87.2294328874062, 23.95400411632506, 13.651624709492673, 14.605548225497756, 48.94125168318357, 53.9512958293074, 61.48837297110693, 47.913912112417535, 32.02551454866146, 59.57026842841239, 70.35077631415588, 66.60965123450481, 42.77571914110062, 73.0996097460491, 39.42639431304393, 44.20506893676686, 78.52487003758738, 90.6721759602957, 61.28302716619161, 43.34850089593043, 38.417301547876285, 61.26568274664727, 76.84573947367839, 18.117035395793554, 58.70719848099852, 59.60927411409709, 38.75019920141946, 76.65356435104042, 24.700783441572412, 29.006111759585576, 61.93726236405174, 64.73496015076748, 33.89154394428089, 60.37408101235008, 86.0079040760644, 66.86757269924664, 56.36796539335038, 23.4201523581295, 35.33967283239619, 58.48175321225124, 25.789162454885595, 60.368503911041955, 33.247129247217735, 90.93223951538678, 39.42426082670136, 40.87334706914434, 64.08510140131945, 60.45849331000887, 72.966845122478, 35.83992486414748], [89.71142600691776, 41.60310147934923, 94.44689796069892, 52.13713159504057, 65.7687624938623, 57.58727184618669, 34.59177035742077, 19.479782893805993, 86.71738952363835, 62.49054629650117, 56.969422989315866, 69.7111046693066, 49.56989302659055, 95.7666919791477, 64.77451975751733, 27.00958850362173, 43.378816789448045, 0.0, 24.87002672259153, 47.23932339240914, 8.228243810370984, 91.29805921714635, 38.842517223412244, 52.80968197381893, 47.18463647674108, 84.46716383811032, 89.89539682021365, 35.83101045057533, 52.93269731596822, 14.763381943600763, 52.72056045351171, 79.69369437976162, 36.37850566324768, 81.5781340697338, 93.15291634785851, 58.10834533839082, 67.92899047894329, 64.65587044214985, 98.03864940255625, 96.84502499707847, 59.97421059614427, 12.24240492010971, 75.922237652931, 38.891375706866825, 61.280482401271364, 94.37804563649597, 85.62555408359623, 8.42212181999034, 90.48811697202368, 58.116739910816825, 43.40784193830016, 24.549303816550577, 84.00841822144947, 34.334537137829244, 100.18136828459654, 50.852610999225256, 81.23383567808243, 77.12307922046502, 26.97209660988341, 8.413848581916032, 87.42996507175478, 26.259439210497842, 25.416761274959786, 22.99852800736112, 93.8075400400488, 28.99969761350051, 25.987894983357464, 42.06465336416944, 91.30282026835516, 46.67166679779201, 41.59742181438663], [86.51270873791712, 55.59782710574095, 85.53766710491415, 69.6105916121983, 67.98313225290676, 56.655602834552234, 10.082479661190284, 28.08787487801949, 83.12948203346414, 75.97250255703432, 43.941626076221425, 65.58065988801008, 35.037992207110996, 83.47199200023029, 56.5126904695146, 43.3032174735374, 59.08210208299163, 24.87002672259153, 0.0, 70.66607976159153, 16.778406187300632, 76.35951212287658, 61.73198762071336, 64.10019992548811, 67.17045796113337, 88.8606263486558, 94.12341986743063, 13.726479517489855, 45.28576236942814, 38.40024946687826, 37.829028993368105, 68.80843979083667, 11.733170282743043, 88.81125911045817, 86.74208577978425, 56.81452759415183, 67.19727161218403, 43.759285315160284, 84.21530413641946, 100.24303598627607, 56.99999150602913, 21.298128239868504, 68.56078224222584, 17.9514343593128, 76.92336522593172, 98.04212638538945, 83.60220947808072, 22.701880276596512, 80.8096465937026, 65.0053313537723, 66.93967364867501, 5.2069959316465635, 78.16237677018802, 58.855909753395125, 107.12109488999056, 27.44608893902204, 72.94124483130938, 73.08545603272297, 36.38170381533249, 27.847893703375938, 87.04543948831652, 34.2674376892578, 1.4650880892548057, 26.875697799208755, 78.06685362995374, 25.141425895582568, 21.708781565019788, 20.58477682095058, 91.7741407210464, 22.466378144189548, 66.07728915751208], [94.76991024341059, 34.267696703271994, 108.5480272584044, 26.35474811891939, 67.70080615203085, 68.18023882704533, 79.21803587948945, 47.30050638954708, 93.07489407075552, 41.94414501878993, 84.94349253593488, 81.20600457237029, 81.37272191350358, 115.36194034545399, 84.08008998348218, 32.960588388108576, 30.097592133437452, 47.23932339240914, 70.66607976159153, 0.0, 54.342811926478326, 115.82039259180058, 9.253529363126626, 42.84669612557937, 16.858255443530133, 76.50008891120987, 80.99631984826891, 78.13740792641137, 75.2172661699323, 32.57421183123283, 84.08588468302013, 99.54417456204581, 81.08400630082667, 68.57623417778692, 103.19431852319954, 69.06517427620867, 74.30173646386528, 101.50206258602482, 119.90455802006448, 88.17601900701771, 72.85494453250638, 50.21394596274527, 90.99813615685123, 86.09292947184927, 35.60593893643568, 85.66150234629093, 89.44802594815955, 48.03896130676117, 106.50888431541597, 54.495244116792115, 3.856095354948215, 71.42875986100636, 94.81750349251574, 15.246075137106503, 83.80624299737927, 97.72724774503513, 96.65778775987488, 86.45563527679113, 44.208706756173584, 42.83017869256414, 87.88169870073288, 46.285538110540706, 71.54199792293986, 51.68283739430411, 119.34904085437682, 59.89368538069592, 59.63896920944377, 82.72875249779914, 89.34097765511112, 89.97206052428612, 10.417465022399405], [86.70076043568241, 44.11346660943117, 89.76066798342217, 56.3530656231642, 64.24439482274916, 54.8657863767784, 26.381896878002305, 18.22489154892253, 83.55903181244138, 65.12184247637184, 50.780524992052676, 66.19241517905262, 42.893367442570224, 90.14731923422393, 59.96685402421179, 30.145954401043888, 46.67967711067252, 8.228243810370984, 16.778406187300632, 54.342811926478326, 0.0, 84.96366954471645, 45.612866989139306, 54.41784644019163, 52.51699793464991, 83.91812414942088, 89.33562033222077, 27.6902428283639, 48.0695818696325, 21.829175627397674, 46.02380233708368, 74.33873574256911, 28.178972480249115, 82.01144738908609, 89.18811470012112, 55.280680012891494, 65.45710257787393, 56.871980266056944, 92.02574479402665, 96.05220683051735, 56.65111621939711, 9.429044541583824, 71.51882843674899, 31.973059675933296, 64.79504298650065, 93.6585108498493, 82.9492757370816, 7.931429801942451, 85.55525253081115, 58.12374454830046, 50.56161292502158, 17.097009626169058, 80.13544201760266, 42.11238500851423, 100.64833982995881, 43.387896816282755, 76.61718054792506, 73.72753084228519, 26.865726358142545, 12.104266121497204, 85.29808071443986, 25.48432569175413, 17.437977744715365, 20.12975961105188, 87.2852995571241, 24.078267936624353, 20.61088236007909, 34.04415623690439, 89.48472665213735, 38.443910368545225, 49.349634090533996], [43.95076164844737, 82.40451433150423, 24.797411739521596, 96.13445967629367, 56.31360422925612, 49.357630841766024, 69.19998686007814, 75.27021870966819, 41.66082277027135, 88.3478556875032, 34.33296967384106, 39.124724157357555, 42.15514222017099, 12.438913272436999, 31.913501436465488, 84.27585274340206, 87.2294328874062, 91.29805921714635, 76.35951212287658, 115.82039259180058, 84.96366954471645, 0.0, 107.55754841695973, 78.4150643806325, 101.81970224406393, 68.12198372960266, 70.07385010361058, 63.166430819719196, 41.0710088465678, 95.89460606155718, 39.07727169491033, 17.860324056248768, 68.82979608511761, 76.49065787793889, 33.61287306893631, 48.46132716026506, 48.365273319033925, 37.976044366668134, 8.770594884907073, 70.75684123073258, 44.39560442372159, 79.38073687133955, 29.01923710251431, 84.3152065151262, 94.77427914751907, 70.37342571846159, 46.72549252100825, 83.37451424848085, 20.701217104202854, 67.91920542363985, 113.612707240932, 81.26539593903205, 33.37406366758524, 112.82122246125307, 85.69256620839182, 79.97507921441799, 25.24327051001246, 38.761964208767544, 73.6980983386929, 86.78890788279917, 52.949848965785606, 72.28020831657336, 77.30692813575232, 70.43163848755873, 4.062729510603061, 62.757756406871934, 65.39542474427299, 56.787772349132624, 57.51694595427425, 61.197069257701415, 118.04086062552847], [88.70822100390114, 27.384287688565884, 101.39954586816614, 23.612084985807584, 61.47154365057355, 60.733096567627115, 70.12343154731597, 38.0504441229622, 86.78588135079596, 39.16594152201667, 76.1437129117586, 73.97210661922674, 72.32227570713161, 107.61435987978226, 76.00335840802627, 23.959633053796995, 23.95400411632506, 38.842517223412244, 61.73198762071336, 9.253529363126626, 45.612866989139306, 107.55754841695973, 0.0, 37.46294204939313, 14.164168476751499, 72.33045243683335, 77.13060947674757, 68.92707534457371, 66.72152012109798, 24.07942876424374, 75.07595879654298, 91.61498868839537, 71.98905371540424, 65.23091582845005, 96.52650714136252, 61.59894430763451, 67.5997396822162, 92.3251789349849, 111.94175773811827, 84.42464294294327, 65.25797454521724, 41.08105556643904, 83.49723575235558, 77.5144264888205, 33.9066150253727, 81.86637909348632, 83.48210159188844, 39.04669884823598, 99.09651446307036, 48.64139157589788, 6.150587020562587, 62.7072896958443, 87.9216472483733, 11.566988422482407, 81.62780215259833, 88.9321172885721, 89.19704815030163, 79.6157910316394, 35.198686843191005, 33.8888194517401, 82.43536371399118, 37.21497836784589, 62.651226590477144, 42.45708555053952, 111.01125604290971, 50.70050021252181, 50.39564047516932, 73.47910467225037, 84.34315295306665, 80.7717708675721, 11.887685303777339], [51.9855013883862, 12.080803245665694, 67.07655819394635, 18.317244799643486, 25.210288028858166, 29.079607774740726, 68.09215409157066, 36.753755868793995, 50.436469933312274, 12.689176933522168, 53.76747032260184, 40.523721131138544, 54.3507372673448, 75.55091488609935, 46.96016585060537, 26.282976631598185, 13.651624709492673, 52.80968197381893, 64.10019992548811, 42.84669612557937, 54.41784644019163, 78.4150643806325, 37.46294204939313, 0.0, 26.253792876193813, 35.356408928500365, 40.44159459942454, 63.59920495578816, 42.02359374878888, 43.60431749488894, 55.98911990219089, 60.89379902179945, 69.67235310690286, 29.799109853423854, 60.911037084853625, 29.969419060528935, 32.458857586585324, 75.44985244451324, 80.87870278571846, 47.771318148734814, 34.03803633591243, 45.28317583695354, 50.874391683860225, 82.03960704816303, 17.038869755297927, 45.19394141905504, 46.63598471269339, 46.677420371942624, 65.74521354941282, 11.81369509639326, 42.20022431990682, 67.75890375409121, 52.98644943756576, 47.53964821552513, 47.98271707650194, 89.6762166689501, 56.24177286950728, 44.63844213269377, 28.001953152039967, 44.41560916476781, 45.09954243168755, 29.926273187531375, 65.50200872706912, 37.22451782630583, 82.29646444554578, 41.00260072178015, 43.477649943811144, 64.7851709515675, 46.88026899995687, 74.24831685894607, 49.341631977623436], [78.23705345250175, 19.431753560275766, 92.80634116153834, 9.7234217121927, 51.36664657488656, 53.090679689515234, 74.31519060954575, 40.298809855819556, 76.67258127468335, 25.44798690861081, 72.8691034455464, 65.70192940474249, 70.66840905003106, 100.37778770994557, 69.9063185784644, 24.396942695986347, 14.605548225497756, 47.18463647674108, 67.17045796113337, 16.858255443530133, 52.51699793464991, 101.81970224406393, 14.164168476751499, 26.253792876193813, 0.0, 59.669934272700125, 64.22354976894806, 71.88458290933909, 62.215125969848714, 33.1530511964271, 73.0765462696404, 84.95250314606355, 76.14210725123876, 51.9349069031253, 87.02632809507696, 53.992153615105245, 58.29082123628221, 91.611280803858, 105.26699191896131, 71.43749889720696, 57.934226506038215, 45.87245215235429, 75.77451926760376, 84.21596349075804, 19.78563906497904, 68.90964924553725, 72.88055040206541, 44.97782176413447, 91.08491655276627, 38.02665134260089, 17.01215105109253, 69.1320106124045, 78.87454398652642, 25.722203015646006, 67.77366194259221, 94.59896705495703, 81.34505233418948, 70.49869353791487, 34.53317088202848, 40.42379498947477, 71.12620553715122, 36.89227459018097, 68.29911470862818, 43.70201146436463, 105.50853155567447, 51.032739942266254, 51.7551840857265, 75.36605729647441, 72.5006754243107, 83.6728922582997, 24.986517035924546], [26.724170843076994, 47.142881546214966, 47.56311488412737, 50.191873496143266, 21.15099309474467, 33.5934019077999, 89.42980122424498, 65.77912344109872, 27.59149328539763, 35.11313488973682, 59.75852646085948, 32.555766526330835, 65.30898816600444, 60.05541645929606, 45.448817993411225, 60.073107261571536, 48.94125168318357, 84.46716383811032, 88.8606263486558, 76.50008891120987, 83.91812414942088, 68.12198372960266, 72.33045243683335, 35.356408928500365, 59.669934272700125, 0.0, 5.430118319052176, 83.41646919196603, 49.62103463137603, 77.7518541413901, 65.22823475293326, 51.299122202149306, 90.5558114492393, 10.194387365390336, 38.53140780230659, 33.78015873068088, 24.99155637753963, 82.57242701970259, 66.62291285822171, 12.5576955659553, 35.54685369666009, 74.50905110198228, 40.20922846676029, 105.75579240981034, 42.303602330762196, 10.008374528733777, 22.216228877973016, 77.02189709590462, 49.05472615238512, 26.54232835252234, 76.50723620760554, 93.500512672872, 34.9861703505081, 82.80008718763898, 19.81387861318703, 110.10142859648643, 42.93315265651907, 29.746413592860304, 57.54601408148968, 76.19332210928009, 16.768686575164025, 58.56199906969747, 90.3246897565254, 64.09300647765892, 72.13598257053, 63.72379167825729, 67.23551023460529, 81.7589348434919, 14.946934550425237, 91.25354768688803, 84.09203630876975], [27.179849252205127, 52.326080881323755, 48.3362066571292, 54.64331442763509, 26.24299913680415, 38.480733695141815, 94.51416194999562, 71.2038010950316, 28.689089602701262, 39.27298250098833, 63.967742239270066, 36.21214841059717, 69.86223635067522, 61.274412405468965, 49.26321333401581, 65.41341089585124, 53.9512958293074, 89.89539682021365, 94.12341986743063, 80.99631984826891, 89.33562033222077, 70.07385010361058, 77.13060947674757, 40.44159459942454, 64.22354976894806, 5.430118319052176, 0.0, 88.43762100496322, 54.19394193879043, 83.09096407428963, 69.63855533928516, 53.800340175309806, 95.60858821616492, 12.96481652246365, 39.01021198412863, 38.60748021292013, 29.34431820855181, 86.56268198970133, 67.92298939853644, 7.332297018896749, 40.09885513676732, 79.92925208565616, 42.99885531602952, 110.9251865709768, 46.28857731322317, 4.755905478846511, 23.423079970059888, 82.45082887856644, 50.36948759521959, 31.936183503858487, 81.14708202881873, 98.794941220897, 36.70449275858418, 87.74307840161485, 16.03020458412077, 115.05457412158364, 45.139759230602834, 32.48787261578481, 62.97610340876822, 81.61802233700875, 17.347920094798454, 63.989254318612325, 95.58653267603204, 69.48833864336508, 74.03279756809766, 68.99827243934627, 72.53126831460446, 86.60347368457995, 13.932333218001382, 96.04173079489468, 88.83027258661595], [77.42493197170405, 57.26673312267626, 74.0988244104766, 72.52362875339459, 62.265961419122505, 50.01245696805516, 6.673399463786681, 31.622960381946957, 73.95532563653481, 76.11921051511764, 32.13453270696458, 56.781660514398396, 23.149250213886468, 70.91738250666275, 46.19996436000143, 47.49416232200156, 61.48837297110693, 35.83101045057533, 13.726479517489855, 78.13740792641137, 27.6902428283639, 63.166430819719196, 68.92707534457371, 63.59920495578816, 71.88458290933909, 83.41646919196603, 88.43762100496322, 0.0, 36.05587972842895, 47.35407593249445, 25.555697069087387, 56.96733547000801, 