instance_id,num_cities,city_coordinates,distance_matrix,best_route,total_distance
2032,83,"[[26.66279349604832, 11.038743657583726], [16.25384145565244, 63.35699127598683], [32.290426186201024, 89.12766511517435], [94.75462169714581, 51.41965299756394], [45.134474256125564, 90.51359551740387], [85.43769433304098, 61.62979886573401], [2.900384742802198, 59.424647446920055], [15.412943748060648, 33.881830691694894], [71.44013434691556, 72.99780891396807], [25.44452312304768, 87.4770406518094], [43.0159845283218, 30.050442199565495], [76.34131703125607, 76.1101473585848], [83.12479044907043, 82.34925291233216], [77.01933105185614, 89.01742036258928], [28.538814117086353, 52.712471589210516], [39.628000410862164, 86.25923946195206], [29.698694821435232, 11.70981435098184], [82.60558050921387, 50.865576787862764], [57.76906527842433, 56.30683921481866], [3.0849305122916393, 57.10632298297323], [90.32881688258037, 35.47076270071601], [82.35433436937511, 64.6321730428405], [82.95224792622233, 50.31473221048645], [97.0528164040783, 17.285839896423038], [85.19747183470271, 80.49124673568777], [51.82284638155522, 12.787956084704122], [18.265846824687582, 32.30529995469462], [17.76682293837515, 73.37473475434787], [31.258529789285195, 96.81781936383676], [56.74798787442638, 10.201128657833646], [74.2671004717754, 44.4871492873963], [35.51780469748389, 79.9503769008117], [9.801987356783359, 96.27746448989136], [37.91461246271787, 97.14688095133084], [9.275858847100771, 11.286694171246337], [73.19702341826618, 41.63383307335852], [32.603915535332476, 85.61213005946944], [92.54206446729512, 32.66533269901607], [60.603568588051274, 50.78034033632659], [83.74976286201718, 25.802607694659464], [71.91560713041677, 12.31172547707896], [92.55017481501766, 28.8824286780764], [89.172410954717, 86.60602943591914], [60.84813581101807, 71.19696438393167], [76.50073042734459, 90.50190836944788], [10.897975399918526, 69.21775577916009], [37.02334992985753, 17.90454996481766], [58.41709210454721, 94.5829069477328], [34.38643273081839, 50.859511207890286], [91.52169039557064, 85.63772149935835], [22.872205595937412, 68.22289158586213], [28.89240661543854, 59.27215513727546], [25.320582660757495, 79.66526277286276], [47.86513419468154, 1.9542331787369416], [22.95124554690845, 4.284386099187554], [38.86220465715604, 38.09993466559721], [5.174664184178479, 37.73629921626318], [49.069709854706886, 41.95163388291525], [57.73609979545932, 13.300485832022545], [97.54126776646561, 43.95416557188061], [51.8892650483278, 93.789236571166], [10.038715710613555, 13.30149550792762], [20.28075621695041, 53.99853623129312], [19.010597053614408, 85.69794235162263], [88.41550004782452, 59.3434760141171], [20.38229497489593, 41.562085019484975], [13.831303166378305, 5.106158501583124], [25.64095439892389, 91.37440965279737], [9.748110805023424, 34.94785667830841], [11.463656609320283, 78.94302102959854], [1.5173925806536093, 94.90646023526506], [41.44479922283292, 88.2794440163611], [0.9516945733715643, 44.08118798229975], [24.156582135180727, 21.292783090129685], [15.478048451048764, 23.022772548955274], [77.0957128531187, 1.9234425137207523], [90.32198105064113, 42.745880943761264], [70.18869465920697, 5.1972266830800695], [99.43536867857131, 69.3937719630101], [58.40319334166586, 46.83996064031547], [76.99258242681239, 34.13794660225773], [14.716924462580616, 89.19527242902616], [28.885187739771865, 19.720766762248843]]","[[0.0, 53.343653009892414, 78.29144208727436, 79.16511167737639, 81.59322930392304, 77.5496217622783, 53.905915772457284, 25.463027011733622, 76.44564095564664, 76.44800474884339, 25.0773112272672, 81.86722958703834, 90.95683498283479, 92.8248614072397, 41.71593284453568, 76.32967692450251, 3.109185220121799, 68.67147920343274, 54.92540959863654, 51.75072451455978, 68.19300615443217, 77.29038360700466, 68.6374967263112, 70.66669326075973, 90.82928356000497, 25.22078518438109, 22.86427628725351, 62.96756369893031, 85.90209904941825, 30.09685232167306, 58.1804596219017, 69.47822982508056, 86.8903119616563, 86.84016776963013, 17.38870253768229, 55.69105898448233, 74.80967110294378, 69.33821238876845, 52.26251735634052, 58.9651910256918, 45.27071486667345, 68.2608534387157, 98.07072424905257, 69.19284030990245, 93.79879798586289, 60.27708470925407, 12.429015482595503, 89.37540321569915, 40.56289106220644, 98.85182852158299, 57.30964430976426, 48.284916460851576, 68.63964347085532, 23.06659016285666, 7.70694065147954, 29.683896163575792, 34.27096692730475, 38.179532249456884, 31.1555106207658, 78.14846840916577, 86.51022450796667, 16.777365947979447, 43.43125807305071, 75.05033017935084, 78.4011730429214, 31.16278276356829, 14.136573513889912, 80.3421644345915, 29.287406439899108, 69.58451442323228, 87.55618236966603, 78.64244073794457, 41.86721551242247, 10.555871355295556, 16.392543127619646, 51.250054339679224, 71.11845551609886, 43.916140456880655, 93.27999264163283, 47.84537720411783, 55.37743972498636, 79.06419402337617, 8.961950756641906], [53.343653009892414, 0.0, 30.352918804389276, 79.40322753954487, 39.64305872256471, 69.20540941705481, 13.920421479681023, 29.48715314207918, 56.02206964946126, 25.811730112557623, 42.72632108223323, 61.425953074542264, 69.51568039905604, 65.9613701098976, 16.255040838286046, 32.72406268840956, 53.36848289346595, 67.51732156525483, 42.109600486592605, 14.577073421762456, 79.15013410381707, 66.11279189366923, 67.96159170623497, 93.01088829892463, 71.0408817512944, 61.82541088901945, 31.11680734776369, 10.131352198265885, 36.67107427270303, 66.82306207339707, 61.00499289686169, 25.42519864773485, 33.54674317933858, 40.1365873598198, 52.53577906399786, 60.946054624756115, 27.615505149880864, 82.23059574440326, 46.098486369687784, 77.2400876013721, 75.52384602569923, 83.72350894701337, 76.53519159936751, 45.27820963097252, 66.0797560133077, 7.939386737564712, 49.972961723369515, 52.46710888566774, 22.022213204051376, 78.49636949139116, 8.21460465993675, 13.282289545792976, 18.659193854402332, 69.06209184916122, 59.45105469153247, 33.89774321797143, 27.91358147267978, 39.17997631328003, 65.01101056153568, 83.57101962725959, 46.861551066256425, 50.439869593535214, 10.188067693057038, 22.510393074996426, 72.27318503795486, 22.182472071215543, 58.301185328212185, 29.548157673719274, 29.144527100084204, 16.30552649694268, 34.82142899218691, 35.43604102921289, 24.611222883550827, 42.800127576340266, 40.34167888308585, 86.46279100671887, 76.88242433866081, 79.31914401701084, 83.40029491674721, 45.27008024546333, 67.40138890562301, 25.88395037058873, 45.42764575412956], [78.29144208727436, 30.352918804389276, 0.0, 72.96348332345015, 12.918605725942578, 59.83949164008848, 41.785688873648205, 57.76635382812598, 42.34231819516629, 7.04208419923755, 60.042950203756455, 45.934047859796536, 51.28430034622422, 44.72904072732053, 36.607935104981344, 7.87831588795951, 77.46122054559878, 63.21077564557796, 41.54958077734634, 43.33967385094422, 79.04124221784649, 55.735303304450184, 63.82056050115433, 96.7233944684233, 53.607305487947954, 78.79889982445656, 58.52751497115087, 21.42638248172815, 7.759077428547055, 82.62911400278524, 61.27656026122308, 9.728236789088244, 23.59765903820046, 9.794860586033037, 81.17195985868165, 62.681845690140726, 3.5294847074196296, 82.57272490010585, 47.66708875484093, 81.59734204265789, 86.43404160020144, 85.20989272478872, 56.9378506593336, 33.72021363705685, 44.231657730819826, 29.22398741465351, 71.38019822670876, 26.690116812418932, 38.3255116979103, 59.333989974396005, 22.928419819052042, 30.048261398019438, 11.752266881625475, 88.55381846722429, 85.35573963828045, 51.449174406456805, 58.106256443743646, 50.071172177763856, 79.98276954112148, 79.36193916431696, 20.145588429800874, 79.02370920424019, 37.1252995800796, 13.715569985440673, 63.53834933628848, 49.03353952943944, 86.02530323270418, 7.018784514938, 58.682259883204615, 23.18364307347617, 31.31092573412889, 9.19358606454984, 54.87532415561252, 68.32079213825061, 68.20933122601929, 98.04126760109001, 74.28950977700732, 92.09015826164924, 69.98478292632441, 49.700367788060916, 70.86714270160633, 17.573631769755952, 69.49038198089268], [79.16511167737639, 79.40322753954487, 72.96348332345015, 0.0, 63.17036784611228, 13.822163873913366, 92.2023903301803, 81.25685860903425, 31.767627125057565, 78.12825973231283, 55.977939817543394, 30.80049188747608, 33.04380616312747, 41.57081482371333, 66.22842707924117, 65.21304439643129, 76.21774666700261, 12.161669385089516, 37.30704990647953, 91.8459062639674, 16.551581494150962, 18.12009414319103, 11.85398146507318, 34.21109316778099, 30.60223318595747, 57.75418026528829, 78.84092321717856, 80.05714691811116, 78.05605163593191, 56.06666534830852, 21.62864151192791, 65.74954520523157, 96.0685866100283, 72.95043540723807, 94.43131515831568, 23.674718903136515, 70.93543376931585, 18.884383478310568, 34.15703659773508, 27.880816487903807, 45.28852593457605, 22.644780106749213, 35.62642507513946, 39.25292130300025, 43.13498848316615, 85.72461484802683, 66.75448952066142, 56.42235858646594, 60.370787620328045, 34.370453252673286, 73.82025854467415, 66.328675286962, 74.95932395963261, 68.15755127714431, 85.89213125865285, 57.45761201977567, 90.61899888394966, 46.65570228821734, 53.136069380225436, 7.968619630694603, 60.27122375421637, 92.8966019697367, 74.51850292575294, 83.13939132709878, 10.147484145469335, 75.02276073648271, 93.23906506642643, 79.8315826398815, 86.58768369713766, 87.72069683426024, 102.87994603930466, 64.81189216642386, 94.08954355170587, 76.75748484944158, 84.20901308563332, 52.551992481946556, 9.740771260140217, 52.34498510489066, 18.573592675843173, 36.63877625645583, 24.781997800307263, 88.50440894126456, 73.0999433544534], [81.59322930392304, 39.64305872256471, 12.918605725942578, 63.17036784611228, 0.0, 49.58450622506281, 52.44274029023131, 63.95722135158971, 31.60364746590625, 19.9227217285882, 60.50025543634704, 34.37042849391761, 38.85769698030132, 31.919940992710668, 41.28366390819893, 6.9585055619097815, 80.30130268483656, 54.55317766187663, 36.46553258962778, 53.70484137630728, 71.21967459854925, 45.333938899644465, 55.19178033485508, 89.76535213921892, 41.29759375657914, 78.01287936559113, 64.11028632259521, 32.29131287057537, 15.240901323503508, 81.1478036155756, 54.47149403848352, 14.285024359168059, 35.79953653365072, 9.804431649201085, 86.96402817237785, 56.362557093019355, 13.455083258403425, 74.79238678325119, 42.63829788739955, 75.3568341898177, 82.66051993445424, 77.76020438159571, 44.21095951628189, 24.900831267416237, 31.36625834854969, 40.319358180507145, 73.06068596648758, 13.891984466742498, 41.08487311719167, 46.64276973559188, 31.503715458054245, 35.211253290244734, 22.589303298005458, 88.60145123829143, 89.03691477615361, 52.787623642387686, 66.19840954165352, 48.72114732850496, 78.23468075936857, 70.1017298138035, 7.507131473439904, 84.81403572380128, 44.17076923757388, 26.564025965673597, 53.33688726792077, 54.85363031922315, 90.96328280072886, 19.51251694166617, 65.87674894094319, 35.60340089067708, 43.83773573434446, 4.313366988897972, 64.09435614779802, 72.32975066271054, 73.71916152867242, 94.17927575570917, 65.75458406752627, 88.91904605359055, 58.263488412953144, 45.644772861174516, 64.75455850223211, 30.44610502524315, 72.63376567029455], [77.5496217622783, 69.20540941705481, 59.83949164008848, 13.822163873913366, 49.58450622506281, 0.0, 82.5667618789475, 75.32207798697664, 18.03228598991071, 65.32427190393636, 52.88532150043988, 17.10042609091463, 20.848148607624097, 28.652236415138873, 57.59341364762279, 52.01093540137825, 74.82540290909152, 11.130559089859027, 28.175999240617, 82.4769030879436, 26.612370297989848, 4.303644892982401, 11.584825300964319, 45.83991446105712, 18.86297756452281, 59.29151380297477, 73.29381511470824, 68.6825331095254, 64.60324029980434, 58.88979008312435, 20.46100197397543, 53.17554852341038, 83.19387539357523, 59.328799333278745, 91.2965134869211, 23.44509911289915, 58.0220681424853, 29.82301754228486, 27.100637481418993, 35.86693100698183, 51.13823623360644, 33.51085843146943, 25.25391458248153, 26.38516712777427, 30.223633650608004, 74.92494103266885, 65.23684645533648, 42.61478941698969, 52.17499791481805, 24.76681968422608, 62.91191661783036, 56.59441710113094, 62.76420217100786, 70.51858205759486, 84.81186619375589, 52.18170893929542, 83.74397491268535, 41.35045915231636, 55.705483017698064, 21.4225232453388, 46.47285811095506, 89.55797498129034, 65.60230753609106, 70.65291773046407, 3.754277434716726, 68.08023299506748, 91.2271734513844, 66.78616606470474, 80.25483844316096, 75.97306048097433, 90.27709143583543, 51.43518646638807, 86.28926873794357, 73.36517943744218, 79.90528476238725, 60.28629731410746, 19.505348313309575, 58.45654107286059, 16.00669126767755, 30.815638214820634, 28.759726284954972, 75.9031134001707, 70.388585536525], [53.905915772457284, 13.920421479681023, 41.785688873648205, 92.2023903301803, 52.44274029023131, 82.5667618789475, 0.0, 28.442918638056213, 69.87079495758663, 35.98853900659736, 49.72027031368285, 75.31252513824928, 83.43556080394454, 79.8082101716533, 26.50249734506119, 45.48640545562974, 54.725265832554946, 80.16343257813217, 54.95719090248626, 2.3256580705621306, 90.65053414544352, 79.62442109110843, 80.56855065564987, 103.15211820175624, 84.95064537368368, 67.58985304030368, 31.169800021718647, 20.38666035690125, 46.93009371912075, 72.95559721502144, 72.91321529877726, 38.53831410576262, 37.493496004560946, 51.46807790644025, 48.55830738015409, 72.51296770332368, 39.59904022985116, 93.55047658673875, 58.34707765861861, 87.56176962217236, 83.56272098099865, 94.7096192966491, 90.45269500430153, 59.131457786269436, 79.89247168119792, 12.643829606799654, 53.74286229891627, 65.71307333716878, 32.63024328283195, 92.41677914145257, 21.82390267844308, 25.99246919652126, 30.205095322694707, 72.97038583855007, 58.67269757290769, 41.80904049076385, 21.80726475172217, 49.36509682251873, 71.6546853318985, 95.89698925902034, 59.840081711736964, 46.67227135884214, 18.20769055931414, 30.819230455170608, 85.515153829206, 24.993765659399926, 55.40742927521152, 39.21633350145101, 25.4166213048394, 21.31423309370763, 35.50875534382651, 48.148428558699905, 15.466710759527441, 43.656213840740016, 38.51355761864673, 93.86871301007224, 88.99840871092948, 86.41949903872784, 97.04837230524016, 56.911651745336144, 78.28838353966628, 32.02999723344199, 47.45111303451092], [25.463027011733622, 29.48715314207918, 57.76635382812598, 81.25685860903425, 63.95722135158971, 75.32207798697664, 28.442918638056213, 0.0, 68.33085568530345, 54.525949009856056, 27.867676582276857, 74.13162212885628, 83.2705542216129, 82.67575342857475, 22.953899659004676, 57.70408927163915, 26.375765246590852, 69.30582995950178, 47.92621452146112, 26.29366753667017, 74.9327215069408, 73.6663650048519, 69.50969616676905, 83.30963760434639, 83.91852015042541, 42.07888491531121, 3.259525292022453, 39.56299051568912, 64.9000868037156, 47.637816089165156, 59.80204466551213, 50.2644644218674, 62.64740975254645, 67.14753665845417, 23.413756756644112, 58.30174443580552, 54.51195633684734, 77.13871356386775, 48.2467843657843, 68.81275093214512, 60.47991739635108, 77.29907138621324, 90.66587084361056, 58.79435245214742, 83.29196166262673, 35.6232022840687, 26.875326133233948, 74.39070798498986, 25.460457966989324, 92.03919572415683, 35.14184187904914, 28.746556222352368, 46.84318479731386, 45.52489591128344, 30.54234307346203, 23.825621467602474, 10.939803290511895, 34.610686619923065, 47.06210039984637, 82.7436616062567, 70.13857208988513, 21.270461284953168, 20.697280980824043, 51.940856142934926, 77.31538403723427, 9.147718740494135, 28.81910645600235, 58.395280952083574, 5.764264365611201, 45.23392248714455, 62.586673926451816, 60.30553734840055, 17.6961752035252, 15.327600326182653, 10.859253306270686, 69.47015603409842, 75.43165951025175, 61.831944777849166, 91.21878021581212, 44.90072039384013, 61.580171282363786, 55.31782063381475, 19.545769101932443], [76.44564095564664, 56.02206964946126, 42.34231819516629, 31.767627125057565, 31.60364746590625, 18.03228598991071, 69.87079495758663, 68.33085568530345, 0.0, 48.22078808538193, 51.501539788740665, 5.8058799762928714, 14.965984534275215, 16.96335423308773, 47.455433701964566, 34.46559742329158, 74.1523165599832, 24.789168741347297, 21.575138446215853, 70.17815341235469, 42.012635306829836, 13.751495397175988, 25.437191822190005, 61.317476904820566, 15.665757088020131, 63.325069007759446, 66.95808494048437, 53.674634890675314, 46.7113930712587, 64.4924973865973, 28.650470324469975, 36.58895966072444, 65.88781016326737, 41.31753015214674, 87.5937145644951, 31.413144378418586, 40.83347878326071, 45.519227722304905, 24.7193662427797, 48.774111701914485, 60.68794606243416, 48.90603829714905, 22.352120692892484, 10.743997114938953, 18.220953060599822, 60.66005120064955, 64.95985091768907, 25.20944438843792, 43.16342234783626, 23.728385606728143, 48.802085392433135, 44.70685301728958, 46.59901274375558, 74.85299115883984, 84.0993865137092, 47.740791048389845, 75.06321737075979, 38.26618449780925, 61.250068948023994, 39.04871808865861, 28.539795976056947, 85.63751540547297, 54.57338484202162, 53.94580400850364, 21.785404463069973, 59.95921695710455, 89.03961829267425, 49.34839752841893, 72.4824436248486, 60.27041918643092, 73.27468061226553, 33.66375648392074, 76.18917972923934, 70.06528388013317, 75.02839007669513, 71.29902613245451, 35.660948961820594, 67.81213056776329, 28.226268397154225, 29.22661213828574, 39.25453577059645, 58.99051079541481, 68.18626475451576], [76.44800474884339, 25.811730112557623, 7.04208419923755, 78.12825973231283, 19.9227217285882, 65.32427190393636, 35.98853900659736, 54.525949009856056, 48.22078808538193, 0.0, 60.0547289204797, 52.15064614435945, 57.907749446016126, 51.597805985786515, 34.90200422417023, 14.235661829081472, 75.88656375248637, 67.88067300613375, 44.90498283239068, 37.713815418744545, 83.1542213179807, 61.323850108778494, 68.47025325442934, 100.27239066714748, 60.1599218448312, 79.21032313658696, 55.63680764517595, 16.056840030071264, 11.002400668132283, 83.37549687972776, 65.05209311387713, 12.574643887540464, 17.94815826007615, 15.78001709623931, 77.8870631189579, 66.19592861744428, 7.398296508690558, 86.63950244054558, 50.821317299481194, 84.87188381086337, 88.37073188639165, 89.08701948856705, 63.73383989705965, 38.96737962254754, 51.14573422103307, 23.34531076515869, 70.52943137877726, 33.72956627434282, 37.69351681668647, 66.1027618916604, 19.42521746889844, 28.41484589902025, 7.812761027203687, 88.41286331129476, 83.23000783721909, 51.16769267149325, 53.71227550532114, 51.29046801871708, 80.90060079457434, 84.21508916697351, 27.187647798568566, 75.75850050932274, 33.874396627763474, 6.675372306370676, 68.96985859115551, 46.19317378728442, 83.18551018037006, 3.902316027182355, 54.82419656118398, 16.379686180966473, 25.05401866646949, 16.020383466971154, 49.83070016844653, 66.19678799593667, 65.22026750989447, 99.93629748447438, 78.80330701165762, 93.65900209369066, 76.16856196944157, 52.32252110172243, 74.17722947112114, 10.864331247724925, 67.84357614691257], [25.0773112272672, 42.72632108223323, 60.042950203756455, 55.977939817543394, 60.50025543634704, 52.88532150043988, 49.72027031368285, 27.867676582276857, 51.501539788740665, 60.0547289204797, 0.0, 56.85133442380149, 65.90813238408502, 68.06858371141622, 26.89156074260261, 56.31081002848595, 22.66558702123969, 44.72813362816734, 30.117300274786267, 48.23390674408502, 47.62230548511243, 52.377493986767035, 44.78332930715625, 55.523997254575995, 65.75372714629694, 19.379221928852555, 24.852639695708827, 50.144934802705734, 67.79469297324493, 24.13634529035841, 34.42456621732514, 50.460144509941905, 74.08905512661288, 67.29008909283093, 38.60666161499647, 32.32754325047616, 56.528862880445125, 49.595062722469585, 27.185506981083527, 40.95466756451212, 33.90944201109983, 49.54795922078905, 72.99965854785924, 44.84441890846066, 69.10577378201157, 50.65219603743248, 13.543794431724766, 66.34480477812805, 22.527461402009273, 73.77498981113612, 43.16141473383549, 32.4558771268812, 52.67596859835688, 28.511597882771223, 32.65705738979052, 9.058047039997264, 38.61396021478756, 13.352376335737008, 22.298942391790863, 56.27006340687442, 64.35346933252232, 36.98685542128069, 33.02123277714888, 60.604479215517046, 54.029601511264474, 25.392948297002913, 38.392224673800825, 63.73790596028808, 33.62641953354427, 58.18963534650478, 76.9963389330042, 58.250195500483684, 44.34260159974652, 20.79359641099873, 28.42052188321115, 44.187735787427194, 48.9799088594223, 36.824427997811206, 68.78258867452264, 22.773979110768863, 34.22158524963073, 65.56636137133242, 17.50375995378125], [81.86722958703834, 61.425953074542264, 45.934047859796536, 30.80049188747608, 34.37042849391761, 17.10042609091463, 75.31252513824928, 74.13162212885628, 5.8058799762928714, 52.15064614435945, 56.85133442380149, 0.0, 9.216395701194436, 12.925068642449569, 53.22152305475641, 38.09030963108495, 79.51689819213415, 26.010177627641085, 27.1495773191318, 75.68119652010665, 42.979177952364545, 12.957633730793821, 26.629079029526373, 62.363974814578285, 9.880562213490842, 67.90327908669929, 72.74355569940288, 58.63833081144415, 49.61114174640519, 68.75970690414435, 31.690951095636358, 41.00373790525251, 69.52843356356345, 43.80817029105284, 93.2730173446841, 34.61939960511139, 44.75765817001076, 46.36718816459117, 29.82072852641994, 50.85010930828706, 63.95174385970245, 49.93179830948862, 16.577108066667847, 16.25355441943567, 14.392643871945527, 65.80528873548145, 70.24097169709405, 25.739477190916496, 48.967406942555904, 17.92256690566193, 54.04770745653206, 50.34796005493322, 51.14444428590276, 79.43546183406364, 89.49547314582831, 53.380334705924916, 80.85322936473482, 43.70977694817839, 65.50731019872899, 38.51551733836848, 30.173714414407637, 91.32886558575622, 60.26366920009959, 58.12690655783501, 20.66173186088195, 65.76458591742617, 94.59951515199445, 52.948318900948166, 78.28786169986455, 64.93947947943482, 77.1486944020929, 36.957526111721265, 81.911228858259, 75.68480680766889, 80.7626573760704, 74.19054042662728, 36.17503614127081, 71.17933043225024, 24.05088189533068, 34.32958071438373, 41.977253161026056, 62.9983036086474, 73.70106139919896], [90.95683498283479, 69.51568039905604, 51.28430034622422, 33.04380616312747, 38.85769698030132, 20.848148607624097, 83.43556080394454, 83.2705542216129, 14.965984534275215, 57.907749446016126, 65.90813238408502, 9.216395701194436, 0.0, 9.041078010707615, 62.11253995217437, 43.672173502657074, 88.56792858747464, 31.487957083179122, 36.34721598859774, 83.92606680953, 47.428797595715004, 17.733824225831437, 32.034985367862625, 66.5374903365174, 2.7835579891202675, 76.27965468424215, 81.92118038515504, 65.9712505057854, 53.84652644312714, 76.81853648374398, 38.88441284935719, 47.66738610906216, 74.63396365636463, 47.570263706839356, 102.48683795289358, 41.90830431885561, 50.6261312893536, 50.56853742889435, 38.77888182174326, 56.55009881415143, 70.92884490752002, 54.29124389938622, 7.395529741139443, 24.912303813251658, 10.504473436296802, 73.41082365089567, 79.23675003393254, 27.570503233380233, 58.02612640599719, 9.017868615110407, 61.88641261060446, 58.93813619379141, 57.86648633797655, 87.78725737339578, 98.56459271283227, 62.58736826459004, 89.81390661918783, 52.836693098021414, 73.56845688483352, 41.01240727053062, 33.26456482767847, 100.54435400982398, 68.94298930925768, 64.20158499375816, 23.606299556448793, 74.83457625353478, 103.76937416186196, 58.18801303730943, 87.35576386547154, 71.74204150174106, 82.56785598890892, 42.09974863522988, 90.64691103002889, 84.88310844272736, 89.97618004368185, 80.65147707842304, 40.25203875378643, 78.22900821027788, 20.829773133880142, 43.26739189274457, 48.599732832105865, 68.74957535904134, 82.85084054802176], [92.8248614072397, 65.9613701098976, 44.72904072732053, 41.57081482371333, 31.919940992710668, 28.652236415138873, 79.8082101716533, 82.67575342857475, 16.96335423308773, 51.597805985786515, 68.06858371141622, 12.925068642449569, 9.041078010707615, 0.0, 60.56739905015037, 37.49292158507756, 90.64054589695357, 38.55864820180072, 37.95464202666977, 80.52709928412978, 55.175963605868276, 24.96202209844493, 39.15478990924431, 74.476574649562, 11.814297413732614, 80.28570273612904, 81.65927081471942, 61.282569551026604, 46.42086984074273, 81.38141797920616, 44.61524196052399, 42.480442169078444, 67.60828007094926, 39.94079550283893, 103.1079231707728, 47.53750498334921, 44.54576452990759, 58.45094555890286, 41.61191591603158, 63.57209492373747, 76.87529919119193, 62.108166394542394, 12.390002313419776, 24.064002302289154, 1.5724666133978111, 69.02217318272675, 81.58871761537578, 19.41694967759328, 57.21529559750788, 14.890963398663894, 58.00278977932988, 56.57721855157704, 52.53782862651638, 91.81484497072027, 100.51390433991283, 63.62826922370677, 88.2689613814038, 54.73910468773125, 78.13384146702252, 49.51612685631585, 25.57910176824289, 101.0905737845437, 66.67524368232442, 58.103632884218676, 31.787035737559656, 73.89020711913979, 105.04202366273353, 51.43241182371997, 86.30721169465724, 66.32525894059, 75.73125843092282, 35.58218548574242, 88.34902546128201, 85.9133093106865, 90.23648377567703, 87.09401134244975, 48.14577714793198, 84.09805266472594, 29.792051278698764, 46.1031310419238, 54.87948027906114, 62.30266044217485, 84.37370415356814], [41.71593284453568, 16.255040838286046, 36.607935104981344, 66.22842707924117, 41.28366390819893, 57.59341364762279, 26.50249734506119, 22.953899659004676, 47.455433701964566, 34.90200422417023, 26.89156074260261, 53.22152305475641, 62.11253995217437, 60.56739905015037, 0.0, 35.33207731461129, 41.01905927546349, 54.09830171556344, 29.450417001851093, 25.830333343511224, 64.15045570497024, 55.11977415382043, 54.46623663362015, 77.1311528662599, 63.10201140217758, 46.21810356086021, 22.84702411937461, 23.301607520933484, 44.18912259434817, 51.019327336813525, 46.46215771899926, 28.11778432389419, 47.423383298558306, 45.41279918677589, 45.6854077405048, 46.011866831860935, 33.14985033149179, 67.06939565162523, 32.12291410288979, 61.41978212382914, 59.27703145855251, 68.30318618883864, 69.4637051198431, 37.223228530046455, 61.060518736084866, 24.158302855046063, 35.827067362094716, 51.437776513066545, 6.134175219734746, 71.06978813783357, 16.513133579199557, 6.569206642026483, 27.144243704624866, 54.313031716855335, 48.7493629369186, 17.891300332473392, 27.751923195188297, 23.18001958433752, 49.048813566785796, 69.55606755652542, 47.24980613796335, 43.53709540987582, 8.357600286303043, 34.334067656288305, 60.242740124693775, 13.815206302159751, 49.82641793428864, 38.77038877518221, 25.858694357887025, 31.298605845303406, 50.10478918938758, 37.836146463183084, 28.9058509894128, 31.723820427598387, 32.435502599529414, 70.26590844280207, 62.58188751894155, 63.18552878359469, 72.83259730951889, 30.436286424503045, 51.892009422487625, 39.013323246539585, 32.993523032193124], [76.32967692450251, 32.72406268840956, 7.87831588795951, 65.21304439643129, 6.9585055619097815, 52.01093540137825, 45.48640545562974, 57.70408927163915, 34.46559742329158, 14.235661829081472, 56.31081002848595, 38.09030963108495, 43.672173502657074, 37.49292158507756, 35.33207731461129, 0.0, 75.20776485087416, 55.67570159950801, 35.0177742738395, 46.74706939308737, 71.76379423236669, 47.8880947149815, 56.29385423225928, 89.74931386635137, 45.93306506143976, 74.47646439882064, 58.02903750875166, 25.375609195521758, 13.473368102665475, 77.96108125112266, 54.265779000961345, 7.5296384785480655, 31.463564442264147, 11.021634881544946, 80.88346583124101, 55.84179618367183, 7.053830088499888, 75.31404262873271, 41.21561286117454, 74.84473425994754, 80.68905980502952, 78.0567419214543, 49.54562422075311, 26.022418737060242, 37.11601350262493, 33.40398933122079, 68.40429650524779, 20.550265377545557, 35.78567859082595, 51.89741173514205, 24.61841799521637, 29.044030272803802, 15.753816402772483, 84.7064605410088, 83.65399414635948, 48.16539298712927, 59.51057139059924, 45.30242586627652, 75.17235525480895, 71.71935451916735, 14.38886607675308, 78.72965243117332, 37.61740063900615, 20.625042439750644, 55.7196414454222, 48.66449211675527, 85.15451918767293, 14.893032673750193, 59.37731726869034, 29.099094726835748, 39.079314941415866, 2.7169807442882905, 57.22625848205796, 66.78327063698654, 67.69099591009008, 92.28410547081727, 66.8078741065669, 86.63143741565656, 62.13988488134856, 43.66219660537968, 64.13065693248974, 25.083500443215605, 67.40012146350546], [3.109185220121799, 53.36848289346595, 77.46122054559878, 76.21774666700261, 80.30130268483656, 74.82540290909152, 54.725265832554946, 26.375765246590852, 74.1523165599832, 75.88656375248637, 22.66558702123969, 79.51689819213415, 88.56792858747464, 90.64054589695357, 41.01905927546349, 75.20776485087416, 0.0, 65.82030298618452, 52.69573345441057, 52.62257544701813, 65.11984618860899, 74.65515672552243, 65.77446770003903, 67.58453784004799, 88.37986021068521, 22.1504056814577, 23.555976748364248, 62.808693466647014, 85.1222979153821, 27.0913341714155, 55.32356159672991, 68.48822100819066, 86.8767311652029, 85.83119276790232, 20.427218604623324, 52.797267800663995, 73.95939814839916, 66.24517233490289, 49.81583305839592, 55.85807712905291, 42.2212029898244, 65.15525473981991, 95.63768056969684, 67.1491525859127, 91.64401026074535, 60.503143538773045, 9.59298294497925, 87.70801456571863, 39.4293501175824, 96.37125212997155, 56.92388649505041, 47.56917449086812, 68.09633496973528, 20.620157213515437, 10.033197717321073, 27.935789996512124, 35.76039699359931, 35.913839561111615, 28.08249122563785, 75.11533058875827, 85.02618984168296, 19.724305502179813, 43.32474542138896, 74.7561269658461, 75.6083919907822, 31.27224600450326, 17.186692192282614, 79.76786948351153, 30.627314831740108, 69.66218988006966, 87.8400118532614, 77.46534164193598, 43.29313864852671, 11.07015369733537, 18.17167593758705, 48.39680146489915, 68.10594880610404, 41.010411909597565, 90.50216929136472, 45.36601606497867, 52.342458111085776, 78.92052747321078, 8.05215202958197], [68.67147920343274, 67.51732156525483, 63.21077564557796, 12.161669385089516, 54.55317766187663, 11.130559089859027, 80.16343257813217, 69.30582995950178, 24.789168741347297, 67.88067300613375, 44.72813362816734, 26.010177627641085, 31.487957083179122, 38.55864820180072, 54.09830171556344, 55.67570159950801, 65.82030298618452, 0.0, 25.425574243431406, 79.7651596187508, 17.22349212142252, 13.768888737670556, 0.6508517853092299, 36.55572943739705, 29.73883354303941, 48.96408805224229, 66.96331239357566, 68.63473374094325, 68.9066630696632, 48.1893394703273, 10.49831351758304, 55.346040766308995, 85.80561007630143, 64.33693915632274, 83.32908272759805, 13.181276059013049, 60.88915719910136, 20.736021757868723, 22.00217702482305, 25.089072781259382, 40.00843638201094, 24.127862663813158, 36.33872889339894, 29.77837674180097, 40.10371523646482, 74.01880236966318, 56.25094695931, 49.96286548637673, 48.219148159896, 35.89706204333134, 62.204119281016204, 54.367045250664134, 64.11702497256292, 59.99348417772447, 75.6865047797139, 45.568021130263666, 78.536136475426, 34.700331391335254, 45.05138321397422, 16.457288927488513, 52.781934453801824, 81.71297368902879, 62.40351879450142, 72.50941739860673, 10.277642742168739, 62.91496023816222, 82.60645002618118, 69.89945756559443, 74.57603304804526, 76.4821300130039, 92.27618130571496, 55.623802253145094, 81.93524894627826, 65.50446960335158, 72.67274116273659, 49.25130606284294, 11.20144177847022, 47.32628503807484, 25.0306968795077, 24.534896168015177, 17.644244361814064, 77.96175464779056, 62.095730858366565], [54.92540959863654, 42.109600486592605, 41.54958077734634, 37.30704990647953, 36.46553258962778, 28.175999240617, 54.95719090248626, 47.92621452146112, 21.575138446215853, 44.90498283239068, 30.117300274786267, 27.1495773191318, 36.34721598859774, 37.95464202666977, 29.450417001851093, 35.0177742738395, 52.69573345441057, 25.425574243431406, 0.0, 54.689978692774275, 38.655911695701626, 25.956629974294906, 25.886251845791065, 55.370131752674666, 36.567787099467274, 43.9232365390126, 46.22313441404556, 43.49129166143844, 48.414336766654614, 46.1170157862522, 20.295079088820025, 32.46745249861601, 62.437900743226926, 45.410442693847095, 66.16951359754165, 21.291289336065105, 38.62751393866564, 42.048570759610186, 6.211006268412569, 40.06875076123014, 46.21357678395848, 44.29248100845428, 43.637266730618684, 15.205147250077518, 38.98946054693689, 48.61677522142285, 43.647686364393955, 38.281552996998506, 24.008766883607887, 44.71622029966465, 36.875237216981155, 29.02851208826536, 39.98149541107756, 55.247566768365765, 62.5988514193701, 26.248061867812755, 55.77666162742584, 16.785431329259016, 43.006366017242215, 41.64632801194714, 37.94077176765066, 64.24675756186647, 37.55930748765664, 48.64211963650277, 30.79651160644586, 40.189281780216014, 67.46878274367663, 47.55996220675615, 52.55680929747726, 51.54209540913628, 68.22156128541191, 35.89887352061828, 58.11781277624425, 48.536410552879836, 53.8178334579812, 57.71544977928723, 35.26459860118077, 52.59695511244401, 43.673202857001286, 9.488092977251963, 29.342859629245893, 54.176894227268356, 46.613507475543614], [51.75072451455978, 14.577073421762456, 43.33967385094422, 91.8459062639674, 53.70484137630728, 82.4769030879436, 2.3256580705621306, 26.29366753667017, 70.17815341235469, 37.713815418744545, 48.23390674408502, 75.68119652010665, 83.92606680953, 80.52709928412978, 25.830333343511224, 46.74706939308737, 52.62257544701813, 79.7651596187508, 54.689978692774275, 0.0, 89.8865572692549, 79.62585514128564, 80.15556185392555, 102.05701569327839, 85.37753862313518, 65.87489725084214, 29.078359020638963, 21.913903960136572, 48.690395778099294, 71.27286285909155, 72.29208023635765, 39.67041879428072, 39.74288841550318, 53.06932284460819, 46.235981422385485, 71.799049545653, 41.035978285803424, 92.73586588534086, 57.865462778205625, 86.52593697187646, 82.12318801303313, 93.81160987788472, 91.00157674312543, 59.45699337734141, 80.65447786993856, 14.412857967544921, 51.8516665144873, 66.82920358749725, 31.918751518343417, 92.92524522406993, 22.696130787837035, 25.898197847246198, 31.675384621365456, 71.04237926485057, 56.434275836669336, 40.51241960322378, 19.48242304084197, 48.417605608807584, 70.04071439179545, 95.36759875366693, 61.05324904396284, 44.35333176552707, 17.474402998641235, 32.727779529126856, 85.3598907622495, 23.25558322678052, 53.09897956940536, 41.02530898829286, 23.13861708461453, 23.38898100791307, 37.832625489902554, 49.429171573598246, 13.198668014495611, 41.552667083746876, 36.26675864248402, 92.31872074278914, 88.41111515071003, 84.83790097212697, 97.1307795565911, 56.26285096056248, 77.39436235982679, 34.13215433884741, 45.42392637076951], [68.19300615443217, 79.15013410381707, 79.04124221784649, 16.551581494150962, 71.21967459854925, 26.612370297989848, 90.65053414544352, 74.9327215069408, 42.012635306829836, 83.1542213179807, 47.62230548511243, 42.979177952364545, 47.428797595715004, 55.175963605868276, 64.15045570497024, 71.76379423236669, 65.11984618860899, 17.22349212142252, 38.655911695701626, 89.8865572692549, 0.0, 30.23210585611234, 16.575801651048423, 19.388233208913054, 45.31197065614699, 44.69026158130216, 72.13246015464328, 81.86546318565223, 85.16313861356016, 42.02649737411001, 18.419390900395978, 70.58812319465754, 100.9060219013438, 80.93943654011287, 84.58398889233885, 18.206641198256808, 76.46123825936228, 3.57336009460057, 33.43611151961592, 11.694322255976399, 29.586944730792652, 6.952738759501369, 51.14834091884476, 46.31924052867203, 56.74189782362466, 86.30248038428738, 56.125258457584536, 67.17591663527232, 58.02037508669147, 50.18113891017891, 74.98730794465466, 65.8858011139857, 78.60804254824286, 54.097339108464965, 74.2450483508895, 51.53372409581045, 85.18428480351305, 41.7650045375046, 39.41835084774142, 11.134970679213337, 69.84728727586025, 83.29451815137602, 72.45694718255889, 87.22991491029418, 23.949263501285333, 70.21125361773078, 82.30357703605914, 85.49700167402017, 80.58240268610692, 90.05304408591692, 106.8647333218741, 71.96112842956164, 89.79092056441456, 67.67407005126238, 75.87878487172222, 36.06296901231697, 7.275121454579861, 36.36085128518747, 35.124063589265354, 33.889586900196754, 13.402669443492314, 92.75495254098784, 63.43013427623119], [77.29038360700466, 66.11279189366923, 55.735303304450184, 18.12009414319103, 45.333938899644465, 4.303644892982401, 79.62442109110843, 73.6663650048519, 13.751495397175988, 61.323850108778494, 52.377493986767035, 12.957633730793821, 17.733824225831437, 24.96202209844493, 55.11977415382043, 47.8880947149815, 74.65515672552243, 13.768888737670556, 25.956629974294906, 79.62585514128564, 30.23210585611234, 0.0, 14.329920188522369, 49.575403543854705, 16.111910161179196, 60.16639087358246, 71.7799481709388, 65.17652198552072, 60.38788847763264, 60.1533338532617, 21.707725219881915, 49.277864007486265, 79.153442930831, 55.064463254584396, 90.47764199347456, 24.754393250636788, 53.993173370179505, 33.550986961870834, 25.786994423609286, 38.85463120152782, 53.35162846484608, 37.17525231305073, 23.00731477394157, 22.48584136258957, 26.523723060288358, 71.60334354067183, 65.10275653747358, 38.34107495476265, 49.90596959909853, 22.918845574551582, 59.590409489069835, 53.72994985215519, 58.981714291728956, 71.54040169231834, 84.67929115578609, 50.94629545130196, 81.73181460600821, 40.27745133033315, 56.929777669033584, 25.655855841829485, 42.169358571491536, 88.68137999711458, 62.97780034651157, 66.7547428554625, 8.0441311304106, 66.12686767204578, 90.76757247174157, 62.70211070271634, 78.43992821456585, 72.32073397982096, 86.32000708272996, 47.25233846489801, 83.95673143183022, 72.56225662550612, 78.76407701287606, 62.92883269873192, 23.29148289576488, 60.667253426747614, 17.732302652179662, 29.83655440404912, 30.962012694641043, 71.95946824675245, 69.82824683033637], [68.6374967263112, 67.96159170623497, 63.82056050115433, 11.85398146507318, 55.19178033485508, 11.584825300964319, 80.56855065564987, 69.50969616676905, 25.437191822190005, 68.47025325442934, 44.78332930715625, 26.629079029526373, 32.034985367862625, 39.15478990924431, 54.46623663362015, 56.29385423225928, 65.77446770003903, 0.6508517853092299, 25.886251845791065, 80.15556185392555, 16.575801651048423, 14.329920188522369, 0.0, 35.91286341817793, 30.259924971633655, 48.75754881988746, 67.14663161800888, 69.14407673958156, 69.53256510163564, 47.91413606485615, 10.459087389967538, 55.93118844286803, 86.3917437025383, 64.97413919266717, 83.37504459327427, 13.058423144837075, 61.48870521854332, 20.08646022590651, 22.35352900745746, 24.52509486938271, 39.57317223618868, 23.48326713359997, 36.82049269640142, 30.408212590469546, 40.70173467642041, 74.49256667166658, 56.21284181001656, 50.612697673224794, 48.56887058343173, 36.34761225358868, 62.69221370012932, 54.79691476749846, 64.67505303873799, 59.7481666380645, 75.62349535460787, 45.75077261129881, 78.78813051050778, 34.89939540743245, 44.78737055820771, 15.91528535286621, 53.43165199279463, 81.77018326600636, 62.779664582801416, 73.07876761554128, 10.552977703747404, 63.17917255853661, 82.59249446097843, 70.50164166484902, 74.79964274834968, 77.00777629035616, 92.84426677716577, 56.251112347824915, 82.23714382089449, 65.56831434890206, 72.78474192426704, 48.744393745114884, 10.564112637744975, 46.888139193355535, 25.213151877837394, 24.793751601167607, 17.23966372872316, 78.53506080645317, 62.122763292155746], [70.66669326075973, 93.01088829892463, 96.7233944684233, 34.21109316778099, 89.76535213921892, 45.83991446105712, 103.15211820175624, 83.30963760434639, 61.317476904820566, 100.27239066714748, 55.523997254575995, 62.363974814578285, 66.537490336517