instance_id,num_cities,city_coordinates,distance_matrix,best_route,total_distance
617,39,"[[45.42410135525798, 75.36494364160062], [3.772242112125712, 29.59366127845584], [58.40575280812048, 66.45374511136963], [56.26358466924981, 55.154165285889775], [50.53568849703236, 36.10959904415757], [18.019043905013643, 54.01864021390299], [22.583691912796965, 88.40552268958814], [78.3164609354774, 66.2646848845132], [85.66453661720091, 87.70298962072457], [97.15706121279925, 15.736571598293969], [1.8115018724133791, 28.337486746963613], [0.27272441932957303, 78.27443869742484], [30.99996665969047, 44.601536845079416], [23.661573125305722, 31.162856223307976], [54.94123160126371, 66.87479233303863], [97.42330577654319, 74.58415154932257], [11.179302827679116, 40.411742801117924], [69.23467890311605, 52.640466461817105], [91.59939548909097, 47.50849030012898], [24.522302917717408, 59.851047598413984], [4.095951989920477, 31.658375834279063], [62.81209079183368, 20.361929222889753], [18.449079289363645, 73.0690355212454], [20.650384575463377, 44.51703289436595], [97.69099528029656, 63.22403087614992], [99.34131844785306, 90.53100624306121], [71.91819746751833, 59.347405292521316], [42.43964740414222, 87.0457812711716], [40.33946615835985, 6.119317687383951], [4.632957819076844, 9.286897452868825], [6.94794189251926, 78.55768860602058], [58.27225612275644, 88.20884756318935], [18.13221330145336, 28.344052910471383], [22.53520303294403, 28.082517658946525], [10.54517351288048, 79.63243089063012], [47.4811358008518, 28.62000755887172], [93.15940948780208, 80.9014105991602], [76.34176198646577, 76.6935808797927], [63.21425094713488, 3.2677494180058053]]","[[0.0, 61.886086219573066, 15.745879895667883, 22.934034975511334, 39.58674528894683, 34.73761425139222, 26.30096966665057, 34.12802408872213, 42.08942870429102, 78.942015987413, 64.13766861703003, 45.24502183323767, 33.977093157657286, 49.2689777354255, 12.75376169456345, 52.0050660680089, 48.93293855052635, 32.91421374204561, 53.92717108389404, 26.030100813526932, 60.15214043955247, 57.68599285607714, 27.072550850494295, 39.56425963612656, 53.65845658747108, 56.0096041214491, 30.959629577401515, 12.056074531734286, 69.43205476490537, 77.65452709990258, 38.60839892316084, 18.167029170356823, 54.36737366003804, 52.53122379322976, 35.139024671359415, 46.790174610582184, 48.05530260940076, 30.946195498271617, 74.25964474340091], [61.886086219573066, 0.0, 65.90513084076844, 58.38390538978524, 47.21522384528677, 28.276332105187755, 61.747110752207725, 83.07589621725279, 100.41435126362947, 94.4073269024686, 2.328621210329601, 48.80640034050243, 31.08995517946781, 19.951136832942467, 63.30993775110265, 103.89738177783755, 13.110889987901558, 69.40090676478378, 89.63565121745232, 36.688887286901235, 2.089936430136139, 59.757247333428786, 45.885920662854346, 22.529507615553282, 99.75837787344634, 113.34376190597962, 74.35829821986044, 69.25254019654786, 43.453500221261606, 20.324996644436666, 49.06690372572634, 80.03743867936403, 14.414239266491203, 18.823715296267604, 50.495059798554415, 43.71973683655952, 103.06575974494838, 86.51437823416772, 65.01081486664732], [15.745879895667883, 65.90513084076844, 0.0, 11.500842950305161, 31.348127740089424, 42.25775774736856, 42.01310016687466, 19.91160570878641, 34.56257639367378, 63.82707569856189, 68.23311799028339, 59.32265828928586, 35.05133550275654, 49.52378075572614, 3.4900126010711614, 39.855651399644415, 53.930728365953726, 17.551988702738488, 38.21963623969729, 34.520773324522246, 64.50017200009358, 46.3019579102681, 40.50059043880124, 43.665629198205444, 39.41777936590097, 47.49142067624973, 15.267161697389543, 26.05663974839304, 62.98121819948796, 78.48287680853674, 52.862195871411465, 21.755512038427774, 55.446430219106816, 52.52663550408497, 49.64184534588172, 39.37942297630571, 37.63710523746841, 20.653199795914507, 63.36869657894737], [22.934034975511334, 58.38390538978524, 11.500842950305161, 0.0, 19.887289857982893, 38.26139458326672, 47.32851091334536, 24.693582108818056, 43.86162264469548, 56.7980907772279, 60.69731105060283, 60.57659180038304, 27.378976641626522, 40.47806896638948, 11.794986901848153, 45.51534914539665, 47.433442737057234, 13.212417167270427, 36.15350428773802, 32.08690808862497, 57.21463118224088, 35.40314424879572, 41.843510759436406, 37.16784371516426, 42.206078715999354, 55.742371887184866, 16.206485233292497, 34.75883213893001, 51.55573517425157, 69.06176863799449, 54.58715532318938, 33.115657648027394, 46.61312699198981, 43.24902118015703, 51.859026270062664, 27.949828879767715, 44.99136061804559, 29.44621586058953, 52.3498988854948], [39.58674528894683, 47.21522384528677, 31.348127740089424, 19.887289857982893, 0.0, 37.1223104230232, 59.297367082981104, 41.001225826990634, 62.41725659972618, 50.87841036444009, 49.34016712366196, 65.60670134111439, 21.301582929930866, 27.3255986494075, 31.079027142841078, 60.652616139970256, 39.590826385166885, 24.95840178751531, 42.616461066061134, 35.218640075285634, 46.652572436191996, 19.967452469042524, 48.94436060619794, 31.04539151678033, 54.39499399205337, 73.1004724773057, 31.57858972641758, 51.575580861889925, 31.676172840766096, 53.16500732952308, 60.841860273262405, 52.67054371159688, 33.32099805685467, 29.128357691250354, 59.105652696116984, 8.088527232457723, 61.8311246337785, 48.09379388837192, 35.204162149778746], [34.73761425139222, 28.276332105187755, 42.25775774736856, 38.26139458326672, 37.1223104230232, 0.0, 34.688524007682176, 61.52840084562771, 75.56816842583537, 87.91099226432137, 30.36784585924719, 30.05454400521144, 16.037025641371127, 23.541983727515177, 39.09640126133703, 82.02424678014246, 15.22923882559579, 51.23417444586953, 73.86778858972455, 8.735522519300783, 26.34072724134266, 56.02848600611522, 19.055248405565504, 9.859234015816988, 80.20198908499731, 89.14294817801448, 54.16192843702635, 41.07502795712219, 52.84454889642987, 46.6917135168484, 26.920887722394035, 52.81374226878676, 25.674836718347834, 26.32637738950254, 26.68192293425641, 38.89865549892481, 79.8044978901663, 62.5754934348117, 67.9577784816226], [26.30096966665057, 61.747110752207725, 42.01310016687466, 47.32851091334536, 59.297367082981104, 34.688524007682176, 0.0, 59.969644334830626, 63.084756647973, 104.124751435302, 63.55826320061179, 24.50343105262661, 44.60518867218384, 57.25281383546205, 38.866215719788606, 76.10517790184582, 49.3301428985127, 58.783108408339075, 80.22303034911702, 28.620207203318493, 59.682788169403885, 79.04590241266274, 15.884044201984448, 43.93105067905741, 79.21625179903347, 76.78704911396994, 57.256157965676934, 19.90245877270548, 84.18008703205389, 81.12943802253214, 18.478542010507464, 35.68910613161591, 60.22620537486157, 60.32302451882102, 14.896075489137138, 64.76257045241458, 70.97354161582041, 55.019084679786516, 94.33600990653663], [34.12802408872213, 83.07589621725279, 19.91160570878641, 24.693582108818056, 41.001225826990634, 61.52840084562771, 59.969644334830626, 0.0, 22.662637229303193, 53.92641700572016, 85.39016992491611, 78.9623897564445, 52.03981757778365, 64.95610161411368, 23.38319006307373, 20.839506840792488, 71.94284268194367, 16.37370124659214, 22.98328056746611, 54.17514356305272, 81.89188344529518, 48.45047441338231, 60.2528221143959, 61.63064765069018, 19.61168421827032, 32.10761569615568, 9.42266057752305, 41.46082146067274, 71.13169003741388, 93.14358213054864, 72.41949634512844, 29.720639667451795, 71.13450634245135, 67.59753418010216, 69.07708760653055, 48.66147354026323, 20.845787616992702, 10.61420310808044, 64.78186956782963], [42.08942870429102, 100.41435126362947, 34.56257639367378, 43.86162264469548, 62.41725659972618, 75.56816842583537, 63.084756647973, 22.662637229303193, 0.0, 72.87827827658703, 102.7404222658495, 85.91076278877858, 69.61286116811118, 83.91158541211666, 37.11785652966884, 17.617393805167822, 88.22988200395983, 38.72106345096937, 40.630288276882936, 67.18707774696266, 98.96682642466438, 71.11295729827427, 68.79004518370355, 78.05041206859246, 27.273707653961097, 13.966103223858438, 31.51191842163758, 43.22988515247201, 93.32876050942633, 112.7616968362672, 79.2460649855835, 27.39695097897351, 89.91161248578797, 86.8326749313733, 75.55165538500557, 70.3475007887501, 10.120997803233529, 14.426406608729202, 87.36890244679961], [78.942015987413, 94.4073269024686, 63.82707569856189, 56.7980907772279, 50.87841036444009, 87.91099226432137, 104.124751435302, 53.92641700572016, 72.87827827658703, 0.0, 96.17462632376076, 115.31504471325074, 72.17996521478177, 75.09698413751944, 66.31209459597599, 58.84818223412195, 89.44852715846565, 46.27695852091058, 32.25434027061312, 84.98173395118579, 94.41331420896952, 34.65502743286183, 97.37534512358039, 81.74097211621948, 47.490460876416655, 74.82632179587104, 50.38754864704584, 89.88325070934093, 57.625781387823025, 92.74862805127846, 109.92805806817016, 82.24511444713646, 80.02421616266074, 75.63626182160887, 107.63038569869273, 51.31939679773792, 65.28734533830573, 64.4129929628062, 36.16055717621808], [64.13766861703003, 2.328621210329601, 68.23311799028339, 60.69731105060283, 49.34016712366196, 30.36784585924719, 63.55826320061179, 85.39016992491611, 102.7404222658495, 96.17462632376076, 0.0, 49.96065458090789, 33.41385644058667, 22.03198416925563, 65.63453437707325, 106.20909118876557, 15.282125310268848, 71.66951669945914, 91.81172701433783, 38.84436898261379, 4.030758820573247, 61.519764030235955, 47.72546949010522, 24.83306696796024, 102.02915376219671, 115.67237781143078, 76.6587491123279, 71.39544842136989, 44.47528604044306, 19.25838949941665, 50.482191818943186, 82.29457221776126, 16.32071274989237, 20.72526957669848, 52.03314631103299, 45.67050778310588, 105.39168048972894, 88.84295983617012, 66.32336936311478], [45.24502183323767, 48.80640034050243, 59.32265828928586, 60.57659180038304, 65.60670134111439, 30.05454400521144, 24.50343105262661, 78.9623897564445, 85.91076278877858, 115.31504471325074, 49.96065458090789, 0.0, 45.58538948890869, 52.59790344687284, 55.84440540228044, 97.22064429574631, 39.40224857941096, 73.57208505132735, 96.36962399775909, 30.454283720629288, 46.77258156139433, 85.23515178558911, 18.907038334651737, 39.43109787960864, 98.57400404329441, 99.82389378695436, 74.10334946417115, 43.06954660259548, 82.5330556901645, 69.12519426569149, 6.681224350753117, 58.84418541647933, 53.028339291031045, 54.907621434136836, 10.361821904298555, 68.51420755478641, 92.92382495561674, 76.0854623947962, 97.91649094156578], [33.977093157657286, 31.08995517946781, 35.05133550275654, 27.378976641626522, 21.301582929930866, 16.037025641371127, 44.60518867218384, 52.03981757778365, 69.61286116811118, 72.17996521478177, 33.41385644058667, 45.58538948890869, 0.0, 15.311765297295903, 32.69987885351426, 72.87672580416545, 20.25865466590559, 39.07067454908374, 60.669112016242664, 16.568274073365007, 29.855509077935707, 39.99462238197285, 31.111465003437903, 10.349927064276377, 69.24226009029282, 82.34109862889576, 43.49416338673426, 43.95884644115264, 39.59933638568391, 44.072019588429, 41.611538517731894, 51.433212233177166, 20.73366490450882, 18.561525210189924, 40.565528473192416, 22.957312878154596, 71.98247819617966, 55.54977672125388, 52.404599943314096], [49.2689777354255, 19.951136832942467, 49.52378075572614, 40.47806896638948, 27.3255986494075, 23.541983727515177, 57.25281383546205, 64.95610161411368, 83.91158541211666, 75.09698413751944, 22.03198416925563, 52.59790344687284, 15.311765297295903, 0.0, 47.47377607772584, 85.59323624855884, 15.53541034901249, 50.380509245072155, 69.87651580399935, 28.70110067837559, 19.57189490310764, 40.61308973256629, 42.229112651589226, 13.689459121693984, 80.67387597433188, 96.18732291135642, 55.88443968709287, 58.95351885618572, 30.088717792925426, 28.993891987768762, 50.25550323667049, 66.72439213286131, 6.206405737469248, 3.279816344867385, 50.21294262661715, 23.95490858643575, 85.46269976117026, 69.62937014071086, 48.399910191617415], [12.75376169456345, 63.30993775110265, 3.4900126010711614, 11.794986901848153, 31.079027142841078, 39.09640126133703, 38.866215719788606, 23.38319006307373, 37.11785652966884, 66.31209459597599, 65.63453437707325, 55.84440540228044, 32.69987885351426, 47.47377607772584, 0.0, 43.17592900864612, 51.140975748544136, 20.172225181644098, 41.45931299547404, 31.21929231023412, 61.85012893899074, 47.174112170778876, 37.0141301266092, 40.935700761858186, 42.90536509375326, 50.308887570104574, 18.570916123921357, 23.730958728631272, 62.48551234861061, 76.4675620617851, 49.39479651129997, 21.59253660239823, 53.28716270027473, 50.546921389546156, 46.19271928944261, 38.975397207330104, 40.71087251522111, 23.54551569394533, 64.14279973225355], [52.0050660680089, 103.89738177783755, 39.855651399644415, 45.51534914539665, 60.652616139970256, 82.02424678014246, 76.10517790184582, 20.839506840792488, 17.617393805167822, 58.84818223412195, 106.20909118876557, 97.22064429574631, 72.87672580416545, 85.59323624855884, 43.17592900864612, 0.0, 92.76735182324678, 35.72287782680601, 27.694933889023368, 74.37486517534538, 102.72593239076323, 64.32717619120933, 78.98875885736443, 82.45067042758627, 11.363274148741832, 16.06178530645082, 29.709745645986875, 56.378142070640905, 89.14032881528614, 113.46268138293102, 90.56257762833107, 41.45403515296856, 91.78901932161567, 88.15117632232955, 87.02468034948674, 67.87431675277291, 7.621586020238547, 21.18681619954257, 79.09670438948228], [48.93293855052635, 13.110889987901558, 53.930728365953726, 47.433442737057234, 39.590826385166885, 15.22923882559579, 49.3301428985127, 71.94284268194367, 88.22988200395983, 89.44852715846565, 15.282125310268848, 39.40224857941096, 20.25865466590559, 15.53541034901249, 51.140975748544136, 92.76735182324678, 0.0, 59.329321364989156, 80.73261502475184, 23.578002935043916, 11.260341573279284, 55.38898642756561, 33.45666477117756, 10.32253826454194, 89.46884048781739, 101.41243299603214, 63.62210807618551, 56.14216496596522, 45.0142815743296, 31.805826996386614, 38.37991136928494, 67.09925091749359, 13.927386809919954, 16.762048266196082, 39.225814130527496, 38.16894152626398, 91.43386181498056, 74.58228917100703, 63.932089518794314], [32.91421374204561, 69.40090676478378, 17.551988702738488, 13.212417167270427, 24.95840178751531, 51.23417444586953, 58.783108408339075, 16.37370124659214, 38.72106345096937, 46.27695852091058, 71.66951669945914, 73.57208505132735, 39.07067454908374, 50.380509245072155, 20.172225181644098, 35.72287782680601, 59.329321364989156, 0.0, 22.945974097760956, 45.290054610113906, 68.43465402100085, 32.911299037443136, 54.740328478592446, 49.258743672984345, 30.360727551732417, 48.39527610821912, 7.223870179086804, 43.60847853527783, 54.76450130200826, 77.80047758743925, 67.46361990806035, 37.21940955184273, 56.58425312776633, 52.7629974125162, 64.59894880473517, 32.40677527015233, 37.028012329638194, 25.081127230606313, 49.738423186319594], [53.92717108389404, 89.63565121745232, 38.21963623969729, 36.15350428773802, 42.616461066061134, 73.86778858972455, 80.22303034911702, 22.98328056746611, 40.630288276882936, 32.25434027061312, 91.81172701433783, 96.36962399775909, 60.669112016242664, 69.87651580399935, 41.45931299547404, 27.694933889023368, 80.73261502475184, 22.945974097760956, 0.0, 68.20318957710164, 88.92737909549042, 39.568228290549115, 77.48748435793244, 71.01204804138901, 16.85484510794378, 43.71354766155757, 22.967574181037204, 63.08627591722712, 65.88356369049227, 94.99500745194022, 90.16607627844917, 52.60434677556442, 75.92563808789257, 71.74420598679501, 87.18792610924318, 47.99162029131421, 33.42933995420229, 32.932732838979625, 52.563861963015086], [26.030100813526932, 36.688887286901235, 34.520773324522246, 32.08690808862497, 35.218640075285634, 8.735522519300783, 28.620207203318493, 54.17514356305272, 67.18707774696266, 84.98173395118579, 38.84436898261379, 30.454283720629288, 16.568274073365007, 28.70110067837559, 31.21929231023412, 74.37486517534538, 23.578002935043916, 45.290054610113906, 68.20318957710164, 0.0, 34.81468875957045, 55.00453004545159, 14.546451456218163, 15.815301406961696, 73.24639621334032, 80.86497973372616, 47.39857039772543, 32.56662053356833, 56.01144036902649, 54.33524940951364, 25.667033004059356, 44.08201628991735, 32.14846745289624, 31.83061514433717, 24.22113274298138, 38.76191261157253, 71.7925496188591, 54.48786346987773, 68.547330183488], [60.15214043955247, 2.089936430136139, 64.50017200009358, 57.21463118224088, 46.652572436191996, 26.34072724134266, 59.682788169403885, 81.89188344529518, 98.96682642466438, 94.41331420896952, 4.030758820573247, 46.77258156139433, 29.855509077935707, 19.57189490310764, 61.85012893899074, 102.72593239076323, 11.260341573279284, 68.43465402100085, 88.92737909549042, 34.81468875957045, 0.0, 59.792931537511244, 43.82755981096552, 20.961734174877012, 98.77460557628038, 111.97172162182257, 73.25666750516945, 67.36470633090687, 44.33774701434834, 22.377922607571364, 46.985948802446906, 78.31365003788177, 14.422252530340463, 18.782777768949344, 48.40560315502755, 43.49144578058195, 101.77021142914195, 85.13299451768614, 65.58201689413775], [57.68599285607714, 59.757247333428786, 46.3019579102681, 35.40314424879572, 19.967452469042524, 56.02848600611522, 79.04590241266274, 48.45047441338231, 71.11295729827427, 34.65502743286183, 61.519764030235955, 85.23515178558911, 39.99462238197285, 40.61308973256629, 47.174112170778876, 64.32717619120933, 55.38898642756561, 32.911299037443136, 39.568228290549115, 55.00453004545159, 59.792931537511244, 0.0, 68.89205936764012, 48.590930269498664, 55.26027267802544, 79.10805169518488, 40.03484136555013, 69.7264123096968, 26.605842239409334, 59.22387898617157, 80.6693841703532, 67.9986354796759, 45.387286227744944, 41.010183775998485, 79.02419256019354, 17.413616475009633, 67.71992732824268, 57.93364291177894, 17.098909789580564], [27.072550850494295, 45.885920662854346, 40.50059043880124, 41.843510759436406, 48.94436060619794, 19.055248405565504, 15.884044201984448, 60.2528221143959, 68.79004518370355, 97.37534512358039, 47.72546949010522, 18.907038334651737, 31.111465003437903, 42.229112651589226, 37.0141301266092, 78.98875885736443, 33.45666477117756, 54.740328478592446, 77.48748435793244, 14.546451456218163, 43.82755981096552, 68.89205936764012, 0.0, 28.636735131085416, 79.85114505363102, 82.75551206755839, 55.201718586320354, 27.76502800697148, 70.43758765962947, 65.26136950030372, 12.743683694525085, 42.6039824637212, 44.726105057207164, 45.17170792235762, 10.2737473834227, 53.090266453335104, 75.11976795571752, 58.00603450438165, 82.9224947479032], [39.56425963612656, 22.529507615553282, 43.665629198205444, 37.16784371516426, 31.04539151678033, 9.859234015816988, 43.93105067905741, 61.63064765069018, 78.05041206859246, 81.74097211621948, 24.83306696796024, 39.43109787960864, 10.349927064276377, 13.689459121693984, 40.935700761858186, 82.45067042758627, 10.32253826454194, 49.258743672984345, 71.01204804138901, 15.815301406961696, 20.961734174877012, 48.590930269498664, 28.636735131085416, 0.0, 79.2793003959049, 91.15672666920003, 53.369734721120025, 47.785629776271605, 43.15141326416146, 38.70039280320601, 36.69500206783989, 57.65743566770752, 16.367848610147377, 16.54224385145174, 36.540477104922715, 31.186609720135145, 81.12571500272453, 64.31842471790785, 59.272136015320264], [53.65845658747108, 99.75837787344634, 39.41777936590097, 42.206078715999354, 54.39499399205337, 80.20198908499731, 79.21625179903347, 19.61168421827032, 27.273707653961097, 47.490460876416655, 102.02915376219671, 98.57400404329441, 69.24226009029282, 80.67387597433188, 42.90536509375326, 11.363274148741832, 89.46884048781739, 30.360727551732417, 16.85484510794378, 73.24639621334032, 98.77460557628038, 55.26027267802544, 79.85114505363102, 79.2793003959049, 0.0, 27.356799342146626, 26.06271921757188, 60.16799177315577, 80.93297326180212, 107.5593450056972, 92.02946700657255, 46.66988388302622, 86.86893951720215, 82.9657704087782, 88.67711002594437, 60.97924580288216, 18.248973222245493, 25.243187982801352, 69.16213983172001], [56.0096041214491, 113.34376190597962, 47.49142067624973, 55.742371887184866, 73.1004724773057, 89.14294817801448, 76.78704911396994, 32.10761569615568, 13.966103223858438, 74.82632179587104, 115.67237781143078, 99.82389378695436, 82.34109862889576, 96.18732291135642, 50.308887570104574, 16.06178530645082, 101.41243299603214, 48.39527610821912, 43.71354766155757, 80.86497973372616, 111.97172162182257, 79.10805169518488, 82.75551206755839, 91.15672666920003, 27.356799342146626, 0.0, 41.526431733831735, 57.00830606737375, 102.98811454926161, 124.7809231657746, 93.16596141581523, 41.13466058201009, 102.28458301947907, 98.98986357990715, 89.46247425611072, 80.76168833211725, 11.443125038877968, 26.841273034350817, 94.44596866948334], [30.959629577401515, 74.35829821986044, 15.267161697389543, 16.206485233292497, 31.57858972641758, 54.16192843702635, 57.256157965676934, 9.42266057752305, 31.51191842163758, 50.38754864704584, 76.6587491123279, 74.10334946417115, 43.49416338673426, 55.88443968709287, 18.570916123921357, 29.709745645986875, 63.62210807618551, 7.223870179086804, 22.967574181037204, 47.39857039772543, 73.25666750516945, 40.03484136555013, 55.201718586320354, 53.369734721120025, 26.06271921757188, 41.526431733831735, 0.0, 40.44978301170036, 61.89059364068342, 83.86511741905635, 67.75078667045575, 31.924826783050612, 62.08171994748335, 58.44803964261978, 64.63845862064225, 39.259940835186654, 30.261596667216097, 17.901333206153687, 56.751092395070046], [12.056074531734286, 69.25254019654786, 26.05663974839304, 34.75883213893001, 51.575580861889925, 41.07502795712219, 19.90245877270548, 41.46082146067274, 43.22988515247201, 89.88325070934093, 71.39544842136989, 43.06954660259548, 43.95884644115264, 58.95351885618572, 23.730958728631272, 56.378142070640905, 56.14216496596522, 43.60847853527783, 63.08627591722712, 32.56662053356833, 67.36470633090687, 69.7264123096968, 27.76502800697148, 47.785629776271605, 60.16799177315577, 57.00830606737375, 40.44978301170036, 0.0, 80.95371065888978, 86.46264968210146, 36.49258660626783, 15.87527077048977, 63.53537805970779, 62.232253386253575, 32.74469771833375, 58.642882254669495, 51.09058187942406, 35.44744597423431, 86.31536811923232], [69.43205476490537, 43.453500221261606, 62.98121819948796, 51.55573517425157, 31.676172840766096, 52.84454889642987, 84.18008703205389, 71.13169003741388, 93.32876050942633, 57.625781387823025, 44.47528604044306, 82.5330556901645, 39.59933638568391, 30.088717792925426, 62.48551234861061, 89.14032881528614, 45.0142815743296, 54.76450130200826, 65.88356369049227, 56.01144036902649, 44.33774701434834, 26.605842239409334, 70.43758765962947, 43.15141326416146, 80.93297326180212, 102.98811454926161, 61.89059364068342, 80.95371065888978, 0.0, 35.846733454444575, 79.76409890509765, 84.02544775922298, 31.4181625049417, 28.273201771817206, 79.32135706780205, 23.606873786576728, 91.55494434267887, 79.22683844535155, 23.05183768656412], [77.65452709990258, 20.324996644436666, 78.48287680853674, 69.06176863799449, 53.16500732952308, 46.6917135168484, 81.12943802253214, 93.14358213054864, 112.7616968362672, 92.74862805127846, 19.25838949941665, 69.12519426569149, 44.072019588429, 28.993891987768762, 76.4675620617851, 113.46268138293102, 31.805826996386614, 77.80047758743925, 94.99500745194022, 54.33524940951364, 22.377922607571364, 59.22387898617157, 65.26136950030372, 38.70039280320601, 107.5593450056972, 124.7809231657746, 83.86511741905635, 86.46264968210146, 35.846733454444575, 0.0, 69.309462977604, 95.42456985350809, 23.353909152724377, 25.956997565753763, 70.59354339493981, 47.007823845916285, 113.86646186755556, 98.41653095763165, 58.88971088077318], [38.60839892316084, 49.06690372572634, 52.862195871411465, 54.58715532318938, 60.841860273262405, 26.920887722394035, 18.478542010507464, 72.41949634512844, 79.2460649855835, 109.92805806817016, 50.482191818943186, 6.681224350753117, 41.611538517731894, 50.25550323667049, 49.39479651129997, 90.56257762833107, 38.37991136928494, 67.46361990806035, 90.16607627844917, 25.667033004059356, 46.985948802446906, 80.6693841703532, 12.743683694525085, 36.69500206783989, 92.02946700657255, 93.16596141581523, 67.75078667045575, 36.49258660626783, 79.76409890509765, 69.309462977604, 0.0, 52.2238460898914, 51.44411663848484, 52.82712931814622, 3.754350317811903, 64.31727448187817, 86.243319612093, 69.41885309370933, 93.99187452947453], [18.167029170356823, 80.03743867936403, 21.755512038427774, 33.115657648027394, 52.67054371159688, 52.81374226878676, 35.68910613161591, 29.720639667451795, 27.39695097897351, 82.24511444713646, 82.29457221776126, 58.84418541647933, 51.433212233177166, 66.72439213286131, 21.59253660239823, 41.45403515296856, 67.09925091749359, 37.21940955184273, 52.60434677556442, 44.08201628991735, 78.31365003788177, 67.9986354796759, 42.6039824637212, 57.65743566770752, 46.66988388302622, 41.13466058201009, 31.924826783050612, 15.87527077048977, 84.02544775922298, 95.42456985350809, 52.2238460898914, 0.0, 72.07646409548775, 69.94506781251924, 48.49153882267788, 60.55805587089127, 35.6442436432515, 21.426815184445182, 85.0847428564833], [54.36737366003804, 14.414239266491203, 55.446430219106816, 46.61312699198981, 33.32099805685467, 25.674836718347834, 60.22620537486157, 71.13450634245135, 89.91161248578797, 80.02421616266074, 16.32071274989237, 53.028339291031045, 20.73366490450882, 6.206405737469248, 53.28716270027473, 91.78901932161567, 13.927386809919954, 56.58425312776633, 75.92563808789257, 32.14846745289624, 14.422252530340463, 45.387286227744944, 44.726105057207164, 16.367848610147377, 86.86893951720215, 102.28458301947907, 62.08171994748335, 63.53537805970779, 31.4181625049417, 23.353909152724377, 51.44411663848484, 72.07646409548775, 0.0, 4.410750419532084, 51.84651279101632, 29.35021980912017, 91.60434495591154, 75.6705253911258, 51.586927754353496], [52.53122379322976, 18.823715296267604, 52.52663550408497, 43.24902118015703, 29.128357691250354, 26.32637738950254, 60.32302451882102, 67.59753418010216, 86.8326749313733, 75.63626182160887, 20.72526957669848, 54.907621434136836, 18.561525210189924, 3.279816344867385, 50.546921389546156, 88.15117632232955, 16.762048266196082, 52.7629974125162, 71.74420598679501, 31.83061514433717, 18.782777768949344, 41.010183775998485, 45.17170792235762, 16.54224385145174, 82.9657704087782, 98.98986357990715, 58.44803964261978, 62.232253386253575, 28.273201771817206, 25.956997565753763, 52.82712931814622, 69.94506781251924, 4.410750419532084, 0.0, 52.92593279372695, 24.95172252678152, 88.19078176775716, 72.51331776908236, 47.65036896034106], [35.139024671359415, 50.495059798554415, 49.64184534588172, 51.859026270062664, 59.105652696116984, 26.68192293425641, 14.896075489137138, 69.07708760653055, 75.55165538500557, 107.63038569869273, 52.03314631103299, 10.361821904298555, 40.565528473192416, 50.21294262661715, 46.19271928944261, 87.02468034948674, 39.225814130527496, 64.59894880473517, 87.18792610924318, 24.22113274298138, 48.40560315502755, 79.02419256019354, 10.2737473834227, 36.540477104922715, 88.67711002594437, 89.46247425611072, 64.63845862064225, 32.74469771833375, 79.32135706780205, 70.59354339493981, 3.754350317811903, 48.49153882267788, 51.84651279101632, 52.92593279372695, 0.0, 62.98041476774322, 82.6239813566297, 65.86218865288744, 92.76635324400144], [46.790174610582184, 43.71973683655952, 39.37942297630571, 27.949828879767715, 8.088527232457723, 38.89865549892481, 64.76257045241458, 48.66147354026323, 70.3475007887501, 51.31939679773792, 45.67050778310588, 68.51420755478641, 22.957312878154596, 23.95490858643575, 38.975397207330104, 67.87431675277291, 38.16894152626398, 32.40677527015233, 47.99162029131421, 38.76191261157253, 43.49144578058195, 17.413616475009633, 53.090266453335104, 31.186609720135145, 60.97924580288216, 80.76168833211725, 39.259940835186654, 58.642882254669495, 23.606873786576728, 47.007823845916285, 64.31727448187817, 60.55805587089127, 29.35021980912017, 24.95172252678152, 62.98041476774322, 0.0, 69.42513803285536, 56.07142048912006, 29.837357541298857], [48.05530260940076, 103.06575974494838, 37.63710523746841, 44.99136061804559, 61.8311246337785, 79.8044978901663, 70.97354161582041, 20.845787616992702, 10.120997803233529, 65.28734533830573, 105.39168048972894, 92.92382495561674, 71.98247819617966, 85.46269976117026, 40.71087251522111, 7.621586020238547, 91.43386181498056, 37.028012329638194, 33.42933995420229, 71.7925496188591, 101.77021142914195, 67.71992732824268, 75.11976795571752, 81.12571500272453, 18.248973222245493, 11.443125038877968, 30.261596667216097, 51.09058187942406, 91.55494434267887, 113.86646186755556, 86.243319612093, 35.6442436432515, 91.60434495591154, 88.19078176775716, 82.6239813566297, 69.42513803285536, 0.0, 17.33606352164169, 83.20876076721713], [30.946195498271617, 86.51437823416772, 20.653199795914507, 29.44621586058953, 48.09379388837192, 62.5754934348117, 55.019084679786516, 10.61420310808044, 14.426406608729202, 64.4129929628062, 88.84295983617012, 76.0854623947962, 55.54977672125388, 69.62937014071086, 23.54551569394533, 21.18681619954257, 74.58228917100703, 25.081127230606313, 32.932732838979625, 54.48786346987773, 85.13299451768614, 57.93364291177894, 58.00603450438165, 64.31842471790785, 25.243187982801352, 26.841273034350817, 17.901333206153687, 35.44744597423431, 79.22683844535155, 98.41653095763165, 69.41885309370933, 21.426815184445182, 75.6705253911258, 72.51331776908236, 65.86218865288744, 56.07142048912006, 17.33606352164169, 0.0, 74.59010840548825], [74.25964474340091, 65.01081486664732, 63.36869657894737, 52.3498988854948, 35.204162149778746, 67.9577784816226, 94.33600990653663, 64.78186956782963, 87.36890244679961, 36.16055717621808, 66.32336936311478, 97.91649094156578, 52.404599943314096, 48.399910191617415, 64.14279973225355, 79.09670438948228, 63.932089518794314, 49.738423186319594, 52.563861963015086, 68.547330183488, 65.58201689413775, 17.098909789580564, 82.9224947479032, 59.272136015320264, 69.16213983172001, 94.44596866948334, 56.751092395070046, 86.31536811923232, 23.05183768656412, 58.88971088077318, 93.99187452947453, 85.0847428564833, 51.586927754353496, 47.65036896034106, 92.76635324400144, 29.837357541298857, 83.20876076721713, 74.59010840548825, 0.0]]",Route_2,2061.5411887893392
