instance_id,num_cities,city_coordinates,distance_matrix,best_route,total_distance
1964,52,"[[9.401216510274402, 60.73098404547146], [33.09192991542096, 71.37044679057274], [57.594579596015436, 92.30000932319807], [58.17717435160977, 93.9051429010116], [6.404923722793166, 88.63589942817367], [52.58401781225726, 70.89815907696834], [27.82126393214054, 86.30277959348162], [37.00950439346406, 92.5416196135894], [20.162089893508362, 2.2700864968404066], [70.29936484757484, 71.02031237894383], [92.56629006888414, 53.81983076892305], [32.468715266980375, 12.309502759751112], [26.979054921909164, 88.86457535321054], [18.747507954828713, 5.982183552518572], [73.29109977986444, 37.62502476194428], [30.90646715284764, 55.05729885865003], [31.476095632628798, 11.592454119764085], [27.50173465130651, 6.865332986425221], [73.3009765364086, 62.72655399036492], [50.114271271567304, 90.34101822097503], [63.86875606373638, 90.21501113483811], [74.78123565184738, 74.80885699332735], [93.33900391822033, 76.5397423569536], [74.22172441343517, 71.16307546928974], [23.084465587701374, 91.51848200337398], [42.88668239421987, 9.282124726350716], [63.14332745601598, 32.823498547767805], [67.8281363559417, 66.9888200500483], [11.423102441068501, 78.17343068867898], [51.48265224631968, 63.455401838873335], [26.909284684337354, 87.24759037035405], [50.59688337255337, 61.33766657965104], [28.71739462174039, 53.24265141271485], [55.29131836815978, 15.715637590171472], [75.61069567805038, 82.36888182038258], [61.15079511019717, 99.8139797015673], [64.70397754156384, 64.88028607136084], [4.657393856362935, 28.663682735042606], [4.824377077499675, 21.97203263101455], [75.68165818948863, 47.12213090684565], [71.74353664806148, 27.36686903420067], [12.881748852573317, 21.90552367285512], [58.10496986824276, 32.99395511727145], [42.72409713179791, 34.02223572924752], [60.38716358827205, 76.67004119605359], [45.264061824995714, 31.19011452467427], [58.74985190446108, 28.368066389640457], [59.440682266021426, 31.864021919913633], [76.9913880398983, 88.97657269312786], [78.62758300161678, 50.08712724404805], [3.7101263853488997, 89.16523527294386], [88.3032894732384, 16.83576822757219]]","[[0.0, 25.970138027149357, 57.61252990886451, 58.98829442450712, 28.06531797404196, 44.36356361258218, 31.515311747990523, 42.12047121161737, 59.443022619661, 61.76127223807687, 83.451743538532, 53.635336754736585, 33.173473786994855, 55.54083470009888, 67.93969781073402, 22.241099541143498, 53.86924365095724, 56.82549710287417, 63.930912951423586, 50.341900558784275, 61.93561752670632, 66.87849736416348, 85.41351763211946, 65.6546020953492, 33.69126497807344, 61.38616742152546, 60.556108161843895, 58.76108809503283, 17.559241658405536, 42.169535045099956, 31.775192559234622, 41.200133882369215, 20.71689799300767, 64.28283491740065, 69.65553640440697, 64.84982216416628, 55.458201241889874, 32.41628705921756, 39.02824328536494, 67.6631201833052, 70.7087621914543, 38.98115542837834, 56.04817896165422, 42.705639083564854, 53.419288111036266, 46.46295993705516, 59.01394965994457, 57.768933134332414, 73.25465558895623, 70.03985654756055, 28.998192179462503, 90.29023806344098], [25.970138027149357, 0.0, 32.22462457775126, 33.72064674962759, 31.78509327195054, 19.497808755406687, 15.83522916929647, 21.530581703545632, 70.29964833280373, 37.2090823366644, 62.009867266453945, 59.06423203860248, 18.531372719051372, 66.94316552623268, 52.48549100161514, 16.458889480623807, 59.79982715845172, 64.74689173988935, 41.127658733633766, 25.4880890935583, 36.08781834759188, 41.830860348642645, 60.46843426575049, 41.13031726492965, 22.496503399569864, 62.856160500554736, 48.87692413579605, 35.0114651331782, 22.71164181716383, 20.021653389259317, 17.03845034932554, 20.176225472001295, 18.648150693758964, 59.918867102179625, 43.91823101039357, 39.954154733612555, 32.27140748834372, 51.306827391572284, 56.914478517543415, 49.008833669614404, 58.56843482948631, 53.43435259863078, 45.808375662453074, 38.57029316411197, 27.80495427290158, 41.98356697830819, 50.075280138429115, 47.486991444966336, 47.298394189648356, 50.26405666980984, 34.35032570168852, 77.60364289253688], [57.61252990886451, 32.22462457775126, 0.0, 1.7075920039255559, 51.32062518853151, 21.980557848946905, 30.371320189476997, 20.586493062858434, 97.50168352109729, 24.783806614956156, 51.99754489364899, 83.84384413037088, 30.807670435022416, 94.6565476914982, 56.88351855023843, 45.81784399691155, 84.82856047028636, 90.57959614413959, 33.485521724653914, 7.732571290805993, 6.611543525801487, 24.52185874292988, 39.06468846635193, 26.89297152647777, 34.51896223553753, 84.31068380124817, 59.73477995969963, 27.301684680250855, 48.28421612273557, 29.48503072497503, 31.098460751164424, 31.74325787635438, 48.573336502510124, 76.61899898867217, 20.572013322923357, 8.313027103908492, 28.326396917989957, 82.77637160246184, 87.9245049998092, 48.663981652236366, 66.45679569051808, 83.39436937268631, 59.30825038480136, 60.14507580663908, 15.877481822044711, 62.3414862734927, 63.942380166571276, 60.464176736958535, 19.67946668085235, 47.162640359592494, 53.975560267204806, 81.47316457866481], [58.98829442450712, 33.72064674962759, 1.7075920039255559, 0.0, 52.039704668157434, 23.677092404970043, 31.29340545952963, 21.211540425257354, 99.20751084747677, 25.897161436038324, 52.81518274647029, 85.54982968170155, 31.60268939748337, 96.35945917634761, 58.274200462968324, 47.46415971931099, 86.53511621969274, 92.28711237639995, 34.65304891324897, 8.815519883308307, 6.783153753051506, 25.305394427474713, 39.21621341393045, 27.83216157173937, 35.17377373312118, 85.99333898208623, 61.28319470746089, 28.59422150411421, 49.32980852737744, 31.176968373616557, 31.968796191648913, 33.43802214948642, 50.212715877238, 78.24274346871479, 20.904855549845237, 6.6148902297395145, 29.7496466174326, 84.38492180980629, 89.55944020642295, 49.95054720097506, 67.90720193862592, 85.06245199932977, 60.91123057953659, 61.84464541820563, 17.376213143444392, 64.03064312787896, 65.5395785555328, 62.05398572888784, 19.449047303213145, 48.35532762856834, 54.672900403047734, 82.74824061499196], [28.06531797404196, 31.78509327195054, 51.32062518853151, 52.039704668157434, 0.0, 49.468537108856935, 21.543051690174785, 30.852795792186594, 87.45463546512971, 66.27826577194959, 92.92975673868382, 80.65382853928405, 20.575401995517115, 83.57018687054858, 84.11818995765005, 41.56739162688055, 81.02009704957425, 84.44821470912123, 71.73824686356453, 43.742593581509226, 57.4855253180325, 69.7603550414873, 87.7715860362372, 70.03155026852119, 16.926795299940096, 87.33808032689919, 79.58813071199324, 65.12608613896461, 11.60367914816052, 51.633894562443345, 20.551307026107153, 51.94345785888916, 41.839315992259564, 87.79091164776301, 69.48895150755571, 55.87539630789757, 62.9532274162517, 59.99767191918312, 66.68260090943757, 80.76297985594289, 89.5713593980555, 67.04395805893144, 75.95341162936107, 65.58761026087748, 55.292530997642835, 69.3545298969373, 79.82608098550553, 77.6906542646443, 70.58728641238031, 81.8664787944899, 2.7462937072453255, 108.91556891931147], [44.36356361258218, 19.497808755406687, 21.980557848946905, 23.677092404970043, 49.468537108856935, 0.0, 29.16326992957095, 26.664674238258428, 75.90121050439087, 17.71576817445179, 43.47702143202104, 61.945589395412334, 31.27948590414049, 73.20514515812955, 39.19036502456738, 26.848632275175028, 62.95006766646254, 68.77007885489047, 22.270327982982046, 19.599092317475687, 22.371546455934233, 22.53907802043448, 41.14360648268759, 21.639328262531134, 35.991961589201416, 62.37446595608185, 39.51175514409145, 15.737410263486932, 41.7989297855618, 7.523804982523709, 30.43839392620852, 9.764820534588315, 29.68724731935636, 55.24889278474989, 25.725578201301666, 30.158155707312105, 13.531748569628125, 63.88045300157465, 68.37213710363729, 33.14815992694582, 47.56112251416172, 63.059880148850986, 38.304171958453715, 38.171347350754225, 9.705859426055662, 40.377104376396495, 42.9747169164066, 39.63177653130467, 30.37348778632576, 33.33716145269781, 52.176080113005824, 64.7966702257442], [31.515311747990523, 15.83522916929647, 30.371320189476997, 31.29340545952963, 21.543051690174785, 29.16326992957095, 0.0, 11.106164395127657, 84.38101952470323, 45.143580513127695, 72.43659554249153, 74.13908429770889, 2.696685656779448, 80.8314987855067, 66.61103352642273, 31.397428959451336, 74.79966929838461, 79.4380892419389, 51.22736253464426, 22.655806042785493, 36.25916773190814, 48.34613945967148, 66.24115902492491, 48.807923269119506, 7.045623477339573, 78.48024024937268, 64.09119809108843, 44.424980296896926, 18.30262314268897, 32.89170058261115, 1.3131540475199195, 33.79327904610388, 33.072271248609034, 75.74396680207164, 47.95107233718729, 35.96401224710313, 42.652758315260755, 62.11948457242718, 68.31765371962153, 61.852571247882544, 73.50243257187681, 66.10745556228345, 61.310142817153, 54.36312816714023, 33.96067533849277, 57.807067468584926, 65.67349958676557, 62.95526946026377, 49.242768751482856, 62.392752243225004, 24.280457292176173, 92.10722600135888], [42.12047121161737, 21.530581703545632, 20.586493062858434, 21.211540425257354, 30.852795792186594, 26.664674238258428, 11.106164395127657, 0.0, 91.83019692117418, 39.64065431021764, 67.71951982933348, 80.360508589351, 10.683191053903375, 88.4648884311473, 65.81934786886151, 37.97790628799236, 81.13806755562526, 86.20222604834449, 46.96817101420175, 13.288248997464192, 26.959831366320216, 41.727144071959856, 58.558283721826704, 42.91609801163787, 13.962575561529976, 83.46666825823763, 65.18612345811718, 40.03415593681418, 29.344655694887102, 32.488152813122944, 11.403560137117827, 34.033858912348286, 40.16426254918251, 78.97123676420368, 39.91912527596967, 25.212876446749156, 39.14247330311715, 71.60342084051864, 77.56254912801691, 59.65287447898383, 73.85256332551324, 74.64319551834313, 63.173910837968755, 58.79774536806654, 28.256361246497736, 61.90432048787575, 67.75608934469228, 64.69102412719924, 40.14051045343218, 59.45122697968331, 33.47011423558486, 91.44631387809902], [59.443022619661, 70.29964833280373, 97.50168352109729, 99.20751084747677, 87.45463546512971, 75.90121050439087, 84.38101952470323, 91.83019692117418, 0.0, 85.090186852891, 88.88050594789053, 15.882156874397793, 86.86239987759059, 3.972493752293788, 63.817422003978095, 53.86957797887221, 14.659920325901702, 8.65948471161624, 80.49053196148344, 93.02484713269527, 98.20683498259605, 90.80266685793258, 104.26333261391433, 87.57104552297001, 89.29622825286997, 23.781837280906363, 52.73421821131391, 80.3776489957872, 76.40476137780038, 68.73587447323524, 85.24494590366291, 66.44739024936472, 51.685545494808736, 37.61443256819962, 97.41850386724407, 105.80588384809126, 76.83760047016875, 30.61074193137949, 24.96822212133368, 71.37316268408665, 57.362828931463525, 20.941675166173884, 48.8223129704299, 38.95180549727678, 84.5778328700502, 38.29460818418012, 46.58454605874057, 49.179353722787674, 103.6705545288452, 75.52935369903803, 88.43887145421387, 69.68057236020363], [61.76127223807687, 37.2090823366644, 24.783806614956156, 25.897161436038324, 66.27826577194959, 17.71576817445179, 45.143580513127695, 39.64065431021764, 85.090186852891, 0.0, 28.136675824056468, 69.84351948341967, 46.85154184389787, 82.99127755573392, 33.52902791503514, 42.5043314197074, 70.9853264401125, 77.1200267846882, 8.820209801284008, 27.941504556957543, 20.243250471708087, 5.868580424716446, 23.691540173398757, 3.9249567977063355, 51.47253316159902, 67.55041801436373, 38.86136201940056, 4.728625662473491, 59.30920144895613, 20.28044734707556, 46.3251940911496, 21.953163916577633, 45.22284242827251, 57.304873375832145, 12.529974603243117, 30.212110256080713, 8.307122375532943, 78.12139547141818, 81.80897120562403, 24.496778549265336, 43.67732533067955, 75.5582232201975, 39.93378413704746, 46.14383019834366, 11.409258061408032, 47.04477716540507, 44.188294119089925, 40.63405062160147, 19.16273620538924, 22.52903587624503, 69.01713487104776, 57.097339051995384], [83.451743538532, 62.009867266453945, 51.99754489364899, 52.81518274647029, 92.92975673868382, 43.47702143202104, 72.43659554249153, 67.71951982933348, 88.88050594789053, 28.136675824056468, 0.0, 73.03989203510272, 74.3627563851861, 87.96393058523228, 25.1754781937026, 61.672239211091345, 74.26414474650213, 80.23790397121316, 21.224561810505236, 55.999741364364006, 46.34822123711008, 27.510859355274427, 22.733047953604476, 25.24502378338898, 79.05006159473032, 66.72084140838712, 36.14632340445373, 28.02496258358894, 84.71903403282187, 42.19845407807865, 73.67670912871631, 42.637412605821645, 63.85150417828485, 53.30434366065697, 33.204525250111864, 55.69914774516346, 29.977360305191883, 91.43744209680372, 93.3430529906787, 18.164525238639488, 33.66520822099677, 85.8379234736959, 40.26536584496891, 53.63011249412697, 39.46679994146188, 52.43667470513489, 42.32426963512503, 39.74120575074842, 38.45223109180595, 14.429852054394155, 95.62800554287463, 37.228941109586074], [53.635336754736585, 59.06423203860248, 83.84384413037088, 85.54982968170155, 80.65382853928405, 61.945589395412334, 74.13908429770889, 80.360508589351, 15.882156874397793, 69.84351948341967, 73.03989203510272, 0.0, 76.75164825913572, 15.109814639937118, 48.03480749999195, 42.776333298719614, 1.224521331217837, 7.369523794471066, 64.8779825146034, 80.0017690547293, 83.99542128722666, 75.47528510005, 88.49133132233523, 72.15993897905463, 79.76293960768827, 10.848919615397561, 36.901976317515825, 65.11617617059125, 69.14459358073623, 54.56585738413759, 75.14402333610856, 52.272280669728374, 41.1046842249035, 23.075375767188852, 82.27725729598913, 92.08526043289179, 61.666841916117356, 32.26342823180595, 29.28436301932209, 55.49123817803884, 42.062285644491034, 21.811301444064256, 32.94031146348309, 24.012822203936892, 70.15496179515318, 22.807858166813247, 30.79895467078608, 33.31465478408147, 88.65725014353653, 59.64721269447727, 82.0601002595179, 56.017736083131055], [33.173473786994855, 18.531372719051372, 30.807670435022416, 31.60268939748337, 20.575401995517115, 31.27948590414049, 2.696685656779448, 10.683191053903375, 86.86239987759059, 46.85154184389787, 74.3627563851861, 76.75164825913572, 0.0, 83.29015089477664, 69.06733702496568, 34.03463692786202, 77.40286877803894, 82.00090818293614, 53.18756041429616, 23.18228028230316, 36.914410832812, 49.82581360248956, 67.49477268039831, 50.45010325882406, 4.712859704033931, 81.15675609321997, 66.69675327506343, 46.33784764194439, 18.87559884676813, 35.29946714213337, 1.618489518296069, 36.27027057180475, 35.66431395855624, 78.43692598075769, 49.06353551372748, 35.883105817078764, 44.703645477906875, 64.20595007278772, 70.465892616431, 64.1433958673619, 76.0646219126225, 68.42695843266046, 63.955834657949076, 57.05776520002586, 35.564144696218676, 60.503594185042324, 68.33162618938499, 65.59588662050504, 50.012458520941166, 64.58529967925469, 23.270870882433314, 94.59815431206283], [55.54083470009888, 66.94316552623268, 94.6565476914982, 96.35945917634761, 83.57018687054858, 73.20514515812955, 80.8314987855067, 88.4648884311473, 3.972493752293788, 82.99127755573392, 87.96393058523228, 15.109814639937118, 83.29015089477664, 0.0, 63.05769428849293, 50.558948081315805, 13.910143065732482, 8.798661146784447, 78.71470326863307, 90.00159347249507, 95.55676989841365, 88.75184289101477, 102.67551010098745, 85.59168979966529, 85.64617652985532, 24.363689260169693, 51.87913819500273, 78.2989002540257, 72.56185691673132, 66.14197224135154, 81.67423672524065, 63.864013463501614, 48.300625901904304, 37.817855664072034, 95.22788347071484, 102.96817338448454, 74.7059808663039, 26.701717556640855, 21.20209534410012, 70.24238557494776, 57.14791186390292, 16.96938096789661, 47.735161163781875, 36.893378194939515, 82.0404420972024, 36.58643755610042, 45.84010549575598, 48.22659010128207, 101.3923971320673, 74.36981542024934, 84.53131335776747, 70.39749315803297], [67.93969781073402, 52.48549100161514, 56.88351855023843, 58.274200462968324, 84.11818995765005, 39.19036502456738, 66.61103352642273, 65.81934786886151, 63.817422003978095, 33.52902791503514, 25.1754781937026, 48.03480749999195, 69.06733702496568, 63.05769428849293, 0.0, 45.82948028409067, 49.25636310237933, 55.161803786690406, 25.101531171535644, 57.58594747050349, 53.42740146971417, 37.21367872608959, 43.7752636295892, 33.55095985895312, 73.65603064474415, 41.56619514687549, 11.226394662672812, 29.867648770748556, 73.97176703251392, 33.80557296896055, 67.92401481888858, 32.8225050889892, 47.23055635630639, 28.35512964371335, 44.803942567555815, 63.36286857422735, 28.57600282369975, 69.216264271606, 70.23324198877238, 9.79335461613375, 10.374233011724524, 62.42108933642927, 15.87656599351575, 30.77859223065646, 41.122072875483234, 28.75626760004459, 17.237725142271195, 15.000773948488607, 51.4846929498078, 13.556623895738243, 86.59044495812705, 25.64291377050931], [22.241099541143498, 16.458889480623807, 45.81784399691155, 47.46415971931099, 41.56739162688055, 26.848632275175028, 31.397428959451336, 37.97790628799236, 53.86957797887221, 42.5043314197074, 61.672239211091345, 42.776333298719614, 34.03463692786202, 50.558948081315805, 45.82948028409067, 0.0, 43.46857721136544, 48.312087287103736, 43.08261714599257, 40.17313270212335, 48.193124226803604, 48.11568725050447, 66.02512419993936, 46.21263411430591, 37.29077077238083, 47.31693274158767, 39.160656767605126, 38.801686235052856, 30.231722598546682, 22.22403038756149, 32.437514320537105, 20.66774079613546, 2.843410610426741, 46.28592961318392, 52.38693169015675, 54.017403248087305, 35.19606208450684, 37.22414298549499, 42.12968388265074, 45.47289987224302, 49.33990422386002, 37.73500586688348, 35.02213138873169, 24.127375720897064, 36.55437174484937, 27.85288158883516, 38.56901870946699, 36.771313918349406, 57.221823377309555, 47.97924034132097, 43.623299709941996, 68.95854273591436], [53.86924365095724, 59.79982715845172, 84.82856047028636, 86.53511621969274, 81.02009704957425, 62.95006766646254, 74.79966929838461, 81.13806755562526, 14.659920325901702, 70.9853264401125, 74.26414474650213, 1.224521331217837, 77.40286877803894, 13.910143065732482, 49.25636310237933, 43.46857721136544, 0.0, 6.1758577881227135, 66.06070565920368, 80.92414929519154, 85.03405742050421, 76.62668428398025, 89.69486981380867, 73.32017258459682, 80.36534942413002, 11.642126616295974, 38.12572384703029, 66.25879732557296, 69.53523550554178, 55.58801717683297, 75.79284533076171, 53.293439431833846, 41.74145859704953, 24.16951542488166, 83.4096255790074, 93.07859778200763, 62.798767267007314, 31.79103036076984, 28.601569048096405, 56.71410489078471, 43.246953324184, 21.262858128291526, 34.16315541636126, 25.092083229067132, 71.21054830576622, 23.961976234610482, 32.01997732985671, 34.53917437711246, 89.77718891954498, 60.86955413056106, 82.3922655598207, 57.06857543895201], [56.82549710287417, 64.74689173988935, 90.57959614413959, 92.28711237639995, 84.44821470912123, 68.77007885489047, 79.4380892419389, 86.20222604834449, 8.65948471161624, 77.1200267846882, 80.23790397121316, 7.369523794471066, 82.00090818293614, 8.798661146784447, 55.161803786690406, 48.312087287103736, 6.1758577881227135, 0.0, 72.23604757530053, 86.48419993143413, 90.93805085802174, 82.77483717493277, 95.85963355686317, 79.47928743871681, 84.76831899044605, 15.573615487944567, 44.09251066753616, 72.39511289536922, 73.09833932221902, 61.4615351372192, 80.38444065302403, 59.16604618823357, 46.393248361988825, 29.164856501191437, 89.52797338036055, 98.85196101212344, 68.91836952157954, 31.57581286552368, 27.248392992654253, 62.78467019066551, 48.76115281900448, 20.975016582575876, 40.24006585729793, 31.13226117824694, 77.16313060393266, 30.119682327486785, 37.93168036979966, 40.55897956222296, 95.87221432038865, 66.94756058578386, 85.66979946428788, 61.613623880293666], [63.930912951423586, 41.127658733633766, 33.485521724653914, 34.65304891324897, 71.73824686356453, 22.270327982982046, 51.22736253464426, 46.96817101420175, 80.49053196148344, 8.820209801284008, 21.224561810505236, 64.8779825146034, 53.18756041429616, 78.71470326863307, 25.101531171535644, 43.08261714599257, 66.06070565920368, 72.23604757530053, 0.0, 36.05803566172545, 29.061694018563955, 12.172641985379947, 24.33776313068022, 8.48661718928153, 57.88499883880044, 61.492571157203976, 31.581174133388988, 6.936778186194361, 63.776777139423395, 21.830494589306937, 52.473519970040925, 22.74653500277915, 45.5811384724459, 50.34256696001058, 19.77766025330481, 39.026965736190775, 8.86267192183445, 76.63041590197021, 79.68673468454828, 15.784982258551352, 35.39396755387849, 72.91666195112185, 33.39080793283115, 41.93904434962274, 19.00493094737949, 42.19734115685739, 37.31274444829281, 33.83199141436049, 26.508161365143632, 13.715970432700267, 74.44387343971991, 48.28077890197206], [50.341900558784275, 25.4880890935583, 7.732571290805993, 8.815519883308307, 43.742593581509226, 19.599092317475687, 22.655806042785493, 13.288248997464192, 93.02484713269527, 27.941504556957543, 55.999741364364006, 80.0017690547293, 23.18228028230316, 90.00159347249507, 57.58594747050349, 40.17313270212335, 80.92414929519154, 86.48419993143413, 36.05803566172545, 0.0, 13.755061965827963, 29.14973694803519, 45.37458239862327, 30.80523957339519, 27.05543967978366, 81.38047834433516, 58.97475200808648, 29.310513056609086, 40.55929895629667, 26.920416689523943, 23.41026907962656, 29.007366665561165, 42.826570609939445, 74.80474083193289, 26.713715883514908, 14.544478596822588, 29.344648756445764, 76.6186753799958, 82.0091013650928, 50.215171955118386, 66.58504776993799, 77.90813590201371, 57.901095936804786, 56.8015839142416, 17.100524242447694, 59.34942240464231, 62.571718943594036, 59.21605389108449, 26.91172824953762, 49.32934911994381, 46.41903842349635, 82.83370623001372], [61.93561752670632, 36.08781834759188, 6.611543525801487, 6.783153753051506, 57.4855253180325, 22.371546455934233, 36.25916773190814, 26.959831366320216, 98.20683498259605, 20.243250471708087, 46.34822123711008, 83.99542128722666, 36.914410832812, 95.55676989841365, 53.42740146971417, 48.193124226803604, 85.03405742050421, 90.93805085802174, 29.061694018563955, 13.755061965827963, 0.0, 18.87940137273765, 32.48859007024003, 21.68317795559634, 40.80511470316829, 83.60848950843533, 57.39609711205761, 23.5612530355555, 53.81028009172762, 29.487154109010056, 37.078404909571105, 31.781183635760975, 51.01542506583596, 74.99152682783085, 14.12214187456544, 9.976347492445266, 25.348488889064125, 85.4081462287541, 90.24047210062498, 44.682669828208624, 63.339570055007314, 85.24001983616618, 57.51061191704419, 60.039358833444844, 13.985267133944424, 61.88758411472822, 62.05842210455706, 58.51876434032285, 13.180940776579378, 42.755935706461074, 60.167788343444855, 77.34054378256987], [66.87849736416348, 41.830860348642645, 24.52185874292988, 25.305394427474713, 69.7603550414873, 22.53907802043448, 48.34613945967148, 41.727144071959856, 90.80266685793258, 5.868580424716446, 27.510859355274427, 75.47528510005, 49.82581360248956, 88.75184289101477, 37.21367872608959, 48.11568725050447, 76.62668428398025, 82.77483717493277, 12.172641985379947, 29.14973694803519, 18.87940137273765, 0.0, 18.638313420758173, 3.6884652291872855, 54.3301721241665, 72.87671211773811, 43.56846601587802, 10.464156325904794, 63.44740656722112, 25.917656773877713, 49.461558583009115, 27.683133246266, 50.86235025627709, 62.22431562624457, 7.605391464005001, 28.47885304947513, 14.146648068492912, 83.94480505359219, 87.66807896997162, 27.701363903861466, 47.539140050610115, 81.42671025179939, 45.01759499784063, 51.876860007455434, 14.51390082672048, 52.66743059302644, 49.129953152343376, 45.60253762309814, 14.339070462508406, 25.01915885339632, 72.50660776562376, 59.529194187312186], [85.41351763211946, 60.46843426575049, 39.06468846635193, 39.21621341393045, 87.7715860362372, 41.14360648268759, 66.24115902492491, 58.558283721826704, 104.26333261391433, 23.691540173398757, 22.733047953604476, 88.49133132233523, 67.49477268039831, 102.67551010098745, 43.7752636295892, 66.02512419993936, 89.69486981380867, 95.85963355686317, 24.33776313068022, 45.37458239862327, 32.48859007024003, 18.638313420758173, 0.0, 19.858975866972084, 71.83357708919696, 84.07748733463379, 53.130865321339314, 27.240126297296445, 81.93219057476531, 43.85378138855185, 67.28718753648874, 45.365096458391605, 68.69284412899958, 71.74397602863097, 18.662041151561716, 39.72116451266643, 30.91775632977692, 100.7796856915326, 103.98304722158495, 34.31002363178262, 53.706011557664645, 97.25362586515979, 56.014933203197195, 66.10300415892806, 32.95209794410481, 66.08924876099852, 59.30362385664774, 56.080444072818175, 20.540674130026773, 30.268246591056432, 90.51374900629287, 59.915965708759494], [65.6546020953492, 41.13031726492965, 26.89297152647777, 27.83216157173937, 70.03155026852119, 21.639328262531134, 48.807923269119506, 42.91609801163787, 87.57104552297001, 3.9249567977063355, 25.24502378338898, 72.15993897905463, 50.45010325882406, 85.59168979966529, 33.55095985895312, 46.21263411430591, 73.32017258459682, 79.47928743871681, 8.48661718928153, 30.80523957339519, 21.68317795559634, 3.6884652291872855, 19.858975866972084, 0.0, 55.03963858327858, 69.36235955614568, 39.9080698313944, 7.635599292392814, 63.188701536985484, 24.009865385176624, 49.97177776227371, 25.586554556163364, 48.90588541432195, 58.58991927283804, 11.291560439200577, 31.491641846327834, 11.404426690357745, 81.51928893601435, 85.06321480394153, 24.08523244822378, 43.86626394742758, 78.669555806459, 41.43225223804321, 48.698485612680386, 14.890323862861065, 49.35973895054206, 45.50595171031161, 41.986840996202034, 18.027526728518296, 21.531539273635826, 72.77336885201014, 56.122604952634255], [33.69126497807344, 22.496503399569864, 34.51896223553753, 35.17377373312118, 16.926795299940096, 35.991961589201416, 7.045623477339573, 13.962575561529976, 89.29622825286997, 51.47253316159902, 79.05006159473032, 79.76293960768827, 4.712859704033931, 85.64617652985532, 73.65603064474415, 37.29077077238083, 80.36534942413002, 84.76831899044605, 57.88499883880044, 27.05543967978366, 40.80511470316829, 54.3301721241665, 71.83357708919696, 55.03963858327858, 0.0, 84.58691535129165, 71.06203977538635, 51.02646753755463, 17.72223984234188, 39.924847824593094, 5.733215194198706, 40.83888774206605, 38.68810019770106, 82.36111089072504, 53.317164506497164, 38.959732100926544, 49.41434263237772, 65.50025010375244, 71.90368177431912, 68.82950428613964, 80.51791504381977, 70.35665850723593, 68.2023164365079, 60.757990937841846, 40.149314720556276, 64.27632855020916, 72.52582142458635, 69.86006798601129, 53.96681935419845, 69.29354262302593, 19.516731019873482, 99.15141313128638], [61.38616742152546, 62.856160500554736, 84.31068380124817, 85.99333898208623, 87.33808032689919, 62.37446595608185, 78.48024024937268, 83.46666825823763, 23.781837280906363, 67.55041801436373, 66.72084140838712, 10.848919615397561, 81.15675609321997, 24.363689260169693, 41.56619514687549, 47.31693274158767, 11.642126616295974, 15.573615487944567, 61.492571157203976, 81.38047834433516, 83.60848950843533, 72.87671211773811, 84.07748733463379, 69.36235955614568, 84.58691535129165, 0.0, 31.056850300043155, 62.86603861312363, 75.7361796017166, 54.85102233147871, 79.58574665520217, 52.62344189396012, 46.187624127268876, 13.973728257516363, 80.078306100481, 92.35580424941126, 59.725621909630185, 42.8616762732748, 40.12197463550462, 50.0737107188209, 34.0554843469854, 32.55220787905537, 28.17529368311525, 24.74064523013117, 69.62325852867723, 22.036604773905736, 24.81760093331234, 27.999589150847388, 86.68526970545642, 54.24444862561616, 88.97254571672896, 46.040479240701885], [60.556108161843895, 48.87692413579605, 59.73477995969963, 61.28319470746089, 79.58813071199324, 39.51175514409145, 64.09119809108843, 65.18612345811718, 52.73421821131391, 38.86136201940056, 36.14632340445373, 36.901976317515825, 66.69675327506343, 51.87913819500273, 11.226394662672812, 39.160656767605126, 38.12572384703029, 44.09251066753616, 31.581174133388988, 58.97475200808648, 57.39609711205761, 43.56846601587802, 53.130865321339314, 39.9080698313944, 71.06203977538635, 31.056850300043155, 0.0, 34.48502033902566, 68.78661222056256, 32.776284804438525, 65.38262480424854, 31.15238414134504, 40.02607469178222, 18.823733775747716, 51.08992340974969, 67.02010706024498, 32.09475432251057, 58.63368056517366, 59.319931606453366, 19.017376920122626, 10.185205142522943, 51.43372880784817, 5.041240187132421, 20.45438676332607, 43.93308254008363, 17.953720585758255, 6.2572760157904135, 3.824941411628188, 57.83542614962891, 23.19040848205352, 81.89442402700806, 29.80991797203368], [58.76108809503283, 35.0114651331782, 27.301684680250855, 28.59422150411421, 65.12608613896461, 15.737410263486932, 44.424980296896926, 40.03415593681418, 80.3776489957872, 4.728625662473491, 28.02496258358894, 65.11617617059125, 46.33784764194439, 78.2989002540257, 29.867648770748556, 38.801686235052856, 66.25879732557296, 72.39511289536922, 6.936778186194361, 29.310513056609086, 23.5612530355555, 10.464156325904794, 27.240126297296445, 7.635599292392814, 51.02646753755463, 62.86603861312363, 34.48502033902566, 0.0, 57.50324656987434, 16.723034863115267, 45.65928379873756, 18.134266318864736, 41.45608846967362, 52.783624779116806, 17.237010461835855, 33.497432621916445, 3.769122422624979, 73.88747429816591, 77.4337447935094, 21.362657669462493, 39.814938926862126, 71.07467278787962, 35.358037393855064, 41.436800879747196, 12.21041025547713, 42.31648351092669, 39.6733898460908, 36.11233625498678, 23.820714676868654, 20.057299607902948, 67.8447683666715, 54.171583900461314], [17.559241658405536, 22.71164181716383, 48.28421612273557, 49.32980852737744, 11.60367914816052, 41.7989297855618, 18.30262314268897, 29.344655694887102, 76.40476137780038, 59.30920144895613, 84.71903403282187, 69.14459358073623, 18.87559884676813, 72.56185691673132, 73.97176703251392, 30.231722598546682, 69.53523550554178, 73.09833932221902, 63.776777139423395, 40.55929895629667, 53.81028009172762, 63.44740656722112, 81.93219057476531, 63.188701536985484, 17.72223984234188, 75.7361796017166, 68.78661222056256, 57.50324656987434, 0.0, 42.677721399145845, 17.948877803369015, 42.63834032420588, 30.341989014191064, 76.32428373304185, 64.32455935142312, 54.23243291402789, 54.91410879993882, 49.96989048502868, 56.587457268018795, 71.36767619177536, 78.86609848388898, 56.286810260443744, 64.96446535911524, 54.120978233720024, 48.98713569901413, 57.902007994468, 68.70513465331882, 66.71018897258743, 66.45229833149489, 72.83737123617931, 13.427947261393694, 98.35076000872638], [42.169535045099956, 20.021653389259317, 29.48503072497503, 31.176968373616557, 51.633894562443345, 7.523804982523709, 32.89170058261115, 32.488152813122944, 68.73587447323524, 20.28044734707556, 42.19845407807865, 54.56585738413759, 35.29946714213337, 66.14197224135154, 33.80557296896055, 22.22403038756149, 55.58801717683297, 61.4615351372192, 21.830494589306937, 26.920416689523943, 29.487154109010056, 25.917656773877713, 43.85378138855185, 24.009865385176624, 39.924847824593094, 54.85102233147871, 32.776284804438525, 16.723034863115267, 42.677721399145845, 0.0, 34.20407327284, 2.2955150023222566, 24.95109668893265, 47.8914504703009, 30.65749834631707, 37.622056969734196, 13.297884705420433, 58.33582554045219, 62.43288046025789, 29.195335722963467, 41.387022564261365, 56.713509135163704, 31.17298232538272, 30.70868859021728, 15.934773785005413, 32.85908751465867, 35.83201501169429, 32.57829840520411, 36.08359410533615, 30.25818949230978, 54.251357239655974, 59.406645788567396], [31.775192559234622, 17.03845034932554, 31.098460751164424, 31.968796191648913, 20.551307026107153, 30.43839392620852, 1.3131540475199195, 11.403560137117827, 85.24494590366291, 46.3251940911496, 73.67670912871631, 75.14402333610856, 1.618489518296069, 81.67423672524065, 67.92401481888858, 32.437514320537105, 75.79284533076171, 80.38444065302403, 52.473519970040925, 23.41026907962656, 37.078404909571105, 49.461558583009115, 67.28718753648874, 49.97177776227371, 5.733215194198706, 79.58574665520217, 65.38262480424854, 45.65928379873756, 17.948877803369015, 34.20407327284, 0.0, 35.1059322971775, 34.05297542151792, 76.95687171770888, 48.945165541594776, 36.47458261677434, 43.9173668356363, 62.66754247010803, 68.91038805713113, 63.15692293394001, 74.8051531439162, 66.83081206907352, 62.58296663044875, 55.525189503683045, 35.10915724481663, 58.98591731991803, 66.93743395959127, 64.23107879307508, 50.111939259916426, 63.6842398132902, 23.27827974215349, 93.41867330189585], [41.200133882369215, 20.176225472001295, 31.74325787635438, 33.43802214948642, 51.94345785888916, 9.764820534588315, 33.79327904610388, 34.033858912348286, 66.44739024936472, 21.953163916577633, 42.637412605821645, 52.272280669728374, 36.27027057180475, 63.864013463501614, 32.8225050889892, 20.66774079613546, 53.293439431833846, 59.16604618823357, 22.74653500277915, 29.007366665561165, 31.781183635760975, 27.683133246266, 45.365096458391605, 25.586554556163364, 40.83888774206605, 52.62344189396012, 31.15238414134504, 18.134266318864736, 42.63834032420588, 2.2955150023222566, 35.1059322971775, 0.0, 23.32897980088025, 45.86291801711802, 32.680312430523244, 39.897515266263404, 14.545111163424345, 56.37398262750206, 60.37197585559687, 28.8327484309275, 40.01494758997611, 54.56487208893802, 29.321277978447355, 28.42733764769056, 18.191517201157186, 30.61558231629164, 33.96270649655918, 30.77187853213668, 38.2175222611838, 30.20421753723685, 54.52285355845838, 58.32831231887766], [20.71689799300767, 18.648150693758964, 48.573336502510124, 50.212715877238, 41.839315992259564, 29.68724731935636, 33.072271248609034, 40.16426254918251, 51.685545494808736, 45.22284242827251, 63.85150417828485, 41.1046842249035, 35.66431395855624, 48.300625901904304, 47.23055635630639, 2.843410610426741, 41.74145859704953, 46.393248361988825, 45.5811384724459, 42.826570609939445, 51.01542506583596, 50.86235025627709, 68.69284412899958, 48.90588541432195, 38.68810019770106, 46.187624127268876, 40.02607469178222, 41.45608846967362, 30.341989014191064, 24.95109668893265, 34.05297542151792, 23.32897980088025, 0.0, 45.98315115037109, 55.2025269504782, 56.75221657197803, 37.821537391986695, 34.39490279224462, 39.353880194458874, 47.3614064795767, 50.20761905696563, 35.11101325668095, 35.68808317259337, 23.782600662049738, 39.393106737778076, 27.570030444917464, 38.99606993670773, 37.42948306701152, 60.0607323516048, 50.009841400406266, 43.769801185772145, 69.82793143513847], [64.28283491740065, 59.918867102179625, 76.61899898867217, 78.24274346871479, 87.79091164776301, 55.24889278474989, 75.74396680207164, 78.97123676420368, 37.61443256819962, 57.304873375832145, 53.30434366065697, 23.075375767188852, 78.43692598075769, 37.817855664072034, 28.35512964371335, 46.28592961318392, 24.16951542488166, 29.164856501191437, 50.34256696001058, 74.80474083193289, 74.99152682783085, 62.22431562624457, 71.74397602863097, 58.58991927283804, 82.36111089072504, 13.973728257516363, 18.823733775747716, 52.783624779116806, 76.32428373304185, 47.8914504703009, 76.95687171770888, 45.86291801711802, 45.98315115037109, 0.0, 69.6816479474608, 84.30222187804928, 50.0575749811513, 52.26323932306495, 50.853265796230026, 37.44507685236564, 20.16002679789554, 42.858911281248865, 17.505910182884218, 22.205102679998742, 61.16704143128157, 18.43923290646565, 13.116608126621493, 16.672958262346242, 76.40718314345774, 41.54492204914195, 89.75222986716662, 33.03096923929707], [69.65553640440697, 43.91823101039357, 20.572013322923357, 20.904855549845237, 69.48895150755571, 25.725578201301666, 47.95107233718729, 39.91912527596967, 97.41850386724407, 12.529974603243117, 33.204525250111864, 82.27725729598913, 49.06353551372748, 95.22788347071484, 44.803942567555815, 52.38693169015675, 83.4096255790074, 89.52797338036055, 19.77766025330481, 26.713715883514908, 14.12214187456544, 7.605391464005001, 18.662041151561716, 11.291560439200577, 53.317164506497164, 80.078306100481, 51.08992340974969, 17.237010461835855, 64.32455935142312, 30.65749834631707, 48.945165541594776, 32.680312430523244, 55.2025269504782, 69.6816479474608, 0.0, 22.6587767656667, 20.610858346547957, 88.98662510847052, 93.050966104721, 35.24682234810603, 55.13779402093036, 87.12484403607104, 52.386389673900624, 58.47158756356663, 16.255236502432467, 59.49944880517488, 56.57186685926549, 53.03027632693604, 6.750399252475846, 32.422419521833824, 72.22106538169254, 66.75096189882088], [64.84982216416628, 39.954154733612555, 8.313027103908492, 6.6148902297395145, 55.87539630789757, 30.158155707312105, 35.96401224710313, 25.212876446749156, 105.80588384809126, 30.212110256080713, 55.69914774516346, 92.08526043289179, 35.883105817078764, 102.96817338448454, 63.36286857422735, 54.017403248087305, 93.07859778200763, 98.85196101212344, 39.026965736190775, 14.544478596822588, 9.976347492445266, 28.47885304947513, 39.72116451266643, 31.491641846327834, 38.959732100926544, 92.35580424941126, 67.02010706024498, 33.497432621916445, 54.23243291402789, 37.622056969734196, 36.47458261677434, 39.897515266263404, 56.75221657197803, 84.30222187804928, 22.6587767656667, 0.0, 35.11392965818125, 90.85080706108985, 96.08347460478791, 54.658731335761225, 73.21741607935687, 91.64948634552411, 66.88940676108908, 68.3234716133952, 23.156533044656708, 70.43879021030614, 71.4862438323104, 67.97147378473068, 19.19306580593808, 52.708613815329656, 58.41939901662718, 87.30774037597148], [55.458201241889874, 32.27140748834372, 28.326396917989957, 29.7496466174326, 62.9532274162517, 13.531748569628125, 42.652758315260755, 39.14247330311715, 76.83760047016875, 8.307122375532943, 29.977360305191883, 61.666841916117356, 44.703645477906875, 74.7059808663039, 28.57600282369975, 35.19606208450684, 62.798767267007314, 68.91836952157954, 8.86267192183445, 29.344648756445764, 25.348488889064125, 14.146648068492912, 30.91775632977692, 11.404426690357745, 49.41434263237772, 59.725621909630185, 32.09475432251057, 3.769122422624979, 54.91410879993882, 13.297884705420433, 43.9173668356363, 14.545111163424345, 37.821537391986695, 50.0575749811513, 20.610858346547957, 35.11392965818125, 0.0, 70.12299601046759, 73.66603535576584, 20.877297412615935, 38.16820470257637, 67.32290538518116, 32.562017811958, 37.88580755037449, 12.555206434286676, 38.89650346640996, 36.994510379090215, 33.43315683084212, 27.048317613354957, 20.315125820366422, 65.65065602558721, 53.527593057138326], [32.41628705921756, 51.306827391572284, 82.77637160246184, 84.38492180980629, 59.99767191918312, 63.88045300157465, 62.11948457242718, 71.60342084051864, 30.61074193137949, 78.12139547141818, 91.43744209680372, 32.26342823180595, 64.20595007278772, 26.701717556640855, 69.216264271606, 37.22414298549499, 31.79103036076984, 31.57581286552368, 76.63041590197021, 76.6186753799958, 85.4081462287541, 83.94480505359219, 100.7796856915326, 81.51928893601435, 65.50025010375244, 42.8616762732748, 58.63368056517366, 73.88747429816591, 49.96989048502868, 58.33582554045219, 62.66754247010803, 56.37398262750206, 34.39490279224462, 52.26323932306495, 88.98662510847052, 90.85080706108985, 70.12299601046759, 0.0, 6.6937332267487255, 73.38365235509097, 67.09867569813028, 10.644845185042266, 53.62270638871154, 38.442008121997404, 73.5555415115591, 40.68518576954576, 54.0932658166331, 54.87668776333028, 94.17988856247298, 77.01008282566035, 60.50896772510722, 84.47801734856978], [39.02824328536494, 56.914478517543415, 87.9245049998092, 89.55944020642295, 66.68260090943757, 68.37213710363729, 68.31765371962153, 77.56254912801691, 24.96822212133368, 81.80897120562403, 93.3430529906787, 29.28436301932209, 70.465892616431, 21.20209534410012, 70.23324198877238, 42.12968388265074, 28.601569048096405, 27.24