instance_id,num_cities,city_coordinates,distance_matrix,best_route,total_distance
6,43,"[[81.10772173191265, 80.76993459778572], [10.449378821224563, 56.60084120524511], [66.5495201088105, 68.7863356327146], [38.89856996929198, 89.94413703272706], [48.51334843952954, 30.367392056558096], [98.7958942988516, 58.65765616438027], [6.911569503908166, 44.031128305607815], [84.80706455998637, 64.18777962666961], [49.250498591015244, 88.30117888555804], [7.8678759100674345, 1.4435108344377223], [65.41033667154862, 64.85716964768359], [58.00392329131535, 48.54207167463698], [58.87197787539801, 61.60255250983428], [18.332108230097855, 24.502057952278065], [8.591017543939206, 49.822722345182115], [73.29776449781843, 30.4843675085528], [59.078519621035, 42.597119885539456], [83.12365075088819, 36.4411186772606], [37.30245005995062, 45.96845401666436], [9.537206709849988, 29.988227636995823], [65.11139225073276, 31.68883653088459], [41.867099564726054, 47.138959874165906], [59.63040548001798, 1.5646858929299179], [34.084108905313784, 19.045838408102977], [48.31012435980836, 29.360020729562354], [40.76383296283339, 72.43731304724996], [0.05161416631002114, 41.42575275829233], [3.4351924431446412, 29.3138927457403], [84.6428130867056, 88.83681043612147], [66.21655593394438, 88.72233450566877], [68.69605645840775, 17.257555135643955], [25.44326790596516, 41.30938017325647], [1.4789964567738179, 96.57781759440377], [82.55752767691375, 42.68914736648034], [96.59478218550048, 17.32289394220676], [37.52609013328482, 59.39430682111468], [66.54576350954893, 2.3486648851116843], [41.57379532424247, 20.97116357100154], [68.75596378994317, 48.59865144906498], [35.602200972377354, 54.734315655780804], [8.738617194238207, 57.058943992026975], [29.164173667101178, 67.44305181462073], [22.76631734369664, 56.614584098227105]]","[[0.0, 74.6776171171907, 18.855977265963908, 43.194658035887116, 60.0234076418815, 28.31650236653989, 82.79377327562372, 16.989791077165464, 32.73533727901749, 107.96646017671377, 22.352270267034143, 39.65375960709162, 29.356717135232444, 84.30214465079341, 78.84416486014513, 50.888443574981984, 44.073229161219636, 44.37463116156966, 55.94680399176137, 87.75602761277902, 51.62205676184581, 51.68044977482927, 82.06550149595115, 77.59564558465301, 60.98083008061474, 41.19541167310132, 90.10026203239181, 93.17052135302224, 8.807460285340884, 16.881572293997923, 64.71376808535116, 68.23244664550931, 81.18265241896387, 38.1083756336335, 65.3098461906302, 48.54148818943756, 79.76180897282754, 71.68559376555966, 34.46095448028347, 52.42714824677938, 76.15443760603338, 53.625907827071785, 63.14428258952568], [74.6776171171907, 0.0, 57.40829318947737, 43.8307181508386, 46.22834235985529, 88.37045481842173, 13.05809240069157, 74.74374263465101, 50.10427431303151, 55.21770776584903, 55.57763801363383, 48.23254571454114, 48.68023433731286, 33.05252349298724, 7.028257388432452, 68.05872303021789, 50.60531143790903, 75.41859328383168, 28.88139699322027, 26.628241753704575, 60.07115521665199, 32.8115890355842, 73.80888682790324, 44.37317546943317, 46.642237863612095, 34.201753906873215, 18.39556520446789, 28.17403710471955, 80.89390212098972, 64.35657211948616, 70.28918561574326, 21.41601014144162, 40.97104344514303, 73.4378673223682, 94.67728165717382, 27.220428828798735, 78.03911205652791, 47.30965261945442, 58.853146828426404, 25.22198207505361, 1.7710345867956148, 21.628617085271706, 12.31694618943609], [18.855977265963908, 57.40829318947737, 0.0, 34.81705909034404, 42.4419452192247, 33.799686332515066, 64.57170775317013, 18.827762658568737, 26.07844421464196, 89.32296131275145, 4.090975952221726, 21.974017570110014, 10.51434233332796, 65.46767185381978, 60.98201905874609, 38.89189587199476, 27.234002088206353, 36.34439250332914, 37.0951051742275, 68.9615622151119, 37.125363989413735, 32.83033294297886, 67.57680327586283, 59.39797966904031, 43.44087780111311, 26.04287422063195, 71.90669641949746, 74.44119897042552, 27.007198866709633, 19.93877920546226, 51.573470290600284, 49.443978920440586, 70.75690438379253, 30.615674771327935, 59.59197600255663, 30.50524041442987, 66.437670853808, 53.945134236608496, 20.307904530423297, 33.9881718714671, 58.98840742461329, 37.40947126039848, 45.443595586049], [43.194658035887116, 43.8307181508386, 34.81705909034404, 0.0, 60.34759735886108, 67.57613000879736, 55.956881338661034, 52.640097097292546, 10.481495010856152, 93.78307315974739, 36.49972200240871, 45.5976484204494, 34.6725026015137, 68.59770450125481, 50.2819614826774, 68.69329498633273, 51.468149380786556, 69.41491729652994, 44.00463947692585, 66.7592744412493, 63.881077703169396, 42.90798712984301, 90.77850179098347, 71.06157740440986, 61.3107861985233, 17.605910714687592, 62.15399896837329, 70.24014285194572, 45.75764363007118, 27.345294998958625, 78.55717274030683, 50.461715472179385, 38.003028822096766, 64.33613787346106, 92.75072965810139, 30.58064464426135, 91.85496204025173, 69.02483537721523, 50.999148462599535, 35.36378896498905, 44.62128049168449, 24.51647012439982, 37.0284846245382], [60.0234076418815, 46.22834235985529, 42.4419452192247, 60.34759735886108, 0.0, 57.69465713031976, 43.78819131788735, 49.60899560790222, 57.93847639258253, 49.88632419906868, 38.40641833858364, 20.503414111731765, 32.907999822711034, 30.74588435440175, 44.410611128157846, 24.78469210231868, 16.161345391565476, 35.13919721830122, 19.21138664335086, 38.97798596373509, 16.65056376995535, 18.040457620760193, 30.873691706528685, 18.34067966435874, 1.0276658099945135, 42.777718993497174, 49.70741423749377, 45.09046472184895, 68.73144186859437, 60.98116810810797, 24.06677226111251, 25.533423581085135, 81.21607424851538, 36.20541111304689, 49.819506241265664, 31.03677859954181, 33.31991995136561, 11.681031940401281, 27.24228873023836, 27.576161709144852, 47.9006074111695, 41.82098887962363, 36.767168783060235], [28.31650236653989, 88.37045481842173, 33.799686332515066, 67.57613000879736, 57.69465713031976, 0.0, 93.04119765042849, 15.042261231979818, 57.73633756281283, 107.43073561112227, 33.95628698069957, 42.02749038723121, 40.032380856906016, 87.41296103979505, 90.63650393720262, 37.998537038087555, 42.84169320722547, 27.18811791469344, 62.789008078710886, 93.74993035836238, 43.15046825532423, 58.08242448543619, 69.23541556772008, 75.872994370697, 58.370920914523005, 59.64561246828635, 100.23657692624279, 99.77334268221219, 33.333032570637116, 44.331683614095425, 51.185628873841026, 75.37619304925516, 104.44384734623885, 22.774499418803313, 41.39332630387613, 61.27423240381695, 64.89047260434981, 68.5174454796058, 31.679346597472342, 63.31536525194254, 90.07146629264538, 70.18375663121347, 76.05702278847973], [82.79377327562372, 13.05809240069157, 64.57170775317013, 55.956881338661034, 43.78819131788735, 93.04119765042849, 0.0, 80.46116294530154, 61.25701832928561, 42.598353064563106, 62.09532798943619, 51.29110279196743, 54.85106185569124, 22.62329095559931, 6.030183018648493, 67.7542737682436, 52.18665600200521, 76.58909566090128, 30.452567246167607, 14.28625318009341, 59.49413024840519, 35.09341389621804, 67.69545330275334, 36.91356943975072, 43.92131306854198, 44.19148190396863, 7.338049398606603, 15.12224255833875, 89.72009462828724, 74.25890739219872, 67.33607538695836, 18.73050342518214, 52.8267678845272, 75.65786079947735, 93.57568284389956, 34.25311850716457, 72.75757590452969, 41.632101464868846, 62.012832319388345, 30.62205991621755, 13.155306337066023, 32.30010146169245, 20.24145223910778], [16.989791077165464, 74.74374263465101, 18.827762658568737, 52.640097097292546, 49.60899560790222, 15.042261231979818, 80.46116294530154, 0.0, 42.96190646752489, 99.27981676241983, 19.408274930511777, 31.035408152441505, 26.063616797803277, 77.42012867386528, 77.55798278354543, 35.61437878616784, 33.5874174763839, 27.79768112440535, 50.87860281572598, 82.6750316424139, 38.00132642496275, 46.20068017624353, 67.49456297520344, 67.90149547194382, 50.44798741050433, 44.80916258063441, 87.75873881609547, 88.5300488985717, 24.649578057073956, 30.782322753255045, 49.61865125965433, 63.6198201406599, 89.40179804324346, 21.616003452237763, 48.32460860717474, 47.523340836645744, 64.47907589345768, 61.12930125654429, 22.375405097290827, 50.10475607888042, 76.40176033404826, 55.73803103748081, 62.501260832623075], [32.73533727901749, 50.10427431303151, 26.07844421464196, 10.481495010856152, 57.93847639258253, 57.73633756281283, 61.25701832928561, 42.96190646752489, 0.0, 96.21214039419509, 28.47388164501987, 40.711288977301365, 28.37938536984723, 70.89622482452329, 55.98021987047867, 62.61832539597895, 46.748807540339364, 61.942362580500124, 43.986537241821225, 70.55172453849602, 58.7922210378858, 41.819168513054166, 87.35537581445458, 70.89655535177134, 58.94865925926404, 17.99126823824273, 67.95465990826712, 74.68963919824385, 35.39636741983296, 16.971283799993166, 73.65681364472312, 52.67839575299022, 48.48318434755082, 56.47845257995501, 85.31938890178839, 31.19405402049879, 87.67531495009978, 67.76623595349305, 44.23521060729872, 36.235484472730434, 51.15945440922039, 28.957242856605315, 41.29712030586794], [107.96646017671377, 55.21770776584903, 89.32296131275145, 93.78307315974739, 49.88632419906868, 107.43073561112227, 42.598353064563106, 99.27981676241983, 96.21214039419509, 0.0, 85.62959134884014, 68.78879036756416, 78.87032846763059, 25.321863146957263, 48.38461573913738, 71.58520571299633, 65.69740913630145, 82.99556736122915, 53.374757336829944, 28.59348741684626, 64.74256628778448, 56.95631020406689, 51.76267140396451, 31.57740978091236, 49.14170310841052, 78.24489723329775, 40.73909199901935, 28.22068161118354, 116.32703810269732, 104.98648256781736, 62.85023107341771, 43.56812988813307, 95.34859256102337, 85.3214311529415, 90.1366668181866, 65.099189137805, 58.68486855223275, 38.954052741078044, 77.01276862996642, 60.07580765306743, 55.62224910672201, 69.35035477739892, 57.14727362026726], [22.352270267034143, 55.57763801363383, 4.090975952221726, 36.49972200240871, 38.40641833858364, 33.95628698069957, 62.09532798943619, 19.408274930511777, 28.47388164501987, 85.62959134884014, 0.0, 17.917516039591206, 7.3036065379497614, 62.00721436360514, 58.7747363398324, 35.266145871224, 23.143070724826213, 33.484824151053964, 33.86497996396809, 65.86083637991224, 33.169680274517006, 29.46555567177454, 63.55585027693821, 55.497843345526476, 39.40133046512349, 25.78582399346011, 69.43193721164081, 71.44398529659225, 30.73940990653664, 23.87877893021058, 47.7128835453542, 46.38819865919368, 71.36817055114307, 28.025833997124842, 56.85047940745018, 28.414328696426832, 62.51881606170198, 49.94158820826996, 16.599175727431454, 31.480106842283597, 57.20573495630928, 36.33828723435184, 43.43331211149251], [39.65375960709162, 48.23254571454114, 21.974017570110014, 45.5976484204494, 20.503414111731765, 42.02749038723121, 51.29110279196743, 31.035408152441505, 40.711288977301365, 68.78879036756416, 17.917516039591206, 0.0, 13.089296329730754, 46.387230678524546, 49.42949848561126, 23.663944273927488, 6.04129200142989, 27.882499369459868, 20.860836555573197, 51.89670263861859, 18.290643778164085, 16.197709798228775, 47.00553392094914, 37.97611482464412, 21.492343199007507, 29.465289321329468, 58.38760251833689, 57.857318044494285, 48.30420707751269, 41.010984578446426, 33.06119608757925, 33.35428166634197, 74.17883956842859, 25.241557227744245, 49.63760115557533, 23.175691112080795, 46.976524617476706, 32.09523451656805, 10.752189365659767, 23.241795291603804, 49.996074835025105, 34.48156331489948, 36.150440242805765], [29.356717135232444, 48.68023433731286, 10.51434233332796, 34.6725026015137, 32.907999822711034, 40.032380856906016, 54.85106185569124, 26.063616797803277, 28.37938536984723, 78.87032846763059, 7.3036065379497614, 13.089296329730754, 0.0, 54.953869083743214, 51.64241832604068, 34.29934048126267, 19.0065548884931, 34.94626431781757, 26.639623981495994, 58.59509521386889, 30.557498186474692, 22.32400945823402, 60.04265683945581, 49.24949099447181, 33.92835989679753, 21.102060280398685, 62.18471222964064, 64.1544599262056, 37.49454296672927, 28.09671515248124, 45.42016415780658, 39.106156723750104, 67.21029299039282, 30.310429946088355, 58.16956358684458, 21.459805975838805, 59.748725380564856, 44.160354240787086, 16.33384891436198, 24.262217429570036, 50.33883422915503, 30.276477057407288, 36.44857406409267], [84.30214465079341, 33.05252349298724, 65.46767185381978, 68.59770450125481, 30.74588435440175, 87.41296103979505, 22.62329095559931, 77.42012867386528, 70.89622482452329, 25.321863146957263, 62.00721436360514, 46.387230678524546, 54.953869083743214, 0.0, 27.12977871369477, 55.29024684850219, 44.58364394717033, 65.88235843697615, 28.647513489560676, 10.365729620261876, 47.328122716004124, 32.65463436852714, 47.2405799364458, 16.670208666547676, 30.369083842267337, 52.92420009320168, 24.91160189757569, 15.654770967444705, 92.39085428622, 80.10720474774035, 50.882316203216405, 18.24978553779402, 74.01987911658347, 66.7508406275129, 78.5912624312217, 39.82308341181906, 53.0596775319462, 23.508365194412356, 55.885696091840316, 34.817316225951934, 33.940917766912506, 44.286144509510784, 32.41722606790074], [78.84416486014513, 7.028257388432452, 60.98201905874609, 50.2819614826774, 44.410611128157846, 90.63650393720262, 6.030183018648493, 77.55798278354543, 55.98021987047867, 48.38461573913738, 58.7747363398324, 49.42949848561126, 51.64241832604068, 27.12977871369477, 0.0, 67.53469529908863, 51.00193326619635, 75.72437341759208, 28.96897895110721, 19.857050492627472, 59.35815505659126, 33.38413119514972, 70.24142085063802, 39.963912371486245, 44.680304426674525, 39.32568835507255, 11.97624767149614, 21.146976710842708, 85.47499444192037, 69.52612818915088, 68.36011862405563, 18.880554472808566, 47.29291464593903, 74.30970672279757, 93.81311975043872, 30.477100503995015, 74.916878683381, 43.82095473406373, 60.17739697214618, 27.45410313693473, 7.237726810196316, 27.08746506189835, 15.718413103283632], [50.888443574981984, 68.05872303021789, 38.89189587199476, 68.69329498633273, 24.78469210231868, 37.998537038087555, 67.7542737682436, 35.61437878616784, 62.61832539597895, 71.58520571299633, 35.266145871224, 23.663944273927488, 34.29934048126267, 55.29024684850219, 67.53469529908863, 0.0, 18.67901750660692, 11.490471058410394, 39.18443053652378, 63.76248806473138, 8.27450519327962, 35.57052354128431, 31.986632946755236, 40.847897533525625, 25.012922966860913, 53.08960670880868, 74.05884450603553, 69.87237641060213, 59.44508157198011, 58.66689283303022, 14.004437954738185, 49.063568390922114, 97.60266178329486, 15.31991728154572, 26.757717009823455, 45.99344820622001, 28.93453437434761, 33.11965080255888, 18.674989594309118, 44.82204250861189, 69.81469484171215, 57.56490411048004, 56.88774358781594], [44.073229161219636, 50.60531143790903, 27.234002088206353, 51.468149380786556, 16.161345391565476, 42.84169320722547, 52.18665600200521, 33.5874174763839, 46.748807540339364, 65.69740913630145, 23.143070724826213, 6.04129200142989, 19.0065548884931, 44.58364394717033, 51.00193326619635, 18.67901750660692, 0.0, 24.82065031235414, 22.03549634913798, 51.12069882835455, 12.46540003014732, 17.800598047172464, 41.036145254631364, 34.342152324157, 17.06397171139175, 35.01235318164579, 59.03852698457031, 57.2068525849242, 52.83599230271456, 46.67426470933853, 27.10333109660819, 33.65989351591445, 78.9406156163356, 23.479188408998887, 45.23556624870021, 27.32494658317016, 40.9352887031716, 27.822605184004985, 11.387330975708391, 26.428186817458272, 52.37604541034389, 38.88686702829346, 38.923840216303375], [44.37463116156966, 75.41859328383168, 36.34439250332914, 69.41491729652994, 35.13919721830122, 27.18811791469344, 76.58909566090128, 27.79768112440535, 61.942362580500124, 82.99556736122915, 33.484824151053964, 27.882499369459868, 34.94626431781757, 65.88235843697615, 75.72437341759208, 11.490471058410394, 24.82065031235414, 0.0, 46.80120245708041, 73.86883341018982, 18.62862426147421, 42.62096693002894, 42.05113716794353, 52.03337813429364, 35.52637848032512, 55.588489565370075, 83.22145059557228, 80.00654808791539, 52.41771045259539, 54.94702342844174, 24.003428655582876, 57.88546048128396, 101.40153909806585, 6.273623979503335, 23.387558640196367, 51.048862673356176, 37.90938869140952, 44.33632818541508, 18.821159148819905, 50.920813472945106, 77.18955847738842, 62.23138296236942, 63.63942491190356], [55.94680399176137, 28.88139699322027, 37.0951051742275, 44.00463947692585, 19.21138664335086, 62.789008078710886, 30.452567246167607, 50.87860281572598, 43.986537241821225, 53.374757336829944, 33.86497996396809, 20.860836555573197, 26.639623981495994, 28.647513489560676, 28.96897895110721, 39.18443053652378, 22.03549634913798, 46.80120245708041, 0.0, 32.03554858958656, 31.260913955136537, 4.712335839463484, 49.70143073219211, 27.11429421899051, 19.92508343128998, 26.694225405157987, 37.52680254828218, 37.74076774007209, 63.86553024606121, 51.61317482349436, 42.54261671850272, 12.741552905346145, 62.00506035641589, 45.373735819560835, 65.84944009531038, 13.427715308613282, 52.51530620107417, 25.359592267850324, 31.563292991958814, 8.929231615090234, 30.64133671813244, 22.964971004344928, 18.017747918596946], [87.75602761277902, 26.628241753704575, 68.9615622151119, 66.7592744412493, 38.97798596373509, 93.74993035836238, 14.28625318009341, 82.6750316424139, 70.55172453849602, 28.59348741684626, 65.86083637991224, 51.89670263861859, 58.59509521386889, 10.365729620261876, 19.857050492627472, 63.76248806473138, 51.12069882835455, 73.86883341018982, 32.03554858958656, 0.0, 55.60019936243428, 36.59739865453379, 57.5953668996406, 26.875384451766553, 38.778006485751696, 52.69750505774028, 14.859119987480744, 6.139161641188492, 95.41492444424364, 81.62257002892976, 60.51313515187516, 19.523608209648177, 67.07539223275931, 74.11666908400446, 87.97404233806095, 40.59673740922161, 63.35551260545401, 33.28138300038127, 62.07422222288344, 35.94096267685436, 27.082493038658686, 42.28571491789899, 29.731670430083597], [51.62205676184581, 60.07115521665199, 37.125363989413735, 63.881077703169396, 16.65056376995535, 43.15046825532423, 59.49413024840519, 38.00132642496275, 58.7922210378858, 64.74256628778448, 33.169680274517006, 18.290643778164085, 30.557498186474692, 47.328122716004124, 59.35815505659126, 8.27450519327962, 12.46540003014732, 18.62862426147421, 31.260913955136537, 55.60019936243428, 0.0, 27.910633346367316, 30.618714336806097, 33.504293953605014, 16.96189805944769, 47.46832608890433, 65.7843618348152, 61.721908433619646, 60.39343773412397, 57.044204596141064, 14.86982515668576, 40.81807135334454, 90.88268073698528, 20.624608597216397, 34.60612876711032, 39.09657244457243, 29.375212222408443, 25.862849470793694, 17.298113835662505, 37.44177450386926, 61.81854187992505, 50.70075378586731, 49.13652674613237], [51.68044977482927, 32.8115890355842, 32.83033294297886, 42.90798712984301, 18.040457620760193, 58.08242448543619, 35.09341389621804, 46.20068017624353, 41.819168513054166, 56.95631020406689, 29.46555567177454, 16.197709798228775, 22.32400945823402, 32.65463436852714, 33.38413119514972, 35.57052354128431, 17.800598047172464, 42.62096693002894, 4.712335839463484, 36.59739865453379, 27.910633346367316, 0.0, 48.91369425791727, 29.15130215464593, 18.91040046158626, 25.322398592253137, 42.20397557877708, 42.364424971132784, 59.73669231554123, 48.187893409241106, 40.1583276189434, 17.427743567214083, 63.83885592130003, 40.933015663479644, 62.322684735970334, 13.001457290394354, 51.13909443183363, 26.169440015815933, 26.928455559426205, 9.845729217367477, 34.581822234670334, 23.950375276537763, 21.321991836852597], [82.06550149595115, 73.80888682790324, 67.57680327586283, 90.77850179098347, 30.873691706528685, 69.23541556772008, 67.69545330275334, 67.49456297520344, 87.35537581445458, 51.76267140396451, 63.55585027693821, 47.00553392094914, 60.04265683945581, 47.2405799364458, 70.24142085063802, 31.986632946755236, 41.036145254631364, 42.05113716794353, 49.70143073219211, 57.5953668996406, 30.618714336806097, 48.91369425791727, 0.0, 30.954869761339403, 30.012154259917544, 73.34082654498413, 71.68358965654033, 62.673123818903726, 90.78570513338222, 87.4061387403849, 18.123249508046282, 52.4251952685332, 111.3960572332354, 47.08369424462066, 40.18315898668385, 61.91014305948072, 6.959655144960892, 26.507594122951772, 47.91106062699452, 58.346929147810684, 75.29665860377756, 72.5820251673276, 66.25294171986668], [77.59564558465301, 44.37317546943317, 59.39797966904031, 71.06157740440986, 18.34067966435874, 75.872994370697, 36.91356943975072, 67.90149547194382, 70.89655535177134, 31.57740978091236, 55.497843345526476, 37.97611482464412, 49.24949099447181, 16.670208666547676, 39.963912371486245, 40.847897533525625, 34.342152324157, 52.03337813429364, 27.11429421899051, 26.875384451766553, 33.504293953605014, 29.15130215464593, 30.954869761339403, 0.0, 17.5716212306043, 53.80769719684426, 40.73169852193903, 32.323196317593585, 86.17982562709875, 76.72879681372471, 34.65811406410747, 23.88157082573837, 84.1088648973871, 53.93216466922302, 62.53441301855171, 40.49501374304629, 36.50417268342816, 7.733193366053584, 45.55772469927413, 35.72075043699529, 45.68796500404406, 48.646644573538964, 39.23650160961643], [60.98083008061474, 46.642237863612095, 43.44087780111311, 61.3107861985233, 1.0276658099945135, 58.370920914523005, 43.92131306854198, 50.44798741050433, 58.94865925926404, 49.14170310841052, 39.40133046512349, 21.492343199007507, 33.92835989679753, 30.369083842267337, 44.680304426674525, 25.012922966860913, 17.06397171139175, 35.52637848032512, 19.92508343128998, 38.778006485751696, 16.96189805944769, 18.91040046158626, 30.012154259917544, 17.5716212306043, 0.0, 43.733278258913614, 49.74400160305867, 44.87495562466994, 69.69614611959446, 62.004230408675575, 23.707718173217, 25.800781290404217, 81.92305387394605, 36.749833344757874, 49.76244168686907, 31.911655162777826, 32.590671667750115, 10.758766346665642, 28.074138668252054, 28.378621527895454, 48.302531292414415, 42.62493031728143, 37.35367855101986], [41.19541167310132, 34.201753906873215, 26.04287422063195, 17.605910714687592, 42.777718993497174, 59.64561246828635, 44.19148190396863, 44.80916258063441, 17.99126823824273, 78.24489723329775, 25.78582399346011, 29.465289321329468, 21.102060280398685, 52.92420009320168, 39.32568835507255, 53.08960670880868, 35.01235318164579, 55.588489565370075, 26.694225405157987, 52.69750505774028, 47.46832608890433, 25.322398592253137, 73.34082654498413, 53.80769719684426, 43.733278258913614, 0.0, 51.17813625848097, 57.035574701661446, 46.843445766924276, 30.21660190268393, 61.84670397515264, 34.69391760337216, 46.10924353206182, 51.299768802834464, 78.45185838710502, 13.438861188556743, 74.68016164893909, 51.47252258184404, 36.76739282346259, 18.440134528990367, 35.52616894380419, 12.629122734252366, 23.963917039067656], [90.10026203239181, 18.39556520446789, 71.90669641949746, 62.15399896837329, 49.70741423749377, 100.23657692624279, 7.338049398606603, 87.75873881609547, 67.95465990826712, 40.73909199901935, 69.43193721164081, 58.38760251833689, 62.18471222964064, 24.91160189757569, 11.97624767149614, 74.05884450603553, 59.03852698457031, 83.22145059557228, 37.52680254828218, 14.859119987480744, 65.7843618348152, 42.20397557877708, 71.68358965654033, 40.73169852193903, 49.74400160305867, 51.17813625848097, 0.0, 12.575601572852252, 96.97153873647864, 81.33121272980446, 72.7747293634303, 25.391920412073812, 55.17053267723422, 82.51558598322636, 99.50643745150258, 41.55965933580232, 77.1264591014604, 46.286950071623785, 69.07776873086237, 37.960006172972825, 17.88464955647024, 39.04409008894345, 27.325049641487617], [93.17052135302224, 28.17403710471955, 74.44119897042552, 70.24014285194572, 45.09046472184895, 99.77334268221219, 15.12224255833875, 88.5300488985717, 74.68963919824385, 28.22068161118354, 71.44398529659225, 57.857318044494285, 64.1544599262056, 15.654770967444705, 21.146976710842708, 69.87237641060213, 57.2068525849242, 80.00654808791539, 37.74076774007209, 6.139161641188492, 61.721908433619646, 42.364424971132784, 62.673123818903726, 32.323196317593585, 44.87495562466994, 57.035574701661446, 12.575601572852252, 0.0, 100.68592444311369, 86.43415154964346, 66.36516894114929, 25.064857952936844, 67.29236426804857, 80.24488375600384, 93.92812791315706, 45.4644984165182, 68.62993292946808, 39.04041700347373, 68.10803981606131, 40.99895533602096, 28.247374793944758, 45.9979700217596, 33.45175837298376], [8.807460285340884, 80.89390212098972, 27.007198866709633, 45.75764363007118, 68.73144186859437, 33.333032570637116, 89.72009462828724, 24.649578057073956, 35.39636741983296, 116.32703810269732, 30.73940990653664, 48.30420707751269, 37.49454296672927, 92.39085428622, 85.47499444192037, 59.44508157198011, 52.83599230271456, 52.41771045259539, 63.86553024606121, 95.41492444424364, 60.39343773412397, 59.73669231554123, 90.78570513338222, 86.17982562709875, 69.69614611959446, 46.843445766924276, 96.97153873647864, 100.68592444311369, 0.0, 18.42661274891121, 73.33409054684662, 75.91734174085671, 83.5233116458004, 46.1947531872334, 72.50579161444384, 55.559397053865666, 88.36120485965952, 80.37839458115923, 43.26085319599783, 59.73241822319903, 82.28778615214271, 59.46067893831623, 69.76369109791352], [16.881572293997923, 64.35657211948616, 19.93877920546226, 27.345294998958625, 60.98116810810797, 44.331683614095425, 74.25890739219872, 30.782322753255045, 16.971283799993166, 104.98648256781736, 23.87877893021058, 41.010984578446426, 28.09671515248124, 80.10720474774035, 69.52612818915088, 58.66689283303022, 46.67426470933853, 54.94702342844174, 51.61317482349436, 81.62257002892976, 57.044204596141064, 48.187893409241106, 87.4061387403849, 76.72879681372471, 62.004230408675575, 30.21660190268393, 81.33121272980446, 86.43415154964346, 18.42661274891121, 0.0, 71.50778008900248, 62.53358501749254, 65.2124238287276, 48.84753500122669, 77.59327769185985, 41.027747144155825, 86.37429699481774, 72.09359759011596, 40.203961674017926, 45.74302302049093, 65.62228082431147, 42.728057567525966, 54.026205398639874], [64.71376808535116, 70.28918561574326, 51.573470290600284, 78.55717274030683, 24.06677226111251, 51.185628873841026, 67.33607538695836, 49.61865125965433, 73.65681364472312, 62.85023107341771, 47.7128835453542, 33.06119608757925, 45.42016415780658, 50.882316203216405, 68.36011862405563, 14.004437954738185, 27.10333109660819, 24.003428655582876, 42.54261671850272, 60.51313515187516, 14.86982515668576, 40.1583276189434, 18.123249508046282, 34.65811406410747, 23.707718173217, 61.84670397515264, 72.7747293634303, 66.36516894114929, 73.33409054684662, 71.50778008900248, 0.0, 49.49034254480599, 103.97036689263821, 28.96387867218422, 27.89880223871965, 52.41252372584551, 15.063159305681133, 27.375316192530303, 31.34115356867875, 49.99710841652698, 71.96558259344248, 63.885474357957065, 60.48567321198494], [68.23244664550931, 21.41601014144162, 49.443978920440586, 50.461715472179385, 25.533423581085135, 75.37619304925516, 18.73050342518214, 63.6198201406599, 52.67839575299022, 43.56812988813307, 46.38819865919368, 33.35428166634197, 39.106156723750104, 18.24978553779402, 18.880554472808566, 49.063568390922114, 33.65989351591445, 57.88546048128396, 12.741552905346145, 19.523608209648177, 40.81807135334454, 17.427743567214083, 52.4251952685332, 23.88157082573837, 25.800781290404217, 34.69391760337216, 25.391920412073812, 25.064857952936844, 75.91734174085671, 62.53358501749254, 49.49034254480599, 0.0, 60.24023971620467, 57.13092355888266, 75.0858808697298, 21.749923329414795, 56.633492569384266, 25.958369928638316, 43.921783894444594, 16.835462980202948, 22.9585303510988, 26.39723343727334, 15.537545864703546], [81.18265241896387, 40.97104344514303, 70.75690438379253, 38.003028822096766, 81.21607424851538, 104.44384734623885, 52.8267678845272, 89.40179804324346, 48.48318434755082, 95.34859256102337, 71.36817055114307, 74.17883956842859, 67.21029299039282, 74.01987911658347, 47.29291464593903, 97.60266178329486, 78.9406156163356, 101.40153909806585, 62.00506035641589, 67.07539223275931, 90.88268073698528, 63.83885592130003, 111.3960572332354, 84.1088648973871, 81.92305387394605, 46.10924353206182, 55.17053267723422, 67.29236426804857, 83.5233116458004, 65.2124238287276, 103.97036689263821, 60.24023971620467, 0.0, 97.35356698010139, 123.80773650264598, 51.78809164229229, 114.51121078309839, 85.5801322085752, 82.63286705391722, 53.99325643912626, 40.180137680854905, 40.190839929143635, 45.279245378128344], [38.1083756336335, 73.4378673223682, 30.615674771327935, 64.33613787346106, 36.20541111304689, 22.774499418803313, 75.65786079947735, 21.616003452237763, 56.47845257995501, 85.3214311529415, 28.025833997124842, 25.241557227744245, 30.310429946088355, 66.7508406275129, 74.30970672279757, 15.31991728154572, 23.479188408998887, 6.273623979503335, 45.373735819560835, 74.11666908400446, 20.624608597216397, 40.933015663479644, 47.08369424462066, 53.93216466922302, 36.749833344757874, 51.299768802834464, 82.51558598322636, 80.24488375600384, 46.1947531872334, 48.84753500122669, 28.96387867218422, 57.13092355888266, 97.35356698010139, 0.0, 28.991228447985947, 48.03012304429911, 43.401971367449654, 46.382508962927766, 15.013507392618658, 48.47565146594028, 75.20453842627343, 58.85240893833347, 61.39142139811466], [65.3098461906302, 94.67728165717382, 59.59197600255663, 92.75072965810139, 49.819506241265664, 41.39332630387613, 93.57568284389956, 48.32460860717474, 85.31938890178839, 90.1366668181866, 56.85047940745018, 49.63760115557533, 58.16956358684458, 78.5912624312217, 93.81311975043872, 26.757717009823455, 45.23556624870021, 23.387558640196367, 65.84944009531038, 87.97404233806095, 34.60612876711032, 62.322684735970334, 40.18315898668385, 62.53441301855171, 49.76244168686907, 78.45185838710502, 99.50643745150258, 93.92812791315706, 72.50579161444384, 77.59327769185985, 27.89880223871965, 75.0858808697298, 123.80773650264598, 28.991228447985947, 0.0, 72.51975015392031, 33.573368303493694, 55.14180688435148, 41.87090657352213, 71.55214488518355, 96.42437140336314, 84.01736243370965, 83.63300267367046], [48.54148818943756, 27.220428828798735, 30.50524041442987, 30.58064464426135, 31.03677859954181, 61.27423240381695, 34.25311850716457, 47.523340836645744, 31.19405402049879, 65.099189137805, 28.414328696426832, 23.175691112080795, 21.459805975838805, 39.82308341181906, 30.477100503995015, 45.99344820622001, 27.32494658317016, 51.048862673356176, 13.427715308613282, 40.59673740922161, 39.09657244457243, 13.001457290394354, 61.91014305948072, 40.49501374304629, 31.911655162777826, 13.438861188556743, 41.55965933580232, 45.4644984165182, 55.559397053865666, 41.027747144155825, 52.41252372584551, 21.749923329414795, 51.78809164229229, 48.03012304429911, 72.51975015392031, 0.0, 64.00270858921297, 38.63575875444432, 33.04317151126551, 5.041514372135323, 28.882044902669637, 11.606202779458997, 15.019246026895127], [79.76180897282754, 78.03911205652791, 66.437670853808, 91.85496204025173, 33.31991995136561, 64.89047260434981, 72.75757590452969, 64.47907589345768, 87.67531495009978, 58.68486855223275, 62.51881606170198, 46.976524617476706, 59.748725380564856, 53.0596775319462, 74.916878683381, 28.93453437434761, 40.9352887031716, 37.90938869140952, 52.51530620107417, 63.35551260545401, 29.375212222408443, 51.13909443183363, 6.959655144960892, 36.50417268342816, 32.590671667750115, 74.68016164893909, 77.1264591014604, 68.62993292946808, 88.36120485965952, 86.37429699481774, 15.063159305681133, 56.633492569384266, 114.51121078309839, 43.401971367449654, 33.573368303493694, 64.00270858921297, 0.0, 31.151190223712604, 46.30276711434551, 60.84209454940185, 79.59196445041619, 75.06438881971684, 69.72395495547516], [71.68559376555966, 47.30965261945442, 53.945134236608496, 69.02483537721523, 11.681031940401281, 68.5174454796058, 41.632101464868846, 61.12930125654429, 67.76623595349305, 38.954052741078044, 49.94158820826996, 32.09523451656805, 44.160354240787086, 23.508365194412356, 43.82095473406373, 33.11965080255888, 27.822605184004985, 44.33632818541508, 25.359592267850324, 33.28138300038127, 25.862849470793694, 26.169440015815933, 26.507594122951772, 7.733193366053584, 10.758766346665642, 51.47252258184404, 46.286950071623785, 39.04041700347373, 80.37839458115923, 72.09359759011596, 27.375316192530303, 25.958369928638316, 85.5801322085752, 46.382508962927766, 55.14180688435148, 38.63575875444432, 31.151190223712604, 0.0, 38.75755886211457, 34.28717512136516, 48.790130339498546, 48.1002609826685, 40.30105029486652], [34.46095448028347, 58.853146828426404, 20.307904530423297, 50.999148462599535, 27.24228873023836, 31.679346597472342, 62.012832319388345, 22.375405097290827, 44.23521060729872, 77.01276862996642, 16.599175727431454, 10.752189365659767, 16.33384891436198, 55.885696091840316, 60.17739697214618, 18.674989594309118, 11.387330975708391, 18.821159148819905, 31.563292991958814, 62.07422222288344, 17.298113835662505, 26.928455559426205, 47.91106062699452, 45.55772469927413, 28.074138668252054, 36.76739282346259, 69.07776873086237, 68.10803981606131, 43.26085319599783, 40.203961674017926, 31.34115356867875, 43.921783894444594, 82.63286705391722, 15.013507392618658, 41.87090657352213, 33.04317151126551, 46.30276711434551, 38.75755886211457, 0.0, 33.7167371526514, 60.61071227350389, 43.84770541623046, 46.68300286492568], [52.42714824677938, 25.22198207505361, 33.9881718714671, 35.36378896498905, 27.576161709144852, 63.31536525194254, 30.62205991621755, 50.10475607888042, 36.235484472730434, 60.07580765306743, 31.480106842283597, 23.241795291603804, 24.262217429570036, 34.817316225951934, 27.45410313693473, 44.82204250861189, 26.428186817458272, 50.920813472945106, 8.929231615090234, 35.94096267685436, 37.44177450386926, 9.845729217367477, 58.346929147810684, 35.72075043699529, 28.378621527895454, 18.440134528990367, 37.960006172972825, 40.99895533602096, 59.73241822319903, 45.74302302049093, 49.99710841652698, 16.835462980202948, 53.99325643912626, 48.47565146594028, 71.55214488518355, 5.041514372135323, 60.84209454940185, 34.28717512136516, 33.7167371526514, 0.0, 26.963976529933028, 14.24640903310329, 12.972868531851116], [76.15443760603338, 1.7710345867956148, 58.98840742461329, 44.62128049168449, 47.9006074111695, 90.07146629264538, 13.155306337066023, 76.40176033404826, 51.15945440922039, 55.62224910672201, 57.20573495630928, 49.996074835025105, 50.33883422915503, 33.940917766912506, 7.237726810196316, 69.81469484171215, 52.37604541034389, 77.18955847738842, 30.64133671813244, 27.082493038658686, 61.81854187992505, 34.581822234670334, 75.29665860377756, 45.68796500404406, 48.302531292414415, 35.52616894380419, 17.88464955647024, 28.247374793944758, 82.28778615214271, 65.62228082431147, 71.96558259344248, 22.9585303510988, 40.180137680854905, 75.20453842627343, 96.42437140336314, 28.882044902669637, 79.59196445041619, 48.790130339498546, 60.61071227350389, 26.963976529933028, 0.0, 22.913599728051622, 14.034736449193979], [53.625907827071785, 21.628617085271706, 37.40947126039848, 24.51647012439982, 41.82098887962363, 70.18375663121347, 32.30010146169245, 55.73803103748081, 28.957242856605315, 69.35035477739892, 36.33828723435184, 34.48156331489948, 30.276477057407288, 44.286144509510784, 27.08746506189835, 57.56490411048004, 38.88686702829346, 62.23138296236942, 22.964971004344928, 42.28571491789899, 50.70075378586731, 23.950375276537763, 72.5820251673276, 48.646644573538964, 42.62493031728143, 12.629122734252366, 39.04409008894345, 45.9979700217596, 59.46067893831623, 42.728057567525966, 63.885474357957065, 26.39723343727334, 40.190839929143635, 58.85240893833347, 84.01736243370965, 11.606202779458997, 75.06438881971684, 48.1002609826685, 43.84770541623046, 14.24640903310329, 22.913599728051622, 0.0, 12.577292181543147], [63.14428258952568, 12.31694618943609, 45.443595586049, 37.0284846245382, 36.767168783060235, 76.05702278847973, 20.24145223910778, 62.501260832623075, 41.29712030586794, 57.14727362026726, 43.43331211149251, 36.150440242805765, 36.44857406409267, 32.41722606790074, 15.718413103283632, 56.88774358781594, 38.923840216303375, 63.63942491190356, 18.017747918596946, 29.731670430083597, 49.13652674613237, 21.321991836852597, 66.25294171986668, 39.23650160961643, 37.35367855101986, 23.963917039067656, 27.325049641487617, 33.45175837298376, 69.76369109791352, 54.026205398639874, 60.48567321198494, 15.537545864703546, 45.279245378128344, 61.39142139811466, 83.63300267367046, 15.019246026895127, 69.72395495547516, 40.30105029486652, 46.68300286492568, 12.972868531851116, 14.034736449193979, 12.577292181543147, 0.0]]",Route_1,2044.7964489817987
