instance_id,num_cities,city_coordinates,distance_matrix,best_route,total_distance
1700,38,"[[30.46828333790249, 89.317118989135], [90.13278134788867, 23.434221178108817], [43.016853015562376, 11.055838098838954], [84.42277598316798, 89.13743164846638], [45.67853621054019, 13.773987191063696], [83.76695046089804, 10.776050408658167], [22.773178909980217, 82.87189300221084], [27.04136927016855, 0.8967358729695563], [0.89842937293656, 23.273290096592646], [2.8258991159331726, 26.244692976653617], [51.82381511630374, 97.42525207168123], [34.04238169360853, 55.662619943268744], [5.3353869915324985, 92.7898906701326], [30.254994298205208, 4.888142370241244], [82.91179155193859, 48.50164766578195], [49.32119707344804, 8.412006078457], [87.51499331282535, 27.835952066080104], [22.875092640474737, 54.43963699453823], [91.63830328104852, 11.148627695384505], [60.029135266804204, 99.72460556480502], [18.31537095189456, 4.081648240983926], [31.884451220380804, 93.75603292409355], [15.908234733961502, 7.932907195396444], [63.708754530025246, 18.88664962435812], [30.796280521944674, 27.686006785961602], [18.657780901516773, 77.46321687838089], [5.033160995877162, 6.663149432075843], [50.15797710227815, 96.46814043530354], [53.26802920325303, 46.35192923628087], [59.55469449552644, 54.36458825904462], [25.569337988941555, 63.262665815823404], [56.638745075839815, 33.82373704924269], [80.8980693797435, 73.5749219201041], [22.043546406379534, 8.331046493024076], [85.02522612758702, 81.03429453524453], [83.7503006836028, 86.16572596015085], [65.37772988842985, 88.05460969562606], [54.55983296555158, 25.8866339677413]]","[[0.0, 88.88424239853633, 79.26092787461486, 53.954791855296826, 77.05917566591506, 94.91810876145317, 10.037707416494639, 88.48676675321066, 72.36134049543875, 68.86386809187323, 22.842954266525737, 33.84375104926274, 25.371689378236468, 84.4292460296085, 66.45467818854536, 83.07267692454288, 83.8705014005729, 35.69447149420937, 99.25766656025131, 31.339427939660986, 86.0974956263009, 4.65934420206667, 82.6763868624967, 77.88054917639653, 61.63198498793373, 16.733289068536816, 86.47903868622187, 20.94805834101233, 48.63985960118851, 45.471955296295135, 26.51102026879374, 61.354775744872605, 52.829727320762004, 81.42309335017124, 55.182109306285824, 53.375131385792756, 34.93226858050195, 67.85152314805268], [88.88424239853633, 0.0, 48.71483419117899, 65.95086070232323, 45.49175784046965, 14.168736362510902, 89.8340295904772, 66.99600377515107, 89.2344970916665, 87.35210608104971, 83.32016290446329, 64.69005039681937, 109.54819478345695, 62.68417999076701, 26.086750743396767, 43.48853133286955, 5.121332737348856, 74.06033013842894, 12.37749584988755, 82.01495142499965, 74.37918065744863, 91.3127875485184, 75.82594579188367, 26.812489632774646, 59.48863766403124, 89.5980360565391, 86.73646425562362, 83.25826287247001, 43.40773310511644, 43.493758210943845, 75.8600238638472, 35.06839753723952, 50.984014906958144, 69.74417395373045, 57.82608037102157, 63.05535466278297, 69.19976289638085, 35.65738331822979], [79.26092787461486, 48.71483419117899, 0.0, 88.38091257759511, 3.804325422198984, 40.75105793664662, 74.61469079998349, 18.932074343161844, 43.85462054854787, 42.96526606296572, 86.81726931582274, 45.50061672137118, 90.001934598358, 14.174114029538057, 54.71558073295938, 6.836271041452, 47.556878731351794, 47.83141768367239, 48.62153880564014, 90.28603475249912, 25.667149049224587, 83.44610592391011, 27.287907258806445, 22.124113483537247, 20.637463570747258, 70.73403954693124, 38.23684836867975, 85.71030885277166, 36.75460056664583, 46.35890465979038, 55.04515092971455, 26.531738840823174, 73.1000847816217, 21.14956452076288, 81.61916304852058, 85.44418653989186, 80.1799204410788, 18.79342683575573], [53.954791855296826, 65.95086070232323, 88.38091257759511, 0.0, 84.73939388526975, 78.36412557367196, 61.96716706300299, 105.25704834977294, 106.36917607573791, 103.02206992740736, 33.63599585216414, 60.48757845599302, 79.17168404435525, 100.16032805734937, 40.663866193941885, 88.02678669254274, 61.37942006082783, 70.65447104535285, 78.32188312482468, 26.592065713927568, 107.72499844989278, 52.74094279232522, 106.2469630353661, 73.24099302822175, 81.56027607288166, 66.79312740535279, 114.47584109732107, 35.04020167843274, 52.92652892060609, 42.750112447351896, 64.29020664638092, 61.89957337232264, 15.956668376750658, 102.0825164486229, 8.12550166157043, 3.0468438959835336, 19.075803630050633, 69.94611335107491], [77.05917566591506, 45.49175784046965, 3.804325422198984, 84.73939388526975, 0.0, 38.20621579086528, 72.79543928401338, 22.653202711154087, 45.77657396614764, 44.63033731390381, 83.87668668323074, 43.4747932230967, 88.7191224681616, 17.800109081162702, 50.914886873733515, 6.482269634480775, 44.13647016943632, 46.62287113200975, 46.03469019833776, 87.14039529461732, 29.029024222236345, 81.16282659171142, 30.337914653485452, 18.741080273162343, 20.37218259268154, 69.18409640686191, 41.2627015593428, 82.81538728693114, 33.45030211803723, 42.896907392141536, 53.418247492222115, 22.849915705458105, 69.40149357991919, 24.253625429719865, 77.92375088162723, 81.79256134945346, 76.84835138911117, 15.019775097754767], [94.91810876145317, 14.168736362510902, 40.75105793664662, 78.36412557367196, 38.20621579086528, 0.0, 94.4354313130399, 57.57944439746803, 83.80556537082488, 82.40590206850867, 92.34959688316083, 66.98758738511437, 113.48030729022442, 53.83490422975427, 37.73528832758905, 34.52678137365514, 17.466770445070583, 74.92881383263246, 7.880165547364803, 92.06155188000608, 65.7930412779799, 97.8645555127301, 67.9182505917246, 21.635920217060214, 55.60430287724003, 93.20076251014673, 78.84114127766927, 92.04725625109701, 46.85965591249816, 49.86174857410484, 78.36968096359523, 35.596845181792176, 62.86436782286849, 61.77181114573878, 70.26951063871434, 75.38967739004073, 79.43638435082691, 32.8844256127883], [10.037707416494639, 89.8340295904772, 74.61469079998349, 61.96716706300299, 72.79543928401338, 94.4354313130399, 0.0, 82.0861975932288, 63.486204293609745, 60.03776939491061, 32.49214865466873, 29.45062769746357, 20.06098862798098, 78.34183380629216, 69.26735518977051, 79.05107228308815, 84.9732741919347, 28.432438658938462, 99.4315449991405, 40.890343661786375, 78.91625131318148, 14.194357504071586, 75.25276773842796, 75.95941496264614, 55.76604878372426, 6.796343000507923, 78.24628318413144, 30.574255776629528, 47.577764216847754, 46.535430722080214, 19.807581791884996, 59.60367584403582, 58.86371177069543, 74.54441737579315, 62.279163055623535, 61.066019318029966, 42.918624353531165, 65.25113886572528], [88.48676675321066, 66.99600377515107, 18.932074343161844, 105.25704834977294, 22.653202711154087, 57.57944439746803, 82.0861975932288, 0.0, 34.41167658503474, 35.05578303391427, 99.65903903631404, 55.211558870897775, 94.42193370851834, 5.124325482176777, 73.40116969602566, 23.513188069789116, 66.20257226084006, 53.704749524313144, 65.40539098227669, 104.18800570735195, 9.28906418550606, 92.9855068900813, 13.17020848277766, 40.84279787890585, 27.05114405267172, 77.02409082544894, 22.75110451778622, 98.32736611788634, 52.47868419598265, 62.57737255581291, 62.38329979834238, 44.2740562976155, 90.4580724634048, 8.958080585330077, 98.91489253095895, 102.40460718415657, 95.21644561072151, 37.1720439435497], [72.36134049543875, 89.2344970916665, 43.85462054854787, 106.36917607573791, 45.77657396614764, 83.80556537082488, 63.486204293609745, 34.41167658503474, 0.0, 3.541803874553483, 89.95503531134723, 46.34210033384072, 69.65805300329828, 34.638440512402944, 85.80595318241637, 50.65197127896792, 86.73665334217507, 38.13548095065597, 91.54633884106632, 96.65011131047497, 25.916577148203594, 76.99318532453324, 21.46209692763421, 62.96331917054448, 30.221740054286766, 57.02580759034681, 17.117031824728834, 88.22691856007195, 57.229350607249, 66.3869434419001, 46.98727383401884, 56.73001608989729, 94.49971727643847, 25.89182531739286, 102.04730063044406, 104.01870537807602, 91.40131051554678, 53.72500164465689], [68.86386809187323, 87.35210608104971, 42.96526606296572, 103.02206992740736, 44.63033731390381, 82.40590206850867, 60.03776939491061, 35.05578303391427, 3.541803874553483, 0.0, 86.41451131297386, 42.89385983489258, 66.5924985674962, 34.76287554737657, 83.12112968015619, 49.797765553960346, 84.70404229657377, 34.59660430094501, 90.08626044277861, 93.12093094516769, 27.039310082033108, 73.49952701824479, 22.504866223139054, 61.32587451759249, 28.007492238589585, 53.609566977774605, 19.705553851512253, 84.68564329024849, 54.302020567807304, 63.31575424736247, 43.446453536414005, 54.34394445896329, 91.29849035740311, 26.271975519942412, 98.78577731696984, 100.69403638197653, 87.9385998171302, 51.73517292723159], [22.842954266525737, 83.32016290446329, 86.81726931582274, 33.63599585216414, 83.87668668323074, 92.34959688316083, 32.49214865466873, 99.65903903631404, 89.95503531134723, 86.41451131297386, 0.0, 45.39049258224516, 46.718952522878645, 95.01752840070921, 57.96534608649822, 89.04841974633057, 78.20825324942003, 51.82462384371806, 95.02025774322652, 8.521402775279988, 99.17582470754401, 20.27415600529549, 96.43033083867536, 79.43276313490863, 72.84037029105998, 38.71005908798101, 102.11329290831658, 1.9212180962770198, 51.09373797030288, 43.74914015110471, 43.085726974487855, 63.78351090732395, 37.605192584460646, 93.93956499860596, 37.0269791112026, 33.85376506291715, 16.47778942061038, 71.59091893454618], [33.84375104926274, 64.69005039681937, 45.50061672137118, 60.48757845599302, 43.4747932230967, 66.98758738511437, 29.45062769746357, 55.211558870897775, 46.34210033384072, 42.89385983489258, 45.39049258224516, 0.0, 46.931074742124366, 50.91553668672002, 49.391282063339695, 49.659467476129464, 60.279711665924246, 11.23405679570508, 72.79275849527365, 51.15437359783098, 53.925277084331185, 38.15448566623532, 51.05852294131195, 47.25003354672543, 28.16430465270337, 26.682428080278818, 56.942804601344925, 43.872575921659816, 21.361518757014682, 25.545312500655655, 11.382142455888163, 31.425028944470785, 50.16279528345645, 48.828781405293725, 56.94710087599157, 58.32080835339118, 45.06822657491099, 36.16040856394414], [25.371689378236468, 109.54819478345695, 90.001934598358, 79.17168404435525, 88.7191224681616, 113.48030729022442, 20.06098862798098, 94.42193370851834, 69.65805300329828, 66.5924985674962, 46.718952522878645, 46.931074742124366, 0.0, 91.36577139441351, 89.32831025454477, 95.1545001391341, 104.74971043063411, 42.170881319151675, 118.80020698713949, 55.1316276838366, 89.65284300277304, 26.56663776774173, 85.51311451360097, 94.1761067089408, 69.9054561259034, 20.307464366866558, 86.12727150467289, 44.97325989486301, 66.73846305938365, 66.45477538594362, 35.794828964006605, 78.16035966888235, 77.96751883807914, 86.09563839571109, 80.55224703269823, 78.694207203833, 60.22877905500097, 83.06077196146921], [84.4292460296085, 62.68417999076701, 14.174114029538057, 100.16032805734937, 17.800109081162702, 53.83490422975427, 78.34183380629216, 5.124325482176777, 34.638440512402944, 34.76287554737657, 95.01752840070921, 50.91553668672002, 91.36577139441351, 0.0, 68.37306590452809, 19.38911301995936, 61.687190380100276, 50.09803956223743, 61.70173658973909, 99.40047395094177, 11.966830759741393, 88.88282793291793, 14.666291379715618, 36.26447681949468, 22.80428934857604, 73.49582844237047, 25.284214941342096, 93.71779324171071, 47.421992754557564, 57.5012271994311, 58.56227764139099, 39.15828066353005, 85.33812007916383, 8.904013998127098, 93.79773336376559, 97.30258680776326, 90.27883385780486, 32.119493022400206], [66.45467818854536, 26.086750743396767, 54.71558073295938, 40.663866193941885, 50.914886873733515, 37.73528832758905, 69.26735518977051, 73.40116969602566, 85.80595318241637, 83.12112968015619, 57.96534608649822, 49.391282063339695, 89.32831025454477, 68.37306590452809, 0.0, 52.30207835276313, 21.172161936631962, 60.329635615128566, 38.358833505037715, 56.10175910422676, 78.39536914408178, 68.20373044357848, 78.3281515779185, 35.295959256811706, 56.118779344842004, 70.47943228999989, 88.40554864791764, 58.082672025410055, 29.72160721615647, 24.08169544078623, 59.21186230351419, 30.095083173208916, 25.154008802162014, 72.9288726478111, 32.60122264637784, 37.673410933020584, 43.2652299630317, 36.266684439672325], [83.07267692454288, 43.48853133286955, 6.836271041452, 88.02678669254274, 6.482269634480775, 34.52678137365514, 79.05107228308815, 23.513188069789116, 50.65197127896792, 49.797765553960346, 89.04841974633057, 49.659467476129464, 95.1545001391341, 19.38911301995936, 52.30207835276313, 0.0, 42.84922110033241, 53.084265535342276, 42.40550171451311, 91.93829868616746, 31.30676049163459, 87.10707792236627, 33.41639699368704, 17.796627966555864, 26.733118720288722, 75.55339042206234, 44.32255226380597, 88.06011014464869, 38.1446621833572, 47.07827820291801, 59.7724492019074, 26.444329821322686, 72.41066541355404, 27.277770810113797, 80.92449858602558, 85.03531108215978, 81.24504019914137, 18.242969217728458], [83.8705014005729, 5.121332737348856, 47.556878731351794, 61.37942006082783, 44.13647016943632, 17.466770445070583, 84.9732741919347, 66.20257226084006, 86.73665334217507, 84.70404229657377, 78.20825324942003, 60.279711665924246, 104.74971043063411, 61.687190380100276, 21.172161936631962, 42.84922110033241, 0.0, 69.90044928828445, 17.18919659980826, 76.96395841162122, 73.16320581487946, 86.25667669129315, 74.32132311319637, 25.432794167710064, 56.7189109930845, 84.87744761599689, 85.15597591325964, 78.14041169909238, 38.93194011720622, 38.54279242882272, 71.36046707114285, 31.451490810397843, 46.21511706837393, 68.31509131544352, 53.25657313518391, 58.45113714142728, 64.15874966538509, 33.01276169245822], [35.69447149420937, 74.06033013842894, 47.83141768367239, 70.65447104535285, 46.62287113200975, 74.92881383263246, 28.432438658938462, 53.704749524313144, 38.13548095065597, 34.59660430094501, 51.82462384371806, 11.23405679570508, 42.170881319151675, 50.09803956223743, 60.329635615128566, 53.084265535342276, 69.90044928828445, 0.0, 81.2557113299695, 58.57602975526045, 50.56399997211861, 40.335437656121705, 47.025663479635554, 54.14243118160022, 27.90164774329305, 23.40664326577472, 50.99928713831808, 50.10739352656986, 31.450621769561916, 36.679678632150136, 9.22522604487087, 39.56007528216511, 61.09684900932546, 46.116088159944354, 67.60114571642497, 68.64645420812418, 54.18893395081824, 42.65204275665851], [99.25766656025131, 12.37749584988755, 48.62153880564014, 78.32188312482468, 46.03469019833776, 7.880165547364803, 99.4315449991405, 65.40539098227669, 91.54633884106632, 90.08626044277861, 95.02025774322652, 72.79275849527365, 118.80020698713949, 61.70173658973909, 38.358833505037715, 42.40550171451311, 17.18919659980826, 81.2557113299695, 0.0, 94.04702737501488, 73.66270836695193, 101.95345131337295, 75.7983122535096, 28.98166104296064, 63.04947771873108, 98.60923580121143, 86.72122107930325, 94.86852330501614, 52.07254912316489, 53.82357476182956, 84.14856590571341, 41.70287350734022, 63.343467183964606, 69.6517691683146, 70.19785765313316, 75.43066761631452, 81.2659078724319, 39.90014774184698], [31.339427939660986, 82.01495142499965, 90.28603475249912, 26.592065713927568, 87.14039529461732, 92.06155188000608, 40.890343661786375, 104.18800570735195, 96.65011131047497, 93.12093094516769, 8.521402775279988, 51.15437359783098, 55.1316276838366, 99.40047395094177, 56.10175910422676, 91.93829868616746, 76.96395841162122, 58.57602975526045, 94.04702737501488, 0.0, 104.34372726218903, 28.770594353270656, 101.84483174599232, 80.92165790783024, 77.74393552267107, 46.980404300795875, 108.09714058915873, 10.39443738971708, 53.79921127369797, 45.36249843234313, 50.16922043135368, 65.98802328265654, 33.456215651626536, 98.97316606474874, 31.211092334332367, 27.322827541538018, 12.837299872369456, 74.04025470803889], [86.0974956263009, 74.37918065744863, 25.667149049224587, 107.72499844989278, 29.029024222236345, 65.7930412779799, 78.91625131318148, 9.28906418550606, 25.916577148203594, 27.039310082033108, 99.17582470754401, 53.925277084331185, 89.65284300277304, 11.966830759741393, 78.39536914408178, 31.30676049163459, 73.16320581487946, 50.56399997211861, 73.66270836695193, 104.34372726218903, 0.0, 90.69517742210414, 4.541640706355763, 47.74669976692647, 26.700914703725587, 73.38236750240894, 13.530752001102405, 97.72008752769067, 54.849475606040386, 65.03119146376022, 59.62392874482546, 48.51054370878797, 93.51956602311724, 5.6530237682028295, 101.84259692904263, 104.97392935391069, 96.26174673323821, 42.297971927783], [4.65934420206667, 91.3127875485184, 83.44610592391011, 52.74094279232522, 81.16282659171142, 97.8645555127301, 14.194357504071586, 92.9855068900813, 76.99318532453324, 73.49952701824479, 20.27415600529549, 38.15448566623532, 26.56663776774173, 88.88282793291793, 68.20373044357848, 87.10707792236627, 86.25667669129315, 40.335437656121705, 101.95345131337295, 28.770594353270656, 90.69517742210414, 0.0, 87.29747077129261, 81.35238679244112, 66.07898659454737, 20.985725206038282, 91.13814866275645, 18.473691436979614, 52.00390806270691, 48.13863599755766, 31.140425378045663, 64.8433123237322, 53.00577333109246, 85.98995124028527, 54.64233327167383, 52.41830882762704, 33.97507825989071, 71.55716771914419], [82.6763868624967, 75.82594579188367, 27.287907258806445, 106.2469630353661, 30.337914653485452, 67.9182505917246, 75.25276773842796, 13.17020848277766, 21.46209692763421, 22.504866223139054, 96.43033083867536, 51.05852294131195, 85.51311451360097, 14.666291379715618, 78.3281515779185, 33.41639699368704, 74.32132311319637, 47.025663479635554, 75.7983122535096, 101.84483174599232, 4.541640706355763, 87.29747077129261, 0.0, 49.03951637173757, 24.73537650451007, 69.58465325586698, 10.94895034175809, 94.92909131104551, 53.58894939598712, 63.72530467651176, 56.16688619727906, 48.26292099770457, 92.37181769568478, 6.148216344438798, 100.60303837517536, 103.55153231215068, 94.16325271767786, 42.617864222321955], [77.88054917639653, 26.812489632774646, 22.124113483537247, 73.24099302822175, 18.741080273162343, 21.635920217060214, 75.95941496264614, 40.84279787890585, 62.96331917054448, 61.32587451759249, 79.43276313490863, 47.25003354672543, 94.1761067089408, 36.26447681949468, 35.295959256811706, 17.796627966555864, 25.432794167710064, 54.14243118160022, 28.98166104296064, 80.92165790783024, 47.74669976692647, 81.35238679244112, 49.03951637173757, 0.0, 34.06845508369938, 73.89725607992233, 59.93529205347451, 78.75602380354881, 29.382823715739132, 35.72030717304656, 58.513638641939515, 16.525786348035485, 57.32608194963617, 42.981511437511614, 65.7017635177267, 70.2006957574026, 69.18809275567205, 11.519659135603836], [61.63198498793373, 59.48863766403124, 20.637463570747258, 81.56027607288166, 20.37218259268154, 55.60430287724003, 55.76604878372426, 27.05114405267172, 30.221740054286766, 28.007492238589585, 72.84037029105998, 28.16430465270337, 69.9054561259034, 22.80428934857604, 56.118779344842004, 26.733118720288722, 56.7189109930845, 27.90164774329305, 63.04947771873108, 77.74393552267107, 26.700914703725587, 66.07898659454737, 24.73537650451007, 34.06845508369938, 0.0, 51.2358645639944, 33.25205044860046, 71.45528114719608, 29.21294489977374, 39.22745318895724, 35.95858167350826, 26.561338577039436, 67.94101691128849, 21.242053630451228, 76.0711400419371, 78.89236849007217, 69.5718682913685, 23.831579202373597], [16.733289068536816, 89.5980360565391, 70.73403954693124, 66.79312740535279, 69.18409640686191, 93.20076251014673, 6.796343000507923, 77.02409082544894, 57.02580759034681, 53.609566977774605, 38.71005908798101, 26.682428080278818, 20.307464366866558, 73.49582844237047, 70.47943228999989, 75.55339042206234, 84.87744761599689, 23.40664326577472, 98.60923580121143, 46.980404300795875, 73.38236750240894, 20.985725206038282, 69.58465325586698, 73.89725607992233, 51.2358645639944, 0.0, 72.09909720637627, 36.78925767246378, 46.537957693234915, 46.96918336111363, 15.793203343623304, 57.852898279766166, 62.36162560048803, 69.21503008916434, 66.46345147121676, 65.67168184156357, 47.905440558969424, 62.841874949326154], [86.47903868622187, 86.73646425562362, 38.23684836867975, 114.47584109732107, 41.2627015593428, 78.84114127766927, 78.24628318413144, 22.75110451778622, 17.117031824728834, 19.705553851512253, 102.11329290831658, 56.942804601344925, 86.12727150467289, 25.284214941342096, 88.40554864791764, 44.32255226380597, 85.15597591325964, 50.99928713831808, 86.72122107930325, 108.09714058915873, 13.530752001102405, 91.13814866275645, 10.94895034175809, 59.93529205347451, 33.25205044860046, 72.09909720637627, 0.0, 100.50465381128535, 62.464403889972345, 72.44325283500474, 60.209964460748324, 58.3166685257645, 101.15665880989788, 17.091959876496077, 109.22361332602159, 111.87961277739271, 101.32145280571687, 53.126580861981914], [20.94805834101233, 83.25826287247001, 85.71030885277166, 35.04020167843274, 82.81538728693114, 92.04725625109701, 30.574255776629528, 98.32736611788634, 88.22691856007195, 84.68564329024849, 1.9212180962770198, 43.872575921659816, 44.97325989486301, 93.71779324171071, 58.082672025410055, 88.06011014464869, 78.14041169909238, 50.10739352656986, 94.86852330501614, 10.39443738971708, 97.72008752769067, 18.473691436979614, 94.92909131104551, 78.75602380354881, 71.45528114719608, 36.78925767246378, 100.50465381128535, 0.0, 50.21261842421508, 43.13939503084775, 41.318333922737565, 62.97873950090344, 38.328223637572286, 92.51253181026169, 38.13041638717928, 35.13664678950249, 17.390467917197352, 70.71863538185366], [48.63985960118851, 43.40773310511644, 36.75460056664583, 52.92652892060609, 33.45030211803723, 46.85965591249816, 47.577764216847754, 52.47868419598265, 57.229350607249, 54.302020567807304, 51.09373797030288, 21.361518757014682, 66.73846305938365, 47.421992754557564, 29.72160721615647, 38.1446621833572, 38.93194011720622, 31.450621769561916, 52.07254912316489, 53.79921127369797, 54.849475606040386, 52.00390806270691, 53.58894939598712, 29.382823715739132, 29.21294489977374, 46.537957693234915, 62.464403889972345, 50.21261842421508, 0.0, 10.184540495876707, 32.45289673740164, 12.973716698351055, 38.78801942375985, 49.199144814810865, 47.025376332589694, 50.142868726982364, 43.42531989725376, 20.506025148448362], [45.471955296295135, 43.493758210943845, 46.35890465979038, 42.750112447351896, 42.896907392141536, 49.86174857410484, 46.535430722080214, 62.57737255581291, 66.3869434419001, 63.31575424736247, 43.74914015110471, 25.545312500655655, 66.45477538594362, 57.5012271994311, 24.08169544078623, 47.07827820291801, 38.54279242882272, 36.679678632150136, 53.82357476182956, 45.36249843234313, 65.03119146376022, 48.13863599755766, 63.72530467651176, 35.72030717304656, 39.22745318895724, 46.96918336111363, 72.44325283500474, 43.13939503084775, 10.184540495876707, 0.0, 35.13090151257325, 20.746790822712615, 28.715441330710252, 59.38158972686625, 36.87846545720924, 39.959225691862436, 34.18954936211242, 28.9126706189723], [26.51102026879374, 75.8600238638472, 55.04515092971455, 64.29020664638092, 53.418247492222115, 78.36968096359523, 19.807581791884996, 62.38329979834238, 46.98727383401884, 43.446453536414005, 43.085726974487855, 11.382142455888163, 35.794828964006605, 58.56227764139099, 59.21186230351419, 59.7724492019074, 71.36046707114285, 9.22522604487087, 84.14856590571341, 50.16922043135368, 59.62392874482546, 31.140425378045663, 56.16688619727906, 58.513638641939515, 35.95858167350826, 15.793203343623304, 60.209964460748324, 41.318333922737565, 32.45289673740164, 35.13090151257325, 0.0, 42.801385300656065, 56.28153465636654, 55.044654669718895, 62.05508376995454, 62.526591015761, 46.89721257135151, 47.301337779154814], [61.354775744872605, 35.06839753723952, 26.531738840823174, 61.89957337232264, 22.849915705458105, 35.596845181792176, 59.60367584403582, 44.2740562976155, 56.73001608989729, 54.34394445896329, 63.78351090732395, 31.425028944470785, 78.16035966888235, 39.15828066353005, 30.095083173208916, 26.444329821322686, 31.451490810397843, 39.56007528216511, 41.70287350734022, 65.98802328265654, 48.51054370878797, 64.8433123237322, 48.26292099770457, 16.525786348035485, 26.561338577039436, 57.852898279766166, 58.3166685257645, 62.97873950090344, 12.973716698351055, 20.746790822712615, 42.801385300656065, 0.0, 46.56899735145018, 42.97330616527595, 55.08746721932573, 58.9467577617502, 54.93047791110988, 8.204844964329425], [52.829727320762004, 50.984014906958144, 73.1000847816217, 15.956668376750658, 69.40149357991919, 62.86436782286849, 58.86371177069543, 90.4580724634048, 94.49971727643847, 91.29849035740311, 37.605192584460646, 50.16279528345645, 77.96751883807914, 85.33812007916383, 25.154008802162014, 72.41066541355404, 46.21511706837393, 61.09684900932546, 63.343467183964606, 33.456215651626536, 93.51956602311724, 53.00577333109246, 92.37181769568478, 57.32608194963617, 67.94101691128849, 62.36162560048803, 101.15665880989788, 38.328223637572286, 38.78801942375985, 28.715441330710252, 56.28153465636654, 46.56899735145018, 0.0, 87.8670481760174, 8.52500220720072, 12.909824545111851, 21.225981626351935, 54.47821128889362], [81.42309335017124, 69.74417395373045, 21.14956452076288, 102.0825164486229, 24.253625429719865, 61.77181114573878, 74.54441737579315, 8.958080585330077, 25.89182531739286, 26.271975519942412, 93.93956499860596, 48.828781405293725, 86.09563839571109, 8.904013998127098, 72.9288726478111, 27.277770810113797, 68.31509131544352, 46.116088159944354, 69.6517691683146, 98.97316606474874, 5.6530237682028295, 85.98995124028527, 6.148216344438798, 42.981511437511614, 21.242053630451228, 69.21503008916434, 17.091959876496077, 92.51253181026169, 49.199144814810865, 59.38158972686625, 55.044654669718895, 42.97330616527595, 87.8670481760174, 0.0, 96.18967853357964, 99.3275432656017, 90.73972662387338, 36.9527744990906], [55.182109306285824, 57.82608037102157, 81.61916304852058, 8.12550166157043, 77.92375088162723, 70.26951063871434, 62.279163055623535, 98.91489253095895, 102.04730063044406, 98.78577731696984, 37.0269791112026, 56.94710087599157, 80.55224703269823, 93.79773336376559, 32.60122264637784, 80.92449858602558, 53.25657313518391, 67.60114571642497, 70.19785765313316, 31.211092334332367, 101.84259692904263, 54.64233327167383, 100.60303837517536, 65.7017635177267, 76.0711400419371, 66.46345147121676, 109.22361332602159, 38.13041638717928, 47.025376332589694, 36.87846545720924, 62.05508376995454, 55.08746721932573, 8.52500220720072, 96.18967853357964, 0.0, 5.287440151551079, 20.86405841198633, 63.00321139899097], [53.375131385792756, 63.05535466278297, 85.44418653989186, 3.0468438959835336, 81.79256134945346, 75.38967739004073, 61.066019318029966, 102.40460718415657, 104.01870537807602, 100.69403638197653, 33.85376506291715, 58.32080835339118, 78.694207203833, 97.30258680776326, 37.673410933020584, 85.03531108215978, 58.45113714142728, 68.64645420812418, 75.43066761631452, 27.322827541538018, 104.97392935391069, 52.41830882762704, 103.55153231215068, 70.2006957574026, 78.89236849007217, 65.67168184156357, 111.87961277739271, 35.13664678950249, 50.142868726982364, 39.959225691862436, 62.526591015761, 58.9467577617502, 12.909824545111851, 99.3275432656017, 5.287440151551079, 0.0, 18.46941361791935, 66.97501278109593], [34.93226858050195, 69.19976289638085, 80.1799204410788, 19.075803630050633, 76.84835138911117, 79.43638435082691, 42.918624353531165, 95.21644561072151, 91.40131051554678, 87.9385998171302, 16.47778942061038, 45.06822657491099, 60.22877905500097, 90.27883385780486, 43.2652299630317, 81.24504019914137, 64.15874966538509, 54.18893395081824, 81.2659078724319, 12.837299872369456, 96.26174673323821, 33.97507825989071, 94.16325271767786, 69.18809275567205, 69.5718682913685, 47.905440558969424, 101.32145280571687, 17.390467917197352, 43.42531989725376, 34.18954936211242, 46.89721257135151, 54.93047791110988, 21.225981626351935, 90.73972662387338, 20.86405841198633, 18.46941361791935, 0.0, 63.102171911407986], [67.85152314805268, 35.65738331822979, 18.79342683575573, 69.94611335107491, 15.019775097754767, 32.8844256127883, 65.25113886572528, 37.1720439435497, 53.72500164465689, 51.73517292723159, 71.59091893454618, 36.16040856394414, 83.06077196146921, 32.119493022400206, 36.266684439672325, 18.242969217728458, 33.01276169245822, 42.65204275665851, 39.90014774184698, 74.04025470803889, 42.297971927783, 71.55716771914419, 42.617864222321955, 11.519659135603836, 23.831579202373597, 62.841874949326154, 53.126580861981914, 70.71863538185366, 20.506025148448362, 28.9126706189723, 47.301337779154814, 8.204844964329425, 54.47821128889362, 36.9527744990906, 63.00321139899097, 66.97501278109593, 63.102171911407986, 0.0]]",Route_0,2046.424976868699
