instance_id,num_cities,city_coordinates,distance_matrix,best_route,total_distance
638,71,"[[34.17705362029436, 93.59704696229048], [37.76642194913056, 28.395097125034308], [0.21979804555546378, 44.50694022313164], [81.89446212314657, 0.49563502484076816], [3.423693576504838, 32.25930361573961], [13.83097600002474, 66.9483089666216], [52.12458522185949, 15.08944152581786], [37.15733408119338, 75.89521628289964], [20.757274553321604, 6.254082508027392], [91.33746634296766, 93.0554700330563], [80.72105728105117, 43.8809558167568], [51.68323238715592, 51.734499081842834], [15.707081343720542, 73.93867554047655], [88.66019939467482, 4.961879839994943], [0.62998950551586, 97.07984396064427], [37.32292088414309, 62.25672449256783], [35.82454552389005, 9.403994698453644], [15.769028756191283, 85.54572792248418], [4.7255114324079255, 10.39832306399634], [84.91377038389261, 23.823559290932973], [17.258004202684496, 78.40176112379784], [55.938329374367676, 3.873391615297894], [57.87803639238156, 35.95723336440928], [50.13477280437728, 77.89673398605271], [10.758236842472336, 24.031988102570935], [31.93731126901843, 2.0205700792763626], [22.777269529909816, 83.08180315236045], [18.09664794495609, 73.28323143688984], [67.89043393336063, 60.65457698346578], [27.020522029015982, 66.55436698889257], [50.222613498751635, 0.35574164808782616], [85.44033971578435, 95.02166437733617], [57.6431367511307, 97.17977282607546], [82.23583981256411, 80.09030514555992], [50.213532332969066, 45.607417967761975], [94.00939137168798, 86.29365711344735], [21.309936064587987, 26.8963905040567], [29.92200778252474, 55.12624742562367], [98.01873357410894, 69.10989501301118], [27.620608564324368, 64.33499846540492], [4.9687041569033585, 6.053157026020783], [4.311620061038235, 70.46282359550952], [94.91447013768146, 96.88725341446258], [67.6168626710344, 20.855754585942464], [40.92933329625221, 25.87367002705744], [21.308486185463384, 54.22697509369579], [8.436348353940094, 22.566958589725573], [98.16205145513347, 28.93506331098965], [98.19426623616974, 77.61092009540414], [73.6782478526396, 34.595499954964026], [71.781531270498, 5.55308427265383], [86.14430917102513, 64.10516926372618], [94.53850974606915, 68.27063186450384], [44.8770163164052, 76.25099381896926], [79.73858182498242, 28.837894702640142], [9.87974433063773, 40.73443463299539], [43.34644191520375, 70.31479543001544], [39.97748555937311, 99.19728210051379], [22.336986236402765, 9.32313212865875], [76.00230932053258, 75.51758815771602], [74.15336341423259, 8.014407578165116], [13.47733022973997, 82.3568653475458], [32.47279432900581, 52.21529678628659], [29.19481426078756, 98.53556584710057], [79.14963187235406, 0.6887035153508414], [85.74493678316726, 54.58900042153484], [30.623723548432245, 66.89000296801466], [71.76818806193361, 96.95948125328896], [50.80003385398795, 5.23287591311693], [5.57368087245389, 2.728042567106792], [67.07666480865365, 3.4258344769810267]]","[[0.0, 65.30067248949372, 59.69031567876102, 104.61751277379317, 68.61550781587421, 33.527870664446354, 80.53296220776959, 17.95095766324012, 88.36788958589554, 57.16297830061543, 68.1031129652937, 45.37553536940458, 26.973902996329542, 104.04136688966389, 33.72736849581956, 31.497814104282817, 84.20916980396834, 20.091767410513803, 88.25769652301965, 86.27023826195607, 22.740953034317172, 92.32490157736822, 62.32242530551314, 22.386349168854398, 73.40121520403761, 91.60386216806208, 15.50888228369976, 25.908117412954947, 47.13595591943809, 27.97360335317175, 94.61184391242733, 51.2830774826093, 23.738007121878525, 49.920727206022505, 50.59815352890419, 60.27643108281236, 67.93040766955319, 38.70539797072139, 68.3767556258147, 29.98757165903961, 92.28792089731611, 37.77745905254158, 60.826468117954064, 80.05945569344885, 68.05915856322356, 41.4198332536854, 75.55036308201105, 90.9684125267967, 65.9830263273092, 71.00371043149237, 95.73837321282828, 59.75254387607303, 65.45939724233054, 20.380744867376347, 79.18080988304654, 58.17916311700071, 25.022807958239717, 8.062731812684579, 85.10158586678222, 45.56554449424054, 94.45895144820403, 23.554622289009618, 41.41682927701179, 7.015103549559668, 103.22060393493211, 64.65968039532417, 26.942389528617984, 37.74121557356996, 89.91412679360997, 95.26452063766348, 95.98558213302684], [65.30067248949372, 0.0, 40.85756300336846, 52.20789131041117, 34.559442759957236, 45.37902286392769, 19.575426521312426, 47.50402412472309, 27.920165175064213, 83.96916470973693, 45.660842260281186, 27.17361397513053, 50.60466423986061, 56.02938742306984, 78.08142584834751, 33.864531610112955, 19.09012455244289, 61.2378960108134, 37.624269353412316, 47.368464431491546, 54.048696956984784, 30.521013426451375, 21.48634310479218, 51.02340791047397, 27.358340284041656, 27.01100161431291, 56.70370804776192, 49.00861772560494, 44.1376272443658, 39.64346404687511, 30.68162582855446, 81.92619787984286, 71.5989902346217, 68.19034871151545, 21.241340487371733, 80.71873920099713, 16.524589229506162, 27.85837809367129, 72.71888216421034, 37.34453156212949, 39.68441230214309, 53.74865002738419, 89.20243766252358, 30.78783034274508, 4.044947811797198, 30.629227365195053, 29.903518453286388, 60.39804323741245, 77.93408494252971, 36.44316444790907, 40.97298150358224, 60.13010247958112, 69.3767124010784, 48.381271176318755, 41.974495522147755, 30.494688697101406, 42.28945174393271, 70.83670093666524, 24.53176176380682, 60.68370657930931, 41.705899050261756, 59.17628246394851, 24.4013197446874, 70.66227997251444, 49.801750073710195, 54.66313616676509, 39.15195929073359, 76.53231258544733, 26.57750046103349, 41.17244549100251, 38.503953221347196], [59.69031567876102, 40.85756300336846, 0.0, 92.77793777318213, 12.659761018280195, 26.24650827042558, 59.661513234445145, 48.47272885229647, 43.41738205694877, 103.24431811321327, 80.50369305179426, 51.968477765741376, 33.25782596243884, 96.8788748463732, 52.57450393895879, 41.130239070382835, 49.99914826779037, 43.88576843949652, 34.40493013556227, 87.1829753864449, 37.936253807421046, 68.96114852512983, 58.28867760233965, 60.0531683818949, 23.027860443723732, 53.01973493974886, 44.6862346788835, 33.877082199397236, 69.57054789495048, 34.70400312686171, 66.70539624992377, 99.06703830711096, 77.92218633042168, 89.4024997767423, 50.005844851046575, 102.6772493045695, 27.475905500453514, 31.543477118412476, 100.84610639440184, 33.82242319444983, 38.74591012513196, 26.27643219782457, 108.21634873094354, 71.42648599907297, 44.77125214384369, 23.220935496815713, 23.428070621466276, 99.17241730195394, 103.41600408359197, 74.12408850197993, 81.47689583905623, 88.13122144665058, 97.26629640975767, 54.790072845231066, 81.04786216355426, 10.370456145140576, 50.258857944037594, 67.6144009151254, 41.55803611214144, 81.88192291626264, 82.44923909271935, 40.10460062808813, 33.16134089817533, 61.307780513471165, 90.27710970176852, 86.11734606879135, 37.75447236852676, 88.71550695597753, 64.03758569671258, 42.12054546983879, 78.46972589926048], [104.61751277379317, 52.20789131041117, 92.77793777318213, 0.0, 84.65572726433264, 95.12410849645339, 33.15455864441189, 87.67272939365317, 61.407779811393425, 93.04027829624995, 43.40118591860037, 59.482262835342304, 98.86682747323317, 8.106944157710604, 126.22370587800295, 76.16465361741479, 46.923300049515944, 107.73157030260637, 77.80173636308182, 23.522505668783307, 101.22863318375026, 26.17498933823295, 42.828888167663656, 83.66365988903469, 74.92878260977163, 49.98041964992253, 101.56435214233778, 96.78943788119787, 61.76739514599537, 85.8772692285489, 31.672157574807667, 94.59251277480048, 99.67923196266874, 79.59540219354969, 55.12489703082803, 86.64913216538402, 66.0869479368923, 75.4031817728708, 70.48339381406491, 83.79209691027499, 77.12624903024022, 104.47250767028407, 97.26697643326347, 24.867334289330444, 48.189069718949604, 80.97973441495392, 76.70226725746457, 32.7633262035035, 78.81910178146654, 35.075731855394444, 11.307040431724666, 63.75134544476923, 68.9443408620829, 84.31586849509513, 28.42413593240478, 82.49412447344304, 79.75377747564988, 107.23361441124068, 60.208119378685, 75.25297945278102, 10.791503599117839, 106.68722963160474, 71.53617728305568, 111.30624834415241, 2.7516119907598666, 54.23023451035152, 83.88623682446517, 96.99389184659255, 31.453217969222262, 76.3534235915512, 15.104740516894578], [68.61550781587421, 34.559442759957236, 12.659761018280195, 84.65572726433264, 0.0, 36.21655173641501, 51.63894858766498, 55.15479467821071, 31.25259276189522, 106.88781639211892, 78.16613867624731, 52.0410061841589, 43.45171641121136, 89.50090093894875, 64.8807154171536, 45.26591290713682, 39.65072953453628, 54.69780906121581, 21.899707770051307, 81.92554180710353, 48.17171924879354, 59.69545186259166, 54.5797593979226, 65.30467037997936, 11.021989179525406, 41.56209089788495, 54.38278552385893, 43.56900554033332, 70.44325490681247, 41.62885639536375, 56.6389986856465, 103.27557393839353, 84.5837770536209, 92.19088404869359, 48.656563458700894, 105.47739095633476, 18.67293515722612, 35.00082534691647, 101.51939557777611, 40.17886129566903, 26.251650934281734, 38.213837183494334, 112.01488334571171, 65.19818930671198, 38.04535881177095, 28.327449529191075, 10.911840359034015, 94.79666147677797, 105.06298377430275, 70.2933866723874, 73.38948239222921, 88.63892713253024, 97.97308552788232, 60.44540324222572, 76.39154539167446, 10.654033841676625, 55.15474859104609, 76.26842513094718, 29.728447684393647, 84.49221647485541, 74.76965413339005, 51.09639225451642, 35.24332444523176, 71.11043240400095, 82.04340632546551, 85.2959696734213, 44.03551939175252, 94.11207633879536, 54.54306016765982, 29.609421211756917, 69.8789645691499], [33.527870664446354, 45.37902286392769, 26.24650827042558, 95.12410849645339, 36.21655173641501, 0.0, 64.46504975160913, 24.98331707073685, 61.08815545632818, 81.78532817216954, 70.75581781820418, 40.795261058207544, 7.237747999033444, 97.16856523442526, 32.896435149180206, 23.955843531707174, 61.60410055341101, 18.698129326367425, 57.27835883280211, 83.14149200014421, 11.955169953561954, 75.83847576967845, 53.857128555001594, 37.91877731174652, 43.0261818249831, 67.40512335050272, 18.44792136160963, 7.6372246167101725, 54.42459052966692, 13.195427796501926, 75.88755696365641, 76.91563076379367, 53.230130910662005, 69.65585012602521, 42.17966374860135, 82.47921426900756, 40.744214511747295, 19.967033903526268, 84.21550320213446, 14.035075989611244, 61.53665080332404, 10.147411027931453, 86.43421438424902, 70.8339267182228, 49.208199846870684, 14.756201885301925, 44.708011236429535, 92.50263311220208, 85.034440173095, 68.03234671202793, 84.42535443442902, 72.36920337871825, 80.71836557571741, 32.40982204191222, 76.13288501659632, 26.50998753836587, 29.706833545470776, 41.51669821081146, 58.2495769576729, 62.75912071328447, 84.33264585090458, 15.4126141544827, 23.76087200665485, 35.125522392360885, 93.04225985822706, 72.96828258381868, 16.792848770057443, 65.24868583754488, 71.94098912019, 64.74894237938142, 82.8867187310029], [80.53296220776959, 19.575426521312426, 59.661513234445145, 33.15455864441189, 51.63894858766498, 64.46504975160913, 0.0, 62.620770120757335, 32.58790799590888, 87.2717116081132, 40.57966867037571, 36.647715284981736, 69.20597469024135, 37.91330384818728, 96.82003655966292, 49.43522883159222, 17.263128331277777, 79.28313048018133, 47.630649675610314, 33.93251356332142, 72.27813144266703, 11.846705029503575, 21.646407013413665, 62.83880440971359, 42.32190824528384, 24.048314505039283, 74.0555614243623, 67.41229635263032, 48.21559451948867, 57.261265631403184, 14.85595532177328, 86.59734261213943, 82.27561548823122, 71.63658230498254, 30.577753502427093, 82.60978939362047, 32.99919160919656, 45.781003392328365, 70.88358235826048, 55.00517930452674, 48.01386837751736, 73.15935401099408, 92.31390079982211, 16.530608787022242, 15.54455692661459, 49.81343687799252, 44.32352989179069, 48.074416687026634, 77.66177174960364, 29.069686758593583, 21.848057982783253, 59.66475662612049, 68.0233783296956, 61.58946934295831, 30.847249037030178, 49.41955335079249, 55.9186508577957, 84.98047350038033, 30.3405896017554, 64.97466131884443, 23.137051973170895, 77.57909915716913, 42.00621399409522, 86.53918222730204, 30.622449309412165, 51.87044622964164, 56.08551701131637, 84.19367278790173, 9.945165760489306, 48.16420745703112, 18.96323847235758], [17.95095766324012, 47.50402412472309, 48.47272885229647, 87.67272939365317, 55.15479467821071, 24.98331707073685, 62.620770120757335, 0.0, 71.54613522733, 56.83274620034756, 54.062101811045636, 28.19116842673619, 21.539298832093458, 87.65890345207909, 42.2260032633322, 13.639496959355187, 66.50457783589319, 23.46469645193114, 73.08670290586855, 70.65503994919824, 20.056572405402424, 74.43029633592091, 44.99322153243205, 13.130879213899881, 58.19541882574857, 74.05884140242904, 16.07586039163655, 19.23882067123485, 34.30452612671876, 13.784281777246191, 76.66103152425127, 51.933319264409796, 29.541503994740342, 45.2732862683817, 32.98204116740088, 57.79519002363503, 51.49781501774723, 21.993181080569162, 61.23847265381349, 14.986252686112794, 76.90267315018559, 33.29191823556922, 61.45366049618682, 62.90568516283849, 50.16356314999727, 26.845831256556306, 60.57060417178176, 76.98591760198416, 61.06104098738761, 55.13115010109404, 78.40185308237744, 50.3858009479468, 57.88552157695891, 7.727876258573026, 63.46301421872345, 44.5010951419385, 8.333435826615174, 23.472101007969037, 68.20179688893775, 38.84681073583525, 77.30789336684747, 24.54578356947464, 24.13883800135997, 23.99973229599799, 86.13578023351852, 53.05384030073537, 11.12573293946916, 40.516841831748096, 71.96728148002836, 79.6929260321575, 78.40266354219834], [88.36788958589554, 27.920165175064213, 43.41738205694877, 61.407779811393425, 31.25259276189522, 61.08815545632818, 32.58790799590888, 71.54613522733, 0.0, 111.87512837683568, 70.79150255510567, 54.99893780490569, 67.87273816063829, 67.9152191319864, 93.0291704082289, 58.401340289469985, 15.393004947310663, 79.44839601064665, 16.558748701240255, 66.5187377487211, 72.23248869194074, 35.26151311909593, 47.54185661403212, 77.43195021625493, 20.39692826068397, 11.954741672186753, 76.85427144348661, 67.08193303771712, 71.9788059939616, 60.62468620467294, 30.049902230608144, 109.83434121319176, 98.1226171169998, 96.08018401165877, 49.15644549992854, 108.49979779422716, 20.64970494096637, 49.72404688775028, 99.60013160474476, 58.4850250251681, 15.789848834361088, 66.28138489590327, 117.1053428563022, 49.08186860779298, 28.139654730382226, 47.97605920977135, 20.442973082882204, 80.65932294163899, 105.30093043919771, 60.03220267363719, 51.02907183230277, 87.30528354522507, 96.38320943324003, 74.03600161941284, 63.15713087780039, 36.1554331519785, 67.92676513846723, 94.90971953180511, 3.451746597819805, 88.59710537774242, 53.42509756654504, 76.45018734622792, 47.43086148855516, 92.66641378393093, 58.65697602677527, 80.99173125576469, 61.43339210724915, 104.06528075453403, 30.06011060038307, 15.587638523222603, 46.405655911223434], [57.16297830061543, 83.96916470973693, 103.24431811321327, 93.04027829624995, 106.88781639211892, 81.78532817216954, 87.2717116081132, 56.83274620034756, 111.87512837683568, 0.0, 50.30746455327463, 57.27024455136611, 78.00901849661916, 88.13426343605224, 90.79670665682706, 62.17824256113375, 100.39548646986485, 75.94066753639856, 119.72399374600569, 69.52928400882585, 75.51488525973491, 95.95072698543201, 66.17961984846245, 43.90272466917883, 106.10020398048977, 108.70019058126778, 69.28184912437251, 75.8627635847406, 39.99476464774065, 69.56276150672387, 101.4084353840866, 6.2162707998053435, 33.945805634449826, 15.840931350741805, 62.7892952122382, 7.2705775093105585, 96.33731780060039, 72.18368567615303, 24.860207055745345, 69.89065354002727, 122.59268147049852, 89.91065339623555, 5.241900421547353, 75.99648642671016, 83.99032164065925, 80.07315455979034, 108.81739571101322, 64.48256756795936, 16.89821965628472, 61.068945456922606, 89.66104009167489, 29.412391879056248, 24.990695906874503, 49.40611133757164, 65.25665562514854, 96.81348677107155, 53.10627747289033, 51.725907257032894, 108.49963440432722, 23.296874073062444, 86.75987377193482, 78.59173581100733, 71.64474413477564, 62.38381727610125, 93.16739164546462, 38.87088462141484, 66.11195225413313, 19.95489804655121, 96.72689114591762, 124.55709956019639, 92.85503788703252], [68.1031129652937, 45.660842260281186, 80.50369305179426, 43.40118591860037, 78.16613867624731, 70.75581781820418, 40.57966867037571, 54.062101811045636, 70.79150255510567, 50.30746455327463, 0.0, 30.08111394854089, 71.62599794885581, 39.72057970857519, 96.14936732590205, 47.12819874715727, 56.607045638452945, 77.16682735551858, 83.04462465981447, 20.49092478530113, 72.24434306625135, 47.06154264184893, 24.178274976144028, 45.744879085541044, 72.72398341014893, 64.28176855887816, 69.95848033497171, 69.18316598954591, 21.11822110251167, 58.290917478933245, 53.14695985256906, 51.357995470782306, 58.08058462669054, 36.241020197189144, 30.556337313505125, 44.445664065088245, 61.79123548739463, 52.02883828534123, 30.589360537737843, 56.90365115342292, 84.67208137986214, 80.90116062755953, 54.873678148410164, 26.493014326359447, 43.67657998509423, 60.30666396897666, 75.36156595023134, 22.968848046306526, 37.98714942487869, 11.654220488999888, 39.35658601040765, 20.93873135150941, 28.031737197988228, 48.29714932519204, 15.075110139061218, 70.9111572046196, 45.777830337888666, 68.7017801091834, 67.84499192869156, 31.9866079507022, 36.462911091676034, 77.47331438613364, 48.96280340509616, 75.11378114136059, 43.22082873665667, 11.828000021546258, 55.128568799908145, 53.82828001869662, 48.87680148251314, 85.67782939610821, 42.69410133211378], [45.37553536940458, 27.17361397513053, 51.968477765741376, 59.482262835342304, 52.0410061841589, 40.795261058207544, 36.647715284981736, 28.19116842673619, 54.99893780490569, 57.27024455136611, 30.08111394854089, 0.0, 42.276576210783915, 59.6236027074683, 68.28348197704314, 17.80269007924559, 45.20364532180179, 49.32574599700049, 62.55962759673659, 43.39688025151528, 43.54582873671392, 48.049885101785016, 16.949858706834814, 26.20801904498996, 49.419473640348, 53.49183243894275, 42.640452169201744, 39.90496862049222, 18.499761396578126, 28.772865116145553, 51.39951481263027, 54.89372436368206, 45.83441246177336, 41.68349263214687, 6.300884162385718, 54.642832450718544, 39.236064624531494, 22.023960886288037, 49.48619053848241, 27.162151055361008, 65.33783100008814, 50.93937370507409, 62.51168803723329, 34.74733710180432, 28.00765654349132, 30.47683781967705, 52.16357346790687, 51.769632927258165, 53.224669413488954, 27.88415314113052, 50.36531238642853, 36.61419525064927, 45.934937519443494, 25.44372400803965, 36.212665245412076, 43.22653156997744, 20.364908243327505, 48.88496988516601, 51.57447246437165, 34.015479254045665, 49.15641554735197, 48.963458572418105, 19.216453804451554, 51.923682459861084, 57.96616552521468, 34.18110419895124, 25.94594786420511, 49.484385990587015, 46.51000964281965, 67.288360962485, 50.701921439135276], [26.973902996329542, 50.60466423986061, 33.25782596243884, 98.86682747323317, 43.45171641121136, 7.237747999033444, 69.20597469024135, 21.539298832093458, 67.87273816063829, 78.00901849661916, 71.62599794885581, 42.276576210783915, 0.0, 100.39898295531907, 27.619420235555737, 24.570561640366112, 67.59761383674842, 11.607217689032144, 64.48233301108445, 85.4464199636728, 4.7248803835131366, 80.79416643309929, 56.75367300439796, 34.65446819630584, 50.15145574080917, 73.72675400800138, 11.557869332853876, 2.4778287904266105, 53.84765140623193, 13.510068575869425, 81.2758889225866, 72.85066740586632, 47.945608205257415, 66.81256057212492, 44.647007912343994, 79.27103711560974, 47.37476714951661, 23.579049710222037, 82.45316982553692, 15.3023770767265, 68.729588741552, 11.9137770916046, 82.46482684148489, 74.24568603302724, 54.280813816320006, 20.49211728213356, 51.88368588175629, 93.93693208624614, 82.56888670408662, 70.0609849456692, 88.43603919014228, 71.12032697963713, 79.03493419411032, 29.26144087586431, 78.32058149723093, 33.711711183297865, 27.875917202048367, 35.029269563408285, 64.95478496069802, 60.31589742206124, 88.10208280303308, 8.708484923231039, 27.440741906933834, 28.05220048406591, 96.90467284532731, 72.66162069322036, 16.498181708817583, 60.603673008638104, 77.14922046477704, 71.92801994757706, 87.24044280152702], [104.04136688966389, 56.02938742306984, 96.8788748463732, 8.106944157710604, 89.50090093894875, 97.16856523442526, 37.91330384818728, 87.65890345207909, 67.9152191319864, 88.13426343605224, 39.72057970857519, 59.6236027074683, 100.39898295531907, 0.0, 127.41678526341268, 76.92993818163616, 53.02205865834627, 108.65946497581436, 84.11056270321167, 19.23015033853788, 102.42894923416011, 32.7399692156419, 43.683560972099976, 82.48455275547735, 80.2021495885935, 56.799096299362276, 102.19238164313136, 98.21925410643085, 59.43954636798943, 87.13830557756809, 38.71258863146998, 90.11732512266478, 97.2943881312059, 75.40260396653495, 55.948243742314325, 81.50749566307023, 70.83206003430845, 77.2440219637205, 64.82707777329746, 85.1527971592455, 83.69860967202898, 106.79445897829095, 92.13788693763419, 26.37114474012044, 52.11082946310941, 83.44640724783832, 82.13285014895204, 25.787569065594692, 73.27196926908789, 33.205576536572764, 16.889018927317785, 59.196776833512615, 63.58107120431418, 83.66065319116548, 25.48841591353018, 86.52188033390736, 79.52572032383401, 106.06751465727702, 66.4664511250824, 71.6821467127234, 14.82451401415074, 107.90017422407492, 73.41600575565012, 110.87004438565873, 10.426453399796175, 49.71267296483619, 84.87240401220333, 93.53554785569374, 37.861135398187166, 83.11654221095284, 21.63812377687143], [33.72736849581956, 78.08142584834751, 52.57450393895879, 126.22370587800295, 64.8807154171536, 32.896435149180206, 96.82003655966292, 42.2260032633322, 93.0291704082289, 90.79670665682706, 96.14936732590205, 68.28348197704314, 27.619420235555737, 127.41678526341268, 0.0, 50.586765686734424, 94.47598275316776, 19.032244802314647, 86.77821941483741, 111.67022415471371, 25.00723197855679, 108.38106484923345, 83.74552166211487, 53.0915744517386, 73.74666527769527, 100.08203608468602, 26.200136620813616, 29.518857102634833, 76.49030957572288, 40.351765156271185, 108.69673556599734, 84.83532050971183, 57.013234819893405, 83.35561908765133, 71.46984228970028, 94.00028999735433, 73.16677749347086, 51.16763231735386, 101.32564095721834, 42.43487273086622, 91.13002896477164, 26.87043313133143, 94.28467732985932, 101.47587386909164, 81.8190461703397, 47.581179000424974, 74.92068689467577, 118.97989005682257, 99.48782383008549, 96.12669396878435, 115.92967538347179, 91.65166686548845, 98.22820814496622, 48.90440041374513, 104.47551396044709, 57.099589461091284, 50.408958819995945, 39.40442855802487, 90.40151646204217, 78.39590212254765, 115.49172467723568, 19.540221670340948, 55.01628679025003, 28.60189398466631, 124.32451968039312, 95.13162478767224, 42.55643994740938, 71.13830038055195, 104.65609819523736, 94.48122835006474, 114.83132913628887], [31.497814104282817, 33.864531610112955, 41.130239070382835, 76.16465361741479, 45.26591290713682, 23.955843531707174, 49.43522883159222, 13.639496959355187, 58.401340289469985, 62.17824256113375, 47.12819874715727, 17.80269007924559, 24.570561640366112, 76.92993818163616, 50.586765686734424, 0.0, 52.87396500556638, 31.732443124065288, 61.25263179399671, 61.17186562075711, 25.753894642512503, 61.279254165794434, 33.379275114314815, 20.217651856293937, 46.5490376948713, 60.476434165949435, 25.40196595748956, 22.16378637609774, 30.609471257357686, 11.162847002281302, 63.230797453962204, 58.21363483473668, 40.404584860947224, 48.32397837076014, 21.056288164858167, 61.57215333375958, 38.81712125609468, 10.277023788039156, 61.0814834813112, 9.922403290406926, 64.85087768102991, 34.01596749352903, 67.20163747136617, 51.30071362268617, 36.56135750661496, 17.91477027837539, 49.08881328739877, 69.36665562454276, 62.77795797551761, 45.68208775774181, 66.35283448314814, 48.85636808370558, 57.530780376205435, 15.90295355522311, 53.999134044690024, 34.87602185092676, 10.060582132489545, 37.03581388333397, 55.014029463536275, 40.88943133572229, 65.56455171207017, 31.18698215677997, 11.151412376076863, 37.17822544592455, 74.4318141599569, 49.025356869224815, 8.145336971165413, 48.89537562738576, 58.59481104000682, 67.4661264124639, 65.92692088632245], [84.20916980396834, 19.09012455244289, 49.99914826779037, 46.923300049515944, 39.65072953453628, 61.60410055341101, 17.263128331277777, 66.50457783589319, 15.393004947310663, 100.39548646986485, 56.607045638452945, 45.20364532180179, 67.59761383674842, 53.02205865834627, 94.47598275316776, 52.87396500556638, 0.0, 78.73872802616818, 31.1149258447082, 51.16322742353708, 71.45213942436145, 20.860294131367045, 34.51711087472182, 69.97169384785691, 29.02237105997744, 8.344192546874774, 74.82413293472683, 66.29355352411235, 60.45530071086752, 57.824526652918344, 17.0051534739381, 98.95510292316739, 90.44688026157074, 84.56100000694526, 38.95806460552867, 96.42352655147863, 22.730107759884035, 46.10167400686713, 86.21433500061269, 55.54025347872787, 31.037252771011204, 68.71131680812994, 105.56959669542982, 33.79192557557657, 17.24265245345039, 47.11491855271519, 30.38711836655433, 65.32554850037921, 92.42384288609158, 45.46993201097148, 36.16260962775364, 74.32561545203616, 83.142110665551, 67.45716061966702, 48.022068402208355, 40.67836249714724, 61.37348426708139, 89.88927284947461, 13.487801684806845, 77.36446176246183, 38.35399892105012, 76.29888182238497, 42.94230807173851, 89.37779540829628, 44.19297916533951, 67.33298007421179, 57.72079084687286, 94.6462290044173, 15.545529345965903, 30.978753186975496, 31.81875798051662], [20.091767410513803, 61.2378960108134, 43.88576843949652, 107.73157030260637, 54.69780906121581, 18.698129326367425, 79.28313048018133, 23.46469645193114, 79.44839601064665, 75.94066753639856, 77.16682735551858, 49.32574599700049, 11.607217689032144, 108.65946497581436, 19.032244802314647, 31.732443124065288, 78.73872802616818, 0.0, 75.95453726964693, 92.68560511397234, 7.2974865194114855, 91.01617015688787, 65.0552635583083, 35.20669641169129, 61.71748716720871, 85.07564488234792, 7.42875252079649, 12.481451483986936, 57.759936571222546, 22.074145305727445, 91.89332545427129, 70.31276514634241, 43.46023379125597, 66.69031871027869, 52.73985616865218, 78.24393740270942, 58.91049510419006, 33.55073187009057, 83.8758042945801, 24.29722181752386, 80.22291342988761, 18.941125017919063, 79.95393106005541, 82.90350132499611, 64.75951990266582, 31.804871755148742, 63.404207971950676, 99.96688220217494, 82.80628568462382, 77.13237573355774, 97.65358916089033, 73.56886331231534, 80.6415530556498, 30.55596540547543, 85.486151324706, 45.19663347332023, 31.503888984266908, 27.792342691237785, 76.50504672902801, 61.06235890206322, 97.05584046205352, 3.926923306862726, 37.281810900710724, 18.681209964111797, 105.9141890522765, 76.5176233410829, 23.847390443137535, 57.15049963076758, 87.62034875552813, 83.44287942115083, 96.83052419972086], [88.25769652301965, 37.624269353412316, 34.40493013556227, 77.80173636308182, 21.899707770051307, 57.27835883280211, 47.630649675610314, 73.08670290586855, 16.558748701240255, 119.72399374600569, 83.04462465981447, 62.55962759673659, 64.48233301108445, 84.11056270321167, 86.77821941483741, 61.25263179399671, 31.1149258447082, 75.95453726964693, 0.0, 81.30432855278626, 69.14861504752133, 51.62680943043574, 58.978375743700965, 81.35131526503186, 14.908742343245724, 28.472246055075107, 74.89161667480778, 64.29073800093143, 80.71863782652397, 60.41993683212305, 46.59227122528422, 116.94440302917002, 101.64297856802993, 104.23446345646254, 57.5225208887116, 117.18239179795543, 23.39293418186869, 51.33664038502038, 110.23009561052334, 58.59479862613065, 4.351966291094603, 60.06592653216498, 124.95752616593101, 63.75484244084112, 39.372618419100526, 46.86091964954329, 12.721870979390017, 95.25753382490487, 115.12576307791473, 73.07518887646289, 67.23084214459506, 97.53689534695725, 106.84371199088419, 77.12793002546174, 77.24622017897065, 30.770859297327924, 71.28506107274424, 95.5403412481729, 17.64426479962192, 96.54481137549914, 69.46876768630447, 72.48880009928921, 50.185366387369804, 91.47087157294833, 75.05482273004878, 92.28739485696478, 62.14521131338002, 109.48769153070536, 46.363169225638664, 7.717032739336543, 62.7397953809556], [86.27023826195607, 47.368464431491546, 87.1829753864449, 23.522505668783307, 81.92554180710353, 83.14149200014421, 33.93251356332142, 70.65503994919824, 66.5187377487211, 69.52928400882585, 20.49092478530113, 43.39688025151528, 85.4464199636728, 19.23015033853788, 111.67022415471371, 61.17186562075711, 51.16322742353708, 92.68560511397234, 81.30432855278626, 0.0, 86.9257315924073, 35.179331602269166, 29.633713216218737, 64.29219932655026, 74.15582645606635, 57.287656252578095, 85.8631714061239, 83.13114350112944, 40.574842552691145, 71.95519530651994, 41.88334789564103, 71.20005226933336, 78.26123895611254, 56.33043583369504, 40.971246254450456, 63.12878458443612, 63.67801843479349, 63.27679067764821, 47.144376794583906, 70.16896105309078, 81.8962808111241, 93.12318514494744, 73.74494826455657, 17.54966897676699, 44.03218890705945, 70.49822600916025, 76.48774493779865, 14.200155798076803, 55.40263308176526, 15.565078612705426, 22.500354697758294, 40.30040108617867, 45.477223619633, 65.96648821524457, 7.205979200731533, 76.91607615183777, 62.36407486497173, 87.75230928018854, 64.23485270575435, 52.45652255690974, 19.12369305416762, 92.35427927180712, 59.63343632220333, 93.20131970684393, 23.842123322749334, 30.776666576219917, 69.29738636043734, 74.30793642584366, 38.85048942402087, 82.09671509584496, 27.096669774862225], [22.740953034317172, 54.048696956984784, 37.936253807421046, 101.22863318375026, 48.17171924879354, 11.955169953561954, 72.27813144266703, 20.056572405402424, 72.23248869194074, 75.51488525973491, 72.24434306625135, 43.54582873671392, 4.7248803835131366, 102.42894923416011, 25.00723197855679, 25.753894642512503, 71.45213942436145, 7.2974865194114855, 69.14861504752133, 86.9257315924073, 0.0, 83.9681214329739, 58.749680440063095, 32.88064728832313, 54.756910012496256, 77.77897145969088, 7.236372236239927, 5.18677833362964, 53.65263726363048, 15.35146579637358, 84.72217314283942, 70.17871515052046, 44.537317548842616, 64.99977154927521, 46.49231955260798, 77.15605909245055, 51.664507686519215, 26.497670172754813, 81.29350640995408, 17.471616434761696, 73.38492631673155, 15.18669125982136, 79.82631224565976, 76.46932388016904, 57.615381412635315, 24.511766233668954, 56.52739854205684, 94.82836629579874, 80.94012565770561, 71.42991257948155, 90.9931026115551, 70.35421487732414, 77.94174951275876, 27.702628578121793, 79.75211241484679, 38.38314999715583, 27.31310301691132, 30.799813730117826, 69.26509252391787, 58.81506471540356, 90.50669278550059, 5.471411619537426, 30.285652594714758, 23.40635655114477, 99.3473346318602, 72.50867194030542, 17.6398137594062, 57.58254180542626, 80.49070453227951, 76.57045834969684, 90.01826770784693], [92.32490157736822, 30.521013426451375, 68.96114852512983, 26.17498933823295, 59.69545186259166, 75.83847576967845, 11.846705029503575, 74.43029633592091, 35.26151311909593, 95.95072698543201, 47.06154264184893, 48.049885101785016, 80.79416643309929, 32.7399692156419, 108.38106484923345, 61.279254165794434, 20.860294131367045, 91.01617015688787, 51.62680943043574, 35.179331602269166, 83.9681214329739, 0.0, 32.1424231304635, 74.25049821111683, 49.47332385768438, 24.072428579967735, 85.86983374988203, 79.05516249723432, 58.02547557067794, 69.03002430426965, 6.7114282580224485, 95.80384252047506, 93.32195423823276, 80.62615557823956, 42.12484132615069, 90.78824773278342, 41.583459464654744, 57.477858501202334, 77.63093322364134, 66.76450565062599, 51.016213815360295, 84.2583501260869, 100.84997786611436, 20.61040494575672, 26.63235275877478, 61.11226888607627, 51.047895618648916, 49.101222943388954, 84.98698315873486, 35.47608558522088, 15.931993401477504, 67.38151270315757, 75.07981404107124, 73.21796191727236, 34.491715398207056, 58.992624526995314, 67.62407685621011, 96.6508801435563, 34.04041615988601, 74.40063299118324, 18.679814728153985, 89.23335753764128, 53.736125004748615, 98.36738702904766, 23.428760145320826, 58.82607263628573, 67.91113733771388, 94.42247883931249, 5.315099096985013, 50.37767008470637, 11.147323608773938], [62.32242530551314, 21.48634310479218, 58.28867760233965, 42.828888167663656, 54.5797593979226, 53.857128555001594, 21.646407013413665, 44.99322153243205, 47.54185661403212, 66.17961984846245, 24.178274976144028, 16.949858706834814, 56.75367300439796, 43.683560972099976, 83.74552166211487, 33.379275114314815, 34.51711087472182, 65.0552635583083, 58.978375743700965, 29.633713216218737, 58.749680440063095, 32.1424231304635, 0.0, 42.64832755673009, 48.60542134555181, 42.71555144036386, 58.760436622212694, 54.55079283485969, 26.64970705948481, 43.45538837382309, 36.4152675688044, 65.17888903143455, 61.22299009340146, 50.4086362868155, 12.323582488689564, 61.961523290533904, 37.673927787311726, 33.89676438414393, 52.06125761659831, 41.482640838034605, 60.77541624091422, 63.71810351681385, 71.3033292902224, 17.969401731339378, 19.721480325247665, 40.87927916672629, 51.22284621760193, 40.89147517313561, 57.96919877918803, 15.858783057576295, 33.43231149381543, 39.890957273406464, 48.8686610123743, 42.339268470125965, 22.99061612031672, 48.23544021572771, 37.304280037833784, 65.72467941549806, 44.413304254761414, 43.51449115577954, 32.33709607538354, 64.22109120773132, 30.16207802072831, 68.83876036191108, 41.18676938019675, 33.52173744096451, 41.22661523755732, 62.56365207450317, 31.529101806557858, 61.96712618315069, 33.80690282048352], [22.386349168854398, 51.02340791047397, 60.0531683818949, 83.66365988903469, 65.30467037997936, 37.91877731174652, 62.83880440971359, 13.130879213899881, 77.43195021625493, 43.90272466917883, 45.744879085541044, 26.20801904498996, 34.65446819630584, 82.48455275547735, 53.0915744517386, 20.217651856293937, 69.97169384785691, 35.20669641169129, 81.35131526503186, 64.29219932655026, 32.88064728832313, 74.25049821111683, 42.64832755673009, 0.0, 66.72272801265892, 78.0278146274702, 27.844531378205904, 32.368593578946154, 24.74985818604114, 25.747191652771722, 77.54104209219732, 39.23960111726603, 20.69326257656662, 32.17592667656866, 32.289412072572496, 44.670913046795675, 58.582473900963585, 30.447511031729753, 48.68349040624924, 26.283231569958765, 84.86149484589791, 46.42223983215379, 48.64011843553779, 59.65984241539427, 52.83123413492687, 37.29895824628462, 69.28306176156497, 68.58472636010667, 48.060343304023434, 49.28784927305373, 75.51281881869811, 38.56026409182198, 45.435159254056316, 5.509307033045477, 57.298823900357384, 54.78598188065836, 10.176798540230225, 23.598386261649246, 73.99362006129344, 25.97671611823018, 73.89473756000743, 36.92777908126355, 31.168601192706998, 29.401415686933518, 82.4799491749321, 42.55977235031767, 22.401543937223483, 28.833886125189476, 72.66690334882782, 87.38434118194198, 76.37370344807705], [73.40121520403761, 27.358340284041656, 23.027860443723732, 74.92878260977163, 11.021989179525406, 43.0261818249831, 42.32190824528384, 58.19541882574857, 20.39692826068397, 106.10020398048977, 72.72398341014893, 49.419473640348, 50.15145574080917, 80.2021495885935, 73.74666527769527, 46.5490376948713, 29.02237105997744, 61.71748716720871, 14.908742343245724, 74.15582645606635, 54.756910012496256, 49.47332385768438, 48.60542134555181, 66.72272801265892, 0.0, 30.545960730698848, 60.26058250760641, 49.79495202814587, 67.86237514831872, 45.525977481437664, 46.02175215093518, 103.03858804921543, 86.88378588321918, 90.83822232982293, 44.969095122207975, 103.95802113577996, 10.933579358637932, 36.52537582957975, 98.21614928960653, 43.68835341818937, 18.888013542890025, 46.87623441040239, 111.31110136057313, 56.9472720195145, 30.227253489761004, 31.985074653554936, 2.7454467080397786, 87.54123003101937, 102.5463855512624, 63.800592224329854, 63.75980198843808, 85.37517056791488, 94.74276610747845, 62.377204736987885, 69.14755767310001, 16.72553345023821, 56.604676167007156, 80.64481333214984, 18.71945195748894, 83.11170799929896, 65.38734555634849, 58.388224621836805, 35.57837679261899, 76.75083376509146, 72.26542637702539, 80.97367578328854, 47.238194295202106, 95.08224547752893, 44.23519104766135, 21.92573182323173, 59.969816539850825], [91.60386216806208, 27.01100161431291, 53.01973493974886, 49.98041964992253, 41.56209089788495, 67.40512335050272, 24.048314505039283, 74.05884140242904, 11.954741672186753, 108.70019058126778, 64.28176855887816, 53.49183243894275, 73.72675400800138, 56.799096299362276, 100.08203608468602, 60.476434165949435, 8.344192546874774, 85.07564488234792, 28.472246055075107, 57.287656252578095, 77.77897145969088, 24.072428579967735, 42.71555144036386, 78.0278146274702, 30.545960730698848, 0.0, 81.57714062156795, 72.59428947940698, 68.77916686728452, 64.72082941373814, 18.36093492548731, 107.2929522084841, 98.57009349251541, 92.86993866136439, 47.26344851185085, 104.66564062069837, 27.05083262196677, 53.143902891649, 94.16863540440609, 62.46376475470125, 27.268434627801376, 73.80732267938598, 113.86751137259178, 40.3459361478855, 25.491701340967634, 53.27739339707234, 31.21617110983034, 71.48500653030942, 100.51808343318044, 52.94744416195982, 40.000506547451586, 82.41902739927198, 91.14812525394889, 75.34979611974892, 54.8099476985642, 44.556700595138864, 69.24066347428551, 97.50875735993044, 12.062074996324094, 85.69443225614154, 42.63943182888963, 82.4299171260113, 50.197582922875675, 96.5539522645411, 47.231102943889134, 75.22433404238127, 64.88273141604164, 102.9557944022552, 19.134294136122328, 26.37312126024712, 35.16744140836706], [15.50888228369976, 56.70370804776192, 44.6862346788835, 101.56435214233778, 54.38278552385893, 18.44792136160963, 74.0555614243623, 16.07586039163655, 76.85427144348661, 69.28184912437251, 69.95848033497171, 42.640452169201744, 11.557869332853876, 102.19238164313136, 26.200136620813616, 25.40196595748956, 74.82413293472683, 7.42875252079649, 74.89161667480778, 85.8631714061239, 7.236372236239927, 85.86983374988203, 58.760436622212694, 27.844531378205904, 60.26058250760641, 81.57714062156795, 0.0, 10.859107978317349, 50.38033422004597, 17.063450351809763, 87.15989994014873, 63.790443259092626, 37.60826300174993, 59.533777306517614, 46.444354463833236, 71.30449626741135, 56.204569760461865, 28.854122421052157, 76.52772130783016, 19.362350553926593, 79.06046625654005, 22.36557299430218, 73.44634891174147, 76.69856734810499, 60.01889631324248, 28.89218625871058, 62.190903133941035, 92.81559557187907, 75.61517012884988, 70.29815923593492, 91.71760964977582, 66.14751958026802, 73.2737769756654, 23.131337276006267, 78.65743895067031, 44.2678865181157, 24.209240772861005, 23.570237444467534, 73.75998509057057, 53.75985685619503, 90.96492126695581, 9.328151253474243, 32.35342974673262, 16.733309947471785, 99.83218971785614, 69.11415865634692, 17.992810616314706, 50.918562902780195, 82.73893154171051, 82.1747546566901, 91.14554167744805], [25.908117412954947, 49.00861772560494, 33.877082199397236, 96.78943788119787, 43.56900554033332, 7.6372246167101725, 67.41229635263032, 19.23882067123485, 67.08193303771712, 75.8627635847406, 69.18316598954591, 39.90496862049222, 2.4778287904266105, 98.21925410643085, 29.518857102634833, 22.16378637609774, 66.29355352411235, 12.481451483986936, 64.29073800093143, 83.13114350112944, 5.18677833362964, 79.05516249723432, 54.55079283485969, 32.368593578946154, 49.79495202814587, 72.59428947940698, 10.859107978317349, 0.0, 51.37026412588336, 11.176454957976494, 79.690