instance_id,num_cities,city_coordinates,distance_matrix,best_route,total_distance
1836,73,"[[2.29831748893784, 3.366323583175279], [51.4300725826905, 92.27222305811408], [53.13708658733848, 3.3610827617449046], [10.741186654132617, 42.494408228655566], [57.38967275335103, 90.86942603800064], [39.286674183562795, 98.47543150935209], [48.71914593603041, 80.86970880033407], [22.269399840436776, 22.99274400943432], [74.3080642587607, 22.29007344268201], [13.004328421197808, 70.40218174267719], [64.87705376563761, 97.37926928552172], [7.175995819594238, 67.84442077367541], [7.3606664085175915, 87.5564588391251], [72.61150565851041, 88.78579130488826], [13.07679958646142, 15.814303478920221], [17.78368232922477, 78.72438798544528], [94.54548830372286, 97.75740046220623], [14.622954288477864, 27.000501453351067], [35.605341992632155, 20.697111377658505], [8.276511763525052, 24.004800241072754], [97.43245245374284, 50.2268938381152], [12.90020541212764, 26.857711551846563], [1.2453287589283657, 0.5131053122852003], [35.18267810692591, 16.196393041119627], [30.126977624178252, 50.60556454359497], [95.66214145072244, 4.172393073513225], [61.69832699019185, 15.606315762574862], [39.65411804975005, 30.6146141868761], [73.83334461504184, 42.73610180038367], [96.81509874805768, 2.430020958012824], [51.484724362181744, 74.30364416271743], [76.7488008360144, 99.7322830838818], [17.17560671890148, 92.00345649209518], [36.98018548436689, 87.43405800376166], [99.80906503850767, 68.35572204410762], [63.98417538059302, 52.71101375585787], [34.15130471999128, 63.950398284767616], [91.28686451059832, 71.49156774567832], [57.414494304879696, 41.94087539268829], [90.51662967899028, 94.09491326751389], [43.421105619674826, 4.082814225081933], [66.25815280065476, 42.30036481771299], [70.33233620053188, 99.11500681621652], [94.97516388977387, 92.72046820086001], [49.721317542884755, 89.37128843439649], [52.231073088677334, 11.494150247415714], [86.17860057109428, 88.75225359790724], [51.42243773878346, 27.48379682394695], [46.35565376312969, 96.43107996816505], [26.76201940928128, 40.00622732358756], [20.047761743927538, 77.26968575071031], [46.15212742934314, 21.553871230933698], [76.52617244422197, 55.015731271913815], [76.00931771940644, 55.541064627172766], [39.77004592542565, 30.838144471898744], [30.59054245673082, 69.65590702957878], [4.4761084690166815, 78.14444010335787], [45.067796632887, 68.50643298722275], [76.39383388532475, 14.183030426456133], [57.190267890308334, 91.64299194506204], [57.718338995599375, 34.4940177110184], [34.84058025065335, 84.70305345012267], [43.1829716786327, 11.91745347213774], [98.55276446778967, 58.53603236872986], [93.96148780470894, 41.90785617767192], [89.70144035042357, 99.13713901256165], [74.18926152525, 66.79572400206169], [63.65201392883895, 96.86095596894127], [40.44318278304366, 56.37204540933838], [53.17826084317458, 72.52922410641717], [6.6470298718869, 74.14191243129676], [48.09959723698552, 55.898402907452585], [35.331343085803454, 58.66063277717662]]","[[0.0, 101.5784835486355, 50.83876936853119, 40.02860287050332, 103.4014040721375, 102.04842449289434, 90.34195057576356, 28.000723366345916, 74.45476437810541, 67.88538096867785, 112.93596501390104, 64.66232877962977, 84.34219733323704, 110.63647633773631, 16.465961247722728, 76.93266142993798, 131.98187723212325, 26.654662553476136, 37.546159415672626, 21.48686867701495, 106.04912390076541, 25.772957459913513, 3.041322042610407, 35.29860982460303, 54.826820183549884, 93.36730355317303, 60.647988732527885, 46.23770297455214, 81.65316615297053, 94.5214187482932, 86.32152728088765, 121.77550090681267, 89.87699964476744, 90.94072761014512, 117.18347921097826, 78.9939460469441, 68.44737323659524, 112.07145217773764, 67.27398452679141, 126.547017316769, 41.129029437678476, 74.87803482967907, 117.45823957011616, 128.73678968796088, 98.21300786136452, 50.58993623308151, 119.69402213320181, 54.72505555813196, 102.9664885318263, 44.0562737615665, 76.00493214934697, 47.475715220822885, 90.4291754129176, 90.30789089544909, 46.46322604985573, 72.07467562969606, 74.80982210818922, 77.92600464168541, 74.88088338808991, 103.95141363127804, 63.56344960364711, 87.60515105347007, 41.76932810794112, 110.94419917547513, 99.43634409545992, 129.6586093321595, 95.8728150829608, 111.82809285590565, 65.30419048283242, 85.86195574594254, 70.90906342766031, 69.69488205522042, 64.40994806180953], [101.5784835486355, 0.0, 88.9275253541484, 64.29165021449563, 6.122472839774478, 13.636052206171989, 11.720343624759822, 75.16642237087832, 73.62678702705324, 44.21353323930814, 14.38413098186374, 50.54840091043082, 44.320999455261905, 21.46644622463949, 85.53821962083235, 36.27152343429689, 43.462929537156235, 74.93438195096994, 73.30360639366673, 80.76305361645328, 62.3219757631182, 75.91843636288108, 104.58606122304023, 77.79145030159638, 46.796712347951726, 98.58020064729985, 77.35049056098728, 62.77207848144305, 54.366661724039176, 100.65496449865998, 17.968662007425465, 26.394895263170095, 34.25552024244409, 15.238342372038238, 53.967823115195095, 41.505358431378795, 33.17652147747242, 44.94885424567352, 50.685874375085724, 39.129031999804766, 88.55233131958957, 52.12541202666052, 20.102717712750202, 43.54739832240524, 3.3667886000081806, 80.78204409905135, 34.92635655721435, 64.7884266840225, 6.56093111948233, 57.79487137703214, 34.783984234713266, 70.91503359792344, 44.92060115887996, 44.19634929685579, 62.53081027289994, 30.75359762000803, 49.033345768006384, 24.602669224194454, 81.98238459717479, 5.794461301582333, 58.11938839673791, 18.23468081402195, 80.77687582803051, 57.95410816092752, 65.92033625563147, 38.88218952007084, 34.16186009976859, 13.054972998654632, 37.54376782747355, 19.820246461656307, 48.31386010103668, 36.52597511882492, 37.26805726929632], [50.83876936853119, 88.9275253541484, 0.0, 57.696009335529986, 87.61161242697439, 96.11749716589642, 77.63443379060828, 36.581637585664225, 28.39924266178346, 78.13544157802583, 94.74833099620926, 79.1866323676017, 95.83497272498931, 87.61640159148637, 41.95127293448107, 83.24356411686273, 103.07919541843492, 45.190270001530166, 24.655627282748043, 49.38252975384381, 64.48630618266682, 46.595044491961495, 51.9698518958347, 22.070477426855387, 52.55003495081682, 42.53279341350387, 14.94123718036977, 30.406338413663246, 44.48288682900921, 43.687934517373364, 70.96180183066014, 99.22157679300688, 95.65928316101419, 85.61139304611254, 80.01610280431588, 50.527962796974705, 63.49429162265605, 78.08436808824172, 38.81619013026233, 98.1318411117934, 9.742750251811495, 41.09051065159045, 97.28561343327976, 98.66876141120296, 86.07800507688869, 8.183376270600778, 91.56087430288873, 24.183576129278553, 93.31673060685479, 45.149870305521105, 80.97768219931513, 19.487616753300333, 56.70319259027452, 56.97270806653936, 30.555960077877334, 70.02392717447668, 89.22130534079385, 65.6432029715886, 25.651332248835352, 88.3749046264051, 31.46819842609188, 83.37432662155219, 13.126152648411, 71.4622897861119, 56.14699881147394, 102.51831503234749, 66.83672477690786, 94.08926605494821, 54.50960791105767, 69.16815359973045, 84.68324050315987, 52.77827495331295, 58.09547945883304], [40.02860287050332, 64.29165021449563, 57.696009335529986, 0.0, 67.20285413137917, 62.83884010583534, 53.990638866234534, 22.654240366609766, 66.70054776795665, 27.999386299841674, 77.09111544883775, 25.59948674718577, 45.18867471337847, 77.27113640172503, 26.782141012744145, 36.90810450986455, 100.38505509079026, 15.972766420657285, 33.065818766628496, 18.65315592201163, 87.0354347357395, 15.785044978076687, 43.04185302379487, 35.90225769002332, 21.014274869709023, 93.16729795972088, 57.61596712451628, 31.258392606830878, 63.09262089933287, 94.94142125818836, 51.69007018447579, 87.36806881193323, 49.92542059433744, 52.03899673823689, 92.74639891745186, 54.21434198645641, 31.75520645729486, 85.606316831255, 46.67658991037991, 95.0091228781613, 50.43240681833239, 55.517305256644214, 82.20095673819759, 98.0715046344554, 60.966322686608166, 51.79214874143419, 88.49063044574041, 43.36222601015282, 64.63400672860561, 16.21289999922251, 35.99905924656806, 41.1392855594069, 66.96602038463901, 66.55932824131214, 31.281674433438152, 33.64140221350312, 36.196353094378246, 43.06903278080241, 71.49688246016207, 67.62470280166461, 47.65353177413059, 48.604017356096215, 44.5804842701155, 89.26481335428514, 83.22236818849322, 97.1757202928833, 67.9427122888814, 75.86354299721685, 32.784102668221934, 51.99033978093711, 31.9112306565228, 39.690274811674385, 29.42826208744321], [103.4014040721375, 6.122472839774478, 87.61161242697439, 67.20285413137917, 0.0, 19.635933297095484, 13.235270307899345, 76.42432552979894, 70.63539886999544, 48.8770588367207, 9.921639659373113, 55.24096504071868, 50.13858023031974, 15.36377983094086, 87.16020967542143, 41.426277008367514, 37.78887165399046, 76.8650228377861, 73.47591994308388, 82.96373162639057, 57.05470734087447, 77.95391135640784, 106.37881395114545, 77.90515045989986, 48.62543663708228, 94.7689684708908, 75.38634007340818, 62.81076541373176, 50.86463650178311, 96.82919283855601, 17.58674343481005, 21.291455448998565, 40.23005259869644, 20.696592089363325, 48.023657809111555, 38.72404799081168, 35.56199943806881, 39.04511494444495, 48.92855694132329, 33.283615233638784, 87.90356567133247, 49.37209379973138, 15.34607896099439, 37.631044379007115, 7.8133275826128035, 79.5427278720801, 28.86667254874247, 63.665892631616956, 12.35643838310532, 59.372705284721356, 39.74130412703452, 70.22057079745673, 40.64102667008334, 39.934750514257935, 62.56361575247992, 34.17903997153669, 54.422151301737784, 25.53296084117942, 79.00608465314765, 0.7988532480830235, 56.376366373976005, 23.37703410588583, 80.2199746164705, 52.343561835848796, 61.11246173521877, 33.352742062339516, 29.355907627257672, 8.666911094015493, 38.43504641017792, 18.81751835839237, 53.42869564249408, 36.183946190225036, 39.03813867285058], [102.04842449289434, 13.636052206171989, 96.11749716589642, 62.83884010583534, 19.635933297095484, 0.0, 19.9733070738907, 77.37715255990916, 83.84930856331435, 38.456066507569616, 25.613845841177863, 44.377409609883486, 33.74157578752674, 34.70494950472657, 86.71689347329752, 29.19730088503026, 55.263478958088285, 75.61061238723998, 77.86539211490683, 80.66910867744322, 75.55695148732318, 76.3239382247641, 105.08930162322372, 82.38132649486732, 48.73832377482104, 109.86926944246919, 85.84621439631246, 67.86181210864662, 65.57701818706244, 111.95642241893982, 27.07522357601195, 37.483204361483324, 23.03878827219005, 11.279708285654939, 67.60293405666246, 52.003350831399764, 34.90486984198687, 58.584543163401264, 59.369806279446706, 51.41689683489814, 94.48311870950603, 62.314514975263585, 31.052249300896513, 55.98506486948878, 13.848003580498668, 87.93918781170778, 47.88938242482649, 72.02144786363462, 7.358657861341806, 59.7956086626063, 28.632488628131963, 77.22733249268909, 57.2322092482339, 56.49701237971983, 67.63901423015926, 30.102951653461933, 40.312835386726945, 30.521504700677372, 92.09858946505027, 19.163008584663697, 66.58338816384213, 14.472254443126621, 86.64562710293562, 71.46765045313906, 78.67163290165254, 50.419108525231316, 47.13591487275468, 24.418769669525094, 42.11926676982282, 29.430967678919746, 40.71199493410756, 43.479546654864265, 40.01078407350378], [90.34195057576356, 11.720343624759822, 77.63443379060828, 53.990638866234534, 13.235270307899345, 19.9733070738907, 0.0, 63.63436274473423, 63.92469334742905, 37.21716422325286, 23.100726673508593, 43.53724210115023, 41.89554218421058, 25.16960896254238, 74.17939481308859, 31.009761527086777, 48.83899860221779, 63.75297471537214, 61.58500900752772, 69.77982863452911, 57.54970321988975, 64.80966245109988, 93.33245438485166, 66.07475866455688, 35.51882810748341, 89.92287288333284, 66.54148789768485, 51.06612639692434, 45.66064999663852, 92.0108977550896, 7.12471956336201, 33.7854741333395, 33.45078779350864, 13.4496792880076, 52.60018724712567, 32.030192483829566, 22.326779123238666, 43.58853283014506, 39.88813299386031, 43.839886866205624, 76.96945114592292, 42.369931048410834, 28.284640586330696, 47.74997063146941, 8.560444159264751, 69.46439200665979, 38.27982829170157, 53.45431118367709, 15.739833794369126, 46.389002184915284, 28.89651254821226, 59.37135816682286, 37.96918325783855, 37.23296511986108, 50.82562168975573, 21.316557279811096, 44.32689312120012, 12.891196242576912, 72.2011178973834, 13.70487274223038, 47.24076840754209, 14.39823310991277, 69.17414791851832, 54.60936402230384, 59.706745494562234, 44.86922622495964, 29.099894093109842, 21.87945457496904, 25.857824303837415, 9.45766306677169, 42.606644952377955, 24.978990343613685, 25.932148444718802], [28.000723366345916, 75.16642237087832, 36.581637585664225, 22.654240366609766, 76.42432552979894, 77.37715255990916, 63.63436274473423, 0.0, 52.04340823167053, 48.30627634775663, 85.72495153489251, 47.32318410145655, 66.26268637139351, 82.84354344558159, 11.663357487426822, 55.91187532053662, 103.98839751651991, 8.63309036836418, 13.532083441465156, 14.029439566460825, 79.94487722826057, 10.135076632140436, 30.77898180243593, 14.592571468808803, 28.70904711897126, 75.76740810154048, 40.11483040505963, 18.982131919755616, 55.2144960819164, 77.3297278212922, 59.045267900578295, 94.11143389724543, 69.19844771184889, 66.09909351554792, 89.83428886123149, 51.21814185507721, 42.64632583593232, 84.35369780451988, 39.92755123760623, 98.55558256050716, 28.372171256718964, 48.03951090791164, 90.0258004484235, 100.73769724841544, 71.83118365667276, 32.09235925167028, 91.69895876915908, 29.4969349947614, 77.28736517967114, 17.59665437153709, 54.3223902329208, 23.926032516040333, 63.0021355716755, 62.82811431734603, 19.178710118474427, 47.39928477820402, 57.95093441752906, 50.90444755296795, 54.83671593096672, 77.02157858015958, 37.26803702886925, 62.97774899257453, 23.665154711451024, 84.1574540148507, 74.14537709806288, 101.71061388927303, 67.92917704200936, 84.67014519229471, 38.00610672498074, 58.38853097043412, 53.48173401903026, 41.83278003022752, 37.984373767290386], [74.45476437810541, 73.62678702705324, 28.39924266178346, 66.70054776795665, 70.63539886999544, 83.84930856331435, 63.92469334742905, 52.04340823167053, 0.0, 77.92896119359064, 75.67913379027097, 81.12899095683191, 93.49681888511381, 66.5173571716001, 61.57274859865137, 79.87388566000521, 78.13367250710428, 59.87069804343733, 38.73549068941409, 66.0538130082146, 36.26573125140208, 61.57749951097642, 76.23909534924177, 39.59708047781516, 52.47604646406168, 28.004409557775453, 14.27158332872444, 35.639780673550035, 20.451538679132995, 30.0164669172809, 56.80067238231338, 77.48066229163946, 90.13364233591153, 75.0806849881514, 52.65306279637188, 32.12501036741564, 57.86318348140416, 52.04869546530037, 25.91421855015199, 73.61149784681483, 35.85398865104808, 21.568793090875168, 76.92773752971684, 73.40006480209, 71.44506644153434, 24.575302577222267, 67.51393206833716, 23.467566208982635, 79.23525794195398, 50.739417509079004, 77.24595910817798, 28.16556004127621, 32.80074212999412, 33.294484199164906, 35.5801100154893, 64.45730295236186, 89.42154284335504, 54.689534102815124, 8.371056170044133, 71.43420929295408, 20.595029497717007, 73.84485335715276, 32.80796600179403, 43.60705248803727, 27.76894770267143, 78.37364042967991, 44.50580912423795, 75.32840054971952, 48.045926055185085, 54.501750905771786, 85.24452346516429, 42.619286163004226, 53.310434060308], [67.88538096867785, 44.21353323930814, 78.13544157802583, 27.999386299841674, 48.8770588367207, 38.456066507569616, 37.21716422325286, 48.30627634775663, 77.92896119359064, 0.0, 58.46830668793124, 6.364872511642629, 18.058796848491518, 62.377661696605905, 54.58792637029313, 9.596944332720742, 86.00737611496345, 43.43185238549132, 54.6021962419793, 46.63763781061378, 86.80524390661415, 43.544594679490984, 70.87141227145418, 58.56745447379748, 26.174246278648113, 105.91835989093663, 73.30547336418017, 47.88801331495729, 66.8250042310834, 107.90949849071637, 38.67767160507312, 70.16845878404801, 22.00033257559388, 29.409633300781017, 86.8288563583467, 53.96222957533554, 22.10927670389713, 78.29011571361885, 52.7475951391536, 81.05246679396481, 72.96189994151509, 60.21363571087738, 64.11650957164666, 84.95483375209366, 41.3275247122775, 70.7735379351234, 75.44003739235035, 57.60155282256072, 42.306198658071295, 33.36447371637934, 9.837304725995356, 59.03332972936653, 65.35876013339501, 64.73392834046241, 47.76731810223046, 17.602041076278294, 11.518380965930506, 32.11946227921337, 84.72793150846265, 49.0262099781498, 57.34752815747344, 26.10242949520629, 65.81195901763111, 86.3674731075458, 85.82533568155581, 81.90326457221512, 61.2911296712843, 57.14240790198939, 30.817778216845237, 40.23020203109476, 7.375691863715133, 37.97416876975071, 25.226168078857377], [112.93596501390104, 14.38413098186374, 94.74833099620926, 77.09111544883775, 9.921639659373113, 25.613845841177863, 23.100726673508593, 85.72495153489251, 75.67913379027097, 58.46830668793124, 0.0, 64.82067081348639, 58.34914240740917, 11.561557416144055, 96.62354775135992, 50.65362997424653, 29.670844125629973, 86.479162090268, 82.07914748295316, 92.66840919368211, 57.29921896566015, 87.60640884060851, 115.89672191317324, 86.44313356811281, 58.26960826298872, 98.15927565431112, 81.83471287772055, 71.37027151811111, 55.372293600572206, 100.17683602139788, 26.68031037411043, 12.102687818756324, 48.00341043657773, 29.61659142003711, 45.41598513786216, 44.677178557668846, 45.40441686445378, 36.981768408239375, 55.93840640492271, 25.84907827118017, 95.73184547310734, 55.09621721968329, 5.724761236936304, 30.456537239007957, 17.14129801869308, 86.81114271492854, 22.982195194963587, 71.17867491782098, 18.54565504463107, 68.87976326869948, 49.133092444006785, 78.10322564680908, 43.93599115779846, 43.29391030815157, 71.12020201145815, 44.092512658160395, 63.38969037937018, 35.014958861318135, 83.98958497706674, 9.591222801073535, 63.2914059153953, 32.60178199304407, 88.17230381315028, 51.40866216377412, 62.633712771596265, 24.886548078995293, 31.96983665056228, 1.330177167105315, 47.73475108582287, 27.466097306428665, 62.695378109055014, 44.7453385622015, 48.704022756255156], [64.66232877962977, 50.54840091043082, 79.1866323676017, 25.59948674718577, 55.24096504071868, 44.377409609883486, 43.53724210115023, 47.32318410145655, 81.12899095683191, 6.364872511642629, 64.82067081348639, 0.0, 19.71290308199558, 68.70478111168426, 52.363657156476926, 15.195285440418187, 92.34833279913973, 41.51726069820168, 55.055394895597374, 43.853431607862134, 91.95980219355161, 41.384500822095234, 67.59200288159622, 58.75281288080077, 28.704106499170628, 109.01341697288206, 75.50830557910227, 49.4053329316525, 71.22941688728416, 110.96942136040461, 44.777058767300204, 76.53241771019323, 26.146724937961668, 35.6657203541457, 92.6344803078484, 58.789363604325644, 27.254920682620956, 84.1899038661449, 56.52344994213365, 87.37705424340524, 73.34337362078142, 64.36769429003976, 70.47391632197562, 91.25520067051076, 47.68134259666452, 72.14785496538134, 81.72239002212163, 59.88929443664853, 48.499924540913874, 34.037880877344456, 15.953619586104859, 60.51407945453267, 70.52674862915255, 69.9242359717348, 49.3136551882426, 23.48451567901648, 10.647994642074202, 37.89758341959471, 87.58226944131061, 55.38771886043843, 60.55392504340866, 32.39664685523138, 66.5156220903078, 91.84965946198797, 90.57829211318278, 88.2591820140506, 67.02147077956147, 63.494093711256625, 35.189787225292314, 46.24019646980526, 6.31966819948994, 42.63154343710329, 29.615292361303304], [84.34219733323704, 44.320999455261905, 95.83497272498931, 45.18867471337847, 50.13858023031974, 33.74157578752674, 41.89554218421058, 66.26268637139351, 93.49681888511381, 18.058796848491518, 58.34914240740917, 19.71290308199558, 0.0, 65.26241859707456, 71.96951461720278, 13.66179843387158, 87.77956697829042, 60.9898745707769, 72.58053486868913, 63.55825739648381, 97.50088750642969, 60.951000111707934, 87.25790937082388, 76.5919272876851, 43.40130776379621, 121.44979587563337, 90.16321004836333, 65.46174983381881, 80.17157447018477, 123.4852456430169, 46.0713532159141, 70.4483065471951, 10.775381265733479, 29.619771981720223, 94.42126192082527, 66.4862904015685, 35.70692364279222, 85.44991195849182, 67.72124585562109, 83.41262262842669, 90.92966854252326, 74.27669856278533, 64.02367708694347, 87.7665492176897, 42.39950908899105, 88.31097431204884, 78.82700470499564, 74.49942559745321, 39.99209845669966, 51.35598324870688, 16.33340407331906, 76.55794549951827, 76.43798908774697, 75.74709759027544, 65.32484263532898, 29.32672665507698, 9.844123688209692, 42.24607857204856, 100.74342762140846, 49.99688926983359, 73.15406924335458, 27.62765981919556, 83.6928711884857, 95.69840072318613, 97.89533794537033, 83.15115878105061, 69.9790628420459, 57.055144136986854, 45.463397702224675, 48.2189770058492, 13.433515267203685, 51.59353632403579, 40.21601071199932], [110.63647633773631, 21.46644622463949, 87.61640159148637, 77.27113640172503, 15.36377983094086, 34.70494950472657, 25.16960896254238, 82.84354344558159, 66.5173571716001, 62.377661696605905, 11.561557416144055, 68.70478111168426, 65.26241859707456, 0.0, 94.17653244105279, 55.74335877738134, 23.69787681527931, 84.7354361057602, 77.49531910701774, 91.29933319952532, 45.85703843102907, 86.02631248061702, 113.51298735215781, 81.67091203226683, 57.11974122703753, 87.69697241459632, 73.98873636773835, 66.85862132357511, 46.06589621289244, 89.68351571301535, 25.61393124435196, 11.702260194226188, 55.52920187162336, 35.65695107927347, 34.01609863327614, 37.092053096806296, 45.78191567305944, 25.453078335835734, 49.24830251799007, 18.675659083491514, 89.59170598113114, 46.91758698218611, 10.577679636746728, 22.7071550785309, 22.897674966192362, 79.93347114376235, 13.567136364938941, 64.86070556699303, 27.34630134948776, 66.94491206599692, 53.81048096284604, 72.25115759006735, 33.996199356308225, 33.417914038389334, 66.60699100605513, 46.17048646908594, 68.96137111140108, 34.20392200705173, 74.69858055880232, 15.683691204612247, 56.297451924729856, 37.9909404273787, 82.30905158835621, 39.84967784444065, 51.51080022125942, 19.980397071605257, 22.04659550946299, 12.061541211869303, 45.666748511379204, 25.336277965225733, 67.57037260714534, 41.01723991285871, 47.930529913273624], [16.465961247722728, 85.53821962083235, 41.95127293448107, 26.782141012744145, 87.16020967542143, 86.71689347329752, 74.17939481308859, 11.663357487426822, 61.57274859865137, 54.58792637029313, 96.62354775135992, 52.363657156476926, 71.96951461720278, 94.17653244105279, 0.0, 63.08592139116497, 115.55006873439002, 11.292547076976403, 23.051616774591196, 9.493524129313744, 91.1048985834189, 11.044819933687616, 19.34193287335577, 22.109180391752997, 38.74455339255047, 83.40187509117759, 48.62197225495753, 30.420438092688546, 66.4540517099708, 84.80118964422881, 69.97264936532478, 105.33921892676926, 76.29932671245487, 75.50338466309131, 101.40555475557754, 62.872316161449085, 52.547296693366675, 96.00402080990216, 51.46288889004338, 110.1125839930832, 32.5331330915151, 59.41184877560271, 101.08018425712041, 112.34723070817643, 82.17938142866977, 39.39188821864225, 103.26576332336244, 40.0819789960331, 87.21551918568626, 27.794503429726635, 61.849481190812554, 33.569628384807295, 74.58267129201268, 74.42255968376632, 30.630788404723265, 56.61845513816321, 62.92072646845994, 61.64320241635842, 63.33804452440201, 87.72678086131792, 48.39213535906913, 72.24487539883988, 30.357322642466237, 95.55776625543554, 84.98944805448286, 113.1990746144707, 79.58541476160863, 95.53225730409422, 48.92697987569412, 69.46012825144325, 58.68093305907648, 53.22904641514842, 48.28118309133209], [76.93266142993798, 36.27152343429689, 83.24356411686273, 36.90810450986455, 41.426277008367514, 29.19730088503026, 31.009761527086777, 55.91187532053662, 79.87388566000521, 9.596944332720742, 50.65362997424653, 15.195285440418187, 13.66179843387158, 55.74335877738134, 63.08592139116497, 0.0, 79.08622143209921, 51.82036896561545, 60.702358963016586, 55.5393515903759, 84.59334344394618, 52.096069631666495, 79.94073977764457, 64.9035839213065, 30.70871489483679, 107.81027010673671, 76.89204807280457, 52.847576042379856, 66.60871853512901, 109.84896549937802, 33.989751544448204, 62.59566164668808, 13.292983726469066, 21.07994509512159, 82.67812674466796, 53.02057333713102, 22.049259271060578, 73.8581849181861, 54.07058402228726, 74.33932120775971, 78.92174609318697, 60.63401480364825, 56.366110030657985, 78.45008022245047, 33.66554666436729, 75.54156204664021, 69.12613782104141, 61.29570986687351, 33.613754514942116, 39.74552178246681, 2.691136226173571, 63.82191366118944, 63.3465117277236, 62.67129405497065, 52.69243306228158, 15.692450833837826, 13.320205013093128, 29.134678609536895, 87.18220403836034, 41.47010144487743, 59.59112734018482, 18.074352199748706, 71.47230511548028, 83.25391481493953, 84.60800825816366, 74.75857357715397, 57.65312124133043, 49.32381718756301, 31.82892048839011, 35.93266262981595, 12.042595657079016, 37.94838984035206, 26.654730744940924], [131.98187723212325, 43.462929537156235, 103.07919541843492, 100.38505509079026, 37.78887165399046, 55.263478958088285, 48.83899860221779, 103.98839751651991, 78.13367250710428, 86.00737611496345, 29.670844125629973, 92.34833279913973, 87.77956697829042, 23.69787681527931, 115.55006873439002, 79.08622143209921, 0.0, 106.74338481033531, 97.01664290711592, 113.4979398609135, 47.61810183056715, 108.13287245807535, 134.76413732996275, 100.87686140043951, 79.83132310482047, 93.59166908540753, 88.47449758932308, 86.72494610648883, 58.79061321855766, 95.35439378814984, 49.03374425622562, 17.90592768310784, 77.58354495420058, 58.48363436208866, 29.869113375596765, 54.43501449327759, 69.21250470089066, 26.46719851661194, 67.03875883530552, 5.444769441341616, 106.71752719924422, 62.25476810925997, 24.251182028608643, 5.055225782755766, 45.60189863744435, 96.08255862856085, 12.292171507833945, 82.44984450157253, 48.208083130349216, 89.04940569285367, 77.26356008285977, 90.2712315415014, 46.38476074333954, 46.10649228977638, 86.47852860701587, 69.85648882842372, 92.18004880583615, 57.47748316773136, 85.5228500752719, 37.85232467959276, 73.20173852639097, 61.115399217688, 100.0330176157874, 39.42554980439797, 55.85259755260277, 5.036713118810714, 37.05403322014062, 30.90647782716617, 68.1161293344304, 48.45315665683232, 91.01554960352227, 62.525166719266764, 70.95683361950435], [26.654662553476136, 74.93438195096994, 45.190270001530166, 15.972766420657285, 76.8650228377861, 75.61061238723998, 63.75297471537214, 8.63309036836418, 59.87069804343733, 43.43185238549132, 86.479162090268, 41.51726069820168, 60.9898745707769, 84.7354361057602, 11.292547076976403, 51.82036896561545, 106.74338481033531, 0.0, 21.908749855110052, 7.017945459732155, 86.00510618326132, 1.7286563125553975, 29.67394512265946, 23.225653964401307, 28.241348110321102, 84.1930661522606, 48.43467954432204, 25.290728935605117, 61.26564649871568, 85.78611264439155, 59.969804094638256, 95.65319058138763, 65.05305679366295, 64.43648457262476, 94.69386323741617, 55.65573277356096, 41.79295809617114, 88.63864907800436, 45.32472471425002, 101.29911184689105, 36.80426480704772, 53.85424351302373, 91.12648965451179, 103.80554714033488, 71.56822040384436, 40.67944846494025, 94.51713816999336, 36.802656923441745, 76.33851877558483, 17.790610091248833, 50.56104652645722, 31.99616445335926, 67.94749090161118, 67.69674557578786, 25.438233463329503, 45.54610298130248, 52.140780016409195, 51.47456437766494, 63.086679494909596, 77.3991457591589, 43.74202749026075, 61.14194065031436, 32.29818771586929, 89.65881299041452, 80.72689840061275, 104.1175948036771, 71.63661560631503, 85.34829696217102, 39.10718340497155, 59.660508294402376, 47.811379391215546, 44.22413743141668, 37.83122099566812], [37.546159415672626, 73.30360639366673, 24.655627282748043, 33.065818766628496, 73.47591994308388, 77.86539211490683, 61.58500900752772, 13.532083441465156, 38.73549068941409, 54.6021962419793, 82.07914748295316, 55.055394895597374, 72.58053486868913, 77.49531910701774, 23.051616774591196, 60.702358963016586, 97.01664290711592, 21.908749855110052, 0.0, 27.528272145351096, 68.51714851139296, 23.52607535577429, 39.849775535971666, 4.520521021424144, 30.406052800923707, 62.28872671824836, 26.584959395820604, 10.712116949115616, 44.125925297402354, 63.87738969665144, 55.90898981088784, 89.10298857069435, 73.64950777730249, 66.75110665451253, 79.95912220383403, 42.78139934530568, 43.277720049223085, 75.36914984024592, 30.44563407296827, 91.66507970670426, 18.3608559426819, 37.50060492348961, 85.76322318877783, 93.33884336213158, 70.10993767045815, 19.002879467142954, 84.78889588774155, 17.211612858468, 76.49315787461471, 21.23785094887275, 58.6727745584727, 10.581527323321668, 53.40676021155128, 53.35337227002714, 10.9629061414527, 49.21495591862056, 65.33930484391725, 48.73673440625282, 41.30537884488008, 74.1567730924995, 26.06413744639833, 64.01051070805194, 11.597537005594331, 73.44495856105105, 62.09134761793838, 95.2849714955103, 60.11489775749697, 81.16370512502668, 36.00146693786352, 54.73002271929453, 60.78594081319688, 37.35287591975488, 37.964510170060315], [21.48686867701495, 80.76305361645328, 49.38252975384381, 18.65315592201163, 82.96373162639057, 80.66910867744322, 69.77982863452911, 14.029439566460825, 66.0538130082146, 46.63763781061378, 92.66840919368211, 43.853431607862134, 63.55825739648381, 91.29933319952532, 9.493524129313744, 55.5393515903759, 113.4979398609135, 7.017945459732155, 27.528272145351096, 0.0, 92.93212551625884, 5.433014439817829, 24.521363442340476, 28.01629901145112, 34.42446106776272, 89.60788274414178, 54.07795191802015, 32.06624107455508, 68.18034901368249, 91.12931738101851, 66.30930052281269, 102.09361404384939, 68.57850350488495, 69.62163187830473, 101.71141810935704, 62.668895634348225, 47.59365203058527, 95.6332146862689, 52.30912081156473, 108.05582325265455, 40.398366354780414, 60.79965773371242, 97.42929989647561, 110.627751055818, 77.39799548319567, 45.70032630682591, 101.29643703891001, 43.285960142823775, 81.82656689934555, 24.449123943371678, 54.55007199313234, 37.95483256553118, 74.96461849719405, 74.71458340971381, 32.22634461715698, 50.81278890981, 54.27286310504395, 57.740747825186254, 68.82177515391722, 83.47143532620026, 50.54223939615358, 66.25652931763616, 36.94001753813201, 96.65509709569581, 87.53533304356165, 110.7920905329225, 78.5846914956758, 91.5121066717629, 45.63259015506958, 66.1119261697571, 50.16358470056028, 51.0203883527698, 43.96578927583823], [106.04912390076541, 62.3219757631182, 64.48630618266682, 87.0354347357395, 57.05470734087447, 75.55695148732318, 57.54970321988975, 79.94487722826057, 36.26573125140208, 86.80524390661415, 57.29921896566015, 91.95980219355161, 97.50088750642969, 45.85703843102907, 91.1048985834189, 84.59334344394618, 47.61810183056715, 86.00510618326132, 68.51714851139296, 92.93212551625884, 0.0, 87.70301859476396, 108.27475945146443, 70.94441056717535, 67.30654005025322, 46.08851312121209, 49.7545188794886, 61.01620636862, 24.759439737909688, 47.80085964409625, 51.873727675667055, 53.65255826722919, 90.47896150204222, 70.98485505363851, 18.28394649687121, 33.540394913118206, 64.75212917578988, 22.134918286768514, 40.86679674359268, 44.40981573154618, 71.0387335906542, 32.16623728650596, 55.8969041315988, 42.564564243144034, 61.71414767127127, 59.52638173589456, 40.13542732820963, 51.324165028441016, 68.87427807550299, 71.40568696324482, 81.9737942923328, 58.752140046469925, 21.447738990482023, 22.07240614479544, 60.83483154100845, 69.60838660422121, 97.05808197403604, 55.46349006995906, 41.73468055353631, 57.74709170894904, 42.71690764787246, 71.45871568591546, 66.41249419742816, 8.384323594051152, 9.014099133619329, 49.51747803721562, 28.544212329999137, 57.58345055444799, 57.31962792476047, 49.556305456534076, 93.88248541489716, 49.65779514800387, 62.671171500307935], [25.772957459913513, 75.91843636288108, 46.595044491961495, 15.785044978076687, 77.95391135640784, 76.3239382247641, 64.80966245109988, 10.135076632140436, 61.57749951097642, 43.544594679490984, 87.60640884060851, 41.384500822095234, 60.951000111707934, 86.02631248061702, 11.044819933687616, 52.096069631666495, 108.13287245807535, 1.7286563125553975, 23.52607535577429, 5.433014439817829, 87.70301859476396, 0.0, 28.80754116058545, 24.70166597178416, 29.338067464704846, 85.81469414569901, 50.07844423256754, 27.01640536471542, 62.968013546613946, 87.39806285798666, 61.15457157009919, 96.8883187674391, 65.28588775649675, 65.18695567168241, 96.30802020794343, 57.253517119832985, 42.74899567076752, 90.2033782258265, 47.000252627800464, 102.68958374892247, 38.081771199928774, 55.547692025921314, 92.30149709413554, 105.23403214984454, 72.55164776348136, 42.225065638140414, 95.92005802836673, 38.52731973803508, 77.1992267912014, 19.105846076303617, 50.91615366603369, 33.6722592052972, 69.57828508467891, 69.3216762625988, 27.16306638509552, 46.31018852155364, 51.97397362934006, 52.62480329794534, 64.74633887968274, 78.47765408030938, 45.46403270347366, 61.866498425104595, 33.76769527581178, 91.32292637974899, 82.44657880341713, 105.46442680874011, 73.1532175485877, 86.46502354499438, 40.36968547693033, 60.895063907748636, 47.69588931077041, 45.63287125802454, 38.91762757157671], [3.041322042610407, 104.58606122304023, 51.9698518958347, 43.04185302379487, 106.37881395114545, 105.08930162322372, 93.33245438485166, 30.77898180243593, 76.23909534924177, 70.87141227145418, 115.89672191317324, 67.59200288159622, 87.25790937082388, 113.51298735215781, 19.34193287335577, 79.94073977764457, 134.76413732996275, 29.67394512265946, 39.849775535971666, 24.521363442340476, 108.27475945146443, 28.80754116058545, 0.0, 37.38594916213093, 57.82217665408336, 94.48769711341684, 62.30866710856427, 48.79893371082829, 83.97500508104395, 95.5889925742913, 89.2694824361458, 124.68046973510725, 92.86688384395678, 93.9799553201719, 119.65546688058765, 81.61362950696629, 71.46393071771674, 114.65347918806414, 69.79423537773896, 129.33259429907665, 42.326575287041315, 77.28416621051457, 120.39663441071413, 131.4818609714694, 101.221036333091, 52.154860489947474, 122.47370309944601, 56.96630992256281, 105.99622297077703, 47.01923210714338, 79.02597121678296, 49.59167669345861, 92.93945159330774, 92.83173138341981, 49.028173867590716, 75.11237312378479, 77.69853331291863, 80.89191120795432, 76.38170379979138, 106.93218623088451, 65.90829456632548, 90.64539861594747, 43.46061493595965, 113.29341158439742, 101.53724216960943, 132.48088051186977, 98.56065578004217, 114.7933041603631, 68.23996592072731, 88.78823571305749, 73.82668631790501, 72.54552821724516, 67.40171602394287], [35.29860982460303, 77.79145030159638, 22.070477426855387, 35.90225769002332, 77.90515045989986, 82.38132649486732, 66.07475866455688, 14.592571468808803, 39.59708047781516, 58.56745447379748, 86.44313356811281, 58.75281288080077, 76.5919272876851, 81.67091203226683, 22.109180391752997, 64.9035839213065, 100.87686140043951, 23.225653964401307, 4.520521021424144, 28.01629901145112, 70.94441056717535, 24.70166597178416, 37.38594916213093, 0.0, 34.77860248569537, 61.66313373138465, 26.52221383850332, 15.095657526925491, 46.88528727168205, 63.15115418118617, 60.350719507035954, 93.30588129355029, 77.91640064218599, 71.26033919440458, 83.04917513059635, 46.50638419772328, 47.765141556093354, 78.77332084929319, 34.015173423192046, 95.55116770632121, 14.649589742213788, 40.58451022192783, 90.0610624769722, 97.11372423682283, 74.6052099552426, 17.684989645027994, 88.6844800915441, 19.777140264889017, 81.00889069290554, 25.255013392607882, 62.920686389344944, 12.207841373126257, 56.71177606718758, 56.69936229149091, 15.343559836717466, 53.65638215265779, 69.14082696752371, 53.235851147842126, 41.260307677107555, 78.5908601190113, 29.02859073826656, 68.50751456108836, 9.072707482802022, 76.21294446336167, 64.15627643582877, 99.25453530626348, 63.889011916491754, 85.54107080506625, 40.51858774265729, 59.13737273373347, 64.59076124022134, 41.75040583322394, 42.464499969236265], [54.826820183549884, 46.796712347951726, 52.55003495081682, 21.014274869709023, 48.62543663708228, 48.73832377482104, 35.51882810748341, 28.70904711897126, 52.47604646406168, 26.174246278648113, 58.26960826298872, 28.704106499170628, 43.40130776379621, 57.11974122703753, 38.74455339255047, 30.70871489483679, 79.83132310482047, 28.241348110321102, 30.406052800923707, 34.42446106776272, 67.30654005025322, 29.338067464704846, 57.82217665408336, 34.77860248569537, 0.0, 80.31747699313021, 47.13488640090931, 22.145078479277576, 44.4091765225031, 82.26900083749369, 31.902230695657728, 67.7276079168035, 43.37653128254665, 37.46070459188524, 71.90731115617696, 33.92259949211434, 13.938428754835845, 64.62783373839119, 28.63014852705797, 74.41930883669836, 48.38491641368569, 37.07341584100421, 63.005054145314205, 77.32368571141768, 43.43638458283188, 44.92542447825134, 67.80084306842822, 31.434260989787855, 48.61427561067306, 11.120651657678929, 28.505542487531017, 33.17840126665093, 46.608313105281354, 46.14702908843841, 21.994082443998916, 19.055981769178395, 37.634515481288254, 23.31671425580932, 58.88312984041978, 49.15782875351078, 31.950980637011092, 34.42174893074279, 40.83171462267243, 68.88381976264705, 64.42433407344559, 76.84029105591448, 46.942583289261215, 57.12695769197601, 11.818476655423323, 31.812081143315773, 33.24556539361688, 18.73577310101153, 9.590075291978343], [93.36730355317303, 98.58020064729985, 42.53279341350387, 93.16729795972088, 94.7689684708908, 109.86926944246919, 89.92287288333284, 75.76740810154048, 28.004409557775453, 105.91835989093663, 98.15927565431112, 109.01341697288206, 121.44979587563337, 87.69697241459632, 83.40187509117759, 107.81027010673671, 93.59166908540753, 84.1930661522606, 62.28872671824836, 89.60788274414178, 46.08851312121209, 85.81469414569901, 94.48769711341684, 61.66313373138465, 80.31747699313021, 0.0, 35.83678669703501, 61.93617475023659, 44.31315833998208, 2.0892991931152207, 82.88568368513283, 97.41358751222391, 117.78977814499994, 101.86302961818019, 64.31715706551769, 57.96111827841839, 85.77291496942041, 67.46120608797516, 53.75258848545558, 90.06961712716165, 52.24111263239794, 48.14910983455255, 98.26341607286373, 88.55073995697325, 96.79571825264632, 44.043907946300905, 85.10987224724006, 50.00572896514842, 104.60781536583268, 77.66138354669769, 105.17009373001038, 52.47244297089721, 54.32522755566411, 54.99976270677836, 61.927285099941216, 92.31686517462065, 117.41701900800531, 81.84532008102114, 21.71360257181884, 95.55726409957481, 48.570907603329424, 100.91803390626754, 53.04761276953149, 54.44043514564539, 37.77376600908388, 95.15163124652734, 66.20246331429256, 98.06027715434504, 75.98642707960306, 80.48314395162109, 113.22289401243809, 70.26930841714946, 81.29436325694661], [60.647988732527885, 77.35049056098728, 14.94123718036977, 57.61596712451628, 75.38634007340818, 85.84621439631246, 66.54148789768485, 40.11483040505963, 14.27158332872444, 73.30547336418017, 81.83471287772055, 75.50830557910227, 90.16321004836333, 73.98873636773835, 48.62197225495753, 76.89204807280457, 88.47449758932308, 48.43467954432204, 26.584959395820604, 54.07795191802015, 49.7545188794886, 50.07844423256754, 62.30866710856427, 26.52221383850332, 47.13488640090931, 35.83678669703501, 0.0, 26.66826146194643, 29.72009325713339, 37.50736465643476, 59.57930882409663, 85.46165889291753, 88.42395451460935, 75.961905419548, 65.07632609207096, 37.17504157410775, 55.641609887453015, 63.23482380628154, 26.680709386891284, 83.61192802558453, 21.606663525669255, 27.08069914865354, 83.95384205941265, 83.98773946426027, 74.7309838592767, 10.321763495634162, 77.13372813760617, 15.70568229