instance_id,num_cities,city_coordinates,distance_matrix,best_route,total_distance
2730,69,"[[46.71175560864819, 25.26602154317803], [33.817679897705545, 54.50945618689866], [7.657594546502167, 61.99839978597501], [98.5405313690129, 47.848778680384285], [92.45280929560643, 33.231640972600594], [90.12839389231205, 52.38180086919411], [33.521297892441716, 3.577113855296876], [66.07754104241198, 2.4456209948311436], [27.143807966663623, 61.37572335013157], [18.666789305043153, 16.59475237367204], [27.785742447968175, 90.08671746686588], [57.101368356288226, 58.51530169652486], [78.07825499925521, 45.7094075517596], [29.74598071995245, 87.78083765938851], [9.87524625403574, 1.0523284741975725], [39.530659779094066, 69.0701382431949], [60.380872766840966, 97.7073047662362], [16.327872235360807, 77.61250491218931], [93.88551459800428, 10.725931055146642], [81.07530526651361, 33.79733582021412], [25.306821310767802, 73.37907437241329], [1.4913775310048227, 14.393827181940832], [26.461906558865845, 89.19606196153669], [71.33084329750109, 47.0632507099639], [39.73809983342511, 41.580001825325105], [26.727636070276528, 74.1216423360695], [87.52273124695138, 68.96078995055517], [76.55271002774771, 63.839203728837745], [45.84430554668868, 96.51693067693795], [16.339156685002322, 83.79299174476608], [69.15429664864659, 80.52192221514312], [38.85390134836169, 40.2986071428319], [7.833474993679868, 19.818742665380274], [53.294426086214706, 24.58236290441539], [78.35810452275649, 77.81621162063001], [51.63805976176419, 60.338138530042364], [74.23041877367564, 93.49468685356554], [59.50996147390689, 12.049797455899625], [76.01361935837588, 35.9925854788271], [51.017764561905345, 78.79120236486162], [84.64457152817589, 87.01785106222862], [23.487745029204365, 81.53212860851588], [82.5208729650101, 3.177236753470325], [11.803342398818328, 76.53043882510866], [60.63422123344272, 66.89977949702195], [34.80582340260169, 77.81449692941186], [86.82052529739876, 86.49361211558187], [14.728423275740198, 7.53706525731952], [91.94636270928666, 60.526638173779304], [56.46370322885841, 6.370905504783886], [84.3439801981264, 58.30231156169394], [74.112092082531, 60.82779177230009], [11.572805614222293, 81.04197889537338], [59.383433000468855, 75.71345850957206], [97.79504257112968, 60.388797567352356], [46.874816928674065, 48.76049770160991], [77.74430309787338, 97.04167485883612], [32.78685242989798, 54.000749776613574], [15.93345632583425, 0.4543191218152942], [86.89774337934296, 13.334854631330394], [12.261590697088021, 26.35623565914407], [36.73797981565896, 33.77436139956041], [73.89219601049466, 86.39366360477652], [8.408614664996994, 83.69024609582071], [8.881645580039876, 63.671890845076994], [11.18405758514902, 98.40482991551832], [83.15115927300111, 8.569350051640612], [28.541603434658047, 56.03848620220885], [83.9685091222407, 48.19874561538684]]","[[0.0, 31.9599070430607, 53.61431812156103, 56.534970741446465, 46.42946354727341, 51.188572634052875, 25.384973733617713, 29.92999042187566, 41.07085511048623, 29.35491515880036, 67.52715449498398, 34.83473386953987, 37.44047696700483, 64.7760739132707, 44.08209787965226, 44.38883617737614, 73.7196329269736, 60.52548793643636, 49.36372928158888, 35.4067347884854, 52.659634112338445, 46.50900131924493, 67.0604686416069, 32.88188981766117, 17.74197924464984, 52.784815210273656, 59.789367940500085, 48.768565127250476, 71.25618935922202, 65.93861544159257, 59.63960267642705, 16.962443909614663, 39.25803803998263, 6.6180767410616035, 61.3434093996235, 35.41640668601637, 73.56920274426736, 18.39735449717432, 31.20349969271352, 53.698106997355644, 72.47197370387163, 60.87059611735522, 42.073831526588144, 62.02126886870449, 43.899941348854306, 53.880362722541115, 73.19515867355676, 36.56842132363823, 57.35399519405224, 21.263252161692087, 50.075750476058, 44.89340642801418, 65.92194797838333, 52.01456819392696, 61.99283509031948, 23.495042007904825, 78.19695270635907, 31.930980805276956, 39.53383720041254, 41.919760936637, 34.46741111908962, 13.109845562802139, 66.89816861805137, 69.86072301892405, 53.90851529778163, 81.31114694170081, 40.082527094857376, 35.7365220917937, 43.74900588293011], [31.9599070430607, 0.0, 27.210923207645717, 65.06467649518207, 62.37646847812398, 56.35089553621423, 50.93320466725532, 61.24819651208114, 9.575290664457125, 40.82982060939685, 36.084980110575074, 23.62576869613619, 45.126925048143164, 33.51959962890452, 58.57392450633274, 15.641342687560343, 50.71151089532101, 28.976615269367926, 74.33129783977388, 51.59723912752154, 20.700174017480048, 51.51944793150228, 35.45797542976103, 38.24504417914161, 14.22048389835167, 20.854413610183165, 55.615407828889744, 43.74159335703182, 43.695167210254276, 34.10314103518753, 43.878524043926774, 15.076861644695898, 43.343102209307204, 35.70678583168837, 50.26981474630288, 18.749386026124213, 56.15191602777743, 49.627773999482564, 46.08005867821778, 29.756446526873127, 60.333810174610676, 28.9297836008759, 70.76014250206666, 31.137673835199347, 29.540599197387404, 23.32598018511695, 61.9054751288939, 50.70310866229463, 58.4392868237853, 53.1992709958478, 50.66845936026102, 40.786775036650795, 34.623824069038086, 33.21471731343488, 64.24694225964967, 14.266721806745338, 61.1435838901109, 1.149516193992798, 56.93683601934363, 67.17768195222624, 35.457986515161316, 20.939730357640723, 51.2110293231883, 38.69288171884701, 26.566068891674345, 49.38709035530084, 67.4113161048758, 5.4931699074071325, 50.54632271318934], [53.61431812156103, 27.210923207645717, 0.0, 91.97782332125638, 89.54191675954655, 83.02958339931055, 63.89035764934185, 83.42315991576848, 19.496159606441342, 46.71930615465316, 34.55569313566054, 49.566306508090925, 72.28001581770903, 33.950418354475346, 60.98640493943045, 32.64815112879106, 63.67786084023689, 17.85984305906386, 100.32008894614285, 78.6476970811493, 21.000356173619352, 48.002266249573786, 33.065313820895504, 65.40138595189907, 38.02722438916313, 22.59733377296755, 80.16804186822378, 68.91970325190191, 51.47576004181121, 23.460046031814173, 64.22589238479905, 38.00119154488652, 42.1800238115466, 59.014237340715766, 72.44836286721038, 44.011791465342824, 73.64751879477139, 71.99674180615555, 73.13582231614924, 46.49841462048066, 80.95040189487379, 25.142796702386956, 95.20735095602404, 15.111829270140943, 53.20288054418976, 31.4193452967083, 82.8660668316276, 54.91842657578912, 84.3016163584232, 74.00306996819741, 76.77540499711681, 66.46480697247034, 19.441882187707858, 53.51322452962048, 90.15181837153715, 41.39121383781783, 78.35928689949303, 26.37123446944511, 62.09801730318938, 92.99000921641472, 35.93828938887553, 40.524870761550815, 70.58435611297196, 21.70484341220527, 2.0733724358153833, 36.5768245797836, 92.48752170227108, 21.717789877575807, 77.54860500752736], [56.534970741446465, 65.06467649518207, 91.97782332125638, 0.0, 15.834174269956492, 9.55574942592977, 78.66054302040989, 55.814805103701545, 72.66684487914671, 85.77079241607967, 82.40317729427767, 42.789939757483005, 20.573810124970453, 79.5440728986693, 100.25687276401703, 62.70973645896468, 62.78560478396215, 87.43455107123218, 37.41356701712606, 22.41600252641067, 77.5562524044164, 102.65365088703159, 83.09588430995731, 27.22102457919769, 59.13563661410956, 76.46800177758993, 23.814049202131105, 27.187459987383978, 71.73200983296815, 89.71651159490526, 43.94411336553981, 60.16227134565789, 94.93920683932569, 50.87765861674761, 36.13000678705466, 48.53685148753493, 51.71586320803773, 52.961801735286166, 25.456454622897375, 56.70843807117621, 41.560966436697726, 82.2647482203034, 47.457097609408954, 91.35632205331338, 42.424391335758244, 70.42767403332176, 40.382938149085156, 93.00270803660356, 14.290247781168175, 59.0836138832696, 17.6300429621774, 27.662310583417533, 93.08691564056046, 48.059533233552926, 12.562158541957878, 51.67375813896548, 53.408090629878195, 66.04084374383056, 95.23740674775947, 36.424791906560884, 88.91560610483063, 63.384892524163234, 45.75203372289171, 96.99676899377346, 91.04442146280329, 100.93100528797082, 42.18656524191172, 70.47638768589118, 14.576224106949605], [46.42946354727341, 62.37646847812398, 89.54191675954655, 15.834174269956492, 0.0, 19.290711003801043, 65.97206996003865, 40.53928713605589, 71.11508298144004, 75.63836862532773, 86.1064995098841, 43.4624881488464, 19.034770028101907, 83.11294248906322, 88.6259672486256, 63.91519221642446, 72.01194577523299, 88.11734861223778, 22.551266558047335, 11.391558655102463, 78.23298608037717, 92.89157818165135, 86.52638707721955, 25.247789518130922, 53.37167528389466, 77.40665738167559, 36.067682989827645, 34.491101092959575, 78.59631362013607, 91.37690247340232, 52.718036681569586, 54.06278705346598, 85.6757700794165, 40.10223169194404, 46.75943372735523, 48.99597931812234, 62.9578447469816, 39.16505735179844, 16.669426515594488, 61.583573835390645, 54.350022749197926, 84.19689540081731, 31.652970986021117, 91.53754642882055, 46.32457337061284, 72.87527720574427, 53.55894129902342, 81.86141584014712, 27.29969524293538, 44.9078485941563, 26.349414284172784, 33.13501843744403, 93.95426231837722, 53.8357545669599, 27.677619310229286, 48.150792096394866, 65.48328473077139, 63.17738748328796, 83.24400402805327, 20.657707134243832, 80.48541941581513, 55.71747274815561, 56.308942592304575, 98.02804436531832, 88.94238706641973, 104.17367499308656, 26.358097173603003, 67.85863558846309, 17.204579937327367], [51.188572634052875, 56.35089553621423, 83.02958339931055, 9.55574942592977, 19.290711003801043, 0.0, 74.74129241632771, 55.426217471989546, 63.62349177637535, 79.92167271903172, 72.85785424199875, 33.591728865243546, 13.774130822832555, 69.99376848113754, 95.26427684184499, 53.27880724735093, 54.215461970097856, 77.99426532344121, 41.82496199594223, 20.67222181632443, 68.13752098890448, 96.43446901548269, 73.54394216490597, 19.53547757698095, 51.53504242673353, 67.02444926601989, 16.782501505476386, 17.76432584363287, 62.521917466992114, 80.19672337357828, 35.09671187663411, 52.679001094064226, 88.50314365104448, 46.14704687732679, 28.02586237952065, 39.304059974189045, 44.07964390551162, 50.637524654059085, 21.629453096546285, 47.19213720504544, 35.06748181286768, 72.73731977606741, 49.78919063890987, 81.96322594056605, 32.87366612152135, 60.88849509127637, 34.27182021939308, 87.72802221114318, 8.345261250413596, 57.01152418328007, 8.277190866803016, 18.106813247983325, 83.62048944014285, 38.59558094508715, 11.085553576106756, 43.40490475488812, 46.345118940138704, 57.364391157324995, 90.56131691355806, 39.1803664255398, 82.10096883926715, 56.540013432016075, 37.688472088977434, 87.51194809550175, 82.02743591616913, 91.38012605362974, 44.364542706687004, 61.69525189590904, 7.445947329719804], [25.384973733617713, 50.93320466725532, 63.89035764934185, 78.66054302040989, 65.97206996003865, 74.74129241632771, 0.0, 32.57589974403272, 58.1493906871757, 19.75133762478335, 86.69952775700352, 59.784815851167565, 61.32252929179788, 84.28831545492318, 23.78046045195035, 65.76814330478364, 97.88733116886651, 76.00561173211197, 60.786053053582826, 56.34399198621048, 70.28364900561117, 33.80705674191095, 85.90948306688588, 57.62469802333089, 38.50802670140254, 70.87089910201848, 84.80082490206802, 74.04878058607905, 93.75321897666674, 82.0354377208449, 84.79513036662638, 37.106666906158104, 30.391688858677874, 28.84782636842635, 86.72821262896481, 59.58213644001701, 98.7036091377711, 27.33490446565521, 53.4449266454748, 77.22231190685947, 97.8567613038077, 78.5980693670905, 49.00120670951716, 76.11739101528619, 68.88302110149283, 74.24849528090886, 98.56953548492135, 19.205555224086737, 81.58882594420608, 23.111885133004282, 74.68461890341813, 70.18014459189027, 80.51423246212016, 76.63225334300321, 85.78275853118619, 47.11533345370996, 103.39873477458003, 50.42898442030089, 17.862922994838936, 54.26102134929278, 31.15868322292648, 30.368088544468563, 92.1324607685383, 83.95689856271278, 64.94993985776627, 97.42303648390211, 49.88031237766686, 52.697181569930486, 67.34991567772767], [29.92999042187566, 61.24819651208114, 83.42315991576848, 55.814805103701545, 40.53928713605589, 55.426217471989546, 32.57589974403272, 0.0, 70.6299690982504, 49.47703809928522, 95.64111893123139, 56.783631180834135, 44.8973536271063, 92.74740685674972, 56.21956246296832, 71.71863916295554, 95.43186273150637, 90.13928102806722, 29.014598531833634, 34.75432281334052, 81.8156855102119, 65.68205347133954, 95.36790604522987, 44.925828495198864, 47.172724388016945, 81.76715145231455, 69.88679334550545, 62.28082502816299, 96.2226331168101, 95.3483172710079, 78.1369006123572, 46.62590608784142, 60.779902817204075, 25.562538417670847, 76.3645085800762, 59.666089248575, 91.41335684159667, 11.63500351886442, 34.98749031284545, 77.81673767494217, 86.58635411906482, 89.82519919808722, 16.459599823052308, 91.83816674645497, 64.68360131260668, 81.5989447467689, 86.56983427982534, 51.60091762840612, 63.581447694857, 10.384302383375953, 58.767615916520526, 58.93243483096406, 95.64598088433765, 73.57300521634062, 66.05612473146287, 50.137933919862014, 95.31278373597365, 61.36938366972199, 50.183608033030076, 23.495876968970805, 58.88865769565163, 42.92202031970659, 84.3109879571541, 99.63129115556042, 83.78559886709483, 110.55073180561445, 18.1385913743355, 65.43043491548373, 49.12672542901216], [41.07085511048623, 9.575290664457125, 19.496159606441342, 72.66684487914671, 71.11508298144004, 63.62349177637535, 58.1493906871757, 70.6299690982504, 0.0, 45.576257053250565, 28.71816956300383, 30.093810601757088, 53.28931736483587, 26.53302404029522, 62.74643569941402, 14.582116388566721, 49.241103609954024, 19.509421858108738, 83.78458607398534, 60.57370600973687, 12.143103216972618, 53.52892446906598, 27.828694363609564, 46.44718467683727, 23.462454652334667, 12.752711470249585, 60.853493012478225, 49.47027732344008, 39.80719862193411, 24.885224764815458, 46.16771697060175, 24.11163857194495, 45.82435600377048, 45.139851582863955, 53.788417213260914, 24.51621816799375, 56.99804149114199, 58.996735995965885, 55.06870394021617, 29.55105265170749, 62.95916552623956, 20.485298854126725, 80.3348191631303, 21.56374932533202, 33.94293707229313, 18.136696428274824, 64.74734687542029, 55.251632394512406, 64.80811713672414, 62.33126217546017, 57.282681181403454, 46.97148008954822, 25.08421259339203, 35.28404840466322, 70.6581274421847, 23.419150984227745, 61.906947950491364, 9.286236375632962, 61.94424490669782, 76.6711018869544, 38.05055727578874, 29.221281884860765, 53.021779669128314, 29.13666750708962, 18.405949043726572, 40.32205804855481, 76.97620711162043, 5.517239576410654, 58.33249012036604], [29.35491515880036, 40.82982060939685, 46.71930615465316, 85.77079241607967, 75.63836862532773, 79.92167271903172, 19.75133762478335, 49.47703809928522, 45.576257053250565, 0.0, 74.05554833827162, 56.87309840668207, 66.16181226412617, 72.04309280363732, 17.856600177208197, 56.47094131775469, 91.2102566310078, 61.06256347313452, 75.44733062452725, 64.73601580069904, 57.17122746534114, 17.315855200000133, 73.01858672196971, 60.84268217122865, 32.68429007252307, 58.08890013865264, 86.50631556257018, 74.71825748614495, 84.41665696889409, 67.23853990226685, 81.45963074867637, 31.135064213309708, 11.302867440159488, 35.536954723774336, 85.50508864826323, 54.777627805113795, 94.8731618675134, 41.09527135839389, 60.53870535732718, 70.10694681396885, 96.50119468680846, 65.11608439057115, 65.24855343586106, 60.327385272689305, 65.51229729253755, 63.31133820313856, 97.62572572296142, 9.876863007985177, 85.43949009832384, 39.155251843945194, 77.80111758213276, 70.92773346532289, 64.83648364111919, 71.78346946897422, 90.43892336471089, 42.78233274281899, 99.80911768609141, 39.98230639118702, 16.370238078075527, 68.30878440712975, 11.675321200716498, 24.934050869310344, 89.00412099914324, 67.87514585446264, 48.0833235579115, 82.15156761373949, 64.9818517171906, 40.661038998418384, 72.5474120827623], [67.52715449498398, 36.084980110575074, 34.55569313566054, 82.40317729427767, 86.1064995098841, 72.85785424199875, 86.69952775700352, 95.64111893123139, 28.71816956300383, 74.05554833827162, 0.0, 43.08317787884621, 67.07221819816871, 3.026485712750641, 90.81799544809742, 24.075707370289656, 33.474107475653845, 16.937791138994655, 103.28269118382426, 77.5130440090835, 16.890541370129856, 80.12993988561412, 1.5955590526359582, 61.214332470249495, 49.95758510375559, 16.000100407137598, 63.362549224240176, 55.38184814860591, 19.169229069460652, 13.062745082636848, 42.45989383950278, 51.0035299864876, 73.04574771517962, 70.29589893869608, 52.03968792706194, 38.130184762185884, 46.56954170206545, 84.23886844921219, 72.47139592159652, 25.832450772663286, 56.94158748561358, 9.573597670004018, 102.70926126980804, 20.957332891950443, 40.20766905625295, 14.138208285688691, 59.144027527256284, 83.57594548602184, 70.64264632734732, 88.49159625083587, 64.87744381638468, 54.7924757906036, 18.565199072503322, 34.713176479616756, 76.04780437391223, 45.52196398021696, 50.44035303736859, 36.43086830139094, 90.41262920304196, 96.87660761420017, 65.59400581629937, 57.01950543225076, 46.25412097253286, 20.405585684272676, 32.4824251534762, 18.56897775842239, 98.5414155090055, 34.056620179970416, 70.0792797979977], [34.83473386953987, 23.62576869613619, 49.566306508090925, 42.789939757483005, 43.4624881488464, 33.591728865243546, 59.784815851167565, 56.783631180834135, 30.093810601757088, 56.87309840668207, 43.08317787884621, 0.0, 24.576832547723065, 40.05981562523545, 74.37943197125644, 20.497179670179168, 39.328974736129325, 45.024228550677776, 60.3066941643378, 34.434393969372096, 35.097364003444746, 70.98715090021005, 43.35995467796103, 18.265470946608428, 24.2546382270383, 34.14852092170043, 32.16469407581086, 20.166770333137663, 39.63389040031575, 47.96373124048702, 25.091122475313917, 25.784065091988776, 62.6478171785754, 34.14582177246171, 28.711913143314934, 5.759381470316786, 38.94819320797818, 46.52788846640046, 29.409964022230813, 21.168901318662925, 39.63613706344581, 40.73880207212321, 60.89706599003399, 48.74891097660844, 9.098379934837158, 29.48813763903963, 40.816836516264615, 66.28911724597532, 34.90299565775447, 52.14829499625075, 27.243444436462084, 17.167187656722284, 50.796665352947684, 17.348902466910733, 40.736778319863, 14.132889127168795, 43.7082621913409, 24.730080140837785, 71.17495822610593, 54.12113045313594, 55.17980780070848, 32.04343489132509, 32.544353673113875, 54.81571022570439, 48.49466028610994, 60.824122599403374, 56.3310721761762, 28.666963344094565, 28.779759941889218], [37.44047696700483, 45.126925048143164, 72.28001581770903, 20.573810124970453, 19.034770028101907, 13.774130822832555, 61.32252929179788, 44.8973536271063, 53.28931736483587, 66.16181226412617, 67.07221819816871, 24.576832547723065, 0.0, 64.07818636877026, 81.52242092602569, 45.073726667485104, 54.927030254761135, 69.50480122032236, 38.388970861581, 12.28331238884522, 59.58552404321378, 82.74185986691002, 67.49323327619643, 6.881893341950673, 38.56189167809897, 58.68680558548005, 25.09631277794245, 18.19386701288347, 60.170024957832176, 72.54016574038687, 35.93811639237218, 39.595791195474504, 74.86424811811358, 32.566703719009354, 32.108023658777846, 30.21727476513414, 47.939949536586774, 38.44152541521748, 9.933748110689002, 42.73962202413689, 41.82707278803511, 65.29464849970778, 42.76356401429258, 73.09103918366675, 27.446788103553537, 53.881723248557094, 41.71065369746085, 73.96167180128886, 20.294697207969186, 44.88548308234051, 14.065580104325237, 15.629970880391491, 75.30846828648643, 35.35165404115221, 24.58121647486772, 31.35225188925201, 51.33335358962624, 46.04408216686728, 76.87651807256948, 33.554359658383795, 68.60305067684156, 43.02863789281027, 40.899043759540724, 79.34987637554919, 71.49001021945756, 85.15656865898445, 37.48490668099274, 50.60207223028987, 6.394677288837262], [64.7760739132707, 33.51959962890452, 33.950418354475346, 79.5440728986693, 83.11294248906322, 69.99376848113754, 84.28831545492318, 92.74740685674972, 26.53302404029522, 72.04309280363732, 3.026485712750641, 40.05981562523545, 64.07818636877026, 0.0, 88.97572923949946, 21.11469196871108, 32.20297129067196, 16.83569500086153, 100.25636357799037, 74.49106006244206, 15.070398867787807, 78.63825982422236, 3.5760317281740486, 58.19985122470296, 47.2690139112707, 13.988710494709911, 60.76468626778085, 52.574440023244364, 18.315987099754906, 13.987345914893474, 40.071276717400366, 48.34786896028431, 71.40731239290923, 67.4431352364554, 49.622901494284385, 35.10505462574796, 44.84989745327555, 81.37004977646394, 69.44578784269896, 23.09333952782429, 54.90389258764993, 8.843748004291546, 99.71438480843838, 21.178048631859262, 37.284071558768325, 11.177206964136907, 57.089058394087516, 81.6369404185707, 67.9093433131294, 85.68205033424577, 62.04776424587064, 51.911641469213976, 19.382376295616435, 32.00000339414532, 73.35529073781292, 42.61436330963806, 48.883556097418875, 33.91668082410697, 88.41214096509161, 93.85376052183109, 63.86458819533775, 54.45720824057855, 44.168003988596666, 21.72593218950794, 31.883566257962613, 21.387243906606034, 95.53309827130808, 31.765191651813605, 67.13288759555019], [44.08209787965226, 58.57392450633274, 60.98640493943045, 100.25687276401703, 88.6259672486256, 95.26427684184499, 23.78046045195035, 56.21956246296832, 62.74643569941402, 17.856600177208197, 90.81799544809742, 74.37943197125644, 81.52242092602569, 88.97572923949946, 0.0, 74.20152287597419, 109.0550445943035, 76.83161457545519, 84.56538165301299, 78.36889631397783, 73.95465962978005, 15.757056912181637, 89.69077462679701, 76.7710581726898, 50.34165602321542, 74.9875167662144, 103.15372540926965, 91.58643938671497, 102.0159962953156, 82.9927677361899, 99.14344226945998, 48.78558025084877, 18.87715898843464, 49.385095905407866, 102.87174360519428, 72.51854842768859, 112.63737325049851, 50.838462594390165, 74.80044088398454, 87.95475727043964, 113.932098531465, 81.62290335784307, 72.67669719673255, 75.50273304250541, 83.14060588643386, 80.70913320626913, 114.98168948727655, 8.099699892611758, 101.3551265129353, 46.8910608210689, 93.93163949785173, 87.74667158642924, 80.00766139741411, 89.58428932061021, 106.06935065739866, 60.37414712556169, 117.5591914578447, 57.6929546476513, 6.0876534444379775, 77.99567624053662, 25.41618300660572, 42.33601177687015, 106.6832383178856, 82.65093125341141, 62.62744473327826, 97.36129890250443, 73.66047136801883, 58.06815333798987, 87.82138834992274], [44.38883617737614, 15.641342687560343, 32.64815112879106, 62.70973645896468, 63.91519221642446, 53.27880724735093, 65.76814330478364, 71.71863916295554, 14.582116388566721, 56.47094131775469, 24.075707370289656, 20.497179670179168, 45.073726667485104, 21.11469196871108, 74.20152287597419, 0.0, 35.42342005090427, 24.725318564321267, 79.74018281134492, 54.49888218528898, 14.86218393570479, 66.6069514781814, 23.99677303821782, 38.67240321863439, 27.490919076110067, 13.763542773896289, 47.992196040867185, 37.389769730600484, 28.163603068138134, 27.470133436006343, 31.760088436893277, 28.77948929068622, 58.56971478232647, 46.56826620726552, 39.80030483357682, 14.927724318557619, 42.43385263091725, 60.41929956323261, 49.24561743488497, 15.048344226154638, 48.552913699781705, 20.31443618556964, 78.67676211248818, 28.713415224926546, 21.21487127334408, 9.939209607299945, 50.39750809832858, 66.34357547384197, 53.10741292044176, 64.9455290721158, 46.08882487568656, 35.55012989432618, 30.41326319396508, 20.934810931579808, 58.907588459101724, 21.596716027352862, 47.35704167634465, 16.509555000659635, 72.56003476096481, 73.14412107673411, 50.67622324679497, 35.406085979303285, 38.48142023282427, 34.38501484231618, 31.120783189777086, 40.79281789055582, 74.58614715815035, 17.0465044586427, 49.09518799707685], [73.7196329269736, 50.71151089532101, 63.67786084023689, 62.78560478396215, 72.01194577523299, 54.215461970097856, 97.88733116886651, 95.43186273150637, 49.241103609954024, 91.2102566310078, 33.474107475653845, 39.328974736129325, 54.927030254761135, 32.20297129067196, 109.0550445943035, 35.42342005090427, 0.0, 48.41970504867614, 93.21116025939577, 67.17695785881506, 42.68549964142621, 102.02503710521479, 34.97052362631002, 51.814303680325146, 59.80299499022916, 41.095301585762435, 39.53533351070294, 37.53100835672661, 14.585224613233716, 46.187453516000836, 19.295345035454847, 61.31206293436465, 93.95667681899837, 73.46750879710046, 26.811125454428044, 38.378266824207024, 14.476051750169448, 85.66193463318773, 63.663877848579496, 21.106556453306688, 26.51398683847692, 40.28323718370776, 97.0881731585937, 52.99279297927832, 30.80856696860151, 32.40072458473878, 28.71936853066185, 101.06838396666342, 48.77276005688094, 91.42035904128099, 46.11923684552195, 39.3528253441285, 51.57480494928298, 22.016452013195035, 52.84402597926558, 50.77601270408531, 17.376184162072004, 51.68842140573196, 106.9285557979449, 88.44125038039286, 86.06067841722772, 68.1645628947155, 17.622551805137967, 53.82930006952121, 61.72989390580864, 49.20175977905096, 92.0003310769799, 52.44072379486304, 54.84044144632431], [60.52548793643636, 28.976615269367926, 17.85984305906386, 87.43455107123218, 88.11734861223778, 77.99426532344121, 76.00561173211197, 90.13928102806722, 19.509421858108738, 61.06256347313452, 16.937791138994655, 45.024228550677776, 69.50480122032236, 16.83569500086153, 76.83161457545519, 24.725318564321267, 48.41970504867614, 0.0, 102.41582715179003, 78.17927555741352, 9.92690589427846, 64.93629793169147, 15.390823421294375, 62.91727710235741, 42.969524490015594, 10.970014099688967, 71.71861767670669, 61.779728978093026, 35.05135017252485, 6.18049713424888, 52.90648188393671, 43.58610964908223, 58.414670581457244, 64.64303570356786, 62.03056677196598, 39.30919837715368, 60.04122416174317, 78.50580513570179, 72.76404402774808, 34.709911514035724, 68.96109003247396, 8.162550357873812, 99.60985137754075, 4.652121801777457, 45.58305658203064, 18.47905517373549, 71.04989937278589, 70.09369072746654, 77.52472472545723, 81.76949563048454, 70.70413361067443, 60.17260721071066, 5.862759620929554, 43.09742092094613, 83.26797666100559, 42.01849771440746, 64.41638475345749, 28.782164783534853, 77.15919386807747, 95.45534578485716, 51.41731015221595, 48.35654369444937, 58.23023372504046, 9.982663891014953, 15.804651592824868, 21.419141163916777, 96.08490476454966, 24.79139998280197, 73.75923667197873], [49.36372928158888, 74.33129783977388, 100.32008894614285, 37.41356701712606, 22.551266558047335, 41.82496199594223, 60.786053053582826, 29.014598531833634, 83.78458607398534, 75.44733062452725, 103.28269118382426, 60.3066941643378, 38.388970861581, 100.25636357799037, 84.56538165301299, 79.74018281134492, 93.21116025939577, 102.41582715179003, 0.0, 26.389224712942763, 92.88946948130777, 92.46691314385072, 103.45774193109649, 42.76814231609916, 62.32107355284043, 92.35365102235626, 58.5814288195549, 55.869901095138594, 98.32625988625014, 106.54685815823915, 74.0480487471813, 62.474167684294834, 86.53110852776253, 42.89099171347481, 68.8636784524337, 65.16301535896145, 85.07049857783744, 34.40103595583546, 30.948480822520896, 80.43957453655861, 76.84954188013617, 99.84670035724066, 13.643235140777467, 105.20321399930616, 65.27748278837743, 89.39399075334848, 76.09635712104426, 79.22129746272657, 49.83844639997666, 37.67437078030962, 48.5237350253237, 53.862646475052344, 108.25769554224696, 73.57834164482568, 49.81651050788095, 60.47010794881571, 87.81199426659273, 74.8715997832837, 78.62588251063862, 7.458916062721109, 83.10698752208691, 61.62037709265224, 78.26454201836215, 112.38368071705106, 100.14455754608021, 120.52850408686085, 10.94884586922781, 79.51763565448132, 38.762853721991036], [35.4067347884854, 51.59723912752154, 78.6476970811493, 22.41600252641067, 11.391558655102463, 20.67222181632443, 56.34399198621048, 34.75432281334052, 60.57370600973687, 64.73601580069904, 77.5130440090835, 34.434393969372096, 12.28331238884522, 74.49106006244206, 78.36889631397783, 54.49888218528898, 67.17695785881506, 78.17927555741352, 26.389224712942763, 0.0, 68.38740987591888, 81.91518602363197, 77.7923015245195, 16.460225907551095, 42.06345733727164, 67.67361999367459, 35.74965465777009, 30.380383393448113, 71.93727073117162, 81.79446524364404, 48.22133781060459, 42.71900604684087, 74.5638435724913, 29.26931796043887, 44.1026598587241, 39.635408808146735, 60.08848634721147, 30.627103646944025, 5.517226232109801, 54.11010792677032, 53.34006846894872, 74.79931508127481, 30.65420253127034, 81.39240094732604, 38.90513711353939, 63.86215956313992, 53.008537884014686, 71.35482156052275, 28.85542400021834, 36.850237919273525, 24.72201593517544, 27.912934041824567, 84.03959636514176, 47.19638401102047, 31.411072146376767, 37.33054534875635, 63.33199819901194, 52.34455666874721, 73.17934986018932, 21.274724956697987, 69.21486317583422, 44.33733140322056, 53.08456230397907, 88.1461877720544, 78.13074642456671, 95.17833154522418, 25.31324625162877, 57.047862347968916, 14.689153571233804], [52.659634112338445, 20.700174017480048, 21.000356173619352, 77.5562524044164, 78.23298608037717, 68.13752098890448, 70.28364900561117, 81.8156855102119, 12.143103216972618, 57.17122746534114, 16.890541370129856, 35.097364003444746, 59.58552404321378, 15.070398867787807, 73.95465962978005, 14.86218393570479, 42.68549964142621, 9.92690589427846, 92.88946948130777, 68.38740987591888, 0.0, 63.61159287856412, 15.859108371054704, 53.016348184955554, 34.92052139721695, 1.603159930102538, 62.372595636382975, 52.126291276948166, 30.937819139518062, 13.742950333840145, 44.425458566122636, 35.746897623043914, 56.338503388750894, 56.25322276241297, 53.23651789324829, 29.38367107779532, 52.89760159217552, 70.2220407288321, 62.99943587073739, 26.274393090419007, 60.88501318434746, 8.353522125126448, 90.56348994915524, 13.86632758300395, 35.91665974695983, 10.483511530007316, 62.89615948825374, 66.68637543981204, 67.86761815508827, 73.89753707567377, 60.931887434593015, 50.39334430272542, 15.727151454760033, 34.1564754263447, 73.64298685525516, 32.729997743205665, 57.52919396231002, 20.77186389526303, 73.52468904728805, 86.01598691855338, 48.79882583032319, 41.221410388607595, 50.298291895451115, 19.79569776877717, 19.079198353669963, 28.735707677955418, 86.86925693721352, 17.639722602061344, 63.83762662570282], [46.50900131924493, 51.51944793150228, 48.002266249573786, 102.65365088703159, 92.89157818165135, 96.43446901548269, 33.80705674191095, 65.68205347133954, 53.52892446906598, 17.315855200000133, 80.12993988561412, 70.98715090021005, 82.74185986691002, 78.63825982422236, 15.757056912181637, 66.6069514781814, 102.02503710521479, 64.93629793169147, 92.46691314385072, 81.91518602363197, 63.61159287856412, 0.0, 78.86001298473789, 77.1028028816265, 46.9244057886623, 64.84042449079683, 101.87711837301669, 89.8835296261279, 93.33480782223984, 70.9697159908646, 94.61075824789042, 45.46444556821014, 8.345771877335867, 52.79547423578629, 99.65386378015339, 68.01153934446748, 107.46122147869448, 58.06591563125599, 77.5891157762768, 81.23967591506266, 110.4024570220055, 70.64978203477699, 81.80214563891059, 62.98646780006702, 79.08698369342815, 71.63821364990436, 111.71142486789961, 14.907533804729523, 101.53984731922674, 55.554692554893045, 93.76837830123193, 86.19675892719506, 67.40631512709923, 84.33022751443349, 106.7236300025231, 56.92736261385563, 112.45076870848719, 50.478857619479164, 20.071958670602296, 85.41293081426912, 16.096481237162852, 40.22347671662545, 102.10707596153722, 69.64080588172288, 49.829144285495104, 84.56829563691802, 81.86723696321906, 49.658759009393926, 89.13613041752473], [67.0604686416069, 35.45797542976103, 33.065313820895504, 83.09588430995731, 86.52638707721955, 73.54394216490597, 85.90948306688588, 95.36790604522987, 27.828694363609564, 73.01858672196971, 1.5955590526359582, 43.35995467796103, 67.49323327619643, 3.5760317281740486, 89.69077462679701, 23.99677303821782, 34.97052362631002, 15.390823421294375, 103.45774193109649, 77.7923015245195, 15.859108371054704, 78.86001298473789, 0.0, 61.54994125111988, 49.43224140941588, 15.076761562679993, 64.32643737179549, 56.14319951331006, 20.71889256865088, 11.47446002111461, 43.56467458753679, 50.44326141924378, 71.83474713047757, 69.96366349777429, 53.12924201312081, 38.29645459926803, 47.96153599686735, 83.92687329360773, 72.70476016885935, 26.66929443183603, 58.22342402893222, 8.220797482243624, 102.67349222024681, 19.372442093557808, 40.80283448433123, 14.112440287762613, 60.41908714300041, 82.49767495326603, 71.48531218116358, 88.09151120007623, 65.61065662336085, 55.45537786337082, 16.97570020911293, 35.5753777082984, 76.93032415907639, 45.29593543337516, 51.879069348999344, 35.75912387161749, 89.36411576544954, 96.99182001482332, 64.42431792645641, 56.36632482928384, 47.51300657730747, 18.874198169787256, 30.992723134083366, 17.83855589710051, 98.56134154265794, 33.2227327191901, 70.62428255188323], [32.88188981766117, 38.24504417914161, 65.40138595189907, 27.22102457919769, 25.247789518130922, 19.53547757698095, 57.62469802333089, 44.925828495198864, 46.44718467683727, 60.84268217122865, 61.214332470249495, 18.265470946608428, 6.881893341950673, 58.19985122470296, 76.7710581726898, 38.67240321863439, 51.814303680325146, 62.91727710235741, 42.76814231609916, 16.460225907551095, 53.016348184955554, 77.1028028816265, 61.54994125111988, 0.0, 32.065050411901865, 52.16898170701091, 27.23379261433831, 17.569874553903876, 55.6347918914008, 66.12986823645505, 33.529390901209815, 33.173968121979485, 69.09543400328636, 28.821912884908375, 31.545633693126785, 23.749281463258164, 46.52188517568253, 36.955042360440125, 12.020316979855531, 37.67338694534961, 42.11443278389795, 58.96664816228902, 45.290164329016086, 66.4216722061106, 22.536761033943698, 47.74637391857008, 42.363706743338696, 69.03733257272238, 24.622397174493983, 43.32319023477124, 17.194714909625773, 14.042718236188083, 68.74283262169307, 31.041504792235187, 29.629783027264637, 24.51485005263981, 50.388246119661325, 39.16335181392978, 72.39656750894561, 37.147450520799254, 62.59358653317674, 37.0575334173434, 39.4137273826874, 72.806206102754, 64.62003731577578, 79.07966607698731, 40.26785638264748, 43.72040599286756, 12.688575419566732], [17.74197924464984, 14.22048389835167, 38.02722438916313, 59.13563661410956, 53.37167528389466, 51.53504242673353, 38.50802670140254, 47.172724388016945, 23.462454652334667, 32.68429007252307, 49.95758510375559, 24.2546382270383, 38.56189167809897, 47.2690139112707, 50.34165602321542, 27.490919076110067, 59.80299499022916, 42.969524490015594, 62.32107355284043, 42.06345733727164, 34.92052139721695, 46.9244057886623, 49.43224140941588, 32.065050411901865, 0.0, 35.04612010569391, 55.073392465738856, 43.02078094527413, 55.27523767348146, 48.264345622850286, 48.80354289105219, 1.556849155605744, 38.61939262069216, 21.741520424241198, 52.958168987733416, 22.21433633780079, 62.32860168058784, 35.53814124050934, 36.70330418687393, 38.88321337004599, 63.884186958487824, 43.13057460506653, 57.490329986813784, 44.74241521650522, 32.828935878405076, 36.568647585577224, 65.06909540538959, 42.24222356473753, 55.53987523784717, 38.97981878678349, 47.637382443088754, 39.396050068305875, 48.48227957441023, 39.38314335422596, 61.027693691588986, 10.123845708373954, 67.23443063085045, 14.233580720763111, 47.51823681864946, 54.971086212557765, 31.412125216256445, 8.362340735543679, 56.345066933632985, 52.486277382184056, 37.94960249531331, 63.595553431009215, 54.53803132152478, 18.286861460737192, 44.72288983523566], [52.784815210273656, 20.854413610183165, 22.59733377296755, 76.46800177758993, 77.40665738167559, 67.02444926601989, 70.87089910201848, 81.76715145231455, 12.752711470249585, 58.08890013865264, 16.000100407137598, 34.14852092170043, 58.68680558548005, 13.988710494709911, 74.9875167662144, 13.763542773896289, 41.095301585762435, 10.970014099688967, 92.35365102235626, 67.67361999367459, 1.603159930102538, 64.84042449079683, 15.076761562679993, 52.16898170701091, 35.04612010569391, 0.0, 61.01375250618521, 50.87500897866223, 29.44479566478644, 14.193502151455183, 42.90670239441263, 35.93110100285661, 57.496036693265395, 56.21329503203366, 51.76248752543628, 28.46953082964653, 51.30135688695999, 70.19682888633488, 62.31318580764132, 24.73489706876362, 59.335348758923985, 8.087780953520927, 90.25516033258258, 15.117435037648901, 34.667157661006165, 8.882245528226996, 61.35324744370383, 67.65712831952418, 66.62061574757935, 73.98916157953009, 59.74859276006361, 49.21395263935942, 16.66013037901525, 32.69457067887851, 72.38209234471732, 32.38976001317328, 55.92877797207237, 21.013434280999217, 74.45393761184646, 85.53055227838523, 49.90792065144791, 41.57054318709712, 48.73497943340108, 20.667479845356443, 20.680345325963902, 28.83185792039799, 86.49113824173894, 18.173910238598165, 62.83720332846027], [59.789367940500085, 55.615407828889744, 80.16804186822378, 23.814049202131105, 36.067682989827645, 16.782501505476386, 84.80082490206802, 69.88679334550545, 60.853493012478225, 86.50631556257018, 63.362549224240176, 32.16469407581086, 25.09631277794245, 60.76468626778085, 103.15372540926965, 47.992196040867185, 39.53533351070294, 71.71861767670669, 58.5814288195549, 35.74965465777009, 62.372595636382975, 101.87711837301669, 64.32643737179549, 27.23379261433831, 55.073392465738856, 61.01375250618521, 0.0, 12.106692817456986, 49.964307866561406, 72.7124163914304, 21.703897549322726, 56.48164061888788, 93.62327901530654, 56.04481832663983, 12.743974103420735, 36.90609387512417, 27.903363025534105, 63.4316666743381, 34.919366582935325, 37.80541761324257, 18.28500093949933, 65.25732154754888, 65.97343751470221, 76.096816172681, 26.967382795446216, 53.45521957617529, 17.54687853340413, 95.2464447010908, 9.523834916054247, 69.87243273540493, 11.122392719025331, 15.68409711031483, 76.90478743184639, 28.93818650973882, 13.379066983856866, 45.39057991884232, 29.734723040559864, 56.74345100433266, 99.08663294885076, 55.62944624902567, 86.48345115243772, 61.78329654617352, 22.129088880393002, 80.47360014861005, 78.81873386840493, 81.82019668701307, 60.54945626995866, 60.380123982769426, 21.064068455245724], [48.768565127250476, 43.74159335703182, 68.91970325190191, 27.187459987383978, 34.491101092959575, 17.76432584363287, 74.04878058607905, 62.28082502816299, 49.47027732344008, 74.71825748614495, 55.38184814860591, 20.166770333137663, 18.19386701288347, 52.574440023244364, 91.58643938671497, 37.389769730600484, 37.53100835672661, 61.779728978093026, 55.869901095138594, 30.380383393448113, 52.126291276948166, 89.8835296261279, 56.14319951331006, 17.569874553903876, 43.02078094527413, 50.87500897866223, 12.106692817456986, 0.0, 44.842390037406794, 63.43363194981231, 18.249647027309255, 44.44502068252439, 81.60964560581569, 45.629456751302726, 14.09312594458133, 25.159436706780397, 29.746272304773832, 54.52153593189471, 27.851835966622193, 29.5904664234142, 24.550517606515335, 55.936840285223155, 60.954845633192114, 65.98142205662944, 16.210040392522462, 44.023986222681025, 24.872680791685116, 83.61921566757526, 15.746035483143402, 60.8783499688897, 9.55829826582176, 3.876237599334147, 67.21847551842629, 20.875392217566528, 21.520734061895784, 33.28880764244343, 33.22384660425621, 44.858059113667586, 87.70597195187167, 51.5529726864369, 74.41989599631808, 49.8909559554206, 22.71083431165249, 70.9766272505493, 67.6712712832181, 73.94486618987555, 55.66234147016245, 48.6406984964574, 17.3094773522627], [71.25618935922202, 43.695167210254276, 51.47576004181121, 71.73200983296815, 78.59631362013607, 62.521917466992114, 93.75321897666674, 96.2226331168101, 39.80719862193411, 84.41665696889409, 19.169229069460652, 39.63389040031575, 60.170024957832176, 18.315987099754906, 102.0159962953156, 28.163603068138134, 14.585224613233716, 35.05135017252485, 98.326