instance_id,num_cities,city_coordinates,distance_matrix,best_route,total_distance
1790,95,"[[2.4772125557316116, 37.03849884652827], [72.0118165678197, 21.94843914891126], [91.99397191528216, 84.14580690536383], [22.993966116618083, 9.26729991810098], [7.056804020983687, 78.7289937359242], [56.737423381756955, 18.226974919042505], [0.6314872412321426, 26.951365117656824], [49.98121608115428, 28.660747693909784], [34.356716726645, 30.740157228170638], [58.36909844040201, 64.00092168628557], [4.890425493253902, 52.23313134445633], [81.70484475380266, 44.26888647073876], [8.99130778234266, 91.54827321709277], [19.605779200567707, 2.4901219459006474], [59.52027191626835, 45.14361819921579], [68.84396653319372, 27.410340592781246], [26.078864564086413, 82.76334080042264], [65.73953438776034, 64.3313174297001], [1.4869755474838375, 78.03924371196132], [21.167167341550563, 46.08290957347003], [2.4460747895537427, 81.59831456847182], [90.63919327982065, 90.35658056105072], [44.80707190095985, 12.010672591559201], [12.97996320415521, 55.43066209476846], [27.47244048699642, 64.44154553177135], [27.7212820256868, 70.19517479181384], [21.18978768509957, 75.32587608525677], [9.434855241281504, 3.665663720011092], [70.15024505799416, 22.912981034403934], [78.9220965274424, 49.518273922135606], [60.25766706581462, 36.810261392586455], [78.0154677255867, 0.754099811493647], [36.65631530580961, 85.69664218750994], [77.13988704644424, 42.65754919204569], [40.935475561212776, 25.653762859551165], [15.982015337217415, 71.62074165915406], [30.514048864521236, 14.05073473711841], [11.937163693756359, 12.908650299921021], [2.8260059632623458, 14.856407824796513], [81.59494356362312, 14.089187573302608], [10.115393745260748, 75.26134518318615], [7.638962796373305, 59.89662943100475], [25.54516959280776, 2.9758145420614945], [33.16387649885406, 54.207246951002354], [88.31183736291241, 30.735260944243116], [47.07044267672289, 11.056038387658706], [80.2019606328171, 14.650004693368945], [36.93997636857128, 0.457751452966737], [41.84586661529208, 94.0636636316201], [26.69721314401814, 8.745633298960499], [33.2132845644789, 40.30032173977966], [70.27361340947796, 20.324675167784722], [21.11519733737065, 9.05966862691584], [73.39799348318996, 60.34151954650662], [5.329011590525945, 29.802235468400163], [72.32410683857111, 82.0576364924043], [15.141141332450026, 68.04305247756604], [37.361774853206164, 92.109485911624], [2.5080030041417123, 37.21397190899024], [92.85673275010076, 94.40373415602538], [95.87499915114536, 12.691828158382512], [59.512217466452675, 55.73750573241304], [68.8710228450301, 38.563514698344584], [70.62448720712612, 36.55430306511529], [97.48900679654726, 83.44001103781574], [34.11604504861908, 5.7847210216976475], [23.007604986400676, 16.671446111797074], [3.273917922137104, 4.063272369942328], [54.768166502752294, 1.7079143502280347], [17.495759762493346, 78.35080364893659], [89.47476063840814, 1.339389611024866], [80.5052983931231, 90.7864835817332], [98.17287026910235, 33.2761763748054], [86.04555075656027, 69.99699949561867], [25.382729451868336, 45.772014271758586], [51.943339241519084, 51.99893863174195], [24.586959559312525, 30.71345005836159], [96.21663638165276, 36.090821179008806], [57.61682336913826, 67.53669912568235], [84.43435262616455, 11.509406020482194], [7.36045106117702, 59.11860880809775], [1.083649352170879, 49.371418113591695], [7.733152440266988, 2.987184150593758], [2.062377482002087, 31.959730018727583], [45.063923086094015, 81.79746013773944], [53.26658925857702, 76.37183460260295], [80.89667447639432, 79.05538183912032], [45.26899234084317, 10.276085011532988], [49.81770315474323, 38.184019845257765], [90.45433103645118, 10.066507294659532], [53.191865809834184, 52.50096450048788], [60.96789948728083, 15.191501842224298], [97.6607391081237, 13.25063936003682], [68.87328118691175, 27.466967746024828], [83.53201538700695, 33.340348745921354]]","[[0.0, 71.15315212129074, 101.15507243230917, 34.5279114138175, 41.94126872319623, 57.42859837536597, 10.25460719875316, 48.237092214587, 32.495721154096884, 62.05542001416866, 15.385072421958778, 79.55687405189548, 54.89762233968979, 38.56135554897431, 57.61600108416956, 67.06152000114656, 51.45676971237212, 68.89861616747544, 41.01270106750881, 20.763327654631276, 44.559826601256546, 103.03083365144212, 49.17528931522137, 21.179694051918677, 37.09027348199919, 41.67287130909751, 42.61553383207754, 34.09039331133457, 69.13153825507518, 77.45685942113892, 57.780905286497145, 83.80086877497011, 59.46281172457209, 74.87381844738233, 40.10798183519002, 37.125614016716746, 36.25605451446332, 25.917952589200013, 22.184833083382202, 82.37891870953685, 38.9785555653341, 23.433689409987142, 41.13875428218699, 35.16300976072745, 86.06575174738381, 51.6105069159411, 80.88498707481169, 50.257667768124, 69.29473530671882, 37.24371986509064, 30.90866563140242, 69.82624055959184, 33.61828992049575, 74.65110810365886, 7.7779345209696835, 83.09820332195208, 33.49115462210423, 65.19007825589968, 0.17815399900949988, 107.04778322169196, 96.51894588379767, 60.02203465132069, 66.41132221300559, 68.14899476857553, 105.73713339455203, 44.472624723945245, 28.91909145282049, 32.98484956192758, 63.107797184972696, 43.95751685762994, 94.03722546207975, 94.74823503655969, 95.7695879471967, 89.83278863913873, 24.51401631642479, 51.67893621062047, 22.99667703680347, 93.74421407306794, 63.012037746142965, 85.84117537082913, 22.613652385584782, 12.411402662480283, 34.454563363818956, 5.095682578873624, 61.78181390720913, 64.23917875847759, 88.96645696182038, 50.471409842137646, 47.354347936737945, 92.01881168785351, 53.019467168048166, 62.43758271930913, 98.11098809969754, 67.08242793224086, 81.13912358525657], [71.15315212129074, 0.0, 65.3283941954915, 50.63162011083155, 86.27389543870369, 15.721208071157651, 71.55543782984522, 23.03046772877882, 38.667827076705656, 44.21012378924472, 73.63724411711583, 24.334279608419408, 93.89207330706245, 55.90186813435478, 26.344923969474408, 6.314082769843044, 76.21212726764858, 42.84448500227833, 90.1106628400542, 56.281888895240996, 91.63787463014117, 70.89889261923676, 28.963033966376244, 67.86618425213895, 61.558265990312606, 65.4935031146143, 73.70230249896932, 65.19306685719465, 2.0966138259259615, 28.42266276307084, 18.948187008737403, 22.028251114733663, 72.89612376620856, 21.334580980473746, 31.296459770388548, 74.87774210411177, 42.24261425779627, 60.75098106511148, 69.54835222571347, 12.393714469294645, 81.69108340601451, 74.72569469978846, 50.1907338616684, 50.49547631634144, 18.51752994282375, 27.2161078392782, 10.970214460404115, 41.13251308400981, 78.1702637754913, 47.19880682568048, 42.91989841837092, 2.3786466080679314, 52.503202327648296, 38.41809611181853, 67.14371598495133, 60.11000857171954, 73.20510282517938, 78.25086500265682, 71.16049880617442, 75.39416625452037, 25.59563107319519, 36.026948223228835, 16.90932644201098, 14.671603303446881, 66.56050356870115, 41.19897186498069, 49.28751777306535, 71.02659995336724, 26.58989115608805, 78.44250869774173, 27.01272549128569, 69.36004321547043, 28.508215682857156, 50.05606703159378, 52.36252951205596, 36.13552685881098, 48.22802586173453, 28.0335561730108, 47.8069584568999, 16.22630009513314, 74.57493261388987, 76.04488595473298, 67.01698182650388, 70.66222451423798, 65.6360745049826, 57.561180665306765, 57.79397549466884, 29.179144928241715, 27.498595432132166, 21.93870197880366, 35.88380347582641, 12.946980584225653, 27.08355494845275, 6.348587418817765, 16.201561193294125], [101.15507243230917, 65.3283941954915, 0.0, 101.82235318856685, 85.10971950850772, 74.75504414377453, 107.78825435650877, 69.59643272809754, 78.57618343444257, 39.19755753476913, 92.76554673341916, 41.18294454133305, 83.33209922149953, 109.12241442848367, 50.751472052502386, 61.27671569933327, 65.92960328752912, 32.89239248014249, 90.71276925304218, 80.4065942533562, 89.58412580835157, 6.356817958167222, 86.19791839384688, 84.07004885270085, 67.46321912071876, 65.76928463965307, 71.35140982610723, 115.29553847884198, 65.01236318700543, 37.012700072539545, 56.98988431722383, 84.5551618259416, 55.35938338800614, 44.06721417763257, 77.64205861899725, 77.0369703599993, 93.23679574394981, 107.16261019519142, 112.92451893617562, 70.82421692398682, 82.35918420696714, 87.77123772417796, 104.90000472044716, 66.00982880486005, 53.537319084230795, 85.79182793960861, 70.48913430575308, 100.17301558334337, 51.11943218797955, 99.74393658718512, 73.3320923937013, 67.41595382315738, 103.25564801615748, 30.20686197720457, 102.29388595911264, 19.780395542293295, 78.52169298197447, 55.20957470533761, 101.04620610439775, 10.294145313621804, 71.55930024238339, 43.15200977483124, 51.111800364999446, 52.16901488880642, 5.540176545288796, 97.41824366744716, 96.4982289295855, 119.51761509569856, 90.45311889340053, 74.72326061343905, 82.84472928667054, 13.269823134421754, 51.24351759181217, 15.348370121924665, 76.87395907332105, 51.35634641765607, 86.01582454980729, 48.24015493710332, 38.179193330932485, 73.02872433026359, 88.25640768104064, 97.33419165108563, 116.989776245842, 103.97633527937921, 46.98876690924115, 39.499934339223394, 12.209112899886984, 87.40686202412058, 62.38047383853176, 74.09529758930901, 50.069945966097045, 75.61291792443996, 71.12128395703957, 61.21321056934666, 51.50533260816087], [34.5279114138175, 50.63162011083155, 101.82235318856685, 0.0, 71.26654224601856, 34.91270090277677, 28.509763650970953, 33.23277715270547, 24.293943740864282, 65.17031025542163, 46.624037290434025, 68.35260296105783, 83.46396232779662, 7.57693551806879, 51.19844947630169, 49.30915192054198, 73.56075464408376, 69.70817478130222, 72.0564424359593, 36.86090487306424, 75.19302838921311, 105.59994409635046, 21.984942064612348, 47.237022151962414, 55.35570532224985, 61.1109928926944, 66.08320925200803, 14.670644696993435, 49.090928456535586, 68.90643423892753, 46.33786934264611, 55.67620870139125, 77.64086646284845, 63.613595244374864, 24.29843470024357, 62.746467236710934, 8.91251329329157, 11.640975578592279, 20.928085051911253, 58.79902344685478, 67.23891460140028, 52.906569855651355, 6.789066755736093, 46.07630536949216, 68.75534637224543, 24.14283141766417, 57.46066608788268, 16.495434098778144, 86.86666478832561, 3.7398094346467463, 32.67235701512172, 48.555438372540216, 1.8902070994878049, 71.7575214553899, 27.087528430328305, 87.93119970890906, 59.29802649348718, 84.07890168214996, 34.650990750801, 110.1318237224504, 72.96144440626394, 59.10213794842128, 54.433193315403585, 54.89305129156604, 105.12422252151481, 11.654569727764912, 7.404158755482848, 20.39515147074536, 32.66104897797952, 69.30195351388672, 66.9518319546636, 99.76437563280577, 78.91953990160935, 87.54198270763203, 36.58278776028382, 51.61452461737761, 21.505231548324883, 77.9811562723737, 67.77953325555491, 61.48128279579725, 52.24518916641582, 45.69904021920269, 16.502493390927246, 30.87195793338365, 75.81363427590676, 73.61691576749597, 90.68131016704714, 22.29785731084146, 39.442230667599325, 67.46509888488858, 52.735783857869, 38.43326403100991, 74.77294953440526, 49.35726350159663, 65.14880727481244], [41.94126872319623, 86.27389543870369, 85.10971950850772, 71.26654224601856, 0.0, 78.28574724040352, 52.17477859130193, 65.94948379202836, 55.21062998286317, 53.38415181385217, 26.584279561293556, 82.2181791210234, 12.964421746418981, 77.26475490075319, 62.292799853123455, 80.31972118811463, 19.44517275681275, 60.423140652556434, 5.612374214159857, 35.564999144952054, 5.430637723661404, 84.38730099719743, 76.65779217622031, 24.03946904510306, 24.918454777508565, 22.357251999691638, 14.536933548532534, 75.10098961188356, 84.23900269938497, 77.5750373450025, 67.73117413707848, 105.42872491531492, 30.408538163572125, 78.82123849468302, 62.96621727490886, 11.409936223587476, 68.80057792465317, 66.0010266629924, 64.01255254385352, 98.66224600737245, 4.623803368089906, 18.84136019911959, 77.97668766685901, 35.81752781458544, 94.37043409181307, 78.61755633470429, 97.24366700451786, 83.78180803774202, 38.01882398234681, 72.68711308457746, 46.485743038156414, 86.06642444455294, 71.07357655122568, 68.84222996335059, 48.9572562676002, 65.35212834853141, 13.399472017309048, 33.1274633500034, 41.763484385065695, 87.21998198325383, 110.67781631246224, 57.27284627422219, 73.71745624440211, 76.28600709718783, 90.55482860046375, 77.8014745798505, 64.07470069035949, 74.76148857760451, 90.60143916960938, 10.445804167946724, 113.05693432779917, 74.43160878898145, 101.82384855521211, 79.46993037790953, 37.709442296323864, 52.24267307457558, 51.1155435053754, 98.83060996258146, 51.784003467559494, 102.49759997571226, 19.612735621084106, 29.959069129706492, 75.74482930500749, 47.035181780258576, 38.1307826524521, 46.26986547294361, 73.84059180468242, 78.39625022296819, 58.926983653691124, 108.02631418590789, 53.06932677014054, 83.32718098266727, 111.78769138437815, 80.3061153200354, 88.93023696980934], [57.42859837536597, 15.721208071157651, 74.75504414377453, 34.91270090277677, 78.28574724040352, 0.0, 56.780199493682, 12.430203192477528, 25.641290175879412, 45.803019181571486, 62.004272956629, 36.07704654258238, 87.4968818812665, 40.328743361239624, 27.060116988626078, 15.195479333512434, 71.44851118079319, 46.97497632681082, 81.42554564781317, 45.1795994917792, 83.44745185398688, 79.69949819348226, 13.45272095458878, 57.43543906564725, 54.701240943414874, 59.519998800501966, 67.26008413621986, 49.49307766263238, 14.207830187320765, 38.35759528283639, 18.91376884052857, 27.53282650985884, 70.39465109563072, 31.82944364731514, 17.46020429538228, 67.17066034791054, 26.553838764448447, 45.114829544913995, 54.01667937413385, 25.19955542684134, 73.6650055240191, 64.39735195643348, 34.72109717849669, 43.01502165679163, 33.96175551324775, 12.03631366692625, 23.735610891690666, 26.602334687527563, 77.284939139636, 31.500953478335337, 32.25860733142576, 13.697765759427584, 36.78291033905582, 45.29028003096724, 52.695459573689035, 65.70614931706142, 64.89909293389489, 76.38089542857466, 57.4572544522308, 84.3060090212755, 39.52705006405946, 37.6130217360063, 23.68119688973254, 22.994379719046755, 76.89884024249673, 25.817367017900047, 33.765667753709316, 55.30783747291326, 16.63602520831428, 71.79681709344136, 36.83644646530519, 76.35308886958673, 44.08372401703555, 59.49035026688779, 41.73542888697409, 34.11053760578347, 34.49006212524329, 43.33272738117062, 49.31756528532902, 28.49992318369693, 64.11092822338364, 63.77553532221216, 51.319292602032746, 56.37330225175946, 64.63340622382057, 58.24835960893287, 65.45047365671472, 13.954983370163202, 21.12264590923962, 34.69038906734516, 34.45689104264697, 5.206824836644369, 41.224770292091634, 15.253082052805638, 30.763033484342756], [10.25460719875316, 71.55543782984522, 107.78825435650877, 28.509763650970953, 52.17477859130193, 56.780199493682, 0.0, 49.37932487758252, 33.937384246586426, 68.6024882122983, 25.637984682518912, 82.90226682169508, 65.13560574283889, 30.957651281482814, 61.63478752041148, 68.214023408996, 61.33959277844418, 75.07541966639394, 51.09504085044388, 28.06653078753003, 54.67706843138587, 110.09817660502901, 46.63374929370529, 31.04118578465405, 46.10802965454239, 51.028267231002296, 52.56174491485958, 24.894239850307006, 69.63595504040624, 81.4781251342696, 60.435744028126834, 81.6980853210433, 68.91150713121995, 78.10390168828167, 40.32487130937154, 47.233377112288906, 32.54832950221779, 18.028204555679338, 12.292432807929272, 81.97875865643613, 49.23208970284521, 33.68226765424586, 34.576272120026765, 42.44101136074314, 87.76196023954168, 49.08398917969981, 80.51573575425594, 44.94683467969639, 78.75713097247929, 31.794193461911572, 35.210341658558875, 69.95669200959695, 27.197337785515693, 80.06164402161203, 5.4949246372407705, 90.42418288022328, 43.57816921270693, 74.79769203297353, 10.43275656583488, 114.25987046229027, 96.30504117244689, 65.54069181316075, 69.22049001059062, 70.648683366701, 112.12647418117336, 39.61366473631594, 24.624528018069352, 23.0401221683256, 59.73283726822548, 54.095341472276274, 92.46134607108895, 102.24846237108216, 97.7462257093758, 95.64773329881729, 31.09406415300789, 57.0989237608105, 24.24908115956959, 96.0210934810359, 69.96068803373387, 85.21369812115842, 32.863513517734816, 22.42461207947858, 24.994311713294493, 5.208758572194356, 70.58566068302893, 72.19997762111007, 95.69393314315276, 47.650517606165515, 50.45251597413182, 91.39607043611423, 58.44121340199844, 61.471757962352115, 97.99176294022979, 68.24374174233836, 83.1463569776249], [48.237092214587, 23.03046772877882, 69.59643272809754, 33.23277715270547, 65.94948379202836, 12.430203192477528, 49.37932487758252, 0.0, 15.76226265769721, 36.32195573319219, 50.8806118950081, 35.355376001915616, 75.06672664219465, 40.094498596800754, 19.04412261880579, 18.904149611512995, 59.14738361833403, 38.99633497045839, 69.20930019832751, 33.671666565910584, 71.14756246148671, 73.88807009969513, 17.435503116094893, 45.66969489165581, 42.271863841828356, 47.12338377604974, 54.83229483494233, 47.631518978712144, 20.972042138064037, 35.673673225047494, 13.115640219411526, 39.556292309777, 58.57171878439175, 30.55329541602843, 9.532438268783823, 54.78600854890181, 24.33974276852498, 41.17618843900908, 49.13424101870841, 34.81031642608661, 61.32617285364038, 52.616981300016896, 35.45188512611914, 30.585070457970716, 38.386718185739426, 17.843721348685882, 33.31057370691869, 31.072221198486915, 65.90694442990744, 30.639134683285043, 20.411839978728114, 21.937900867935728, 34.8919666786929, 39.395644036781285, 44.666792589262556, 57.882920630844566, 52.5813345072954, 64.69151936943254, 48.237574610762465, 78.48853545956264, 48.59265083947926, 28.70524017112922, 21.328140892274018, 22.100969643404113, 72.51039836574185, 27.839113638895814, 29.51811389499446, 52.78832724787287, 27.37462546942186, 59.366712331451566, 48.02287651931126, 69.21940956546392, 48.412164951375665, 54.857287105670586, 29.964662326636766, 23.42052696988587, 25.47708482723501, 46.82862460459114, 39.61870894390494, 38.48619413488136, 52.38521656478362, 53.102767359602566, 49.43713934297927, 48.032263917819435, 53.363751552317886, 47.824068113490725, 59.12177871493243, 18.978958731277373, 9.524675792159202, 44.540080940763765, 24.055440321576345, 17.38182372708926, 50.107966980720825, 18.92974470308967, 33.875578224844986], [32.495721154096884, 38.667827076705656, 78.57618343444257, 24.293943740864282, 55.21062998286317, 25.641290175879412, 33.937384246586426, 15.76226265769721, 0.0, 41.02283422565259, 36.47204759009765, 49.242986735116204, 65.88650044609973, 31.86933716517704, 28.994209727558385, 34.647627307574915, 52.67764673386052, 45.970069480430745, 57.59881480886697, 20.232752222844894, 60.040330086435056, 81.9867983151186, 21.447692603690335, 32.658637781278784, 34.39733758496237, 40.009091524528195, 46.489292814455865, 36.79846978637859, 36.63934166405509, 48.360011821353886, 26.6027328114799, 52.96461250857824, 55.0045761070057, 44.411979170417354, 8.315736616591911, 44.820216806363135, 17.126088852491648, 28.64609916771776, 35.305512549080525, 50.08697300844937, 50.69297699695301, 39.54665910533008, 29.129059162347442, 23.497386405055146, 53.9551208584298, 23.432954616545494, 48.586823289957906, 30.392389341934074, 63.76483222970423, 23.290063933035288, 9.628301127327939, 37.39660056576692, 25.404358321470504, 48.99450930341623, 29.042853900691703, 63.83577672392055, 41.9612241446476, 61.44285863631138, 32.50001295845225, 86.4598340386648, 64.11116326094816, 35.4635961193026, 35.38986082114087, 36.73085171130829, 82.237221749207, 24.956596705319154, 18.075701086500754, 40.96091511747129, 35.48941262526614, 50.508073833300834, 62.46922363161285, 75.73145250413556, 63.86652367294301, 64.90635737879165, 17.506832203077693, 27.590307686676955, 9.769793671391604, 62.090895181490296, 43.53180511574835, 53.64318604722188, 39.16803382804392, 38.134248316794114, 38.45831106478299, 32.31735919037244, 52.16792547555718, 49.39466832744395, 67.08448849439765, 23.191722893480446, 17.159638457493937, 59.785802100708956, 28.780124637132783, 30.820702980803016, 65.67558515106302, 34.67141461673838, 49.24399449947962], [62.05542001416866, 44.21012378924472, 39.19755753476913, 65.17031025542163, 53.38415181385217, 45.803019181571486, 68.6024882122983, 36.32195573319219, 41.02283422565259, 0.0, 54.75809848522208, 30.55994551289271, 56.542221274309696, 72.70607542146011, 18.892408400598168, 38.06039261912181, 37.34551612712958, 7.377837583017015, 58.58882478853471, 41.292115900722436, 58.62638322891286, 41.66509061154266, 53.73001549216443, 46.19115658825066, 30.89979970910737, 31.26751385264639, 38.8658685787173, 77.68464141210642, 42.74358762010683, 25.14304708316643, 27.256168084678343, 66.22794201356031, 30.694449653269363, 28.42326607412667, 42.12405247333861, 43.066535389037305, 57.19200086665551, 69.03871927936298, 74.16345707021874, 55.051077045349075, 49.55014787198368, 50.89589253936225, 69.29266921511942, 27.0410665089825, 44.75680728991159, 54.13705098702124, 53.96468177942621, 67.05924064638637, 34.30430939718948, 63.688736939852696, 34.56202264891917, 45.2695481156352, 66.3806781761692, 15.467996322334544, 63.10943631559215, 22.820762673111464, 43.4165302282524, 35.09129560314254, 61.9516154891083, 45.97529691420902, 63.55561082059743, 8.342107907143971, 27.52003071347617, 30.0584668198416, 43.68346855058532, 63.06612893340006, 59.080576143547226, 81.41253418183922, 62.396998916532056, 43.319151965626496, 69.95734287975347, 34.74877946635975, 50.28270305230777, 28.318526831460687, 37.688109591422766, 13.613889176997905, 47.42666628344293, 47.02562959217777, 3.6149190701580234, 58.60679732472755, 51.241770914934584, 59.12398034658851, 79.28855652238144, 64.78491173540564, 22.22036165463922, 13.381893974087394, 27.094804899661195, 55.29892273406905, 27.19630088818794, 62.756539153383954, 12.611611831411402, 48.878555956524536, 64.18274053478332, 38.014045373797906, 39.66412891131144], [15.385072421958778, 73.63724411711583, 92.76554673341916, 46.624037290434025, 26.584279561293556, 62.004272956629, 25.637984682518912, 50.8806118950081, 36.47204759009765, 54.75809848522208, 0.0, 77.22618858097233, 39.52844059679679, 51.873968604263865, 55.087941664566515, 68.60194131545195, 37.1623955051818, 62.04014957919338, 26.029577542819556, 17.399929684582222, 29.466741186338883, 93.84161420758277, 56.66731728753652, 8.698552941454457, 25.67085464386892, 29.049664624730053, 28.26559865852365, 48.77961411477437, 71.54379961832137, 74.08143334829474, 57.4751803555812, 89.4279737501204, 46.13976932675971, 72.8812490856427, 44.78513663547351, 22.336132140128658, 45.98331746788838, 39.950861426112425, 37.433691897285556, 85.66529950233371, 23.613532684389835, 8.14147776691493, 53.412561372672855, 28.34228579691626, 86.14691166879732, 58.946643958502776, 84.16839510142354, 60.89222999872498, 55.81664679960524, 48.64872530603991, 30.73395989829387, 72.75376854615052, 46.12148202753791, 68.98574368034934, 22.43518325236489, 73.7346762866818, 18.842260518608033, 51.42482068828774, 15.206942068166686, 97.55219604856214, 99.20537939729523, 54.734091736452235, 65.42457685565698, 67.57804766058447, 97.71574386749782, 54.87797062489008, 39.9107209828842, 48.196975116204605, 70.99708867639893, 29.0004699728035, 98.7151594213219, 84.87620380527697, 95.18918344581273, 83.07652717943155, 21.486753020392616, 47.05349655900581, 29.172763613866003, 92.74185124694145, 54.90238810653542, 89.36250974535291, 7.315109446105898, 4.762451805952967, 49.32792729799191, 20.469700947205006, 49.879449133278115, 54.06413058243163, 80.60014271752648, 58.230768478943425, 47.07268647516808, 95.38975896584542, 48.30218288292608, 67.20688510659748, 100.62785782037014, 68.60880907069965, 80.87914994195197], [79.55687405189548, 24.334279608419408, 41.18294454133305, 68.35260296105783, 82.2181791210234, 36.07704654258238, 82.90226682169508, 35.355376001915616, 49.242986735116204, 30.55994551289271, 77.22618858097233, 0.0, 86.73291687710724, 74.84490034602787, 22.201811358100258, 21.20407408316929, 67.6466753522065, 25.639662070065373, 87.0364496530153, 60.56485008886871, 87.60958177248393, 46.94569341426896, 49.0105907348083, 69.62538746099914, 57.862680945069975, 59.886538311443026, 68.01917917723405, 82.89495208928665, 24.281339978181872, 5.94135980278874, 22.7071028278945, 43.67090748834908, 61.20154368277947, 4.840996456895727, 44.81812458617039, 71.18717783961942, 59.444379700474414, 76.49178866509665, 84.1841143508801, 30.17989900267248, 78.01014032000698, 75.69663942450816, 69.706720647979, 49.54792233952493, 15.060258006695811, 47.98578002936476, 29.65698599694379, 62.63632327246338, 63.782897164899104, 65.48084491837304, 48.653683474312835, 26.532966380862568, 70.0770604065362, 18.09235507114391, 77.73385287381646, 38.93568892461247, 70.68194665178638, 65.23059713870798, 79.51044939248182, 51.36017482747569, 34.61074814716488, 24.98083132492747, 14.04486567565966, 13.501448829089144, 42.231703390238486, 61.202327142758634, 64.86127250275945, 88.1357004221118, 50.368849332136826, 72.69376640374826, 43.6269789635041, 46.53306085410907, 19.799887363967418, 26.09171378854542, 56.342169511570845, 30.748998630354063, 58.7043666639966, 16.657516266416742, 33.4906536211762, 32.87299457907702, 75.81294828075725, 80.78250415253545, 84.71121655470105, 80.5880755800752, 52.44950888367457, 42.88745334440941, 34.79588192892541, 49.83053172608083, 32.46252302591958, 35.30377106648173, 29.67755173438449, 35.71435559857256, 34.881545528643414, 21.141274710931093, 11.080229660327502], [54.89762233968979, 93.89207330706245, 83.33209922149953, 83.46396232779662, 12.964421746418981, 87.4968818812665, 65.13560574283889, 75.06672664219465, 65.88650044609973, 56.542221274309696, 39.52844059679679, 86.73291687710724, 0.0, 89.68846810672403, 68.60443297466807, 87.72693520730422, 19.213527378770888, 62.93746026964166, 15.453442349899044, 47.06751371436999, 11.909733499921794, 81.65658171633038, 87.22957567629976, 36.33718763549815, 32.807422206768905, 28.403639687828466, 20.297021472151158, 87.88372879188093, 91.93051148389277, 81.58943592920512, 74.99659680733403, 114.05225372730054, 28.277097216296085, 83.87211545805228, 73.22920421761226, 21.118155840660567, 80.43069596954638, 78.69477974812418, 76.93928231969961, 106.16589790244723, 16.325672850871502, 31.680520692098497, 90.10610843100537, 44.48219105394113, 99.94983178895203, 89.04504692649202, 104.80601500552112, 95.28174657825896, 32.95070902188951, 84.67453136621708, 56.68383093842005, 93.95915017744156, 83.37480785691248, 71.56872667320812, 61.85455190250405, 64.03995332397281, 24.296416499309192, 28.376017365152805, 54.7197362885341, 83.91402244080803, 117.33334885345577, 61.92554709610401, 79.95601860572283, 82.6013653584742, 88.86836696134706, 89.3679993502802, 76.17739707202412, 87.6716255127022, 100.83060485604251, 15.700283643459993, 120.89346080366639, 71.51804790769484, 106.53163078624462, 80.01133519288167, 48.62246998434452, 58.38687243391367, 62.802070531970514, 103.36240581475457, 54.23095478072458, 109.99033265439098, 32.47064562531841, 42.9117486041992, 88.57002569441404, 59.99003713626465, 37.36725746640934, 46.80411134525641, 72.9825602071334, 89.00134253282923, 67.19031252373347, 115.21936614795982, 58.977806401658356, 92.36840704513519, 118.2911134415895, 87.70555540957392, 94.57525871730752], [38.56135554897431, 55.90186813435478, 109.12241442848367, 7.57693551806879, 77.26475490075319, 40.328743361239624, 30.957651281482814, 40.094498596800754, 31.86933716517704, 72.70607542146011, 51.873968604263865, 74.84490034602787, 89.68846810672403, 0.0, 58.41649999258162, 55.18529142091313, 80.53378483213976, 77.15346282920373, 77.69144641105652, 43.6207412370442, 80.94789432396124, 112.98787751490197, 26.939674058298994, 53.35355872734452, 62.44888505098689, 68.18970279281478, 72.85297635599935, 10.238632362198619, 54.51455037108358, 75.69724287926442, 53.201954462675225, 58.43548139992419, 84.93553904104861, 70.16833885161674, 31.488255067784557, 69.22553175292903, 15.894593897611747, 12.936514092089643, 20.844323359945474, 63.06500473209113, 73.38745361123482, 58.64053032237182, 5.959216016339643, 53.46478299912117, 74.28533035023254, 28.769474523279595, 61.8042065930974, 17.45293446042159, 94.23552952618655, 9.456207361441566, 40.18426819890988, 53.714995225223944, 6.74071856004591, 78.99611713097643, 30.818462623191287, 95.44742762409022, 65.70479200623633, 91.36140202097003, 38.70503464824994, 117.53218412600455, 76.9484809565165, 66.54177406093882, 61.06024808351434, 61.34555405227935, 112.33290561879231, 14.87958998263623, 14.583633764442801, 16.40745242487582, 35.17108655574291, 75.89002049333222, 69.8784569954705, 107.26135798138183, 84.38346370155057, 94.71758950123836, 43.665722912980186, 59.1340910053953, 28.659525598131825, 83.65542676344677, 75.33854711626923, 65.45297103734866, 57.9373246322557, 50.407590941083825, 11.883027266851789, 34.29619138949685, 83.29328292948269, 81.18840803248271, 98.07554672918533, 26.818309595173933, 46.76339055567523, 71.25250109431074, 60.242091487139305, 43.26834923917551, 78.79318181917837, 55.23703085881423, 70.98098454217953], [57.61600108416956, 26.344923969474408, 50.751472052502386, 51.19844947630169, 62.292799853123455, 27.060116988626078, 61.63478752041148, 19.04412261880579, 28.994209727558385, 18.892408400598168, 55.087941664566515, 22.201811358100258, 68.60443297466807, 58.41649999258162, 0.0, 20.03497980973667, 50.33459301798637, 20.170449361599193, 66.7082128774409, 38.36460476539524, 67.72303053639675, 54.88714997486802, 36.25286663603865, 47.66365079521103, 37.40953753592291, 40.48155438929502, 48.78723923830248, 65.03052876369703, 24.641378974142782, 19.888901702628893, 8.365918196657782, 48.08847690163361, 46.55435818997079, 17.79413882276788, 26.93044961971375, 50.957019660259625, 42.522092819089636, 57.473866614173886, 64.2771724970421, 38.10077151237469, 57.861208644246965, 53.93812729785301, 54.15192741867949, 27.871292498721854, 32.195574224655665, 36.28996204879684, 36.84552500388867, 50.06691955657822, 52.01495407910768, 49.01190153387036, 26.749114081053165, 27.048369386471414, 52.697259607563836, 20.58075220323557, 56.32096163761545, 39.07151053219514, 49.93887585482959, 51.93064338204529, 57.561081442209975, 59.48006930900442, 48.73176447838344, 10.593890595064405, 11.433910311608894, 14.038516007705637, 53.92808667899574, 46.84546434579807, 46.30161368361839, 69.65089483334603, 43.69488385060816, 53.56096327788487, 53.066767725303215, 50.235868625523935, 40.43339628180238, 36.34942887336233, 34.143325660115494, 10.217892492598157, 37.79637634485568, 37.796511728801065, 22.473833445828774, 41.85656037592307, 53.99951179551125, 58.589360372125434, 66.77627329611514, 58.95103510859587, 39.401651619620694, 31.848234590317375, 40.08688438356505, 37.66754359035232, 11.940512963040504, 46.76879005342672, 9.70460037532692, 29.98707888153017, 49.71777686953945, 19.998568790316913, 26.75595250204394], [67.06152000114656, 6.314082769843044, 61.27671569933327, 49.30915192054198, 80.31972118811463, 15.195479333512434, 68.214023408996, 18.904149611512995, 34.647627307574915, 38.06039261912181, 68.60194131545195, 21.20407408316929, 87.72693520730422, 55.18529142091313, 20.03497980973667, 0.0, 69.94861384198613, 37.051262185489705, 84.26298158563061, 51.20294926563163, 85.70307200789394, 66.61276930949386, 28.54684007222123, 62.49740222618499, 55.52398856912809, 59.343215438183485, 67.57824578380846, 63.97852908817987, 4.683226086970665, 24.296695665792754, 12.731184139196369, 28.189920303400044, 66.58331506561831, 17.35798569050149, 27.963716377942717, 68.91259280200767, 40.59139880696244, 58.72549046842123, 67.20098470823247, 18.440187987081448, 75.75462957482198, 69.29221778024345, 49.717520853398135, 44.62222557459293, 19.74976177036516, 27.231407267065364, 17.083038436791913, 41.764897339320406, 71.9135791856921, 46.0946864574648, 37.8905939716663, 7.228453825394505, 51.134944710510325, 33.244574124864, 63.55997689163464, 54.75799782393501, 67.34248814569865, 71.9521215668045, 67.05647801899434, 71.16690047000468, 30.77842316744501, 29.824651305465302, 11.153206923258384, 9.3157019899605, 62.92743679722158, 40.91082928115751, 47.077551917257125, 69.60256367015674, 29.304314720717542, 72.32958671900543, 33.24641560386464, 64.44006642534974, 29.90974128560576, 45.92948961506316, 47.18082437741441, 29.836728312160496, 44.380099125934535, 28.716089529053434, 41.66741403947601, 22.268809101531083, 69.17829824455187, 71.23025698639493, 65.81050197118859, 66.93636963827026, 59.35864923280787, 51.37978764484679, 53.03280168065944, 29.143817912098125, 21.864831643106914, 27.709500310122618, 29.57241392129111, 14.537278030079326, 32.10768631707712, 0.06376506415805014, 15.839942418718328], [51.45676971237212, 76.21212726764858, 65.92960328752912, 73.56075464408376, 19.44517275681275, 71.44851118079319, 61.33959277844418, 59.14738361833403, 52.67764673386052, 37.34551612712958, 37.1623955051818, 67.6466753522065, 19.213527378770888, 80.53378483213976, 50.33459301798637, 69.94861384198613, 0.0, 43.734519734431075, 25.04152748348445, 37.00782085723322, 23.661488512948406, 65.00533311926061, 73.18938316946274, 30.309347437114663, 18.37471729630927, 12.675027887074627, 8.900503026120552, 80.8298556589994, 74.32598564943933, 62.431095105522736, 57.27020209074734, 97.07175879490076, 10.976644351579809, 64.92844166833522, 59.01036165712264, 15.036750976628039, 68.85559593663871, 71.27177203091533, 71.77776103547738, 88.30727234460795, 17.63837687613387, 29.37543984445466, 79.78931116854585, 29.42189473933824, 81.11636084601189, 74.71668870456251, 86.99848322641905, 83.01911700001132, 19.398341418069908, 74.0202903178467, 43.058192443326384, 76.4968155643854, 73.87062531343113, 52.362563248997866, 56.88088498268954, 46.250626499498814, 18.33904789785737, 14.651091871664635, 51.286748006535454, 67.78482453279544, 98.90155351276559, 42.99052043668953, 61.52067488085024, 64.1840140929122, 71.41334816594487, 77.39705532627494, 66.16321620754161, 81.93757600945027, 85.98289482653422, 9.650915611918622, 103.19350496208388, 55.0146118720818, 87.44441149371951, 61.31054495938997, 36.99787618829908, 40.19228148707014, 52.07126757439041, 84.24743986225494, 35.02132867668052, 92.10041372647221, 30.157127765335563, 41.71068549200874, 81.85841632445677, 56.194292594727855, 19.009612635153797, 27.92890483961342, 54.94307275026238, 74.98442008772334, 50.50592355810217, 97.10319400153222, 40.63159184514893, 76.0473416896644, 99.77965937393508, 69.92174888444283, 75.78586070699832], [68.89861616747544, 42.84448500227833, 32.89239248014249, 69.70817478130222, 60.423140652556434, 46.97497632681082, 75.07541966639394, 38.99633497045839, 45.970069480430745, 7.377837583017015, 62.04014957919338, 25.639662070065373, 62.93746026964166, 77.15346282920373, 20.170449361599193, 37.051262185489705, 43.734519734431075, 0.0, 65.69854306210375, 48.16326705477284, 65.60648762203446, 36.01815283988055, 56.35262072024859, 53.505084028241136, 38.26725265608141, 38.467809085383664, 45.886384160246386, 82.76797951993171, 41.65252643442447, 19.829427690268265, 28.061706910545663, 64.7515338767163, 36.087542645287236, 24.4891868048312, 45.94773728702733, 50.28863099809034, 61.39195245513433, 74.42436285945, 80.03673368668602, 52.6845861010708, 56.68783404672073, 58.26957076289187, 73.34906063382648, 34.112611889925724, 40.4747312897328, 56.451663769303586, 51.74354653576471, 70.06601867299688, 38.14341057498549, 67.92695435820688, 40.440643929288406, 44.239602572168046, 71.03721995239613, 8.635420248320514, 69.58224461545737, 18.90975890572818, 50.734350856645754, 39.71050088340779, 68.80099555389523, 40.493119104167384, 59.789489784641454, 10.612873104246221, 25.957385799807863, 28.203285111096204, 37.056324286755164, 66.54133323690101, 64.0115702385269, 86.7997148368319, 63.57720917531862, 50.23950421675076, 67.3152578208138, 30.29692398237391, 44.9037087814732, 21.081609379789814, 44.41980907592935, 18.504663394114974, 53.13845520532097, 41.54972171304437, 8.732291000017268, 56.032584751109205, 58.61134447550139, 66.36401176302908, 84.42655408343542, 71.4331854470091, 27.065606289074477, 17.336332195322807, 21.131421353028532, 57.80148132597183, 30.613491809691745, 59.627936341769725, 17.24532508163287, 49.370942624124616, 60.23453314217624, 36.99730593707441, 35.73531194865251], [41.01270106750881, 90.1106628400542, 90.71276925304218, 72.0564424359593, 5.612374214159857, 81.42554564781317, 51.09504085044388, 69.20930019832751, 57.59881480886697, 58.58882478853471, 26.029577542819556, 87.0364496530153, 15.453442349899044, 77.69144641105652, 66.7082128774409, 84.26298158563061, 25.04152748348445, 65.69854306210375, 0.0, 37.53021770017002, 3.68603536578279, 89.999081737804, 78.97089940146589, 25.362112057509556, 29.328173893411417, 27.38189645762882, 19.88876994707883, 74.79704668264716, 88.05424133264695, 82.52056518791525, 71.7901327804464, 108.76398109103008, 35.993307856459765, 83.5178263927538, 65.57760865929318, 15.852550176796496, 70.26450217696141, 65.9636311197087, 63.197023293813295, 102.50315224329638, 9.064564017750605, 19.157280601851294, 78.82458435962113, 39.64076340709495, 98.87478654822394, 81.02223318966281, 101.06554556494747, 85.29831890695422, 43.42375066694227, 73.73710411822834, 49.30299093832217, 89.79183131330814, 71.71784205862872, 74.0567616169244, 48.38977376724778, 70.95101584958915, 16.92217723810806, 38.5353466415319, 40.83803759797617, 92.8236450413311, 114.80149702568116, 62.16346367974749, 78.09572978949907, 80.6287530534828, 96.15382619352268, 79.2803394651394, 65.03186967742738, 73.99755062869005, 93.08790013606058, 16.01181568833047, 116.72496709920983, 80.03991172930651, 106.54526941892189, 84.94015736637373, 40.151975672506985, 56.77976863193136, 52.66251044424147, 103.6020211905144, 57.103968857417094, 106.33196446735762, 19.81131342882783, 28.67066264595854, 75.31152879990553, 46.083106119175206, 43.73870765678579, 51.80645374089989, 79.4161999888793, 80.67658068828547, 62.644218412493274, 111.96197228861357, 57.66801004131206, 86.53218459542676, 115.96101091008163, 84.25241411440525, 93.43114990972768], [20.763327654631276, 56.281888895240996, 80.4065942533562, 36.86090487306424, 35.564999144952054, 45.1795994917792, 28.06653078753003, 33.671666565910584, 20.232752222844894, 41.292115900722436, 17.399929684582222, 60.56485008886871, 47.06751371436999, 43.6207412370442, 38.36460476539524, 51.20294926563163, 37.00782085723322, 48.16326705477284, 37.53021770017002, 0.0, 40.147519204795564, 82.38033946691537, 41.47001833288083, 12.426213775194142, 19.411233440668187, 24.987151763507637, 29.242975260554843, 44.00988403768976, 54.186598814472404, 57.857009717712366, 40.17523083915178, 72.70784174345329, 42.53423934050495, 56.077432581255216, 28.42773373532239, 26.058907669828237, 33.36801490875729, 34.434349793294295, 36.21453592363599, 68.37480812820519, 31.20132696303153, 19.334714234211052, 43.328841961895314, 14.488819428404037, 68.87638950122007, 43.56445085338695, 66.88149466140878, 48.27459536986088, 52.247118232898956, 37.74458379922134, 13.362157842312541, 55.452048520505464, 37.02327742202116, 54.142101527381996, 22.713597841583944, 62.53969487928219, 22.771931534911, 48.79253059504587, 20.659682211177852, 86.45401018347779, 81.83046163721494, 39.541801881977165, 48.29284759863428, 50.366862422399464, 84.97397370731646, 42.32750210474054, 29.468990374322377, 45.67075963350544, 55.6611834737084, 32.47608692064191, 81.65727083756003, 74.29282149579365, 78.06337616698458, 69.1454143913363, 4.227010739822302, 31.33962598109189, 15.745325166512844, 75.71172058330193, 42.294710197376624, 72.09759969490065, 18.988282412646107, 20.350970081256335, 45.14104901408311, 23.75830794297021, 42.97189845843591, 44.133795064867385, 68.2260796901