instance_id,num_cities,city_coordinates,distance_matrix,best_route,total_distance
94,90,"[[13.012051769621769, 56.99179503744618], [22.6264877579914, 79.41844803413797], [44.49571100227468, 70.07859588316889], [10.433386990650106, 73.54101113210758], [27.8050615532223, 8.623839752950978], [39.12068684703621, 25.921879904693746], [9.415568698661936, 22.73663770188854], [97.92353708917561, 98.50210235393119], [40.28939683570735, 48.25823119190494], [37.69699703949225, 84.6382942304269], [4.096808748519242, 66.97322614946984], [66.62986880152715, 86.35292313041025], [28.504297306020597, 97.12752176632212], [4.469201116574595, 20.684828942530775], [91.68609044894896, 24.279187771387058], [90.36922625652227, 53.50209738484975], [20.68578396448779, 32.06814856679476], [91.60736668809201, 33.15625853279266], [45.89942691412547, 53.72764210507602], [47.873238717859536, 56.91741067287007], [62.024181654206465, 87.73182627247465], [80.8074559488442, 86.38400923515674], [43.60168184845439, 10.771478696323511], [12.013969896447406, 26.398294058388462], [84.09093836086217, 42.6867605597969], [95.47512150365709, 40.89738492157646], [41.1571882468227, 52.5312037021076], [13.812063247793526, 75.10485564651457], [86.48555613206453, 46.03755484625418], [92.55256648821083, 40.78555286497362], [88.73361013431699, 22.514912682423237], [47.34556707721297, 8.319217404884217], [5.7983656629981954, 27.388470564905344], [88.40836012429362, 47.36845203492718], [8.245044948821768, 0.049518590856867384], [94.915841226662, 63.982202868366386], [82.21719224671091, 64.17025829119544], [95.14136400816292, 90.30651516724409], [9.582016212247247, 55.180538618982766], [61.91384639491323, 88.24796035718899], [7.647268994620992, 80.90269788838206], [8.893953461574277, 18.453022929353523], [57.281020557993536, 71.53031490946064], [48.22030892227419, 15.793261044639973], [87.64902280850556, 80.16125862589809], [29.36259359706255, 33.43823754451751], [17.869431346654018, 38.03422495848778], [68.76769667958496, 23.626601863302522], [52.68410516752525, 65.57174527206115], [15.1279230362541, 43.606529210574585], [97.00366291921078, 66.46904885470246], [54.30644734439919, 4.442102554116712], [48.69682260375714, 72.72894696494402], [51.5421743175833, 82.62973598599564], [20.41029978723481, 20.733793388371858], [92.07563127102182, 84.86793506738795], [25.24218621237636, 76.9554025347682], [31.353232004713682, 29.348789283917164], [50.204528878360534, 29.15218493026105], [23.238600354930416, 72.44086567554265], [9.603417779123946, 29.475696452821676], [53.56778552465512, 22.082484079136755], [63.06753104565739, 40.37870394063473], [45.16746668864721, 68.20157209788889], [22.858529262900127, 21.12171257880765], [86.6185839741493, 78.33037016776676], [32.71345206166673, 17.02546964957484], [2.659949956546992, 79.8415327049069], [22.857882064688205, 57.423215551807004], [70.73280325013994, 78.72945130155094], [58.63490869202822, 26.98791683519566], [80.12023099959109, 80.36210782516694], [88.64748199229992, 81.09794589019563], [3.4250829796642734, 21.174555097812142], [98.58550378539185, 53.27262801633148], [71.65733071723736, 5.060878729418228], [37.20861328637072, 2.4208994118409155], [16.795877932837953, 61.15728760449608], [93.86776616501386, 72.75649610156148], [21.747451902616742, 97.77268095752439], [24.53314194985259, 35.66434309688496], [33.94278609307606, 15.479593717252493], [79.53889058682289, 28.280982552466504], [21.880084513703814, 57.11786289682574], [94.54475706996807, 35.832475889455], [93.1569188706221, 30.339145025467516], [38.9585360850111, 75.63512418145208], [10.314052603116153, 1.1306361058686765], [62.26513290227349, 14.95079252535827], [91.75654524186112, 10.356391033715651]]","[[0.0, 24.40065867980784, 34.095236544910776, 16.74891236439277, 50.57956343090189, 40.58325334373816, 34.44343906411654, 94.51489804619078, 28.641380750558245, 37.06312777686179, 13.383218042361527, 61.13056638178912, 43.02192733729018, 37.29847294860214, 85.20398486138835, 77.435847217573, 26.07823458734387, 82.13011827337266, 33.04896576689232, 34.86126630622698, 57.8544587404802, 73.89261859799142, 55.42601474969378, 30.60977735268855, 72.50408354332292, 84.01897349371856, 28.49641350031902, 18.130719318134936, 74.28560574878705, 81.17472369556248, 83.2010205352076, 59.5634962604981, 30.469560007841093, 76.00797355578487, 57.141466562815424, 82.20156038096701, 69.57644574954278, 88.62897103150047, 3.878890787103765, 58.03734477101169, 24.505349811211403, 38.75816932305039, 46.59517311540749, 54.19354735467783, 78.15050536519759, 28.67246568789623, 19.56996677702823, 64.97636535598022, 40.589251863449945, 13.551466801530262, 84.5246063783823, 66.83335459169089, 39.00077973930659, 46.280388499257896, 37.00509096481715, 83.83393576913306, 23.412001469224794, 33.174307219680784, 46.45776839672932, 18.527171385523825, 27.726421821070815, 53.51100384026723, 52.740362165466664, 34.05333772715255, 37.19698824656595, 76.6371735632812, 44.55841490085344, 25.085384657605694, 9.855277665264403, 61.67828508747721, 54.6047413778131, 71.06109511791661, 79.38403374674992, 37.07808850888803, 85.6542345317863, 78.33319099484616, 59.69469187971842, 5.627492226523929, 82.37822740281642, 41.705969259926825, 24.240373867124234, 46.49041296619463, 72.45778796345857, 8.868928788488487, 84.23359674381514, 84.46042549796937, 31.94986337843222, 55.92627536928797, 64.75578656213632, 91.518064658245], [24.40065867980784, 0.0, 23.780154825195357, 13.535729417356395, 70.98376003170979, 55.98161667205864, 58.20099659742307, 77.677741343194, 35.81811651584493, 15.948888497845717, 22.32112344736921, 44.546430700151745, 18.659044389647555, 61.476215480269914, 88.37175310106898, 72.53093030050833, 47.39005371236882, 83.05752124538502, 34.66478337231956, 33.81856171339604, 40.2652522911941, 58.596451278811784, 71.77997747561245, 54.07182503831156, 71.60373979496745, 82.40628460215937, 32.65441422498759, 9.813315379245669, 72.05737050174294, 79.8884038877764, 87.22478985014716, 75.27372369201474, 54.68367442567162, 73.17415510660784, 80.66134674207933, 73.9190658067065, 61.51064421625474, 73.32773884058281, 27.525161048121007, 40.26731722537554, 15.052574277867944, 62.492924050722365, 35.540952263256194, 68.57993949572918, 65.02677780707401, 46.4710111633583, 41.656734212799535, 72.39987057927873, 33.09367827424474, 36.58855015864357, 75.49603383007, 81.39454662897222, 26.914898913521757, 29.093458019326444, 58.726486188214636, 69.66261869624954, 3.5928361410225147, 50.82447041053417, 57.334505827337075, 7.004379872787595, 51.61277736362915, 65.15195062417202, 56.210137885270264, 25.177649551168848, 58.297197256890215, 64.00134601382457, 63.20309011876066, 19.971019814099332, 21.996449606174146, 48.11124927423571, 63.60477167607823, 57.501486987139685, 66.04235302239844, 61.32735939072665, 80.33290745550299, 89.06779257509662, 78.36619729684737, 19.16940247295921, 71.55208838754355, 18.375270616808784, 43.795627967497964, 64.93254730383326, 76.51184203533677, 22.313072743788425, 84.09503212810544, 85.92624568052787, 16.764526296033804, 79.25009499022113, 75.6789323106042, 97.71659308864956], [34.095236544910776, 23.780154825195357, 0.0, 34.2378480110678, 63.680961284011005, 44.48265336817397, 58.922639014896625, 60.517999970798755, 22.222092478603887, 16.068830931678892, 40.51807774921536, 27.473162701671452, 31.422439488955334, 63.575669136990776, 65.76106519598542, 48.776630718474834, 44.85205380732958, 59.85622020203073, 16.41109709356789, 13.587659460309277, 24.877375797570416, 39.80463949898177, 59.31385535557515, 54.43374204268806, 48.14659564248509, 58.74047470231596, 17.862158507432454, 31.09259601142536, 48.38510874393436, 56.280935746147556, 64.95610578873739, 61.82509611534684, 57.61884531988011, 49.43755036934356, 78.8554529232543, 50.78735610006794, 38.18139076009516, 54.53577621117992, 37.959428264110585, 25.169768492103206, 38.40532336292297, 62.711122799679885, 12.867463952420978, 54.412959928649954, 44.31555491956978, 39.642491112248656, 41.66293888167116, 52.41103926789904, 9.346737475523305, 39.537795638293005, 52.6318709933628, 66.36565229174948, 4.967262781933034, 14.393879363631475, 54.90916650840819, 49.825428912215216, 20.444771619137978, 42.79768568291726, 41.32265377524309, 21.38796557986286, 53.535666321819704, 48.84597510997991, 35.02850383790317, 1.9936082846639391, 53.52517217627206, 42.92351577222719, 54.34570662804193, 42.95981654593598, 25.0669960797794, 27.626478405557613, 45.35111390170445, 37.07906475223469, 45.50609801040948, 63.86236521855001, 56.6404999912759, 70.46316150603357, 68.048994738552, 29.101039388272312, 49.444625396217006, 35.83916349708528, 39.7849840770481, 55.60948895335155, 54.544155649691795, 26.066207261775382, 60.64407429345381, 62.826245357160886, 7.844444709091584, 76.95587650315584, 57.920868930961255, 76.15988580021455], [16.74891236439277, 13.535729417356395, 34.2378480110678, 0.0, 67.20129624478018, 55.59265088034452, 50.81456792803273, 90.98122025586775, 39.12288697646006, 29.43559282670505, 9.126227226888895, 57.63843905739022, 29.71331828530901, 53.19161126341501, 95.01962460515765, 82.40932267231292, 42.721305844630756, 90.66500550062622, 40.62523329231331, 40.96445519696055, 53.50690916475466, 71.5363696451503, 70.99401373342118, 47.16920621989337, 79.85874812589014, 91.09172817085884, 37.220477856611076, 3.723044844723936, 80.87256975502977, 88.41085729503223, 93.45901597676334, 74.9425874635999, 46.38470031718472, 82.25022361603541, 73.52406624250827, 85.02150251061676, 72.39285673217714, 86.35116383669451, 18.380200845135786, 53.540004258340375, 7.871269617114152, 55.10949373580938, 46.89076316461323, 69.01198525786133, 77.49891671265297, 44.345769946701346, 36.27708119520665, 76.77460478269056, 42.995725192277305, 30.300360997751515, 86.85865141020884, 81.85050147356002, 38.27205185419223, 42.10151202701283, 53.74142754695834, 82.4242394988969, 15.19732223255014, 48.89368453381397, 59.59959411464253, 12.852385355658438, 44.07313021191678, 67.14578425598815, 62.210061394157705, 35.142081635369195, 53.871764601743344, 76.33558933673746, 60.74872614822976, 10.006142883872654, 20.350710361389204, 60.52222329547321, 67.01176973446977, 70.01987994864415, 78.5783171101615, 52.833342149652026, 90.45221417699882, 91.85804166933991, 75.99330914159654, 13.922567988619816, 83.43806740358178, 26.742884798768618, 40.415901219198496, 62.640402603904015, 82.60775274942768, 20.018658350207314, 92.17730852420436, 93.32515181767882, 28.601913228295736, 72.41047335942925, 78.226233455496, 102.98423318610293], [50.57956343090189, 70.98376003170979, 63.680961284011005, 67.20129624478018, 0.0, 20.67040321041915, 23.180692685842303, 113.99430994421098, 41.554104636987766, 76.6553825714332, 62.98199857024204, 86.88599461690036, 88.5064441753362, 26.26841911021408, 65.77139024192066, 76.99566684623704, 24.501423002436628, 68.35622657602269, 48.597932511922906, 52.29723440975175, 86.1917728768745, 94.10577968207062, 15.941943601168232, 23.775823888327206, 65.79044384937882, 74.97211969423532, 45.89265623392979, 67.93768818421763, 69.59300626571894, 72.29533308316944, 62.49199900251818, 19.542879800788103, 28.920685218607, 71.92986013176362, 21.35680764897131, 86.99658105463197, 77.7565725776999, 105.85951582706207, 49.996055752445095, 86.62222454644655, 75.03712370685176, 21.31297377583124, 69.46982636992497, 21.637535136824244, 93.26790443516641, 24.863230760013696, 31.043316600191584, 43.62362143879529, 62.145239191557444, 37.20884844585933, 90.19154421027692, 26.82928204132393, 67.42351555988286, 77.71951620824827, 14.189202889089781, 99.71894605423525, 68.37960808763198, 21.02648440928564, 30.383368677102368, 63.98019510348686, 27.67850725583148, 29.06635604142721, 47.453273377957345, 62.05609803598426, 13.441168359576727, 91.20323898869228, 9.730348519104096, 75.52639556213659, 49.04950217127333, 82.20454840092776, 35.88479903364047, 88.78770219013103, 94.62714296267268, 27.420864518006756, 83.68623122097013, 43.99677490553642, 11.265134445419163, 53.67462405232427, 92.07213775596718, 89.35440964382987, 27.237736304330063, 9.201794658986854, 55.34250021022144, 48.85463779005512, 72.07285784590901, 68.86522880171361, 67.9331453333992, 19.028491663538148, 35.03607924363072, 63.97494822130547], [40.58325334373816, 55.98161667205864, 44.48265336817397, 55.59265088034452, 20.67040321041915, 0.0, 29.87540480226847, 93.41126210142043, 22.366905728404205, 58.733671807058556, 53.9618853040576, 66.39778668866686, 71.9927160191437, 35.04500201324972, 52.59106476652483, 58.19863561852931, 19.432505313410235, 52.982900966936384, 28.620128029786468, 32.2076092228594, 65.91691394755998, 73.44015115262962, 15.799176338572876, 27.11090323624757, 47.99359066163541, 58.31027401734648, 26.68714017850072, 55.3126706217362, 51.459413334611014, 55.46074770375103, 49.72976556111272, 19.429420523601653, 33.354579554490094, 53.7515599143223, 40.28255630642746, 67.54026529667574, 57.62158646602157, 85.34458112547524, 41.57646176179239, 66.36315564186114, 63.35192481265422, 31.135819174608002, 49.091007975772705, 13.615874629431463, 72.77987081090124, 12.317305551333808, 24.46067789421817, 29.73572755623334, 41.90558602605313, 29.806031878664548, 70.67186023328156, 26.305667771672933, 47.77660413647997, 58.05234097190747, 19.41635459164322, 79.23928039924891, 52.886985278994445, 8.489821118311571, 11.5449740031564, 49.15543417050827, 29.730435336289275, 14.948565834425807, 27.972327544900473, 42.70990421909465, 16.95580654666062, 70.72976801285606, 10.963520101784534, 65.09004757021626, 35.451558032628824, 61.54644994081746, 19.543318268726967, 68.15204352585744, 74.14379067054351, 36.00990458579933, 65.45324954330688, 38.649897339723225, 23.578636716885168, 41.71248073211129, 72.04667909180021, 73.9213562129879, 17.541723267072385, 11.65555648771381, 40.48699246490944, 35.64305996490054, 56.303174624968065, 54.216479067291104, 49.71350872137543, 38.005630445445455, 25.613085356684437, 54.88914312277613], [34.44343906411654, 58.20099659742307, 58.922639014896625, 50.81456792803273, 23.180692685842303, 29.87540480226847, 0.0, 116.50779417084546, 40.05677218780196, 68.0562581249855, 44.555190100457715, 85.55996673669215, 76.80093223218967, 5.355041684441104, 82.28498167819788, 86.60258761433882, 14.631980288392853, 82.84962374685291, 47.86976356954808, 51.452090571708275, 83.6184231759505, 95.64407701596903, 36.21954392753816, 4.489923836519863, 77.29436096011075, 87.95487120434633, 43.534429761759725, 52.552444424749595, 80.5153134673984, 85.07363716230606, 79.31835133922382, 40.57766362196518, 5.892682478011019, 82.7441077935501, 22.717295160451616, 94.92888521553624, 83.76646886654872, 109.15402109922303, 32.44432787858313, 83.95119151697371, 58.19293291682503, 4.315256420543539, 68.35147706622537, 39.42103934736444, 97.04669201071823, 22.63643173049079, 17.4780997120506, 59.35879995478738, 60.88524196146069, 21.637545231900358, 97.89891743235215, 48.47557118651999, 63.578674835274285, 73.22454590533047, 11.175665396486107, 103.40688592538973, 56.48146848240155, 22.912477384024037, 41.290416791072914, 51.59056582968615, 6.7416763587077435, 44.15706248848167, 56.47809809878273, 57.83820942524871, 13.539614909029762, 95.13657896474298, 23.987680373849077, 57.503107897700325, 37.20019450982619, 83.03612724499804, 49.40259915886894, 91.2131793000183, 98.40598750899828, 6.190801338394977, 94.2535093662585, 64.70293188434232, 34.42648035631984, 39.12307890914007, 98.15375637854636, 76.04264021466928, 19.891369680968044, 25.578293150790827, 70.34216397334363, 36.57092835037707, 86.13059671564018, 84.08574103989287, 60.58908147364059, 21.62467521822643, 53.41999458652687, 83.26648140550004], [94.51489804619078, 77.677741343194, 60.517999970798755, 90.98122025586775, 113.99430994421098, 93.41126210142043, 116.50779417084546, 0.0, 76.46005958736067, 61.80162863583335, 98.98244786742535, 33.5692750994508, 69.4328475857285, 121.61102315688507, 74.48454060888956, 45.62968397188061, 101.87806792210777, 65.65038699986583, 68.63862127171602, 65.07164474075232, 37.48016231977983, 20.97160972452276, 103.18685131423803, 112.15798190927946, 57.50385349847932, 57.656727355451274, 73.04616269009576, 87.30504673417923, 53.69689147018227, 57.96591593434643, 76.54088940957875, 103.39769720967695, 116.37953358098547, 52.011429394116824, 133.17335770413192, 34.65068101632173, 37.75400356330997, 8.65494866462543, 98.39198237300623, 37.44122396484654, 91.975777347201, 119.72519316178365, 48.7779813844024, 96.49436937426235, 21.022659022108122, 94.51936032615953, 100.32459341031591, 80.35174922620946, 55.955469957217815, 99.34101699266999, 32.04625851754021, 103.68092437929447, 55.5655015070843, 49.022064692014155, 109.80078249443254, 14.83538068454743, 75.80790881150546, 95.98846924291328, 84.18143970789347, 79.10137692989416, 112.0941041561352, 88.35944066209765, 67.77367188235098, 60.83851656560048, 107.80760697515201, 23.123597132005333, 104.3589807641658, 97.07403305210931, 85.57059953720719, 33.61984140867523, 81.5958029051572, 25.416866628737584, 19.72181179239022, 122.104493749144, 45.23431826348763, 97.06274192304423, 113.65693789285166, 89.3103144595098, 26.063106474312193, 76.17957738084013, 96.61642762570176, 104.81542557444625, 72.58788392829842, 86.57518094142843, 62.760642409197594, 68.32941826917163, 63.24373513765421, 130.98329745128066, 90.84240839622575, 88.36118046173681], [28.641380750558245, 35.81811651584493, 22.222092478603887, 39.12288697646006, 41.554104636987766, 22.366905728404205, 40.05677218780196, 76.46005958736067, 0.0, 36.472311736305485, 40.7449931735244, 46.31442558503517, 50.2702310733842, 45.203749102953495, 56.71520640654067, 50.353623975513706, 25.42479917349476, 53.493958611854815, 7.834978826893596, 11.510692723596314, 45.06179734199732, 55.63531311764995, 37.63280277458283, 35.74012619002232, 44.15445985383928, 55.67446690308014, 4.360201372202109, 37.70663653168383, 46.24950310183387, 52.79469503183203, 54.859459075001915, 40.55754382056366, 40.313498235517315, 48.127189144147046, 57.88713551818744, 56.84445190236442, 44.84565346201933, 69.11437251367408, 31.47795363216977, 45.46201994469019, 46.16459374771134, 43.2900023588872, 28.815016176929, 33.419659680907245, 57.10286623049199, 18.41269238119896, 24.641127327930743, 37.652765175740626, 21.29287590802622, 25.587850536605945, 59.56628121125312, 46.003595878653044, 25.874712336374504, 36.16663300428745, 33.95251354263997, 63.41990614026408, 32.40287318471214, 20.91463686412586, 21.525585872986696, 29.589347258736527, 35.977950495907145, 29.351070561162977, 24.102496712789033, 20.53125451555392, 32.252531478625336, 55.23338776041465, 32.13845566886137, 49.12718399107304, 19.69402563036588, 43.0731499786678, 28.088860391686286, 51.15812980430885, 58.45469409275348, 45.743886442305964, 58.511368647484844, 53.385002910596015, 45.94074675049951, 26.801699326249636, 58.91355229122822, 52.87234113876381, 20.17090938400914, 33.387400956246545, 44.041040211611744, 20.43026808722561, 55.66007104725759, 55.82175682610148, 27.409222172452456, 55.85276609493686, 39.903865053314625, 63.91726568336592], [37.06312777686179, 15.948888497845717, 16.068830931678892, 29.43559282670505, 76.6553825714332, 58.733671807058556, 68.0562581249855, 61.80162863583335, 36.472311736305485, 0.0, 37.96086515733917, 28.983633669072873, 15.507628214305802, 72.07032776549026, 80.98175065845852, 61.18681626541684, 55.2539734804539, 74.54346353115847, 31.98043574848119, 29.529701656267434, 24.523088136969292, 43.145789925004976, 74.10244084942441, 63.65151611131832, 62.54861284352129, 72.46777776199296, 32.29300520832612, 25.717241560226867, 62.21206136541562, 70.22959792572162, 80.39931847441045, 76.92656492575168, 65.53674536797477, 62.93396128638341, 89.56940574857391, 60.83313439625974, 48.999880372287905, 57.72334038341748, 40.72114331130601, 24.484392625708463, 30.281030953410767, 72.18106023430335, 23.565930897210283, 69.64466014946444, 50.1522554451182, 51.87396346320106, 50.646536248864194, 68.46761995005726, 24.251736004317518, 46.82914521970282, 62.02743018449058, 81.89812573444313, 16.21199292912873, 13.9901122255342, 66.2013227191377, 54.37911911570911, 14.633835366931821, 55.65224804126607, 56.878349817573415, 18.916196711803728, 61.90445371079897, 64.53767357772539, 51.0154420580499, 18.054743178489417, 65.22680638099476, 49.326580807770306, 67.79623712527916, 35.36387407263565, 30.99773928400142, 33.56007921244519, 61.334836416036765, 42.63820528359294, 51.07333926126682, 72.12634940170486, 68.49244681568551, 86.52091840314665, 82.21884534244907, 31.43587842064472, 57.41369549966072, 20.661561043884948, 50.712276328829745, 69.26052235221114, 70.19181316359423, 31.741910191982765, 74.92446679432902, 77.61572349657945, 9.091124886070242, 87.88261836935536, 73.89141488472136, 91.87075646999878], [13.383218042361527, 22.32112344736921, 40.51807774921536, 9.126227226888895, 62.98199857024204, 53.9618853040576, 44.555190100457715, 98.98244786742535, 40.7449931735244, 37.96086515733917, 0.0, 65.46721511310959, 38.7944202409712, 46.28989513990229, 97.44056230249515, 87.31781795755184, 38.64658509840921, 93.81729611155247, 43.85093365227896, 44.91653643993466, 61.53454323241021, 79.12838867241207, 68.69695346541373, 41.340132496620384, 83.59960037748199, 95.0260255809854, 39.77491346223629, 12.669237082905864, 85.00710575208363, 92.25082823128758, 95.60298000142649, 72.87487796753886, 39.62130955209483, 86.56087374485129, 67.05214759397533, 90.86827213353433, 78.17065272030838, 93.9869853693228, 13.00595940758861, 61.607013868662996, 14.374837421143354, 48.75677099562047, 53.379091822186886, 67.57419696685233, 84.58662231656436, 41.98756178616666, 32.04919535904628, 77.85405309165742, 48.607504790496044, 25.839659600374862, 92.90822216918535, 80.19444635401011, 44.969873893453325, 49.96187560774074, 49.032796493146854, 89.78025294964938, 23.383131387310055, 46.45977677702268, 59.63516592143315, 19.907367176257814, 37.89970285328037, 66.80236722459877, 64.69014376056379, 41.08902259002998, 49.54153261032969, 83.29962849041856, 57.56466497674343, 12.948276981620849, 21.05185441689495, 67.66509139169509, 67.625655681896, 77.19341217546082, 85.72236612302893, 45.803596863199424, 95.47680283177097, 91.6382174190813, 72.54925559228353, 13.967515860274675, 89.95705090104309, 35.49861434234699, 37.388365472648786, 59.51786744092991, 84.78559681141103, 20.331578438039887, 95.65865189472457, 96.30035885063499, 35.92169971480138, 66.13547296872723, 78.03773148311862, 104.3537034350321], [61.13056638178912, 44.546430700151745, 27.473162701671452, 57.63843905739022, 86.88599461690036, 66.39778668866686, 85.55996673669215, 33.5692750994508, 46.31442558503517, 28.983633669072873, 65.46721511310959, 0.0, 39.61882352650033, 90.4226033760769, 66.93999450751976, 40.53065314723182, 71.11747802710404, 58.76870361837814, 38.654368224418974, 34.90358958235597, 4.807673863126538, 14.177621227331391, 79.01172151705474, 81.10150405740704, 47.02789282754618, 53.83543960352216, 42.34106942117598, 54.00221852511512, 44.93970671082756, 52.424912858893656, 67.55639835621923, 80.38123862103882, 84.71881987163499, 44.655253564282546, 104.19724224483697, 36.06307475906774, 27.11153392107706, 28.78430560065208, 65.00903814991031, 5.082522349243714, 59.233875739904846, 89.12817942410621, 17.52457354552128, 72.92172384554473, 21.91213235870741, 64.72104566382706, 68.64602576857554, 62.762741238258634, 25.026819144985016, 66.93059547590242, 36.303385865723136, 82.83265807573576, 22.521253794772292, 15.540291096152732, 80.262810491344, 25.48905681270419, 42.44117886493979, 67.03664952310186, 59.51232008780685, 45.56695644907787, 80.54213202259017, 65.58435297672304, 46.11202750255532, 28.108828662197357, 78.55597364321369, 21.538572150693618, 77.17913662777836, 64.30045662595782, 52.46822660881058, 8.657447303623915, 59.900946232787895, 14.760749989634327, 22.636034909269434, 90.79132453147913, 45.99422281174605, 81.44735634878994, 88.93927637204278, 55.8412633762463, 30.442829709714, 46.31244126061088, 65.88980617242395, 78.0478968204467, 59.489437095516955, 53.45308167606461, 57.71963770213464, 61.97763889466936, 29.674464925562187, 102.14846724149392, 71.53541203076371, 80.04263088917783], [43.02192733729018, 18.659044389647555, 31.422439488955334, 29.71331828530901, 88.5064441753362, 71.9927160191437, 76.80093223218967, 69.4328475857285, 50.2702310733842, 15.507628214305802, 38.7944202409712, 39.61882352650033, 0.0, 80.13221034632979, 96.43038292256959, 75.6997165550452, 65.52748424887915, 89.85721943801754, 46.756177011100995, 44.63192719974128, 34.81180461465423, 53.39516331582553, 87.66582683537281, 72.62612856428224, 77.80534136231071, 87.44666707936648, 46.35652310133298, 26.47375237185403, 77.27878813067875, 85.30297910925984, 95.88853715682339, 90.78495673923427, 73.34231107792715, 77.87465417367467, 99.16943080712075, 74.22334761226055, 63.01790458812919, 66.98525800271604, 46.01741101968845, 34.56941684700066, 26.424619956636995, 81.08170171466301, 38.51385205343133, 83.68980273124566, 61.53009539822286, 63.69506729103146, 60.04263569824777, 83.80648277851328, 39.75462411311463, 55.16723695054207, 75.04735205643179, 96.20986374143378, 31.670625668561918, 27.220021486621317, 76.82131560522869, 64.74265956939367, 20.434181243184284, 67.8385805116737, 71.35507317822007, 25.241999788549624, 70.2425278242365, 79.11975810855783, 66.44580837911315, 33.38220750781527, 76.21520666537342, 61.07866422216938, 80.2125659549118, 31.092373787660698, 40.10378955976024, 46.06230249454762, 76.33752630514766, 54.27046817263829, 62.242669985922035, 79.98637469578867, 82.67180418635627, 101.6781739247626, 95.1057802369556, 37.82783141914054, 69.75908509458107, 6.7875761643971675, 61.59133386292244, 81.8288538047123, 85.6993329790954, 40.55432156961035, 90.10230282784569, 92.9550899244033, 23.90008917126202, 97.70510252211865, 88.84148157758233, 107.37819144291882], [37.29847294860214, 61.476215480269914, 63.575669136990776, 53.19161126341501, 26.26841911021408, 35.04500201324972, 5.355041684441104, 121.61102315688507, 45.203749102953495, 72.07032776549026, 46.28989513990229, 90.4226033760769, 80.13221034632979, 0.0, 87.29092278241887, 91.95535561922898, 19.81306450126749, 88.02611234851875, 52.993311949065074, 56.53945930887095, 88.36218442098794, 100.71698685901751, 40.36862099867818, 9.46399596216451, 82.60572641584375, 93.22352152062297, 48.581889475365834, 55.21619671133891, 85.84546115419387, 90.34776343329939, 84.28427987237244, 44.6238849349826, 6.834141452494395, 88.07836372378979, 20.97791767443612, 100.27590586016812, 89.08272947327927, 114.3180664471332, 34.87255173176465, 88.68294084945835, 60.30167373976606, 4.9557432737213425, 73.30997009906837, 44.023708052884686, 102.25619015288007, 27.97017018462425, 21.921854673764248, 64.3657561097813, 65.87497423313833, 25.27870044403185, 103.24156824685315, 52.41733751443027, 68.29840937492153, 77.80126165176492, 15.941173869721181, 108.60183109064376, 59.98245045169303, 28.245624892919835, 46.512539415741855, 55.05431578066943, 10.180350304458464, 49.118473416407085, 61.81919590967343, 62.56348536220807, 18.394517035923695, 100.35701035319242, 28.480319904879593, 59.184364403021064, 41.08348375763871, 88.09110711369627, 54.53120935879024, 96.35588169487625, 103.61335662222673, 1.1532624987364115, 99.59840900598174, 68.98081312580533, 37.48920152691705, 42.30800008836503, 103.45802024705917, 79.0004739132046, 25.038921024312877, 29.929695707065427, 75.45303060066738, 40.37950994976586, 91.34033604241655, 89.21164217438688, 64.87718530739166, 20.40903590062731, 58.07967720821648, 87.89628589469774], [85.20398486138835, 88.37175310106898, 65.76106519598542, 95.01962460515765, 65.77139024192066, 52.59106476652483, 82.28498167819788, 74.48454060888956, 56.71520640654067, 80.98175065845852, 97.44056230249515, 66.93999450751976, 96.43038292256959, 87.29092278241887, 0.0, 29.252565316189038, 71.42626569518958, 8.877419824111382, 54.439232363200155, 54.63350227632598, 70.04331635564756, 63.05040473806316, 49.945656016473244, 79.70029739460166, 19.91293728212329, 17.044683419063723, 57.890814140947505, 92.99254070880666, 22.371233648275954, 16.529091606297904, 3.439448589211299, 47.125393016707186, 85.94398704038166, 23.32075556907958, 86.88777211295172, 39.83416495769814, 40.99948219649453, 66.11767447822629, 87.72669200689167, 70.55770958688434, 101.33481834691298, 82.99688032512283, 58.44978913580375, 44.2863987713648, 56.027705272678325, 62.99290795473548, 75.08728393704854, 22.927682860137725, 56.79991338760006, 78.9601109719151, 42.523651715321186, 42.317226616837274, 64.77234221316456, 70.82598731615028, 71.36391354027339, 60.58999951271428, 84.79136755588202, 60.545476028750315, 41.76680561935414, 83.69352495094466, 82.24699906439058, 38.18154891322496, 32.83620506702313, 63.97779459685559, 68.89994795651917, 54.28821179886886, 59.41707250401909, 104.94202144748466, 76.39272770949125, 58.34270685304264, 33.16199373786401, 57.263103535880475, 56.89995092718881, 88.31559422622348, 29.8030448381411, 27.757784832786157, 58.69906547815139, 83.4777705620426, 48.5263756308759, 101.4529777897885, 68.11123441773759, 58.40994824045413, 12.789402877394643, 77.14439090838417, 11.901699088332668, 6.235897543039325, 73.604532426724, 84.60061458047937, 30.864408318148797, 13.922975000924115], [77.435847217573, 72.53093030050833, 48.776630718474834, 82.40932267231292, 76.99566684623704, 58.19863561852931, 86.60258761433882, 45.62968397188061, 50.353623975513706, 61.18681626541684, 87.31781795755184, 40.53065314723182, 75.6997165550452, 91.95535561922898, 29.252565316189038, 0.0, 72.90539274705472, 20.383477385425756, 44.470371304654705, 42.63300742079435, 44.44227596813168, 34.24394221388877, 63.34910404626752, 82.9105684096578, 12.505535156087335, 13.599593470266342, 49.221614353973635, 79.54670560404743, 8.414409601755095, 12.902615203643853, 31.03032155620553, 62.39012656231221, 88.51074492523833, 6.439456597194212, 97.98754683727968, 11.42384867863428, 13.42629195350688, 37.11251092315984, 80.8046438746824, 44.91084097142961, 87.14192516345962, 88.69418074032879, 37.68084372015622, 56.55517280127436, 26.79758169825807, 64.22124025693333, 74.13147333873223, 36.86694064770341, 39.570756267901096, 75.88923493998384, 14.565630101466295, 60.88848097675143, 45.894018901972004, 48.5382250679609, 77.252916705719, 31.412220418188245, 69.22130356593247, 63.7673103537234, 46.96936397297121, 69.75097044706999, 84.26377490211524, 48.38944244586485, 30.29201242701825, 47.53181697422539, 74.87445177596977, 25.109967083078015, 68.22560127214707, 91.57883490220259, 67.62511931425726, 31.96886757650449, 41.35297669459613, 28.748948930883483, 27.64950737429843, 92.75965739731372, 8.219481286705106, 51.92963219103749, 73.72475539274421, 73.97053143554635, 19.569661505335723, 81.66291989234462, 68.20979016880732, 68.04156034859446, 27.44814755327989, 68.58451936775143, 18.15628214598329, 23.330100559442897, 55.972582029867375, 95.66399942074773, 47.707894206659155, 43.16800470841078], [26.07823458734387, 47.39005371236882, 44.85205380732958, 42.721305844630756, 24.501423002436628, 19.432505313410235, 14.631980288392853, 101.87806792210777, 25.42479917349476, 55.2539734804539, 38.64658509840921, 71.11747802710404, 65.52748424887915, 19.81306450126749, 71.42626569518958, 72.90539274705472, 0.0, 70.92992936214684, 33.23945623993662, 36.832642088004846, 69.33475419495726, 81.023627185775, 31.283965915468947, 10.360869141976378, 64.28816784359313, 75.30870085293198, 28.945034440498652, 43.58217746690402, 67.26629415320579, 72.3935602661591, 68.71514361697672, 35.703722032173516, 15.605595467168019, 69.42943617758715, 34.35061357227762, 80.79980360811109, 69.40215885655932, 94.52693131551688, 25.64129934734541, 69.68446300698008, 50.54518849566181, 18.01163270591401, 53.81889922500175, 31.984715545237414, 82.44405734580266, 8.784313815365403, 6.597416886895656, 48.817312923689926, 46.329078903016125, 12.807187278178592, 83.71284601998859, 43.514910368745106, 49.375285437408635, 59.233360093549464, 11.337702538105276, 88.79373712688562, 45.11791628865313, 11.00860402595587, 29.662419746539136, 40.45334545209206, 11.38154858662649, 34.36480062306373, 43.18886217850487, 43.64604317786244, 11.159985796176995, 80.54394616960025, 19.259984134533152, 51.061011776985566, 25.447935711396163, 68.42500502216278, 38.28765887375679, 76.58172102543669, 83.80163139460527, 20.41083479809065, 80.73410863384309, 57.68441039342088, 33.94058442714247, 29.348072830933624, 83.73257516587002, 65.71310916016141, 5.266381923655079, 21.235071401661596, 58.97483179730169, 25.07816862966706, 73.95483803233016, 72.4917571026461, 47.243780905704774, 32.62977917029805, 44.96494341083333, 74.31321230925631], [82.13011827337266, 83.05752124538502, 59.85622020203073, 90.66500550062622, 68.35622657602269, 52.982900966936384, 82.84962374685291, 65.65038699986583, 53.493958611854815, 74.54346353115847, 93.81729611155247, 58.76870361837814, 89.85721943801754, 88.02611234851875, 8.877419824111382, 20.383477385425756, 70.92992936214684, 0.0, 50.12382248450893, 49.77214381901362, 62.077833651455066, 54.31235142036054, 52.96814273929009, 79.87977777053146, 12.137840157339163, 8.653586833241562, 54.04265912286214, 88.38435402930473, 13.862205383236532, 7.687622172635248, 11.022554977750826, 50.75416748192239, 86.00262807011806, 14.567775641371602, 89.69577980788492, 31.002981275229896, 32.404375585000466, 57.25941818113355, 84.93071902439138, 62.58434914025721, 96.58685457055829, 84.01008192348652, 51.486563698143804, 46.73232781863118, 47.17137394672642, 62.245411793294444, 73.89910462832619, 24.74802784740341, 50.653569153043144, 77.1901124402184, 33.74702967737329, 47.072936358935685, 58.37218912600222, 63.66195575850975, 72.2726779326011, 51.713796628542354, 79.51542111364373, 60.37431215776978, 41.59600442486539, 78.85156034143304, 82.08650421286782, 39.61865994377075, 29.439530162121148, 58.17936330722734, 69.79421855450522, 45.44874382176075, 61.06304553508295, 100.45475482893087, 72.90663096691773, 50.126473024375926, 33.54446937425759, 48.58339730546213, 48.032971010414876, 88.99256360639053, 21.29231595075942, 34.4580077998461, 62.48109051509229, 79.88001301234173, 39.66469741846265, 95.16138786716616, 67.12110035165162, 60.313085928345984, 13.016006733681772, 73.72958946803652, 3.9737138291073126, 3.215157924509706, 67.64875010426111, 87.3741575452973, 34.53122754970462, 22.80035552828887], [33.04896576689232, 34.66478337231956, 16.41109709356789, 40.62523329231331, 48.597932511922906, 28.620128029786468, 47.86976356954808, 68.63862127171602, 7.834978826893596, 31.98043574848119, 43.85093365227896, 38.654368224418974, 46.756177011100995, 52.993311949065074, 54.439232363200155, 44.470371304654705, 33.23945623993662, 50.12382248450893, 0.0, 3.751074053207536, 37.6336585561134, 47.8017657124021, 43.01757323683269, 43.53294685584578, 39.7554098442351, 51.20903234224659, 4.890837600018958, 38.556246781185834, 41.308247686673184, 48.41500909860354, 53.0000163221925, 45.4314467645956, 47.977568413678476, 42.98195785460239, 65.56823487937399, 50.077588685022064, 37.78926185523274, 61.34152201626029, 36.34646101574432, 38.05409312457463, 46.92239595677638, 51.124395580189706, 21.129974748070897, 38.005312256763766, 49.414216979670094, 26.174926811327182, 32.12419638293383, 37.80251824551767, 13.649712042103419, 32.393245856645734, 52.66864706467107, 49.99742394708166, 19.206119051542213, 29.447777997002103, 41.6928009952744, 55.695239424823974, 31.084569290713578, 28.38873458289965, 24.949689342226794, 29.388735882038, 43.652687741398154, 32.56101580519798, 21.747136583679254, 14.492426132588358, 39.925300310031744, 47.574614867653935, 38.9989665986552, 50.51324232144374, 23.33602477177319, 35.23899889813927, 29.61765358065982, 43.36425021201818, 50.75952858583666, 53.51423517500174, 52.68804165943109, 55.062904625461165, 52.03760262831294, 30.036913881976197, 51.604833638990456, 50.23229384041931, 27.978579381981305, 40.07336353740319, 42.17992411767881, 24.257419614738616, 51.83247167418928, 52.72847752079705, 22.98072532424559, 63.5040463666316, 42.088958122274306, 63.11846576730875], [34.86126630622698, 33.81856171339604, 13.587659460309277, 40.96445519696055, 52.29723440975175, 32.2076092228594, 51.452090571708275, 65.07164474075232, 11.510692723596314, 29.529701656267434, 44.91653643993466, 34.90358958235597, 44.63192719974128, 56.53945930887095, 54.63350227632598, 42.63300742079435, 36.832642088004846, 49.77214381901362, 3.751074053207536, 0.0, 33.90836762117724, 44.1921157611699, 46.34321132671563, 47.08825372993383, 38.91314906392777, 50.225297110369794, 8.021480257401338, 38.61278064413353, 40.11586118860302, 47.50241221606198, 53.41443456850921, 48.60105787195221, 51.402852513089826, 41.64467167001674, 69.3134250434063, 47.57013495426235, 35.10143789884612, 57.871478012886854, 38.33059411887434, 34.332812402460064, 46.83399025265205, 54.76215667387875, 17.379393815070816, 41.12561416406873, 46.06939838644709, 29.898420586700528, 35.45141971053145, 39.30466034339302, 9.901613169139415, 35.34735158949361, 50.05029844228063, 52.86817696299624, 15.832970988815767, 25.972769614404204, 45.42540230419826, 52.29802406738132, 30.227233670374666, 32.13937627101397, 27.86292652164319, 29.117744804367998, 47.09168582688128, 35.29730831275346, 22.458747509989582, 11.604029530294657, 43.66998615934403, 44.26868660079246, 42.67535694129982, 50.69276922356429, 25.020469760996086, 31.596278372503257, 31.805473459961483, 39.86881407542707, 47.40503346691751, 57.03674493855965, 50.843074935462575, 57.050704968800424, 55.530207772143584, 31.365250034994645, 48.64538192166259, 48.49443109005067, 31.566643764095637, 43.716703722703116, 42.69377617149158, 25.993927109521312, 51.21332932071562, 52.50729371241296, 20.73221459520108, 67.25218716288241, 44.36579377126521, 63.98181883408132], [57.8544587404802, 40.2652522911941, 24.877375797570416, 53.50690916475466, 86.1917728768745, 65.91691394755998, 83.6184231759505, 37.48016231977983, 45.06179734199732, 24.523088136969292, 61.53454323241021, 4.807673863126538, 34.81180461465423, 88.36218442098794, 70.04331635564756, 44.44227596813168, 69.33475419495726, 62.077833651455066, 37.6336585561134, 33.90836762117724, 0.0, 18.83156934495059, 79.13459166593915, 79.13800258985724, 50.15974179170175, 57.553716417467655, 40.92084118398878, 49.838225775230406, 48.34016043735633, 55.999418456131366, 70.47438817007475, 80.7578118392074, 82.47825751025205, 48.22164299753505, 102.86098689566586, 40.56976560527892, 31.0307132132898, 33.21711591890624, 61.72331037899859, 0.5277956639147513, 54.804065769563174, 87.30620676937018, 16.881544586633648, 73.25096633791809, 26.71976756400498, 63.3606590194193, 66.47927158961876, 64.45893880175056, 24.047998226919898, 64.39177675109454, 40.9349461107073, 83.64652712430548, 20.0675082353521, 11.657778651887558, 78.8698394468861, 30.187605021044064, 38.328142366378955, 65.94911796536019, 59.76017546430016, 41.69094377319466, 78.3690828503908, 66.19174242998795, 47.36461519453988, 25.79883074005553, 77.27131145205111, 26.330058913036236, 76.5408893084714, 59.886298413208, 49.52384180728377, 12.525288228949966, 60.83839005871624, 19.539185036822357, 27.437355736636015, 88.6776449376408, 50.24108498466655, 83.23030174484147, 88.84687206221234, 52.457654950714726, 35.18912315225821, 41.509441363247454, 64.16074237689082, 77.51741666151277, 61.977155856130615, 50.48527794111553, 61.24647251517168, 65.29293367055087, 26.045233863467068, 100.864778712656, 72.78143259652725, 82.89132296504792], [73.89261859799142, 58.596451278811784, 39.80463949898177, 71.5363696451503, 94.10577968207062, 73.44015115262962, 95.64407701596903, 20.97160972452276, 55.63531311764995, 43.145789925004976, 79.12838867241207, 14.177621227331391, 53.39516331582553, 100.71698685901751, 63.0504