instance_id,num_cities,city_coordinates,distance_matrix,best_route,total_distance
3,83,"[[51.16142038162509, 53.89731654368458], [67.54735822478432, 87.38807585506537], [21.36047057584808, 50.196960228465734], [96.13949642520866, 85.73904391411796], [79.42567345904615, 3.094722375471215], [67.31746212008987, 73.87786185236658], [82.58845792419386, 78.47939388030765], [28.06239860173315, 33.0979741162848], [23.895413377511833, 86.86215673181945], [28.013414558288485, 62.391221740275704], [42.45585938068545, 61.77432633316408], [81.38632109307989, 89.42817097430601], [25.646865149138918, 55.185526874748724], [74.8476224253304, 47.028591005373976], [64.9854505228022, 72.2879491250744], [58.66963109039407, 13.218099790338389], [21.987139848222526, 59.027549739684716], [23.165197177649077, 0.26838351412517003], [66.67850386258415, 45.52601467152995], [48.38932496036094, 81.79289461427578], [18.072545022159957, 73.333286249876], [6.709764357567172, 28.637511650796355], [87.21254459438964, 11.751859753305693], [40.622238127963406, 66.55360041778796], [98.05539515399781, 84.68739801233778], [76.51053315616585, 18.494129306905094], [24.942706529268676, 84.55796744306447], [53.994777760755994, 37.95693330638081], [75.0120720177196, 20.176876831321433], [85.94528651156607, 55.834977517646514], [87.26825727345025, 46.71699850301139], [50.09234799139909, 79.58220297886898], [47.512965365499305, 71.69187732087023], [88.38160399787515, 90.70355475461908], [7.092100938401846, 59.469284753220194], [6.43724161257272, 0.4419417239097223], [81.24643394112042, 56.9185073713695], [10.444081002875405, 29.540927655184422], [50.05365659587255, 21.647281818559172], [96.50114333920881, 40.10456724806447], [6.10092603629896, 85.50148714265713], [4.710249869879435, 53.63789018098084], [52.747070831734774, 7.368853724722757], [93.7238624045851, 92.55133829087927], [70.94514799972055, 20.3569553162138], [68.83657739412163, 9.233964317593413], [53.112549869038894, 83.49601870496195], [83.48540901715943, 96.98601118497193], [89.90748063940013, 43.222380465948916], [92.44038786493103, 16.738206184243488], [22.934815886741443, 31.897382174713663], [86.31202613713708, 76.16783242660942], [86.35362367586637, 10.76347627832217], [54.990602726745884, 16.791281991730468], [82.2521440809813, 48.43466791615572], [75.80465605192673, 1.435518153372184], [92.12331174669735, 18.34619898889943], [71.92775287333403, 45.114300371655204], [57.07369386053407, 61.81036120909478], [61.219288046707135, 29.84617176529235], [74.31506558931513, 61.30642018999429], [99.47495826540086, 17.823140258296768], [72.56159527591296, 30.352684944680885], [18.183311661152256, 40.85528729898008], [64.61411981816094, 50.04335824886087], [74.91729426551072, 71.89467826809204], [46.87001797420531, 57.52230654340546], [59.48941814902348, 16.708542841445574], [59.50886649670023, 3.440992454680558], [4.038259677965161, 19.965729856068993], [44.107334203292616, 79.36969737037657], [81.81660157151376, 8.389335031198996], [76.99099065001145, 23.352731773816704], [15.508854935512028, 38.7191377712763], [48.94174593308881, 28.220246333017663], [25.19069346613926, 93.8876895731817], [76.95630651076856, 99.30810666035997], [2.2328299639008398, 48.691805571232685], [4.533121457420474, 91.22983326600087], [59.32236768792517, 33.95428274521435], [42.783686430348375, 63.57079872601563], [40.00624760477075, 30.553099116416927], [74.90729898940113, 25.912758700977335]]","[[0.0, 37.28444606337496, 30.029805963176333, 55.108283646974456, 58.13580287778515, 25.69513330355206, 39.89908789541115, 31.083395126661355, 42.77985304530189, 24.657181491117413, 11.740275787418158, 46.64746766532253, 25.547054909884388, 24.662026635616748, 23.006937564305467, 41.366313634562545, 29.621916502600126, 60.49670215454569, 17.631181888625395, 28.032976811552537, 38.374869263284914, 51.127365143413606, 55.46100508531983, 16.469847724790498, 56.09878774802741, 43.54265936962109, 40.342241752849965, 16.190235692848653, 41.302804237260396, 34.837793744662854, 36.8138647454744, 25.707125606801373, 18.164735540536984, 52.345403233401726, 44.42017273623471, 69.69741217354326, 30.23632971926826, 47.44613162073525, 32.26905453180833, 47.39124825326162, 55.038820389740636, 46.45189494465146, 46.555473788217924, 57.49517256422866, 38.94036093484777, 48.03359457180244, 29.66294112033838, 53.86534922564095, 40.189693277790475, 55.54054950388006, 35.78740439805063, 41.61178874635216, 55.66883642345155, 37.30308884801629, 31.566970557491775, 57.961447140731494, 54.237980268425694, 22.5473266316505, 9.877816234684024, 26.069489199435548, 24.310205742554864, 60.295473607197685, 31.81693201172785, 35.463363935180396, 13.993859963141425, 29.80346578883479, 5.617533900252377, 38.10984697279872, 51.14215968473262, 58.06844969380646, 26.43108618258748, 54.86999649285239, 40.00172945027694, 38.74896816350805, 25.772832387244584, 47.68342051024728, 52.22562598414902, 49.204718317959454, 59.73202713274518, 21.548217049749905, 12.796979475260983, 25.872579441814825, 36.70152896688452], [37.28444606337496, 0.0, 59.299305832754584, 28.639652114060844, 85.12616409565453, 13.512169870811723, 17.48139853372581, 67.13030003836663, 43.65511287207393, 46.77366157851813, 35.85592669021556, 13.988526776098082, 52.84558146914367, 41.01441057397075, 15.315913238695982, 74.69939349495992, 53.6661246976264, 97.77329396514124, 41.871076824423525, 19.95836395294054, 51.43242413381575, 84.57447381966023, 78.15085886376042, 34.04463921052395, 30.62734036909594, 69.47455919853907, 42.69854634199954, 51.2553440228659, 67.62445730813486, 36.525084256389995, 45.200114958531145, 19.120905669107874, 25.450884968209646, 21.096402472150054, 66.59051756932942, 106.27359311094646, 33.407473401389424, 81.28392722021476, 68.0285351689401, 55.4441327702093, 61.47538731609518, 71.32725439438447, 81.37643649891518, 26.68086674109773, 67.11718182439358, 78.16474420272988, 14.950311071237582, 18.604887144441307, 49.50337083069017, 74.90705580363803, 71.20039339069899, 21.863362606303042, 78.89870011928457, 71.70480745682062, 41.63650702366518, 86.34827816968343, 73.28545730712233, 42.500117069236566, 27.63905084704726, 57.88881755965746, 26.945400817268588, 76.54183110519463, 57.255378694977466, 67.83884951811739, 37.45973599262614, 17.15696144521019, 36.32515074181388, 71.13737966278995, 84.33107470377476, 92.62385404547778, 24.773556863152052, 80.27709734067739, 64.72794979749251, 71.25076391724721, 62.02419575535817, 42.852444830615795, 15.186027862726249, 75.9169871360895, 63.131237397803844, 54.06311788491101, 34.358436090493086, 63.15637224434707, 61.91432263422074], [30.029805963176333, 59.299305832754584, 0.0, 82.79578745139902, 74.76756380026718, 51.69942140409679, 67.444514143109, 18.36548843153103, 36.75272193507916, 13.891064662289207, 24.063475117893432, 71.70906934901325, 6.5771555875123, 53.58091056060371, 48.89939330709775, 52.530082596571816, 8.852797608247293, 49.961183040707105, 45.55811534044814, 41.57958680712945, 23.368783370461994, 26.06631956505454, 76.25300914120457, 25.26965309446637, 84.09341088677057, 63.6128830588115, 34.54723188951158, 34.85421444376986, 61.47926271881381, 64.83043797787944, 65.99959455168836, 41.097606637398925, 33.85239200606181, 78.31102428955549, 17.016532378929632, 51.94482292855614, 60.2619930319353, 23.36320275513109, 40.476944811692654, 75.81541465560493, 38.46119239167381, 17.002054243401957, 53.09769658204373, 83.84720518904122, 57.871116529687825, 62.705245016778804, 46.011105560094855, 77.77353833886727, 68.90092417026361, 78.56107728394915, 18.36717507139561, 69.95134575234079, 76.02045518364545, 47.40174181338845, 60.917169800063505, 73.08794404959245, 77.60058428975067, 50.82207660233561, 37.55403306861613, 44.75354646559409, 54.107386128671145, 84.55730250228068, 54.91220658551456, 9.867177503760445, 43.253921976454, 57.7851566741212, 26.540491839881852, 50.747322511884626, 60.34418475542881, 34.84230589699334, 36.99281548134155, 73.50388628909508, 61.76866005546245, 12.883392952207409, 35.2661693975163, 43.858299534552586, 74.18087136962974, 19.186769554096482, 44.34925419968101, 41.290800478712555, 25.254974434892237, 27.084059525886506, 58.79613318049208], [55.108283646974456, 28.639652114060844, 82.79578745139902, 0.0, 84.31747008021203, 31.167247253927595, 15.37313120575595, 86.05564175303904, 72.25281252521457, 72.01585818970479, 58.78979992365159, 15.207427160658861, 76.82921623769796, 44.17966798004233, 33.93385517610818, 81.6289050815549, 78.81672352331883, 112.38541782581613, 49.85015349665691, 47.912951998588056, 79.04651620779923, 106.10495730412083, 74.52378069472664, 58.738804984387606, 2.1855495971738783, 70.05122939355726, 71.2065856021555, 63.71269422521615, 68.88226052247916, 31.593909267578482, 40.017732471420146, 46.4569324125824, 50.614843793094266, 9.210388851700664, 92.84147181812315, 123.7824307424842, 32.441125701289344, 102.47893683805898, 78.94085508334025, 45.63590964443446, 90.03888377194774, 96.90093496284587, 89.58118836679465, 7.227907193458406, 70.06834308023193, 81.2310075752397, 43.08537213528971, 16.929861219815436, 42.97097498916495, 69.09992048884851, 90.87271202951672, 13.718136229150995, 75.61150076394534, 80.29337037834205, 39.805464747067816, 86.72133640978777, 67.51240838902476, 47.29247629076544, 45.811775626140175, 65.90473511245557, 32.760630081781265, 67.99775933862942, 60.19606451004336, 89.95397907182668, 47.62385269304691, 25.338672511557323, 56.777335043850435, 78.15649887242087, 90.08203107712184, 113.17582185498165, 52.42055399251383, 78.66462217072115, 65.2588477977497, 93.33901606896029, 74.40456791549822, 71.41521593751457, 23.49711129277234, 100.95028417349732, 91.77078349042118, 63.538668995959405, 57.777794652681706, 78.71740675576208, 63.482207037540526], [58.13580287778515, 85.12616409565453, 74.76756380026718, 84.31747008021203, 0.0, 71.81129170286837, 75.45099007610887, 59.48429304522762, 100.50170567392354, 78.48117737520758, 69.35461825733195, 86.35570905338275, 74.87063601049277, 44.171748483129576, 70.68396329062503, 23.09320387241933, 80.1727280333944, 56.33142446955161, 44.304682581354065, 84.59702856401275, 93.26125789486164, 77.07163888498945, 11.643942187126505, 74.38236212895603, 83.69248023576712, 15.672899439011625, 98.00333658816919, 43.15210547596195, 17.643125531957292, 53.14169612287828, 44.32165492660799, 81.91934247811112, 75.65705918463267, 88.06540866114206, 91.7073442908583, 73.03662388550416, 53.85457269366984, 73.87734342466547, 34.74065106614823, 40.75905162196195, 110.30590856343093, 90.2053564591622, 27.018808947409955, 90.59207657493656, 19.232888450951098, 12.240067283152992, 84.59757044103321, 93.97901663196355, 41.474054848693065, 18.855435330614313, 63.40985886094774, 73.39687504078634, 10.334712411539622, 28.01193365361022, 45.42796052882959, 3.9830548217785213, 19.845340938718426, 42.68329589062957, 62.82624639124021, 32.35911794593284, 58.43560622811667, 24.87770316121368, 28.10893261453733, 71.94780845812234, 49.22963062657438, 68.94751202022647, 63.421073961304174, 24.14105183015416, 19.919816830059123, 77.2521394526411, 84.05508252484164, 5.809428578886283, 20.403789480487767, 73.17416663319965, 39.50394653131583, 105.75819565119075, 96.24506786675836, 89.65394069881809, 115.65765049058433, 36.830087824236955, 70.71061464991047, 48.04012477011716, 23.261093903771098], [25.69513330355206, 13.512169870811723, 51.69942140409679, 31.167247253927595, 71.81129170286837, 0.0, 15.949213455626243, 56.60352688302782, 45.32180744982937, 40.9481508227788, 27.65130851942739, 20.970095531250077, 45.671019682408044, 27.88524088541799, 2.8224281337688386, 61.2730912794519, 47.70083738379672, 85.83576061744614, 28.359046285450937, 20.516386620445797, 49.247928104325545, 75.63056468408796, 65.23384431007962, 27.68175914843311, 32.58322573335448, 56.14152104941181, 43.699937835313776, 38.311969750252395, 54.249449893129935, 25.933405419955207, 33.700841608685295, 18.145083753841686, 19.92477402819238, 26.959265841049483, 61.92496446092497, 95.38991358711364, 21.946206059434935, 72.11341909595735, 55.009748880048136, 44.635441948390486, 62.31029573824182, 65.79756438502415, 68.08630159157396, 32.34187221365947, 53.643709242490615, 64.66174448390677, 17.154838189303494, 28.20264300459179, 38.079751518829276, 62.41876038381789, 61.09157029116527, 19.13210462621932, 65.92269042724794, 58.40230357347266, 29.50255654936726, 72.93782024052982, 60.820192009559115, 29.13069257474171, 15.829066931782434, 44.45196799865477, 14.387758678228622, 64.623806536944, 43.83995845574376, 59.20012813715431, 23.98732210203809, 7.854327836773053, 26.184005834928218, 57.702766905802726, 70.86837613601922, 83.13107384184097, 23.85100197624761, 67.07437804436671, 51.44284132582096, 62.61204083414091, 49.21671261165158, 46.637515399516914, 27.195673776948286, 69.78786981920912, 65.13804068580589, 40.716258468875466, 26.6109319619801, 51.21462197876803, 48.56188571324395], [39.89908789541115, 17.48139853372581, 67.444514143109, 15.37313120575595, 75.45099007610887, 15.949213455626243, 0.0, 70.94056952854937, 59.288651453574886, 56.89696513169883, 43.47050434040354, 11.014574563494675, 61.52194102783865, 32.38940468267982, 18.660114086750784, 69.50645137972992, 63.64663379171075, 98.22467134203582, 36.59305725844773, 34.3592779695955, 64.72082695181523, 90.78430129465396, 66.88756228331015, 43.627836912872525, 16.666297206458264, 60.29239699520092, 57.96534922212895, 49.595043666221684, 58.79273014285993, 22.8918738981883, 32.10529990598113, 32.51481737104105, 35.72618870352216, 13.527403687036736, 77.8529650504714, 109.03601095418618, 21.602612236080514, 87.17674344590301, 65.48589358688231, 40.81899232602258, 76.80919429395723, 81.74420833181243, 77.11820345950129, 17.944828013556865, 59.277183895949406, 70.59776011629688, 29.899760539296754, 18.52834059824223, 36.008680736816466, 62.522274284272626, 75.68646393426374, 4.382724790659876, 67.82051289850627, 67.58006185168021, 30.046608215606, 77.34195985924879, 60.88443614968109, 35.02684823135748, 30.477201896141764, 53.12091597987839, 19.062005300991423, 62.96296528302406, 49.16012700901034, 74.58951844064204, 33.64052545343039, 10.109660309429641, 41.41263650273289, 65.9484926029412, 78.50751065327185, 97.94887708423876, 38.49142142254215, 70.09430869693122, 55.41011202739775, 77.9778885516589, 60.482089414905616, 59.42994986487333, 21.57675614214665, 85.69905111589023, 79.08988086645117, 50.23740117158337, 42.50512960986984, 64.11064159313119, 53.12486552132018], [31.083395126661355, 67.13030003836663, 18.36548843153103, 86.05564175303904, 59.48429304522762, 56.60352688302782, 70.94056952854937, 0.0, 53.925421631874485, 29.293288579416288, 32.085898610787815, 77.56630575144453, 22.219243657661462, 48.815153949717995, 53.84390313076787, 36.49674072887008, 26.631779154456098, 33.192839602743526, 40.566732399343465, 52.76721726123843, 41.45693569270191, 21.813544291819262, 62.88399135988395, 35.735535537479855, 86.95106798821952, 50.60132434058285, 51.554470143909015, 26.383664894368653, 48.6952419535551, 62.18842365308688, 60.752049564616264, 51.440278022774585, 43.21821273487179, 83.40749043282382, 33.692720412552916, 39.16712736999849, 58.274860956829315, 17.973805788998813, 24.793825486640685, 68.79646886690955, 56.819314099586705, 31.100016114776782, 35.65558412403458, 88.57838528902066, 44.73548654026634, 47.24430780385825, 56.2803071853485, 84.57772380478437, 62.66831556838654, 66.42414853321544, 5.266262954814096, 72.44330060733516, 62.423526929493626, 31.480730382939896, 56.31822699461244, 57.287295834625894, 65.73747380585593, 45.48144019321022, 40.81735446058068, 33.315965184820136, 54.17587685822475, 73.02790033340708, 44.583798820682176, 12.560743074912962, 40.28863819098405, 60.83227351255531, 30.826523660158113, 35.44391365437015, 43.225188308970104, 27.379099516574232, 48.97460904756104, 59.16106136939567, 49.88964690334334, 13.754597028481708, 21.44153383764895, 60.85750730777828, 82.30671832919374, 30.17174498536358, 62.71315596536585, 31.27169537677259, 33.842419461799, 12.211957982744405, 47.392742196405], [42.77985304530189, 43.65511287207393, 36.75272193507916, 72.25281252521457, 100.50170567392354, 45.32180744982937, 59.288651453574886, 53.925421631874485, 0.0, 24.815007416586404, 31.20720093100982, 57.548144184261986, 31.725013197951554, 64.67488357419484, 43.59814996035781, 81.44134908228767, 27.899943624838784, 86.59685199691735, 59.490078768499885, 25.012979091759398, 14.728751895559897, 60.70795522044728, 98.237547901685, 26.310152523170743, 74.19186257654336, 86.27014549249324, 2.53102967665928, 57.425539741193376, 84.02285014177568, 69.3748701327839, 75.01833824255917, 27.189650784984014, 28.07002207536647, 64.60050401889603, 32.13597274336467, 88.16598733858463, 64.69746283053942, 58.878363135442314, 70.26545095723145, 86.35892656582884, 17.84643385854598, 38.36564070435633, 84.56715296634921, 70.0598250093341, 81.46544877032558, 89.69863143140995, 29.410405471199788, 60.443858325903015, 79.13294570988309, 98.06009365628725, 54.973167906286236, 63.32615668687008, 98.44814472826276, 76.66053931134296, 69.87259774099728, 99.96139281664672, 96.6927224836777, 63.63952504623858, 41.57391916481416, 68.14612360233737, 56.526427441988396, 102.36529392861512, 74.57692446212619, 46.36011368653411, 54.89660259003715, 53.17196386171278, 37.264718775981464, 78.66678280922675, 90.70506431520802, 69.78136199437532, 21.555943281390032, 97.53382893879619, 82.78035627125654, 48.86803287565702, 63.7667031428288, 7.143938844436883, 54.50100962113113, 43.88898754669742, 19.84880214788978, 63.673481304971844, 29.987567701849926, 58.56849792365294, 79.47981878440903], [24.657181491117413, 46.77366157851813, 13.891064662289207, 72.01585818970479, 78.48117737520758, 40.9481508227788, 56.89696513169883, 29.293288579416288, 24.815007416586404, 0.0, 14.455613871133124, 59.83029145721346, 7.584365141594122, 49.289486197669355, 38.27370711454954, 57.94652305675251, 6.901469134085897, 62.311734376780144, 42.18322344701541, 28.135433798379488, 14.783425275171599, 39.91438909314927, 77.90302933441419, 13.278095799707069, 73.50509181087106, 65.413494298963, 22.37842404754166, 35.66602984815246, 63.17376606694502, 58.30168201962709, 61.29288424678802, 27.982300432405392, 21.604043045500543, 66.67763115864945, 21.124371690963432, 65.59911991429122, 53.51359598435329, 37.25350054771158, 46.32322213986991, 72.02266283624968, 31.847158746029926, 24.892936706665644, 60.32590434209779, 72.30142174609611, 60.08338614038988, 67.02406016217057, 32.79297254394588, 65.37539006360018, 64.7944433717379, 78.96222336544324, 30.913854756676276, 59.90428293556533, 77.90381313752864, 52.982291254222986, 56.00558164041676, 77.45708852827927, 77.78202200172998, 47.190688929340425, 29.06608387934651, 46.49527193170321, 46.31435719733636, 84.22034264943265, 54.87265480412636, 23.673347782433922, 38.627468960866054, 47.85697041775282, 19.47505654881341, 55.476535160530545, 66.83631517093865, 48.731205742854144, 23.39407797417498, 76.22982815748733, 62.632313215159414, 26.77184287259526, 40.07057042789491, 31.622701344340374, 61.30467408668676, 29.194392362250234, 37.188569195847776, 42.29550857340089, 14.81729843931919, 34.02196491522301, 59.411401790801115], [11.740275787418158, 35.85592669021556, 24.063475117893432, 58.78979992365159, 69.35461825733195, 27.65130851942739, 43.47050434040354, 32.085898610787815, 31.20720093100982, 14.455613871133124, 0.0, 47.752654089344844, 18.054211845975974, 35.5902096579616, 24.86199391121962, 51.19173301552467, 20.652197484846873, 64.46014776814076, 29.167518536036848, 20.879393904295334, 26.984357940533407, 48.74250503098279, 67.12233632742276, 5.1189479069816075, 60.135823200342, 55.0717374030109, 28.73682002278315, 26.465351839229232, 52.82286234506921, 43.89312174503615, 47.27445532509245, 19.376182000853543, 11.132481238941807, 54.27775120345396, 35.43880116270096, 71.12666326900839, 39.09331979403115, 45.42847064610042, 40.84000763957065, 58.227752635351465, 43.4126633432496, 38.612596786551464, 55.370249077262315, 59.7965935409696, 50.269654742940055, 58.791427297112435, 24.19497823226102, 54.06742728736883, 50.949298871923496, 67.28079373684862, 35.68897492699417, 46.15773369904269, 67.29874094983371, 46.69683146611758, 41.97250007599575, 68.94138098397445, 65.9761931999697, 33.85482197679042, 14.61787889512478, 37.03340801782618, 31.862642018558404, 71.99225232629247, 43.51637486440743, 32.043139155062974, 25.071978737425816, 34.00244517778906, 6.128985917853308, 48.177452880334734, 60.774854118109445, 56.77913971083943, 17.672703557375748, 66.32665619585944, 51.661341642203325, 35.46382337245094, 34.17518118498968, 36.46030790657318, 50.981030960798115, 42.297097358446315, 48.01833962422103, 32.53358153836754, 1.8261389960154903, 31.317177822601664, 48.364738867443755], [46.64746766532253, 13.988526776098082, 71.70906934901325, 15.207427160658861, 86.35570905338275, 20.970095531250077, 11.014574563494675, 77.56630575144453, 57.548144184261986, 59.83029145721346, 47.752654089344844, 0.0, 65.4174718546619, 42.900803743164204, 23.72289528080157, 79.52372573354155, 66.72676002931898, 106.48552469664865, 46.30031550345037, 33.86885293122142, 65.32747932265015, 96.29170466275515, 77.8945068999664, 46.74351760546079, 17.330117089197515, 71.10141753353673, 56.65333624301219, 58.305959842837844, 69.54403491136318, 33.90113290590011, 43.114283330499944, 32.80633838537748, 38.23585151148229, 7.110596789665862, 80.1072157299187, 116.34394488403538, 32.5099645645974, 92.84009554809758, 74.6725170276066, 51.58755408114812, 75.38772814436915, 84.6177528506304, 86.91339484222043, 12.726708125057687, 69.85592979878068, 81.17023375726517, 28.88938507092341, 7.843922409290849, 46.98494691404926, 73.525664725843, 82.01445068272974, 14.145640621073994, 78.82136947910323, 77.28422600467593, 41.00264555397561, 88.16950683256103, 71.8883141381824, 45.312069479952754, 36.794663460563484, 62.902494796600834, 28.997164026408864, 73.85444616671701, 59.73097048755031, 79.71163923662013, 42.807361621861006, 18.688811481061826, 47.00382288789962, 75.94483968198848, 88.72664700856554, 103.96034499164047, 38.61211927322659, 81.03997823484366, 66.22146627220907, 83.13390761733426, 69.27525168634138, 56.372297012978734, 10.82765710391927, 89.02093362906129, 76.87431483435697, 59.70067265214516, 46.46253439590847, 71.96238300785674, 63.84501017049703], [25.547054909884388, 52.84558146914367, 6.5771555875123, 76.82921623769796, 74.87063601049277, 45.671019682408044, 61.52194102783865, 22.219243657661462, 31.725013197951554, 7.584365141594122, 18.054211845975974, 65.4174718546619, 0.0, 49.87233821797211, 42.8954210380249, 53.401947590853084, 5.306102993050412, 54.97318719896089, 42.15331008965761, 35.002449861280766, 19.664981457491344, 32.609981581125645, 75.34465027572753, 18.80145983520576, 78.18795059395956, 62.71659571924019, 29.380879910260997, 33.17270844805842, 60.51883365565572, 60.30191875005613, 62.20057829410478, 34.53663904204618, 27.396823606434587, 72.09145415993758, 19.04284265747674, 58.01611630903743, 55.626569831834416, 29.81224773360706, 41.47897479655655, 72.44145278152209, 36.070780179644686, 20.993738082762167, 54.9623087140216, 77.65746208899606, 57.13986197060058, 63.06264619605308, 39.4442363952139, 71.36229848696124, 65.3646967038445, 77.06861322914529, 23.445530379401568, 64.19126812870563, 75.22385997816038, 48.323627504158225, 57.00641805648285, 73.51780346144625, 76.00167124030334, 47.36401769081849, 32.11750290438067, 43.67470879315131, 49.05159598893582, 82.74379292044009, 53.08165352729487, 16.157363552478596, 39.30507390423639, 52.02663669311216, 21.351411078801586, 51.24252817581371, 61.83956644100816, 41.32028475755996, 30.424710684917986, 73.10897934465623, 60.4114729781295, 19.33704272112358, 35.63394204172053, 38.70485098977062, 67.67171358684617, 24.297848876460336, 41.772984043590185, 39.809611886172505, 19.07834970965158, 28.5122493286051, 57.30170415167609], [24.662026635616748, 41.01441057397075, 53.58091056060371, 44.17966798004233, 44.171748483129576, 27.88524088541799, 32.38940468267982, 48.815153949717995, 64.67488357419484, 49.289486197669355, 35.5902096579616, 42.900803743164204, 49.87233821797211, 0.0, 27.116371572433742, 37.48168512534186, 54.20521772848456, 69.69641371051173, 8.306156375317858, 43.68750748391023, 62.57272893235616, 70.57619642548767, 37.38099875708973, 39.40308265678346, 44.235579121485735, 28.582875581720522, 62.44161053652342, 22.74062672866716, 26.852217743669723, 14.167236553910598, 12.42454264421261, 40.89695911458614, 36.81658822404269, 45.7238571831364, 68.88818151826435, 82.76651553750875, 11.77944118118483, 66.73555661866797, 35.481707929424886, 22.733611084901497, 78.77989592272793, 70.44809340624346, 45.4018627581673, 49.2811622851409, 26.955620137140635, 38.26965467359112, 42.45334688869574, 50.69867047770466, 15.533401691140098, 35.02874260410982, 54.07303360631819, 31.31338281106547, 38.04663731453235, 36.174522632600706, 7.536842391083724, 45.60311618135737, 33.48326527259722, 3.4914390773746717, 23.117380192878496, 21.930960509687942, 14.287757802005961, 38.202932137724346, 16.831867486198142, 56.99959467426704, 10.668336193771998, 24.866184868660962, 29.88083694638987, 33.987935495638894, 46.20775022498388, 75.8047775953107, 44.61964232136298, 39.262689319222076, 23.77268049040932, 59.91774645512281, 32.01356378389369, 68.27580619989541, 52.322025053433336, 72.63383761655838, 83.05346990793844, 20.297070506430273, 36.07964284417406, 38.540410381440125, 21.11591663176619], [23.006937564305467, 15.315913238695982, 48.89939330709775, 33.93385517610818, 70.68396329062503, 2.8224281337688386, 18.660114086750784, 53.84390313076787, 43.59814996035781, 38.27370711454954, 24.86199391121962, 23.72289528080157, 42.8954210380249, 27.116371572433742, 0.0, 59.40653731308699, 44.99658778982819, 83.28115885746675, 26.815435206372403, 19.125254833256623, 46.92455042103949, 72.81082536082683, 64.48768740848107, 25.02896069142273, 35.31809126521704, 55.01456698307754, 41.88048108672436, 36.047379029629525, 53.06691053949804, 26.646106646013212, 33.91750274419848, 16.583444825924516, 17.482649660962068, 29.774393833159483, 59.29551485888146, 92.68085857437923, 22.374970872636858, 69.29696121516754, 52.79617083771752, 45.044522005894954, 60.34885923481656, 63.094568009998014, 66.06259823124346, 35.16391983229201, 52.271848178463195, 63.17148231821889, 16.327479708814025, 30.85843051432606, 38.28726768275523, 61.96408254184527, 58.3065499911206, 21.676630777578733, 65.12955997832387, 56.38951183842177, 29.446862835687895, 71.67372030864078, 60.38357325929731, 28.046439141188685, 13.12919426393053, 42.60854896911716, 14.409569564747825, 64.46659250512154, 42.61413323299541, 56.377765400011825, 22.24768998665551, 9.939626859018908, 23.370774426029584, 55.85048589488102, 69.06443669045628, 80.3254299777528, 22.046471356224163, 66.07813956780682, 50.38639192243145, 59.789619555698344, 46.897365451921026, 45.27881929362146, 29.553177601000524, 67.04229543820047, 63.35044644071166, 38.74971593853421, 23.85177225903313, 48.639061295067435, 47.42469149994985], [41.366313634562545, 74.69939349495992, 52.530082596571816, 81.6289050815549, 23.09320387241933, 61.2730912794519, 69.50645137972992, 36.49674072887008, 81.44134908228767, 57.94652305675251, 51.19173301552467, 79.52372573354155, 53.401947590853084, 37.48168512534186, 59.40653731308699, 0.0, 58.6865475930699, 37.79232698708692, 33.285783858149514, 69.34109300604013, 72.53936200640713, 54.199501962800014, 28.580548825079802, 56.306163249870494, 81.60330262445844, 18.604684194582365, 78.91059597456045, 25.176658582665254, 17.762318355700007, 50.59802017746189, 44.04608534841787, 66.91609654917299, 59.52859689919772, 82.98672824660858, 69.27780111298547, 53.772230058843505, 49.18777947528031, 50.91304735280698, 12.053469465474477, 46.41234158483693, 89.37760814762161, 67.41939095634355, 8.324085508545092, 86.73270354377588, 14.200407515648351, 10.919713027734035, 70.4972839098865, 87.36638835118292, 43.31350947807339, 33.95372088813456, 40.32235866159662, 68.75151520438084, 27.792600131298048, 5.128633418842976, 42.383270160660665, 20.79515112866748, 33.844440471725974, 34.54193689900528, 48.61846239270031, 16.822411485846047, 50.56941941054881, 41.06435344152982, 22.058573783070244, 49.01995710233154, 37.30196518645538, 60.88454172044021, 45.84859437005946, 3.585420967546028, 9.81305986531072, 55.0465008325389, 67.73547337266788, 23.645278842782393, 20.937597320450237, 50.13138274970153, 17.880048951883317, 87.34083798648238, 88.01074809823226, 66.65955537821117, 94.95573829484367, 20.74645388021396, 52.79921900794543, 25.4720255332508, 20.611070415092687], [29.621916502600126, 53.6661246976264, 8.852797608247293, 78.81672352331883, 80.1727280333944, 47.70083738379672, 63.64663379171075, 26.631779154456098, 27.899943624838784, 6.901469134085897, 20.652197484846873, 66.72676002931898, 5.306102993050412, 54.20521772848456, 44.99658778982819, 58.6865475930699, 0.0, 58.77097442270592, 46.686287779826635, 34.86167388343097, 14.831660384166556, 34.01400618754813, 80.55646645670065, 20.097470654412707, 80.27955704063261, 67.9393743700452, 25.70092610228582, 38.32048749193134, 65.73445228350502, 64.03777824068143, 66.43172407846367, 34.81948440965756, 28.49478832035842, 73.56353827424054, 14.901587631767805, 60.6141303799461, 59.29681269764768, 31.665487355499312, 46.744131099008, 76.87922985197551, 30.874603655669052, 18.0980484440312, 60.123158833154164, 79.18334270510272, 62.38831168758076, 68.36864008852454, 39.591629449527225, 72.26950882681001, 69.73504190119303, 82.1708508806741, 27.146714018042594, 66.56936447548135, 80.45163160196402, 53.601593961849204, 61.18888690360108, 78.823645897502, 81.08054580157209, 51.84248583257665, 35.19673723703854, 48.894930951502644, 52.37752440593766, 87.76198131174736, 58.13796877101226, 18.566104359574055, 43.563460814096516, 54.4716829481569, 24.928364986746672, 56.544842581830025, 67.06523183798093, 42.98823178483031, 30.051721556924768, 78.38235310936685, 65.56002013363995, 21.31665480531236, 40.93459090281409, 35.007029365455026, 68.14787266976512, 22.294850672778672, 36.628265346528615, 44.97319152137754, 21.287025651657565, 33.69692245055936, 62.42701842203361], [60.49670215454569, 97.77329396514124, 49.961183040707105, 112.38541782581613, 56.33142446955161, 85.83576061744614, 98.22467134203582, 33.192839602743526, 86.59685199691735, 62.311734376780144, 64.46014776814076, 106.48552469664865, 54.97318719896089, 69.69641371051173, 83.28115885746675, 37.79232698708692, 58.77097442270592, 0.0, 62.78264916867487, 85.33757983747346, 73.24216762058272, 32.796168991684034, 65.06867862233325, 68.54544666647504, 112.84995242261354, 56.37288958678516, 84.3083240161302, 48.691783951439035, 55.53779377003363, 83.83904809768997, 79.16234046585335, 83.76009437096171, 75.45945456529249, 111.49753322759516, 61.344039076646936, 16.728855903478657, 81.13363419085539, 31.91721537387544, 34.35180552164299, 83.45707000545465, 86.92451497556705, 56.470251655151195, 30.42209601749809, 116.1665570675798, 51.83121084450216, 46.5430618891916, 88.45158671658471, 113.98608449560825, 79.36988254889894, 71.20608894992351, 31.629837682332624, 98.73321808215125, 64.05407259066132, 35.858926538112286, 76.23160924088178, 52.65239627825972, 71.2883509225594, 66.24909883739758, 70.26522017258154, 48.197089016883695, 79.63636706791374, 78.30293175620434, 57.8365743941211, 40.891514304810855, 64.77315260123375, 88.36631514991217, 61.96717059249678, 39.87139159704507, 36.48188244954243, 27.455877167399013, 81.82659076966374, 59.21095414630061, 58.567082712938095, 39.20561285673976, 38.02284971944826, 93.64121476248579, 112.70470355832737, 52.75406904582782, 92.850092011841, 49.41741379631551, 66.27277640341363, 34.652344489234046, 57.748411914283444], [17.631181888625395, 41.871076824423525, 45.55811534044814, 49.85015349665691, 44.304682581354065, 28.359046285450937, 36.59305725844773, 40.566732399343465, 59.490078768499885, 42.18322344701541, 29.167518536036848, 46.30031550345037, 42.15331008965761, 8.306156375317858, 26.815435206372403, 33.285783858149514, 46.686287779826635, 62.78264916867487, 0.0, 40.61749186864037, 55.99806771156397, 62.30145465478243, 39.5264515130774, 33.482657396768914, 50.18090525567361, 28.764415975230023, 57.14341708549537, 14.770507795551405, 26.683836820033566, 21.851398779156504, 20.62416999559309, 37.880397682814554, 32.43409061569913, 50.12020234837039, 61.19603086813686, 75.24349347964244, 18.493606373258274, 58.46223842177677, 29.096038034499372, 30.311415630388034, 72.57879397309854, 62.49693614238375, 40.620853730732804, 54.24787996014146, 25.528137437431422, 36.35615766634571, 40.32066857151341, 54.13504689236308, 23.342923823955285, 38.63175617094126, 45.81757153605113, 36.39225456386111, 39.94426636209827, 31.020830020176213, 15.842933230609447, 45.025087862221035, 37.231446772871955, 5.2653702473406305, 18.90588049605151, 16.603027160388894, 17.531065949717725, 42.930835912562955, 16.273926986971052, 48.719599350184595, 4.966696535779293, 27.625786634447415, 23.15787407914056, 29.700667266487947, 42.69136674962498, 67.65447768888751, 40.679879036309, 40.103553171180124, 24.454076515028845, 51.62040821666388, 24.78068198488028, 63.718835604430296, 54.75533440652153, 64.5233842593216, 77.14199626921987, 13.71195533812148, 29.94288783155191, 30.587537561938714, 21.269529355525115], [28.032976811552537, 19.95836395294054, 41.57958680712945, 47.912951998588056, 84.59702856401275, 20.516386620445797, 34.3592779695955, 52.76721726123843, 25.012979091759398, 28.135433798379488, 20.879393904295334, 33.86885293122142, 35.002449861280766, 43.68750748391023, 19.125254833256623, 69.34109300604013, 34.86167388343097, 85.33757983747346, 40.61749186864037, 0.0, 31.474944312902736, 67.54761661255056, 80.08113977178184, 17.104494306149785, 49.750343500328285, 69.26424791932271, 23.6090987460712, 44.19290220029367, 67.12156366108768, 45.653737065338646, 52.36305821678096, 2.7905993892180176, 10.138962299031592, 40.97294530237119, 46.94469372728395, 91.53116864429475, 41.210735874084605, 64.57638570009216, 60.16863583600042, 63.66053492008724, 42.450704848119685, 51.96696908035699, 74.5515111276045, 46.59360895685601, 65.44570108431923, 75.3849354837473, 5.02090481947542, 38.24350804061556, 56.669584546343884, 78.56595082954809, 56.01333942718891, 38.337613242847716, 80.53860096937387, 65.33595114238722, 47.53379647407749, 84.90529035660592, 77.05935884762212, 43.581840991736804, 21.788067938288357, 53.50766269933777, 33.04299716273549, 81.86495833103012, 56.836553581827964, 50.875248718147056, 35.65497198984312, 28.314445823480778, 24.318094888869354, 66.02412373130369, 79.1370000442597, 76.08952157637594, 4.920094483489038, 80.6564652157831, 65.0638756380367, 54.18924097664436, 53.57549638406067, 26.162197314114692, 33.50902994598056, 56.79880391516809, 44.86003117261233, 49.07203082043223, 19.06483574254205, 51.92102299273585, 61.852991328581325], [38.374869263284914, 51.43242413381575, 23.368783370461994, 79.04651620779923, 93.26125789486164, 49.247928104325545, 64.72082695181523, 41.45693569270191, 14.728751895559897, 14.783425275171599, 26.984357940533407, 65.32747932265015, 19.664981457491344, 62.57272893235616, 46.92455042103949, 72.53936200640713, 14.831660384166556, 73.24216762058272, 55.99806771156397, 31.474944312902736, 0.0, 46.11751350022437, 92.58839900441313, 23.546821423447685, 80.78472732594018, 80.13945090506925, 13.16026546170241, 50.41719104143547, 77.89553001778127, 70.0920811916451, 74.13820450609295, 32.62386768111322, 29.486142054611502, 72.42299359994357, 17.685606853478703, 73.81414764282161, 65.27162635307486, 44.45181812456692, 60.78021513259357, 85.17741954578307, 17.069996312527632, 23.80041087980017, 74.52267506258994, 78.05418211695726, 74.8465348885013, 81.76619139253079, 36.48401116411074, 69.55784767288021, 77.89046554143565, 93.45362024406786, 41.72020882601875, 68.29832673550175, 92.61364274225475, 67.52733691037493, 68.84012006293518, 92.2078396949628, 92.23391902081417, 60.80044881979397, 40.66776871440666, 61.25986091905201, 57.51405590783184, 98.52780922069566, 69.40020667197008, 32.4781878358801, 52.043625265581014, 56.86295023532176, 32.852420423801455, 70.15496379927292, 81.2520859381183, 55.18203729990813, 26.725428096135804, 91.00011838047855, 77.26214507076816, 34.70895823499926, 54.66346069742881, 21.752046645031946, 64.35828355700795, 29.2933293287532, 22.441086996083563, 57.0285348485934, 26.569656985911838, 48.07527139971447, 74.01956289747119], [51.127365143413606, 84.57447381966023, 26.06631956505454, 106.10495730412083, 77.07163888498945, 75.63056468408796, 90.78430129465396, 21.813544291819262, 60.70795522044728, 39.91438909314927, 48.74250503098279, 96.29170466275515, 32.609981581125645, 70.57619642548767, 72.81082536082683, 54.199501962800014, 34.01400618754813, 32.796168991684034, 62.30145465478243, 67.54761661255056, 46.11751350022437, 0.0, 82.25462215499725, 50.869299824296775, 107.17095701140083, 70.5339317651426, 58.81783365826749, 48.19464817315635, 68.82432399414199, 83.77332582985666, 82.56233176042088, 66.91345258809336, 59.31761640310701, 102.57915527434295, 30.83414363818769, 28.196886923000793, 79.7215769510041, 3.84204129134639, 43.903944099287116, 90.52063357873516, 56.86723479157736, 25.08021102062306, 50.71281295070081, 107.96495030663712, 64.76690609304123, 65.08639294960845, 71.85175223636224, 102.79113289320814, 84.46643352757108, 86.5524885693514, 16.549291614962417, 92.71273630669555, 81.62490715222587, 49.71290084843261, 78.09339620269787, 74.25666642456545, 86.03130356968973, 67.26715835082169, 60.30724121361646, 54.52292207951885, 75.08484760441259, 93.3934249793469, 65.87416378768279, 16.760558747158633, 61.73430691185141, 80.76787480118251, 49.46895336007013, 54.11092450883141, 58.50307484482193, 9.073959265309734, 63.026446022696625, 77.78833879638182, 70.47964009214216, 13.381449108075756, 42.23404288178696, 67.81688919155029, 99.64391443278038, 20.547935327240108, 62.63015647031354, 52.88056433197396, 50.21615675848534, 33.35154077354974, 68.25194508948253], [55.46100508531983, 78.15085886376042, 76.25300914120457, 74.52378069472664, 11.643942187126505, 65.23384431007962, 66.88756228331015, 62.88399135988395, 98.237547901685, 77.90302933441419, 67.12233632742276, 77.8945068999664, 75.34465027572753, 37.38099875708973, 64.48768740848107, 28.580548825079802, 80.55646645670065, 65.06867862233325, 39.5264515130774, 80.08113977178184, 92.58839900441313, 82.25462215499725, 0.0, 71.92973958310073, 73.73710157982023, 12.648764665265393, 95.8032465503604, 42.309879618544514, 14.826747581952507, 44.10132894679278, 34.965183135353065, 77.3231172285649, 71.89480020801842, 78.96034981855951, 93.25362266558217, 81.56325041117462, 45.55897862530943, 78.80258840304231, 38.45389882880334, 29.835450204842, 109.62710524857151, 92.52604054966403, 34.74305144242292, 81.06141493688092, 18.403148144136438, 18.54766745363164, 79.4357223417114, 85.31560296855005, 31.585698570897602, 7.2245412304637675, 67.36073397347651, 64.42226687209684, 1.3094453168793871, 32.61363693639432, 37.01667175700536, 15.380729014054415, 8.221979322418381, 36.69710209224902, 58.431189373115316, 31.671020083678457, 51.205462840987586, 13.683100380004799, 23.67785914589134, 74.91358017247249, 44.462654659860014, 61.386739606793945, 61.01191075081681, 28.16274928237676, 28.923421225639142, 83.57888090554711, 80.18872194310933, 6.35789065751383, 15.46157807838865, 76.60713540131331, 41.6636746664605, 102.92232293129847, 88.15490225776993, 92.66127290141601, 114.68493922022485, 35.6484158776448, 68.25778984129161, 50.81260746174225, 18.760333909748432], [16.469847724790498, 34.04463921052395, 25.26965309446637, 58.738804984387606, 74.38236212895603, 27.68175914843311, 