instance_id,num_cities,city_coordinates,distance_matrix,best_route,total_distance
805,31,"[[55.33854513512551, 79.62574582814457], [14.009878785804942, 9.96383759688949], [43.18924309928583, 15.045567592689213], [66.25889074848926, 74.45722036440779], [75.76310741029369, 11.401038284611264], [16.322421936874065, 5.4571440720367015], [75.99325511072799, 23.086375592576893], [3.7621302928642075, 52.69990700402083], [98.56879712886216, 15.028447258297916], [70.79335117941947, 47.62410433672255], [35.84426704554083, 18.728755796116303], [63.78757529507401, 7.662266623540448], [95.0068545188935, 13.326631665031785], [16.98305851337134, 76.20870513193286], [1.8799352027371707, 19.59088360439859], [99.53450030553746, 76.7659508402872], [68.7868254301801, 82.80152556099513], [8.447742386110535, 1.7837402548081527], [47.26501557594537, 37.1838157282534], [66.72426804711908, 17.60953445991791], [29.371040188720933, 4.7372246858137785], [19.801339545173324, 52.49374483826996], [86.79138881775168, 61.180727949900124], [65.01842865333778, 34.22988144858423], [57.45895820558389, 38.394667188868056], [28.80401734881408, 34.973216080666944], [12.157020603169899, 42.623514525220116], [87.63258476220915, 8.494487710294097], [98.8488739404126, 81.54358129232726], [6.496237737357758, 72.80883861624153], [7.188571692382584, 20.228754827567485]]","[[0.0, 80.99901308431645, 65.71305015658032, 12.081705334289882, 71.21638479684907, 83.80476929075853, 60.193998295601276, 58.181847378402495, 77.72815236427458, 35.53809347745386, 63.94114694932374, 72.45777011387537, 77.26025697717941, 38.50739566773024, 80.3866136749609, 44.28838313596058, 13.818169915221699, 90.87422744720512, 43.20300117060161, 63.05271729828352, 79.26286590848751, 44.7106079007777, 36.4623101332386, 46.416426485605214, 41.28556645303023, 51.94159775836616, 56.86659109089454, 78.1188893729546, 43.55257518921095, 49.31572990308197, 76.46190216349241], [80.99901308431645, 0.0, 29.618563123302465, 83.00214257399838, 61.76995055336506, 5.065386693284804, 63.35724066028515, 43.94755940374524, 84.71045356017314, 68.13705620286042, 23.527947248241396, 49.8308769611198, 81.06675312266594, 66.31155459215124, 15.485979018425148, 108.52180988113508, 91.13639597678385, 9.891984323417198, 42.9747755363874, 53.26596958391609, 16.225990329365395, 42.92241870733441, 88.99616879373335, 56.48639698016644, 51.924315823267065, 29.05745253745319, 32.71219314732489, 73.6373670385987, 111.0014180375553, 63.29256634808917, 12.324721344332461], [65.71305015658032, 29.618563123302465, 0.0, 63.73345375645081, 32.77711442499767, 28.526548073407323, 33.77510617804034, 54.51923055907941, 55.379556675912575, 42.700677269594095, 8.21672371276727, 21.88160008886637, 51.846114550242305, 66.54091601560245, 41.55861904031652, 83.57148866610565, 72.4300080173249, 37.18666341772718, 22.510307678779217, 23.674275604363906, 17.239624855642113, 44.15155729612377, 63.47913147200342, 29.061163777018905, 27.364305603599554, 24.57734514044258, 41.5155632270831, 44.92357138288159, 86.71782014884691, 68.43224475224265, 36.37188160735744], [12.081705334289882, 83.00214257399838, 63.73345375645081, 0.0, 63.76842661407739, 85.17430038295852, 52.28500303249842, 66.17571875023235, 67.64398807880822, 27.21355263751666, 63.487881506089586, 66.84065563199464, 67.55289997976958, 49.30695023375872, 84.58702516712987, 33.355605642880654, 8.718823485349953, 92.86314439118104, 41.833885634024895, 56.84959075249019, 78.87706457737237, 51.38772539231502, 24.450945335441418, 40.24645999908613, 37.1207025027587, 54.42291921299482, 62.772583033334946, 69.33914403127719, 33.3515144431342, 59.78538163561886, 80.18746203659595], [71.21638479684907, 61.76995055336506, 32.77711442499767, 63.76842661407739, 0.0, 59.737132237497605, 11.687603516758626, 83.00444122676586, 23.09237058861654, 36.56239859760203, 40.585825850844024, 12.54558818773692, 19.33984779274292, 87.49358736797805, 74.33570273975684, 69.55322360316026, 71.74049131119129, 67.99890285683347, 38.43036365827588, 10.96567561949887, 46.868222846300064, 69.42859637422265, 50.98666976744558, 25.23101666194715, 32.61438148315871, 52.543350725386865, 70.85603221681801, 12.220168936995002, 73.84395002891196, 92.5679057549476, 69.14040445564264], [83.80476929075853, 5.065386693284804, 28.526548073407323, 85.17430038295852, 59.737132237497605, 0.0, 62.22056039338374, 48.883939853803085, 82.80142557290067, 68.88493790742635, 23.60589151465167, 47.51634822652715, 79.07697999880033, 70.75464531109192, 20.20762272595095, 109.58647685341595, 93.45944030336346, 8.689331023251592, 44.31733064495288, 51.8461829208312, 13.068462886089197, 47.1650790242882, 89.83870598718298, 56.56121892489282, 52.698150302061634, 32.04666489427578, 37.39905962633405, 71.3748189388433, 112.24865793928035, 68.06470931326083, 17.367432297311822], [60.193998295601276, 63.35724066028515, 33.77510617804034, 52.28500303249842, 11.687603516758626, 62.22056039338374, 0.0, 78.06597616830518, 23.970509098742927, 25.08264604893411, 40.38477550945462, 19.669310034949714, 21.372167975791452, 79.3988992250309, 74.19570507801382, 58.61473384821203, 60.14841448027838, 70.82512662583395, 32.00077444604786, 10.766146477627663, 50.103116302611184, 63.42180020213049, 39.595193812869, 15.640477567283613, 24.03880099682829, 48.66334490496659, 66.759004140096, 18.665400791436547, 62.76642582074242, 85.45266966534294, 68.86399971491163], [58.181847378402495, 43.94755940374524, 54.51923055907941, 66.17571875023235, 83.00444122676586, 48.883939853803085, 78.06597616830518, 0.0, 102.01687583888038, 67.22312359790725, 46.725823834446814, 75.04294169843551, 99.37733398518989, 26.971402122075933, 33.162480136956454, 98.74979151255707, 71.65415841003544, 51.13131131823246, 46.18712067699031, 72.08026800636704, 54.37127146951191, 16.040534164358288, 83.46126104432321, 63.98027768653274, 55.56967890907112, 30.68112902771127, 13.115177036887301, 94.80702625770228, 99.36521707289978, 20.293951663069567, 32.651435256826375], [77.72815236427458, 84.71045356017314, 55.379556675912575, 67.64398807880822, 23.09237058861654, 82.80142557290067, 23.970509098742927, 102.01687583888038, 0.0, 42.824668802743425, 62.83358144693436, 35.55269341969828, 3.9476083227942027, 101.97674587335909, 96.79644542017792, 61.74505592483969, 74.02807562597198, 91.08911445147727, 55.88325646979516, 31.94895997650545, 69.95883666545114, 87.22362579573311, 47.63129600969358, 38.656465174759006, 47.2863520494197, 72.55975676045468, 90.71098533139269, 12.739441443936405, 66.5157236943661, 108.7011031148223, 91.52807656471774], [35.53809347745386, 68.13705620286042, 42.700677269594095, 27.21355263751666, 36.56239859760203, 68.88493790742635, 25.08264604893411, 67.22312359790725, 42.824668802743425, 0.0, 45.347322402541515, 40.571287496903274, 41.98345359348246, 60.93133019578098, 74.3970454131241, 40.93043941526985, 35.23460102757321, 77.38419680380994, 25.74067214541683, 30.289137366837643, 59.624594707232, 51.22400461816126, 20.969483829290066, 14.58612138162076, 16.216921595878556, 43.85372423415402, 58.84917299257589, 42.599139486461674, 44.018669611136616, 69.0535273372138, 69.25368689335862], [63.94114694932374, 23.527947248241396, 8.21672371276727, 63.487881506089586, 40.585825850844024, 23.60589151465167, 40.38477550945462, 46.725823834446814, 62.83358144693436, 45.347322402541515, 0.0, 30.054877450010796, 59.40870897157885, 60.49536976448711, 33.975271917762484, 86.16705763403968, 72.04534668018843, 32.21339962049872, 21.703058173757668, 30.900276993206315, 15.41640712845953, 37.38248263289645, 66.31575345736576, 33.036594891293696, 29.22230218260715, 17.70445157943629, 33.6458784807842, 52.7898673532626, 88.96787505665603, 61.530172940644135, 28.69492765746883], [72.45777011387537, 49.8308769611198, 21.88160008886637, 66.84065563199464, 12.54558818773692, 47.51634822652715, 19.669310034949714, 75.04294169843551, 35.55269341969828, 40.571287496903274, 30.054877450010796, 0.0, 31.728984014274346, 83.00166879860615, 63.04639406721314, 77.80206822464011, 75.3053831779855, 55.65118308409874, 33.83070855323829, 10.371706789557042, 34.540610287953704, 62.806451693783885, 58.25290670281771, 26.59611169854412, 31.37725033799385, 44.38172244098964, 62.353853390439326, 23.859527833236807, 81.77862385664065, 86.75467250559115, 57.977269982290714], [77.26025697717941, 81.06675312266594, 51.846114550242305, 67.55289997976958, 19.33984779274292, 79.07697999880033, 21.372167975791452, 99.37733398518989, 3.9476083227942027, 41.98345359348246, 59.40870897157885, 31.728984014274346, 0.0, 100.2091208753379, 93.33736633137744, 63.60068233745016, 74.25800163799416, 87.32535848952418, 53.37085737629511, 28.605033715831222, 66.19545328071654, 84.7934681257212, 48.55418012826586, 36.55477448169414, 45.14699239793684, 69.65192220054855, 87.87720025801107, 8.81643179770918, 68.3250563826207, 106.64080938756243, 88.08910320095146], [38.50739566773024, 66.31155459215124, 66.54091601560245, 49.30695023375872, 87.49358736797805, 70.75464531109192, 79.3988992250309, 26.971402122075933, 101.97674587335909, 60.93133019578098, 60.49536976448711, 83.00166879860615, 100.2091208753379, 0.0, 58.597628350129874, 82.5533225542429, 52.22160039658791, 74.91279609221327, 49.395737837479366, 76.86384539774298, 72.53712571606886, 23.881835141048576, 71.40758417751691, 63.79356097852863, 55.391334353431105, 42.89639408022897, 33.93015870873473, 97.85995503887271, 82.03945781866877, 11.024178078784342, 56.83033352150715], [80.3866136749609, 15.485979018425148, 41.55861904031652, 84.58702516712987, 74.33570273975684, 20.20762272595095, 74.19570507801382, 33.162480136956454, 96.79644542017792, 74.3970454131241, 33.975271917762484, 63.04639406721314, 93.33736633137744, 58.597628350129874, 0.0, 113.16095792651033, 92.0441047350244, 18.979737760855226, 48.675628205469835, 64.87459631061546, 31.247272466889573, 37.466985613743795, 94.54982870263598, 64.81334440602188, 58.67375968047836, 31.008423884795526, 25.221430797291642, 86.46760612106888, 115.070030115243, 53.41779651701934, 5.346821586376504], [44.28838313596058, 108.52180988113508, 83.57148866610565, 33.355605642880654, 69.55322360316026, 109.58647685341595, 58.61473384821203, 98.74979151255707, 61.74505592483969, 40.93043941526985, 86.16705763403968, 77.80206822464011, 63.60068233745016, 82.5533225542429, 113.16095792651033, 0.0, 31.334448653996308, 117.97935994298923, 65.56557369477034, 67.64608591647401, 100.55370966304639, 83.34576719331602, 20.131717833637133, 54.77843007603954, 56.9447684345334, 82.15493836635329, 93.81113961926945, 69.30114192068214, 4.826576037815504, 93.12237668175807, 108.27846075931534], [13.818169915221699, 91.13639597678385, 72.4300080173249, 8.718823485349953, 71.74049131119129, 93.45944030336346, 60.14841448027838, 71.65415841003544, 74.02807562597198, 35.23460102757321, 72.04534668018843, 75.3053831779855, 74.25800163799416, 52.22160039658791, 92.0441047350244, 31.334448653996308, 0.0, 101.01824824514891, 50.43970410089711, 65.2246107438086, 87.4507815707308, 57.60329330625976, 28.135799119929302, 48.717608993570444, 45.82891714125737, 62.33917010850721, 69.43491460019324, 76.65962769898036, 30.08835629300222, 63.0870121934225, 87.80487743174741], [90.87422744720512, 9.891984323417198, 37.18666341772718, 92.86314439118104, 67.99890285683347, 8.689331023251592, 70.82512662583395, 51.13131131823246, 91.08911445147727, 77.38419680380994, 32.21339962049872, 55.65118308409874, 87.32535848952418, 74.91279609221327, 18.979737760855226, 117.97935994298923, 101.01824824514891, 0.0, 52.53518860173522, 60.38716093128301, 21.130723158967225, 51.96545711629021, 98.3144398522257, 65.2149877184034, 61.17564259633133, 38.9348075114345, 41.00787616238805, 79.46869442452729, 120.55702728845195, 71.05190333583887, 18.4879440021125], [43.20300117060161, 42.9747755363874, 22.510307678779217, 41.833885634024895, 38.43036365827588, 44.31733064495288, 32.00077444604786, 46.18712067699031, 55.88325646979516, 25.74067214541683, 21.703058173757668, 33.83070855323829, 53.37085737629511, 49.395737837479366, 48.675628205469835, 65.56557369477034, 50.43970410089711, 52.53518860173522, 0.0, 27.600996248483312, 37.05368571996471, 31.442764358067112, 46.24052311365, 17.997483258087293, 10.265604102829709, 18.59288052841877, 35.526914220209854, 49.523915274641375, 68.03442690774288, 54.14088568006429, 43.515462131273814], [63.05271729828352, 53.26596958391609, 23.674275604363906, 56.84959075249019, 10.96567561949887, 51.8461829208312, 10.766146477627663, 72.08026800636704, 31.94895997650545, 30.289137366837643, 30.900276993206315, 10.371706789557042, 28.605033715831222, 76.86384539774298, 64.87459631061546, 67.64608591647401, 65.2246107438086, 60.38716093128301, 27.600996248483312, 0.0, 39.508986197596975, 58.469388169535684, 47.97018071849034, 16.70765758749699, 22.756706901916267, 41.70662839944076, 60.0273578655309, 22.808809375027497, 71.5510492457528, 81.69687150886412, 59.59328364654607], [79.26286590848751, 16.225990329365395, 17.239624855642113, 78.87706457737237, 46.868222846300064, 13.068462886089197, 50.103116302611184, 54.37127146951191, 69.95883666545114, 59.624594707232, 15.41640712845953, 34.540610287953704, 66.19545328071654, 72.53712571606886, 31.247272466889573, 100.55370966304639, 87.4507815707308, 21.130723158967225, 37.05368571996471, 39.508986197596975, 0.0, 48.705896845033756, 80.51686467692566, 46.26611186682849, 43.83782127761848, 30.241307685525285, 41.61362070389019, 58.38257104242396, 103.56826636569052, 71.81226364822444, 27.056411711901244], [44.7106079007777, 42.92241870733441, 44.15155729612377, 51.38772539231502, 69.42859637422265, 47.1650790242882, 63.42180020213049, 16.040534164358288, 87.22362579573311, 51.22400461816126, 37.38248263289645, 62.806451693783885, 84.7934681257212, 23.881835141048576, 37.466985613743795, 83.34576719331602, 57.60329330625976, 51.96545711629021, 31.442764358067112, 58.469388169535684, 48.705896845033756, 0.0, 67.5509465301873, 48.76631884131493, 40.21044931030697, 19.69815056248074, 12.484272446551316, 80.85179314961037, 84.216421747626, 24.284331766060934, 34.64262538115612], [36.4623101332386, 88.99616879373335, 63.47913147200342, 24.450945335441418, 50.98666976744558, 89.83870598718298, 39.595193812869, 83.46126104432321, 47.63129600969358, 20.969483829290066, 66.31575345736576, 58.25290670281771, 48.55418012826586, 71.40758417751691, 94.54982870263598, 20.131717833637133, 28.135799119929302, 98.3144398522257, 46.24052311365, 47.97018071849034, 80.51686467692566, 67.5509465301873, 0.0, 34.64693235278768, 37.14291386823446, 63.63465194571709, 76.90682082155587, 52.69295513825784, 23.664926446714038, 81.13275691539125, 89.51911861109453], [46.416426485605214, 56.48639698016644, 29.061163777018905, 40.24645999908613, 25.23101666194715, 56.56121892489282, 15.640477567283613, 63.98027768653274, 38.656465174759006, 14.58612138162076, 33.036594891293696, 26.59611169854412, 36.55477448169414, 63.79356097852863, 64.81334440602188, 54.77843007603954, 48.717608993570444, 65.2149877184034, 17.997483258087293, 16.70765758749699, 46.26611186682849, 48.76631884131493, 34.64693235278768, 0.0, 8.630818832123396, 36.222039320122036, 53.52365399775645, 34.25945923947469, 58.164295072024835, 70.09409936471366, 59.5006210285429], [41.28556645303023, 51.924315823267065, 27.364305603599554, 37.1207025027587, 32.61438148315871, 52.698150302061634, 24.03880099682829, 55.56967890907112, 47.2863520494197, 16.216921595878556, 29.22230218260715, 31.37725033799385, 45.14699239793684, 55.391334353431105, 58.67375968047836, 56.9447684345334, 45.82891714125737, 61.17564259633133, 10.265604102829709, 22.756706901916267, 43.83782127761848, 40.21044931030697, 37.14291386823446, 8.630818832123396, 0.0, 28.85848165082124, 45.49888680316457, 42.47903568149372, 59.790918314104545, 61.49417917620499, 53.451960975301034], [51.94159775836616, 29.05745253745319, 24.57734514044258, 54.42291921299482, 52.543350725386865, 32.04666489427578, 48.66334490496659, 30.68112902771127, 72.55975676045468, 43.85372423415402, 17.70445157943629, 44.38172244098964, 69.65192220054855, 42.89639408022897, 31.008423884795526, 82.15493836635329, 62.33917010850721, 38.9348075114345, 18.59288052841877, 41.70662839944076, 30.241307685525285, 19.69815056248074, 63.63465194571709, 36.222039320122036, 28.85848165082124, 0.0, 18.320741440788378, 64.51297078901541, 84.11349981355563, 43.9223333151574, 26.165370789849216], [56.86659109089454, 32.71219314732489, 41.5155632270831, 62.772583033334946, 70.85603221681801, 37.39905962633405, 66.759004140096, 13.115177036887301, 90.71098533139269, 58.84917299257589, 33.6458784807842, 62.353853390439326, 87.87720025801107, 33.93015870873473, 25.221430797291642, 93.81113961926945, 69.43491460019324, 41.00787616238805, 35.526914220209854, 60.0273578655309, 41.61362070389019, 12.484272446551316, 76.90682082155587, 53.52365399775645, 45.49888680316457, 18.320741440788378, 0.0, 82.83327384849153, 95.02762246948029, 30.71153290107594, 22.939283914165895], [78.1188893729546, 73.6373670385987, 44.92357138288159, 69.33914403127719, 12.220168936995002, 71.3748189388433, 18.665400791436547, 94.80702625770228, 12.739441443936405, 42.599139486461674, 52.7898673532626, 23.859527833236807, 8.81643179770918, 97.85995503887271, 86.46760612106888, 69.30114192068214, 76.65962769898036, 79.46869442452729, 49.523915274641375, 22.808809375027497, 58.38257104242396, 80.85179314961037, 52.69295513825784, 34.25945923947469, 42.47903568149372, 64.51297078901541, 82.83327384849153, 0.0, 73.90517719406213, 103.53474074430501, 81.295339740713], [43.55257518921095, 111.0014180375553, 86.71782014884691, 33.3515144431342, 73.84395002891196, 112.24865793928035, 62.76642582074242, 99.36521707289978, 66.5157236943661, 44.018669611136616, 88.96787505665603, 81.77862385664065, 68.3250563826207, 82.03945781866877, 115.070030115243, 4.826576037815504, 30.08835629300222, 120.55702728845195, 68.03442690774288, 71.5510492457528, 103.56826636569052, 84.216421747626, 23.664926446714038, 58.164295072024835, 59.790918314104545, 84.11349981355563, 95.02762246948029, 73.90517719406213, 0.0, 92.76478396067782, 110.27746348462964], [49.31572990308197, 63.29256634808917, 68.43224475224265, 59.78538163561886, 92.5679057549476, 68.06470931326083, 85.45266966534294, 20.293951663069567, 108.7011031148223, 69.0535273372138, 61.530172940644135, 86.75467250559115, 106.64080938756243, 11.024178078784342, 53.41779651701934, 93.12237668175807, 63.0870121934225, 71.05190333583887, 54.14088568006429, 81.69687150886412, 71.81226364822444, 24.284331766060934, 81.13275691539125, 70.09409936471366, 61.49417917620499, 43.9223333151574, 30.71153290107594, 103.53474074430501, 92.76478396067782, 0.0, 52.58464165066891], [76.46190216349241, 12.324721344332461, 36.37188160735744, 80.18746203659595, 69.14040445564264, 17.367432297311822, 68.86399971491163, 32.651435256826375, 91.52807656471774, 69.25368689335862, 28.69492765746883, 57.977269982290714, 88.08910320095146, 56.83033352150715, 5.346821586376504, 108.27846075931534, 87.80487743174741, 18.4879440021125, 43.515462131273814, 59.59328364654607, 27.056411711901244, 34.64262538115612, 89.51911861109453, 59.5006210285429, 53.451960975301034, 26.165370789849216, 22.939283914165895, 81.295339740713, 110.27746348462964, 52.58464165066891, 0.0]]",Route_0,1645.5546933099592
