instance_id,num_cities,city_coordinates,distance_matrix,best_route,total_distance
737,58,"[[24.971279521955648, 1.8097832365400301], [89.19076784126673, 28.776289014783007], [78.5461837136869, 95.98073488660333], [64.8991645035971, 59.05784311667887], [1.276148436991409, 87.70639978056165], [71.21448068489694, 30.594847449630436], [22.194572721150617, 59.74763473884872], [54.66556071029416, 2.871504931148783], [30.76569895139126, 2.7113185570369125], [39.63378627707852, 9.807416751629827], [23.449380251724662, 74.07988445417034], [56.05697397014363, 7.70565592957605], [8.433645977948146, 46.089488298567794], [60.18134490118797, 88.23764689371221], [62.513751604625455, 14.091525148057006], [25.40038570111386, 36.77997903035265], [48.75841113026538, 36.778511972976204], [33.15588656230691, 39.41721563541529], [97.4253929049307, 43.520587327312434], [31.470688280533732, 45.43751375410879], [30.396523985478996, 35.820777398698425], [42.17024851433264, 0.4078373541847702], [54.54525673046196, 44.98303192219149], [75.67855557636011, 98.00235225986069], [20.946348292643492, 76.12596181982568], [83.53800794367362, 5.2855435815766345], [97.59548637025046, 6.1940793765498885], [95.07719236726409, 65.87990956618025], [24.738839594985627, 80.95445566606814], [88.81063368733602, 16.948117221488136], [93.81057385041528, 36.50123701562139], [91.63195014456613, 71.53874130356424], [19.584324907294672, 1.982960015860158], [21.960876371083504, 9.500513257867382], [38.68016185744256, 95.17958525502688], [83.61932458859229, 26.04738751414476], [96.1132102837096, 9.88559603026088], [25.64705577733568, 24.803610983782963], [26.879658774120607, 85.43682339544941], [19.10303908052352, 2.2496615638009088], [8.030009240511394, 12.248770420210098], [50.377071092792555, 23.540263003504524], [87.07421900193721, 57.14855568436996], [30.11251285410864, 24.230957457179482], [26.060962682610256, 49.694070098697594], [31.39610758806456, 34.82451240158394], [40.65291652245314, 83.22022815133667], [78.87276373278966, 20.432104446437314], [59.92610382952923, 14.122829611956533], [52.648736629307834, 36.00576833794923], [62.680335431944876, 63.72453241781246], [88.50414578747512, 83.48491560443084], [73.19004285766124, 79.70382613559957], [52.340058643008724, 73.18961487280579], [49.12121808586141, 60.673958215301006], [89.03577875011312, 64.75600970603594], [61.067081943663545, 93.97253032369835], [11.77375627863604, 80.56826453532204]]","[[0.0, 69.65152628537399, 108.34407456724038, 69.79667871143405, 89.10492674843702, 54.47029993994886, 58.004351020946785, 29.713256103108545, 5.864133564161406, 16.70183361747181, 72.28612389245436, 31.639875381211493, 47.26717257903258, 93.324832281406, 39.50035942189836, 34.97282839534975, 42.292311589619985, 38.48774823292394, 83.60257008018235, 44.109196142354286, 34.440978519597316, 17.256013057998018, 52.331152576666575, 108.73931294690016, 74.42509301723106, 58.66977576230709, 72.7564256474108, 94.97273347529827, 79.14501375511257, 65.60969666209944, 77.08660979019919, 96.46643250876951, 5.389737490575294, 8.258925801321062, 94.37082909384476, 63.459078556625805, 71.59883424183259, 23.003755954565648, 83.64881204840829, 5.884703800638854, 19.899223406197898, 33.431541936369925, 83.18145723709674, 23.003072264545622, 47.89668399469852, 33.634071378889914, 82.90702189947791, 57.02771999103049, 37.06009786032, 43.99326117697028, 72.49420020803437, 103.4758539139681, 91.6107584118007, 76.44691252757457, 63.62555012391337, 89.8136264054829, 98.97918419101303, 79.85657766426355], [69.65152628537399, 0.0, 68.04222744875092, 38.82079998584172, 105.8382646298848, 18.0680395923083, 73.80863375332369, 43.16303703235291, 63.97555282879447, 53.06328803126614, 79.83950026104918, 39.26601424776257, 82.5921279607623, 66.16040885697778, 30.451691005780354, 64.29052735397389, 41.216635494400684, 57.03628002677596, 16.88796561661531, 60.076650991143545, 59.214761058075325, 54.91537387102341, 38.24879025270907, 70.53245857549125, 83.06197875245392, 24.161308231706805, 24.095549084769804, 37.56765432818944, 82.92534069723834, 11.834278598490108, 9.000968235574547, 42.83207556012472, 74.58511498124025, 69.93864338206392, 83.43092393365137, 6.203860356097422, 20.119107604573514, 63.66777452999097, 84.22048723131718, 74.93965363385868, 82.82649097688514, 39.16527829178927, 28.451103580694753, 59.252850153357315, 66.50508149641277, 58.11027241305717, 72.93877925597613, 13.269763558299298, 32.728342949042926, 37.250307601144264, 43.86550744590349, 54.712935154040814, 53.38199356705523, 57.710642711596044, 51.21552614224107, 35.98005451133935, 71.0034618119241, 93.14398750111899], [108.34407456724038, 68.04222744875092, 0.0, 39.364210521412915, 77.71179429860592, 65.79565445546429, 66.99508644498752, 96.12290495988917, 104.79579546230829, 94.55165483827302, 59.290007601533446, 91.09475352487914, 86.0517543914914, 19.930446966255467, 83.44388264537608, 79.55630295799706, 66.27378511445107, 72.52386355931469, 55.75384849164512, 69.07039505262054, 77.0558902154062, 102.26136809357578, 56.363199019399836, 3.5085934415153157, 60.92579957673536, 90.83246135054623, 91.7851809356084, 34.34143171265967, 55.8660840610994, 79.6963837840954, 61.40693994354706, 27.724507811624896, 110.95982369558745, 103.34759668232336, 39.874071015820874, 70.1171151221554, 87.86906939990186, 88.68202018168, 52.73143150782192, 110.99099760847159, 109.46950596276878, 77.72464777980443, 39.75758452763458, 86.56703202782118, 69.97966678878174, 77.22184423651882, 39.984124731785975, 75.54933630346237, 83.94893704416668, 65.32743970186182, 35.947012941368115, 15.97831368435726, 17.13551876536249, 34.73033461836136, 45.96082115362964, 32.93956688589237, 17.59408662742417, 68.52810597045753], [69.79667871143405, 38.82079998584172, 39.364210521412915, 0.0, 69.77555426032293, 29.15519406233142, 42.710162394767494, 57.110692915574575, 65.87886080188362, 55.3529026706654, 44.087938718793325, 52.107882919277586, 57.93559362825957, 29.558734246700165, 45.029545260348634, 45.348172566668254, 27.51167962283435, 37.328138747006484, 36.04666214061881, 36.09676432231567, 41.59799785932284, 62.900133529171725, 17.47294240633373, 40.40878696896178, 47.15051143878056, 56.91104182912521, 62.158080571877136, 30.939520946221407, 45.74181170333453, 48.425069679794916, 36.66974323904585, 29.502790506618155, 72.87645002750024, 65.57152987757573, 44.634250916402365, 37.94910503153826, 58.24282391411582, 52.09683731737049, 46.274543935747886, 72.96886044821196, 73.65588983265525, 38.371730403096116, 22.257098204921647, 49.224212515008325, 39.951047117941485, 41.3486292424861, 34.23012403901253, 41.07565170803605, 45.209365966993374, 26.105002101269918, 5.167319564583155, 33.96876523711336, 22.24848935769463, 18.906033771913453, 15.860498768100996, 24.80010584181417, 35.124353937263486, 57.314982584629504], [89.10492674843702, 105.8382646298848, 77.71179429860592, 69.77555426032293, 0.0, 90.29451659578847, 34.91809011371915, 100.23666358673172, 89.96553463262977, 86.83063939424315, 26.02564368176657, 96.95905250570816, 42.227918399429946, 58.90759198932533, 95.75590743591749, 56.35138999175612, 69.62912484740195, 57.86331314695478, 105.81617661732666, 51.94582718833657, 59.498857821291494, 96.40210797927409, 68.28531364461256, 75.11141608030277, 22.825934936465366, 116.44831929259816, 126.181112840027, 96.30696505179381, 24.41488533048361, 112.5567441726727, 105.7572152639078, 91.79087145706478, 87.65670225807135, 80.89510897766282, 38.1432657371265, 102.86997838244024, 122.6790356827974, 67.45889091145654, 25.703904733548576, 87.29634663984758, 75.75927972491233, 80.7972382853707, 91.07738878818704, 69.71848887451449, 45.378675884522615, 60.85808041686164, 39.631497583905414, 102.69890709285613, 94.09760393498185, 72.88414168488352, 65.92119645998325, 87.33008903250538, 72.35778738802264, 53.08728632720124, 54.9536494391815, 90.71093163047485, 60.118384222988894, 12.694595116674291], [54.47029993994886, 18.0680395923083, 65.79565445546429, 29.15519406233142, 90.29451659578847, 0.0, 57.033642558621196, 32.287001606263466, 49.12835359778384, 37.80816756078231, 64.5945296652684, 27.4529615569891, 64.66465109732506, 58.68920184303407, 18.6564287450169, 46.22972152040227, 23.291903459780517, 39.067771461827626, 29.224761261502444, 42.424919301127915, 41.151135257099824, 41.890607549666555, 22.020056304640917, 67.55516019800268, 67.82306031134927, 28.150136525127103, 35.935427415392205, 42.59653292704184, 68.5279166065287, 22.267865780198573, 23.35527486564933, 45.75232784305868, 59.02807034066266, 53.58067256852499, 72.31645911518524, 13.212098400325933, 32.38548795348697, 45.93395946910734, 70.52105188879446, 59.32159732330419, 65.79404208646704, 21.999199990377956, 30.92944746516932, 41.591716187231, 49.02673244038876, 40.042388810912975, 60.85589452185125, 12.72519723189357, 19.968846328054322, 19.338172540270886, 34.211221277374335, 55.64433330338986, 49.14869920432715, 46.58924789315359, 37.3211087284853, 38.53029550156269, 64.18489220758657, 77.65656529335787], [58.004351020946785, 73.80863375332369, 66.99508644498752, 42.710162394767494, 34.91809011371915, 57.033642558621196, 0.0, 65.49243622658602, 57.676733337164016, 52.8975570519112, 14.387074888285042, 62.088886096729006, 19.38834879549941, 47.483425036978204, 60.910725892933065, 23.190309303812935, 35.117205350928536, 23.09710678950018, 76.96098604631115, 17.053617870379394, 25.293606044182823, 62.61181339848965, 35.560655958572454, 65.75682348371737, 16.42582302946751, 82.03131364377197, 92.48395034308285, 73.14014657517421, 21.358898561593616, 79.18016341464184, 75.29439969116764, 70.43138204992383, 57.82362008299388, 50.247664931900374, 39.07937776566465, 70.06216386169461, 89.16382609153595, 35.11416288974927, 26.1129172088864, 57.58102551613376, 49.56588514449731, 45.88275255963838, 64.93168497314247, 36.388571572395456, 10.771403497584371, 26.567466400567813, 29.860895790231346, 68.97918714021904, 59.20550044252165, 38.615182500450075, 40.68061820355839, 70.43023486493395, 54.76118652391947, 33.00662284128205, 26.942574223335228, 67.02858079370442, 51.792040421750265, 23.282870107664458], [29.713256103108545, 43.16303703235291, 96.12290495988917, 57.110692915574575, 100.23666358673172, 32.287001606263466, 65.49243622658602, 0.0, 23.90039856925236, 16.554791312262562, 77.75013335497665, 5.030412183437882, 63.28652325863239, 85.5441527447262, 13.692441490899053, 44.791015662232205, 34.417721346645955, 42.40583748533367, 58.99789105521974, 48.47542897333834, 40.922374072031204, 12.73587393170678, 42.11169883256768, 97.42393990554892, 80.64242518750083, 28.973190915914678, 43.05830951296865, 74.85425190214961, 83.62150340782746, 36.93287183770099, 51.607082205969185, 77.98527616692417, 35.09248662509025, 33.369748712316, 93.6819869001735, 37.0869515627944, 42.03694956948338, 36.37431654956734, 87.11537269344622, 35.56795796558216, 47.568979061391445, 21.108972107921073, 63.216448577346, 32.54348431314471, 54.8687127349889, 39.52799179079714, 81.56145854660396, 29.905908003414094, 12.420371209520475, 33.19558691881921, 61.378559514959754, 87.42752324299734, 79.03392955238921, 70.35655296866037, 58.06774785372429, 70.78844410875074, 91.3256606966259, 88.74961036755202], [5.864133564161406, 63.97555282879447, 104.79579546230829, 65.87886080188362, 89.96553463262977, 49.12835359778384, 57.676733337164016, 23.90039856925236, 0.0, 11.357710262342486, 71.74260043745673, 25.779681880599473, 48.789201675511514, 90.44353523274386, 33.72607224873403, 34.48855190812842, 38.52676159231168, 36.783635996783694, 78.15952415121352, 42.7320110218615, 33.11151695321635, 11.634851799033779, 48.501186779232015, 105.34488974016587, 74.06841089669729, 52.8350568359105, 66.92047600978228, 90.14565477858751, 78.47491024757245, 59.765381992523125, 71.52911882912704, 91.8798925567496, 11.205071694482907, 11.11836612801008, 92.80635252622453, 57.7761010917861, 65.74015131249915, 22.677519542757906, 82.81672813526002, 11.67179345443332, 24.655112546320982, 28.608579902235007, 78.3202541897064, 21.5295497043067, 47.21772427578655, 32.11938097078842, 81.11375712763308, 51.26710382320846, 31.313763702459745, 39.84203463964671, 68.85605483402762, 99.28797622581521, 87.9071736498933, 73.70646679685989, 60.79961084455779, 85.11724795553539, 96.16019230619182, 80.13986475875056], [16.70183361747181, 53.06328803126614, 94.55165483827302, 55.3529026706654, 86.83063939424315, 37.80816756078231, 52.8975570519112, 16.554791312262562, 11.357710262342486, 0.0, 66.27884355484503, 16.55712814937317, 47.8522462421833, 81.07714329915197, 23.27759433751881, 30.497685286517278, 28.47277218941508, 30.310120003933687, 66.9062602967277, 36.55324857392642, 27.604745005130255, 9.735796502078797, 38.20570446555822, 95.27629318534298, 68.90115933991552, 44.136470374459776, 58.074218760797436, 78.85490301382048, 72.68948055224352, 49.692574137510576, 60.39606238864205, 80.71285818583277, 21.52215194696818, 17.675574511169373, 85.37749442626051, 46.88778338673077, 56.47947811480222, 20.50644951035892, 76.69729406998611, 21.877642558740327, 31.697932593658816, 17.43586059846719, 67.02072882751162, 17.282742087978992, 42.13272665702644, 26.3384590464664, 73.4198849363438, 40.65195370928685, 20.74610661797949, 29.25307776134672, 58.63615599362043, 88.41202336718635, 77.53405961558697, 64.64327030796943, 51.743757138438305, 73.89116813242822, 86.85132414494579, 76.0478720976529], [72.28612389245436, 79.83950026104918, 59.290007601533446, 44.087938718793325, 26.02564368176657, 64.5945296652684, 14.387074888285042, 77.75013335497665, 71.74260043745673, 66.27884355484503, 0.0, 73.95129059279859, 31.76373014506068, 39.36596835216841, 71.58650963300761, 37.3508951283539, 45.077038866719214, 35.99606748515825, 80.03949705585916, 29.74435714236872, 38.88472809136645, 76.01342928988545, 42.58615222403418, 57.44711673361684, 3.2328936843683556, 91.34169099593171, 100.52923745645525, 72.09565213397188, 6.9944574303785005, 86.81089953343185, 79.76748904123272, 68.229907267298, 72.20045128860978, 64.596523342302, 26.022568708848496, 76.99053814460135, 96.95843883422047, 49.32525625725904, 11.863678723614857, 71.96159810660565, 63.72474923498749, 57.26564301925485, 65.83912210761636, 50.29227434535324, 24.52525850165276, 40.0516505320956, 19.48095334219038, 77.13517833159725, 70.18119255415797, 47.981670780586576, 40.57463690717822, 65.73109712950816, 50.057589199977805, 28.904392016372025, 28.961390092746242, 66.24583238444748, 42.55359961594496, 13.35736767624699], [31.639875381211493, 39.26601424776257, 91.09475352487914, 52.107882919277586, 96.95905250570816, 27.4529615569891, 62.088886096729006, 5.030412183437882, 25.779681880599473, 16.55712814937317, 73.95129059279859, 0.0, 61.16616676221495, 80.63753471073227, 9.081261096163201, 42.2509487238472, 29.97498920847046, 39.1162731281801, 54.71796228103358, 45.03530325091493, 38.06466535566786, 15.687552385391259, 37.30801589347219, 92.4040033380213, 76.90314878846549, 27.58739154090594, 41.566006256188324, 70.0487061260587, 79.66311695871042, 34.03270949545635, 47.48178381234913, 73.07695750490433, 36.91887563540631, 34.143306581430494, 89.18319298407117, 33.10743555660363, 40.11551079633432, 34.88700605567855, 83.02680360977246, 37.354533571517834, 48.24136430923516, 16.822487267994788, 58.366684208758365, 30.76037472430503, 51.602205549758395, 36.655022944531375, 77.06968018415056, 26.125136446449115, 7.493349313799933, 28.504603910561972, 56.40907232048725, 82.43370157776796, 74.00863843173954, 65.58936147293774, 53.42046196653761, 65.89646751332404, 86.41223755717475, 85.26407861431201], [47.26717257903258, 82.5921279607623, 86.0517543914914, 57.93559362825957, 42.227918399429946, 64.66465109732506, 19.38834879549941, 63.28652325863239, 48.789201675511514, 47.8522462421833, 31.76373014506068, 61.16616676221495, 0.0, 66.74047959680632, 62.8373095411796, 19.352964104979705, 41.38575799384694, 25.60680382246812, 89.02881709489476, 23.0462662671796, 24.24488469592665, 56.788833265902156, 46.12488365193099, 84.95188821657999, 32.53855345293346, 85.47296116752936, 97.68048646069192, 88.87499594861939, 38.48928796984875, 85.49666462200233, 85.91364487440502, 87.00357633289222, 45.49421367315475, 39.00947393439141, 57.66011916431548, 77.8111307718635, 94.8600432860081, 27.37498949738104, 43.456508917570105, 45.11946760891206, 33.84312499073344, 47.62056773886765, 79.41437336518541, 30.785851288834174, 17.992090044246858, 25.576831804500284, 49.16068791660676, 74.96646354348053, 60.608089255339124, 45.35036548421779, 57.04119649697108, 88.37252357568809, 72.96104882103205, 51.596413959250235, 43.22250902930945, 82.73537833887737, 71.155212705307, 34.64018400073722], [93.324832281406, 66.16040885697778, 19.930446966255467, 29.558734246700165, 58.90759198932533, 58.68920184303407, 47.483425036978204, 85.5441527447262, 90.44353523274386, 81.07714329915197, 39.36596835216841, 80.63753471073227, 66.74047959680632, 0.0, 74.18279781021853, 62.10963455707212, 52.71172528693588, 55.80152244045579, 58.19565729476761, 51.537881217187184, 60.28817267622366, 89.657543111588, 43.62026141832144, 18.31701421079206, 41.06187860049151, 86.17763719427117, 90.1718634209707, 41.443800366068835, 36.183090758510566, 76.82338977998549, 61.705600611235944, 35.60890363495458, 95.3309448226591, 87.52337075232873, 22.594056308970664, 66.4602682324188, 86.19827622624783, 72.22530053320662, 33.41925958446913, 95.29617426839903, 92.1632853087265, 65.43603951299997, 41.106669405603164, 70.71768486948802, 51.47628381007145, 60.67580097079078, 20.162688456148828, 70.33463389047782, 74.11525678774035, 52.77224009686883, 24.640165076179553, 28.71880054515478, 15.55803069974944, 16.968471878308183, 29.6998878572206, 37.20168864118481, 5.802880152471097, 49.01136666131037], [39.50035942189836, 30.451691005780354, 83.44388264537608, 45.029545260348634, 95.75590743591749, 18.6564287450169, 60.910725892933065, 13.692441490899053, 33.72607224873403, 23.27759433751881, 71.58650963300761, 9.081261096163201, 62.8373095411796, 74.18279781021853, 0.0, 43.49905594673284, 26.531278950695643, 38.772088394932496, 45.66062197377146, 44.1162417056836, 38.7772705758421, 24.5173699573368, 31.902697399059644, 84.93726490887971, 74.6734246655706, 22.793961173065092, 35.95966857299379, 61.175276337268684, 76.79580362749267, 26.45158077593802, 38.492678117686495, 64.40537345772458, 44.60440590482234, 40.81192325636079, 84.51812522854834, 24.25670744141472, 33.86168134147223, 38.391431910959845, 79.74923293588729, 44.99688539219522, 54.51489637691848, 15.381081265869168, 49.56939012515082, 33.95067540004571, 50.954362199475895, 37.39203831828801, 72.50292193701978, 17.544806173009512, 2.58783712343348, 24.032323546610687, 49.633286822566184, 74.10089897437588, 66.4752377641444, 59.96739311985896, 48.46940297255048, 57.186606119192554, 79.89410391874226, 83.62836842390136], [34.97282839534975, 64.29052735397389, 79.55630295799706, 45.348172566668254, 56.35138999175612, 46.22972152040227, 23.190309303812935, 44.791015662232205, 34.48855190812842, 30.497685286517278, 37.3508951283539, 42.2509487238472, 19.352964104979705, 62.10963455707212, 43.49905594673284, 0.0, 23.35802547522257, 8.191630516511868, 72.33973640346576, 10.573621938520166, 5.087382974247874, 40.05197858889629, 30.277278346371226, 79.22167222330833, 39.597282872762385, 66.1202131292368, 78.40682252367621, 75.5093593164587, 44.17942993396257, 66.43916234029513, 68.41075602369554, 74.79834011121375, 35.279726408411285, 27.495444663863157, 59.89045384666245, 59.199943968197516, 75.65455305138337, 11.978908035100641, 48.67932571835574, 35.099848985440225, 30.0584459720955, 28.268797173323012, 64.95029352457405, 13.404554627064499, 12.93097483061465, 6.306546652637063, 48.88083913840843, 55.91554538564271, 41.2961454865986, 27.25934758027494, 45.99786526767259, 78.50755146752259, 64.23634470807748, 45.29246692769462, 33.66897875368413, 69.5134630188095, 67.40253069655684, 45.85955709426609], [42.292311589619985, 41.216635494400684, 66.27378511445107, 27.51167962283435, 69.62912484740195, 23.291903459780517, 35.117205350928536, 34.417721346645955, 38.52676159231168, 28.47277218941508, 45.077038866719214, 29.97498920847046, 41.38575799384694, 52.71172528693588, 26.531278950695643, 23.35802547522257, 0.0, 15.824080697213253, 49.13176869540882, 19.33503744953164, 18.386847338046792, 36.96254670446793, 10.04000645406098, 66.88088513523535, 48.18436103897366, 46.9193714003601, 57.62349724931061, 54.702109988177654, 50.283733134221954, 44.69256188406482, 45.053015960808224, 55.19432842897756, 45.407683743455706, 38.23868568702433, 59.264293372152906, 36.475201429188694, 54.45829533473293, 26.0294640734375, 53.350830126136714, 45.515740156431775, 47.54483085613846, 13.33683980004283, 43.39400665602292, 22.474666779547047, 26.11485798798932, 17.471911704691056, 47.143738125319054, 34.264840167332586, 25.258608502223733, 3.966328934162499, 30.329985065529257, 61.328717283387576, 49.391165453176036, 36.58683661219591, 23.898200350797616, 49.040867873516696, 58.503496581788525, 57.31847105397722], [38.48774823292394, 57.03628002677596, 72.52386355931469, 37.328138747006484, 57.86331314695478, 39.067771461827626, 23.09710678950018, 42.40583748533367, 36.783635996783694, 30.310120003933687, 35.99606748515825, 39.1162731281801, 25.60680382246812, 55.80152244045579, 38.772088394932496, 8.191630516511868, 15.824080697213253, 0.0, 64.40036571919778, 6.251710380914635, 4.53303979917643, 40.037361492614224, 22.101662089727647, 72.39057682726153, 38.685977707560134, 60.854984940245934, 72.49992280191101, 67.33886160802221, 42.38146987793324, 60.01925741864589, 60.72473977984023, 66.7176320272683, 39.818472842965654, 31.942719582533616, 56.035341376051484, 52.20451016363492, 69.53949357498252, 16.42985029364363, 46.44561694752902, 39.73549544189231, 37.005866110679314, 23.42321116988395, 56.759025652332625, 15.488207158473392, 12.488061599710951, 4.918307130734152, 44.43995233675769, 49.50219495213181, 36.83002167848987, 19.789117625552848, 38.243152723274186, 70.74879490009417, 56.7956394089759, 38.84079567505889, 26.584599221438893, 61.35647346347544, 61.28064285199575, 46.37460858088607], [83.60257008018235, 16.88796561661531, 55.75384849164512, 36.04666214061881, 105.81617661732666, 29.224761261502444, 76.96098604631115, 58.99789105521974, 78.15952415121352, 66.9062602967277, 80.03949705585916, 54.71796228103358, 89.02881709489476, 58.19565729476761, 45.66062197377146, 72.33973640346576, 49.13176869540882, 64.40036571919778, 0.0, 65.9825557933095, 67.46966978989762, 70.08452177101061, 42.9050675623996, 58.66163690147724, 83.13936919778288, 40.67896300670016, 37.32689549889307, 22.482289401807513, 81.75958372498472, 27.934033792169338, 7.89545410949395, 28.610853382144604, 88.23041623883287, 82.77837093938142, 78.2282189348471, 22.269266581238956, 33.66057727942539, 74.17853385075044, 82.05895106674672, 88.53067503398418, 94.70723918043466, 51.11514399297985, 17.11339600169922, 70.02223676278189, 71.63095553240257, 66.59946124834644, 69.27608213630087, 29.61888064967078, 47.64897522351652, 45.4028793323526, 40.192268112424664, 40.94796923868137, 43.5497297646176, 53.97164589860568, 51.259452179789264, 22.832625544809922, 62.18782298864283, 93.32059388619264], [44.109196142354286, 60.076650991143545, 69.07039505262054, 36.09676432231567, 51.94582718833657, 42.424919301127915, 17.053617870379394, 48.47542897333834, 42.7320110218615, 36.55324857392642, 29.74435714236872, 45.03530325091493, 23.0462662671796, 51.537881217187184, 44.1162417056836, 10.573621938520166, 19.33503744953164, 6.251710380914635, 65.9825557933095, 0.0, 9.676541069113586, 46.28339168512356, 23.07904380354537, 68.68331513534544, 32.44291258291875, 65.75094284981398, 76.89301700513238, 66.8107694063812, 36.14928698470567, 64.0274554706648, 62.97712580622235, 65.5793527618345, 45.050903152223455, 37.17397647844493, 50.26181638638415, 55.636833702071016, 73.7739419088768, 21.43997759018336, 40.26192151043713, 44.92381688532704, 40.6319839281907, 28.929930893082254, 56.823420627223726, 21.250004010912026, 6.883560340368035, 10.613263399557347, 38.88247449313371, 53.59316422665812, 42.312174571732626, 23.18334646806324, 36.17260188211835, 68.55960955807711, 53.98782002042681, 34.72333128932955, 23.31717054506733, 60.720210199039045, 56.84711383415418, 40.27578404871961], [34.440978519597316, 59.214761058075325, 77.0558902154062, 41.59799785932284, 59.498857821291494, 41.151135257099824, 25.293606044182823, 40.922374072031204, 33.11151695321635, 27.604745005130255, 38.88472809136645, 38.06466535566786, 24.24488469592665, 60.28817267622366, 38.7772705758421, 5.087382974247874, 18.386847338046792, 4.53303979917643, 67.46966978989762, 9.676541069113586, 0.0, 37.31885464316461, 25.82843783781515, 76.92210759730835, 41.398233197161176, 61.2896224620886, 73.44005570045212, 71.32419147089293, 45.486902583104886, 61.38717711725346, 63.41770056981638, 70.89111624452185, 35.52325342843194, 27.639038606966285, 59.934019776069995, 54.11271249784336, 70.64924975280205, 11.997308201180184, 49.7405303677652, 35.419805472342226, 32.49462255252021, 23.452788672525507, 60.55770173133567, 11.593299297420575, 14.534969630198171, 1.4112800299846455, 48.49640728470798, 50.86017179749195, 36.64419495530384, 22.252981579864322, 42.67158335095726, 75.15561045177516, 61.29443061085615, 43.33530578445777, 31.117435078355, 65.38967707544712, 65.74427346709822, 48.46797996724568], [17.256013057998018, 54.91537387102341, 102.26136809357578, 62.900133529171725, 96.40210797927409, 41.890607549666555, 62.61181339848965, 12.73587393170678, 11.634851799033779, 9.735796502078797, 76.01342928988545, 15.687552385391259, 56.788833265902156, 89.657543111588, 24.5173699573368, 40.05197858889629, 36.96254670446793, 40.037361492614224, 70.08452177101061, 46.28339168512356, 37.31885464316461, 0.0, 46.261093795163596, 103.18670448191142, 78.63643120853403, 41.6543339671224, 55.72645321682019, 84.17681953833842, 82.41123551066151, 49.486426292215064, 63.00362449841002, 86.63755204767786, 22.6407808297832, 22.16067412137421, 94.8359895032122, 48.73820308356544, 54.76925263297283, 29.464719058741213, 86.3928851341883, 23.140623748774377, 36.13535157636991, 24.54508205844148, 72.35935103479767, 26.700749815193358, 51.85211498246161, 36.06368858030683, 82.82629030636221, 41.80963879230407, 22.435940154246587, 37.10810428330358, 66.55574760415831, 95.12429220296795, 85.14741028313581, 73.48885750114349, 60.66565174487939, 79.60568578502668, 95.45387411800121, 85.73004622707943], [52.331152576666575, 38.24879025270907, 56.363199019399836, 17.47294240633373, 68.28531364461256, 22.020056304640917, 35.560655958572454, 42.11169883256768, 48.501186779232015, 38.20570446555822, 42.58615222403418, 37.30801589347219, 46.12488365193099, 43.62026141832144, 31.902697399059644, 30.277278346371226, 10.04000645406098, 22.101662089727647, 42.9050675623996, 23.07904380354537, 25.82843783781515, 46.261093795163596, 0.0, 57.07595508774621, 45.81232073167508, 49.15760575398724, 57.947434038329604, 45.601724767093046, 46.71579849061289, 44.27270604189888, 40.17095932844544, 45.61390719001921, 55.41906655559814, 48.17417331069374, 52.64404241532078, 34.696686455152445, 54.40335255104352, 35.24648986405241, 49.00912726058028, 55.518390954106216, 56.87881965311389, 21.84413217343004, 34.72943067294927, 32.056318689595095, 28.871246736242234, 25.280004447537642, 40.68267803280916, 34.56263353490363, 31.325797709430674, 9.175404620780707, 20.43094090605428, 51.338106636953576, 39.41017128278986, 28.292653116220695, 16.601968652961478, 39.75634238242306, 49.4217073535789, 55.63910523212208], [108.73931294690016, 70.53245857549125, 3.5085934415153157, 40.40878696896178, 75.11141608030277, 67.55516019800268, 65.75682348371737, 97.42393990554892, 105.34488974016587, 95.27629318534298, 57.44711673361684, 92.4040033380213, 84.95188821657999, 18.31701421079206, 84.93726490887971, 79.22167222330833, 66.88088513523535, 72.39057682726153, 58.66163690147724, 68.68331513534544, 76.92210759730835, 103.18670448191142, 57.07595508774621, 0.0, 58.942268134443026, 93.04932886915196, 94.38808624630884, 37.52543715873537, 53.71671474071867, 82.11114719189176, 64.1183067694077, 30.900380306641516, 111.20380569594528, 103.52856883940659, 37.105918009713974, 72.39180039246743, 90.45517034108839, 88.66344622527339, 50.39072181223418, 111.2176552634786, 109.22455135949575, 78.64329503202268, 42.413368641745656, 86.70918602143088, 69.25023934927911, 77.15163413041984, 38.01718801140321, 77.63598593167035, 85.34584966872438, 66.13583732531568, 36.65955073438022, 19.37141531504261, 18.466963850925595, 34.06401878444474, 45.81158343181522, 35.82924370007972, 15.15699925962135, 66.24025051333444], [74.42509301723106, 83.06197875245392, 60.92579957673536, 47.15051143878056, 22.825934936465366, 67.82306031134927, 16.42582302946751, 80.64242518750083, 74.06841089669729, 68.90115933991552, 3.2328936843683556, 76.90314878846549, 32.53855345293346, 41.06187860049151, 74.6734246655706, 39.597282872762385, 48.18436103897366, 38.685977707560134, 83.13936919778288, 32.44291258291875, 41.398233197161176, 78.63643120853403, 45.81232073167508, 58.942268134443026, 0.0, 94.53084530480217, 103.75720962950093, 74.83557730117504, 6.139816210729936, 90.04209306450659, 82.94163117483744, 70.83429184535791, 74.15551108451125, 66.63317239411683, 26.029381659223105, 80.22322333515504, 100.18903733203211, 51.537174410269095, 11.04066649029997, 73.89929315203096, 65.16998845797623, 60.26129076397264, 68.79707281690914, 52.698292672219715, 26.92218750984946, 42.60290123195626, 20.94462809835862, 80.3571736366563, 73.23803482687035, 51.133857191413526, 43.53758300315362, 67.95741462972701, 52.36606472578356, 31.530733942550434, 32.13390270818387, 69.0322124163239, 43.91096988292917, 10.191687675333252], [58.66977576230709, 24.161308231706805, 90.83246135054623, 56.91104182912521, 116.44831929259816, 28.150136525127103, 82.03131364377197, 28.973190915914678, 52.8350568359105, 44.136470374459776, 91.34169099593171, 27.58739154090594, 85.47296116752936, 86.17763719427117, 22.793961173065092, 66.1202131292368, 46.9193714003601, 60.854984940245934, 40.67896300670016, 65.75094284981398, 61.2896224620886, 41.6543339671224, 49.15760575398724, 93.04932886915196, 94.53084530480217, 0.0, 14.086807196963436, 61.68330378828391, 95.82863066196792, 12.799070518560717, 32.862518571719605, 66.74577221622485, 64.03889936691733, 61.7212208408107, 100.46474547762516, 20.762003175923482, 13.390152964902695, 61.0926943082583, 98.1549600703944, 64.50644767789478, 75.82838779878558, 37.85343463942781, 51.98342825384906, 56.68520294118225, 72.63420653771998, 59.927693528481704, 88.95474200510297, 15.848747886824226, 25.211498175996926, 43.56465644779664, 62.04964076292643, 78.35690339627001, 75.13428751050832, 74.7280063864358, 65.21036650528946, 59.72404729169483, 91.4894755296761, 104.00767227105098], [72.7564256474108, 24.095549084769804, 91.7851809356084, 62.158080571877136, 126.181112840027, 35.935427415392205, 92.48395034308285, 43.05830951296865, 66.92047600978228, 58.074218760797436, 100.52923745645525, 41.566006256188324, 97.68048646069192, 90.1718634209707, 35.95966857299379, 78.40682252367621, 57.62349724931061, 72.49992280191101, 37.32689549889307, 76.89301700513238, 73.44005570045212, 55.72645321682019, 57.947434038329604, 94.38808624630884, 103.75720962950093, 14.086807196963436, 0.0, 59.73893311828449, 104.38967785315782, 13.886070957289286, 30.54258284661491, 65.61622213043697, 78.12473896960766, 75.70684734380114, 106.72129927478359, 24.2793521773826, 3.9779941680897988, 74.31615794310198, 106.20800700630059, 78.59149262745996, 89.7698946034359, 50.303765542298116, 52.02937365411706, 69.85184811782572, 83.72238214506616, 72.12530378687, 95.78874597752527, 23.52151570052469, 38.49477186962736, 53.93465593666233, 67.29651396749745, 77.82368430238401, 77.45520345093541, 80.8483488712397, 72.92332880492997, 59.18418942976085, 95.07565819195386, 113.56446968109893], [94.97273347529827, 37.56765432818944, 34.34143171265967, 30.939520946221407, 96.30696505179381, 42.59653292704184, 73.14014657517421, 74.85425190214961, 90.14565477858751, 78.85490301382048, 72.09565213397188, 70.0487061260587, 88.87499594861939, 41.443800366068835, 61.175276337268684, 75.5093593164587, 54.702109988177654, 67.33886160802221, 22.482289401807513, 66.8107694063812, 71.32419147089293, 84.17681953833842, 45.601724767093046, 37.52543715873537, 74.83557730117504, 61.68330378828391, 59.73893311828449, 0.0, 71.93556707801181, 49.331430749098, 29.4059640770403, 6.6251091013722245, 98.90395947162408, 92.32893367164561, 63.5538830111688, 41.447708586355155, 56.00389702049349, 80.6709747810597, 70.94629283277169, 99.10035533983445, 102.2424137840888, 61.569038590875856, 11.844159881373393, 77.1689367299099, 70.88879572366858, 70.84997001909326, 57.1199479154769, 48.250248678860785, 62.56512088037216, 51.89063663544711, 32.468476865095575, 18.79205095105149, 25.88721659379344, 43.35774891106081, 46.249902720121106, 6.1450654503536, 44.11216331184903, 84.58847578643116], [79.14501375511257, 82.92534069723834, 55.8660840610994, 45.74181170333453, 24.41488533048361, 68.5279166065287, 21.358898561593616, 83.62150340782746, 78.47491024757245, 72.68948055224352, 6.9944574303785005, 79.66311695871042, 38.48928796984875, 36.183090758510566, 76.79580362749267, 44.17942993396257, 50.283733134221954, 42.38146987793324, 81.75958372498472, 36.14928698470567, 45.486902583104886, 82.41123551066151, 46.71579849061289, 53.71671474071867, 6.139816210729936, 95.82863066196792, 104.38967785315782, 71.93556707801181, 0.0, 90.5649278655632, 82.14008230722149, 67.55252708784965, 79.13953592798255, 71.5079223956886, 19.917700124470866, 80.50899108871194, 100.72280576485872, 56.15818920841373, 4.967366225591862, 78.90631699755787, 70.70824702195293, 62.878521240795045, 66.72645951754986, 56.97746583825582, 31.288331935076037, 46.607841429487, 16.074562806134225, 81.1999799243194, 75.52886736439388, 52.90885412657758, 41.67046149836569, 63.815495777448895, 48.46734129105483, 28.67263583073004, 31.71433363201715, 66.30600301811481, 38.590302667067924, 12.970833781579092], [65.60969666209944, 11.834278598490108, 79.6963837840954, 48.425069679794916, 112.5567441726727, 22.267865780198573, 79.18016341464184, 36.93287183770099, 59.765381992523125, 49.692574137510576, 86.81089953343185, 34.03270949545635, 85.49666462200233, 76.82338977998549, 26.45158077593802, 66.43916234029513, 44.69256188406482, 60.01925741864589, 27.934033792169338, 64.0274554706648, 61.38717711725346, 49.486426292215064, 44.27270604189888, 82.11114719189176, 90.04209306450659, 12.799070518560717, 13.886070957289286, 49.331430749098, 90.5649278655632, 0.0, 20.182266852811622, 54.6634801693268, 70.82540333452954, 67.26333962895983, 92.9151591322446, 10.47599207796201, 10.159076263245456, 63.65018740461127, 92.33714597649485, 71.24039124393347, 80.91719932361477, 38.99480888169664, 40.23792226951606, 59.14819651731376, 70.78007234411211, 60.1331299022334, 81.92166019821013, 10.530879650678965, 29.02237611194343, 40.876360710221974, 53.580084971326976, 66.53750426552779, 64.67056408584052, 67.0314023583505, 59.05250952671514, 47.808422627329755, 81.86858296742265, 99.91097850144897], [77.08660979019919, 9.000968235574547, 61.40693994354706, 36.66974323904585, 105.7572152639078, 23.35527486564933, 75.29439969116764, 51.607082205969185, 71.52911882912704, 60.39606238864205, 79.76748904123272, 47.48178381234913, 85.91364487440502, 61.705600611235944, 38.492678117686495, 68.41075602369554, 45.053015960808224, 60.72473977984023, 7.89545410949395, 62.97712580622235, 63.41770056981638, 63.00362449841002, 40.17095932844544, 64.1183067694077, 82.94163117483744, 32.862518571719605, 30.54258284661491, 29.4059640770403, 82.14008230722149, 20.182266852811622, 0.0, 35.10517209727509, 81.8599259662404, 76.75557381268176, 80.51404149972755, 14.59947022724218, 26.715060913378746, 69.15995699015286, 82.91223677653244, 82.18507268553297, 89.14307264591812, 45.3261073680411, 21.7184309942838, 64.86912004283332, 69.02217511891871, 62.43698426610174, 70.77005486316999, 21.939808400171835, 40.607270611563244, 41.16481911326103, 41.354559078120616, 47.28238818549365, 47.87139025652782, 55.370034326874645, 50.80806007759305, 28.65538078680626, 66.1444314870914, 93.12326428840132], [96.46643250876951, 42.83207556012472, 27.724507811624896, 29.502790506618155, 91.79087145706478, 45.75232784305868, 70.43138204992383, 77.98527616692417, 91.8798925567496, 80.71285818583277, 68.229907267298, 73.07695750490433, 87.00357633289222, 35.60890363495458, 64.40537345772458, 74.79834011121375, 55.19432842897756, 66.7176320272683, 28.610853382144604, 65.5793527618345, 70.89111624452185, 86.63755204767786, 45.61390719001921, 30.900380306641516, 70.83429184535791, 66.74577221622485, 65.61622213043697, 6.6251091013722245, 67.55252708784965, 54.6634801693268, 35.10517209727509, 0.0, 100.14423105138529, 93.28880029135303, 57.98949375138366, 46.19161653259577, 61.81579098034518, 80.85900500662558, 66.22700297881413, 100.30662745461579, 102.49187855764009, 63.29153944010029, 15.094712826793206, 77.60584756956652, 69.11399320531773, 70.54283331677749, 52.30027728434341, 52.67528043339404, 65.58847159319413, 52.74735162784331, 29.987628365348094, 12.348855838616108, 20.16860319142427, 39.32655745564033, 43.87716777233914, 7.262613429990946, 37.91419335734886, 80.36705430287543], [5.389737490575294, 74.58511498124025, 110.95982369558745, 72.87645002750024, 87.65670225807135, 59.02807034066266, 57.82362008299388, 35.09248662509025, 11.205071694482907, 21.52215194696818, 72.20045128860978, 36.91887563540631, 45.49421367315475, 95.3309448226591, 44.60440590482234, 35.279726408411285, 45.407683743455706, 39.818472842965654, 88.23041623883287, 45.050903152223455, 35.52325342843194, 22.6407808297832, 55.41906655559814, 111.20380569594528, 74.15551108451125, 64.03889936691733, 78.12473896960766, 98.90395947162408, 79.13953592798255, 70.82540333452954, 81.8599259662404, 100.14423105138529, 0.0, 7.884263035087691, 95.13286469352387, 68.40744005591776, 76.93583009841747, 23.612259870717676, 83.77212668428328, 0.5502415494351408, 15.456036807206852, 37.588702155642395, 87.1672458574181, 24.613332395114444, 48.14869533236884, 34.90108555907645, 83.92484308452195, 62.09259141463463, 42.12879728191482, 47.442668650113, 75.29467368815858, 106.73570384326655, 94.41454351622271, 78.37937093700852, 65.7043478644209, 93.61602538180318, 100.91035713324534, 78.97249564702602], [8.258925801321062, 69.93864338206392, 103.34759668232336, 65.57152987757573, 80.89510897766282, 53.58067256852499, 50.247664931900374, 33.369748712316, 11.11836612801008, 17.675574511169373, 64.596523342302, 34.143306581430494, 39.00947393439141, 87.52337075232873, 40.81192325636079, 27.495444663863157, 38.23868568702433, 31.942719582533616, 82.77837093938142, 37.17397647844493, 27.639038606966285, 22.16067412137421, 48.17417331069374, 103.52856883940659, 66.63317239411683, 61.7212208408107, 75.70684734380114, 92.32893367164561, 71.5079223956886, 67.26333962895983, 76.75557381268176, 93.28880029135303, 7.884263035087691, 0.0, 87.29511948252788, 63.84013850426914, 74.15333379849616, 15.74079790302894, 76.09545070265023, 7.793720823115355, 14.199365353424161, 31.695341856212934, 80.68508744272847, 16.835532770317485, 40.40213755829038, 27.024591037587427, 76.05253926723822, 57.95224421008689, 38.24557888761525, 40.54964012279898, 67.8109032535864, 99.5072786041336, 86.90760978141246, 70.5634209773648, 57.93449430930586, 86.90346608099082, 93.08499869181354, 71.79416889561509], [94.37082909384476, 83.43092393365137, 39.874071015820874, 44.634250916402365, 38.1432657371265, 72.31645911518524, 39.07937776566465, 93.6819869001735, 92.80635252622453, 85.37749442626051, 