instance_id,num_cities,city_coordinates,distance_matrix,best_route,total_distance
1010,22,"[[57.586406813375156, 53.989524463580096], [96.54892683813713, 81.68272201785645], [7.2569472933997625, 98.79270267272845], [8.221137557228364, 10.717925082378354], [73.92583591894734, 77.08924178650433], [24.64730596098237, 13.834424170858583], [91.37466503201252, 38.65824031621208], [37.48427460903153, 20.509105443117893], [55.78378936896043, 12.30186166516506], [82.29196807583637, 33.08682447948368], [94.74508052697779, 9.470103155347264], [41.665515189452115, 42.73386618975079], [74.17342691508875, 81.69204700708569], [72.48399165871191, 39.7928109442743], [23.798644966330595, 67.15986650017962], [76.87964095589331, 74.18768343026281], [70.64451477504473, 85.65219624877814], [97.71683761556233, 55.354757819953214], [59.88455759763342, 48.71827936459808], [98.66357850106768, 68.95813851110334], [41.912968518914774, 85.21703503299288], [0.7653660668227258, 49.85997146570371]]","[[0.0, 47.80158111883074, 67.38233650752657, 65.64572432184056, 28.294414358580134, 51.93665800263458, 37.103836284899884, 39.051685968042875, 41.72661811416383, 32.3618235567523, 57.9891878350949, 19.497810986824263, 32.28868209029422, 20.57874410583035, 36.26390436775418, 27.931962145925468, 34.24965646712087, 40.15364663995646, 5.750436672177928, 43.7194858199851, 34.94015003306431, 56.97090379732133], [47.80158111883074, 0.0, 90.91649492269207, 113.30401918443258, 23.084720127689447, 98.85967127953154, 43.33450139246385, 85.0343725077002, 80.4704928291143, 50.644073006719836, 72.23514507839172, 67.29934802446138, 22.37550186614285, 48.31030692246281, 74.18569164478161, 21.048905210175516, 26.20677946647468, 26.353855778426436, 49.3044668487953, 12.899099855256104, 54.75015351529862, 100.93155089830246], [67.38233650752657, 90.91649492269207, 0.0, 88.08005512290791, 70.11263028160852, 86.71985736028658, 103.40185685209048, 83.91670222222885, 99.17419009007341, 99.7372386471884, 125.03079717109208, 65.77646001787016, 69.06697958615824, 87.95200134507294, 35.696835801257784, 73.8425788061571, 64.7352811094381, 100.34862634899605, 72.64374189134334, 96.15234499193836, 37.22013647272012, 49.36145064926861], [65.64572432184056, 113.30401918443258, 88.08005512290791, 0.0, 93.39303543543205, 16.719197797651194, 87.72212005455457, 30.85771221217067, 47.58901871716152, 77.37477362780567, 86.53294035564741, 46.298454403981225, 96.88668873754624, 70.53412936409465, 58.55212624739723, 93.50080381303326, 97.52857539468793, 100.00963536466631, 64.13373446046583, 107.57210411674255, 81.76342004212276, 39.84580685080349], [28.294414358580134, 23.084720127689447, 70.11263028160852, 93.39303543543205, 0.0, 80.18444653676084, 42.206676147578314, 67.30006849432289, 67.27955466565454, 44.79067867456044, 70.75159966579302, 47.127700198120294, 4.609459534477042, 37.32429059526813, 51.1011522998922, 4.140531981637428, 9.170128547212263, 32.22420759337, 31.655473549479826, 26.039791637693384, 33.02854374975883, 78.06335575151039], [51.93665800263458, 98.85967127953154, 86.71985736028658, 16.719197797651194, 80.18444653676084, 0.0, 71.19524068793154, 14.468556740644393, 31.174177564919823, 60.774682129808234, 70.23350551575473, 33.537996278061776, 84.00889020659913, 54.42597121247913, 53.332195014846214, 79.81686991014782, 85.28502567813683, 84.0422189292489, 49.583739835579706, 92.28776995568315, 73.44099833920616, 43.222530131881186], [37.103836284899884, 43.33450139246385, 103.40185685209048, 87.72212005455457, 42.206676147578314, 71.19524068793154, 0.0, 56.8644465073132, 44.287347245688586, 10.655330047609015, 29.38208725618654, 49.875949157195805, 46.344267294484105, 18.92471376287604, 73.34071981544815, 38.37247777980779, 51.363129031129155, 17.86048291150788, 33.05799830424989, 31.164275864844807, 67.9277615370411, 91.29909002672828], [39.051685968042875, 85.0343725077002, 83.91670222222885, 30.85771221217067, 67.30006849432289, 14.468556740644393, 56.8644465073132, 0.0, 20.055699710546154, 46.53953598794151, 58.315173547560626, 22.61465814546907, 71.34035488667661, 39.96049913868716, 48.6167663046427, 66.5836663478773, 73.09735841726548, 69.58578257016983, 36.02124610978589, 78.03983617318053, 64.85930528116731, 47.00799486052215], [41.72661811416383, 80.4704928291143, 99.17419009007341, 47.58901871716152, 67.27955466565454, 31.174177564919823, 44.287347245688586, 20.055699710546154, 0.0, 33.68528191285147, 39.064063600164886, 33.547467343931906, 71.78562941748208, 32.165961026917536, 63.50157601930493, 65.38264211332655, 74.8405821939075, 60.099354427205085, 36.646579350941785, 71.05357149403248, 74.22278745987953, 66.6156026351374], [32.3618235567523, 50.644073006719836, 99.7372386471884, 77.37477362780567, 44.79067867456044, 60.774682129808234, 10.655330047609015, 46.53953598794151, 33.68528191285147, 0.0, 26.698867688025523, 41.75612635158142, 49.27857919559434, 11.881357492510036, 67.6937297017763, 41.455685874739935, 53.840333186545756, 27.088511505307196, 27.32095214600044, 39.43070882282762, 65.93953637667676, 83.23415942362516], [57.9891878350949, 72.23514507839172, 125.03079717109208, 86.53294035564741, 70.75159966579302, 70.23350551575473, 29.38208725618654, 58.315173547560626, 39.064063600164886, 26.698867688025523, 0.0, 62.64118603306939, 75.09462101942592, 37.61678727979687, 91.44126810988476, 67.13820914880147, 79.90337025219536, 45.98078809550459, 52.49452728294395, 59.61695209301321, 92.35166348317284, 102.2913886509525], [19.497810986824263, 67.29934802446138, 65.77646001787016, 46.298454403981225, 47.127700198120294, 33.537996278061776, 49.875949157195805, 22.61465814546907, 33.547467343931906, 41.75612635158142, 62.64118603306939, 0.0, 50.73957210460042, 30.958493145553202, 30.263088783779747, 47.216281858001786, 51.78576514871038, 57.4546573504453, 19.176723059959816, 62.741466990017, 42.48388951253966, 41.51630492538185], [32.28868209029422, 22.37550186614285, 69.06697958615824, 96.88668873754624, 4.609459534477042, 84.00889020659913, 46.344267294484105, 71.34035488667661, 71.78562941748208, 49.27857919559434, 75.09462101942592, 50.73957210460042, 0.0, 41.933282415435635, 52.42902751978365, 7.977409800667986, 5.304338121634724, 35.32626486253279, 35.93662670468779, 27.60289749805765, 32.452468573500866, 80.01265169193543], [20.57874410583035, 48.31030692246281, 87.95200134507294, 70.53412936409465, 37.32429059526813, 54.42597121247913, 18.92471376287604, 39.96049913868716, 32.165961026917536, 11.881357492510036, 37.61678727979687, 30.958493145553202, 41.933282415435635, 0.0, 55.849966090924106, 34.67461587489068, 45.89626232834749, 29.645753585355102, 15.440522179695288, 39.19167130037816, 54.75351668958016, 72.4217438187856], [36.26390436775418, 74.18569164478161, 35.696835801257784, 58.55212624739723, 51.1011522998922, 53.332195014846214, 73.34071981544815, 48.6167663046427, 63.50157601930493, 67.6937297017763, 91.44126810988476, 30.263088783779747, 52.42902751978365, 55.849966090924106, 0.0, 53.54420926717226, 50.363695035867806, 74.8549249914853, 40.525118463901705, 74.88652786306675, 25.577139269084167, 28.80656704757439], [27.931962145925468, 21.048905210175516, 73.8425788061571, 93.50080381303326, 4.140531981637428, 79.81686991014782, 38.37247777980779, 66.5836663478773, 65.38264211332655, 41.455685874739935, 67.13820914880147, 47.216281858001786, 7.977409800667986, 34.67461587489068, 53.54420926717226, 0.0, 13.050358334429202, 28.08679140943616, 30.619003932432243, 22.402858635307325, 36.66489844649237, 79.90757417992086], [34.24965646712087, 26.20677946647468, 64.7352811094381, 97.52857539468793, 9.170128547212263, 85.28502567813683, 51.363129031129155, 73.09735841726548, 74.8405821939075, 53.840333186545756, 79.90337025219536, 51.78576514871038, 5.304338121634724, 45.89626232834749, 50.363695035867806, 13.050358334429202, 0.0, 40.63059732922528, 38.46935007076732, 32.615326088079435, 28.734841491677987, 78.51228425608271], [40.15364663995646, 26.353855778426436, 100.34862634899605, 100.00963536466631, 32.22420759337, 84.0422189292489, 17.86048291150788, 69.58578257016983, 60.099354427205085, 27.088511505307196, 45.98078809550459, 57.4546573504453, 35.32626486253279, 29.645753585355102, 74.8549249914853, 28.08679140943616, 40.63059732922528, 0.0, 38.40994998230766, 13.636285584155372, 63.29160612991429, 97.10705696572681], [5.750436672177928, 49.3044668487953, 72.64374189134334, 64.13373446046583, 31.655473549479826, 49.583739835579706, 33.05799830424989, 36.02124610978589, 36.646579350941785, 27.32095214600044, 52.49452728294395, 19.176723059959816, 35.93662670468779, 15.440522179695288, 40.525118463901705, 30.619003932432243, 38.46935007076732, 38.40994998230766, 0.0, 43.743163585860636, 40.68337718719405, 59.130214510945294], [43.7194858199851, 12.899099855256104, 96.15234499193836, 107.57210411674255, 26.039791637693384, 92.28776995568315, 31.164275864844807, 78.03983617318053, 71.05357149403248, 39.43070882282762, 59.61695209301321, 62.741466990017, 27.60289749805765, 39.19167130037816, 74.88652786306675, 22.402858635307325, 32.615326088079435, 13.636285584155372, 43.743163585860636, 0.0, 59.0337483940834, 99.74367138979065], [34.94015003306431, 54.75015351529862, 37.22013647272012, 81.76342004212276, 33.02854374975883, 73.44099833920616, 67.9277615370411, 64.85930528116731, 74.22278745987953, 65.93953637667676, 92.35166348317284, 42.48388951253966, 32.452468573500866, 54.75351668958016, 25.577139269084167, 36.66489844649237, 28.734841491677987, 63.29160612991429, 40.68337718719405, 59.0337483940834, 0.0, 54.25170164756806], [56.97090379732133, 100.93155089830246, 49.36145064926861, 39.84580685080349, 78.06335575151039, 43.222530131881186, 91.29909002672828, 47.00799486052215, 66.6156026351374, 83.23415942362516, 102.2913886509525, 41.51630492538185, 80.01265169193543, 72.4217438187856, 28.80656704757439, 79.90757417992086, 78.51228425608271, 97.10705696572681, 59.130214510945294, 99.74367138979065, 54.25170164756806, 0.0]]",Route_0,1057.240484507481
