instance_id,num_cities,city_coordinates,distance_matrix,best_route,total_distance
1289,34,"[[31.376417719463213, 23.033947470860706], [73.59255482026657, 83.2880938588351], [43.0818765169837, 77.26014227994214], [8.662336792434221, 24.361327630103368], [47.40916216775448, 1.2689763770473483], [35.292912328183476, 44.99289918319375], [57.702375701281206, 56.499510447968134], [83.44067364593296, 67.56804084688099], [84.2317631514198, 70.86613626361175], [95.38867241244527, 10.01518033288903], [7.924155962572865, 52.083273575782755], [5.9750599118367, 85.72401438912661], [19.497207108740422, 41.851537329041356], [7.84772679486635, 44.25583683654526], [61.96457511171624, 4.04209573432317], [23.081226863161486, 30.81184344319645], [65.88770594603108, 57.56770837154406], [90.74457953010993, 92.39999792242925], [4.912865610684691, 33.13330578148822], [44.43462304795099, 45.77714717702786], [20.096984877961756, 39.565787706478005], [17.69510275584899, 16.696374278588642], [95.63561584491954, 92.31268945589929], [76.2018350869446, 77.01505573716722], [61.30829570032192, 60.54811813480554], [58.688796951362285, 18.749430568486027], [29.42720706179085, 61.156153128053056], [84.64407565086937, 79.63746113559073], [60.055590673177804, 99.81864278568821], [57.691531068739174, 33.866464231232385], [92.14258705791931, 96.3039791975416], [51.5132837774855, 40.78660737459412], [55.69289806346068, 63.37577286180137], [31.35512206480654, 71.79371076609054]]","[[0.0, 73.57149168432888, 55.47520138884491, 22.752833020236693, 27.03262586688066, 22.30548117223005, 42.57933734847443, 68.51256978103386, 71.28538297180448, 65.3227146456111, 37.33459426140596, 67.64076780084423, 22.25347911686198, 31.68545225927132, 36.00452478558588, 11.371273327950057, 48.82222503125813, 91.30294404905399, 28.325194235882606, 26.225366713843073, 20.013179327680962, 15.077904798115021, 94.49226759241307, 70.1660750778295, 47.991981830974574, 27.646394781124826, 38.17200527031888, 77.72645071460921, 81.96575135933281, 28.45748776594616, 95.18941582601894, 26.84493077466124, 47.10365264173428, 48.75976794563064], [73.57149168432888, 0.0, 31.10044518594379, 87.68293443605457, 86.09707128170461, 54.160728856493854, 31.146845644373286, 18.55008116163086, 16.35535950113012, 76.44599792450127, 72.70542907810078, 67.66135770527691, 68.14172628483746, 76.4584822001035, 80.09455743589952, 72.83646826744855, 26.849635487091057, 19.422120051920718, 85.04353283470962, 47.51058941125016, 69.08991285804657, 86.94240774183817, 23.818897225252165, 6.794067322743708, 25.84588009829414, 66.23715768298014, 49.40041237821751, 11.638867296660365, 21.366058273407646, 51.91666429379469, 22.660912761146907, 47.894368804178946, 26.774955452817785, 43.773525885571296], [55.47520138884491, 31.10044518594379, 0.0, 63.11092857982552, 76.11427393324229, 33.19401964509675, 25.3921804983506, 41.50625658722344, 41.64368479089971, 85.19322628067384, 43.24280324318166, 38.05986034720363, 42.54416453128539, 48.27762923385551, 75.61374641013326, 50.571439087716, 30.131342638246807, 50.0094839744705, 58.34424644235675, 31.512043790068095, 44.14940101935266, 65.66931000490875, 54.666943337203755, 33.120865373497956, 24.72840688913033, 60.55641461006548, 21.11370324066193, 41.63013381898008, 28.23106298607847, 45.78704293483807, 52.627189202213664, 37.43537600831709, 18.756694233929107, 12.938262768907064], [22.752833020236693, 87.68293443605457, 63.11092857982552, 0.0, 45.10624306080123, 33.68752436905293, 58.632654818076624, 86.36330082605802, 88.73238093427551, 87.90488742014388, 27.73177235505774, 61.421500985558794, 20.574300719198153, 19.911179925191238, 57.04384098813849, 15.795997756605349, 66.1619724366721, 106.61498594472799, 9.539713561273388, 41.69285059591233, 19.024373394514964, 11.846618539934555, 110.37091484227952, 85.63876992021065, 63.88333739217296, 50.34024339097901, 42.24972213787659, 93.96103221691371, 91.29662072026444, 49.942061563273256, 110.2029822597458, 45.89110449967895, 61.106469626422836, 52.58130345833088], [27.03262586688066, 86.09707128170461, 76.11427393324229, 45.10624306080123, 0.0, 45.37163139818485, 56.181510647239804, 75.45750969239089, 78.7379743673803, 48.770170052579985, 64.35183381089182, 94.0714530310636, 49.254659562712746, 58.42069274604289, 14.817227707602644, 38.270477272600345, 59.25372397034512, 100.9099672275955, 53.115635263650354, 44.60745622578672, 47.03829063976578, 33.48029170641633, 103.02790168425281, 81.0338605291704, 60.88680120102001, 20.80376022719357, 62.528590649710715, 86.76438316178532, 99.35778229810275, 34.18074493950765, 105.03680813645933, 39.73017711822754, 62.6567989127155, 72.32890407210766], [22.30548117223005, 54.160728856493854, 33.19401964509675, 33.68752436905293, 45.37163139818485, 0.0, 25.190993459346565, 53.17747588073846, 55.35734383908331, 69.53374142152941, 28.272287385834797, 50.18525895345829, 16.10504447923893, 27.455080947996613, 48.87070593665, 18.714368912617374, 33.07819860031842, 72.9542350130877, 32.61283787423575, 9.175288540408152, 16.13597688561501, 33.322308194677696, 76.6837950232091, 51.95150114914361, 30.31113670966366, 35.15802984002722, 17.19468744578383, 60.29745429266387, 60.15856049128929, 25.009911559719686, 76.58141059758283, 16.75688935132128, 27.46068940655275, 27.088552815908805], [42.57933734847443, 31.146845644373286, 25.3921804983506, 58.632654818076624, 56.181510647239804, 25.190993459346565, 0.0, 28.017357946089827, 30.16965919274344, 59.84187418563648, 49.973736186784976, 59.41200913441408, 40.91696498614318, 51.33608439572446, 52.63028312914199, 43.11009374867184, 8.254736702012298, 48.79172301497256, 57.72964486397798, 17.05879053696246, 41.24216755773463, 56.434666096721784, 52.16813681212945, 27.624583183733073, 5.421612605249543, 37.762965426325984, 28.656054903660543, 35.51365875542104, 43.38300182325865, 22.633048814840468, 52.63576626900832, 16.887870849649456, 7.1638666347717885, 30.464575125144663], [68.51256978103386, 18.55008116163086, 41.50625658722344, 86.36330082605802, 75.45750969239089, 53.17747588073846, 28.017357946089827, 0.0, 3.3916450261712026, 58.77998322445826, 77.08775817509103, 79.56482065879949, 68.92100888681273, 79.10595723109415, 67.05794890014974, 70.67022614581651, 20.201814886070938, 25.88383923158978, 85.74594808995113, 44.68014134023274, 69.25712301036486, 83.12885510518336, 27.586486728476586, 11.90154922774285, 23.21898939253995, 54.73492586472591, 54.3927097739678, 12.12926553798717, 39.83670959125564, 42.41243461346079, 30.02461406783899, 41.67257374631869, 28.06268270557839, 52.25668349384884], [71.28538297180448, 16.35535950113012, 41.64368479089971, 88.73238093427551, 78.7379743673803, 55.35734383908331, 30.16965919274344, 3.3916450261712026, 0.0, 61.86530095248478, 78.5852838999593, 79.65468061778184, 70.93947911689774, 80.88651955497538, 70.43635464627283, 73.100851306159, 22.657286226622503, 22.497199272878944, 87.83651861993567, 47.04540077203988, 71.36512876737272, 85.79912756030551, 24.28996706635602, 10.113800245848049, 25.138553221852636, 58.03959109788447, 55.658091421410774, 8.781010283959322, 37.71915891968677, 45.53415915009506, 26.63953805926313, 44.44408791648008, 29.505463297496483, 52.8847763260862], [65.3227146456111, 76.44599792450127, 85.19322628067384, 87.90488742014388, 48.770170052579985, 69.53374142152941, 59.84187418563648, 58.77998322445826, 61.86530095248478, 0.0, 97.05547953053862, 117.16066598719857, 82.29865207116028, 93.99914742922557, 33.95361571306105, 75.2387392131624, 55.96025326354025, 82.51560923826214, 93.38265010528816, 62.25137282984693, 80.88310458889613, 77.98031237770488, 82.29787961369843, 69.69302713144283, 60.9512090096054, 37.724898754496714, 83.46444757884215, 70.44649277103235, 96.50434463642074, 44.608947634826905, 86.34983427681452, 53.590395128714405, 66.50644582446215, 88.97686436714653], [37.33459426140596, 72.70542907810078, 43.24280324318166, 27.73177235505774, 64.35183381089182, 28.272287385834797, 49.973736186784976, 77.08775817509103, 78.5852838999593, 97.05547953053862, 0.0, 33.69715741550872, 15.44745737830961, 7.8278098676731585, 72.30713429676112, 26.119160364969066, 58.222436841082285, 92.11221863547597, 19.18773433702309, 37.0510652606582, 17.460389923812468, 36.71108883030834, 96.49718180728328, 72.68724254195777, 54.05108665834513, 60.730501927415226, 23.338773531305886, 81.51796936295543, 70.68487786360004, 52.996639210930724, 95.12210543216477, 45.02917644067974, 49.08536708659581, 30.618809688116418], [67.64076780084423, 67.66135770527691, 38.05986034720363, 61.421500985558794, 94.0714530310636, 50.18525895345829, 59.41200913441408, 79.56482065879949, 79.65468061778184, 117.16066598719857, 33.69715741550872, 0.0, 45.90906999931972, 41.510440021604296, 99.02909495419752, 57.51493254591934, 66.1989631593609, 85.03199522797134, 52.60143428260232, 55.45169246003057, 48.27018391549425, 70.01553044500508, 89.90231325925373, 70.76472223005393, 60.79138701356006, 85.23105625662669, 33.964437473428895, 78.90412009430368, 55.8870499943012, 73.23796076694954, 86.81462082977835, 63.97734272402769, 54.509699410607105, 28.95169967236093], [22.25347911686198, 68.14172628483746, 42.54416453128539, 20.574300719198153, 49.254659562712746, 16.10504447923893, 40.91696498614318, 68.92100888681273, 70.93947911689774, 82.29865207116028, 15.44745737830961, 45.90906999931972, 0.0, 11.895000954397736, 56.85975042861673, 11.606896169658873, 48.98036764469889, 87.35751224314147, 16.991485463274284, 25.244506856023193, 2.3631302777249967, 25.21963140479202, 91.34213244088062, 66.72246893652199, 45.80097447696442, 45.49382431900398, 21.70882516892689, 75.31195468688742, 70.74721049187764, 39.02009450448176, 90.78777259853311, 32.03378280919757, 42.11200255223381, 32.20471855551032], [31.68545225927132, 76.4584822001035, 48.27762923385551, 19.911179925191238, 58.42069274604289, 27.455080947996613, 51.33608439572446, 79.10595723109415, 80.88651955497538, 93.99914742922557, 7.8278098676731585, 41.510440021604296, 11.895000954397736, 0.0, 67.42238682504117, 20.31749203743302, 59.54699911525305, 95.8631756206324, 11.50322160271306, 36.618511201113, 13.116435660221214, 29.265932238702927, 100.0808400621356, 75.79875027587215, 55.888020698505734, 56.88049907805866, 27.409754820931685, 84.55494388651512, 76.2422878439414, 50.9150654288509, 99.06882753923237, 43.803155361937456, 51.52409501709866, 36.20679677818429], [36.00452478558588, 80.09455743589952, 75.61374641013326, 57.04384098813849, 14.817227707602644, 48.87070593665, 52.63028312914199, 67.05794890014974, 70.43635464627283, 33.95361571306105, 72.30713429676112, 99.02909495419752, 56.85975042861673, 67.42238682504117, 0.0, 47.2073528532909, 53.669191942239756, 92.92689348840669, 64.04058134494386, 45.26713750926951, 54.90744761245155, 46.042555838514794, 94.47452937176554, 74.34885650216093, 56.50983339375224, 15.067727780924109, 65.73200036200464, 78.92413455247139, 95.79556976535463, 30.128920684827936, 97.07197095560424, 38.20194532003539, 59.664220220040136, 74.3452752718273], [11.371273327950057, 72.83646826744855, 50.571439087716, 15.795997756605349, 38.270477272600345, 18.714368912617374, 43.11009374867184, 70.67022614581651, 73.100851306159, 75.2387392131624, 26.119160364969066, 57.51493254591934, 11.606896169658873, 20.31749203743302, 47.2073528532909, 0.0, 50.48040173707152, 91.495519378217, 18.31607321421836, 26.075426064983315, 9.248634514936183, 15.108170062465101, 95.11305599545439, 70.40266929844624, 48.43092838688759, 37.59522379167482, 31.00078377931562, 78.57432973880229, 78.28819792695681, 34.74483940618132, 95.17715754116453, 30.131010203218736, 46.086121529765414, 41.808740606230884], [48.82222503125813, 26.849635487091057, 30.131342638246807, 66.1619724366721, 59.25372397034512, 33.07819860031842, 8.254736702012298, 20.201814886070938, 22.657286226622503, 55.96025326354025, 58.222436841082285, 66.1989631593609, 48.98036764469889, 59.54699911525305, 53.669191942239756, 50.48040173707152, 0.0, 42.79196840216144, 65.68844026047438, 24.47962620453032, 49.202228441047865, 63.19013334994893, 45.74004650090104, 22.013191033892646, 5.463866813480208, 39.48015935009522, 36.63666080114561, 28.96334565568559, 42.6515536343538, 25.07840219028735, 46.7954854628565, 22.095912820008337, 11.733188862602843, 37.34807215430873], [91.30294404905399, 19.422120051920718, 50.0094839744705, 106.61498594472799, 100.9099672275955, 72.9542350130877, 48.79172301497256, 25.88383923158978, 22.497199272878944, 82.51560923826214, 92.11221863547597, 85.03199522797134, 87.35751224314147, 95.8631756206324, 92.92689348840669, 91.495519378217, 42.79196840216144, 0.0, 104.3054356765511, 65.71379064555194, 88.21868509152448, 105.20106791188744, 4.891815511761885, 21.17044784559532, 43.3709240357301, 80.32421346202942, 68.81858763410975, 14.145617442021955, 31.572936649416423, 67.22111706129408, 4.146745090337662, 64.83083101637095, 45.50852682750148, 62.86276106243322], [28.325194235882606, 85.04353283470962, 58.34424644235675, 9.539713561273388, 53.115635263650354, 32.61283787423575, 57.72964486397798, 85.74594808995113, 87.83651861993567, 93.38265010528816, 19.18773433702309, 52.60143428260232, 16.991485463274284, 11.50322160271306, 64.04058134494386, 18.31607321421836, 65.68844026047438, 104.3054356765511, 0.0, 41.49501218418517, 16.490430608028856, 20.822062906115487, 108.31812804026163, 83.71215651361426, 62.70579296494671, 55.66638714431259, 37.232148879567745, 92.3022335573227, 86.53123308194233, 52.78375743394614, 107.70124550626059, 47.224696913751984, 59.10345599885685, 46.83823053830079], [26.225366713843073, 47.51058941125016, 31.512043790068095, 41.69285059591233, 44.60745622578672, 9.175288540408152, 17.05879053696246, 44.68014134023274, 47.04540077203988, 62.25137282984693, 37.0510652606582, 55.45169246003057, 25.244506856023193, 36.618511201113, 45.26713750926951, 26.075426064983315, 24.47962620453032, 65.71379064555194, 41.49501218418517, 0.0, 25.117755038333073, 39.50561096632138, 69.18886007576549, 44.55292012811291, 22.425485765416152, 30.55616040572407, 21.48805153156804, 52.567299150696215, 56.25386988616197, 17.821615485328515, 69.49108276610492, 8.661000244979176, 20.891634266318654, 29.119322226861993], [20.013179327680962, 69.08991285804657, 44.14940101935266, 19.024373394514964, 47.03829063976578, 16.13597688561501, 41.24216755773463, 69.25712301036486, 71.36512876737272, 80.88310458889613, 17.460389923812468, 48.27018391549425, 2.3631302777249967, 13.116435660221214, 54.90744761245155, 9.248634514936183, 49.202228441047865, 88.21868509152448, 16.490430608028856, 25.117755038333073, 0.0, 22.99519750435406, 92.13208134263188, 67.45518433009283, 46.24532765480962, 43.84801801227842, 23.520138712107123, 75.97411360888282, 72.29866335067184, 38.02410013880648, 91.70491353874833, 31.44001013368596, 42.825044408690296, 34.13773099744801], [15.077904798115021, 86.94240774183817, 65.66931000490875, 11.846618539934555, 33.48029170641633, 33.322308194677696, 56.434666096721784, 83.12885510518336, 85.79912756030551, 77.98031237770488, 36.71108883030834, 70.01553044500508, 25.21963140479202, 29.265932238702927, 46.042555838514794, 15.108170062465101, 63.19013334994893, 105.20106791188744, 20.822062906115487, 39.50561096632138, 22.99519750435406, 0.0, 108.5935113235683, 84.0320240203932, 61.847279956705286, 41.045072833712304, 45.98167250969436, 91.88985464369205, 93.29374286821445, 43.526156122153054, 108.99448921775407, 41.52118372869508, 60.1896893190985, 56.765417425912595], [94.49226759241307, 23.818897225252165, 54.666943337203755, 110.37091484227952, 103.02790168425281, 76.6837950232091, 52.16813681212945, 27.586486728476586, 24.28996706635602, 82.29787961369843, 96.49718180728328, 89.90231325925373, 91.34213244088062, 100.0808400621356, 94.47452937176554, 95.11305599545439, 45.74004650090104, 4.891815511761885, 108.31812804026163, 69.18886007576549, 92.13208134263188, 108.5935113235683, 0.0, 24.73235597231945, 46.76914473798456, 82.32023131946306, 73.17296734137733, 16.777227685448295, 36.36313416924819, 69.68295926921051, 5.303927215615932, 67.83595891353137, 49.32307619910835, 67.47599845195306], [70.1660750778295, 6.794067322743708, 33.120865373497956, 85.63876992021065, 81.0338605291704, 51.95150114914361, 27.624583183733073, 11.90154922774285, 10.113800245848049, 69.69302713144283, 72.68724254195777, 70.76472223005393, 66.72246893652199, 75.79875027587215, 74.34885650216093, 70.40266929844624, 22.013191033892646, 21.17044784559532, 83.71215651361426, 44.55292012811291, 67.45518433009283, 84.0320240203932, 24.73235597231945, 0.0, 22.203097744705666, 60.84069017553643, 49.38998500563516, 8.840160395199716, 27.941095020570863, 46.9513823416566, 25.02339188959633, 43.840905972840254, 24.630195597832294, 45.14964132966059], [47.991981830974574, 25.84588009829414, 24.72840688913033, 63.88333739217296, 60.88680120102001, 30.31113670966366, 5.421612605249543, 23.21898939253995, 25.138553221852636, 60.9512090096054, 54.05108665834513, 60.79138701356006, 45.80097447696442, 55.888020698505734, 56.50983339375224, 48.43092838688759, 5.463866813480208, 43.3709240357301, 62.70579296494671, 22.425485765416152, 46.24532765480962, 61.847279956705286, 46.76914473798456, 22.203097744705666, 0.0, 41.8806883415566, 31.88688632229382, 30.148990731067574, 39.29049982172046, 26.925668820482965, 47.21477654149058, 22.05582839284119, 6.287155308656583, 31.99462399322963], [27.646394781124826, 66.23715768298014, 60.55641461006548, 50.34024339097901, 20.80376022719357, 35.15802984002722, 37.762965426325984, 54.73492586472591, 58.03959109788447, 37.724898754496714, 60.730501927415226, 85.23105625662669, 45.49382431900398, 56.88049907805866, 15.067727780924109, 37.59522379167482, 39.48015935009522, 80.32421346202942, 55.66638714431259, 30.55616040572407, 43.84801801227842, 41.045072833712304, 82.32023131946306, 60.84069017553643, 41.8806883415566, 0.0, 51.52252673452225, 66.18934021962873, 81.08073318980138, 15.149892606921366, 84.46220507155918, 23.17596062501289, 44.72679103877984, 59.672652400290595], [38.17200527031888, 49.40041237821751, 21.11370324066193, 42.24972213787659, 62.528590649710715, 17.19468744578383, 28.656054903660543, 54.3927097739678, 55.658091421410774, 83.46444757884215, 23.338773531305886, 33.964437473428895, 21.70882516892689, 27.409754820931685, 65.73200036200464, 31.00078377931562, 36.63666080114561, 68.81858763410975, 37.232148879567745, 21.48805153156804, 23.520138712107123, 45.98167250969436, 73.17296734137733, 49.38998500563516, 31.88688632229382, 51.52252673452225, 0.0, 58.22766801489685, 49.324294107194504, 39.28866416226203, 71.89289648824708, 30.045185619227023, 26.35931022537662, 10.81085051054831], [77.72645071460921, 11.638867296660365, 41.63013381898008, 93.96103221691371, 86.76438316178532, 60.29745429266387, 35.51365875542104, 12.12926553798717, 8.781010283959322, 70.44649277103235, 81.51796936295543, 78.90412009430368, 75.31195468688742, 84.55494388651512, 78.92413455247139, 78.57432973880229, 28.96334565568559, 14.145617442021955, 92.3022335573227, 52.567299150696215, 75.97411360888282, 91.88985464369205, 16.777227685448295, 8.840160395199716, 30.148990731067574, 66.18934021962873, 58.22766801489685, 0.0, 31.809962060530584, 53.11707651095358, 18.275680497070216, 51.05916380157261, 33.20561984380917, 53.863132049265324], [81.96575135933281, 21.366058273407646, 28.23106298607847, 91.29662072026444, 99.35778229810275, 60.15856049128929, 43.38300182325865, 39.83670959125564, 37.71915891968677, 96.50434463642074, 70.68487786360004, 55.8870499943012, 70.74721049187764, 76.2422878439414, 95.79556976535463, 78.28819792695681, 42.6515536343538, 31.572936649416423, 86.53123308194233, 56.25386988616197, 72.29866335067184, 93.29374286821445, 36.36313416924819, 27.941095020570863, 39.29049982172046, 81.08073318980138, 49.324294107194504, 31.809962060530584, 0.0, 65.99453487897435, 32.278912576669285, 59.64689607914949, 36.70307691592377, 40.1137596473227], [28.45748776594616, 51.91666429379469, 45.78704293483807, 49.942061563273256, 34.18074493950765, 25.009911559719686, 22.633048814840468, 42.41243461346079, 45.53415915009506, 44.608947634826905, 52.996639210930724, 73.23796076694954, 39.02009450448176, 50.9150654288509, 30.128920684827936, 34.74483940618132, 25.07840219028735, 67.22111706129408, 52.78375743394614, 17.821615485328515, 38.02410013880648, 43.526156122153054, 69.68295926921051, 46.9513823416566, 26.925668820482965, 15.149892606921366, 39.28866416226203, 53.11707651095358, 65.99453487897435, 0.0, 71.3114193796317, 9.276805523266068, 29.576913796810544, 46.174478545386236], [95.18941582601894, 22.660912761146907, 52.627189202213664, 110.2029822597458, 105.03680813645933, 76.58141059758283, 52.63576626900832, 30.02461406783899, 26.63953805926313, 86.34983427681452, 95.12210543216477, 86.81462082977835, 90.78777259853311, 99.06882753923237, 97.07197095560424, 95.17715754116453, 46.7954854628565, 4.146745090337662, 107.70124550626059, 69.49108276610492, 91.70491353874833, 108.99448921775407, 5.303927215615932, 25.02339188959633, 47.21477654149058, 84.46220507155918, 71.89289648824708, 18.275680497070216, 32.278912576669285, 71.3114193796317, 0.0, 68.79621253514522, 49.12073493222431, 65.54288030648864], [26.84493077466124, 47.894368804178946, 37.43537600831709, 45.89110449967895, 39.73017711822754, 16.75688935132128, 16.887870849649456, 41.67257374631869, 44.44408791648008, 53.590395128714405, 45.02917644067974, 63.97734272402769, 32.03378280919757, 43.803155361937456, 38.20194532003539, 30.131010203218736, 22.095912820008337, 64.83083101637095, 47.224696913751984, 8.661000244979176, 31.44001013368596, 41.52118372869508, 67.83595891353137, 43.840905972840254, 22.05582839284119, 23.17596062501289, 30.045185619227023, 51.05916380157261, 59.64689607914949, 9.276805523266068, 68.79621253514522, 0.0, 22.9725830717393, 36.983671320806764], [47.10365264173428, 26.774955452817785, 18.756694233929107, 61.106469626422836, 62.6567989127155, 27.46068940655275, 7.1638666347717885, 28.06268270557839, 29.505463297496483, 66.50644582446215, 49.08536708659581, 54.509699410607105, 42.11200255223381, 51.52409501709866, 59.664220220040136, 46.086121529765414, 11.733188862602843, 45.50852682750148, 59.10345599885685, 20.891634266318654, 42.825044408690296, 60.1896893190985, 49.32307619910835, 24.630195597832294, 6.287155308656583, 44.72679103877984, 26.35931022537662, 33.20561984380917, 36.70307691592377, 29.576913796810544, 49.12073493222431, 22.9725830717393, 0.0, 25.75245656478492], [48.75976794563064, 43.773525885571296, 12.938262768907064, 52.58130345833088, 72.32890407210766, 27.088552815908805, 30.464575125144663, 52.25668349384884, 52.8847763260862, 88.97686436714653, 30.618809688116418, 28.95169967236093, 32.20471855551032, 36.20679677818429, 74.3452752718273, 41.808740606230884, 37.34807215430873, 62.86276106243322, 46.83823053830079, 29.119322226861993, 34.13773099744801, 56.765417425912595, 67.47599845195306, 45.14964132966059, 31.99462399322963, 59.672652400290595, 10.81085051054831, 53.863132049265324, 40.1137596473227, 46.174478545386236, 65.54288030648864, 36.983671320806764, 25.75245656478492, 0.0]]",Route_4,1569.2822635217924
