instance_id,num_cities,city_coordinates,distance_matrix,best_route,total_distance
1367,54,"[[85.65703329909998, 38.46401789914966], [95.2452324142388, 69.88333509429864], [2.7378671239980834, 83.49827608393787], [18.321092673406557, 11.099534632800612], [30.36769913433689, 45.50590243452808], [58.72500496672322, 82.87950128068695], [49.89137509297959, 91.2730265693122], [39.06871505743026, 1.3296623926697948], [1.181030461220156, 9.961579207258586], [16.26070393344795, 77.04965255633279], [12.759398598718008, 36.103236267142655], [46.82721270632284, 43.9427645260627], [48.423392537830644, 47.20317303406674], [15.016432893436694, 38.671558719994536], [37.37480380820152, 64.78869267930179], [75.28348631414298, 79.14484444114849], [11.506003103713292, 25.303113495166095], [36.30127063836228, 70.2439827351987], [54.1631990945556, 7.821997985364271], [19.14766741475651, 33.018303240346], [43.44177959047815, 11.537258592676547], [48.783632885717395, 15.88521793223181], [72.33551721395946, 7.948218319171795], [6.017691473106379, 95.52132484760858], [27.45023980073813, 84.91316261953399], [97.62888251461368, 20.39459592613968], [24.994736767428726, 74.97369299212481], [4.752816118565228, 40.801879652335835], [10.546440609155283, 69.94441281677472], [35.53244004243826, 16.747820041388696], [36.36945092367549, 94.51522968388973], [22.517367300282267, 6.619092339523536], [75.33738191626473, 66.27687504300481], [13.15767908302049, 73.50931294175807], [98.00733754171716, 21.979298345372033], [5.782680526401752, 66.18870771274715], [2.006772698989401, 63.19087443240875], [71.57945030545446, 29.20208514294741], [40.975825387148475, 76.39813954810869], [51.48525456119041, 26.258620879523587], [48.424940379670986, 73.45862722795661], [1.9969592359799226, 65.24503545423569], [32.34220903545405, 94.92978187066483], [4.959901529884614, 80.74448428415971], [26.764937677457123, 48.96770260787615], [61.0795535378154, 20.940151115316407], [77.7914987736182, 74.43111807201312], [98.47011186050035, 33.141666296409355], [0.30692812273341863, 3.527698287513781], [35.25046722248286, 93.1805031380668], [35.83064584900326, 73.19856091815508], [47.44370252001864, 5.14296914591772], [35.993135002712286, 52.94377855681086], [86.60009295170691, 78.4256438972796]]","[[0.0, 32.84976491972102, 94.35927368005927, 72.68386233808168, 55.73597231763738, 51.94294287111157, 63.78066872997122, 59.57710764604746, 89.15483198823544, 79.40215193131526, 72.93585150544521, 39.21443142351003, 38.24548126003129, 70.64090528061567, 54.99238298976107, 41.982616940697106, 75.30992420503384, 58.702278259055525, 43.940812205740464, 66.73193806928269, 50.0717286742933, 43.237135265784346, 33.296798867339106, 97.96918414832345, 74.46847557601906, 21.675543455186816, 70.80162848332674, 80.93798833163662, 81.44087670454196, 54.62662444763725, 74.63915942018666, 70.71574581619278, 29.66564051504278, 80.52533183025102, 20.597960910048997, 84.54922031643841, 87.22834133745059, 16.851164390729497, 58.61235301324337, 36.286115506063, 51.0964913202151, 87.84207928739255, 77.65856673381442, 91.10249674686239, 59.821453669808626, 30.185069462797124, 36.817101029499064, 13.874523732503764, 92.22357009801348, 74.39566963565154, 60.7384340024197, 50.7006009752029, 51.73167562236017, 39.9727521434638], [32.84976491972102, 0.0, 93.50389965714473, 96.81352421828421, 69.30623022186698, 38.7637375437727, 50.14470336250285, 88.63073475506036, 111.52887929879101, 79.30896446997349, 89.13477355675583, 54.92920747509258, 52.025709418424924, 86.0862082855821, 58.094250045793196, 22.005609801740963, 94.86650980903923, 58.94506507382004, 74.42676283050578, 84.55690375388265, 78.02475483842761, 71.23536262136241, 66.03645766170767, 92.83781870009813, 69.441030658415, 49.54611076820347, 70.43467812200494, 95.05055737686315, 84.69881382716682, 79.9312237662841, 63.82074801502473, 96.39349965308331, 20.23188240256612, 82.16759779411758, 47.983600965098, 89.53880980766075, 93.47833652661525, 47.06414070632515, 54.6590451448192, 61.790382358584594, 46.9566018792162, 93.36355967013148, 67.70609164848673, 90.93627183155103, 71.60317346000511, 59.688599171763, 18.036494892581562, 36.88292387401942, 115.82897805722197, 64.35938074028915, 59.50700646966735, 80.47546982378111, 61.62596549630498, 12.153578732707171], [94.35927368005927, 93.50389965714473, 0.0, 74.05683413590103, 46.97688870536138, 55.99055711526224, 47.79016696864147, 89.84214816836817, 73.55317483241076, 14.981717550928332, 48.44296535447025, 59.232667409824245, 58.34810826186831, 46.47792773974855, 39.36706610912923, 72.67612558983835, 58.85199365605517, 36.08570835722179, 91.49570391627518, 53.08021480620013, 82.67524737463135, 81.80304503628888, 102.72119609070072, 12.462381366922118, 24.75284361891981, 113.95779592164696, 23.833521838240557, 42.743915212521486, 15.642283379930651, 74.37141517270717, 35.390064926448154, 79.38285407083224, 74.6141152992193, 14.434398703001552, 113.40571685620972, 17.575324914560845, 20.320557593107683, 87.67690645563329, 38.891559379405805, 75.18434617572973, 46.77716549579108, 18.268271346362738, 31.734781936581197, 3.53847512036879, 42.06733440529119, 85.54105080718763, 75.59934509114527, 108.1686222135744, 80.0075170063525, 33.92365967715892, 34.658565120881896, 90.21178328692673, 45.16071479527589, 84.01550165343747], [72.68386233808168, 96.81352421828421, 74.05683413590103, 0.0, 36.454339556934464, 82.37013864609979, 86.16537321537864, 22.932820109583563, 17.177795993320583, 65.98229501834221, 25.614791359673898, 43.48881039017618, 47.006607651872564, 27.769358806536253, 56.969900822718586, 88.74051203478743, 15.7539550063588, 61.81708939272974, 35.99164957570383, 21.934348476172136, 25.12450026270336, 30.836165793254995, 54.10627369312756, 85.31361171682157, 74.37602438848378, 79.8506336477301, 64.22184699621852, 32.6546693189223, 59.356254120411926, 18.114458488023967, 85.34589279154764, 6.138654892364191, 79.3435324003716, 62.62300909792342, 80.42553624100833, 56.49804217670258, 54.58630522709799, 56.25082215075199, 69.11689169961699, 36.464496836713934, 69.24520254871959, 56.55274168143342, 84.99471781234124, 70.91502267301388, 38.79815284573437, 43.87623170065023, 86.87703184756042, 83.12473064575303, 19.540799116170646, 83.80864581524636, 64.52033414357209, 29.72552903948913, 45.422921852968045, 95.8896598580718], [55.73597231763738, 69.30623022186698, 46.97688870536138, 36.454339556934464, 0.0, 46.91399242001366, 49.75744742756426, 45.024969320698126, 45.99196170983472, 34.55452915819803, 19.961522457166705, 16.53357151819507, 18.13529133399919, 16.80385756924243, 20.516469373028965, 56.116008030742925, 27.639035042491063, 25.439730496917807, 44.567953429459564, 16.787770710339323, 36.397806860142175, 34.87881257038161, 56.319422852806134, 55.62791882014695, 39.5151075444817, 71.79585297406426, 29.95362089869267, 26.043234481282294, 31.466221241599076, 29.21817673261645, 49.375451207820376, 39.67129578511041, 49.53489348539379, 32.86907041890828, 71.61439648456899, 32.12789401951587, 33.423051668526846, 44.31955429454763, 32.662863568237206, 28.57287165238816, 33.27790234929704, 34.56200594221833, 49.463305064132044, 43.443225362327766, 4.996393755036838, 39.328032480379846, 55.548941231149556, 69.21569875688515, 51.63157538968251, 47.92399165808782, 28.226355072840747, 43.826433522346136, 9.325638311645418, 65.15973827760664], [51.94294287111157, 38.7637375437727, 55.99055711526224, 82.37013864609979, 46.91399242001366, 0.0, 12.185412734786105, 83.8853143026819, 92.88881720313032, 42.86261772679635, 65.58091137972794, 40.713964800428734, 37.1338607714806, 62.167366504743974, 27.984074852696, 16.974420939812923, 74.4625715871243, 25.738690528896186, 75.19600304366395, 63.65928618607355, 72.96089753872327, 67.72787373176642, 76.15735821239349, 54.20218260191723, 31.340815474850608, 73.6062163504414, 34.644376130792644, 68.43627262614403, 49.884772998637075, 70.08062736094281, 25.202400124685102, 84.41944679549702, 23.48655500284854, 46.52076544618073, 72.47024472219596, 55.51101068321348, 60.03832025254657, 55.19512449655758, 18.895539835011938, 57.0818542387794, 13.958660337398259, 59.40577040501689, 29.00450281332522, 53.80747759512069, 46.59888400337147, 61.98408665038164, 20.8544087647904, 63.66730519600306, 98.5361879738488, 25.635221114152852, 24.857036945581946, 78.55085112991478, 37.58836797549867, 28.228662309119688], [63.78066872997122, 50.14470336250285, 47.79016696864147, 86.16537321537864, 49.75744742756426, 12.185412734786105, 0.0, 90.59215600512661, 94.78527916431322, 36.514742378300454, 66.50180027905827, 47.429345306618615, 44.09429626834074, 63.11240776047335, 29.29307935886025, 28.139866986214436, 76.32474181918168, 25.038203283472157, 83.56029351324308, 65.86947966955888, 79.9961872652051, 75.39594673388484, 86.29463010795867, 44.07888556483826, 23.324931353904844, 85.45537750937379, 29.757534759682564, 67.71134452513623, 44.75414655807166, 75.89588542085345, 13.905190192032133, 88.96979759005883, 35.66941062558776, 40.80335702358125, 84.3609306109268, 50.742487018922105, 55.51164215793585, 65.7508507623831, 17.342124738644735, 65.03394036159581, 17.874653973201458, 54.50992012257698, 17.926100765324765, 46.14853756297535, 48.213821078775034, 71.21719389684468, 32.5893661065435, 75.75716938419822, 100.78620945658055, 14.764641889755431, 22.899572385685925, 86.16482979024362, 40.771219393225785, 38.89196842991223], [59.57710764604746, 88.63073475506036, 89.84214816836817, 22.932820109583563, 45.024969320698126, 83.8853143026819, 90.59215600512661, 0.0, 38.858546446771236, 79.0804797773567, 43.604834279332934, 43.31363248676849, 46.81761387905912, 44.41767101747943, 63.48163403883001, 85.82955326933671, 36.52984325188589, 68.96986513605289, 16.43149018790442, 37.43017630141074, 11.104895928940245, 17.499823584129235, 33.91880611510214, 99.82203882909154, 84.38714639958253, 61.58542768584942, 74.97679712978477, 52.30331591186811, 74.3068241513855, 15.818496333798793, 93.22465327503372, 17.375994410125745, 74.38787956895233, 76.6895282203226, 62.451330532859124, 72.90168622626413, 72.11377903290006, 42.82312291668271, 75.09269826185745, 27.850016597620115, 72.73325594589164, 73.8883616903527, 93.84150600645019, 86.4298854350389, 49.20127857445938, 29.479624803424027, 82.72410048570893, 67.38345148868027, 38.82405811047909, 91.93016894450571, 71.94180750763122, 9.202267296317727, 51.70566874220299, 90.57053742077315], [89.15483198823544, 111.52887929879101, 73.55317483241076, 17.177795993320583, 45.99196170983472, 92.88881720313032, 94.78527916431322, 38.858546446771236, 0.0, 68.76195268983983, 28.590992332621333, 56.90601821621362, 60.156272202809575, 31.869755005068694, 65.69628300572992, 101.37799638904458, 18.492369625747628, 69.76675028411137, 53.025352435380164, 29.230336408569244, 42.29011329485547, 47.96975352582868, 71.18296570887891, 85.69634393476358, 79.42173012048212, 97.01049429607983, 69.23631667567788, 31.046445598886965, 60.70956460942496, 35.01531671819374, 91.58353969773636, 21.596561952563192, 93.11593314890695, 64.66648726350392, 97.56925394881978, 56.41511467058371, 53.235699679908684, 72.98037123245098, 77.4431549791207, 52.87824249696249, 79.14456476426874, 55.28947706731284, 90.50201386701276, 70.88370417577785, 46.64776491101398, 60.896322613913306, 100.12734539814306, 100.0124082150629, 6.492986877208689, 89.92283259234733, 72.10763969528855, 46.51294259604728, 55.31141006639072, 109.470289990632], [79.40215193131526, 79.30896446997349, 14.981717550928332, 65.98229501834221, 34.55452915819803, 42.86261772679635, 36.514742378300454, 79.0804797773567, 68.76195268983983, 0.0, 41.095840981474794, 45.05971031432712, 43.877680865509916, 38.39825903516714, 24.415903641422588, 59.059958254244314, 51.96452140440754, 21.164627461129957, 78.92444042776057, 44.12589127404521, 70.92731939614313, 69.27358060992869, 88.99097087950504, 21.121599880193703, 13.6762752034112, 99.14926085143986, 8.977356941621563, 38.03067870101271, 9.117962332448602, 63.30648321708394, 26.634715878259808, 70.70791786596095, 60.05086691161997, 4.707734891526649, 98.56599829152694, 15.091358368749235, 19.88065106390705, 73.14064128477985, 24.723707199185426, 61.810176069325564, 32.364078375223066, 18.514950654043627, 24.048156491570907, 11.889487645030771, 29.982242068537918, 71.81229304108264, 61.58648745064694, 93.20031120719572, 75.23297629447377, 24.91616845070298, 19.945263432300184, 78.3769769762507, 31.152239039659666, 70.35284642167885], [72.93585150544521, 89.13477355675583, 48.44296535447025, 25.614791359673898, 19.961522457166705, 65.58091137972794, 66.50180027905827, 43.604834279332934, 28.590992332621333, 41.095840981474794, 0.0, 34.95817731794272, 37.35142647769662, 3.4191349826175883, 37.79912146070263, 75.90679534040943, 10.872610181399164, 41.470595709816685, 50.140833003150725, 7.0941377380052835, 39.30516203281563, 41.309971209810996, 65.89399779120919, 59.79932997554085, 50.972833212887416, 86.31101135726229, 40.75065528444199, 9.283459089838713, 33.913454753636294, 29.887180426891724, 63.00313917342003, 31.05692670444497, 69.472674290453, 37.40819695643434, 86.41004985791493, 30.88381756138427, 29.143766144956192, 59.22351196629706, 49.19192993905874, 39.95758216104054, 51.647421081445714, 31.065649210944724, 62.00039461361848, 45.317471013325196, 19.017087556141544, 50.643425285617404, 75.48642644082692, 85.76186369555539, 34.87448487960089, 61.348696492212405, 43.68461469038962, 46.49235505674833, 28.695128016797423, 85.10954312028117], [39.21443142351003, 54.92920747509258, 59.232667409824245, 43.48881039017618, 16.53357151819507, 40.713964800428734, 47.429345306618615, 43.31363248676849, 56.90601821621362, 45.05971031432712, 34.95817731794272, 0.0, 3.63015890748289, 32.24455493496308, 22.888878402999328, 45.265284026406015, 39.93775705200634, 28.329305245675346, 36.858194092711265, 29.757370211949087, 32.58186569520817, 28.12567333919908, 44.11667434762416, 65.77054742152974, 45.321524675602866, 55.99398092403334, 37.94173858810708, 42.191468403148946, 44.63608560123187, 29.44718823679666, 51.64241487035853, 44.54239653581551, 36.21660173128482, 44.808685314661325, 55.69379700502462, 46.68549678576603, 48.778700038210864, 28.809041893816342, 32.978630980994964, 18.28732595086356, 29.559074490843493, 49.634044494806965, 53.0046344110007, 55.74260778164417, 20.681994150949464, 27.060107961744635, 43.45488135526513, 52.76033316815929, 61.62397631445447, 50.58039086070459, 31.254217398345855, 38.80469277331687, 14.085293510239556, 52.63982306907536], [38.24548126003129, 52.025709418424924, 58.34810826186831, 47.006607651872564, 18.13529133399919, 37.1338607714806, 44.09429626834074, 46.81761387905912, 60.156272202809575, 43.877680865509916, 37.35142647769662, 3.63015890748289, 0.0, 34.4791733585109, 20.768288665882793, 41.7340988874838, 42.92442487020266, 26.03506771701098, 39.797265327220266, 32.53119445311846, 36.0121357391893, 31.320026897638414, 45.964564353370974, 64.28753594179227, 43.149929898778055, 56.03463259812602, 36.33323120710418, 44.13723826600269, 44.17949155730297, 33.07121379911972, 48.82343917498563, 48.14758300714261, 32.98740566622709, 43.99640374303119, 55.63102961890438, 46.676341414864474, 49.092862956503744, 29.329885383365106, 30.129924099140226, 21.16717420924368, 26.255454239514954, 49.80885974120968, 50.36301871292816, 54.9007705863353, 21.730214714900665, 29.15346860259162, 40.04805432060255, 51.98461394196619, 64.98262261671272, 47.82719775249142, 28.88490021470007, 42.07161208753078, 13.691817050966138, 49.31838542871245], [70.64090528061567, 86.0862082855821, 46.47792773974855, 27.769358806536253, 16.80385756924243, 62.167366504743974, 63.11240776047335, 44.41767101747943, 31.869755005068694, 38.39825903516714, 3.4191349826175883, 32.24455493496308, 34.4791733585109, 0.0, 34.38024776249586, 72.59617472760138, 13.821665783754716, 38.07705708197063, 49.84139546124995, 7.001885188170451, 39.297208275478994, 40.73623843477379, 65.0338455938754, 57.55756471493892, 47.884083842232585, 84.61007151267194, 37.648525879687504, 10.482370751704714, 31.590698542134774, 30.025936571332476, 59.78684609279448, 32.91845406526594, 66.3375487963497, 34.88730549847236, 84.65294921474485, 29.025086932945943, 27.75694690307327, 57.350203736156146, 45.79503204085362, 38.52344714152432, 48.23140582478827, 29.591491345697104, 58.86569621599589, 43.25811933722836, 15.621713850282651, 49.358017577105194, 72.24579559608759, 83.63669196802412, 38.09803743891579, 58.1432813556434, 40.31557195118852, 46.64433657221353, 25.371604018108524, 81.88166873983961], [54.99238298976107, 58.094250045793196, 39.36706610912923, 56.969900822718586, 20.516469373028965, 27.984074852696, 29.29307935886025, 63.48163403883001, 65.69628300572992, 24.415903641422588, 37.79912146070263, 22.888878402999328, 20.768288665882793, 34.38024776249586, 0.0, 40.536000083203156, 47.204934206025335, 5.559915742231422, 59.389010099875925, 36.62766913425097, 53.595927339910105, 50.21664289114997, 66.73148437824636, 43.90629993506879, 22.438610944386625, 74.84243333355504, 16.03122862747063, 40.49149639138328, 27.319270160014934, 48.076186912624266, 29.743532687082762, 60.037037096082464, 37.99173625090642, 25.739431767561175, 74.22229038627015, 31.623129123258945, 35.404104955390416, 49.35954292686017, 12.155106458262384, 41.03256332900234, 14.04540078908699, 35.38078765805679, 30.558342032714844, 36.12911811061113, 19.049225342581934, 49.84585997886066, 41.550999980524445, 68.8053118943936, 71.60263152778673, 28.471173264476842, 8.550456572477794, 60.489627681857314, 11.925225333604688, 51.07930627742723], [41.982616940697106, 22.005609801740963, 72.67612558983835, 88.74051203478743, 56.116008030742925, 16.974420939812923, 28.139866986214436, 85.82955326933671, 101.37799638904458, 59.059958254244314, 75.90679534040943, 45.265284026406015, 41.7340988874838, 72.59617472760138, 40.536000083203156, 0.0, 83.46555790214428, 39.985478340286555, 74.38423864497933, 72.65595616777777, 74.73071625064479, 68.58587739305865, 71.25763182262072, 71.17541320894276, 48.17979832480881, 62.856252130804826, 50.461439093458736, 80.27925253160674, 65.38756019828575, 73.98333821638106, 41.83958523791595, 89.68973204158473, 12.868082264560265, 62.380887613108015, 61.51644556572875, 70.69811513803147, 74.99337248902067, 50.079927007451914, 34.417437238281906, 57.994038289960535, 27.453862313156257, 74.59302742918393, 45.750601569585854, 70.34177581306945, 57.13763602946736, 59.912753495967735, 5.339414085830495, 51.516133430640906, 106.48679294001663, 42.42219151163223, 39.89843240659448, 79.06535972797744, 47.22528517278688, 11.339437164676978], [75.30992420503384, 94.86650980903923, 58.85199365605517, 15.7539550063588, 27.639035042491063, 74.4625715871243, 76.32474181918168, 36.52984325188589, 18.492369625747628, 51.96452140440754, 10.872610181399164, 39.93775705200634, 42.92442487020266, 13.821665783754716, 47.204934206025335, 83.46555790214428, 0.0, 51.327254165448274, 46.10017103296003, 10.8590600996035, 34.776322131717706, 38.448906863505194, 63.256795472568704, 70.43237018651963, 61.70556409644359, 86.26264488612628, 51.46952888277049, 16.906131634735466, 44.651611004558575, 25.50417060111491, 73.54255954763447, 21.68738776372064, 75.8504716959004, 48.23448661098431, 86.56516970875407, 41.284237135360286, 39.060437876701805, 60.199842513170964, 58.984507396164084, 39.990668179735984, 60.67916802705089, 41.05823967321156, 72.67750977229188, 55.826490493112296, 28.157554265226764, 49.76517199177, 82.50653168027173, 87.31666004766883, 24.48648582167856, 71.91063621622116, 53.71835932466935, 41.20618472413146, 36.927306883781874, 91.98437675182679], [58.702278259055525, 58.94506507382004, 36.08570835722179, 61.81708939272974, 25.439730496917807, 25.738690528896186, 25.038203283472157, 68.96986513605289, 69.76675028411137, 21.164627461129957, 41.470595709816685, 28.329305245675346, 26.03506771701098, 38.07705708197063, 5.559915742231422, 39.985478340286555, 51.327254165448274, 0.0, 64.92728754755377, 40.987770339534144, 59.13938051452213, 55.77351233496478, 71.9668617521152, 39.446662613282406, 17.132588402444064, 79.03187549136942, 12.255931922503478, 43.152548204360144, 25.75657220923171, 53.50168710842508, 24.271342711017226, 65.10086534828253, 39.23717532063498, 23.372809232917575, 78.33976290448476, 30.786841311339078, 35.012268216220086, 54.1201193512771, 7.72820213098014, 46.53241263187824, 12.542619631127423, 34.66663027623925, 25.001256923046938, 33.05362234874676, 23.31569733886479, 55.17998836396249, 41.7009728069308, 72.39852694653028, 75.80669695770165, 22.960578303039505, 2.991825518234822, 66.04767791973536, 17.302948077823775, 50.9598970316907], [43.940812205740464, 74.42676283050578, 91.49570391627518, 35.99164957570383, 44.567953429459564, 75.19600304366395, 83.56029351324308, 16.43149018790442, 53.025352435380164, 78.92444042776057, 50.140833003150725, 36.858194092711265, 39.797265327220266, 49.84139546124995, 59.389010099875925, 74.38423864497933, 46.10017103296003, 64.92728754755377, 0.0, 43.13862836624774, 11.346893740696562, 9.693051558040763, 18.172756461403438, 100.04579869348733, 81.58817229774061, 45.247495556694645, 73.21304075648004, 59.40587968039432, 75.90530973034485, 20.658545017349706, 88.50047398914266, 31.66868566808917, 62.17168704475561, 77.4356249900321, 46.073176899985384, 75.81126157322572, 76.06579581759591, 27.575966585180428, 69.8326142782323, 18.6300952940456, 65.88698438544958, 77.58042158388842, 89.79934086933842, 87.96961690967835, 49.43312389039016, 14.829764001010691, 70.67581923431236, 51.031246528282836, 54.02720548839534, 87.42863277421682, 67.898287823819, 7.233866859280746, 48.64284439708958, 77.69830692592483], [66.73193806928269, 84.55690375388265, 53.08021480620013, 21.934348476172136, 16.787770710339323, 63.65928618607355, 65.86947966955888, 37.43017630141074, 29.230336408569244, 44.12589127404521, 7.0941377380052835, 29.757370211949087, 32.53119445311846, 7.001885188170451, 36.62766913425097, 72.65595616777777, 10.8590600996035, 40.987770339534144, 43.13862836624774, 0.0, 32.42898650222845, 34.23204728863151, 58.80014051188534, 63.867237127233274, 52.5548203137463, 79.48999377220252, 42.3608657753666, 16.364467776275045, 37.9146234454704, 23.090894257009214, 63.86283574373049, 26.61340289223864, 65.29484370234464, 40.9316726613289, 79.62855770139447, 35.76169189773583, 34.701503195065015, 52.57048009733408, 48.562111553720406, 33.03653807638477, 49.92573000452799, 36.50628795453339, 63.301872916784575, 49.7903711357007, 17.675014750771616, 43.63673719003903, 71.79220144784918, 79.32254037341289, 34.99527450319536, 62.279936240983965, 43.50603264482614, 39.72027005892864, 26.092036042515332, 81.3120919442653], [50.0717286742933, 78.02475483842761, 82.67524737463135, 25.12450026270336, 36.397806860142175, 72.96089753872327, 79.9961872652051, 11.104895928940245, 42.29011329485547, 70.92731939614313, 39.30516203281563, 32.58186569520817, 36.0121357391893, 39.297208275478994, 53.595927339910105, 74.73071625064479, 34.776322131717706, 59.13938051452213, 11.346893740696562, 32.42898650222845, 0.0, 6.887680817683426, 29.11579097224423, 91.94501485197345, 75.09828650911705, 54.90623414467265, 66.06417030608135, 48.51034879586484, 67.03356615348558, 9.471409752354349, 83.27881795021761, 21.494636284053602, 63.354203150649525, 68.97580926521493, 55.55570455612003, 66.37008839260037, 66.21899897624814, 33.22310356236439, 64.90774074367138, 16.775458181077408, 62.12155652522878, 67.83950493353896, 84.12795852257307, 79.18645734582573, 40.977496206660625, 19.98763261643773, 71.66268741937546, 59.11740678217437, 43.87218329906136, 82.05313509067443, 62.129264934527285, 7.543362954472843, 42.07115641071811, 79.60336739638], [43.237135265784346, 71.23536262136241, 81.80304503628888, 30.836165793254995, 34.87881257038161, 67.72787373176642, 75.39594673388484, 17.499823584129235, 47.96975352582868, 69.27358060992869, 41.309971209810996, 28.12567333919908, 31.320026897638414, 40.73623843477379, 50.21664289114997, 68.58587739305865, 38.448906863505194, 55.77351233496478, 9.693051558040763, 34.23204728863151, 6.887680817683426, 0.0, 24.853314029895675, 90.39267265406083, 72.24936545237952, 49.052960167569225, 63.69740546859289, 50.5920236446085, 66.21540171863168, 13.279239216479763, 79.60396134522797, 27.85278785515836, 56.95981648449205, 67.74765612195601, 49.59950520058555, 66.1779645192155, 66.52743633901304, 26.40053492150907, 61.01455187431903, 10.719433211894524, 57.57452664370715, 68.01017877503749, 80.73638279264829, 78.27671340608603, 39.74007713868339, 13.294435458797789, 65.33818719973553, 52.59782507915204, 50.02698468274003, 78.47106274238882, 58.75882195377444, 10.82549409366557, 39.203746653359026, 73.08481054098863], [33.296798867339106, 66.03645766170767, 102.72119609070072, 54.10627369312756, 56.319422852806134, 76.15735821239349, 86.29463010795867, 33.91880611510214, 71.18296570887891, 88.99097087950504, 65.89399779120919, 44.11667434762416, 45.964564353370974, 65.0338455938754, 66.73148437824636, 71.25763182262072, 63.256795472568704, 71.9668617521152, 18.172756461403438, 58.80014051188534, 29.11579097224423, 24.853314029895675, 0.0, 109.85036639918454, 89.09708625774297, 28.18983227632918, 82.05829481789938, 75.14508999491345, 87.5295271314713, 37.84044766863346, 93.74116161546273, 49.83587700333356, 58.40585062215682, 88.31915791018008, 29.25600050660221, 88.43774463408647, 89.43088593711508, 21.267310411354938, 75.2915797929637, 27.74895123444476, 69.73757495027057, 90.72176140392413, 95.73534925472057, 99.19057378225719, 61.312933469244065, 17.189736358019356, 66.706399200719, 36.30050768681864, 72.16410911126789, 92.95075743811644, 74.7677259427936, 25.049388449252227, 57.83916653866462, 71.90650622228601], [97.96918414832345, 92.83781870009813, 12.462381366922118, 85.31361171682157, 55.62791882014695, 54.20218260191723, 44.07888556483826, 99.82203882909154, 85.69634393476358, 21.121599880193703, 59.79932997554085, 65.77054742152974, 64.28753594179227, 57.55756471493892, 43.90629993506879, 71.17541320894276, 70.43237018651963, 39.446662613282406, 100.04579869348733, 63.867237127233274, 91.94501485197345, 90.39267265406083, 109.85036639918454, 0.0, 23.914163871509686, 118.47630869706997, 27.97022386344545, 54.7340624487255, 25.974756933805523, 84.12125440438002, 30.368429811626246, 90.4203862374161, 75.23601084260973, 23.141047755299063, 117.77319154155559, 29.333558565667374, 32.57829789080853, 93.25548657422402, 39.84679840026183, 82.85301113501836, 47.80311063183568, 30.54210187845512, 26.331163057941865, 14.814652766824103, 50.96751876149806, 92.70469313534988, 74.80826315487064, 111.52879375502823, 92.17071197360983, 29.32634693051959, 37.244033590219786, 99.42012658712649, 52.07086193776338, 82.37588078566324], [74.46847557601906, 69.441030658415, 24.75284361891981, 74.37602438848378, 39.5151075444817, 31.340815474850608, 23.324931353904844, 84.38714639958253, 79.42173012048212, 13.6762752034112, 50.972833212887416, 45.321524675602866, 43.149929898778055, 47.884083842232585, 22.438610944386625, 48.17979832480881, 61.70556409644359, 17.132588402444064, 81.58817229774061, 52.5548203137463, 75.09828650911705, 72.24936545237952, 89.09708625774297, 23.914163871509686, 0.0, 95.32936243011264, 10.23828851033127, 49.60824857642416, 22.578793098103425, 68.64281382302772, 13.10541945013263, 78.44931275745486, 51.385694455049816, 18.284558494613847, 94.54615441205796, 28.637184506567234, 33.45486246037025, 71.07117118334126, 15.982712015243735, 63.38798940860785, 23.898628525770782, 32.16682635415939, 11.147377459094665, 22.873416767095318, 35.9519920790193, 72.27362550298365, 51.42096472131566, 87.88691631249957, 85.79250068268112, 11.366286424347782, 14.403579366107177, 82.23759674458776, 33.09112533265994, 59.50456307673196], [21.675543455186816, 49.54611076820347, 113.95779592164696, 79.8506336477301, 71.79585297406426, 73.6062163504414, 85.45537750937379, 61.58542768584942, 97.01049429607983, 99.14926085143986, 86.31101135726229, 55.99398092403334, 56.03463259812602, 84.61007151267194, 74.84243333355504, 62.856252130804826, 86.26264488612628, 79.03187549136942, 45.247495556694645, 79.48999377220252, 54.90623414467265, 49.052960167569225, 28.18983227632918, 118.47630869706997, 95.32936243011264, 0.0, 90.85481255806724, 95.09164494467782, 100.19249493905717, 62.20343352302823, 96.15917172841783, 76.36428626562035, 51.010729615288874, 99.78255044260405, 1.6292666954985529, 102.62955468082149, 104.76215604681616, 27.498086928434972, 79.66157028395575, 46.51474163486082, 72.3658713733138, 105.62682744376018, 99.08503256173127, 110.58774372222972, 76.40759846592131, 36.55340037696443, 57.5627268230839, 12.774798230774058, 98.77274443188821, 95.85851544344301, 81.28518176061849, 52.45154345234357, 69.70232895158988, 59.06976153542203], [70.80162848332674, 70.43467812200494, 23.833521838240557, 64.22184699621852, 29.95362089869267, 34.644376130792644, 29.757534759682564, 74.97679712978477, 69.23631667567788, 8.977356941621563, 40.75065528444199, 37.94173858810708, 36.33323120710418, 37.648525879687504, 16.03122862747063, 50.461439093458736, 51.46952888277049, 12.255931922503478, 73.21304075648004, 42.3608657753666, 66.06417030608135, 63.69740546859289, 82.05829481789938, 27.97022386344545, 10.23828851033127, 90.85481255806724, 0.0, 39.71710183893415, 15.298592123438961, 59.17174554791679, 22.610965888522212, 68.39947945601156, 51.08832119987656, 11.927294058415772, 90.21776840402009, 21.125318254816086, 25.83178865706064, 65.30831203238066, 16.04444581349541, 55.45183300773331, 23.47913681507233, 24.970874011046114, 21.265719645889945, 20.849380209775184, 26.066168631532697, 64.97490014694279, 52.79954986438944, 84.54909344598924, 75.59112418140373, 20.896601227403007, 10.980346966475402, 73.35043323829922, 24.622792160296168, 61.70199247709414], [80.93798833163662, 95.05055737686315, 42.743915212521486, 32.6546693189223, 26.043234481282294, 68.43627262614403, 67.71134452513623, 52.30331591186811, 31.046445598886965, 38.03067870101271, 9.283459089838713, 42.191468403148946, 44.13723826600269, 10.482370751704714, 40.49149639138328, 80.27925253160674, 16.906131634735466, 43.152548204360144, 59.40587968039432, 16.364467776275045, 48.51034879586484, 50.5920236446085, 75.14508999491345, 54.7340624487255, 49.60824857642416, 95.09164494467782, 39.71710183893415, 0.0, 29.71284779314135, 39.06383279533711, 62.327646899365135, 38.52326864585618, 75.0410309031291, 33.770074234938804, 95.13514247068939, 25.407708666218124, 22.556769310438227, 67.82591148969803, 50.78582596590583, 48.94310143959751, 54.53180356173153, 24.598020503960136, 60.753636928824754, 39.94314145309279, 23.477950508182406, 59.72595423076478, 80.40879827900076, 94.02983776355059, 37.53838723878703, 60.610452243125984, 44.8929444099313, 55.6243622906954, 33.516909657510006, 90.08065475428138], [81.44087670454196, 84.69881382716682, 15.642283379930651, 59.356254120411926, 31.466221241599076, 49.884772998637075, 44.75414655807166, 74.3068241513855, 60.70956460942496, 9.117962332448602, 33.913454753636294, 44.63608560123187, 44.17949155730297, 31.590698542134774, 27.319270160014934, 65.38756019828575, 44.651611004558575, 25.75657220923171, 75.90530973034485, 37.9146234454704, 67.03356615348558, 66.21540171863168, 87.5295271314713, 25.974756933805523, 22.578793098103425, 100.19249493905717, 15.298592123438961, 29.71284779314135, 0.0, 58.77225238656648, 35.64481593754021, 64.44687191315731, 64.89466009452033, 4.418945492818419, 99.74999096993932, 6.0661957563579065, 10.887433523334202, 73.38232441719234, 31.106238067144965, 59.87015036714156, 38.04116780269392, 9.755909970157406, 33.156058089765914, 12.159398117704752, 26.515316674379445, 70.391854409198, 67.39457227098771, 95.31534041148292, 67.20139570589981, 33.91466975117465, 25.492754156357318, 74.56966567141158, 30.603199519006868, 76.52508944968721], [54.62662444763725, 79.9312237662841, 74.37141517270717, 18.114458488023967, 29.21817673261645, 70.08062736094281, 75.89588542085345, 15.818496333798793, 35.01531671819374, 63.30648321708394, 29.887180426891724, 29.44718823679666, 33.07121379911972, 30.025936571332476, 48.076186912624266, 73.98333821638106, 25.50417060111491, 53.50168710842508, 20.658545017349706, 23.090894257009214, 9.471409752354349, 13.279239216479763, 37.84044766863346, 84.12125440438002, 68.64281382302772, 62.20343352302823, 59.17174554791679, 39.06383279533711, 58.77225238656648, 0.0, 77.77191388746887, 16.491914483835483, 63.54180267297913, 61.01226929290345, 62.69354977021523, 57.701382695684934, 57.27938260832462, 38.13785085871906, 59.898172436767936, 18.57276564360776, 58.15782162957644, 58.96277109940152, 78.24702377312707, 70.92427754516463, 33.39146493219775, 25.88881317826487, 71.50657953318111, 65.03774849202071, 37.62457055160291, 76.43320321711249, 56.45152851995145, 16.62981473486484, 36.19889021360439, 80.07533408771917], [74.63915942018666, 63.82074801502473, 35.390064926448154, 85.34589279154764, 49.375451207820376, 25.202400124685102, 13.905190192032133, 93.22465327503372, 91.58353969773636, 26.634715878259808, 63.00313917342003, 51.64241487035853, 48.82343917498563, 59.78684609279448, 29.743532687082762, 41.83958523791595, 73.54255954763447, 24.271342711017226, 88.50047398914266, 63.86283574373049, 83.27881795021761, 79.60396134522797, 93.74116161546273, 30.368429811626246, 13.10541945013263, 96.15917172841783, 22.610965888522212, 62.327646899365135, 35.64481593754021, 77.77191388746887, 0.0, 88.98095965300197, 48.12384355667764, 31.30550894267639, 95.18765887385148, 41.68863598532776, 46.49740731152974, 74.19939963565001, 18.693518681236842, 69.91031515506265, 24.263456740761963, 45.14656637068176, 4.048522044129858, 34.295673517007565, 46.54915571132278, 77.61366733748034, 46.0343088068156, 87.31097509286882, 97.87357365691193, 1.741728875473781, 21.323477159613056, 90.05576051583962, 41.57315434849125, 52.744593745074226], [70.71574581619278, 96.39349965308331, 79.38285407083224, 6.138654892364191, 39.67129578511041, 84.41944679549702, 88.96979759005883, 17.375994410125745, 21.596561952563192, 70.70791786596095, 31.05692670444497, 44.54239653581551, 48.14758300714261, 32.91845406526594, 60.037037096082464, 89.68973204158473, 21.68738776372064, 65.10086534828253, 31.66868566808917, 26.61340289223864, 21.494636284053602, 27.85278785515836, 49.83587700333356, 90.4203862374161, 78.44931275745486, 76.36428626562035, 68.39947945601156, 38.52326864585618, 64.44687191315731, 16.491914483835483, 88.98095965300197, 0.0, 79.68064370427984, 67.54187868085955, 77.03681935019662, 61.87559144875861, 60.175169464351924, 54.00999493395552, 72.1791528371077, 34.99785098594142, 71.68490613069065, 62.11351184094287, 88.85553106355734, 76.17636336308408, 42.56109309886053, 41.135567722810194, 87.4854298959287, 80.45039673940842, 22.42454738995635, 87.49291213042864, 67.89748906939653, 24.97000454884562, 48.2449258295625, 96.24331963067587], [29.66564051504278, 20.23188240256612, 74.6141152992193, 79.3435324003716, 49.53489348539379, 23.48655500284854, 35.66941062558776, 74.38787956895233, 93.11593314890695, 60.05086691161997, 69.472674290453, 36.21660173128482, 32.98740566622709, 66.3375487963497, 37.99173625090642, 12.868082264560265, 75.8504716959004, 39.23717532063498, 62.17168704475561, 65.29484370234464, 63.354203150649525, 56.95981648449205, 58.40585062215682, 75.23601084260973, 51.385694455049816, 51.010729615288874, 51.08832119987656, 75.0410309031291, 64.89466009452033, 63.54180267297913, 48.12384355667764, 79.68064370427984, 0.0, 62.59891055273953, 49.7614528459795, 69.55475727016184, 73.39551517596526, 37.26475675655116, 35.821174775346606, 46.5873871949873, 27.85421106236248, 73.34768088944452, 51.667920034827844, 71.8491577034141, 51.56442368262339, 47.525826732049055, 8.515536913529125, 40.41120207756002, 97.811186374336, 48.27800673540648, 40.10850196707069, 67.19681391624503, 41.542041681948405, 16.56626827449285], [80.52533183025102, 82.16759779411758, 14.434398703001552, 62.62300909792342, 32.86907041890828, 46.52076544618073, 40.80335702358125, 76.6895282203226, 64.66648726350392, 4.707734891526649, 37.40819695643434, 44.808685314661325, 43.99640374303119, 34.88730549847236, 25.739431767561175, 62.380887613108015, 48.23448661098431, 23.372809232917575, 77.4356249900321, 40.9316726613289, 68.97580926521493, 67.74765612195601, 88.31915791018008, 23.141047755299063, 18.284558494613847, 99.78255044260405, 11.927294058415772, 33.770074234938804, 4.418945492818419, 61.01226929290345, 31.30550894267639, 67.54187868085955, 62.59891055273953, 0.0, 99.27138029090375, 10.391432270344186, 15.19252732288635, 73.322805374468, 27.967741828031606, 60.84103008985729, 35.2672977191024, 13.887402561130516, 28.755567784866987, 10.93394993424647, 28.061506093507695, 71.13383742211393, 64.64039273159516, 94.38092011681044, 71.15172654165504, 29.581193544455264, 22.675096224526428, 76.4819479820789, 30.731079570991856, 73.60678273721548], [20.597960910048997, 47.983600965098, 113.40571685620972, 80.42553624100833, 71.61439648456899, 72.47024472219596, 84.3609306109268, 62.451330532859124, 97.56925394881978, 98.56599829152694, 86.41004985791493, 55.69379700502462, 55.63102961890438, 84.65294921474485, 74.22229038627015, 61.51644556572875, 86.56516970875407, 78.33976290448476, 46.073176899985384, 79.62855770139447, 55.55570455612003, 49.59950520058555, 29.25600050660221, 117.77319154155559, 94.54615441205796, 1.6292666954985529, 90.21776840402009, 95.13514247068939, 99.74999096993932, 62.69354977021523, 95.18765887385148, 77.03681935019662, 49.7614528459795, 99.27138029090375, 0.0, 102.2734532427879, 104.47249615903888, 27.397114316946713, 78.82895189259709, 46.7184846308002, 71.47401912958436, 105.30867366928557, 98.15132270284525, 110.05077204089193, 76.18302634481954, 36.94240190356544, 56.212752376429926, 11.171956782250385, 99.42751905449619, 94.9106755649566, 80.55652579617924, 53.29299360628877, 69.31493599011188, 57.58745657955102], [84.54922031643841, 89.53880980766075, 17.575324914560845, 56.49804217670258, 32.12789401951587, 55.51101068321348, 50.742487018922105, 72.90168622626413, 56.41511467058371, 15.091358368749235, 30.88381756138427, 46.68549678576603, 46.676341414864474, 29.025086932945943, 31.623129123258945, 70.69811513803147, 41.284237135360286, 30.786841311339078, 75.81126157322572, 35.76169189773583, 66.37008839260037, 66.1779645192155, 88.43774463408647, 29.333558565667374, 28.637184506567234, 102.62955468082149, 21.125318254816086, 25.407708666218124, 6.0661957563579065, 57.701382695684934, 41.68863598532776, 61.87559144875861, 69.55475727016184, 10.391432270344186, 102.2734532427879, 0.0, 4.821253394898295, 75.4799653052284, 36.644098345987416, 60.688854890450116, 43.257531773684924, 3.901564176101327, 39.13384594406848, 14.57901220501556, 27.144394116926005, 71.45051461670027, 72.47901236834831, 98.40257554396831, 62.899808954999735, 39.9613247158805, 30.854793176905766, 73.90685320538492, 32.98635639186302, 81.73858793927253], [87.22834133745059, 93.47833652661525, 20.320557593107683, 54.58630522709799, 33.423051668526846, 60.03832025254657, 55.51164215793585, 72.11377903290006, 53.235699679908684, 19.88065106390705, 29.143766144956192, 48.778700038210864, 49.092862956503744, 27.75694690307327, 35.404104955390416, 74.99337248902067, 39.060437876701805, 35.012268216220086, 76.06579581759591, 34.701503195065015, 66.21899897624814, 66.52743633901304, 89.43088593711508, 32.57829789080853, 33.45486246037025, 104.76215604681616, 25.83178865706064, 22.556769310438227, 10.887433523334202, 57.27938260832462, 46.49740731152974, 60.175169464351924, 73.39551517596526, 15.19252732288635, 104.47249615903888, 4.821253394898295, 0.0, 77.43122927279747, 41.14631112565138, 61.742299275964385, 47.54022547593094, 2.0541844629072012, 43.90440687559