instance_id,num_cities,city_coordinates,distance_matrix,best_route,total_distance
2070,31,"[[66.72850962789481, 3.0196306817416696], [66.41407558736962, 77.51437819071664], [17.10990035340153, 17.694036990011263], [34.12878806484664, 42.439443611113944], [42.798735793877874, 92.54587712088039], [12.150110246863433, 65.1791793519196], [65.21974568706293, 69.45783468621798], [94.16720271190655, 61.836172383105726], [61.09628855001582, 8.27054878009762], [80.21728436420896, 16.30191997836595], [97.0711235311154, 33.058653100373206], [0.05082782506247163, 69.84236188323558], [1.3699965600368458, 81.77669275639558], [66.28911026186348, 45.02952462771462], [99.27918555506578, 33.14366284961334], [28.607959516095338, 91.79722049199752], [46.971092867008814, 1.5448521993685405], [39.80517109883846, 11.684027035114319], [53.04050415970616, 59.76476850526766], [75.35622524444882, 0.7855943522853237], [60.37699096246818, 41.48497006044136], [7.278722248448732, 79.17194140504637], [18.591046907652643, 67.49664786211909], [81.01761356511457, 47.82886452059366], [29.907174198423213, 3.1581456324378365], [55.65081470352528, 18.62615704773506], [80.15614808826838, 23.25292868240313], [79.84825267698675, 19.50667994030779], [83.94622995000809, 79.38349770365267], [84.64405851842336, 17.899887194766006], [23.7622530622533, 24.42966888407564]]","[[0.0, 74.49541110156902, 51.743063175995026, 51.15333319906899, 92.66921213233982, 82.7200771873164, 66.45533326956962, 64.90198345094618, 7.70026331665005, 18.93056398648088, 42.696804170183086, 94.39910304566918, 102.34456535191426, 42.01219181564756, 44.350916759033005, 96.61592411887524, 19.812382204959846, 28.28317382682692, 58.37270047126587, 8.912260941055349, 38.98620426350594, 96.60979064235723, 80.46428438519409, 47.03239233287616, 36.821595962169084, 19.138416602473917, 24.283488682767032, 21.070131725468208, 78.28084107641293, 23.28924485556202, 48.005092845342276], [74.49541110156902, 0.0, 77.5201581323893, 47.671698377290774, 27.99339625071579, 55.64831592122368, 8.144588212466374, 31.875416899807163, 69.44772689168131, 62.749451096689235, 54.001537773783056, 66.80524296627938, 65.18358337780082, 32.48509392540314, 55.21662641876975, 40.414131149858, 78.41810031118048, 71.00471062788502, 22.223884825039047, 77.24809583293506, 36.53169365066678, 59.15857951581091, 48.86099664392384, 33.08312324020356, 82.83479443617337, 59.86376511913026, 55.97454295805563, 59.543011096061306, 17.631507149107282, 62.33955256795472, 68.09672772523359], [51.743063175995026, 77.5201581323893, 0.0, 30.03294337520866, 79.13731254765393, 47.743463039788125, 70.66857837796539, 88.80515730424865, 44.98449151236046, 63.122736842295, 81.4240053073721, 54.86765663573041, 65.98735743684, 56.265651792293276, 83.60910458648702, 74.98991378604094, 33.94829874584354, 23.477553830555802, 55.32589574615508, 60.650884542162316, 49.37661011182184, 62.25901375861568, 49.82463090474191, 70.65623566429582, 19.36652667422979, 38.55218446139706, 63.29084159887548, 62.76453239484518, 90.9542990577473, 67.53447188928764, 9.466917849823389], [51.15333319906899, 47.671698377290774, 30.03294337520866, 0.0, 50.85098497269035, 31.625272491922992, 41.190303496741926, 63.09393251641961, 43.52883476950255, 52.98414510765267, 63.63754257161977, 43.729021300880824, 51.19138200101223, 32.264451699796325, 65.81022590068689, 49.66557848739701, 42.863648927328136, 31.274861680139573, 25.647999694723783, 58.60669530416522, 26.26555111003082, 45.49947723354797, 29.483637583319847, 47.197540344112355, 39.50749795325847, 32.09782309730045, 49.86622329628869, 51.14861771350012, 62.021291898620305, 56.16032743947568, 20.780207739064124], [92.66921213233982, 27.99339625071579, 79.13731254765393, 50.85098497269035, 0.0, 41.088616363887816, 32.18321593773801, 59.84818592563944, 86.23880451287806, 84.93108251906251, 80.5246663598618, 48.402822643481045, 42.805557657643746, 53.005673723677646, 81.96745857689864, 14.210510832269396, 91.09662507640626, 80.91724308746741, 34.34377529229831, 97.36498145173428, 54.00195630351612, 37.954360998424555, 34.83498367546992, 58.82426229020584, 90.3125622547567, 75.02866750777311, 78.72159142592676, 81.89866315181423, 43.201441032121025, 85.57484937743644, 70.72627163474114], [82.7200771873164, 55.64831592122368, 47.743463039788125, 31.625272491922992, 41.088616363887816, 0.0, 53.24183596783077, 82.08519447508772, 75.06211164125412, 83.79813050534405, 90.79265776427289, 12.966800162062816, 19.791116752539903, 57.76711787971468, 92.83183765084009, 31.29506217766052, 72.53846167923858, 60.22070833296997, 41.247304871516, 90.23052012591478, 53.73311434772362, 14.816470932935522, 6.845168030374762, 71.01947928586537, 64.51295950282298, 63.71416776416171, 79.89137424083862, 81.6640416033455, 73.1877412157641, 86.54885327305666, 42.37174133941081], [66.45533326956962, 8.144588212466374, 70.66857837796539, 41.190303496741926, 32.18321593773801, 53.24183596783077, 0.0, 29.934010831625137, 61.326069948419, 55.23112740838205, 48.36745487085193, 65.17005229758074, 65.02726141963345, 24.451704908006203, 49.78719233196979, 42.889055070123874, 70.32202016442636, 63.11666540627086, 15.565649879461326, 69.41631515932481, 28.388966671835902, 58.7496899264909, 46.6699239727257, 26.784043382541086, 75.11741791201442, 51.724499917450636, 48.559133595154904, 52.04912177168906, 21.19433884757917, 55.09560670781176, 61.20669416200621], [64.90198345094618, 31.875416899807163, 88.80515730424865, 63.09393251641961, 59.84818592563944, 82.08519447508772, 29.934010831625137, 0.0, 62.95205632449415, 47.6231914508675, 28.923664570594728, 94.45629196698845, 94.91546671828672, 32.55228789850171, 29.1443385911965, 72.08105695805833, 76.56706912236858, 73.96261328608037, 41.17883009300634, 63.882908130254165, 39.44553011495603, 88.60099844150048, 75.78783747275928, 19.21240141899554, 87.01989478220362, 57.88451926461121, 41.048463383351866, 44.68577246246749, 20.30706552174829, 44.95650599725243, 79.7251744381482], [7.70026331665005, 69.44772689168131, 44.98449151236046, 43.52883476950255, 86.23880451287806, 75.06211164125412, 61.326069948419, 62.95205632449415, 0.0, 20.73922381022891, 43.687971659373375, 86.70430464474975, 94.71210670836369, 37.12395052653646, 45.56978634153768, 89.6225217826623, 15.644684323413836, 21.563012686480086, 52.12053652109932, 16.104978649959882, 33.22220898747708, 89.01313340614804, 72.90011234249992, 44.291303148383165, 31.605340054821774, 11.700077264940322, 24.243554878666725, 21.860622179358263, 74.69385066113027, 25.440550874327474, 40.68104433684437], [18.93056398648088, 62.749451096689235, 63.122736842295, 52.98414510765267, 84.93108251906251, 83.79813050534405, 55.23112740838205, 47.6231914508675, 20.73922381022891, 0.0, 23.766362775698862, 96.40145057732059, 102.48824646957601, 31.92599728613856, 25.436202152664237, 91.44978300095445, 36.37417076034074, 40.675100907170076, 51.26008763508172, 16.25995869307083, 32.05968268251383, 96.29472175413287, 80.11674797533533, 31.537101309386756, 51.99871141624739, 24.676172911209743, 6.951277555085576, 3.2259371971319495, 63.19169631757989, 4.706360444877756, 57.037100746611046], [42.696804170183086, 54.001537773783056, 81.4240053073721, 63.63754257161977, 80.5246663598618, 90.79265776427289, 48.36745487085193, 28.923664570594728, 43.687971659373375, 23.766362775698862, 0.0, 103.75923578512122, 107.38786286848375, 33.02777779434327, 2.2096978433889327, 90.20767221344275, 59.1872682236018, 61.12498627734366, 51.496718752260904, 38.89842064348895, 37.649198961956536, 100.94112485195193, 85.70354665960227, 21.814543947249934, 73.51895290878743, 43.86272820610178, 19.55169111850155, 21.915365773564627, 48.14825084084968, 19.601533833113006, 73.81497041945836], [94.39910304566918, 66.80524296627938, 54.86765663573041, 43.729021300880824, 48.402822643481045, 12.966800162062816, 65.17005229758074, 94.45629196698845, 86.70430464474975, 96.40145057732059, 103.75923578512122, 0.0, 12.007017095906614, 70.73320968856419, 105.79726597863431, 36.02118247572839, 82.86169863467926, 70.44714132905192, 53.93944462396661, 102.17504598636316, 66.65874008614598, 11.80184357841644, 18.688020170668246, 83.905985836593, 73.0628915096388, 75.59403533769833, 92.66842839093376, 94.34675346644467, 84.436199407896, 99.26749395397508, 51.230307164947206], [102.34456535191426, 65.18358337780082, 65.98735743684, 51.19138200101223, 42.805557657643746, 19.791116752539903, 65.02726141963345, 94.91546671828672, 94.71210670836369, 102.48824646957601, 107.38786286848375, 12.007017095906614, 0.0, 74.59789333022911, 109.32237139569499, 29.022708386633777, 92.28547135690395, 79.93900443302644, 56.16374422031421, 109.69740222834074, 71.4510203301271, 6.457380960052926, 22.371505475887627, 86.5805863719752, 83.63758999066617, 83.27302911878053, 98.14422364060856, 100.18179065715147, 82.61090547521843, 104.95149205136354, 61.563741750103915], [42.01219181564756, 32.48509392540314, 56.265651792293276, 32.264451699796325, 53.005673723677646, 57.76711787971468, 24.451704908006203, 32.55228789850171, 37.12395052653646, 31.92599728613856, 33.02777779434327, 70.73320968856419, 74.59789333022911, 0.0, 35.06592046502252, 60.0590251167913, 47.58258643945776, 42.58310983581311, 19.815473140480005, 45.16345802000189, 6.893259148665469, 68.1757326098575, 52.72453768571355, 14.992168401860427, 55.46942987529583, 28.46596479921371, 25.816949259048815, 28.90096787256589, 38.62601897405089, 32.75547820967108, 47.25344050897006], [44.350916759033005, 55.21662641876975, 83.60910458648702, 65.81022590068689, 81.96745857689864, 92.83183765084009, 49.78719233196979, 29.1443385911965, 45.56978634153768, 25.436202152664237, 2.2096978433889327, 105.79726597863431, 109.32237139569499, 35.06592046502252, 0.0, 91.84041601582463, 61.11154878721683, 63.22716476982394, 53.354464888246106, 40.24118073443082, 39.786406599562895, 102.87219097214138, 87.69665499694734, 23.433739771140534, 75.57517583471224, 45.980351432618676, 21.52944923408299, 23.738754292951104, 48.71572492445842, 21.131957779485983, 76.01802933485861], [96.61592411887524, 40.414131149858, 74.98991378604094, 49.66557848739701, 14.210510832269396, 31.29506217766052, 42.889055070123874, 72.08105695805833, 89.6225217826623, 91.44978300095445, 90.20767221344275, 36.02118247572839, 29.022708386633777, 60.0590251167913, 91.84041601582463, 0.0, 92.10154531218123, 80.89191129580702, 40.286811961784586, 102.3157682921039, 59.50288986703293, 24.78576273676021, 26.284146711376707, 68.41043900141237, 88.64859587579153, 78.00846455515317, 85.76441968993402, 88.60863330663436, 56.71353178988887, 92.74082304918815, 67.54160111133599], [19.812382204959846, 78.41810031118048, 33.94829874584354, 42.863648927328136, 91.09662507640626, 72.53846167923858, 70.32202016442636, 76.56706912236858, 15.644684323413836, 36.37417076034074, 59.1872682236018, 82.86169863467926, 92.28547135690395, 47.58258643945776, 61.11154878721683, 92.10154531218123, 0.0, 12.415848788438035, 58.53542865740218, 28.395285041061843, 42.129931384969396, 87.18629057293008, 71.79879079619916, 57.457596261920514, 17.14001271963614, 19.160076891341806, 39.65461479615362, 37.463781082079834, 86.17433200349278, 41.06993438847128, 32.59394237853795], [28.28317382682692, 71.00471062788502, 23.477553830555802, 31.274861680139573, 80.91724308746741, 60.22070833296997, 63.11666540627086, 73.96261328608037, 21.563012686480086, 40.675100907170076, 61.12498627734366, 70.44714132905192, 79.93900443302644, 42.58310983581311, 63.22716476982394, 80.89191129580702, 12.415848788438035, 0.0, 49.86914618831789, 37.1840461193544, 36.21182096636979, 74.91721071169361, 59.70835543521578, 54.81710217521382, 13.063728270793696, 17.29964133613417, 41.97667006000053, 40.80002795035036, 80.81863278540848, 45.26767878465334, 20.489670696977623], [58.37270047126587, 22.223884825039047, 55.32589574615508, 25.647999694723783, 34.34377529229831, 41.247304871516, 15.565649879461326, 41.17883009300634, 52.12053652109932, 51.26008763508172, 51.496718752260904, 53.93944462396661, 56.16374422031421, 19.815473140480005, 53.354464888246106, 40.286811961784586, 58.53542865740218, 49.86914618831789, 0.0, 63.05976840506035, 19.697082773613335, 49.70693154536289, 35.30647339157464, 30.41684491549951, 61.151130064491625, 41.22134245495901, 45.47936447347401, 48.36702467042925, 36.60680841025202, 52.454293773215404, 45.88883581618806], [8.912260941055349, 77.24809583293506, 60.650884542162316, 58.60669530416522, 97.36498145173428, 90.23052012591478, 69.41631515932481, 63.882908130254165, 16.104978649959882, 16.25995869307083, 38.89842064348895, 102.17504598636316, 109.69740222834074, 45.16345802000189, 40.24118073443082, 102.3157682921039, 28.395285041061843, 37.1840461193544, 63.05976840506035, 0.0, 43.36838298470565, 103.8217983780203, 87.59366490791545, 47.38270344593922, 45.51093539536619, 26.581739632247803, 22.974341583773647, 19.25246363582427, 79.06591295920393, 19.472104827761537, 56.7536802859693], [38.98620426350594, 36.53169365066678, 49.37661011182184, 26.26555111003082, 54.00195630351612, 53.73311434772362, 28.388966671835902, 39.44553011495603, 33.22220898747708, 32.05968268251383, 37.649198961956536, 66.65874008614598, 71.4510203301271, 6.893259148665469, 39.786406599562895, 59.50288986703293, 42.129931384969396, 36.21182096636979, 19.697082773613335, 43.36838298470565, 0.0, 65.11323943373802, 49.22065118027663, 21.593524454021587, 48.96279408254275, 23.342280830725745, 26.900230285586613, 29.362821209141973, 44.62966977219328, 33.84001627579494, 40.39210727008401], [96.60979064235723, 59.15857951581091, 62.25901375861568, 45.49947723354797, 37.954360998424555, 14.816470932935522, 58.7496899264909, 88.60099844150048, 89.01313340614804, 96.29472175413287, 100.94112485195193, 11.80184357841644, 6.457380960052926, 68.1757326098575, 102.87219097214138, 24.78576273676021, 87.18629057293008, 74.91721071169361, 49.70693154536289, 103.8217983780203, 65.11323943373802, 0.0, 16.256726869476285, 80.12373282115462, 79.31042797395651, 77.4961375290699, 91.8588873267772, 93.94828456270037, 76.66779958519837, 98.68971518508799, 57.170124967939955], [80.46428438519409, 48.86099664392384, 49.82463090474191, 29.483637583319847, 34.83498367546992, 6.845168030374762, 46.6699239727257, 75.78783747275928, 72.90011234249992, 80.11674797533533, 85.70354665960227, 18.688020170668246, 22.371505475887627, 52.72453768571355, 87.69665499694734, 26.284146711376707, 71.79879079619916, 59.70835543521578, 35.30647339157464, 87.59366490791545, 49.22065118027663, 16.256726869476285, 0.0, 65.4514929257364, 65.32608671901006, 61.33311716783023, 75.81403808156522, 77.81697937984369, 66.42738252900645, 82.60047827674677, 43.3763305431501], [47.03239233287616, 33.08312324020356, 70.65623566429582, 47.197540344112355, 58.82426229020584, 71.01947928586537, 26.784043382541086, 19.21240141899554, 44.291303148383165, 31.537101309386756, 21.814543947249934, 83.905985836593, 86.5805863719752, 14.992168401860427, 23.433739771140534, 68.41043900141237, 57.457596261920514, 54.81710217521382, 30.41684491549951, 47.38270344593922, 21.593524454021587, 80.12373282115462, 65.4514929257364, 0.0, 67.88041056329047, 38.68168311009333, 24.591029768813172, 28.3463144744862, 31.690245648263364, 30.14788196157874, 61.85223247990852], [36.821595962169084, 82.83479443617337, 19.36652667422979, 39.50749795325847, 90.3125622547567, 64.51295950282298, 75.11741791201442, 87.01989478220362, 31.605340054821774, 51.99871141624739, 73.51895290878743, 73.0628915096388, 83.63758999066617, 55.46942987529583, 75.57517583471224, 88.64859587579153, 17.14001271963614, 13.063728270793696, 61.151130064491625, 45.51093539536619, 48.96279408254275, 79.31042797395651, 65.32608671901006, 67.88041056329047, 0.0, 30.033221665344144, 54.11801624974361, 52.54889050796071, 93.43727224669796, 56.68726002684864, 22.141313357945037], [19.138416602473917, 59.86376511913026, 38.55218446139706, 32.09782309730045, 75.02866750777311, 63.71416776416171, 51.724499917450636, 57.88451926461121, 11.700077264940322, 24.676172911209743, 43.86272820610178, 75.59403533769833, 83.27302911878053, 28.46596479921371, 45.980351432618676, 78.00846455515317, 19.160076891341806, 17.29964133613417, 41.22134245495901, 26.581739632247803, 23.342280830725745, 77.4961375290699, 61.33311716783023, 38.68168311009333, 30.033221665344144, 0.0, 24.938291442213398, 24.213453389466356, 67.0230181918877, 29.002338781716517, 32.412360500027575], [24.283488682767032, 55.97454295805563, 63.29084159887548, 49.86622329628869, 78.72159142592676, 79.89137424083862, 48.559133595154904, 41.048463383351866, 24.243554878666725, 6.951277555085576, 19.55169111850155, 92.66842839093376, 98.14422364060856, 25.816949259048815, 21.52944923408299, 85.76441968993402, 39.65461479615362, 41.97667006000053, 45.47936447347401, 22.974341583773647, 26.900230285586613, 91.8588873267772, 75.81403808156522, 24.591029768813172, 54.11801624974361, 24.938291442213398, 0.0, 3.758880048889456, 56.258381590372345, 6.9854415177179865, 56.406170883223766], [21.070131725468208, 59.543011096061306, 62.76453239484518, 51.14861771350012, 81.89866315181423, 81.6640416033455, 52.04912177168906, 44.68577246246749, 21.860622179358263, 3.2259371971319495, 21.915365773564627, 94.34675346644467, 100.18179065715147, 28.90096787256589, 23.738754292951104, 88.60863330663436, 37.463781082079834, 40.80002795035036, 48.36702467042925, 19.25246363582427, 29.362821209141973, 93.94828456270037, 77.81697937984369, 28.3463144744862, 52.54889050796071, 24.213453389466356, 3.758880048889456, 0.0, 60.01688698353999, 5.057819351843568, 56.301644495736895], [78.28084107641293, 17.631507149107282, 90.9542990577473, 62.021291898620305, 43.201441032121025, 73.1877412157641, 21.19433884757917, 20.30706552174829, 74.69385066113027, 63.19169631757989, 48.14825084084968, 84.436199407896, 82.61090547521843, 38.62601897405089, 48.71572492445842, 56.71353178988887, 86.17433200349278, 80.81863278540848, 36.60680841025202, 79.06591295920393, 44.62966977219328, 76.66779958519837, 66.42738252900645, 31.690245648263364, 93.43727224669796, 67.0230181918877, 56.258381590372345, 60.01688698353999, 0.0, 61.48757049940561, 81.49867714237561], [23.28924485556202, 62.33955256795472, 67.53447188928764, 56.16032743947568, 85.57484937743644, 86.54885327305666, 55.09560670781176, 44.95650599725243, 25.440550874327474, 4.706360444877756, 19.601533833113006, 99.26749395397508, 104.95149205136354, 32.75547820967108, 21.131957779485983, 92.74082304918815, 41.06993438847128, 45.26767878465334, 52.454293773215404, 19.472104827761537, 33.84001627579494, 98.68971518508799, 82.60047827674677, 30.14788196157874, 56.68726002684864, 29.002338781716517, 6.9854415177179865, 5.057819351843568, 61.48757049940561, 0.0, 61.230974878022174], [48.005092845342276, 68.09672772523359, 9.466917849823389, 20.780207739064124, 70.72627163474114, 42.37174133941081, 61.20669416200621, 79.7251744381482, 40.68104433684437, 57.037100746611046, 73.81497041945836, 51.230307164947206, 61.563741750103915, 47.25344050897006, 76.01802933485861, 67.54160111133599, 32.59394237853795, 20.489670696977623, 45.88883581618806, 56.7536802859693, 40.39210727008401, 57.170124967939955, 43.3763305431501, 61.85223247990852, 22.141313357945037, 32.412360500027575, 56.406170883223766, 56.301644495736895, 81.49867714237561, 61.230974878022174, 0.0]]",Route_0,1518.1052964178184
