instance_id,num_cities,city_coordinates,distance_matrix,best_route,total_distance
1993,42,"[[76.21096934462456, 61.186747037499515], [54.6036612034294, 49.723695147642744], [85.39473053498104, 94.96131469239485], [55.90649422084807, 1.8526495537429355], [66.62436863637704, 64.76052563521539], [76.42613689402282, 18.069350351648914], [31.565042531684362, 67.52836979712012], [25.693738240792065, 31.22492398466231], [44.1908820696432, 15.483281818034689], [74.6381199451988, 89.58530132099314], [95.47200832091313, 24.510052076144085], [4.737400871635145, 97.69769387663469], [7.798383270767017, 49.23220364532235], [78.51690668733647, 36.15466065008693], [57.035289454282236, 75.75731995791064], [41.498493665462036, 88.8471288244315], [66.75826278902395, 0.24175329329131356], [61.44362127804859, 49.60495490053541], [67.21933913337985, 68.00880346603132], [95.10860425829263, 98.00322226628005], [58.86586204977397, 63.40736899527817], [94.0087905102415, 78.95302737704279], [30.369131421598283, 88.79908584440463], [15.098255518305347, 83.88175793262627], [6.025527855488733, 35.70328471793688], [26.7460233221524, 98.85421710981652], [81.87437136119308, 49.46769465135319], [17.167180044383755, 43.318193552222425], [82.22502716871126, 22.03336862785774], [75.35039195579265, 42.289531985723904], [69.79794972197922, 48.292852574384405], [19.430573983885157, 75.55287261704794], [9.232317825939273, 77.80364573154819], [66.91923614084952, 80.20051868979537], [76.78859975423735, 98.0038053975248], [4.203380818290725, 94.23518630840498], [25.89638619075788, 6.272267471681115], [37.428792190383575, 78.05532452212378], [43.00380117232625, 98.31615826481554], [57.89504838819385, 70.77220725594036], [52.27313707520167, 53.0336910065328], [74.04471684204805, 90.84776217351272]]","[[0.0, 24.459708169520493, 35.00089841527786, 62.712094800476784, 10.231070648024273, 43.11793355483672, 45.0940679049002, 58.73415938827718, 55.80405650276917, 28.442076939383455, 41.42665296321225, 80.25908191197593, 69.44921195397694, 25.13807263764268, 24.08336136185929, 44.385275580706804, 61.67370528602827, 18.76732474337375, 11.286711999951129, 41.383250882472936, 17.486678042133896, 25.147627230944156, 53.515561835304766, 65.19069957246593, 74.66862158107298, 62.174103826713754, 13.015771634079721, 61.68836404531602, 39.6125729081066, 18.91680020921148, 14.40067134221126, 58.56960697741818, 69.00913766646964, 21.162698749823594, 36.821589362432704, 79.2293641500456, 74.47924102682606, 42.291916144550655, 49.812741302908066, 20.672542371017883, 25.288181753599975, 29.740014606649464], [24.459708169520493, 0.0, 54.722318779965434, 47.888770918917, 19.251069536535287, 38.447600571819855, 29.116737277308758, 34.32183241387239, 35.78871154807636, 44.61308310120414, 48.02030396667719, 69.19644841700763, 46.80785838137251, 27.494763260836812, 26.146939337370668, 41.26001065026864, 50.952889117124194, 6.840990649655041, 22.214871501934063, 63.02033918249685, 14.332106824296353, 49.062389650966104, 45.980415307509396, 52.22499719070465, 50.56092313425171, 56.47881174918607, 27.271911718155295, 37.98052885704083, 39.11130323270167, 22.038457723467992, 15.26151087063085, 43.63819970277985, 53.35768383909377, 32.871114359855824, 53.13323389597034, 67.2418107151734, 52.0781547842517, 33.13091228185905, 49.95782445758606, 21.304297490721982, 4.0481372627569, 45.48783939793263], [35.00089841527786, 54.722318779965434, 0.0, 97.66667602012349, 35.55860156812716, 77.41324080591886, 60.41689975627218, 87.33004054367287, 89.52382273971772, 12.02523143850901, 71.16833517652898, 80.70373349146617, 90.06855558908438, 59.20749125348007, 34.24983667365034, 44.3200054166617, 96.53555428796504, 51.29186103278101, 32.50819456704187, 10.179024727374602, 41.224171940282815, 18.178759364385844, 55.36957307187506, 71.16425351089578, 99.05041368127691, 58.7777640521283, 45.629621882622914, 85.56874784081818, 72.99679675590002, 53.620942093478114, 49.205740805204805, 68.76014523900878, 78.07111318427839, 23.647938424690253, 9.1281014842116, 81.1945966875133, 106.79794041376333, 50.858074530157225, 42.523474312725206, 36.624383090322, 53.431877949948195, 12.07245315399351], [62.712094800476784, 47.888770918917, 97.66667602012349, 0.0, 63.814369111266345, 26.154103314844853, 70.04146271903689, 42.137170398066004, 17.97358350473857, 89.71004396605069, 45.59372539137987, 108.64873968637441, 67.52194076818444, 41.083557747089536, 73.91329032202319, 88.17953222592115, 10.970682194794769, 48.07226270918488, 67.1164447842806, 103.83514850153968, 61.625817183003726, 86.0014723305381, 90.61920151042271, 91.61924998295005, 60.28247097259263, 101.28986707153477, 54.23581070495316, 56.74615230967336, 33.165141321515605, 44.868771099115634, 48.47334311287292, 82.23269201913673, 89.14613038457726, 79.11807051967682, 98.39261710922642, 105.86663795901043, 30.333803034209932, 78.41092490631218, 97.32259758532729, 68.94823987269717, 51.309845920057235, 90.82469482504038], [10.231070648024273, 19.251069536535287, 35.55860156812716, 63.814369111266345, 0.0, 47.70891436972048, 35.16841350160362, 52.91458289209661, 54.14340290153271, 26.086197459362, 49.520570847864015, 70.10601850681411, 60.84098403261374, 30.979476639235145, 14.590405235501395, 34.80623573799397, 64.51891127532407, 16.0165997479089, 3.302317180174257, 43.777032314557395, 7.875624251230462, 30.84369736360347, 43.500512668596166, 54.959638441567904, 67.20522861885239, 52.465819572039784, 21.59706606481242, 53.90535324604914, 45.48615715329098, 24.10578848671977, 16.770684927733583, 48.412075013139464, 58.85550507875394, 15.442808435342066, 34.762440126844524, 69.02995974202324, 71.2716275743363, 32.08010850133131, 41.035493033427315, 10.599120147649213, 18.533118942340636, 27.122047815356428], [43.11793355483672, 38.447600571819855, 77.41324080591886, 26.154103314844853, 47.70891436972048, 0.0, 66.7735905271997, 52.41035575841827, 32.338821933602325, 71.53829916666268, 20.10541860080391, 107.14451906196942, 75.3716922509858, 18.205761915377806, 60.85973054265251, 78.92676470655512, 20.28031081086452, 34.913752712171494, 50.78104077674048, 82.08811403657452, 48.6199463917396, 63.37169586116819, 84.40345511862729, 89.95766796465301, 72.57548755765323, 94.83832759833355, 31.86752710161292, 64.41372563262065, 7.024284256206737, 24.24405959322224, 30.9417671084788, 80.94967278179749, 89.90659244731391, 62.85430169044741, 79.93527683573873, 104.96361780238985, 51.88860058443408, 71.54795588355644, 86.92872198155486, 55.865842579210124, 42.49555879946445, 72.81736323691455], [45.0940679049002, 29.116737277308758, 60.41689975627218, 70.04146271903689, 35.16841350160362, 66.7735905271997, 0.0, 36.77515998516269, 53.55467306210568, 48.392129795240784, 77.03684791012998, 40.37214971307307, 29.993395744375768, 56.46934720123337, 26.7665668147202, 23.519416189432064, 75.93452121805302, 34.842190939402805, 35.65753332287439, 70.47340540885149, 27.610095870316798, 63.48026829202948, 21.304308591161416, 23.207506933199465, 40.80567178950573, 31.694347382462478, 53.452937748982144, 28.16790865528051, 68.08986102801934, 50.53865607889888, 42.7990690909027, 14.547782389235744, 24.5831626995233, 37.55665537973882, 54.53368044517019, 38.234991563823165, 61.51783267326783, 12.0499102005854, 32.84407279815368, 26.5290725405746, 25.27688455616224, 48.459434482035896], [58.73415938827718, 34.32183241387239, 87.33004054367287, 42.137170398066004, 52.91458289209661, 52.41035575841827, 36.77515998516269, 0.0, 24.2887551745114, 76.16748744225177, 70.10061683125282, 69.69789963148841, 25.387119771262373, 53.05270425079608, 54.455735451704356, 59.75038731782375, 51.4417344425999, 40.19800584165802, 55.47458264097502, 96.32115419582692, 46.21795716882929, 83.33617593825247, 57.7636859562038, 53.712255729451215, 20.17161903809135, 67.6374791997786, 59.06828437839191, 14.79693763960683, 57.273652910645424, 50.87444160272069, 47.29160239113424, 44.76822820331865, 49.40198054378338, 64.0167989970531, 84.08390973207243, 66.57423390662278, 24.953479381570183, 48.278337851451504, 69.28832510551891, 50.999137143170074, 34.38148864451393, 76.76392359300658], [55.80405650276917, 35.78871154807636, 89.52382273971772, 17.97358350473857, 54.14340290153271, 32.338821933602325, 53.55467306210568, 24.2887551745114, 0.0, 80.11331717428446, 52.06953515148157, 91.1909355626032, 49.63268775041885, 40.069712612803976, 61.627416583447584, 73.41323452141968, 27.232165986275195, 38.23539700516137, 57.35189847886925, 96.96471009837776, 50.12058628138015, 80.68601243537236, 74.60729127243405, 74.32854400870478, 43.1907719260021, 85.17649880187832, 50.744316734111, 38.79513864390787, 38.59403879659631, 41.103407454830105, 41.61958489662327, 64.97252184779772, 71.45578333692752, 68.59226506758398, 88.72568968499307, 88.32249270252352, 20.482464811425487, 62.936367766955975, 82.8413820593575, 56.9620000576243, 38.4103641768536, 81.06205246519042], [28.442076939383455, 44.61308310120414, 12.02523143850901, 89.71004396605069, 26.086197459362, 71.53829916666268, 48.392129795240784, 76.16748744225177, 80.11331717428446, 0.0, 68.32890288253539, 70.36989015181204, 78.07639137876191, 53.57124554361677, 22.384653445378568, 33.14784651520064, 89.69036583145362, 42.101340774104045, 22.816300498086555, 22.13373265072389, 30.562203126893575, 22.09678997860588, 44.27596955096863, 59.81242231473187, 87.24081330708107, 48.78079251971529, 40.76500581939636, 73.78044588080326, 67.97664872436769, 47.30113242230115, 41.57515569761647, 56.96298961959303, 66.45845589006738, 12.151350222089594, 8.688830433128656, 70.58805781626063, 96.523666624126, 38.9547742510174, 32.8170380625249, 25.184577690791485, 42.85105220826472, 1.3949676150267452], [41.42665296321225, 48.02030396667719, 71.16833517652898, 45.59372539137987, 49.520570847864015, 20.10541860080391, 77.03684791012998, 70.10061683125282, 52.06953515148157, 68.32890288253539, 0.0, 116.57272365905968, 91.0925315689658, 20.568723349913025, 64.05984563342282, 83.97856707980448, 37.595604906476765, 42.28102733501914, 51.86862913842441, 73.49406865257237, 53.41358636462815, 54.462634585335046, 91.49570724041585, 99.92466960607548, 90.14411419845915, 101.24384370717958, 28.42146466669575, 80.53193352454002, 13.476515519592114, 26.85124486872512, 34.99684106431025, 91.584219518449, 101.37796279949707, 62.58345524827487, 75.83140202405131, 114.85450234936044, 71.92623987166947, 78.969051786694, 90.55525424910734, 59.60046073366163, 51.7662095843876, 69.71241353649125], [80.25908191197593, 69.19644841700763, 80.70373349146617, 108.64873968637441, 70.10601850681411, 107.14451906196942, 40.37214971307307, 69.69789963148841, 91.1909355626032, 70.36989015181204, 116.57272365905968, 0.0, 48.562056758432576, 96.07788724328333, 56.71374752118216, 37.811512071585184, 115.51730462558398, 74.35393046103184, 69.17675059409261, 90.37171985278079, 64.07586667367255, 91.218109661343, 27.132468297174565, 17.269261565520722, 62.00779014013131, 22.038988365129228, 90.97387010333014, 55.78198155153731, 108.30245770299041, 89.7566650114669, 81.69279870838398, 26.575974953434763, 20.395524754835566, 64.59668549520678, 72.05184914131988, 3.503446314334216, 93.84194825909377, 38.1385597553784, 38.27139780792152, 59.58789574448731, 65.2266768185804, 69.64499703036886], [69.44921195397694, 46.80785838137251, 90.06855558908438, 67.52194076818444, 60.84098403261374, 75.3716922509858, 29.993395744375768, 25.387119771262373, 49.63268775041885, 78.07639137876191, 91.0925315689658, 48.562056758432576, 0.0, 71.91753391915016, 55.92722705374026, 52.00999651568001, 76.65723461293258, 53.64653301338447, 62.31701771148576, 100.00843437538836, 52.9983273466523, 91.18970160982012, 45.55191367049585, 35.410164460775974, 13.644583675116303, 53.11645021824504, 74.0763624079022, 11.079253962547261, 79.24078462647036, 67.90783877546663, 62.00668206389333, 28.77647434807659, 28.60740238461147, 66.74063065913954, 84.48857383049817, 45.14634526965639, 46.61645445264286, 41.33682897637891, 60.40410624048579, 54.53116183828332, 44.636924537007665, 78.23318620157735], [25.13807263764268, 27.494763260836812, 59.20749125348007, 41.083557747089536, 30.979476639235145, 18.205761915377806, 56.46934720123337, 53.05270425079608, 40.069712612803976, 53.57124554361677, 20.568723349913025, 96.07788724328333, 71.91753391915016, 0.0, 45.053640287983484, 64.39611094594453, 37.788921936793955, 21.734937085040066, 33.79824621448272, 64.03537305488358, 33.59871526555041, 45.51591654440662, 71.34173930512307, 79.37128656583705, 72.49278409038092, 81.31087716079757, 13.729874120146427, 61.76653756529501, 14.600035817814456, 6.903872960151009, 14.945096645884632, 71.01699668766999, 80.83929868577923, 45.547157678158136, 61.87328786192407, 94.31780101251233, 60.513441477077485, 58.68474065574564, 71.59072879239434, 40.29436154995326, 31.20315864185277, 54.8756397344401], [24.08336136185929, 26.146939337370668, 34.24983667365034, 73.91329032202319, 14.590405235501395, 60.85973054265251, 26.7665668147202, 54.455735451704356, 61.627416583447584, 22.384653445378568, 64.05984563342282, 56.71374752118216, 55.92722705374026, 45.053640287983484, 0.0, 20.31588343010338, 76.1389323483503, 26.521304409147223, 12.7966548633326, 44.09600287643759, 12.484882250417584, 37.111350369445155, 29.684535395761095, 42.71675675601178, 64.85616021143102, 38.09076398378885, 36.16800227739171, 51.39808430169216, 59.33621013037166, 38.15148504831863, 30.285020484877133, 37.60527123056963, 47.84675062814627, 10.83671615730183, 29.75061986280753, 55.970010853925025, 76.14331103563332, 19.740708192372686, 26.566592727780282, 5.058708736010234, 23.217265299803934, 22.738559020353577], [44.385275580706804, 41.26001065026864, 44.3200054166617, 88.17953222592115, 34.80623573799397, 78.92676470655512, 23.519416189432064, 59.75038731782375, 73.41323452141968, 33.14784651520064, 83.97856707980448, 37.811512071585184, 52.00999651568001, 64.39611094594453, 20.31588343010338, 0.0, 92.13559849043162, 44.01995376821371, 33.102835155422135, 54.38637701567727, 30.80270872441904, 53.43430095152434, 11.129465938807211, 26.863124954475676, 63.89522258957188, 17.82630632469106, 56.3999231869374, 51.62263814982989, 78.24786950963293, 57.563537428258556, 49.45208322467195, 25.762964254527937, 34.10373325795582, 26.851033775636303, 36.45869325169585, 37.68231157630653, 84.03590592763409, 11.53366854888604, 9.5879335225627, 24.403888962266752, 37.39913460153245, 32.60765518797082], [61.67370528602827, 50.952889117124194, 96.53555428796504, 10.970682194794769, 64.51891127532407, 20.28031081086452, 75.93452121805302, 51.4417344425999, 27.232165986275195, 89.69036583145362, 37.595604906476765, 115.51730462558398, 76.65723461293258, 37.788921936793955, 76.1389323483503, 92.13559849043162, 0.0, 49.64847517605761, 67.76861870002949, 101.78922672454475, 63.65677494532693, 83.29499342080707, 95.74220610704684, 98.30771448507319, 70.3276994042047, 106.42085005824642, 51.494563217420854, 65.68755736946694, 26.72256161498136, 42.91666781783304, 48.14714777400469, 88.94759592835081, 96.5664615821641, 79.95892743248358, 98.27525879521555, 112.9065042782701, 41.304479906999, 83.15749943920328, 100.91017469620049, 71.08517078612415, 54.74310508606544, 90.89852175844001], [18.76732474337375, 6.840990649655041, 51.29186103278101, 48.07226270918488, 16.0165997479089, 34.913752712171494, 34.842190939402805, 40.19800584165802, 38.23539700516137, 42.101340774104045, 42.28102733501914, 74.35393046103184, 53.64653301338447, 21.734937085040066, 26.521304409147223, 44.01995376821371, 49.64847517605761, 0.0, 19.288871370977056, 58.955265778946526, 14.041063972566626, 43.83833488178689, 50.018034950243695, 57.64366533718284, 57.1351162811219, 60.24461081347887, 20.431211156852996, 44.72053909076698, 34.52621033916374, 15.713487299320644, 8.456737920933776, 49.38006254314101, 59.33958520879032, 31.0816808057158, 50.77319266960299, 72.58307435904659, 56.04754876136778, 37.23084135115349, 52.084626318402805, 21.462640607157553, 9.7905062075071, 43.124897230822434], [11.286711999951129, 22.214871501934063, 32.50819456704187, 67.1164447842806, 3.302317180174257, 50.78104077674048, 35.65753332287439, 55.47458264097502, 57.35189847886925, 22.816300498086555, 51.86862913842441, 69.17675059409261, 62.31701771148576, 33.79824621448272, 12.7966548633326, 33.102835155422135, 67.76861870002949, 19.288871370977056, 0.0, 40.95700511966653, 9.53696904550727, 28.938741197356695, 42.310443743524424, 54.484475226510014, 69.19775343389145, 50.88741333189931, 23.63350768878754, 55.81079507932182, 48.36229194292629, 26.97396792239921, 19.883861600038102, 48.38056483619098, 58.808448161092656, 12.195408230292488, 31.484454730869828, 68.2556529480438, 74.28988031003851, 31.43897696321198, 38.79340193438333, 9.725163155795633, 21.157574273496422, 23.837026150676287], [41.383250882472936, 63.02033918249685, 10.179024727374602, 103.83514850153968, 43.777032314557395, 82.08811403657452, 70.47340540885149, 96.32115419582692, 96.96471009837776, 22.13373265072389, 73.49406865257237, 90.37171985278079, 100.00843437538836, 64.03537305488358, 44.09600287643759, 54.38637701567727, 101.78922672454475, 58.955265778946526, 40.95700511966653, 0.0, 50.103986132261284, 19.081915931014994, 65.39048455582493, 81.24697939259674, 108.706378469321, 68.36787743139354, 50.307478184003614, 95.2119633972003, 77.05456002383306, 59.113469176393274, 55.783062733786316, 78.93783925081121, 88.2199493515729, 33.3403168775118, 18.3200045133359, 90.9832827702788, 114.9125719725946, 61.03178962311872, 52.105742807933474, 46.112654651302705, 62.10584505918141, 22.24607745701279], [17.486678042133896, 14.332106824296353, 41.224171940282815, 61.625817183003726, 7.875624251230462, 48.6199463917396, 27.610095870316798, 46.21795716882929, 50.12058628138015, 30.562203126893575, 53.41358636462815, 64.07586667367255, 52.9983273466523, 33.59871526555041, 12.484882250417584, 30.80270872441904, 63.65677494532693, 14.041063972566626, 9.53696904550727, 50.103986132261284, 0.0, 38.42776229889098, 38.16808799299513, 48.31980943517118, 59.66252763175375, 47.83474763332163, 26.901784727938406, 46.285581458684604, 47.51271936499828, 26.78997510608257, 18.653663112382223, 41.26324275994381, 51.67921725497228, 18.624358000029698, 38.96328962700261, 62.75620427235684, 65.96518903580879, 25.963639291763997, 38.3435593489288, 7.428547756541938, 12.29134726563893, 31.35877565500673], [25.147627230944156, 49.062389650966104, 18.178759364385844, 86.0014723305381, 30.84369736360347, 63.37169586116819, 63.48026829202948, 83.33617593825247, 80.68601243537236, 22.09678997860588, 54.462634585335046, 91.218109661343, 91.18970160982012, 45.51591654440662, 37.111350369445155, 53.43430095152434, 83.29499342080707, 43.83833488178689, 28.938741197356695, 19.081915931014994, 38.42776229889098, 0.0, 64.39682504799003, 79.06430874676083, 98.03874105400425, 70.14511531517311, 31.884619709656484, 84.70226963139287, 58.126625831996044, 41.13815419930651, 39.06675224028934, 74.65568586949026, 84.7842638639933, 27.118263043706122, 25.680091761106524, 91.09641042073248, 99.60819485665644, 56.58711938498774, 54.55675737374672, 37.028748127793804, 49.129184458297225, 23.238953360842387], [53.515561835304766, 45.980415307509396, 55.36957307187506, 90.61920151042271, 43.500512668596166, 84.40345511862729, 21.304308591161416, 57.7636859562038, 74.60729127243405, 44.27596955096863, 91.49570724041585, 27.132468297174565, 45.55191367049585, 71.34173930512307, 29.684535395761095, 11.129465938807211, 95.74220610704684, 50.018034950243695, 42.310443743524424, 65.39048455582493, 38.16808799299513, 64.39682504799003, 0.0, 16.043059703364797, 58.41040259958251, 10.687964121615211, 64.80546330685458, 47.35824198446787, 84.53812701482897, 64.70280055282456, 56.527751116506906, 17.178888313355685, 23.82571283829821, 37.54790955699873, 47.32329133034255, 26.7244774109653, 82.64793524719477, 12.855629798670465, 15.818013376062947, 32.903562975689205, 41.93982512579133, 43.723607313674975], [65.19069957246593, 52.22499719070465, 71.16425351089578, 91.61924998295005, 54.959638441567904, 89.95766796465301, 23.207506933199465, 53.712255729451215, 74.32854400870478, 59.81242231473187, 99.92466960607548, 17.269261565520722, 35.410164460775974, 79.37128656583705, 42.71675675601178, 26.863124954475676, 98.30771448507319, 57.64366533718284, 54.484475226510014, 81.24697939259674, 48.31980943517118, 79.06430874676083, 16.043059703364797, 0.0, 49.025296210652115, 18.969581667104954, 75.12241608594753, 40.61629234602509, 91.27555385644037, 73.2136135189335, 65.25815451400177, 9.388254038278905, 8.4470511386883, 51.951569322254905, 63.28610271259114, 15.029696399508486, 78.35708414449135, 23.0781323843601, 31.41769232770845, 44.759644758339356, 48.30709111347953, 59.35663836232255], [74.66862158107298, 50.56092313425171, 99.05041368127691, 60.28247097259263, 67.20522861885239, 72.57548755765323, 40.80567178950573, 20.17161903809135, 43.1907719260021, 87.24081330708107, 90.14411419845915, 62.00779014013131, 13.644583675116303, 72.49278409038092, 64.85616021143102, 63.89522258957188, 70.3276994042047, 57.1351162811219, 69.19775343389145, 108.706378469321, 59.66252763175375, 98.03874105400425, 58.41040259958251, 49.025296210652115, 0.0, 66.46336731123229, 77.08765168279521, 13.495304741012308, 77.41595637525643, 69.63702632650275, 65.0032230703196, 42.04384517897256, 42.22231518274412, 75.41914571174175, 94.28025891720509, 58.56025720248683, 35.51106569971872, 52.72438038007379, 72.71701748072562, 62.61211135450718, 49.38809918054229, 87.56439609931529], [62.174103826713754, 56.47881174918607, 58.7777640521283, 101.28986707153477, 52.465819572039784, 94.83832759833355, 31.694347382462478, 67.6374791997786, 85.17649880187832, 48.78079251971529, 101.24384370717958, 22.038988365129228, 53.11645021824504, 81.31087716079757, 38.09076398378885, 17.82630632469106, 106.42085005824642, 60.24461081347887, 50.88741333189931, 68.36787743139354, 47.83474763332163, 70.14511531517311, 10.687964121615211, 18.969581667104954, 66.46336731123229, 0.0, 74.0146158407507, 56.35604804392958, 94.75949888689028, 74.57847044196157, 66.4072281489068, 24.422703662605237, 27.383506633732203, 44.29274763346061, 50.04980175826341, 23.01100120814606, 92.58584817375322, 23.381947813782087, 16.266679069382516, 41.9387772830596, 52.451445632535446, 47.971551250049046], [13.015771634079721, 27.271911718155295, 45.629621882622914, 54.23581070495316, 21.59706606481242, 31.86752710161292, 53.452937748982144, 59.06828437839191, 50.744316734111, 40.76500581939636, 28.42146466669575, 90.97387010333014, 74.0763624079022, 13.729874120146427, 36.16800227739171, 56.3999231869374, 51.494563217420854, 20.431211156852996, 23.63350768878754, 50.307478184003614, 26.901784727938406, 31.884619709656484, 64.80546330685458, 75.12241608594753, 77.08765168279521, 74.0146158407507, 0.0, 64.99874592542824, 27.436566910945437, 9.699913738602175, 12.133433706659018, 67.67321730492984, 77.97303421977296, 34.17839292355055, 48.80183520322522, 89.64882085772143, 70.70629217386397, 52.84564399699252, 62.426706017564136, 32.076318173419196, 29.815254506029426, 42.11429066276256], [61.68836404531602, 37.98052885704083, 85.56874784081818, 56.74615230967336, 53.90535324604914, 64.41372563262065, 28.16790865528051, 14.79693763960683, 38.79513864390787, 73.78044588080326, 80.53193352454002, 55.78198155153731, 11.079253962547261, 61.76653756529501, 51.39808430169216, 51.62263814982989, 65.68755736946694, 44.72053909076698, 55.81079507932182, 95.2119633972003, 46.285581458684604, 84.70226963139287, 47.35824198446787, 40.61629234602509, 13.495304741012308, 56.35604804392958, 64.99874592542824, 0.0, 68.45120338250618, 58.19230441343859, 52.86534923031229, 32.31404472574846, 35.386557482160676, 61.932002982137774, 80.90259471187308, 52.541414538510445, 38.06047397380682, 40.214440127583615, 60.7643572650652, 49.117024831260494, 36.42552827117741, 74.12229142097267], [39.6125729081066, 39.11130323270167, 72.99679675590002, 33.165141321515605, 45.48615715329098, 7.024284256206737, 68.08986102801934, 57.273652910645424, 38.59403879659631, 67.97664872436769, 13.476515519592114, 108.30245770299041, 79.24078462647036, 14.600035817814456, 59.33621013037166, 78.24786950963293, 26.72256161498136, 34.52621033916374, 48.36229194292629, 77.05456002383306, 47.51271936499828, 58.126625831996044, 84.53812701482897, 91.27555385644037, 77.41595637525643, 94.75949888689028, 27.436566910945437, 68.45120338250618, 0.0, 21.390950499948815, 29.051553332050386, 82.5074581963974, 91.85999904975404, 60.14719100104796, 76.16470315051995, 106.3037147780127, 58.49212001695956, 71.72978607560906, 85.77510456686056, 54.47405123794912, 43.106098266433946, 69.29890501369263], [18.91680020921148, 22.038457723467992, 53.620942093478114, 44.868771099115634, 24.10578848671977, 24.24405959322224, 50.53865607889888, 50.87444160272069, 41.103407454830105, 47.30113242230115, 26.85124486872512, 89.7566650114669, 67.90783877546663, 6.903872960151009, 38.15148504831863, 57.563537428258556, 42.91666781783304, 15.713487299320644, 26.97396792239921, 59.113469176393274, 26.78997510608257, 41.13815419930651, 64.70280055282456, 73.2136135189335, 69.63702632650275, 74.57847044196157, 9.699913738602175, 58.19230441343859, 21.390950499948815, 0.0, 8.177375670107743, 65.0651663485675, 75.05232842352149, 38.8371896672781, 55.732833262596756, 88.09227092549776, 61.17958833861681, 52.127148824050124, 64.69377703867687, 33.40586489842035, 25.45577824165251, 48.57578106909797], [14.40067134221126, 15.26151087063085, 49.205740805204805, 48.47334311287292, 16.770684927733583, 30.9417671084788, 42.7990690909027, 47.29160239113424, 41.61958489662327, 41.57515569761647, 34.99684106431025, 81.69279870838398, 62.00668206389333, 14.945096645884632, 30.285020484877133, 49.45208322467195, 48.14714777400469, 8.456737920933776, 19.883861600038102, 55.783062733786316, 18.653663112382223, 39.06675224028934, 56.527751116506906, 65.25815451400177, 65.0032230703196, 66.4072281489068, 12.133433706659018, 52.86534923031229, 29.051553332050386, 8.177375670107743, 0.0, 57.271120396485735, 67.37271465312583, 32.03726188073391, 50.200079865056004, 80.0833659294417, 60.77069073870556, 43.972344669635575, 56.74731278835316, 25.43620347184346, 18.154740630050043, 42.76628768039238], [58.56960697741818, 43.63819970277985, 68.76014523900878, 82.23269201913673, 48.412075013139464, 80.94967278179749, 14.547782389235744, 44.76822820331865, 64.97252184779772, 56.96298961959303, 91.584219518449, 26.575974953434763, 28.77647434807659, 71.01699668766999, 37.60527123056963, 25.762964254527937, 88.94759592835081, 49.38006254314101, 48.38056483619098, 78.93783925081121, 41.26324275994381, 74.65568586949026, 17.178888313355685, 9.388254038278905, 42.04384517897256, 24.422703662605237, 67.67321730492984, 32.31404472574846, 82.5074581963974, 65.0651663485675, 57.271120396485735, 0.0, 10.443677909435847, 47.715549325935925, 61.59535293336566, 24.101789488844858, 69.5816712705492, 18.1713544939817, 32.76986746326144, 38.760425081448886, 39.82144511208086, 56.715414542047384], [69.00913766646964, 53.35768383909377, 78.07111318427839, 89.14613038457726, 58.85550507875394, 89.90659244731391, 24.5831626995233, 49.40198054378338, 71.45578333692752, 66.45845589006738, 101.37796279949707, 20.395524754835566, 28.60740238461147, 80.83929868577923, 47.84675062814627, 34.10373325795582, 96.5664615821641, 59.33958520879032, 58.808448161092656, 88.2199493515729, 51.67921725497228, 84.7842638639933, 23.82571283829821, 8.4470511386883, 42.22231518274412, 27.383506633732203, 77.97303421977296, 35.386557482160676, 91.85999904975404, 75.05232842352149, 67.37271465312583, 10.443677909435847, 0.0, 57.73669149379018, 70.51168469485495, 17.183880037866544, 73.44677835156237, 28.19759757139587, 39.512988470156785, 49.168104222258194, 49.659468167983725, 66.11199618809604], [21.162698749823594, 32.871114359855824, 23.647938424690253, 79.11807051967682, 15.442808435342066, 62.85430169044741, 37.55665537973882, 64.0167989970531, 68.59226506758398, 12.151350222089594, 62.58345524827487, 64.59668549520678, 66.74063065913954, 45.547157678158136, 10.83671615730183, 26.851033775636303, 79.95892743248358, 31.0816808057158, 12.195408230292488, 33.3403168775118, 18.624358000029698, 27.118263043706122, 37.54790955699873, 51.951569322254905, 75.41914571174175, 44.29274763346061, 34.17839292355055, 61.932002982137774, 60.14719100104796, 38.8371896672781, 32.03726188073391, 47.715549325935925, 57.73669149379018, 0.0, 20.355867845190954, 64.26702423486695, 84.547386394828, 29.56836387784393, 30.002073710757106, 13.051016094118566, 30.86332360930774, 12.811567781685197], [36.821589362432704, 53.13323389597034, 9.1281014842116, 98.39261710922642, 34.762440126844524, 79.93527683573873, 54.53368044517019, 84.08390973207243, 88.72568968499307, 8.688830433128656, 75.83140202405131, 72.05184914131988, 84.48857383049817, 61.87328786192407, 29.75061986280753, 36.45869325169585, 98.27525879521555, 50.77319266960299, 31.484454730869828, 18.3200045133359, 38.96328962700261, 25.680091761106524, 47.32329133034255, 63.28610271259114, 94.28025891720509, 50.04980175826341, 48.80183520322522, 80.90259471187308, 76.16470315051995, 55.732833262596756, 50.200079865056004, 61.59535293336566, 70.51168469485495, 20.355867845190954, 0.0, 72.68298630228523, 104.90325281720916, 44.12636786208266, 33.78624245952792, 33.144022395691046, 51.218347285968704, 7.664062112204838], [79.2293641500456, 67.2418107151734, 81.1945966875133, 105.86663795901043, 69.02995974202324, 104.96361780238985, 38.234991563823165, 66.57423390662278, 88.32249270252352, 70.58805781626063, 114.85450234936044, 3.503446314334216, 45.14634526965639, 94.31780101251233, 55.970010853925025, 37.68231157630653, 112.9065042782701, 72.58307435904659, 68.2556529480438, 90.9832827702788, 62.75620427235684, 91.09641042073248, 26.7244774109653, 15.029696399508486, 58.56025720248683, 23.01100120814606, 89.64882085772143, 52.541414538510445, 106.3037147780127, 88.09227092549776, 80.0833659294417, 24.101789488844858, 17.183880037866544, 64.26702423486695, 72.68298630228523, 0.0, 90.5983530334076, 36.955593463885265, 39.0144454242126, 58.594424243722884, 63.31085753414673, 69.92343569829097], [74.47924102682606, 52.0781547842517, 106.79794041376333, 30.333803034209932, 71.2716275743363, 51.88860058443408, 61.51783267326783, 24.953479381570183, 20.482464811425487, 96.523666624126, 71.92623987166947, 93.84194825909377, 46.61645445264286, 60.513441477077485, 76.14331103563332, 84.03590592763409, 41.304479906999, 56.04754876136778, 74.28988031003851, 114.9125719725946, 65.96518903580879, 99.60819485665644, 82.64793524719477, 78.35708414449135, 35.51106569971872, 92.58584817375322, 70.70629217386397, 38.06047397380682, 58.49212001695956, 61.17958833861681, 60.77069073870556, 69.5816712705492, 73.44677835156237, 84.547386394828, 104.90325281720916, 90.5983530334076, 0.0, 72.70353270403928, 93.62019803274316, 72.00108759316547, 53.687649587459006, 97.32048113611806], [42.291916144550655, 33.13091228185905, 50.858074530157225, 78.41092490631218, 32.08010850133131, 71.54795588355644, 12.0499102005854, 48.278337851451504, 62.936367766955975, 38.9547742510174, 78.969051786694, 38.1385597553784, 41.33682897637891, 58.68474065574564, 19.740708192372686, 11.53366854888604, 83.15749943920328, 37.23084135115349, 31.43897696321198, 61.03178962311872, 25.963639291763997, 56.58711938498774, 12.855629798670465, 23.0781323843601, 52.72438038007379, 23.381947813782087, 52.84564399699252, 40.214440127583615, 71.72978607560906, 52.127148824050124, 43.972344669635575, 18.1713544939817, 28.19759757139587, 29.56836387784393, 44.12636786208266, 36.955593463885265, 72.70353270403928, 0.0, 21.013855169809712, 21.72352273153198, 29.093585527534607, 38.7862398172476], [49.812741302908066, 49.95782445758606, 42.523474312725206, 97.32259758532729, 41.035493033427315, 86.92872198155486, 32.84407279815368, 69.28832510551891, 82.8413820593575, 32.8170380625249, 90.55525424910734, 38.27139780792152, 60.40410624048579, 71.59072879239434, 26.566592727780282, 9.5879335225627, 100.91017469620049, 52.084626318402805, 38.79340193438333, 52.105742807933474, 38.3435593489288, 54.55675737374672, 15.818013376062947, 31.41769232770845, 72.71701748072562, 16.266679069382516, 62.426706017564136, 60.7643572650652, 85.77510456686056, 64.69377703867687, 56.74731278835316, 32.76986746326144, 39.512988470156785, 30.002073710757106, 33.78624245952792, 39.0144454242126, 93.62019803274316, 21.013855169809712, 0.0, 31.311634911377606, 46.22144988074026, 31.926718995088855], [20.672542371017883, 21.304297490721982, 36.624383090322, 68.94823987269717, 10.599120147649213, 55.865842579210124, 26.5290725405746, 50.999137143170074, 56.9620000576243, 25.184577690791485, 59.60046073366163, 59.58789574448731, 54.53116183828332, 40.29436154995326, 5.058708736010234, 24.403888962266752, 71.08517078612415, 21.462640607157553, 9.725163155795633, 46.112654651302705, 7.428547756541938, 37.028748127793804, 32.903562975689205, 44.759644758339356, 62.61211135450718, 41.9387772830596, 32.076318173419196, 49.117024831260494, 54.47405123794912, 33.40586489842035, 25.43620347184346, 38.760425081448886, 49.168104222258194, 13.051016094118566, 33.144022395691046, 58.594424243722884, 72.00108759316547, 21.72352273153198, 31.311634911377606, 0.0, 18.608085488347413, 25.765086772954543], [25.288181753599975, 4.0481372627569, 53.431877949948195, 51.309845920057235, 18.533118942340636, 42.49555879946445, 25.27688455616224, 34.38148864451393, 38.4103641768536, 42.85105220826472, 51.7662095843876, 65.2266768185804, 44.636924537007665, 31.20315864185277, 23.217265299803934, 37.39913460153245, 54.74310508606544, 9.7905062075071, 21.157574273496422, 62.10584505918141, 12.29134726563893, 49.129184458297225, 41.93982512579133, 48.30709111347953, 49.38809918054229, 52.451445632535446, 29.815254506029426, 36.42552827117741, 43.106098266433946, 25.45577824165251, 18.154740630050043, 39.82144511208086, 49.659468167983725, 30.86332360930774, 51.218347285968704, 63.31085753414673, 53.687649587459006, 29.093585527534607, 46.22144988074026, 18.608085488347413, 0.0, 43.63376747159907], [29.740014606649464, 45.48783939793263, 12.07245315399351, 90.82469482504038, 27.122047815356428, 72.81736323691455, 48.459434482035896, 76.76392359300658, 81.06205246519042, 1.3949676150267452, 69.71241353649125, 69.64499703036886, 78.23318620157735, 54.8756397344401, 22.738559020353577, 32.60765518797082, 90.89852175844001, 43.124897230822434, 23.837026150676287, 22.24607745701279, 31.35877565500673, 23.238953360842387, 43.723607313674975, 59.35663836232255, 87.56439609931529, 47.971551250049046, 42.11429066276256, 74.12229142097267, 69.29890501369263, 48.57578106909797, 42.76628768039238, 56.715414542047384, 66.11199618809604, 12.811567781685197, 7.664062112204838, 69.92343569829097, 97.32048113611806, 38.7862398172476, 31.926718995088855, 25.765086772954543, 43.63376747159907, 0.0]]",Route_3,2090.9278667303333
