instance_id,num_cities,city_coordinates,distance_matrix,best_route,total_distance
2508,100,"[[34.32051949898807, 4.553442585162937], [34.729187434612854, 71.00079909598026], [55.53136035705685, 96.4762847276742], [68.87956501073201, 76.26701481511223], [83.6715747610718, 79.9275230833751], [10.161416494721475, 23.238744817021384], [13.798020926636578, 16.614932763961075], [40.39187094589742, 49.98767630711478], [40.83996022457337, 10.07695776788201], [67.8514490042381, 84.97691169363209], [19.250264715580833, 51.18085407059706], [90.43266098296802, 70.94152369795339], [98.09600553788948, 6.736742091432168], [95.79606542037482, 88.76011297699338], [61.94684824426883, 96.44761852208951], [27.444610438635873, 83.17628048355526], [83.29636325704081, 12.059647909149994], [67.5193021847161, 71.11637674281255], [75.31280449713876, 63.53473746983633], [25.582963347983068, 88.86658602210181], [15.987401011284863, 12.035370590391569], [13.550654487966218, 21.941056566517393], [9.719644346121036, 4.794751667072372], [74.46256714732634, 4.03616219727414], [90.40028619152112, 10.384484493734536], [34.828387330127484, 33.372305878257635], [72.86348732975938, 10.153661829166815], [12.73046436396954, 51.014985068677085], [21.754136746543264, 0.8935936231104225], [33.83432167916188, 4.51853982945114], [6.754441714767012, 5.850979180255555], [96.612915770659, 31.680738402747654], [66.37802749100062, 49.68685654163442], [69.87237934325418, 38.16791723131022], [36.98936917352425, 69.91026110687365], [63.54287759486359, 67.27697875793511], [95.85726790054852, 0.3549401397070939], [46.156908846450605, 42.63615696700064], [38.02071727476854, 53.06213716606615], [24.847772190321493, 26.95856759564571], [74.03682583758301, 97.19253562424764], [74.63502951678028, 70.93026566949133], [77.76015296968224, 16.157850063431624], [2.2641773083435623, 93.91237515906425], [95.1056411449704, 69.75766352110819], [47.884282640035835, 24.731837947560685], [99.64560428743813, 54.89779991014932], [91.30282711143505, 99.22199690132717], [4.298053277439228, 41.589514230688984], [4.0500718376633715, 56.08541576317943], [57.449880230986786, 4.8576008859596005], [45.62689412259922, 84.07835193868793], [57.41754969212597, 38.65653066642817], [93.0092419942171, 39.6429337717411], [13.744026300538948, 66.69018691673942], [58.02637954760881, 65.56386168180283], [5.923836457660448, 94.8335391653591], [88.36724295186652, 21.543084190147066], [79.76408117907266, 6.648088005109088], [49.5075695212726, 57.33181018796483], [27.092901437014504, 55.292506825977064], [72.80624581194873, 98.97818905319207], [45.621971414697015, 18.755436975903493], [50.24083631829445, 82.56355340180724], [28.47054877035894, 65.30493793282909], [88.35042613150017, 34.596864096803294], [97.32811728575275, 99.82374250778335], [62.96393768891322, 36.012636467782755], [9.0334276087349, 58.636477689850366], [6.164586333590972, 6.0459701160394115], [79.04844952998972, 79.75750888591756], [83.04420529385112, 28.607436943474298], [78.67689117272057, 94.76061296989195], [14.608912722468126, 42.75912216876989], [82.80449785805943, 85.62134218028542], [90.69681643976206, 1.7535042747544138], [36.99074557633912, 8.2062268933077], [91.02902187753999, 10.07252332712566], [96.95978782328054, 67.6700966046841], [36.21774205054788, 78.83605983157473], [97.06920421385108, 18.84779100056627], [97.455782602689, 17.47183876714913], [34.07253115184925, 99.53047624299107], [95.86185468224062, 55.037169288964435], [87.63603464842696, 51.58219988439863], [61.7896227617557, 88.71544370636076], [49.453002654870225, 92.50521868851935], [61.27529899340885, 15.45888630685388], [59.663245738939096, 0.015162295180537466], [57.14526389305459, 29.804128898852944], [9.674171634134732, 42.71800374950627], [14.253773353226828, 68.33011656380774], [91.23840561930398, 36.3923674970608], [15.797798698243358, 57.476034067667136], [99.49056894546698, 71.39976840829829], [30.42066358736717, 28.880966635342688], [43.705338502678515, 63.69873063434537], [28.368119116176494, 43.27289861477717], [21.81326906177827, 26.12519880490376], [36.87333712200376, 35.5459646941263]]","[[0.0, 66.448613204169, 94.33826730157473, 79.6063067141225, 90.09316659121384, 30.54182014004171, 23.8044637197609, 45.83809444439018, 8.54472511834923, 87.13356194330024, 49.002327302576184, 86.92496612456416, 63.81284679617565, 104.25932133296718, 95.95704044555116, 78.92292927028944, 49.54771831456061, 74.38268195951119, 71.82729686993942, 84.76468040233381, 19.801072702244937, 27.087200160604684, 24.602058620366762, 40.145380411713056, 56.3821007237976, 28.82333796145039, 38.947693446272055, 51.232854797293214, 13.08848615791678, 0.48744899462406915, 27.596598442948185, 67.94286431731909, 55.35981280698268, 48.92716672895356, 65.41128714423145, 69.19673549164469, 61.6798089055199, 39.87973479692854, 48.64961370374115, 24.32534826696651, 100.79378228980848, 77.66042982589589, 44.96291837714664, 94.93486138079487, 89.14270268160165, 24.313438875397303, 82.4737595668107, 110.49488023049787, 47.67618987457554, 59.76490827598423, 23.131360533761683, 80.32462458558898, 41.188510781785475, 68.37864096232792, 65.45507672040057, 65.45409871805153, 94.6407282636771, 56.65418111541044, 45.49181066529397, 54.919965178392644, 51.25125464691796, 101.96658215017159, 18.14991625539103, 79.61804994630435, 61.032502361473924, 61.821015737725226, 114.22078368757921, 42.54557891658308, 59.70269426417002, 28.195464366538328, 87.49993893155855, 54.33776036998778, 100.52274019781709, 42.99094549038655, 94.46004712198571, 56.4457838221458, 4.524703361104925, 56.976438062189644, 88.92350617706573, 74.30684139692025, 64.35624157815796, 64.44335813013079, 94.97735741038774, 79.59863439809479, 71.0932357454664, 88.53131687027532, 89.24408644945609, 29.077290801582865, 25.745868819357117, 34.03771608035479, 45.43100474282144, 66.85909395629567, 65.21781121711093, 56.07041889522823, 93.35719908453379, 24.638127009646627, 59.88522293648735, 39.17431997554681, 24.93535602118028, 31.097480677555893], [66.448613204169, 0.0, 32.88967568198122, 34.55403473679933, 49.74981083743193, 53.7102336422137, 58.274661629810296, 21.76275060485029, 61.22953524453549, 35.95018685388042, 25.148106675274338, 55.70350508653036, 90.25088730432269, 63.596830239032236, 37.26045730871394, 14.1882842172513, 76.37296557418347, 32.79031844184173, 41.264658608585655, 20.070868380128022, 61.87225805791585, 53.435836241509165, 70.7722965690243, 77.86529431248702, 82.30193699275772, 37.62862397770436, 71.80946276125042, 29.721651688168386, 71.29777135067522, 66.48828153819495, 70.90194237918587, 73.31891301491761, 38.156693044926854, 48.09409598970514, 2.509520790627812, 29.053323020972467, 93.42098056175361, 30.580152710077503, 18.23814027044383, 45.13713020074686, 47.23449480183768, 39.90590441590238, 69.70949041175854, 39.735591101596206, 60.38925027433658, 48.10273688281887, 66.88383780696685, 63.221932205931736, 42.32112479033621, 34.1127072185041, 69.9367753803196, 17.022996193713794, 39.508397615836884, 66.18066543306715, 21.423313590172402, 23.923198966599834, 37.38646471813012, 72.95962282919683, 78.54561145805613, 20.13061933639287, 17.466061659027734, 47.25036215193425, 53.368816793093046, 19.347055027252622, 8.46246963478084, 64.81113887915308, 68.91580432257857, 44.95967800173741, 28.515759096739565, 70.95820068092104, 45.176066219004646, 64.27704182157139, 49.95927760862254, 34.675896097333904, 50.249335840295196, 89.03686504204755, 62.83528422268069, 82.95737547961964, 62.319669477778625, 7.975406299328577, 81.27861923923179, 82.46196296029636, 28.537233145250156, 63.18259634918958, 56.35793180596595, 32.34309499362366, 26.06205664663213, 61.55972803031997, 75.23741021286281, 46.90038506368134, 37.78452499863851, 20.648852921939095, 66.26488721473925, 23.266214744960543, 64.7626104454304, 42.33962286386669, 11.571149113858105, 28.448192477683307, 46.69732807022465, 35.51960951847339], [94.33826730157473, 32.88967568198122, 0.0, 24.219602760474366, 32.645569051002234, 86.15201134179009, 90.10830792710922, 48.89166444815226, 87.63949416192342, 16.852897805732383, 58.03442029826794, 43.2449396603253, 99.32237679361123, 40.997387481667516, 6.415551931229788, 31.076609111573006, 88.86542611042123, 28.05059147797051, 38.42461539179731, 30.90006468929619, 93.24158246769521, 85.54460767519367, 102.49008160894817, 94.35871366212727, 92.88509060322836, 66.41329113047613, 88.04543059963869, 62.439142086484566, 101.3753011025126, 94.48274093270547, 102.91809266499041, 76.72129442825224, 48.030206931587855, 60.046070193256675, 32.396898741563724, 30.27843915339949, 104.23766931683072, 54.65015735027997, 46.812507192590836, 75.98812787557375, 18.519321477791447, 31.899048027883374, 83.33768756048678, 53.328851686691486, 47.74943370408264, 72.15083811983546, 60.62043316630399, 35.87668837978404, 75.08268328917876, 65.4350469039644, 91.63876880117236, 15.868433723267463, 57.85051140578366, 68.07805368023719, 51.316594882684825, 31.012949220094203, 49.63471608069992, 81.81185567249639, 93.03939856246716, 39.60525145764427, 50.04847158508692, 17.45511938468712, 78.35002338522233, 14.884681304968627, 41.27881278253123, 70.04394175030049, 41.930589828263834, 60.91876530831775, 59.94921806435187, 103.0277641135786, 28.8543055507247, 73.23344274353748, 23.209031137022734, 67.5291068635252, 29.353940227092252, 101.03966764710141, 90.19621669742791, 93.41142305727769, 50.459003919035624, 26.15709055828812, 88.04303215252784, 89.43913943100962, 21.675087927630287, 57.82515941055756, 55.19229081375574, 9.969779420035756, 7.260564567790882, 81.22075891012172, 96.54957595839325, 66.6916864945409, 70.6599924377108, 49.960444064954096, 69.89327715263727, 55.675627285537736, 50.60873136559814, 72.1087659044501, 34.84570052734385, 59.73643752843207, 78.01400496776057, 63.723039243513405], [79.6063067141225, 34.55403473679933, 24.219602760474366, 0.0, 15.238204396718407, 79.11901404933387, 81.19327183779096, 38.757610163031586, 71.88423393540174, 8.770366363913135, 55.609198058288406, 22.201279279072047, 75.41922316032073, 29.6744923458633, 21.338212852581275, 42.007063840130456, 65.80600304433956, 5.327230754122053, 14.265253474316149, 45.09262589540285, 83.20628060642721, 77.54094453425424, 92.78028137781067, 72.44629723289566, 69.30836343247846, 54.7671320795016, 66.23327773927743, 61.566114947713785, 88.89296153953983, 79.84993890377747, 93.90393505635565, 52.507854542848364, 26.697612324059147, 38.112031131900196, 32.51757844985797, 10.454710942155842, 80.5632641762702, 40.58760528486554, 38.610035357385726, 66.10689635865891, 21.551676509490644, 7.8489657359213165, 60.76163698947992, 68.9127609402456, 27.02181939965592, 55.64778824531201, 37.45921139626825, 32.08946689827169, 73.30280147811615, 67.89815995570078, 72.31833855855234, 24.5296492247641, 39.318269456607254, 43.85846125434347, 55.961087028919025, 15.243002384439212, 65.63641964714665, 58.0902588613907, 70.46465541245088, 27.089041760748575, 46.755269628239176, 23.048129151561632, 62.03625750666858, 19.67355091090661, 41.86950827377629, 45.99473767368202, 36.935613520439134, 40.68672538728814, 62.38906956562146, 94.14968756774202, 10.75126788915272, 49.71993963444527, 20.928467995408965, 63.7815221627114, 16.775195833652923, 77.64184253973838, 75.16094502769485, 69.80192793073637, 29.366748473727245, 32.76270244315968, 63.96579571823484, 65.37180537795975, 41.86547794615293, 34.33293312522683, 31.00234251525768, 14.325873898449972, 25.31937183266046, 61.281753845162406, 76.80680668821635, 47.92174444224303, 68.05008999522175, 55.19937923618999, 45.71548153632982, 56.30963392088878, 30.995542413014856, 61.02888382387093, 28.13722529901088, 52.247382253168546, 68.77090901795684, 51.79384660962202], [90.09316659121384, 49.74981083743193, 32.645569051002234, 15.238204396718407, 0.0, 92.82974173009258, 94.29102618175112, 52.62629748818707, 81.93685787664273, 16.606405520142694, 70.54414339480982, 11.245464501509684, 74.59862348224505, 15.00059725398872, 27.29244026345234, 56.32074166381074, 67.86891235563569, 18.399244800146047, 18.400882057571454, 58.772388262885315, 95.86705245454185, 90.99106417147725, 105.4221103601712, 76.4480508474509, 69.86780212511695, 67.47625661986609, 70.60599456309927, 76.60663155905765, 100.39985625593832, 90.38952677241387, 106.78754474513285, 49.95228262197086, 34.836255396798045, 43.9804783409518, 47.74488303497996, 23.773950478177586, 80.50023027058006, 52.89608818722915, 52.969328386536226, 79.15775384852496, 19.77141989982394, 12.751854411175426, 64.04308006854623, 82.59988164401551, 15.302415416777581, 65.78217034248966, 29.692703841811706, 20.748800744779505, 88.14736998629806, 83.11455834719972, 79.51773690664938, 38.27044688881315, 48.91389012745284, 41.35263190371288, 71.1694393857974, 29.393720526596184, 79.16375513283906, 58.5729630856688, 73.38354114842898, 40.960291689352474, 61.7092399978533, 21.931330262120305, 72.04024176497728, 33.53450355483267, 57.104932071689966, 45.571485539791475, 24.132150776767066, 48.552275946371125, 77.61547284068446, 107.07855585486234, 4.626250288257736, 51.3239206789119, 15.651435069322984, 78.42921212410089, 5.759461629707948, 78.48905170362671, 85.57478682741527, 70.24139106692888, 18.078194330938317, 47.46638316691529, 62.53183306334211, 63.95871237938563, 53.33236259090401, 27.715205872722386, 28.62122096369899, 23.580656737594694, 36.45694863428618, 68.24806441273064, 83.44090884678545, 56.70978586490764, 82.82610698679488, 70.37990473337616, 44.18785694239638, 71.49069055513058, 17.971176277701556, 73.76591669620828, 43.13552764271459, 66.34782363575191, 81.98255961942782, 64.49649425496696], [30.54182014004171, 53.7102336422137, 86.15201134179009, 79.11901404933387, 92.82974173009258, 0.0, 7.556439499426406, 40.365650151909286, 33.38271534359252, 84.49698870512083, 29.3831351547206, 93.37573456018937, 89.46959284665486, 107.82552008766056, 89.6731293680088, 62.37961986642737, 73.98440812497498, 74.7140862866436, 76.60594221414706, 67.41541106146721, 12.627655746382603, 3.6291774509315142, 18.44928307405589, 67.10720642760512, 81.26197277127118, 26.66736788617456, 64.05286163631685, 27.894793949269214, 25.173337973255343, 30.180333242828105, 17.71840486585461, 86.86270190800462, 62.127368894108066, 61.5489989624073, 53.83279184409839, 69.2022141106817, 88.69863282305461, 40.88930260788943, 40.81146127202741, 15.150119640519526, 97.7201672812583, 80.1955605837366, 67.96858276823642, 71.11348966610052, 96.84797932238645, 37.75240333162602, 94.91952188202325, 111.16376709241766, 19.26472855483245, 33.410362550600006, 50.73524667083515, 70.42199868004482, 49.70764775433457, 84.45625853219539, 43.59888660924598, 63.89421104976316, 71.72009245916564, 78.22420697460996, 71.55264372902569, 52.062048215338216, 36.2507771127443, 98.28956228098964, 35.74284549991551, 71.59464230663978, 45.87797868196917, 79.00967093687977, 116.03144228219861, 54.32567120955303, 35.415700634931206, 17.65123659281831, 89.10552178331984, 73.08025559812428, 99.04417143087288, 20.020623233318105, 95.75283663551517, 83.35206179493531, 30.753690739430084, 81.9324049974871, 97.50949844486671, 61.400273112574105, 87.01864192028933, 87.48464756504379, 79.95104557239137, 91.40954493066167, 82.49647206528836, 83.38267074036817, 79.63462278162247, 51.70256456432161, 54.67875166527149, 47.440343427212035, 19.485351834466847, 45.276695889433434, 82.1370559194601, 34.69813798428615, 101.4848839528728, 21.030258196418178, 52.556685169576305, 27.071227137649846, 12.004052851790936, 29.410786536603116], [23.8044637197609, 58.274661629810296, 90.10830792710922, 81.19327183779096, 94.29102618175112, 7.556439499426406, 0.0, 42.67285870953629, 27.821063927223435, 87.15006167594618, 34.99328332852796, 93.93746078680653, 84.87478341935176, 109.21815933611032, 93.22857548745048, 67.94587857668583, 69.6474709288322, 76.52701128222354, 77.36625020875186, 73.20646328302611, 5.0759998873762, 5.331865050349402, 12.503992830122012, 61.95492423634745, 76.8552244766724, 26.89025594442768, 59.41782008380352, 34.41661336595585, 17.61988318126463, 23.40461642222978, 12.863697169400716, 84.1741368091897, 62.116094795671124, 60.073828005921904, 58.122548607982424, 71.00136385477387, 83.6546912854639, 41.52350823848989, 43.76228658448542, 15.135646154708626, 100.6054854359797, 81.55548419840198, 63.96376521193176, 78.1532094634349, 97.13433449556051, 35.039369106105404, 93.9967312507327, 113.27365989998775, 26.720387436824815, 40.65638375006806, 45.20751788824792, 74.59483960482503, 48.87223473320407, 82.49064415696746, 50.07528326315281, 65.97079163167025, 78.61395021513859, 74.73189111702885, 66.71475923418357, 54.15751072560497, 40.89876016590184, 101.31967523971403, 31.89585526283729, 75.34785569414039, 50.85272536127441, 76.69035777911866, 117.90243007142323, 52.85412264011553, 42.29079790502332, 13.037342334213237, 90.79979819492087, 70.27698204898891, 101.56778593262638, 26.156761747950846, 97.58984782763201, 78.32168798046484, 24.669998198136955, 77.50761658777566, 97.58334503476922, 66.13707393616744, 83.30111416996562, 83.66215020273795, 85.35832188659268, 90.61313961148636, 81.6992168888499, 86.61222503120275, 83.8487520464788, 47.491350539236144, 48.776748832812224, 45.309362911812414, 26.426813047805812, 51.71719197449011, 79.9259664062333, 40.91000746623669, 101.7083625005171, 20.658359953302718, 55.77931217300399, 30.37984372171969, 12.437417852488515, 29.847180561270946], [45.83809444439018, 21.76275060485029, 48.89166444815226, 38.757610163031586, 52.62629748818707, 40.365650151909286, 42.67285870953629, 0.0, 39.91323387448733, 44.477803678635254, 21.175249400491836, 54.250754722978165, 72.11387147796212, 67.62341762056587, 51.216630862954055, 35.62464037465272, 57.265441573725646, 34.384873239817104, 37.45656773166398, 41.60376623419661, 45.12156537627025, 38.8209193581912, 54.61854924939496, 57.20449273122651, 63.7907077652076, 17.522068497499976, 51.39216457797881, 27.680476465955316, 52.512799303309215, 45.939567089928765, 55.49346518778054, 59.12655796359369, 25.9878976548299, 31.761723504505966, 20.211046569007394, 28.89444735751867, 74.4299587451217, 9.342403256276564, 3.8826124330574068, 27.784147533580327, 57.96793711021518, 40.13958094090863, 50.40680157564962, 58.164423760178494, 58.17601777226102, 26.343758354463894, 59.45682659466018, 70.82332795105705, 37.05796540753177, 36.849813960144886, 48.24623703761103, 34.49028316320033, 20.451616031507868, 53.62463458299478, 31.449665895010458, 23.528566561745297, 56.561442847426996, 55.77392885400655, 58.553316326513034, 11.706078035659361, 14.317954352212828, 58.743187154600825, 31.667123717758123, 34.03218898917882, 19.40969927957581, 50.36764949829978, 75.6661723733275, 26.548068396063716, 32.52927502862678, 55.69901753994069, 48.79112623826233, 47.71096583151711, 58.90974988214865, 26.777097110816243, 55.394846918743404, 69.69306201328814, 41.91965134513851, 64.4774417287929, 59.267168039534475, 29.148800730207135, 64.66848199294368, 65.67777176868559, 49.944199672423466, 55.69933998786635, 47.271064187195144, 44.245946147677365, 43.47235349048733, 40.352879772052255, 53.559668063635776, 26.23074076772154, 31.566203289320566, 31.931884697498248, 52.63271330583923, 25.708829060710883, 62.85804477864302, 23.343482374214982, 14.105746276397765, 13.771668291105193, 30.242061446140255, 14.864155360551443], [8.54472511834923, 61.22953524453549, 87.63949416192342, 71.88423393540174, 81.93685787664273, 33.38271534359252, 27.821063927223435, 39.91323387448733, 0.0, 79.62175346080642, 46.428926796075785, 78.51070853308919, 57.353393671915434, 95.97506140635237, 88.91227002497666, 74.31652829201428, 42.50267307654416, 66.61529821462442, 63.609049693445535, 80.25323341853858, 24.929602488475044, 29.756731135825408, 31.565420346735173, 34.16095589130713, 49.56128007464324, 24.058517249589958, 32.02361896740593, 49.659498958587434, 21.180246335914074, 8.942873218782946, 34.346491336167496, 59.81091796708223, 47.1289397352781, 40.397813845042535, 59.95707831355867, 61.54075770076886, 55.86968561461089, 32.990474309042135, 43.07753217982779, 23.253791701563788, 93.22636854332966, 69.60769922237866, 37.41761461459114, 92.28471290931034, 80.66319337193084, 16.260012034857965, 73.93924305800262, 102.43699984158356, 48.25300175278848, 58.90903236878316, 17.410661356775726, 74.15605892553256, 33.03949847709594, 59.964830504398606, 62.76342366280443, 58.08760207737868, 91.66686309181493, 48.89084432254594, 39.074855597053066, 48.04319440008162, 47.259152573164066, 94.47365949457993, 9.9087654320066, 73.09365921833223, 56.59622012840998, 53.464662881873, 106.04431743058493, 34.090025058176515, 58.04896633097301, 34.908887348764516, 79.46865960311197, 46.09313354876966, 92.75211481118781, 41.90694122677489, 86.41745445823574, 50.54686923751319, 4.279729829471323, 50.18906184886852, 80.4139583081431, 68.91428746967935, 56.90918550815222, 57.09672152184975, 89.70914147304627, 71.05511585896646, 62.550441282484236, 81.38120072300569, 82.87703359982646, 21.132160925841696, 21.343753317769735, 25.593440732969068, 45.13030313701011, 64.03324013402334, 56.8551148747428, 53.60767004807852, 84.85505882486744, 21.49773225020807, 53.698276676437416, 35.46149051215502, 24.89098264405674, 25.77604338619328], [87.13356194330024, 35.95018685388042, 16.852897805732383, 8.770366363913135, 16.606405520142694, 84.49698870512083, 87.15006167594618, 44.477803678635254, 79.62175346080642, 0.0, 59.196694376624876, 26.587652220863298, 83.88240184507262, 28.199542524577307, 12.901217976572969, 40.4469390142362, 74.53504366465597, 13.864514078488602, 22.703274240405282, 42.4470781804189, 89.50054688509498, 83.19913050450091, 99.03779833646502, 81.21029375722046, 77.92612048646214, 61.266287170778455, 74.9909277743428, 64.74361287255718, 95.89038833549449, 87.35396129818768, 99.96878260657725, 60.561572453230745, 35.3208007211998, 46.852599949296675, 34.34344087858442, 18.21678933066555, 89.13587359602322, 47.57512568011374, 43.685528366507754, 72.21803425314303, 13.69234656969751, 15.598885508191001, 69.52873979827434, 66.19314704599837, 31.21564518283783, 63.467760660711136, 43.767810955718225, 27.438833570347143, 76.95128567486381, 70.03809153204338, 80.7916864364218, 22.242712274364926, 47.48098517681207, 51.846736660556914, 57.1140744011719, 21.75772278041463, 62.70711523292589, 66.66894534221642, 79.2295110786418, 33.17754589694978, 50.422446312495495, 14.852130456773741, 69.85294115278667, 17.77520681789777, 44.020925193326704, 54.39078285079879, 33.00458086694154, 49.207601193821176, 64.44670747516473, 100.176656784266, 12.3537438229413, 58.3809688792868, 14.591470412753036, 67.94931509648319, 14.966928899306485, 86.3020646084009, 82.74128993903524, 78.40833680711282, 33.864749184472196, 32.22423741880764, 72.29618124857586, 73.71127077060977, 36.78072229267382, 40.99964635828131, 38.81541711657883, 7.121963142578415, 19.879090378582134, 69.82837247596187, 85.35540717235867, 56.201942679544494, 71.9055693449961, 56.12331621781941, 53.920382736990675, 58.8717315897629, 34.42924237397552, 67.43751736909107, 32.1837791681666, 57.42959207526031, 74.71973047563557, 58.33576893344408], [49.002327302576184, 25.148106675274338, 58.03442029826794, 55.609198058288406, 70.54414339480982, 29.3831351547206, 34.99328332852796, 21.175249400491836, 46.428926796075785, 59.196694376624876, 0.0, 73.87433656208941, 90.5092809353561, 85.27285796484135, 62.22602517378988, 33.028088245854825, 75.04912730944207, 52.2237976636246, 57.40755004179123, 38.214100338611864, 39.28123160558809, 29.790121094522465, 47.35507597731251, 72.60179275779001, 82.01627476713824, 23.660564086951215, 67.51005956368829, 6.521909931198734, 50.34955748028765, 48.888304203116164, 47.02066726495575, 79.78241842241493, 47.15143744185101, 52.267915728107695, 25.796637666571105, 47.126646237816864, 91.93425076592446, 28.230822640820755, 18.864493509289197, 24.86063659692544, 71.54468616864169, 58.800607399811106, 68.1910392441218, 45.98380214749995, 78.0969652586129, 38.980218526512246, 80.48121713324427, 86.59978725315136, 17.764076863589068, 15.971868673459571, 60.04210531895819, 42.16600461101609, 40.16964425051609, 74.65594640759124, 16.457766155092656, 41.357683559534905, 45.64154473827501, 75.20341803403419, 75.13380887736659, 30.876184273033516, 8.85509114155263, 71.78320376406249, 41.79562881437549, 44.10543442225753, 16.867228076899853, 71.0623742296653, 91.99066070793303, 46.27050929118649, 12.64792805244368, 46.99353921879327, 66.27554682937127, 67.6699786855217, 73.69341434481845, 9.616013547735086, 72.28615200411564, 86.8773426223241, 46.49239983263875, 82.71689571200154, 79.43969474371147, 32.445426377143406, 84.26870304048849, 85.16102829768367, 50.570599625879304, 76.7085841629411, 68.3869476418594, 56.73131764824295, 51.18504166359913, 55.15580193385395, 65.2007442446115, 43.50856630284449, 12.779725907143169, 17.86231032075976, 73.49144008597165, 7.179750190388335, 82.74847986458714, 24.941186631349783, 27.47267492614491, 12.069425353416507, 25.186402126383417, 23.55891438195961], [86.92496612456416, 55.70350508653036, 43.2449396603253, 22.201279279072047, 11.245464501509684, 93.37573456018937, 93.93746078680653, 54.250754722978165, 78.51070853308919, 26.587652220863298, 73.87433656208941, 0.0, 64.66050441272887, 18.608283936309498, 38.23613997989416, 64.16528488971409, 59.31274771616254, 22.914025944925637, 16.836583453334516, 67.28143237679753, 94.93172075856944, 91.16956017112531, 104.35509812522473, 68.78496416118695, 60.55704785826684, 67.10649280094826, 63.275903892676844, 80.21657123787789, 98.09919571058303, 87.26617212840308, 106.01331692531618, 39.74424249167444, 32.09963034613924, 38.688944957632906, 53.45324070588349, 27.13833709490304, 70.79471829618045, 52.550318867044496, 55.37765168394287, 78.96757603878528, 30.950590257200027, 15.79763547764949, 56.23027081777739, 91.11169809816377, 4.820608728447874, 62.81480364343541, 18.50079450485116, 28.293857172500786, 90.99841264742875, 87.65075955413141, 73.85762438878479, 46.69189437335225, 46.177032695836125, 31.404466260019873, 76.8063835490408, 32.849449390022585, 87.82123789690043, 49.44159966515645, 65.17257450969687, 43.128730713668126, 65.24428609770061, 33.117142328751434, 68.78506776143543, 41.83843142749407, 62.217959215451295, 36.40425776609295, 29.693936771713336, 44.43599804824154, 82.3240508671336, 106.36043098735568, 14.398675815522962, 42.97399421517397, 26.56213729307384, 80.89183244446737, 16.54345620885891, 69.18852368572631, 82.4121094712195, 60.87192170829175, 7.301069785730334, 54.786687576581414, 52.51476642242826, 53.92894810660475, 63.196459095450756, 16.805494143016077, 19.56027958320425, 33.709581293856104, 46.30686059682511, 62.677546298993086, 77.31303678097392, 52.91820155559553, 85.54823598523824, 76.22363391839176, 34.55855058610906, 75.83984493156063, 9.069491985313242, 73.28390199645986, 47.28531185832676, 67.95263181899642, 81.95806198631847, 64.19849507299263], [63.81284679617565, 90.25088730432269, 99.32237679361123, 75.41922316032073, 74.59862348224505, 89.46959284665486, 84.87478341935176, 72.11387147796212, 57.353393671915434, 83.88240184507262, 90.5092809353561, 64.66050441272887, 0.0, 82.05560977760439, 96.72023016409545, 104.08949350953581, 15.727769644338576, 71.27181873498938, 61.19711209418697, 109.5602690381477, 82.27939232442314, 85.90161560070943, 88.39769535630565, 23.787234852442904, 8.51646175894796, 68.64579209190602, 25.462822224131752, 96.1656821380068, 76.56515731439447, 64.29995671564723, 91.34585845887251, 24.98804728738491, 53.39234460733482, 42.2432461613474, 87.89149283384091, 69.70680674283756, 6.763086747919839, 63.13824319325668, 75.86225997634132, 75.98832749352123, 93.60071960996336, 68.34636687659338, 22.412143473927987, 129.55049325479092, 63.09182844907759, 53.338921916758814, 48.18598080876241, 92.73440370426098, 100.06383749409505, 106.2070112502368, 40.68954010718898, 93.45978957003527, 51.706959615395846, 33.29703611810617, 103.48754489154517, 71.177278160244, 127.50197805382861, 17.716562527741587, 18.33213872532071, 70.14768014862395, 86.01803927616673, 95.64547289127165, 53.83282719575468, 89.6650574891652, 90.98317313769337, 29.515465710715183, 93.09016757360327, 45.731172988239734, 103.08115900867845, 91.93401439531753, 75.46417542866747, 26.5496512952162, 90.14046731160911, 90.92692963697256, 80.35303565081166, 8.920799204522819, 61.12292679961909, 7.814710135894455, 60.943947057379134, 95.01174196278536, 12.154498205951793, 10.754170634862835, 112.73722708249542, 48.35207025050646, 46.0491701952287, 89.65857989482457, 98.60209585633822, 37.83966477321612, 39.016107708499, 47.000718881578656, 95.46241093440908, 104.03491566104702, 30.438179887147495, 96.68231792458639, 64.6780625834871, 71.20616959766376, 78.75920771121406, 78.72019358676445, 78.70811989886424, 67.66229699716877], [104.25932133296718, 63.596830239032236, 40.997387481667516, 29.6744923458633, 15.00059725398872, 107.82552008766056, 109.21815933611032, 67.62341762056587, 95.97506140635237, 28.199542524577307, 85.27285796484135, 18.608283936309498, 82.05560977760439, 0.0, 34.71119768808147, 68.57915560456735, 77.71231495583902, 33.329817992105, 32.494361780568155, 70.21318280164657, 110.70731235583834, 105.96741913922001, 120.24696322509695, 87.36856405075255, 78.5611454450121, 82.37030379282807, 81.88331514989984, 91.23918434355403, 114.90314366938377, 104.57485516999031, 121.66484791860151, 57.085219157692734, 48.90951159107418, 56.847231860439955, 61.75390221674096, 38.75297641190645, 88.40519402237653, 67.76035111613804, 67.91418357267911, 94.09086737712862, 23.33602920214277, 27.67115638208955, 74.80897484994026, 93.67368840498558, 19.01498806214559, 79.96973760389028, 34.08042246988716, 11.385965297117222, 102.94149606545284, 97.39077562322497, 92.24999432934895, 50.38714751923695, 63.113227059428894, 49.19617543965637, 84.96833975092224, 44.32398047419759, 90.07721157091889, 67.62629933835164, 83.66247165663175, 55.94964761998116, 76.42123659562205, 25.158316404858187, 86.12835985497554, 45.974734899854084, 71.29425242292645, 54.67261721993421, 11.169202357947315, 62.13086905447836, 91.84328349393121, 121.96487802849997, 19.013929589449265, 61.48946552605516, 18.140345285752527, 93.31369094903214, 13.365354834065272, 87.15590799269322, 99.73461889004614, 78.83185567424664, 21.122098390436925, 60.39920070988324, 69.92391326665769, 71.30759216901951, 62.65616815190187, 33.72300786129476, 38.062886439675914, 34.00647199633753, 46.49414246201345, 81.02316425598491, 95.81882346203456, 70.49604611129796, 97.65682982487334, 84.0626560906021, 52.56570202625754, 85.89770818683253, 17.74911039575617, 88.65356919736531, 57.80585364596219, 81.33642857438517, 96.93599244028297, 79.39542485303937], [95.95704044555116, 37.26045730871394, 6.415551931229788, 21.338212852581275, 27.29244026345234, 89.6731293680088, 93.22857548745048, 51.216630862954055, 88.91227002497666, 12.901217976572969, 62.22602517378988, 38.23613997989416, 96.72023016409545, 34.71119768808147, 0.0, 36.96664478864013, 87.04671949850218, 25.93692450925115, 35.52332368618398, 37.14571547993375, 96.11294601063834, 88.84491738156488, 105.48899861958215, 93.2551364790895, 90.64469741689653, 68.65789093373718, 86.98172204919192, 66.98041971177184, 103.66303937244999, 96.1315227131618, 106.08464921256106, 73.460771831893, 46.970248141876375, 58.81613405982618, 36.42948119517441, 29.2142693548551, 101.90053679919937, 56.08026017130788, 49.545531944500624, 78.77226442545923, 12.11290467625031, 28.497811154685383, 81.83219125432043, 59.73649361115617, 42.565939958915806, 73.0815225264726, 56.10332997146895, 29.486788069247066, 79.57886131111538, 70.57722104070005, 91.70034924633096, 20.477784507720944, 57.968304968449885, 64.74291092516069, 56.648184252330765, 31.131599884545693, 56.04625858888606, 79.42749221768493, 91.55003806947956, 41.046097461029895, 53.93088935630865, 11.150349893425622, 79.38876921143329, 18.160340841385473, 45.72230506822242, 67.25076020554827, 35.54198098239104, 60.44353999264758, 65.03470192434474, 106.22673288020565, 23.896119480016218, 71.04497667743331, 16.81488400557624, 71.57747397154063, 23.499995890228714, 98.96229556921779, 91.70250954557511, 91.13961758299625, 45.32164720826322, 31.17938269172782, 85.1781258318367, 86.59132870658266, 28.044278651733524, 53.526189546584554, 51.699517286362, 7.733773156315194, 13.101095147332874, 80.99151637194772, 96.45949126113545, 66.81623995290566, 74.9620185400437, 55.36445889680961, 66.81787567061818, 60.402973179220986, 45.132313916001756, 74.55972616772335, 37.486562066113365, 62.88944177744716, 80.96880197259482, 65.86116001847688], [78.92292927028944, 14.1882842172513, 31.076609111573006, 42.007063840130456, 56.32074166381074, 62.37961986642737, 67.94587857668583, 35.62464037465272, 74.31652829201428, 40.4469390142362, 33.028088245854825, 64.16528488971409, 104.08949350953581, 68.57915560456735, 36.96664478864013, 0.0, 90.4267312336964, 41.84999637729172, 51.741223549335025, 5.987095039512036, 72.05759299539096, 62.7916766787519, 80.36067746472735, 92.05349844208453, 96.23961072721619, 50.3483470202196, 85.99521622273691, 35.36742876531573, 82.4792219156705, 78.91684594904694, 80.04552019612494, 86.23250730844028, 51.35516020162985, 61.853604073406565, 16.34287885929893, 39.44455205785327, 107.42283796917917, 44.650327282569954, 31.917325444898516, 56.27765818897709, 48.65480391442218, 48.75346686746665, 83.80408006875612, 27.37367241549104, 68.97879643360282, 61.915531678601084, 77.54131786535021, 65.8432749184738, 47.59435088103504, 35.79412504378472, 83.86973106683133, 18.204647013174544, 53.669220334126294, 78.70116382208168, 21.4358878243678, 35.29081888937765, 24.475199543920372, 86.66151416680839, 92.70324299924748, 33.98103601042438, 27.885991691329057, 48.035177507578226, 66.93624974773677, 22.80445896821766, 17.90076629716992, 77.90685516493771, 71.83900417669462, 59.04262803397905, 30.67855235094979, 80.0120253668198, 51.71696248043918, 77.90425940451468, 52.52564467353125, 42.40638893024562, 55.413856225605414, 103.10436484241279, 75.57537715017956, 96.8872369738041, 71.22360300703676, 9.788020922934734, 94.7931359198901, 96.01373802247936, 17.646219196150522, 73.97789459501138, 67.97936067152315, 34.788822927545766, 23.903941431815035, 75.69782666743343, 89.18414679165112, 61.079582352860896, 44.18892000935766, 19.859676889260204, 79.10994133407581, 28.21614590183279, 73.00209842070775, 54.376814895872464, 25.372942779685612, 39.914067104756704, 57.328334411588074, 48.55458648851187], [49.54771831456061, 76.37296557418347, 88.86542611042123, 65.80600304433956, 67.86891235563569, 73.98440812497498, 69.6474709288322, 57.265441573725646, 42.50267307654416, 74.53504366465597, 75.04912730944207, 59.31274771616254, 15.727769644338576, 77.71231495583902, 87.04671949850218, 90.4267312336964, 0.0, 61.127840437992035, 52.09051790636649, 96.07362942738052, 67.30896662398558, 70.44221836906092, 73.93451347716201, 11.933661494976404, 7.298759725280845, 52.94689868311474, 10.605549634561049, 80.60436948329532, 62.54699363029505, 50.03360738665086, 76.79331559952826, 23.71324024687262, 41.25575007880701, 29.357197943878344, 74.10149221441816, 58.644299142116424, 17.169056742621322, 48.10677686232087, 61.082634556603495, 60.31762267786447, 85.63496718008224, 59.50435561910063, 6.888024770804288, 115.17848808641789, 58.89414274605, 37.61116661305329, 45.85198958748409, 87.52930106704733, 84.33709732141119, 90.65452519792812, 26.831141722639092, 81.27535072188142, 37.1093945508684, 29.243421009528106, 88.44220354768714, 59.17155539703763, 113.30500861398654, 10.754040383740765, 6.462352301860229, 56.49116089723802, 70.90775141461917, 87.54927388973802, 38.26478004532257, 77.86827692273492, 76.42598277963953, 23.096962246754668, 88.87871748534707, 31.418994101871572, 87.660622194488, 77.36585378555696, 67.83100435539944, 16.549710135313656, 82.82988074551282, 75.23578656966666, 73.56333866547054, 12.687919605768379, 46.4656763893161, 7.983900891523245, 57.26439709798711, 81.70364596477806, 15.354804936928797, 15.158527833840779, 100.36997288297124, 44.776767622386245, 39.760091328132596, 79.6156449200483, 87.27464073181325, 22.28187812971413, 26.52534405676057, 31.60295244971599, 79.75062308342054, 89.068764801366, 25.596040307592133, 81.35541991285949, 61.51017963502052, 55.48690277214692, 65.06953285371041, 63.177361641736276, 63.07147210763806, 52.02599765173747], [74.38268195951119, 32.79031844184173, 28.05059147797051, 5.327230754122053, 18.399244800146047, 74.7140862866436, 76.52701128222354, 34.384873239817104, 66.61529821462442, 13.864514078488602, 52.2237976636246, 22.914025944925637, 71.27181873498938, 33.329817992105, 25.93692450925115, 41.84999637729172, 61.127840437992035, 0.0, 10.8728989859776, 45.538186662271144, 78.39707983420486, 73.01251295947186, 87.97362331372803, 67.438595120424, 64.8991692186679, 49.93306318921868, 61.1965107216657, 58.35994085830683, 83.81938699763946, 74.63209626694302, 89.17365298635579, 49.0062029010263, 21.459889188418867, 33.03237739393188, 30.553748126786633, 5.52747043457173, 76.22480705811597, 35.60161186824717, 34.58499788035184, 61.40660860803281, 26.87832168450117, 7.1181607733949095, 55.904513946265254, 69.12227474862733, 27.619779123824998, 50.36923100235104, 35.988074709163904, 36.81822839891357, 69.77651412334744, 65.22478814698053, 67.01953921455238, 25.441901103037267, 33.99539690493578, 40.50079806553534, 53.95712606130721, 10.997545348705938, 66.00382709745202, 53.778694375586795, 65.62084169978725, 22.68119901249455, 43.413001929821654, 28.358990781343955, 56.755273835349456, 20.726389848676757, 39.47882931721065, 42.04296051407787, 41.3845177196933, 35.39807801260359, 59.80255350141439, 89.43466316672693, 14.407997890881042, 45.255193949554496, 26.144630400661104, 60.03035232300261, 21.072048526773013, 73.13279185196579, 69.92624487757107, 65.4145164307665, 29.64150875756795, 32.23943507296413, 60.043332397744436, 61.43231490378716, 43.88675817295083, 32.58590484272024, 28.040452752270465, 18.508278803750223, 27.997745239224816, 56.00664083376083, 71.53391027203385, 42.594864624712734, 64.44010177739285, 53.33835212568272, 42.05178576279171, 53.48993242841689, 31.97252272066064, 56.215112316199054, 24.942460585111952, 48.04242302312287, 64.13460498105262, 46.95135128980112], [71.82729686993942, 41.264658608585655, 38.42461539179731, 14.265253474316149, 18.400882057571454, 76.60594221414706, 77.36625020875186, 37.45656773166398, 63.609049693445535, 22.703274240405282, 57.40755004179123, 16.836583453334516, 61.19711209418697, 32.494361780568155, 35.52332368618398, 51.741223549335025, 52.09051790636649, 10.8728989859776, 0.0, 55.81003182040997, 78.5600934809972, 74.46205385861076, 88.0502617299118, 59.50464992768015, 55.25017190291756, 50.48524846793627, 53.43723786968503, 63.82235890916298, 82.41628354666865, 72.13443089683462, 89.59723811485527, 38.319342332958044, 16.4801106292122, 25.943665794731434, 38.85013509178167, 12.350528294095437, 66.43614804615217, 35.87223046072436, 38.734676021923754, 62.32604342001632, 33.681975864588686, 7.4265211422234785, 47.44005664905144, 79.11322775456446, 20.748040659477837, 47.51829987069605, 25.82018272678808, 39.10577078816168, 74.32824304268081, 71.6510255333804, 61.3358820024723, 36.101154693582906, 30.645804252613072, 29.731837885275738, 61.64958483099513, 17.40510938211306, 76.1212445586605, 43.97405267347908, 57.06053584941067, 26.540279934918768, 48.9192540531267, 35.53197287773342, 53.72831024567356, 31.475378061809067, 46.87569232824425, 31.739251617428902, 42.44485697731417, 30.165552456643866, 66.4601290217474, 89.92460423628555, 16.647322794668405, 35.77276730053483, 31.40656587253374, 64.16064734499513, 23.32259799099781, 63.66779875695302, 67.30396929265227, 55.72439169510133, 22.038445550819347, 41.982786635961595, 49.701751612803015,