instance_id,num_cities,city_coordinates,distance_matrix,best_route,total_distance
1035,32,"[[32.19495352641201, 19.438531167281713], [88.48485162224354, 47.973016143342996], [22.76367399906315, 79.53886382874951], [63.66466276359225, 83.04626299732773], [27.28585967769429, 92.98442263514511], [31.38252237613025, 84.75601842264926], [52.54618973958287, 8.498486362779644], [17.92503320442339, 96.25277574544164], [32.42707161341293, 62.70893973761403], [26.078310513428427, 17.318732908587343], [24.53238747083032, 61.25649635263952], [51.78998888967949, 31.09296485610692], [28.780775838410257, 84.88324286666578], [30.202861674050663, 78.36809058095169], [24.568826649313912, 3.330928498963215], [78.34260043020939, 39.77545074982432], [71.99137194072264, 92.08276980390994], [45.581158764336, 29.783510683220417], [33.79017092362376, 49.048018090434695], [85.26788683364703, 47.53783425962854], [15.718806740920698, 75.18470279227213], [19.00528825194161, 56.799785644723364], [77.66739013897386, 74.14612156817228], [76.14071666756172, 31.17159808352852], [16.87994237633412, 21.03038865437703], [39.91195949639534, 81.01326071773873], [91.42884177798362, 78.63511308676632], [10.080689634056883, 10.910772667390567], [2.6613246404205593, 85.08765908323929], [68.94057708372799, 78.12152039141239], [14.370456265615427, 90.214363321293], [7.75889722414973, 50.78769911247891]]","[[0.0, 63.10918681529786, 60.83583663879443, 70.96679609532698, 73.70954723927058, 65.32253964543212, 23.10535426538165, 78.12847621776119, 43.271031148446205, 6.473551297846069, 42.51419916686601, 22.798930577878586, 65.53370811041252, 58.96322076207765, 17.82169113372856, 50.43010621508114, 82.83079334222431, 16.917715326160774, 29.652427124887, 60.0525360339577, 58.13001861121277, 39.6210878974912, 71.13833663331656, 45.485106983705755, 15.397518526900086, 62.05642191065066, 83.7429927119274, 23.70154704936341, 71.98641004593318, 69.23824141971987, 72.98582821132418, 39.74784495370172], [63.10918681529786, 0.0, 72.90868211863324, 42.9671318551712, 75.96935783195255, 67.92396677175866, 53.38376082024186, 85.49633420441012, 57.962247572835224, 69.52885339053746, 65.31744420527005, 40.39120055682225, 70.19217550388932, 65.73165829635693, 77.96264642499413, 13.040910153180763, 47.0925178770539, 46.60026791478237, 54.705244043969145, 3.2462664282192044, 77.68766425855651, 70.03800101343771, 28.32046822567118, 20.848628650346708, 76.5060010987642, 58.74507307855845, 30.803104827354414, 86.72267586127974, 93.50494374179202, 35.92924958349013, 85.30694585135892, 80.77500946270365], [60.83583663879443, 72.90868211863324, 0.0, 41.051099021145326, 14.185669350730642, 10.07488210370332, 77.03073071405842, 17.400209662486688, 19.406895639602006, 62.30835824305182, 18.367724624371277, 56.47594251888771, 8.04785075942597, 7.5307518390559895, 76.22931183816104, 68.33846708058357, 50.80074627157491, 54.73785506986707, 32.42337595416392, 70.21995809992139, 8.281839953562574, 23.04758425699796, 55.16792288151609, 72.03125071594651, 58.80357102284233, 17.2115525646083, 68.67111497209677, 69.7902069695655, 20.85410219868423, 46.19864977366645, 13.579852478446066, 32.43104683181079], [70.96679609532698, 42.9671318551712, 41.051099021145326, 0.0, 37.71185928788557, 32.327385474396486, 75.3723519836027, 47.60804229514263, 37.274573347469094, 75.71553398768094, 44.78983031915251, 53.293086487483194, 34.932220972180346, 33.78723766917604, 88.78636694707501, 45.692505366895666, 12.287902220717505, 56.248856885852014, 45.258876692262504, 41.5637799248487, 48.58610129043555, 51.80093923079624, 16.591832069070335, 53.35384504357397, 77.68383829494122, 23.839547201411367, 28.11241504881102, 89.85973036620591, 61.03748487732425, 7.217226728316853, 49.81265357837916, 64.54509713730386], [73.70954723927058, 75.96935783195255, 14.185669350730642, 37.71185928788557, 0.0, 9.191805108300326, 88.1813909090447, 9.914998956947718, 30.708906278906657, 75.67532475503377, 31.84718065044504, 66.56579372659905, 8.237954113054316, 14.904565185378242, 89.69465580124442, 73.74269770873855, 44.71460392900571, 65.79569317382871, 44.41524185570056, 73.67026447683813, 21.22797070204518, 37.12001909031822, 53.788290535308434, 78.78846572023936, 72.7025867558251, 17.39905498251452, 65.7284172731493, 83.85762872428467, 25.859748653005695, 44.22693009110266, 13.209120860185855, 46.495867974589636], [65.32253964543212, 67.92396677175866, 10.07488210370332, 32.327385474396486, 9.191805108300326, 0.0, 79.13982570193664, 17.699701798216477, 22.071809206615633, 67.64556261122775, 24.477579245907535, 57.41243774294231, 2.604855294578431, 6.495938845368385, 81.7096794666213, 65.02692057152014, 41.2645119777576, 56.776561030464364, 35.789077373602176, 65.4891268464616, 18.35652664305014, 30.573630397755483, 47.48535453259836, 69.81823586505968, 65.35503588870097, 9.314479739965254, 60.35748467125045, 76.8562840555398, 28.723112381869274, 38.139533787729896, 17.86627891814849, 41.375383769567364], [23.10535426538165, 53.38376082024186, 77.03073071405842, 75.3723519836027, 88.1813909090447, 79.13982570193664, 0.0, 94.33684213968581, 57.82345691222441, 27.898841908923938, 59.73425094234396, 22.607129364667763, 79.99641194486178, 73.35520365078406, 28.450597529061405, 40.542610988784766, 85.81635944971525, 22.39562271534113, 44.67720632667978, 50.93898452979689, 76.17944342282415, 58.80482620438184, 70.29001861976327, 32.72264805997032, 37.803832821852765, 73.6071754218874, 80.19355982720303, 42.5339608363463, 91.40241322834983, 71.5272172235298, 90.19352068399533, 61.59771981049543], [78.12847621776119, 85.49633420441012, 17.400209662486688, 47.60804229514263, 9.914998956947718, 17.699701798216477, 94.33684213968581, 0.0, 36.54446677864981, 79.35401092224568, 35.614557441317054, 73.43457073271568, 15.719841793635373, 21.69347909770392, 93.15905585092756, 82.70411518263738, 54.22691152832386, 71.99322522916636, 49.79951546066619, 83.11561501242251, 21.18327484522476, 39.46777646200838, 63.70128233409915, 87.3191015009993, 75.22964664623196, 26.75196714352405, 75.58565943599004, 85.70175736485238, 18.911388875685514, 54.1417411801123, 7.0069566730512856, 46.58780434846214], [43.271031148446205, 57.962247572835224, 19.406895639602006, 37.274573347469094, 30.708906278906657, 22.071809206615633, 57.82345691222441, 36.54446677864981, 0.0, 45.8320591233527, 8.027180669307343, 37.07414777382793, 22.472098080461393, 15.816324319789357, 59.89574469503764, 51.32427012319939, 49.276320410042686, 35.455801883330565, 13.728758865238701, 54.975578164882315, 20.852116891225453, 14.66500496746574, 46.66364268377966, 53.902566567155446, 44.4838717729519, 19.775533195447604, 61.11343453038843, 56.41286111696579, 37.23985462391692, 39.633113984906196, 32.902730651663546, 27.39771533798891], [6.473551297846069, 69.52885339053746, 62.30835824305182, 75.71553398768094, 75.67532475503377, 67.64556261122775, 27.898841908923938, 79.35401092224568, 45.8320591233527, 0.0, 43.964951205694796, 29.16881675124731, 67.61853536352301, 61.18852829154221, 14.069016089902034, 56.88462161873157, 87.73636887010797, 23.145880300150942, 32.653029402144846, 66.45750545597903, 58.78596591867924, 40.1096144217947, 76.75145105128885, 51.94368473160622, 9.918990107907426, 65.17946545511631, 89.61244564631961, 17.233276770622094, 71.70064561942294, 74.39188706589587, 73.82985022573058, 38.154588217154654], [42.51419916686601, 65.31744420527005, 18.367724624371277, 44.78983031915251, 31.84718065044504, 24.477579245907535, 59.73425094234396, 35.614557441317054, 8.027180669307343, 43.964951205694796, 0.0, 40.654833260648886, 24.005665051396527, 18.026672868940445, 57.92557931505378, 57.93940230036856, 56.59164551244274, 37.86290532848436, 15.32166753122988, 62.26558096149851, 16.48254045672746, 7.100077190389884, 54.67605460108217, 59.737096902519106, 40.94752320319865, 25.037191812733234, 69.11694378703909, 52.37884557487727, 32.34606168336508, 47.50280350172461, 30.68913334054503, 19.77234661619817], [22.798930577878586, 40.39120055682225, 56.47594251888771, 53.293086487483194, 66.56579372659905, 57.41243774294231, 22.607129364667763, 73.43457073271568, 37.07414777382793, 29.16881675124731, 40.654833260648886, 0.0, 58.50485359089373, 51.970583734682286, 38.88087365802978, 27.936118930819344, 64.2483632845696, 6.345411078587638, 25.423952947145864, 37.29883886189471, 56.966758165094895, 41.661459779562854, 50.23160557149891, 24.35085473852981, 36.3313471726491, 51.313970039167465, 61.89906717137673, 46.335585956555725, 73.00036065388947, 50.05824318870117, 69.9682869468926, 48.23504525433139], [65.53370811041252, 70.19217550388932, 8.04785075942597, 34.932220972180346, 8.237954113054316, 2.604855294578431, 79.99641194486178, 15.719841793635373, 22.472098080461393, 67.61853536352301, 24.005665051396527, 58.50485359089373, 0.0, 6.6685483750194585, 81.66100963556669, 67.01557555169133, 43.806264433723165, 57.604108821725056, 36.18366169810302, 67.71612254562993, 16.268887985304705, 29.736185483176424, 50.05184144015715, 71.60939031056363, 64.9524197251178, 11.784736376381451, 62.95886984147348, 76.29953847457341, 26.120251087494616, 40.72506018283792, 15.364835029762558, 40.05528035560824], [58.96322076207765, 65.73165829635693, 7.5307518390559895, 33.78723766917604, 14.904565185378242, 6.495938845368385, 73.35520365078406, 21.69347909770392, 15.816324319789357, 61.18852829154221, 18.026672868940445, 51.970583734682286, 6.6685483750194585, 0.0, 75.24837568996801, 61.69948376320768, 43.98149629669723, 50.96031225606955, 29.53871084697577, 63.1083330525016, 14.829760791025612, 24.301798870981838, 47.65193054580657, 65.86194216286194, 58.86520399042367, 10.06297697385859, 61.226562378642534, 70.3945420306032, 28.349406749202956, 38.738500126095765, 19.77370068691248, 35.558536721617536], [17.82169113372856, 77.96264642499413, 76.22931183816104, 88.78636694707501, 89.69465580124442, 81.7096794666213, 28.450597529061405, 93.15905585092756, 59.89574469503764, 14.069016089902034, 57.92557931505378, 38.88087365802978, 81.66100963556669, 75.24837568996801, 0.0, 64.96015662490687, 100.62697022634717, 33.782498503320774, 46.63781160110299, 75.0907878783652, 72.39673841115177, 53.757526393731524, 88.51129314440504, 58.60684877189002, 19.297404777750746, 79.18305667572702, 100.70244207287064, 16.351151390360954, 84.6410162988345, 86.96254867606405, 87.47992915525896, 50.345990946080775], [50.43010621508114, 13.040910153180763, 68.33846708058357, 45.692505366895666, 73.74269770873855, 65.02692057152014, 40.542610988784766, 82.70411518263738, 51.32427012319939, 56.88462161873157, 57.93940230036856, 27.936118930819344, 67.01557555169133, 61.69948376320768, 64.96015662490687, 0.0, 52.69149580294316, 34.251290870871266, 45.507136583457275, 10.40260493928894, 71.94132794329131, 61.731228686580366, 34.3773024165746, 8.881135783644842, 64.25757300124066, 56.36906184720094, 41.00393968332, 74.11381859238136, 88.20913631376784, 39.48188318666301, 81.46483370392316, 71.43758655135197], [82.83079334222431, 47.0925178770539, 50.80074627157491, 12.287902220717505, 44.71460392900571, 41.2645119777576, 85.81635944971525, 54.22691152832386, 49.276320410042686, 87.73636887010797, 56.59164551244274, 64.2483632845696, 43.806264433723165, 43.98149629669723, 100.62697022634717, 52.69149580294316, 0.0, 67.66607013126301, 57.544084093755956, 46.48136325825897, 58.75496798480757, 63.658573938252175, 18.813307325387264, 61.052337400069625, 89.9205790442269, 33.935567391486, 23.635877492840585, 102.08734349961314, 69.6820423972817, 14.290690480779025, 57.651200039739855, 76.36159814740301], [16.917715326160774, 46.60026791478237, 54.73785506986707, 56.248856885852014, 65.79569317382871, 56.776561030464364, 22.39562271534113, 71.99322522916636, 35.455801883330565, 23.145880300150942, 37.86290532848436, 6.345411078587638, 57.604108821725056, 50.96031225606955, 33.782498503320774, 34.251290870871266, 67.66607013126301, 0.0, 22.586470284275002, 43.477032908229155, 54.3417731887118, 37.89664901131873, 54.75004555574766, 30.5910667658305, 30.006282132292416, 51.5424786844681, 66.9961871684803, 40.2052676733292, 70.00472120847084, 53.686363322259105, 68.01467415953772, 43.263141351340295], [29.652427124887, 54.705244043969145, 32.42337595416392, 45.258876692262504, 44.41524185570056, 35.789077373602176, 44.67720632667978, 49.79951546066619, 13.728758865238701, 32.653029402144846, 15.32166753122988, 25.423952947145864, 36.18366169810302, 29.53871084697577, 46.63781160110299, 45.507136583457275, 57.544084093755956, 22.586470284275002, 0.0, 51.499863014535194, 31.775784657930107, 16.693790936486828, 50.54824590676822, 45.96884942080557, 32.72527140816123, 32.54616769378742, 64.78898492937812, 44.906447103704636, 47.62206204915464, 45.6160014607292, 45.516956148941624, 26.089340744361273], [60.0525360339577, 3.2462664282192044, 70.21995809992139, 41.5637799248487, 73.67026447683813, 65.4891268464616, 50.93898452979689, 83.11561501242251, 54.975578164882315, 66.45750545597903, 62.26558096149851, 37.29883886189471, 67.71612254562993, 63.1083330525016, 75.0907878783652, 10.40260493928894, 46.48136325825897, 43.477032908229155, 51.499863014535194, 0.0, 74.84266083862693, 66.90676882244493, 27.672522535897365, 18.73923482462832, 73.34545398054253, 56.37166239498707, 31.70170525821754, 83.63406162331022, 90.74047311793811, 34.669048170915644, 82.75102291754436, 77.57709128245884], [58.13001861121277, 77.68766425855651, 8.281839953562574, 48.58610129043555, 21.22797070204518, 18.35652664305014, 76.17944342282415, 21.18327484522476, 20.852116891225453, 58.78596591867924, 16.48254045672746, 56.966758165094895, 16.268887985304705, 14.829760791025612, 72.39673841115177, 71.94132794329131, 58.75496798480757, 54.3417731887118, 31.775784657930107, 74.84266083862693, 0.0, 18.67635240737642, 61.95728880434166, 74.7526627304068, 54.16676080134063, 24.885351670013623, 75.78861877956113, 64.52074440216005, 16.387995060582835, 53.302736665514104, 15.090021359224908, 25.662695650827974], [39.6210878974912, 70.03800101343771, 23.04758425699796, 51.80093923079624, 37.12001909031822, 30.573630397755483, 58.80482620438184, 39.46777646200838, 14.66500496746574, 40.1096144217947, 7.100077190389884, 41.661459779562854, 29.736185483176424, 24.301798870981838, 53.757526393731524, 61.731228686580366, 63.658573938252175, 37.89664901131873, 16.693790936486828, 66.90676882244493, 18.67635240737642, 0.0, 61.17301339458182, 62.61997427265707, 35.83248325394096, 31.990331002276378, 75.64358948278901, 46.74879648209318, 32.67000046232352, 54.29686402843258, 33.734487825443246, 12.752509385261899], [71.13833663331656, 28.32046822567118, 55.16792288151609, 16.591832069070335, 53.788290535308434, 47.48535453259836, 70.29001861976327, 63.70128233409915, 46.66364268377966, 76.75145105128885, 54.67605460108217, 50.23160557149891, 50.05184144015715, 47.65193054580657, 88.51129314440504, 34.3773024165746, 18.813307325387264, 54.75004555574766, 50.54824590676822, 27.672522535897365, 61.95728880434166, 61.17301339458182, 0.0, 43.00163253436445, 80.72419023109049, 38.37486342784903, 14.475102627159982, 92.55631494255235, 75.79991493904782, 9.589633043293608, 65.30459578624648, 73.70762023862021], [45.485106983705755, 20.848628650346708, 72.03125071594651, 53.35384504357397, 78.78846572023936, 69.81823586505968, 32.72264805997032, 87.3191015009993, 53.902566567155446, 51.94368473160622, 59.737096902519106, 24.35085473852981, 71.60939031056363, 65.86194216286194, 58.60684877189002, 8.881135783644842, 61.052337400069625, 30.5910667658305, 45.96884942080557, 18.73923482462832, 74.7526627304068, 62.61997427265707, 43.00163253436445, 0.0, 60.12223796800758, 61.61748274889007, 49.86493784067611, 69.097237413739, 91.13815165123127, 47.49881277193169, 85.4494774533234, 71.13975435696545], [15.397518526900086, 76.5060010987642, 58.80357102284233, 77.68383829494122, 72.7025867558251, 65.35503588870097, 37.803832821852765, 75.22964664623196, 44.4838717729519, 9.918990107907426, 40.94752320319865, 36.3313471726491, 64.9524197251178, 58.86520399042367, 19.297404777750746, 64.25757300124066, 89.9205790442269, 30.006282132292416, 32.72527140816123, 73.34545398054253, 54.16676080134063, 35.83248325394096, 80.72419023109049, 60.12223796800758, 0.0, 64.25277234165395, 94.21169077629784, 12.191655571637373, 65.61633169506221, 77.26387907135022, 69.22947256228636, 31.12380102699614], [62.05642191065066, 58.74507307855845, 17.2115525646083, 23.839547201411367, 17.39905498251452, 9.314479739965254, 73.6071754218874, 26.75196714352405, 19.775533195447604, 65.17946545511631, 25.037191812733234, 51.313970039167465, 11.784736376381451, 10.06297697385859, 79.18305667572702, 56.36906184720094, 33.935567391486, 51.5424786844681, 32.54616769378742, 56.37166239498707, 24.885351670013623, 31.990331002276378, 38.37486342784903, 61.61748274889007, 64.25277234165395, 0.0, 51.571743679748934, 76.18571711580111, 37.47279705618406, 29.172295095629693, 27.148272070411295, 44.12940049259972], [83.7429927119274, 30.803104827354414, 68.67111497209677, 28.11241504881102, 65.7284172731493, 60.35748467125045, 80.19355982720303, 75.58565943599004, 61.11343453038843, 89.61244564631961, 69.11694378703909, 61.89906717137673, 62.95886984147348, 61.226562378642534, 100.70244207287064, 41.00393968332, 23.635877492840585, 66.9961871684803, 64.78898492937812, 31.70170525821754, 75.78861877956113, 75.64358948278901, 14.475102627159982, 49.86493784067611, 94.21169077629784, 51.571743679748934, 0.0, 105.84945981189958, 89.00172722258905, 22.494128709857275, 77.92351258616709, 88.18241370419032], [23.70154704936341, 86.72267586127974, 69.7902069695655, 89.85973036620591, 83.85762872428467, 76.8562840555398, 42.5339608363463, 85.70175736485238, 56.41286111696579, 17.233276770622094, 52.37884557487727, 46.335585956555725, 76.29953847457341, 70.3945420306032, 16.351151390360954, 74.11381859238136, 102.08734349961314, 40.2052676733292, 44.906447103704636, 83.63406162331022, 64.52074440216005, 46.74879648209318, 92.55631494255235, 69.097237413739, 12.191655571637373, 76.18571711580111, 105.84945981189958, 0.0, 74.54701506605424, 89.34075755337008, 79.41952901116295, 39.94446122682954], [71.98641004593318, 93.50494374179202, 20.85410219868423, 61.03748487732425, 25.859748653005695, 28.723112381869274, 91.40241322834983, 18.911388875685514, 37.23985462391692, 71.70064561942294, 32.34606168336508, 73.00036065388947, 26.120251087494616, 28.349406749202956, 84.6410162988345, 88.20913631376784, 69.6820423972817, 70.00472120847084, 47.62206204915464, 90.74047311793811, 16.387995060582835, 32.67000046232352, 75.79991493904782, 91.13815165123127, 65.61633169506221, 37.47279705618406, 89.00172722258905, 74.54701506605424, 0.0, 66.64432753593843, 12.782286953460893, 34.676685254535954], [69.23824141971987, 35.92924958349013, 46.19864977366645, 7.217226728316853, 44.22693009110266, 38.139533787729896, 71.5272172235298, 54.1417411801123, 39.633113984906196, 74.39188706589587, 47.50280350172461, 50.05824318870117, 40.72506018283792, 38.738500126095765, 86.96254867606405, 39.48188318666301, 14.290690480779025, 53.686363322259105, 45.6160014607292, 34.669048170915644, 53.302736665514104, 54.29686402843258, 9.589633043293608, 47.49881277193169, 77.26387907135022, 29.172295095629693, 22.494128709857275, 89.34075755337008, 66.64432753593843, 0.0, 55.893961536378555, 67.00996743879675], [72.98582821132418, 85.30694585135892, 13.579852478446066, 49.81265357837916, 13.209120860185855, 17.86627891814849, 90.19352068399533, 7.0069566730512856, 32.902730651663546, 73.82985022573058, 30.68913334054503, 69.9682869468926, 15.364835029762558, 19.77370068691248, 87.47992915525896, 81.46483370392316, 57.651200039739855, 68.01467415953772, 45.516956148941624, 82.75102291754436, 15.090021359224908, 33.734487825443246, 65.30459578624648, 85.4494774533234, 69.22947256228636, 27.148272070411295, 77.92351258616709, 79.41952901116295, 12.782286953460893, 55.893961536378555, 0.0, 39.97717553296342], [39.74784495370172, 80.77500946270365, 32.43104683181079, 64.54509713730386, 46.495867974589636, 41.375383769567364, 61.59771981049543, 46.58780434846214, 27.39771533798891, 38.154588217154654, 19.77234661619817, 48.23504525433139, 40.05528035560824, 35.558536721617536, 50.345990946080775, 71.43758655135197, 76.36159814740301, 43.263141351340295, 26.089340744361273, 77.57709128245884, 25.662695650827974, 12.752509385261899, 73.70762023862021, 71.13975435696545, 31.12380102699614, 44.12940049259972, 88.18241370419032, 39.94446122682954, 34.676685254535954, 67.00996743879675, 39.97717553296342, 0.0]]",Route_0,1689.3013458951875
