instance_id,num_cities,city_coordinates,distance_matrix,best_route,total_distance
492,87,"[[0.6992813281663457, 68.26193027643022], [34.49473404979329, 37.07750252257347], [84.46502031710554, 81.1398927547017], [85.77885797346882, 10.512975988440243], [69.76844945845389, 52.98437212948811], [28.911452157698726, 90.74712301884533], [11.68396091955296, 39.49173599261178], [33.228903297062864, 12.06082635331731], [13.436281651543924, 39.722641450537836], [69.60129547046485, 87.59302808439335], [76.11761195656366, 55.053683266159894], [41.39618129109943, 12.44061070251461], [71.33611356123895, 6.833127014118567], [8.177036011883054, 67.85936452379615], [53.88280336527248, 1.0911421741841343], [44.31389791535657, 14.567239302084168], [11.207336406862945, 16.631726307552963], [20.989959492801425, 47.59987835577901], [22.533138368943796, 31.588564840355993], [33.76058127084514, 50.66456547485166], [70.40127585159975, 6.320530010427583], [49.35893711005445, 15.047021204730227], [83.56257406875744, 94.9280128256024], [3.6884229379530176, 96.10681542730106], [46.66654866421073, 97.80248031392195], [65.986958391078, 86.10323405284994], [47.419851451604124, 19.55522489526783], [19.104961462273774, 62.989412640737264], [67.18147422017124, 22.56271864602568], [7.529444498173133, 48.1395041332695], [82.10776712090293, 75.72649803736489], [16.42865976174388, 96.06700367209594], [26.8484549270268, 55.78902175673712], [2.6536854591968195, 87.81713518461764], [49.524467356965204, 13.680901258367284], [11.309773801741773, 92.75808734938971], [32.46562830593817, 7.083963599491227], [31.9194326264847, 11.889894572866655], [96.19212113158115, 73.62292246382049], [52.143614902713395, 78.81003975778643], [80.68442433522144, 70.50855470748657], [62.826475424943304, 95.67412174465541], [77.48463535765397, 21.227389340497815], [43.11797697163131, 25.546707972080696], [31.946968476172977, 54.71250425431563], [92.58082857784234, 51.2899453721032], [96.74768171907175, 52.41929943465713], [67.36494292715498, 78.65092272841466], [21.492021878419855, 85.45115740790958], [0.8760663110427336, 71.96537970492987], [43.16218894319884, 28.104297338023542], [92.83370949323862, 28.649342960521007], [5.126246983448679, 76.34096577828427], [18.552571414508456, 50.597824892428044], [33.68695277410036, 90.39271677667702], [13.72002930398908, 97.81397421837488], [10.190305636171127, 70.68744583023128], [84.40734656231416, 52.464404726160275], [43.68338176213007, 63.30712106270904], [81.62830140001932, 9.661740322789313], [63.25849654940336, 43.78900624500446], [44.065976001835516, 15.764237248995517], [50.185616489806236, 53.58142122391221], [53.23835089272081, 6.573918721469374], [93.90689886522077, 61.602481066034485], [33.783614099028355, 57.159560372880605], [61.750522276372266, 3.4548430964550514], [52.71565622110159, 39.88724314468853], [44.38216072369708, 10.56214485855601], [93.41926673393252, 17.606838865302876], [18.621650601656626, 77.70868225611481], [10.195261605085026, 22.093857251027504], [2.0249076201911853, 72.05242024712804], [1.8561738670619166, 7.696925792111231], [15.011281422472777, 19.65265115275966], [47.205917570216506, 5.6775567770490305], [11.276871520684683, 77.42166811706892], [11.528320877960596, 49.13216950275364], [77.36073840694414, 73.41977781606008], [22.501025617464865, 91.22642934286276], [76.38418807695663, 49.13884283997596], [84.1997542372742, 93.86484404554444], [84.96244958948758, 7.0830571935775355], [13.113498272627378, 74.31622889238358], [71.57107160253786, 90.78593244757357], [54.30692179998017, 7.975910070928139], [99.3172020633488, 3.1507466230947134]]","[[0.0, 45.984792692750425, 84.74987283739637, 102.8274092034816, 70.73862996371308, 36.076453201198625, 30.79589688341752, 64.93643343775398, 31.252554838371637, 71.56241258738095, 76.56619609108557, 69.08152709347266, 93.61121694627751, 7.488582929703123, 85.67614481609336, 69.17625762411645, 52.68868173910588, 28.959143805583842, 42.68082761246495, 37.45286106373729, 93.24754746082007, 72.10817324215844, 87.04829258711604, 28.004867373878874, 54.640953165743056, 67.68155507014839, 67.49188708094049, 19.14597877930951, 80.67403495158928, 21.25001559566193, 81.74999284968641, 31.945820578677445, 28.97158481761005, 19.652626656724195, 73.23242123142894, 26.695397765811695, 68.93362319678874, 64.43992750192798, 95.64320514785095, 52.51458912111896, 80.01668840431522, 67.9059385284471, 90.04575855912178, 60.19913584598132, 34.05884463143832, 93.4358977940874, 97.34620778253448, 67.47030161929216, 26.977909277179776, 3.707666462834138, 58.44428121158297, 100.28913165027102, 9.212428537213599, 25.1149474601126, 39.7235217288749, 32.29339218782257, 9.796053701203792, 85.18569127943834, 43.26873033105382, 99.91740865531482, 67.17573534949202, 68.09315663208758, 51.61796890397006, 81.02940577539783, 93.44521513014807, 34.897502666643334, 89.03489523815254, 59.25222465719419, 72.37029217540312, 105.65478682726665, 20.25962594277158, 47.13453731923701, 4.015606963345427, 60.576052764538325, 50.67243198843274, 77.9722451957132, 13.992362616445035, 21.98217106723317, 76.83477333007077, 31.66519021620021, 78.06342025991019, 87.33749578224322, 104.13037999125677, 13.811854114320719, 74.36492002618016, 80.67331249659615, 118.17343409950104], [45.984792692750425, 0.0, 66.62224660430992, 57.75582599705052, 38.69448926426818, 53.95925500690716, 22.938175473370748, 25.048680884469483, 21.22392935715644, 61.516574819883, 45.338802800338705, 25.585277262086006, 47.66560074312286, 40.49869452558861, 40.876831615304454, 24.558663018871712, 30.989234485779992, 17.120143954137852, 13.160858942766014, 13.606882816134194, 47.27865376972755, 26.576053877739586, 75.85732968176191, 66.58444703024672, 61.93283457720558, 58.269053073141244, 21.773581999730062, 30.13755441749324, 35.764534583141035, 29.146092709619868, 61.32491967000812, 61.69395664123701, 20.2135236036108, 59.90294398464824, 27.808161284072114, 60.31475697008161, 30.06209652120416, 25.318921218113324, 71.70868351463481, 45.311010355641, 57.01861747582239, 65.0864913296611, 45.81874837164597, 14.398595120868679, 17.818091802902856, 59.79956445721489, 64.11552250434791, 52.99811222348238, 50.090727792448625, 48.449755363878694, 12.475703812340752, 58.94463444109509, 49.031903689318476, 20.90338887536329, 53.32133326868643, 64.19117814256275, 41.47690356881594, 52.2305049491942, 27.79251941696642, 54.52703171962882, 29.536389680361747, 23.363731489777848, 22.772420254481194, 35.80212000797517, 64.27503326030056, 20.09464453747462, 43.28234303658792, 18.436286153573285, 28.29885860388354, 62.058096130148485, 43.62164078402887, 28.547749240783553, 47.72352143553374, 43.91462057010577, 26.138675780175717, 33.87522367913985, 46.548048701708815, 25.937832021631575, 56.19835676472082, 55.46129567318772, 43.59130978699803, 75.46781558442267, 58.70823675081399, 42.94042367052694, 65.26293167896846, 35.205474953056886, 73.1640425703176], [84.74987283739637, 66.62224660430992, 0.0, 70.63913604579052, 31.76039257755164, 56.37816783640752, 83.85494361520789, 86.00614572330504, 82.22207989349887, 16.204112808171832, 27.389223278832375, 81.08339071310463, 75.45769428911898, 77.43532126520657, 85.69174092752988, 77.74336510495631, 97.61143268217133, 71.7914752079176, 79.31514420157136, 59.15814155135292, 76.12966537329793, 74.83785638205723, 13.817621514599827, 82.15149090820736, 41.30818663973733, 19.133048094436294, 71.8680447182912, 67.83345208578501, 61.07377745189009, 83.71444603983383, 5.90436152320448, 69.65461218009445, 62.947083075426626, 82.08337272371756, 75.97076921331579, 74.07207664406123, 90.48876953839415, 86.92871236787579, 13.929455691693962, 32.405269061508086, 11.283539101381376, 26.066653743480984, 60.31777382777924, 69.28333268317257, 58.79245387051997, 30.933569184123307, 31.236777230865858, 17.28026673793126, 63.120405062615916, 84.0909324572401, 67.22126345660982, 53.15348319933596, 79.48377604401018, 72.64481281991992, 51.61421214920983, 72.68341451874106, 75.00657896240226, 28.675546026832947, 44.51010884560267, 71.53442003185779, 42.95119757783712, 76.85088883277749, 43.98348417154327, 80.84051810116313, 21.6992978229672, 56.068362535251296, 80.9377252067707, 52.05577028867352, 81.16559696864672, 64.16094969221166, 65.93271222216563, 94.88114337339587, 82.93946188670292, 110.53547352807172, 92.76045885106119, 84.15940166557368, 73.282537610968, 79.65084100528671, 10.49147254320785, 62.779573584737015, 33.00556082447621, 12.727715877070377, 74.05850612325642, 71.67706806622017, 16.102794639762415, 79.13582796887992, 79.39076909163049], [102.8274092034816, 57.75582599705052, 70.63913604579052, 0.0, 45.3889047123576, 98.34337900393774, 79.56018037190313, 52.572745574531005, 78.01700394978768, 78.75943092514981, 45.57646628906934, 44.42451761226721, 14.904165680467104, 96.49171492830693, 33.258521494385505, 41.66269270747155, 74.82212864003807, 74.65279427819661, 66.66484451155043, 65.71188058027275, 15.938840459499609, 36.70106540307417, 84.44412566049651, 118.59656350082714, 95.65160900314937, 78.13837983554238, 39.41034948636567, 84.84801046405325, 22.159850644385013, 86.82583906569181, 65.31676940934368, 110.13147436088042, 74.31495625800379, 113.51531762081898, 36.39253480440552, 110.95000153290106, 53.423389854505075, 53.877022964298, 63.96328160535119, 76.1302731897301, 60.21148328955026, 88.19995811317136, 13.549641407780653, 45.232332077938175, 69.652499063386, 41.340392308478975, 43.31806827573282, 70.58223610280743, 98.73463591652622, 104.80878758294915, 46.10461003045007, 19.46018337303069, 104.10652188638005, 78.26984551002377, 95.36424684175871, 113.19867084537911, 96.61571334513351, 41.97384205296115, 67.52222501948768, 4.2369472533748835, 40.180354258098724, 42.04212491306807, 55.87280030851476, 32.77805322505727, 51.73202661612552, 69.85276816488559, 25.043525236940738, 44.22694745383618, 41.3967264498903, 10.425868622934987, 95.00186020700954, 76.46565798315545, 103.93184016194189, 83.96991750818866, 71.35533303832561, 38.874837752751404, 100.13650217465381, 83.69339500024735, 63.467554334602646, 102.56093613101959, 39.75194853710945, 83.36682479990809, 3.5257432675660465, 96.70113536860477, 81.52060311511396, 31.57403157624862, 15.4106840186912], [70.73862996371308, 38.69448926426818, 31.76039257755164, 45.3889047123576, 0.0, 55.635596367483686, 59.63102412962446, 54.862327990842424, 57.87215764447421, 34.60905961537671, 6.677867399683635, 49.48517143152703, 46.17786262310201, 63.362193846781764, 54.2702595073201, 46.08481625154423, 68.92690925970983, 49.074778211708406, 51.85513651776913, 36.08251757196415, 46.668132923403626, 43.0788903000959, 44.15367333087154, 78.90573503189226, 50.421827034912845, 33.334047005896984, 40.211537121564334, 51.641938882760996, 30.531450040103717, 62.42728958033206, 25.873984060916236, 68.56563501875672, 43.01153322202499, 75.6155600966545, 44.210650683318796, 70.70618913454817, 59.14683397407831, 55.868633067208215, 33.52849809627623, 31.26659401924936, 20.645955597580002, 43.25049971604504, 32.680965112604, 38.250138538122535, 37.86094114432309, 22.875220722931882, 26.98514925885731, 25.778841387720536, 58.17822278314623, 71.45935281199151, 36.4267926152508, 33.529089834451476, 68.73241453415233, 51.271451818014775, 51.973634202602014, 71.77129388034841, 62.15266719749487, 14.64812870362396, 28.05334030485693, 44.916661883254896, 11.26650969145197, 45.23224051835409, 19.591932388080203, 49.26636118215682, 25.630773328271328, 36.22624149304927, 50.17431018490665, 21.50191956175926, 49.43793100799279, 42.55503516220626, 56.80921179294159, 67.10580169008617, 70.37597544481413, 81.62738493766638, 64.10422041169483, 52.41185575800092, 63.391214886881315, 58.36738851576119, 21.800198555337634, 60.800199806207196, 7.652195304933379, 43.352918491131284, 48.35068099652267, 60.5378526776518, 37.844516235198405, 47.59013022056759, 57.93547282638458], [36.076453201198625, 53.95925500690716, 56.37816783640752, 98.34337900393774, 55.635596367483686, 0.0, 54.073109338832914, 78.80465511171458, 53.319589472436064, 40.811905905911736, 59.1814427361699, 79.29551268944567, 94.02877549285822, 30.883094110460462, 93.06859450077803, 77.72136140352178, 76.20057574711124, 43.868380048213844, 59.50141084500038, 40.374812351558084, 94.07047930759151, 78.4130413613973, 54.81081066462753, 25.786188274605532, 19.105536331564878, 37.36520931548276, 73.5584611235205, 29.439051363696898, 78.19020135757626, 47.67178870831773, 55.2762797273722, 13.569128054718115, 35.01892062050987, 26.420733159806108, 79.77530276996993, 17.716180696902065, 83.73861959765621, 78.9145767566542, 69.42569165821726, 26.119482050613104, 55.58813088590114, 34.27103908056882, 84.80770894726952, 66.730199082269, 36.16224701017235, 74.9043280563714, 77.91518530943729, 40.31115247450602, 9.115656719145047, 33.7451736027641, 64.24334290965432, 89.11896134405407, 27.807793001619906, 41.46411159419158, 4.788633408577052, 16.754692303844436, 27.438512641757892, 67.41929112387129, 31.163498064097983, 96.71559068218225, 58.17889814521588, 76.49897222392505, 42.823818815460754, 87.61807076027074, 71.23073948280953, 33.939097313852436, 93.26492727873698, 56.154852968428166, 81.66378356468753, 97.52312191199938, 16.60966446337671, 71.15874288791485, 32.74718596902993, 87.34599786357263, 72.44058721729193, 87.01447330931319, 22.1030808391642, 45.099640899181026, 51.45454527870017, 6.428320385604451, 63.126140663776475, 55.37613683928044, 100.70446972956634, 22.79363131995067, 42.659637098201564, 86.57946391160836, 112.38369444649415], [30.79589688341752, 22.938175473370748, 83.85494361520789, 79.56018037190313, 59.63102412962446, 54.073109338832914, 0.0, 34.88035759119107, 1.767468607434199, 75.2871299916602, 66.28626998786372, 40.18182946143537, 68.00708827171711, 28.583576941861228, 57.05565624341309, 41.06024017984107, 22.864977885995863, 12.342754231802946, 13.422546911455317, 24.742863309938418, 67.43924657898883, 44.91044324002747, 90.7728804068537, 57.176882102921496, 67.99944373756219, 71.564287782469, 40.92087910655467, 24.641673176043145, 58.022113119683226, 9.593951245972082, 79.19892966653767, 56.77387674017314, 22.261253373974085, 49.161876306307015, 45.80505558470942, 53.267665641201646, 38.498589725373755, 34.224785827858625, 91.14036993755427, 56.4173077291678, 75.65121938718774, 75.9737932363884, 68.28846985500222, 34.38838716275767, 25.342873982958825, 81.75268155531724, 86.04044684220668, 68.07212104188014, 46.99432387641919, 34.22496343056105, 33.47465606426234, 81.8708689353834, 37.42818921434844, 13.058446338750825, 55.45305668158481, 58.35776765888808, 31.231447586983936, 73.87138115275869, 39.889039851785974, 76.03972255939019, 51.75325358909146, 40.14460234474227, 40.998740365620264, 53.012734507271304, 85.14397554800355, 28.293933784207496, 61.68726137303571, 41.03360141672276, 43.658830877788844, 84.61447239593852, 38.84155660928957, 17.461454989655568, 33.96314870211852, 33.27905278151655, 20.116171330847248, 49.042921204938594, 37.932116639394074, 9.641689794118715, 73.92260224790486, 52.85345196600989, 65.41548795770079, 90.63650015217024, 80.12527293712456, 34.85382163795086, 78.8515099152597, 53.00909429277485, 94.86966038582632], [64.93643343775398, 25.048680884469483, 86.00614572330504, 52.572745574531005, 54.862327990842424, 78.80465511171458, 34.88035759119107, 0.0, 34.01358384639117, 83.83355182001846, 60.72748204896771, 8.176103349626226, 38.46411723280785, 61.16431080652055, 23.38626859970427, 11.364823428340037, 22.490943392645423, 37.58744421582221, 22.26503891341207, 38.60740027030164, 37.61298025200183, 16.404126020573507, 96.95591269843118, 89.0862966974784, 86.78825690675727, 80.96522902756676, 16.048333839700245, 52.85079596550732, 35.53965129283561, 44.29597242307077, 80.26494303050642, 85.66963295450789, 44.19123436432118, 81.69371012248321, 16.37589847087339, 83.62114666817767, 5.035052291932801, 1.3205798388103838, 88.05826751416264, 69.3774012574721, 75.2872062621922, 88.6972346923186, 45.19508487896421, 16.72312115534486, 42.67093840842405, 71.14474550889403, 75.2558407147345, 74.82987462819895, 74.32291085350424, 68.0827553298204, 18.86963499818801, 61.87012045334277, 70.15479752928029, 41.237058259899015, 78.3332296450277, 87.94429221526579, 62.990931835235735, 65.20492466359431, 52.301805336129505, 48.45882118366418, 43.68585434829305, 11.452397001097914, 44.849636795731456, 20.748111924794813, 78.33386686385067, 45.102145339674614, 29.791705171377753, 33.97120855915547, 11.25349712078478, 60.445331543846756, 67.25334799057902, 25.12390014684876, 67.6215992425655, 31.67478145143455, 19.736198989445032, 15.365645397289788, 68.94875876458758, 42.9557884368511, 75.58134554751571, 79.88917358570399, 56.89602719890609, 96.38425678584368, 51.97247346238302, 65.42449590633667, 87.5657707093204, 21.470198067168646, 66.6862261236966], [31.252554838371637, 21.22392935715644, 82.22207989349887, 78.01700394978768, 57.87215764447421, 53.319589472436064, 1.767468607434199, 34.01358384639117, 0.0, 73.79757918627406, 64.52898582776068, 39.06488435398345, 66.58911844313882, 28.624025747604378, 55.93133160472789, 39.82739563900325, 23.198244740590052, 10.91370286340975, 12.203114538395946, 23.082522747069557, 66.03568439010789, 43.58122772141884, 89.24869700361646, 57.22058916633097, 66.91426102207059, 70.09089096255417, 39.51718242574162, 23.947370887295133, 56.41815908814864, 10.282718637422809, 77.53741423140957, 56.42376698616061, 20.928807135501184, 49.28838309566119, 44.50313898755327, 53.0780609793285, 37.78093865903157, 33.41090643366278, 89.43018517718288, 55.00983870042331, 73.96002399586294, 74.63216054809726, 66.66532804297088, 32.89316231468387, 23.818931831540574, 79.98538509117097, 84.27333211151304, 66.51098849234678, 46.432662235397494, 34.6027914992562, 31.91575604977671, 80.16588730455196, 37.54941214928632, 12.018570457145834, 54.56689669085608, 58.09202574772071, 31.13447398889305, 72.10578746495155, 38.35511365746085, 74.52388431898012, 49.98788273141967, 38.88680120396592, 39.275684435304385, 51.79809392678556, 83.3921316213344, 26.79664305902529, 60.412076976430996, 39.27971945283381, 42.520371506365166, 82.98425529387296, 38.33832739220312, 17.924236198355946, 34.28460375037001, 34.05503427886414, 20.131694782887408, 47.952644353619576, 37.760821809344655, 9.601017262715906, 72.26225273757824, 52.29540850232738, 63.64828176745207, 89.10020849711937, 78.62146755406012, 34.595093311137816, 77.37644014875676, 51.75194855686174, 93.34364457234528], [71.56241258738095, 61.516574819883, 16.204112808171832, 78.75943092514981, 34.60905961537671, 40.811905905911736, 75.2871299916602, 83.83355182001846, 73.79757918627406, 0.0, 33.185408566821955, 80.27088079877504, 80.77853189238245, 64.5163322543836, 87.91841252026704, 77.28012876793444, 91.89864419557792, 62.948502847555, 73.15675851338821, 51.46132669338346, 81.27643515677204, 75.31717059326782, 15.77083704984971, 66.46044944481949, 25.104492145709898, 3.9093373837330776, 71.5622744297862, 56.17132401115454, 65.07531544705124, 73.54927080052049, 17.240254304975924, 53.843638904454885, 53.2850841514043, 66.94798510943556, 76.5903487330197, 58.51990546528708, 88.6609679621683, 84.5629186514785, 30.03724122468378, 19.542555993292183, 20.36455194692575, 10.54524828513431, 66.83221568721328, 67.46192999159031, 49.98977084097672, 42.964785071596005, 44.43104177806131, 9.217511643355348, 48.156929050231376, 70.47964611777809, 65.09942733829695, 63.35694971593712, 65.4495285204076, 63.04456587966945, 36.0233017377032, 56.80830615537011, 61.76944571908341, 38.12137626029589, 35.51821407191785, 78.85388058815796, 44.260856605568286, 76.23272088309778, 39.16322243523784, 82.65495772919952, 35.584700233340364, 47.001087814788264, 84.50366153492764, 50.60599499637374, 81.05406669580631, 73.928089631193, 51.92903314527252, 88.42634358308105, 69.34031069185, 104.75107952932352, 87.15483033872785, 84.92171330584, 59.2046872524345, 69.65420318156352, 16.15827892608887, 47.24020559788522, 39.047816775373875, 15.88869641653407, 81.96231126992686, 58.02710253880479, 3.7516204875893004, 81.0728274253616, 89.51834450561618], [76.56619609108557, 45.338802800338705, 27.389223278832375, 45.57646628906934, 6.677867399683635, 59.1814427361699, 66.28626998786372, 60.72748204896771, 64.52898582776068, 33.185408566821955, 0.0, 54.96773326935666, 48.45704048082977, 69.13687389640269, 58.3638805614785, 51.484253628377644, 75.42937523582651, 55.629284318669505, 58.49707336610382, 42.58382795729946, 49.06726734506016, 48.130652279380556, 40.56340245426942, 83.25471207165245, 51.91170174518389, 32.66044619595898, 45.647584872695866, 57.56229770510019, 33.69743817548435, 68.93578597783534, 21.52317888829185, 72.42142959673919, 49.27464416002297, 80.43874861050244, 49.18233860604313, 74.97784988630353, 64.85822755466923, 61.77856999359154, 27.34597891825772, 33.75080752360257, 16.11548406253429, 42.739610813476204, 33.85390544271682, 44.26779303448696, 44.17196111324358, 16.887960932401068, 20.79759016274803, 25.16821259798485, 62.51369070518668, 77.1187115268669, 42.57146119049062, 31.25087364909366, 74.11425164903855, 57.73723726032634, 55.21963534935566, 75.64324691076499, 67.7556215422206, 8.684702826895109, 33.46787300930571, 45.725224792409975, 17.095315073013857, 50.704713150851134, 25.973754915471332, 53.6073517079151, 18.9564100330775, 42.38634323683059, 53.56168007762087, 27.88677891407867, 54.65012218494067, 41.25061713013815, 61.79833777181893, 73.70282495814455, 76.01766830694851, 88.07623780326205, 70.62022873111897, 57.21789876741554, 68.59043932330167, 64.86016379324619, 18.408117567733772, 64.67770782416194, 5.920844542392879, 39.64375392024432, 48.77921810103464, 65.88295686367391, 36.020336766241144, 51.8847080952391, 56.85187607543732], [69.08152709347266, 25.585277262086006, 81.08339071310463, 44.42451761226721, 49.48517143152703, 79.29551268944567, 40.18182946143537, 8.176103349626226, 39.06488435398345, 80.27088079877504, 54.96773326935666, 0.0, 30.460522281408263, 64.6123044642852, 16.873830824646475, 3.610487432463054, 30.478382592573503, 40.652035496334214, 26.878588801273825, 38.979136805565304, 29.643732864489614, 8.378475752686873, 92.64003556182239, 91.77095865833135, 85.52441496907456, 77.65879471917009, 9.322142313560773, 55.24563203409562, 27.700873644311844, 49.20738616490153, 75.2498289468941, 87.2739980316112, 45.724403585938376, 84.75022965329397, 8.222369186036651, 85.76764524304608, 10.413858305503371, 9.492736881834002, 82.1332471990443, 67.23398279411096, 70.11028571086099, 85.94809402811234, 37.142751590946176, 13.218712721170162, 43.315131389349, 64.25837627996818, 68.27945629813816, 71.12089706603338, 75.67506519419736, 72.00748463033487, 15.762926823489819, 53.93090309792338, 73.4762785767675, 44.4725028183575, 78.3323882294213, 89.7473152067785, 66.07950119202063, 58.75256952708504, 50.917906105990355, 40.3279755138523, 38.21887925543953, 4.263132324705272, 42.069234144084504, 13.215712454272978, 71.93236377173122, 45.36227109476028, 22.249566656788325, 29.689192395663802, 3.5277056423141784, 52.278976007782504, 69.12742156662759, 32.66010652431338, 71.43994000314402, 39.82354496553679, 27.35281463640306, 8.91582492154509, 71.62199832286032, 47.31130491595158, 70.79483166446941, 81.01994894321221, 50.70424894288634, 91.98941043652077, 43.894454240237046, 68.03309698302593, 83.95542534371528, 13.660921353164383, 58.661283841333024], [93.61121694627751, 47.66560074312286, 75.45769428911898, 14.904165680467104, 46.17786262310201, 94.02877549285822, 68.00708827171711, 38.46411723280785, 66.58911844313882, 80.77853189238245, 48.45704048082977, 30.460522281408263, 0.0, 87.82522838839151, 18.373579583158634, 28.10723450102181, 60.92193685524043, 64.7816582408603, 54.72259213148151, 57.73314147388362, 1.0661506608150813, 23.46197652673496, 88.93927840206646, 112.00893486484819, 94.25502995592932, 79.45038282454269, 27.089469684626476, 76.6917313989169, 16.269022126757026, 76.00991913976172, 69.73037423788931, 104.77362848615486, 66.15006727739993, 106.18703079638138, 22.861319346017744, 104.81536277445456, 38.87129458836066, 39.73972362832215, 71.2649836073084, 74.49179802412533, 64.35799100547106, 89.24761221412017, 15.652447355018051, 33.85943509363315, 61.99951221938345, 49.272168763426, 52.19048679783752, 71.92750501348824, 93.08720738471169, 95.95222039681822, 35.30202140574364, 30.628318743861747, 95.99523989195531, 68.56712843582834, 91.64968275593145, 107.68996110660804, 88.4091842416785, 47.466521231304405, 62.88072502566807, 10.673808306257332, 37.82836113708495, 28.695385213241334, 51.310296606959014, 18.099618850820775, 59.23784679157878, 62.79283486571731, 10.163481810327404, 37.93805509945233, 27.210680764224993, 24.571091166266818, 88.3298303857674, 63.01661420044747, 95.17142154457719, 69.485309010145, 57.765274296945805, 24.15784967951321, 92.6814689651, 73.25422213839526, 66.85864319256851, 97.50433473660014, 42.60582880140274, 87.97723012734791, 13.628627907803157, 89.12823329427079, 83.95313422040135, 17.067493230016378, 28.222353535931433], [7.488582929703123, 40.49869452558861, 77.43532126520657, 96.49171492830693, 63.362193846781764, 30.883094110460462, 28.583576941861228, 61.16431080652055, 28.624025747604378, 64.5163322543836, 69.13687389640269, 64.6123044642852, 87.82522838839151, 0.0, 80.913612483249, 64.3888452985247, 51.317186572318185, 23.97118661893789, 39.00857065521175, 30.824972057585768, 87.51505114489935, 66.97083383765246, 80.09800914511756, 28.601855357185766, 48.765077334446765, 60.620342302577626, 62.235749122898575, 11.963945251989662, 74.38622087491633, 19.73049083501196, 74.34813240448288, 29.38979756360976, 22.23319722440031, 20.707969747848452, 68.15362030471827, 25.095028280632462, 65.44910292079516, 60.79706377443772, 88.20359294697533, 45.30979306335371, 72.55576868933818, 61.32064862195348, 83.53492944014292, 54.87467776320916, 27.163387570443955, 86.0148001831195, 89.90636735484976, 60.16366057259618, 22.062638679532842, 8.376366708799766, 52.95683423858385, 93.29618510915306, 9.013593819123985, 20.139823369047324, 34.03685968134644, 30.46314850094919, 3.471498013234188, 77.76930650189696, 35.796976255894776, 93.71260240629348, 60.11114241649216, 63.26071687374469, 44.368688268246665, 76.0685741024501, 85.95788489403463, 27.752164784049178, 83.77386711150591, 52.59399456771219, 67.77744784782611, 98.95228260898602, 14.356149683013125, 45.80998679850165, 7.44515950445842, 60.49357265360985, 48.68874741015048, 73.4154671056981, 10.052195292151106, 19.024692996465397, 69.40679270121309, 27.407962282506087, 70.7295802683888, 80.3476113617156, 97.92731626559035, 8.12771536940652, 67.41239696994009, 75.59096824377633, 111.7753778723549], [85.67614481609336, 40.876831615304454, 85.69174092752988, 33.258521494385505, 54.2702595073201, 93.06859450077803, 57.05565624341309, 23.38626859970427, 55.93133160472789, 87.91841252026704, 58.3638805614785, 16.873830824646475, 18.373579583158634, 80.913612483249, 0.0, 16.527829419195548, 45.41701482181121, 56.964916564741394, 43.73664692979069, 53.501664644799845, 17.326466183945357, 14.670784757821805, 98.41873339289856, 107.45908053871274, 96.98019002192821, 85.86947265749016, 19.562517684833182, 70.99925474383893, 25.25635054185527, 66.04681855543996, 79.79401558907963, 102.09420718309275, 61.01404777842512, 100.72646318163049, 13.32280475572167, 101.07072614744294, 22.239813312116436, 24.474531815286902, 83.96986079442173, 77.7383548714453, 74.41171983925315, 95.00489089693816, 31.02442462543791, 26.719958566219404, 57.934716048414344, 63.38341263971278, 66.8728459394533, 78.72285339586259, 90.3646772559025, 88.50351246532999, 29.062727426937013, 47.714018053080466, 89.66458466229658, 60.820530443754414, 91.55677805376045, 104.72991291386826, 82.17469099663381, 59.75750867148276, 63.04646088477944, 29.039073914658772, 43.71511430721882, 17.65417283698046, 52.62032483281001, 5.520521502253117, 72.55032980678544, 59.56210983892546, 8.215113079807336, 38.813653306146264, 13.414995432362248, 42.847405672857576, 84.34213859290806, 48.47386249977597, 87.89052472737542, 52.44431860698494, 43.07580334377176, 8.100370536561435, 87.41632924724688, 64.04562821576795, 76.0437043261058, 95.44205554991444, 53.05557325307818, 97.60162534041844, 31.651973951429948, 83.809603045385, 91.4222633466311, 6.897818889960489, 45.48105710668708], [69.17625762411645, 24.558663018871712, 77.74336510495631, 41.66269270747155, 46.08481625154423, 77.72136140352178, 41.06024017984107, 11.364823428340037, 39.82739563900325, 77.28012876793444, 51.484253628377644, 3.610487432463054, 28.10723450102181, 64.3888452985247, 16.527829419195548, 0.0, 33.17086856733512, 40.43712831533453, 27.642847347885056, 37.6083694012714, 27.359815454960266, 5.0678014118693016, 89.43328519680313, 91.0995702065585, 83.26848330457813, 74.74704071310026, 5.875963550528241, 54.59118379311932, 24.225064210356937, 49.80153591101565, 71.89458587804062, 86.13824991983026, 44.76915285682019, 84.26814670262046, 5.285416637651717, 84.87096633633737, 14.013597253328125, 12.680336927547252, 78.60613053554926, 64.71817270669253, 66.7251523890714, 83.19279960189782, 33.832756627268964, 11.04440850290662, 42.006942781385675, 60.64860869535443, 64.66900447861143, 68.10337111789768, 74.46722683085943, 71.98188477797393, 13.585962381257332, 50.52205220495439, 73.15507684581739, 44.29276510973767, 76.56653967161671, 88.69049368919305, 65.68026439348407, 55.16955475247208, 48.74395987872931, 37.63547033919033, 34.82541429289071, 1.2224031086813898, 39.45356092987084, 11.9807777230723, 68.3504185137625, 43.874738648227115, 20.676586239948954, 26.677558681739512, 4.0056761367567715, 49.19935377942571, 68.168419303556, 34.938965660447586, 71.36459015834832, 43.009993479265425, 29.740624523032732, 9.348274337010617, 71.00791740827378, 47.64061776942212, 67.4960365948657, 79.70215063341979, 47.156116063882884, 88.76368431167508, 41.33180052983162, 67.40479726939117, 80.94592455596168, 11.971054564746986, 56.175615459787885], [52.68868173910588, 30.989234485779992, 97.61143268217133, 74.82212864003807, 68.92690925970983, 76.20057574711124, 22.864977885995863, 22.490943392645423, 23.198244740590052, 91.89864419557792, 75.42937523582651, 30.478382592573503, 60.92193685524043, 51.317186572318185, 45.41701482181121, 33.17086856733512, 0.0, 32.47654778026113, 18.76115158993754, 40.82747843893816, 60.08529966693201, 38.184498510242015, 106.60951599001716, 79.82996837244053, 88.5779150797427, 88.470884324383, 36.33033291697142, 47.02560540473409, 56.28748328058603, 31.721711057361336, 92.29877096275423, 79.60669260532119, 42.165606546764046, 71.69747123524921, 38.43058538089404, 76.1264299628713, 23.303964194869113, 21.247962208431847, 102.32502173969404, 74.44408344929307, 87.9191582389228, 94.40463860109406, 66.43643936067691, 33.13255014834665, 43.36217230952572, 88.44680535116458, 92.72486757315833, 83.66634624971603, 69.58368237040624, 56.28986001131847, 33.95191432994855, 82.50629002236064, 60.01810499131656, 34.751234947768324, 77.11041996386984, 81.2211241085065, 54.06528613355338, 81.4998302415992, 56.861990797605905, 70.7650550426915, 58.70980434122987, 32.8700887327524, 53.708344534498536, 43.2176546349877, 94.13599956632592, 46.391741166510414, 52.23259412472906, 47.57898356589191, 33.72549165570189, 82.21771301005168, 61.5253330175602, 5.555103045673941, 56.17624333440561, 12.933479852557697, 4.857569824734379, 37.62833607638763, 60.78998157868112, 32.50202822771452, 87.18460523691785, 75.44479529372269, 72.83360912983731, 106.26781044257848, 74.37065148585131, 57.71598817934095, 95.61708432612987, 43.96017988794884, 89.13520763007601], [28.959143805583842, 17.120143954137852, 71.7914752079176, 74.65279427819661, 49.074778211708406, 43.868380048213844, 12.342754231802946, 37.58744421582221, 10.91370286340975, 62.948502847555, 55.629284318669505, 40.652035496334214, 64.7816582408603, 23.97118661893789, 56.964916564741394, 40.43712831533453, 32.47654778026113, 0.0, 16.08550781085073, 13.133205539229719, 64.3852683781478, 43.179710510201325, 78.45562062252027, 51.50015641936785, 56.38783977813896, 59.221941118023715, 38.53623978379501, 15.504547174393666, 52.54060714476488, 13.47132732511334, 67.2792177717473, 48.68128687354222, 10.068964117241421, 44.20007570437193, 44.32510740409735, 46.18408637749607, 42.109741429360234, 37.345097733916404, 79.57740847623919, 44.0978958697452, 63.93931955385671, 63.729325610375696, 62.347065511825654, 31.240862368312264, 13.06313488540246, 71.68590608297023, 75.91086415295419, 55.8104510389224, 37.854608603462154, 31.595036871677667, 29.524319433662445, 74.3010579056062, 32.82845535214054, 3.8637474142095023, 44.636763530776236, 50.737632071749005, 25.488591473645933, 63.60368385190071, 27.599074037881554, 71.52839175227442, 42.4399808099628, 39.31934107541907, 29.80210131131815, 52.1832167636147, 74.24926215190513, 15.970758230326046, 60.085003257721276, 32.64972549341615, 43.80626417577777, 78.39379417598963, 30.201803908256075, 27.69625633696905, 30.94511265901251, 44.25321881705417, 28.579574870977588, 49.4444891213089, 31.36372462767543, 9.584911133492263, 62.002676744848515, 43.652712079110536, 55.41560224446954, 78.33214666989251, 75.72378943410337, 27.853222925680193, 66.50927882842461, 51.769477880473524, 90.06043659951295], [42.68082761246495, 13.160858942766014, 79.31514420157136, 66.66484451155043, 51.85513651776913, 59.50141084500038, 13.422546911455317, 22.26503891341207, 12.203114538395946, 73.15675851338821, 58.49707336610382, 26.878588801273825, 54.72259213148151, 39.00857065521175, 43.73664692979069, 27.642847347885056, 18.76115158993754, 16.08550781085073, 0.0, 22.134797815266666, 54.12792412632251, 31.51580784222237, 87.95724923457658, 67.21404584218138, 70.47484724935721, 69.71430006722916, 27.643258821866702, 31.58742850385474, 45.55150704211342, 22.339302165589448, 74.14373566146621, 64.76676410972058, 24.582190137538284, 59.63928881995851, 32.39160779438541, 62.1906294886256, 26.441063486975814, 21.820635421463184, 84.80880238774637, 55.73731258263563, 69.97383561581675, 75.70014276632892, 55.91977270196192, 21.453195909127835, 24.966713266031846, 72.76553647475244, 77.08253984143384, 64.99812481856198, 53.87265356045793, 45.81829273040619, 20.92122959156518, 70.36198778929526, 48.018509529300346, 19.421557121045804, 59.85261782691386, 66.80924890070969, 41.000829437093536, 65.30098261507462, 38.12347838827919, 63.03192783894174, 42.51359276037471, 26.722133901377905, 35.33193000859853, 39.60483047032826, 77.42770082200526, 27.93651761901643, 48.264992486333966, 31.30259486839108, 30.323095407783594, 72.25186403006592, 46.285688576459755, 15.56832281419608, 45.36420530356768, 31.596633957174888, 14.108308455691057, 35.778853703989924, 47.19509401763122, 20.709516473359542, 68.96315034092953, 59.63787314826179, 56.6387483311453, 87.64192184277344, 67.06667432113979, 43.75366150263384, 76.87032735357955, 39.58700264963976, 81.88102309072868], [37.45286106373729, 13.606882816134194, 59.15814155135292, 65.71188058027275, 36.08251757196415, 40.374812351558084, 24.742863309938418, 38.60740027030164, 23.082522747069557, 51.46132669338346, 42.58382795729946, 38.979136805565304, 57.73314147388362, 30.824972057585768, 53.501664644799845, 37.6083694012714, 40.82747843893816, 13.133205539229719, 22.134797815266666, 0.0, 57.52333422733979, 38.88339188806264, 66.62950741237692, 54.491584557061834, 48.87276347551935, 47.900298672102984, 33.97597288036817, 19.14912660242831, 43.66543118670778, 26.352390236283654, 54.45687140653592, 48.59811619242285, 8.604507119984431, 48.455674622027125, 40.20312827895159, 47.70642870533237, 43.599836731345576, 38.818358181250694, 66.51904482939906, 33.61701426542431, 50.947335127513256, 53.57878646051876, 52.70996342771598, 26.80424630222979, 4.435650992953211, 58.823571748680806, 63.011537944607284, 43.73201704303296, 36.886644302274995, 39.18055654282836, 24.44086588544772, 63.04208515218094, 38.460403438139885, 15.20815630166181, 39.72821952990419, 51.23173301773113, 30.926907883271397, 50.67873573620106, 16.071595483395797, 63.02817069228286, 30.288617012074617, 36.390027079325115, 16.68202114268352, 48.20133442732061, 61.13278594701324, 6.495035737899839, 54.883464582132305, 21.804713778861498, 41.48520325802371, 68.20536664937198, 30.993087524238295, 37.03524887671681, 38.27000540659483, 53.517373550020075, 36.239137334171616, 46.95325355903852, 34.9493883485192, 22.28500930204708, 49.1810267378184, 42.09563390612655, 42.65090487575342, 66.4106485296056, 67.23822709880419, 31.395910860357443, 55.13036610510445, 47.37587370523214, 80.9643965679341], [93.24754746082007, 47.27865376972755, 76.12966537329793, 15.938840459499609, 46.668132923403626, 94.07047930759151, 67.43924657898883, 37.61298025200183, 66.03568439010789, 81.27643515677204, 49.06726734506016, 29.643732864489614, 1.0661506608150813, 87.51505114489935, 17.326466183945357, 27.359815454960266, 60.08529966693201, 64.3852683781478, 54.12792412632251, 57.52333422733979, 0.0, 22.780071735580197, 89.57960583527066, 111.85786424225222, 94.51076396892998, 79.9047311675787, 26.519860786729836, 76.43738698108658, 16.558255168347348, 75.50956081464544, 70.38629366286106, 104.7257027777207, 65.90887562493093, 105.97845374836635, 22.136309489821073, 104.70557259876254, 37.943328604032224, 38.88277355888704, 72.07482036194372, 74.75340264320363, 65.00650473026883, 89.67408743505975, 16.504194526801687, 33.37700281311734, 61.81033026076568, 50.141608242128434, 53.09641837790798, 72.39409525898023, 93.0256487025602, 95.61904126831725, 34.87836542308505, 31.651065809018043, 95.72716865581316, 68.1818670459564, 91.73916342924721, 107.62812849447765, 88.1388721645389, 48.22268336099482, 62.93899764324249, 11.713658225178769, 38.14323016605879, 27.97734127083509, 51.40296413364601, 17.16479533763782, 60.07169404780414, 62.65349280303653, 9.113051020828562, 37.94081407076591, 26.362580460928267, 25.636081444456188, 88.18955647965333, 62.237946653874964, 94.847293723157, 68.5589197072017, 56.971896027888484, 23.204268150074792, 92.47197968868846, 72.79327787199198, 67.45919637188777, 97.48561798512821, 43.23428214120586, 88.62508068057869, 14.581125756607298, 88.91177945797419, 84.47350253758832, 16.179261895512617, 29.08914428796295], [72.10817324215844, 26.576053877739586, 74.83785638205723, 36.70106540307417, 43.0788903000959, 78.4130413613973, 44.91044324002747, 16.404126020573507, 43.58122772141884, 75.31717059326782, 48.130652279380556, 8.378475752686873, 23.46197652673496, 66.97083383765246, 14.670784757821805, 5.0678014118693016, 38.184498510242015, 43.179710510201325, 31.51580784222237, 38.88339188806264, 22.780071735580197, 0.0, 86.89569381469143, 93.04023916644692, 82.79924497189823, 72.97586228363092, 4.907540494604665, 56.69017497856068, 19.342402567173117, 53.33684353749382, 68.95277206727586, 87.45650762092494, 46.547098911662964, 86.46889625996012, 1.3761119033323654, 86.52599973304144, 18.6760319333521, 17.722972809381375, 74.99655548029439, 63.823796231549224, 63.6966863217504, 81.74413697469808, 28.79673336002947, 12.214458877161164, 43.3189011548564, 56.40639550844552, 60.352135800762966, 66.10349865566879, 75.71860642565298, 74.76823052119738, 14.45310166934764, 45.553034925433145, 75.58755530655984, 47.04138401672448, 76.9583324549517, 90.11381836750726, 68.04438657261117, 51.268426879737916, 48.59268635102858, 32.71564032471103, 31.926469530208646, 5.341332806263783, 38.5432663851319, 9.318976177079913, 64.43548509507221, 44.90051939662612, 16.968499527892323, 25.06599667311984, 6.699434232849611, 44.13462714264353, 69.7944449624606, 39.792604555644964, 74.09538357907498, 48.06803946797087, 34.65506136844728, 9.613654705704137, 73.0810529274995, 50.921045344711956, 64.7416372227027, 80.77530336693232, 43.50421235045471, 86.1750064430421, 36.48334995095826, 69.47352601127896, 78.9288388