instance_id,num_cities,city_coordinates,distance_matrix,best_route,total_distance
1262,58,"[[86.87770110170757, 23.521519018765325], [59.30516207583341, 33.39898793079901], [37.44344523637738, 99.72465633570368], [70.23516416878961, 38.820283664813495], [98.05638609631883, 44.39152618797314], [54.21753576999474, 0.2860568397112684], [31.185430433582408, 2.2730618160691773], [22.768388977187236, 28.56512844042315], [69.45812477525125, 3.338612182655698], [67.36748903895547, 40.049403851622834], [93.81372733378241, 31.94463896617338], [39.47592969990755, 3.995561515604029], [5.952865541194252, 13.618405743145711], [39.9091112580663, 1.3763043432952426], [70.67057048609435, 12.21728777417227], [31.50729407541739, 70.34837894139886], [73.36335761934095, 74.02784618525523], [82.22697046475302, 70.72397426178776], [15.083863012926068, 90.8723263366153], [67.77321901934495, 78.70506260971433], [14.006484157491538, 41.57338857480517], [43.197336373473306, 49.7073520986436], [87.90945210383249, 75.86531444522019], [35.5148540125936, 62.14255762210704], [2.9290820232029002, 74.57129954435466], [47.57186361741201, 78.47272369259511], [22.81550523326763, 29.031358874829984], [50.96075384860504, 53.20216843109038], [10.413889086690942, 11.606382929244008], [74.35736659563655, 6.306306665130068], [70.54206843381515, 60.246884791737344], [18.45383005192973, 27.279146576986623], [25.101700189340658, 6.824582102647769], [45.31210825923835, 57.69240503081793], [45.34472660600356, 97.9173398137701], [82.11296462259895, 45.61321521668654], [56.091051482526844, 69.38298441714902], [18.04519293649305, 49.51409381701062], [75.58676662065707, 93.65808447692527], [43.78143301815957, 39.181908293272386], [7.96937645238327, 82.63631190213478], [21.88225766267721, 10.717381841087537], [58.23374544461556, 88.82348931784426], [83.84032966714236, 75.66000008654734], [32.34257214032476, 59.077344845342914], [74.19395128354925, 35.77325498725868], [24.735750153751667, 51.28241806606905], [66.42812891050326, 64.24363373565214], [96.64311638852456, 30.227104978294573], [45.23087873509159, 76.47857745329199], [93.15660965343653, 44.643375398694374], [24.350827303801747, 88.90995605641653], [30.60189023307014, 25.3303472376583], [77.61499019607852, 76.05159843816828], [79.13075010281193, 17.93689266997138], [22.42810481216029, 11.403288631025088], [34.09367842734851, 45.44214470693855], [5.115231595621184, 10.916921057484396]]","[[0.0, 29.288381663068133, 90.83316459258201, 22.605889393224764, 23.675307758327715, 40.082079563928176, 59.60810302019788, 64.30740157304916, 26.660670804545, 25.569891508994694, 10.911343159320658, 51.265884840152395, 81.52852668266411, 51.92743942197476, 19.759977905422396, 72.51645871435662, 52.283138425384344, 47.43101386674171, 98.4402683554059, 58.396958130449605, 75.07385865532207, 50.92810733650741, 52.35396288512402, 64.26294954248921, 98.25197574043344, 67.56170331960989, 64.29870352290038, 46.59364816710001, 77.38659454905361, 21.286669831720246, 40.19459398748666, 68.52697202053312, 63.99267138591392, 53.80843762082877, 85.2040264437266, 22.599684834452784, 55.236688923770096, 73.57668193766759, 71.03958766576653, 45.8534198829066, 98.59554978094513, 66.24464957036896, 71.30794850945608, 52.22687845627936, 65.1022045789893, 17.634697153376496, 68.06092552656588, 45.56836215861358, 11.846021221685985, 67.3714171683685, 22.035369512112215, 90.4724137246604, 56.30487322113527, 53.34048234811944, 9.550041949380837, 65.57897505768123, 57.15476253339044, 82.72833438127009], [29.288381663068133, 0.0, 69.83572833819323, 12.200630852036733, 40.28018446359554, 33.50149469607269, 41.946901961072555, 36.85514870455214, 31.72867538513596, 10.451274945203192, 34.539198124348985, 35.46491141356837, 56.9011333560464, 37.43873731138361, 24.038238909231087, 46.23828458564126, 42.99228983201744, 43.801414411258946, 72.51694917962675, 46.09065405491666, 46.0303274704667, 22.922146293238992, 51.201506771142185, 37.31181523784302, 69.80989647395513, 46.57587302712221, 36.750118912171594, 21.489418479562374, 53.52825615740393, 30.993261188024583, 29.10459809641138, 41.307188070879995, 43.31369125507592, 28.03525761446856, 66.01144967505381, 25.872441036816845, 36.127254393818184, 44.29539130770978, 62.41994363269954, 16.56587853917734, 71.13140626639618, 43.75990207398849, 55.43485625128139, 48.86683535038795, 37.23384575706755, 15.07690910389744, 38.9212193288141, 31.656418485903462, 37.47243885472361, 45.32037604634332, 35.67011007310427, 65.59933766127968, 29.81578067256621, 46.416537881301174, 25.142202180206535, 42.9386555461894, 27.94023143949415, 58.66849151245005], [90.83316459258201, 69.83572833819323, 0.0, 69.17108818702361, 82.07121231976805, 100.84346871738585, 97.65232216230837, 72.65697273138761, 101.56381842688914, 66.75765241931003, 88.15746966851334, 95.75066886539291, 91.68392989312287, 98.37925517380776, 93.60331941188879, 29.970044446962554, 44.16521433784705, 53.35357244489732, 24.048173810500458, 36.901470135099466, 62.69657954635902, 50.347174561837925, 55.82191365935968, 37.63155069654954, 42.707524230325454, 23.542079346746416, 72.19085076812817, 48.446460272687574, 92.17064073654164, 100.4471286065019, 51.517116608400784, 74.89297276149328, 93.71628707601126, 42.762436875421514, 8.105346401755813, 70.1670437040986, 35.6139056202018, 53.8274352048614, 38.62274278637097, 60.873593861799705, 34.06952077978059, 90.35732107396626, 23.474923324687015, 52.266419097464684, 40.966118167779186, 73.75894135054482, 50.08129354245, 45.81500684747857, 91.29354144296344, 24.515797027716708, 78.34477773932358, 16.98158963287049, 74.70823315431035, 46.6279604386612, 91.79907228544708, 89.58864013523238, 54.385770256583605, 94.50887388202574], [22.605889393224764, 12.200630852036733, 69.17108818702361, 0.0, 28.37356397763057, 41.73069681338077, 53.48440080670169, 48.561949670152856, 35.49017894272837, 3.119983506990298, 24.56060119271296, 46.463876053137255, 69.04598878737268, 48.184240915202516, 26.60655875942289, 49.938649498545296, 35.34625939042045, 34.082970703085316, 75.83588309957122, 39.960690251827224, 56.29603931413267, 29.147425117359486, 41.04527694549133, 41.8261688405895, 76.2118352371052, 45.67210518510056, 48.41949093190864, 24.048731829793116, 65.72047889123715, 32.77424679811644, 21.428798988281756, 53.05190296494453, 55.32408597744196, 31.262048568892908, 64.12484641338239, 13.683057505139185, 33.67691495607205, 53.27429654907868, 55.098312557751534, 26.45620275401824, 76.13719623441825, 55.92652911188774, 51.42328876075745, 39.27168489218835, 42.96739529349423, 4.995636013745239, 47.17522092737657, 25.70681322689078, 27.77089592321874, 45.2035549609674, 23.649546728147513, 67.92898976017385, 41.86615324665581, 37.95566666448737, 22.69906316465568, 55.11085683430314, 36.74310867713841, 70.84633556599871], [23.675307758327715, 40.28018446359554, 82.07121231976805, 28.37356397763057, 0.0, 62.18631058652952, 79.02967640257046, 76.93346070387075, 50.03201274100473, 30.994554827925466, 13.150100945906434, 71.15830122637229, 97.10841076116998, 72.32852052587646, 42.25120725074391, 71.43206460455579, 38.575343398939985, 30.724065824643116, 95.10470214075725, 45.76558739902804, 84.09713381283119, 55.115998962245015, 33.06901293824624, 65.01186316631174, 99.79991332692435, 60.91153448463024, 76.79273984521984, 47.91269136197738, 93.5738900579538, 44.85674387867299, 31.755788021825595, 81.42113033329011, 82.05889033916924, 54.39551656659927, 75.12344354811283, 15.990159860725312, 48.84324204706492, 80.17500689100696, 54.148661710329975, 54.52440417139078, 97.86895800461288, 83.28532788024441, 59.666087990154985, 34.34841656238822, 67.33482467698384, 25.37105424854753, 73.64373731620415, 37.34237307264641, 14.234751823342792, 61.807063406007835, 4.906244716192337, 86.1069102620034, 70.09591682217275, 37.68568483174928, 32.527332081351304, 82.50976152619424, 63.97133554662235, 98.78566388178345], [40.082079563928176, 33.50149469607269, 100.84346871738585, 41.73069681338077, 62.18631058652952, 0.0, 23.11765699641001, 42.2936723942689, 15.54328302994204, 41.881320855072694, 50.69639246153631, 15.201163589215847, 50.07224699948835, 14.349900753406827, 20.323794502518915, 73.65109677463562, 76.18670481238497, 75.80256356271335, 98.6778423194542, 79.58201438963762, 57.63308453993321, 50.63505919626893, 82.74883326335303, 64.62210917295376, 90.27071934699856, 78.4685913721118, 42.57205551673236, 53.016238026049884, 45.242781142731125, 21.020375678039798, 62.1433122337763, 44.8070255680173, 29.840981789708948, 58.09298969572759, 98.03363788833583, 53.22317387569162, 69.12232245640176, 61.08877155994162, 95.78611367120787, 40.27157187079186, 94.4481696440613, 33.97620861076036, 88.62847674404924, 80.986055829693, 62.729017042836816, 40.72343808095621, 58.9050468249647, 65.1127501127331, 51.92683559063017, 76.72066346241994, 59.0239204445388, 93.52120501243179, 34.42259716614028, 79.2960160873684, 30.532282160029933, 33.67730338558481, 49.43725220741872, 50.23993978150683], [59.60810302019788, 41.946901961072555, 97.65232216230837, 53.48440080670169, 79.02967640257046, 23.11765699641001, 0.0, 27.606509273324345, 38.287524466261104, 52.30863583109187, 69.30155887997172, 8.467548836578118, 27.665848258678633, 8.76965113858264, 40.71810303626992, 68.07607801510117, 83.23296595433528, 85.38598376434521, 90.05048665600673, 84.73793140569475, 42.890930026058385, 48.931562195788516, 92.91627565437491, 60.02583141111569, 77.62381338290744, 77.94166833334396, 28.036799199333572, 54.633664683718024, 22.77208407079284, 43.35992546110929, 70.07074357458663, 28.060611599683394, 7.597901723754937, 57.19149087708763, 96.68667737490951, 66.87288415615475, 71.58234189628439, 49.034487312440476, 101.60069400315534, 38.999002928131766, 83.64948969870333, 12.564058432299573, 90.67848612364516, 90.32265010511662, 56.81606768687286, 54.51601423626863, 49.43192668459766, 71.29095019688938, 71.17680225811912, 75.52306382143462, 75.07110314221626, 86.90605987820838, 23.06466843850655, 87.17210841684178, 50.43916410096688, 12.65115780204153, 43.26693453472287, 27.465825493442463], [64.30740157304916, 36.85514870455214, 72.65697273138761, 48.561949670152856, 76.93346070387075, 42.2936723942689, 27.606509273324345, 0.0, 53.06890380812879, 46.05397168583727, 71.12567183230504, 29.712043616596343, 22.498140985773418, 32.14088542798389, 50.6149275190769, 42.687334008381924, 68.01992029285823, 72.88821025037652, 62.779286782908386, 67.37542375098175, 15.683934703803104, 29.399583550357303, 80.50258195460555, 35.91540228578589, 50.10155566505529, 55.73132349121892, 0.46860512113528974, 37.44052852918731, 20.981723400550575, 56.18609933552182, 57.32414966075527, 4.502129282084963, 21.86539952248116, 36.83228910400877, 72.9343557118571, 61.74476432269379, 52.69247766979174, 21.474816208486857, 83.82645132926832, 23.542812795239833, 56.05982208908071, 17.869731038285135, 69.92039448540945, 77.12139051522806, 31.979060855221515, 51.92827309703951, 22.80231913500317, 56.38376212303036, 73.89341997845159, 52.91750223161275, 72.20118859976978, 60.36557239902142, 8.47511364854064, 72.54732591978036, 57.35568975478928, 17.16521304721873, 20.324759757255674, 24.96183465552069], [26.660670804545, 31.72867538513596, 101.56381842688914, 35.49017894272837, 50.03201274100473, 15.54328302994204, 38.287524466261104, 53.06890380812879, 0.0, 36.770273084982435, 37.569936709135675, 29.989391523704263, 64.33189027248518, 29.61409887022049, 8.961077215443128, 77.01022264523466, 70.79702428379903, 68.58447668953987, 103.0471322055348, 75.38528210055709, 67.35564247306122, 53.288732851133595, 74.83698297813139, 67.89734626119831, 97.46901701706766, 78.25690474237499, 53.25083276650671, 53.18389768471982, 59.620280116453664, 5.727982276152841, 56.91859472267822, 56.34347581849726, 44.49319485414217, 59.47575060957616, 97.60426062211219, 44.12807534038743, 67.38351246604304, 69.10473691738827, 90.52716347254335, 44.09120519629793, 100.34436382335419, 48.14467128546522, 86.21862275736191, 73.73758177413673, 66.9654430750556, 32.77856169173508, 65.56446685798772, 60.980345401705875, 38.23630230337217, 77.04812762475358, 47.620391114044814, 96.73222409073028, 44.64799405937986, 73.16907012999312, 17.51198086778621, 47.71647287830083, 54.98501174426569, 64.7876428659632], [25.569891508994694, 10.451274945203192, 66.75765241931003, 3.119983506990298, 30.994554827925466, 41.881320855072694, 52.30863583109187, 46.05397168583727, 36.770273084982435, 0.0, 27.660273566889853, 45.583095875051455, 66.8607032597032, 47.42964406295957, 28.027433567758486, 46.94658107161617, 34.503405389225506, 34.08421127284286, 72.91465559368193, 38.657787971364876, 53.382762867765756, 26.028296990292045, 41.288638851472584, 38.76464628561539, 73.10314344094682, 43.22289085000807, 45.89418891464258, 21.027985535689798, 63.66096124559749, 34.45946888729555, 20.44544425197351, 50.55319481852204, 53.76137728268678, 28.243854410249938, 61.91688039377803, 15.760236263896497, 31.426374158630665, 50.222198766679774, 54.23511005198329, 23.60200388017679, 73.08748535932719, 54.12276589920452, 49.62193753888916, 39.236068133395634, 39.85984623924784, 8.055186893366736, 44.08679812277309, 24.212458717201407, 30.879441573121483, 42.62762255915384, 26.19510100464503, 65.09828529688019, 39.60252369686066, 37.43219596834683, 25.046705604033075, 53.293040557987396, 33.70798312788351, 68.73168927461293], [10.911343159320658, 34.539198124348985, 88.15746966851334, 24.56060119271296, 13.150100945906434, 50.69639246153631, 69.30155887997172, 71.12567183230504, 37.569936709135675, 27.660273566889853, 0.0, 61.104395766899295, 89.75177914159184, 61.96878823961787, 30.41009855178438, 73.19111195673848, 46.789036657122224, 40.47332183935096, 98.34055051101244, 53.52238123063762, 80.38599929356698, 53.64264172906934, 44.315755669138085, 65.65571507241701, 100.38451546566989, 65.5985718462868, 71.05796747954899, 47.83575958917272, 85.84391462570143, 32.18499738001519, 36.64133221823516, 75.50417827885386, 73.15982457008258, 54.91224371824409, 81.8635528710788, 17.992715880030833, 53.14724812711838, 77.77889526387494, 64.34882635795587, 50.553027029032336, 99.6940233077954, 74.99821847283864, 67.09052636968362, 44.83861571125546, 67.19290624123708, 19.989845244478847, 71.73365062368714, 42.346145800059844, 3.309889034788562, 65.90572702836816, 12.71572690130058, 89.833968139936, 63.556944582924125, 46.98747661580294, 20.293022856734733, 74.28226017287587, 61.226357907431066, 91.15694195539912], [51.265884840152395, 35.46491141356837, 95.75066886539291, 46.463876053137255, 71.15830122637229, 15.201163589215847, 8.467548836578118, 29.712043616596343, 29.989391523704263, 45.583095875051455, 61.104395766899295, 0.0, 34.87685423911882, 2.654836039573792, 32.25991934971412, 66.82960073243561, 77.80024850246853, 79.24854922396078, 90.23605256784815, 79.888961293528, 45.395878036770306, 45.863020680475515, 86.66641494036529, 58.28175766747521, 79.4770839513321, 74.91589839236015, 30.07259371622008, 50.52911388359877, 30.042083935615594, 34.95789157052785, 64.25975681677025, 31.36963510977053, 14.649977184431705, 54.01307234062659, 94.10495850811934, 59.581421991943365, 67.46537886617669, 50.31116437826659, 96.66106024095963, 35.44878500572074, 84.71735665668352, 18.83401614743133, 86.87711428641319, 84.28518102336432, 55.54176486984508, 47.06551630504709, 49.53099731962974, 66.00190337043144, 62.89818046912178, 72.71112045499432, 67.3339451818142, 86.2509311412083, 23.106744865189444, 81.52705313278858, 42.03409919984411, 18.587704388112037, 41.79459159983713, 35.05086007677825], [81.52852668266411, 56.9011333560464, 91.68392989312287, 69.04598878737268, 97.10841076116998, 50.07224699948835, 27.665848258678633, 22.498140985773418, 64.33189027248518, 66.8607032597032, 89.75177914159184, 34.87685423911882, 0.0, 36.09564613452448, 64.73287004990684, 62.21992186418461, 90.51781557652976, 95.28265864115764, 77.79166640386923, 89.76652497579452, 29.091954866167818, 51.86099359467083, 102.91530364315896, 56.819930288197774, 61.027850441459364, 77.0598699554865, 22.8453002086684, 59.93817046280179, 4.8937681674898315, 68.79420438840698, 79.66166072012994, 18.517287971731616, 20.318314596448225, 59.09033254727578, 93.0485303677211, 82.60767836791904, 74.99017218393851, 37.87776134001719, 106.09067042558952, 45.656250174424656, 69.04735828998793, 16.191401206821972, 91.59200292030606, 99.57718863596249, 52.563597276874674, 71.74735624623962, 42.087701037594904, 78.8680619064558, 92.19853843220797, 74.12262480436758, 92.55831528998972, 77.50679031926273, 27.289998018167626, 95.04400907025119, 73.30519843947363, 16.62348497926927, 42.481239524396784, 2.8283652758508615], [51.92743942197476, 37.43873731138361, 98.37925517380776, 48.184240915202516, 72.32852052587646, 14.349900753406827, 8.76965113858264, 32.14088542798389, 29.61409887022049, 47.42964406295957, 61.96878823961787, 2.654836039573792, 36.09564613452448, 0.0, 32.61585957147508, 69.48192287449322, 79.98395546367358, 81.2397718544381, 92.87535142900761, 82.19577456511027, 47.81999238212543, 48.44277656719685, 88.61515303419843, 60.9249294975718, 82.00627954427918, 77.47629089085096, 32.51143503558699, 52.991121826166534, 31.21894679218823, 34.79924163966414, 66.36356912996585, 33.634600152490336, 15.777932472325832, 56.57469021781619, 96.69393695533456, 61.1397540266179, 69.90539123769722, 52.87038584867874, 98.93847601819746, 38.00340202976858, 87.31171449421903, 20.303280015045697, 89.34652974818799, 86.30190846199169, 58.195039215033255, 48.5654246267467, 52.16177790405882, 68.23165982282245, 63.648378105206596, 75.29058796003697, 68.6100249459065, 88.90557002705481, 25.698648489621313, 83.65484358149153, 42.57452336072949, 20.15256808121954, 44.447919478448995, 36.07821266709005], [19.759977905422396, 24.038238909231087, 93.60331941188879, 26.60655875942289, 42.25120725074391, 20.323794502518915, 40.71810303626992, 50.6149275190769, 8.961077215443128, 28.027433567758486, 30.41009855178438, 32.25991934971412, 64.73287004990684, 32.61585957147508, 0.0, 70.09269562166585, 61.86918646333469, 59.63709201685534, 96.31457386588481, 66.55087413478215, 63.816920433943466, 46.47885019726588, 65.9412643080857, 61.06109211399905, 92.07025601682716, 70.16646668990501, 50.72297563560596, 45.477877196998435, 60.259778111097994, 6.9665029408440855, 48.029768919360166, 54.34563066305182, 45.8868523063203, 52.067628100543956, 89.36384776758725, 35.30178966172668, 58.99558667436259, 64.50179922479049, 81.58904553929182, 38.08039487070176, 94.28827441621598, 48.81136328728908, 77.60917943170156, 64.79521820657436, 60.53842090694707, 23.81801426626233, 60.3000176093463, 52.19903241082057, 31.60580099253528, 69.113611304936, 39.45976578831193, 89.59511134388916, 42.159832372911694, 64.2109350738328, 10.21217505290488, 48.249332522903885, 49.41416953546758, 65.56823476838959], [72.51645871435662, 46.23828458564126, 29.970044446962554, 49.938649498545296, 71.43206460455579, 73.65109677463562, 68.07607801510117, 42.687334008381924, 77.01022264523466, 46.94658107161617, 73.19111195673848, 66.82960073243561, 62.21992186418461, 69.48192287449322, 70.09269562166585, 0.0, 42.01747891760735, 50.72106707161856, 26.286146627948657, 37.216279690088285, 33.67905014071703, 23.72148979414404, 56.67133320838353, 9.132143241003392, 28.888531678162632, 18.002093550636584, 42.221361186699966, 25.931248176878086, 62.41437197881949, 77.0552771484658, 40.320637312258256, 45.003907602254074, 63.845942688978035, 18.728229234904447, 30.84675254578447, 56.32727772596687, 24.602705437391645, 24.80515276548269, 49.86323567539004, 33.496318893966084, 26.552341939578145, 60.40279083886698, 32.4905048623741, 52.60190047359829, 11.301942268485144, 54.93259415000091, 20.232762322101628, 35.45042481559896, 76.50092792134707, 15.030505969742396, 66.79360237604081, 19.893394925200337, 45.027135536215575, 46.45908258008934, 70.81636433179277, 59.64021587298425, 25.040165489822886, 65.02798742191678], [52.283138425384344, 42.99228983201744, 44.16521433784705, 35.34625939042045, 38.575343398939985, 76.18670481238497, 83.23296595433528, 68.01992029285823, 70.79702428379903, 34.503405389225506, 46.789036657122224, 77.80024850246853, 90.51781557652976, 79.98395546367358, 61.86918646333469, 42.01747891760735, 0.0, 9.45934471092108, 60.66494871957533, 7.288758676784078, 67.65005725019383, 38.74887444072471, 14.661690023941103, 39.67076139298649, 70.43637214043781, 26.171704165124442, 67.6739924278265, 30.587342310650453, 88.65142223091884, 67.7288341020339, 14.066789598127755, 72.11447242225672, 82.73733305616867, 32.46104170190384, 36.82053217551865, 29.731244100969004, 17.885952592150097, 60.50639139008621, 19.755753667599784, 45.709185626982084, 65.95815684858928, 81.59974600586777, 21.161668655012242, 10.603342380962484, 43.660306133033295, 38.2636071687035, 53.684250093975415, 11.992839968199963, 49.60294445524905, 28.239023565287606, 35.42908338486161, 51.22211750942131, 64.8073259499133, 4.708710306309667, 56.386681781358, 80.72320104774394, 48.57211167789023, 92.95587972921686], [47.43101386674171, 43.801414411258946, 53.35357244489732, 34.082970703085316, 30.724065824643116, 75.80256356271335, 85.38598376434521, 72.88821025037652, 68.58447668953987, 34.08421127284286, 40.47332183935096, 79.24854922396078, 95.28265864115764, 81.2397718544381, 59.63709201685534, 50.72106707161856, 9.45934471092108, 0.0, 70.10101974735308, 16.51086618148925, 74.18754206666618, 44.32844171012045, 7.663157081794183, 47.493815755147445, 79.39116464140332, 35.510837054933795, 72.58096430026805, 35.84117717174687, 93.01617204536971, 64.8965836053817, 15.694149841136902, 77.16518963027137, 85.71131093587633, 39.14752671975198, 45.82334603780045, 25.111017843830584, 26.170298332440062, 67.59555898998688, 23.876049054465046, 49.72887767806142, 75.20700802826529, 85.1015598982125, 30.054405536150046, 5.193002874891161, 51.22594238229512, 35.861987883726215, 60.68949266684789, 17.076246888323112, 42.98629647992263, 37.440970355496844, 28.278165602676463, 60.6661180645465, 68.74394724871036, 7.046555283498256, 52.87780785462629, 84.23092114562566, 54.36896824474891, 97.58639190175828], [98.4402683554059, 72.51694917962675, 24.048173810500458, 75.83588309957122, 95.10470214075725, 98.6778423194542, 90.05048665600673, 62.779286782908386, 103.0471322055348, 72.91465559368193, 98.34055051101244, 90.23605256784815, 77.79166640386923, 92.87535142900761, 96.31457386588481, 26.286146627948657, 60.66494871957533, 70.10101974735308, 0.0, 54.075970106611216, 49.31070887384368, 49.84899686460174, 74.35574511997054, 35.253723258935835, 20.33376933552004, 34.773845473382316, 62.322416095919756, 52.02107354392456, 79.40339061231772, 103.27032444050721, 63.352428669501435, 63.682408793829545, 84.64266283920642, 44.88489710949673, 31.070115550028707, 80.87822699568723, 46.296666427649946, 41.46411547424953, 60.567002512776654, 59.12232946781468, 10.883375064065174, 80.44273302725921, 43.19849635112445, 70.41922022225795, 36.17711830390183, 80.80785975957015, 40.74947560704924, 57.83874921017655, 101.63540074592511, 33.406923891143684, 90.73295802967098, 9.472461363604097, 67.35399166354767, 64.26348762894365, 97.06483003666159, 79.80768034129383, 49.24707590299989, 80.57444039944771], [58.396958130449605, 46.09065405491666, 36.901470135099466, 39.960690251827224, 45.76558739902804, 79.58201438963762, 84.73793140569475, 67.37542375098175, 75.38528210055709, 38.657787971364876, 53.52238123063762, 79.888961293528, 89.76652497579452, 82.19577456511027, 66.55087413478215, 37.216279690088285, 7.288758676784078, 16.51086618148925, 54.075970106611216, 0.0, 65.34235222533384, 38.011067108245165, 20.335487514946834, 36.26180751663265, 64.9757654811005, 20.202691440687133, 66.99755869889522, 30.545975129359256, 88.27414992615573, 72.69752995549341, 18.664695428537527, 71.2532593494807, 83.59223646479491, 30.75765392720532, 29.532166654358313, 36.06520023304297, 14.945707751277242, 57.66271964756259, 16.871407442156652, 46.23511136190718, 59.93291505319171, 82.02624622970308, 13.906261723797575, 16.353117450154908, 40.50404970991968, 43.409283667668774, 51.03160942125997, 14.523849093145502, 56.423251857905996, 22.6520273186053, 42.47958398741976, 44.60542514713452, 65.04281608898354, 10.193200282779806, 61.82041725948958, 81.15237620144707, 47.33638306730604, 92.31064685666918], [75.07385865532207, 46.0303274704667, 62.69657954635902, 56.29603931413267, 84.09713381283119, 57.63308453993321, 42.890930026058385, 15.683934703803104, 67.35564247306122, 53.382762867765756, 80.38599929356698, 45.395878036770306, 29.091954866167818, 47.81999238212543, 63.816920433943466, 33.67905014071703, 67.65005725019383, 74.18754206666618, 49.31070887384368, 65.34235222533384, 0.0, 30.30292421041939, 81.47137442795437, 29.76072393474904, 34.80762799156324, 49.88181663114744, 15.326492139707868, 38.74076108376672, 30.181586550475366, 69.89990041113458, 59.539665353687276, 14.970111549249587, 36.47716230784475, 35.21171384509821, 64.47267856216754, 68.22618911122407, 50.442882826519124, 8.908757957491769, 80.65324999936195, 29.870834564711387, 41.50434123834792, 31.84526589394745, 64.71956938350937, 77.70883516704012, 25.3495681942533, 60.466294319097, 14.47005191700208, 57.113648581261785, 83.41193642362855, 46.83305485851312, 79.20964073345299, 48.45364853207404, 23.22162558249558, 72.3518416893659, 69.2809782954603, 31.323451678715458, 20.45635958925474, 31.919795938563112], [50.92810733650741, 22.922146293238992, 50.347174561837925, 29.147425117359486, 55.115998962245015, 50.63505919626893, 48.931562195788516, 29.399583550357303, 53.288732851133595, 26.028296990292045, 53.64264172906934, 45.863020680475515, 51.86099359467083, 48.44277656719685, 46.47885019726588, 23.72148979414404, 38.74887444072471, 44.32844171012045, 49.84899686460174, 38.011067108245165, 30.30292421041939, 0.0, 51.80166297726312, 14.616937833759968, 47.325977971946365, 29.09610096810352, 29.033011149707573, 8.513776605638506, 50.263687366256526, 53.42844025580414, 29.305564673636283, 33.39559114622694, 46.544430509331306, 8.260346872768006, 48.25778901175865, 39.13039839858965, 23.523996183608993, 25.152885882893212, 54.59617265271, 10.541638211889124, 48.22162952391658, 44.43591296611941, 41.9066317986314, 48.22232720901462, 14.339549178075254, 33.98454351897415, 18.52865344675532, 27.403890339310557, 56.885247905648775, 26.848348208518622, 50.21526507626616, 43.4975293687263, 27.438724997133114, 43.34275267966089, 47.964281653671506, 43.57249427997882, 10.053287128809986, 54.35939886229644], [52.35396288512402, 51.201506771142185, 55.82191365935968, 41.04527694549133, 33.06901293824624, 82.74883326335303, 92.91627565437491, 80.50258195460555, 74.83698297813139, 41.288638851472584, 44.315755669138085, 86.66641494036529, 102.91530364315896, 88.61515303419843, 65.9412643080857, 56.67133320838353, 14.661690023941103, 7.663157081794183, 74.35574511997054, 20.335487514946834, 81.47137442795437, 51.80166297726312, 0.0, 54.16186817280911, 84.99022163522359, 40.421771706384895, 80.1912795356029, 43.345409099622266, 100.67160755108003, 70.86687932293967, 23.35725498388836, 84.76260462454498, 93.33507605906303, 46.311859595557735, 47.937956564299824, 30.802415081502026, 32.47200672411142, 74.66861146156229, 21.643272463248355, 57.38426923238002, 80.2263180117408, 92.75690555620501, 32.381504933424544, 4.074298883323648, 58.04751564163001, 42.37320136987423, 67.78816572577936, 24.423568712442712, 46.46636477264694, 42.682979234210784, 31.65978743098791, 64.88344520165091, 76.40641045253082, 10.296147225842596, 58.589825551829755, 91.88666723307873, 61.819954329672896, 105.22916303577826], [64.26294954248921, 37.31181523784302, 37.63155069654954, 41.8261688405895, 65.01186316631174, 64.62210917295376, 60.02583141111569, 35.91540228578589, 67.89734626119831, 38.76464628561539, 65.65571507241701, 58.28175766747521, 56.819930288197774, 60.9249294975718, 61.06109211399905, 9.132143241003392, 39.67076139298649, 47.493815755147445, 35.253723258935835, 36.26180751663265, 29.76072393474904, 14.616937833759968, 54.16186817280911, 0.0, 34.87558116955752, 20.298911411708836, 35.46300807744106, 17.846747060205278, 56.426619540771405, 68.01784842741176, 35.07847382070708, 38.81412073314776, 56.2895388870634, 10.760578463036072, 37.100693201928244, 49.44292742928887, 21.812924666262635, 21.5561396402615, 50.98025709041732, 24.40343717710641, 34.33288945763532, 53.20146978560375, 35.043118355143505, 50.18040302765451, 4.411224506184598, 46.81252703224074, 15.3013630496215, 30.98459432925726, 68.95839744773723, 17.318273615124582, 60.239466895440316, 29.00222597139213, 37.13860587700924, 44.33827785436455, 62.10062162018347, 52.39977502226906, 16.76077359733802, 59.566793472078864], [98.25197574043344, 69.80989647395513, 42.707524230325454, 76.2118352371052, 99.79991332692435, 90.27071934699856, 77.62381338290744, 50.10155566505529, 97.46901701706766, 73.10314344094682, 100.38451546566989, 79.4770839513321, 61.027850441459364, 82.00627954427918, 92.07025601682716, 28.888531678162632, 70.43637214043781, 79.39116464140332, 20.33376933552004, 64.9757654811005, 34.80762799156324, 47.325977971946365, 84.99022163522359, 34.87558116955752, 0.0, 44.81293405762146, 49.6926153897501, 52.570726292101085, 63.40822550052539, 98.80338602376514, 69.11370912754312, 49.77514976014031, 71.28283608602996, 45.62036818049115, 48.41615950935839, 84.31285733174553, 53.414544935375815, 29.263635591042554, 75.12286263265887, 54.04927006849691, 9.510467510273758, 66.60739953545982, 57.11156371082218, 80.91857181246756, 33.24478956295337, 81.14166532767653, 31.904588627116407, 64.33342550068208, 103.67607163052274, 42.34477198044497, 95.06149265571717, 25.77766943379004, 56.48411899189401, 74.7005767342009, 94.94287893322016, 66.10907269407735, 42.65840750163381, 63.69190804570638], [67.56170331960989, 46.57587302712221, 23.542079346746416, 45.67210518510056, 60.91153448463024, 78.4685913721118, 77.94166833334396, 55.73132349121892, 78.25690474237499, 43.22289085000807, 65.5985718462868, 74.91589839236015, 77.0598699554865, 77.47629089085096, 70.16646668990501, 18.002093550636584, 26.171704165124442, 35.510837054933795, 34.773845473382316, 20.202691440687133, 49.88181663114744, 29.09610096810352, 40.421771706384895, 20.298911411708836, 44.81293405762146, 0.0, 55.29309030509634, 25.49677509458481, 76.49720647387267, 76.97697653440586, 29.322542743553637, 58.89517990983902, 75.08904339367614, 20.90282607600703, 19.571745843624775, 47.674258839848086, 12.457926070446359, 41.357303173327615, 31.86581196880916, 39.47322559497013, 39.8207540917407, 72.46200524084468, 14.859814034034635, 36.37736993907697, 24.659927808542353, 50.31878555193379, 35.507756873520805, 23.622568484527946, 68.81589622792168, 3.075195838150723, 56.76613318836239, 25.45883632247177, 55.786128848876885, 30.140525909801266, 68.26822213737525, 71.6276324216767, 35.67464960087687, 79.78942331103657], [64.29870352290038, 36.750118912171594, 72.19085076812817, 48.41949093190864, 76.79273984521984, 42.57205551673236, 28.036799199333572, 0.46860512113528974, 53.25083276650671, 45.89418891464258, 71.05796747954899, 30.07259371622008, 22.8453002086684, 32.51143503558699, 50.72297563560596, 42.221361186699966, 67.6739924278265, 72.58096430026805, 62.322416095919756, 66.99755869889522, 15.326492139707868, 29.033011149707573, 80.1912795356029, 35.46300807744106, 49.6926153897501, 55.29309030509634, 0.0, 37.09963684760487, 21.38761019261576, 56.32931271222156, 57.02836042886882, 4.700474265881316, 22.324148852458077, 36.435596804001804, 72.47650781861502, 61.572288001757464, 52.30215733690268, 21.03088942770577, 83.4351226430734, 23.293857159722286, 55.62282381215607, 18.337739932185176, 69.49496818175528, 76.80012616159104, 31.520251851655676, 51.81889502616281, 22.33376313312804, 56.05323581102399, 73.83729394849034, 52.47558975427167, 72.05280029943681, 59.89827722309694, 8.621210965034424, 72.20724673315733, 57.39768275015539, 17.63232655116147, 19.912586025502055, 25.326518597826308], [46.59364816710001, 21.489418479562374, 48.446460272687574, 24.048731829793116, 47.91269136197738, 53.016238026049884, 54.633664683718024, 37.44052852918731, 53.18389768471982, 21.027985535689798, 47.83575958917272, 50.52911388359877, 59.93817046280179, 52.991121826166534, 45.477877196998435, 25.931248176878086, 30.587342310650453, 35.84117717174687, 52.02107354392456, 30.545975129359256, 38.74076108376672, 8.513776605638506, 43.345409099622266, 17.846747060205278, 52.570726292101085, 25.49677509458481, 37.09963684760487, 0.0, 58.08836039635276, 52.40823731825576, 20.809995422559062, 41.57767618291331, 53.09963436601858, 7.215914475366555, 45.06646551230816, 32.063256961789655, 16.97465050560142, 33.12153445295031, 47.3616052109397, 15.751518717842938, 52.10208568088607, 51.483162607138894, 36.35622241752748, 39.81734180820951, 19.523175664351626, 29.04390619189636, 26.295175608066824, 19.00404292189618, 51.13444815277306, 23.971288780232268, 43.055117991633956, 44.5323959361634, 34.515529031938655, 35.10761693586349, 45.13522309094969, 50.608876825881424, 18.566534449534608, 62.368694519733936], [77.38659454905361, 53.52825615740393, 92.17064073654164, 65.72047889123715, 93.5738900579538, 45.242781142731125, 22.77208407079284, 20.981723400550575, 59.620280116453664, 63.66096124559749, 85.84391462570143, 30.042083935615594, 4.8937681674898315, 31.21894679218823, 60.259778111097994, 62.41437197881949, 88.65142223091884, 93.01617204536971, 79.40339061231772, 88.27414992615573, 30.181586550475366, 50.263687366256526, 100.67160755108003, 56.426619540771405, 63.40822550052539, 76.49720647387267, 21.38761019261576, 58.08836039635276, 0.0, 64.16275496222444, 77.33884129617634, 17.614657847444192, 15.44659878848275, 57.80836561054045, 93.11146378466586, 79.35503811939155, 73.65146871602597, 38.66822136067942, 104.78542691103142, 43.28744144807661, 71.07198077944076, 11.502773610282551, 90.82521775983228, 97.43873997157878, 52.291102165726436, 68.20508807195813, 42.181790723045, 76.86530579849583, 88.21684040306185, 73.62488974893449, 89.09433583687048, 78.54986101258025, 24.411116046277716, 93.10839807614471, 69.00784260854944, 12.015932206536618, 41.29880383612599, 5.343325638614957], [21.286669831720246, 30.993261188024583, 100.4471286065019, 32.77424679811644, 44.85674387867299, 21.020375678039798, 43.35992546110929, 56.18609933552182, 5.727982276152841, 34.45946888729555, 32.18499738001519, 34.95789157052785, 68.79420438840698, 34.79924163966414, 6.9665029408440855, 77.0552771484658, 67.7288341020339, 64.8965836053817, 103.27032444050721, 72.69752995549341, 69.89990041113458, 53.42844025580414, 70.86687932293967, 68.01784842741176, 98.80338602376514, 76.97697653440586, 56.32931271222156, 52.40823731825576, 64.16275496222444, 0.0, 54.07534067110647, 59.7081687213896, 49.25839301639305, 59.026757805898995, 96.09534158183358, 40.064727137923285, 65.66829938443253, 70.97868534130333, 87.360428749536, 44.89646864227295, 101.16143007461817, 52.660180798530284, 84.07768188980384, 69.99900984876486, 67.45387626919286, 29.46740144605939, 66.97130292188747, 58.477403142957606, 32.69341272749454, 75.97696942269806, 42.69827137751919, 96.56094896335888, 47.71221889013661, 69.82132794518012, 12.572021353886756, 52.1788027319281, 56.149607337432045, 69.39546832780465], [40.19459398748666, 29.10459809641138, 51.517116608400784, 21.428798988281756, 31.755788021825595, 62.1433122337763, 70.07074357458663, 57.32414966075527, 56.91859472267822, 20.44544425197351, 36.64133221823516, 64.25975681677025, 79.66166072012994, 66.36356912996585, 48.029768919360166, 40.320637312258256, 14.066789598127755, 15.694149841136902, 63.352428669501435, 18.664695428537527, 59.539665353687276, 29.305564673636283, 23.35725498388836, 35.07847382070708, 69.11370912754312, 29.322542743553637, 57.02836042886882, 20.809995422559062, 77.33884129617634, 54.07534067110647, 0.0, 61.64459701161535, 70.13393964977408, 25.358948268011392, 45.32073716031742, 18.655560132126272, 17.09678938549192, 53.58278398038415, 33.789898552671445, 34.056788497016576, 66.45771759649098, 69.43305298502565, 31.114580843199118, 20.357010461286283, 38.21739578729296, 24.74459141216214, 46.67526602013203, 5.735721447398893, 39.78004379562228, 30.0686576126028, 27.47520664076496, 54.36177343920192, 53.05075333558119, 17.315172413255933, 43.172918434537856, 68.56128923304077, 39.340379548778444, 81.93971137778291], [68.52697202053312, 41.307188070879995, 74.89297276149328, 53.05190296494453, 81.42113033329011, 44.8070255680173, 28.060611599683394, 4.502129282084963, 56.34347581849726, 50.55319481852204, 75.50417827885386, 31.36963510977053, 18.517287971731616, 33.634600152490336, 54.34563066305182, 45.003907602254074, 72.11447242225672, 77.16518963027137, 63.682408793829545, 71.2532593494807, 14.970111549249587, 33.39559114622694, 84.76260462454498, 38.81412073314776, 49.77514976014031, 58.89517990983902, 4.700474265881316, 41.57767618291331, 17.614657847444192, 59.7081687213896, 61.64459701161535, 0.0, 21.507751746725297, 40.575034171775265, 75.58356078697975, 66.24668661277937, 56.4738310891557, 22.238701919373874, 87.5804535138414, 27.985053305106504, 56.34127723185576, 16.912899427638248, 73.28129223787883, 81.33942044447929, 34.69902837129093, 56.383605707697484, 24.811681973301845, 60.563245139893866, 78.24483980788673, 56.01423332272585, 76.69433957446878, 61.91228677474589, 12.303381040574807, 76.67329998215091, 61.39190773159189, 16.365748543533094, 23.968716241691514, 21.110202100635764], [63.99267138591392, 43.31369125507592, 93.71628707601126, 55.32408597744196, 82.05889033916924, 29.840981789708948, 7.597901723754937, 21.86539952248116, 44.49319485414217, 53.76137728268678, 73.15982457008258, 14.649977184431705, 20.318314596448225, 15.777932472325832, 45.8868523063203, 63.845942688978035, 82.73733305616867, 85.71131093587633, 84.64266283920642, 83.59223646479491, 36.47716230784475, 46.544430509331306, 93.33507605906303, 56.2895388870634, 71.28283608602996, 75.08904339367614, 22.324148852458077, 53.09963436601858, 15.44659878848275, 49.25839301639305, 70.13393964977408, 21.507751746725297, 0.0, 54.73569222914295, 93.31490034245843, 68.95536477413782, 69.81327662927372, 43.26879597377553, 100.44301402864257, 37.36213292576505, 77.72345136326835, 5.051603704378032, 88.43954549455796, 90.49055951837539, 52.75207522794661, 56.99188345086545, 44.459342077667124, 70.744760945804, 75.2718560202286, 72.50422675426783, 77.85712445586073, 82.0888081727363, 19.305839369198956, 86.8908822492336, 55.15996447331182, 5.302137843727313, 39.65062186308211, 20.401131462960777], [53.80843762082877, 28.03525761446856, 42.762436875421514, 31.262048568892908, 54.39551656659927, 58.09298969572759, 57.19149087708763, 36.83228910400877, 59.47575060957616, 28.243854410249938, 54.91224371824409, 54.01307234062659, 59.09033254727578, 56.57469021781619, 52.067628100543956, 18.728229234904447, 32.46104170190384, 39.14752671975198, 44.88489710949673, 30.75765392720532, 35.21171384509821, 8.260346872768006, 46.311859595557735, 10.760578463036072, 45.62036818049115, 20.90282607600703, 36.435596804001804, 7.215914475366555, 57.80836561054045, 59.026757805898995, 25.358948268011392, 40.575034171775265, 54.73569222914295, 0.0, 40.224948008037266, 38.732542592018326, 15.90142331362153, 28.466988697922528, 47.01154152887106, 18.573676431022907, 44.907439348103935, 52.49391110074467, 33.706277107335076, 42.511860897203086, 13.04327127026271, 36.25755087030838, 21.551669210840217, 22.108933164847414, 58.2169657620868, 18.78634803580829, 49.59207081781795, 37.60200515037199, 35.54846408756935, 37.155567065971844, 52.19388181786567, 51.63680771348527, 16.610901417317766, 61.67442577316495], [85.2040264437266, 66.01144967505381, 8.105346401755813, 64.12484641338239, 75.12344354811283, 98