instance_id,num_cities,city_coordinates,distance_matrix,best_route,total_distance
1740,21,"[[34.68031539831632, 64.80531319641378], [11.039686185688058, 38.30915919322535], [76.29425480616955, 70.58585889552415], [18.509858184584573, 40.49008149069616], [36.768432043783086, 31.208092553950394], [11.009883018561784, 76.10326892772837], [24.11998042684469, 32.64470546123894], [41.20123604668149, 4.03148879784977], [42.390176913832946, 61.11405672820705], [49.228662476951925, 97.31760957713522], [82.59024766904083, 75.34078561095131], [35.254982805935285, 33.071088889489886], [90.30701984830675, 50.90621604258539], [44.43480469418767, 9.224420360755548], [0.46951355539662787, 65.21027082694967], [18.128301406752414, 46.39575161176461], [30.78996165645328, 40.692486421902515], [71.34255714000666, 50.28575002710882], [77.86898623784283, 97.5481523022364], [78.95749157320088, 0.9829869528880986], [6.35694826376797, 12.015028676851081]]","[[0.0, 35.50951318350691, 42.0135057049514, 29.201270167646204, 33.66204785843314, 26.228480183786402, 33.850042313200646, 61.122664684466834, 8.547943548159541, 35.61886885722675, 49.05464085265422, 31.739427137104077, 57.33685681704348, 56.43036159579516, 34.21319852656349, 24.756436030170367, 24.424644670791324, 39.43269815969456, 54.19736895454202, 77.67726602524571, 59.90849076295275], [35.50951318350691, 0.0, 72.80071475966086, 7.782023628896466, 26.6907008309236, 37.794121485390114, 14.254126894238388, 45.65827173416883, 38.76746858483945, 70.28794439222894, 80.56565151306769, 24.775350066415452, 80.26204599464764, 44.28494070391999, 28.903258580379134, 10.753671126451744, 19.89355749608562, 61.480687807924404, 89.30517146296957, 77.49884788028393, 26.707851543273055], [42.0135057049514, 72.80071475966086, 0.0, 65.15207065413651, 55.79336113817814, 65.51710473735898, 64.51113106226744, 75.23964476758243, 35.20229444264138, 38.04119849104674, 7.889794306470169, 55.60197671769287, 24.158765012834703, 69.13935710211693, 76.01505333044018, 62.99555083704691, 54.44496682799977, 20.895304014218073, 27.00824031349578, 69.65380544335149, 91.223730459297], [29.201270167646204, 7.782023628896466, 65.15207065413651, 0.0, 20.482451952675934, 36.394350480756586, 9.64486374277437, 42.94330693394879, 31.553414667955558, 64.5988613333686, 72.94427937924387, 18.31503889707361, 72.5487993144595, 40.61581486832513, 30.60297036498405, 5.91798319984015, 12.28177141278808, 53.73312945464393, 82.33546944044134, 72.21306599988581, 30.960004074527337], [33.66204785843314, 26.6907008309236, 55.79336113817814, 20.482451952675934, 0.0, 51.75982717820222, 12.72977552635629, 27.53575027204116, 30.429766817638527, 67.27351323876604, 63.618655940365265, 2.4002674729653917, 57.047317667671315, 23.282077070414477, 49.736903911837416, 24.04411482716666, 11.211415397469992, 39.48831651048794, 78.04011200956211, 51.898687387756986, 35.96153565537124], [26.228480183786402, 37.794121485390114, 65.51710473735898, 36.394350480756586, 51.75982717820222, 0.0, 45.39296633428526, 78.13999800843429, 34.77641912727461, 43.71182165591066, 71.58442557081753, 49.392240104525214, 83.20413080786307, 74.76634118816975, 15.157730570358902, 30.54846093386076, 40.5607572487999, 65.62450646540752, 70.21412041913456, 101.29133364841228, 64.25692445399588], [33.850042313200646, 14.254126894238388, 64.51113106226744, 9.64486374277437, 12.72977552635629, 45.39296633428526, 0.0, 33.32394726583659, 33.827563335764765, 69.37600767612166, 72.39977494111773, 11.143162962563197, 68.66008269796069, 31.003255300064083, 40.24749223027244, 14.99971625443964, 10.452532133131664, 50.41010022610027, 84.26988214963217, 63.32153699673427, 27.22331493141145], [61.122664684466834, 45.65827173416883, 75.23964476758243, 42.94330693394879, 27.53575027204116, 78.13999800843429, 33.32394726583659, 0.0, 57.09494847978617, 93.63087047091271, 82.45038565740496, 29.642137255695133, 67.88680326131377, 6.117393596553847, 73.49773185392293, 48.23993238661189, 38.11067279935403, 55.20829574543545, 100.44844576733922, 37.87912611033366, 35.74718590460095], [8.547943548159541, 38.76746858483945, 35.20229444264138, 31.553414667955558, 30.429766817638527, 34.77641912727461, 33.827563335764765, 57.09494847978617, 0.0, 36.84375284471061, 42.64323514259712, 28.936465578240597, 48.992079444233276, 51.92990338048535, 42.120315601311475, 28.37722869876074, 23.486283822539555, 30.911042473103098, 50.85458908836995, 70.37694262840283, 60.902447590681476], [35.61886885722675, 70.28794439222894, 38.04119849104674, 64.5988613333686, 67.27351323876604, 43.71182165591066, 69.37600767612166, 93.63087047091271, 36.84375284471061, 0.0, 39.94967031365392, 65.74860564313302, 61.979423151136174, 88.22352894072102, 58.38095413038034, 59.6679820116464, 59.551576471938404, 51.97133969701079, 28.64125163250987, 100.81747267011846, 95.46996484668065], [49.05464085265422, 80.56565151306769, 7.889794306470169, 72.94427937924387, 63.618655940365265, 71.58442557081753, 72.39977494111773, 82.45038565740496, 42.64323514259712, 39.94967031365392, 0.0, 63.461441526210876, 25.624144139034314, 76.3361747961251, 82.7432311500628, 70.66227783716171, 62.31993475349371, 27.46389175525819, 22.70368791326458, 74.44648506225751, 99.1043259877727], [31.739427137104077, 24.775350066415452, 55.60197671769287, 18.31503889707361, 2.4002674729653917, 49.392240104525214, 11.143162962563197, 29.642137255695133, 28.936465578240597, 65.74860564313302, 63.461441526210876, 0.0, 57.86897738064606, 25.552548401663703, 47.359855221371944, 21.69953576488433, 8.833012748342828, 39.98321622131184, 77.28677115021667, 54.217668323588704, 35.75547611315736], [57.33685681704348, 80.26204599464764, 24.158765012834703, 72.5487993144595, 57.047317667671315, 83.20413080786307, 68.66008269796069, 67.88680326131377, 48.992079444233276, 61.979423151136174, 25.624144139034314, 57.86897738064606, 0.0, 61.980902013504135, 90.96913498655883, 72.31951109656976, 60.38708875725743, 18.974609979940727, 48.2718851728869, 51.197076037697954, 92.52101909169525], [56.43036159579516, 44.28494070391999, 69.13935710211693, 40.61581486832513, 23.282077070414477, 74.76634118816975, 31.003255300064083, 6.117393596553847, 51.92990338048535, 88.22352894072102, 76.3361747961251, 25.552548401663703, 61.980902013504135, 0.0, 71.18540775567494, 45.5383353031716, 34.298993034098224, 49.09236127601138, 94.44006628314413, 35.492775799628646, 38.17997701819], [34.21319852656349, 28.903258580379134, 76.01505333044018, 30.60297036498405, 49.736903911837416, 15.157730570358902, 40.24749223027244, 73.49773185392293, 42.120315601311475, 58.38095413038034, 82.7432311500628, 47.359855221371944, 90.96913498655883, 71.18540775567494, 0.0, 25.803467241395264, 38.992965072962114, 72.42740937000933, 83.88335323430049, 101.41748708759556, 53.52004927924638], [24.756436030170367, 10.753671126451744, 62.99555083704691, 5.91798319984015, 24.04411482716666, 30.54846093386076, 14.99971625443964, 48.23993238661189, 28.37722869876074, 59.6679820116464, 70.66227783716171, 21.69953576488433, 72.31951109656976, 45.5383353031716, 25.803467241395264, 0.0, 13.88685976399084, 53.3562470655083, 78.64806113621782, 75.91119528941996, 36.340044913898204], [24.424644670791324, 19.89355749608562, 54.44496682799977, 12.28177141278808, 11.211415397469992, 40.5607572487999, 10.452532133131664, 38.11067279935403, 23.486283822539555, 59.551576471938404, 62.31993475349371, 8.833012748342828, 60.38708875725743, 34.298993034098224, 38.992965072962114, 13.88685976399084, 0.0, 41.67185749461728, 73.81735092938005, 62.425598005629325, 37.67451029763161], [39.43269815969456, 61.480687807924404, 20.895304014218073, 53.73312945464393, 39.48831651048794, 65.62450646540752, 50.41010022610027, 55.20829574543545, 30.911042473103098, 51.97133969701079, 27.46389175525819, 39.98321622131184, 18.974609979940727, 49.09236127601138, 72.42740937000933, 53.3562470655083, 41.67185749461728, 0.0, 47.710889172023066, 49.88736987629824, 75.41735525517018], [54.19736895454202, 89.30517146296957, 27.00824031349578, 82.33546944044134, 78.04011200956211, 70.21412041913456, 84.26988214963217, 100.44844576733922, 50.85458908836995, 28.64125163250987, 22.70368791326458, 77.28677115021667, 48.2718851728869, 94.44006628314413, 83.88335323430049, 78.64806113621782, 73.81735092938005, 47.710889172023066, 0.0, 96.571300099005, 111.4894022421906], [77.67726602524571, 77.49884788028393, 69.65380544335149, 72.21306599988581, 51.898687387756986, 101.29133364841228, 63.32153699673427, 37.87912611033366, 70.37694262840283, 100.81747267011846, 74.44648506225751, 54.217668323588704, 51.197076037697954, 35.492775799628646, 101.41748708759556, 75.91119528941996, 62.425598005629325, 49.88736987629824, 96.571300099005, 0.0, 73.43394878000299], [59.90849076295275, 26.707851543273055, 91.223730459297, 30.960004074527337, 35.96153565537124, 64.25692445399588, 27.22331493141145, 35.74718590460095, 60.902447590681476, 95.46996484668065, 99.1043259877727, 35.75547611315736, 92.52101909169525, 38.17997701819, 53.52004927924638, 36.340044913898204, 37.67451029763161, 75.41735525517018, 111.4894022421906, 73.43394878000299, 0.0]]",Route_0,971.3112618137935
