instance_id,num_cities,city_coordinates,distance_matrix,best_route,total_distance
776,41,"[[62.1999288224294, 33.15070290554218], [92.91000292835643, 83.12727189903445], [78.21140592631771, 30.384688956088933], [70.77712447304634, 61.982880624951285], [70.88938901382382, 40.61521520478527], [23.81619248854887, 32.54444896757569], [96.0221138006187, 81.40272660627605], [53.432254508656406, 2.3857265239410674], [70.14540915905606, 57.13893328685705], [3.6610542769112797, 71.97284571728797], [3.9600966768146506, 59.77546521166099], [48.44819577363536, 93.14419842813003], [25.224849835539953, 0.9437903050570462], [26.229726481017046, 96.96963986459271], [87.4290212073032, 86.45867635069668], [84.92686807647907, 90.84295081504575], [43.839323393406524, 80.12207359532569], [38.213862137509814, 82.20147711448007], [65.33238712242404, 41.15019786083762], [77.01460085600553, 62.395911870494444], [32.23031072468078, 16.30351731845038], [81.33445002065712, 79.58912994093113], [77.00238231177782, 21.934787577593397], [25.078974213166806, 22.780879321863544], [97.88779706429277, 24.53938004217281], [91.3021282454266, 41.776116853391976], [40.63372451539733, 3.6582323585254373], [87.93002289904392, 87.71167023769117], [11.164101333312681, 54.18620425617448], [27.435837058391876, 85.30242754435746], [30.96359676421816, 50.33986469312395], [4.7078306882508025, 53.274708326725204], [94.7036800639628, 45.860511822968355], [52.247466353380204, 13.887891502531025], [89.77647102238156, 20.800648046443516], [11.428702462582018, 9.943077345999196], [43.211480693549966, 96.52683743789314], [1.8124387691918153, 55.301906236154394], [46.22410444847824, 58.52480332394598], [83.92157101180428, 95.55406242425026], [16.51447624129031, 75.87278438384908]]","[[0.0, 58.65804377877618, 16.248637857276208, 30.08093677518293, 11.455377003109922, 38.3885237901402, 58.92535946360477, 31.989934114231453, 25.269860597295718, 70.2421426605958, 64.03714559696353, 61.549408338862705, 49.03510666188054, 73.25784716373674, 58.97666602474062, 62.007332120555574, 50.43234573363922, 54.601372194383686, 8.590937931390407, 32.78348295813224, 34.38030935187779, 50.22606302515228, 18.571736212536507, 38.54216538104147, 36.71210728228207, 30.353513421474958, 36.53637895549173, 60.32360149569372, 55.20097829360758, 62.67650643567519, 35.653551343596845, 60.9123710100159, 34.900330764750215, 21.681960528185854, 30.215716684012126, 55.82393133947854, 66.15962205609847, 64.32203948821892, 29.984528284943416, 66.07578239131463, 62.5486756325232], [58.65804377877618, 0.0, 54.752431994586594, 30.609632324957026, 47.876741759939804, 85.6304654711591, 3.557989677897923, 89.87596881173182, 34.54881290728323, 89.94329357340837, 91.9640837377426, 45.57621213476285, 106.46785710300375, 68.10191199949908, 6.414001578349869, 11.10234854426037, 49.16261594816091, 54.703975297918014, 50.22548793538865, 26.123803239089135, 90.26316647547297, 12.104208922297953, 63.226359464315244, 90.78951235489102, 58.798975388105845, 41.38240307914428, 95.12169852457534, 6.768818894004323, 86.71780569119107, 65.51028696662085, 70.08831077960562, 93.1171237727628, 37.30990061945852, 80.2965359053738, 62.40534482773187, 109.52227471145002, 51.473211177793466, 95.25238668929036, 52.77172137482071, 15.33678685631664, 76.73919524533869], [16.248637857276208, 54.752431994586594, 0.0, 32.460965134583056, 12.58076305285619, 54.43807314965919, 54.03759321675602, 37.38914604876947, 27.943691480545542, 85.36585801035575, 79.8565880448848, 69.45937451319259, 60.616347957803164, 84.47278073700339, 56.826547438665365, 60.83008185837368, 60.45864279324042, 65.45825420975714, 16.785866296657737, 32.0335876050761, 48.08888136181414, 49.30345238465564, 8.535957556526148, 53.67376659697159, 20.526275953365012, 17.35314497073858, 46.11274902325903, 58.144942159432354, 71.1467018474321, 74.79382598524344, 51.28902913210708, 76.98524897385384, 22.61628173768326, 30.761509786921465, 15.020138842033093, 69.8411695717004, 74.83166824338721, 80.35962854355161, 42.60344460803921, 65.4190585650405, 76.65297096789027], [30.08093677518293, 30.609632324957026, 32.460965134583056, 0.0, 21.36796033399712, 55.42517831544226, 31.85027321841396, 62.06984204121318, 4.884965716579804, 67.85548084803936, 66.85348073458276, 38.3354768340513, 76.16285362124384, 56.644011068716615, 29.603213360322396, 32.142166937219166, 32.47576709829537, 38.32959297904633, 21.532436833007548, 6.251136411706959, 59.770068447664386, 20.528934158759334, 40.529046274104736, 60.20895152169502, 46.2277438800802, 28.80258811245659, 65.65355402725038, 30.92236309451821, 60.12071764589861, 49.216546641206676, 41.48104155647992, 66.64070712407856, 28.85153095127481, 51.54101482040718, 45.35362664056803, 78.93273288341283, 44.19445292423563, 69.28754067662668, 24.795344138498464, 36.0527491630229, 56.01218099266212], [11.455377003109922, 47.876741759939804, 12.58076305285619, 21.36796033399712, 0.0, 47.76005756657795, 47.90902776654431, 42.026721855627784, 16.54045843621289, 74.18187098514703, 69.61785225830236, 57.1218104800777, 60.49026443932774, 71.90484431720924, 48.73584269233752, 52.15243276174864, 47.88003665369415, 52.887685109734676, 5.582694373087026, 22.625582144007648, 45.66818354481062, 40.34929155879737, 19.655204486231735, 49.15951220865729, 31.422070482944214, 20.44572365007297, 47.762158822022364, 50.08452136016315, 61.24770797632137, 62.331036604772066, 41.093037055317744, 67.38146205378499, 24.385110105009836, 32.586363908282905, 27.374055937519035, 66.90555497096938, 62.38730728059391, 70.62098801737528, 30.481627405495544, 56.463392578131554, 64.80530320457653], [38.3885237901402, 85.6304654711591, 54.43807314965919, 55.42517831544226, 47.76005756657795, 0.0, 87.18271827802312, 42.26889718233783, 52.45269274531268, 44.28123831356724, 33.70152498879549, 65.41456428440434, 31.63203982398616, 64.47038365365825, 83.38666495261965, 84.45845125547069, 51.61933878356201, 51.70215987464223, 42.39874209091213, 61.00147941054394, 18.291124802022637, 74.30714607233088, 54.23408248253698, 9.844892579947262, 74.50291090236551, 68.11442737728505, 33.4251835216958, 84.58135463901958, 25.068725188409548, 52.88200195075975, 19.17712722815766, 28.193494706912382, 72.12734172783045, 34.00594756838213, 66.99757610791582, 25.773472958063522, 66.85748453929197, 31.655442487403416, 34.308793783613474, 87.07966418965657, 43.93927298101973], [58.92535946360477, 3.557989677897923, 54.03759321675602, 31.85027321841396, 47.90902776654431, 87.18271827802312, 0.0, 89.76403743438055, 35.47302509448766, 92.84119758987562, 94.5682474847377, 49.00142688719912, 107.17225861044757, 71.50738504631008, 9.970148852218847, 14.567851962141859, 52.19850272582051, 57.81376966363366, 50.617441598569954, 26.880188889588588, 91.14439746676354, 14.799209444350247, 62.43545433667254, 92.0296149810574, 56.89394481409832, 39.906722042139585, 95.4572158270382, 10.26083353844719, 89.11577508351168, 68.6970525187784, 72.09377247176883, 95.54833181516264, 35.5666599390599, 80.46410826086316, 60.923066070950995, 110.73629357264969, 54.93361172921785, 97.75845586710346, 54.80183490676246, 18.619437188513746, 79.69971575387774], [31.989934114231453, 89.87596881173182, 37.38914604876947, 62.06984204121318, 42.026721855627784, 42.26889718233783, 89.76403743438055, 0.0, 57.24721119138298, 85.55430749025751, 75.76989182507415, 90.89522024758834, 28.244235844722045, 98.41795666404786, 90.68649865627398, 93.89670501712655, 78.32601089921978, 81.25363689517718, 40.549937043777646, 64.47751084350278, 25.361926599108966, 82.09079128353207, 30.62216048444171, 34.926648295609525, 49.66970533556503, 54.64183550307783, 12.861634464071951, 92.03593154066986, 66.85720803430195, 86.89645003311435, 52.95696317186048, 70.4539420157212, 59.944870707707075, 11.563023919701285, 40.743237582161484, 42.6780029515785, 94.69431335350919, 73.92379489928486, 56.5999414420801, 98.03028733642459, 82.23910277419056], [25.269860597295718, 34.54881290728323, 27.943691480545542, 4.884965716579804, 16.54045843621289, 52.45269274531268, 35.47302509448766, 57.24721119138298, 0.0, 68.11911921104573, 66.23780558685841, 42.03746170483948, 71.94269069670995, 59.288045772819075, 34.03484359834617, 36.80288474111663, 34.931860625344086, 40.59254609285729, 16.69745015409102, 8.64994904021184, 55.723297520885914, 25.083978257229795, 35.86572118243566, 56.66973999405216, 42.806202336082414, 26.146183110885236, 61.08293462410277, 35.369262510624424, 59.055171505666905, 51.1594561915399, 39.767345351262264, 65.55157443315379, 27.024275393725073, 46.80800115476797, 41.30193172353285, 75.33326266178817, 47.716281246511706, 68.35765875662418, 23.96141596016423, 40.810596443028274, 56.808750580823016], [70.2421426605958, 89.94329357340837, 85.36585801035575, 67.85548084803936, 74.18187098514703, 44.28123831356724, 92.84119758987562, 85.55430749025751, 68.11911921104573, 0.0, 12.201045756654997, 49.53901713855922, 74.2302094274838, 33.67765850974656, 85.0112438021644, 83.42789317072825, 40.99638062324164, 36.0350028626482, 68.94482515624189, 73.97608030733454, 62.5721706380404, 78.04591079447961, 88.78489545136242, 53.65237042521437, 105.49224010452937, 92.69735854076113, 77.67795532144913, 85.72613177976724, 19.304412179519353, 27.256523035617132, 34.83410246099414, 18.72741527097902, 94.7133237280243, 75.72649037552748, 100.17214590748269, 62.5142265610964, 46.55249444609277, 16.773121429209265, 44.63701473127935, 83.65299951545525, 13.432050394385803], [64.03714559696353, 91.9640837377426, 79.8565880448848, 66.85348073458276, 69.61785225830236, 33.70152498879549, 94.5682474847377, 75.76989182507415, 66.23780558685841, 12.201045756654997, 0.0, 55.61171924801843, 62.55681976585647, 43.35139028599899, 87.63021806983451, 86.7225849049833, 44.76982461693981, 40.941988936807846, 64.13625042384287, 73.10148645246011, 51.85571574997481, 79.87097010417308, 82.26233873763238, 42.59819683452623, 100.31946270864533, 89.17739074370101, 67.03803996191941, 88.49508495404149, 9.117977907374604, 34.680487199549546, 28.604537649048233, 6.543618741101782, 91.80426925666258, 66.6133582038328, 94.25224919799318, 50.38895665497506, 53.77113080213482, 4.9623748745445, 42.28250829930296, 87.60105819181584, 20.414115968618827], [61.549408338862705, 45.57621213476285, 69.45937451319259, 38.3354768340513, 57.1218104800777, 65.41456428440434, 49.00142688719912, 90.89522024758834, 42.03746170483948, 49.53901713855922, 55.61171924801843, 0.0, 95.08017172166694, 22.54538489116628, 39.549980492257305, 36.55118703346011, 13.813668585078172, 14.982814646245204, 54.66673588658932, 41.97018734245223, 78.53349647673012, 35.57029097565001, 76.7210646598153, 74.14254643585257, 84.56296637151128, 66.89648221667404, 89.82652216609664, 39.853820841928815, 53.924289593253086, 22.427942156418457, 46.23767067032997, 59.184421757323484, 66.14617786318325, 79.34731655464391, 83.31635863900763, 91.06519331956923, 6.234214585684788, 60.05774645889042, 34.690763894763705, 35.555137396271334, 36.30515371485791], [49.03510666188054, 106.46785710300375, 60.616347957803164, 76.16285362124384, 60.49026443932774, 31.63203982398616, 107.17225861044757, 28.244235844722045, 71.94269069670995, 74.2302094274838, 62.55681976585647, 95.08017172166694, 0.0, 96.03110725542635, 105.74570757929808, 107.91751499382359, 81.33694837299065, 82.2892830579961, 56.790578054465385, 80.36505183010281, 16.881874783188227, 96.60940264475133, 55.87069747035108, 21.837576248868228, 76.39800884192466, 77.67551488987716, 15.646137368730583, 107.05420924432627, 55.06776999103042, 84.3876065626434, 49.72831568897999, 56.20919013542876, 82.73342566235004, 29.962836302337937, 67.53670555491405, 16.47181986246946, 97.2606692801375, 59.18568880665561, 61.290633497953564, 111.33916052904254, 75.43357847677022], [73.25784716373674, 68.10191199949908, 84.47278073700339, 56.644011068716615, 71.90484431720924, 64.47038365365825, 71.50738504631008, 98.41795666404786, 59.288045772819075, 33.67765850974656, 43.35139028599899, 22.54538489116628, 96.03110725542635, 0.0, 62.095362379048, 59.01602113144833, 24.37085129030541, 19.018888990869993, 68.15297627284971, 61.43652116366336, 80.88900010443051, 57.78072932723038, 90.59851896052545, 74.1976847458758, 101.88729860812377, 85.3272667661204, 94.41659774710047, 62.39099758526876, 45.358520958589594, 11.72938813622879, 46.8694512491868, 48.70768974826888, 85.44486695205607, 87.06032218503958, 99.19629053749297, 88.27623063881327, 16.987526309735934, 48.29496831899303, 43.33336597753218, 57.709208839266985, 23.22635137932544], [58.97666602474062, 6.414001578349869, 56.826547438665365, 29.603213360322396, 48.73584269233752, 83.38666495261965, 9.970148852218847, 90.68649865627398, 34.03484359834617, 85.0112438021644, 87.63021806983451, 39.549980492257305, 105.74570757929808, 62.095362379048, 0.0, 5.04803257406649, 44.0478636256766, 49.39894358791399, 50.409517563125554, 26.21977852086484, 89.26726151162104, 9.183379869362875, 65.36089825776178, 89.12008861427532, 62.7963792568451, 44.85010681546852, 95.10895498208454, 1.3494429872998068, 82.81213955983692, 60.004325307658824, 67.02919299150898, 89.12895766643591, 41.24477693601063, 80.64899636956646, 65.699978701948, 107.84565517602866, 45.34929720252724, 91.1095138410493, 49.78098459629262, 9.74824367262626, 71.70030541406662], [62.007332120555574, 11.10234854426037, 60.83008185837368, 32.142166937219166, 52.15243276174864, 84.45845125547069, 14.567851962141859, 93.89670501712655, 36.80288474111663, 83.42789317072825, 86.7225849049833, 36.55118703346011, 107.91751499382359, 59.01602113144833, 5.04803257406649, 0.0, 42.4632021454317, 47.50557853107091, 53.416414893053116, 29.52690294089441, 91.28556459114843, 11.81329555011867, 69.36232720572698, 90.63231198539148, 67.55848708682367, 49.47926977272674, 97.79088760649077, 4.338646902251047, 82.36906473845684, 57.75738953273167, 67.47247317329116, 88.58028450595097, 46.03266090847423, 83.60636608998347, 70.20999092623109, 109.30128030318575, 42.100832671685055, 90.39454745079924, 50.42188582055794, 4.817177055353607, 70.03114478279738], [50.43234573363922, 49.16261594816091, 60.45864279324042, 32.47576709829537, 47.88003665369415, 51.61933878356201, 52.19850272582051, 78.32601089921978, 34.931860625344086, 40.99638062324164, 44.76982461693981, 13.813668585078172, 81.33694837299065, 24.37085129030541, 44.0478636256766, 42.4632021454317, 0.0, 5.997477247732301, 44.50571746106322, 37.614037861087205, 64.86584078239746, 37.498913980705034, 66.9742393083546, 60.33210805260702, 77.52853235278084, 61.0174585088169, 76.53100600967747, 44.73915242927853, 41.71737593681999, 17.20204729037394, 32.44632958169498, 47.45581885500777, 61.32729730381586, 66.76573781167131, 75.02834838537909, 77.30161617770085, 16.416773836115652, 48.80880800587459, 21.728535704360077, 42.95035335545687, 27.65327703345998], [54.601372194383686, 54.703975297918014, 65.45825420975714, 38.32959297904633, 52.887685109734676, 51.70215987464223, 57.81376966363366, 81.25363689517718, 40.59254609285729, 36.0350028626482, 40.941988936807846, 14.982814646245204, 82.2892830579961, 19.018888990869993, 49.39894358791399, 47.50557853107091, 5.997477247732301, 0.0, 49.19981631792899, 43.563261353286485, 66.16905615761127, 43.19964649326866, 71.67023904693693, 60.855013949689926, 82.98129878726961, 66.72760860830955, 78.58051304694892, 50.02058445402039, 38.94284366722073, 11.215244900342212, 32.67611809979678, 44.26524704527202, 67.1696753578776, 69.74014644699844, 80.17957623520155, 77.06309827610731, 15.172084221599027, 45.26202090801508, 24.994976768618784, 47.61812874307376, 22.60344442671938], [8.590937931390407, 50.22548793538865, 16.785866296657737, 21.532436833007548, 5.582694373087026, 42.39874209091213, 50.617441598569954, 40.549937043777646, 16.69745015409102, 68.94482515624189, 64.13625042384287, 54.66673588658932, 56.790578054465385, 68.15297627284971, 50.409517563125554, 53.416414893053116, 44.50571746106322, 49.19981631792899, 0.0, 24.24571057934183, 41.389672574417354, 41.636732778365904, 22.481565338582374, 44.24668478461922, 36.5482418877844, 25.977282932997642, 44.896229371766914, 51.75542341236584, 55.71481533730599, 58.18563304443792, 35.57616796641719, 61.82508064594556, 29.746594875372352, 30.239849528499953, 31.805933650133106, 62.285564866470764, 59.63142386428579, 65.07729779836667, 25.826408611072736, 57.49207108034411, 59.906981543442264], [32.78348295813224, 26.123803239089135, 32.0335876050761, 6.251136411706959, 22.625582144007648, 61.00147941054394, 26.880188889588588, 64.47751084350278, 8.64994904021184, 73.97608030733454, 73.10148645246011, 41.97018734245223, 80.36505183010281, 61.43652116366336, 26.21977852086484, 29.52690294089441, 37.614037861087205, 43.563261353286485, 24.24571057934183, 0.0, 64.26617678147637, 17.7276012032912, 40.46112613779318, 65.31967635110745, 43.22970416297555, 25.086039652579302, 69.09184581237795, 27.568715241808768, 66.36028621472931, 54.61467092289853, 47.6029752368988, 72.87980081050834, 24.214107003090415, 54.465025396945215, 43.50897956440531, 83.98100926832537, 48.037183647719395, 75.536018550566, 31.03288820591972, 33.86988610666755, 61.9829909825049], [34.38030935187779, 90.26316647547297, 48.08888136181414, 59.770068447664386, 45.66818354481062, 18.291124802022637, 91.14439746676354, 25.361926599108966, 55.723297520885914, 62.5721706380404, 51.85571574997481, 78.53349647673012, 16.881874783188227, 80.88900010443051, 89.26726151162104, 91.28556459114843, 64.86584078239746, 66.16905615761127, 41.389672574417354, 64.26617678147637, 0.0, 80.10171821503795, 45.12482242548607, 9.648721802610616, 66.17201030073316, 64.32987604738409, 15.182904697577111, 90.56258741690509, 43.34608572573281, 69.16528457325627, 34.05991055283439, 46.09073520704598, 69.11250104534237, 20.162384966717337, 57.72161423412666, 21.752289602084886, 80.97139732567163, 49.458278098585495, 44.47991968003148, 94.61836655553493, 61.60750792085425], [50.22606302515228, 12.104208922297953, 49.30345238465564, 20.528934158759334, 40.34929155879737, 74.30714607233088, 14.799209444350247, 82.09079128353207, 25.083978257229795, 78.04591079447961, 79.87097010417308, 35.57029097565001, 96.60940264475133, 57.78072932723038, 9.183379869362875, 11.81329555011867, 37.498913980705034, 43.19964649326866, 41.636732778365904, 17.7276012032912, 80.10171821503795, 0.0, 57.81686608579952, 79.94908315125272, 57.4846785001263, 39.10471286112393, 86.15132189539686, 10.463137314715993, 74.62698217299672, 54.2005742475242, 58.24725208383901, 81.01905686444204, 36.28162058257865, 71.85196831820224, 59.39152567540301, 98.67819507727808, 41.716264520786076, 83.14817802432019, 40.94437961460461, 16.173195856718383, 64.92642162523238], [18.571736212536507, 63.226359464315244, 8.535957556526148, 40.529046274104736, 19.655204486231735, 54.23408248253698, 62.43545433667254, 30.62216048444171, 35.86572118243566, 88.78489545136242, 82.26233873763238, 76.7210646598153, 55.87069747035108, 90.59851896052545, 65.36089825776178, 69.36232720572698, 66.9742393083546, 71.67023904693693, 22.481565338582374, 40.46112613779318, 45.12482242548607, 57.81686608579952, 0.0, 51.93030117200002, 21.04719580588143, 24.457331849520433, 40.70272399466487, 66.67841945700825, 73.3132533719162, 80.45060722774808, 54.09637862771801, 78.79525891199721, 29.761992923479305, 26.02995198901034, 12.824336819597756, 66.66114762921013, 81.88894268785131, 82.26112215081776, 47.813508975485234, 73.94371373696467, 81.04378002205824], [38.54216538104147, 90.78951235489102, 53.67376659697159, 60.20895152169502, 49.15951220865729, 9.844892579947262, 92.0296149810574, 34.926648295609525, 56.66973999405216, 53.65237042521437, 42.59819683452623, 74.14254643585257, 21.837576248868228, 74.1976847458758, 89.12008861427532, 90.63231198539148, 60.33210805260702, 60.855013949689926, 44.24668478461922, 65.31967635110745, 9.648721802610616, 79.94908315125272, 51.93030117200002, 0.0, 72.83005567586758, 68.89357864750237, 24.65006863781934, 90.36737204251, 34.34993626620218, 62.56595555578796, 28.180249418017706, 36.67229330012604, 73.35031766254268, 28.58692354080155, 64.72779471975316, 18.73870535646259, 75.94243958230686, 39.986858630377235, 41.53004497631717, 93.58625634600695, 53.77825776855514], [36.71210728228207, 58.798975388105845, 20.526275953365012, 46.2277438800802, 31.422070482944214, 74.50291090236551, 56.89394481409832, 49.66970533556503, 42.806202336082414, 105.49224010452937, 100.31946270864533, 84.56296637151128, 76.39800884192466, 101.88729860812377, 62.7963792568451, 67.55848708682367, 77.52853235278084, 82.98129878726961, 36.5482418877844, 43.22970416297555, 66.17201030073316, 57.4846785001263, 21.04719580588143, 72.83005567586758, 0.0, 18.45199527669092, 60.943015613115776, 63.95229092747876, 91.65115158695785, 93.03562011630711, 71.72526468426918, 97.51012883522053, 21.55758013984501, 46.86676856272032, 8.93150195062829, 87.68253584235514, 90.39742028495175, 100.88016400347209, 61.83968087193415, 72.37499971659102, 96.21193139662728], [30.353513421474958, 41.38240307914428, 17.35314497073858, 28.80258811245659, 20.44572365007297, 68.11442737728505, 39.906722042139585, 54.64183550307783, 26.146183110885236, 92.69735854076113, 89.17739074370101, 66.89648221667404, 77.67551488987716, 85.3272667661204, 44.85010681546852, 49.47926977272674, 61.0174585088169, 66.72760860830955, 25.977282932997642, 25.086039652579302, 64.32987604738409, 39.10471286112393, 24.457331849520433, 68.89357864750237, 18.45199527669092, 0.0, 63.40552227458765, 46.05915934088358, 81.09324032686938, 77.28805129095677, 60.94322077451516, 87.35439299366297, 5.315339786099079, 47.98978775450528, 21.030880191601526, 85.98317597394743, 72.87216057234022, 90.50608543617261, 48.08894600557556, 54.28204173482212, 82.19352546870294], [36.53637895549173, 95.12169852457534, 46.11274902325903, 65.65355402725038, 47.762158822022364, 33.4251835216958, 95.4572158270382, 12.861634464071951, 61.08293462410277, 77.67795532144913, 67.03803996191941, 89.82652216609664, 15.646137368730583, 94.41659774710047, 95.10895498208454, 97.79088760649077, 76.53100600967747, 78.58051304694892, 44.896229371766914, 69.09184581237795, 15.182904697577111, 86.15132189539686, 40.70272399466487, 24.65006863781934, 60.943015613115776, 63.40552227458765, 0.0, 96.44646318088446, 58.493885446118824, 82.70404367907302, 47.67269835185291, 61.257363106669466, 68.59003196543057, 15.476592831817051, 52.04682458966243, 29.873610254236144, 92.90437361234164, 64.6077493693089, 55.1506387750833, 101.58090980969341, 76.13592884785861], [60.32360149569372, 6.768818894004323, 58.144942159432354, 30.92236309451821, 50.08452136016315, 84.58135463901958, 10.26083353844719, 92.03593154066986, 35.369262510624424, 85.72613177976724, 88.49508495404149, 39.853820841928815, 107.05420924432627, 62.39099758526876, 1.3494429872998068, 4.338646902251047, 44.73915242927853, 50.02058445402039, 51.75542341236584, 27.568715241808768, 90.56258741690509, 10.463137314715993, 66.67841945700825, 90.36737204251, 63.95229092747876, 46.05915934088358, 96.44646318088446, 0.0, 83.76731810863849, 60.54214210678978, 68.13094419010721, 90.06574055670399, 42.395776818476634, 81.99509222125658, 66.93649424155565, 109.088982344121, 45.579109137323655, 92.01429833997248, 50.904389143235065, 8.807428781438894, 72.39018940910492], [55.20097829360758, 86.71780569119107, 71.1467018474321, 60.12071764589861, 61.24770797632137, 25.068725188409548, 89.11577508351168, 66.85720803430195, 59.055171505666905, 19.304412179519353, 9.117977907374604, 53.924289593253086, 55.06776999103042, 45.358520958589594, 82.81213955983692, 82.36906473845684, 41.71737593681999, 38.94284366722073, 55.71481533730599, 66.36028621472931, 43.34608572573281, 74.62698217299672, 73.3132533719162, 34.34993626620218, 91.65115158695785, 81.09324032686938, 58.493885446118824, 83.76731810863849, 0.0, 35.113939329372876, 20.16963924696559, 6.520295658303412, 83.95342976309446, 57.5482136313767, 85.40784525770417, 44.243918141903826, 53.101447645877016, 9.4179819293366, 35.32742929093889, 83.69557385806407, 22.33683659988512], [62.67650643567519, 65.51028696662085, 74.79382598524344, 49.216546641206676, 62.331036604772066, 52.88200195075975, 68.6970525187784, 86.89645003311435, 51.1594561915399, 27.256523035617132, 34.680487199549546, 22.427942156418457, 84.3876065626434, 11.72938813622879, 60.004325307658824, 57.75738953273167, 17.20204729037394, 11.215244900342212, 58.18563304443792, 54.61467092289853, 69.16528457325627, 54.2005742475242, 80.45060722774808, 62.56595555578796, 93.03562011630711, 77.28805129095677, 82.70404367907302, 60.54214210678978, 35.113939329372876, 0.0, 35.14008949431553, 39.27259950454851, 77.9783778902543, 75.60193718643227, 89.70414818407038, 77.04063875830191, 19.36125795400716, 39.45364138645414, 32.71146817877409, 57.40848506942437, 14.428939400796018], [35.653551343596845, 70.08831077960562, 51.28902913210708, 41.48104155647992, 41.093037055317744, 19.17712722815766, 72.09377247176883, 52.95696317186048, 39.767345351262264, 34.83410246099414, 28.604537649048233, 46.23767067032997, 49.72831568897999, 46.8694512491868, 67.02919299150898, 67.47247317329116, 32.44632958169498, 32.67611809979678, 35.57616796641719, 47.6029752368988, 34.05991055283439, 58.24725208383901, 54.09637862771801, 28.180249418017706, 71.72526468426918, 60.94322077451516, 47.67269835185291, 68.13094419010721, 20.16963924696559, 35.14008949431553, 0.0, 26.419283854593942, 63.89728336317404, 42.210774148031945, 65.81428035469249, 44.87217983723228, 47.78333508737577, 29.570456011460973, 17.316937234155578, 69.63383310487355, 29.337809594772306], [60.9123710100159, 93.1171237727628, 76.98524897385384, 66.64070712407856, 67.38146205378499, 28.193494706912382, 95.54833181516264, 70.4539420157212, 65.55157443315379, 18.72741527097902, 6.543618741101782, 59.184421757323484, 56.20919013542876, 48.70768974826888, 89.12895766643591, 88.58028450595097, 47.45581885500777, 44.26524704527202, 61.82508064594556, 72.87980081050834, 46.09073520704598, 81.01905686444204, 78.79525891199721, 36.67229330012604, 97.51012883522053, 87.35439299366297, 61.257363106669466, 90.06574055670399, 6.520295658303412, 39.27259950454851, 26.419283854593942, 0.0, 90.30073761964607, 61.73603727739471, 91.05623624653649, 43.84974755750386, 57.90749292086228, 3.534519165168887, 41.84691726297162, 89.79064783679462, 25.496468788808052], [34.900330764750215, 37.30990061945852, 22.61628173768326, 28.85153095127481, 24.385110105009836, 72.12734172783045, 35.5666599390599, 59.944870707707075, 27.024275393725073, 94.7133237280243, 91.80426925666258, 66.14617786318325, 82.73342566235004, 85.44486695205607, 41.24477693601063, 46.03266090847423, 61.32729730381586, 67.1696753578776, 29.746594875372352, 24.214107003090415, 69.11250104534237, 36.28162058257865, 29.761992923479305, 73.35031766254268, 21.55758013984501, 5.315339786099079, 68.59003196543057, 42.395776818476634, 83.95342976309446, 77.9783778902543, 63.89728336317404, 90.30073761964607, 0.0, 53.14864563461146, 25.539658600643467, 90.69059484818614, 72.23934625479336, 93.36981652412469, 50.10642205425587, 50.8498067545473, 83.75134684703296], [21.681960528185854, 80.2965359053738, 30.761509786921465, 51.54101482040718, 32.586363908282905, 34.00594756838213, 80.46410826086316, 11.563023919701285, 46.80800115476797, 75.72649037552748, 66.6133582038328, 79.34731655464391, 29.962836302337937, 87.06032218503958, 80.64899636956646, 83.60636608998347, 66.76573781167131, 69.74014644699844, 30.239849528499953, 54.465025396945215, 20.162384966717337, 71.85196831820224, 26.02995198901034, 28.58692354080155, 46.86676856272032, 47.98978775450528, 15.476592831817051, 81.99509222125658, 57.5482136313767, 75.60193718643227, 42.210774148031945, 61.73603727739471, 53.14864563461146, 0.0, 38.16035107911522, 41.00893859029156, 83.13148875217117, 65.25957878943609, 45.04147850137913, 87.59344940649537, 71.54700222831973], [30.215716684012126, 62.40534482773187, 15.020138842033093, 45.35362664056803, 27.374055937519035, 66.99757610791582, 60.923066070950995, 40.743237582161484, 41.30193172353285, 100.17214590748269, 94.25224919799318, 83.31635863900763, 67.53670555491405, 99.19629053749297, 65.699978701948, 70.20999092623109, 75.02834838537909, 80.17957623520155, 31.805933650133106, 43.50897956440531, 57.72161423412666, 59.39152567540301, 12.824336819597756, 64.72779471975316, 8.93150195062829, 21.030880191601526, 52.04682458966243, 66.93649424155565, 85.40784525770417, 89.70414818407038, 65.81428035469249, 91.05623624653649, 25.539658600643467, 38.16035107911522, 0.0, 79.09652128769672, 88.89743575645969, 94.48813569392348, 57.618751510153075, 74.9823500250155, 91.6529327412409], [55.82393133947854, 109.52227471145002, 69.8411695717004, 78.93273288341283, 66.90555497096938, 25.773472958063522, 110.73629357264969, 42.6780029515785, 75.33326266178817, 62.5142265610964, 50.38895665497506, 91.06519331956923, 16.47181986246946, 88.27623063881327, 107.84565517602866, 109.30128030318575, 77.30161617770085, 77.06309827610731, 62.285564866470764, 83.98100926832537, 21.752289602084886, 98.67819507727808, 66.66114762921013, 18.73870535646259, 87.68253584235514, 85.98317597394743, 29.873610254236144, 109.088982344121, 44.243918141903826, 77.04063875830191, 44.87217983723228, 43.84974755750386, 90.69059484818614, 41.00893859029156, 79.09652128769672, 0.0, 92.23281684806952, 46.36696977059415, 59.75704224906401, 112.18046512902032, 66.12557270092191], [66.15962205609847, 51.473211177793466, 74.83166824338721, 44.19445292423563, 62.38730728059391, 66.85748453929197, 54.93361172921785, 94.69431335350919, 47.716281246511706, 46.55249444609277, 53.77113080213482, 6.234214585684788, 97.2606692801375, 16.987526309735934, 45.34929720252724, 42.100832671685055, 16.416773836115652, 15.172084221599027, 59.63142386428579, 48.037183647719395, 80.97139732567163, 41.716264520786076, 81.88894268785131, 75.94243958230686, 90.39742028495175, 72.87216057234022, 92.90437361234164, 45.579109137323655, 53.101447645877016, 19.36125795400716, 47.78333508737577, 57.90749292086228, 72.23934625479336, 83.13148875217117, 88.89743575645969, 92.23281684806952, 0.0, 58.42410140381156, 38.12126045511037, 40.72171097765406, 33.753813922033146], [64.32203948821892, 95.25238668929036, 80.35962854355161, 69.28754067662668, 70.62098801737528, 31.655442487403416, 97.75845586710346, 73.92379489928486, 68.35765875662418, 16.773121429209265, 4.9623748745445, 60.05774645889042, 59.18568880665561, 48.29496831899303, 91.1095138410493, 90.39454745079924, 48.80880800587459, 45.26202090801508, 65.07729779836667, 75.536018550566, 49.458278098585495, 83.14817802432019, 82.26112215081776, 39.986858630377235, 100.88016400347209, 90.50608543617261, 64.6077493693089, 92.01429833997248, 9.4179819293366, 39.45364138645414, 29.570456011460973, 3.534519165168887, 93.36981652412469, 65.25957878943609, 94.48813569392348, 46.36696977059415, 58.42410140381156, 0.0, 44.5284528593483, 91.4447684420803, 25.28459874307463], [29.984528284943416, 52.77172137482071, 42.60344460803921, 24.795344138498464, 30.481627405495544, 34.308793783613474, 54.80183490676246, 56.5999414420801, 23.96141596016423, 44.63701473127935, 42.28250829930296, 34.690763894763705, 61.290633497953564, 43.33336597753218, 49.78098459629262, 50.42188582055794, 21.728535704360077, 24.994976768618784, 25.826408611072736, 31.03288820591972, 44.47991968003148, 40.94437961460461, 47.813508975485234, 41.53004497631717, 61.83968087193415, 48.08894600557556, 55.1506387750833, 50.904389143235065, 35.32742929093889, 32.71146817877409, 17.316937234155578, 41.84691726297162, 50.10642205425587, 45.04147850137913, 57.618751510153075, 59.75704224906401, 38.12126045511037, 44.5284528593483, 0.0, 52.8418869346142, 34.40369827597163], [66.07578239131463, 15.33678685631664, 65.4190585650405, 36.0527491630229, 56.463392578131554, 87.07966418965657, 18.619437188513746, 98.03028733642459, 40.810596443028274, 83.65299951545525, 87.60105819181584, 35.555137396271334, 111.33916052904254, 57.709208839266985, 9.74824367262626, 4.817177055353607, 42.95035335545687, 47.61812874307376, 57.49207108034411, 33.86988610666755, 94.61836655553493, 16.173195856718383, 73.94371373696467, 93.58625634600695, 72.37499971659102, 54.28204173482212, 101.58090980969341, 8.807428781438894, 83.69557385806407, 57.40848506942437, 69.63383310487355, 89.79064783679462, 50.8498067545473, 87.59344940649537, 74.9823500250155, 112.18046512902032, 40.72171097765406, 91.4447684420803, 52.8418869346142, 0.0, 70.22157169064667], [62.5486756325232, 76.73919524533869, 76.65297096789027, 56.01218099266212, 64.80530320457653, 43.93927298101973, 79.69971575387774, 82.23910277419056, 56.808750580823016, 13.432050394385803, 20.414115968618827, 36.30515371485791, 75.43357847677022, 23.22635137932544, 71.70030541406662, 70.03114478279738, 27.65327703345998, 22.60344442671938, 59.906981543442264, 61.9829909825049, 61.60750792085425, 64.92642162523238, 81.04378002205824, 53.77825776855514, 96.21193139662728, 82.19352546870294, 76.13592884785861, 72.39018940910492, 22.33683659988512, 14.428939400796018, 29.337809594772306, 25.496468788808052, 83.75134684703296, 71.54700222831973, 91.6529327412409, 66.12557270092191, 33.753813922033146, 25.28459874307463, 34.40369827597163, 70.22157169064667, 0.0]]",Route_1,2313.1699037847325
