instance_id,num_cities,city_coordinates,distance_matrix,best_route,total_distance
1190,85,"[[27.94002272275907, 33.250422584540004], [4.153793824733021, 92.5591654110884], [16.460294772503325, 31.797697457757256], [87.46370120532451, 90.41151414822835], [56.39301280170178, 55.02669587595508], [30.29245300802096, 44.52418687501177], [78.73574789399431, 27.89474543962738], [30.313748196450252, 3.33646746785653], [13.55574306991274, 67.57773698672848], [80.87619800851338, 97.50693923701277], [68.38199818065644, 61.894105287510584], [21.953592375850086, 87.83215689173566], [94.70174812489682, 35.422207784504565], [66.36264542352937, 39.78650384709832], [62.57230171944036, 15.341235648502627], [99.79909455812376, 54.44825925376162], [52.46300430032299, 99.93182976984905], [42.009824265904996, 81.14129564926886], [92.75146865530203, 12.53533503986709], [75.76450737463178, 92.36738257034752], [64.83328150864, 27.576444513736288], [54.530501351748676, 94.34751310495061], [7.815833144013052, 55.794119927663175], [47.265784486545634, 44.60927956097998], [28.428188701981828, 36.58899649994872], [3.7625549559251015, 46.691731861680644], [21.00272839671605, 0.8633632140241709], [69.10865083658176, 15.682464092542926], [46.64211339661739, 30.93917514716461], [47.130240905844836, 98.46714799240269], [66.2340110712685, 11.807155329534924], [76.13853606377415, 17.77356091377428], [95.16465813740803, 97.07312790846294], [70.81051376034405, 19.645219323224694], [9.923001147583822, 90.91370628102626], [56.154350716381906, 8.78067374376067], [62.83393409599353, 15.48553640990622], [38.22194419082388, 29.70257858446227], [5.835669572177182, 93.11087299084502], [46.42187054875716, 22.642938301745797], [3.3169878172631617, 98.18570759698979], [73.47030223095264, 7.381042819888906], [41.14235529160697, 39.14411617547944], [58.390551718120165, 59.56371736831575], [9.804781142956498, 26.651773454217665], [89.26561126178582, 96.92971418034051], [28.448655416810496, 44.34050930492277], [2.8182201141402574, 49.22408790859104], [13.243600310185865, 85.36327710084768], [57.28359668980858, 6.102402809382879], [89.17084924808854, 57.676146455517916], [73.38094429085051, 94.32884289117449], [52.78833102160163, 78.38749800766026], [49.142013082567004, 68.92639407092283], [47.01668829877421, 43.052228456156506], [68.39291656455781, 22.212541810136454], [61.378070222625624, 49.664768861918475], [15.066301575278152, 73.18691776673802], [33.58234058885454, 85.07272317819499], [70.9869842245047, 65.07847603053816], [7.99896858632454, 55.95510933084663], [41.38337938418739, 10.257881852819029], [90.20876785655318, 62.61799792897701], [63.78570257851317, 87.72624397725042], [6.306311994585512, 2.651232188436692], [72.34908847747823, 65.44469163258447], [78.21417563194, 28.897078082223693], [74.99097664784055, 29.285431726766998], [93.76120256676737, 64.23717517321506], [17.82829938129534, 57.65492851568689], [91.57842939452112, 49.39372466206762], [70.09992956712443, 69.2759636681126], [11.6814985337803, 94.83190340597956], [72.29761871933096, 7.0156162386079135], [89.58846442884246, 5.18396931699302], [78.29158635320815, 75.77126798882217], [54.1789475823707, 11.483538849951158], [89.93932800533159, 62.12581299017914], [3.244571290792797, 83.88056316757691], [96.22647532566828, 89.50794172020838], [11.754323191226845, 43.48689178339905], [11.067516739399597, 12.044947979092912], [49.73253589044986, 34.948605048837834], [18.25754243335751, 3.948557589764312], [11.314333393277021, 97.3589673936702]]","[[0.0, 63.900795463397365, 11.571281869605846, 82.52550326322275, 35.8298579803885, 11.516583240012366, 51.0772843184933, 30.00798699258922, 37.219242539283165, 83.25345990524127, 49.55818739346334, 54.90904359283353, 66.79704057535207, 38.974585225201764, 38.98889233119998, 74.92045437992951, 71.04777751391329, 49.91487792597997, 68.04144601528104, 76.03943904435891, 37.32702199466148, 66.63263482542169, 30.219220640176154, 22.416705814232692, 3.3740749564759223, 27.662587418751027, 33.12170990808697, 44.760351946234344, 18.844364151915357, 67.98151033067003, 43.8889878466723, 50.62242522301778, 92.69568124511937, 44.97755615399039, 60.41247679992758, 37.347247722724504, 39.155794356912686, 10.876815072636827, 63.811252542567615, 21.309561747560096, 69.44699480614949, 52.3663170511539, 14.458119151616591, 40.244554892248544, 19.298423705134677, 88.4074656790986, 11.101744488280575, 29.77016879682071, 54.14549323412461, 39.97574653301709, 65.92291030890742, 76.12785810799708, 51.524693138987004, 41.50059441399109, 21.44748395136308, 41.93174730637618, 37.249614552596654, 41.9601756862483, 52.12855829313903, 53.53565055824095, 30.218346088429865, 26.634202965852335, 68.84657654632214, 65.21140913008782, 37.474363140249274, 54.851035366206574, 50.46228353029174, 47.21772355548671, 72.75030276259368, 26.416412676169447, 65.6540402845619, 55.45536363139045, 63.691588054977366, 51.535050078598445, 67.73666779380102, 65.90373474945123, 34.09220446529461, 68.39372797705724, 56.33184229977469, 88.47569196332663, 19.151035767922124, 27.0989595999692, 21.858578495547807, 30.860163912829606, 66.22929158027215], [63.900795463397365, 0.0, 61.995209116682226, 83.33758500046422, 64.32435206614524, 54.68627494044027, 98.71147391785259, 92.97866981732702, 26.69210399594519, 76.88177787728287, 71.17308583424568, 18.41677056387418, 107.06803423415687, 81.57753995916096, 96.826291581696, 102.95855826745692, 48.8685583634487, 39.54044499826491, 119.38744244126032, 71.61097035918209, 88.90868484464598, 50.408440252963764, 36.946976890867255, 64.48127861528992, 61.0074262249942, 45.869102108737664, 93.23093229596117, 100.64373132515789, 74.84838341720304, 43.380632336294006, 101.85696100703356, 103.80120305299879, 91.12273744992436, 98.79049471825911, 5.999274029642266, 98.60473408054054, 96.86951610112791, 71.49538010850607, 1.7700529041251192, 81.69987223461958, 5.688428716602291, 109.81844519838609, 64.97169510049159, 63.484844634993024, 66.14920991385546, 85.2239588612417, 53.99332455464162, 43.355653602314426, 11.593333882729315, 101.47683357323216, 91.89518335752203, 69.24976620929485, 50.6572242167589, 50.81778973162347, 65.48407844165169, 95.2644337748159, 71.51606158465277, 22.234360890292, 30.36587199397602, 72.26246347753737, 36.805465497296254, 90.33019050277373, 91.11493876313087, 59.82743243032256, 89.93369663724684, 73.38796155405815, 97.66166861413576, 94.98142894623554, 93.97671430996195, 37.487302589900516, 97.50037015092549, 69.93568690416951, 7.863312036288173, 109.3676354150999, 122.20273251328835, 76.01477343816633, 95.26685273880035, 91.02388046126087, 8.726100074907883, 92.12322532773402, 49.65738701987601, 80.81051152682696, 73.46018236803978, 89.72600260392625, 8.620407530081188], [11.571281869605846, 61.995209116682226, 0.0, 92.07096845416878, 46.19749275352623, 18.796066991258826, 62.39763694197759, 31.65374834529856, 35.897738776805504, 92.01691716698441, 60.01380715351307, 56.30308128883452, 78.32536050222474, 50.537764375013026, 48.96051797064473, 86.36204895312721, 77.06137216054609, 55.56589907325849, 78.68533420106682, 84.7683690240457, 48.556820552748924, 73.22444992271564, 25.50597985180429, 33.36337561622899, 12.891354917887927, 19.572042746600815, 31.26606368466257, 55.059514551667654, 30.194026495595182, 73.38570181182166, 53.638089160317726, 61.30390598830894, 102.25095908205394, 55.69227081774036, 59.476370998332044, 45.88465383901729, 49.15893634077313, 21.862271348126853, 62.226908605511156, 31.328990379531486, 67.67654252373201, 62.0186582740822, 25.75216455843651, 50.290141272410246, 8.412870825306216, 97.6872238906166, 17.350588461817907, 22.131093175197257, 53.66207642054273, 48.236813187629174, 77.1784869939593, 84.55829049126818, 59.079063406553274, 49.46346959010098, 32.563133346259214, 52.80977575208675, 48.34086048002254, 41.41268857269781, 55.9588493310087, 63.8809054804757, 25.59637843983001, 32.9412173857601, 79.9295202247899, 73.264565376369, 30.86453958752603, 65.2355537939098, 61.82196530330639, 58.584573053791544, 83.83167695011831, 25.89339364766305, 77.15150239928202, 65.43570018754741, 63.215093237407615, 61.0897560569322, 77.82043255364768, 75.87347048730986, 42.84112288134402, 79.49190472355667, 53.73341835107965, 98.45362285295491, 12.600929827056344, 20.475672562365332, 33.42110482402252, 27.907072410797227, 65.76291534083728], [82.52550326322275, 83.33758500046422, 92.07096845416878, 0.0, 47.09005247434771, 73.30892459119129, 63.123082456178174, 104.15460087439953, 77.354816625772, 9.681955151649293, 34.31259241810462, 65.56086822721467, 55.46361994653255, 54.846569838923855, 79.08937022376809, 38.019963595099206, 36.2723750720994, 46.389566497676434, 78.05549152444435, 11.861557974092689, 66.78609040525993, 33.16757061321927, 86.84553453882414, 60.940275694447045, 79.88776591275852, 94.4314632241102, 111.51651107527353, 76.9502358428109, 72.13432703977651, 41.13005295840391, 81.42078953489668, 73.51551955590142, 10.182427783213193, 72.6993613131298, 77.54232626367842, 87.42922585256673, 78.87032121085488, 78.16857099346657, 81.67265201071478, 79.22759453563391, 84.50507356242764, 84.20139181665675, 69.09423407314459, 42.38908570941483, 100.47991042303306, 6.762677835754369, 74.86863907332824, 94.13427404194285, 74.3915860441966, 89.54811535321839, 32.779851317796776, 14.617438448390244, 36.70092998177103, 43.9336108840843, 62.28051697221152, 70.81521485377507, 48.381374465727575, 74.41821143845024, 54.14520949173427, 30.21994412202611, 86.61343754376942, 92.4553991354061, 27.928747461164008, 23.82977748243621, 119.5340491791586, 29.18550572528143, 62.20594479510193, 62.38562983638259, 26.921265649598908, 76.9550718893565, 41.22365877020097, 27.353465221084562, 75.91101423997077, 84.76370594850012, 85.2540263959201, 17.276125099929697, 85.65920912795185, 28.393830633702446, 84.47197857439141, 8.809236823746103, 89.07205006826425, 109.44265938880099, 67.08036316080627, 110.7489741207635, 76.46563492688787], [35.8298579803885, 64.32435206614524, 46.19749275352623, 47.09005247434771, 0.0, 28.13435474394966, 35.14741165269078, 57.89652627949386, 44.63810380200276, 49.030576520021924, 13.816551032826888, 47.563346725461514, 43.033651429903514, 18.211453200956758, 40.16365726616038, 43.40993575635748, 45.07677913127173, 29.813561239419823, 55.92363594904064, 42.066396147017784, 28.718538188673794, 39.36490335892212, 48.58324117605275, 13.850229579198226, 33.49597207438923, 53.28636521827442, 64.70037739698871, 41.34798695536393, 25.986317439529316, 44.41702177404576, 44.325770517671444, 42.162563411200445, 57.193906394843275, 38.20619343697905, 58.71404856546299, 46.246637960422426, 40.062310954795976, 31.16887311172024, 63.296520448965154, 33.88408818979219, 68.40880587238141, 50.613654969676226, 22.019057482830007, 4.957290161443911, 54.5490563761513, 53.25852675896678, 29.917915921491577, 53.88811251786531, 52.74637389221648, 48.932398180812676, 32.88474038942115, 42.8164521683655, 23.637275794229488, 15.67732779647355, 15.208659742791847, 34.939467617195994, 7.321274396835798, 45.14078776355903, 37.72387206330903, 17.720673976055718, 48.4029489500703, 47.21796061210509, 34.65736800147875, 33.52480138889863, 72.46976469000116, 19.055996078826553, 34.04291517056455, 31.756840825569544, 38.48655005587286, 38.65416831347724, 35.63346608887117, 19.77172728485911, 59.86296062373514, 50.5768747288598, 59.88518514258179, 30.16429670548739, 43.59941064494664, 34.28925090378548, 60.475635529699375, 52.6845428149479, 46.106178421496786, 62.4646399618471, 21.153999242395976, 63.74394332795933, 61.83937701058358], [11.516583240012366, 54.68627494044027, 18.796066991258826, 73.30892459119129, 28.13435474394966, 0.0, 51.2180743669874, 41.18772491225514, 28.488306939967565, 73.25221707312322, 41.86320003433928, 44.10347904204639, 65.04923766514747, 36.380000293633586, 43.51589680933781, 70.21154059093949, 59.67864136997764, 38.44618894221977, 70.17417813810249, 66.00514451663751, 38.47459947359229, 55.40619842696116, 25.143783158513745, 16.9735447754758, 8.151240868190857, 26.618297126672715, 44.63817319413664, 48.35847585405015, 21.25709148656476, 56.509770441972705, 48.60246649257136, 53.0797449209494, 83.48529332814493, 47.5465695247493, 50.66460381583637, 44.11843700814485, 43.61411712087556, 16.8094289830629, 54.39485567354937, 27.183582349066192, 60.06025747907731, 56.95559510546643, 12.11055491277469, 31.869901609222122, 27.187641676584146, 78.89342613027495, 1.8529239075329862, 27.8733303147047, 44.25488299370415, 46.954822202162774, 60.32942552858988, 65.85682836212789, 40.65449997808923, 30.83461741348664, 16.788886432617126, 44.152631050980055, 31.50779555565631, 32.455936739282905, 40.681779172316084, 45.59082883232503, 25.05325200152129, 36.01650049290596, 62.58874326494372, 54.66457266508507, 48.25639123370479, 46.97263146048381, 50.405337301375816, 47.22475700358518, 66.45964247719041, 18.10446082226082, 61.47912897810297, 46.875213539983555, 53.63985429699141, 56.31453469239279, 71.15946660796749, 57.2738760694796, 40.7706885515364, 62.18976554741899, 47.754709299409924, 79.81750120717113, 18.567127893441, 37.742537458293945, 21.670454305008416, 42.322816121259905, 56.139852658929705], [51.0772843184933, 98.71147391785259, 62.39763694197759, 63.123082456178174, 35.14741165269078, 51.2180743669874, 0.0, 54.29363748771787, 76.30971659621464, 69.6450935240774, 35.54091449572305, 82.5633482658379, 17.651511343981934, 17.161223230477525, 20.4657665459559, 33.89326877966643, 76.67854050996449, 64.6837582053186, 20.793073757557266, 64.54106606505206, 13.906109703124374, 70.72385941499743, 76.21029723710748, 35.63333057349564, 51.053310503411424, 77.29363724058926, 63.747918909559466, 15.550588845866525, 32.23770971231296, 77.32639959321094, 20.37410069512378, 10.449109315984964, 71.10244505493914, 11.439581164465121, 93.30907533737216, 29.584915671467012, 20.170675516937983, 40.55411879425553, 97.81392902906907, 32.73787023153056, 103.09611405149707, 21.17869007284231, 39.24043207343513, 37.64107849749866, 68.942172554897, 69.83340842015087, 52.9079844534064, 78.85690758813237, 87.13124311311086, 30.57942099846266, 31.55666628051045, 66.64955533107404, 56.76959136937943, 50.59036795172747, 35.15463032093345, 11.800915133843358, 27.842824819874764, 78.13564659385987, 72.8570609449488, 37.98253755428981, 76.0991193676354, 41.30688066741547, 36.56958367961549, 61.67099863138692, 76.70239987099235, 38.089209464053546, 1.1299151963570417, 3.9946614418819237, 39.326028111980946, 67.78927482314334, 25.042774920740925, 42.27271673607244, 94.7462689179587, 21.849200064590818, 25.17063384736636, 47.8785827993882, 29.535811200540778, 36.01785936117789, 93.98579430745345, 64.0477283125523, 68.77227844719194, 69.49968048222689, 29.848672364260956, 65.04639304588632, 96.80353952701346], [30.00798699258922, 92.97866981732702, 31.65374834529856, 104.15460087439953, 57.89652627949386, 41.18772491225514, 54.29363748771787, 0.0, 66.39104943603017, 106.88610332603044, 69.8440305529241, 84.90826659731874, 71.93962236801782, 51.265272293596205, 34.419888646924335, 86.25907847042797, 99.1022379374358, 78.6790282334598, 63.11171128011905, 99.96136930764808, 42.18026395455765, 94.17781883937363, 57.078555371527564, 44.61856735099176, 33.305945740022366, 50.83940217148606, 9.633863937245845, 40.71201424044321, 32.07062489786195, 96.60559406218869, 36.90552584432353, 48.04519591230113, 113.9833410228344, 43.657340828513014, 89.91971598792902, 26.407879895358736, 34.71544853663178, 27.52655770884961, 93.05170723926607, 25.14381478170539, 98.61644601203811, 43.34566582613759, 37.409175847508415, 62.84751806844203, 31.051911742096326, 110.6120155727124, 41.0464373369059, 53.494651828365164, 83.78417181918017, 27.111309929035283, 80.10592397997074, 100.66973609090054, 78.3438833493154, 68.23886011956384, 43.085146848323404, 42.50093229779744, 55.77906070386061, 71.49524484482869, 81.80158429867674, 73.9350238408569, 57.15479735380134, 13.055370991315742, 84.27166329138682, 90.78549503891217, 24.017213418187534, 74.99600883672349, 54.293607022207674, 51.66627031447047, 87.94586781132465, 55.734923008115096, 76.64614864789338, 77.01270925765282, 93.37331270228789, 42.14476859302152, 59.3035011404317, 86.88310123785948, 25.217504115885117, 83.73408454439752, 84.97112268550705, 108.4896795664661, 44.23244091436307, 21.124749894683962, 37.100088381882884, 12.07173358384651, 95.9229287249022], [37.219242539283165, 26.69210399594519, 35.897738776805504, 77.354816625772, 44.63810380200276, 28.488306939967565, 76.30971659621464, 66.39104943603017, 0.0, 73.67360993244856, 55.12006820352008, 21.926363096819852, 87.2848909872641, 59.67345788209093, 71.63291906589492, 87.23702689488897, 50.60199893551794, 31.521498382854425, 96.44495302023914, 66.96608757036302, 65.03452427630276, 48.944373830652054, 13.10725741534577, 40.79113787122794, 34.372833401333594, 23.067980915534704, 67.12872156045965, 76.0213450952693, 49.36691316121951, 45.62239162091873, 76.71608500180622, 79.98163497465112, 86.77553286566204, 74.6701748784344, 23.61703361514005, 72.60672158564506, 71.70730417285809, 45.19899447702343, 26.674717786982328, 55.671522956674835, 32.27506737409357, 84.93171603163195, 39.61681418675692, 45.54541224937677, 41.09749635247725, 81.20050927675956, 27.60013747263693, 21.263838640028204, 17.788279013254574, 75.44098285692833, 76.26064369899169, 65.53378035972425, 40.694556032922385, 35.611816709405375, 41.48656920368358, 71.16963207922387, 51.067106843266146, 5.809018507541544, 26.59208810953532, 57.48559616011679, 12.882671162795647, 63.71768306688422, 76.81331408331695, 54.1203396717237, 65.32997226571068, 58.83202653908956, 75.34524719360122, 72.39190954033899, 80.27499664485507, 10.803557996646756, 80.11365604896365, 56.56968269747341, 27.318535462016545, 84.37048313433822, 98.35627565778186, 65.25230536832898, 69.25896194334, 76.57790492596736, 19.28995606375184, 85.53001725333138, 24.158102909585125, 55.5885053337327, 48.71776462236688, 63.80265972500786, 29.865458340528882], [83.25345990524127, 76.88177787728287, 92.01691716698441, 9.681955151649293, 49.030576520021924, 73.25221707312322, 69.6450935240774, 106.88610332603044, 73.67360993244856, 0.0, 37.74094555324808, 59.71159743275045, 63.605500670544934, 59.5171561000556, 84.17978062192874, 47.033242879130604, 28.516480687409324, 42.17142750656163, 85.7974100586426, 7.248753262898127, 71.74712023533843, 26.534462606471237, 84.12952043645775, 62.67234075985242, 80.38525628207101, 92.35095692758146, 113.687348240101, 82.66631659334773, 74.85479119693096, 33.7596152470533, 86.94162754454062, 79.87400740878918, 14.29504407561551, 78.50965180993371, 71.25887218864561, 92.1060254376147, 83.98234224416166, 80.10503537384537, 75.16918455354745, 82.41188820030618, 77.56218029411653, 90.42966602425463, 70.60451382711805, 44.10546876379212, 100.35736551636428, 8.409247499047314, 74.66804198536785, 91.78388554294767, 68.71416740018863, 94.40021248139895, 40.68529578101367, 8.141199216059624, 33.977658906951085, 42.70721314842576, 64.1231777441716, 76.32220253298121, 51.6628517733425, 70.15985969817623, 48.90111122079315, 33.90282842477166, 83.89067371767443, 95.77098066389549, 36.115579540748136, 19.691293350290533, 120.65766888107643, 33.17678885006714, 68.66148418737258, 68.47488530428247, 35.677731757035666, 74.58699806159674, 49.289138492921175, 30.217808376729014, 69.24638800757725, 90.89703823900108, 92.7331351838795, 21.88880129239971, 90.0709087023601, 36.523477652512845, 78.81844702622098, 17.309389792462436, 87.72684369762376, 110.34946275492912, 69.88184933531369, 112.58004620043552, 69.56202199774597], [49.55818739346334, 71.17308583424568, 60.01380715351307, 34.31259241810462, 13.816551032826888, 41.86320003433928, 35.54091449572305, 69.8440305529241, 55.12006820352008, 37.74094555324808, 0.0, 53.18251015699823, 37.32948693107097, 22.199635740386267, 46.91398772858619, 32.287374745391816, 41.23448617306131, 32.648826836682154, 55.046882668996616, 31.354777472592527, 34.500655515541936, 35.2857994576617, 60.87257320531371, 27.28845325722744, 47.29329151802156, 66.38361695819728, 77.26284154300716, 46.217353948650015, 37.82631743134655, 42.29922741565583, 50.13298719121827, 44.79716861328487, 44.213962805028714, 42.31862536926287, 65.26554662251478, 54.502770322830266, 46.73902310013416, 44.112620055293554, 69.90371812889364, 44.976675236767974, 74.50191924895539, 54.75002116627065, 35.49028246323885, 10.259615502915198, 68.36162892244256, 40.7874881037514, 43.62110264785532, 66.77677990692207, 59.92532807858669, 56.884871284551345, 21.21243751699125, 32.81770353987545, 22.69789547267479, 20.484875203623016, 28.48671249682511, 39.681564979471, 14.092965488200122, 54.498542349385275, 41.812252938929404, 4.114142598123473, 60.67439275314779, 58.26855916799764, 21.838770456255425, 26.237860479624388, 85.80855917974925, 5.323952368021594, 34.430735075219815, 33.27167245226547, 25.487133847517796, 50.73112537682653, 26.35021701695274, 7.5791240522817676, 65.57320493233817, 55.018002912623245, 60.54546830713297, 17.05214304385963, 52.37319786735442, 21.558575037077585, 68.7480087853042, 39.2152887278785, 59.54426155134024, 75.95978058972753, 32.7698402014131, 76.61688822938919, 67.18984155728916], [54.90904359283353, 18.41677056387418, 56.30308128883452, 65.56086822721467, 47.563346725461514, 44.10347904204639, 82.5633482658379, 84.90826659731874, 21.926363096819852, 59.71159743275045, 53.18251015699823, 0.0, 89.66101120503892, 65.42590289080665, 83.09520570665724, 84.70187029524851, 32.82112581455003, 21.14284895168104, 103.35352275889107, 54.00169298236907, 73.9555178083751, 33.22205389510198, 35.018738535370865, 50.089162442571464, 51.650574871193456, 44.98275685267288, 86.97399160704977, 86.19267781808908, 62.01882328761941, 27.330690933713214, 87.98043158779221, 88.56757303249722, 73.79197581902218, 83.8835932834463, 12.418980310004297, 86.13262366236171, 83.09774867165515, 60.3631273622995, 16.96031483080887, 69.62995660719776, 21.319452189946414, 95.53194831937701, 52.332914413636004, 46.11677221141449, 62.37493833210746, 67.92402693539317, 43.9739610874615, 43.08996939197646, 9.053139190677937, 89.03910324787749, 73.67187106934207, 51.836082548400604, 32.24876259313446, 33.11552639415932, 51.31667144249798, 80.3899540649274, 54.87293469926251, 16.18387480178973, 11.951663458317391, 54.055559463545784, 34.79766782855388, 79.97052438869486, 72.76347155064025, 41.83224428061688, 86.60616211701681, 55.144397975305885, 81.47758429530671, 78.99799464516272, 75.58476065734446, 30.457891502057816, 79.53069220213845, 51.59846985995149, 12.430300204096342, 95.21467445521066, 106.79512548339692, 57.61453468111371, 82.87089353371742, 72.68339814474034, 19.121782420107415, 74.29178552483937, 45.5030507705699, 76.56505519838066, 59.735582011961576, 83.9649868518485, 14.28124469498481], [66.79704057535207, 107.06803423415687, 78.32536050222474, 55.46361994653255, 43.033651429903514, 65.04923766514747, 17.651511343981934, 71.93962236801782, 87.2848909872641, 63.605500670544934, 37.32948693107097, 89.66101120503892, 0.0, 28.673189952299055, 37.88861000680792, 19.697044833455344, 77.10773507612589, 69.76154983332745, 22.969817893025457, 60.01143239936623, 30.881730834060853, 71.3156411624894, 89.24223790579175, 48.317418537470395, 66.28382966070332, 91.6348134016194, 81.39938112136603, 32.321264050675666, 48.268271896175214, 78.97919210089303, 36.9876027258525, 25.61381616225798, 61.652657994691346, 28.630481036289723, 101.32493446547463, 46.85801087342588, 37.5902705028774, 56.7686745539941, 105.94886507474902, 49.94253004484257, 110.86221775336938, 35.17216551934595, 53.688557093122455, 43.60407629427274, 85.3487874610679, 61.74726655511379, 66.85064244564427, 92.91434019925633, 95.54862767127054, 47.537027889828856, 22.930953507403537, 62.646375279981214, 60.022918099962425, 56.55280679013477, 48.29163639876711, 29.43891800363371, 36.2397303380997, 88.13613145129173, 78.74487701695845, 37.972151283961274, 89.1009092300749, 58.95838994381005, 27.564431306919975, 60.75783138228468, 94.27454571720843, 37.429813380800525, 17.731817852157594, 20.64399507371468, 28.830313414171666, 80.02387764190054, 14.316368385576872, 41.84885020853595, 102.08757895066172, 36.17843912714793, 30.667519230847972, 43.55846724512514, 47.06545691021716, 27.124954864031942, 103.50182317667989, 54.10722140713304, 83.33855308996455, 86.83997314285976, 44.971706088806165, 82.66986899948036, 103.87311070005912], [38.974585225201764, 81.57753995916096, 50.537764375013026, 54.846569838923855, 18.211453200956758, 36.380000293633586, 17.161223230477525, 51.265272293596205, 59.67345788209093, 59.5171561000556, 22.199635740386267, 65.42590289080665, 28.673189952299055, 0.0, 24.737377441766156, 36.509768587805894, 61.7305455484385, 47.99248590494255, 37.93410329661104, 53.41482767412648, 12.30546638321307, 55.829233960093156, 60.69574120707055, 19.696427676939344, 38.06897765890279, 62.97978644363294, 59.77066964173529, 24.259952147885613, 21.614222367439726, 61.75195042134051, 27.97964421260318, 24.086047712229714, 64.11952302316782, 20.626557517270538, 76.15395114316212, 32.643081674759415, 24.55583071322472, 29.89288568490539, 80.66599748523996, 26.29707858706257, 85.93731402381559, 33.17578468820441, 25.22846995477511, 21.323518769463234, 58.063010208508516, 61.56210142106505, 38.186510758898535, 64.24143507751265, 69.9919653530111, 34.88621201317648, 28.987126010689945, 54.99202912595604, 40.91819597277133, 33.84794499639737, 19.619658873055698, 17.69084911988878, 11.064633280704992, 61.2119477079539, 55.905188009328796, 25.711249799924165, 60.5618904695583, 38.67690846933423, 33.01385583511298, 48.00895039649374, 70.6101379837986, 26.347297790730707, 16.094668737491457, 13.591196245835867, 36.72214947179788, 51.719081061870604, 26.983966592391564, 29.725334872885497, 77.5888125812942, 33.30397848110925, 41.674621346506456, 37.91045874213685, 30.813963080304873, 32.479296398678194, 76.99465792886878, 58.00060103648435, 54.73355212213169, 61.86392469098721, 17.319521005629234, 59.98715967303838, 79.65491332115913], [38.98889233119998, 96.826291581696, 48.96051797064473, 79.08937022376809, 40.16365726616038, 43.51589680933781, 20.4657665459559, 34.419888646924335, 71.63291906589492, 84.17978062192874, 46.91398772858619, 83.09520570665724, 37.88861000680792, 24.737377441766156, 0.0, 53.992530967871225, 85.19252612823814, 68.93811264555757, 30.309325217961348, 78.14769094269195, 12.442361736545903, 79.41449761019109, 68.07868019692297, 33.028894384517415, 40.21551684299515, 66.64412897773728, 44.01861215965791, 6.545249928931462, 22.294990841095338, 84.54806056425268, 5.088991951082306, 13.782558560784734, 87.99070353889437, 9.294751911867504, 92.10400191201975, 9.177748502961412, 0.2987879017003777, 28.26991479816816, 96.26609953547154, 17.724313488407777, 101.85479251399627, 13.495595022733722, 32.0284205867436, 44.41975824487057, 53.966095775441794, 85.84411804814376, 44.781481770782534, 68.69205154726303, 85.65282874416533, 10.645488862407866, 49.99727396240415, 79.72370320148887, 63.80091911623141, 55.24257285849022, 31.778549861172927, 9.005243225038878, 34.34430260058348, 74.85280882786616, 75.51753570831426, 50.44402801602408, 68.02746081358198, 21.79015639093655, 54.76190749300347, 72.39517782558231, 57.67926653082507, 51.04842662473517, 20.69852853664746, 18.672549136268433, 57.99621054921374, 61.58306869013859, 44.731727562458964, 54.45750698996906, 94.38559270042843, 12.802254852438168, 28.862486151925772, 62.44104994352253, 9.237435697195338, 54.20102217460454, 90.6499807754045, 81.4450961730964, 58.09169390676952, 51.610157800957516, 23.437331788079323, 45.75577563470566, 96.71756633387872], [74.92045437992951, 102.95855826745692, 86.36204895312721, 38.019963595099206, 43.40993575635748, 70.21154059093949, 33.89326877966643, 86.25907847042797, 87.23702689488897, 47.033242879130604, 32.287374745391816, 84.70187029524851, 19.697044833455344, 36.509768587805894, 53.992530967871225, 0.0, 65.6464822194347, 63.65624834153354, 42.50132053272922, 44.894557511788946, 44.09878127152372, 60.34232336234567, 91.99310692291125, 53.44674160761852, 73.57145824867143, 96.34926390974024, 95.29012752553177, 49.44380861449392, 58.123503694596685, 68.64161063691641, 54.26673542195315, 43.64465060684539, 42.876070584513634, 45.29447433270365, 96.99196355182394, 63.16954987432245, 53.707698325269234, 66.36334951721466, 101.60670714117508, 62.13458363751091, 105.9328150703613, 53.9307719974443, 60.62037493071669, 41.72331880201011, 94.18928320075274, 43.7678910050871, 72.06283213062403, 97.12148049820593, 91.91078235435958, 64.38081542145292, 11.107603438975824, 47.83701093091951, 52.75508544588816, 52.68544667557722, 53.99862894988155, 45.00543850768244, 38.71765606693922, 86.78008717176834, 72.95557755844065, 30.710571642317234, 91.8124922088112, 73.24742476101257, 12.598372762550238, 49.03456606450019, 106.88232971019598, 29.57066720399625, 33.448043056517974, 35.33568456113158, 11.501261434182544, 82.03349309688655, 9.650267129499635, 33.194897489854725, 96.93064244150224, 54.82870413127337, 50.31130320922911, 30.286029959372044, 62.667096705264065, 12.496392593510247, 100.94075726413361, 35.241239235137364, 88.72447994702179, 98.34293929538993, 53.72985027836234, 95.91269254415029, 98.34064180931699], [71.04777751391329, 48.8685583634487, 77.06137216054609, 36.2723750720994, 45.07677913127173, 59.67864136997764, 76.67854050996449, 99.1022379374358, 50.60199893551794, 28.516480687409324, 41.23448617306131, 32.82112581455003, 77.10773507612589, 61.7305455484385, 85.19252612823814, 65.6464822194347, 0.0, 21.50239859570656, 96.23568803292352, 24.498589897299563, 73.40521462247152, 5.954757482174761, 62.78142497884088, 55.56613766859776, 67.74944197190598, 72.15429156756805, 103.94378300626576, 85.87801328418415, 69.23777265913355, 5.5302493732805225, 89.19416389370316, 85.50153183253063, 42.7972360877958, 82.35636539086443, 43.4853816758542, 91.22586959440649, 85.08074192824279, 71.65860391538838, 47.12360125490828, 77.52462861163896, 49.17702592467075, 94.90497737949865, 61.83286519327445, 40.80098426818966, 84.79204359234295, 36.92485040149361, 60.55645187206058, 70.96393225830032, 41.83783426769424, 93.95317703364279, 55.973285173109495, 21.655338265885145, 21.546787894134816, 31.182784121188746, 57.139753268572484, 79.33504790261959, 51.05150157165412, 45.976120897260664, 24.0264960176822, 39.47016720396587, 62.5380077436586, 90.35582451236039, 53.076027668729225, 16.648718294193586, 107.6752288616245, 39.80978574169513, 75.55831372041654, 74.1513526144473, 54.58616625874684, 54.6525311809279, 63.90709309759745, 35.36726253633907, 41.09915402418213, 95.00965564685474, 101.7617651682014, 35.36733516166347, 88.46493445426891, 53.23316394116802, 51.76965624234749, 44.9877632057616, 69.59330242154246, 97.14777599774946, 65.04056390344996, 101.8960360363869, 41.229027859302334], [49.91487792597997, 39.54044499826491, 55.56589907325849, 46.389566497676434, 29.813561239419823, 38.44618894221977, 64.6837582053186, 78.6790282334598, 31.521498382854425, 42.17142750656163, 32.648826836682154, 21.14284895168104, 69.76154983332745, 47.99248590494255, 68.93811264555757, 63.65624834153354, 21.50239859570656, 0.0, 85.33166063354687, 35.57251269351349, 58.22459512682521, 18.198118973529226, 42.564167393548075, 36.90817412601108, 46.576476724648614, 51.47451850017869, 82.98098886452851, 70.84634803770365, 50.41538461123064, 18.066649550557205, 73.44408921252753, 71.97387563894291, 55.49107714797202, 67.90616407111906, 33.541977094114706, 73.73009718602134, 68.87904087247979, 51.577995780530486, 38.103021527717765, 58.66450344766019, 42.28058148943742, 80.18937941674884, 42.00613748221858, 27.090960048223003, 63.2951248643681, 49.82352420606501, 39.21993340274637, 50.54394113986569, 29.074400562145126, 76.57756566183785, 52.67613789995553, 34.03025967983539, 11.12472962968211, 14.144678783387022, 38.41673759034032, 64.56520416038576, 36.95809370131001, 28.093158285931814, 9.299387267027333, 33.1314046392566, 42.32118010315318, 70.88618190189513, 51.63575042244525, 22.749734520818173, 86.22894438988408, 34.15924956078867, 63.56267243459852, 61.45556960593143, 54.442211978463085, 33.70987372979013, 58.8638673379863, 30.493279896669787, 33.275217241393996, 80.07475782632791, 89.62835724982429, 36.677015380666276, 70.71273325649518, 51.56380425711286, 38.861914836524754, 54.858417937564504, 48.30372113796081, 75.70820072107553, 46.83380125233301, 80.76440863013885, 34.71636554596032], [68.04144601528104, 119.38744244126032, 78.68533420106682, 78.05549152444435, 55.92363594904064, 70.17417813810249, 20.793073757557266, 63.11171128011905, 96.44495302023914, 85.7974100586426, 55.046882668996616, 103.35352275889107, 22.969817893025457, 37.93410329661104, 30.309325217961348, 42.50132053272922, 96.23568803292352, 85.33166063354687, 0.0, 81.6193155231032, 31.712145114466207, 90.2999159544029, 95.3172841077375, 55.656853858651445, 68.67359735436482, 95.31886594606732, 72.69192977901541, 23.85135752286216, 49.64649003773138, 97.29117585206485, 26.527453749117296, 17.419200314501236, 84.57222893225743, 23.064170399676556, 114.0338726348189, 36.78921748126357, 30.06264396607856, 57.16802680906142, 118.5190847346857, 47.419355799225144, 123.83259943142379, 19.958209012142998, 58.064858698783105, 58.24380960406568, 84.13932970244564, 84.46633904860508, 71.73855936952513, 97.12905734242806, 107.82119584581628, 36.046533243054576, 45.28259809907848, 84.0559048537085, 77.02960299175163, 71.28629709835097, 54.98136882654897, 26.21044430817698, 48.60951537674035, 98.55759570690478, 93.60907217825682, 56.87244014198755, 95.22742812562795, 51.41855101404938, 50.147167910223864, 80.57722005160717, 87.00839384377508, 56.70676442873268, 21.886971554584598, 24.413127930840783, 51.71169921542159, 87.46004235926657, 36.877051219549436, 61.09493563456558, 115.52084322901496, 21.18554395922366, 8.002947814902267, 64.86810781975339, 38.586858606873584, 49.67014836272992, 114.46233551878865, 77.05100810843172, 86.7094945099822, 81.68542391436085, 48.50755867616818, 74.98718417795207, 117.58850116137424], [76.03943904435891, 71.61097035918209, 84.7683690240457, 11.861557974092689, 42.066396147017784, 66.00514451663751, 64.54106606505206, 99.96136930764808, 66.96608757036302, 7.248753262898127, 31.354777472592527, 54.00169298236907, 60.01143239936623, 53.41482767412648, 78.14769094269195, 44.894557511788946, 24.498589897299563, 35.57251269351349, 81.6193155231032, 0.0, 65.70660052984753, 21.32613253062785, 77.16622233872485, 55.61486859919104, 73.15705993338665, 85.26749802689089, 106.63882030099775, 76.97322357938921, 67.98189831297941, 29.27675450608547, 81.12201040950467, 74.59475937887967, 19.962712461127193, 72.89070640398256, 65.85755170821741, 85.85625275203729, 77.96164437947674, 73.05013147831855, 69.93279012314163, 75.64713123747998, 72.68078147716189, 85.01730013015978, 63.49338154956934, 37.120543986334866, 93.10868254927422, 14.251128933921947, 67.41936221997084, 84.74965899259591, 62.912012474478665, 88.22239394224151, 37.191556375108284, 3.0868591747184584, 26.89501537816261, 35.47163858861305, 57.082585145774985, 70.5410662888061, 45.06087872489766, 63.65659759477558, 42.80826147358296, 27.703955450232197, 76.9286805407297, 89.01703247119131, 33.07056920299086, 12.846475461536114, 113.46113230883216, 27.138466676902404, 63.51755998451148, 63.086693303875094, 33.39445471997292, 67.53931198305226, 45.79099697177392, 23.77606083134456, 64.13038191875917, 85.42214778906072, 88.27258541099751, 16.78741038299477, 83.7145899263132, 33.39877348922679, 73.0148425539584, 20.66079704185415, 80.539468950114, 103.13774331408311, 63.04426660226833, 105.47482935612625, 64.64318096501225], [37.32702199466148, 88.90868484464598, 48.556820552748924, 66.78609040525993, 28.718538188673794, 38.47459947359229, 13.906109703124374, 42.18026395455765, 65.03452427630276, 71.74712023533843, 34.500655515541936, 73.9555178083751, 30.881730834060853, 12.30546638321307, 12.442361736545903, 44.09878127152372, 73.40521462247152, 58.22459512682521, 31.712145114466207, 65.70660052984753, 0.0, 67.56125279902587, 63.61781687372362, 24.46905027515182, 37.504091451008065, 63.99240464360562, 51.329388254899506, 12.639048743874524, 18.499366329495327, 73.0677048105688, 15.83137785167771, 14.96346575599335, 75.82731309404976, 9.931346253827664, 83.82569783490027, 20.7027736918094, 12.25509889196002, 26.69613679784576, 88.17867956613287, 19.060942712191405, 93.64786395152767, 21.96479857712134, 26.364199451051014, 32.62965509819201, 55.03626866952683, 73.53104616837149, 40.06088970761057, 65.68476462859839, 77.46491610147764, 22.762517610844437, 38.707999954225734, 67.29743849641382, 52.21919177273437, 44.227075793013334, 23.599383090206132, 6.437581373854981, 22.356935334287193, 67.50605574354368, 65.44038026045547, 38.0035580571404, 63.5254889170762, 29.151852810525174, 43.264601848928386, 60.15892117646235, 63.61346060355724, 38.60688402664725, 13.445906461119687, 10.300456680906972, 46.69939816777188, 55.80487025921294, 34.51516548574588, 42.03079203962417, 85.7228603361601, 21.873819724826845, 33.38026403205112, 50.03865484886675, 19.300166945286787, 42.70799026897734, 83.44652781083057, 69.43373073851615, 55.41225630113254, 55.96413892687827, 16.804203913919796, 52.226205212525265, 87.94247157581718], [66.63263482542169, 50.408440252963764, 73.22444992271564, 33.16757061321927, 39.36490335892212, 55.40619842696116, 70.72385941499743, 94.17781883937363, 48.944373830652054, 26.534462606471237, 35.2857994576617, 33.22205389510198, 71.3156411624894, 55.829233960093156, 79.41449761019109, 60.34232336234567, 5.954757482174761, 18.198118973529226, 90.2999159544029, 21.32613253062785, 67.56125279902587, 0.0, 60.56916997319131, 50.265972458574105, 63.382781305938735, 69.63086863708952, 99.31464061332255, 80.00445224190115, 63.89713598510863, 8.469666243313322, 83.36595708950098, 79.56429675609944, 40.72546713960039, 76.45568324379363, 44.73946919408629, 85.58224631909765, 79.29790894839486, 66.67035769987571, 48.710531929066235, 72.16159602730261, 51.35713879788915, 89.00496059875773, 56.80367494696478, 34.99732039283668, 81.136324880136, 34.830957822834925, 56.40002762791743, 68.63150539110273, 42.25310277592901, 88.28804576508284, 50.445444138361815, 18.850452184953458, 16.054819817269227, 25.985940405713972, 51.84268139087581, 73.4548884638455, 45.204389527230916, 44.77939100819439, 22.909543154185872, 33.57815301359863, 60.32545241482714, 85.1111796425675, 47.746212772220936, 11.3798046823897, 103.60395925386135, 33.95401502356805, 69.60370587888545, 68.20341254367975, 49.45382056206963, 51.897951725672385, 58.25282883800516, 29.51253438994271, 42.85174064676944, 89.12087673394467, 95.80813282776104, 30.16067046769796, 82.8647199922016, 47.875076639831576, 52.34313386881555, 41.975894234927225, 66.45753696334954, 93.0738591534129, 59.59237158249666, 97.4048187048871, 43.3209652471858], [30.219220640176154, 36.946976890867255, 25.50597985180429, 86.84553453882414, 48.58324117605275, 25.143783158513745, 76.21029723710748, 57.078555371527564, 13.10725741534577, 84.12952043645775, 60.87257320531371, 35.018738535370865, 89.24223790579175, 60.69574120707055, 68.07868019692297, 91.99310692291125, 62.78142497884088, 42.564167393548075, 95.3172841077375, 77.16622233872485, 63.61781687372362, 60.56916997319131, 0.0, 41.004869405430064, 28.172787713001938, 9.964062051882793, 56.49143509894892, 73.25131012159167, 46.10041559785992, 58.02249548130126, 73.12685257070389, 78.18922331108386, 96.61145753794253, 72.62969641175104, 35.18274438736409, 67.43053020094763, 68.20390998740689, 40.066196708134825, 37.36925349735686, 50.88641240342124, 42.62964126520681, 81.57410953317971, 37.2542575204741, 50.71500787454054, 29.210139885335074, 91.24803269087678, 23.5986980835