instance_id,num_cities,city_coordinates,distance_matrix,best_route,total_distance
1874,98,"[[75.41641643745845, 76.64509599037959], [10.880761562736662, 62.925629818957354], [3.263487139771848, 28.847460533135127], [11.70060399453805, 42.95411665345799], [95.58401254590233, 81.94909937346459], [68.72305087353865, 35.24708266081724], [37.05285038080236, 48.03755443744794], [57.17228302601237, 60.82920038884926], [52.41761625672806, 21.711457858921236], [71.13692028667144, 78.94010555985476], [48.78936635686782, 23.48703246050642], [60.94391397718972, 47.047922122570974], [99.23010528224479, 64.85450019603387], [54.45075408883324, 20.82743521074317], [48.16677542063864, 34.10921630792212], [23.32536659391703, 69.90192544852867], [53.9451143028012, 16.6697134400286], [70.1923824644897, 44.62335903659196], [57.55121521788229, 39.55237477092234], [88.02961566642819, 66.00878642235031], [59.721316905611886, 27.83662226273923], [73.41191689742097, 28.02288555329516], [93.58796184522157, 48.911172034817476], [68.892082601726, 16.769169700745646], [0.09241206226918708, 26.322313009102594], [75.00142930379887, 44.4207867954561], [20.799767345549604, 44.15884730458656], [63.825731407373354, 86.43446619555247], [67.77801152686243, 5.751778752575221], [13.260989895465869, 81.28734180249249], [53.3084224854213, 79.12753835424961], [32.37589957066708, 97.54874410805232], [24.93523528440107, 83.44508469401242], [78.37539220029718, 57.84317961296603], [2.427805715786524, 71.00384828747073], [32.49039958615543, 51.95133318455278], [96.30599586546293, 51.1821363128144], [86.5475559012121, 24.37713611301262], [38.30942107189293, 81.44273966570572], [97.03501659453036, 56.3140305996058], [14.432137107799415, 2.8183694186901476], [94.64699867816539, 27.206427449564472], [89.24289545534685, 51.606750663955836], [82.52027657718482, 65.18144547110329], [68.70170692031452, 50.124667578806836], [56.3055604415804, 30.03588614425359], [38.01069021257247, 82.14873347589543], [83.19017536297143, 67.34836981818712], [27.746314891288947, 17.66688192289505], [84.67225444336033, 3.845799876000233], [46.1060074316122, 31.528118579343644], [37.16506975137206, 42.21385463312004], [15.078415871170703, 26.38728781765176], [3.602322454758089, 53.7176812274598], [84.36205127262963, 73.61886643291827], [28.451002720622633, 75.46548822982894], [92.52528269847903, 72.63195704813884], [77.57696359579205, 71.46285806786376], [61.658755122196496, 23.54528503533757], [61.941945288318976, 68.23449474306298], [10.457682239905697, 69.07414543036093], [74.19677868477629, 90.47224765523539], [42.52356478643223, 3.7377385445757527], [85.14135411892076, 19.91464577462575], [86.80499074754479, 28.333886344931734], [95.72577371877806, 53.73705478262523], [74.17835883875394, 72.30745313781593], [0.5510913014097119, 77.72905827727942], [70.82491141744845, 41.00348709774768], [58.736819214562, 54.529724500048516], [63.43220781956781, 57.97757480214999], [35.684982218637984, 97.94012523196578], [73.22788895527451, 70.08550470570066], [11.26854166705985, 54.33931676083118], [51.359785069915546, 18.689957931451517], [27.85212997273534, 37.55149448847379], [11.2299533384844, 13.518945760117084], [36.16532344958357, 19.298603522367973], [80.73531505554185, 26.237563773219964], [40.51241949570588, 93.45856904632028], [42.60250218472756, 40.86105989439457], [43.9684527043946, 61.08615336081671], [42.2973916053262, 42.916113624934304], [96.06480558337415, 13.452216880569434], [2.8079622756711275, 27.41203055688851], [45.13452344435286, 98.22736168293567], [77.32940510116097, 59.16159432137354], [52.43011961111357, 82.60810392980608], [53.49541213818553, 9.461831528454612], [14.800005144465988, 77.90810026246947], [7.499359470530875, 56.60966605558965], [93.58970176441935, 54.27291530456151], [91.55366953766112, 36.56180861065471], [54.28128743293027, 33.82354754330492], [25.30712834758321, 29.19513218906804], [58.244650403486176, 53.41124414014241], [15.516849241330387, 61.1909389083319], [7.854198865989459, 66.26265556136602]]","[[0.0, 65.97783341500387, 86.5485942204759, 72.07486971158734, 20.853402232755634, 41.93562507232829, 47.855560118821366, 24.14520568587374, 59.553752258872656, 4.856043268812939, 59.45401175900843, 32.94610794044993, 26.572728982585595, 59.625248449185705, 50.51577967235631, 52.52568726593497, 63.70293028910587, 32.44506385397169, 41.170807401365344, 16.49920834514898, 51.2699059579431, 48.663511650867655, 33.156833390408366, 60.23033688301735, 90.5874611747908, 32.22698120226487, 63.54789305479684, 15.171544037459254, 71.30363005175954, 62.32854478324611, 22.24693050003186, 47.84818279504494, 50.93711315904475, 19.033328585098275, 73.20629051335231, 49.521963250953476, 32.935343390045574, 53.44007761505944, 37.41585880205742, 29.676861233548085, 95.75733852634416, 53.04712282871876, 28.602277159648573, 13.486293490536859, 27.357274115543355, 50.375026147639836, 37.80844323670439, 12.118599149766489, 75.83447973060898, 73.385339489169, 53.801874751702854, 51.46528834759437, 78.52720289596496, 75.38521368456199, 9.44364590286403, 46.98022520233701, 17.573235015420966, 5.61458403703645, 54.85310536630224, 15.883941138469247, 65.39844371948432, 13.880837129319408, 79.98388874933893, 57.55795683127094, 49.63539666631841, 30.61451200258566, 4.510868223979348, 74.87317197745607, 35.93614062199939, 27.700155589335658, 22.183273056745378, 45.078433152500644, 6.915048109905683, 67.91537104806315, 62.74965768976961, 61.56842555472775, 90.0267342962613, 69.49293848389571, 50.68737502311039, 38.742507388044935, 48.5515211698288, 35.08639506569645, 47.270646888316556, 66.48079380173081, 87.72617823513563, 37.18584724959189, 17.58784683346974, 23.74715362889827, 70.66909829090572, 60.629567851276505, 70.81062829632825, 28.823302520946896, 43.20973113530808, 47.75331076944521, 69.01043267231331, 28.890853579017936, 61.86104688250972, 68.35530932148964], [65.97783341500387, 0.0, 34.91911355558602, 19.98833359068976, 86.81320821746203, 64.12357137199942, 30.1103474185574, 46.338968220498174, 58.5142569654711, 62.34795984970007, 54.70343023101602, 52.5206705151852, 88.37039706032418, 60.58549527729543, 47.12358769290208, 14.26663573142791, 63.19927433899185, 62.071261383866634, 52.196171276422085, 77.21043675665696, 60.13849264390312, 71.61247757733726, 83.88614906854713, 74.13320564586935, 38.16007450761637, 66.73746509183667, 21.22684153757148, 57.929571201856916, 80.66068620611317, 18.515343741940757, 45.41594710623436, 40.75292628825207, 24.871193376321465, 67.68571832371364, 11.69230841944905, 24.236576534714832, 86.22865124426163, 84.92025749171042, 33.0940284574993, 86.40757434577527, 60.21208368000231, 91.06395498979754, 79.17538161277717, 71.67502225853724, 59.220995907851496, 56.08161545614676, 33.249973575186004, 72.44454398527448, 48.29908022103076, 94.5283593829908, 47.187092075740395, 33.46404769754896, 36.7786723237461, 11.737205506943027, 74.2552708345433, 21.586139611124935, 82.21946618511113, 67.24037203799564, 64.25897746775398, 51.3364249849955, 6.163054464880266, 69.04878115083832, 67.11537431439638, 85.81713322674752, 83.43307074463976, 85.34111552444763, 63.9890961782017, 18.051137964915178, 63.82696486041952, 48.58696821266904, 52.783877767117154, 42.90995515465181, 62.75689685202065, 8.595065173775993, 59.961204219343486, 30.52661280714903, 49.40791803533428, 50.424463242488685, 78.90293298639519, 42.54756784727342, 38.64083428246326, 33.13878360359359, 37.24762249529237, 98.50857801979559, 36.41958018533523, 49.188743383407186, 66.55516652615069, 45.97552546036263, 68.36948274862965, 15.486603592900568, 7.164166271754699, 83.16031660445478, 84.87148608239389, 52.254538928098754, 36.686053603118616, 48.31005589899596, 4.949996113030304, 4.505088518868392], [86.5485942204759, 34.91911355558602, 0.0, 16.43723479536696, 106.50288004928679, 65.77164774879975, 38.85847104931752, 62.68165567455057, 49.669416580153126, 84.356837380971, 45.84037377259742, 60.48378660612483, 102.49926196314186, 51.811746775092246, 45.210522804631815, 45.69407069546258, 52.12412930837291, 68.7630424208994, 55.33310590163216, 92.55409600467218, 56.4668782196915, 70.15327591325446, 92.52601390980898, 66.73078488779082, 4.053651090718852, 73.40886075128793, 23.280027670098047, 83.57062074612058, 68.52396933775357, 53.38437232837347, 70.94069198596503, 74.61500467324069, 58.7415119966847, 80.51428448901375, 42.164669949334254, 37.25589003958295, 95.68566335744187, 83.40395620041924, 63.201905605824976, 97.71137194564912, 28.324059143286664, 91.39824489928172, 88.94067652966915, 87.1882855284981, 68.81046539379739, 53.05538517047628, 63.62698970327825, 88.71637676384418, 26.914943670203247, 85.1614374556016, 42.92630280512701, 36.44142964823506, 12.06834664392944, 24.8725287567448, 92.63614786169803, 52.98727627898336, 99.42208145797798, 85.6654241221184, 58.63548744360052, 70.67177594022118, 40.864931432213176, 93.9635367429982, 46.603131173393756, 82.36370730221562, 83.54308220010995, 95.75367534106731, 83.17265166677085, 48.956794106684484, 68.64630385000925, 61.129937460676004, 66.84937176645094, 76.32135781243662, 81.21326128520869, 26.719199687086068, 49.15718394790689, 26.08374136244138, 17.27506726012556, 34.25947318289822, 77.515776985773, 74.57934234732521, 41.13252574690868, 51.92521099480225, 41.49183892819664, 94.06964564615275, 1.5059754707568591, 81.03551298520689, 80.02941278551556, 72.8530337528645, 53.84281661422783, 50.398785881449285, 28.083494616473466, 93.83644707016423, 88.62656189943107, 51.259900396756294, 22.04638277085514, 60.21883242743162, 34.58678181326983, 37.695775004021144], [72.07486971158734, 19.98833359068976, 16.43723479536696, 0.0, 92.50424264610088, 57.540923011645944, 25.856870199882053, 48.85890105690744, 45.9252179115183, 69.48141544290698, 41.88727325268183, 49.413184690591045, 90.22771411814989, 48.13694386593469, 37.52351157075009, 29.348245336776255, 49.75408026957275, 58.515592099128156, 45.97662881714641, 79.73478425982111, 50.34409106480309, 63.491950689547984, 82.10375073394933, 62.900847944942655, 20.282184606219943, 63.31781428744192, 9.17857012993639, 67.87908149133304, 67.29553908572134, 38.364970409038314, 55.13371923889761, 58.378430897603316, 42.59899010821527, 68.31699333324786, 29.542718775673855, 22.653156646450817, 85.00454482642394, 77.11789945090611, 46.791059483998204, 86.37389231957884, 40.228590321337606, 84.428040995125, 78.02355439425101, 74.22587265287635, 57.45034843521825, 46.43794589698692, 47.20634093697689, 75.53700021782191, 29.948440335027446, 82.7908340964813, 36.253071837535344, 25.475223338367943, 16.90767372375104, 13.469836162190234, 78.86705775914169, 36.57273765060084, 86.10112019066558, 71.78052027776884, 53.595891716385424, 56.24313194827931, 26.149584275746644, 78.50951932609735, 49.879647392072286, 76.96987071061362, 76.5141819783729, 84.71423081091388, 69.0296183760122, 36.518600715723196, 59.15647626340186, 48.43965564743891, 53.8689440128107, 59.98926185737254, 67.24372842340796, 11.393395426287832, 46.493010679631226, 17.031151390377588, 29.438933363154096, 34.030953549808956, 71.02981396198413, 58.144822847578, 30.97270085661725, 37.013305925291185, 30.596811211788985, 89.37382502685747, 17.906298248753444, 64.59844104825893, 67.60045759496492, 56.844807584102576, 53.558744857014936, 35.09112790474564, 14.287214039992495, 82.66764504006026, 80.10851189947545, 43.548615297800815, 19.350637159053313, 47.70429510422608, 18.631838710646075, 23.62377654894296], [20.853402232755634, 86.81320821746203, 106.50288004928679, 92.50424264610088, 0.0, 53.875686789057106, 67.64532374336534, 43.8350441750609, 74.10743028758098, 24.631572497542436, 74.88359085735753, 49.17345424462694, 17.47911076911593, 73.67362337578184, 67.35761863604044, 73.25603261433162, 77.42865151057333, 45.14361272524541, 56.95591215684338, 17.63979844533577, 64.91758712126386, 58.3064178493589, 33.09817005868171, 70.43353147674341, 110.51237543439275, 42.80206744855706, 83.79013355769175, 32.07346155940346, 81.11230093193917, 82.32568239247709, 42.36964386854101, 65.10464239772348, 70.66461420417231, 29.618102263628746, 93.79700097716751, 69.86179193693046, 30.77543299271575, 58.27682646090294, 57.27682977145568, 25.676101023901683, 113.34592762996299, 54.75069062903311, 30.997869139112808, 21.255950104611554, 41.65876636195956, 65.09822199947584, 57.573668445499905, 19.15172325571131, 93.45671031788484, 78.86185299166517, 70.6423972861258, 70.651698860011, 97.81751376577824, 96.2166528338929, 13.975879065826065, 67.44537212932386, 9.806373916483839, 20.837827828517934, 67.54205075734019, 36.33013996025882, 86.09446294856994, 23.022984794842493, 94.5115235256638, 62.90725354304619, 54.32920293756385, 28.212400752606, 23.476868461610326, 95.12657287590795, 47.8493077622064, 45.929704711070066, 40.10452016211497, 61.99682848463933, 25.30891424854931, 88.72090354272666, 77.1848513105288, 80.98614224933202, 108.61994857444421, 86.34619415071671, 57.65638747005888, 56.26142775682848, 67.0467555395851, 55.67251147630153, 66.05329626679969, 68.4985698623728, 107.61824835430292, 53.01068547399953, 29.197621126740472, 43.158924481878486, 83.82036914685283, 80.88501422173569, 91.65693093421564, 27.74794479072178, 45.56588447020343, 63.419112582210715, 87.87389547707751, 46.996139698070465, 82.71427848646924, 89.12118001789672], [41.93562507232829, 64.12357137199942, 65.77164774879975, 57.540923011645944, 53.875686789057106, 0.0, 34.15549395805747, 28.068932742773402, 21.19151568012037, 43.75965054247434, 23.14412580168007, 14.134170752266344, 42.51211053100528, 20.28853587854826, 20.58774393498594, 57.113114663737264, 23.738282508518697, 9.490705663915499, 11.972696106989776, 36.318395647582776, 11.659594235684581, 8.612461229999722, 28.372013253387284, 18.478686075722912, 69.20849728883798, 11.1164240321898, 48.74485258127224, 51.42112378279733, 29.510439712181913, 72.08152100065644, 46.50919436205098, 72.12913715635129, 65.1185088439547, 24.57135101208638, 75.32334179127932, 39.89783208236799, 31.85505908516807, 20.87746913382189, 55.30847678091356, 35.289994310600804, 63.238633445537424, 27.1422770968697, 26.243146892750495, 32.96103023230904, 14.877600228408165, 13.466649091812707, 56.0625895455141, 35.210656457281026, 44.58874689587764, 35.21956352715998, 22.920762375917587, 32.31782920032048, 54.37134198454423, 67.6895285934437, 41.43636233232405, 56.915358287059014, 44.31901479956452, 37.28235720588113, 13.668809096995703, 33.67718439599412, 67.37301653947067, 55.495770512825786, 40.97867540397329, 22.464289490797835, 19.358430538376453, 32.72653525996986, 37.45973097724725, 80.32517864394495, 6.1281326509432885, 21.715089201907972, 23.338129599626043, 70.8655880330769, 35.12846732665797, 60.543653929103854, 23.992110758977454, 40.93583380305285, 61.46192477746551, 36.25409772483806, 15.015522680353453, 64.68706880007447, 26.717032099087568, 35.783343962734406, 27.515986329554845, 34.96552194650937, 66.37911528738542, 67.25276330368396, 25.416002853599853, 50.08518687959267, 29.945953940615006, 68.7579616008804, 64.84366089533606, 31.31026404099305, 22.868442293032405, 14.511753288465309, 43.83569816134187, 20.969826862847395, 59.19445556062583, 68.31531970990241], [47.855560118821366, 30.1103474185574, 38.85847104931752, 25.856870199882053, 67.64532374336534, 34.15549395805747, 0.0, 23.84151371266397, 30.481787865607984, 46.0075155514959, 27.2116507510428, 23.911551432001943, 64.41133977589791, 32.29671255353094, 17.819032881767257, 25.816555363359132, 35.627096840043606, 33.31494134710383, 22.185157988332065, 54.0517879264041, 30.363416067919488, 41.50383944290178, 56.54186091738348, 44.62564949062746, 42.86753679638499, 38.12054105664103, 16.70949063177363, 46.80929385306503, 52.26970779258989, 40.88521719612594, 35.08319718035191, 49.73159731477551, 37.42365287480715, 42.47002175072027, 41.549300490621214, 6.011124797811472, 59.336528757564125, 54.85928608576084, 33.4288104789255, 60.550477465946216, 50.56156012960895, 61.24558571590259, 52.311948602458926, 48.59217884286867, 31.71760018544049, 26.357672621507813, 34.12462443070026, 50.015601037868926, 31.764592737886485, 64.96552019719688, 18.8287313682969, 5.824780905584331, 30.848173636803057, 33.92936278331319, 53.782562345363054, 28.74514455152687, 60.680107012232426, 46.807569922379805, 34.71774486639525, 32.052822699786475, 33.90930741029184, 56.39481003016583, 44.636335022606154, 55.70818775932732, 53.51177447414805, 58.94909869716966, 44.354609243995796, 47.05277692294846, 34.49681449065097, 22.634990092889073, 28.18997168733664, 49.9213144379325, 42.36443705392405, 26.54322482717559, 32.649192959050666, 13.950294236355756, 43.108657560597436, 28.752652116857224, 48.820050317674706, 45.55257606941883, 9.071973824437821, 14.767920955944172, 7.330373022691974, 68.39997390901235, 39.97655058506781, 50.83630780107197, 41.78450817565296, 37.836269652081974, 41.93380778198889, 37.24833726486391, 30.771576537080115, 56.8796562007571, 55.695888816408925, 22.335107683776208, 22.203577690721186, 21.862500525380582, 25.23511181109031, 34.41969728600944], [24.14520568587374, 46.338968220498174, 62.68165567455057, 48.85890105690744, 43.8350441750609, 28.068932742773402, 23.84151371266397, 0.0, 39.40564219403963, 22.869542626273514, 38.271540307000684, 14.288066023240276, 42.25001126005246, 40.09423820351552, 28.196750105560817, 35.041804918836306, 44.27725042898592, 20.788272735423938, 21.280199669686056, 31.289025059271346, 33.090901848194164, 36.60573727391511, 38.31632894356278, 45.59210464906757, 66.69960229173853, 24.230445593231618, 40.01075566493961, 26.455585655875396, 56.089248979939555, 48.443133822012435, 18.70183388262094, 44.3078494559484, 39.37899782878498, 21.412336601376484, 55.68196526552161, 26.229980866096863, 40.30525184002328, 46.81516470613097, 27.94146672275224, 40.117630610248504, 72.05537164541245, 50.347245935963805, 33.37031256252734, 25.718919384886377, 15.732597942354595, 30.805509413168014, 28.66512044624491, 26.822197741907843, 52.23861920095333, 63.27208201065235, 31.32117256327671, 27.328001767825786, 54.38877635699731, 54.0399332011851, 30.047613130223304, 32.23558381889148, 37.27116379454541, 23.00925172162729, 37.55287972922534, 8.80840862863556, 47.43662135252537, 34.18396851848062, 58.94081744919004, 49.560767922626475, 43.9777534865367, 39.20038486924654, 20.517234236560114, 59.08946224973914, 24.07183352999119, 6.490852791341312, 6.878839066854814, 42.88268693421665, 18.532718401840548, 46.36024223680055, 42.538228540607825, 37.4369198392705, 65.94662880051557, 46.541194943102816, 41.85448365674074, 36.63641292257729, 24.718518332807715, 13.206330299968867, 23.28392304120481, 61.296059230742664, 63.81368669983024, 39.28778593818107, 20.225985275104023, 22.289207103436993, 51.49879574480932, 45.68477595177774, 49.85181846771756, 37.00288180229926, 42.08308498886182, 27.159954733638223, 44.9010284241756, 7.495068158462541, 41.657004435586856, 49.61648778709404], [59.553752258872656, 58.5142569654711, 49.669416580153126, 45.9252179115183, 74.10743028758098, 21.19151568012037, 30.481787865607984, 39.40564219403963, 0.0, 60.212377972000226, 4.039413633391634, 26.73264248444493, 63.66106526650349, 2.217012739437715, 13.106260426740274, 56.29103087480574, 5.268058187434183, 28.998233210248067, 18.564809574969814, 56.83720453904178, 9.532139431539232, 21.92247200780762, 49.34391357732419, 17.19983295241301, 52.527963783186664, 32.02721081350647, 38.77594180281732, 65.72071895098242, 22.15069073488012, 71.29184620735646, 57.4229904757938, 78.44083371151139, 67.57456582267038, 44.489408277119736, 70.20484963362422, 36.215245739131575, 52.86502391197017, 34.23388118064412, 61.374809145568086, 56.462823638019444, 42.42458505376436, 42.58538987138775, 47.43236995929025, 52.87541944393503, 32.748772424720066, 9.18761210882177, 62.130699352605646, 55.042511998681775, 25.00063410329026, 36.871986923859495, 11.670614108142066, 25.553638652542716, 37.63082873437374, 58.37234998943791, 60.949372378663746, 58.85485829993561, 64.81914952451835, 55.75118457286835, 9.421335873634606, 47.48795430870042, 63.276063694622266, 72.1275129855467, 20.516989069737765, 32.77303088424649, 35.01925303920682, 53.86311688973518, 55.07707922523786, 76.34204586970083, 26.664787778746987, 33.42111535168186, 37.90187944464132, 78.04351844530663, 52.66038224436163, 52.51498372949402, 3.2013229502024143, 29.229606168995865, 41.994533348471876, 16.43042566516718, 28.677128517475207, 72.728135364903, 21.518450742639136, 40.271019487977554, 23.495879918614524, 44.42175365352627, 49.936102142688384, 76.86173936959466, 44.97899448060074, 60.896647354484834, 12.296950402361876, 67.62504922900729, 56.88176094363433, 52.49180065531078, 41.8588531120663, 12.254631237844759, 28.124436637052614, 32.23089786559758, 54.0397634178337, 63.01354922763441], [4.856043268812939, 62.34795984970007, 84.356837380971, 69.48141544290698, 24.631572497542436, 43.75965054247434, 46.0075155514959, 22.869542626273514, 60.212377972000226, 0.0, 59.78675842364387, 33.48146863598567, 31.426602133555697, 60.46081869679231, 50.372970790748305, 48.65833295787998, 64.5999994407426, 34.32974284260518, 41.66490992331002, 21.27397874938404, 52.3629831622705, 50.968018430927, 37.49381436603714, 62.21145040769593, 88.40788563109712, 34.73496506262277, 61.1846785726423, 10.469905642682148, 73.26536322783006, 57.92350849721057, 17.829483023957696, 42.99649003772266, 46.42079850722315, 22.304164634723612, 69.1659352904915, 47.13753702285765, 37.469817483016335, 56.69748958200157, 32.92275629658082, 34.389688287013314, 94.92076247327545, 56.82514616605327, 32.78625667370174, 17.8572542087123, 28.91815571884387, 51.10373676654029, 33.28126217597125, 16.72271794413236, 75.08097343164027, 76.30439054781458, 53.61383317575535, 50.0290329301517, 76.83979808632972, 72.09086345385013, 14.25551386102203, 42.82710034599155, 22.29921039643977, 9.868302178178107, 56.19983768507287, 14.112323273683039, 61.47606932142641, 11.93117910034473, 80.46191718871601, 60.66406736956842, 52.976200837694435, 35.21087163910077, 7.296740821604619, 70.59621724325778, 37.93790149539056, 27.379357371630856, 22.333613455248585, 40.22239003739442, 9.098137515968101, 64.72574115508705, 63.41305359802689, 59.88814739946007, 88.70610372727451, 69.13842166714073, 53.56946045006488, 33.89167789743794, 47.58389155175042, 32.50983297242179, 46.145925166685615, 70.07184191268297, 85.58030740994307, 32.37472610390304, 20.725259346710505, 19.063016643674683, 71.68300616000579, 56.346366721146175, 67.44173540977154, 33.355624281046424, 47.040022345789396, 48.162393692182974, 67.63824513424632, 28.59953475369422, 58.383432752042914, 64.5400694830105], [59.45401175900843, 54.70343023101602, 45.84037377259742, 41.88727325268183, 74.88359085735753, 23.14412580168007, 27.2116507510428, 38.271540307000684, 4.039413633391634, 59.78675842364387, 0.0, 26.51129098181854, 65.23446581514976, 6.254979502971755, 10.640413956335237, 52.9410764436946, 8.547372433032558, 30.080448793760727, 18.299322911356597, 57.8610121400243, 11.76547807136936, 25.036852006621263, 51.51020317202407, 21.195491984860023, 48.77942366776668, 33.54540675696004, 34.79571211747674, 64.71840300687339, 25.98283797964816, 67.84645380572505, 55.823720445744996, 75.85867797494201, 64.52896711445379, 45.33958284291474, 66.38706268099459, 32.80049898251142, 54.99862595781112, 37.768679645691016, 58.89561317136326, 58.354559150757886, 40.095047494786485, 46.008220365494964, 49.26668822199128, 53.630200266168266, 33.2575542006684, 9.96898480740126, 59.64373416749234, 55.74255623021513, 21.83309797677506, 40.90671918971764, 8.476997174253729, 22.041282636390143, 33.83547936391286, 54.36691145800074, 61.47045379329433, 55.81584810395304, 65.7879471557252, 55.95002768094116, 12.86952060317875, 46.640387147587816, 59.56091735499751, 71.64185687071841, 20.719432412541835, 36.527098993567826, 38.323356982263476, 55.83986198525089, 55.027578670651494, 72.58876321465672, 28.149448114934863, 32.59755431651121, 37.470125661952, 75.59753902659678, 52.61804825702843, 48.576493615239144, 5.442331889704379, 25.222548632943045, 38.85964820674512, 13.300729164026665, 32.06413979448895, 70.45937681758465, 18.44272532892064, 37.90692681978787, 20.484992825690234, 48.32871483685904, 46.1486200371679, 74.82963777135548, 45.685973509279506, 59.233066575489225, 14.793685412373925, 64.16330178796122, 52.93367099444255, 54.35844584898468, 44.718401110899464, 11.704902441396927, 24.166048589620445, 31.38249258822343, 50.28563370019421, 59.20677215634254], [32.94610794044993, 52.5206705151852, 60.48378660612483, 49.413184690591045, 49.17345424462694, 14.134170752266344, 23.911551432001943, 14.288066023240276, 26.73264248444493, 33.48146863598567, 26.51129098181854, 0.0, 42.224479479723655, 27.01249820414792, 18.184206824916295, 44.01659431680759, 31.17400775714143, 9.560997621507536, 8.227614172541942, 33.06281311372434, 19.250163269536234, 22.746496725455916, 32.69717971700069, 31.304572073520763, 64.28418280126039, 14.300894279198978, 40.24797214874974, 39.49183112637124, 41.857811057838255, 58.702632896670295, 32.9757866910351, 58.021241527052496, 51.19939828213247, 20.503512316834897, 63.229908464890165, 28.87292713327766, 35.60292912730286, 34.19811424720292, 41.17430925838903, 37.26162173662855, 64.18410021129316, 39.10988147796009, 28.66383209500826, 28.184465438929895, 8.345640415861741, 17.633028431011635, 41.92850712700938, 30.116512452257304, 44.33199869488373, 49.289527365213715, 21.471557295074426, 24.265235239087804, 50.304132299393046, 57.72818899673409, 35.417851938417314, 43.16650721783638, 40.643888758123374, 29.54229911208058, 23.513505649238983, 21.210066617089538, 55.081885481847614, 45.40165713852749, 47.06464985388808, 36.35561572558798, 31.921942716710713, 35.4192357741853, 28.516564272434806, 67.73939139446092, 11.583147464472255, 7.800553448752681, 11.209322635299843, 56.815754601264146, 26.107972968745262, 50.20763935817803, 29.933754525218884, 34.42743537365378, 59.96390696327862, 37.2021939045313, 28.71881911347681, 50.7089155339357, 19.35677273646374, 22.028123427169763, 19.098812476841317, 48.60193862307147, 61.362505798089295, 53.565584685810855, 20.37707961199992, 36.56516408648325, 38.3170247513396, 55.51225916127886, 54.29316120337669, 33.435729193912316, 32.35607689533146, 14.807926103307272, 39.85853231643525, 6.912155303494868, 47.57775881983377, 56.45993120534556], [26.572728982585595, 88.37039706032418, 102.49926196314186, 90.22771411814989, 17.47911076911593, 42.51211053100528, 64.41133977589791, 42.25001126005246, 63.66106526650349, 31.426602133555697, 65.23446581514976, 42.224479479723655, 0.0, 62.797872133710854, 59.604833175806995, 76.07237249503163, 66.12491272379864, 35.39051312222019, 48.75784478445792, 11.259811025336061, 54.141182529326656, 44.97940293807218, 16.912229167681588, 56.85591111753261, 106.36264224993053, 31.694879444564442, 81.11490588953107, 41.462810107517534, 66.95047336367705, 87.52557959618586, 48.0886740216234, 74.42041659588118, 76.58549170680423, 22.001765248472847, 96.99742101367431, 67.97558411169997, 13.981557496805442, 42.417732870956115, 63.138731800382196, 8.818051671114434, 105.06748749417179, 37.92601017333366, 16.590576475552634, 16.713026912122668, 33.89618083908912, 55.27071950196632, 63.61530701184341, 16.232644193337684, 85.65397601366544, 62.72154761951335, 62.71217971100076, 66.06562999740474, 92.52693261370676, 96.27409612787726, 17.259001870533325, 71.57006655356672, 10.268567619981377, 22.639101984305242, 55.83957028883426, 37.44103682953447, 88.87265326697295, 35.81810192373334, 83.37199943484846, 47.096533043945165, 38.57640091120122, 11.656669002199127, 26.136880215920463, 99.51533573282668, 37.090778696480385, 41.78884073208544, 36.45245623577896, 71.64245423760424, 26.523172172549693, 88.587842034357, 66.5036278689317, 76.4216558310012, 101.87917300100099, 77.79785620017354, 42.81734513270759, 65.31431220581473, 61.500980561924955, 55.389987213444165, 61.01333208374212, 51.49964904955124, 103.43678356686495, 63.56162252652143, 22.628518416358304, 50.054261600326285, 71.833208887655, 85.43323875383517, 92.10052669326438, 11.991000402774315, 29.315594192956528, 54.61974229696403, 82.07433853244707, 42.55297428828513, 83.79338230600577, 91.38675601489072], [59.625248449185705, 60.58549527729543, 51.811746775092246, 48.13694386593469, 73.67362337578184, 20.28853587854826, 32.29671255353094, 40.09423820351552, 2.217012739437715, 60.46081869679231, 6.254979502971755, 27.01249820414792, 62.797872133710854, 0.0, 14.693335122282646, 58.11278120006984, 4.188355514505957, 28.53147130175502, 18.979889903397936, 56.29293421162087, 8.769694152904012, 20.280537485133422, 48.170710031829195, 15.000716255130115, 54.63536427897066, 31.28860001327766, 40.94806099303595, 66.2734691589694, 20.121908668518632, 73.1573439880663, 58.31129348621622, 79.83394291223833, 69.22525461928153, 44.07441029004479, 72.27765620626529, 38.09139266248206, 51.70366663183774, 32.29249236399538, 62.72764753863777, 55.4321013984403, 43.88412190960626, 40.69925823732364, 46.45276483306288, 52.48977346969793, 32.5794027114283, 9.39339529675293, 63.4868279344566, 54.68227950554423, 26.890819436020685, 34.665761528067875, 13.569798131447813, 27.49861485100967, 39.762959871425046, 60.558494719447566, 60.676362034181224, 60.508709364232814, 64.29135409717189, 55.66657537588568, 7.703375011383876, 47.99528350877997, 65.29269038507044, 72.38995363841647, 20.840239365154208, 30.70417096684904, 33.21360321310946, 52.78892218845099, 55.13048734539561, 78.37709076129414, 25.984343323804456, 33.973734819739995, 38.22040531938846, 79.36322294484629, 52.715635291273735, 54.66031169565619, 3.758044517484737, 31.419436080148106, 43.83436591934766, 18.349231591382537, 26.835566628546317, 73.95646539330745, 23.275033644412858, 41.60099793756472, 25.211385002436295, 42.262549937362195, 52.060876309663506, 77.95858369238091, 44.6423613495412, 61.81370390995145, 11.405683903454394, 69.50096556593016, 59.032207318017804, 51.48259282377166, 40.30132555004506, 12.997217190923083, 30.321102784481944, 32.8039365563637, 56.08084679656385, 65.08147360766489], [50.51577967235631, 47.12358769290208, 45.210522804631815, 37.52351157075009, 67.35761863604044, 20.58774393498594, 17.819032881767257, 28.196750105560817, 13.106260426740274, 50.372970790748305, 10.640413956335237, 18.184206824916295, 59.604833175806995, 14.693335122282646, 0.0, 43.56849343413635, 18.371866005291295, 24.406445111260712, 10.848764185907134, 51.055152589593334, 13.147352014136972, 25.968453751378288, 47.77218928998007, 27.02250125524067, 48.700926842286094, 28.74764572879644, 29.15387134071747, 54.61808014199561, 34.4781792779064, 58.68721656639367, 45.31099043726195, 65.3752663291914, 54.53193895792852, 38.41694342221201, 58.76450645217495, 23.75057670759424, 51.077090192461434, 39.59542518041849, 48.349042061023106, 53.67642660570658, 46.01242137883464, 46.989995191451094, 44.647635386953446, 46.32112333355124, 26.04185268191308, 9.101199934039343, 49.10133680955644, 48.285400170233224, 26.217276141120617, 47.41860787507677, 3.302851826689937, 13.66465111210087, 33.97745895860541, 48.68759970104216, 53.582743929378324, 45.81542229901842, 58.75098911555593, 47.54212575419814, 17.135640058052658, 36.80067843341123, 51.42491591680408, 62.08343074113443, 30.891301167018895, 39.60562210772838, 39.06745601942593, 51.450076407246115, 46.21371840514704, 64.5751034654525, 23.68379396493244, 22.99397705117927, 28.332524835165255, 65.03983468311606, 43.84464321300886, 42.08012141698896, 15.746391316766335, 20.6042252644044, 42.28815515910483, 19.06276738821417, 33.506308175884485, 59.84091271941265, 8.749201589863247, 27.301667465295374, 10.583529974627941, 52.16256242567048, 45.8505640849044, 64.18980540848413, 38.445813998563565, 48.685913817515896, 25.21681870765453, 55.060726423892966, 46.47697235090073, 49.69725339351867, 43.45615940376166, 6.121181568254329, 23.381866628475706, 21.774568712277883, 42.41977579525644, 51.564983121294226], [52.52568726593497, 14.26663573142791, 45.69407069546258, 29.348245336776255, 73.25603261433162, 57.113114663737264, 25.816555363359132, 35.041804918836306, 56.29103087480574, 48.65833295787998, 52.9410764436946, 44.01659431680759, 76.07237249503163, 58.11278120006984, 43.56849343413635, 0.0, 61.410400951904045, 53.249630012378546, 45.7438951157767, 64.82126487129601, 55.62512859494123, 65.28795067891159, 73.33105767902079, 69.99582374034814, 49.385754997166906, 57.61687152434389, 25.866672068290196, 43.74476487049684, 78.04664606917369, 15.196031846552357, 31.370297640909847, 29.090526450303802, 13.638505766730194, 56.35528963983603, 20.926592761320528, 20.15493965201408, 75.34323296857144, 77.90732741437465, 18.91328319976057, 74.95160698502937, 67.67047377033232, 83.1244894873974, 68.40931246252592, 59.38282831883684, 49.49901201299397, 51.739677966136, 19.121794807073265, 59.919245450128145, 52.42179466570059, 90.14905642582079, 44.626299987894775, 30.954267055860875, 44.28922989136225, 25.513295183539366, 61.14975492060475, 7.564745635172351, 69.2537469124472, 54.27404801464471, 60.153028073887775, 38.652561043460864, 12.89428246910024, 54.87293252420317, 68.89318139337382, 79.4980782339322, 75.87861726207197, 74.18303037414294, 50.90985546745709, 24.081769524223443, 55.59969871821754, 38.60408707254501, 41.841950856017135, 30.641487324977863, 49.90286003196057, 19.68658976266032, 58.38316740514832, 32.665608367043895, 57.66575604605847, 52.20690262808199, 72.12820989653484, 29.160079647392337, 34.856560770101616, 22.44671115480113, 32.9874487163221, 92.07385938423829, 47.184266952671884, 35.74870152042405, 55.06170073483768, 31.757418342650084, 67.55173277726198, 11.695324834957171, 20.667526732501035, 71.98154454464643, 75.9385588047759, 47.53859891986082, 40.75500456528945, 38.61734004029794, 11.69847125692652, 15.893436260836621], [63.70293028910587, 63.19927433899185, 52.12412930837291, 49.75408026957275, 77.42865151057333, 23.738282508518697, 35.627096840043606, 44.27725042898592, 5.268058187434183, 64.5999994407426, 8.547372433032558, 31.17400775714143, 66.12491272379864, 4.188355514505957, 18.371866005291295, 61.410400951904045, 0.0, 32.33233713878541, 23.16506320721203, 59.96746914754664, 12.572365297089068, 22.535547925252413, 51.09860089661037, 14.947299183359474, 54.71093324965577, 34.83519016453847, 43.06119489215522, 70.4609631030299, 17.6224386351872, 76.35860052398182, 62.46107003154689, 83.70572636301553, 72.80469275238775, 47.87580594457815, 74.87477074201777, 41.29282595524137, 54.64020149409996, 33.5010979288414, 66.63347378940502, 58.55263924504098, 41.87045614762514, 42.04361704021509, 49.66417143453703, 56.302114024805086, 36.56488728421029, 13.57299814828127, 67.38996910479119, 58.51153568920024, 26.217769462482444, 33.29579403340955, 16.79951784492479, 30.562608600061253, 40.06309397388008, 62.505588616010456, 64.5631170346822, 64.08504395330857, 67.97206855093005, 59.67204537481092, 10.333137928667211, 52.18118412455491, 68.09832038790911, 76.5306733723605, 17.25363057595389, 31.364549486975857, 34.86867375624274, 55.853480602755894, 59.20255284301852, 81.11205387750597, 29.615200337947346, 38.16203445082852, 42.38330277017255, 83.29653208004598, 56.78971874235612, 56.92353525810153, 3.2810539537681755, 33.41994331240356, 42.83120723468192, 17.973091716485058, 28.447471177074693, 77.95489487584778, 26.7184597785171, 45.52311403986002, 28.71485620203404, 42.2424037867272, 52.25328405454527, 82.03216746001982, 48.50139170144153, 65.95579238625079, 7.221896820645909, 72.68066862400812, 61.2569012999566, 54.6415053367557, 42.5452568111976, 17.157127871999627, 31.25732481211487, 36.992243631178944, 58.812167727725836, 67.70400574599448], [32.44506385397169, 62.071261383866634, 68.7630424208994, 58.515592099128156, 45.14361272524541, 9.490705663915499, 33.31494134710383, 20.788272735423938, 28.998233210248067, 34.32974284260518, 30.080448793760727, 9.560997621507536, 35.39051312222019, 28.53147130175502, 24.406445111260712, 53.249630012378546, 32.33233713878541, 0.0, 13.620352079860812, 27.84786154755658, 19.784785706520466, 16.909793666229938, 23.785257511069293, 27.884523364947043, 72.44952819785975, 4.813311439700154, 49.394799315686264, 42.29306003993043, 38.94648817032439, 67.71581124158931, 38.413623819679614, 65.04754233190627, 59.62663627859802, 15.547517628478301, 72.71841634033716, 38.40753465234905, 26.924679463543868, 26.026932989050778, 48.7051333749675, 29.277957726478885, 69.69119111617464, 30.022953886407745, 20.290140557323728, 23.971063620596016, 5.699693786042225, 20.140461545869933, 49.43495770208607, 26.179548033826688, 50.28240557898945, 43.272116005807256, 27.416031530066082, 33.115088653367856, 58.052593457585864, 67.20820476854718, 32.27257292660112, 51.899708246714034, 35.82233933502597, 27.836859498413734, 22.74000877791146, 25.011106391907795, 64.54514208052093, 46.02342638976174, 49.36797985251939, 28.878924228354627, 23.266406566949158, 27.111132751986485, 27.969574073653973, 77.10964114217973, 3.6747198165252435, 15.144834303110054, 14.96780010365329, 63.5093554467337, 25.64244843478305, 59.71950141134855, 32.05008607642451, 42.92677776461263, 66.66372757139331, 42.416788976290064, 21.194124069800612, 57.14698538438093, 27.845222008218695, 30.96317310974649, 27.94718593934712, 40.509534449973025, 69.54775274744333, 59.17166043286496, 16.19559746696696, 41.93255091542824, 38.92456595497221, 64.62344360708045, 63.82857266205099, 25.30905937785067, 22.831845757458368, 19.230155313825467, 47.46278774785493, 14.831561819132041, 57.130540309393886, 65.98718275883145], [41.170807401365344, 52.196171276422085, 55.33310590163216, 45.97662881714641, 56.95591215684338, 11.972696106989776, 22.185157988332065, 21.280199669686056, 18.564809574969814, 41.66490992331002, 18.299322911356597, 8.227614172541942, 48.75784478445792, 18.979889903397936, 10.848764185907134, 45.7438951157767, 23.16506320721203, 13.620352079860812, 0.0, 40.359318767438786, 11.91504083786899, 19.608441533857363, 37.23216611627291, 25.44974864881096, 58.96226415511075, 18.116605843395348, 37.03901334965862, 47.300106234125565, 35.31384507443041, 60.85582578715586, 39.80194546523745, 63.22480030989192, 54.684295107588056, 27.71641911872216, 63.46483641748308, 27.96030489587591, 40.4621350964499, 32.72729199534, 46.09825715767061, 42.894331528418, 56.64487661105152, 39.09628583118807, 33.90679245290314, 35.78132599722218, 15.365768461800286, 9.597666987515218, 46.86450567760076, 37.81499197393856, 36.9771129305577, 44.838713846369416, 13.977892140769526, 20.559144000629, 44.46637155011862, 55.77758454231141, 43.351433472393715, 46.22309039536371, 48.13983963176935, 37.673724826989606, 16.525701372970435, 29.01624573661634, 55.58179370276078, 53.57152450402168, 38.83965042988155, 33.865264869931025, 31.33110060792576, 40.72471072669168, 36.73359584645142, 68.60374107902415, 13.352780151842596, 15.024202532763555, 19.34099454970791, 62.34790733840486, 34.32244343112388, 48.58744204447203, 21.76176104227292, 29.76641036979764, 53.13566343013322, 29.45456868660878, 26.73549470623467, 56.53493027252269, 15.005888114337234, 25.459675132577782, 15.620303258290583, 46.52434722532127, 56.07327081890386, 59.974397235185016, 27.85136058502035, 43.35921394140831, 30.36264697367636, 57.43542148121045, 52.878534867407794, 38.92899724071307, 34.13371333048287, 6.596354229625023, 33.86670358920055, 13.876206706075681, 47.27700689531319, 56.42014298266753], [16.49920834514898, 77.21043675665696, 92.55409600467218, 79.73478425982111, 17.63979844533577, 36.318395647582776, 54.0517879264041, 31.289025059271346, 56.83720453904178, 21.27397874938404, 57.8610121400243, 33.06281311372434, 11.259811025336061, 56.29293421162087, 51.055152589593334, 64.82126487129601, 59.96746914754664, 27.84786154755658, 40.359318767438786, 0.0, 47.52340365924