instance_id,num_cities,city_coordinates,distance_matrix,best_route,total_distance
1897,56,"[[34.3204120528472, 78.47856669020732], [35.95733714507141, 87.68575814777806], [17.422787405703456, 78.79500729653199], [4.211823718359986, 57.7381207738008], [89.0454651475915, 20.878950632430815], [20.690086380107775, 33.212555423175814], [32.7617723805871, 73.10441616620706], [54.9829919802605, 92.3150941296966], [99.66989067871684, 29.07710105034731], [96.20855541574834, 75.18002387068256], [28.490666195745163, 91.56489396679369], [47.86024519543003, 25.968934333889994], [84.65080446815183, 29.985821369949495], [34.23133096808675, 17.1924918966034], [72.61793492055932, 70.82343655515514], [38.78473942578259, 30.44966491030323], [70.3187935573685, 1.034099848105774], [2.460610312271694, 76.81134345779209], [29.395591567650992, 28.072013343670864], [71.7369994618746, 49.69868712628228], [71.64628391202625, 8.49616430103498], [36.641207215709514, 16.55842614253541], [78.1517724017678, 38.80943309665849], [53.69602243518544, 86.89073924135648], [65.44350158667729, 73.34768636939614], [80.91975297484349, 19.427103206383368], [52.27395063920321, 21.356034566411875], [82.67282282146712, 69.97026548571836], [5.832304652954912, 99.16830211750913], [6.846961950129504, 21.96140194718329], [91.44525713043554, 75.22717494812393], [24.236042561294013, 89.36409528989712], [8.376616202956322, 24.274269932471636], [63.4827705257635, 61.97292911887665], [4.020700008462985, 82.2370680192273], [22.732189433093897, 73.44608710625403], [18.005365673231445, 18.796545525122376], [77.20992547003482, 18.883546744107306], [64.10174862568357, 83.06174273201346], [44.450187018159404, 63.62779217290877], [28.41142475910915, 73.27246992353841], [19.976049435338982, 8.113021547185095], [47.64651167773343, 28.259745749709243], [70.2937394414591, 37.99705281109232], [11.567126314554631, 38.552298077611894], [86.67027322891117, 28.030417572639088], [13.832937386863408, 65.83581329346289], [71.39810291886255, 96.60627599552794], [72.88911930009557, 0.41513484154110936], [82.65753489749173, 41.966135680148696], [31.97278655556648, 2.4197770680709274], [10.064073502125915, 39.18050927644799], [5.025710624722768, 12.40046596733374], [7.286412258727626, 19.480785038630422], [86.97347292140341, 65.30131697799224], [88.99732826461523, 85.05247099304687]]","[[0.0, 9.351571969135293, 16.900587367694975, 36.56081492947064, 79.45153998649647, 47.273645448304094, 5.595610018805396, 24.86748280064717, 81.92105446122665, 61.97598465243809, 14.326126425113209, 54.22719402407423, 69.89059127932701, 61.28613953453811, 39.05510562253694, 48.2359370705744, 85.40215989893011, 31.903394807692226, 50.64656431672965, 47.204687066555344, 79.31429476587363, 61.96361751569551, 59.117072915527146, 21.122947822652044, 31.543186823738832, 75.22349309853824, 59.87748511757834, 49.09528303741266, 35.20848498983655, 62.840913194642845, 57.21730047283737, 14.83877491361175, 60.093147114304884, 33.509390077096235, 30.531932172937353, 12.63379413509136, 61.871838413923506, 73.42395224679187, 30.131935063894364, 17.976591573808136, 7.875250750387458, 71.812747351548, 51.95685621615497, 54.15563912791755, 45.9545311934907, 72.7016073724754, 24.074381230682143, 41.2718912168319, 87.07149114787975, 60.57751285058298, 76.0950118224571, 46.181243772578625, 72.28066772592226, 64.89665156751619, 54.276926302121765, 55.070694422819784], [9.351571969135293, 0.0, 20.556628729926448, 43.642165471121565, 85.33169906432553, 56.57224373308784, 14.9273965629489, 19.580763354405764, 86.56941818299262, 61.535377571849466, 8.414206425319184, 62.85416105342425, 75.50057260782407, 70.5143934532659, 40.35266185456848, 57.30588602182051, 93.21598346237279, 35.21766039022166, 59.97378656206405, 52.184306072770866, 86.86019050719763, 71.13061954220228, 64.56984990794265, 17.75649207707636, 32.78740910470747, 81.73654514143429, 68.30713071339865, 49.96173818274364, 32.23920592489651, 71.88257745777449, 56.86937277344349, 11.840842971778056, 69.14993134752031, 37.66694916587263, 32.398102038736205, 19.43380465514775, 71.18986511783275, 80.22169493063774, 28.52173585452404, 25.513020711291308, 16.269101732167762, 81.16170258791145, 60.56474016117351, 60.39831090929083, 54.85416376924974, 78.29790256053758, 31.09516288424308, 36.54618334798791, 94.76348571789278, 65.35435982930078, 85.35903099781123, 54.98381825730867, 81.391896020975, 73.98608173608005, 55.71094431108437, 53.105318558507484], [16.900587367694975, 20.556628729926448, 0.0, 24.858037564930306, 92.10905268450936, 45.69940001110491, 16.360540561736915, 39.91944032246553, 96.10648364343656, 78.86865883290889, 16.89875576728602, 60.96747347033304, 83.07793274368682, 63.8544989823503, 55.767824498284625, 52.854565787165924, 94.04651080183514, 15.093099933424494, 52.11688934541599, 61.616795427321655, 88.78127561528241, 65.13631624318062, 72.71076785969048, 37.165689220388344, 48.3286901926174, 86.92762893663695, 67.18511120047006, 65.84408242041144, 23.439505803327325, 57.80922747340846, 74.1084033819055, 12.574818759197933, 55.266119966488134, 49.035745729369346, 13.83704190287771, 7.536623719572377, 60.001290089239724, 84.63973643300267, 46.87355813092068, 30.992333639428463, 12.298315735122989, 70.72808675811085, 58.88366639805538, 66.78181383702587, 40.66650233414414, 85.86185336149299, 13.447220246837189, 56.838155999406816, 96.02040605975117, 74.91286982123579, 77.74881521741311, 40.29217199032517, 67.5420064184367, 60.17410625160938, 70.84756547769618, 71.8475521578657], [36.56081492947064, 43.642165471121565, 24.858037564930306, 0.0, 92.49510874448383, 29.547191002146523, 32.422563172927724, 61.427018592249304, 99.66793165003558, 93.63556283080842, 41.63787670729459, 53.98579354324397, 85.09183125462978, 50.44917082137051, 69.6464036322438, 44.04482176064064, 87.09464650848088, 19.153448043284094, 38.91400895748206, 68.0020724137536, 83.49956106996565, 52.41595333428968, 76.32438161219376, 57.43310096243401, 63.190006430230504, 85.74287421044764, 60.27955076937056, 79.40877624363111, 41.46186060263026, 35.87363326315556, 88.9693144897241, 37.432226815439236, 33.72202261980257, 59.42203915354622, 24.499692741066674, 24.28464849465554, 41.31232361546955, 82.69462366065163, 65.02375669312968, 40.66711337476654, 28.756506986026338, 52.068812985388064, 52.493301593528344, 68.96759637643645, 20.547415136974898, 87.64669717206937, 12.575311223395417, 77.61913168251857, 89.45666908962752, 80.01553046874176, 61.8933777394159, 19.458514126681653, 45.34495953517562, 38.380683061223706, 83.1065130758758, 89.07668330748905], [79.45153998649647, 85.33169906432553, 92.10905268450936, 92.49510874448383, 0.0, 69.45916507978234, 76.78120422154235, 79.14148517709971, 13.419690314653774, 54.771492740437, 93.07731335383123, 41.49855752419642, 10.111782094036991, 54.937958497378744, 52.57675744514171, 51.16384584715632, 27.285643322087747, 103.0794337102408, 60.082007034308674, 33.617855314827466, 21.355676177472102, 52.582061401765166, 20.980341823726036, 74.88083423298092, 57.532781210073836, 8.254396359690137, 36.77460928848427, 49.50320963575314, 114.2525826205267, 82.20563015239273, 54.401180941499966, 94.28932227311516, 80.74027113653754, 48.39593396322988, 104.85241654924249, 84.62124067303984, 71.07061378908949, 12.002567897602376, 66.99916885473446, 61.77541812480348, 80.13468485955238, 70.23925634744063, 42.05174770402194, 25.390089388521705, 79.46848556657513, 7.535583324962721, 87.62444768716773, 77.75639652324651, 26.072883765846957, 22.033497818477127, 59.983595510337274, 81.07408510155894, 84.44645553425796, 81.77100706431179, 44.47066205404022, 64.1735384144735], [47.273645448304094, 56.57224373308784, 45.69940001110491, 29.547191002146523, 69.45916507978234, 0.0, 41.67836556818856, 68.33091142416274, 79.08799826722341, 86.39622430048362, 58.87142310976627, 28.11916742250702, 64.04205860985809, 20.976361466824642, 64.11770296543658, 18.304371959438274, 59.14779437378072, 47.25640819820322, 10.109945273912363, 53.64307852565539, 56.634212778271554, 23.06075189598665, 57.7336158589064, 63.01380192378705, 60.11403254417275, 61.78714616272944, 33.73599810830923, 72.0623956429493, 67.60853644221844, 17.83873730184398, 82.28926079224547, 56.26339160273654, 15.215600392916839, 51.55941147362153, 51.780993398037346, 40.285323091322894, 14.663869429816446, 58.30791284616579, 66.10229870644085, 38.59571231202564, 40.79725255626169, 25.10968836028238, 27.40764835749423, 49.833862104856856, 10.570773480369423, 66.18337864830545, 33.336128245295676, 81.17922609448854, 61.64746413755075, 62.58266407776116, 32.794733145368205, 12.187231961270886, 26.048334597894478, 19.189059326763097, 73.6422158106658, 85.75112908970918], [5.595610018805396, 14.9273965629489, 16.360540561736915, 32.422563172927724, 76.78120422154235, 41.67836556818856, 0.0, 29.3740148483964, 80.09432420907075, 63.48072482930312, 18.948128896230013, 49.49462121185739, 67.46617573412749, 55.931233474437065, 39.92137974066928, 43.07788222197721, 81.26906135710183, 30.52706557524673, 45.15803889936481, 45.46313317324605, 75.40710474558837, 56.678911443297274, 56.889348437676865, 25.066023403819926, 32.68263459839136, 72.11411111220627, 55.30479272715912, 50.0093576903371, 37.47695802724742, 57.33398035243865, 58.72186549516202, 18.3593364301912, 54.580390462284434, 32.67552189209557, 30.15716450477647, 10.035400995073338, 56.276961116265674, 70.11091922055631, 32.88377203699912, 15.047439617761269, 4.35359236643166, 66.23712014994372, 47.25039606932758, 51.392368238936356, 40.534699780220535, 70.26942302969852, 20.27642428884549, 45.22282004585652, 83.02972714814265, 58.814790901369264, 70.6890423125525, 40.81687142643763, 66.7402329294138, 59.36739668071048, 54.770401061780284, 57.49081456833623], [24.86748280064717, 19.580763354405764, 39.91944032246553, 61.427018592249304, 79.14148517709971, 68.33091142416274, 29.3740148483964, 0.0, 77.43360177590817, 44.64479491894636, 26.502945605296702, 66.7274039762639, 69.02982935351669, 77.93610717142415, 27.80076541768123, 63.95087738505565, 92.56028698663508, 54.76282371257409, 69.15120019750228, 45.791428374474656, 85.45922007381854, 77.94545408724032, 58.30650177126385, 5.574936462831666, 21.66067446714077, 77.36520401141016, 71.01075298216001, 35.58114808635871, 49.626167739114976, 85.24505493442719, 40.26777572498422, 30.888238744301713, 82.47246825779473, 31.510208073994367, 51.949223413849396, 37.365140050414006, 82.29411787136083, 76.72176173551347, 12.991390797272324, 30.559798329334317, 32.690514239533265, 91.18922663085795, 64.47411573112824, 56.434640076022475, 69.10409272134808, 71.67010138807247, 48.93341707507963, 16.96673536459658, 93.62815769179046, 57.453441521217634, 92.79352123557348, 69.57724732103432, 94.24477574255815, 87.0620485510507, 41.870455297829906, 34.7810403480139], [81.92105446122665, 86.56941818299262, 96.10648364343656, 99.66793165003558, 13.419690314653774, 79.08799826722341, 80.09432420907075, 77.43360177590817, 0.0, 46.232676046065706, 94.71645190549508, 51.902794389523514, 15.046551871430273, 66.50901466522379, 49.74499812464858, 60.900620478303324, 40.59429539548314, 108.29682399578871, 70.28148630222374, 34.720256681354435, 34.769203236388684, 64.25987986704808, 23.61668268915903, 73.86483142981172, 55.95829192149155, 21.087677024810525, 48.0207246913093, 44.28488696250953, 117.12501448529079, 93.09526986629972, 46.87722173693485, 96.56493730253196, 91.41952281243532, 48.90442893316028, 109.42919977778777, 88.81450780469356, 82.3090788812436, 24.66492624293596, 64.64854419553961, 65.13805285243356, 83.85105601632766, 82.40510276396493, 52.029799464993545, 30.7005504987819, 88.61081450541224, 13.041687012951945, 93.37657884180595, 73.20849303130791, 39.22649643530159, 21.343557878554428, 72.75651743010181, 90.1736177031169, 96.10219027568961, 92.88054891080988, 38.38479964049401, 56.98373126344894], [61.97598465243809, 61.535377571849466, 78.86865883290889, 93.63556283080842, 54.771492740437, 86.39622430048362, 63.48072482930312, 44.64479491894636, 46.232676046065706, 0.0, 69.67192037312492, 68.9876107323507, 46.64866071650862, 84.87479139697885, 23.989523304681285, 72.78941994255645, 78.5359651258285, 93.76213742614743, 81.75045439616962, 35.32924529458699, 71.06364969889344, 83.57488074646218, 40.606246884752856, 44.09598978270458, 30.819571668409992, 57.81120689517439, 69.47856735351893, 14.503711224841442, 93.50563723747618, 104.00825018310272, 4.763531649833739, 73.35687076620684, 101.51770943976852, 35.2902868853278, 92.45757165699877, 73.49682234437088, 96.40972729060253, 59.41583355198489, 33.06007462882696, 53.03190319401692, 67.82396101183319, 101.53510609002761, 67.52617707942869, 45.32274289801537, 92.22668711964437, 48.10472119383124, 82.90390049299354, 32.78174542664968, 78.31720585089745, 35.87189046899391, 97.05816563193261, 93.36400170936831, 110.70494150996237, 104.92641588326397, 13.52315046684918, 12.225670092437408], [14.326126425113209, 8.414206425319184, 16.89875576728602, 41.63787670729459, 93.07731335383123, 58.87142310976627, 18.948128896230013, 26.502945605296702, 94.71645190549508, 69.67192037312492, 0.0, 68.39598314803702, 83.34232605743162, 74.59362855980696, 48.75883407825476, 61.97611770910364, 99.72671117780051, 29.920412128151128, 63.49932897087059, 60.191565988746454, 93.60994171965228, 75.44800550305895, 72.45249561765438, 25.635087391199157, 41.19925601362244, 89.17774383938497, 74.12778532521402, 58.32695839703915, 23.900066177945245, 72.89098733585415, 65.03999986536903, 4.790129130520387, 70.23249312135295, 45.82719442648923, 26.187546317187223, 19.011870414967955, 73.51988888712982, 87.49939690272248, 36.612194317650676, 32.17433700207297, 18.29259567649009, 83.8851220951321, 66.13991387140477, 67.94858746779788, 55.64837396564199, 86.14810714817249, 29.61139318116401, 43.202588567213965, 101.38787514614738, 73.44444491266366, 89.21309897704052, 55.530739934586386, 82.5688246278929, 75.13813376038048, 64.10939212593892, 60.85612383076518], [54.22719402407423, 62.85416105342425, 60.96747347033304, 53.98579354324397, 41.49855752419642, 28.11916742250702, 49.49462121185739, 66.7274039762639, 51.902794389523514, 68.9876107323507, 68.39598314803702, 0.0, 37.00919660111685, 16.21028207253918, 51.23348094794314, 10.121351267163318, 33.55789572304829, 68.16214061373316, 18.58403548520166, 33.66304445364722, 29.51395145432835, 14.643239997007601, 32.90068432371826, 61.20067490784277, 50.53629438099232, 33.700543157609694, 6.384327686545595, 56.107331999496466, 84.40672502924967, 41.20861218713574, 65.77254392057782, 67.65389406927564, 39.51998033715029, 39.24730485236225, 71.33027821781657, 53.71684299887204, 30.704348104285287, 30.192821158662397, 59.35802561119915, 37.81293522740329, 51.145685014919756, 33.11135748702386, 2.3007605176190666, 25.454612513024728, 38.41264793278601, 38.864739663392, 52.41398396111648, 74.45579079716717, 35.769277424101915, 38.29832661516623, 28.407290436851838, 40.038685132413505, 44.93217873310122, 41.08931735199569, 55.46963951213248, 71.99391576789651], [69.89059127932701, 75.50057260782407, 83.07793274368682, 85.09183125462978, 10.111782094036991, 64.04205860985809, 67.46617573412749, 69.02982935351669, 15.046551871430273, 46.64866071650862, 83.34232605743162, 37.00919660111685, 0.0, 52.01723355809448, 42.57347488242319, 45.868410407390115, 32.304933304763246, 94.59311568068951, 55.28834609428213, 23.566150217363646, 25.11817899120556, 49.851944505053154, 10.958719893473159, 64.77938104566941, 47.425434317578336, 11.198538945029377, 33.50722137294612, 40.03333838991778, 104.87407475398605, 78.21655334800738, 45.74871211919972, 84.7096385895646, 76.48773506476344, 38.357016608797665, 96.08020879236265, 75.64859275445849, 67.57820955085381, 13.365148040041987, 56.91499911665533, 52.420147299180684, 70.96901981188554, 68.27329866529868, 37.04452755760018, 16.44095938150323, 73.58402364400511, 2.8110243837823274, 79.37501004005613, 67.92583509146789, 31.82393344251882, 12.145001216652194, 59.454691737925906, 75.15133213653793, 81.54385503648446, 78.07435539443122, 35.391793099324836, 55.23792329393089], [61.28613953453811, 70.5143934532659, 63.8544989823503, 50.44917082137051, 54.937958497378744, 20.976361466824642, 55.931233474437065, 77.93610717142415, 66.50901466522379, 84.87479139697885, 74.59362855980696, 16.21028207253918, 52.01723355809448, 0.0, 65.95308626571331, 14.017352278436432, 39.539835479244985, 67.5558002873542, 11.905812129633482, 49.631924176641675, 38.41230034047234, 2.4918954451056274, 48.95198997564906, 72.36518428664246, 64.24644317782253, 46.74186813967542, 18.51678190614866, 71.63847791518883, 86.75562320115915, 27.796513622794112, 81.49513963299371, 72.86045653640835, 26.807048620382652, 53.48770208201481, 71.71805285944671, 57.416872346489114, 16.305058656533983, 43.01185013295925, 72.32565282565682, 47.54642079823414, 56.38116036215297, 16.901178461985, 17.39112363596908, 41.63324464589611, 31.143337853663592, 53.547206261329364, 52.74720065759568, 87.68077350338314, 42.141479666421844, 54.395134463721206, 14.944367710561384, 32.673065998194716, 29.596144548699392, 27.041910615890647, 71.38762209609922, 87.20258724861958], [39.05510562253694, 40.35266185456848, 55.767824498284625, 69.6464036322438, 52.57675744514171, 64.11770296543658, 39.92137974066928, 27.80076541768123, 49.74499812464858, 23.989523304681285, 48.75883407825476, 51.23348094794314, 42.57347488242319, 65.95308626571331, 0.0, 52.675673267822866, 69.82719791755821, 70.41239397483434, 60.793545311357974, 21.14310965101946, 62.334845570688636, 65.10772835409507, 32.48876382242118, 24.82331540536358, 7.60554605449296, 52.062493838698394, 53.48739623458956, 10.091019352550365, 72.55171820149457, 81.93484796780702, 19.335484825268942, 51.81277385531196, 79.33329656482832, 12.719383255471397, 69.54028775309308, 49.954638410795816, 75.4276481805252, 52.14248297492423, 14.909780920173107, 29.072311913036923, 44.27429621229288, 81.87651835484266, 49.34814843288393, 32.90856050236081, 69.05525041648744, 45.041210969181904, 58.99620598680231, 25.81167952149582, 70.40882395810208, 30.553843972362444, 79.56813882979321, 70.10178617640295, 89.34177229921131, 83.0919714416545, 15.381003735717787, 21.69677274052553], [48.2359370705744, 57.30588602182051, 52.854565787165924, 44.04482176064064, 51.16384584715632, 18.304371959438274, 43.07788222197721, 63.95087738505565, 60.900620478303324, 72.78941994255645, 61.97611770910364, 10.121351267163318, 45.868410407390115, 14.017352278436432, 52.675673267822866, 0.0, 43.12391491854794, 58.89692346460635, 9.685521383702918, 38.162498578545424, 39.52008723450029, 14.055648147230935, 40.24486314378401, 58.37757474090531, 50.506730690631194, 43.55291302882353, 16.268156994312974, 59.05964556266879, 76.21098383483213, 33.04651627956277, 69.12420364900561, 60.68422107440118, 31.0288488517833, 40.04633474588093, 62.37366076618519, 45.8952795276401, 23.82388643679887, 40.128169805883296, 58.38648548718757, 33.658363374882285, 44.061301460299404, 29.20089820344133, 9.128348885498545, 32.400310895312096, 28.3980831697574, 47.94660681728547, 43.29863649567276, 73.75858369446527, 45.444270519646594, 45.35913669256865, 28.845750369060738, 30.018399265186265, 38.28113906447505, 33.35357462045143, 59.47093145192213, 74.18066129394754], [85.40215989893011, 93.21598346237279, 94.04651080183514, 87.09464650848088, 27.285643322087747, 59.14779437378072, 81.26906135710183, 92.56028698663508, 40.59429539548314, 78.5359651258285, 99.72671117780051, 33.55789572304829, 32.304933304763246, 39.539835479244985, 69.82719791755821, 43.12391491854794, 0.0, 101.71982934711836, 49.0485191140862, 48.685247898545555, 7.579224006544406, 37.083480536430436, 38.57889785382702, 87.45100941488997, 72.47774325523412, 21.229293749641382, 27.17714824326413, 70.03439849013172, 117.425844285963, 66.8328166451464, 77.14233504309462, 99.62834955028154, 66.1584374131955, 61.32105775164674, 104.83014474863421, 86.64860524413913, 55.246712240800115, 19.133490364566182, 82.26290685827045, 67.72853994537688, 83.51412856965271, 50.838007613967655, 35.42976376422973, 36.96296145403774, 69.70920744205061, 31.562193493685207, 85.96460907122865, 95.57827034557437, 2.643802583983362, 42.75132857835077, 38.3710353566356, 71.31465376211517, 66.27504023088697, 65.67618508025244, 66.3901614875185, 86.06959015040616], [31.903394807692226, 35.21766039022166, 15.093099933424494, 19.153448043284094, 103.0794337102408, 47.25640819820322, 30.52706557524673, 54.76282371257409, 108.29682399578871, 93.76213742614743, 29.920412128151128, 68.16214061373316, 94.59311568068951, 67.5558002873542, 70.41239397483434, 58.89692346460635, 101.71982934711836, 0.0, 55.686762477279274, 74.39297162338508, 97.22973379924268, 69.27284640950205, 84.69531987987297, 52.217446076637565, 63.07805889300646, 97.20487691765877, 74.54300878529854, 80.50341224718565, 22.609774948886418, 55.02505033535312, 88.99874695309131, 25.134458979460398, 52.86911404878601, 62.80033898964554, 5.645561697185096, 20.549011420584737, 60.06127036952003, 94.56791077662965, 61.95722253022936, 44.01057346162143, 26.190998383903366, 70.89605095495278, 66.3251334127324, 78.15294342418268, 39.32789324515773, 97.3182719675336, 15.804812098838502, 71.72319876481585, 103.90647510711607, 87.43989488782914, 80.03170432104757, 38.39130544359339, 64.46193356317953, 57.53330594602857, 85.29305162764237, 86.92824475977753], [50.64656431672965, 59.97378656206405, 52.11688934541599, 38.91400895748206, 60.082007034308674, 10.109945273912363, 45.15803889936481, 69.15120019750228, 70.28148630222374, 81.75045439616962, 63.49932897087059, 18.58403548520166, 55.28834609428213, 11.905812129633482, 60.793545311357974, 9.685521383702918, 49.0485191140862, 55.686762477279274, 0.0, 47.54479825769075, 46.56538273566661, 13.603736117609039, 49.92451654729315, 63.640815964087814, 57.87346874580963, 52.244365054962635, 23.843734706280152, 67.77851357643652, 74.89933756474278, 23.361940614320787, 77.93439717092508, 61.50886322516385, 21.359311327824887, 48.0750232420119, 59.81419789353167, 45.860740266802914, 14.689164345831053, 48.68920255025693, 65.02605382414016, 38.6115818418794, 45.211169630253174, 22.070095774930095, 18.251885610009953, 42.08521008546527, 20.680680389806852, 57.274696765734696, 40.844838006762835, 80.38131696509076, 51.542117565099055, 55.044357047495595, 25.781372344096464, 22.2958801711493, 28.97392783764872, 23.719717820907, 68.56554142047801, 82.45689523154861], [47.204687066555344, 52.184306072770866, 61.616795427321655, 68.0020724137536, 33.617855314827466, 53.64307852565539, 45.46313317324605, 45.791428374474656, 34.720256681354435, 35.32924529458699, 60.191565988746454, 33.66304445364722, 23.566150217363646, 49.631924176641675, 21.14310965101946, 38.162498578545424, 48.685247898545555, 74.39297162338508, 47.54479825769075, 0.0, 41.202622689290166, 48.26998582407951, 12.638242171760439, 41.33673417927355, 24.47209187433541, 31.63371231928723, 34.38191710191884, 23.03321778942244, 82.4055313995187, 70.56963906229329, 32.25087767488364, 61.884452904239026, 68.27107115288251, 14.791528380208073, 75.1281800844296, 54.455582007409014, 61.984117523241366, 31.29737682081275, 34.22558304372135, 30.636417883598046, 49.32371294516582, 66.39701446078752, 32.24871794391198, 11.790303012771176, 61.193591358808945, 26.315709582882295, 60.11062506514348, 46.90881307806716, 49.29701721123134, 13.380973285515216, 61.77773032696038, 62.56342271421368, 76.43005534431946, 71.1828616831985, 21.808076067649726, 39.34220359965392], [79.31429476587363, 86.86019050719763, 88.78127561528241, 83.49956106996565, 21.355676177472102, 56.634212778271554, 75.40710474558837, 85.45922007381854, 34.769203236388684, 71.06364969889344, 93.60994171965228, 29.51395145432835, 25.11817899120556, 38.41230034047234, 62.334845570688636, 39.52008723450029, 7.579224006544406, 97.22973379924268, 46.56538273566661, 41.202622689290166, 0.0, 35.921518070871265, 31.003477959188412, 80.42338756332414, 65.14748209377548, 14.33466615626215, 23.252173224790226, 62.455181344593846, 112.0397984741277, 66.18356859212717, 69.60622904945497, 93.74088354263603, 65.20735747853074, 54.09627830258233, 100.05468744378538, 81.3085549686983, 54.62092971437415, 11.783540274664794, 74.94628409356446, 61.47458074735739, 77.87954042027052, 51.67165498845251, 31.090001913417662, 29.531877682052233, 67.17794545248701, 24.643605780669517, 81.4261529424877, 88.11046122124996, 8.176042864799893, 35.23473616168575, 40.13612928893304, 68.8033259773057, 66.73488110898556, 65.2905427453156, 58.83662204428121, 78.49794159369335], [61.96361751569551, 71.13061954220228, 65.13631624318062, 52.41595333428968, 52.582061401765166, 23.06075189598665, 56.678911443297274, 77.94545408724032, 64.25987986704808, 83.57488074646218, 75.44800550305895, 14.643239997007601, 49.851944505053154, 2.4918954451056274, 65.10772835409507, 14.055648147230935, 37.083480536430436, 69.27284640950205, 13.603736117609039, 48.26998582407951, 35.921518070871265, 0.0, 47.0981351280327, 72.37058095663642, 63.67568011529981, 44.371375036619824, 16.352361099658843, 70.51052557808808, 88.16790847991035, 30.280178310094993, 80.28390855874561, 73.8549495301314, 29.298828483557255, 52.753640647027794, 73.33335863864936, 58.563356679754214, 18.769756747679573, 40.63529360802849, 71.94979118753054, 47.71273817395451, 57.30804551959953, 18.682942557953996, 16.063549011693347, 39.901223523081015, 33.35325974675047, 51.32751731309105, 54.29989002758518, 87.26797846293388, 39.68018377611347, 52.56476117385944, 14.889444217663254, 34.901327793471616, 31.887744628826567, 29.499901160580777, 70.06572898404634, 86.21251412220586], [59.117072915527146, 64.56984990794265, 72.71076785969048, 76.32438161219376, 20.980341823726036, 57.7336158589064, 56.889348437676865, 58.30650177126385, 23.61668268915903, 40.606246884752856, 72.45249561765438, 32.90068432371826, 10.958719893473159, 48.95198997564906, 32.48876382242118, 40.24486314378401, 38.57889785382702, 84.69531987987297, 49.92451654729315, 12.638242171760439, 31.003477959188412, 47.0981351280327, 0.0, 53.943449157503515, 36.802052744941484, 19.57897924888774, 31.213503158579883, 31.487098502030097, 94.1981872699671, 73.2682205813527, 38.76813972569873, 73.90994380801156, 71.27302007616959, 27.417643297875447, 85.9149310024126, 65.3531022783323, 63.38853138624895, 19.948133310603282, 46.42919422272868, 41.85388637398374, 60.512834101068336, 65.7775373868718, 32.27796206329785, 7.899914159892788, 66.58514258434424, 13.738705616217763, 69.76630823124233, 58.190094522701386, 38.75329219784365, 5.501514961216236, 58.793756468374944, 68.08871006987502, 77.74866208403822, 73.45403939848305, 27.922075704363575, 47.497838223028175], [21.122947822652044, 17.75649207707636, 37.165689220388344, 57.43310096243401, 74.88083423298092, 63.01380192378705, 25.066023403819926, 5.574936462831666, 73.86483142981172, 44.09598978270458, 25.635087391199157, 61.20067490784277, 64.77938104566941, 72.36518428664246, 24.82331540536358, 58.37757474090531, 87.45100941488997, 52.217446076637565, 63.640815964087814, 41.33673417927355, 80.42338756332414, 72.37058095663642, 53.943449157503515, 0.0, 17.9281216949085, 72.74938963012153, 65.55013199853326, 33.55528859571398, 49.41329811007248, 80.06655550098893, 39.510042420876275, 29.56362468157348, 77.29599478596757, 26.770836734932136, 49.8928282826551, 33.7567419223972, 76.88070107617145, 71.95750042414066, 11.087847032683117, 25.032981821351868, 28.718776764578045, 85.69110446372446, 58.942259697284335, 51.63406610525017, 64.12058002298248, 67.46731565989865, 45.08187503022738, 20.19295193556995, 88.57993634892267, 53.450811118597684, 87.21950715042021, 64.65302012281845, 88.98089718679088, 81.84102786710588, 39.66726439431558, 35.34913610564871], [31.543186823738832, 32.78740910470747, 48.3286901926174, 63.190006430230504, 57.532781210073836, 60.11403254417275, 32.68263459839136, 21.66067446714077, 55.95829192149155, 30.819571668409992, 41.19925601362244, 50.53629438099232, 47.425434317578336, 64.24644317782253, 7.60554605449296, 50.506730690631194, 72.47774325523412, 63.07805889300646, 57.87346874580963, 24.47209187433541, 65.14748209377548, 63.67568011529981, 36.802052744941484, 17.9281216949085, 0.0, 56.097626025252566, 53.633654820092886, 17.557234464376297, 64.96305871403172, 77.9365426747817, 26.069594716353592, 44.21063259033221, 75.26506233432984, 11.54251137324447, 62.0627235934183, 42.71142550402474, 72.29248720547906, 55.72065358667111, 9.806283293095367, 23.134294883649556, 37.03215321415481, 79.51635491897537, 48.473242507010625, 35.68181750165531, 64.1356598066834, 50.04228897191929, 52.15437253128486, 24.008733169871086, 73.31162455912158, 35.79280188093182, 78.42867512938646, 65.07132275797748, 85.81883907080079, 79.27099152954735, 22.98442355285532, 26.301800969903027], [75.22349309853824, 81.73654514143429, 86.92762893663695, 85.74287421044764, 8.254396359690137, 61.78714616272944, 72.11411111220627, 77.36520401141016, 21.087677024810525, 57.81120689517439, 89.17774383938497, 33.700543157609694, 11.198538945029377, 46.74186813967542, 52.062493838698394, 43.55291302882353, 21.229293749641382, 97.20487691765877, 52.244365054962635, 31.63371231928723, 14.33466615626215, 44.371375036619824, 19.57897924888774, 72.74938963012153, 56.097626025252566, 0.0, 28.710673409801377, 50.57355541270885, 109.52983018007474, 74.11613211911809, 56.78410203668611, 90.02347409390843, 72.70489473189012, 45.980383420603495, 99.29026149082742, 79.39674535205856, 62.917547095596795, 3.749436456738133, 65.8195458647752, 57.303840588432216, 75.20936144467782, 61.985025973230194, 34.42563232119173, 21.395214229661228, 71.94136434308065, 10.34821246771947, 81.57456219730662, 77.76430114265283, 20.63845968874029, 22.60592556972908, 51.81751310150611, 73.55762615058589, 76.2186282684956, 73.63336028428093, 46.27192468824532, 66.12061796215143], [59.87748511757834, 68.30713071339865, 67.18511120047006, 60.27955076937056, 36.77460928848427, 33.73599810830923, 55.30479272715912, 71.01075298216001, 48.0207246913093, 69.47856735351893, 74.12778532521402, 6.384327686545595, 33.50722137294612, 18.51678190614866, 53.48739623458956, 16.268156994312974, 27.17714824326413, 74.54300878529854, 23.843734706280152, 34.38191710191884, 23.252173224790226, 16.352361099658843, 31.213503158579883, 65.55013199853326, 53.633654820092886, 28.710673409801377, 0.0, 57.336156810770575, 90.61774364524618, 45.431022121705915, 66.60698925980806, 73.56099926424696, 43.99422766976855, 42.135136956409575, 77.68446711354763, 59.88396470477135, 34.36403497441049, 25.058252867973696, 62.82906354090739, 42.989682114902834, 57.137871867692596, 34.90747507342782, 8.31110217988647, 24.528275045296073, 44.19001047006473, 35.03789942632219, 58.7891334812309, 77.64233404242724, 29.385480431739264, 36.71428142152552, 27.761828311446198, 45.81905309601975, 48.089483189141724, 45.02660513880886, 55.9932557800175, 73.5244345620622], [49.09528303741266, 49.96173818274364, 65.84408242041144, 79.40877624363111, 49.50320963575314, 72.0623956429493, 50.0093576903371, 35.58114808635871, 44.28488696250953, 14.503711224841442, 58.32695839703915, 56.107331999496466, 40.03333838991778, 71.63847791518883, 10.091019352550365, 59.05964556266879, 70.03439849013172, 80.50341224718565, 67.77851357643652, 23.03321778942244, 62.455181344593846, 70.51052557808808, 31.487098502030097, 33.55528859571398, 17.557234464376297, 50.57355541270885, 57.336156810770575, 0.0, 82.20091590461051, 89.74637683573154, 10.226959509115863, 61.5709178236707, 87.22413844517348, 20.789793074397082, 79.60295765477555, 60.041326325599655, 82.4659301082841, 51.37797270481544, 22.72161027030347, 38.74528171888808, 54.361786889604936, 88.07499089243618, 54.46659461528368, 34.28597430533451, 77.73743468747851, 42.12992348357868, 68.96392913385526, 28.923975604347238, 70.23985374075507, 28.00413397853636, 84.46041772822556, 78.86722744679969, 96.66103583699486, 90.73201493051279, 6.347808397382512, 16.354580155592515], [35.20848498983655, 32.23920592489651, 23.439505803327325, 41.46186060263026, 114.2525826205267, 67.60853644221844, 37.47695802724742, 49.626167739114976, 117.12501448529079, 93.50563723747618, 23.900066177945245, 84.40672502924967, 104.87407475398605, 86.75562320115915, 72.55171820149457, 76.21098383483213, 117.425844285963, 22.609774948886418, 74.89933756474278, 82.4055313995187, 112.0397984741277, 88.16790847991035, 94.1981872699671, 49.41329811007248, 64.96305871403172, 109.52983018007474, 90.61774364524618, 82.20091590461051, 0.0, 77.2135672232631, 88.89744204448196, 20.852338969943677, 74.93723759384851, 68.60810438905352, 17.027877127779792, 30.77723916577331, 81.2883919901805, 107.42628495332886, 60.45452304112128, 52.48303235803939, 34.35710683084984, 92.14721719189161, 82.31920356318136, 88.86618207563761, 60.88668265930729, 107.68182660508016, 34.279220168318524, 65.61583558940181, 119.36835609849162, 95.7820643296728, 100.21777234274634, 60.13687020069202, 86.7715851192662, 79.70078297686761, 87.92531984820374, 84.35447730062914], [62.840913194642845, 71.88257745777449, 57.80922747340846, 35.87363326315556, 82.20563015239273, 17.83873730184398, 57.33398035243865, 85.24505493442719, 93.09526986629972, 104.00825018310272, 72.89098733585415, 41.20861218713574, 78.21655334800738, 27.796513622794112, 81.93484796780702, 33.04651627956277, 66.8328166451464, 55.02505033535312, 23.361940614320787, 70.56963906229329, 66.18356859212717, 30.280178310094993, 73.2682205813527, 80.06655550098893, 77.9365426747817, 74.11613211911809, 45.431022121705915, 89.74637683573154, 77.2135672232631, 0.0, 99.970566272288, 69.60964871591794, 2.772940758574359, 69.34361628605053, 60.34188990238431, 53.8796182068337, 11.598546883984884, 70.43024796175737, 83.73387750060058, 56.12566801347975, 55.65834845837596, 19.082729833473465, 41.282834115768296, 65.44184955105925, 17.249283638396687, 80.05369431932107, 44.427106858146836, 98.68488750593215, 69.4680370647203, 78.40556321036266, 31.830522537638704, 17.517062081146086, 9.732854319318536, 2.5192413184777225, 91.09668487550695, 103.58168602100525], [57.21730047283737, 56.86937277344349, 74.1084033819055, 88.9693144897241, 54.401180941499966, 82.28926079224547, 58.72186549516202, 40.26777572498422, 46.87722173693485, 4.763531649833739, 65.03999986536903, 65.77254392057782, 45.74871211919972, 81.49513963299371, 19.335484825268942, 69.12420364900561, 77.14233504309462, 88.99874695309131, 77.93439717092508, 32.25087767488364, 69.60622904945497, 80.28390855874561, 38.76813972569873, 39.510042420876275, 26.069594716353592, 56.78410203668611, 66.60698925980806, 10.226959509115863, 88.89744204448196, 99.970566272288, 0.0, 68.67991729574626, 97.4504881212637, 30.944719898854828, 87.70514117679389, 68.73614730460177, 92.61659459471637, 58.114104197467114, 28.443767502034653, 48.40539531523018, 63.06413319113816, 98.04160971388423, 64.22047577477677, 42.819022582088145, 87.89517834390122, 47.43768942539465, 78.17844875480144, 29.30792305124503, 77.0789958165487, 34.40233706057142, 94.01006298446465, 89.00707362221405, 106.84349947287366, 100.94736825733239, 10.886666636550226, 10.125650502683497], [14.83877491361175, 11.840842971778056, 12.574818759197933, 37.432226815439236, 94.28932227311516, 56.26339160273654, 18.3593364301912, 30.888238744301713, 96.56493730253196, 73.35687076620684, 4.790129130520387, 67.65389406927564, 84.7096385895646, 72.86045653640835, 51.81277385531196, 60.68422107440118, 99.62834955028154, 25.134458979460398, 61.50886322516385, 61.884452904239026, 93.74088354263603, 73.8549495301314, 73.90994380801156, 29.56362468157348, 44.21063259033221, 90.02347409390843, 73.56099926424696, 61.5709178236707, 20.852338969943677, 69.60964871591794, 68.67991729574626, 0.0, 66.99408010769075, 47.86002131346712, 21.434891934534505, 15.988888603205847, 70.84208081562397, 88.16881531326378, 40.360799890192574, 32.72566170839829, 16.624506712353025, 81.36267280379137, 65.43540018202091, 68.99191615634767, 52.36735791320098, 87.520587185997, 25.725564152686644, 47.714873137670075, 101.3855977986761, 75.23056122318742, 87.28786673238778, 52.146303916799944, 79.3248831805896, 71.90943623105714, 67.19376807619481, 64.90465491799789], [60.093147114304884, 69.14993134752031, 55.266119966488134, 33.72202261980257, 80.74027113653754, 15.215600392916839, 54.580390462284434, 82.47246825779473, 91.41952281243532, 101.51770943976852, 70.23249312135295, 39.51998033715029, 76.48773506476344, 26.807048620382652, 79.33329656482832, 31.0288488517833, 66.1584374131955, 52.86911404878601, 21.359311327824887, 68.27107115288251, 65.20735747853074, 29.298828483557255, 71.27302007616959, 77.29599478596757, 75.26506233432984, 72.70489473189012, 43.99422766976855, 87.22413844517348, 74.93723759384851, 2.772940758574359, 97.4504881212637, 66.99408010769075, 0.0, 66.76733594132507, 58.12624164643242, 51.224506702727, 11.077828354158285, 69.04407549638739, 81.00158851335792, 53.38541209064562, 52.93597223293693, 19.893033973816816, 39.47161902037596, 63.419594133561795, 14.630155244754869, 78.38370605931173, 41.91817418983691, 95.93553506907207, 68.78314752281749, 76.3587388301955, 32.1620601589752, 15.001449380524184, 12.337576293452502, 4.915896873155062, 88.66050121274672, 100.96380013395208], [33.509390077096235, 37.66694916587263, 49.035745729369346, 59.42203915354622, 48.39593396322988, 51.55941147362153, 32.67552189209557, 31.510208073994367, 48.90442893316028, 35.2902868853278, 45.82719442648923, 39.24730485236225, 38.357016608797665, 53.48770208201481, 12.719383255471397, 40.04633474588093, 61.32105775164674, 62.80033898964554, 48.0750232420119, 14.791528380208073, 54.09627830258233, 52.753640647027794, 27.417643297875447, 26.770836734932136, 11.54251137324447, 45.980383420603495, 42.135136956409575, 20.789793074397082, 68.60810438905352, 69.34361628605053, 30.944719898854828, 47.86002131346712, 66.76733594132507, 0.0, 62.820165198581925, 42.33489357012207, 62.708806816555835, 45.223109759315705, 21.09789547556355, 19.104392340546294, 36.84669478094935, 69.23672741884286, 37.24736000289036, 24.92452491616933, 56.954017173820844, 41.10662199299464, 49.799877558754005, 35.52634519299297, 62.272316751146676, 27.711791216217442, 67.37549264375333, 58.07797856310706, 76.64631077348044, 70.45291328975301, 23.72532960321586, 34.404329810806885], [30.531932172937353, 32.398102038736205, 13.83704190287771, 24.499692741066674, 104.85241654924249, 51.780993398037346, 30.15716450477647, 51.949223413849396, 109.42919977778777, 92.45757165699877, 26.187546317187223, 71.33027821781657, 96.08020879236265, 71.71805285944671, 69.54028775309308, 62.37366076618519, 104.83014474863421, 5.645561697185096, 59.81419789353167, 75.1281800844296, 100.05468744378538, 73.33335863864936, 85.9149310024126, 49.8928282826551, 62.0627235934183, 99.29026149082742, 77.68446711354763, 79.60295765477555, 17.027877127779792, 60.34188990238431, 87.70514117679389, 21.434891934534505, 58.12624164643242, 62.820165198581925, 0.0, 20.673683317211154, 64.9636111071451, 96.80047201135889, 60.086708108588645, 44.50672496816167, 25.985986086331458, 75.82181375252893, 69.40290169142831, 79.6824616920403, 44.331790792219714, 98.83983461216853, 19.112330024083604, 68.89258712529602, 106.94712677141848, 88.34873962215316, 84.57020206383754, 43.478610993847454, 69.84383317439942, 62.841196121988965, 84.66393681654874, 85.0232547229832], [12.63379413509136, 19.43380465514775, 7.536623719572377, 24.28464849465554, 84.62124067303984, 40.285323091322894, 10.035400995073338, 37.365140050414006, 88.81450780469356, 73.49682234437088, 19.011870414967955, 53.71684299887204, 75.64859275445849, 57.416872346489114, 49.954638410795816, 45.8952795276401, 86.64860524413913, 20.549011420584737, 45.860740266802914, 54.455582007409014, 81.3085549686983, 58.563356679754214, 6