instance_id,num_cities,city_coordinates,distance_matrix,best_route,total_distance
1719,46,"[[33.5064041552387, 17.839956189317963], [64.1395700375067, 90.68081203890944], [71.15928590798782, 35.486518647137935], [25.506137095695525, 14.408972473220372], [68.66617789666887, 12.995772933402062], [64.57842225119916, 24.24851503301645], [15.790118773886208, 73.06034350672158], [78.85687414678374, 86.18497069259922], [10.405081709054166, 12.702863938023635], [58.518650670900826, 52.03985897970187], [62.79737643045624, 71.53242711625568], [21.989851339482534, 17.628295991387187], [72.6822851905425, 8.667503407975607], [81.45253971043388, 59.036674137454185], [58.94280235102365, 40.441992838552935], [51.02802212508147, 85.16595145575788], [96.70058752644766, 5.527104511181358], [62.684064200580714, 49.670556980724776], [79.66115864157933, 57.585972038628874], [66.70917117738455, 82.93589285311259], [10.870731229503916, 96.64992353374592], [64.36488302297099, 68.99935341603656], [39.93591788451349, 70.68181334361785], [62.83958601725988, 9.55047984617713], [90.11626457311257, 2.605885152902221], [82.22942589719428, 68.24733572784216], [26.04855007232444, 14.13260813688697], [71.21798459285377, 18.144191602740623], [52.113423319056416, 17.491578113251816], [19.795254665157724, 24.306397304261807], [0.38599675183821347, 69.56837153875348], [24.54132885772109, 93.74825350026042], [96.43582615146865, 14.767083279377646], [28.845742852418667, 97.64100061054896], [6.974080579319752, 8.50369266593164], [14.775423225410833, 54.80674657455674], [10.500604973735372, 39.96800708778916], [30.996150080284966, 77.73826160260663], [2.1241494500000013, 4.409981537895935], [20.521606428046123, 5.213786861256475], [29.024783631232797, 56.80072845142134], [88.48819222907079, 93.89045696640085], [9.17689259351202, 95.3232842828417], [78.30124377639737, 59.812539825606706], [53.32419659604699, 81.8013249106752], [51.891498587220816, 19.70864768544953]]","[[0.0, 79.02013118738486, 41.58293725633447, 8.70493666169596, 35.49191176825304, 31.726013537928782, 57.99274043531306, 82.02259527659285, 23.665604060765013, 42.37034135609437, 61.162427118841634, 11.518497679710203, 40.23535192984189, 63.2139342580055, 34.02737741683735, 69.56864764315753, 64.38253744923212, 43.180122654567064, 60.9098279228242, 73.07465161096329, 81.99624772897016, 59.745540776123725, 53.23157441134319, 30.481977891762536, 58.62382806396836, 70.10589675346792, 8.32850629488294, 37.712807616106915, 18.610280208706243, 15.159501345109737, 61.4230440562086, 76.43586969307404, 63.00440223270303, 79.93702805645758, 28.127033453874553, 41.44144348330253, 31.920486095061133, 59.95088295350143, 34.13517437369135, 18.11146388111646, 39.21768348310077, 93.84388998885794, 81.21324562705789, 61.38628050135129, 66.96119462745848, 18.479818862224118], [79.02013118738486, 0.0, 55.63889317661914, 85.49816168552182, 77.81680717900754, 66.43374652045932, 51.4601821682263, 15.38868511784341, 94.6992905250353, 39.04763741700345, 19.195367379264223, 84.34019733908656, 82.4570238050023, 36.07063046887333, 50.50688417466854, 14.224147633915404, 91.16673606986801, 41.03607580140536, 36.55390741683094, 8.160062696608746, 53.60223390858605, 21.682629313733322, 31.397081494262604, 81.14074660832247, 91.8258210144167, 28.818461867759176, 85.50177379805358, 72.88117217030866, 74.17069615096197, 79.82469064900505, 67.15841905944279, 39.71687175057074, 82.4981355738079, 35.97358005986672, 100.10480574595171, 61.022680729601, 73.81684874825564, 35.58083610958301, 106.24767567330568, 95.95383860041136, 48.79455182961945, 24.559259418559403, 55.15839428725498, 33.96179077318131, 13.993483995728495, 72.02127024196277], [41.58293725633447, 55.63889317661914, 0.0, 50.28392336712533, 22.628504818392912, 13.02307535493247, 66.91440042100612, 51.27948814584626, 64.8858093095083, 20.827835589968856, 37.00309510668596, 52.31203888407421, 26.86222450232078, 25.701379290996094, 13.183292265566902, 53.603300511098574, 39.369081570883694, 16.52320569497232, 23.67842224855506, 47.65759785862214, 85.88173218178407, 34.19464877450016, 47.04899020703193, 27.237758992926032, 37.95396025571311, 34.580617912003675, 49.909598092098584, 17.34242638301917, 26.20234276881658, 52.56670827392429, 78.5520919804539, 74.61677872728131, 32.683305962510914, 75.19052835334708, 69.62624132477167, 59.6021071622062, 60.824002756536274, 58.294830493702506, 75.70733930389507, 58.99671917058801, 47.21876556720734, 60.92053024625718, 86.15251361819058, 25.352768459666258, 49.63014900233423, 24.903590912195774], [8.70493666169596, 85.49816168552182, 50.28392336712533, 0.0, 43.18317096834167, 40.29218367201048, 59.450688273048264, 89.43206955160231, 15.19712736421858, 50.05906183516433, 68.21822045082469, 4.76742167570358, 47.524240300020544, 71.56557637134114, 42.37603960658295, 75.21912449761994, 71.74634032918975, 51.24039037513308, 69.260520140311, 79.9601702992741, 83.53304218216833, 67.0082966991576, 58.09346945430627, 37.64825837918785, 65.6793836979241, 78.20550396484153, 0.6087602841943941, 45.86420023884627, 26.78525970947088, 11.426862930023312, 60.610071408684405, 79.34514710317008, 70.93059306743564, 83.29900044096205, 19.450178619450202, 41.798664721597554, 29.638323918398342, 63.56680819582151, 25.430241170467855, 10.4593013349461, 42.53753458250003, 101.41028372932999, 82.54556367023436, 69.633377181847, 72.90798036853866, 26.91233654652791], [35.49191176825304, 77.81680717900754, 22.628504818392912, 43.18317096834167, 0.0, 11.972215792304427, 80.02268594913124, 73.8952566725157, 58.2618324863033, 40.34120677407367, 58.83011740233749, 46.90564710944581, 5.904492770817856, 47.78342424014625, 29.11767537224686, 74.29427438888875, 29.012223825334566, 37.15946002286204, 45.925760285755985, 69.9674942361295, 101.6775814431191, 56.16851577588123, 64.44460488338106, 6.768989391783285, 23.83392511774608, 56.891975598951674, 42.63278780063789, 5.746123233057912, 17.15243272313971, 50.16270886982622, 88.67154024901731, 92.0215486742685, 27.826083169160984, 93.54400897775005, 61.85542544144912, 68.20829096128308, 64.11501609398675, 74.9040775576952, 67.09364622439621, 48.76944811174708, 59.07888173656807, 83.2878271837647, 101.57162099165546, 47.79795138649497, 70.49525071326343, 18.06799804548088], [31.726013537928782, 66.43374652045932, 13.02307535493247, 40.29218367201048, 11.972215792304427, 0.0, 69.0137171520329, 63.56098432376568, 55.390007083430845, 28.444325092509395, 47.31744357117238, 43.10004260394026, 17.56247470601226, 38.66460725138333, 17.14610553734162, 62.406309007155954, 37.17962767292672, 25.492524575157024, 36.59064056043232, 58.72604538350214, 90.14699122972095, 44.751347856630844, 52.56714005406249, 14.800533429644585, 33.47513731990543, 47.407321715599544, 39.83569533033889, 9.01923237477184, 14.178589313327263, 44.78320499246114, 78.57834870491745, 80.207122466857, 33.23840747334047, 81.62892450758095, 59.71733090838602, 58.43067881608993, 56.316185523833404, 63.157913140321085, 65.52941020918487, 47.99295674417258, 48.20485263494271, 73.63203906349203, 90.11632655810762, 38.11975459076853, 58.642847133397446, 13.474732932014568], [57.99274043531306, 51.4601821682263, 66.91440042100612, 59.450688273048264, 80.02268594913124, 69.0137171520329, 0.0, 64.41794371161795, 60.59722736293637, 47.61919999144117, 47.032082676481764, 55.77767094122168, 85.92529578397262, 67.14325599661446, 54.093538433163765, 37.25930187757078, 105.39090246785051, 52.40347537533655, 65.71883981106915, 51.867874185889036, 24.09706744944723, 48.74422388725465, 24.26266721585992, 79.03894704553089, 102.41194584274787, 66.61341137417305, 59.81399007357755, 78.02584218825571, 66.38727393435933, 48.91818050397922, 15.794962598728084, 22.46270904927047, 99.5079610200284, 27.832679061417995, 65.15584162013197, 18.28177803218367, 33.51241092350395, 15.909315063917361, 69.99736363615548, 68.01133893747256, 20.9650050234392, 75.62343228681522, 23.224411564425445, 63.89949179338547, 38.53844514072, 64.41826659754344], [82.02259527659285, 15.38868511784341, 51.27948814584626, 89.43206955160231, 73.8952566725157, 63.56098432376568, 64.41794371161795, 0.0, 100.42543453243732, 39.743326333375705, 21.739468718378898, 89.07230730734396, 77.76299430321102, 27.272100864517554, 49.889781302812466, 27.847502671709275, 82.60804733266068, 39.93572573871581, 28.6103057928147, 12.57470453886663, 68.78685097266934, 22.480285761287753, 41.89497254035177, 78.29047647264984, 84.33408215202496, 18.251927389677846, 89.33231241500985, 68.46824265871062, 73.7156316274602, 85.54082499232892, 80.21090927406419, 54.83959980595117, 73.54953566237253, 51.30647010683137, 105.83721919494612, 71.35142115606688, 82.51416399689559, 48.600368338321246, 112.1385744988951, 99.79647323861646, 57.850418643587055, 12.334375003133916, 70.2766576078992, 26.378283396437975, 25.9062535549098, 71.73724973553958], [23.665604060765013, 94.6992905250353, 64.8858093095083, 15.19712736421858, 58.2618324863033, 55.390007083430845, 60.59722736293637, 100.42543453243732, 0.0, 62.147523660684925, 78.77734477574026, 12.58835844351425, 62.40780566629604, 84.82077137149054, 55.90500511830806, 83.07299405129754, 86.59333604632467, 64.02891799217532, 82.52816237415237, 90.01571441390371, 83.94835105136755, 77.98047759141643, 65.0663419856862, 52.52918015265202, 80.34812788220115, 90.79606139291705, 15.708668654816718, 61.055853150285735, 41.98234799661253, 14.927067184378224, 57.741389124860646, 82.26900177310354, 86.05550529051149, 86.91688584391979, 5.422620042433503, 42.330093527424964, 27.265310481843066, 68.21726354859997, 11.71945978197765, 12.586911767853728, 47.86768173113008, 112.64278676516545, 82.6295486279452, 82.63903669397448, 81.34277922146464, 42.073789837673615], [42.37034135609437, 39.04763741700345, 20.827835589968856, 50.05906183516433, 40.34120677407367, 28.444325092509395, 47.61919999144117, 39.743326333375705, 62.147523660684925, 0.0, 19.95664567715917, 50.18474716379245, 45.62641527280265, 23.977462101510387, 11.605619486945102, 33.96244276761697, 60.17721022355424, 4.792104113601573, 21.857836428901305, 31.96325288943654, 65.27160245167745, 17.938865188479983, 26.321862022216454, 42.70852164872746, 58.669642683605616, 28.72077931347475, 49.91259459637178, 36.19653780392345, 35.13702674182798, 47.63030857259591, 60.717824435715215, 53.7963620617504, 53.16927688835775, 54.40538187018556, 67.4702933388182, 43.830646975722715, 49.51224414905212, 37.65495898456628, 73.81696954681652, 60.303038076330004, 29.875643442114626, 51.474711976378934, 65.635843836581, 21.254777286763918, 30.21137546514975, 33.003429647444435], [61.162427118841634, 19.195367379264223, 37.00309510668596, 68.21822045082469, 58.83011740233749, 47.31744357117238, 47.032082676481764, 21.739468718378898, 78.77734477574026, 19.95664567715917, 0.0, 67.60850136171828, 63.637332235434755, 22.453484351205997, 31.32846700542475, 18.010849138262262, 74.20330406942328, 21.862163787792305, 21.883572827499034, 12.055752525403197, 57.68245060768674, 2.9788486514623354, 22.877277605477005, 61.98196164240058, 74.14303633097914, 19.707774402706733, 68.15581748878388, 54.048222293348246, 55.08684248577016, 63.870809984850624, 62.44227596508741, 44.23876261619007, 65.98370678093241, 42.829557930525525, 84.19537829413784, 50.85131639604365, 61.08408071281709, 32.40108607819822, 90.4801811041613, 78.64733164302956, 36.84577275527874, 34.05729753192883, 58.66141126523375, 19.43516557135686, 13.97109151381138, 52.95887353432302], [11.518497679710203, 84.34019733908656, 52.31203888407421, 4.76742167570358, 46.90564710944581, 43.10004260394026, 55.77767094122168, 89.07230730734396, 12.58835844351425, 50.18474716379245, 67.60850136171828, 0.0, 51.478331883104126, 72.46009307880132, 43.427932857732685, 73.51564641760046, 75.68442994988406, 51.79503306006469, 70.16121122835035, 79.15111985700659, 79.80007801664982, 66.59300902574738, 56.00658004093911, 41.64074851537399, 69.76303467796934, 78.68350225260006, 5.356572503016533, 49.230836392382045, 30.12388222966573, 7.029458848871316, 56.25387080824037, 76.16270720423968, 74.50093760410157, 80.30589112207385, 17.570764279583116, 37.87195744582379, 25.121016578226683, 60.780929433421484, 23.861474148785646, 12.501031159950674, 39.799117291536106, 101.18273833834891, 78.74441642069104, 70.35967130429985, 71.41441614501487, 29.973928192667078], [40.23535192984189, 82.4570238050023, 26.86222450232078, 47.524240300020544, 5.904492770817856, 17.56247470601226, 85.92529578397262, 77.76299430321102, 62.40780566629604, 45.62641527280265, 63.637332235434755, 51.478331883104126, 0.0, 51.12700582196298, 34.61779264007604, 79.5042116030807, 24.22273626843041, 42.20444082384993, 49.41377589107914, 74.50819929235118, 107.52476205165924, 60.902473711765495, 70.12916089997984, 9.882225174835746, 18.4577044342496, 60.339906487630735, 46.952876597436436, 9.589149877918803, 22.38174195840372, 55.1508204843072, 94.52866793250989, 97.7562566432678, 24.52418363146894, 99.18631784988519, 65.70840880122972, 74.04076189933296, 69.61524894155939, 80.67529670234771, 70.68646979199787, 52.274894231833905, 64.98295773111687, 86.67628574490317, 107.4344416280728, 51.45276907757602, 75.65243843803756, 23.540681267560114], [63.2139342580055, 36.07063046887333, 25.701379290996094, 71.56557637134114, 47.78342424014625, 38.66460725138333, 67.14325599661446, 27.272100864517554, 84.82077137149054, 23.977462101510387, 22.453484351205997, 72.46009307880132, 51.12700582196298, 0.0, 29.196754076392406, 40.10474290502606, 55.639707078563795, 20.975696020812734, 2.3051209758679962, 28.080946759683624, 79.9784234564943, 19.779863231996575, 43.11889556757477, 52.87083761979057, 57.09197906812505, 9.243367302007822, 71.31603754558321, 42.15378092540027, 50.86038492075133, 70.76590229810267, 81.74778918974123, 66.66168061624558, 46.736447739591746, 65.25158310801176, 90.00346154979974, 66.81115288591188, 73.46966112574431, 53.81074825930361, 96.3175427722195, 81.298719703382, 52.475413867935295, 35.55680784112065, 80.87327891221646, 3.245401921169, 36.18608864173343, 49.19907333373131], [34.02737741683735, 50.50688417466854, 13.183292265566902, 42.37603960658295, 29.11767537224686, 17.14610553734162, 54.093538433163765, 49.889781302812466, 55.90500511830806, 11.605619486945102, 31.32846700542475, 43.427932857732685, 34.61779264007604, 29.196754076392406, 0.0, 45.41889717307572, 51.426644536332496, 9.95808396997791, 26.891751713026146, 43.197777989087164, 73.96117559198251, 29.067538629294372, 35.71706036758638, 31.136321200481742, 49.02403279731445, 36.26849775455298, 42.12143820378126, 25.453330607642187, 23.944977636773693, 42.34250740170429, 65.40065304083967, 63.44303590028067, 45.441476808886456, 64.63404273727143, 60.998385720453555, 46.444628631539885, 48.44451619360114, 46.60501085572356, 67.28049610293964, 52.12691044490026, 34.09832950408986, 61.071010968148016, 74.0850992075043, 27.385531672715125, 41.73922711409423, 21.8996001334987], [69.56864764315753, 14.224147633915404, 53.603300511098574, 75.21912449761994, 74.29427438888875, 62.406309007155954, 37.25930187757078, 27.847502671709275, 83.07299405129754, 33.96244276761697, 18.010849138262262, 73.51564641760046, 79.5042116030807, 40.10474290502606, 45.41889717307572, 0.0, 91.80593212316815, 37.360224113407284, 39.75565081119491, 15.838926635721814, 41.7670878415056, 20.95783268345216, 18.243492903914355, 76.53242834458035, 91.3458003720367, 35.493198721716986, 75.29747596759836, 69.99679191395539, 67.68307693251523, 68.40592879805489, 52.98961438972314, 27.842428569043797, 83.77272412315446, 25.44956512683192, 88.41861618729214, 47.28564526364368, 60.7068835969136, 21.36460798081036, 94.40929742348051, 85.574470620779, 35.89886321741855, 38.462726640541945, 43.06609400942183, 37.237401903592726, 4.073466458556978, 65.46299877395697], [64.38253744923212, 91.16673606986801, 39.369081570883694, 71.74634032918975, 29.012223825334566, 37.17962767292672, 105.39090246785051, 82.60804733266068, 86.59333604632467, 60.17721022355424, 74.20330406942328, 75.68442994988406, 24.22273626843041, 55.639707078563795, 51.426644536332496, 91.80593212316815, 0.0, 55.729420014119015, 54.77652622212196, 83.01569470400618, 125.18039933860679, 71.23429066661683, 86.41390977497488, 34.099193132557694, 7.203251438968383, 64.36801941004063, 71.17418836257188, 28.435082889754334, 46.16453011383861, 79.16496738023736, 115.66237192180213, 113.97337294549756, 9.243771212140581, 114.40825931872963, 89.77586605528234, 95.6044751444527, 92.82571175261353, 97.62952580341259, 94.58303549244748, 76.17962542005817, 84.90582397473527, 88.74415751837256, 125.39438215605165, 57.31879567566972, 87.74547274758686, 46.999687428398644], [43.180122654567064, 41.03607580140536, 16.52320569497232, 51.24039037513308, 37.15946002286204, 25.492524575157024, 52.40347537533655, 39.93572573871581, 64.02891799217532, 4.792104113601573, 21.862163787792305, 51.79503306006469, 42.20444082384993, 20.975696020812734, 9.95808396997791, 37.360224113407284, 55.729420014119015, 0.0, 18.73167187406082, 33.50797005008639, 69.94056301814274, 19.40174021966645, 30.966934862275558, 40.12037856647811, 54.475764809127476, 26.965123260812298, 51.040245918969646, 32.66097841779716, 33.87071197361261, 49.82760860666404, 65.39856444933459, 58.28989269078917, 48.55341297179877, 58.70430523993635, 69.26985630556594, 48.18317469440463, 53.07780036234297, 42.3310753942827, 75.60438455548464, 61.27052517219036, 34.40619876777464, 51.19816967484191, 70.33625610956095, 18.621388614418215, 33.466301996825564, 31.846435925186036], [60.9098279228242, 36.55390741683094, 23.67842224855506, 69.260520140311, 45.925760285755985, 36.59064056043232, 65.71883981106915, 28.6103057928147, 82.52816237415237, 21.857836428901305, 21.883572827499034, 70.16121122835035, 49.41377589107914, 2.3051209758679962, 26.891751713026146, 39.75565081119491, 54.77652622212196, 18.73167187406082, 0.0, 28.46704172500637, 79.1082499487182, 19.085107342286253, 41.82817008538983, 50.895715101827044, 55.965339219928204, 10.966342708940813, 69.0109167594327, 40.33535957407458, 48.646049640675756, 68.49420817422781, 80.17561468691869, 65.92348774080273, 45.987462472335515, 64.70403229878809, 87.70679258557185, 64.94522888309172, 71.36928521886527, 52.672552937381546, 94.01953924641992, 78.9957746735242, 50.64246322681884, 37.362175362597995, 79.95083799280624, 2.609017545082868, 35.777351558011304, 46.96643183903359], [73.07465161096329, 8.160062696608746, 47.65759785862214, 79.9601702992741, 69.9674942361295, 58.72604538350214, 51.867874185889036, 12.57470453886663, 90.01571441390371, 31.96325288943654, 12.055752525403197, 79.15111985700659, 74.50819929235118, 28.080946759683624, 43.197777989087164, 15.838926635721814, 83.01569470400618, 33.50797005008639, 28.46704172500637, 0.0, 57.497878337573674, 14.132332377640266, 29.4443467665569, 73.4873630735921, 83.6707963291386, 21.368949833581176, 79.91982292517461, 64.9483945092792, 67.05217511247379, 75.0888361264769, 67.65688503006393, 43.531989027150956, 74.36841140328585, 40.618707496394364, 95.43811331676454, 59.06236573910265, 70.75056269607964, 36.08926774677087, 101.67371233220516, 90.41026986622506, 45.860221140242956, 24.37884806306351, 58.850748045251244, 25.866302448851275, 13.432973943213737, 64.9403414872532], [81.99624772897016, 53.60223390858605, 85.88173218178407, 83.53304218216833, 101.6775814431191, 90.14699122972095, 24.09706744944723, 68.78685097266934, 83.94835105136755, 65.27160245167745, 57.68245060768674, 79.80007801664982, 107.52476205165924, 79.9784234564943, 73.96117559198251, 41.7670878415056, 125.18039933860679, 69.94056301814274, 79.1082499487182, 57.497878337573674, 0.0, 60.21775738050079, 38.975990329139556, 101.4252185535473, 122.98022487331284, 76.80345238821451, 83.90157045687627, 99.01990170931904, 89.25807134653927, 72.89192620496175, 29.040318791718363, 13.975153970380607, 118.43219577938774, 18.00231309071378, 88.2323177894109, 42.02496969208806, 56.68312487356032, 27.616723935272926, 92.65370792484951, 91.94403994652401, 43.789587430277074, 77.66649797535344, 2.1515252791493293, 76.83662447555486, 44.975299917814105, 87.19325251290704], [59.745540776123725, 21.682629313733322, 34.19464877450016, 67.0082966991576, 56.16851577588123, 44.751347856630844, 48.74422388725465, 22.480285761287753, 77.98047759141643, 17.938865188479983, 2.9788486514623354, 66.59300902574738, 60.902473711765495, 19.779863231996575, 29.067538629294372, 20.95783268345216, 71.23429066661683, 19.40174021966645, 19.085107342286253, 14.132332377640266, 60.21775738050079, 0.0, 24.486833383348863, 59.46843784463118, 71.21254299453713, 17.880364165987206, 66.92160419708934, 51.314836881584675, 52.94477482735009, 63.11823902773759, 63.981416599810615, 46.8873492717544, 63.00543244297969, 45.62842614500596, 83.38722428956362, 51.58046734928498, 61.1897010892847, 34.4940698453169, 89.69780306849383, 77.40046126021062, 37.38621505375033, 34.662675646984574, 61.14461238672129, 16.69190507386589, 16.905242705362273, 50.84445880035836], [53.23157441134319, 31.397081494262604, 47.04899020703193, 58.09346945430627, 64.44460488338106, 52.56714005406249, 24.26266721585992, 41.89497254035177, 65.0663419856862, 26.321862022216454, 22.877277605477005, 56.00658004093911, 70.12916089997984, 43.11889556757477, 35.71706036758638, 18.243492903914355, 86.41390977497488, 30.966934862275558, 41.82817008538983, 29.4443467665569, 38.975990329139556, 24.486833383348863, 0.0, 65.28106884166573, 84.57185816106602, 42.36351615813312, 58.22947358738514, 61.145477312165504, 54.56640690452317, 50.5601179561408, 39.56559129159647, 27.731823466981215, 79.49023004326503, 29.15115367075478, 70.37472138163653, 29.750096410144316, 42.54145673194564, 11.389157581898088, 76.29997066205966, 68.28600135330733, 17.656085876475608, 53.81416619105514, 39.41217739355543, 39.87529733556596, 17.40372214061186, 52.356465953633816], [30.481977891762536, 81.14074660832247, 27.237758992926032, 37.64825837918785, 6.768989391783285, 14.800533429644585, 79.03894704553089, 78.29047647264984, 52.52918015265202, 42.70852164872746, 61.98196164240058, 41.64074851537399, 9.882225174835746, 52.87083761979057, 31.136321200481742, 76.53242834458035, 34.099193132557694, 40.12037856647811, 50.895715101827044, 73.4873630735921, 101.4252185535473, 59.46843784463118, 65.28106884166573, 0.0, 28.146839760320802, 61.81655749847648, 37.07527782194026, 12.002060008449018, 13.345846092161713, 45.50331374284046, 86.61753942104231, 92.49876534182717, 33.99882795825025, 94.42203779655492, 55.87531173279702, 66.0173721309142, 60.53589761594874, 75.25674716020275, 60.9326592264805, 42.539608631939394, 58.103587270180185, 88.1537449076805, 101.17637395371243, 52.58647672202876, 72.87473669504018, 14.934824814058166], [58.62382806396836, 91.8258210144167, 37.95396025571311, 65.6793836979241, 23.83392511774608, 33.47513731990543, 102.41194584274787, 84.33408215202496, 80.34812788220115, 58.669642683605616, 74.14303633097914, 69.76303467796934, 18.4577044342496, 57.09197906812505, 49.02403279731445, 91.3458003720367, 7.203251438968383, 54.475764809127476, 55.965339219928204, 83.6707963291386, 122.98022487331284, 71.21254299453713, 84.57185816106602, 28.146839760320802, 0.0, 66.11355578005349, 65.09636997639745, 24.465975425912216, 40.81421073953034, 73.59318353017478, 111.96202725144335, 112.28091334702995, 13.705166851010011, 113.07409076342056, 83.35110612774402, 91.65790914123203, 87.94646899632333, 95.60367110433126, 88.01060781295311, 69.64350359975509, 81.66547669500929, 91.29908910132248, 123.0759848137428, 58.41400564307224, 87.32453231741962, 41.87645186642359], [70.10589675346792, 28.818461867759176, 34.580617912003675, 78.20550396484153, 56.891975598951674, 47.407321715599544, 66.61341137417305, 18.251927389677846, 90.79606139291705, 28.72077931347475, 19.707774402706733, 78.68350225260006, 60.339906487630735, 9.243367302007822, 36.26849775455298, 35.493198721716986, 64.36801941004063, 26.965123260812298, 10.966342708940813, 21.368949833581176, 76.80345238821451, 17.880364165987206, 42.36351615813312, 61.81655749847648, 66.11355578005349, 0.0, 78.00445212097019, 51.29889755949569, 59.017967961608534, 76.34678648755389, 81.85408987878753, 63.07307941801567, 55.334972758068126, 60.94099728968943, 96.08678309331367, 68.78002553963165, 77.10216715113627, 52.104953938102454, 102.43077225450398, 88.21044873683176, 54.42204311480363, 26.39586753362069, 77.9087903399776, 9.304643823732127, 31.92527061310928, 57.23979446453264], [8.32850629488294, 85.50177379805358, 49.909598092098584, 0.6087602841943941, 42.63278780063789, 39.83569533033889, 59.81399007357755, 89.33231241500985, 15.708668654816718, 49.91259459637178, 68.15581748878388, 5.356572503016533, 46.952876597436436, 71.31603754558321, 42.12143820378126, 75.29747596759836, 71.17418836257188, 51.040245918969646, 69.0109167594327, 79.91982292517461, 83.90157045687627, 66.92160419708934, 58.22947358738514, 37.07527782194026, 65.09636997639745, 78.00445212097019, 0.0, 45.34722281251518, 26.280416600014636, 11.941929888903463, 61.087564257175295, 79.62991085274551, 70.39013561961723, 83.55522665270065, 19.887686537622386, 42.207451078610866, 30.153050189674307, 63.797789135987976, 25.824531227514775, 10.49249631849674, 42.77179511515448, 101.29177342002717, 82.92513924691154, 69.40461193910505, 72.95900302977164, 26.437666405920147], [37.712807616106915, 72.88117217030866, 17.34242638301917, 45.86420023884627, 5.746123233057912, 9.01923237477184, 78.02584218825571, 68.46824265871062, 61.055853150285735, 36.19653780392345, 54.048222293348246, 49.230836392382045, 9.589149877918803, 42.15378092540027, 25.453330607642187, 69.99679191395539, 28.435082889754334, 32.66097841779716, 40.33535957407458, 64.9483945092792, 99.01990170931904, 51.314836881584675, 61.145477312165504, 12.002060008449018, 24.465975425912216, 51.29889755949569, 45.34722281251518, 0.0, 19.11570469093254, 51.790635565945955, 87.53066196254431, 88.85203636394665, 25.44296353617501, 90.08412464210232, 64.9632082231996, 67.30457392168084, 64.52037747981313, 71.89749057307495, 70.44562854324698, 52.31938575526074, 57.224068786841286, 77.69013314662347, 99.02378221111542, 42.26610703960423, 66.12426385116753, 19.389703044674285], [18.610280208706243, 74.17069615096197, 26.20234276881658, 26.78525970947088, 17.15243272313971, 14.178589313327263, 66.38727393435933, 73.7156316274602, 41.98234799661253, 35.13702674182798, 55.08684248577016, 30.12388222966573, 22.38174195840372, 50.86038492075133, 23.944977636773693, 67.68307693251523, 46.16453011383861, 33.87071197361261, 48.646049640675756, 67.05217511247379, 89.25807134653927, 52.94477482735009, 54.56640690452317, 13.345846092161713, 40.81421073953034, 59.017967961608534, 26.280416600014636, 19.11570469093254, 0.0, 33.02886291939216, 73.40108359383618, 81.08822931883765, 44.40606112839137, 83.45846200924024, 46.02545326001219, 52.78776419103809, 47.29499455638101, 63.84044251497188, 51.67258142299346, 33.893761262254394, 45.5883162986193, 84.61626618608913, 88.88937032072504, 49.76811972100748, 64.32114353054509, 2.228149024317104], [15.159501345109737, 79.82469064900505, 52.56670827392429, 11.426862930023312, 50.16270886982622, 44.78320499246114, 48.91818050397922, 85.54082499232892, 14.927067184378224, 47.63030857259591, 63.870809984850624, 7.029458848871316, 55.1508204843072, 70.76590229810267, 42.34250740170429, 68.40592879805489, 79.16496738023736, 49.82760860666404, 68.49420817422781, 75.0888361264769, 72.89192620496175, 63.11823902773759, 50.5601179561408, 45.50331374284046, 73.59318353017478, 76.34678648755389, 11.941929888903463, 51.790635565945955, 33.02886291939216, 0.0, 49.24800101881846, 69.60385486585542, 77.23196041674512, 73.8909695329426, 20.349643211262084, 30.910677981782477, 18.21198874087444, 54.59326131032432, 26.610812085941063, 19.106421967804632, 33.7796649130343, 97.77863278970402, 71.80632179141996, 68.43710191577773, 66.55716826512123, 32.42388279435177], [61.4230440562086, 67.15841905944279, 78.5520919804539, 60.610071408684405, 88.67154024901731, 78.57834870491745, 15.794962598728084, 80.21090927406419, 57.741389124860646, 60.717824435715215, 62.44227596508741, 56.25387080824037, 94.52866793250989, 81.74778918974123, 65.40065304083967, 52.98961438972314, 115.66237192180213, 65.39856444933459, 80.17561468691869, 67.65688503006393, 29.040318791718363, 63.981416599810615, 39.56559129159647, 86.61753942104231, 111.96202725144335, 81.85408987878753, 61.087564257175295, 87.53066196254431, 73.40108359383618, 49.24800101881846, 0.0, 34.17816204563822, 110.58368289483451, 39.97536305166122, 61.419034951379516, 20.614586239407014, 31.28077484833747, 31.681675941251374, 65.18156919180437, 67.43111556281514, 31.355905726495664, 91.39781555080121, 27.213882122085327, 78.52363956996209, 54.333214067870095, 71.68548515593884], [76.43586969307404, 39.71687175057074, 74.61677872728131, 79.34514710317008, 92.0215486742685, 80.207122466857, 22.46270904927047, 54.83959980595117, 82.26900177310354, 53.7963620617504, 44.23876261619007, 76.16270720423968, 97.7562566432678, 66.66168061624558, 63.44303590028067, 27.842428569043797, 113.97337294549756, 58.28989269078917, 65.92348774080273, 43.531989027150956, 13.975153970380607, 46.8873492717544, 27.731823466981215, 92.49876534182717, 112.28091334702995, 63.07307941801567, 79.62991085274551, 88.85203636394665, 81.08822931883765, 69.60385486585542, 34.17816204563822, 0.0, 106.80282763382594, 5.8035730289545, 87.03587400556495, 40.14740183951904, 55.582882539253525, 17.262229218099296, 92.10785400724173, 88.62567320739817, 37.218556849248145, 63.94702148544409, 15.444954635188196, 63.57484655641248, 31.163802366954684, 78.92968398166194], [63.00440223270303, 82.4981355738079, 32.683305962510914, 70.93059306743564, 27.826083169160984, 33.23840747334047, 99.5079610200284, 73.54953566237253, 86.05550529051149, 53.16927688835775, 65.98370678093241, 74.50093760410157, 24.52418363146894, 46.736447739591746, 45.441476808886456, 83.77272412315446, 9.243771212140581, 48.55341297179877, 45.987462472335515, 74.36841140328585, 118.43219577938774, 63.00543244297969, 79.49023004326503, 33.99882795825025, 13.705166851010011, 55.334972758068126, 70.39013561961723, 25.44296353617501, 44.40606112839137, 77.23196041674512, 110.58368289483451, 106.80282763382594, 0.0, 106.941598707829, 89.68073362095399, 90.94831522814165, 89.55416684701666, 90.81696154197934, 94.87866946119, 76.51296771573142, 79.44228080886347, 79.52152632200142, 118.75783345018716, 48.55879151478604, 79.70070359794255, 44.81758780802873], [79.93702805645758, 35.97358005986672, 75.19052835334708, 83.29900044096205, 93.54400897775005, 81.62892450758095, 27.832679061417995, 51.30647010683137, 86.91688584391979, 54.40538187018556, 42.829557930525525, 80.30589112207385, 99.18631784988519, 65.25158310801176, 64.63404273727143, 25.44956512683192, 114.40825931872963, 58.70430523993635, 64.70403229878809, 40.618707496394364, 18.00231309071378, 45.62842614500596, 29.15115367075478, 94.42203779655492, 113.07409076342056, 60.94099728968943, 83.55522665270065, 90.08412464210232, 83.45846200924024, 73.8909695329426, 39.97536305166122, 5.8035730289545, 106.941598707829, 0.0, 91.78142120386912, 45.085997973052315, 60.52039545198126, 20.018573157543692, 96.98487753917915, 92.80129896003055, 40.840664608109556, 59.76025723901438, 19.804935735392146, 62.26426757779756, 29.15630333146029, 81.26843476916741], [28.127033453874553, 100.10480574595171, 69.62624132477167, 19.450178619450202, 61.85542544144912, 59.71733090838602, 65.15584162013197, 105.83721919494612, 5.422620042433503, 67.4702933388182, 84.19537829413784, 17.570764279583116, 65.70840880122972, 90.00346154979974, 60.998385720453555, 88.41861618729214, 89.77586605528234, 69.26985630556594, 87.70679258557185, 95.43811331676454, 88.2323177894109, 83.38722428956362, 70.37472138163653, 55.87531173279702, 83.35110612774402, 96.08678309331367, 19.887686537622386, 64.9632082231996, 46.02545326001219, 20.349643211262084, 61.419034951379516, 87.03587400556495, 89.68073362095399, 91.78142120386912, 0.0, 46.95565725604064, 31.661324298612648, 73.28359542869335, 6.346676512864676, 13.941267403846199, 53.092722389688404, 118.04850662228625, 86.84753231552932, 87.86445246285577, 86.72298511611409, 46.29390302713667], [41.44144348330253, 61.022680729601, 59.6021071622062, 41.798664721597554, 68.20829096128308, 58.43067881608993, 18.28177803218367, 71.35142115606688, 42.330093527424964, 43.830646975722715, 50.85131639604365, 37.87195744582379, 74.04076189933296, 66.81115288591188, 46.444628631539885, 47.28564526364368, 95.6044751444527, 48.18317469440463, 64.94522888309172, 59.06236573910265, 42.02496969208806, 51.58046734928498, 29.750096410144316, 66.0173721309142, 91.65790914123203, 68.78002553963165, 42.207451078610866, 67.30457392168084, 52.78776419103809, 30.910677981782477, 20.614586239407014, 40.14740183951904, 90.94831522814165, 45.085997973052315, 46.95565725604064, 0.0, 15.442223306279864, 28.08854501717938, 51.960452791529775, 49.92474611375877, 14.388197791949873, 83.43325914873802, 40.90150820083761, 63.72274195880463, 47.06076059654692, 51.083065646974504], [31.920486095061133, 73.81684874825564, 60.824002756536274, 29.638323918398342, 64.11501609398675, 56.316185523833404, 33.51241092350395, 82.51416399689559, 27.265310481843066, 49.51224414905212, 61.08408071281709, 25.121016578226683, 69.61524894155939, 73.46966112574431, 48.44451619360114, 60.7068835969136, 92.82571175261353, 53.07780036234297, 71.36928521886527, 70.75056269607964, 56.68312487356032, 61.1897010892847, 42.54145673194564, 60.53589761594874, 87.94646899632333, 77.10216715113627, 30.153050189674307, 64.52037747981313, 47.29499455638101, 18.21198874087444, 31.28077484833747, 55.582882539253525, 89.55416684701666, 60.52039545198126, 31.661324298612648, 15.442223306279864, 0.0, 42.97277621155862, 36.531331595604016, 36.17010220750878, 25.029696431250663, 94.8139987914229, 55.37110191974384, 70.64511378454527, 59.86557006748631, 46.0830523893116], [59.95088295350143, 35.58083610958301, 58.294830493702506, 63.56680819582151, 74.9040775576952, 63.157913140321085, 15.909315063917361, 48.600368338321246, 68.21726354859997, 37.65495898456628, 32.40108607819822, 60.780929433421484, 80.67529670234771, 53.81074825930361, 46.60501085572356, 21.36460798081036, 97.62952580341259, 42.3310753942827, 52.672552937381546, 36.08926774677087, 27.616723935272926, 34.4940698453169, 11.389157581898088, 75.25674716020275, 95.60367110433126, 52.104953938102454, 63.797789135987976, 71.89749057307495, 63.84044251497188, 54.59326131032432, 31.681675941251374, 17.262229218099296, 90.81696154197934, 20.018573157543692, 73.28359542869335, 28.08854501717938, 42.97277621155862, 0.0, 78.80754454773873, 73.27697797556469, 21.03013504791235, 59.717906238480445, 28.023436975832908, 50.58758138935269, 22.69471622769066, 61.676994743588295], [34.13517437369135, 106.24767567330568, 75.70733930389507, 25.430241170467855, 67.09364622439621, 65.52941020918487, 69.99736363615548, 112.1385744988951, 11.71945978197765, 73.81696954681652, 90.4801811041613, 23.861474148785646, 70.68646979199787, 96.3175427722195, 67.28049610293964, 94.40929742348051, 94.58303549244748, 75.60438455548464, 94.01953924641992, 101.67371233220516, 92.65370792484951, 89.69780306849383, 76.29997066205966, 60.9326592264805, 88.01060781295311, 102.43077225450398, 25.824531227514775, 70.44562854324698, 51.67258142299346, 26.610812085941063, 65.18156919180437, 92.10785400724173, 94.87866946119, 96.98487753917915, 6.346676512864676, 51.960452791529775, 36.531331595604016, 78.80754454773873, 0.0, 18.415008179659345, 58.89341628322797, 124.36037700190701, 91.18645624127807, 94.19338174646896, 92.7947458469544, 52.065710655289585], [18.11146388111646, 95.95383860041136, 58.99671917058801, 10.4593013349461, 48.76944811174708, 47.99295674417258, 68.01133893747256, 99.79647323861646, 12.586911767853728, 60.303038076330004, 78.64733164302956, 12.501031159950674, 52.274894231833905, 81.298719703382, 52.12691044490026, 85.574470620779, 76.17962542005817, 61.27052517219036, 78.9957746735242, 90.41026986622506, 91.94403994652401, 77.40046126021062, 68.28600135330733, 42.539608631939394, 69.64350359975509, 88.21044873683176, 10.49249631849674, 52.31938575526074, 33.893761262254394, 19.106421967804632, 67.43111556281514, 88.62567320739817, 76.51296771573142, 92.80129896003055, 13.941267403846199, 49.92474611375877, 36.17010220750878, 73.27697797556469, 18.415008179659345, 0.0, 52.28304280716526, 111.72738521233123, 90.82083493096803, 79.49534777186102, 83.3166304299507, 34.556781163629466], [39.21768348310077, 48.79455182961945, 47.21876556720734, 42.53753458250003, 59.07888173656807, 48.20485263494271, 20.9650050234392, 57.850418643587055, 47.86768173113008, 29.875643442114626, 36.84577275527874, 39.799117291536106, 64.98295773111687, 52.475413867935295, 34.09832950408986, 35.89886321741855, 84.90582397473527, 34.40619876777464, 50.64246322681884, 45.860221140242956, 43.789587430277074, 37.38621505375033, 17.656085876475608, 58.103587270180185, 81.66547669500929, 54.42204311480363, 42.77179511515448, 57.224068786841286, 45.5883162986193, 33.7796649130343, 31.355905726495664, 37.218556849248145, 79.44228080886347, 40.840664608109556, 53.092722389688404, 14.388197791949873, 25.029696431250663, 21.03013504791235, 58.89341628322797, 52.28304280716526, 0.0, 70.08241522228181, 43.33504455322661, 49.36841634275567, 34.8638967092469, 43.57417937756008], [93.84388998885794, 24.559259418559403, 60.92053024625718, 101.41028372932999, 83.2878271837647, 73.63203906349203, 75.62343228681522, 12.334375003133916, 112.64278676516545, 51.474711976378934, 34.05729753192883, 101.18273833834891, 86.67628574490317, 35.55680784112065, 61.071010968148016, 38.462726640541945, 88.74415751837256, 51.19816967484191, 37.362175362597995, 24.37884806306351, 77.66649797535344, 34.662675646984574, 53.81416619105514, 88.1537449076805, 91.29908910132248, 26.39586753362069, 101.29177342002717, 77.69013314662347, 84.61626618608913, 97.77863278970402, 91.39781555080121, 63.94702148544409, 79.52152632200142, 59.76025723901438, 118.04850662228625, 83.43325914873802, 94.8139987914229, 59.717906238480445, 124.36037700190701, 111.72738521233123, 70.08241522228181, 0.0, 79.32424121288601, 35.5679399942175, 37.18405172570749, 82.71794734947704], [81.21324562705789, 55.15839428725498, 86.15251361819058, 82.54556367023436, 101.57162099165546, 90.11632655810762, 23.224411564425445, 70.2766576078992, 82.6295486279452, 65.635843836581, 58.66141126523375, 78.74441642069104, 107.4344416280728, 80.87327891221646, 74.0850992075043, 43.06609400942183, 125.39438215605165, 70.33625610956095, 79.95083799280624, 58.850748045251244, 2.1515252791493293, 61.14461238672129, 39.41217739355543, 101.17637395371243, 123.0759848137428, 77.9087903399776, 82.92513924691154, 99.02378221111542, 88.88937032072504, 71.80632179141996, 27.213882122085327, 15.444954635188196, 118.75783345018716, 19.804935735392146, 86.84753231552932, 40.90150820083761, 55.37110191974384, 28.023436975832908, 91.18645624127807, 90.82083493096803, 43.33504455322661, 79.32424121288601, 0.0, 77.71221846249088, 46.17172117167348, 86.84532706457763], [61.38628050135129, 33.96179077318131, 25.352768459666258, 69.633377181847, 47.79795138649497, 38.11975459076853, 63.89949179338547, 26.378283396437975, 82.63903669397448, 21.254777286763918, 19.43516557135686, 70.35967130429985, 51.45276907757602, 3.245401921169, 27.385531672715125, 37.237401903592726, 57.31879567566972, 18.621388614418215, 2.609017545082868, 25.866302448851275, 76.83662447555486, 16.69190507386589, 39.87529733556596, 52.58647672202876, 58.41400564307224, 9.304643823732127, 69.40461193910505, 42.26610703960423, 49.76811972100748, 68.43710191577773, 78.52363956996209, 63.57484655641248, 48.5587