instance_id,num_cities,city_coordinates,distance_matrix,best_route,total_distance
2121,99,"[[71.32046156552624, 89.26477826471587], [18.08377276398697, 59.498486214164714], [12.62004648240197, 71.60283172874841], [24.044948327885596, 71.85312294437745], [73.26939720948296, 13.160095064500654], [68.0344609914275, 70.83326210496176], [88.78057270048869, 68.35805018889974], [39.43193483152918, 34.858451365414], [39.40279968077952, 67.08242262994732], [97.47766933988161, 49.05280756453892], [4.606685331123861, 32.263400844837584], [11.28031836259209, 32.89934903818338], [50.65603558795664, 27.745997433282387], [61.42258354518815, 29.298858816086813], [33.43824925895493, 21.64397650175345], [84.38663793987024, 54.7134677392099], [0.5589134765834003, 44.79481206853341], [77.33806787711916, 62.23914950959141], [17.6332659831036, 45.70285565674681], [11.661502640421118, 77.97678075172439], [53.38090711260038, 51.74865714862181], [62.74886441457649, 25.017827994170794], [99.45637847852893, 0.9483868130306217], [25.78937518607207, 27.017198240153274], [32.99836756864559, 10.628732627081716], [27.100962126574668, 24.181735612525536], [45.50645460053303, 48.1725832993491], [58.7394759417318, 83.14257950818762], [51.37454808544641, 92.00024553279813], [47.73278772771307, 48.75007085401729], [36.97685846523212, 69.05242704652778], [32.17070680158734, 2.3124062519766286], [98.63173110806615, 49.22692763559661], [50.885471324509254, 43.03169965969994], [12.379449269071241, 38.42564282004224], [98.8223287494292, 46.55031665832028], [30.58633453378142, 66.86943661898933], [12.779074702498628, 17.664047048159613], [29.492016588917846, 20.523230603304455], [66.935022322589, 82.32056449722907], [9.921948275537817, 57.820853070121835], [4.6600496457106395, 81.14902271263732], [39.33784134014245, 95.66763558413078], [60.89964541174528, 52.72370087139072], [98.38117146269705, 91.07518331918534], [77.51246664308495, 65.1315015177102], [1.7339903161390335, 4.393051139793047], [53.017992679486625, 86.0726118188017], [32.181779779766295, 86.93713712061445], [19.08482217598505, 34.204560185285914], [25.93410348472873, 14.58507199140664], [26.504184193903846, 84.58354784566767], [77.25636038549976, 59.523845312201615], [25.952425839761297, 22.812631261553417], [39.51659566801751, 53.57313610192958], [62.25855729599936, 34.266124141903795], [12.769659098489184, 55.79791526000446], [58.40171447548263, 74.1576678129454], [94.68709935095954, 36.628498731358526], [77.31219976671893, 73.08752924626376], [68.48912487971003, 80.0776526930256], [22.226281550433168, 29.31105355391307], [90.89483134893202, 23.499214806584302], [64.43507725623735, 74.18548475732364], [13.562159205917002, 40.00220648931278], [31.734643305609577, 32.570069440147975], [56.10000537003954, 1.655988377753148], [77.8525748782498, 56.5023587975965], [7.6484624251007105, 29.841044862815437], [82.01158773939234, 1.0885649368585937], [16.821753290309584, 31.122301090000736], [12.299502754283264, 86.59404785149847], [53.609700545509874, 29.84611617087576], [98.8393626988487, 49.4616053079316], [77.74013809465903, 61.01336099008243], [27.920573283818527, 88.03793826241832], [22.981921539053886, 54.68309339825914], [46.203479331123596, 43.87374794780664], [0.2195961473512642, 60.83051473697125], [95.73933419621093, 68.00474979240009], [16.211735888018787, 57.58763037124025], [39.367296907629765, 11.988184593925698], [51.91162023477812, 5.638392005921666], [59.7990984058773, 2.4709173522679317], [35.46828039750648, 11.294505682000967], [35.40790094216702, 17.889119200766114], [20.28178028251234, 93.12029892538688], [25.246505524996753, 34.687641586991745], [21.583681638189532, 80.91797966890843], [61.420936844959094, 24.11861805222364], [91.43905218387111, 77.87473301682802], [70.24963199450531, 82.2385825929815], [6.112049768883876, 66.03789525160876], [8.270261774736998, 56.52276408796575], [83.84088142277221, 87.980657858281], [86.29253245462004, 87.29199334610638], [70.50783047533243, 68.75982524333462], [6.0328213665342805, 93.88472868459546], [79.92474197932154, 78.74661834932533]]","[[0.0, 60.99325517621306, 61.29994360821596, 50.3799552687039, 76.12963388293291, 18.7221416435261, 27.23869966942912, 63.062877701057566, 38.86893414664675, 47.97084641886869, 87.74898841136189, 82.3521730600965, 64.89667862046872, 60.77729415353205, 77.50893393864997, 36.93938310361186, 83.57496384344645, 27.68747361770541, 69.1372263748553, 60.71746262716091, 41.5846961942363, 64.81622402442203, 92.68988520643822, 77.12224741154553, 87.4769144507843, 78.68396641945716, 48.52763586514835, 13.991515889300867, 20.132616465069308, 46.88091161286831, 39.8499964325961, 95.35941640298746, 48.46581194022167, 50.54786230344505, 77.83739861591425, 50.80234176615564, 46.48462576451636, 92.48653246063557, 80.46750390093665, 8.213049506854757, 68.98186621036076, 67.1526321561604, 32.61724357351359, 37.99794397564006, 27.12120179122022, 24.914974883151643, 109.75193413379627, 18.578759214298156, 39.20783499790178, 75.89591317975278, 87.38981650573548, 45.06010026272041, 30.32751205896902, 80.46208117457687, 47.80563990057139, 55.740201509420324, 67.44054706858563, 19.87759574441796, 57.589735930193086, 17.251211913272694, 9.613518798985835, 77.48991946087627, 68.61680034352403, 16.57689988413646, 75.91325621649214, 69.14714033139539, 88.92110183897134, 33.40725420727873, 87.09364825266242, 88.82198362852138, 79.69100862506032, 59.08135391084504, 62.00200368480105, 48.389900774988774, 28.971621024101413, 43.417225144589196, 59.43490035403267, 51.87685832617344, 76.5757168140048, 32.37700034279395, 63.56424580268295, 83.62222587933816, 85.84914443666403, 87.55521744102903, 85.81807677364584, 79.90116843538425, 51.18409935393935, 71.42459851594285, 50.43229445840529, 65.8940268926162, 23.119057489817504, 7.107327316767654, 69.2215650180278, 71.04482518810886, 12.586098625862647, 15.101482941855183, 20.521049381008805, 65.45089689710278, 13.589162205410224], [60.99325517621306, 0.0, 13.280342059469145, 13.71760412168042, 72.06038884004575, 51.22058569451895, 71.24976768442247, 32.601768985895504, 22.627792650578158, 80.078105721571, 30.387197316428733, 27.455438264550278, 45.48816163853859, 52.82300649254543, 40.85001657284318, 66.47530618460522, 22.876160657422428, 59.31764260869661, 13.802984417740406, 19.56253875540837, 36.13789622777173, 56.425935556617894, 100.24776855699577, 33.38278564077456, 51.09498951804728, 36.44972670760572, 29.669505488704427, 47.03115295815476, 46.52569269027885, 31.537160954554977, 21.171359728248163, 58.89558092099503, 81.20023712423794, 36.702949307728275, 21.831262795538393, 81.77022390492328, 14.513612943643972, 42.16942164480964, 40.61057223311397, 53.919308606427194, 8.33245653731476, 25.474341464066168, 41.95167216198701, 43.348548615031206, 86.28302288307837, 59.69506275719555, 57.479773493184084, 43.89286813088791, 30.848555320840845, 25.3137273802112, 45.59432497109777, 26.46060554305922, 59.17259305548019, 37.52022994107215, 22.23680893446946, 50.87321185255942, 6.475648958722583, 42.90021012766245, 79.94439299697065, 60.76733214274087, 54.44448195065041, 30.470337537726945, 81.22436699745302, 48.62253957106788, 20.013743085145133, 30.190824707173636, 69.21696683265435, 59.84385085930066, 31.439776229763286, 86.59378979552032, 28.404235165777056, 27.7060866956651, 46.274772759270476, 81.37692722174664, 59.67559610136561, 30.187132485241545, 6.8687603972015605, 32.16908987388454, 17.913768620140324, 78.12005338846309, 2.675049928024387, 52.05974606180011, 63.602146289476174, 70.65629486257635, 51.24299800758265, 45.07177432040717, 33.693582876268806, 25.82407310474784, 21.703549525032322, 55.945016415561376, 75.62197739626802, 56.906843635683494, 13.641335053083518, 10.254751099294419, 71.66052916863084, 73.65401507879814, 53.23583593347347, 36.43678225116787, 64.76724530335191], [61.29994360821596, 13.280342059469145, 0.0, 11.427643145966549, 84.22527656483587, 55.419757963960414, 76.22961603640161, 45.486556751764134, 27.161553109233772, 87.8027320009388, 40.14728856611378, 38.72666321559187, 58.0530652218971, 64.58570854267859, 54.12286746318528, 73.72716097473358, 29.396272680163385, 65.39190192943181, 26.380696167699412, 6.44562118375691, 45.33912226292657, 68.43289384665617, 111.94909173767236, 46.489890643930806, 64.28932050934986, 49.58283246001275, 40.37935586875608, 47.54121950967573, 43.79458738695928, 41.89454949462774, 24.48997456123692, 71.99577335974824, 88.874580033498, 47.75512879318798, 33.17806128909642, 89.76893660614604, 18.579357782502367, 53.93901911226888, 53.79394971936547, 55.36231928140895, 14.043598886351106, 12.429453404756696, 35.957688283012985, 51.839572285151846, 87.9439766803127, 65.21429528110313, 68.08568737752857, 42.91117095579016, 24.85562977371976, 37.95291871789177, 58.5515929700161, 19.00705844942862, 65.75526585628647, 50.57900751257991, 32.38046143108474, 62.11289309971937, 15.805624584902247, 45.8528986177077, 89.20877274765604, 64.70918809010107, 56.50819862056396, 43.36904718081493, 91.87437023945184, 51.87935534255911, 31.614665772502878, 43.461757253845214, 82.35938149135971, 66.95750177283756, 42.056669985561435, 98.93153096570583, 40.69800610465096, 14.994642680658902, 58.513033030209115, 89.01687703042334, 65.97547439855067, 22.454817905606486, 19.840514102761883, 43.5516825075115, 16.42601539885404, 83.1971284580882, 14.468106368074528, 65.34004559471377, 76.77978298930557, 83.69638299087369, 64.49136363576234, 58.34765825993496, 22.840830969607172, 39.01485269940631, 12.927441214453003, 68.09021551336274, 79.06815038645864, 58.60280132163364, 8.562858122015207, 15.694873910089768, 73.07968608534564, 75.32453107442652, 57.957555344305895, 23.23519887322043, 67.68275794627017], [50.3799552687039, 13.71760412168042, 11.427643145966549, 0.0, 76.60233605710069, 44.0013333946562, 64.82990510926919, 40.067007361402425, 16.081765440015893, 76.89095458274493, 44.10433271516611, 40.99185626055198, 51.51299337074685, 56.63879421331336, 51.080255372095486, 62.7286799301653, 35.82940162060205, 54.15334778657431, 26.924824042227538, 13.814807708971696, 35.56385837829176, 60.75802805817897, 103.51021883476665, 44.869846992678966, 61.875598468422, 47.76924104987674, 31.958789235054642, 36.485093885778795, 33.953108421782524, 33.088740552065644, 13.231711805833655, 70.01385026454187, 77.94313875928358, 39.38385601851137, 35.40452366229524, 78.942312030102, 8.223555367634168, 55.34777190663817, 51.61810147987321, 44.148904628920285, 19.908885661999193, 21.498559240556617, 28.30200680081371, 41.52352930555793, 76.7812586182412, 53.888363394981766, 71.05378339878602, 32.27431119094125, 17.13871377161174, 37.973900632777, 57.299202151152926, 12.96578417266386, 54.62110819176482, 49.07757425700097, 23.948482005702953, 53.60095511597774, 19.618915387831514, 34.43397024991327, 78.93723869071674, 53.28155248081675, 45.19875793598912, 42.580925505095536, 82.504589521588, 40.4574149751979, 33.53162308632214, 40.028611035940145, 77.16971156704231, 55.95450504538088, 45.09833095239209, 91.47542814692451, 41.36634375290901, 18.848086344237593, 51.367919869881206, 78.07422419184579, 54.77840672487282, 16.6423771041922, 17.202905003758797, 35.69097815163086, 26.25157706158756, 71.79759704163635, 16.27462735310141, 61.79470211678811, 71.83969652231616, 78.05286478166774, 61.626606594098874, 55.1473516331918, 21.597550970999993, 37.184899411241034, 9.393053877950559, 60.62629359384809, 67.66258214416592, 47.357476335264934, 18.8522073998296, 21.996832465526662, 61.93263273176215, 64.13361403270726, 46.565737491366015, 28.45748353534174, 56.30338904031532], [76.12963388293291, 72.06038884004575, 84.22527656483587, 76.60233605710069, 0.0, 57.910264665981614, 57.33594697070898, 40.196921851564994, 63.67545711062081, 43.29350124614362, 71.2706411801354, 65.05600697647837, 26.90934171877031, 20.02015707795605, 40.7246435380129, 43.01483258250176, 79.29419754684129, 49.24741278712889, 64.45471561339134, 89.42446766243003, 43.412315787733206, 15.852048464475693, 28.894355961059002, 49.46081074713864, 40.350509589381616, 47.46578724064927, 44.68394918427923, 71.47493785207467, 81.82391914365941, 43.803707611602924, 66.64158718767195, 42.50617256137525, 44.09154558976913, 37.327642560385826, 65.92369576695167, 42.04591785619096, 68.6042069380194, 60.65776702508988, 44.39228332672949, 69.44994483340555, 77.50795179899572, 96.59056297522068, 89.21235747536652, 41.452257646364934, 81.86184815822136, 52.14432593238769, 72.07062854293717, 75.67267991080921, 84.44669466947975, 58.127770332094386, 47.35673754864213, 85.37151021023398, 46.534860184576736, 48.29148200913359, 52.654206838489806, 23.8055258084452, 74.01487703511332, 62.783372568544785, 31.77237692857742, 60.063646410506436, 67.0880803311121, 53.5373992299762, 20.434121601996992, 61.6615228176958, 65.46337308569198, 45.84629632935043, 20.66718381387302, 43.58391151620881, 67.70791067630168, 14.904621259321122, 59.236621690710066, 95.44565706097484, 25.786177950247495, 44.402959147800914, 48.06165398534294, 87.53974659212157, 65.21494920590911, 40.93766461382847, 87.22810525837694, 59.26916753599656, 72.31447025946123, 33.92234925573342, 22.643556571410524, 17.19614695279477, 37.84712480462401, 38.15568855205421, 95.92352031214173, 52.62730645793981, 85.22056160446776, 16.13924530708131, 67.21696755425015, 69.14446052415242, 85.47614326749348, 78.13583475015179, 75.56370091022444, 75.26712691771534, 55.66826965863325, 105.05819151395636, 65.92333161025971], [18.7221416435261, 51.22058569451895, 55.419757963960414, 44.0013333946562, 57.910264665981614, 0.0, 20.893248313133636, 45.959672654120894, 28.87630215548699, 36.623636054301116, 74.23420318720363, 68.26429862008466, 46.45989718446815, 42.057384368586156, 60.13720715490592, 22.961739074976613, 72.32530948933132, 12.665538772014111, 56.318893690479904, 56.82376520348634, 24.061354650543773, 46.119318446107236, 76.62396944256398, 60.86456052011563, 69.65711171146008, 62.063807918894135, 31.95336345174518, 15.424527286352266, 26.936849954461536, 29.99708774418623, 31.108616944192246, 77.3389717504367, 37.45699704718233, 32.66519127441107, 64.40290457372167, 39.211659498786425, 37.65732448901669, 76.68196100580126, 63.376804039161655, 11.539795563090692, 59.551548452113515, 64.20849578000559, 37.950521544682, 19.464372618415812, 36.478188152235525, 11.060861852820777, 93.86188813816239, 21.394674577198828, 39.30330190435362, 61.13696872173771, 70.25880011245914, 43.747391337427096, 14.592680926641123, 63.850439850520765, 33.33437553404439, 37.02048949309255, 57.27355395829636, 10.190263919630452, 43.36276016316522, 9.547678101344859, 9.255564628697238, 61.82623315919478, 52.565279096826885, 4.918633955089506, 62.59221718542146, 52.74228547312184, 70.19919110152215, 17.37153274468507, 72.98514024977783, 71.13144772320533, 64.80510670319042, 57.9205312220498, 43.45135033280522, 37.49252836838198, 13.806905009385746, 43.647736123441916, 47.85978750854038, 34.690159466949304, 68.54860209171422, 27.848886534212465, 53.48870532335623, 65.45646983978914, 67.15889428284972, 68.85660009760608, 67.86324214822434, 62.1898278539818, 52.697538131516, 56.01173998035015, 47.53289840592274, 47.18046916479257, 24.44089199452565, 11.61844731482308, 62.107813959855584, 61.45363993700224, 23.321151514738347, 24.581436240042525, 3.227490824629308, 66.14811734015639, 14.282856472753707], [27.23869966942912, 71.24976768442247, 76.22961603640161, 64.82990510926919, 57.33594697070898, 20.893248313133636, 0.0, 59.64487556241686, 49.394247580614866, 21.17384902988537, 91.58639105315441, 85.22680863281502, 55.70295467091383, 47.687314888967755, 72.42221651092619, 14.334618687183667, 91.31422313602607, 12.975818361709408, 74.66724243218951, 77.71660662027021, 39.102535223444995, 50.55714287982763, 68.2498025305453, 75.34558383972096, 80.2765751357409, 75.8677871701848, 47.75041749428014, 33.48208179999978, 44.25114776116208, 45.49058699080945, 51.80836773908761, 86.98680359764016, 21.51848442899006, 45.57919195667753, 82.0553512726496, 24.008625664273104, 58.21327448412407, 91.357044897325, 76.1794122488572, 25.926432016836685, 79.55950709572954, 85.08743372033531, 56.48360061850504, 31.965277803612025, 24.662514759286747, 11.720956891331605, 108.02142661596167, 39.90949540520615, 59.57017568631998, 77.61416443279408, 82.71161875526033, 64.35538314416965, 14.520697134931897, 77.60000788157566, 51.4347462092984, 43.193480094914904, 77.04165091716744, 30.92750542219918, 32.27462614453463, 12.405303297463854, 23.432710844417812, 77.16308454629726, 44.90863170360674, 25.03322076911648, 80.38571764036053, 67.34253950214945, 74.2777525972484, 16.123850494490444, 89.81079565969407, 67.60919170851054, 81.02205071375894, 78.6250956811289, 52.15514653368828, 21.406888736352474, 13.26030375643125, 63.96278233147235, 67.2046645545536, 49.11506831937455, 88.88031479481492, 6.967724357673262, 73.3637377684883, 74.96154728776999, 72.75352347830608, 71.97944238267748, 78.09256444943675, 73.45580362167813, 72.83717131526095, 71.90461812206058, 68.36061729520361, 52.01612278825433, 9.881030574335362, 23.153076324096453, 82.70107497866219, 81.37557472885936, 20.23480372194425, 19.09671562718035, 18.277158740388913, 86.59562151661346, 13.650937190749078], [63.062877701057566, 32.601768985895504, 45.486556751764134, 40.067007361402425, 40.196921851564994, 45.959672654120894, 59.64487556241686, 0.0, 32.22398443573479, 59.75606280974151, 34.92180250172984, 28.21970219089299, 13.287868103165751, 22.682541748271618, 14.510224418154296, 49.144145193123386, 40.12284951601228, 46.760854925167145, 24.347136751519624, 51.28730089551691, 21.905544483011585, 25.308438780680337, 68.9407449414253, 15.735459454819424, 25.069305093375405, 16.310890445291754, 14.634408070648059, 52.0013285813925, 58.376456315884184, 16.18274546608909, 34.28199779541664, 33.346221450543894, 60.9185438886246, 14.070731533082219, 27.2866602936484, 60.530311446008625, 33.21065825201501, 31.717857633876896, 17.444211904474624, 54.85500892788282, 37.39132517821695, 57.895604280706145, 60.80925701676477, 27.929012468519606, 81.45755613176472, 48.6475535723468, 48.46932670867937, 52.98557538418722, 52.580930557223134, 20.357616930595132, 24.355725452326315, 51.378127218877474, 45.15604972800532, 18.077581271666933, 18.71487622840194, 22.834306310356045, 33.90188926088797, 43.63806770619058, 55.28350815339962, 53.81799761399751, 53.750315926542896, 18.077835249507487, 52.70163159865514, 46.60228198831702, 26.37619206205007, 8.030254583192118, 37.151421559931535, 44.097667858204886, 32.1770645992222, 54.345488047782126, 22.916787039359992, 58.41866837062721, 15.037704104780525, 61.17593146720072, 46.38531809445577, 54.41111349081883, 25.760810721968053, 11.275166844818209, 47.03355802891019, 65.3391178592471, 32.49297181322592, 22.870358113948456, 31.773486065213557, 38.25929575301859, 23.89498049053791, 17.439927834050472, 61.328389024600575, 14.186457647736937, 49.396763958724705, 24.47162089322524, 67.49178277697251, 56.52085715530528, 45.633019422784876, 37.95250075342764, 69.23960831788897, 70.32205866038237, 45.98928615313689, 67.82036710611732, 59.71464336254541], [38.86893414664675, 22.627792650578158, 27.161553109233772, 16.081765440015893, 63.67545711062081, 28.87630215548699, 49.394247580614866, 32.22398443573479, 0.0, 60.809189316488165, 49.22533749916052, 44.26461877924343, 40.91441879869976, 43.73177993074761, 45.82824727478964, 46.65336804143009, 44.78375910954536, 38.24319374276395, 30.512267719325834, 29.80380177707079, 20.74877951137886, 48.10892703466621, 89.33164623945267, 42.314861832193756, 56.81580647688264, 44.629633135135975, 19.870496392603545, 25.13634197282024, 27.644541198625106, 20.136132262639233, 3.1250773082658543, 65.17252633599418, 61.86182198667854, 26.651248065884264, 39.3887356556079, 62.86690552564383, 8.8190374037701, 56.13375612643224, 47.602331704106, 31.46782882827431, 30.90141210833945, 37.48236809335308, 28.58528676123499, 25.851252714725206, 63.67182189585226, 38.159570348262655, 73.13615040990463, 23.36665927813655, 21.127063589546385, 38.649373200808974, 54.19757929361238, 21.740829452773685, 38.60083093787335, 46.267990925306776, 13.50976580192244, 39.99118781209239, 28.925149677371337, 20.273575357492476, 63.11731355851027, 38.382078113999384, 31.857343234649584, 41.493482584137396, 67.46054646597868, 26.020538276525652, 37.43096053235325, 35.35396929471304, 67.5234402025411, 39.878853587241174, 48.94137464908006, 78.55379095269325, 42.46214781727704, 33.3959911227694, 39.85446713850494, 61.99353374745432, 38.814752683081736, 23.895086491866998, 20.576408927244806, 24.184536882232035, 39.67883304035442, 56.34408406037845, 25.059459688427076, 55.09424947502882, 62.704381752620286, 67.75437709794856, 55.92648853076159, 49.35524610623736, 32.30455671891387, 35.35282878421588, 22.559778509420315, 48.27718786314563, 53.143631208756126, 34.36911765838916, 33.307132376421706, 32.87463011190269, 49.106815663070556, 51.059512219895005, 31.15022664857325, 42.80092361784061, 42.16730095021882], [47.97084641886869, 80.078105721571, 87.8027320009388, 76.89095458274493, 43.29350124614362, 36.623636054301116, 21.17384902988537, 59.75606280974151, 60.809189316488165, 0.0, 94.37639455263425, 87.69787647294957, 51.44167129058713, 41.111892474309414, 69.65839033834838, 14.262474425189685, 97.01224543187115, 24.072456479776932, 79.91464775111247, 90.5594318219953, 44.17909057358896, 42.23470296436226, 48.14509929051459, 74.99853063214023, 75.05990868436656, 74.64215389597058, 51.97866828075256, 51.60193968178364, 63.007779023217665, 49.745802799076046, 63.72074148905092, 80.30980308055516, 1.167123114298722, 46.97964087033214, 85.75921926957326, 2.8408748060046323, 69.22342770338433, 90.32777103583557, 73.72913766999875, 45.16189697250866, 87.99365268634523, 98.21037395573228, 74.51967385285164, 36.761763996816086, 42.032087506459014, 25.634619520560936, 105.64727122325061, 57.854375424602104, 75.49023525834394, 79.78664635575015, 79.413516549829, 79.37045482225331, 22.771560494211652, 76.18666097266153, 58.1370744988188, 38.19727555468799, 84.97613474899451, 46.44549770060137, 12.733841951481761, 31.373779010889393, 42.46029586762118, 77.7978676806377, 26.38787332951407, 41.5146281987787, 84.40216952701158, 67.77777016264419, 62.91716414958664, 20.99143030386261, 91.86064576871782, 50.39611345054278, 82.6249348334331, 93.08418117578937, 47.888366859138, 1.4217328859029814, 23.078669326922178, 79.73725620613696, 74.70820944831914, 51.53508726652054, 97.96860306936685, 19.0314981880016, 81.71288233898242, 68.92460852386994, 62.93708214832501, 59.912830039790826, 72.60064516283326, 69.45380926472124, 88.88840803049672, 73.6457671534163, 82.3121288906178, 43.838359513632064, 29.447721201039897, 42.92623535694238, 92.9309939865583, 89.51961692811084, 41.24729704099673, 39.84146855199078, 33.40267585347189, 101.8433177591126, 34.49387855616988], [87.74898841136189, 30.387197316428733, 40.14728856611378, 44.10433271516611, 71.2706411801354, 74.23420318720363, 91.58639105315441, 34.92180250172984, 49.22533749916052, 94.37639455263425, 0.0, 6.703865149547954, 46.270396504235784, 56.89318763535, 30.725091568669047, 82.87850349647736, 13.168930261937742, 78.66638109805484, 18.71659021093006, 46.254551665527174, 52.52237545668343, 58.591904854737365, 99.88540631127837, 21.822671496870456, 35.69518859970882, 23.902004130982785, 43.88499985942627, 74.29030785202748, 75.86648535341986, 46.170022697770925, 49.00265867890019, 40.70426705796037, 95.54302943981257, 47.51507437001156, 9.919127249714537, 95.29272494890051, 43.27262280813373, 16.73108123576999, 27.515655709256112, 79.94086079749171, 26.104317352038667, 48.885650994454096, 72.29350026522565, 59.895919993059685, 110.6909210687607, 79.97227638719299, 28.018007947221992, 72.3815298596142, 61.234004215017244, 14.60768791025934, 27.70166197448744, 56.71770657064617, 77.59579317246939, 23.344328724090875, 40.89995912537448, 57.68664699615509, 24.90998814701428, 68.18383067441648, 90.18611350725742, 83.38285968399414, 79.79454093157449, 17.8652323090893, 86.73208806493533, 73.05407312334135, 11.835946313035713, 27.129691290038906, 59.903052564626705, 77.1523649552325, 3.8884722440928807, 83.44692511245087, 12.268251460498124, 54.872567318000115, 49.062600474254495, 95.7892254934975, 78.58156349595876, 60.451107480474796, 28.987789151419747, 43.18672748576622, 28.902016324687644, 97.89077440575635, 27.85666526226734, 40.24157689745716, 54.28303567332355, 62.7199691778404, 37.31129338942038, 33.99021706169378, 62.84322275091729, 20.781701586042548, 51.53141220806824, 57.3950926631902, 98.08289124895192, 82.50160748380335, 33.80802559339261, 24.53443492971124, 96.86315377578771, 98.4922515376407, 75.33226350769804, 61.63782855297885, 88.50705715834546], [82.3521730600965, 27.455438264550278, 38.72666321559187, 40.99185626055198, 65.05600697647837, 68.26429862008466, 85.22680863281502, 28.21970219089299, 44.26461877924343, 87.69787647294957, 6.703865149547954, 0.0, 39.71151142648194, 50.2713664771627, 24.852712377964146, 76.29147879571872, 16.01407391753127, 72.28035806929871, 14.292995669227652, 45.079043372088286, 46.12760550190704, 52.06850878095562, 93.78636129354015, 15.656066808676348, 31.10713771221955, 18.063486732800254, 37.47932879034176, 69.11406402595333, 71.4175274252489, 39.74956483910278, 44.35490077459336, 37.04010526630279, 88.86427365080341, 40.88071269259139, 5.634537400087925, 88.59995767231, 39.0728692400475, 15.308843760834199, 22.018952286630412, 74.43052203447395, 24.95849619883635, 48.70173474913407, 68.75378092548749, 53.432972427309494, 104.74247612624339, 73.6587341685469, 30.062291979193294, 67.59755418741013, 57.93922359002882, 7.912891754079917, 23.45519477966121, 53.87970394519017, 71.14563881822758, 17.80484802875294, 34.99561154810703, 50.99655791262495, 22.946949053038136, 62.63126088262806, 83.49010523574397, 77.30005944503417, 74.15281436912247, 11.519113446442253, 80.16753209139077, 67.30507704223233, 7.46038749699573, 20.456975190096646, 54.63471358763834, 70.63262282606728, 4.7480103179926205, 77.55538957928441, 5.819398634589962, 53.70437056215153, 42.43935469501775, 89.11169719976927, 72.16166092081276, 57.59480970957642, 24.727697734413393, 36.60689284085038, 30.041464565095126, 91.46428000972641, 25.175982880321673, 35.01649842865779, 48.929157668444766, 57.27094788593179, 32.431878820809, 28.41561614511111, 60.88997554616728, 14.080212146677347, 49.11158908484774, 50.903662524832896, 91.91413260134257, 76.88783985776855, 33.539144971153334, 23.814411167954034, 91.09876998590782, 92.65739051903235, 69.2377927487945, 61.21072418572295, 82.54713197296066], [64.89667862046872, 45.48816163853859, 58.0530652218971, 51.51299337074685, 26.90934171877031, 46.45989718446815, 55.70295467091383, 13.287868103165751, 40.91441879869976, 51.44167129058713, 46.270396504235784, 39.71151142648194, 0.0, 10.877956305739202, 18.267096800531146, 43.18562248855516, 52.9186519509803, 43.60858157793363, 37.58925470972799, 63.590134396624016, 24.156833365244548, 12.396750280554599, 55.673920296599015, 24.87733803698779, 24.592559735127132, 23.823212379903893, 21.0656971042933, 55.983241363239706, 64.25826529749439, 21.206519712485616, 43.512538585433816, 31.44161161133391, 52.56517595323877, 15.287424024730718, 39.738544082716786, 51.70681017461867, 43.97085846468853, 39.195789180556034, 22.362559354239945, 56.950757495608, 50.633613447516204, 70.48059188022411, 68.85819087171866, 26.996614811196388, 79.29864046270708, 46.031986755577144, 54.21002318911484, 58.374418943397615, 62.00717011081631, 32.22506088630124, 28.006854257542436, 61.756125709445605, 41.441632390031636, 25.191396078333803, 28.127001502816903, 13.309040622151578, 47.14114569310805, 47.05357254087256, 44.91807437337393, 52.596631031585396, 55.28671825956266, 28.472799568971183, 40.46227683870391, 48.44056122936649, 39.066229987946876, 19.526667832220813, 26.65193012721273, 39.58004634008754, 43.058571424170566, 41.15567224603184, 34.00232469963255, 70.24469125169222, 3.624173753211723, 52.85073922700375, 42.89832265501614, 64.43616511809897, 38.619473422329875, 16.73109661316318, 60.31931455731192, 60.44229442132214, 45.573378613209606, 19.3841245990863, 22.143231709423155, 26.87796999020084, 22.39016499643373, 18.15664227402145, 72.08602278487062, 26.340665169604, 60.60083711506196, 11.359620603133857, 64.62309628815127, 57.90812427915255, 58.740412929931836, 51.231397802944166, 68.77098450360712, 69.3951405948411, 45.565643108410676, 79.78447855933112, 58.80238522071908], [60.77729415353205, 52.82300649254543, 64.58570854267859, 56.63879421331336, 20.02015707795605, 42.057384368586156, 47.687314888967755, 22.682541748271618, 43.73177993074761, 41.111892474309414, 56.89318763535, 50.2713664771627, 10.877956305739202, 0.0, 29.012414389187633, 34.252739174512826, 62.80534134468169, 36.58367658522755, 46.76104623403404, 69.61110009749017, 23.846635087951686, 4.481768160302409, 47.437525439545134, 35.706183119285505, 34.007494259273365, 34.700989131191236, 24.68887677584751, 53.91053073733081, 63.501392998884754, 23.785713343700447, 46.66840110542804, 39.79875519432464, 42.209579353875924, 17.30958265202224, 49.88514013090561, 41.1868151114469, 48.604758712881534, 50.01559554182986, 33.1145399587227, 53.30748779123122, 58.87121189006354, 76.87928687747099, 69.94676810224887, 23.43067838555562, 71.98785654517272, 39.279289976859175, 64.67632810906493, 57.39247492165773, 64.63122875791618, 42.62102701342786, 38.41780498315537, 65.38877162291114, 34.12122942859929, 36.05833101430292, 32.697291059424614, 5.037119904182256, 55.401327146866535, 44.960409190230294, 34.06246663235003, 46.58248127472588, 51.26813741525181, 39.19630389176591, 30.037464294481378, 44.98760170033101, 49.04265357165179, 29.8676181610747, 28.15063275489682, 31.78010425483967, 53.776854388734016, 34.92460127848819, 44.63808912969715, 75.47062841260383, 7.83202600730056, 42.50354936153222, 35.66612166495442, 67.62147695632919, 46.065647295925494, 21.072458951923057, 68.84802823271576, 51.72799407975069, 53.33174797416108, 28.037387729434684, 25.500512009896823, 26.877018941535454, 31.58769671341399, 28.406792656429, 75.93248257974429, 36.57523206590734, 65.20484447319586, 5.1802410255905444, 57.101698257611154, 53.670579817070184, 66.40039114967851, 59.71859281531852, 62.81825863995717, 63.10085586879706, 40.4933276374525, 85.0844306608428, 52.79593535092217], [77.50893393864997, 40.85001657284318, 54.12286746318528, 51.080255372095486, 40.7246435380129, 60.13720715490592, 72.42221651092619, 14.510224418154296, 45.82824727478964, 69.65839033834838, 30.725091568669047, 24.852712377964146, 18.267096800531146, 29.012414389187633, 0.0, 60.73985149706762, 40.21208660253806, 59.79265963514262, 28.78588477960187, 60.39545949782457, 36.1109595430182, 29.504152838097873, 69.18598715214188, 9.347555104562481, 11.024023472397115, 6.826523969234943, 29.14461457607447, 66.49985145394126, 72.60657964373435, 30.64431727202673, 47.54032959678618, 19.37308112312767, 70.78848260036636, 27.601453941517757, 26.92763230275387, 69.96716108869413, 45.31529168410322, 21.03904303455163, 4.102294925399475, 69.30860073936925, 43.14838131593845, 66.09867848557306, 74.25838195563134, 41.47381759077784, 95.06984603167453, 61.91689163739579, 36.093690043511074, 67.33806799449366, 65.30524894028439, 19.073256971402532, 10.302443238719228, 63.32038296853573, 57.92159635054092, 7.57649696171991, 32.502577249228764, 31.463133448527984, 39.92094878536408, 58.145183555853926, 63.05519442553787, 67.6118528967735, 68.13999115796898, 13.582793910705096, 57.48652654866171, 61.0033887227854, 27.057042781364636, 11.058109248090672, 30.217128574427083, 56.46006674190083, 27.061135132354742, 52.743664602844525, 19.1297301412273, 68.30342869963219, 21.77527364139539, 71.07127486950102, 59.26724044023783, 66.62284072630966, 34.654264307397135, 25.63423174856545, 51.371818085495505, 77.6578810196745, 39.8584873823445, 11.330839482912484, 24.442671095107368, 32.59602069112836, 10.546685387949951, 4.240103902495562, 72.67707577451985, 15.402657701147152, 60.447814062505174, 28.091896613422612, 80.7836067416686, 70.89981795642545, 52.13004124820845, 43.01113132073914, 83.31254780906978, 84.28070578563052, 59.950454995747634, 77.26437571034572, 73.63223282919489], [36.93938310361186, 66.47530618460522, 73.72716097473358, 62.7286799301653, 43.01483258250176, 22.961739074976613, 14.334618687183667, 49.144145193123386, 46.65336804143009, 14.262474425189685, 82.87850349647736, 76.29147879571872, 43.18562248855516, 34.252739174512826, 60.73985149706762, 0.0, 84.41248200951196, 10.311072981924013, 67.35876927096477, 76.3552685585049, 31.14715791161652, 36.74267631786026, 55.83709346752479, 64.81298131086115, 67.70685490888343, 64.9140610348914, 39.426537075377134, 38.28826601625862, 49.800621228906145, 37.13578917682482, 49.53072726955194, 73.97550073927654, 15.265149906867558, 35.479457014639266, 73.82633988536546, 16.583914034950087, 55.156506651467495, 80.62445464210347, 64.67141384471107, 32.660537029570825, 74.52949651245541, 83.99504418582997, 60.882164374746054, 23.57112619720298, 38.961793188206215, 12.481572770589459, 96.7657195806012, 44.355245719941465, 61.34910010683646, 68.44663929745423, 70.90124772894917, 65.13524496937234, 8.601197032803118, 66.57492404603025, 44.88453018269027, 30.128820308268757, 71.62518889882371, 32.45447833439228, 20.81263100370264, 19.688926119286922, 29.934475105959937, 67.15052161303886, 31.885516580285802, 27.87874137163292, 72.33621496525043, 57.11884651493859, 60.12678020925464, 6.774519267963467, 80.66836431388555, 53.67747259341124, 71.56505279519604, 78.8221190248089, 39.567727372184365, 15.377363621761093, 9.157762563245564, 65.56627786746476, 61.40472391327294, 39.69197811267212, 84.38903476208539, 17.479756603173506, 68.2354605803676, 62.06602038814698, 58.84717353598236, 57.73933816097856, 65.40804209550906, 61.2776412990168, 74.72962904386462, 62.43868172157092, 68.05062649016928, 38.25530360812846, 24.211170065265026, 30.943284971259946, 79.08953035529478, 76.13787673549668, 33.27166645352134, 32.634226888660365, 19.74642893718739, 87.59970465509268, 24.44383038337594], [83.57496384344645, 22.876160657422428, 29.396272680163385, 35.82940162060205, 79.29419754684129, 72.32530948933132, 91.31422313602607, 40.12284951601228, 44.78375910954536, 97.01224543187115, 13.168930261937742, 16.01407391753127, 52.9186519509803, 62.80534134468169, 40.21208660253806, 84.41248200951196, 0.0, 78.73590959161396, 17.098481121871853, 34.99014906846259, 53.27775307838431, 65.25886220849686, 108.18141056344862, 30.864538737926843, 47.113046666402276, 33.606238520842076, 45.07428082151583, 69.6816268206106, 69.35835688113293, 47.3393967422647, 43.757269128875734, 52.95337837367302, 98.17291483183067, 50.35743232321134, 13.427262689670284, 98.27909532270078, 37.26841912920174, 29.755852381978578, 37.76551499095733, 76.24939292136392, 16.041950156433415, 36.58480489812132, 63.96756536477086, 60.85943811866112, 108.21768303100906, 79.59541621665056, 40.41884574950095, 66.7518669629526, 52.68758140230236, 21.33922979137703, 39.45286635311861, 47.50053228478234, 78.09892945898252, 33.58640711909549, 39.934445965407896, 62.5915275169024, 16.4368667478036, 64.86884402288518, 94.48176569858347, 81.80186306945916, 76.54666853499761, 26.63121508656265, 92.81207098531338, 70.3134122362496, 13.858335676963854, 33.486870004565915, 70.32617576792843, 78.17529496771118, 16.549225297162078, 92.43794774278739, 21.246588320599002, 43.41678878760551, 55.11669001013417, 98.39118689430248, 78.86686733138653, 51.1725355090709, 24.506517464246503, 45.653858009635364, 16.03929226370234, 97.96945287951276, 20.21551507060864, 50.81697974878869, 64.57805914947306, 72.80598584189671, 48.38320397422214, 44.02690354852392, 52.19525031069715, 26.676433350278096, 41.79622128535151, 64.27823027660915, 96.71339504640127, 79.11278151241903, 21.956910206218073, 14.036016213496742, 93.8131305392048, 95.68836836110262, 73.9403330109236, 49.3941654546323, 86.32299742046996], [27.68747361770541, 59.31764260869661, 65.39190192943181, 54.15334778657431, 49.24741278712889, 12.665538772014111, 12.975818361709408, 46.760854925167145, 38.24319374276395, 24.072456479776932, 78.66638109805484, 72.28035806929871, 43.60858157793363, 36.58367658522755, 59.79265963514262, 10.311072981924013, 78.73590959161396, 0.0, 61.95250102773309, 67.53579982796985, 26.153316842659923, 39.9783895751915, 65.15962903352477, 62.43279242019122, 68.04148847748476, 63.02486451174625, 34.801147807755775, 27.979653458991734, 39.49464769402448, 32.53348821908102, 40.93223639120541, 75.04202198762734, 24.954719230859972, 32.6904572331322, 69.18601905239983, 26.602874684225323, 46.9804654012922, 78.45255482881257, 63.47804749729704, 22.61606917029014, 67.5607469286845, 75.09778717512403, 50.611074856173744, 18.99382783791471, 35.69774578851452, 2.897605057360171, 95.19531312231233, 34.05143144220297, 51.46922329669819, 64.64811546595277, 70.09478339622218, 55.52797373684647, 2.7165332684414807, 64.76831438870671, 38.80159208648046, 31.778637283360634, 64.88889666855425, 22.37490913275528, 30.9337085776165, 10.848410578060683, 19.912709207859884, 64.19944310805704, 41.043493718541235, 17.58414322091848, 67.54145513478842, 54.405207883220235, 64.19793385912742, 5.759816414387135, 76.85231481719627, 61.328914726171455, 68.04764938436509, 69.44908945754432, 40.15400384901767, 25.011423686713712, 1.2900457179466793, 55.74644628128223, 54.87881766841163, 36.14762203041916, 77.13133561567338, 19.283380117792237, 61.30305940763611, 62.98364012164495, 62.04957686961239, 62.28849833897804, 65.94267084603094, 61.033303102377445, 64.87730992665439, 58.92891019774699, 58.800087423407426, 41.310167984252, 21.054909879432742, 21.218464763477254, 71.32724672078093, 69.30396021934702, 26.550175820042796, 26.605026219993178, 9.443058561154533, 78.01205587123523, 16.70890213047497], [69.1372263748553, 13.802984417740406, 26.380696167699412, 26.924824042227538, 64.45471561339134, 56.318893690479904, 74.66724243218951, 24.347136751519624, 30.512267719325834, 79.91464775111247, 18.71659021093006, 14.292995669227652, 37.58925470972799, 46.76104623403404, 28.78588477960187, 67.35876927096477, 17.098481121871853, 61.95250102773309, 0.0, 32.82176409727591, 36.25528322882678, 49.63151812338057, 93.26298418945318, 20.38813160691887, 38.29204164097428, 23.511611561585475, 27.982390861601367, 55.60084009468715, 57.288065312462585, 30.253375509398854, 30.32123107990731, 45.76099086666326, 81.07509134075576, 33.35932005343584, 8.975545483999484, 81.19348559474182, 24.81544145304947, 28.45589501628239, 27.832417856931542, 61.41270046891214, 14.363505216261848, 37.745663341513776, 54.47538732878629, 43.83231520683315, 92.62220228891691, 62.952291075615676, 44.26383304643945, 53.68236298787051, 43.7255671379245, 11.589556252510738, 32.20590572350509, 39.87983719866868, 61.20402879854588, 24.35509789721511, 23.25556777170707, 46.06750972760969, 11.205574519916109, 49.716624255074976, 77.58632089673186, 65.6619789920585, 61.3835894632833, 17.023130387217165, 76.5523260708292, 54.787495826393226, 7.005091813917996, 19.269637158041515, 58.47919763604603, 61.18001660590046, 18.742821125817347, 78.32626155125077, 14.603120362594622, 41.237587578436674, 39.31590048499313, 81.29303994037392, 62.0261851849441, 43.56705074627353, 10.45240575897627, 28.628704577089835, 23.066901967886533, 81.22765768965927, 11.96948694913422, 40.11292989925427, 52.72728722238213, 60.390048132682445, 38.75593228328473, 33.008204791698525, 47.49135241419086, 13.390158973095708, 35.4360091296956, 48.81843332671278, 80.51287952610755, 64.05732834738657, 23.372040098789036, 14.308608117698006, 78.55482735770664, 80.27297955197135, 57.68312939464797, 49.558684443534425, 70.51324864641282], [60.71746262716091, 19.562