instance_id,num_cities,city_coordinates,distance_matrix,best_route,total_distance
1026,58,"[[62.71813750387684, 9.190196920718375], [61.99332835298301, 47.6106880330678], [58.504819391743865, 50.02712222274278], [9.705153072385786, 98.20157771801216], [38.363596495725986, 44.200469129182274], [49.06973752215566, 18.059549326439516], [91.58397899184143, 84.38238871747112], [15.222644528191974, 47.36139946266924], [69.18338324711577, 99.27775820959556], [97.97051096539616, 96.83099599029742], [2.641474117613174, 94.9990815322971], [83.57008784135502, 37.56627912993504], [14.36912556950235, 4.478398946141116], [18.643423288103012, 52.78114993982723], [13.033934163131743, 79.19872856358768], [29.339510507654797, 68.03758949582061], [97.88501191565916, 13.048379913618547], [81.6868271582624, 63.520670634976405], [78.14176406189658, 37.50173095941728], [54.29689175267992, 89.36930740896454], [63.23329272309973, 32.034584114111496], [20.447970018277918, 45.45755650257449], [77.92335250411546, 79.53564092590737], [1.35685814324229, 84.29915663826793], [17.168046132996373, 62.93270470917305], [11.53418150018063, 2.347323994515582], [35.17122595647915, 81.1895425647655], [26.137240110618354, 4.307775643787215], [66.00364814610191, 14.370380529888516], [86.4883897387202, 86.81544871117407], [82.54056820928788, 4.775429855883551], [98.23353065367674, 6.941115287560606], [51.7298058623185, 34.830514436946004], [99.9936877413441, 33.53121498850891], [69.0811113237915, 26.668272654213066], [12.97902333767692, 68.30585818000877], [4.760396417721058, 60.93871836576944], [19.59681312068492, 13.214262016289391], [0.11092238011559674, 92.64654803138674], [86.48644029942386, 53.50983745708856], [67.40610920478208, 75.81556627397784], [43.812231136555916, 79.85697433770056], [16.81747265947948, 93.87559137950223], [94.45465749423782, 96.67728136460626], [64.15432487462094, 53.562174010034944], [31.684307923189404, 63.606690119952326], [58.89492560201142, 17.765127979137894], [52.46338363866465, 76.1182839972722], [20.829266619168475, 92.27148089711135], [86.73264876777743, 30.766281964811814], [14.605669620793204, 62.035331791810734], [14.3867729526865, 79.69435524303492], [41.69369646297771, 57.983573300944144], [90.82485307128044, 30.205517846415976], [75.05882214347483, 74.0938083815432], [16.011966276661582, 78.4386709606082], [8.498702380002909, 58.993900882185216], [60.48306875804188, 10.529254479779858]]","[[0.0, 38.42732732859964, 41.053702849282054, 103.6021352568293, 42.648128069452724, 16.277107671755385, 80.54255094053048, 60.933263136828366, 90.31925653756053, 94.4650173144787, 104.74908191439992, 35.21371713439067, 48.578060842148865, 61.98993158825303, 85.84704167526763, 67.6546255110552, 35.37788337225356, 57.54660338560459, 32.24021116285777, 80.62014102374442, 22.85019499132461, 55.69639512841234, 71.96999413290695, 96.9874344161465, 70.44904518364795, 51.639348002007814, 77.08915688325513, 36.90528541579831, 6.13423853504974, 81.18315469874105, 20.308100041795463, 35.586535638882594, 27.895686308062785, 44.51911731023483, 18.60028406177431, 77.2569795174613, 77.69819318078626, 43.30867945867035, 104.32941064848433, 50.2907820087725, 66.79009597333075, 73.15207943777955, 96.32490367395917, 93.0655502621166, 44.39521353680732, 62.64386091665668, 9.388630991961133, 67.70914869175994, 93.04395332939062, 32.28349728691055, 71.46620071995359, 85.47957147832653, 53.13022397529129, 35.09460319759994, 66.06641565902997, 83.52734634572828, 73.62170925368007, 2.6054956236938787], [38.42732732859964, 0.0, 4.243683419586812, 72.75638386621938, 23.87454335936681, 32.25351141846465, 47.19920101499939, 46.77134817631304, 52.16495979109815, 60.96717464448754, 75.94934127176079, 23.800140760768286, 64.25308593865591, 43.65716373590203, 58.2651403842384, 38.516621389276715, 49.82736287931587, 25.31721630801015, 19.051587570641555, 42.461952716797, 15.625380793225007, 41.60111506374144, 35.678681122845454, 70.87189321650388, 47.37161725257327, 67.78567418857158, 42.976326606975775, 56.22100395259721, 33.481348654870494, 46.2279276208508, 47.50840355998666, 54.47353862286999, 16.391239460863996, 40.52479333515549, 22.10930639666867, 53.2042494876518, 58.76431647229246, 54.59467580790452, 76.53535689326183, 25.193501081584667, 28.71956394401146, 37.01858015150661, 64.66296636634586, 58.83254601646484, 6.331673657143722, 34.271107396424476, 30.00595865057414, 30.058324536079642, 60.73768515238539, 29.929383394553305, 49.5344379970655, 57.40858662884343, 22.796311185151126, 33.677837917658984, 29.530709293567803, 55.35928277872189, 54.69234446206662, 37.1121758781538], [41.053702849282054, 4.243683419586812, 0.0, 68.57248424219719, 20.967087208760617, 33.33086387668786, 47.691877041824746, 43.364187283433054, 50.39500839490687, 61.22208270743359, 71.71604053039285, 27.99178974332736, 63.424330199845876, 39.95642086070553, 54.02392081271812, 34.27815884348126, 54.020615934893314, 26.823149196919783, 23.291522541002553, 39.56657920824803, 18.60349127545399, 38.33020630137037, 35.324667079694976, 66.63679027263527, 43.30453651477126, 66.92984373973104, 38.93010434323468, 56.01712988119439, 36.43673504635286, 46.22186901439175, 51.23897816394209, 58.60694917970563, 16.638440327123092, 44.64796918574136, 25.641641994948312, 49.058233708032596, 54.84091475531007, 53.56323019169626, 72.29289497912748, 28.19752496274555, 27.28143703911835, 33.251950722277, 60.502257189028235, 58.89506097761267, 6.664345679802004, 30.062343549859605, 32.26435270433431, 26.781479957299762, 56.604179320327674, 34.17294717644351, 45.51189347486009, 53.1652775472783, 18.59889695347277, 37.91412107774618, 29.2102788376029, 51.11612923084122, 50.803689414444705, 39.5473769900843], [103.6021352568293, 72.75638386621938, 68.57248424219719, 0.0, 61.13449196870281, 89.28782237023535, 83.03681182813558, 51.13869803778678, 59.48796541459983, 88.27599842682922, 7.755742530255696, 95.56499371260037, 93.83915429370599, 46.29155359244806, 19.29220203957856, 35.991306969383785, 122.58366368294678, 79.90073041160213, 91.47699776581285, 45.45802632477266, 85.10777154317321, 53.826943902728544, 70.7258080903576, 16.216391093658284, 36.04980133298559, 95.8717022998869, 30.62564624939783, 95.32082433752753, 100.98113769194377, 77.6228662619378, 118.46283300057105, 127.1445855716848, 76.03922082377811, 111.05978258682669, 92.96514482118134, 30.074445517896336, 37.58951057780447, 85.56102365385426, 11.086370794619356, 88.84096867881834, 61.89130671560553, 38.72747406243189, 8.324616970763955, 84.76321123649413, 70.40872583247825, 40.98645502941183, 94.28497318295615, 48.12419498251931, 12.606028339924201, 102.37555473073238, 36.49674515399553, 19.090176752506235, 51.38827480605946, 105.84833435615491, 69.6583563072932, 20.744839751019295, 39.226234156949, 101.3155120569831], [42.648128069452724, 23.87454335936681, 20.967087208760617, 61.13449196870281, 0.0, 28.248347629750473, 66.68579889925996, 23.355837354650212, 63.11392103053457, 79.5170208840418, 62.1012805768026, 45.69069201411317, 46.406653560193696, 21.506122721514018, 43.202661461085825, 25.488084182490198, 67.18073798408813, 47.43598319065207, 40.338266050853164, 47.896699774518865, 27.685926905952986, 17.9596754075284, 53.04289454156309, 54.56558827173487, 28.28688750999798, 49.7142159413851, 37.126577855800555, 41.724222988275564, 40.667021541750074, 64.2808852572405, 59.210966479884405, 70.51715014641846, 16.323345360744714, 62.54679153131271, 35.36868149153072, 35.00637564370312, 37.54123123964558, 36.226194797257016, 61.72754359274075, 49.01502253819463, 42.929965198338394, 36.0704031462686, 54.146590132261345, 76.81160684643123, 27.437259130425513, 20.52350625448347, 33.471820037007745, 34.89342206533834, 51.16908145171567, 50.200025920947304, 29.707262000889145, 42.83344509465932, 14.17968710520544, 54.29587556060918, 47.330236815337685, 40.88826039463223, 33.32802909825462, 40.28674408697598], [16.277107671755385, 32.25351141846465, 33.33086387668786, 89.28782237023535, 28.248347629750473, 0.0, 78.77931043510931, 44.76856179896883, 83.67171683751431, 92.71583712000958, 89.86253534603713, 39.63315127231318, 37.26365676555248, 46.16654792189818, 70.96885486974105, 53.7316141318685, 49.07181301925812, 55.95165848265204, 34.97400683046051, 71.5010820836855, 19.89743433829678, 39.62141305240861, 67.91053626554084, 81.63457867504414, 55.05740629099874, 40.6914240443853, 64.64181827588337, 26.73968430907616, 17.331107738088907, 78.27853622742286, 36.01061422684534, 50.40533831407046, 16.980613484564174, 53.22237447056679, 21.784517409457337, 61.864619967748986, 61.65988036489017, 29.86854669870483, 89.21987422051352, 51.543501775378694, 60.596864771436465, 62.020666808871496, 82.39102391258402, 90.77741322431088, 38.574358517263704, 48.75238657547639, 9.829598401475339, 58.15783271015389, 79.40362072520713, 39.74865957285426, 55.8716513068244, 70.72310323864075, 40.599675762541494, 43.485793379091305, 61.767877633188576, 68.83643344213262, 57.63358421784276, 13.673678012067018], [80.54255094053048, 47.19920101499939, 47.691877041824746, 83.03681182813558, 66.68579889925996, 78.77931043510931, 0.0, 84.86228282619726, 26.900905598613836, 13.991269194833643, 89.5738987631246, 47.49705852243938, 111.11607071171173, 79.49190498819256, 78.72089859232592, 64.35469150322275, 71.61175760959335, 23.090363699396413, 48.76975716620502, 37.61909399249812, 59.53195829720485, 81.08929852727032, 14.494953611246522, 90.22715923826219, 77.44559385341411, 114.61990194794012, 56.50303506523897, 103.41769330770818, 74.53881282013838, 5.646663684821545, 80.11898138251946, 77.72623345917117, 63.590434505127845, 51.54187686594812, 61.945930021664765, 80.23212503427246, 89.93297599081416, 101.22773487694396, 91.84561184432155, 31.290562827243022, 25.650727752216653, 47.98561522433167, 75.36677892765164, 12.62557643312568, 41.25859376666655, 63.40031739942358, 74.2053477843897, 39.98395187588904, 71.19316749772088, 53.83514008763677, 80.15641625511658, 77.33942253540023, 56.444111705347154, 54.18218904346936, 19.466270680126698, 75.80538824250262, 86.87772156443896, 80.13458712754002], [60.933263136828366, 46.77134817631304, 43.364187283433054, 51.13869803778678, 23.355837354650212, 44.76856179896883, 84.86228282619726, 0.0, 74.88036878001813, 96.40772987948479, 49.271032076332304, 69.04576301105506, 42.89149365449278, 6.409011043750257, 31.912473695129155, 25.035789170088147, 89.50111894649214, 68.40036270008744, 63.68695836582736, 57.37125696884132, 50.39775400574895, 5.56135275756216, 70.47382914541245, 39.45450465075628, 15.69235911148393, 45.16493938622789, 39.271989594836, 44.4155707006645, 60.55673091131388, 81.4581392036141, 79.65718835161034, 92.32879609382294, 38.597874400073344, 85.89181433661423, 57.696966494639426, 21.064287004521848, 17.140659967502252, 34.42615788404958, 47.74001285265306, 71.52853890228059, 59.4369716134554, 43.28194599247947, 46.541524754183946, 93.326138280856, 49.323006259882014, 23.127815077732862, 52.75611263083719, 47.05136616115175, 45.25869668604309, 73.41034416969603, 14.686897154831025, 32.34375845176037, 28.52274824740168, 77.52430722440243, 65.53617198321525, 31.08729374807683, 13.436014561142548, 58.35334528119675], [90.31925653756053, 52.16495979109815, 50.39500839490687, 59.48796541459983, 63.11392103053457, 83.67171683751431, 26.900905598613836, 74.88036878001813, 0.0, 28.89092188952045, 66.67932771637578, 63.36626799237337, 109.50580514981527, 68.67475615720016, 59.6316028961169, 50.6308437234013, 90.8806314323226, 37.88014547831322, 62.422192605173706, 17.882534112435977, 67.50591114620678, 72.60684963810245, 21.590235233924606, 69.46075159900703, 63.45516692156803, 112.77827600731791, 38.52285540788586, 104.27016844465999, 84.96689649361704, 21.32539349482016, 95.44162851914504, 96.79858826684566, 66.76881452758033, 72.60773242946844, 72.60955758137905, 64.17311480887035, 74.96801456732632, 99.32649854856794, 69.39004106246696, 48.929524352513276, 23.52941039306592, 31.95093434652612, 52.64382203195812, 25.40471967754377, 45.99136948190472, 51.75524851457547, 82.15936494278924, 28.564306970376094, 48.85906790605567, 70.72339851530222, 66.07363430416851, 58.19087704709604, 49.60738439748572, 72.38319974233721, 25.860241900777098, 57.10925616760221, 72.83831171243939, 89.17394454934636], [94.4650173144787, 60.96717464448754, 61.22208270743359, 88.27599842682922, 79.5170208840418, 92.71583712000958, 13.991269194833643, 96.40772987948479, 28.89092188952045, 0.0, 95.34663694597411, 60.98916994590384, 124.57204269382869, 90.73684905500674, 86.74744338304139, 74.42630234928157, 83.78265970199129, 37.07743429106244, 62.555102852345, 44.30645338573299, 73.52040072824182, 92.99986365418152, 26.47674204230991, 97.42302042733408, 87.62495349368898, 128.0562506292675, 64.71788982108636, 117.13481593866425, 88.43999898584919, 15.236479093426992, 93.3397578193999, 89.89026550249298, 77.34508724720182, 63.332104963763214, 75.87756689291153, 89.65063555975892, 99.88183542099588, 114.60451437152955, 97.94901062696451, 44.81748158610054, 37.09219515134952, 56.75593964583611, 81.20683495060678, 3.519212101707924, 54.91562070381783, 74.14657924893709, 88.19474392416629, 49.99915074916137, 77.27587435396248, 67.01369998770299, 90.33512616598634, 85.32236351788447, 68.38276171773772, 67.00757244252745, 32.27886591917755, 83.99690867819503, 97.14345216102616, 94.09197049163078], [104.74908191439992, 75.94934127176079, 71.71604053039285, 7.755742530255696, 62.1012805768026, 89.86253534603713, 89.5738987631246, 49.271032076332304, 66.67932771637578, 95.34663694597411, 0.0, 99.23692513895915, 91.27722489449711, 45.1488219691434, 18.911752423651922, 37.94347374604718, 125.64731986031974, 85.08265504755616, 94.90120707647245, 51.96129836458005, 87.38361641088613, 52.64441089546944, 76.85362196271208, 10.776763472373045, 35.203321108678104, 93.07753982262221, 35.33961122018716, 93.68545235713668, 102.54634329390929, 84.2453387750563, 120.51627507725706, 129.96940675387083, 77.65256454094747, 115.13362721153841, 95.30647844727999, 28.625043175729736, 34.12620944010114, 83.52389013913948, 3.4551564319228056, 93.54857416316511, 67.54602294465839, 43.86701088295709, 14.220448824928933, 91.82851951559965, 74.16770262899085, 42.7664405117398, 95.5485969826826, 53.279519366098285, 18.39118270543515, 105.81671982404845, 35.06780248307168, 19.292140666976476, 53.80728500618804, 109.42812352774044, 75.37441701669341, 21.284202096345545, 36.47848895671157, 102.37578694608332], [35.21371713439067, 23.800140760768286, 27.99178974332736, 95.56499371260037, 45.69069201411317, 39.63315127231318, 47.49705852243938, 69.04576301105506, 63.36626799237337, 60.98916994590384, 99.23692513895915, 0.0, 76.7045043945105, 66.68556113411823, 81.90610368930739, 62.204953768655486, 28.390921669339043, 26.022626869657987, 5.4287075368775515, 59.50188020662838, 21.07569418619418, 63.613473549574074, 42.34752589620853, 94.56731453099158, 71.08225298698417, 80.18445362553227, 65.15703296234342, 66.36761297952557, 29.09689872530412, 49.33555705985091, 32.807006976961105, 33.95463466866501, 31.957596357673133, 16.912018693826724, 18.130002362696622, 76.99363680160961, 82.20242318886456, 68.45144714313656, 99.99634154179226, 16.208089455300723, 41.524476786481294, 58.044724746659455, 87.33069494535594, 60.1047788592202, 25.156321364531994, 58.05374374013557, 31.63778150304859, 49.536694738798055, 83.24103403984024, 7.499450183781323, 73.17667332333579, 81.00065342931377, 46.588604359226686, 10.335009686221301, 37.50602667581574, 78.95981385052762, 78.06955801747833, 35.55293450738439], [48.578060842148865, 64.25308593865591, 63.424330199845876, 93.83915429370599, 46.406653560193696, 37.26365676555248, 111.11607071171173, 42.89149365449278, 109.50580514981527, 124.57204269382869, 91.27722489449711, 76.7045043945105, 0.0, 48.491497961449696, 74.73225805655485, 65.2984159725711, 83.95443910816812, 89.54140267703868, 71.8156659618267, 93.81200803746803, 56.098575495516606, 41.42757178338359, 98.35003474765776, 80.87442402958881, 58.521276631314, 3.5466023636190407, 79.48161382223613, 11.769351390970197, 52.573522055941496, 109.45582683584709, 68.17208973583627, 83.90055668409353, 48.13596728756138, 90.41920021273833, 59.04059518973129, 63.84259500103332, 57.272116643954675, 10.180570745943946, 89.31359846802691, 87.20658831938889, 88.89270541213551, 80.9248175375989, 89.43071294829532, 122.1242250451637, 69.9126815704655, 61.61144664002328, 46.46594491594101, 81.13843496136225, 88.03044167122734, 76.99046878199023, 57.55741891093731, 75.21595836713358, 60.078580686051765, 80.66822741783179, 92.35553313743317, 73.97851554365675, 54.83066495823884, 46.509231439412304], [61.98993158825303, 43.65716373590203, 39.95642086070553, 46.29155359244806, 21.506122721514018, 46.16654792189818, 79.49190498819256, 6.409011043750257, 68.67475615720016, 90.73684905500674, 45.1488219691434, 66.68556113411823, 48.491497961449696, 0.0, 27.006570100361426, 18.632370480804063, 88.64492304793559, 63.9516073003452, 61.4289280324293, 51.086819048957906, 49.18004117313049, 7.542639440909021, 65.0377797574586, 35.947323693850514, 10.258206567662715, 50.9324269820429, 32.8664727735945, 49.0492131049358, 60.9785052724622, 75.90304977761218, 79.92117547844786, 91.84712280406261, 37.6421841396677, 83.59680330157516, 56.79650283704956, 16.52579779439249, 16.1023090799946, 39.57837253004064, 43.96252443733266, 67.8469302378242, 53.929434204928164, 36.96713615276165, 41.13498769827272, 87.60258892246792, 45.51760276877467, 16.948657535543493, 53.35077536904269, 41.09028527679894, 39.55077938781732, 71.55974453824793, 10.096699283798376, 27.247746544817392, 23.630071990255196, 75.6294781812015, 60.306936896711434, 25.792110245865533, 11.895950427562036, 59.46241336354377], [85.84704167526763, 58.2651403842384, 54.02392081271812, 19.29220203957856, 43.202661461085825, 70.96885486974105, 78.72089859232592, 31.912473695129155, 59.6316028961169, 86.74744338304139, 18.911752423651922, 81.90610368930739, 74.73225805655485, 27.006570100361426, 0.0, 19.759626646703275, 107.58984163143809, 70.42031821153431, 77.31538736453881, 42.49790986727323, 68.87983828003146, 34.54612307788372, 64.89029297646202, 12.742388744629627, 16.783158636316458, 76.86603698831641, 22.226628811654997, 76.02862261010131, 83.71681616148628, 73.84830038472616, 101.83319481859746, 111.71451972997767, 58.871970506748355, 98.22179258450448, 76.81624089816638, 10.893008785097104, 20.046929920792397, 66.31003849903136, 18.650685831424262, 77.81509997412842, 54.477327447642864, 30.785335016585886, 15.156697056764061, 83.27565067760513, 57.18852398753264, 24.309424185234214, 76.66366686068899, 39.54959702284898, 15.22051450095522, 88.18844832471139, 17.23521224395898, 1.4407701398571098, 35.65760490977687, 91.93346377109565, 62.234612066270266, 3.0734935869563644, 20.707568398097088, 83.46806002748986], [67.6546255110552, 38.516621389276715, 34.27815884348126, 35.991306969383785, 25.488084182490198, 53.7316141318685, 64.35469150322275, 25.035789170088147, 50.6308437234013, 74.42630234928157, 37.94347374604718, 62.204953768655486, 65.2984159725711, 18.632370480804063, 19.759626646703275, 0.0, 87.87661198379277, 52.541832062790036, 57.56820831437905, 32.831586433425315, 49.44699049874913, 24.26762003679619, 49.92589398123958, 32.36460102142282, 13.198651207927456, 68.06056657636893, 14.386895933584338, 63.81021633963141, 64.99560221248832, 60.15482020651823, 82.6586558255176, 92.08238253086775, 40.0504077386836, 78.6301636918583, 57.365627438131206, 16.362686470317968, 25.58372179271525, 55.682289718563055, 38.20878438441268, 58.96462637823008, 38.85309330194555, 18.685756619486448, 28.71243238063034, 71.1351834005037, 37.70422990716607, 5.013077318271456, 58.31674672292744, 24.495124661957316, 25.684737559318602, 68.43334482850146, 15.909530628673505, 18.959550313053, 15.928250131936535, 72.19219483747591, 46.118686490890134, 16.90579577737258, 22.71844156525706, 65.39976924127815], [35.37788337225356, 49.82736287931587, 54.020615934893314, 122.58366368294678, 67.18073798408813, 49.07181301925812, 71.61175760959335, 89.50111894649214, 90.8806314323226, 83.78265970199129, 125.64731986031974, 28.390921669339043, 83.95443910816812, 88.64492304793559, 107.58984163143809, 87.87661198379277, 0.0, 53.00786092737592, 31.42868456019384, 87.89088799808646, 39.51224611361404, 83.94551914778364, 69.41918843791457, 119.97648792399784, 94.88769375144454, 87.01137001120313, 92.60797480122275, 72.27821886287737, 31.908761201843234, 74.6422362742917, 17.432545864439152, 6.117200873230173, 51.036892834680565, 20.591091433991227, 31.86167239131514, 101.30358236886313, 104.71713579305145, 78.28837453564478, 126.0779161955375, 42.03637688279606, 69.77594996884804, 85.94913559836678, 114.47700220744301, 83.69922633666084, 52.717423688447525, 83.2987151162518, 39.27434968346747, 77.72346567449716, 110.51645855997351, 20.935597839037438, 96.61868508410662, 106.83464764544722, 71.94883972003376, 18.552984260029316, 65.17345530465819, 104.78113267862396, 100.50324984535152, 37.48668223405543], [57.54660338560459, 25.31721630801015, 26.823149196919783, 79.90073041160213, 47.43598319065207, 55.95165848265204, 23.090363699396413, 68.40036270008744, 37.88014547831322, 37.07743429106244, 85.08265504755616, 26.022626869657987, 89.54140267703868, 63.9516073003452, 70.42031821153431, 52.541832062790036, 53.00786092737592, 0.0, 26.259335372350908, 37.66112829689988, 36.49529527965386, 63.84726866492886, 16.451231409587795, 82.97378744243915, 64.52146006497478, 93.078311286907, 49.75831780149555, 81.19066174383222, 51.591793158813275, 23.78448420364318, 58.75144413523637, 58.94946547574833, 41.47949116844394, 35.135574484841314, 38.9487266625239, 68.87423557244897, 76.9697487588453, 79.91185513612405, 86.61954152778691, 11.10193979538305, 18.84418647861434, 41.24754347200696, 71.62020920449208, 35.52996378501475, 20.163340282672998, 50.00259322480825, 51.117907432524014, 31.82309717122162, 67.30714498104021, 33.14076482025204, 67.09760001703322, 69.21622186940287, 40.374620118295475, 34.54566431423942, 12.4788497981154, 67.34785880436863, 73.32798410533911, 57.076173281222594], [32.24021116285777, 19.051587570641555, 23.291522541002553, 91.47699776581285, 40.338266050853164, 34.97400683046051, 48.76975716620502, 63.68695836582736, 62.422192605173706, 62.555102852345, 94.90120707647245, 5.4287075368775515, 71.8156659618267, 61.4289280324293, 77.31538736453881, 57.56820831437905, 31.42868456019384, 26.259335372350908, 0.0, 57.086105333894324, 15.87930137908668, 58.239754731803615, 42.034477404620695, 89.92174835435608, 66.06457979835983, 75.3153529087512, 61.2788056993079, 61.6952930205791, 26.122657419928178, 50.015086910740685, 33.02060359603167, 36.573628682720354, 26.546693459754707, 22.209717818280307, 14.123004173727669, 72.07688278854921, 77.03322332614131, 63.38290328134458, 95.54979384314831, 18.052509386507403, 39.78949939019532, 54.520486722934336, 83.29874461642136, 61.38286615898596, 21.297565259903944, 53.289437261554035, 27.56763116232673, 46.37474948380511, 79.27450959394359, 10.916481722087449, 68.10824374943186, 76.45205317893024, 41.808701216355935, 14.63200166109497, 36.72171919912274, 74.40393020194094, 72.88394479182077, 32.23885865347863], [80.62014102374442, 42.461952716797, 39.56657920824803, 45.45802632477266, 47.896699774518865, 71.5010820836855, 37.61909399249812, 57.37125696884132, 17.882534112435977, 44.30645338573299, 51.96129836458005, 59.50188020662838, 93.81200803746803, 51.086819048957906, 42.49790986727323, 32.831586433425315, 87.89088799808646, 37.66112829689988, 57.086105333894324, 0.0, 58.026974396408825, 55.44358727793973, 25.591222013399946, 53.18226760308347, 45.578998884979, 96.96120350698953, 20.801433725932416, 89.60150761477473, 75.90709570434058, 32.292642146989394, 89.1842440078471, 93.40682573730714, 54.5991746165928, 72.15323782606669, 64.420438586239, 46.377097190103434, 57.115346128807154, 83.6880301825001, 54.28498487557801, 48.18784723218793, 18.856178853647172, 14.15671532149899, 37.749350335957864, 40.81730800396051, 37.139194794748576, 34.27887683436911, 71.75165800940357, 13.377270777755022, 33.59322168284175, 66.98054138591641, 48.1927311672822, 41.066072152600796, 33.82166224492414, 69.53161837246928, 25.775931100330087, 39.81475017968107, 54.955795613226215, 79.08237940159812], [22.85019499132461, 15.625380793225007, 18.60349127545399, 85.10777154317321, 27.685926905952986, 19.89743433829678, 59.53195829720485, 50.39775400574895, 67.50591114620678, 73.52040072824182, 87.38361641088613, 21.07569418619418, 56.098575495516606, 49.18004117313049, 68.87983828003146, 49.44699049874913, 39.51224611361404, 36.49529527965386, 15.87930137908668, 58.026974396408825, 0.0, 44.841498934549236, 49.72070247499803, 80.99554739273132, 55.46801600665014, 59.6165372581158, 56.60114425963307, 46.31298983414948, 17.88012744458589, 59.512542066421794, 33.404077259721284, 43.06621451841435, 11.838388248672699, 36.79084867017293, 7.936893666368091, 61.976583592725376, 65.22674742141778, 47.522067252569464, 87.51139244478927, 31.652730977774354, 43.97939058550419, 51.615488371665684, 77.32230293890942, 71.78754715124055, 21.547283516749882, 44.63335433898088, 14.914382577407482, 45.380210853141485, 73.6653593208413, 23.533557420340188, 57.13747097834268, 68.24541213695419, 33.723941745700785, 27.652119012092363, 43.69006170801631, 66.20568666978909, 61.013770090267066, 21.680473577374666], [55.69639512841234, 41.60111506374144, 38.33020630137037, 53.826943902728544, 17.9596754075284, 39.62141305240861, 81.08929852727032, 5.56135275756216, 72.60684963810245, 92.99986365418152, 52.64441089546944, 63.613473549574074, 41.42757178338359, 7.542639440909021, 34.54612307788372, 24.26762003679619, 83.94551914778364, 63.84726866492886, 58.239754731803615, 55.44358727793973, 44.841498934549236, 0.0, 66.81867575653625, 43.27979267194134, 17.780289804607385, 44.022128215753746, 38.64646288304262, 41.541211572483235, 55.151902230500134, 77.92183445472986, 74.23291842981533, 86.79924934717424, 33.03766451851795, 80.43481105832133, 52.13654784099487, 24.038095890912548, 22.040107488561173, 32.25452692869054, 51.38478790598632, 66.52757913560531, 55.91668438972145, 41.583754580348646, 48.553955682473834, 90.00249999920356, 44.451437319515485, 21.34587408786028, 47.381842420733506, 44.329075331982246, 46.815477187734224, 67.89324108089308, 17.57711886160135, 34.769188915801976, 24.663373430981718, 72.01062665624393, 61.663442099155176, 33.27810150969485, 18.05595791572813, 53.12998600882754], [71.96999413290695, 35.678681122845454, 35.324667079694976, 70.7258080903576, 53.04289454156309, 67.91053626554084, 14.494953611246522, 70.47382914541245, 21.590235233924606, 26.47674204230991, 76.85362196271208, 42.34752589620853, 98.35003474765776, 65.0377797574586, 64.89029297646202, 49.92589398123958, 69.41918843791457, 16.451231409587795, 42.034477404620695, 25.591222013399946, 49.72070247499803, 66.81867575653625, 0.0, 76.71453017946162, 62.98305123813463, 101.8113858922011, 42.784105868606474, 91.32925682242649, 66.24643774923592, 11.240794643644875, 74.90265576134537, 75.38214967167958, 51.813610374785, 51.02457156423009, 53.601715057131955, 65.90807167106925, 75.48949378560862, 88.3204987356842, 78.90925273331936, 27.3983378836699, 11.155777069899765, 34.112634845668424, 62.765936068847445, 23.8142789436523, 29.397399638262275, 48.90583520946557, 64.6349541662693, 25.688291944140918, 58.497318424093756, 49.558592334096424, 65.69162644890066, 63.53677778522862, 42.15542190240939, 50.98931025148633, 6.149721589465088, 61.92110373458902, 72.39989729881735, 71.17615378408593], [96.9874344161465, 70.87189321650388, 66.63679027263527, 16.216391093658284, 54.56558827173487, 81.63457867504414, 90.22715923826219, 39.45450465075628, 69.46075159900703, 97.42302042733408, 10.776763472373045, 94.56731453099158, 80.87442402958881, 35.947323693850514, 12.742388744629627, 32.36460102142282, 119.97648792399784, 82.97378744243915, 89.92174835435608, 53.18226760308347, 80.99554739273132, 43.27979267194134, 76.71453017946162, 0.0, 26.580423880850095, 82.58135857674706, 33.957048904387925, 83.74179580026468, 95.23256368327844, 85.16871137681973, 113.64338036791705, 123.97320774389807, 70.60156105321747, 110.93515246538543, 88.92633613079266, 19.770187641539536, 23.60707836791868, 73.38772513845164, 8.439863683481631, 90.52639357517015, 66.59185288951939, 42.687137167920476, 18.18622290561741, 93.91708159722072, 69.91626369427148, 36.7141986262376, 87.9625271152654, 51.757160136375795, 21.04121303398322, 100.77099927840561, 25.907699673290367, 13.819655416504183, 48.161919106448714, 104.5497196274902, 74.40516534846628, 15.783456110125787, 26.29376176934195, 94.54050584875533], [70.44904518364795, 47.37161725257327, 43.30453651477126, 36.04980133298559, 28.28688750999798, 55.05740629099874, 77.44559385341411, 15.69235911148393, 63.45516692156803, 87.62495349368898, 35.203321108678104, 71.08225298698417, 58.521276631314, 10.258206567662715, 16.783158636316458, 13.198651207927456, 94.88769375144454, 64.52146006497478, 66.06457979835983, 45.578998884979, 55.46801600665014, 17.780289804607385, 62.98305123813463, 26.580423880850095, 0.0, 60.84676480340496, 25.640331749843856, 59.307071657010106, 68.87100517399438, 73.3191346012808, 87.49763003062587, 98.52243839111522, 44.5449024433082, 87.88933101138488, 63.32515590010461, 6.813126316226635, 12.566851355636054, 49.777730491516415, 34.26161052399832, 69.95591609765835, 51.86358166674033, 31.56490926587634, 30.944872551897326, 84.3321809830505, 47.911556388507464, 14.531899830901722, 61.4918080551005, 37.677849604267266, 29.56633767740437, 76.64145543962451, 2.7149680556326694, 16.99083309090001, 25.020020499680484, 80.60021072114806, 58.95686713420907, 15.54900350584786, 9.522168697049052, 67.98759284570012], [51.639348002007814, 67.78567418857158, 66.92984373973104, 95.8717022998869, 49.7142159413851, 40.6914240443853, 114.61990194794012, 45.16493938622789, 112.77827600731791, 128.0562506292675, 93.07753982262221, 80.18445362553227, 3.5466023636190407, 50.9324269820429, 76.86603698831641, 68.06056657636893, 87.01137001120313, 93.078311286907, 75.3153529087512, 96.96120350698953, 59.6165372581158, 44.022128215753746, 101.8113858922011, 82.58135857674706, 60.84676480340496, 0.0, 82.30920543722978, 14.73406567954043, 55.78061209007933, 112.92916995097116, 71.04788984591515, 86.82096556756257, 51.68022715876251, 93.79509209951071, 62.475256508727, 65.97435713846899, 58.981655272729924, 13.531310750146451, 91.01890303989167, 90.74934645999768, 92.29981001639158, 83.9620056016476, 91.68062443052804, 125.59437167534277, 73.42915191433711, 64.48827438343767, 49.80711557184712, 84.36441268343663, 90.40327760657736, 80.38934414157944, 59.766983478213376, 77.39961576748516, 63.28497909992745, 84.04218918427861, 95.8276473193288, 76.22298629428512, 56.72784859819472, 49.62799159998829], [77.08915688325513, 42.976326606975775, 38.93010434323468, 30.62564624939783, 37.126577855800555, 64.64181827588337, 56.50303506523897, 39.271989594836, 38.52285540788586, 64.71788982108636, 35.33961122018716, 65.15703296234342, 79.48161382223613, 32.8664727735945, 22.226628811654997, 14.386895933584338, 92.60797480122275, 49.75831780149555, 61.2788056993079, 20.801433725932416, 56.60114425963307, 38.64646288304262, 42.784105868606474, 33.957048904387925, 25.640331749843856, 82.30920543722978, 0.0, 77.41071621652164, 73.58966417318595, 51.62462705552022, 89.90534581741758, 97.41500514222936, 49.227492902381556, 80.45662023237153, 64.20630185802305, 25.660927114973788, 36.5364808646652, 69.73665536017472, 36.88479173221614, 58.30452210515335, 32.67976926487807, 8.74315209760739, 22.31134452732531, 61.27312059969047, 40.04112281339906, 17.925269801789707, 67.71610067333322, 18.020443411968014, 18.12460081863843, 72.11855192567522, 28.103841334078314, 20.83816382971228, 24.105178509639067, 75.4764664482554, 40.51382200158091, 19.355736257276345, 34.69971215499022, 75.05708293202039], [36.90528541579831, 56.22100395259721, 56.01712988119439, 95.32082433752753, 41.724222988275564, 26.73968430907616, 103.41769330770818, 44.4155707006645, 104.27016844465999, 117.13481593866425, 93.68545235713668, 66.36761297952557, 11.769351390970197, 49.0492131049358, 76.02862261010131, 63.81021633963141, 72.27821886287737, 81.19066174383222, 61.6952930205791, 89.60150761477473, 46.31298983414948, 41.541211572483235, 91.32925682242649, 83.74179580026468, 59.307071657010106, 14.73406567954043, 77.41071621652164, 0.0, 41.11674241407577, 102.22415260802279, 56.40526678483363, 72.14436629251489, 39.832361280628284, 79.4278557167746, 48.4166077015611, 65.33676787963071, 60.531257378737756, 11.050008358106192, 92.09293089894142, 77.86442608860897, 82.5619989893801, 77.58921787889972, 90.05138355966723, 114.88862043334011, 62.21972751768031, 59.55779730118304, 35.41421029235005, 76.48408293916606, 88.12370864006813, 66.12001290885996, 58.86805463734141, 76.29685355310104, 55.884654319186005, 69.67912400240289, 85.22565079758944, 74.81918745005242, 57.460336814746356, 34.90476678599763], [6.13423853504974, 33.481348654870494, 36.43673504635286, 100.98113769194377, 40.667021541750074, 17.331107738088907, 74.53881282013838, 60.55673091131388, 84.96689649361704, 88.43999898584919, 102.54634329390929, 29.09689872530412, 52.573522055941496, 60.9785052724622, 83.71681616148628, 64.99560221248832, 31.908761201843234, 51.591793158813275, 26.122657419928178, 75.90709570434058, 17.88012744458589, 55.151902230500134, 66.24643774923592, 95.23256368327844, 68.87100517399438, 55.78061209007933, 73.58966417318595, 41.11674241407577, 0.0, 75.28554005854947, 19.118912197423555, 33.07505568389779, 24.94713717116749, 39.01871818546564, 12.677102599236118, 75.6349561077473, 76.93728596111617, 46.42123379547075, 102.31817877383317, 44.17512719791913, 61.4611889581283, 69.14443547705726, 93.48988400486093, 87.08550888605852, 39.23540075942757, 60.01692507438739, 7.877705659203416, 63.215048410554104, 90.0516861850186, 26.429473143389448, 70.09778723532943, 83.2557714339157, 49.930795452517, 29.44221098645595, 60.405993166858046, 81.26447006441607, 72.78789292316289, 6.725403044628372], [81.18315469874105, 46.2279276208508, 46.22186901439175, 77.6228662619378, 64.2808852572405, 78.27853622742286, 5.646663684821545, 81.4581392036141, 21.32539349482016, 15.236479093426992, 84.2453387750563, 49.33555705985091, 109.45582683584709, 75.90304977761218, 73.84830038472616, 60.15482020651823, 74.6422362742917, 23.78448420364318, 50.015086910740685, 32.292642146989394, 59.512542066421794, 77.92183445472986, 11.240794643644875, 85.16871137681973, 73.3191346012808, 112.92916995097116, 51.62462705552022, 102.22415260802279, 75.28554005854947, 0.0, 82.13494986060851, 80.73324888160244, 62.53473070693328, 54.96910621022762, 62.61546238304006, 75.80390418912627, 85.7267173385641, 99.45661217506735, 86.57406416802314, 33.30561131113767, 22.02568600539043, 43.23973726381057, 70.02772523193642, 12.677427390322576, 40.057343043482206, 59.51582864237884, 74.35957272779946, 35.66693669247703, 65.8854212708884, 56.049698977200556, 76.03406898285493, 72.45241966519842, 53.271395564025454, 56.77577993077093, 17.10190480884436, 70.97250643372955, 82.8035618672964, 80.59689913153056], [20.308100041795463, 47.50840355998666, 51.23897816394209, 118.46283300057105, 59.210966479884405, 36.01061422684534, 80.11898138251946, 79.65718835161034, 95.44162851914504, 93.3397578193999, 120.51627507725706, 32.807006976961105, 68.17208973583627, 79.92117547844786, 101.83319481859746, 82.6586558255176, 17.432545864439152, 58.75144413523637, 33.02060359603167, 89.1842440078471, 33.404077259721284, 74.23291842981533, 74.90265576134537, 113.64338036791705, 87.49763003062587, 71.04788984591515, 89.90534581741758, 56.40526678483363, 19.118912197423555, 82.13494986060851, 0.0, 15.84169383841189, 43.04197004757385, 33.637873892295275, 25.69929075762412, 94.20681423321753, 95.93784498398078, 63.5069302744632, 120.48228052678961, 48.89388909456991, 72.63437775365405, 84.48149154811492, 110.71749668496025, 92.67090068743845, 52.136363021639795, 77.76552188821209, 26.97867067971151, 77.42376811247819, 107.06934057775743, 26.326753175373653, 88.84732306570105, 101.28072466685997, 67.07886001065953, 26.74544355363845, 69.72097335536806, 99.25889363257401, 91.77058622408245, 22.795608784243363], [35.586535638882594, 54.47353862286999, 58.60694917970563, 127.1445855716848, 70.51715014641846, 50.40533831407046, 77.72623345917117, 92.32879609382294, 96.79858826684566, 89.89026550249298, 129.96940675387083, 33.95463466866501, 83.90055668409353, 91.84712280406261, 111.71451972997767, 92.08238253086775, 6.117200873230173, 58.94946547574833, 36.573628682720354, 93.40682573730714, 43.06621451841435, 86.79924934717424, 75.38214967167958, 123.97320774389807, 98.52243839111522, 86.82096556756257, 97.41500514222936, 72.14436629251489, 33.07505568389779, 80.73324888160244, 15.84169383841189, 0.0, 54.22559362869277, 26.648293661689422, 35.19977685375486, 105.04267079596812, 107.94891366792339, 78.88653696445105, 130.28226071193743, 48.02749229653434, 75.4587298585668, 90.98571504446207, 119.10574139265857, 89.81569676043407, 57.74872624513576, 87.40587175423283, 40.800552669765814, 82.94809840175796, 115.20716725006075, 26.455790507036603, 100.14485425199074, 111.01041708320616, 76.17142095536724, 24.415587847528425, 71.03908293543381, 108.96002072239243, 103.73924953201508, 37.92060279315875], [27.895686308062785, 16.391239460863996, 16.638440327123092, 76.03922082377811, 16.323345360744714, 16.980613484564174, 63.590434505127845, 38.597874400073344, 66.76881452758033, 77.34508724720182, 77.65256454094747, 31.957596357673133, 48.13596728756138, 37.6421841396677, 58.871970506748355, 40.0504077386836, 51.036892834680565, 41.47949116844394, 26.546693459754707, 54.5991746165928, 11.838388248672699, 33.03766451851795, 51.813610374785, 70.60156105321747, 44.5449024433082, 51.68022715876251, 49.227492902381556, 39.832361280628284, 24.94713717116749, 62.53473070693328, 43.04197004757385, 54.22559362869277, 0.0, 48.28136776324015, 19.175244252346154, 51.20763404989806, 53.737917115973815, 38.72714282318564, 77.50614732098829, 39.458088472268976, 43.88075843201803, 45.71728426680978, 68.59440298463454, 75.16937891438141, 22.477627611675555, 35.06979148165659, 18.508548182893154, 41.294285943948076, 65.22505617778565, 35.238005009531776, 46.025032091144496, 58.371793862823395, 25.23465130797926, 39.36766832990465, 45.67109865140426, 56.36874470891597, 49.52572617136117, 25.82965053630061], [44.51911731023483, 40.52479333515549, 44.64796918574136, 111.05978258682669, 62.54679153131271, 53.22237447056679, 51.54187686594812, 85.89181433661423, 72.60773242946844, 63.332104963763214, 115.13362721153841, 16.912018693826724, 90.41920021273833, 83.59680330157516, 98.22179258450448, 78.6301636918583, 20.591091433991227, 35.135574484841314, 22.209717818280307, 72.15323782606669, 36.79084867017293, 80.43481105832133, 51.02457156423009, 110.93515246538543, 87.88933101138488, 93.79509209951071, 80.45662023237153, 79.4278557167746, 39.01871818546564, 54.96910621022762, 33.637873892295275, 26.648293661689422, 48.28136776324015, 0.0, 31.665238957805123, 93.70607040303713, 99.09869331986475, 82.92427887443685, 116.06545315888184, 24.11619972548114, 53.38461050255528, 72.81780033422403, 102.76052995855207, 63.388536462461815, 41.05726793169159, 74.637159481876, 44.01906120049021, 63.8184005977144, 98.57699737069743, 13.546217526822197, 90.01998840975155, 97.26036899884518, 63.22030378048905, 9.75334766569338, 47.61377432164388, 95.23449554682145, 94.97199965880503, 45.71847766154088], [18.60028406177431, 22.10930639666867, 25.641641994948312, 92.96514482118134, 35.36868149153072, 21.784517409457337, 61.945930021664765, 57.696966494639