instance_id,num_cities,city_coordinates,distance_matrix,best_route,total_distance
2678,99,"[[19.810516973056036, 13.327731396502163], [78.6726803424407, 24.876134704427777], [50.02520254620423, 68.33583876729568], [77.13824824950024, 71.42751169993453], [58.89811403259383, 23.95101164439182], [72.51408292679919, 34.915671966505656], [67.65729614384817, 14.282257616381877], [65.07892781718162, 82.04259900126848], [81.74658162482328, 71.264833530728], [55.781926439914564, 76.9962562137508], [75.99280395548307, 40.22588323176299], [51.48533968075086, 47.98280245056347], [19.734348800869427, 18.772080699960004], [52.882242740773876, 1.5788241048183216], [88.9959887599597, 4.743440399553234], [43.15551721371107, 57.56007478966556], [79.2696086306064, 73.34265898679685], [24.446243798622934, 9.021217085059508], [74.86360883375002, 49.05399450643354], [94.20385071198541, 68.25139948942251], [68.13097801453635, 32.34571414695198], [69.39435524543256, 64.0615261620918], [23.351527107370995, 38.81996559870502], [70.17258592374822, 82.60892648677752], [60.19039710950251, 46.84718969330356], [49.06616785278275, 63.62202781486608], [32.083427330650174, 61.495192561732715], [46.8419295240074, 53.614465467013915], [25.843059982566828, 90.01860262690865], [60.79490998008864, 91.68654196090598], [13.270657998459113, 1.0982768750921634], [63.446330081339084, 42.25745221741241], [67.89278625949376, 99.3242064187278], [44.50928555777819, 20.499892532191012], [85.35693708196376, 47.094406315999585], [30.813312558471694, 78.65512269596594], [75.9909979172185, 47.051723725815606], [59.1110102151905, 84.6441308331986], [13.204813658771364, 5.782769035350754], [59.64749603813046, 8.986806959922333], [66.92999187914737, 25.30194097414251], [46.71526985452685, 28.621883144257655], [26.78558811854933, 25.315656826918044], [70.75507552662515, 22.258205099219474], [54.400169055867195, 72.36050774290474], [41.195721328246485, 50.307508705348546], [32.3951501632957, 74.10806017035002], [78.97024227734663, 47.981429174053126], [19.393571919011045, 52.977618425662406], [26.24232148495945, 23.6293330695879], [93.92055808209466, 35.476994391575566], [90.76879581247515, 88.3446643685071], [65.31145581631472, 64.70791389332453], [2.300299311222098, 66.38916911122098], [85.00385870360736, 24.15053694256294], [53.03592103832335, 77.06182459135397], [86.84508332719348, 6.769296518247492], [14.204229767412857, 62.685304744826055], [29.041755072990394, 62.0874484842435], [50.769702512277526, 11.568968229184595], [80.11320506065503, 46.59862870801321], [87.90846502077115, 54.00798556965899], [11.902159171022475, 19.685242194574016], [84.02793738219151, 66.36201562003701], [81.69984818206572, 33.52790164872006], [37.6016462599664, 38.79673936598239], [70.48842766300425, 69.7879025335511], [52.67429094219614, 81.19033586766186], [81.67287813781583, 96.7041427276268], [93.9283928490713, 68.53830875741936], [38.44053136159008, 60.05264425157413], [58.821603374024036, 61.66276173173596], [25.84197310384434, 5.511371071130267], [20.4261083659422, 81.72665138482988], [74.3954893929867, 99.35862391243165], [50.85194283809443, 9.216442809300585], [98.41495778460389, 61.187054568444964], [35.481195588335524, 68.20865102207655], [44.82259431800239, 19.981853921131197], [84.97765733202543, 98.54729290957718], [5.542136335477599, 75.50990257386856], [97.88847664355949, 51.15856527477099], [27.801831623978035, 68.34796969761373], [83.4873730424111, 39.55495538063545], [53.93762877995103, 58.990953979453295], [22.21246487595504, 64.47291420762961], [10.611540458362079, 56.60690918223901], [61.97601585212984, 97.73754034002948], [98.93292201319916, 0.2936815919344693], [39.48831680462903, 52.829475227671516], [72.39687358255131, 35.41285204185921], [10.492221145419478, 36.21019796816017], [61.53135350612982, 86.73333156587398], [51.57978578192702, 2.739719351022629], [73.1689018034822, 39.39624046880513], [62.48512995646922, 72.80650119318894], [24.886540939035285, 3.059687254010235], [20.690062450549473, 18.855818209062313], [67.14476391424759, 37.46553927009233]]","[[0.0, 59.98433041625651, 62.76001195666679, 81.62140187849818, 40.50548514848317, 56.95353406325684, 47.8562994528723, 82.285855712225, 84.81028185461717, 73.12744595182444, 62.289324468391335, 46.949636242743544, 5.444882085822991, 35.0966646250568, 69.71599212732141, 50.01489016569876, 84.48180345144917, 6.327402999330844, 65.6293288036839, 92.47149518404579, 51.92832197517674, 70.939939026885, 25.736992003559436, 85.65174827247293, 52.47941314786964, 58.18427073200031, 49.706424572177134, 48.515133789033946, 76.92776680263367, 88.42976683913075, 13.86828443964326, 52.35468395852289, 98.52562273836075, 25.719040902761975, 73.73277103305178, 66.24748723300907, 65.52521726591216, 81.42823587484561, 10.028049327139497, 40.07279034451275, 48.61714317434771, 30.947969324276908, 13.86946190772753, 51.72138249092881, 68.42011922215796, 42.71803945788156, 62.069488143450315, 68.56202934377717, 39.652079196471675, 12.144591648559617, 77.3491308574849, 103.25995142541485, 68.63132367239277, 55.87596884992497, 66.0855878833221, 71.87462772543826, 67.35462979142237, 49.67494844554277, 49.625857849857404, 31.00910216582631, 68.87210464697131, 79.32347450724754, 10.146924000532639, 83.28572739135035, 65.10250529524258, 31.067581950531764, 75.86831721293956, 75.4013310565788, 103.81992918190645, 92.42114139577713, 50.30203691135235, 62.11392774323454, 9.872889738757932, 68.40169009851037, 101.88637632761314, 31.312502512286187, 92.02810945451716, 57.07438573661686, 25.882066371956356, 107.28061263362731, 63.79819040027797, 86.7602430738523, 55.59755149789553, 68.8666049460205, 57.006926394434295, 51.201553477525344, 44.24599867476503, 94.35541924873186, 80.18878620882359, 44.131661785103674, 57.035755937665826, 24.707041780318324, 84.43346692659934, 33.48719814683699, 59.38589392241725, 73.20414366558327, 11.454202277564269, 5.597619498874553, 53.13346123143168], [59.98433041625651, 0.0, 52.05212638613257, 46.576659197774596, 19.796194720671473, 11.777972260308498, 15.282961780990812, 58.76048628049253, 46.49043178860593, 56.92533425789094, 15.581929190629854, 35.680100708729526, 59.25357710884327, 34.75501910314746, 22.62512047828136, 48.26705725656169, 48.47020011713056, 56.49676834083211, 24.47606852343254, 46.07201806103384, 12.919833784469677, 40.26887408776336, 57.051383990804844, 58.35517845153793, 28.71100922689329, 48.76258621859368, 59.2580281021338, 42.88459341867423, 83.87198527756362, 69.1610091807911, 69.59030858988027, 23.10740012984878, 75.22447406540716, 34.44254692618955, 23.201958571755043, 71.99096216939468, 22.337147738134384, 62.887775437012536, 68.1952944174581, 24.787665763142826, 11.750406091931067, 32.1761824408601, 51.888953729544085, 8.339185897751154, 53.3284210061959, 45.29102825644724, 67.5676866894509, 23.10721046844912, 65.60263777327512, 52.445181325274326, 18.57083739819047, 64.61091445866188, 42.01300934461347, 86.92567290528865, 6.372622031230808, 58.14283839469551, 19.86569303210217, 74.73763749737182, 62.03152921153616, 30.913700059850704, 21.770205722491266, 30.560832015155544, 66.97199312064458, 41.8300979356481, 9.166068753157411, 43.36603595842098, 45.651384222802484, 62.025845452197935, 71.89063863530576, 46.250645477860054, 53.441675081698534, 41.80097109939294, 56.267910018977595, 81.39191847992096, 74.60519794919456, 31.925215512758115, 41.330865221701124, 61.181789167066675, 34.20208046665612, 73.94046447059516, 88.94860828259642, 32.55784059440985, 66.9151977282553, 15.448269878514228, 42.13838713058053, 68.96129985395557, 75.09434606734273, 74.75000358727549, 31.85552375311807, 48.13318597674379, 12.264100567771022, 69.11610526051771, 64.18830025218725, 34.98636620693242, 15.528201750834018, 50.590086175507984, 58.04227917026856, 58.29432380859592, 17.070031180211124], [62.76001195666679, 52.05212638613257, 0.0, 27.28874656028433, 45.26302505329672, 40.282220516815315, 56.85666504355053, 20.35902553281177, 31.85631650040011, 10.399168252090146, 38.26860231522449, 20.405344588168624, 58.087020360650676, 66.81812392846423, 74.58361286690184, 12.779267031761348, 29.6699096045105, 64.59494930656163, 31.444171876602773, 44.17872886070319, 40.287816712965814, 19.8351663601047, 39.782806968847055, 24.69085032982378, 23.771689454788262, 4.810380571059978, 19.20160770339694, 15.061608777952475, 32.47950534660006, 25.714624979718206, 76.62758167996742, 29.329318255961695, 35.77051128306295, 48.15291364425451, 41.22535527910412, 21.80789622364454, 33.57433666281948, 18.66848389946548, 72.58531236215323, 60.12400609172163, 46.23514098240365, 39.8516489703007, 48.89596847317026, 50.525992897060576, 5.944601948314341, 20.074372304029218, 18.55093762994143, 35.385269745006845, 34.26618926789143, 50.63888904066216, 54.831613977066375, 45.39155752105242, 15.710868146895713, 47.76458846821869, 56.35465627541851, 9.230777564238789, 71.73662067054802, 36.26390251418067, 21.8940048641281, 56.77175240284686, 37.118650251200805, 40.50220923566958, 61.80814657525096, 34.059975838851045, 47.06246553898462, 32.04532952300517, 20.514679411633686, 13.124624376838423, 42.50101222250627, 43.90365716961016, 14.24134536625346, 11.041133304429557, 67.31821690722619, 32.48723193579186, 39.45027349912454, 59.12517634602405, 48.91496220538216, 14.54456307742062, 48.6330647078637, 46.19963264947086, 45.057855819031914, 50.85225395157574, 22.22337423314288, 44.136788542368514, 10.130841560924653, 28.079717998366178, 41.121825693733776, 31.73770618751749, 83.79558566260417, 18.74762041844235, 39.80470725783317, 50.940292649236646, 21.699291490422837, 65.61453811093045, 37.05578450106442, 13.23769668769332, 69.94946936028285, 57.52236850891041, 35.29950102311981], [81.62140187849818, 46.576659197774596, 27.28874656028433, 0.0, 50.85981275795957, 36.80349637807889, 57.92640604338801, 16.065717777437726, 4.611203821655756, 22.07041904211933, 31.222646615822125, 34.752354018456934, 77.89609801332539, 73.94046904097581, 67.73013638852153, 36.7032943359459, 2.865394598397421, 81.67614670520307, 22.488847371076375, 17.358642694097473, 40.10633138368529, 10.68763873838167, 62.89883491738921, 13.173628515782285, 29.856689170321424, 29.13704302910358, 46.13662158733276, 35.14500738956837, 54.56028776679209, 26.029464322251638, 95.00142291314748, 32.22360925373662, 29.38884386365348, 60.48364738036642, 25.68359133280516, 46.88537114589032, 24.402770799319512, 22.353083287533863, 91.6335980853444, 64.84418263305443, 47.24168469585829, 52.51551628297676, 68.2765958589998, 49.581908047242166, 22.757212637582086, 41.68836489929021, 44.8233216802812, 23.517546384104488, 60.62050978295209, 69.82163877767425, 39.67474786379634, 21.725143987516244, 13.602426766582942, 75.0073562880973, 47.926820988095066, 24.752124328086527, 65.38277630773169, 63.538310213206515, 48.9949939968479, 65.40906229824478, 25.006475134547774, 20.480172360200424, 83.26469703193813, 8.551436539002164, 38.17314024256975, 51.26314660639773, 6.848973065436484, 26.340044473454455, 25.680166361106405, 17.03691431326529, 40.334859635365234, 20.75692225344939, 83.52392135918389, 57.63973532573897, 28.065454843492017, 67.53656005969584, 23.612821324506015, 41.781229044614165, 60.753248417793095, 28.230105696260956, 71.7124058755027, 29.006933095240736, 49.43243453837937, 32.49878816145068, 26.323691072980004, 55.36432159322092, 68.15756090497229, 30.366278967211066, 74.39777947156676, 41.99290771579323, 36.32542283331858, 75.37872455302019, 21.859626833485287, 73.28879738045637, 32.27627685918395, 14.717862879238487, 86.04882530474904, 77.13741398628218, 35.40176973661489], [40.50548514848317, 19.796194720671473, 45.26302505329672, 50.85981275795957, 0.0, 17.48194454021936, 13.046381709588161, 58.419474327328416, 52.541890076443806, 53.13669726785695, 23.60296313485136, 25.149079365713114, 39.504706464582405, 23.16690490129381, 35.70452150960379, 37.11331944336016, 53.427826264535234, 37.54770469951843, 29.749903744679674, 56.64820743584636, 12.4786540706737, 41.461119792797625, 38.53109956551862, 59.73160545373783, 22.932617922913476, 40.87122079998017, 46.136676773229105, 32.019870043332666, 73.87532183674969, 67.76208307103497, 51.030502942679824, 18.862980561926005, 75.90798784686203, 14.796912110445984, 35.152326154661125, 61.49224211056064, 28.736902723886242, 60.69349258076413, 49.17278453121543, 14.982956825303896, 8.144695930232023, 13.047556584867506, 32.14150863065347, 11.977192069526133, 48.61800923038292, 31.749640073285093, 56.728622499516476, 31.310562098494117, 49.02196190319539, 32.65737686985317, 36.870311437371846, 71.84902830427436, 41.25840561344896, 70.74114672815328, 26.10650714233449, 53.43335810698478, 32.80616447299611, 59.142951842968905, 48.43335612121763, 14.811687040296505, 31.032155032955053, 41.77346222186319, 47.18915725407534, 49.297071716321824, 24.73127377184998, 25.960261384935272, 47.279550933103955, 57.57669851074474, 76.23455884612228, 56.702270658286196, 41.495066762748095, 37.7118277007516, 37.85140416909815, 69.41267728183203, 76.98361274341406, 16.788340884293294, 54.29644401581658, 50.07085692007113, 14.624447622661577, 79.02371642299273, 74.1968974411521, 47.544708970447466, 54.20395432084208, 29.122409219975882, 35.38932003848223, 54.66133406155149, 58.29237369967079, 73.85069597886577, 46.50220548807166, 34.7951991999115, 17.708480868910907, 49.934137776930385, 62.83751781259603, 22.438289799787576, 21.028801131786494, 48.98699360331025, 39.915342151641745, 38.54628648572503, 15.831920010422053], [56.95353406325684, 11.777972260308498, 40.282220516815315, 36.80349637807889, 17.48194454021936, 0.0, 21.197315056368378, 47.7098394803832, 37.50334089959127, 45.285103856467984, 6.348215786902124, 24.757987430233825, 55.193440492373036, 38.687912510794966, 34.38047087552715, 37.076870956800626, 39.01628453597841, 54.59890064881785, 14.332216724235856, 39.770802808812626, 5.080973515595974, 29.312344116365914, 49.31734384032483, 47.75069774307732, 17.153260546856156, 37.06561192548943, 48.38500622100317, 31.760106087844292, 72.211615063134, 57.96784189941882, 68.2158310658796, 11.667299555550729, 64.57411008423063, 31.497355006075264, 17.699165890130846, 60.4325557909548, 12.624289689137072, 51.5030288368465, 66.07810117053549, 28.945726777769515, 11.117818869813851, 26.55542380902824, 46.72531998936386, 12.779106953551743, 41.59602868117388, 34.89625211126396, 56.085399697277296, 14.573812300363958, 56.10724195344115, 47.62832510834919, 21.413833412987234, 56.461418434463646, 30.65053859753186, 76.94515210286795, 16.488863849236623, 46.42948386134269, 31.58474352199826, 64.58476198076418, 51.265473060910395, 31.904335990734467, 13.936934219160058, 24.525567042911735, 62.49617022197305, 33.48792877435016, 9.290004832064865, 35.12749518788511, 34.93101407014859, 50.348404792577966, 62.46357857756202, 39.86294487642409, 42.342346320524854, 30.04814149348431, 55.162475891422176, 70.03159921032263, 64.47040984665709, 33.610990650339495, 36.89228729988341, 49.79816461495368, 31.461682453159984, 64.84075779012264, 78.3143230120429, 30.127917941949708, 55.829239186541734, 11.913691558790905, 30.408943629677644, 58.34280887507468, 65.59294577929761, 63.69959186376772, 43.55039926533389, 37.57133981156433, 0.5108092185029407, 62.03537004320623, 52.96876619181955, 38.38667377702335, 4.528165397272782, 39.195597165584374, 57.299097006837336, 54.255396054523615, 5.944023042052281], [47.8562994528723, 15.282961780990812, 56.85666504355053, 57.92640604338801, 13.046381709588161, 21.197315056368378, 0.0, 67.80937876005305, 58.69856832324477, 63.82844213730972, 27.24981468834028, 37.379926403953746, 48.13280994664393, 19.485364406302832, 23.37367828265289, 49.73234993468013, 60.19116888152809, 43.530145787189966, 35.51062698595479, 60.144724074115395, 18.069666193552504, 49.809566864893554, 50.64681908016953, 68.37295051116021, 33.41001919130899, 52.72611283201221, 59.11481513540029, 44.500584961590135, 86.51256730270437, 77.70788620692561, 55.96180623375362, 28.290347260949822, 85.0422748501908, 23.968508047834284, 37.28155564919524, 74.17105152951403, 33.81254936180946, 70.87899692965301, 55.111833166087614, 9.602015173314049, 11.043658487963066, 25.38096383871842, 42.33476603271049, 8.556399672370471, 59.572095450687584, 44.69936976898869, 69.44455047287853, 35.54738969168899, 61.860472227518066, 42.45665961335538, 33.748715451209314, 77.58467316970658, 50.48019193508131, 83.5862863184559, 19.957108244912938, 64.45974433350995, 20.606206867238598, 72.11161679203974, 61.45320403451543, 17.104173700116085, 34.63376253709397, 44.589721935659526, 56.01631495565142, 54.59211562372197, 23.824107159881613, 38.78533105948664, 55.57780063433271, 68.56516156294053, 83.60504580419109, 60.28175186168747, 54.30053072555352, 48.19731981083396, 42.72528164599446, 82.33790955389433, 85.34278733673028, 17.552275618587245, 56.090050157951204, 62.796157149177624, 23.535271519835856, 86.02668821157982, 87.21879146754705, 47.6842357695108, 67.16814181548636, 29.82114328622769, 46.76640677945335, 67.7077152031276, 71.03234736301047, 83.64843788282612, 34.26142193066951, 47.74284640221479, 21.655613938918414, 61.2264678684564, 72.70959558156949, 19.791829855901764, 25.711669172947897, 58.75234794718683, 44.218588696705496, 47.189389668609316, 23.188946451308368], [82.285855712225, 58.76048628049253, 20.35902553281177, 16.065717777437726, 58.419474327328416, 47.7098394803832, 67.80937876005305, 0.0, 19.84870051135253, 10.578270659140717, 43.21747806281383, 36.67226989836229, 77.84143711599107, 81.38291096685883, 80.91468176217273, 32.86380873027483, 16.645250920424925, 83.56516754907446, 34.409126828686574, 32.2251193574796, 49.790514906258664, 18.491670944949195, 60.07804930462955, 5.125044363460141, 35.53328817932708, 24.407497301255077, 38.870283813578894, 33.77494460375396, 40.03835609227213, 10.552651071520962, 96.10452698013633, 39.81862981042984, 17.509190565658827, 64.88925105299695, 40.40512135496282, 34.43264998191282, 36.65289383405379, 6.510300175621795, 92.23060981122516, 73.25741738526483, 56.77084385063125, 56.48890879141553, 68.44213492963927, 60.05324643226856, 14.414533631638355, 39.718050157117545, 33.63311208003217, 36.78494131339067, 54.14725144827637, 70.14550326435213, 54.774037362642915, 26.451566031306253, 17.3362446066602, 64.7007423791405, 61.2249436115531, 13.032349212558938, 78.35710301170147, 54.43289210197861, 41.1932743485123, 71.91165804670699, 38.50070807638198, 36.15421578723369, 81.95247812949002, 24.595643083086664, 51.28285145138859, 51.23675806849363, 13.395531870658955, 12.433879863065858, 22.14317167172745, 31.85368875995909, 34.542181106856546, 21.318815077756177, 86.00329914410986, 44.65393720425243, 19.663240788837204, 74.20280403928194, 39.32231716949487, 32.67114735942807, 65.28288540445922, 25.85274370955389, 59.89412043388289, 45.058739811604894, 39.71303025912116, 46.30411122183637, 25.60286863710339, 46.32739436704138, 60.11381373915296, 15.998726395873216, 88.48151457011856, 38.83665758799635, 47.20048338442553, 71.2763462147764, 5.881178069492977, 80.44360482045391, 43.406906998523056, 9.593398254145821, 88.62126331212943, 77.22007922437861, 44.624902611174264], [84.81028185461717, 46.49043178860593, 31.85631650040011, 4.611203821655756, 52.541890076443806, 37.50334089959127, 58.69856832324477, 19.84870051135253, 0.0, 26.58970712216807, 31.567742921054997, 38.18109133085951, 81.24657604825178, 75.42738208980356, 66.91524226903219, 40.95229742680303, 3.233071889081259, 84.60257976700345, 23.252885511389255, 12.816564977842697, 41.23205688879793, 14.299130518138663, 66.80308261766545, 16.20635126991873, 32.57131286009003, 33.56220975326547, 50.614965959782246, 39.11355559219295, 58.96530833735287, 29.257797591684515, 98.04232651968339, 34.29762932348074, 31.293067169778098, 62.957886344521704, 24.438580528938008, 51.46663260532207, 24.887776723524144, 26.2940048176097, 94.79385384342618, 66.0826919648553, 48.29201615029021, 55.18708202116398, 71.63824151216052, 50.22412604048642, 27.368353665699157, 45.64626747751621, 49.433265368839535, 23.44834703361355, 64.97938177354455, 73.14276312703093, 37.801787431708156, 19.316339464169097, 17.694817192411776, 79.59575288282701, 47.22675933160726, 29.29005183795648, 64.69674654986382, 68.08507625477372, 53.497879753783, 67.25446731372784, 24.720226118635978, 18.323962686512694, 86.82567356669135, 5.407606453604912, 37.736960819360895, 54.79920124470957, 11.354618258596082, 30.719923212398307, 25.43941596458962, 12.483207201784356, 44.73396000616593, 24.854665771895153, 86.30668038633881, 62.20651150406648, 29.03962146812649, 69.31436717507684, 19.47810033387694, 46.366218269678015, 63.192759365868746, 27.473122137540678, 76.3225922845779, 25.784157887672134, 54.02355178322343, 31.757624707355937, 30.397137654185926, 59.920290596419434, 72.62953137643225, 33.04057319090628, 73.02242603107922, 46.10448331101587, 37.05106769249593, 79.41039832259543, 25.454466785893, 74.87140204890409, 33.00278495618029, 19.323049954751372, 88.79755742934563, 80.46492043533662, 36.81854658959151], [73.12744595182444, 56.92533425789094, 10.399168252090146, 22.07041904211933, 53.13669726785695, 45.285103856467984, 63.82844213730972, 10.578270659140717, 26.58970712216807, 0.0, 41.958788104326985, 29.32986800256063, 68.4797960562362, 75.47315570095438, 79.52133882726196, 23.177388944777896, 23.770149082152344, 74.85005645383882, 33.836084175025604, 39.404527454313886, 46.32677391802326, 18.7777916564911, 50.09151590831201, 15.446460694067405, 30.469670587306478, 14.965674013093068, 28.317871289624176, 25.032612396244627, 32.64838787528699, 15.522064917630226, 86.99259285820223, 35.574254542782725, 25.40098986113396, 57.60999515445805, 42.057126409028086, 25.023659148222077, 36.12591308044387, 8.341030210807258, 82.97090627976975, 68.11921767113682, 52.88271542885647, 49.21670683318682, 59.25936203697582, 56.7490038096697, 4.837294424915745, 30.41457912131778, 23.56444315059744, 37.14240406220461, 43.600542495872084, 60.996858499186644, 56.37733876121006, 36.78134576302989, 15.550411155967959, 54.523341213953024, 60.38701326041093, 2.7467881020766103, 76.79027011202363, 43.971674888915466, 30.61550771501083, 65.6189942144509, 38.93618981484548, 39.50411457548795, 72.180234853306, 30.181520954985338, 50.60866048438252, 42.305149507174164, 16.378081114818876, 5.2199331921041265, 32.53831849783993, 39.07287773736389, 24.24479262826046, 15.631880529665539, 77.5015458530971, 35.67086360258747, 29.095364147901375, 67.95886876233524, 45.46983855589552, 22.121068647626252, 58.058152135105395, 36.288260980507346, 50.26177232132462, 49.401901209470765, 29.28614972259065, 46.57727750222882, 18.099512214613565, 35.82935730230777, 49.55894714472707, 21.646422587890534, 88.0073484010337, 29.14644091782379, 44.779861222155475, 60.94801024541266, 11.307809160162432, 74.37534035522272, 41.425452276510754, 7.904870936117431, 80.13202277982514, 67.9098626830089, 41.13139503527389], [62.289324468391335, 15.581929190629854, 38.26860231522449, 31.222646615822125, 23.60296313485136, 6.348215786902124, 27.24981468834028, 43.21747806281383, 31.567742921054997, 41.958788104326985, 0.0, 25.70575034781657, 60.21029330153832, 45.0299147103387, 37.79003260650096, 37.13167916385436, 33.278495838726066, 60.25594620725845, 8.900035410093095, 33.42262385684063, 11.13127898900005, 24.73211271366238, 52.66004778378503, 42.780805199217134, 17.133527406332067, 35.671043062415606, 48.78951603526477, 32.07846028707953, 70.67044449635762, 53.65794794925213, 73.92588973192548, 12.709889032482941, 59.65083478197335, 37.152747405517964, 11.613078772192328, 59.312670557728886, 6.825840732981003, 47.51816157925538, 71.61466219320634, 35.256899710992, 17.460200893453848, 31.493282157683694, 51.4165823627584, 18.715535166517387, 38.71531963422466, 36.22811244815798, 55.215553336728846, 8.307444361744148, 58.01792669144369, 52.44574323370269, 18.54605923749559, 50.33633909457239, 26.710691181318285, 78.19912255744734, 18.42866967503057, 43.40397503823129, 35.17264792535008, 65.74384773418801, 51.79120607260155, 38.176218040545095, 7.588780545816959, 18.21892761594547, 67.30177325380483, 27.343386502084805, 8.799619940142454, 38.41774904118053, 30.0701038170555, 47.136391768034535, 56.7631662118925, 33.51535152889857, 42.46496943955981, 27.466158982123844, 60.99346841802322, 69.35395746484343, 59.15431036043586, 39.92052470895228, 30.694033396451747, 49.236426613836926, 37.167226040884636, 59.00944345615711, 78.79250338095983, 24.473332815881147, 55.79625042463579, 7.524540516214646, 28.957876859141923, 58.99358764012955, 67.40213370265168, 59.19511003514668, 46.05246729878732, 38.61901233001949, 6.0079933823165765, 65.6235634249948, 48.7039659540073, 44.73486267818536, 2.943251684481552, 35.26973098298349, 63.19158364025279, 59.28805020437052, 9.268619711588022], [46.949636242743544, 35.680100708729526, 20.405344588168624, 34.752354018456934, 25.149079365713114, 24.757987430233825, 37.379926403953746, 36.67226989836229, 38.18109133085951, 29.32986800256063, 25.70575034781657, 0.0, 43.14384877413572, 46.42499913270313, 57.24239010490298, 12.69291486577181, 37.617654427359575, 47.42486521136734, 23.402797290294835, 47.28305415949094, 22.83847206259938, 24.067783335564467, 29.588325216001028, 39.34693937166777, 8.778817754818457, 15.825225506408454, 23.643580299045535, 7.299101740255721, 49.23956746952111, 44.684280752253194, 60.48570603469805, 13.260653326861634, 53.89938835141399, 28.354464705016373, 33.883245980893875, 36.988159383521264, 24.523339764278273, 37.44601246967732, 56.97579742982558, 39.8410399049575, 27.44009400206257, 19.939878699037713, 33.524278037834385, 32.141524986511556, 24.551349160612027, 10.548957531966453, 32.356829676864535, 27.48490263090348, 32.47814256848052, 35.07565307336659, 44.23960890399003, 56.32290673550376, 21.70001935867515, 52.51630727496687, 41.127460372960364, 29.120333638388065, 54.303448711616674, 40.07548789575975, 26.50765040099006, 36.42086571265109, 28.661308643526407, 36.91811061191325, 48.657785561070234, 37.374003557108516, 33.494188767115425, 16.647543302128305, 28.923688258767594, 33.22881100415419, 57.31541220727781, 47.15868532709609, 17.772115945634344, 15.522952390308218, 49.612546123087746, 45.862001600076105, 56.2525554150104, 38.77153377667722, 48.751834112842026, 25.79181223893681, 28.782725623483636, 60.65066394552962, 53.55855837140869, 46.51168229063312, 31.235374031305472, 33.09318276495793, 11.277992813841271, 33.597990789596054, 41.77370799667515, 50.8486797171982, 67.27202477600466, 12.939041498447665, 24.398686509798715, 42.650087732041435, 40.03156130475344, 45.24318167876775, 23.32179051867431, 27.15163725034668, 52.207110372678954, 42.387855698178655, 18.86346712913399], [5.444882085822991, 59.25357710884327, 58.087020360650676, 77.89609801332539, 39.504706464582405, 55.193440492373036, 48.13280994664393, 77.84143711599107, 81.24657604825178, 68.4797960562362, 60.21029330153832, 43.14384877413572, 0.0, 37.3415444913241, 70.66807991236813, 45.31070089201584, 80.76134705138395, 10.82964891888213, 62.89856608505204, 89.40866682128173, 50.26407508547689, 67.21049107350326, 20.371589722315584, 81.35821190312426, 49.24331010135869, 53.58986252178724, 44.47205895490151, 44.14535886043823, 71.5079243090482, 83.68087203971047, 18.818677967091013, 49.62156771784719, 93.85030663918155, 24.835112744588585, 71.47361905634128, 60.89927878585818, 62.96466294255725, 76.74404506470832, 14.538123905519841, 41.095144537411585, 47.64522852051977, 28.722616682596776, 9.619686296573821, 51.13968731769247, 63.82349572758316, 38.14542869390642, 56.76589218083549, 66.04602269809712, 34.20723519940861, 8.120751753324178, 76.04372287679026, 99.42955828405157, 64.70991774887342, 50.70831480510191, 65.49073762370676, 67.13187734907063, 68.17563726710232, 44.26006622835986, 44.30405058007745, 31.860288907334983, 66.48250188797306, 76.74163872599506, 7.885243072545565, 79.99042091626643, 63.69817395681688, 26.837050381563145, 71.96242490703402, 70.57675514257006, 99.54791664473885, 89.3388696329519, 45.321145099543344, 58.02950964325083, 14.599640217704938, 62.95837117820114, 97.37572201409739, 32.551726131849705, 89.38494413666979, 51.883886409573314, 25.117396648032717, 103.05713847755074, 58.48588997064334, 84.59877116108727, 50.22801060174329, 67.05502203366471, 52.796042741851245, 45.7679717988173, 38.91914539577652, 89.55390695797131, 81.32567388263212, 39.37163158810861, 55.22912987939093, 19.735877418020554, 79.785469990414, 35.653449579772946, 57.27658702087515, 68.90100062737163, 16.535549329517398, 0.9593750833826221, 50.962661376110354], [35.0966646250568, 34.75501910314746, 66.81812392846423, 73.94046904097581, 23.16690490129381, 38.687912510794966, 19.485364406302832, 81.38291096685883, 75.42738208980356, 75.47315570095438, 45.0299147103387, 46.42499913270313, 37.3415444913241, 0.0, 36.25213714846563, 56.819975516701206, 76.46136982536852, 29.393796099013013, 52.31703603966726, 78.43919679434651, 34.33839615232533, 64.62768691315289, 47.528578619485295, 82.85429053112347, 45.854487711999596, 62.16045008007294, 63.42367012030386, 52.38504897135903, 92.48087277522909, 90.45446987337013, 39.61449951012357, 42.027975521809516, 98.89123409291498, 20.690897574092787, 55.913093248151725, 80.17352108959088, 51.0078343565589, 83.29851574986344, 39.89951793613913, 10.032290972599885, 27.57037413330271, 27.737314159635346, 35.2770833566016, 27.332671843466013, 70.79795787266892, 50.110472813808215, 75.36717486099491, 53.23331172331471, 61.34596263035427, 34.58193676070467, 53.22808727395412, 94.67682895153806, 64.34102357907025, 82.21261351495473, 39.25914457159458, 75.48315692569753, 34.35717602733263, 72.31867437788888, 65.03585531480387, 10.2110629144387, 52.61471386766856, 63.05278121632789, 44.80189310090413, 71.88126457981895, 43.025549842811074, 40.23269622081591, 70.44470262278628, 79.61178335595747, 99.38675429681885, 78.53890133974882, 60.230811634202574, 60.37678001920217, 27.324734356990604, 86.4700808156422, 100.11847497807729, 7.902868920200909, 75.00912796631788, 68.86457926267445, 20.090531081053673, 102.14205588357723, 87.78889473083504, 66.96052437512529, 71.324230279614, 48.773564022514165, 57.42182944171705, 69.9735796150081, 69.38949789943823, 96.5877601842215, 46.0686081049797, 52.971940614813676, 39.058446760404, 54.73797572542457, 85.59262385256325, 1.7447268847324944, 42.915096602171396, 71.872090732652, 28.0348403783311, 36.53533901740059, 38.61704074080888], [69.71599212732141, 22.62512047828136, 74.58361286690184, 67.73013638852153, 35.70452150960379, 34.38047087552715, 23.37367828265289, 80.91468176217273, 66.91524226903219, 79.52133882726196, 37.79003260650096, 57.24239010490298, 70.66807991236813, 36.25213714846563, 0.0, 69.93529652386715, 69.28531778956568, 64.69133595733422, 46.50966961436623, 63.721132239405996, 34.60107208502317, 62.47286879093766, 73.96218571206921, 80.10839168235755, 51.014584335500274, 71.14125844896097, 80.37288735588871, 64.53945925720595, 106.11383371674138, 91.40242750308217, 75.81301297309538, 45.38817182113079, 96.90648304705685, 47.1946241176587, 42.50702308055841, 94.06466174846453, 44.26195459799616, 85.30669536674448, 75.79830095214655, 29.653670680185993, 30.15891516980356, 48.55758662734747, 65.523660128988, 25.288295673507026, 75.95352879961146, 66.03748849796216, 89.5271210627976, 44.38512437514856, 84.68194825318773, 65.53395836057446, 31.125595961990264, 83.6200185000735, 64.47243738330205, 106.3782799136388, 19.81344237169632, 80.76555678417357, 2.9547397845418155, 94.6100779885801, 82.9629158130833, 38.8308741910713, 42.787388732958185, 49.27654734963367, 78.52844071780477, 61.8185275358008, 29.69476177269617, 61.652296076493556, 67.62626614015164, 84.63683334740766, 92.25182232268754, 63.98526266958473, 74.93305214324829, 64.42284279923729, 63.15868436730782, 103.09337161453924, 95.7350903950095, 38.405416152503435, 57.22410818819217, 83.01605897392962, 46.727914817369665, 93.889880888129, 109.41863485328282, 47.25928647305233, 88.2624552956185, 35.24466516228711, 64.59010244680925, 89.59714897113135, 93.98904792431111, 96.83997913919201, 10.88774521768933, 69.01649315871995, 34.87324813030875, 84.57540045166334, 86.46761499596849, 37.469816430477294, 38.09610523619763, 73.04386270657349, 64.1315548272374, 69.7485396006605, 39.34732242162358], [50.01489016569876, 48.26705725656169, 12.779267031761348, 36.7032943359459, 37.11331944336016, 37.076870956800626, 49.73234993468013, 32.86380873027483, 40.95229742680303, 23.177388944777896, 37.13167916385436, 12.69291486577181, 45.31070089201584, 56.819975516701206, 69.93529652386715, 0.0, 39.41214993891364, 52.019781035568755, 32.829201573744875, 52.15588918604179, 35.48996512867242, 27.03230458549432, 27.265174061816285, 36.8424615495053, 20.12344503686917, 8.466585230002478, 11.750588336701197, 5.399765610514951, 36.786916216792115, 38.415673087377805, 63.88301365826095, 25.414313770352532, 48.54044880893743, 37.084899860814375, 43.47976604694693, 24.44035723799717, 34.47599505614776, 31.43443730511964, 59.81583431342975, 51.296663762910214, 40.07259466116044, 29.156316203700204, 36.16181782401125, 44.81024015455821, 18.5874960835136, 7.512690245183106, 19.73882770630037, 37.073507835289824, 24.19977170380559, 37.9124177998935, 55.36020063400387, 56.69845901310938, 23.280404189234744, 41.79834609645192, 53.54886464353804, 21.861853193749763, 66.99612932551182, 29.401446000009237, 14.822125162580319, 46.6171395563737, 38.54898171408839, 44.89369304533021, 49.10473839713126, 41.80943545194274, 45.4225802401674, 19.568041261007515, 29.943409374405196, 25.475405627945634, 54.91671100211189, 51.94618870845579, 5.333291114137709, 16.194390872366405, 54.852769924810275, 33.17603729951752, 52.182895382780416, 48.952443457345744, 55.37834192645812, 13.125829047613525, 37.61518084119767, 58.558034916526445, 41.67688494325848, 55.10604478656328, 18.76470990272192, 44.16834748460119, 10.876642178660333, 22.05445057217581, 32.5579321783168, 44.367103883952154, 79.94096994684952, 5.985560212403662, 36.68182653209167, 39.021893218273334, 34.478257937087896, 55.46385914565068, 35.081735016517904, 24.618843329105715, 57.48084668532016, 44.75171656118713, 31.293358960114727], [84.48180345144917, 48.47020011713056, 29.6699096045105, 2.865394598397421, 53.427826264535234, 39.01628453597841, 60.19116888152809, 16.645250920424925, 3.233071889081259, 23.770149082152344, 33.278495838726066, 37.617654427359575, 80.76134705138395, 76.46136982536852, 69.28531778956568, 39.41214993891364, 0.0, 84.51537859951486, 24.685057351555024, 15.77822898220317, 42.48315640583378, 13.552123668680304, 65.71642260506425, 12.985358505266284, 32.650056743434135, 31.72914283746431, 48.65077765427148, 37.95729168150123, 55.968591162629096, 26.034833066398825, 97.85250242710511, 34.88074288118141, 28.363231378344864, 63.2505970462209, 26.944875875474366, 48.74663988103812, 26.494576145072575, 23.110438247013406, 94.49283499251203, 67.28077728962985, 49.6001686362482, 55.314851216525874, 71.14186774027677, 51.78917553862787, 24.88882572214855, 44.49987688524218, 46.880707072050654, 25.362996625561912, 63.24456221166343, 72.68636705584846, 40.60121765498984, 18.90215520295286, 16.41306957325055, 77.2827639163662, 49.52521070237375, 26.496010218212593, 67.00298804715719, 65.93241028545647, 51.473459534619444, 68.03112169125737, 26.75733190154218, 21.176860859845767, 86.12486065883597, 8.448140287782254, 39.888857669371994, 54.126145720611255, 9.473406600989454, 27.728991243352702, 23.48477436334752, 15.426008423763914, 42.93760638766141, 23.548692508544903, 86.34579236001359, 59.437772938829156, 26.46861290952729, 70.14082499042827, 22.678251982988638, 44.08835622409084, 63.51356006640405, 25.842898273203424, 73.75931884036545, 28.96197955782223, 51.70956382623532, 34.049940552243235, 29.114955603122937, 57.7424456174703, 70.6683496812067, 29.902819054832836, 75.64918368110237, 44.75870739062085, 38.54743495903462, 78.16104330539683, 22.225116579695772, 75.83865356534243, 34.49025882751782, 16.79303991367293, 88.8662712570843, 80.00236901867105, 37.870563483562826], [6.327402999330844, 56.49676834083211, 64.59494930656163, 81.67614670520307, 37.54770469951843, 54.59890064881785, 43.530145787189966, 83.56516754907446, 84.60257976700345, 74.85005645383882, 60.25594620725845, 47.42486521136734, 10.82964891888213, 29.393796099013013, 64.69133595733422, 52.019781035568755, 84.51537859951486, 0.0, 64.37805499667205, 91.51141038107384, 49.52159293384278, 71.06172208671883, 29.818850038416908, 86.63745921445125, 52.04275837877248, 59.89481774565106, 53.02682976219084, 49.90114768584856, 81.0094288343442, 90.30382865638019, 13.699149592129457, 51.241136363593206, 100.21093719949366, 23.11461950044143, 71.83091461531166, 69.92439041723044, 64.05607787321253, 83.18936899913159, 11.698602367797006, 35.20126905789258, 45.49649240680013, 29.666405772232164, 16.461509601134118, 48.163531304291205, 70.06499396528609, 44.554493300574215, 65.57043735711669, 67.01316688627115, 44.24584400753563, 14.718116308576647, 74.34102836288031, 103.39676104482201, 69.07223577289601, 61.49410359469437, 62.41891574139237, 73.80307523739006, 62.43946124648682, 54.632711407824274, 53.264844304518334, 26.446465067034357, 67.16302882114147, 77.78986348577706, 16.464370339638197, 82.69187013797146, 62.27802825393991, 32.55220946451495, 76.23957473253255, 77.49325358634233, 104.70522015177504, 91.48799504746407, 52.91546695481675, 62.87127777233536, 3.777178753375171, 72.81649308786659, 103.22680953967439, 26.40642071251898, 90.51323245295595, 60.20732926355427, 23.13722585663344, 108.06928461357127, 69.1238784864385, 84.67182339899655, 59.421574745246204, 66.46927197347974, 58.023412459212054, 55.49667090960147, 49.555999726376186, 96.3279284645347, 74.99623395361652, 46.31875907024872, 54.733730846419846, 30.5606843782617, 86.10736379135665, 27.851145655833193, 57.41549833121342, 74.2665424594708, 5.9777670997075205, 10.52750101343392, 51.30539040520357], [65.6293288036839, 24.47606852343254, 31.444171876602773, 22.488847371076375, 29.749903744679674, 14.332216724235856, 35.51062698595479, 34.409126828686574, 23.252885511389255, 33.836084175025604, 8.900035410093095, 23.402797290294835, 62.89856608505204, 52.31703603966726, 46.50966961436623, 32.829201573744875, 24.685057351555024, 64.37805499667205, 0.0, 27.250418602097465, 18.013743373293156, 15.973062987696128, 52.51885291463795, 33.881250805536574, 14.83823203039527, 29.626602161606208, 44.55252336837214, 28.39035763635877, 63.88359201027548, 44.89390147773813, 78.06050503382302, 13.287108082525213, 50.751222380044524, 41.673992862427355, 10.674732952203007, 53.0721715405817, 2.297845605004878, 38.92045949105901, 75.32732556117504, 42.85918345578133, 25.042011200843625, 34.782181674035506, 53.6190707834253, 27.10893535149472, 31.015253131078012, 33.69121468469373, 49.30797286581476, 4.244388605239915, 55.608630804777505, 54.867503976688134, 23.39876592414302, 42.38787221645671, 18.338179283663358, 74.6052422249312, 26.88878699492868, 35.50896366497327, 43.949418824247736, 62.17212307400229, 47.6394081057283, 44.56056010458055, 5.795436286388425, 13.95386327848245, 69.47422368035161, 19.584496741369776, 16.96448430851352, 38.647964213737865, 21.190496746273283, 39.052660147265605, 48.1342162495348, 27.259942982002343, 38.04748176633043, 20.404091504199318, 65.56737622678055, 63.48971542443702, 50.30680744676242, 46.51441313301355, 26.49296479960788, 43.79355362681664, 41.804926878861345, 50.516141616795004, 74.19825888119824, 23.12085110410386, 50.86323183617112, 12.82969420680114, 23.165487363326296, 54.86242835325815, 64.69447279803373, 50.360477438083755, 54.37738456794579, 35.57619345604629, 13.862378963883486, 65.64022137712453, 39.96850601861144, 51.83771309654504, 9.805317178437779, 26.784478961138046, 67.9204211