instance_id,num_cities,city_coordinates,distance_matrix,best_route,total_distance
2148,51,"[[40.404299681822266, 47.79744124528321], [17.327859001497735, 39.89433130454826], [30.17364183309733, 40.77297139690626], [34.030528586213826, 75.89599019232284], [64.38742439498509, 41.23310212455292], [24.4628078209149, 16.433167757358426], [69.03652510525792, 22.850718859487806], [41.659742824201295, 66.42146864613386], [81.86340973688681, 34.76502686400607], [87.78415538843535, 99.98581235974015], [72.70645915796726, 2.3980200610538294], [8.346782446149614, 72.51280327777316], [95.56801051622433, 46.84847096364035], [58.211134973939, 93.36004104581733], [8.040709466897589, 75.66339937994383], [20.708408906908392, 16.605764804429857], [69.97134386835683, 78.73852788249943], [21.670591884240952, 28.838516890562392], [35.145530446137705, 52.10646902180517], [70.74026448710174, 60.850470611479444], [83.71359580427864, 97.57045612814306], [3.988444003029412, 85.8755582221708], [49.4955865247278, 86.89613419253683], [51.1301514241329, 29.708126395626877], [32.99511403212695, 93.58107552338421], [78.70353890282844, 67.22594485635628], [37.15965067590241, 77.14786414342386], [27.98509092485083, 21.761633294531833], [42.07143720263742, 94.2954078989154], [2.8511887669110836, 48.27551211077624], [38.26165110713945, 43.495351144260056], [54.23027001282185, 9.444204647778188], [69.97490079283068, 56.164696205908804], [17.28376572995024, 33.97039082387886], [40.898945695932674, 73.48996501529855], [24.009267201692385, 56.38529429514582], [69.29153807864175, 25.72380397594638], [56.169192097013024, 39.35425982781122], [73.33693810802518, 58.84362514530175], [62.73156850302307, 21.45287833290288], [12.096569270208091, 26.85524187590824], [9.792034221616241, 38.09751851304183], [97.60042035775189, 31.222172411950687], [7.873635166056204, 73.55642766124804], [96.53400314559039, 48.79466115453531], [79.73373912585996, 3.7853137595395547], [23.46898988394768, 31.454089881544643], [57.969742124237, 87.61358038818983], [25.286333792437066, 25.884856021302404], [38.88139355744404, 67.38229909247109], [19.25203393121696, 79.95681571186543]]","[[0.0, 24.392237724486872, 12.41005788336356, 28.81238294394262, 24.86525324823923, 35.183075678182504, 37.9755617534801, 18.666294064740928, 43.45919501283098, 70.48742303673585, 55.71837175192182, 40.478803486670586, 55.17187270355221, 48.918645562854714, 42.70730141746522, 36.889684094719804, 42.79673987840905, 26.65319156373557, 6.798703865665877, 33.02502590917888, 65.97763364316731, 52.68830550818848, 40.14173995535828, 21.030149959713203, 46.37927554094131, 42.94529633700689, 29.529224024198733, 28.846144314234518, 46.52784381889624, 37.556153838486374, 4.806133805036197, 40.76920667731811, 30.731602718414894, 26.93968102215996, 25.697284921798232, 18.50806067719004, 36.355439819825285, 17.883488063319287, 34.735815125948115, 34.533214852639055, 35.21226086867009, 32.11229200193558, 59.54943960502691, 41.49421062046104, 56.13856124339091, 59.024335428732954, 23.535289497871112, 43.518613310227224, 26.621688222778744, 19.643978720163215, 38.49212533059315], [24.392237724486872, 0.0, 12.875796867321176, 39.68751206523128, 47.07860450706253, 24.522106142085175, 54.445118012615026, 35.99624405269095, 64.73906913729718, 92.60170514612831, 66.878716436241, 33.83229891628829, 78.54859239633471, 67.30545574005444, 36.95507241855042, 23.53264641499993, 65.42329941782006, 11.878146372534601, 21.601058384588182, 57.376343857116645, 87.94089734313033, 47.87706362498913, 56.95552799096944, 35.303735545574675, 55.92610647107031, 67.18624251062107, 42.20338457984347, 21.032625356588035, 59.7638837160213, 16.72776652119617, 21.2412569262797, 47.8434755412066, 55.10386359777128, 5.9241045766520175, 41.039770130733785, 17.793062577726374, 53.86118999802239, 38.845087640997235, 59.127765723257866, 49.005959068304236, 14.049350354403165, 7.747076307923985, 80.73964606407466, 34.96454031527329, 79.70463688903773, 72.09961873797955, 10.437967416789848, 62.680853511012636, 16.112191617216244, 34.93054859237476, 40.10866622123817], [12.41005788336356, 12.875796867321176, 0.0, 35.334148139293696, 34.21687650091194, 25.00079331394197, 42.796388074703, 28.102952284795194, 52.037750753256326, 82.61435593769188, 57.28592706433054, 38.52049738156664, 65.67598610184797, 59.59447051432009, 41.31838162327154, 25.95466256437263, 55.002186925140194, 14.653772988440139, 12.376099740793535, 45.263195294450554, 78.05434608675733, 52.152736493211165, 50.00683646201455, 23.698229662603552, 52.883424310485374, 55.27124672417896, 37.03966984021874, 19.136894510886037, 54.828904272901994, 28.333805934205646, 8.53388806499086, 39.499531457965276, 42.67370861989638, 14.574773013910448, 34.43012945627816, 16.785235800405193, 41.912853001689804, 26.034234692804997, 46.79336141176011, 37.858745159421396, 22.814112901088716, 20.556458278656915, 68.09984011335008, 39.649026494809284, 66.84343692609077, 61.84084460263418, 11.480152893432415, 54.467107891546895, 15.66977215282961, 27.997879571546424, 40.67745290036452], [28.81238294394262, 39.68751206523128, 35.334148139293696, 0.0, 46.07664193865847, 60.227639274463016, 63.554862937979955, 12.164352363291272, 63.08518576884549, 58.90476998045488, 83.05287002270303, 25.905612702386396, 68.04865946972834, 29.827752136081873, 25.99085986151245, 60.76849265282863, 36.053047356155595, 48.65361064528175, 23.8156366001445, 39.673320624450895, 54.20507025913515, 31.656257267175, 18.97817654747257, 49.25155696321916, 17.715369780666084, 45.506565865554734, 3.370251243100778, 54.470872154343546, 20.0797107379401, 41.65383585002411, 32.675737306294025, 69.45408091509078, 41.003924881724544, 45.1465386111405, 7.277644587746326, 21.933830812902265, 61.323625627940885, 42.72491638467023, 42.845968108950565, 61.54512264382606, 53.72237491688278, 44.90243946994459, 77.69736890602512, 26.261314251771452, 68.1261063587892, 85.37407750145701, 45.67963006628461, 26.653102348832682, 50.76981862941132, 9.798664557622294, 15.326258779230477], [24.86525324823923, 47.07860450706253, 34.21687650091194, 46.07664193865847, 0.0, 47.00012503391533, 18.961174855952503, 33.9264103260048, 18.634539469663906, 63.23992394966767, 39.716116857850224, 64.17922759173989, 31.68219244406882, 52.49156420143865, 66.0333071433026, 50.143415694254124, 37.918822739767876, 44.47868616397773, 31.198052333405336, 20.620371567647915, 59.560039938428766, 75.10649584966393, 48.02998368514981, 17.566455310506516, 61.03922893420885, 29.674551519474484, 45.069078008871045, 41.28278067753357, 57.56397813269134, 61.93790304561418, 26.22353524060161, 33.372170860344, 15.942785023541639, 47.66027313254773, 39.90255424340905, 43.12753767491059, 16.266181484435698, 8.43026633502506, 19.754096202160632, 19.849410872434063, 54.231507401232854, 54.68535921768419, 34.68892927914359, 65.10457546718945, 33.023926179859, 40.470312937385316, 42.07074236667287, 46.82238150384889, 42.00552278873118, 36.52859306286755, 59.470408324720815], [35.183075678182504, 24.522106142085175, 25.00079331394197, 60.227639274463016, 47.00012503391533, 0.0, 45.03333470544882, 52.86364345421155, 60.25683495357068, 104.83624124232342, 50.24375846996478, 58.349394118385156, 77.33718717066908, 84.0041273960164, 61.464669952860994, 3.7583641316603456, 77.15558796033396, 12.715705130023279, 37.23848796328101, 64.14436677000957, 100.46847983727724, 72.39782570778354, 74.77746751849213, 29.78878550226293, 77.61829630929236, 74.30991262092118, 62.02809182730317, 6.38741131015666, 79.82851789031504, 38.48372346924113, 30.377127015306744, 30.576909763638362, 60.414774348186334, 18.949745070283626, 59.376971475314214, 39.954700774560436, 45.7813387513534, 39.12379411005247, 64.7095627181639, 38.59657417966912, 16.17230610721715, 26.164397406918404, 74.61785996838857, 59.48333776294026, 79.00331290789677, 56.69959486686036, 15.053762837002076, 78.67252245036106, 9.48749735518002, 52.95006702964785, 63.737006628627455], [37.9755617534801, 54.445118012615026, 42.796388074703, 63.554862937979955, 18.961174855952503, 45.03333470544882, 0.0, 51.45773455016159, 17.50656175779942, 79.3807047746956, 20.779348018903246, 78.41917809310227, 35.774457706088036, 71.33550018518743, 80.68251823750047, 48.72993193542301, 55.89562669397724, 47.74290895157919, 44.77162535071122, 38.037926614028756, 76.14759051868235, 90.57253022729404, 66.9601635735069, 19.174521024651018, 79.38366750122094, 45.41598659101848, 62.96280734981374, 41.06587824016542, 76.3639938553279, 70.90076768336756, 37.05797770755346, 19.973978401186407, 33.32719063420857, 52.93387580325251, 57.93148216854871, 56.142868683066446, 2.8843802979166684, 20.926899513262782, 36.248901430164125, 6.458052020062094, 57.08059893769919, 61.174950753862625, 29.765371601518613, 79.44789494255848, 37.80475420350357, 21.861382834297043, 46.37260246189033, 65.70161275748752, 43.855275945148605, 53.780978019301465, 75.760160105238], [18.666294064740928, 35.99624405269095, 28.102952284795194, 12.164352363291272, 33.9264103260048, 52.86364345421155, 51.45773455016159, 0.0, 51.17094038154283, 57.04407597043513, 71.15406217381911, 33.86528734182318, 57.351578564445035, 31.617009109455413, 34.8662112591552, 54.04223109900507, 30.874855496270207, 42.568115038866004, 15.727497485329556, 29.609335677933494, 52.33341161843288, 42.39797584916637, 21.922873345803506, 37.915143917075135, 28.50824508508422, 37.05253041140005, 11.632127479849267, 46.70649845792993, 27.876979422616635, 42.841330588588214, 23.176580658658185, 58.347465810763076, 30.11560312660194, 40.586459701795896, 7.109321570394478, 20.304287362628898, 49.191625492459025, 30.710876109531288, 32.57097501108338, 49.660809016747436, 49.39096609114304, 42.635630671084925, 66.09349331284037, 34.53127149172369, 57.63582903164881, 73.30018481120051, 39.4160001801247, 26.741759053116752, 43.71847991887531, 2.939799277960854, 26.178446058208603], [43.45919501283098, 64.73906913729718, 52.037750753256326, 63.08518576884549, 18.634539469663906, 60.25683495357068, 17.50656175779942, 51.17094038154283, 0.0, 65.48897685680306, 33.63737316270597, 82.64132811365579, 18.270897729175907, 63.18865237072746, 84.39471517580398, 63.794144912076575, 45.553156009709056, 60.48387257366321, 49.83257831516743, 28.35797481750793, 62.83267568340924, 93.1493247627883, 61.362271232349066, 31.146515196174853, 76.46854193058861, 32.61435237121869, 61.60138772816852, 55.42527836947717, 71.60493938498901, 80.15899372005282, 44.467200470067155, 37.479787202110906, 24.48024699335516, 64.5845327187472, 56.371164162043456, 61.76194436930071, 15.485337203398563, 26.10084058648834, 25.54368050281317, 23.307523410090603, 70.2137929986761, 72.14837953311242, 16.130880972521897, 83.54196261074189, 20.299185926767876, 31.05282790578864, 58.48820884300666, 57.99893931428665, 57.26973857649115, 53.95683610512828, 77.21711053612617], [70.48742303673585, 92.60170514612831, 82.61435593769188, 58.90476998045488, 63.23992394966767, 104.83624124232342, 79.3807047746956, 57.04407597043513, 65.48897685680306, 0.0, 98.74570435897358, 84.05392583329841, 53.70442673836179, 30.306177290127184, 83.37024013759935, 107.01115874701985, 27.72622137808607, 97.12332846335956, 71.1565622714289, 42.68570241673106, 4.733223114716329, 84.97541125768703, 40.46423334442201, 79.26202843156125, 55.16212202849204, 33.99509544916653, 55.53748604429637, 98.46293871881802, 46.065532742626075, 99.43623067559909, 75.12423469579329, 96.55902832395643, 47.301794577147334, 96.58333615358134, 53.85399534305603, 77.25439494768298, 76.52988164214769, 68.37902504679369, 43.60506456749354, 82.43211653545423, 105.24585992662503, 99.56370764166566, 69.46076041058764, 84.16771125409171, 51.93355175113229, 96.53675534700727, 93.98424069863016, 32.279581196884486, 96.93776062255765, 58.77473259886131, 71.39896622604218], [55.71837175192182, 66.878716436241, 57.28592706433054, 83.05287002270303, 39.716116857850224, 50.24375846996478, 20.779348018903246, 71.15406217381911, 33.63737316270597, 98.74570435897358, 0.0, 95.17484337773942, 49.98492888811067, 92.1097371879468, 97.72141520592561, 53.90414864001261, 76.38948874081863, 57.47834045075293, 62.30371789691818, 58.48551014425447, 95.80683505937746, 108.12337852784201, 87.62805429868675, 34.80486982350038, 99.45521874265835, 65.1047217852255, 82.7714611662693, 48.73346174957941, 96.86916156148916, 83.57333951793427, 53.6230866681604, 19.774182222215437, 53.83601837773541, 63.7847124505649, 77.88313392522718, 72.70517370623178, 23.574432786862168, 40.487588956906066, 56.44912609627664, 21.507814099492933, 65.35835410341421, 72.33725910480187, 38.085969371464024, 96.26429264769723, 52.15745543294314, 7.162907758236467, 57.17152765077438, 86.48041715209283, 52.91785854611112, 73.260436690705, 94.19523533134037], [40.478803486670586, 33.83229891628829, 38.52049738156664, 25.905612702386396, 64.17922759173989, 58.349394118385156, 78.41917809310227, 33.86528734182318, 82.64132811365579, 84.05392583329841, 95.17484337773942, 0.0, 90.91864813767432, 54.046840569759695, 3.1654283229353353, 57.2573729716551, 61.93824519094227, 45.66144094720047, 33.68369593932884, 63.474062453997036, 79.42318630053006, 14.055544588837634, 43.59018565343361, 60.51988949173, 32.425489131044316, 70.55511357139554, 29.18330284346487, 54.418236047969096, 40.14765500655428, 24.85252166282274, 41.67627496939951, 77.99322127231551, 63.75959202963636, 39.564974762800475, 32.56682633143443, 22.481325021055483, 76.83406597838311, 58.19340055829361, 66.41209802266489, 74.59772710899229, 45.811284793061056, 34.44561769125411, 98.34189380804611, 1.145870936206653, 91.32106088121176, 99.09372028271898, 43.754989470292756, 51.86975608725735, 49.6096146443986, 30.96263149206455, 13.203705202384818], [55.17187270355221, 78.54859239633471, 65.67598610184797, 68.04865946972834, 31.68219244406882, 77.33718717066908, 35.774457706088036, 57.351578564445035, 18.270897729175907, 53.70442673836179, 49.98492888811067, 90.91864813767432, 0.0, 59.65620086622225, 92.148404916288, 80.73773113568306, 40.89211505620765, 76.06041628984805, 60.650825562391816, 28.503911433778676, 52.08883687692429, 99.54863405707604, 61.04493085054101, 47.62892747688954, 78.09803904930622, 26.450932782179063, 65.79961797989137, 72.08883717143908, 71.50591011123448, 92.7278031753667, 57.40437475703688, 55.74843431482703, 27.235993062092422, 79.33642246688088, 60.81509560651689, 72.19144508881519, 33.715049445373865, 40.10523772998197, 25.26072651885576, 41.51105935955738, 85.83245722360323, 86.22121130026999, 15.75791535040332, 91.67125186784276, 2.1727397495156446, 45.88201890554523, 73.7241869743861, 55.45650487067686, 73.3415791659653, 60.29104941743706, 83.18828507723138], [48.918645562854714, 67.30545574005444, 59.59447051432009, 29.827752136081873, 52.49156420143865, 84.0041273960164, 71.33550018518743, 31.617009109455413, 63.18865237072746, 30.306177290127184, 92.1097371879468, 54.046840569759695, 59.65620086622225, 0.0, 53.200025580895364, 85.42642087666997, 18.76409231552176, 74.15010700334307, 47.26393251701858, 34.840368198151715, 25.84769048809746, 54.73680388243562, 10.850938972201172, 64.04456703474351, 25.216989677163628, 33.2103839547929, 26.57065432135575, 77.71708776952953, 16.16677937311052, 71.39564687948125, 53.707254682492966, 84.0102070240344, 39.01127867683183, 72.1261402455309, 26.35397159928867, 50.36764493587659, 68.53784281646521, 54.04437006460312, 37.685181266228454, 72.04911081139323, 80.92861967606797, 73.47350348492374, 73.57058190205596, 54.09294769185806, 58.776826298772335, 92.12412419063381, 70.98847395885703, 5.751528544443457, 75.07957862783964, 32.38027146617529, 41.20021848740265], [42.70730141746522, 36.95507241855042, 41.31838162327154, 25.99085986151245, 66.0333071433026, 61.464669952860994, 80.68251823750047, 34.8662112591552, 84.39471517580398, 83.37024013759935, 97.72141520592561, 3.1654283229353353, 92.148404916288, 53.200025580895364, 0.0, 60.40095041269958, 62.00693423057163, 48.76826134746846, 35.91100511284598, 64.42559319425168, 78.78010448075715, 10.986766749527963, 42.94975160870964, 62.9967231151672, 30.720765380868244, 71.16478133690192, 29.156755182418586, 57.47328717645111, 38.79745058215915, 27.87521289899362, 44.13715714583555, 80.73696337119743, 64.93106714559995, 42.70528130732853, 32.930039553885976, 25.032781942684466, 79.02928061636536, 60.28851014325668, 67.42775600640095, 77.00565339181934, 48.976384489699264, 37.60668216823659, 99.97982031027104, 2.113585495168228, 92.48238816082173, 101.52019352884935, 46.82408443261202, 51.33921627983338, 52.68125793188487, 31.933124136921936, 12.005299664875393], [36.889684094719804, 23.53264641499993, 25.95466256437263, 60.76849265282863, 50.143415694254124, 3.7583641316603456, 48.72993193542301, 54.04223109900507, 63.794144912076575, 107.01115874701985, 53.90414864001261, 57.2573729716551, 80.73773113568306, 85.42642087666997, 60.40095041269958, 0.0, 79.29260374544037, 12.27053461274807, 38.324019599567684, 66.78907519010644, 102.59110496098927, 71.25911525217985, 75.95681420331167, 33.12331953549916, 77.94973754358409, 76.97946305173294, 62.73746207900438, 8.918132151828278, 80.57331830148654, 36.35729920629638, 32.11177611511321, 34.27831845177786, 63.18303788496216, 17.69910782171834, 60.3611630890189, 39.91624521401011, 49.43135723860553, 42.13028803941903, 67.4818414986417, 42.3017783550341, 13.387141672777034, 24.105242453485584, 78.26890056916501, 58.37901520931848, 82.37503134983972, 60.401602399693886, 15.102766797062948, 80.19050334740432, 10.346928533076083, 53.93063883742924, 63.36778897157699], [42.79673987840905, 65.42329941782006, 55.002186925140194, 36.053047356155595, 37.918822739767876, 77.15558796033396, 55.89562669397724, 30.874855496270207, 45.553156009709056, 27.72622137808607, 76.38948874081863, 61.93824519094227, 40.89211505620765, 18.76409231552176, 62.00693423057163, 79.29260374544037, 0.0, 69.44763307144824, 43.84180470371516, 17.904575723798143, 23.312893636771424, 66.3677653436306, 22.04094325351663, 52.52590601488179, 39.84398064166821, 14.44959508269661, 32.850227111643676, 70.77578648891468, 31.944033993862092, 73.70963675633186, 47.40871356210352, 71.05972585567322, 22.57383195682022, 69.13875169389549, 29.542372072447584, 51.1094858448325, 53.019082289302, 41.73272054063505, 20.17757119944431, 57.74131962173781, 77.72621759501914, 72.6170844369741, 54.96516992478409, 62.31355862714692, 40.027615748386495, 75.58629947633362, 66.31958235059558, 14.926654059206355, 69.21170966459462, 33.09907767093359, 50.733939584215584], [26.65319156373557, 11.878146372534601, 14.653772988440139, 48.65361064528175, 44.47868616397773, 12.715705130023279, 47.74290895157919, 42.568115038866004, 60.48387257366321, 97.12332846335956, 57.47834045075293, 45.66144094720047, 76.06041628984805, 74.15010700334307, 48.76826134746846, 12.27053461274807, 69.44763307144824, 0.0, 26.888130571475166, 58.588377263601366, 92.59273085280665, 59.71501015286391, 64.38103178363674, 29.47239163990152, 65.72551787701892, 68.7484666843852, 50.73168609704491, 9.484470442024135, 68.5623735746112, 27.054883420247467, 22.13788690182716, 37.89817920701994, 55.49798496441945, 6.751323853543249, 48.61564984594575, 27.645873970958572, 47.72269850910038, 36.06569375685121, 59.747115859215924, 41.71991679992374, 9.777284326323135, 15.060851343445929, 75.9672341582964, 46.79794395460624, 77.47759701726972, 63.23758419426078, 3.174186106154614, 69.08065139600193, 4.668800925000266, 42.21178556591161, 51.17548140424444], [6.798703865665877, 21.601058384588182, 12.376099740793535, 23.8156366001445, 31.198052333405336, 37.23848796328101, 44.77162535071122, 15.727497485329556, 49.83257831516743, 71.1565622714289, 62.30371789691818, 33.68369593932884, 60.650825562391816, 47.26393251701858, 35.91100511284598, 38.324019599567684, 43.84180470371516, 26.888130571475166, 0.0, 36.65300335916813, 66.5269200868183, 45.94687607493651, 37.633029537233654, 27.517155743460105, 41.53031754290436, 46.10746848640377, 25.122264028884334, 31.178212736672563, 42.75365186713612, 32.52077390451823, 9.157595703835096, 46.736453500961446, 35.06500030835439, 25.455057870249234, 22.143976335345034, 11.929991817656981, 43.1508383714732, 24.588883434142943, 38.78108935845981, 41.23872109800066, 34.1888736822843, 28.96636782829019, 65.85413516826583, 34.69664245718224, 61.47774110782827, 65.74984714162032, 23.724720517922588, 42.210183561689554, 28.013867048382973, 15.726018489569462, 32.066260184598214], [33.02502590917888, 57.376343857116645, 45.263195294450554, 39.673320624450895, 20.620371567647915, 64.14436677000957, 38.037926614028756, 29.609335677933494, 28.35797481750793, 42.68570241673106, 58.48551014425447, 63.474062453997036, 28.503911433778676, 34.840368198151715, 64.42559319425168, 66.78907519010644, 17.904575723798143, 58.588377263601366, 36.65300335916813, 0.0, 38.944379078491274, 71.28857235111806, 33.61120249414763, 36.802202890602445, 49.959872705681384, 10.201000503247476, 37.32643379526063, 57.93049343073987, 44.050714954776495, 69.04387144009371, 36.82472673091442, 53.992444822137315, 4.747869349972589, 59.8342372622992, 32.40773250291286, 46.94383779395208, 35.15652879808302, 25.96927470402475, 3.2817895451594112, 40.20335170995515, 67.78464844989404, 65.05677214317076, 39.99129939869197, 64.13777690831127, 28.47208274160068, 57.76949638532856, 55.666153115031044, 29.65384100484589, 57.34678734911121, 32.52156884619317, 54.91894307860441], [65.97763364316731, 87.94089734313033, 78.05434608675733, 54.20507025913515, 59.560039938428766, 100.46847983727724, 76.14759051868235, 52.33341161843288, 62.83267568340924, 4.733223114716329, 95.80683505937746, 79.42318630053006, 52.08883687692429, 25.84769048809746, 78.78010448075715, 102.59110496098927, 23.312893636771424, 92.59273085280665, 66.5269200868183, 38.944379078491274, 0.0, 80.57834986374037, 35.84429254205461, 75.27932414945555, 50.87513686351821, 30.755325302772594, 50.836522996662374, 94.08848960162058, 41.7707471073718, 94.7033282284854, 70.63990554757112, 92.9274055362878, 43.6255509461518, 91.96679091069133, 49.121933147382066, 72.53154078809972, 73.27985517535055, 64.40356890163463, 40.09292285327641, 78.95651410165647, 100.64611277302886, 94.87585348964758, 67.78597678180427, 79.55107285773067, 50.43253929463179, 93.86954878063484, 89.44711525896358, 27.60227122539489, 92.48010709811197, 54.04860019937124, 66.82464581147055], [52.68830550818848, 47.87706362498913, 52.152736493211165, 31.656257267175, 75.10649584966393, 72.39782570778354, 90.57253022729404, 42.39797584916637, 93.1493247627883, 84.97541125768703, 108.12337852784201, 14.055544588837634, 99.54863405707604, 54.73680388243562, 10.986766749527963, 71.25911525217985, 66.3677653436306, 59.71501015286391, 45.94687607493651, 71.28857235111806, 80.57834986374037, 0.0, 45.51858516915324, 73.3288550065142, 30.012695697924983, 77.00748979534615, 34.30016903845589, 68.45753744561286, 39.00266964735062, 37.61724095479459, 54.50444639814089, 91.46580175132164, 72.366758953415, 53.580891952887846, 38.933122842997506, 35.644200482514854, 88.78472635958536, 69.9075223130159, 74.43076676014401, 87.18392260122756, 59.57465431675762, 48.1292295582672, 108.39831501254015, 12.917263183442635, 99.69791093272632, 111.69672318013298, 57.80300930028069, 54.009270203366604, 63.65912707566002, 39.49074020381418, 16.37097096690249], [40.14173995535828, 56.95552799096944, 50.00683646201455, 18.97817654747257, 48.02998368514981, 74.77746751849213, 66.9601635735069, 21.922873345803506, 61.362271232349066, 40.46423334442201, 87.62805429868675, 43.59018565343361, 61.04493085054101, 10.850938972201172, 42.94975160870964, 75.95681420331167, 22.04094325351663, 64.38103178363674, 37.633029537233654, 33.61120249414763, 35.84429254205461, 45.51858516915324, 0.0, 57.211362841570214, 17.803202888130798, 35.21392949732515, 15.722725025159232, 68.59449415357287, 10.481757702723348, 60.5578425323392, 44.83111948379312, 77.59651163511596, 36.9299823127183, 61.957531503763995, 15.925690112143998, 39.75504777861493, 64.2956738984241, 48.00798714220157, 36.815123375640106, 66.76833797871016, 70.73609574878199, 62.91007039990474, 73.57761248130457, 43.707374723775544, 60.53374997357589, 88.44068263969514, 61.247073481790856, 8.504471892384037, 65.63889077325784, 22.213753682331447, 31.029447537019472], [21.030149959713203, 35.303735545574675, 23.698229662603552, 49.25155696321916, 17.566455310506516, 29.78878550226293, 19.174521024651018, 37.915143917075135, 31.146515196174853, 79.26202843156125, 34.80486982350038, 60.51988949173, 47.62892747688954, 64.04456703474351, 62.9967231151672, 33.12331953549916, 52.52590601488179, 29.47239163990152, 27.517155743460105, 36.802202890602445, 75.27932414945555, 73.3288550065142, 57.211362841570214, 0.0, 66.39753919752245, 46.56048108753315, 49.45405553375843, 24.471219383618344, 65.2194544237512, 51.726260714965186, 18.85963591053082, 20.49968926269054, 32.481912888488516, 34.11370285700036, 44.96139414621984, 38.04226134374962, 18.593299609228612, 10.883006068841674, 36.633572883575006, 14.238749903536927, 39.13769903622398, 42.18082305916692, 46.494926928670615, 61.59382860860272, 49.25246755490651, 38.60255748491387, 27.716209088661095, 58.30798918698685, 26.125089590957185, 39.615342452999364, 59.507521817767035], [46.37927554094131, 55.92610647107031, 52.883424310485374, 17.715369780666084, 61.03922893420885, 77.61829630929236, 79.38366750122094, 28.50824508508422, 76.46854193058861, 55.16212202849204, 99.45521874265835, 32.425489131044316, 78.09803904930622, 25.216989677163628, 30.720765380868244, 77.94973754358409, 39.84398064166821, 65.72551787701892, 41.53031754290436, 49.959872705681384, 50.87513686351821, 30.012695697924983, 17.803202888130798, 66.39753919752245, 0.0, 52.76223096720493, 16.952693052014098, 71.9939762313411, 9.104389767484545, 54.41737136731948, 50.3618526202529, 86.77525505731944, 52.60693937206688, 61.646412675971284, 21.589888291000676, 38.265801761350865, 76.95478997714915, 58.971055905749864, 53.2367657595807, 78.01752081711285, 69.92199975055463, 60.13990365150948, 89.7913047164868, 32.125927572927665, 77.73682101675652, 101.2313089236807, 62.853077778481655, 25.677676034403525, 68.13371725994315, 26.85189328757167, 19.351814025351576], [42.94529633700689, 67.18624251062107, 55.27124672417896, 45.506565865554734, 29.674551519474484, 74.30991262092118, 45.41598659101848, 37.05253041140005, 32.61435237121869, 33.99509544916653, 65.1047217852255, 70.55511357139554, 26.450932782179063, 33.2103839547929, 71.16478133690192, 76.97946305173294, 14.44959508269661, 68.7484666843852, 46.10746848640377, 10.201000503247476, 30.755325302772594, 77.00748979534615, 35.21392949732515, 46.56048108753315, 52.76223096720493, 0.0, 42.71228314373287, 68.11288124199024, 45.548509354155726, 78.18374461732154, 46.89016278930666, 62.75085968888534, 14.090434519997293, 69.84497412566515, 38.32003674437832, 55.75825554577515, 42.55600377352039, 35.84170214003775, 9.95307429034448, 48.479660244403, 77.88634066879997, 74.81484276977814, 40.661575952611194, 71.11223717408595, 25.644447235404073, 63.44899515722785, 65.8063903709822, 29.07827387302779, 67.54615775803565, 39.82245229209361, 60.799313451133614], [29.529224024198733, 42.20338457984347, 37.03966984021874, 3.370251243100778, 45.069078008871045, 62.02809182730317, 62.96280734981374, 11.632127479849267, 61.60138772816852, 55.53748604429637, 82.7714611662693, 29.18330284346487, 65.79961797989137, 26.57065432135575, 29.156755182418586, 62.73746207900438, 32.850227111643676, 50.73168609704491, 25.122264028884334, 37.32643379526063, 50.836522996662374, 34.30016903845589, 15.722725025159232, 49.45405553375843, 16.952693052014098, 42.71228314373287, 0.0, 56.140957546806895, 17.837149540515504, 44.840643064722435, 33.670551467258974, 69.82257194953749, 38.95040406633185, 47.532567831380085, 5.230922794150475, 24.57675511989735, 60.63738246470293, 42.30507288973764, 40.54431268682208, 61.28502611397946, 56.19168892364304, 47.685594514918364, 75.90952378159594, 29.50540832539784, 65.7967921020764, 84.82108703720303, 47.70068342504059, 23.2935854390003, 52.62006894278906, 9.916181690274211, 18.12658121070791], [28.846144314234518, 21.032625356588035, 19.136894510886037, 54.470872154343546, 41.28278067753357, 6.38741131015666, 41.06587824016542, 46.70649845792993, 55.42527836947717, 98.46293871881802, 48.73346174957941, 54.418236047969096, 72.08883717143908, 77.71708776952953, 57.47328717645111, 8.918132151828278, 70.77578648891468, 9.484470442024135, 31.178212736672563, 57.93049343073987, 94.08848960162058, 68.45753744561286, 68.59449415357287, 24.471219383618344, 71.9939762313411, 68.11288124199024, 56.140957546806895, 0.0, 73.88892751838553, 36.533529908392126, 24.040844010803678, 28.991869098551383, 54.28365196293687, 16.23490441417509, 53.31592583517868, 34.851184705301876, 41.49604044939207, 33.22414885624792, 58.582114698485974, 34.747849339444834, 16.685022287978, 24.450939819962795, 70.25521968112798, 55.562319752043926, 73.68675567513054, 54.7820285737572, 10.692936140404774, 72.35715751447664, 4.927905814269537, 46.903886394501704, 58.84679720291318], [46.52784381889624, 59.7638837160213, 54.828904272901994, 20.0797107379401, 57.56397813269134, 79.82851789031504, 76.3639938553279, 27.876979422616635, 71.60493938498901, 46.065532742626075, 96.86916156148916, 40.14765500655428, 71.50591011123448, 16.16677937311052, 38.79745058215915, 80.57331830148654, 31.944033993862092, 68.5623735746112, 42.75365186713612, 44.050714954776495, 41.7707471073718, 39.00266964735062, 10.481757702723348, 65.2194544237512, 9.104389767484545, 45.548509354155726, 17.837149540515504, 73.88892751838553, 0.0, 60.46535119976797, 50.94271524339524, 85.7179322456615, 47.24991486282733, 65.21914091845522, 20.838454595212614, 41.9930791749516, 73.77668165666162, 56.72104057960226, 47.26902206809679, 75.71575225093245, 73.80154944699568, 64.80866167602939, 84.03392770206027, 39.99493674743787, 70.9682255899548, 98.03329091321301, 65.5368773775876, 17.245373822078967, 70.43964299093726, 27.101509258448118, 26.95033193803455], [37.556153838486374, 16.72776652119617, 28.333805934205646, 41.65383585002411, 61.93790304561418, 38.48372346924113, 70.90076768336756, 42.841330588588214, 80.15899372005282, 99.43623067559909, 83.57333951793427, 24.85252166282274, 92.7278031753667, 71.39564687948125, 27.87521289899362, 36.35729920629638, 73.70963675633186, 27.054883420247467, 32.52077390451823, 69.04387144009371, 94.7033282284854, 37.61724095479459, 60.5578425323392, 51.726260714965186, 54.41737136731948, 78.18374461732154, 44.840643064722435, 36.533529908392126, 60.46535119976797, 0.0, 35.73164958429062, 64.40248775443219, 67.5857377101521, 20.320821165171775, 45.64428159807408, 22.65905669109541, 70.16337760159028, 54.059210329092586, 71.27359871150661, 65.61336418842494, 23.330345852248236, 12.319370491288261, 96.27166396161606, 25.77498125901108, 93.68425281571989, 88.82738484852908, 26.609283506245756, 67.7166046107071, 31.696643551541463, 40.782900411957066, 35.674819130136065], [4.806133805036197, 21.2412569262797, 8.53388806499086, 32.675737306294025, 26.22353524060161, 30.377127015306744, 37.05797770755346, 23.176580658658185, 44.467200470067155, 75.12423469579329, 53.6230866681604, 41.67627496939951, 57.40437475703688, 53.707254682492966, 44.13715714583555, 32.11177611511321, 47.40871356210352, 22.13788690182716, 9.157595703835096, 36.82472673091442, 70.63990554757112, 54.50444639814089, 44.83111948379312, 18.85963591053082, 50.3618526202529, 46.89016278930666, 33.670551467258974, 24.040844010803678, 50.94271524339524, 35.73164958429062, 0.0, 37.60953825135037, 34.15029296972602, 23.039022201545905, 30.110333508959563, 19.216687576721263, 35.758660128978626, 18.380115929862093, 38.286358837130955, 32.93398647295508, 31.008139963499957, 28.97681284618984, 60.59472297463401, 42.744588361519355, 58.512816533458384, 57.41795149366094, 19.073929822170687, 48.32004763199372, 21.87437765727132, 23.89498614741705, 41.119386469035135], [40.76920667731811, 47.8434755412066, 39.499531457965276, 69.45408091509078, 33.372170860344, 30.576909763638362, 19.973978401186407, 58.347465810763076, 37.479787202110906, 96.55902832395643, 19.774182222215437, 77.99322127231551, 55.74843431482703, 84.0102070240344, 80.73696337119743, 34.27831845177786, 71.05972585567322, 37.89817920701994, 46.736453500961446, 53.992444822137315, 92.9274055362878, 91.46580175132164, 77.59651163511596, 20.49968926269054, 86.77525505731944, 62.75085968888534, 69.82257194953749, 28.991869098551383, 85.7179322456615, 64.40248775443219, 37.60953825135037, 0.0, 49.30210674841549, 44.34611580588543, 65.41852665029931, 55.82808350814579, 22.178078141177625, 29.972834696124174, 52.96572015173033, 14.713270190386087, 45.58939521015235, 52.87503376543694, 48.53091613476065, 79.11583112149717, 57.77598345557333, 26.123743661364443, 37.824481532079716, 78.25876919117567, 33.287331847347964, 59.93672326983354, 78.71153230915864], [30.731602718414894, 55.10386359777128, 42.67370861989638, 41.003924881724544, 15.942785023541639, 60.414774348186334, 33.32719063420857, 30.11560312660194, 24.48024699335516, 47.301794577147334, 53.83601837773541, 63.75959202963636, 27.235993062092422, 39.01127867683183, 64.93106714559995, 63.18303788496216, 22.57383195682022, 55.49798496441945, 35.06500030835439, 4.747869349972589, 43.6255509461518, 72.366758953415, 36.9299823127183, 32.481912888488516, 52.60693937206688, 14.090434519997293, 38.95040406633185, 54.28365196293687, 47.24991486282733, 67.5857377101521, 34.15029296972602, 49.30210674841549, 0.0, 57.17467013989248, 33.84636027868347, 45.966162934834536, 30.448561613897795, 21.7528932286223, 4.298831837962175, 35.45950031668951, 64.87638532597971, 62.83629793769068, 37.21960269057169, 64.49061571625624, 27.562716383601238, 53.28071537689051, 52.66321120462243, 33.662384808100505, 53.98089238011885, 33.05511770842227, 56.02565638389891], [26.93968102215996, 5.9241045766520175, 14.574773013910448, 45.1465386111405, 47.66027313254773, 18.949745070283626, 52.93387580325251, 40.586459701795896, 64.5845327187472, 96.58333615358134, 63.7847124505649, 39.564974762800475, 79.33642246688088, 72.1261402455309, 42.70528130732853, 17.69910782171834, 69.13875169389549, 6.751323853543249, 25.455057870249234, 59.8342372622992, 91.96679091069133, 53.580891952887846, 61.957531503763995, 34.11370285700036, 61.646412675971284, 69.84497412566515, 47.532567831380085, 16.23490441417509, 65.21914091845522, 20.320821165171775, 23.039022201545905, 44.34611580588543, 57.17467013989248, 0.0, 46.03773961758834, 23.40214237356532, 52.65752158347195, 39.25636800825779, 61.32402399757042, 47.140119811704615, 8.80524569014226, 8.553316547142405, 80.36365916906244, 40.68912471065312, 80.62480462780492, 69.36236771138897, 6.677482180252179, 67.32711535324428, 11.37615790319426, 39.784584224593274, 46.02852760724102], [25.697284921798232, 41.039770130733785, 34.43012945627816, 7.277644587746326, 39.90255424340905, 59.376971475314214, 57.93148216854871, 7.109321570394478, 56.371164162043456, 53.85399534305603, 77.88313392522718, 32.56682633143443, 60.81509560651689, 26.35397159928867, 32.930039553885976, 60.3611630890189, 29.542372072447584, 48.61564984594575, 22.143976335345034, 32.40773250291286, 49.121933147382066, 38.933122842997506, 15.925690112143998, 44.96139414621984, 21.589888291000676, 38.32003674437832, 5.230922794150475, 53.31592583517868, 20.838454595212614, 45.64428159807408, 30.110333508959563, 65.41852665029931, 33.84636027868347, 46.03773961758834, 0.0, 24.038115568481096, 55.5674854807017, 37.3955451062925, 35.5912717293781, 56.431567486893755, 54.81217282736309, 47.119690267297635, 70.7221572096366, 33.02537740704982, 60.869677592395234, 79.79272891330456, 45.506243064752105, 22.156006000585453, 50.09990072624321, 6.432270179057152, 22.592232003081836], [18.50806067719004, 17.793062577726374, 16.785235800405193, 21.933830812902265, 43.12753767491059, 39.954700774560436, 56.142868683066446, 20.304287362628898, 61.76194436930071, 77.25439494768298, 72.70517370623178, 22.481325021055483, 72.19144508881519, 50.36764493587659, 25.032781942684466, 39.91624521401011, 51.1094858448325, 27.645873970958572, 11.929991817656981, 46.94383779395208, 72.53154078809972, 35.644200482514854, 39.75504777861493, 38.04226134374962, 38.265801761350865, 55.75825554577515, 24.57675511989735, 34.851184705301876, 41.9930791749516, 22.65905669109541, 19.216687576721263, 55.82808350814579, 45.966162934834536, 23.40214237356532, 24.038115568481096, 0.0, 54.686479538984564, 36.39116519569281, 49.38889052825847, 52.15065007293966, 31.842367498188782, 23.164033687297945, 77.77429219058918, 23.562819064490512, 72.92088202433831, 76.62881131515415, 24.93705782751518, 46.13588309844939, 30.527162232571314, 18.496330902474632, 24.04678544605473], [36.355439819825285, 53.86118999802239, 41.912853001689804, 61.323625627940885, 16.266181484435698, 45.7813387513534, 2.8843802979166684, 49.191625492459025, 15.485337203398563, 76.52988164214769, 23.574432786862168, 76.83406597838311, 33.715049445373865, 68.53784281646521, 79.02928061636536, 49.43135723860553, 53.019082289302, 47.72269850910038, 43.1508383714732, 35.15652879808302, 73.27985517535055, 88.78472635958536, 64.2956738984241, 18.593299609228612, 76.95478997714915, 42.55600377352039, 60.63738246470293, 41.49604044939207, 73.77668165666162, 70.16337760159028, 35.758660128978626, 22.178078141177625, 30.448561613897795, 52.65752158347195, 55.5674854807017, 54.686479538984564, 0.0, 18.920499221511147, 33.3659679267336, 7.827771501612018, 57.20615883555868, 60.77252480091411, 28.83790684759496, 77.84676413827016, 35.69896852681833, 24.296849912815922, 46.179455384564235, 62.91682992642478, 44.00549899764711, 51.57719559237051, 73.79140557862057], [17.883488063319287, 38.845087640997235, 26.034234692804997, 42.72491638467023, 8.43026633502506, 39.12379411005247, 20.926899513262782, 30.710876109531288, 26.10084058648834, 68.37902504679369, 40.487588956906066, 58.19340055829361, 40.10523772998197, 54.04437006460312, 60.28851014325668, 42.13028803941903, 41.73272054063505, 36.06569375685121, 24.588883434142943, 25.96927470402475, 64.40356890163463, 69.9075223130159, 48.00798714220157, 10.883006068841674, 58.971055905749864, 35.84170214003775, 42.30507288973764, 33.22414885624792, 56.72104057960226, 54.059210329092586, 18.380115929862093, 29.972834696124174, 21.7528932286223, 39.25636800825779, 37.3955451062925, 36.39116519569281, 18.920499221511147, 0.0, 25.972425061538374, 19.06631174402653, 45.81071416814848, 46.39418251604102, 42.221765961795626, 59.17980317454487, 41.45406069611236, 42.666588814696176, 33.64098556753737, 48.29289804256852, 33.692369699433584, 32.93082087294574, 54.87662627527451], [34.735815125948115, 59.127765723257866, 46.79336141176011, 42.845968108950565, 19.754096202160632, 64.7095627181639, 36.248901430164125, 32.57097501108338, 25.54368050281317, 43.60506456749354, 56.44912609627664, 66.41209802266489, 25.26072651885576, 37.685181266228454, 67.42775600640095, 67.4818414986417, 20.17757119944431, 59.747115859215924, 38.78108935845981, 3.2817895451594112, 40.09292285327641, 74.43076676014401, 36.815123375640106, 36.633572883575006, 53.2367657595807, 9.95307429034448, 40.54431268682208, 58.582114698485974, 47.26902206809679, 71.27359871150661, 38.286358837130955, 52.96572015173033, 4.298831837962175, 61.32402399757042, 35.5912717293781, 49.38889052825847, 33.3659679267336, 25.972425061538374, 0.0, 38.86568938855478, 69.09152943437779, 66.845760900225, 36.7649455593715, 67.09627851040055, 25.2801404989124, 55.42866330621119, 56.89462981726719, 32.61688270025109, 58.267838790041864, 35.4977957492173, 58.05982841616535], [34.533214852639055, 49.005959068304236, 37.858745159421396, 61.54512264382606, 19.849410872434063, 38.59657417966912