instance_id,num_cities,city_coordinates,distance_matrix,best_route,total_distance
2403,46,"[[42.621911515035414, 30.465935718935178], [16.465248281030686, 46.731641031734526], [88.61851432621208, 16.9170469063202], [9.578314854541626, 45.51849497798808], [36.19059332631579, 0.9042900482104432], [8.968378061965987, 32.77242694605995], [27.89277332224517, 1.8816008734436007], [49.305478777595326, 27.631125099822953], [11.070670975485076, 76.47790173076167], [37.95167135937832, 4.3738216083739285], [74.0419464640743, 4.029482047271504], [23.549640314790476, 48.439054528984016], [80.22946440263748, 70.76612351165849], [53.98193973666737, 18.67436014932673], [88.08465610103458, 57.40631551851077], [10.054359200245367, 33.667572095456144], [60.54917412900767, 23.206905107562502], [67.60431666023659, 6.073701694252498], [17.485652420623786, 45.784626538200634], [91.99429647589959, 68.26704711666342], [49.521205524725985, 24.12189526022225], [14.539058824421158, 6.7088754558909836], [26.516138394098476, 78.23227958967695], [32.386247084049714, 57.69931995778585], [86.57549238220945, 99.27152603575973], [77.90681037920135, 20.632682806548964], [64.24571044315276, 83.46849981677742], [63.94297715470153, 42.55046545521412], [42.428535725629516, 60.50340126241893], [51.160243158029814, 58.64962711503807], [64.80657483005402, 60.74471222454718], [64.55595540313759, 23.753208668304925], [13.765227681256164, 33.31482293150282], [8.817418298255909, 35.630092424698425], [12.0296424484035, 71.67889152097037], [93.87093886273612, 76.27395260490323], [15.226871720329637, 16.68135591322164], [62.58951660840473, 60.14853760849097], [12.629758667447355, 1.8367888868257132], [43.68586398997814, 62.480173968263365], [47.34594287155793, 76.15759322804054], [52.11558306332436, 78.76670222264337], [97.30281419106312, 26.59729572850641], [35.7347944477652, 18.443275721641527], [64.68176371757771, 31.06214013903761], [61.15702659993856, 19.495891874615367]]","[[0.0, 30.80169152595298, 47.95059810081359, 36.31058826993437, 30.25314443832301, 33.73248012906354, 32.15605247012599, 7.259905137079549, 55.79051707824584, 26.506783318050143, 41.06220499355636, 26.2065741464966, 55.121984455592234, 16.373499797235205, 52.84548428236019, 32.7245464332823, 19.341154832304426, 34.9156361470597, 29.43626691137378, 62.181640535026304, 9.372678761908933, 36.78375358204562, 50.40852640775214, 29.093402060340523, 81.6463503770616, 36.629454687360145, 57.243868501609185, 24.507625322702342, 30.038087996274033, 29.448659866902666, 37.536163803424735, 22.93824286516854, 28.99697157002138, 34.19667054151575, 51.326354366793964, 68.73745132830071, 30.667618847468393, 35.7737628451161, 41.46272157936051, 32.03191292373412, 45.93521566496442, 49.22493112552349, 54.81758379243615, 13.855566928451886, 22.067907442903593, 21.538160393982192], [30.80169152595298, 0.0, 78.07050546685295, 6.992966135239962, 49.89223722506999, 15.844958850410267, 46.28298208594485, 37.99092586306238, 30.23146522879754, 47.49580237245997, 71.68368402639233, 7.287240310198979, 68.14346341125282, 46.847765670219204, 72.41055345656922, 14.552298649284456, 49.96804697476141, 65.3320162390804, 1.392142614483872, 78.53923119349732, 40.0486817904089, 40.06908995924016, 33.06524794437647, 19.333085214488754, 87.61213297348185, 66.7549337015875, 60.27080020887531, 47.66148306760385, 29.389686537666982, 36.68488873905458, 50.331401895577514, 53.29844711982679, 13.685799909903402, 13.480863656302368, 25.338506389981124, 82.85160896154582, 30.075791131905586, 48.03604107841298, 45.05839244457273, 31.448023931991823, 42.65564395308908, 47.92902581520818, 83.30728613421795, 34.22786907461792, 50.69877334876069, 52.336804272480386], [47.95059810081359, 78.07050546685295, 0.0, 84.0559097524842, 54.81874937070625, 81.21291327810835, 62.559413823088306, 40.74685553000741, 97.7812018527441, 52.1963741758068, 19.45676382741217, 72.30211151603757, 54.498616586733824, 34.681125257568276, 40.492787967176454, 80.32998546476178, 28.76543368868494, 23.646873766584054, 76.7673185456054, 51.460843626240695, 39.755620927379404, 74.77949245483804, 87.2712028989388, 69.46410349553408, 82.37981652895914, 11.337837165503574, 70.87403934879737, 35.58025128080713, 63.50814443185757, 56.0778951975388, 49.87857966918473, 25.014792614820013, 76.62833405551754, 81.96580384426164, 94.152615051917, 59.58884306329801, 73.39202105565568, 50.46256543741607, 77.4706729575907, 63.99173082438888, 72.20019032506373, 71.81813039568135, 13.004779175445055, 52.905738843520126, 27.803807154097186, 27.582308632722757], [36.31058826993437, 6.992966135239962, 84.0559097524842, 0.0, 51.94844219969883, 12.760653320480012, 47.32439028721307, 43.568400871818426, 30.995354382155412, 49.979310779989696, 76.660928733317, 14.273317876622498, 75.02684638875348, 51.88727664246685, 79.40129654555065, 11.860480234239905, 55.64023308473374, 70.16344206744098, 7.911814797586917, 85.49789851813928, 45.31279062883456, 39.1253824030467, 36.83858805487987, 25.856803162307195, 93.9039599544394, 72.7192336874887, 66.54868148735807, 54.44562155268764, 36.106570421911215, 43.60600179604981, 57.288728311616396, 59.12925374493664, 12.901932042786168, 9.917634225220889, 26.27499484792544, 89.72817080509232, 29.38514563698331, 54.99296008362444, 43.78815771847466, 38.0923018757775, 48.63278798925764, 53.98946630269156, 89.74184957355149, 37.6461010264006, 56.96820404252603, 57.77144084744997], [30.25314443832301, 49.89223722506999, 54.81874937070625, 51.94844219969883, 0.0, 41.912136109230666, 8.355175238681262, 29.77119299383696, 79.63906881460134, 3.8908925821083575, 37.98014954407495, 49.1868633608833, 82.58388426655307, 25.14572326443837, 76.71683409469478, 41.91104132326159, 33.026460561297, 31.83621884687871, 48.622211156427014, 87.47453529496616, 26.77241889268208, 22.41611380328427, 77.93082217428902, 56.922302068351115, 110.5203654025031, 46.14598840669385, 87.2005638235635, 50.045966212962306, 59.924669234804696, 59.654122816831965, 66.33061528181766, 36.42343816633598, 39.41243034999995, 44.21732761947175, 74.78499689745853, 94.9084205700979, 26.237252731225354, 64.85972571201194, 23.57928081826405, 62.03038419079306, 76.07562988863097, 79.47427588688751, 66.29354478310373, 17.544907268791956, 41.48786222938854, 31.128290169520092], [33.73248012906354, 15.844958850410267, 81.21291327810835, 12.760653320480012, 41.912136109230666, 0.0, 36.226728687750864, 40.66343171471076, 43.756007149309575, 40.5772359271732, 71.13878116778962, 21.402252888602206, 80.75681646258357, 47.16965361381507, 82.86262074636024, 1.4073520779059192, 52.46024905538015, 64.4282176175289, 15.551890583667175, 90.29491231255817, 41.46520847255038, 26.65222693205724, 48.729068276064275, 34.20155822113224, 102.20075524602079, 69.99914883861683, 75.00450172951818, 55.83741203255665, 43.45790017260133, 49.49528228902034, 62.45280587782098, 56.314519024870705, 4.827417495422252, 2.8616500201914032, 39.0267129715331, 95.39825766320614, 17.265321018029933, 60.205298222150255, 31.151555500008936, 45.69304172734572, 57.9233125263873, 63.06468629627343, 88.55001327949954, 30.36059322460997, 55.73963062465696, 53.85091846684999], [32.15605247012599, 46.28298208594485, 62.559413823088306, 47.32439028721307, 8.355175238681262, 36.226728687750864, 0.0, 33.489430463990864, 76.46954445372604, 10.36303980080448, 46.19912959365585, 46.75959040890153, 86.51130962099207, 31.026462387729193, 81.89051647701132, 36.44937564505833, 39.00268086080299, 39.9321973296862, 45.11966121305964, 92.28235337013206, 31.022891128131292, 14.199446143555662, 76.36308836181837, 55.99829524393194, 113.70338182917969, 53.41354674983319, 89.31941623469349, 54.34679146676499, 60.397051827821116, 61.35131584510235, 69.48017429231399, 42.69140601841206, 34.4620805348355, 38.766349470595635, 71.57723592634711, 99.43510609551151, 19.47967691279406, 67.81518938373372, 15.263080438322977, 62.62274965192321, 76.78117507419674, 80.6105658163323, 73.6791649354114, 18.32447459302815, 46.9567214159884, 37.640055706607235], [7.259905137079549, 37.99092586306238, 40.74685553000741, 43.568400871818426, 29.77119299383696, 40.66343171471076, 33.489430463990864, 0.0, 62.03150904900777, 25.880709197843217, 34.1896239871729, 33.11092179404017, 53.074673573436776, 10.10410438782986, 48.89157962626964, 39.71258088322282, 12.082814560163065, 28.276668328185764, 36.63401375581171, 58.93736772742565, 3.515854390695319, 40.57640307522931, 55.496223932993416, 34.501546967002874, 80.75519153806704, 29.445107639764426, 57.80158248268045, 20.900791262050113, 33.58390813842184, 31.073905743804286, 36.562188543552104, 15.735795917463102, 35.99185837148006, 41.27064961498755, 57.70349816720524, 65.97124297972013, 35.79453735143621, 35.1261694089927, 44.83811131467352, 35.29923904840094, 48.566015792588615, 51.21273214524478, 48.00846810680306, 16.38841204559019, 15.75442803642348, 14.375020188292263], [55.79051707824584, 30.23146522879754, 97.7812018527441, 30.995354382155412, 79.63906881460134, 43.756007149309575, 76.46954445372604, 62.03150904900777, 0.0, 76.95184566944825, 95.99039041120172, 30.69041590099357, 69.39425854293538, 71.99046052117669, 79.34027543164744, 42.82239149216225, 72.70434206800886, 90.2928816529289, 31.356484640146714, 81.33911296310771, 64.95840993024333, 69.85518407114996, 15.544783866342442, 28.40755037387686, 78.87031992212749, 87.09625713591969, 53.63257670472512, 62.82158620203847, 35.19233363818651, 43.87506323132902, 55.9917906045693, 75.1037210052682, 43.24710403335286, 40.909909224195886, 4.893886520910811, 82.80051906507879, 59.94081160895814, 54.04479242245552, 74.65739401434, 35.492072324473426, 36.27668602106494, 41.10867811046827, 99.61956323285195, 63.058201708218135, 70.26194322645493, 75.86562111381662], [26.506783318050143, 47.49580237245997, 52.1963741758068, 49.979310779989696, 3.8908925821083575, 40.5772359271732, 10.36303980080448, 25.880709197843217, 76.95184566944825, 0.0, 36.09191774990599, 46.35906869811872, 78.71054272856678, 21.48196701443306, 72.977815597864, 40.452241511485326, 29.41652878078607, 29.701329358210195, 46.19212807543747, 83.68362800057123, 22.88756286199937, 23.528767544919077, 74.73849897861146, 53.61513519126432, 106.62950002906229, 43.13657034993518, 83.35073252365547, 46.18445747602199, 56.30783272950214, 55.85990898987721, 62.440877230223784, 32.91426092592154, 37.71691418157539, 42.728903177743035, 72.12436494556405, 91.08563726203029, 25.843604998140453, 60.97411223961104, 25.448689502761837, 58.388604621933325, 72.39587146508427, 75.72923531137843, 63.3753970985212, 14.243036273442044, 37.772532129472545, 27.697752995103055], [41.06220499355636, 71.68368402639233, 19.45676382741217, 76.660928733317, 37.98014954407495, 71.13878116778962, 46.19912959365585, 34.1896239871729, 95.99039041120172, 36.09191774990599, 0.0, 67.24346145374643, 67.02286693499599, 24.836995078464465, 55.1931521600677, 70.51827922993033, 23.448421279892607, 6.754399414926737, 70.30011726439442, 66.69896278797327, 31.70129027239412, 59.5631831460957, 88.11786195671903, 67.93856630942298, 96.06319126693185, 17.04709501748972, 80.04076326698464, 39.822799296717506, 64.72025409434526, 59.21935995440775, 57.462243458464336, 21.886283792125006, 67.01428219363818, 72.47646273570184, 91.77128337051934, 74.91630307015093, 60.160476472782214, 57.27570642674143, 61.45131986592348, 65.86330639450794, 76.90995403923361, 77.88721006380803, 32.40947672770116, 40.929150292767176, 28.607300196875272, 20.130350042971397], [26.2065741464966, 7.287240310198979, 72.30211151603757, 14.273317876622498, 49.1868633608833, 21.402252888602206, 46.75959040890153, 33.11092179404017, 30.69041590099357, 46.35906869811872, 67.24346145374643, 0.0, 60.918802253379745, 42.56832014088847, 65.15504609917073, 20.007981048687057, 44.784225648037534, 61.119862800183896, 6.619511850495811, 71.25882574860128, 35.5787357048597, 42.69190115545334, 29.940547262393842, 12.799927148479426, 80.97035376180189, 61.05650043834416, 53.695736898408356, 40.82030306529139, 22.404489595568588, 29.43809066332555, 43.05303539725296, 47.863439732033584, 18.013248235604664, 19.52198442099292, 25.938395753316314, 75.62979955259775, 32.83016750561195, 40.75811495898656, 47.86454823952973, 24.548330676551036, 36.531923067151986, 41.6626847399833, 76.91939342143792, 32.37629885430649, 44.65208538621285, 47.45547563387795], [55.121984455592234, 68.14346341125282, 54.498616586733824, 75.02684638875348, 82.58388426655307, 80.75681646258357, 86.51130962099207, 53.074673573436776, 69.39425854293538, 78.71054272856678, 67.02286693499599, 60.918802253379745, 0.0, 58.33081828063, 15.498016203125498, 79.37788046645872, 51.47031261283372, 65.91285000755647, 67.5341479036285, 12.027329568116045, 55.84515370634155, 91.75271338499306, 54.22974163206869, 49.59551187868832, 29.203253999829332, 50.187215490056005, 20.41643344059364, 32.578720454237825, 39.169295076747034, 31.493318477055812, 18.392775944743782, 49.55676589958044, 76.28954501175754, 79.58781947859951, 68.2059298010667, 14.711424362240281, 84.56062406107789, 20.5888535036412, 96.5451883177327, 37.471211495704345, 33.32257394001305, 29.23011432874738, 47.353823718213945, 68.68373938022228, 42.63962115504268, 54.702783620706875], [16.373499797235205, 46.847765670219204, 34.681125257568276, 51.88727664246685, 25.14572326443837, 47.16965361381507, 31.026462387729193, 10.10410438782986, 71.99046052117669, 21.48196701443306, 24.836995078464465, 42.56832014088847, 58.33081828063, 0.0, 51.60581004256152, 46.41582420086279, 7.979506962360879, 18.556555352468436, 45.46367265774851, 62.4849891214754, 7.040865606871344, 41.21788056907441, 65.58594370330205, 44.60180970765843, 86.9381551620629, 24.004884146601793, 65.60202378250548, 25.87065269801481, 43.3952742206225, 40.07472945088697, 43.440617498350356, 11.730494857144118, 42.79868080939108, 48.24241757784129, 67.5978963703045, 70.0631522437295, 38.806279940701565, 42.35797180599084, 44.64870306292623, 44.999538887869754, 57.86500271818433, 60.121317875514286, 44.03942633238255, 18.248608473169213, 16.368974503491206, 7.2219655130125435], [52.84548428236019, 72.41055345656922, 40.492787967176454, 79.40129654555065, 76.71683409469478, 82.86262074636024, 81.89051647701132, 48.89157962626964, 79.34027543164744, 72.977815597864, 55.1931521600677, 65.15504609917073, 15.498016203125498, 51.60581004256152, 0.0, 81.56135833672055, 43.90674708844071, 55.26736420022885, 71.54916474300533, 11.542996955205608, 50.94106744348575, 89.32628564804838, 64.99540870032905, 55.69917969436153, 41.89240297218329, 38.15610837561539, 35.320430072073854, 28.346374432208638, 45.761045309723826, 36.945339285376676, 23.51624885531812, 41.06252984416072, 78.12667569858856, 82.20400769496432, 77.38263065732443, 19.734963831286247, 83.4672335693338, 25.64219022898453, 93.70919825066653, 44.68776992073932, 44.846997350251264, 41.83348342347572, 32.158515808314895, 65.25815263496861, 35.237919182836315, 46.50051022739343], [32.7245464332823, 14.552298649284456, 80.32998546476178, 11.860480234239905, 41.91104132326159, 1.4073520779059192, 36.44937564505833, 39.71258088322282, 42.82239149216225, 40.452241511485326, 70.51827922993033, 20.007981048687057, 79.37788046645872, 46.41582420086279, 81.56135833672055, 0.0, 51.566965089304645, 63.82334437621725, 14.214328239339213, 88.94535958936414, 40.60482612994286, 27.329175897256476, 47.50792910949324, 32.806068368114396, 100.79366347173496, 69.09315067187681, 73.59915048039908, 54.61583048423019, 42.05055329927473, 48.101941426020005, 61.081720947788426, 55.396016019464334, 3.7275966595152368, 2.319807931209764, 38.062608270833586, 94.024053765164, 17.756306653131272, 58.83183065656398, 31.93479985987846, 44.28593615475135, 56.53374309703873, 61.66910159138864, 87.53446010680479, 29.854044191362153, 54.689501734608896, 53.031303356088046], [19.341154832304426, 49.96804697476141, 28.76543368868494, 55.64023308473374, 33.026460561297, 52.46024905538015, 39.00268086080299, 12.082814560163065, 72.70434206800886, 29.41652878078607, 23.448421279892607, 44.784225648037534, 51.47031261283372, 7.979506962360879, 43.90674708844071, 51.566965089304645, 0.0, 18.52894209980194, 48.62324965413095, 54.94735769162465, 11.06586185150017, 48.87858112434093, 64.6996086404743, 44.5295086649239, 80.39400350005766, 17.54748291491042, 60.37486378965565, 19.63902303833999, 41.46548156690337, 36.66522286959374, 37.77846508106458, 4.0438525887077095, 47.86342703945896, 53.2025388910075, 68.58336840201673, 62.66140387076375, 45.78967010048691, 36.997935202749986, 52.468583413938504, 42.74062325060308, 54.571977131764534, 56.19623220227599, 36.90968445237255, 25.267481154465493, 8.875979613950859, 3.7604659075074114], [34.9156361470597, 65.3320162390804, 23.646873766584054, 70.16344206744098, 31.83621884687871, 64.4282176175289, 39.9321973296862, 28.276668328185764, 90.2928816529289, 29.701329358210195, 6.754399414926737, 61.119862800183896, 65.91285000755647, 18.556555352468436, 55.26736420022885, 63.82334437621725, 18.52894209980194, 0.0, 63.944022841269074, 66.804815172559, 25.548702498051433, 53.06905911064417, 83.0367313730495, 62.494134810918126, 95.10909509749534, 17.83550694142203, 77.46763848309708, 36.66005593896162, 59.97009371968817, 55.087525695006356, 54.74254973740212, 17.94038665133365, 60.338430443202135, 65.79878153911847, 85.9801450682137, 74.95338998235611, 53.44079964280286, 54.30686971932435, 55.1375866051488, 61.26811970787214, 72.95309151147463, 74.3247818312086, 36.10012005065042, 34.185856836859664, 25.15876331641638, 14.890357227395425], [29.43626691137378, 1.392142614483872, 76.7673185456054, 7.911814797586917, 48.622211156427014, 15.551890583667175, 45.11966121305964, 36.63401375581171, 31.356484640146714, 46.19212807543747, 70.30011726439442, 6.619511850495811, 67.5341479036285, 45.46367265774851, 71.54916474300533, 14.214328239339213, 48.62324965413095, 63.944022841269074, 0.0, 77.8267131133178, 38.67234915424269, 39.18669080782155, 33.68085309884688, 19.078460121467472, 87.37422047594762, 65.44720469611786, 60.05478608359296, 46.569762930019905, 28.96186729044626, 36.04838832976891, 49.62936491052598, 51.97111501809065, 13.012976686020478, 13.351136500780107, 26.46282305074162, 82.2454314162511, 29.190793948140335, 47.33582687463057, 44.21529303729361, 31.06754561062724, 42.592887332937096, 47.82310542794728, 82.09100423730436, 32.87218655947512, 49.43909917593566, 50.97339004737777], [62.181640535026304, 78.53923119349732, 51.460843626240695, 85.49789851813928, 87.47453529496616, 90.29491231255817, 92.28235337013206, 58.93736772742565, 81.33911296310771, 83.68362800057123, 66.69896278797327, 71.25882574860128, 12.027329568116045, 62.4849891214754, 11.542996955205608, 88.94535958936414, 54.94735769162465, 66.804815172559, 77.8267131133178, 0.0, 61.25975748707235, 98.93797217380255, 66.23212999765703, 60.53756197275947, 31.474452351875495, 49.673835444360165, 31.639661676613354, 38.055473824534225, 50.17009902026446, 41.951337021056844, 28.209178125587588, 52.290958819204846, 85.6822337475324, 89.35079112657009, 80.03740735416378, 8.223887289212827, 92.48957260436954, 30.504938545916094, 103.49738677875962, 48.65380303822615, 45.34022714449165, 41.23778050267544, 42.006529743398445, 75.15011486669238, 46.153868189873265, 57.70236387746004], [9.372678761908933, 40.0486817904089, 39.755620927379404, 45.31279062883456, 26.77241889268208, 41.46520847255038, 31.022891128131292, 3.515854390695319, 64.95840993024333, 22.88756286199937, 31.70129027239412, 35.5787357048597, 55.84515370634155, 7.040865606871344, 50.94106744348575, 40.60482612994286, 11.06586185150017, 25.548702498051433, 38.67234915424269, 61.25975748707235, 0.0, 39.07638476711581, 58.797676875587314, 37.69682015879134, 83.78834752050122, 28.59925115280615, 61.14597711611869, 23.40084819785194, 37.06642610054129, 34.566612668895544, 39.6846725727038, 15.03926971995174, 36.91882813297438, 42.299372295037735, 60.558114198269735, 68.45973950020188, 35.09220649747784, 38.32361821996809, 43.099939875793474, 38.79959737253614, 52.08114467451994, 54.70635907070633, 47.845686683559734, 14.910125762276376, 16.673617594774278, 12.521670791791625], [36.78375358204562, 40.06908995924016, 74.77949245483804, 39.1253824030467, 22.41611380328427, 26.65222693205724, 14.199446143555662, 40.57640307522931, 69.85518407114996, 23.528767544919077, 59.5631831460957, 42.69190115545334, 91.75271338499306, 41.21788056907441, 89.32628564804838, 27.329175897256476, 48.87858112434093, 53.06905911064417, 39.18669080782155, 98.93797217380255, 39.07638476711581, 0.0, 72.51929242555565, 54.02358336204147, 117.29063066629203, 64.8794601414545, 91.44829767234786, 61.03578229255847, 60.59433908024937, 63.552756233804175, 73.80172640707949, 52.84126453844393, 26.61719849482939, 29.481756414221525, 65.01846013283381, 105.51230804584658, 9.996171919871122, 71.86545751774224, 5.232843837330366, 62.92832421982242, 76.80765613581734, 81.26700174255339, 85.11984764630124, 24.2271615797547, 55.74381001267838, 48.33986665695206], [50.40852640775214, 33.06524794437647, 87.2712028989388, 36.83858805487987, 77.93082217428902, 48.729068276064275, 76.36308836181837, 55.496223932993416, 15.544783866342442, 74.73849897861146, 88.11786195671903, 29.940547262393842, 54.22974163206869, 65.58594370330205, 64.99540870032905, 47.50792910949324, 64.6996086404743, 83.0367313730495, 33.68085309884688, 66.23212999765703, 58.797676875587314, 72.51929242555565, 0.0, 21.355575554798573, 63.63784952752747, 77.19271155141115, 38.091188079022615, 51.71034828289721, 23.822626126840742, 31.477169147782387, 42.09480413074639, 66.44544263180933, 46.69222244277764, 46.13232103710849, 15.899857230922006, 67.38326343202208, 62.577661728897276, 40.3523275640265, 77.64729577803838, 23.300822057300355, 20.932870755544975, 25.605022455045496, 87.61806337010607, 60.49552547889605, 60.676494725098955, 68.19057396373452], [29.093402060340523, 19.333085214488754, 69.46410349553408, 25.856803162307195, 56.922302068351115, 34.20155822113224, 55.99829524393194, 34.501546967002874, 28.40755037387686, 53.61513519126432, 67.93856630942298, 12.799927148479426, 49.59551187868832, 44.60180970765843, 55.69917969436153, 32.806068368114396, 44.5295086649239, 62.494134810918126, 19.078460121467472, 60.53756197275947, 37.69682015879134, 54.02358336204147, 21.355575554798573, 0.0, 68.29877469013375, 58.70312830172989, 40.97653030864237, 35.00449978919951, 10.426429548210425, 18.798032138469843, 32.563047541911466, 46.767815910228435, 30.681363379485273, 32.28839565914118, 24.69452921969176, 64.22915460361772, 44.462540831965576, 30.30241173671426, 59.25319579743636, 12.26938903492111, 23.759216110263186, 28.863147674443518, 71.98261315149695, 39.39860122538827, 41.863346059802865, 47.825303671360714], [81.6463503770616, 87.61213297348185, 82.37981652895914, 93.9039599544394, 110.5203654025031, 102.20075524602079, 113.70338182917969, 80.75519153806704, 78.87031992212749, 106.62950002906229, 96.06319126693185, 80.97035376180189, 29.203253999829332, 86.9381551620629, 41.89240297218329, 100.79366347173496, 80.39400350005766, 95.10909509749534, 87.37422047594762, 31.474452351875495, 83.78834752050122, 117.29063066629203, 63.63784952752747, 68.29877469013375, 0.0, 79.11519267560223, 27.35607426374743, 61.069709831513876, 58.753053371542045, 53.89228654952473, 44.251566682281194, 78.66305528508501, 98.24266552881176, 100.48159113647003, 79.48859806173627, 24.12699573212268, 109.14101828012512, 45.89047022314929, 122.31720867439857, 56.507732307872374, 45.53253171797519, 40.099041757537385, 73.46168514227267, 95.48812813802118, 71.63697145502783, 83.7272369574992], [36.629454687360145, 66.7549337015875, 11.337837165503574, 72.7192336874887, 46.14598840669385, 69.99914883861683, 53.41354674983319, 29.445107639764426, 87.09625713591969, 43.13657034993518, 17.04709501748972, 61.05650043834416, 50.187215490056005, 24.004884146601793, 38.15610837561539, 69.09315067187681, 17.54748291491042, 17.83550694142203, 65.44720469611786, 49.673835444360165, 28.59925115280615, 64.8794601414545, 77.19271155141115, 58.70312830172989, 79.11519267560223, 0.0, 64.30369780040354, 25.98803252567944, 53.37023667346368, 46.482974438727666, 42.19705055419748, 13.710689634215129, 65.38332592600582, 70.69841860585828, 83.33976649054647, 57.88613221672404, 62.804360473599694, 42.38068273623076, 67.92922131469264, 54.05816948717237, 63.37966787649174, 63.59836177080414, 20.292401809015566, 42.22881043913914, 16.84266723094426, 16.788315885608693], [57.243868501609185, 60.27080020887531, 70.87403934879737, 66.54868148735807, 87.2005638235635, 75.00450172951818, 89.31941623469349, 57.80158248268045, 53.63257670472512, 83.35073252365547, 80.04076326698464, 53.695736898408356, 20.41643344059364, 65.60202378250548, 35.320430072073854, 73.59915048039908, 60.37486378965565, 77.46763848309708, 60.05478608359296, 31.639661676613354, 61.14597711611869, 91.44829767234786, 38.091188079022615, 40.97653030864237, 27.35607426374743, 64.30369780040354, 0.0, 40.91915423683646, 31.676250792452283, 28.057189742651804, 22.730708114735258, 59.71609706672091, 71.15947192740168, 73.21754429035812, 53.530483097024636, 30.486319366174342, 82.84545334855989, 23.37870003687472, 96.58127513686668, 29.380556633622863, 18.413351110625264, 13.009492337023277, 65.78074157874691, 71.00107111529155, 52.408173762599, 64.04712745162665], [24.507625322702342, 47.66148306760385, 35.58025128080713, 54.44562155268764, 50.045966212962306, 55.83741203255665, 54.34679146676499, 20.900791262050113, 62.82158620203847, 46.18445747602199, 39.822799296717506, 40.82030306529139, 32.578720454237825, 25.87065269801481, 28.346374432208638, 54.61583048423019, 19.63902303833999, 36.66005593896162, 46.569762930019905, 38.055473824534225, 23.40084819785194, 61.03578229255847, 51.71034828289721, 35.00449978919951, 61.069709831513876, 25.98803252567944, 40.91915423683646, 0.0, 28.02104734128592, 20.556782203905655, 18.21473075420717, 18.807248736751998, 51.0206197046413, 55.558246931638685, 59.52696469161144, 45.088318637234984, 55.15858733858624, 17.650042463470733, 65.50305222839637, 28.417317170759052, 37.48200347013116, 38.098596517289685, 36.97813342262892, 37.10603951486024, 11.5120556007947, 23.222292812657972], [30.038087996274033, 29.389686537666982, 63.50814443185757, 36.106570421911215, 59.924669234804696, 43.45790017260133, 60.397051827821116, 33.58390813842184, 35.19233363818651, 56.30783272950214, 64.72025409434526, 22.404489595568588, 39.169295076747034, 43.3952742206225, 45.761045309723826, 42.05055329927473, 41.46548156690337, 59.97009371968817, 28.96186729044626, 50.17009902026446, 37.06642610054129, 60.59433908024937, 23.822626126840742, 10.426429548210425, 58.753053371542045, 53.37023667346368, 31.676250792452283, 28.02104734128592, 0.0, 8.926320253863416, 22.37934014084409, 42.89754488649722, 39.50701228520071, 41.81373825973137, 32.38802703159232, 53.80549349431273, 51.57811729061397, 20.164103708533805, 65.80074864157208, 2.342755790709189, 16.408370398530135, 20.673341483332486, 64.50434426903945, 42.58943921679341, 36.90520305589377, 45.081838877976956], [29.448659866902666, 36.68488873905458, 56.0778951975388, 43.60600179604981, 59.654122816831965, 49.49528228902034, 61.35131584510235, 31.073905743804286, 43.87506323132902, 55.85990898987721, 59.21935995440775, 29.43809066332555, 31.493318477055812, 40.07472945088697, 36.945339285376676, 48.101941426020005, 36.66522286959374, 55.087525695006356, 36.04838832976891, 41.951337021056844, 34.566612668895544, 63.552756233804175, 31.477169147782387, 18.798032138469843, 53.89228654952473, 46.482974438727666, 28.057189742651804, 20.556782203905655, 8.926320253863416, 0.0, 13.806221413514187, 37.37920714733297, 45.1690102340777, 48.19557857796955, 41.24276473341599, 46.20411644596971, 55.24982326260367, 11.527142936167145, 68.64617121605576, 8.39877569307331, 17.918642919859256, 20.139746404055863, 56.182637966284275, 43.06384980795708, 30.72297114364546, 40.40978424170982], [37.536163803424735, 50.331401895577514, 49.87857966918473, 57.288728311616396, 66.33061528181766, 62.45280587782098, 69.48017429231399, 36.562188543552104, 55.9917906045693, 62.440877230223784, 57.462243458464336, 43.05303539725296, 18.392775944743782, 43.440617498350356, 23.51624885531812, 61.081720947788426, 37.77846508106458, 54.74254973740212, 49.62936491052598, 28.209178125587588, 39.6846725727038, 73.80172640707949, 42.09480413074639, 32.563047541911466, 44.251566682281194, 42.19705055419748, 22.730708114735258, 18.21473075420717, 22.37934014084409, 13.806221413514187, 0.0, 36.992352526551095, 57.94495616870173, 61.36391265909587, 53.89768889761082, 32.95291433872194, 66.33043290878814, 2.295816049036263, 78.69284323767519, 21.191891228816772, 23.290138883611267, 22.042082377005112, 47.13864259778886, 51.32815937480509, 29.682834491087092, 41.40995511401682], [22.93824286516854, 53.29844711982679, 25.014792614820013, 59.12925374493664, 36.42343816633598, 56.314519024870705, 42.69140601841206, 15.735795917463102, 75.1037210052682, 32.91426092592154, 21.886283792125006, 47.863439732033584, 49.55676589958044, 11.730494857144118, 41.06252984416072, 55.396016019464334, 4.0438525887077095, 17.94038665133365, 51.97111501809065, 52.290958819204846, 15.03926971995174, 52.84126453844393, 66.44544263180933, 46.767815910228435, 78.66305528508501, 13.710689634215129, 59.71609706672091, 18.807248736751998, 42.89754488649722, 37.37920714733297, 36.992352526551095, 0.0, 51.682903264391825, 56.989866523401815, 71.10474407177722, 60.14812381853871, 49.833418489754926, 36.44841354843547, 56.36186089432836, 43.99248295945362, 55.157991736663014, 56.402547256364485, 32.870132212729864, 29.306223003204337, 7.3100141570211, 5.4477025699873804], [28.99697157002138, 13.685799909903402, 76.62833405551754, 12.901932042786168, 39.41243034999995, 4.827417495422252, 34.4620805348355, 35.99185837148006, 43.24710403335286, 37.71691418157539, 67.01428219363818, 18.013248235604664, 76.28954501175754, 42.79868080939108, 78.12667569858856, 3.7275966595152368, 47.86342703945896, 60.338430443202135, 13.012976686020478, 85.6822337475324, 36.91882813297438, 26.61719849482939, 46.69222244277764, 30.681363379485273, 98.24266552881176, 65.38332592600582, 71.15947192740168, 51.0206197046413, 39.50701228520071, 45.1690102340777, 57.94495616870173, 51.682903264391825, 0.0, 5.462718235148835, 38.40330734243949, 90.8978095785961, 16.697563545176486, 55.712291575627106, 31.498506586807743, 41.783515627772175, 54.43498323113601, 59.46951394645276, 83.80724032926081, 26.529696197341416, 50.96634400956674, 49.36542778406599], [34.19667054151575, 13.480863656302368, 81.96580384426164, 9.917634225220889, 44.21732761947175, 2.8616500201914032, 38.766349470595635, 41.27064961498755, 40.909909224195886, 42.728903177743035, 72.47646273570184, 19.52198442099292, 79.58781947859951, 48.24241757784129, 82.20400769496432, 2.319807931209764, 53.2025388910075, 65.79878153911847, 13.351136500780107, 89.35079112657009, 42.299372295037735, 29.481756414221525, 46.13232103710849, 32.28839565914118, 100.48159113647003, 70.69841860585828, 73.21754429035812, 55.558246931638685, 41.81373825973137, 48.19557857796955, 61.36391265909587, 56.989866523401815, 5.462718235148835, 0.0, 36.191633014747595, 94.26571344216568, 20.003392426063787, 59.098161654208404, 34.007665357877286, 44.00835584127938, 55.918919223822925, 61.118721983392085, 88.94524553039112, 31.9363712271549, 56.050791941000924, 54.76994636261631], [51.326354366793964, 25.338506389981124, 94.152615051917, 26.27499484792544, 74.78499689745853, 39.0267129715331, 71.57723592634711, 57.70349816720524, 4.893886520910811, 72.12436494556405, 91.77128337051934, 25.938395753316314, 68.2059298010667, 67.5978963703045, 77.38263065732443, 38.062608270833586, 68.58336840201673, 85.9801450682137, 26.46282305074162, 80.03740735416378, 60.558114198269735, 65.01846013283381, 15.899857230922006, 24.69452921969176, 79.48859806173627, 83.33976649054647, 53.530483097024636, 59.52696469161144, 32.38802703159232, 41.24276473341599, 53.89768889761082, 71.10474407177722, 38.40330734243949, 36.191633014747595, 0.0, 81.97019205262195, 55.090391158012764, 51.857978522327585, 69.84468082706624, 32.9656300850406, 35.59915511019062, 40.707735082238514, 96.45653994545019, 58.274909016201754, 66.49786738659792, 71.66983553534907], [68.73745132830071, 82.85160896154582, 59.58884306329801, 89.72817080509232, 94.9084205700979, 95.39825766320614, 99.43510609551151, 65.97124297972013, 82.80051906507879, 91.08563726203029, 74.91630307015093, 75.62979955259775, 14.711424362240281, 70.0631522437295, 19.734963831286247, 94.024053765164, 62.66140387076375, 74.95338998235611, 82.2454314162511, 8.223887289212827, 68.45973950020188, 105.51230804584658, 67.38326343202208, 64.22915460361772, 24.12699573212268, 57.88613221672404, 30.486319366174342, 45.088318637234984, 53.80549349431273, 46.20411644596971, 32.95291433872194, 60.14812381853871, 90.8978095785961, 94.26571344216568, 81.97019205262195, 0.0, 98.67201668739095, 35.19312982757142, 110.18629997379554, 52.04623011382234, 46.52514149880397, 41.829696850350395, 49.79506006306693, 82.00121021189001, 53.81557332318718, 65.52822472667998], [30.667618847468393, 30.075791131905586, 73.39202105565568, 29.38514563698331, 26.237252731225354, 17.265321018029933, 19.47967691279406, 35.79453735143621, 59.94081160895814, 25.843604998140453, 60.160476472782214, 32.83016750561195, 84.56062406107789, 38.806279940701565, 83.4672335693338, 17.756306653131272, 45.78967010048691, 53.44079964280286, 29.190793948140335, 92.48957260436954, 35.09220649747784, 9.996171919871122, 62.577661728897276, 44.462540831965576, 109.14101828012512, 62.804360473599694, 82.84545334855989, 55.15858733858624, 51.57811729061397, 55.24982326260367, 66.33043290878814, 49.833418489754926, 16.697563545176486, 20.003392426063787, 55.090391158012764, 98.67201668739095, 0.0, 64.2854261502828, 15.070042017546358, 53.92073790521351, 67.59480406618783, 72.21749961683535, 82.67276573866089, 20.583470455823786, 51.50333287670759, 46.01630949938121], [35.7737628451161, 48.03604107841298, 50.46256543741607, 54.99296008362444, 64.85972571201194, 60.205298222150255, 67.81518938373372, 35.1261694089927, 54.04479242245552, 60.97411223961104, 57.27570642674143, 40.75811495898656, 20.5888535036412, 42.35797180599084, 25.64219022898453, 58.83183065656398, 36.997935202749986, 54.30686971932435, 47.33582687463057, 30.504938545916094, 38.32361821996809, 71.86545751774224, 40.3523275640265, 30.30241173671426, 45.89047022314929, 42.38068273623076, 23.37870003687472, 17.650042463470733, 20.164103708533805, 11.527142936167145, 2.295816049036263, 36.44841354843547, 55.712291575627106, 59.098161654208404, 51.857978522327585, 35.19312982757142, 64.2854261502828, 0.0, 76.78696147457381, 19.046905534295043, 22.105574005225858, 21.362100493781895, 48.27731207048945, 49.603477412131504, 29.161550296869773, 40.677876453772136], [41.46272157936051, 45.05839244457273, 77.4706729575907, 43.78815771847466, 23.57928081826405, 31.151555500008936, 15.263080438322977, 44.83811131467352, 74.65739401434, 25.448689502761837, 61.45131986592348, 47.86454823952973, 96.5451883177327, 44.64870306292623, 93.70919825066653, 31.93479985987846, 52.468583413938504, 55.1375866051488, 44.21529303729361, 103.49738677875962, 43.099939875793474, 5.232843837330366, 77.64729577803838, 59.25319579743636, 122.31720867439857, 67.92922131469264, 96.58127513686668, 65.50305222839637, 65.80074864157208, 68.64617121605576, 78.69284323767519, 56.36186089432836, 31.498506586807743, 34.007665357877286, 69.84468082706624, 110.18629997379554, 15.070042017546358, 76.78696147457381, 0.0, 68.1329716946183, 82.02923505445405, 86.47162479147973, 88.21909674646548, 28.453788559780207, 59.695329679581796, 51.640484615514126], [32.03191292373412, 31.448023931991823, 63.99173082438888, 38.0923018757775, 62.03038419079306, 45.69304172734572, 62.62274965192321, 35.29923904840094, 35.492072324473426, 58.388604621933325, 65.86330639450794, 24.548330676551036, 37.471211495704345, 44.999538887869754, 44.68776992073932, 44.28593615475135, 42.74062325060308, 61.26811970787214, 31.06754561062724, 48.65380303822615, 38.79959737253614, 62.92832421982242, 23.300822057300355, 12.26938903492111, 56.507732307872374, 54.05816948717237, 29.380556633622863, 28.417317170759052, 2.342755790709189, 8.39877569307331, 21.191891228816772, 43.99248295945362, 41.783515627772175, 44.00835584127938, 32.9656300850406, 52.04623011382234, 53.92073790521351, 19.046905534295043, 68.1329716946183, 0.0, 14.158671372240757, 18.338788570575087, 64.5163413379498, 44.748943161246075, 37.787837395990124, 46.39924600734356], [45.93521566496442, 42.65564395308908, 72.20019032506373, 48.63278798925764, 76.07562988863097, 57.9233125263873, 76.78117507419674, 48.566015792588615, 36.27668602106494, 72.39587146508427, 76.90995403923361, 36.531923067151986, 33.32257394001305, 57.86500271818433, 44.846997350251264, 56.53374309703873, 54.571977131764534, 72.95309151147463, 42.592887332937096, 45.34022714449165, 52.08114467451994, 76.80765613581734, 20.932870755544975, 23.759216110263186, 45.53253171797519, 63.37966787649174, 18.413351110625264, 37.48200347013116, 16.408370398530135, 17.918642919859256, 23.290138883611267, 55.157991736663014, 54.43498323113601, 55.918919223822925, 35.59915511019062, 46.52514149880397, 67.59480406618783, 22.105574005225858, 82.02923505445405, 14.158671372240757, 0.0, 5.436627383280107, 70.36982364817983, 58.87071608999486, 48.31284067106547, 58.32061757232243], [49.22493112552349, 47.92902581520818, 71.81813039568135, 53.98946630269156, 79.47427588688751, 63.06468629627343, 80.6105658163323, 51.21273214524478, 41.10867811046827, 75.72923531137843, 77.88721006380803, 41.6626847399833, 29.23011432874738, 60.121317875514286, 41.83348342347572, 61.66910159138864, 56.19623220227599, 74.3247818312086, 47.82310542794728, 41.23778050267544, 54.70635907070633, 81.26700174255339, 25.605022455045496, 28.863147674443518, 40.099041757537385, 63.59836177080414, 13.009492337023277, 38.098596517289685, 20.673341483332486, 20.139746404055863, 22.042082377005112, 56.402547256364485, 59.46951394645276, 61.118721983392085, 40.707735082238514, 41.829696850350395, 72.21749961683535, 21.362100493781895, 86.47162479147973, 18.338788570575087, 5.436627383280107, 0.0, 69.0183514070148, 62.50796765604689, 49.33187752178026, 59.95645637075032], [54.81758379243615, 83.30728613421795, 13.004779175445055, 89.74184957355149, 66.29354478310373, 88.55001327949954, 73.6791649354114, 48.00846810680306, 99.61956323285195, 63.3753970985212, 32.40947672770116, 76.91939342143792, 47.353823718213945, 44.03942633238255, 32.158515808314895, 87.53446010680479, 36.90968445237255, 36.10012005065042, 82.09100423730436, 42.006529743398445, 47.845686683559734, 85.11984764630124, 87.61806337010607, 71.98261315149695, 73.46168514227267, 20.292401809015566, 65.78074157874691, 36.97813342262892, 64.50434426903945, 56.182637966284275, 47.13864259778886, 32.870132212729864, 83.80724032926081, 88.94524553039112, 96.45653994545019, 49.79506006306693, 82.67276573866089, 48.27731207048945, 88.21909674646548, 64.5163413379498, 70.36982364817983, 69.0183514070148, 0.0, 62.105628548332675, 32.92518442778923, 36.83677370887349], [13.855566928451886, 34.22786907461792, 52.905738843520126, 37.6461010264006, 17.544907268791956, 30.36059322460997, 18.32447459302815, 16.38841204559019, 63.058201708218135, 14.243036273442044, 40.929150292767176, 32.37629885430649, 68.68373938022228, 18.248608473169213, 65.25815263496861, 29.854044191362153, 25.267481154465493, 34.185856836859664, 32.87218655947512, 75.15011486669238, 14.910125762276376, 24.2271615797547, 60.49552547889605, 39.39860122538827, 95.48812813802118, 42.22881043913914, 71.00107111529155, 37.10603951486024, 42.58943921679341