instance_id,num_cities,city_coordinates,distance_matrix,best_route,total_distance
884,48,"[[2.0130451525079085, 27.991878369956737], [96.76101275566026, 63.76989112707649], [32.451688618340626, 14.537995944818693], [38.93061909899118, 73.8719139215359], [82.77760605776318, 60.15152493083873], [21.6137632958317, 60.485255689434204], [3.781978786093143, 32.65482541365531], [71.80361055757774, 8.34217572948327], [81.42686711137203, 23.60619904912795], [6.8895171380907065, 47.79180826793279], [23.64694066930847, 52.20611956967285], [67.06876156640286, 82.30247250056361], [73.26624813555699, 49.68313006488666], [97.61133500123546, 16.788956932343723], [29.485035610020727, 15.177301848422854], [43.643346412551175, 1.4751165684664613], [10.862264743940598, 60.950568361496806], [56.62516154218859, 13.393316972518644], [47.257554097011514, 66.86599455288712], [0.713634470834501, 32.5173640707725], [81.52855366462903, 59.26919186720894], [7.3025102379854046, 25.67937169107918], [80.8760935086034, 33.186085659303174], [47.35781654440716, 78.82218619470103], [72.2886442790194, 83.56813186970453], [73.54265691285346, 43.09066186690814], [60.8544039391283, 11.822755175713962], [95.57330395398218, 91.73126814469698], [43.5777925560181, 48.49907619786753], [7.590393451585953, 85.24902137826967], [71.89728058756376, 22.131021080278725], [10.381829090215655, 85.03495961171029], [37.65550254215455, 44.40251960610484], [76.36241370338684, 97.9540859583229], [35.91957618876357, 36.01858556584357], [7.490912290502361, 25.537053887823358], [6.789052360531778, 6.39347488192622], [1.5142199697194103, 3.002771560222095], [11.13713264702163, 70.9918478102827], [50.61960742208047, 26.79572616176906], [98.41305791416521, 57.481404013510165], [32.600586459320965, 70.80161522026687], [19.12752410713081, 55.307668938148566], [1.6221581678417474, 13.11476271936598], [96.94813642586854, 76.44786714048867], [61.73899776350957, 32.110248473602134], [11.823950450931942, 47.42649566345247], [15.6185051908313, 93.46420686970359]]","[[0.0, 101.27805074040786, 33.27939254778427, 58.88875043935156, 86.93191108643326, 37.94743365973456, 4.987203758857896, 72.50402632556595, 79.53483074238176, 20.391596381621028, 32.47083171262899, 84.74601390593324, 74.4817382680909, 96.25247254350744, 30.313753167892667, 49.35808585671586, 34.12600084006093, 56.529649312858815, 59.651173489154736, 4.708342484137586, 85.44580992387282, 5.772878660628401, 79.03391794274503, 68.11658011190715, 89.59564601953808, 73.10580429537436, 61.022504444888106, 113.20879751969413, 46.348391444263484, 57.528143021686596, 70.12956587996455, 57.65370466977236, 39.23893365720252, 102.09083746620978, 34.8436633453067, 6.002765331045429, 22.12015547148945, 24.994085014485133, 43.95732412780047, 48.62127801457904, 100.80969488660048, 52.61436355586558, 32.23441955819195, 14.882249921158891, 106.58637062406821, 59.86777419949915, 21.770581345459938, 66.87102767292558], [101.27805074040786, 0.0, 80.99054682020403, 58.70609248642843, 14.443968873161872, 75.21899980281523, 98.04717268878504, 60.78736347855076, 42.991373366903616, 91.28080223350628, 74.02289071415723, 35.00123359327325, 27.39417459565599, 46.988628685365256, 82.98973932785026, 81.86650972800729, 85.9450027100903, 64.41029247084352, 49.60018422941453, 101.00405597199268, 15.883453773902964, 97.23019769397226, 34.46302099897974, 51.64540040207266, 31.478042432138984, 31.092162530737603, 63.14894686574584, 27.986590662656624, 55.3322030955372, 91.72105747002632, 48.497429582411364, 88.9582290087026, 62.19772035396612, 39.807813549051204, 66.87163347695815, 97.11282448998487, 106.70991893202483, 112.9805043202602, 85.92790875607662, 59.127981202130286, 6.501870760268107, 64.54460044225807, 78.09332727010762, 107.78378211161323, 12.679356886869568, 47.210957489296064, 86.49515089435769, 86.40520193443886], [33.27939254778427, 80.99054682020403, 0.0, 59.68660119860159, 67.92121901643156, 47.20816987911568, 33.91418245908597, 39.83669098271806, 49.80763411330928, 41.94330274080234, 38.68347352375795, 76.09445460981742, 53.861012995505035, 65.1985148765772, 3.034755692004982, 17.201512194683414, 51.188183221930274, 24.200559562738146, 54.38228655452536, 36.47686608356856, 66.40345300825, 27.506570610061296, 51.890984178136065, 65.98977016046751, 79.70033062741396, 50.03721022038606, 28.532205838804597, 99.7152926862535, 35.73716777790352, 74.95420678800258, 40.169749271188735, 73.87083718113801, 30.314508949827964, 94.26768189912991, 21.758721806851977, 27.276723236524308, 26.924043586439694, 33.018000666112606, 60.3435803271752, 21.91632322564216, 78.70856710634685, 56.26381629910677, 42.89171943283266, 30.862364468916994, 89.40147611339323, 34.15450974468866, 38.8221199272495, 80.70131867115677], [58.88875043935156, 58.70609248642843, 59.68660119860159, 0.0, 45.943523367486364, 21.88780741715612, 54.168951447410755, 73.31289214698371, 65.82228487954515, 41.31348600362746, 26.51409948007229, 29.373957504408118, 42.000389114868405, 81.86507434449608, 59.449781613226634, 72.55002457417487, 30.899736039044555, 63.01394703711072, 10.882129968956637, 56.30929503579351, 45.031361523434875, 57.64423992696917, 58.43594309011646, 9.773579301488938, 34.738659824607275, 46.31931173580582, 65.80843747408716, 59.391500072402344, 25.794904831987743, 33.341390458592805, 61.35080082372676, 30.653662098452156, 29.496968039984715, 44.5094400921318, 37.972896215736476, 57.66033176007853, 74.74235778743643, 80.14001661360653, 27.94230967477463, 48.505668761600845, 61.69934636968217, 7.035342730407994, 27.143945237563887, 71.2976344576343, 58.074674788247826, 47.58422888194368, 37.86993044673637, 30.4518077925407], [86.93191108643326, 14.443968873161872, 67.92121901643156, 45.943523367486364, 0.0, 61.16475322949901, 83.64435194550134, 52.95882591132551, 36.57027945616136, 76.88800059741071, 59.66209060730808, 27.155704253258506, 14.144017130709582, 45.82959543561901, 69.73362751782314, 70.52950571418135, 71.91978021857182, 53.574997579222675, 36.149110550605656, 86.59181415734545, 1.5292624091268592, 82.97481206962811, 27.03240028339112, 40.03941909169429, 25.658444998192813, 19.3999312935706, 53.06879287470537, 34.073597786329074, 40.89504786702319, 79.26538505183271, 39.54668374703394, 76.5528173501935, 47.79158288225864, 38.34303474140139, 52.70743520224251, 82.86282558537971, 93.08162137639418, 99.34645403994061, 72.45598685164506, 46.332992432771285, 15.861806343131956, 51.29481181323727, 63.83412780950435, 93.80119253800765, 21.595710229751983, 35.0561866766796, 72.08569631923278, 74.96719020488031], [37.94743365973456, 75.21899980281523, 47.20816987911568, 21.88780741715612, 61.16475322949901, 0.0, 33.05306926953596, 72.37348655320699, 70.268571970174, 19.44034547934196, 8.525133730420597, 50.41971655177619, 52.769926171319945, 87.66411711861868, 45.9866024957632, 62.98808658288026, 10.761562943833878, 58.68090574695259, 26.425704060597003, 34.914443236212236, 59.92713005105996, 37.63325025815152, 65.24774683145463, 31.606950153731596, 55.68449277324818, 54.764786921329524, 62.51293333658375, 80.28902134612832, 25.021732157194432, 28.458724371975034, 63.24143755230471, 26.997116673280235, 22.715452845431876, 66.3425049509549, 28.342092891389974, 37.69392165435759, 56.086476135006826, 60.89521839671311, 14.837394237043858, 44.45585893076032, 76.8580170103584, 15.071083477812278, 5.743586847129642, 51.41622195203336, 77.00696552411965, 49.14443483838884, 16.320896083069176, 33.51946211824057], [4.987203758857896, 98.04717268878504, 33.91418245908597, 54.168951447410755, 83.64435194550134, 33.05306926953596, 0.0, 72.23605279582151, 78.17036728920908, 15.452671113429744, 27.872384429695344, 80.43696747110933, 71.54038612087572, 95.16130448041548, 31.08232552540601, 50.60734010716612, 29.168125037705348, 56.24417899856022, 55.32205475656578, 3.0714218951109875, 82.17575315789827, 7.813520099133542, 77.09594517415412, 63.4844771406849, 85.35413283050373, 70.53693284503159, 60.75555006126866, 109.1589367016333, 42.83394771117366, 52.73190183777368, 68.92347058261518, 52.79428456417489, 35.85280924128218, 97.63151622536591, 32.31315597674698, 8.026136008944363, 26.43295335811787, 29.73864535879441, 39.03620850642954, 47.20267471538148, 97.8335328091458, 47.80888746638254, 27.36123317661682, 19.65906597984201, 102.94543910755661, 57.959577403499466, 16.81890454895362, 61.95065964456918], [72.50402632556595, 60.78736347855076, 39.83669098271806, 73.31289214698371, 52.95882591132551, 72.37348655320699, 72.23605279582151, 0.0, 18.044319732336863, 75.96126007309637, 65.1391619837333, 74.11170146094007, 41.36682020709866, 27.154866113622525, 42.86701219648752, 28.985461497767698, 80.50770525174224, 15.99685413979451, 63.46295184940504, 75.08811111854214, 51.84723224172681, 66.79049562811232, 26.448625814920053, 74.59912010279727, 75.22751979775373, 34.79197567067163, 11.489106094689033, 86.71066288520764, 49.08435042948912, 100.1898206343713, 13.789163505545615, 98.25689969783478, 49.663283032167826, 89.72779469586808, 45.31718861549575, 66.57166809741243, 65.0437561380825, 70.49189787553766, 87.20896143117227, 28.09440357796679, 55.88136044310937, 73.74319412631486, 70.57285339327116, 70.3435416090829, 72.59912109462648, 25.8111935536551, 71.59010889228776, 101.99277548193811], [79.53483074238176, 42.991373366903616, 49.80763411330928, 65.82228487954515, 36.57027945616136, 70.268571970174, 78.17036728920908, 18.044319732336863, 0.0, 78.36300296902971, 64.47073253369905, 60.426879051678526, 27.324019346887294, 17.56165683974257, 52.621290061483904, 43.787889286468996, 79.83711559551926, 26.822146809142485, 55.12668917049535, 81.20366238864177, 35.66313778816453, 74.15334332784, 9.595706280692488, 64.88070162224281, 60.65427028753268, 21.01915939689033, 23.70813764282683, 69.57834946747452, 45.301299953080616, 96.18556225969893, 9.643089201833947, 93.91959354513106, 48.46049220715662, 74.5201783155683, 47.16970284149844, 73.9611628875709, 76.59687502788164, 82.52594984292446, 84.77055195989003, 30.971928140910467, 37.89538480300472, 67.90738538538984, 69.90129706868521, 80.49137721410308, 55.074056395100044, 21.44600326569969, 73.5661099857439, 95.97333877345562], [20.391596381621028, 91.28080223350628, 41.94330274080234, 41.31348600362746, 76.88800059741071, 19.44034547934196, 15.452671113429744, 75.96126007309637, 78.36300296902971, 0.0, 17.32909079188175, 69.37238215413915, 66.4036709531155, 95.87296296313286, 39.67698935155723, 59.12765762584884, 13.745387980692252, 60.472229392437285, 44.647541817550675, 16.475744968039507, 75.516330074328, 22.116292968441474, 75.41445893162624, 50.99576071711587, 74.54522896372406, 66.81872356845743, 64.8535410582927, 98.97216870549143, 36.69509205692786, 37.46376971955722, 69.88909291007228, 37.406531044544494, 30.952110356424246, 85.68977453733989, 31.326555847691626, 22.262878714315992, 41.39845528894135, 45.11043813634441, 23.58567514993604, 48.50934198744263, 92.03503018906704, 34.50377228108239, 14.361649493995127, 35.074813734342754, 94.50780189025824, 57.04714578715895, 4.947937491305799, 46.499066941863724], [32.47083171262899, 74.02289071415723, 38.68347352375795, 26.51409948007229, 59.66209060730808, 8.525133730420597, 27.872384429695344, 65.1391619837333, 64.47073253369905, 17.32909079188175, 0.0, 52.832234381673466, 49.68340919735046, 82.00674995491418, 37.486220059781004, 54.52972499615968, 15.489135650174685, 50.931293890751746, 27.791599467391272, 30.22554592209119, 58.310960489605066, 31.157804145010495, 60.30702798725031, 35.645766050854846, 57.87565244178508, 50.72153456459348, 54.9109410113345, 82.07093946846587, 20.272667004871426, 36.737529428195415, 56.8560186029055, 35.4075687348265, 16.035460022610998, 69.79826305792787, 20.313882930609797, 31.18102495620679, 48.81584590598538, 53.95207855963605, 22.569866687344852, 37.056886605603175, 74.95199072629796, 20.63880402117016, 5.481307740637982, 44.868978422011665, 77.20574865014065, 43.067956171355135, 12.752564541641828, 42.031958601628695], [84.74601390593324, 35.00123359327325, 76.09445460981742, 29.373957504408118, 27.155704253258506, 50.41971655177619, 80.43696747110933, 74.11170146094007, 60.426879051678526, 69.37238215413915, 52.832234381673466, 0.0, 33.20286645322661, 72.28325887873022, 76.93065053568344, 84.1534998803034, 60.12548623851085, 69.6960579735616, 25.115110846348458, 82.95516809238039, 27.195911535721606, 82.32970510777137, 51.0202104239335, 20.015837390199582, 5.371132950520512, 39.742639747838226, 70.7531539573352, 30.023509522108416, 41.16424694615442, 59.55130917024729, 60.36487523354468, 56.75275146961943, 47.97443314756015, 18.20288366919865, 55.78951460154932, 82.29114700027917, 96.93203423745256, 102.88751378655672, 57.063800648570144, 57.89277641625905, 39.98187532339305, 36.3362740714319, 55.01892100450249, 95.23758229383913, 30.447552379701857, 50.47440673219766, 65.33240325846563, 52.64706255090859], [74.4817382680909, 27.39417459565599, 53.861012995505035, 42.000389114868405, 14.144017130709582, 52.769926171319945, 71.54038612087572, 41.36682020709866, 27.324019346887294, 66.4036709531155, 49.68340919735046, 33.20286645322661, 0.0, 40.923219332930536, 55.74447731488998, 56.58205432610143, 63.413029488497486, 39.92338033392201, 31.172150994175208, 74.55565217840403, 12.655365404984424, 70.19540678340468, 18.16761461286179, 38.9914275149008, 33.89910111806547, 6.5982602823414505, 39.84296503907709, 47.59885140699439, 29.71205779238888, 74.68768649105054, 27.5860976154144, 72.14015532959269, 36.00013956272152, 48.37015013507279, 39.76799821298195, 70.06730906976713, 79.32976619132722, 85.60028864457853, 65.68172077024718, 32.19788180967399, 26.32821905521309, 45.82233576351282, 54.43011002159489, 80.4370630842463, 35.737696956028095, 21.016271519020066, 61.483724216965065, 72.38815478246734], [96.25247254350744, 46.988628685365256, 65.1985148765772, 81.86507434449608, 45.82959543561901, 87.66411711861868, 95.16130448041548, 27.154866113622525, 17.56165683974257, 95.87296296313286, 82.00674995491418, 72.28325887873022, 40.923219332930536, 0.0, 68.14536008306767, 56.09864079457428, 97.342945889903, 41.126594626249315, 71.01558243230781, 98.16591648424337, 45.42274997886455, 90.7453762166522, 23.429343531247145, 79.83443899725836, 71.41916318977454, 35.65222219423426, 37.09090375000387, 74.97001787647365, 62.65106043007452, 113.09531529389601, 26.263096613878602, 110.75424860109317, 66.00917125217612, 83.90050551770241, 64.61928290192115, 90.54402128193605, 91.41527810562312, 97.08096839491728, 102.05753794954728, 48.04537325575158, 40.7003440904699, 84.52079437220164, 87.42653914600368, 96.05946997702625, 59.662596319418334, 39.0072628287268, 91.09409491005354, 112.2582651445964], [30.313753167892667, 82.98973932785026, 3.034755692004982, 59.449781613226634, 69.73362751782314, 45.9866024957632, 31.08232552540601, 42.86701219648752, 52.621290061483904, 39.67698935155723, 37.486220059781004, 76.93065053568344, 55.74447731488998, 68.14536008306767, 0.0, 19.70298571859869, 49.41659156606635, 27.198695513781274, 54.658790389716515, 33.59272661435692, 68.21013514815132, 24.54298072486352, 54.455092748819204, 66.10678937733773, 80.68119078254001, 52.15582098275698, 31.548221071030287, 101.13441040711382, 36.179364894014746, 73.41267760486213, 42.97851480903692, 72.42254377961959, 30.345837982712272, 95.1287788447082, 21.811978806369545, 24.311847377606757, 24.336459722778834, 30.505503033420748, 58.752949577601605, 24.117585061611464, 80.87465189263435, 55.71149697489451, 41.44543892020734, 27.93911249515233, 91.13370475789155, 36.428598051666235, 36.7685250005481, 79.50547253917391], [49.35808585671586, 81.86650972800729, 17.201512194683414, 72.55002457417487, 70.52950571418135, 62.98808658288026, 50.60734010716612, 28.985461497767698, 43.787889286468996, 59.12765762584884, 54.52972499615968, 84.1534998803034, 56.58205432610143, 56.09864079457428, 19.70298571859869, 0.0, 67.91118229974495, 17.623025419355002, 65.49068193842389, 52.97717713688789, 69.10458789523028, 43.66351268401515, 48.906676609626494, 77.4362090247581, 86.94720381419978, 51.2427787974085, 20.08218429178823, 104.12921486118258, 47.024005322129334, 91.20242619737449, 34.99930267258264, 89.93651040592786, 43.34300642286009, 101.87604673774443, 35.39643875932467, 43.42781735834463, 37.18103331770502, 42.1568146876628, 76.74131778851086, 26.264072187106215, 78.33534024529985, 70.20046981824801, 59.152085660148224, 43.60345885380489, 91.99083631916015, 35.58038651645741, 55.8927830770076, 96.16332180177517], [34.12600084006093, 85.9450027100903, 51.188183221930274, 30.899736039044555, 71.91978021857182, 10.761562943833878, 29.168125037705348, 80.50770525174224, 79.83711559551926, 13.745387980692252, 15.489135650174685, 60.12548623851085, 63.413029488497486, 97.342945889903, 49.41659156606635, 67.91118229974495, 0.0, 65.99950668786519, 36.87288101192452, 30.190094445997822, 70.68628874638812, 35.45037611515494, 75.31801058185177, 40.63643716169813, 65.45803450941189, 65.17520864902669, 70.09105513350616, 90.12997083761151, 35.004934182536864, 24.517747872960374, 72.33415797636727, 24.089182640984937, 31.49151487817743, 75.22984665841254, 35.347880034955494, 35.573628220106855, 54.708934444558125, 58.69695984650881, 10.045040832806714, 52.41373429279148, 87.61949832091479, 23.866247195884423, 10.007838240240865, 48.72005614702615, 87.46967230236264, 58.48252742469834, 13.558221924021588, 32.85967912550252], [56.529649312858815, 64.41029247084352, 24.200559562738146, 63.01394703711072, 53.574997579222675, 58.68090574695259, 56.24417899856022, 15.99685413979451, 26.822146809142485, 60.472229392437285, 50.931293890751746, 69.6960579735616, 39.92338033392201, 41.126594626249315, 27.198695513781274, 17.623025419355002, 65.99950668786519, 0.0, 54.28700873009101, 59.09169177529946, 52.19937582536121, 50.82982463301915, 31.30273779604969, 66.08192348139808, 71.90166435696256, 34.17797453613642, 4.511447174649687, 87.48595539390281, 37.451944785944725, 86.99224527132203, 17.595030355497492, 85.26998742995883, 36.3513219917568, 86.83365001164745, 30.669594776391556, 50.61269401834844, 50.325297492009405, 56.08189828250386, 73.39449248708245, 14.68643089268634, 60.74526896910657, 62.232571179525884, 56.239538706409675, 55.00370871741614, 74.8452977838617, 19.402959715330695, 56.261938884581376, 89.96050952526572], [59.651173489154736, 49.60018422941453, 54.38228655452536, 10.882129968956637, 36.149110550605656, 26.425704060597003, 55.32205475656578, 63.46295184940504, 55.12668917049535, 44.647541817550675, 27.791599467391272, 25.115110846348458, 31.172150994175208, 71.01558243230781, 54.658790389716515, 65.49068193842389, 36.87288101192452, 54.28700873009101, 0.0, 57.846044550728614, 35.10288908920129, 57.38243139269632, 47.58720894577525, 11.956612025742858, 30.091807301151523, 35.44253199714098, 56.69772946742979, 54.33869261435094, 18.731906866588076, 43.719781666114635, 51.07185108378389, 41.10876288682946, 24.429635706388382, 42.58593993255929, 32.865063277922545, 57.35387639090807, 72.76417571958206, 78.55548273731087, 36.35529549909409, 40.21106578414507, 52.009192556495144, 15.176159275976735, 30.412061394254568, 70.51088061592353, 50.60599030219593, 37.652013175840814, 40.41576900690861, 41.33393659135446], [4.708342484137586, 101.00405597199268, 36.47686608356856, 56.30929503579351, 86.59181415734545, 34.914443236212236, 3.0714218951109875, 75.08811111854214, 81.20366238864177, 16.475744968039507, 30.22554592209119, 82.95516809238039, 74.55565217840403, 98.16591648424337, 33.59272661435692, 52.97717713688789, 30.190094445997822, 59.09169177529946, 57.846044550728614, 0.0, 85.12761863666648, 9.495863502583235, 80.16524825349786, 65.7253092289512, 87.91565800187267, 73.59253451367107, 63.60172159272024, 111.82416255053265, 45.746597369257394, 53.178167479470986, 71.93738663023507, 53.400110754564544, 38.80668162440402, 100.02350909043362, 35.379611136977836, 9.729143070956734, 26.82104190529468, 29.52544848439839, 39.86145021509894, 50.232890386401614, 100.83838867922195, 49.82430725252085, 29.299647224593777, 19.4238604430125, 105.7873738519479, 61.026721263004404, 18.593582925984343, 62.7429105026013], [85.44580992387282, 15.883453773902964, 66.40345300825, 45.031361523434875, 1.5292624091268592, 59.92713005105996, 82.17575315789827, 51.84723224172681, 35.66313778816453, 75.516330074328, 58.310960489605066, 27.195911535721606, 12.655365404984424, 45.42274997886455, 68.21013514815132, 69.10458789523028, 70.68628874638812, 52.19937582536121, 35.10288908920129, 85.12761863666648, 0.0, 81.47258153660482, 26.091265467740218, 39.36951691995022, 25.99643072998979, 18.042155633422865, 51.755046339390546, 35.37006371121966, 39.44940633588608, 78.3696566096433, 38.366719308330225, 75.66856153734537, 46.323455817915196, 39.02832347078014, 51.19345192282987, 81.35987630831367, 91.55235934640281, 97.81719506713965, 71.36086333024386, 44.83178484900123, 16.978888926029235, 50.26870560535508, 62.52665154758599, 92.27818469850956, 23.08398615221182, 33.604087980789934, 70.70347348294437, 74.25249854947104], [5.772878660628401, 97.23019769397226, 27.506570610061296, 57.64423992696917, 82.97481206962811, 37.63325025815152, 7.813520099133542, 66.79049562811232, 74.15334332784, 22.116292968441474, 31.157804145010495, 82.32970510777137, 70.19540678340468, 90.7453762166522, 24.54298072486352, 43.66351268401515, 35.45037611515494, 50.82982463301915, 57.38243139269632, 9.495863502583235, 81.47258153660482, 0.0, 73.95554684997799, 66.54762427515824, 87.03048990220402, 68.49021869650404, 55.315559657590015, 110.24783920046463, 42.85597999147975, 59.57034531207006, 64.69215677786555, 59.435410505837936, 35.66315198723861, 99.96451664997079, 30.427550134365198, 0.23611372369297917, 19.292730618686807, 23.403685558571546, 45.47444140474155, 43.331479962731095, 96.50130132640895, 51.73016065708499, 31.90089263274902, 13.78897379259389, 103.02319362558312, 54.815028507778244, 22.212177350926748, 68.2930424878628], [79.03391794274503, 34.46302099897974, 51.890984178136065, 58.43594309011646, 27.03240028339112, 65.24774683145463, 77.09594517415412, 26.448625814920053, 9.595706280692488, 75.41445893162624, 60.30702798725031, 51.0202104239335, 18.16761461286179, 23.429343531247145, 54.455092748819204, 48.906676609626494, 75.31801058185177, 31.30273779604969, 47.58720894577525, 80.16524825349786, 26.091265467740218, 73.95554684997799, 0.0, 56.622685937047436, 51.108657433136514, 12.323957244170353, 29.279001734476545, 60.36179575794455, 40.3193617655809, 89.89629084964722, 14.241963850446664, 87.50855413056583, 44.65229976128939, 64.92508889572535, 45.04566022659242, 73.78273856028005, 78.78282590986485, 84.90782897710672, 79.32716000128626, 30.92396554149678, 29.963437961859597, 61.20010330887565, 65.59154114587771, 81.75600449848854, 46.15075622847644, 19.167312258296036, 70.5052319898559, 88.83695587821293], [68.11658011190715, 51.64540040207266, 65.98977016046751, 9.773579301488938, 40.03941909169429, 31.606950153731596, 63.4844771406849, 74.59912010279727, 64.88070162224281, 50.99576071711587, 35.645766050854846, 20.015837390199582, 38.9914275149008, 79.83443899725836, 66.10678937733773, 77.4362090247581, 40.63643716169813, 66.08192348139808, 11.956612025742858, 65.7253092289512, 39.36951691995022, 66.54762427515824, 56.622685937047436, 0.0, 25.378537623019085, 44.29884531123436, 68.34531167659821, 49.913701755475905, 30.55780720589847, 40.28339794406878, 61.774375735866954, 37.49429558937765, 35.7609891511467, 34.74616878045645, 44.30554783803266, 66.54829359007991, 83.01652154743755, 88.60146151400528, 37.05741681780879, 52.128608491767174, 55.335943611989556, 16.795993526436856, 36.740739416931255, 80.05757894731084, 49.64712697545408, 48.87559205694071, 47.41671670922564, 34.95386465966863], [89.59564601953808, 31.478042432138984, 79.70033062741396, 34.738659824607275, 25.658444998192813, 55.68449277324818, 85.35413283050373, 75.22751979775373, 60.65427028753268, 74.54522896372406, 57.87565244178508, 5.371132950520512, 33.89910111806547, 71.41916318977454, 80.68119078254001, 86.94720381419978, 65.45803450941189, 71.90166435696256, 30.091807301151523, 87.91565800187267, 25.99643072998979, 87.03048990220402, 51.108657433136514, 25.378537623019085, 0.0, 40.49689031904915, 72.65081506158756, 24.674119437640233, 45.322750053086686, 64.72008227489745, 61.438357299745334, 61.924190349534804, 52.281925084568186, 14.951631093721742, 59.86374919311921, 86.98478075269752, 101.22314074691441, 107.23710373797662, 62.43132463452642, 60.767205038357666, 36.91886181917503, 41.690836893256225, 60.20596700523818, 99.7869204051069, 25.666879879615873, 52.52817153879506, 70.4428638499985, 57.52770606134222], [73.10580429537436, 31.092162530737603, 50.03721022038606, 46.31931173580582, 19.3999312935706, 54.764786921329524, 70.53693284503159, 34.79197567067163, 21.01915939689033, 66.81872356845743, 50.72153456459348, 39.742639747838226, 6.5982602823414505, 35.65222219423426, 52.15582098275698, 51.2427787974085, 65.17520864902669, 34.17797453613642, 35.44253199714098, 73.59253451367107, 18.042155633422865, 68.49021869650404, 12.323957244170353, 44.29884531123436, 40.49689031904915, 0.0, 33.74424028444663, 53.3971720985453, 30.449040075162777, 78.27533667991246, 21.024124361227585, 75.81961675282666, 35.91112389711946, 54.93583831518537, 38.28198618644889, 68.34443737964104, 76.17563424966325, 82.43260688412039, 68.35880072046385, 28.124564487135515, 28.73378334810848, 49.438346137123574, 55.76972243111106, 77.91734511284923, 40.74947379903153, 16.121285544328764, 61.87081850148815, 76.76393286475427], [61.022504444888106, 63.14894686574584, 28.532205838804597, 65.80843747408716, 53.06879287470537, 62.51293333658375, 60.75555006126866, 11.489106094689033, 23.70813764282683, 64.8535410582927, 54.9109410113345, 70.7531539573352, 39.84296503907709, 37.09090375000387, 31.548221071030287, 20.08218429178823, 70.09105513350616, 4.511447174649687, 56.69772946742979, 63.60172159272024, 51.755046339390546, 55.315559657590015, 29.279001734476545, 68.34531167659821, 72.65081506158756, 33.74424028444663, 0.0, 87.12503924335155, 40.54175408887826, 90.7109220638044, 15.106471150860267, 88.92416820109823, 39.995375687275065, 87.51630996123829, 34.74455127366417, 55.0975882421176, 54.3372738166515, 59.992079014656895, 77.28381840936116, 18.13672847827364, 59.121609434366256, 65.39712634617231, 60.26665931873388, 59.2463350984932, 74.02136597823655, 20.30676957435601, 60.59382564235746, 93.33602289720844], [113.20879751969413, 27.986590662656624, 99.7152926862535, 59.391500072402344, 34.073597786329074, 80.28902134612832, 109.1589367016333, 86.71066288520764, 69.57834946747452, 98.97216870549143, 82.07093946846587, 30.023509522108416, 47.59885140699439, 74.97001787647365, 101.13441040711382, 104.12921486118258, 90.12997083761151, 87.48595539390281, 54.33869261435094, 111.82416255053265, 35.37006371121966, 110.24783920046463, 60.36179575794455, 49.913701755475905, 24.674119437640233, 53.3971720985453, 87.12503924335155, 0.0, 67.6206745460537, 88.22138098904098, 73.51699445621571, 85.45424470108382, 74.79627102074801, 20.193607051787435, 81.62395626541812, 110.18249281189617, 123.14699464448371, 129.3052875411511, 86.9459060611016, 78.97758824184812, 34.36738854727156, 66.35972815043411, 84.67960696385252, 122.50458244416701, 15.345113573420983, 68.55236146196374, 94.7463301494771, 79.97357639796147], [46.348391444263484, 55.3322030955372, 35.73716777790352, 25.794904831987743, 40.89504786702319, 25.021732157194432, 42.83394771117366, 49.08435042948912, 45.301299953080616, 36.69509205692786, 20.272667004871426, 41.16424694615442, 29.71205779238888, 62.65106043007452, 36.179364894014746, 47.024005322129334, 35.004934182536864, 37.451944785944725, 18.731906866588076, 45.746597369257394, 39.44940633588608, 42.85597999147975, 40.3193617655809, 30.55780720589847, 45.322750053086686, 30.449040075162777, 40.54175408887826, 67.6206745460537, 0.0, 51.43589568641968, 38.69454397008781, 49.364387641829424, 7.201062068738355, 59.33489170954333, 14.642777207337513, 42.77285816805601, 55.91326378729818, 61.96174524982536, 39.475577134976014, 22.817154936523362, 55.566073641081346, 24.857640687221505, 25.38055480728625, 54.884650834811666, 60.245568467236026, 24.462686867232417, 31.77195174108051, 52.94888786654906], [57.528143021686596, 91.72105747002632, 74.95420678800258, 33.341390458592805, 79.26538505183271, 28.458724371975034, 52.73190183777368, 100.1898206343713, 96.18556225969893, 37.46376971955722, 36.737529428195415, 59.55130917024729, 74.68768649105054, 113.09531529389601, 73.41267760486213, 91.20242619737449, 24.517747872960374, 86.99224527132203, 43.719781666114635, 53.178167479470986, 78.3696566096433, 59.57034531207006, 89.89629084964722, 40.28339794406878, 64.72008227489745, 78.27533667991246, 90.7109220638044, 88.22138098904098, 51.43589568641968, 0.0, 90.10692367813127, 2.7996312908157273, 50.71831514996585, 69.9357521979812, 56.799457786477234, 59.71205035904836, 78.8596180613449, 82.47039161610928, 14.691710488168011, 72.58306260131198, 94.97261160038694, 28.88316635998302, 32.08722440016679, 72.38073711058593, 89.79012498808073, 75.8669923928918, 38.05872378725698, 11.486507334976773], [70.12956587996455, 48.497429582411364, 40.169749271188735, 61.35080082372676, 39.54668374703394, 63.24143755230471, 68.92347058261518, 13.789163505545615, 9.643089201833947, 69.88909291007228, 56.8560186029055, 60.36487523354468, 27.5860976154144, 26.263096613878602, 42.97851480903692, 34.99930267258264, 72.33415797636727, 17.595030355497492, 51.07185108378389, 71.93738663023507, 38.366719308330225, 64.69215677786555, 14.241963850446664, 61.774375735866954, 61.438357299745334, 21.024124361227585, 15.106471150860267, 73.51699445621571, 38.69454397008781, 90.10692367813127, 0.0, 87.98327259024131, 40.84750923002457, 75.95442436910517, 38.56500565471459, 64.49636684886045, 66.98321986295197, 72.93603465802552, 77.96907057606906, 21.78299448731531, 44.1897728072912, 62.55443152445812, 62.332472773742055, 70.85115204382808, 59.815258456016664, 14.239932910696265, 65.18179215158743, 90.86101449480114], [57.65370466977236, 88.9582290087026, 73.87083718113801, 30.653662098452156, 76.5528173501935, 26.997116673280235, 52.79428456417489, 98.25689969783478, 93.91959354513106, 37.406531044544494, 35.4075687348265, 56.75275146961943, 72.14015532959269, 110.75424860109317, 72.42254377961959, 89.93651040592786, 24.089182640984937, 85.26998742995883, 41.10876288682946, 53.400110754564544, 75.66856153734537, 59.435410505837936, 87.50855413056583, 37.49429558937765, 61.924190349534804, 75.81961675282666, 88.92416820109823, 85.45424470108382, 49.364387641829424, 2.7996312908157273, 87.98327259024131, 0.0, 48.937188766541574, 67.23348400503711, 55.27007736084426, 59.568097044235024, 78.72351087911551, 82.51008646237518, 14.063408993921726, 70.78761980686343, 92.24259143344614, 26.38676318900455, 30.987077824785683, 72.45168428478289, 86.99117037286038, 73.74675466208227, 37.63610333929965, 9.92345634943524], [39.23893365720252, 62.19772035396612, 30.314508949827964, 29.496968039984715, 47.79158288225864, 22.715452845431876, 35.85280924128218, 49.663283032167826, 48.46049220715662, 30.952110356424246, 16.035460022610998, 47.97443314756015, 36.00013956272152, 66.00917125217612, 30.345837982712272, 43.34300642286009, 31.49151487817743, 36.3513219917568, 24.429635706388382, 38.80668162440402, 46.323455817915196, 35.66315198723861, 44.65229976128939, 35.7609891511467, 52.281925084568186, 35.91112389711946, 39.995375687275065, 74.79627102074801, 7.201062068738355, 50.71831514996585, 40.84750923002457, 48.937188766541574, 0.0, 66.07567805493593, 8.561763270252742, 35.57819981136938, 48.963509143638916, 54.95572257957469, 37.552846979218245, 21.86474767129098, 62.14931819517581, 26.8786983659953, 21.499029439555603, 47.721333151971926, 67.39822498751424, 27.039132228531106, 26.007950988821836, 53.783625848518206], [102.09083746620978, 39.807813549051204, 94.26768189912991, 44.5094400921318, 38.34303474140139, 66.3425049509549, 97.63151622536591, 89.72779469586808, 74.5201783155683, 85.68977453733989, 69.79826305792787, 18.20288366919865, 48.37015013507279, 83.90050551770241, 95.1287788447082, 101.87604673774443, 75.22984665841254, 86.83365001164745, 42.58593993255929, 100.02350909043362, 39.02832347078014, 99.96451664997079, 64.92508889572535, 34.74616878045645, 14.951631093721742, 54.93583831518537, 87.51630996123829, 20.193607051787435, 59.33489170954333, 69.9357521979812, 75.95442436910517, 67.23348400503711, 66.07567805493593, 0.0, 73.97046245023095, 99.93753169237624, 114.9947742692104, 120.90493873750401, 70.57832227273094, 75.67168720315858, 46.089791645399146, 51.501011552400165, 71.37611275317697, 113.06554101565513, 29.770613494643793, 67.4481669763158, 81.96493530769578, 60.90961693864227], [34.8436633453067, 66.87163347695815, 21.758721806851977, 37.972896215736476, 52.70743520224251, 28.342092891389974, 32.31315597674698, 45.31718861549575, 47.16970284149844, 31.326555847691626, 20.313882930609797, 55.78951460154932, 39.76799821298195, 64.61928290192115, 21.811978806369545, 35.39643875932467, 35.347880034955494, 30.669594776391556, 32.865063277922545, 35.379611136977836, 51.19345192282987, 30.427550134365198, 45.04566022659242, 44.30554783803266, 59.86374919311921, 38.28198618644889, 34.74455127366417, 81.62395626541812, 14.642777207337513, 56.799457786477234, 38.56500565471459, 55.27007736084426, 8.561763270252742, 73.97046245023095, 0.0, 30.29936364608408, 41.54797951214396, 47.68409075376306, 42.86372102277098, 17.353733138659763, 66.07637878909986, 34.941019515243624, 25.574239978071688, 41.24194447264438, 73.2052728514544, 26.113552597857105, 26.65969978249532, 60.927275424472924], [6.002765331045429, 97.11282448998487, 27.276723236524308, 57.66033176007853, 82.86282558537971, 37.69392165435759, 8.026136008944363, 66.57166809741243, 73.9611628875709, 22.262878714315992, 31.18102495620679, 82.29114700027917, 70.06730906976713, 90.54402128193605, 24.311847377606757, 43.42781735834463, 35.573628220106855, 50.61269401834844, 57.35387639090807, 9.729143070956734, 81.35987630831367, 0.23611372369297917, 73.78273856028005, 66.54829359007991, 86.98478075269752, 68.34443737964104, 55.0975882421176, 110.18249281189617, 42.77285816805601, 59.71205035904836, 64.49636684886045, 59.568097044235024, 35.57819981136938, 99.93753169237624, 30.29936364608408, 0.0, 19.15644081024249, 23.31340239255842, 45.60080277167873, 43.14705783301811, 96.37052490135673, 51.76269167540243, 31.964046287126205, 13.738835206311345, 102.92961602985265, 54.64486860217716, 22.31418564385436, 68.41166478443013], [22.12015547148945, 106.70991893202483, 26.924043586439694, 74.74235778743643, 93.08162137639418, 56.086476135006826, 26.43295335811787, 65.0437561380825, 76.59687502788164, 41.39845528894135, 48.81584590598538, 96.93203423745256, 79.32976619132722, 91.41527810562312, 24.336459722778834, 37.18103331770502, 54.708934444558125, 50.325297492009405, 72.76417571958206, 26.82104190529468, 91.55235934640281, 19.292730618686807, 78.78282590986485, 83.01652154743755, 101.22314074691441, 76.17563424966325, 54.3372738166515, 123.14699464448371, 55.91326378729818, 78.8596180613449, 66.98321986295197, 78.72351087911551, 48.963509143638916, 114.9947742692104, 41.54797951214396, 19.15644081024249, 0.0, 6.270624033298337, 64.74454098353607, 48.34634851040253, 104.90440837565403, 69.38763459274527, 50.446370188660744, 8.477765377277766, 114.17652260520546, 60.67000036060458, 41.34076672290779, 87.51726461773038], [24.994085014485133, 112.9805043202602, 33.018000666112606, 80.14001661360653, 99.34645403994061, 60.89521839671311, 29.73864535879441, 70.49189787553766, 82.52594984292446, 45.11043813634441, 53.95207855963605, 102.88751378655672, 85.60028864457853, 97.08096839491728, 30.505503033420748, 42.1568146876628, 58.69695984650881, 56.08189828250386, 78.55548273731087, 29.52544848439839, 97.81719506713965, 23.403685558571546, 84.90782897710672, 88.60146151400528, 107.23710373797662, 82.43260688412039, 59.992079014656895, 129.3052875411511, 61.96174524982536, 82.47039161610928, 72.93603465802552, 82.51008646237518, 54.95572257957469, 120.90493873750401, 47.68409075376306, 23.31340239255842, 6.270624033298337, 0.0, 68.666694530402, 54.56595793640732, 111.16342109239181, 74.58582561831045, 55.19085768813865, 10.11256722386645, 120.42347974939831, 66.88997737011393, 45.60436169704795, 91.55436712604144], [43.95732412780047, 85.92790875607662, 60.3435803271752, 27.94230967477463, 72.45598685164506, 14.837394237043858, 39.03620850642954, 87.20896143117227, 84.77055195989003, 23.58567514993604, 22.569866687344852, 57.063800648570144, 65.68172077024718, 102.05753794954728, 58.752949577601605, 76.74131778851086, 10.045040832806714, 73.39449248708245, 36.35529549909409, 39.86145021509894, 71.36086333024386, 45.47444140474155, 79.32716000128626, 37.05741681780879, 62.43132463452642, 68.35880072046385, 77.28381840936116, 86.9459060611016, 39.475577134976014, 14.691710488168011, 77.96907057606906, 14.063408993921726, 37.552846979218245, 70.57832227273094, 42.86372102277098, 45.60080277167873, 64.74454098353607, 68.666694530402, 0.0, 59.263504647745684, 88.31545291069837, 21.464296820324932, 17.602267540827935, 58.65400001671377, 85.98428063585145, 63.814790763939655, 23.57535875654673, 22.914834094357893], [48.62127801457904, 59.127981202130286, 21.91632322564216, 48.505668761600845, 46.332992432771285, 44.45585893076032, 47.20267471538148, 28.09440357796679, 30.971928140910467, 48.50934198744263, 37.056886605603175, 57.89277641625905, 32.19788180967399, 48.04537325575158, 24.117585061611464, 26.264072187106215, 52.41373429279148, 14.68643089268634, 40.21106578414507, 50.232890386401614, 44.83178484900123, 43.331479962731095, 30.92396554149678, 52.128608491767174, 60.767205038357666, 28.124564487135515, 18.13672847827364, 78.97758824184812, 22.817154936523362, 72.58306260131198, 21.78299448731531, 70.78761980686343, 21.86474767129098, 75.67168720315858, 17.353733138659763, 43.14705783301811, 48.34634851040253, 54.56595793640732, 59.263504647745684, 0.0, 56.796344382012734, 47.5521123430409, 42.48155120048314, 50.871591228642224, 67.90926080753258, 12.324162810026424, 43.9400916027108, 75.29783182341038], [100.80969488660048, 6.501870760268107, 78.70856710634685, 61.69934636968217, 15.861806343131956, 76.8580170103584, 97.8335328091458, 55.88136044310937, 37.89538480300472, 92.03503018906704, 74.95199072629796, 39.98187532339305, 26.32821905521309, 40.7003440904699, 80.87465189263435, 78.33534024529985, 87.61949832091479, 60.74526896910657, 52.009192556495144, 100.83838867922195, 16.978888926029235, 96.50130132640895, 29.963437961859597, 55.335943611989556, 36.91886181917503, 28.73378334810848, 59.121609434366256, 34.36738854727156, 55.566073641081346, 94.97261160038694, 44.1897728072912, 92.24259143344614, 62.14931819517581, 46.089791645399146, 66.07637878909986, 96.37052490135673, 104.90440837565403, 111.16342109239181, 88.31545291069837, 56.796344382012734, 0.0, 67.14692417071161, 79.31532635779955, 106.47477228633129, 19.022952413174682, 44.594643415595485, 87.1709510858257, 90.27568920836107], [52.61436355586558, 64.54460044225807, 56.26381629910677, 7.035342730407994, 51.29481181323727, 15.071083477812278, 47.80888746638254, 73.74319412631486, 67.90738538538984, 34.50377228108239, 20.63880402117016, 36.3362740714319, 45.82233576351282, 84.52079437220164, 55.71149697489451, 70.20046981824801, 23.866247195884423, 62.232571179525884, 15.176159275976735, 49.82430725252085, 50.26870560535508, 51.73016065708499, 61.20010330887565, 16.795993526436856, 41.690836893256225, 49.438346137123574, 65.39712634617231, 66.35972815043411, 24.857640687221505, 28.88316635998302, 62.55443152445812, 26.38676318900455, 26.8786983659953, 51.50101155