instance_id,num_cities,city_coordinates,distance_matrix,best_route,total_distance
819,24,"[[93.58559042941691, 16.715556449583868], [21.460017970530355, 85.34191071210572], [19.1254405372256, 1.9146182248289234], [97.91704005783403, 10.867810414814628], [41.93126272859736, 74.27180558107088], [47.822358197136175, 97.72051330326448], [92.96341579749993, 10.03269539731444], [63.014619518259565, 39.67260462060763], [67.1098472102118, 61.89809196695787], [48.92189063836868, 78.62537600539736], [11.636138402671792, 2.057535680840472], [43.03409652422792, 60.564075381939105], [11.97299404968124, 7.335719266553575], [83.69757284074548, 15.571764637692354], [97.12563996442236, 33.93923785117367], [79.46998622892758, 74.36066118916483], [74.5540102398569, 51.41990794771084], [77.18700603577543, 3.390195064269741], [56.686498675285705, 71.92663363901566], [3.4297979524248845, 55.696708085397375], [42.853903938926344, 60.30351184049053], [61.58764985644976, 3.3465672399010105], [55.04881272198858, 20.44416704234443], [39.00229190435037, 73.10832319334733]]","[[0.0, 99.55739400912042, 75.91693944239724, 7.277196546107173, 77.33622297674908, 93.03803770078298, 6.711760805968928, 38.23101258373278, 52.368182084048414, 76.33918938827074, 83.25004660863988, 66.91895208838432, 82.14984621666555, 9.95395155417313, 17.58371837052001, 59.34819611733899, 39.58021042664125, 21.13004557885768, 66.40637030208163, 98.22218232155471, 66.88507957182298, 34.678495835312035, 38.71673763405423, 78.48235864761612], [99.55739400912042, 0.0, 83.45995077610414, 106.733630321232, 23.272711263556072, 29.123921170288213, 103.84706934782257, 61.74520571404295, 51.317828743697056, 28.271297969689748, 83.86176562720479, 32.853949368226125, 78.58097433039943, 93.49538234302277, 91.47415552477406, 59.040191890146694, 63.00535125402381, 99.10388941130277, 37.69449033731954, 34.69764938262946, 32.93356608208153, 91.28780417940109, 73.07478543438653, 21.38672575099569], [75.91693944239724, 83.45995077610414, 0.0, 79.29864945512479, 75.86611949962094, 100.01141242358239, 74.28290360180675, 57.8958165007891, 76.81484495806261, 82.29440319911767, 7.490665648783494, 63.33547707192648, 8.97473271255327, 66.00059028800928, 84.31848772893481, 94.28623089257684, 74.31756218974041, 58.08031262959494, 79.45133976722515, 56.025586885994066, 63.02620782711666, 42.48634719826327, 40.42069826840814, 73.91639092525563], [7.277196546107173, 106.733630321232, 79.29864945512479, 0.0, 84.58412301491053, 100.2639972759608, 5.023525694671507, 45.25367530664659, 59.60849575724586, 83.61586190070551, 86.72955050797785, 74.03955863317691, 86.01659556231638, 14.9773306456386, 23.08499681739274, 66.11834763831047, 46.80068136889906, 22.037446355837414, 73.67589453968144, 104.58235504637376, 73.99890225333029, 37.09978020555675, 43.92483945531686, 85.7019776955182], [77.33622297674908, 23.272711263556072, 75.86611949962094, 84.58412301491053, 0.0, 24.17740473376538, 82.04233007447255, 40.5168192313108, 28.054766174428917, 8.23543890830622, 78.31152747295005, 13.752022018342398, 73.33442243137009, 72.04248376575062, 68.36033424535974, 37.53882866251069, 39.83030103613273, 79.16546055949605, 14.940442405773897, 42.748064715079515, 13.998731972079955, 73.59866159565509, 55.40293122646948, 3.1515966359661207], [93.03803770078298, 29.123921170288213, 100.01141242358239, 100.2639972759608, 24.17740473376538, 0.0, 98.62488778389768, 60.003037477109196, 40.684801865381964, 19.126767631090175, 102.27828601712919, 37.46369347581133, 97.23470523858998, 89.64066004355601, 80.61553628997264, 39.33516303298151, 53.46332646986921, 98.79519968984992, 27.274479180180833, 61.128549877038274, 37.74543066625617, 95.37255868454304, 77.61349970486688, 26.14485554398494], [6.711760805968928, 103.84706934782257, 74.28290360180675, 5.023525694671507, 82.04233007447255, 98.62488778389768, 0.0, 42.13614383567275, 57.95193154696393, 81.51448810699154, 81.71737404590651, 71.03771734960843, 81.0353138769724, 10.79523662311007, 24.266167437687535, 65.72792271507974, 45.296882626484, 17.117766082183017, 71.74171943130109, 100.50607334487474, 70.97970248294952, 32.08025869791141, 39.31813663169757, 83.00805812495263], [38.23101258373278, 61.74520571404295, 57.8958165007891, 45.25367530664659, 40.5168192313108, 60.003037477109196, 42.13614383567275, 0.0, 22.59962782064579, 41.423705843849895, 63.676068762826795, 28.908041263402737, 60.42285730479699, 31.759015192890015, 34.58949566546737, 38.39323328512442, 16.46683556985545, 38.95214734537371, 32.86894432931468, 61.70188694750465, 28.845949202378236, 36.35405388949381, 20.813142233134364, 41.164780503643605], [52.368182084048414, 51.317828743697056, 76.81484495806261, 59.60849575724586, 28.054766174428917, 40.684801865381964, 57.95193154696393, 22.59962782064579, 0.0, 24.710398531020974, 81.59794449307977, 24.112680716642814, 77.57013014778133, 49.20651629014309, 41.020060191708914, 17.552454762234273, 12.853322665876663, 59.36937872313654, 14.464364581575838, 63.98129285596413, 24.30830042926783, 58.81135699401135, 43.17286699515794, 30.260600612366833], [76.33918938827074, 28.271297969689748, 82.29440319911767, 83.61586190070551, 8.23543890830622, 19.126767631090175, 81.51448810699154, 41.423705843849895, 24.710398531020974, 0.0, 85.16373343007348, 18.996754979244322, 80.29592839654879, 72.00768000116574, 65.73014827480146, 30.84435015807137, 37.378376737129685, 80.36945439452063, 10.254866515860334, 50.94363855803919, 19.30054841350126, 76.33688823709397, 58.502925145852146, 11.35060838787449], [83.25004660863988, 83.86176562720479, 7.490665648783494, 86.72955050797785, 78.31152747295005, 102.27828601712919, 81.71737404590651, 63.676068762826795, 81.59794449307977, 85.16373343007348, 0.0, 66.39914880477929, 5.288921789118589, 73.31769716494789, 91.24087795804238, 99.14218511404786, 79.97063456252891, 65.56441282040826, 83.13378260479544, 54.26329182634553, 66.08435990358903, 49.96814083871008, 47.1458217064769, 76.13882559919634], [66.91895208838432, 32.853949368226125, 63.33547707192648, 74.03955863317691, 13.752022018342398, 37.46369347581133, 71.03771734960843, 28.908041263402737, 24.112680716642814, 18.996754979244322, 66.39914880477929, 0.0, 61.62832126287873, 60.64508498016015, 60.289112161999014, 38.96049073753026, 32.81951795358817, 66.59785145695867, 17.762201852238533, 39.902277250352064, 0.3168007685121511, 60.150457847266594, 41.88031101233861, 13.17625142621702], [82.14984621666555, 78.58097433039943, 8.97473271255327, 86.01659556231638, 73.33442243137009, 97.23470523858998, 81.0353138769724, 60.42285730479699, 77.57013014778133, 80.29592839654879, 5.288921789118589, 61.62832126287873, 0.0, 72.19589770971088, 89.21166015361167, 95.1219574702637, 76.54932579109304, 65.33325738514225, 78.5575185158918, 49.109789646184716, 61.31245913958505, 49.77476674697588, 45.02618746218847, 71.10990345814923], [9.95395155417313, 93.49538234302277, 66.00059028800928, 14.9773306456386, 72.04248376575062, 89.64066004355601, 10.79523662311007, 31.759015192890015, 49.20651629014309, 72.00768000116574, 73.31769716494789, 60.64508498016015, 72.19589770971088, 0.0, 22.752517639283912, 58.940706191054026, 36.995866198968656, 13.812245197436713, 62.49375478980503, 89.73810100622609, 60.573381094144565, 25.264681786764154, 29.060140425244594, 72.85687138775312], [17.58371837052001, 91.47415552477406, 84.31848772893481, 23.08499681739274, 68.36033424535974, 80.61553628997264, 24.266167437687535, 34.58949566546737, 41.020060191708914, 65.73014827480146, 91.24087795804238, 60.289112161999014, 89.21166015361167, 22.752517639283912, 0.0, 44.10910986969457, 28.549120747351505, 36.480037529266305, 55.483027917958054, 96.18886796989725, 60.33652520824257, 46.89200609959212, 44.18796586090983, 70.08952015996941], [59.34819611733899, 59.040191890146694, 94.28623089257684, 66.11834763831047, 37.53882866251069, 39.33516303298151, 65.72792271507974, 38.39323328512442, 17.552454762234273, 30.84435015807137, 99.14218511404786, 38.96049073753026, 95.1219574702637, 58.940706191054026, 44.10910986969457, 0.0, 23.461563869665664, 71.00717612007399, 22.913135866175967, 78.29721181872065, 39.221689536263945, 73.23100090517207, 59.18937452398139, 40.487067495722464], [39.58021042664125, 63.00535125402381, 74.31756218974041, 46.80068136889906, 39.83030103613273, 53.46332646986921, 45.296882626484, 16.46683556985545, 12.853322665876663, 37.378376737129685, 79.97063456252891, 32.81951795358817, 76.54932579109304, 36.995866198968656, 28.549120747351505, 23.461563869665664, 0.0, 48.101829346991714, 27.19878247437753, 71.25268130341068, 32.92134805280773, 49.79129028657076, 36.605317302919886, 41.645072127135855], [21.13004557885768, 99.10388941130277, 58.08031262959494, 22.037446355837414, 79.16546055949605, 98.79519968984992, 17.117766082183017, 38.95214734537371, 59.36937872313654, 80.36945439452063, 65.56441282040826, 66.59785145695867, 65.33325738514225, 13.812245197436713, 36.480037529266305, 71.00717612007399, 48.101829346991714, 0.0, 71.536803217277, 90.42177308967163, 66.4671913507944, 15.599417187719707, 27.945260124528332, 79.49018670956265], [66.40637030208163, 37.69449033731954, 79.45133976722515, 73.67589453968144, 14.940442405773897, 27.274479180180833, 71.74171943130109, 32.86894432931468, 14.464364581575838, 10.254866515860334, 83.13378260479544, 17.762201852238533, 78.5575185158918, 62.49375478980503, 55.483027917958054, 22.913135866175967, 27.19878247437753, 71.536803217277, 0.0, 55.674829639257595, 18.06758526986124, 68.75497647594392, 51.508507861895936, 17.723644075641207], [98.22218232155471, 34.69764938262946, 56.025586885994066, 104.58235504637376, 42.748064715079515, 61.128549877038274, 100.50607334487474, 61.70188694750465, 63.98129285596413, 50.94363855803919, 54.26329182634553, 39.902277250352064, 49.109789646184716, 89.73810100622609, 96.18886796989725, 78.29721181872065, 71.25268130341068, 90.42177308967163, 55.674829639257595, 0.0, 39.692351576504514, 78.2487890298233, 62.508114159463865, 39.6051343467885], [66.88507957182298, 32.93356608208153, 63.02620782711666, 73.99890225333029, 13.998731972079955, 37.74543066625617, 70.97970248294952, 28.845949202378236, 24.30830042926783, 19.30054841350126, 66.08435990358903, 0.3168007685121511, 61.31245913958505, 60.573381094144565, 60.33652520824257, 39.221689536263945, 32.92134805280773, 66.4671913507944, 18.06758526986124, 39.692351576504514, 0.0, 59.958708911524674, 41.683128097165465, 13.371541012431623], [34.678495835312035, 91.28780417940109, 42.48634719826327, 37.09978020555675, 73.59866159565509, 95.37255868454304, 32.08025869791141, 36.35405388949381, 58.81135699401135, 76.33688823709397, 49.96814083871008, 60.150457847266594, 49.77476674697588, 25.264681786764154, 46.89200609959212, 73.23100090517207, 49.79129028657076, 15.599417187719707, 68.75497647594392, 78.2487890298233, 59.958708911524674, 0.0, 18.305308248579745, 73.32667309739794], [38.71673763405423, 73.07478543438653, 40.42069826840814, 43.92483945531686, 55.40293122646948, 77.61349970486688, 39.31813663169757, 20.813142233134364, 43.17286699515794, 58.502925145852146, 47.1458217064769, 41.88031101233861, 45.02618746218847, 29.060140425244594, 44.18796586090983, 59.18937452398139, 36.605317302919886, 27.945260124528332, 51.508507861895936, 62.508114159463865, 41.683128097165465, 18.305308248579745, 0.0, 55.054556336856564], [78.48235864761612, 21.38672575099569, 73.91639092525563, 85.7019776955182, 3.1515966359661207, 26.14485554398494, 83.00805812495263, 41.164780503643605, 30.260600612366833, 11.35060838787449, 76.13882559919634, 13.17625142621702, 71.10990345814923, 72.85687138775312, 70.08952015996941, 40.487067495722464, 41.645072127135855, 79.49018670956265, 17.723644075641207, 39.6051343467885, 13.371541012431623, 73.32667309739794, 55.054556336856564, 0.0]]",Route_4,1185.5940072216397
