instance_id,num_cities,city_coordinates,distance_matrix,best_route,total_distance
2209,98,"[[0.16162578407068473, 22.78251504994655], [35.670504704417596, 56.62840294045903], [48.25804943869463, 31.02916806433885], [49.55015167657929, 88.64454805994474], [35.33124774341631, 0.8247823519018871], [41.15145049329174, 46.58887524831926], [46.27340074640086, 44.21981762718003], [47.802289577793154, 89.19527219496068], [51.25533302855397, 16.080713423705685], [90.52703560714735, 65.67377486693536], [91.13062951362079, 71.77999509692334], [32.71842258325456, 19.572422693129777], [13.10329738519469, 96.47512419586263], [50.566115416616206, 82.61582417960408], [59.208501559737556, 10.37102788116442], [45.762314139117386, 27.099688364341358], [9.469462237879977, 98.43190025820209], [54.05066173726587, 7.292945270443818], [45.62088007935132, 62.52846696152176], [33.167190145848515, 46.39445359005596], [84.36742669215491, 44.15282950781929], [83.79135401318634, 67.00116807554434], [13.908133090328667, 40.17939110549161], [6.087845537000469, 91.19982001394511], [91.04265599219299, 53.24507548805867], [85.33569244397515, 42.02533664063062], [4.874065687830409, 71.97331160628312], [4.336592184531218, 44.82580249461654], [41.057561133314245, 54.69864606598668], [78.49721669150918, 12.939009427938398], [38.18782094663822, 62.67241348875739], [19.848523168028198, 11.313998267430147], [78.82165575431202, 25.70611736588525], [88.25516344231744, 11.139803850625219], [9.632910261170991, 62.89172008317628], [64.42384451575431, 36.139708355222346], [25.666006500165718, 78.26522518812457], [29.447287557644707, 57.63464791916901], [65.11352216580852, 8.311011815621717], [46.92335666296498, 36.918173940640706], [41.837621475852394, 45.15444326524334], [90.45133732381203, 55.10980070268216], [85.55974200714117, 13.716010709794535], [15.966176011962318, 60.58735687019914], [54.13776399543288, 29.94178608635899], [12.340211018717728, 15.10760219272943], [49.534855436193126, 68.23787220789622], [83.36871306520712, 32.64032780225248], [98.2648993479976, 6.906168708287275], [96.07157271134325, 34.33548697046448], [40.926744452102646, 95.8442165259716], [16.66941181180753, 12.196721186688631], [34.75866023955289, 14.481151896444544], [28.545068164595655, 66.17600548678271], [65.71924548710413, 70.38705495530839], [10.174779227789454, 58.48512518644372], [15.896221768846742, 50.97300173277459], [13.659164173002003, 41.79943193046264], [35.04748321780154, 75.30167358117976], [81.1996983547926, 85.27078164334793], [18.74286034362975, 93.62331907582944], [2.1443771104448173, 10.220196123413515], [9.559513952890796, 37.78181213631012], [82.47133781013315, 36.215602088136635], [48.26070398999563, 17.466951205705662], [43.1345062845727, 69.08168931917864], [92.13346194979866, 76.43346358767143], [65.53267186800723, 66.48487320495666], [77.25231077341799, 35.763942901512294], [35.7773796855685, 58.54873801565389], [11.341945213786985, 51.868718614278585], [39.35333446295296, 78.76848877083223], [9.018781535807696, 0.6928857334672078], [1.2159328658514768, 51.73764052500409], [12.827052798277816, 22.572766931001343], [88.94994372867978, 0.6912690382339992], [54.2308388790608, 16.091770738836175], [7.467970793697088, 30.097510089355072], [63.871689117589014, 53.34597486974767], [96.57791467471452, 8.820295182628202], [39.88074649724825, 42.317805815736165], [28.529788139158395, 49.36141121132248], [54.23593886659391, 20.33823319650049], [45.713867090744245, 21.360777577830213], [36.10325004791724, 7.392286586598629], [33.88588238458564, 33.480677281009775], [40.114519345160915, 79.60678254473564], [69.75982361997792, 34.521365789479354], [14.869317005863902, 80.92543182464954], [1.0787080058405896, 54.49972365620379], [95.21734356259441, 39.95845634971074], [66.48107021018099, 5.767991143006645], [13.341511796144323, 95.08919281626447], [20.819098908278356, 98.95144361046006], [57.81645226495423, 38.085899389911795], [32.72620814046685, 40.614198305140114], [12.138081336247053, 73.37740987482661], [62.33134340084698, 7.978560863835282]]","[[0.0, 49.05532192613761, 48.79829151010161, 82.32274219221007, 41.46135952910934, 47.401566594231184, 50.851290366759045, 81.73302367041809, 51.53136001526108, 100.0278334324054, 103.32527614529171, 32.714671185305264, 74.8203682600139, 78.23450297996752, 60.337207033536764, 45.80459326181835, 76.21984847687571, 56.07098151378169, 60.38447229578345, 40.58190385456753, 86.87523954844835, 94.60032092479365, 22.172454974878203, 68.67348614346587, 95.85055680660011, 87.32071812666652, 49.41600505598809, 22.43517028714781, 51.87597658957899, 78.95162699873934, 55.11075680845182, 22.783783834063506, 78.7143428189617, 88.85957518025698, 41.212298626063344, 65.63571717680287, 61.063938294124156, 45.52275421204336, 66.54452080708886, 48.85157445839588, 47.301075981121194, 95.9024786311765, 85.87805165115851, 40.97547892289081, 54.44886277953735, 14.395215374680562, 67.11114140467281, 83.78899597244367, 99.37962898461133, 96.6032560516907, 83.66484998247788, 19.610355204659935, 35.57903066864166, 51.8518544862223, 81.01847765003208, 37.08017816092808, 32.284377804424786, 23.320091556448325, 63.04986171051765, 102.33255917754424, 73.23716128299142, 12.717828416603538, 17.70026031217179, 83.39866018821239, 48.39190576162387, 63.168678920198644, 106.47649001865675, 78.63376993643973, 78.17602689566786, 50.47479203726101, 31.160981697248456, 68.34046592353667, 23.799179215888763, 28.974313705401535, 12.66716368117223, 91.49529252252817, 54.481610329982956, 10.338850507975437, 70.66185142010868, 97.4219910855215, 44.263259431857435, 38.87403190513971, 54.129528439898934, 45.574422931080946, 39.09807523238923, 35.380448815405444, 69.46388327917717, 70.58122808998944, 59.97428575769494, 31.730464250847714, 96.59504356810083, 68.46723839010716, 73.49806150432397, 78.92044648843526, 59.65125806550507, 37.12709188396068, 51.99306559469187, 63.907987357561076], [49.05532192613761, 0.0, 28.526603525134103, 34.89524535497358, 55.804651831878914, 11.438220273356276, 16.32159287428858, 34.753146292870646, 43.43963626735188, 55.597281731847566, 57.4925750747714, 37.17338377038801, 45.793449760796804, 29.953718986966088, 51.90165742379817, 31.205602096164082, 49.335859314780954, 52.64805367781439, 11.568090834477674, 10.535668136656517, 50.26957473017809, 49.22611496700578, 27.27949428813888, 45.5007318829543, 55.475418366033544, 51.767561450803164, 34.40765725917498, 33.483062152200084, 5.72226690767654, 61.17916610347982, 6.547285282564798, 47.997191278332835, 53.08681175288547, 69.52955473564472, 26.780318631809482, 35.30638973490929, 23.837828367868447, 6.304043195685381, 56.58145952820834, 22.69625088921655, 13.026322577803308, 54.80187747906717, 65.80584628743756, 20.098106513752008, 32.45327695070448, 47.626457963968626, 18.08314126155224, 53.39051254357402, 79.93971990090527, 64.38371780832865, 39.566502138283795, 48.324071378371364, 42.15711364521159, 11.913377366036723, 33.048862732185015, 25.56324382934059, 20.56710549484023, 26.54048781023537, 18.683661102535225, 53.789342180519846, 40.68376781307752, 57.25140078129978, 32.202140037043314, 51.05879373845033, 41.13553719138706, 14.518803711703011, 59.83565799866741, 31.446765076571815, 46.52281471145918, 1.9233068040797963, 24.789784222014532, 22.444300737751796, 61.96044248607249, 34.799958011229556, 41.00743394796597, 77.25064123963972, 44.583680365399125, 38.72042347989107, 28.391568050128836, 77.4295018495805, 14.917081685779706, 10.18817951631724, 40.76336303196079, 36.669804018317585, 49.2380180566115, 23.216418329052566, 23.40417046949915, 40.630072061486366, 31.984918669111057, 34.6572311982781, 61.83617984109365, 59.46488404925525, 44.47264644889683, 44.853138415011266, 28.883687979136173, 16.28261749100439, 28.884324171881055, 55.47618817184051], [48.79829151010161, 28.526603525134103, 0.0, 57.62986673792687, 32.85433180472122, 17.10579539869494, 13.339117898928155, 58.16788965387305, 15.245983243500806, 54.65268494973842, 59.14970858863613, 19.30639835150603, 74.29017274116674, 51.638263504043884, 23.380999924788068, 4.655051599955503, 77.76684900542679, 24.432818702781326, 31.609500047358033, 21.5366207535744, 38.42027609629855, 50.562837329305026, 35.54776131970313, 73.47675450883169, 48.20859986140382, 38.673858537586526, 59.653943176277856, 46.03739272517534, 24.740477374262813, 35.23721151898694, 33.206994487189135, 34.58018367569246, 31.023682885085623, 44.66940717587992, 50.07118530288845, 16.954366769013543, 52.36072475374918, 32.58368181853202, 28.288188068443084, 6.038360292057994, 15.515969023149463, 48.58137926015728, 41.123736285193154, 43.777295655293564, 5.979418268925086, 39.28851456300641, 37.23060431416648, 35.147610672635786, 55.52120437980087, 47.927703392225204, 65.22835686946462, 36.77639300587137, 21.3558036103256, 40.29766508760374, 43.0573643870981, 46.9485362013309, 38.0137395099083, 36.23646568547343, 46.20144807920321, 63.46105007771304, 69.2038591999516, 50.59134401096111, 39.28326425729851, 34.60416447583177, 13.56221711842267, 38.39589910787588, 63.139542879163, 39.440076154766004, 29.378313142605126, 30.217442773866868, 42.39204663928999, 48.56270884450976, 49.5984896061653, 51.398458763926904, 36.42617524612128, 50.75646144310555, 16.087263675307998, 40.8007169354588, 27.236475726721448, 53.17935136030813, 14.057472989660647, 26.9309382068822, 12.248724438101794, 9.997531616315753, 26.57896375374294, 14.57974908119609, 49.255473919051326, 21.783519869258445, 60.03702683102867, 52.69494508801238, 47.800705997905595, 31.148122663956336, 72.95787395587234, 73.25524910594358, 11.881099342669012, 18.251325947185553, 55.65991088890975, 27.007185992936417], [82.32274219221007, 34.89524535497358, 57.62986673792687, 0.0, 88.96341089501941, 42.88610261150633, 44.54541245383453, 1.832571687345991, 72.58386694409832, 46.97617947155692, 44.87036086103223, 71.09335838853076, 37.27856100170481, 6.113729953674728, 78.86715212078748, 61.66131257248511, 41.258380105551836, 81.47599565041887, 26.41001452525516, 45.31525031633314, 56.495625133560296, 40.50797248203874, 60.159994410924035, 43.537357174378094, 54.54127402938931, 58.77036499268708, 47.68524702848859, 62.96307191409851, 34.99211848858198, 81.05097872660627, 28.348797748765787, 82.83840092174978, 69.41229724770427, 86.63176848441903, 47.503624188234475, 54.57091653154379, 26.041941826321032, 36.95590686920333, 81.82722985964374, 51.79302879320493, 44.16868050045455, 52.89126834993492, 83.13228196800416, 43.761734413749224, 58.88174972022794, 82.41518119399686, 20.406681584852304, 65.42299122685003, 95.15402934046156, 71.51025612815742, 11.233805151410523, 83.21906805353044, 75.62405403994089, 30.757908555482135, 24.38802265702156, 49.598495375803225, 50.51467510451494, 59.01379405839456, 19.70684378030396, 31.828856479147344, 31.20700818889631, 91.63889151926747, 64.7013833792191, 61.90798714346051, 71.1892756620056, 20.588004952086642, 44.29953609028276, 27.322008369594517, 59.697303293771945, 33.097538134103104, 53.03139327341956, 14.19547915253908, 96.84155549906744, 60.81378570551231, 75.59144298646842, 96.37490806439021, 72.7036060295075, 72.10177253708319, 38.09325010993342, 92.64729807193815, 47.32509316930515, 44.553569148979726, 68.46684783027541, 67.39304748795222, 82.35744749531713, 57.34476411815755, 13.065694126283939, 57.77326110876737, 35.52949547786307, 59.29038611012665, 66.7519882907726, 84.58829522338145, 36.77769769882537, 30.523851150602297, 51.22995882056897, 50.89164542118048, 40.4072829513871, 81.67227407275607], [41.46135952910934, 55.804651831878914, 32.85433180472122, 88.96341089501941, 0.0, 46.132710289788704, 44.753321651955154, 89.24612237815677, 22.05266253847744, 85.15848065878622, 90.26745383375052, 18.92883709269034, 98.19913274563127, 83.19781076615442, 25.71486055793405, 28.26973349916925, 100.97515246588519, 19.80539299821974, 62.55574496408911, 45.6210267534504, 65.43597264684094, 82.02253304502192, 44.807756823874364, 94.9885467044419, 76.49606618344808, 64.79143588090736, 77.39349555246, 53.82154259043034, 54.17733711177679, 44.83364108431852, 61.91356465029214, 18.701294361618352, 50.10485426615126, 53.91976002750307, 67.17670212722017, 45.75503453804675, 78.04126520604663, 57.113762030168424, 30.708752845958166, 37.90923245834347, 44.80459503039802, 77.36334721749957, 51.856392128419195, 62.82174238445946, 34.66244307618481, 27.066339100106905, 68.89315753703465, 57.61793997398361, 63.22679625208324, 69.37113521661529, 95.18404516607438, 21.853720809061677, 13.668368065965034, 65.70262246288945, 75.91007954561117, 62.90916502366427, 53.78256354716025, 46.353005451306714, 74.47743181315856, 96.09912360588504, 94.26952325448309, 34.49118992362392, 45.055569168032406, 58.946570834110766, 21.074454275039376, 68.70150065755189, 94.56830450505049, 72.27291020835419, 54.57215833625078, 57.725679651093024, 56.4000892287916, 78.04741220501725, 26.312796784920067, 61.286000330824464, 31.29558472662789, 53.61886221251842, 24.295585597003377, 40.413547129246346, 59.77484803267348, 61.76635358850064, 41.74169300688965, 49.01085791725638, 27.169138932386424, 23.0114294304126, 6.612722543016181, 32.68786555652483, 78.92707546589898, 48.17454278198995, 82.67287738711155, 63.67288121715915, 71.53872317165411, 31.539606098735803, 96.79528690605022, 99.1939721634587, 43.51982611747962, 39.8746016059439, 76.16959188856731, 27.93173307383927], [47.401566594231184, 11.438220273356276, 17.10579539869494, 42.88610261150633, 46.132710289788704, 0.0, 5.643297653642103, 43.1223691522475, 32.13777186121008, 52.935638267506064, 55.96883824748227, 28.302025870920804, 57.23055763166673, 37.236768991359604, 40.46961281167337, 20.027193237171627, 60.75728451791921, 41.35891395506849, 16.554346402330065, 7.986627140223591, 43.28458059945269, 47.2739153302358, 27.987136868492815, 56.74145561591256, 50.333263233820844, 44.419287718066755, 44.27661072773111, 36.85705112768739, 8.110314292739032, 50.26947107998608, 16.3543053176047, 41.2083930606657, 43.07126584143725, 58.952493047733114, 35.48522408092189, 25.510574519139006, 35.25890130411393, 16.093368942526144, 45.15944760303291, 11.262209579556211, 1.5901024279521692, 50.03084060957718, 55.25143960248663, 28.81415517446263, 21.11326398125473, 42.67502868495648, 23.215523853500173, 44.46188519306422, 69.54612310130162, 56.27046604333026, 49.255853836706045, 42.215997903645786, 32.737954518705344, 23.293272556594324, 34.20423816172701, 33.18244905490433, 25.632930830393438, 27.906353656680977, 29.354440969021564, 55.67900896325264, 52.09974873892137, 53.331347209546095, 32.79656712266747, 42.60208778841991, 29.97712369831623, 22.58006189313002, 59.075078885235506, 31.468948034743754, 37.688874661869974, 13.111786852290583, 30.27347603064251, 32.22981147504374, 56.02633548500802, 40.2660570710119, 37.13549465800149, 66.2667806022708, 33.18348661620904, 37.503892191068694, 23.703747350132584, 67.07129469328186, 4.456088278244337, 12.922589378599518, 29.33087186095558, 25.637327420783258, 39.52033515106882, 14.98710558755171, 33.034185754165485, 31.0493767649995, 43.24060196355395, 40.84612849460891, 54.47093948292333, 48.040963917698285, 55.9077230311755, 56.17155050785464, 18.708898484362305, 10.328672387058793, 39.489253946846546, 44.03798633502898], [50.851290366759045, 16.32159287428858, 13.339117898928155, 44.54541245383453, 44.753321651955154, 5.643297653642103, 0.0, 45.001433473137915, 28.57671840218794, 49.17983814159546, 52.647263507597906, 28.128837694409256, 61.89404512212871, 38.63522639268046, 36.236133904172995, 17.12775628903125, 65.52465026943486, 37.7369804114044, 18.320273569704646, 13.285397919410016, 38.0940848448144, 43.89290085628755, 32.61649271344722, 61.822321791956504, 45.66991892611851, 39.12388502522095, 49.84136205341796, 41.94118655944852, 11.705162464459285, 44.909500950934195, 20.14633700524817, 42.2026907053149, 37.4452400369537, 53.448626834684056, 41.123782466165, 19.867732001193243, 39.79641282340137, 21.51919507796932, 40.55110984806984, 7.330514526188202, 4.533173592567653, 45.500349576926176, 49.7383036110851, 34.444509170193356, 16.30062557061556, 44.709981576788905, 24.23848247180153, 38.8606070543858, 63.99550236135522, 50.769655539320546, 51.90053270623445, 43.61049032602749, 31.89008448380886, 28.21999222992913, 32.60161325864306, 38.815067632355614, 31.118780474151148, 32.703924752030936, 33.04698161563476, 53.89831083889979, 56.55649043439062, 55.707674421592486, 37.27408480683521, 37.07233623694881, 26.826577044924182, 25.05923627072256, 56.043413526009246, 29.438957590529988, 32.11222016364189, 17.761881026756665, 35.759086564640015, 35.234897405264846, 57.29310999244335, 45.68033573573849, 39.84034381013604, 60.959181943153865, 29.231966122516987, 41.29528985256196, 19.823887096418957, 61.511546158962965, 6.669608480269351, 18.473542511938216, 25.1740359941588, 22.86588703482966, 38.20600748278801, 16.394503546586915, 35.91892406783436, 25.410077281359918, 48.30650669626332, 46.34907463886642, 49.12910276335137, 43.43838009325819, 60.59870165242708, 60.36118259974617, 13.07161012658613, 14.01880587631274, 44.893041965467695, 39.63945274698128], [81.73302367041809, 34.753146292870646, 58.16788965387305, 1.832571687345991, 89.24612237815677, 43.1223691522475, 45.001433473137915, 0.0, 73.19605326373917, 48.77155687309069, 46.697290263954926, 71.23808122250013, 35.45442573695202, 7.136376493300077, 79.64523314937368, 62.12908361674001, 39.4299499093044, 82.14032694294387, 26.755878770058324, 45.23379498376036, 58.015781434162314, 42.28227780759187, 59.59337583132628, 41.762579584970794, 56.23296124975552, 60.28066979484194, 46.253954780804754, 62.11212998579564, 35.14980193503193, 82.20216640520789, 28.21170042745892, 82.74603244305283, 70.66168593306612, 87.9152497713148, 46.354917442635376, 55.598281834137744, 24.68766809693661, 36.509986357671295, 82.71603442398015, 52.284486465495604, 44.44290582739767, 54.59634273917191, 84.39635139211033, 42.80129608090396, 59.5912229453199, 82.13733537246964, 21.028894375870138, 66.80892316860367, 96.52964071962757, 73.07201741504524, 9.564600435579564, 83.05439744748784, 75.84415625672517, 30.01211782495768, 25.976265027716114, 48.56894753259905, 49.78894578431632, 58.41334339673692, 18.860465734486457, 33.627199394354825, 29.39486394924328, 91.22339399179744, 64.07693627740859, 63.31499308982212, 71.72978583343826, 20.648109283259345, 46.131514204560276, 28.81195374219375, 61.00992295100583, 32.92124716834922, 52.178810961475996, 13.420233049625628, 96.62728861673753, 59.77761121033868, 75.24510213581647, 97.60168039991353, 73.38561283565346, 71.55000180061381, 39.28610085362399, 94.01701193575767, 47.542062417529316, 44.251167132246266, 69.15694949032059, 67.86663516372323, 82.63531920652021, 57.42632214927926, 12.289871639777981, 58.91832773296468, 33.95542581346717, 58.196856988295686, 68.35533175225378, 85.49273694083372, 34.961171399231056, 28.69277712937522, 52.081200474359264, 50.8665801071106, 39.014619283995096, 82.50604586596396], [51.53136001526108, 43.43963626735188, 15.245983243500806, 72.58386694409832, 22.05266253847744, 32.13777186121008, 28.57671840218794, 73.19605326373917, 0.0, 63.25929470625998, 68.50145435452026, 18.862902281442075, 88.98785932437336, 66.53868036124754, 9.790474895535642, 12.312232342758321, 92.34596347856812, 9.22164473969977, 46.788255671124176, 35.30019484107936, 43.41030348001533, 60.42752157305804, 44.44726773645803, 87.65262175893767, 54.44465884054409, 42.832165153684294, 72.63060299715767, 55.02407098791552, 39.94169842647021, 27.422445724315075, 48.389527657983535, 31.766480431364847, 29.198468276106034, 37.3282739763924, 62.63941587770245, 23.995269793255886, 67.2437888251073, 46.92888576681214, 15.887657764522201, 21.282992741314544, 30.56100551010398, 55.31361863541248, 34.38581530653814, 56.799347829134085, 14.157603739269485, 38.92728691430078, 52.18552726173301, 36.13156522688557, 47.896467471801934, 48.39144652258973, 80.42944839501752, 34.80332372214183, 16.574040249343632, 55.002676453752024, 56.19949727671662, 59.040206956965726, 49.676337752692085, 45.55133800718677, 61.398831564298014, 75.39184674107665, 84.08279593001602, 49.459393993633654, 47.0050956144612, 37.14636854461825, 3.299917918194488, 53.6195045937415, 72.89359283541982, 52.38722866873603, 32.60785755830871, 45.200665398088475, 53.608393394807706, 63.80763863227799, 44.95232500131531, 61.44394208504512, 38.97280436661215, 40.71509148126239, 2.9755263955505846, 45.976120761246605, 39.34300638750418, 45.90043660041002, 28.596612315903872, 40.29956867946126, 5.19716131917189, 7.654209443931894, 17.46637854725081, 24.58569823919468, 64.49557494509179, 26.124200116432498, 74.35576417804583, 63.19583883385663, 50.02804191086702, 18.38954359310763, 87.63445473309858, 88.2831935824145, 22.962501933403857, 30.744436074611958, 69.3762985764676, 13.723078440005978], [100.0278334324054, 55.597281731847566, 54.65268494973842, 46.97617947155692, 85.15848065878622, 52.935638267506064, 49.17983814159546, 48.77155687309069, 63.25929470625998, 0.0, 6.135980044055421, 73.94031655328124, 83.32561647383152, 43.40401107486379, 63.55505014592439, 59.091796703264215, 87.4266834534178, 68.83928467866264, 45.01617227293391, 60.513172948055036, 22.385081441346465, 6.865229731442823, 80.74911656642153, 88.21312714414772, 12.439390364160316, 24.211540107584362, 85.88431416230677, 88.67598597943055, 50.67230364720593, 54.0894816858978, 52.42519967917407, 89.16522546685358, 41.646483208314365, 54.58127332649068, 80.94195046025499, 39.41621074979265, 66.07191323102195, 61.60651900467211, 62.7402044172177, 52.23184279823613, 52.8365594813756, 10.56424537641516, 52.19466698732477, 74.73415170864267, 50.99955010239174, 93.11346496688584, 41.072295167690534, 33.80015098471686, 59.27483503890953, 31.824993008355843, 58.05552887164595, 91.18521734916212, 75.70202333980077, 61.98400215898495, 25.251563512613785, 80.6731788730486, 76.06491375732405, 80.49008578368273, 56.30876634214175, 21.7034995983119, 77.03340080606812, 104.33884089067082, 85.6370314046388, 30.539780786089114, 64.11193832568108, 47.514899942069825, 10.878947879344718, 25.00752085350293, 32.72333063138706, 55.211330120396426, 80.3794632897214, 52.822525697094726, 104.24064195089235, 90.39186309210949, 88.85372369007429, 65.00164061445169, 61.44744933911257, 90.35750584876406, 29.36804639823819, 57.17456855722, 55.77228604714047, 64.10734670566255, 58.071981550347886, 63.022708615417216, 79.7413337659215, 65.15071581002499, 52.30249036914675, 37.439947716966664, 77.1796827144734, 90.1435673308459, 26.139559964912294, 64.55161791504707, 82.60067735262605, 77.2437678768798, 42.791040369711986, 62.999349467192474, 78.7665801213948, 64.21631239689758], [103.32527614529171, 57.4925750747714, 59.14970858863613, 44.87036086103223, 90.26745383375052, 55.96883824748227, 52.647263507597906, 46.697290263954926, 68.50145435452026, 6.135980044055421, 0.0, 78.34294183124139, 81.84200608668506, 41.98684312776031, 69.2104291823873, 63.675849814808224, 85.90035092805104, 74.38752318513079, 46.44058641328851, 63.278637951036046, 28.442946241415623, 8.757976511246163, 83.4380736023349, 87.23190188401195, 18.535128384976154, 30.313709695314188, 86.25678045409208, 90.88307551313196, 52.90637638069287, 60.18193012883174, 53.72047116053214, 93.47339438390291, 47.68975827347, 60.70832809026145, 81.98097142673492, 44.53630433649534, 65.78506726932498, 63.28448089095052, 68.5944729078789, 56.29946311666716, 56.02428626723395, 16.684028860587766, 58.330618636515325, 75.99322483404232, 55.847182851585316, 97.05508829571633, 41.74631786950046, 39.90189096884611, 65.26493052453662, 37.7690893260026, 55.6733044488684, 95.36581919901325, 80.380074346504, 62.83595458750629, 25.449532812631908, 82.04025390891056, 78.05861311580323, 83.07022396623738, 56.19360744590739, 16.751857070861583, 75.61163883857668, 108.20426038941666, 88.37263908272344, 36.60340671152792, 69.19347694060839, 48.07191174779904, 4.760298508437856, 26.139888130545064, 38.597457776351504, 56.912638582984485, 82.23559492985302, 52.24679250053706, 108.60816127705809, 92.1213799834051, 92.4813572034316, 71.12216506223655, 66.80398851139815, 93.47122562849263, 32.90688276410172, 63.19491062517905, 59.11489749997348, 66.494046682589, 63.30460540402735, 67.85852786653744, 84.69822606213825, 68.87524097258414, 51.61300319177007, 42.95249471699269, 76.80772616310549, 91.69490906428967, 32.08288577978034, 70.4640719790285, 81.20631461643084, 75.37903521795553, 47.382765762129445, 66.19957194423273, 79.00869826498456, 70.0001563627144], [32.714671185305264, 37.17338377038801, 19.30639835150603, 71.09335838853076, 18.92883709269034, 28.302025870920804, 28.128837694409256, 71.23808122250013, 18.862902281442075, 73.94031655328124, 78.34294183124139, 0.0, 79.36484508240405, 65.52106997339725, 28.042645215206957, 15.059974615055296, 82.21515285503605, 24.614020254687926, 44.85192469255511, 26.82578486756537, 57.19979042458844, 69.69885374521179, 27.901149402054326, 76.41774454124133, 67.34659418996749, 57.20760816823033, 59.33937453165807, 37.9902814964569, 36.10253176990403, 46.25689312473099, 43.44563873440658, 15.291693331774479, 46.5094648341978, 56.173291213793654, 49.0866825680893, 35.773016844085355, 59.114986571304215, 38.202530197795916, 34.296674064924204, 22.419974097876327, 27.15878430627555, 67.79376579180636, 53.16486245421659, 44.30420511345063, 23.797308329143007, 20.861594585980665, 51.48901232662821, 52.30891004262285, 66.75907883036986, 65.05051650839415, 76.71220947399532, 17.66272117919945, 5.484852597778503, 46.79007177071439, 60.59027285193297, 44.9712605012531, 35.622784903278465, 29.27960503123741, 55.77789820334409, 81.64991407948713, 75.35815546438852, 31.972431849716163, 29.46042961063102, 52.4628248757856, 15.68424437168349, 50.593105078874736, 82.23943624891116, 57.24991676104426, 47.38599501954599, 39.09616828635033, 38.72989174983287, 59.56673815752444, 30.300328407281217, 45.02230665533489, 20.116377841659638, 59.31679301570668, 21.79217733295592, 27.356220138662184, 45.94756622919232, 64.75834290793212, 23.846411412267326, 30.082029443561247, 21.53113960594857, 13.117918704614532, 12.641707659139986, 13.957166906969661, 60.488235303268574, 39.944164660952275, 63.89665327233645, 47.127358202061075, 65.73967973628271, 36.47572761717079, 77.9631146214798, 80.26595084913532, 31.187496105102255, 21.041777052356913, 57.606658395239684, 31.801614919147905], [74.8203682600139, 45.793449760796804, 74.29017274116674, 37.27856100170481, 98.19913274563127, 57.23055763166673, 61.89404512212871, 35.45442573695202, 88.98785932437336, 83.32561647383152, 81.84200608668506, 79.36484508240405, 0.0, 39.944247793594336, 97.67090280194563, 76.67830509437809, 4.127194014824655, 98.13331587828205, 47.00817717862651, 53.95028601442559, 88.4092678812668, 76.58665314024762, 56.30148599011001, 8.777550845542747, 89.12564575558139, 90.45605707047832, 25.846838771961693, 52.388047799800205, 50.266439963811195, 106.08792180432502, 42.093426724999034, 85.42783761900881, 96.57719686568419, 113.7098055151446, 33.76223657559712, 79.20960145363047, 22.122885936952162, 42.13915770583867, 102.36197630724863, 68.48961040373112, 58.81729058813728, 87.71436182314393, 109.99548732676762, 36.00177659022626, 78.1697673655249, 81.37110013839722, 46.093392388228295, 94.93213297560843, 123.5924602716773, 103.65842573133976, 27.830599188176965, 84.3538166645733, 84.80546110830161, 34.00712983111745, 58.72840327612168, 38.10270650930065, 45.587756857062615, 54.67851783458023, 30.49364364565832, 69.01200704983407, 6.319609387042869, 86.94832114751667, 58.800197971903835, 91.88653349129791, 86.47736489057625, 40.648170712852604, 81.53180404628802, 60.400781974710654, 88.32294975168077, 44.187382552652444, 44.64116687969184, 31.663691898744617, 95.86928848484834, 46.289868010354866, 73.90287355965935, 122.17716918643714, 90.29373279650657, 66.61639858372165, 66.61496168795841, 121.04288818832426, 60.41561813864857, 49.574979255384015, 86.5373928789519, 81.88781548175787, 92.00407479566314, 66.33412531544472, 31.8456757163309, 83.95373812802613, 15.649656805820102, 43.66377217106726, 99.68375155488677, 105.24718817348217, 1.4062545624953346, 8.10344068817267, 73.54296562378505, 59.20727715305078, 23.117872931507748, 101.26718242401488], [78.23450297996752, 29.953718986966088, 51.638263504043884, 6.113729953674728, 83.19781076615442, 37.236768991359604, 38.63522639268046, 7.136376493300077, 66.53868036124754, 43.40401107486379, 41.98684312776031, 65.52106997339725, 39.944247793594336, 0.0, 72.75988888425995, 55.72358425812535, 44.035022028123606, 75.40343593116147, 20.68712818512461, 40.18345788957366, 51.20479082144174, 36.71149636077319, 56.077254928250866, 45.299022903015434, 50.00991117436853, 53.44633911984062, 46.91509866014489, 59.70975261393832, 29.492057208440688, 75.0666699165899, 23.472575571702084, 77.63711001808653, 63.538101084298944, 80.80399633156898, 45.43751276978623, 48.49810303410273, 25.277324534763554, 32.71183360027064, 75.71546858847981, 45.84261040451265, 38.46481075586856, 48.450100661394224, 77.277022446078, 41.017181507354245, 52.794989938621995, 77.57950633296412, 14.414888138586443, 59.77926605988087, 89.4825453377255, 66.34559220197266, 16.36789041571766, 78.1526492295628, 69.94432933632585, 27.480796217150633, 19.47203501625361, 47.05051193151182, 46.939000180545186, 55.028183018652264, 17.15589532197367, 30.748417890428463, 33.6732016198458, 87.09645057200454, 60.75878536889159, 56.31095653704772, 65.18965080145118, 15.440259735887073, 42.024586616626664, 22.004667490311068, 53.91893732185192, 28.247678505423586, 49.8389408870793, 11.854469471993376, 91.8561309671429, 58.21428298623122, 70.91830208817645, 90.47071908082394, 66.62491939391998, 67.93837932141227, 32.15217520065665, 86.96473866407605, 41.690615166936915, 39.89305330185001, 62.38562288550745, 61.44692871089177, 76.60127337505178, 51.889236212814744, 10.876129458646187, 51.78296401747618, 35.736799564196815, 56.91676906573351, 61.75259674798312, 78.47850169633699, 39.25883390839916, 33.93725759894403, 45.116311752957145, 45.63330875270878, 39.52293134559645, 75.55886225181222], [60.337207033536764, 51.90165742379817, 23.380999924788068, 78.86715212078748, 25.71486055793405, 40.46961281167337, 36.236133904172995, 79.64523314937368, 9.790474895535642, 63.55505014592439, 69.2104291823873, 28.042645215206957, 97.67090280194563, 72.75988888425995, 0.0, 21.462712729565425, 101.13698273364798, 6.006488507663635, 53.89825515650242, 44.45038919918672, 42.121035539991695, 61.73564135232707, 54.22787015527751, 96.72175419175473, 53.400349686379926, 41.04418797516899, 82.14056416697181, 64.7924218728135, 47.89983687136056, 19.458906974935857, 56.36757888992629, 39.371272422226866, 24.896601916015552, 29.056833671481474, 72.22300438212868, 26.291152419073757, 75.72794070076009, 55.85319720459373, 6.254033462367843, 29.251935816931237, 38.879730717561515, 54.56805457551428, 26.562695330871648, 66.26898532431852, 20.216996714948568, 47.107024894875565, 58.66984831800554, 32.85783831849558, 39.209787774007076, 43.96795781215089, 87.40645639798787, 42.57824929031584, 24.79289938678395, 63.67449782402577, 60.368147994220614, 68.69695979611086, 59.3672793829332, 55.33973904398728, 69.28018156976992, 78.06142357217527, 92.56571778035355, 57.064323788015884, 56.71307665668445, 34.77213778806838, 13.046317467232491, 60.87129939959514, 73.8125899028307, 56.46909568171319, 31.150909844983783, 53.573400359553936, 63.350339798625, 71.22106652244739, 51.114327066992665, 71.23436435696307, 47.95957907501097, 31.27700614742122, 7.583140814082547, 55.37342886494968, 43.227206558731524, 37.40157494625222, 37.33843510588548, 49.61283553048235, 11.138741469991464, 17.40344097720644, 23.296470701040242, 34.28251649563585, 71.82040017045848, 26.354681145950302, 83.32998981592962, 72.9822902451318, 46.60528538447172, 8.606869465040281, 96.33767809089225, 96.54137085576686, 27.749809080162766, 40.19902016266052, 78.64749603100701, 3.933959785456823], [45.80459326181835, 31.205602096164082, 4.655051599955503, 61.66131257248511, 28.26973349916925, 20.027193237171627, 17.12775628903125, 62.12908361674001, 12.312232342758321, 59.091796703264215, 63.675849814808224, 15.059974615055296, 76.67830509437809, 55.72358425812535, 21.462712729565425, 0.0, 80.03408994169796, 21.47099853046876, 35.42906090318073, 23.041812288126614, 42.203842693433444, 55.12110264578412, 34.43497457652414, 75.38494767761594, 52.286619953678716, 42.29452975181168, 60.708244285878564, 45.05891212200117, 27.99709211798292, 35.66649230096048, 36.37020373740259, 30.34324594253265, 33.088700611506, 45.391190286173654, 50.856694339465804, 20.73583076304566, 54.97066253180239, 34.62028086785433, 26.971904243947677, 9.886894292657363, 18.476400813814635, 52.74158877402772, 41.98759450684656, 44.82447756807349, 8.84452823824725, 35.508408972213815, 41.310800497984296, 38.01236542980638, 56.25210831351274, 50.826944424738485, 68.91438809394704, 32.68784784173754, 16.74239713222222, 42.70119575375833, 47.666290134738034, 47.45016633879341, 38.235043672748056, 35.30856409791565, 49.37852752479253, 68.11522805749291, 71.80142287200813, 46.770093959161436, 37.74586745066946, 37.823964650719454, 9.951461049229522, 42.06416263629129, 67.70601691922296, 44.06880789921265, 32.66020812415546, 32.996085222528876, 42.40597430172023, 52.06476693441814, 45.248275252836144, 50.90588149923622, 33.24491626178407, 50.62189211071398, 13.888490260677772, 38.41150436199942, 31.887568383850905, 54.003346867439994, 16.31514439685807, 28.152162553790856, 10.840645368649582, 5.739115274328443, 21.947191254173944, 13.482086291620268, 52.809966155105954, 25.118952149458668, 62.06116282289687, 52.415518609178314, 51.09939186896982, 29.73731930546084, 75.3238417778873, 76.05812723174365, 16.30947818463604, 18.77716801192344, 57.20329133698209, 25.301190635356697], [76.21984847687571, 49.335859314780954, 77.76684900542679, 41.258380105551836, 100.97515246588519, 60.75728451791921, 65.52465026943486, 39.4299499093044, 92.34596347856812, 87.4266834534178, 85.90035092805104, 82.21515285503605, 4.127194014824655, 44.035022028123606, 101.13698273364798, 80.03408994169796, 0.0, 101.45832871215981, 50.95077560192609, 57.179350850986964, 92.49823025830761, 80.6946994702769, 58.421371273901094, 7.983628008057444, 93.25253386416017, 94.53774539741978, 26.854693870972778, 53.851277351829424, 53.948174334899065, 109.88114154588088, 45.86376588265513, 87.73399428423099, 100.4926178524624, 117.588676365986, 35.540556018858446, 83.0680522440511, 25.865475627219137, 45.42608615016016, 105.9152299669076, 72.0189748127343, 62.339274587464594, 91.84153963393625, 113.87059592951302, 38.39813477382449, 81.76889947391922, 83.37373595243535, 50.168865464928494, 98.94256050389377, 127.5209362705745, 107.74170842719361, 31.563534520127813, 86.5352262570746, 87.67708757746779, 37.4742776978587, 62.85341250598839, 39.9530012726192, 47.89206914840595, 56.78723510787946, 34.48539608848568, 72.92764782016692, 10.44597364610843, 88.51531855270954, 60.650154975108165, 95.91736857865328, 89.77796729568131, 44.66284891082222, 85.54103146630534, 64.52670773852009, 92.3135279081651, 47.778375348056954, 46.60081627289458, 35.77283285520056, 97.74005357764828, 47.41808346112581, 75.93340189617012, 125.9776882201256, 93.72021003006556, 68.36369539272548, 70.65651390781048, 124.97248597255673, 63.82505625067702, 52.64227311546184, 90.01476692683867, 85.16815622256514, 94.85552124460072, 69.38892518992789, 35.96532471748835, 87.86059464664329, 18.320340295155294, 44.72628866306318, 103.78748862072342, 108.7976263348449, 5.115316297555827, 11.361521810256187, 77.32445451132332, 62.3198434618589, 25.196210355186828, 104.76729016100472], [56.07098151378169, 52.64805367781439, 24.432818702781326, 81.47599565041887, 19.80539299821974, 41.35891395506849, 37.7369804114044, 82.14032694294387, 9.22164473969977, 68.83928467866264, 74.38752318513079, 24.614020254687926, 98.13331587828205, 75.40343593116147, 6.006488507663635, 21.47099853046876, 101.45832871215981, 0.0, 55.87507561771755, 44.32885446950139, 47.72585571074351, 66.70517706741, 51.893553798441154, 96.64779028556244, 58.99157491111077, 46.744969318757384, 81.25199928831121, 62.291284164835396, 49.154055084203804, 25.09007950568079, 57.60655533957923, 34.4376995444514, 30.86498098507237, 34.42014319881297, 71.16291454731926, 30.655157175021476, 76.43790401131278, 56.03225005829334, 11.109605769415282, 30.470521022516355, 39.78255123590133, 60.09543116231515, 32.15708178755694, 65.5036057078157, 22.649008302970856, 42.43619400885829, 61.112000670573856, 38.756134158112786, 44.215929297112794, 49.97055153476589, 89.51851677657459, 37.70152336744924, 20.587657377318106, 64.1696975521564, 64.16402826859229, 67.4220464724817, 57.99748806505419, 53.124106553447, 70.613794121872, 82.56883888404398, 93.27150840760572, 51.98876014406164, 53.935454331410085, 40.54941313795902, 11.706152548378903, 62.74560814102789, 78.93485253804286, 60.29528082069947, 36.72756763120974, 54.41570661932835, 61.73357300759295, 72.9709856565209, 45.512976395420644, 69.04230233115493, 43.96429100910259, 35.518192698829026, 8.800670055493239, 51.865164341048505, 47.08857732061369, 42.55467119083385, 37.782632969744974, 49.20437801486213, 13.046603569066242, 16.352554870937325, 17.94768662095656, 33.051711516947194, 73.64446432764503, 31.435086305252746, 83.40815818081734, 70.95426560599803, 52.552176991800685, 12.52359931865866, 96.77507929242805, 97.49675423317282, 31.022366152537227, 39.56056401271716, 78.25484558747648, 8.309016641905949], [60.38447229578345, 11.568090834477674, 31.609500047358033, 26.41001452525516, 62.55574496408911, 16.554346402330065, 18.320273569704646, 26.755878770058324, 46.788255671124176, 45.01617227293391, 46.44058641328851, 44.85192469255511, 47.00817717862651, 20.68712818512461, 53.89825515650242, 35.42906090318073, 50.95077560192609, 55.87507561771755, 0.0, 20.38138318246498, 42.88308438356636, 38.43162936422234, 38.79664306622875, 48.83551275438205, 46.36074939348986, 44.69501844851082, 41.827120070843186, 44.919670036746915, 9.062558968603664, 59.49762858728891, 7.434452815985376, 57.33355199516871, 49.580005396957496, 66.77182650039542, 35.98980306232101, 32.40243898810978, 25.413432256266194, 16.89776789630804, 57.61506346441358, 25.643392011710358, 17.781162646457986, 45.44014200910319, 63.069553489888015, 29.71816585375101, 33.681286823690506, 57.933939522041, 6.922175334480709, 48.14768693854263, 76.58480807398665, 57.79374107828529, 33.64482245945348, 58.064379335260504, 49.259844750170565, 17.461039197063116, 21.580122736436003, 35.675967797513024, 31.891755805051464, 38.09519887068526, 16.581662417873115, 42.22635654379952, 41.10131108522578, 68.01736181651138, 43.73578685635832, 45.280493513356966, 45.1387734934266, 7.009049715635909, 48.54656737018901, 20.30104929795195, 41.435337043547364, 10.61756763505565, 35.89812822897812, 17.40748219647271, 71.8564730807365, 45.69727860843309, 51.69035763727902, 75.50660106064517, 47.228149938470764, 50.07405965770797, 20.430618971673674, 74.03503961357879, 21.009996608523164, 21.574910911449518, 43.06082979988642, 41.167794400191, 55.95161899133317, 31.328649128543898, 17.94404836414793, 36.974130298339375, 35.83443801202739, 45.25998024843722, 54.490499805580114, 60.47230066268855, 45.84930190254396, 44.06542382897156, 27.31613242073208, 25.426516378684784, 35.19655343932659, 57.05200995307233], [40.58190385456753, 10.535668136656517, 21.5366207535744, 45.31525031633314, 45.6210267534504, 7.986627140223591, 13.285397919410016, 45.23379498376036, 35.30019484107936, 60.513172948055036, 63.278637951036046, 26.82578486756537, 53.95028601442559, 40.18345788957366, 44.45038919918672, 23.041812288126614, 57.179350850986964, 44.32885446950139, 20.38138318246498, 0.0, 51.24