instance_id,num_cities,city_coordinates,distance_matrix,best_route,total_distance
2660,45,"[[49.26357195139729, 17.926773447361278], [69.57802729908094, 86.83558853191069], [64.40014818828573, 89.20150764759626], [60.564905028509074, 33.698397210576736], [37.85755941202349, 46.775312412939904], [17.860368781376568, 88.08151499862781], [33.402401062550936, 85.22503001548213], [13.51767154761957, 64.94638614911969], [51.062795402840436, 36.716089009058585], [52.3656795208554, 34.785277975847215], [35.128409222885004, 37.962574132231744], [31.286685115180234, 69.8350232176107], [72.05542178893789, 0.8910865754979014], [70.11305227417792, 10.602734276949322], [92.67185322442472, 1.3392781617998617], [75.26400208843575, 40.724845886515794], [13.00121040429113, 24.262782469333466], [88.39080479986157, 90.2671293966288], [61.32226719058378, 0.10893643313015788], [82.31256412126258, 53.29104073076893], [29.68718220072466, 21.21255376117166], [44.10344491804875, 90.37085665759868], [50.85724425637246, 20.85967730550641], [36.34463695587501, 67.33404651206504], [30.385015497326783, 4.115700079628826], [7.411517624909814, 48.12357222697029], [50.73705603331285, 56.833484338042354], [47.71859197571175, 82.64230855942616], [17.360778468129602, 73.048122207655], [97.86037003598886, 87.51008317725815], [96.95285821032333, 79.72818483289878], [66.44255980188191, 17.464239725483765], [62.71113519374338, 7.838341929736147], [57.90908366249947, 53.385759497341354], [16.224540370734065, 41.53118405389391], [22.41508310046504, 59.518592130859595], [95.15330296123682, 98.2898441367004], [89.56291406781256, 66.14483437610676], [32.16041060960833, 48.21597226892575], [7.286604227590853, 71.59735860056176], [35.985319591770256, 69.0195795610814], [48.08881662572209, 95.05602241063934], [88.37094615109356, 43.2876424409257], [37.05752852439503, 51.955713523582126], [12.27903642996797, 11.633949897949226]]","[[0.0, 71.84080938039088, 72.86428257719471, 19.402686552337112, 31.021529983172343, 76.86253268961805, 69.14211508967459, 59.06448488135791, 18.875263820812243, 17.141535704523974, 24.52011693376234, 54.93300332707791, 28.454930086246527, 22.098470071472036, 46.46960170828653, 34.57997215516453, 36.811735564892295, 82.24395083679204, 21.514819235524232, 48.403174316733754, 19.850223876341147, 72.62762630825887, 3.3379209782089623, 51.068361175083076, 23.391144507236405, 51.60853716085601, 38.93460296022935, 64.73397444901843, 63.68792131314981, 84.87335139513065, 78.06204246066225, 17.185213440948942, 16.81110964935717, 36.497733689086594, 40.60475105046024, 49.50475467043174, 92.5423716076865, 62.84121557341243, 34.78438864110633, 68.13660932253991, 52.79002578423444, 77.13819479164995, 46.610732593511194, 36.15185000595259, 37.51606983627019], [71.84080938039088, 0.0, 5.692802943012858, 53.89617309776573, 51.09808025456557, 51.732664104164854, 36.21145995869207, 60.182228838214286, 53.430123007464005, 54.82243833524042, 59.794211443140476, 41.89565737937947, 85.98020062778531, 76.2347317145024, 88.56039680789827, 46.45999243020835, 84.35811916165198, 19.123181482172576, 87.11871072985393, 35.88042802501922, 76.79623828797006, 25.718718245832186, 68.5805262438729, 38.532692286624595, 91.535086822761, 73.23452144626047, 35.427509851769585, 22.257998777612524, 54.00680793303724, 28.290384474491162, 28.28244251757333, 69.44217156489952, 79.29513968656039, 35.426759773307424, 69.99345421195491, 54.502858620964055, 28.023110046087304, 28.76635198795533, 53.77316058239938, 64.12819223798552, 38.024731251614135, 23.007861884985097, 47.42992101745127, 47.688452702420236, 94.54343344649388], [72.86428257719471, 5.692802943012858, 0.0, 55.635459540463934, 50.04489045881647, 46.553253922550994, 31.251763169934964, 56.36787514173119, 54.15352388336315, 55.73109085417136, 59.010702502601205, 38.360945711371535, 88.64160244395492, 78.80611935925359, 92.29875771572007, 49.67907061391151, 82.81840878150757, 24.014311448937256, 89.14572113702782, 40.12999225941258, 76.33798437359964, 20.330360074215164, 69.6707687729655, 35.57102145041511, 91.6330939206831, 70.25027253975647, 35.133588205634595, 17.924770859107706, 49.73564280112249, 33.50294558447614, 33.903138128060284, 71.76633649649607, 81.38069488845436, 36.399199637360276, 67.77424983073468, 51.41810152078999, 32.06796514636166, 34.128799701368024, 52.14609083544264, 59.76506477383281, 34.85272880935739, 17.330172545435726, 51.794615291457326, 46.20463212722971, 93.45232103146436], [19.402686552337112, 53.89617309776573, 55.635459540463934, 0.0, 26.2036115097962, 69.14622850475426, 58.24770819450534, 56.47901372110381, 9.969781899763364, 8.27094968690256, 25.791442838443647, 46.50881529845163, 34.761352196487586, 24.991533809846583, 45.58474205332444, 16.292158708186914, 48.49057508270062, 63.042066584326356, 33.59799804696947, 29.271698893708805, 33.30660675710647, 59.014806012920374, 16.095695277549492, 41.44850165498106, 42.26064009992939, 55.07602261175628, 25.136007484638544, 50.60172148429835, 58.437979167583926, 65.47250764023696, 58.6755867914244, 17.265419047499332, 25.948964585321956, 19.865689540976796, 45.02688627606073, 46.0661630577463, 73.26944989259148, 43.51615576978525, 31.89945593216538, 65.382785277722, 43.031871245386775, 62.613185129216305, 29.413084622300836, 29.764514930690634, 53.088274991068346], [31.021529983172343, 51.09808025456557, 50.04489045881647, 26.2036115097962, 0.0, 45.89215624884413, 38.70696603499325, 30.37462858995053, 16.60018774178054, 18.821436578937366, 9.225649936949356, 23.97762814416735, 57.22635731768848, 48.46516510634044, 71.19719105851732, 37.8926127218894, 33.5358329321932, 66.67193587987488, 52.23354437736531, 44.92996949932449, 26.83672285625545, 44.040692135142216, 28.993308694835708, 20.614327108029723, 43.30913803096822, 30.47588005339307, 16.34161117187418, 37.197867893122314, 33.322343308525724, 72.52350537582286, 67.6619992372855, 40.94192508148027, 46.19294209668371, 21.113067882785245, 22.259568618617507, 20.021519737577048, 77.04900523417254, 55.21432858563555, 5.87647898809395, 39.379147753970265, 22.322918780984462, 49.35286802258623, 50.6336457475121, 5.241813148930697, 43.46465457533896], [76.86253268961805, 51.732664104164854, 46.553253922550994, 69.14622850475426, 45.89215624884413, 0.0, 15.802350264691732, 23.539184483482504, 61.16214614157687, 63.49098636827437, 53.0103146025269, 22.653927531668504, 102.66096911242033, 93.45215029263271, 114.54681949329186, 74.41660585007475, 64.00345335823069, 70.56429206939127, 98.12293917731422, 73.24249165555044, 67.90678532100077, 26.342743409650264, 74.88370486262511, 27.787148442179006, 84.89478694461137, 41.30152153411608, 45.35764527427011, 30.349603934993755, 15.041691703022087, 80.00204206809, 79.53238339774393, 85.71481115510826, 91.92691701531598, 52.98768737579066, 46.579064456613075, 28.9237961768262, 77.96414341172121, 74.98315115602901, 42.35271766277671, 19.58397071573579, 26.303445107140973, 31.022617760571418, 83.5358159098629, 40.909711248227865, 76.6510370486882], [69.14211508967459, 36.21145995869207, 31.251763169934964, 58.24770819450534, 38.70696603499325, 15.802350264691732, 0.0, 28.401159570354547, 51.62370468902062, 53.88668217386416, 47.293961985497994, 15.534753400311436, 92.76998451769279, 83.16344710069913, 102.71167082482012, 61.095499244725616, 64.28533430069861, 55.219084669585364, 89.57828035482137, 58.41218812941302, 64.12019937118046, 11.873999807478691, 66.6901055659719, 18.131300084977553, 81.16543610609341, 45.29949438903015, 33.26514886348038, 14.547294331993157, 20.139780019210004, 64.49845914541548, 63.78774106873628, 75.3868475945594, 82.75083920573535, 40.178559446326204, 46.94923932144659, 27.956074558419896, 63.11785209687598, 59.31321173778232, 37.029891919544475, 29.457567321792695, 16.409999773266954, 17.6731212174815, 69.13960822661424, 33.469499198532034, 76.56267763255282], [59.06448488135791, 60.182228838214286, 56.36787514173119, 56.47901372110381, 30.37462858995053, 23.539184483482504, 28.401159570354547, 0.0, 46.97431214951441, 49.181908967916634, 34.57094291210298, 18.429232635993806, 86.77412982439752, 78.46189915103851, 101.54431871569794, 66.32716146458154, 40.686881675627134, 79.0387634114696, 80.5554110551289, 69.77524146171156, 46.62725780161225, 39.773021425380456, 57.77440252165117, 22.951498246486455, 63.12590323791553, 17.8967087473392, 38.09332956424323, 38.50777360586145, 8.967028379828145, 87.3087121189953, 84.73447908477394, 71.10272867985981, 75.37456852324642, 45.872056397494475, 23.57114396854372, 10.422326047738485, 88.18255216804246, 76.0546855105439, 25.049121109052656, 9.113815583857905, 22.83388081792222, 45.844893584915546, 77.92376978740387, 26.88647321146705, 53.32682323174515], [18.875263820812243, 53.430123007464005, 54.15352388336315, 9.969781899763364, 16.60018774178054, 61.16214614157687, 51.62370468902062, 46.97431214951441, 0.0, 2.329278487202935, 15.983065666330933, 38.57406306341222, 41.52253799987308, 32.32366907126904, 54.61531322369823, 24.530970970213623, 40.047085991045016, 65.27705731828966, 38.01763250231141, 35.373394939302955, 26.405992595411718, 54.104220265973666, 15.857743956388019, 33.97180462863121, 38.6051284180088, 45.117233126744345, 20.120032329980937, 46.04781578696848, 49.556458527738315, 69.06549670496976, 62.89624990119789, 24.640837116614037, 31.138530733829565, 18.020809557904734, 35.16943493963022, 36.61482717123509, 75.73176465180119, 48.45936639180803, 22.125719555801698, 55.97372492631809, 35.648923948389154, 58.41568607033241, 37.88249499125242, 20.697672711687822, 46.18759208331721], [17.141535704523974, 54.82243833524042, 55.73109085417136, 8.27094968690256, 18.821436578937366, 63.49098636827437, 53.88668217386416, 49.181908967916634, 2.329278487202935, 0.0, 17.527655239382945, 40.89998345558354, 39.198241813466936, 29.996077400128183, 52.375782019780466, 23.656112177921443, 40.746586857227, 66.15168545430852, 35.814370376605744, 35.20339688739642, 26.429776452078013, 56.19627281250064, 14.007060040455743, 36.2780393363974, 37.732911353981855, 46.891222689288334, 22.10827488191056, 48.0821255658466, 51.85931301529852, 69.6395860742617, 63.30783032333485, 22.31987734099152, 28.86461181711769, 19.408947480712126, 36.76532589114722, 38.842953737166226, 76.57421656768064, 48.65240010073914, 24.261830948424727, 58.20010574918484, 37.95133194546861, 60.422298789005, 36.99553252234073, 23.003550678739778, 46.29171573906784], [24.52011693376234, 59.794211443140476, 59.010702502601205, 25.791442838443647, 9.225649936949356, 53.0103146025269, 47.293961985497994, 34.57094291210298, 15.983065666330933, 17.527655239382945, 0.0, 32.1031440021035, 52.324940962436834, 44.41267934197484, 68.20933774268879, 40.23053516812526, 26.0249345659965, 74.65017939700279, 46.0327718292829, 49.611554720010126, 17.611647678102575, 53.17122664550955, 23.23586304349967, 29.39664265962704, 34.1776340194641, 29.520703957310843, 24.48961223148391, 46.41973039812056, 39.327908492445495, 79.93906779556397, 74.60984338410071, 37.426698223794205, 40.84453620465457, 27.510612038452273, 19.23775543955968, 25.02579815015245, 85.10209970671987, 61.297268374422195, 10.674323824859936, 43.66308316675542, 31.068824914822578, 58.545998978296694, 53.50816845159166, 14.125489418254515, 34.86101391382279], [54.93300332707791, 41.89565737937947, 38.360945711371535, 46.50881529845163, 23.97762814416735, 22.653927531668504, 15.534753400311436, 18.429232635993806, 38.57406306341222, 40.89998345558354, 32.1031440021035, 0.0, 80.09591930732711, 70.8233777782117, 91.97720345037047, 52.739044667247995, 49.10384620598986, 60.64941424179693, 75.92011175495736, 53.64087699570434, 48.648771265220034, 24.207225923664918, 52.740793436477354, 5.642496017231175, 65.72550830396247, 32.27089597156307, 23.39566075343601, 20.833485567707193, 14.291776693686222, 68.88006437651053, 66.40723556742522, 63.076417848244255, 69.50600372234331, 31.294254765871557, 32.06205725944915, 13.606398225657783, 69.91867925405698, 58.39294781585857, 21.636699382332996, 24.064698390231996, 4.768869289629803, 30.305287056754555, 62.95535151294604, 18.787558350905044, 61.22626596568716], [28.454930086246527, 85.98020062778531, 88.64160244395492, 34.761352196487586, 57.22635731768848, 102.66096911242033, 92.76998451769279, 86.77412982439752, 41.52253799987308, 39.198241813466936, 52.324940962436834, 80.09591930732711, 0.0, 9.90398406748393, 20.621302597851606, 39.96277478337097, 63.510912851387, 90.85660002706572, 10.761615421365693, 53.3944207225818, 46.98967710447321, 93.74402522260465, 29.122282644819304, 75.43160530258905, 41.79498645482453, 80.06086463675365, 59.8667235274601, 85.29679701620364, 90.54359060259775, 90.38111487655334, 82.6750893679832, 17.497817721608154, 11.643884615115514, 54.36735755541968, 69.05580962516527, 76.82022931982344, 100.10010034518218, 67.56155628699152, 61.89714632270896, 95.88731215326345, 77.08789677375313, 97.1670381553631, 45.42757185303255, 61.906773929056776, 60.73405435955139], [22.098470071472036, 76.2347317145024, 78.80611935925359, 24.991533809846583, 48.46516510634044, 93.45215029263271, 83.16344710069913, 78.46189915103851, 32.32366907126904, 29.996077400128183, 44.41267934197484, 70.8233777782117, 9.90398406748393, 0.0, 24.386699643661423, 30.55935031718086, 58.7227332332991, 81.73427730869435, 13.689327798430606, 44.397292678747604, 41.794966690781166, 83.9014482768579, 21.817218491587024, 66.02081233238187, 40.25417393041425, 73.07048465587937, 50.12695364309775, 75.44012271238743, 81.7449011591831, 81.7597331077392, 74.15324063891583, 7.78156616687473, 7.901281004682677, 44.48959537783563, 62.13324972003793, 68.32171992039149, 91.19234282562768, 58.849146189357015, 53.433684895955686, 87.56430077679555, 67.65522855620326, 87.2778599215791, 37.43866865298877, 52.940877806709096, 57.84320871394775], [46.46960170828653, 88.56039680789827, 92.29875771572007, 45.58474205332444, 71.19719105851732, 114.54681949329186, 102.71167082482012, 101.54431871569794, 54.61531322369823, 52.375782019780466, 68.20933774268879, 91.97720345037047, 20.621302597851606, 24.386699643661423, 0.0, 43.06107553430288, 82.90294552735033, 89.03083792067399, 31.373719659334323, 52.97452694215805, 66.0455590256628, 101.41751453702874, 46.14658715312256, 86.76442094642904, 62.34868621476825, 97.25273773893592, 69.55669726626614, 92.90305941535178, 103.98998170660983, 86.3268691875016, 78.50571758018357, 30.789449798204103, 30.657502422305967, 62.58822866183693, 86.36886558123246, 91.21867310020104, 96.98231712869034, 64.88008645898375, 76.54449123052076, 110.57503612113747, 88.2835561856434, 103.78090048252446, 42.16827086030053, 75.19957872603952, 81.0492767290502], [34.57997215516453, 46.45999243020835, 49.67907061391151, 16.292158708186914, 37.8926127218894, 74.41660585007475, 61.095499244725616, 66.32716146458154, 24.530970970213623, 23.656112177921443, 40.23053516812526, 52.739044667247995, 39.96277478337097, 30.55935031718086, 43.06107553430288, 0.0, 64.40228847063216, 51.251837087280215, 42.942101400462505, 14.408035244069263, 49.57797953791202, 58.614901762703944, 31.469266763382095, 47.14622509016299, 57.91677644823517, 68.25467602541208, 29.343812219152927, 50.1579833646947, 66.31423299530725, 51.95627269899445, 44.62809573399224, 24.877171121203496, 35.200804106939756, 21.48236316217772, 59.044967788594256, 56.091114591295806, 60.90413214842292, 29.165642434290774, 43.749703688720935, 74.65948473710844, 48.40874768457094, 60.74839460782776, 13.355145406955938, 39.82294577352416, 69.37857110387877], [36.811735564892295, 84.35811916165198, 82.81840878150757, 48.49057508270062, 33.5358329321932, 64.00345335823069, 64.28533430069861, 40.686881675627134, 40.047085991045016, 40.746586857227, 26.0249345659965, 49.10384620598986, 63.510912851387, 58.7227332332991, 82.90294552735033, 64.40228847063216, 0.0, 100.20062253512893, 54.02159574915141, 75.14455091203705, 16.962474759405527, 73.0590614819952, 38.00868879303776, 48.99029852335964, 26.610178660245765, 24.506773619267264, 49.84821627257764, 67.92249737516597, 48.9797428238113, 105.83618483409447, 100.61953104989243, 53.87205220590105, 52.35302159008367, 53.5244324729294, 17.566660165159984, 36.49100045257087, 110.58468325491155, 87.26855527498162, 30.672956396192372, 47.678284588246555, 50.31341929400008, 79.01153670026615, 77.73379164482793, 36.68248726396575, 12.649464311394581], [82.24395083679204, 19.123181482172576, 24.014311448937256, 63.042066584326356, 66.67193587987488, 70.56429206939127, 55.219084669585364, 79.0387634114696, 65.27705731828966, 66.15168545430852, 74.65017939700279, 60.64941424179693, 90.85660002706572, 81.73427730869435, 89.03083792067399, 51.251837087280215, 100.20062253512893, 0.0, 94.1339762612222, 37.47233836808835, 90.63470484563277, 44.28748135360456, 78.90603635244399, 56.87468573833786, 103.8592334170251, 91.28923464612672, 50.35487481940464, 41.38075384538537, 73.08733713346291, 9.862756694607071, 13.578590174277096, 76.03937271545746, 86.33626372702001, 47.847369511227825, 87.08135328590615, 72.78920522811484, 10.492632328599226, 24.15075479551559, 70.21507706020151, 83.22530680054471, 56.549034066989584, 40.585511541535574, 46.97949115291702, 64.05364813475427, 109.43572635325219], [21.514819235524232, 87.11871072985393, 89.14572113702782, 33.59799804696947, 52.23354437736531, 98.12293917731422, 89.57828035482137, 80.5554110551289, 38.01763250231141, 35.814370376605744, 46.0327718292829, 75.92011175495736, 10.761615421365693, 13.689327798430606, 31.373719659334323, 42.942101400462505, 54.02159574915141, 94.1339762612222, 0.0, 57.174546633646266, 38.02816412402817, 91.88961901684797, 23.24026574215698, 71.71539191322007, 31.19563586867298, 72.19261852258809, 57.70373497669532, 83.64698137942204, 85.16300436307489, 94.73116388881748, 87.2282278403041, 18.094859734048622, 7.853194487669552, 53.38604403410738, 61.23403924512623, 71.01602751453466, 103.84618249513163, 71.82112470004597, 56.25567327973155, 89.6127634650282, 73.42096192459532, 95.8648702574262, 50.951267756713996, 57.243915285429686, 50.37920621450157], [48.403174316733754, 35.88042802501922, 40.12999225941258, 29.271698893708805, 44.92996949932449, 73.24249165555044, 58.41218812941302, 69.77524146171156, 35.373394939302955, 35.20339688739642, 49.611554720010126, 53.64087699570434, 53.3944207225818, 44.397292678747604, 52.97452694215805, 14.408035244069263, 75.14455091203705, 37.47233836808835, 57.174546633646266, 0.0, 61.63164891953728, 53.24330511391062, 45.1799787674143, 48.065126019348924, 71.51702198950183, 75.07908828020322, 31.773599382551726, 45.36782816001572, 67.89018138151383, 37.58559743727149, 30.220205149716737, 39.18439367107092, 49.49912973273362, 24.40366427702967, 67.12615818226948, 60.220350622340064, 46.79505189570894, 14.757628041943747, 50.40828128144154, 77.22704145515827, 48.924436833059445, 53.996097890110775, 11.694954902205366, 45.27473186694762, 81.48624557274142], [19.850223876341147, 76.79623828797006, 76.33798437359964, 33.30660675710647, 26.83672285625545, 67.90678532100077, 64.12019937118046, 46.62725780161225, 26.405992595411718, 26.429776452078013, 17.611647678102575, 48.648771265220034, 46.98967710447321, 41.794966690781166, 66.0455590256628, 49.57797953791202, 16.962474759405527, 90.63470484563277, 38.02816412402817, 61.63164891953728, 0.0, 70.64488297285837, 21.173002839298483, 46.59950426117841, 17.111089302494197, 34.93434051418128, 41.37569194019748, 64.02145353744454, 53.28101336450905, 95.09440544164029, 89.15576396818533, 36.94600980774226, 35.629356062062364, 42.797089731195854, 24.37395048027592, 38.99020390949503, 101.12725477863788, 74.85995663823668, 27.116442795238196, 55.1399533209258, 48.22010214039081, 76.1017608974731, 62.69843452273447, 31.614298617997765, 19.869403391759246], [72.62762630825887, 25.718718245832186, 20.330360074215164, 59.014806012920374, 44.040692135142216, 26.342743409650264, 11.873999807478691, 39.773021425380456, 54.104220265973666, 56.19627281250064, 53.17122664550955, 24.207225923664918, 93.74402522260465, 83.9014482768579, 101.41751453702874, 58.614901762703944, 73.0590614819952, 44.28748135360456, 91.88961901684797, 53.24330511391062, 70.64488297285837, 0.0, 69.83851273059214, 24.308305631517225, 87.33926575178788, 55.95650605825394, 34.187134108156805, 8.532276598557713, 31.862946154975955, 53.83299195699269, 53.910360311408695, 76.25228420368299, 84.60414957140712, 39.47775415466226, 56.23652673125674, 37.71269368207879, 51.660413944565164, 51.511780118354196, 43.814042798114, 41.327037006348824, 22.842525965081613, 6.150932106745138, 64.6253876304873, 39.055961898708084, 84.9252227650535], [3.3379209782089623, 68.5805262438729, 69.6707687729655, 16.095695277549492, 28.993308694835708, 74.88370486262511, 66.6901055659719, 57.77440252165117, 15.857743956388019, 14.007060040455743, 23.23586304349967, 52.740793436477354, 29.122282644819304, 21.817218491587024, 46.14658715312256, 31.469266763382095, 38.00868879303776, 78.90603635244399, 23.24026574215698, 45.1799787674143, 21.173002839298483, 69.83851273059214, 0.0, 48.68760380020748, 26.447550429168373, 51.29182321602934, 35.97400780595755, 61.86230405341138, 62.01328084860148, 81.55716054353339, 74.76835429708429, 15.950895179046492, 17.608801927540966, 33.281743670664376, 40.33280760967357, 47.99446037505288, 89.2052215528403, 59.57242924760724, 33.13515448191504, 66.87834459461655, 50.40387215776324, 74.24797518118682, 43.706881036761075, 34.02051767329918, 39.6660076803276], [51.068361175083076, 38.532692286624595, 35.57102145041511, 41.44850165498106, 20.614327108029723, 27.787148442179006, 18.131300084977553, 22.951498246486455, 33.97180462863121, 36.2780393363974, 29.39664265962704, 5.642496017231175, 75.43160530258905, 66.02081233238187, 86.76442094642904, 47.14622509016299, 48.99029852335964, 56.87468573833786, 71.71539191322007, 48.065126019348924, 46.59950426117841, 24.308305631517225, 48.68760380020748, 0.0, 63.49863316309029, 34.72992537392154, 17.815822542647666, 19.071175624589745, 19.825174504595797, 64.7399248678822, 61.862518121590554, 58.24845567545231, 65.07634818484568, 25.68229102724202, 32.72011610050762, 15.972282172422018, 66.45841258943504, 53.231562481926886, 19.570603283572485, 29.369118066464907, 1.7234066924187001, 30.107037447061835, 57.31462638130854, 15.394847835984896, 60.67663381808828], [23.391144507236405, 91.535086822761, 91.6330939206831, 42.26064009992939, 43.30913803096822, 84.89478694461137, 81.16543610609341, 63.12590323791553, 38.6051284180088, 37.732911353981855, 34.1776340194641, 65.72550830396247, 41.79498645482453, 40.25417393041425, 62.34868621476825, 57.91677644823517, 26.610178660245765, 103.8592334170251, 31.19563586867298, 71.51702198950183, 17.111089302494197, 87.33926575178788, 26.447550429168373, 63.49863316309029, 0.0, 49.64347303957188, 56.50991356474591, 80.41692056322103, 70.15204609011133, 107.27323339189655, 100.73989048051287, 38.44905736103185, 32.53976147686433, 56.43680610546628, 40.0054683367079, 55.973210288948735, 114.29654618530586, 85.73002496668946, 44.135994777219985, 71.32538706464666, 65.14504568801193, 92.64754071243263, 69.97720501806438, 48.30309841422213, 19.60486057890518], [51.60853716085601, 73.23452144626047, 70.25027253975647, 55.07602261175628, 30.47588005339307, 41.30152153411608, 45.29949438903015, 17.8967087473392, 45.117233126744345, 46.891222689288334, 29.520703957310843, 32.27089597156307, 80.06086463675365, 73.07048465587937, 97.25273773893592, 68.25467602541208, 24.506773619267264, 91.28923464612672, 72.19261852258809, 75.07908828020322, 34.93434051418128, 55.95650605825394, 51.29182321602934, 34.72992537392154, 49.64347303957188, 0.0, 44.192361866736725, 53.06791309926069, 26.836933190401556, 98.65238034289038, 94.95526953152118, 66.51810738390087, 68.41745013781527, 50.77100344280368, 11.005859882032524, 18.84020848051598, 101.07064722918847, 84.10480263912919, 24.749065471969093, 23.47411872828964, 35.399227129254996, 62.10714559729871, 81.10373162920315, 29.892662463714977, 36.81284119749774], [38.93460296022935, 35.427509851769585, 35.133588205634595, 25.136007484638544, 16.34161117187418, 45.35764527427011, 33.26514886348038, 38.09332956424323, 20.120032329980937, 22.10827488191056, 24.48961223148391, 23.39566075343601, 59.8667235274601, 50.12695364309775, 69.55669726626614, 29.343812219152927, 49.84821627257764, 50.35487481940464, 57.70373497669532, 31.773599382551726, 41.37569194019748, 34.187134108156805, 35.97400780595755, 17.815822542647666, 56.50991356474591, 44.192361866736725, 0.0, 25.984736538154795, 37.106473631306315, 56.22864429218419, 51.57584397383862, 42.386321732228794, 50.43711481984732, 7.957687282810441, 37.75280296012463, 28.44897106518989, 60.757162202641645, 39.92678914771995, 20.478116843582377, 45.89023583901975, 19.134122525627106, 38.3141695547619, 39.997493897729065, 14.523158092702813, 59.346585288560824], [64.73397444901843, 22.257998777612524, 17.924770859107706, 50.60172148429835, 37.197867893122314, 30.349603934993755, 14.547294331993157, 38.50777360586145, 46.04781578696848, 48.0821255658466, 46.41973039812056, 20.833485567707193, 85.29679701620364, 75.44012271238743, 92.90305941535178, 50.1579833646947, 67.92249737516597, 41.38075384538537, 83.64698137942204, 45.36782816001572, 64.02145353744454, 8.532276598557713, 61.86230405341138, 19.071175624589745, 80.41692056322103, 53.06791309926069, 25.984736538154795, 0.0, 31.837795977637164, 50.37750625801258, 49.3204327713588, 67.81421405632884, 76.29161012641116, 30.980506513623443, 51.788028004610986, 34.27789116717142, 49.94894569380174, 44.97903896012859, 37.77869290760591, 41.91344119561191, 17.97911082890662, 12.419233385007201, 56.5809477235874, 32.48577209805685, 79.36087888296605], [63.68792131314981, 54.00680793303724, 49.73564280112249, 58.437979167583926, 33.322343308525724, 15.041691703022087, 20.139780019210004, 8.967028379828145, 49.556458527738315, 51.85931301529852, 39.327908492445495, 14.291776693686222, 90.54359060259775, 81.7449011591831, 103.98998170660983, 66.31423299530725, 48.9797428238113, 73.08733713346291, 85.16300436307489, 67.89018138151383, 53.28101336450905, 31.862946154975955, 62.01328084860148, 19.825174504595797, 70.15204609011133, 26.836933190401556, 37.106473631306315, 31.837795977637164, 0.0, 81.7883399860792, 79.8719124246121, 74.15247299103449, 79.42902680402725, 45.064105022597474, 31.5374131406172, 14.442789876452503, 81.78521500218689, 72.53139849775548, 28.907867131675783, 10.178099118813918, 19.055253551749033, 37.796296119580006, 76.99435089867673, 28.859169545829708, 61.62405912165029], [84.87335139513065, 28.290384474491162, 33.50294558447614, 65.47250764023696, 72.52350537582286, 80.00204206809, 64.49845914541548, 87.3087121189953, 69.06549670496976, 69.6395860742617, 79.93906779556397, 68.88006437651053, 90.38111487655334, 81.7597331077392, 86.3268691875016, 51.95627269899445, 105.83618483409447, 9.862756694607071, 94.73116388881748, 37.58559743727149, 95.09440544164029, 53.83299195699269, 81.55716054353339, 64.7399248678822, 107.27323339189655, 98.65238034289038, 56.22864429218419, 50.37750625801258, 81.7883399860792, 0.0, 7.83463589170971, 76.76912781044761, 87.08073876241188, 52.54117194646775, 93.69347816006726, 80.47058401542847, 11.114470679700483, 22.91989598316113, 76.55397978357739, 91.96098007398749, 64.57879366676373, 50.3403290392993, 45.22912148545069, 70.43506752573064, 114.37373939503986], [78.06204246066225, 28.28244251757333, 33.903138128060284, 58.6755867914244, 67.6619992372855, 79.53238339774393, 63.78774106873628, 84.73447908477394, 62.89624990119789, 63.30783032333485, 74.60984338410071, 66.40723556742522, 82.6750893679832, 74.15324063891583, 78.50571758018357, 44.62809573399224, 100.61953104989243, 13.578590174277096, 87.2282278403041, 30.220205149716737, 89.15576396818533, 53.910360311408695, 74.76835429708429, 61.862518121590554, 100.73989048051287, 94.95526953152118, 51.57584397383862, 49.3204327713588, 79.8719124246121, 7.83463589170971, 0.0, 69.33741536365004, 79.62816780377145, 47.099253746749696, 89.3088582936824, 77.22892952456434, 18.64868883339845, 15.463462874190283, 72.0491554896268, 90.03414595872138, 61.90084807231929, 51.21168972794429, 37.43744575172751, 66.02091093595165, 108.65763169822672], [17.185213440948942, 69.44217156489952, 71.76633649649607, 17.265419047499332, 40.94192508148027, 85.71481115510826, 75.3868475945594, 71.10272867985981, 24.640837116614037, 22.31987734099152, 37.426698223794205, 63.076417848244255, 17.497817721608154, 7.78156616687473, 30.789449798204103, 24.877171121203496, 53.87205220590105, 76.03937271545746, 18.094859734048622, 39.18439367107092, 36.94600980774226, 76.25228420368299, 15.950895179046492, 58.24845567545231, 38.44905736103185, 66.51810738390087, 42.386321732228794, 67.81421405632884, 74.15247299103449, 76.76912781044761, 69.33741536365004, 0.0, 10.323828649314198, 36.92121067545545, 55.687227304777316, 60.88503314386341, 85.77345219356002, 53.89203166443441, 46.05360797662539, 80.18616862683254, 59.87985092483449, 79.73295823457727, 33.87775458444945, 45.31160809267078, 54.47641272636186], [16.81110964935717, 79.29513968656039, 81.38069488845436, 25.948964585321956, 46.19294209668371, 91.92691701531598, 82.75083920573535, 75.37456852324642, 31.138530733829565, 28.86461181711769, 40.84453620465457, 69.50600372234331, 11.643884615115514, 7.901281004682677, 30.657502422305967, 35.200804106939756, 52.35302159008367, 86.33626372702001, 7.853194487669552, 49.49912973273362, 35.629356062062364, 84.60414957140712, 17.608801927540966, 65.07634818484568, 32.53976147686433, 68.41745013781527, 50.43711481984732, 76.29161012641116, 79.42902680402725, 87.08073876241188, 79.62816780377145, 10.323828649314198, 0.0, 45.799857488714025, 57.41263892769654, 65.53335086164084, 96.09354037057146, 64.19240679473376, 50.63299126482573, 84.4813046753459, 66.76386041634956, 88.43492516406413, 43.76161337404704, 51.03381243347515, 50.57472912006114], [36.497733689086594, 35.426759773307424, 36.399199637360276, 19.865689540976796, 21.113067882785245, 52.98768737579066, 40.178559446326204, 45.872056397494475, 18.020809557904734, 19.408947480712126, 27.510612038452273, 31.294254765871557, 54.36735755541968, 44.48959537783563, 62.58822866183693, 21.48236316217772, 53.5244324729294, 47.847369511227825, 53.38604403410738, 24.40366427702967, 42.797089731195854, 39.47775415466226, 33.281743670664376, 25.68229102724202, 56.43680610546628, 50.77100344280368, 7.957687282810441, 30.980506513623443, 45.064105022597474, 52.54117194646775, 47.099253746749696, 36.92121067545545, 45.799857488714025, 0.0, 43.337421570594756, 36.01993492510011, 58.33959794574488, 34.12856532423046, 26.262537272163396, 53.79867810675429, 26.927082293007498, 42.81177940633856, 32.09200888631138, 20.900535475544032, 61.84912946248272], [40.60475105046024, 69.99345421195491, 67.77424983073468, 45.02688627606073, 22.259568618617507, 46.579064456613075, 46.94923932144659, 23.57114396854372, 35.16943493963022, 36.76532589114722, 19.23775543955968, 32.06205725944915, 69.05580962516527, 62.13324972003793, 86.36886558123246, 59.044967788594256, 17.566660165159984, 87.08135328590615, 61.23403924512623, 67.12615818226948, 24.37395048027592, 56.23652673125674, 40.33280760967357, 32.72011610050762, 40.0054683367079, 11.005859882032524, 37.75280296012463, 51.788028004610986, 31.5374131406172, 93.69347816006726, 89.3088582936824, 55.687227304777316, 57.41263892769654, 43.337421570594756, 0.0, 19.022872249371687, 97.21777130989744, 77.35857314297171, 17.281156030487864, 31.36656746234123, 33.854102897316615, 62.29157585396216, 72.1677837617982, 23.295583488613808, 30.15645223699211], [49.50475467043174, 54.502858620964055, 51.41810152078999, 46.0661630577463, 20.021519737577048, 28.9237961768262, 27.956074558419896, 10.422326047738485, 36.61482717123509, 38.842953737166226, 25.02579815015245, 13.606398225657783, 76.82022931982344, 68.32171992039149, 91.21867310020104, 56.091114591295806, 36.49100045257087, 72.78920522811484, 71.01602751453466, 60.220350622340064, 38.99020390949503, 37.71269368207879, 47.99446037505288, 15.972282172422018, 55.973210288948735, 18.84020848051598, 28.44897106518989, 34.27789116717142, 14.442789876452503, 80.47058401542847, 77.22892952456434, 60.88503314386341, 65.53335086164084, 36.01993492510011, 19.022872249371687, 0.0, 82.42607967515129, 67.47398231846236, 14.923827391250754, 19.358911964173036, 16.5656294954096, 43.84118547685628, 67.92363063463576, 16.480240921211788, 48.94566787653753], [92.5423716076865, 28.023110046087304, 32.06796514636166, 73.26944989259148, 77.04900523417254, 77.96414341172121, 63.11785209687598, 88.18255216804246, 75.73176465180119, 76.57421656768064, 85.10209970671987, 69.91867925405698, 100.10010034518218, 91.19234282562768, 96.98231712869034, 60.90413214842292, 110.58468325491155, 10.492632328599226, 103.84618249513163, 46.79505189570894, 101.12725477863788, 51.660413944565164, 89.2052215528403, 66.45841258943504, 114.29654618530586, 101.07064722918847, 60.757162202641645, 49.94894569380174, 81.78521500218689, 11.114470679700483, 18.64868883339845, 85.77345219356002, 96.09354037057146, 58.33959794574488, 97.21777130989744, 82.42607967515129, 0.0, 32.62750527527935, 80.47047365744885, 91.83161509222339, 66.01210983097123, 47.175454178860825, 55.418792437969785, 74.3099634442778, 119.9057465654312], [62.84121557341243, 28.76635198795533, 34.128799701368024, 43.51615576978525, 55.21432858563555, 74.98315115602901, 59.31321173778232, 76.0546855105439, 48.45936639180803, 48.65240010073914, 61.297268374422195, 58.39294781585857, 67.56155628699152, 58.849146189357015, 64.88008645898375, 29.165642434290774, 87.26855527498162, 24.15075479551559, 71.82112470004597, 14.757628041943747, 74.85995663823668, 51.511780118354196, 59.57242924760724, 53.231562481926886, 85.73002496668946, 84.10480263912919, 39.92678914771995, 44.97903896012859, 72.53139849775548, 22.91989598316113, 15.463462874190283, 53.89203166443441, 64.19240679473376, 34.12856532423046, 77.35857314297171, 67.47398231846236, 32.62750527527935, 0.0, 60.13727213407223, 82.45678371936678, 53.654662329733966, 50.55647883510199, 22.88825049400223, 54.38884684961125, 94.57396189931121], [34.78438864110633, 53.77316058239938, 52.14609083544264, 31.89945593216538, 5.87647898809395, 42.35271766277671, 37.029891919544475, 25.049121109052656, 22.125719555801698, 24.261830948424727, 10.674323824859936, 21.636699382332996, 61.89714632270896, 53.433684895955686, 76.54449123052076, 43.749703688720935, 30.672956396192372, 70.21507706020151, 56.25567327973155, 50.40828128144154, 27.116442795238196, 43.814042798114, 33.13515448191504, 19.570603283572485, 44.135994777219985, 24.749065471969093, 20.478116843582377, 37.77869290760591, 28.907867131675783, 76.55397978357739, 72.0491554896268, 46.05360797662539, 50.63299126482573, 26.262537272163396, 17.281156030487864, 14.923827391250754, 80.47047365744885, 60.13727213407223, 0.0, 34.137889078255974, 21.152304959225003, 49.474280343350244, 56.42617070787393, 6.161771540969667, 41.63548246413746], [68.13660932253991, 64.12819223798552, 59.76506477383281, 65.382785277722, 39.379147753970265, 19.58397071573579, 29.457567321792695, 9.113815583857905, 55.97372492631809, 58.20010574918484, 43.66308316675542, 24.064698390231996, 95.88731215326345, 87.56430077679555, 110.57503612113747, 74.65948473710844, 47.678284588246555, 83.22530680054471, 89.6127634650282, 77.22704145515827, 55.1399533209258, 41.327037006348824, 66.87834459461655, 29.369118066464907, 71.32538706464666, 23.47411872828964, 45.89023583901975, 41.91344119561191, 10.178099118813918, 91.96098007398749, 90.03414595872138, 80.18616862683254, 84.4813046753459, 53.79867810675429, 31.36656746234123, 19.358911964173036, 91.83161509222339, 82.45678371936678, 34.137889078255974, 0.0, 28.814253561919163, 47.06516168395109, 85.88428572333042, 35.66654111090791, 60.17087968886512], [52.79002578423444, 38.024731251614135, 34.85272880935739, 43.031871245386775, 22.322918780984462, 26.303445107140973, 16.409999773266954, 22.83388081792222, 35.648923948389154, 37.95133194546861, 31.068824914822578, 4.768869289629803, 77.08789677375313, 67.65522855620326, 88.2835561856434, 48.40874768457094, 50.31341929400008, 56.549034066989584, 73.42096192459532, 48.924436833059445, 48.22010214039081, 22.842525965081613, 50.40387215776324, 1.7234066924187001, 65.14504568801193, 35.399227129254996, 19.134122525627106, 17.97911082890662, 19.055253551749033, 64.57879366676373, 61.90084807231929, 59.87985092483449, 66.76386041634956, 26.927082293007498, 33.854102897316615, 16.5656294954096, 66.01210983097123, 53.654662329733966, 21.152304959225003, 28.814253561919163, 0.0, 28.712209888985864, 58.36425668136729, 17.097519005426534, 62.08943833843004], [77.13819479164995, 23.007861884985097, 17.330172545435726, 62.613185129216305, 49.35286802258623, 31.022617760571418, 17.6731212174815, 45.844893584915546, 58.41568607033241, 60.422298789005, 58.545998978296694, 30.305287056754555, 97.1670381553631, 87.2778599215791, 103.78090048252446, 60.74839460782776, 79.01153670026615, 40.585511541535574, 95.8648702574262, 53.996097890110775, 76.1017608974731, 6.150932106745138, 74.24797518118682, 30.107037447061835, 92.64754071243263, 62.10714559729871, 38.3141695547619, 12.419233385007201, 37.796296119580006, 50.3403290392993, 51.21168972794429, 79.73295823457727, 88.43492516406413, 42.81177940633856, 62.29157585396216, 43.84118547685628, 47.175454178860825, 50.55647883510199, 49.474280343350244, 47.06516168395109, 28.712209888985864, 0.0, 65.59432234414388, 44.48961612931969, 90.78316220522808], [46.610732593511194, 47.42992101745127, 51.794615291457326, 29.413084622300836, 50.6336457475121, 83.5358159098629, 69.13960822661424, 77.92376978740387, 37.88249499125242, 36.99553252234073, 53.50816845159166, 62.95535151294604, 45.42757185303255, 37.43866865298877, 42.16827086030053, 13.355145406955938, 77.73379164482793, 46.97949115291702, 50.951267756713996, 11.694954902205366, 62.69843452273447, 64.6253876304873, 43.706881036761075, 57.31462638130854, 69.97720501806438, 81.10373162920315, 39.997493897729065, 56.5809477235874, 76.99435089867673, 45.22912148545069, 37.43744575172751, 33.87775458444945, 43.76161337404704, 32.09200888631138, 72.1677837617982, 67.92363063463576, 55.418792437969785, 22.88825049400223, 56.42617070787393, 85.88428572333042, 58.36425668136729, 65.59432234414388, 0.0, 52.040390898089534, 82.41319661688419], [36.15185000595259, 47.688452702420236, 46.20463212722971, 29.764514930690634, 5.241813148930697, 40.909711248227865, 33.469499198532034, 26.88647321146705, 20.697672711687822, 23.003550678739778, 14.125489418254515, 18.787558350905044, 61.906773929056776, 52.940877806709096, 75.19957872603952, 39.82294577352416, 36.68248726396575, 64.05364813475427, 57.243915285429686, 45.27473186694762, 31.614298617997765, 39.055961898708084, 34.02051767329918, 15.394847835984896, 48.30309841422213, 29.892662463714977, 14.523158092702813, 32.48577209805685, 28.859169545829708, 70.43506752573064, 66.02091093595165, 45.31160809267078, 51.03381243347515, 20.900535475544032, 23.295583488613808, 16.480240921211788, 74.3099634442778, 54.38884684961125, 6.161771540969667, 35.66654111090791, 17.097519005426534, 44.48961612931969, 52.040390898089534, 0.0, 47.32671858849921], [37.51606983627019, 94.54343344649388, 93.45232103146436, 53.088274991068346, 43.46465457533896, 76.6510370486882, 76.56267763255282, 53.32682323174515, 46.18759208331721, 46.29171573906784, 34.86101391382279, 61.22626596568716, 60.73405435955139, 57.84320871394775, 81.0492767290502, 69.37857110387877, 12.649464311394581, 109.43572635325219, 50.37920621450157, 81.48624557274142, 19.869403391759246, 84.9252227650535, 39.6660076803276, 60.67663381808828, 19.60486057890518, 36.81284119749774, 59.346585288560824, 79.3608788829660