instance_id,num_cities,city_coordinates,distance_matrix,best_route,total_distance
876,62,"[[76.78749619715234, 27.652040142166367], [82.86065402226694, 70.45781256477413], [61.64703853560167, 41.7538661957373], [96.65807858704981, 43.59192950732351], [11.933846009441485, 85.7094297929544], [1.1730027881650673, 62.697378385657764], [34.81038830807008, 19.888260137673885], [65.16807371991669, 10.46262291219221], [97.00312287996752, 98.19763585142131], [93.97791705556301, 12.36871187713129], [56.21407570572315, 57.128862394032446], [16.603791305905723, 55.82815023746327], [17.770644770928367, 34.16166998382263], [67.18637009039223, 0.4595119313531182], [56.84145466101638, 55.79289021716506], [95.4799907787805, 55.52421307311642], [29.093151476281587, 58.20695299226758], [27.353743669518416, 27.393472776174676], [24.360002866743592, 31.91970055055071], [28.17858891087681, 71.36613246991357], [60.091567790182324, 50.60647716971365], [2.2671866409363695, 31.26494632211646], [85.2358772073734, 27.160855241641833], [96.8291921606208, 9.841071445732174], [22.202572463032467, 15.706643539073372], [38.72692022516604, 22.681487383247923], [90.3482586295704, 53.24824162382167], [82.98896165980818, 66.74223438509614], [30.61551609984149, 62.78766054842869], [58.745280000036445, 4.890875696244201], [15.361618760600615, 1.0849495696055644], [87.8394416622781, 53.22239470438996], [44.00726173041088, 91.4009185842341], [31.288782044565487, 60.694810004016865], [39.63262102819408, 85.67255856844098], [18.64365974532094, 16.418176785935714], [75.77514189223257, 76.43152912903297], [93.70664884497909, 13.210478131314407], [22.81754665329413, 6.911606475746135], [63.96785286775302, 14.084058853157778], [12.862190996070645, 1.8309344569923391], [59.056668287056965, 48.92426393328566], [36.954415330446366, 38.77959685773105], [65.48241401871977, 41.03804839539341], [92.64685271933295, 1.9568759470655728], [61.74692306905965, 73.51374999080753], [14.099833320507404, 84.80840318657617], [97.17274097538919, 5.052934231376738], [3.4881292969531796, 30.93140188181903], [73.65192312531644, 85.43512923786267], [64.35952452783546, 58.61471238627296], [80.3681495197135, 15.574047926637391], [35.26431572052944, 1.7582066020367715], [66.20872363424225, 11.878897750988903], [55.45897935277127, 44.63492847321028], [12.651184275364002, 30.895395914380476], [38.081031955251376, 82.95968078230686], [77.15123050086939, 99.76409463457968], [50.18698474314582, 97.42937022800793], [84.72309198847375, 6.179602967913489], [60.41613982347076, 29.51120237795487], [50.72670656486215, 24.535306700896797]]","[[0.0, 43.2344468990276, 20.690455680008117, 25.473910526009817, 87.04399138213617, 83.34103038778979, 42.68903684425088, 20.748181689261866, 73.38496192104073, 23.001971483898963, 35.94646965677249, 66.45277657509092, 59.374776066444035, 28.83773938806204, 34.49278208415225, 33.55990729392713, 56.642327085233106, 49.43442875209654, 52.600902865553024, 65.37390714654079, 28.38415411144574, 74.60783891401341, 8.462647594007874, 26.812314017955767, 55.87670712439011, 38.38377050328084, 28.966529098909557, 39.57905329633963, 58.0203720036284, 29.044658239300773, 66.9249484149291, 27.85657069708946, 71.68307522920647, 56.231286928915495, 68.89749855600377, 59.21913038236698, 48.78999289873415, 22.244469866322852, 57.8179992946641, 18.666370063617073, 68.94326757455269, 27.692774570217384, 41.358153365347995, 17.521132954708612, 30.195374684060848, 48.26505226623559, 84.83273491642399, 30.43481218334885, 73.37268838872887, 57.8681017826747, 33.36377604992145, 12.597578107507283, 48.93531579849196, 18.992168118204376, 27.26397122294832, 64.21826736680212, 67.50648477952676, 72.11297182726896, 74.67571896890729, 22.891903345188997, 16.476583193522455, 26.246500406766838], [43.2344468990276, 0.0, 35.69221230426362, 30.20173169004529, 72.54808007771899, 82.05544895247763, 69.75749184053396, 62.54958176682227, 31.136910915590903, 59.143361047970544, 29.79431235376673, 67.8527735381972, 74.52596373476898, 71.73175913320273, 29.867351453751397, 19.55147191266002, 55.14551559553883, 70.25350139556043, 70.05363847253807, 54.68960860982992, 30.207727567814274, 89.61801018132711, 43.36205943702636, 62.205380487668414, 81.71348339244629, 65.04124619596631, 18.767886261563586, 3.717792901595061, 52.80516706239179, 69.86110845494693, 96.79211683500935, 17.94012138159543, 44.13841617375051, 52.48784810111557, 45.8274080926769, 83.92916411519198, 9.267673480165595, 58.26570949907572, 87.42594037716276, 59.455344948978144, 98.02771661550682, 32.098651896096186, 55.77537181599379, 34.16907592257749, 69.1964450130336, 21.333738263985882, 70.24236552661134, 66.9524752549168, 88.66980784206184, 17.581829809733303, 21.96703927268618, 54.94033308553597, 83.57659528342145, 60.89972123424151, 37.65200017926301, 80.58879856010154, 46.49205589553233, 29.85725516020677, 42.36783670359544, 64.30518567079888, 46.69455111050211, 56.048792351067654], [20.690455680008117, 35.69221230426362, 0.0, 35.05925558567245, 66.35882068189628, 63.997966392937734, 34.616622072658835, 31.488721711101423, 66.60294162505006, 43.68950675163073, 16.306673272265922, 47.190884631279104, 44.52841085321678, 41.66422792019987, 14.83872743364133, 36.527949718161906, 36.47546610812707, 37.1786359612177, 38.56207778255294, 44.68806814100899, 8.988226204119579, 60.299123137468804, 27.7378672321652, 47.49958318185962, 47.26863348856078, 29.817569601351828, 30.91732041047839, 32.86177456265107, 37.488343382342194, 36.97702355739905, 61.61412876354995, 28.59316575169857, 52.687679172678436, 35.78244107832702, 49.12724415147499, 49.91179965950236, 37.445208117607166, 42.92486010909503, 52.170034523982316, 27.76696630062036, 63.03809822695936, 7.623950533626524, 24.87110610420812, 3.9016022631468354, 50.44590084713266, 31.760040862637258, 64.14382183236201, 51.078703398705684, 59.15728575294329, 45.300882938058926, 17.077637849508502, 32.184823769636054, 47.91347252571141, 30.221229467277997, 6.825876961745606, 50.18466012180973, 47.46868253794139, 60.04637018190649, 56.842717934431704, 42.40321269859522, 12.30438657531389, 20.38951793026304], [25.473910526009817, 30.20173169004529, 35.05925558567245, 0.0, 94.61542905982505, 97.37770729053652, 66.2344376773161, 45.707454118625755, 54.60679647170229, 31.33803735107239, 42.649336701102655, 80.98403552459368, 79.44908437970523, 52.23970757632396, 41.64405099303231, 11.990299494945248, 69.12755085310697, 71.17219147133426, 73.2342316248246, 73.89754296670648, 37.233232343772805, 95.19241039511103, 20.01116902837584, 33.75129182340648, 79.50604735310813, 61.58949341384431, 11.535085244029828, 26.884593608690217, 68.77569447180643, 54.177041842347755, 91.73852911257637, 13.058109247622918, 71.11826735957149, 67.56961929553421, 70.87088366865633, 82.61151484009862, 38.91704444474072, 30.524474200798043, 82.44919801890651, 44.03822530622174, 93.62548523107263, 37.977622976941426, 59.897295028976345, 31.28009542841746, 41.827833053212174, 45.97938799774458, 92.27492380946788, 38.542431607948906, 94.02621129491149, 47.750775415894935, 35.62135033577543, 32.409311583065126, 74.29168520788076, 43.96452661203523, 41.2122994330427, 84.96093371174473, 70.5768392077234, 59.46283929767443, 71.11984664214441, 39.269913193176706, 38.881165129593946, 49.72771670433931], [87.04399138213617, 72.54808007771899, 66.35882068189628, 94.61542905982505, 0.0, 25.40374493662211, 69.68330189026754, 92.1735588207456, 85.9810278947219, 110.04585634284179, 52.70282321469871, 30.243995386611545, 51.87716030318193, 101.58931987529894, 53.96010243682617, 88.83189525301675, 32.41647720337059, 60.32017976291306, 55.206379578934296, 21.670760255027595, 59.59348496254205, 55.295986145045404, 93.81430253289308, 113.85617065592486, 70.75193867510086, 68.48642456962254, 84.86783162018266, 73.54307555254177, 29.570463348852527, 93.3967292710976, 84.69387391721756, 82.56553094516832, 32.57448450354033, 31.628227141413518, 27.698799559307076, 69.61536715160577, 64.51194076078995, 109.28352700941034, 79.54591063803952, 88.530964255419, 83.88363251695297, 59.78050523984447, 53.18306223296271, 69.73508049619402, 116.31457229367047, 51.28427879949128, 2.345921988707218, 117.35049847056749, 55.42528730300574, 61.718686665187654, 59.0133500105012, 97.99094696179917, 87.13276474548056, 91.63356264375402, 59.84606830210569, 54.81872749553027, 26.29137601013525, 66.71462241302996, 40.00824448512123, 107.81125954656622, 74.22111275141236, 72.43727884283427], [83.34103038778979, 82.05544895247763, 63.997966392937734, 97.37770729053652, 25.40374493662211, 0.0, 54.44349648750144, 82.60652990492133, 102.19432565923013, 105.5733242097906, 55.32203971533346, 16.890693580524882, 33.01163996808628, 90.72660405505441, 56.09499523833493, 94.57939672287581, 28.27894310224726, 43.95221205331829, 38.53443168862933, 28.362809790366377, 60.14638138833168, 31.45147093114732, 91.26560870768776, 109.28813178285527, 51.48176339376987, 54.87775731188212, 89.67448042739906, 81.9158836010611, 29.44265173141098, 81.58528578451964, 63.225059966965254, 87.18283628605268, 51.562262935820165, 30.18228686404305, 44.79956628808059, 49.46704312188403, 75.85582413726972, 104.93535605005141, 59.83760211367249, 79.41314773063004, 61.97871503573796, 59.49972616160305, 43.03916538152846, 67.85887523712547, 109.80379710065789, 61.532054352970064, 25.612504082161255, 111.97692473841029, 31.850228790294864, 75.96182730198163, 63.318280861220266, 92.15465012348278, 69.82693087288072, 82.53582834130334, 57.21205597085852, 33.809979878084874, 42.1041983109968, 84.53775807200971, 60.072303804833865, 100.8705920650321, 67.90487142906792, 62.54528977678078], [42.68903684425088, 69.75749184053396, 34.616622072658835, 66.2344376773161, 69.68330189026754, 54.44349648750144, 0.0, 31.787288350393, 100.0014727801913, 59.64344108221818, 42.953233762229715, 40.2884086901451, 22.22797985530171, 37.75818392393718, 42.124937338743, 70.36136585919226, 38.74285765241703, 10.579686479983861, 15.9363143254924, 51.90329568629512, 39.783751628450915, 34.47446828142562, 50.947233195533016, 62.82736690258985, 13.283182516252378, 4.810544740780244, 64.78690766353884, 67.20468609395417, 43.104008032265845, 28.24536387427497, 27.05215564848401, 62.63581265502489, 72.10161439829861, 40.95822533593821, 65.96080539559277, 16.53495058624668, 69.82300698509299, 59.27362210761144, 17.669798844869515, 29.729555867862285, 28.421653294357466, 37.8281853812498, 19.012613048796315, 37.25703563813318, 60.55238355825867, 60.01058295766288, 68.14361350400193, 64.10265146582576, 33.211969064492024, 76.1909238413385, 48.71231420387739, 45.761578137330204, 18.135735201553036, 32.40378599941672, 32.22982944168886, 24.74242028116796, 63.15616527306802, 90.40406989827737, 79.05101815896167, 51.76104007925078, 27.35425977847377, 16.58083920108552], [20.748181689261866, 62.54958176682227, 31.488721711101423, 45.707454118625755, 92.1735588207456, 82.60652990492133, 31.787288350393, 0.0, 93.33221764465662, 28.872828890961607, 47.51749138806306, 66.45690781166192, 52.9920852871233, 10.204692525209094, 46.08867234898758, 54.30800331087988, 59.840797702566675, 41.43159705197434, 46.10536658065024, 71.25629419837695, 40.46356320325424, 66.25147737653641, 26.10646854209616, 31.667218809705297, 43.28433955358999, 29.12791182173882, 49.64525033295017, 59.03370829032502, 62.70397755902078, 8.502743451766465, 50.681591460160774, 48.39823352250331, 83.6587572842801, 60.58942997298784, 79.42665651774777, 46.90404798759508, 66.81621421974226, 28.67055943775927, 42.49913952720267, 3.8151446064973302, 53.01331354582891, 38.944153687045834, 39.97326022668222, 30.577041277766575, 28.76510084692076, 63.14387458542243, 90.19567740251658, 32.458642266072324, 64.98758694187148, 75.45099340291152, 48.15887740091014, 16.036488705382624, 31.144848784131494, 1.7574944276424855, 35.52482203735469, 56.351769177997625, 77.39206181116688, 90.10188065862589, 88.2476524652235, 20.018566365419122, 19.6323522640479, 20.164164111709592], [73.38496192104073, 31.136910915590903, 66.60294162505006, 54.60679647170229, 85.9810278947219, 102.19432565923013, 100.0014727801913, 93.33221764465662, 0.0, 85.88222203031584, 57.88255801774021, 90.88028294821339, 101.8743859461034, 102.18502637044848, 58.40481184316138, 42.700596518241014, 78.8100179646652, 99.31900892169162, 98.3350781410278, 73.86979118539853, 60.227745133067415, 115.99518327375534, 72.00480727091161, 88.35673559764318, 111.35477607786875, 95.38765368395795, 45.43935804585471, 34.43601306934805, 75.24081794445874, 100.84549584627585, 126.87083601735651, 45.899295960755815, 53.42992293268976, 75.66264955691238, 58.72181914475207, 113.2611380297473, 30.40379217574735, 85.0510653572645, 117.62924329970076, 90.36826268233072, 127.93059663713608, 62.191628024636415, 84.47692369057727, 65.27460091995081, 96.33930120506523, 43.03828349605116, 83.97753849174816, 93.14485605864357, 115.19461904657044, 26.611277779218806, 51.307039901197875, 84.2815497025349, 114.50870632147291, 91.64725621728218, 67.78554036881424, 107.91126468954859, 60.86056254775228, 19.913598975339152, 46.822441436923064, 92.83381676116936, 77.82309086949266, 86.99221484046238], [23.001971483898963, 59.143361047970544, 43.68950675163073, 31.33803735107239, 110.04585634284179, 105.5733242097906, 59.64344108221818, 28.872828890961607, 85.88222203031584, 0.0, 58.562605712105416, 88.74389059602511, 79.26210552404248, 29.319209268591717, 57.13821929049447, 43.18163393095095, 79.44291757487053, 68.29732000193826, 72.3110996604947, 88.37560308644996, 51.09218493180716, 93.6372028062787, 17.18228058272732, 3.8103458996744437, 71.85291837605692, 56.20521318696421, 41.04035054187431, 55.4728500314708, 80.97446659282507, 36.0174506015438, 79.42194690018147, 41.31227760247811, 93.50484527883772, 79.15389698932358, 91.2516582865506, 75.44301485580623, 66.59869051188102, 0.8843963301342229, 71.36930933636623, 30.059048018934984, 81.7973457216981, 50.5549404280343, 62.84277678821052, 40.42183258735433, 10.496573712492616, 69.11984273188804, 107.8332839998496, 7.982950735211605, 92.37410431938373, 75.84093469350842, 54.91759043346748, 13.982129722260723, 59.66464450511764, 27.773512942170154, 50.24756009177594, 83.41028405489314, 90.04191609960833, 89.00050734535627, 95.67111033052383, 11.133591339391923, 37.68630880767461, 44.92987022590417], [35.94646965677249, 29.79431235376673, 16.306673272265922, 42.649336701102655, 52.70282321469871, 55.32203971533346, 42.953233762229715, 47.51749138806306, 57.88255801774021, 58.562605712105416, 0.0, 39.63163486848185, 44.78157332258365, 57.72180286447933, 1.4759491898126473, 39.29868936704721, 27.142343494936345, 41.438052089423664, 40.6224543483265, 31.44341551163905, 7.587914988944969, 59.82649074067043, 41.71745935560942, 62.335566552451, 53.59647906062193, 38.631881289095936, 34.35406324499122, 28.448399584033336, 26.21656442877431, 52.29927580204004, 69.35303456320459, 31.865722362693205, 36.38104098197602, 25.179083510964013, 33.01041094139688, 55.39761798235497, 27.481416510716798, 57.74528133839349, 60.30838204356337, 43.73758306252087, 70.26554448667628, 8.683073677307052, 26.60131695034486, 18.56923235416475, 66.11577216842976, 17.29384114374055, 50.39609498926276, 66.25341164554943, 58.87556676576, 33.246402290520685, 8.279860307583217, 48.06476762901616, 59.20136794258126, 46.34061164261583, 12.516731015728984, 50.85194463648644, 31.560076905238034, 47.498710289031145, 40.74870252103127, 58.383140078965525, 27.935505859270062, 33.052247923698154], [66.45277657509092, 67.8527735381972, 47.190884631279104, 80.98403552459368, 30.243995386611545, 16.890693580524882, 40.2884086901451, 66.45690781166192, 90.88028294821339, 88.74389059602511, 39.63163486848185, 0.0, 21.697878089579067, 74.9952224102418, 40.23767880417863, 78.87678505799158, 12.713882963581018, 30.39888744917247, 25.135090694248632, 19.375366614647206, 43.80014352913541, 28.440977829648016, 74.37860591301701, 92.47121907975801, 40.51026598523321, 39.85140012031236, 73.78958184802099, 67.27635599301036, 15.644910209695302, 66.10984047057649, 54.75729186139182, 71.28329287844018, 44.90403143549307, 15.470401749079258, 37.696361986328114, 39.46273014757379, 62.655789452847706, 88.09719982177562, 49.309623899490305, 63.13417056662508, 54.126692905823255, 43.010584860912694, 26.54808977176681, 51.067277887120824, 93.19153063877388, 48.483840442161416, 29.088225566149735, 95.23380813192605, 28.140161133464662, 64.27334244937751, 47.83696253080146, 75.40746734421752, 57.19942286568079, 66.27357018766017, 40.43530451994928, 25.244114967118406, 34.60334977448984, 74.80882035652164, 53.4648705800807, 84.29245145004879, 51.10874315872644, 46.29919440307737], [59.374776066444035, 74.52596373476898, 44.52841085321678, 79.44908437970523, 51.87716030318193, 33.01163996808628, 22.22797985530171, 52.9920852871233, 101.8743859461034, 79.26210552404248, 44.78157332258365, 21.697878089579067, 0.0, 59.81429065233773, 44.65912979728515, 80.59218761275821, 26.57771233663613, 11.732189818689916, 6.960320901697798, 38.632852989382435, 45.40365853742132, 15.77175392785163, 67.8274943865531, 82.71484406452818, 18.9797256077224, 23.894770839169446, 75.04536794754866, 72.90351181200997, 31.37575585163248, 50.35573582407667, 33.164330834176646, 72.6150640340864, 62.965797460353926, 29.778306779938482, 55.95817767449378, 17.764957247597664, 71.77229743049409, 78.77327690768522, 27.7134837182991, 50.37154459271145, 32.70121371089705, 43.845979495172024, 19.731758702482534, 48.2047456669321, 81.50825280720149, 59.01270417317641, 50.7795868515631, 84.56956532209547, 14.643253746185053, 75.83986349141396, 52.61629975339943, 65.29890729954779, 36.82408128423102, 53.31762768868248, 39.116488939301114, 6.0726783269290925, 52.85600898162948, 88.48577332932753, 71.08882465889043, 72.56463507040486, 42.898311123279, 34.33320373953536], [28.83773938806204, 71.73175913320273, 41.66422792019987, 52.23970757632396, 101.58931987529894, 90.72660405505441, 37.75818392393718, 10.204692525209094, 102.18502637044848, 29.319209268591717, 57.72180286447933, 74.9952224102418, 59.81429065233773, 0.0, 56.29209560641443, 61.90840236583482, 69.17991221059921, 48.084055302930466, 53.13982684889269, 80.9280904800574, 50.646365538865695, 71.85732508066056, 32.22958953725371, 31.091969368456972, 47.497548055056484, 36.10756817643551, 57.646535570195574, 68.14045198110814, 72.2649671115295, 9.533571562132018, 51.82852518289596, 56.66101979204635, 93.8488705758808, 70.12080976008856, 89.55709019701955, 51.098666436477394, 76.45596378405448, 29.426388229844758, 44.835499519935894, 13.999540418773828, 54.34148722675666, 49.14187865782073, 48.80983504758268, 40.61429659439687, 25.504475581633567, 73.25646239305664, 99.66401478069092, 30.336149513063578, 70.611627635484, 85.22123510410879, 58.22386448687906, 20.055136680561947, 31.94846104337638, 11.461158976775494, 45.70556990301538, 62.453418847233316, 87.4837045877503, 99.80329948885587, 98.44862883888982, 18.446030911748746, 29.830131338502536, 29.164437542302306], [34.49278208415225, 29.867351453751397, 14.83872743364133, 41.64405099303231, 53.96010243682617, 56.09499523833493, 42.124937338743, 46.08867234898758, 58.40481184316138, 57.13821929049447, 1.4759491898126473, 40.23767880417863, 44.65912979728515, 56.29209560641443, 0.0, 38.63947024392929, 27.85311524253793, 40.939614195858496, 40.31096495398999, 32.62032720978309, 6.120630331195561, 59.832856873512064, 40.32414485864088, 60.91460250826465, 52.97885741182631, 37.74256689015128, 33.60329074139484, 28.347491246310895, 27.14270924947703, 50.93760529519947, 68.65519322106896, 31.104383056276617, 37.85033939570421, 26.01860671596864, 34.48098803376138, 54.85835938316932, 28.00781905654182, 56.32321334290575, 59.55674786560338, 42.3132622844443, 69.61370771603575, 7.217007581857929, 26.17148227116301, 17.098875279005444, 64.65557178314067, 18.387291573785692, 51.65990890132808, 64.81632347805336, 58.86145538170234, 34.07717981508145, 8.030196440713137, 46.59464181818101, 58.18350245769063, 44.9019427456779, 11.24328013781858, 50.72144733063378, 33.01496584443577, 48.43504735811807, 42.164895797110205, 56.91101801704669, 26.523677906511388, 31.850065487466537], [33.55990729392713, 19.55147191266002, 36.527949718161906, 11.990299494945248, 88.83189525301675, 94.57939672287581, 70.36136585919226, 54.30800331087988, 42.700596518241014, 43.18163393095095, 39.29868936704721, 78.87678505799158, 80.59218761275821, 61.90840236583482, 38.63947024392929, 0.0, 66.44102291543697, 73.70565849950887, 74.93480961499962, 69.1407629662827, 35.728484547144745, 96.31790528523896, 30.156623324572628, 45.703060874698615, 83.39675580392488, 65.57099700327493, 5.613797368024736, 16.788978843486746, 65.26988390215921, 62.55536611609063, 96.86375455064788, 7.979746775699849, 62.7421695035989, 64.3991176289039, 63.465356251770714, 86.21545012802332, 28.729722141080224, 42.35087846006568, 87.4243461884624, 52.06055337294804, 98.53257841691072, 37.01645242300303, 60.87384622117448, 33.31221365424168, 53.6422061257726, 38.23013596132746, 86.48869185352832, 50.49965733694397, 95.22241826997731, 37.02873807326794, 31.273544821155635, 42.712801845233564, 80.72614802261444, 52.5520754092059, 41.47599154521221, 86.41290309565383, 63.61875008554651, 47.88643413219895, 61.70493166611721, 50.50347926647626, 43.65948200841102, 54.434995784678335], [56.642327085233106, 55.14551559553883, 36.47546610812707, 69.12755085310697, 32.41647720337059, 28.27894310224726, 38.74285765241703, 59.840797702566675, 78.8100179646652, 79.44291757487053, 27.142343494936345, 12.713882963581018, 26.57771233663613, 69.17991221059921, 27.85311524253793, 66.44102291543697, 0.0, 30.862535581928093, 26.709966991640425, 13.190922227461545, 31.916595161438106, 38.019785806362, 64.15501413029233, 83.23118228983625, 43.055271253995116, 36.80853443217512, 61.45548771913252, 54.56747551237361, 4.82705663548069, 61.00698996201022, 58.74928310831059, 58.957378095897035, 36.39052124376597, 3.318166075303157, 29.41836005119282, 43.07544189278043, 50.11330566386234, 78.73745482378173, 51.67780752067866, 56.24121784203636, 58.66599989772498, 31.36846594647818, 20.95761522127248, 40.236174189888644, 84.87133856186192, 36.06337246553393, 30.535827183172035, 86.37233478840396, 37.410865389383744, 52.219323171906595, 35.268730285264944, 66.68350634668953, 56.78507054814742, 59.36206195080957, 29.653949638430515, 31.878824248311524, 26.333999478849183, 63.534045841680154, 44.53479331606659, 76.16781099615963, 42.48029781342142, 40.022374613981036], [49.43442875209654, 70.25350139556043, 37.1786359612177, 71.17219147133426, 60.32017976291306, 43.95221205331829, 10.579686479983861, 41.43159705197434, 99.31900892169162, 68.29732000193826, 41.438052089423664, 30.39888744917247, 11.732189818689916, 48.084055302930466, 40.939614195858496, 73.70565849950887, 30.862535581928093, 0.0, 5.42671372561073, 43.98039529396661, 40.13238967629492, 25.38353109725332, 57.882600959281795, 71.65838914952485, 12.771708672518947, 12.310643821875761, 68.09389096840825, 68.14398374752385, 35.54416530803321, 38.62376766360227, 28.912790476563696, 65.76969567852032, 66.13843650008772, 33.5330223537271, 59.55856504292001, 14.011519690594548, 68.91562070175942, 67.85178967661658, 20.978177483247503, 38.95809917532481, 29.38449360133635, 38.322974795238174, 14.893512612595561, 40.49654240088461, 70.07289452875212, 57.53234533341753, 58.92487058594926, 73.30615286092151, 24.126427247658484, 74.24523759634612, 48.416873295628605, 54.31598320405383, 26.828045437436096, 41.837919478282004, 32.97229241899979, 15.113858488306, 56.592209588829206, 87.84814513062197, 73.66399276315457, 61.165925144507376, 33.130149684345504, 23.547070047481157], [52.600902865553024, 70.05363847253807, 38.56207778255294, 73.2342316248246, 55.206379578934296, 38.53443168862933, 15.9363143254924, 46.10536658065024, 98.3350781410278, 72.3110996604947, 40.6224543483265, 25.135090694248632, 6.960320901697798, 53.13982684889269, 40.31096495398999, 74.93480961499962, 26.709966991640425, 5.42671372561073, 0.0, 39.63082878953426, 40.32295068930859, 22.10251641526239, 61.06159746854217, 75.7578329947468, 16.355969051214046, 17.08077565300437, 69.3495246049636, 68.19064211324694, 31.49543459360512, 43.73676550155635, 32.12090883799187, 66.95852393839061, 62.6420791451444, 29.597548968689544, 55.88043137447076, 16.52191931062368, 68.00602476553492, 71.82612555305472, 25.055616943605372, 43.43836894336899, 32.210767188104285, 38.63953632132016, 14.341457480017093, 42.121217531924714, 74.57120570977312, 55.92715575686713, 53.874724552794135, 77.61132625672177, 20.89525880605293, 72.7570925090075, 48.089347989191005, 58.344604302387964, 32.07210245711188, 46.39988369303308, 33.59796659924056, 11.753537033315382, 52.852116526263494, 85.9638035672405, 70.41697106588414, 65.6220629962334, 36.13648953190755, 27.381240593354885], [65.37390714654079, 54.68960860982992, 44.68806814100899, 73.89754296670648, 21.670760255027595, 28.362809790366377, 51.90329568629512, 71.25629419837695, 73.86979118539853, 88.37560308644996, 31.44341551163905, 19.375366614647206, 38.632852989382435, 80.9280904800574, 32.62032720978309, 69.1407629662827, 13.190922227461545, 43.98039529396661, 39.63082878953426, 0.0, 38.07100614817158, 47.74417135164197, 72.1778406616455, 92.185890789117, 55.979384425225945, 49.814274668317836, 64.75589395292405, 55.005066988192794, 8.917891826660588, 73.16612855184691, 71.44032050389764, 62.3587409360426, 25.533106702366396, 11.11532385942919, 18.326720368280892, 55.76910173241597, 47.86533295633932, 87.61282309272957, 64.6770955997592, 67.54337400819112, 71.20207727152939, 38.17189082789811, 33.74755446770113, 48.07668927149307, 94.73015322235689, 33.636963584299274, 19.465507981899748, 95.6955238228233, 47.377064426561745, 47.600008347002294, 38.362205570951986, 76.397034852326, 69.96764157843869, 70.60468994041231, 38.19393891412056, 43.34721227555825, 15.246925615312735, 56.61063397814653, 34.11248817581021, 86.29347864588317, 52.830813564101355, 51.9763778263354], [28.38415411144574, 30.207727567814274, 8.988226204119579, 37.233232343772805, 59.59348496254205, 60.14638138833168, 39.783751628450915, 40.46356320325424, 60.227745133067415, 51.09218493180716, 7.587914988944969, 43.80014352913541, 45.40365853742132, 50.646365538865695, 6.120630331195561, 35.728484547144745, 31.916595161438106, 40.13238967629492, 40.32295068930859, 38.07100614817158, 0.0, 60.97338657825908, 34.37925949844653, 54.87687443927776, 51.512856204516105, 35.16039277584327, 30.371800407307084, 28.011663765912726, 31.893868560548253, 45.73542072502425, 66.73192666211013, 27.870908291083065, 43.85078507560774, 30.518435839400237, 40.59801186353884, 53.72866054934476, 30.21436422160896, 50.28354023336576, 57.433390781632674, 36.7275458708051, 67.89453291157305, 1.9750590761753561, 25.98466705307242, 10.982533963934547, 58.53742628388152, 22.967005664634065, 57.31501882396988, 58.73788112475806, 59.92543564164633, 37.37536945234497, 9.07454053923501, 40.47728826521735, 54.79549235825015, 39.207716118822184, 7.557795278065267, 51.37233411367828, 39.13046730795192, 52.03367608217306, 47.85900207572349, 50.79821980811525, 21.097771577695273, 27.702103807899018], [74.60783891401341, 89.61801018132711, 60.299123137468804, 95.19241039511103, 55.295986145045404, 31.45147093114732, 34.47446828142562, 66.25147737653641, 115.99518327375534, 93.6372028062787, 59.82649074067043, 28.440977829648016, 15.77175392785163, 71.85732508066056, 59.832856873512064, 96.31790528523896, 38.019785806362, 25.38353109725332, 22.10251641526239, 47.74417135164197, 60.97338657825908, 0.0, 83.0701340910559, 96.95852362027694, 25.287949568216806, 37.45648061935674, 90.78293074685848, 88.17393566412353, 42.39468475297788, 62.332709157052705, 32.89827285007623, 88.34444164121334, 73.20224742714635, 41.33243128715255, 66.00275719464197, 22.104647407255694, 86.2753712694452, 93.20482321112594, 31.865380247383232, 64.04806872228119, 31.282825507961743, 59.47181453535127, 35.49188367543737, 63.96622934454981, 95.01287823001367, 72.95752501966209, 54.83532894439333, 98.45879250414795, 1.2656827655201397, 89.6113236152094, 67.84886239300502, 79.66156347354331, 44.26576799744758, 66.81570947216247, 54.846360267745936, 10.390571417186665, 62.88860856393056, 101.48770045847527, 81.69478588597329, 86.18730056035112, 58.17539320061584, 48.92456561574001], [8.462647594007874, 43.36205943702636, 27.7378672321652, 20.01116902837584, 93.81430253289308, 91.26560870768776, 50.947233195533016, 26.10646854209616, 72.00480727091161, 17.18228058272732, 41.71745935560942, 74.37860591301701, 67.8274943865531, 32.22958953725371, 40.32414485864088, 30.156623324572628, 64.15501413029233, 57.882600959281795, 61.06159746854217, 72.1778406616455, 34.37925949844653, 83.0701340910559, 0.0, 20.841781649903268, 64.06556386015977, 46.72416736533277, 26.583607205553704, 39.6451031575877, 65.21236925526385, 34.60785646863726, 74.58126339841215, 26.191265472275703, 76.33206713044983, 63.52019520207781, 74.18407106884344, 67.45315831683479, 50.170756602036604, 16.320753464739678, 65.6207289257094, 24.966606960028727, 76.67825860547912, 34.044044083702715, 49.65978974698345, 24.140749735085365, 26.2709560221986, 51.96462083128327, 91.56187265416555, 25.124666923409926, 81.8346583691248, 59.41446795151686, 37.751387133128155, 12.567771345638468, 56.05757322022294, 24.404319245609802, 34.525452656636176, 72.68070199214118, 73.05537873742868, 73.05198068989797, 78.52444881282608, 20.987517615348242, 24.93077406473914, 34.60890584190389], [26.812314017955767, 62.205380487668414, 47.49958318185962, 33.75129182340648, 113.85617065592486, 109.28813178285527, 62.82736690258985, 31.667218809705297, 88.35673559764318, 3.8103458996744437, 62.335566552451, 92.47121907975801, 82.71484406452818, 31.091969368456972, 60.91460250826465, 45.703060874698615, 83.23118228983625, 71.65838914952485, 75.7578329947468, 92.185890789117, 54.87687443927776, 96.95852362027694, 20.841781649903268, 0.0, 74.85677860735568, 59.50420393140255, 43.888323302485766, 58.56017694788559, 84.77966852430836, 38.40428105580619, 81.93677554064023, 44.30298885735155, 97.170803226225, 82.95569952411405, 94.9834837671703, 78.46168360238033, 69.8395452961665, 4.593819562292912, 74.0695985928948, 33.13412987027951, 84.34820436230962, 54.35310013971703, 66.50133196774406, 44.225240199181044, 8.924825032646112, 72.69783764127519, 111.6433949790045, 4.800446205471341, 95.69407533605455, 79.06735972204234, 58.59306585919826, 17.43080446096453, 62.09320989581038, 30.688203414754277, 54.0565166711225, 86.77108729502864, 93.79593466046586, 92.05092218171774, 99.23308720556852, 12.64768804138206, 41.38628313099417, 48.38759890551769], [55.87670712439011, 81.71348339244629, 47.26863348856078, 79.50604735310813, 70.75193867510086, 51.48176339376987, 13.283182516252378, 43.28433955358999, 111.35477607786875, 71.85291837605692, 53.59647906062193, 40.51026598523321, 18.9797256077224, 47.497548055056484, 52.97885741182631, 83.39675580392488, 43.055271253995116, 12.771708672518947, 16.355969051214046, 55.979384425225945, 51.512856204516105, 25.287949568216806, 64.06556386015977, 74.85677860735568, 0.0, 17.9360674512154, 77.80235298411647, 79.37012438307335, 47.82676848033254, 38.10971409188194, 16.14288022923999, 75.60178690862296, 78.77225240311064, 45.896561161344195, 72.10434008352466, 3.6293441960882307, 80.97858930087723, 71.54763295160888, 8.816511226102294, 41.796787296967004, 16.72656654782774, 49.614863535641895, 27.385726991077426, 50.14802844659191, 71.77362140551662, 70.03868374815825, 69.57519362526456, 75.72336289933288, 24.12516631261669, 86.65504833197501, 60.15239795378167, 58.16572819051727, 19.1093702123135, 44.172310090389956, 44.07759372341552, 17.942330256405658, 69.10207301004642, 100.42415100379277, 86.38131388290905, 63.242231647654656, 40.63056208258626, 29.85919489008538], [38.38377050328084, 65.04124619596631, 29.817569601351828, 61.58949341384431, 68.48642456962254, 54.87775731188212, 4.810544740780244, 29.12791182173882, 95.38765368395795, 56.20521318696421, 38.631881289095936, 39.85140012031236, 23.894770839169446, 36.10756817643551, 37.74256689015128, 65.57099700327493, 36.80853443217512, 12.310643821875761, 17.08077565300437, 49.814274668317836, 35.16039277584327, 37.45648061935674, 46.72416736533277, 59.50420393140255, 17.9360674512154, 0.0, 59.99240821525391, 62.45380483463641, 40.91821113929344, 26.781347842741276, 31.817412812265353, 57.834131634436936, 68.92200106641626, 38.73420447439668, 62.99758204092173, 21.037262444047027, 65.2812202426221, 55.78952030048744, 22.400832825726944, 26.664966866613966, 33.22242880081176, 33.19611388875463, 16.195397563945402, 32.44718447461215, 57.76563545358311, 55.801787182282716, 66.82998635824674, 61.04653838994937, 36.19162161766216, 71.81765377393478, 44.1387252019726, 42.243433487235166, 21.20785959508714, 29.52872265063463, 27.602814681479952, 27.338842306901192, 60.28165368593968, 86.12871739917287, 75.62128713880917, 48.86675767980482, 22.73911286071667, 12.142138125587497], [28.966529098909557, 18.767886261563586, 30.91732041047839, 11.535085244029828, 84.86783162018266, 89.67448042739906, 64.78690766353884, 49.64525033295017, 45.43935804585471, 41.04035054187431, 34.35406324499122, 73.78958184802099, 75.04536794754866, 57.646535570195574, 33.60329074139484, 5.613797368024736, 61.45548771913252, 68.09389096840825, 69.3495246049636, 64.75589395292405, 30.371800407307084, 90.78293074685848, 26.583607205553704, 43.888323302485766, 77.80235298411647, 59.99240821525391, 0.0, 15.370331568657816, 60.48967716513319, 57.76835723570829, 91.34552641904263, 2.5089501068410653, 60.02595066180541, 59.527079175243145, 60.19478570972125, 80.61019276192057, 27.383216593186457, 40.178368437766366, 81.89921133239716, 47.220324228578676, 92.99371029048888, 31.588928586324876, 55.31947381906966, 27.70196828542197, 51.34284495210804, 35.05320563396892, 82.52191321084918, 48.67608462007446, 89.68123217122532, 36.259665656890945, 26.537017704612644, 38.973676354401164, 75.40201902436776, 47.89717906369182, 35.93676351433139, 80.84853167815209, 60.12181468562815, 48.3516921394502, 59.706783910373645, 47.403578395101775, 38.201816296902486, 48.93158509495176], [39.57905329633963, 3.717792901595061, 32.86177456265107, 26.884593608690217, 73.54307555254177, 81.9158836010611, 67.20468609395417, 59.03370829032502, 34.43601306934805, 55.4728500314708, 28.448399584033336, 67.27635599301036, 72.90351181200997, 68.14045198110814, 28.347491246310895, 16.788978843486746, 54.56747551237361, 68.14398374752385, 68.19064211324694, 55.005066988192794, 28.011663765912726, 88.17393566412353, 39.6451031575877, 58.56017694788559, 79.37012438307335, 62.45380483463641, 15.370331568657816, 0.0, 52.52253282213692, 66.43302395704544, 94.2567586804758, 14.363607528972585, 46.12617083411965, 52.05266481068216, 47.30887281103919, 81.6873836752661, 12.079802493167945, 54.59411823826333, 84.85460046404813, 55.988266896124145, 95.55752624508804, 29.836801723727415, 53.86175408615065, 31.099588224009146, 65.50127882462867, 22.29523776704888, 71.2186665033278, 63.298889003905806, 87.19402543158873, 20.89508570384838, 20.325170151698085, 51.23526092176431, 80.62608571014066, 57.37213692047754, 35.30768897148989, 78.94554297570704, 47.74649430058524, 33.53389866121245, 44.918481673834115, 60.58745358711089, 43.53943074928529, 53.12511504317524], [58.0203720036284, 52.80516706239179, 37.488343382342194, 68.77569447180643, 29.570463348852527, 29.44265173141098, 43.104008032265845, 62.70397755902078, 75.24081794445874, 80.97446659282507, 26.21656442877431, 15.644910209695302, 31.37575585163248, 72.2649671115295, 27.14270924947703, 65.26988390215921, 4.82705663548069, 35.54416530803321, 31.49543459360512, 8.917891826660588, 31.893868560548253, 42.39468475297788, 65.21236925526385, 84.77966852430836, 47.82676848033254, 40.91821113929344, 60.48967716513319, 52.52253282213692, 0.0, 64.36863609943006, 63.560254296000736, 58.017859038768584, 31.59204625309126, 2.198479118292909, 24.597291287360946, 47.890023689421724, 47.17570297890212, 80.23956659581606, 56.41756593670655, 59.028969040393875, 63.48939287807514, 31.640052203577525, 24.83080275851664, 41.0943572682788, 86.88078658724322, 32.927397325160634, 27.526003778302417, 88.10881230636988, 41.841562243628786, 48.631678643670554, 34.001052941821776, 68.58899145644828, 61.20625447540537, 62.1174577083843, 30.76880478982464, 36.60373971861478, 21.509168447510163, 59.43760924315096, 39.78806899536717, 78.3077387719951, 44.6698986196368, 43.21692442547394], [29.044658239300773, 69.86110845494693, 36.97702355739905, 54.177041842347755, 93.3967292710976, 81.58528578451964, 28.24536387427497, 8.502743451766465, 100.84549584627585, 36.0174506015438, 52.29927580204004, 66.10984047057649, 50.35573582407667, 9.533571562132018, 50.93760529519947, 62.55536611609063, 61.00698996201022, 38.62376766360227, 43.73676550155635, 73.16612855184691, 45.73542072502425, 62.332709157052705, 34.60785646863726, 38.40428105580619, 38.10971409188194, 26.781347842741276, 57.76835723570829, 66.43302395704544, 64.36863609943006, 0.0, 43.55028284890418, 56.41281744837256, 87.75646245717559, 62.19275170150448, 83.01189083883173, 41.725515185145554, 73.53965793813337, 35.937627859803875, 35.98451578551317, 10.573073532098828, 45.98500948062881, 44.03448923627155, 40.290038533232945, 36.769648746320904, 34.02829686261023, 68.6884905756507, 91.5424880008329, 38.42780269519801, 61.0856915148291, 81.9120552045972, 54.01638983044685, 24.118015158159743, 23.68901220290298, 10.224257582757073, 39.87968785086564, 52.92353665856737, 80.75734935485468, 96.64215791030563, 92.93340297174844, 26.00975843192976, 24.676958047209165, 21.21794498606873], [66.9249484149291, 96.79211683500935, 61.61412876354995, 91.73852911257637, 84.69387391721756, 63.225059966965254, 27.05215564848401, 50.681591460160774, 126.87083601735651, 79.42194690018147, 69.35303456320459, 54.75729186139182, 33.164330834176646, 51.82852518289596, 68.65519322106896, 96.86375455064788, 58.74928310831059, 28.912790476563696, 32.12090883799187, 71.44032050389764, 66.73192666211013, 32.89827285007623, 74.58126339841215, 81.93677554064023, 16.14288022923999, 31.817412812265353, 91.34552641904263, 94.2567586804758, 63.560254296000736, 43.55028284890418, 0.0, 89.2824058689593, 94.74991884009812, 61.70097236903218, 88.00082469621172, 15.680550050715427, 96.57588119443359, 79.27781645468664, 9.46259961336845, 50.31443963958099, 2.608377388782679, 64.79087398628361, 43.44117053997197, 64.0963666917983, 77.29015230715815, 86.00888085681997, 83.73296118046858, 81.90729283964355, 32.12149541457526, 102.53151902219368, 75.56764108609474, 66.6016742472382, 19.914080980815513, 51.98016344119648, 59.19796439881169, 29.933412207322164, 84.9684844342969, 116.42821732624512, 102.44536840590405, 69.54832464977034, 53.27252309520168, 42.433579686237046], [27.85657069708946, 17.94012138159543, 28.59316575169857, 13.058109247622918, 82.56553094516832, 87.18283628605268, 62.63581265502489, 48.39823352250331, 45.899295960755815, 41.31227760247811, 31.865722362693205, 71.28329287844018, 72.6150640340864, 56.66101979204635, 31.104383056276617, 7.979746775699849, 58.957378095897035, 65.76969567852032, 66.95852393839061, 62.3587409360426, 27.870908291083065, 88.34444164121334, 26.191265472275703, 44.30298885735155, 75.60178690862296, 57.834131634436936, 2.5089501068410653, 14.363607528972585, 58.017859038768584, 56.41281744837256, 89.2824058689593, 0.0, 58.127959565285046, 57.04221326008039, 58.111192471420786, 78.37478351924275, 26.157432016210414, 40.4398020269078, 79.82816506044487, 45.843888194379225, 90.89923159093897, 29.101923841815896, 52.89499328320843, 25.461637418524163, 51.49043226201419, 33.053874597346024, 80.21973429421516, 49.065338053755454