instance_id,num_cities,city_coordinates,distance_matrix,best_route,total_distance
1337,67,"[[32.65008457242433, 95.06761514420494], [17.149496073547166, 90.45396323093748], [66.76611470963871, 43.99410514805589], [40.617212052861454, 67.27112671556866], [97.56402943783277, 89.4452334211849], [30.82230535193422, 70.27257754115324], [32.2016153967343, 50.28165443688714], [19.200554152216533, 64.70318790597213], [31.994718386352705, 7.296431406250148], [79.77391116013257, 94.85840845568995], [83.32948777742205, 85.54515959302998], [66.20529731449139, 96.58543144126949], [98.78445360528758, 30.580843968980975], [51.39926265028004, 32.172315396216845], [36.77253002849048, 65.092535348005], [18.881142262845596, 83.07060314631917], [26.054834183779963, 21.118857105907818], [88.73724166005542, 22.046868105062067], [80.73043981615412, 71.29531984268553], [31.64646169550023, 32.19485107295211], [25.488243415484668, 56.58587705434852], [17.368378268870586, 45.478605806854176], [8.053736859674876, 22.913145993295604], [33.25163741486412, 15.821911657210297], [79.1450114378112, 0.6412903294325978], [46.238672243673726, 81.21203167642341], [69.36516943549282, 94.35531733818067], [7.855927187907752, 19.356634432138485], [28.906915053747728, 87.02764357181933], [20.219090555431517, 41.66850331912121], [95.38906641298922, 55.34401629030354], [90.77843952435488, 99.32378290364386], [11.996503084348687, 69.38400588654802], [23.32135115455468, 22.79902464076937], [60.025894182274165, 49.25519575098423], [10.249898983788796, 85.38354276873822], [88.87603102742398, 54.64158778687912], [87.9321858375753, 65.18660142092222], [53.93634819386153, 98.35006463473846], [62.14010525491456, 33.44470432505706], [0.5333398457848193, 43.53691410001213], [71.32575911738599, 34.17821476997263], [83.87553164672775, 8.444113354149863], [45.28422499414767, 31.730401233775474], [26.563966024969655, 71.95438982656137], [32.91562812637282, 16.681703464545585], [88.95193035941489, 1.9323101978061752], [10.5894426049413, 87.76404955089872], [65.95279542540756, 25.093907813263538], [63.19499060653474, 73.06982214752918], [40.60968025356314, 58.21210432167074], [8.305578006926561, 50.671435053207006], [77.62173422323009, 34.170144930764565], [17.991708358837975, 42.935503418072784], [45.069575755920575, 59.80467814462299], [79.6290031373009, 14.73821634211534], [6.996641354345101, 68.0542242503223], [7.875849514541922, 23.43447971465461], [62.776629896359935, 27.532727122267552], [34.0127804369199, 92.77699895817233], [92.03384277650011, 48.32811603349886], [50.21901071624186, 19.205135909733183], [15.563037769286925, 81.58151721050677], [0.47421208533858783, 61.791566502052106], [70.4709950508119, 8.397651160738196], [86.44524294074097, 64.72050033660301], [19.25671531230211, 44.95073022724683]]","[[0.0, 16.172632061242215, 61.41992295379453, 28.915737743534176, 65.15697517709548, 24.862314184637018, 44.78820604890262, 33.20976227000171, 87.77363043420083, 47.12429097298884, 51.56625901632612, 33.58952319514247, 92.37044128930336, 65.63040765517472, 30.257229967840647, 18.262312810866053, 74.24228002355213, 92.07496233139113, 53.636205908564186, 62.88077385686746, 39.14251058853457, 51.89027263956064, 76.23154031800749, 79.24798664301146, 105.25259636817785, 19.406877856365558, 36.721993745802905, 79.66745157710945, 8.868622267878951, 54.82695282393786, 74.25728346967998, 58.28396531992411, 32.957824758084094, 72.86819910314055, 53.36864924705412, 24.403884366604277, 69.25042052331338, 62.840955605571565, 21.537861862757506, 68.3157701975053, 60.71983565476854, 72.13408957934769, 100.63636266446605, 64.58501505869084, 23.901088334170716, 78.38636146186657, 108.830523597384, 23.23820118669257, 77.49445314210332, 37.6416548700669, 37.70522299890479, 50.63275428603391, 75.7030458483123, 54.15371701226943, 37.386073437757894, 93.05821350869819, 37.25348891753518, 75.79623218980946, 73.94977912942517, 2.6653072113412897, 75.57123470977453, 77.87029550122159, 21.767912300675647, 46.2880349932909, 94.56269838741716, 61.76460508266882, 51.8756637925493], [16.172632061242215, 0.0, 67.97298917923828, 32.987537073629504, 80.42085993089657, 24.376916169256827, 42.89965838982867, 25.83232991967467, 84.47221865613868, 62.77910880758654, 66.36179363971773, 49.43750133052171, 101.23762492949707, 67.60027355633322, 32.06657895470053, 7.583706525442989, 69.90466356564983, 99.01684695908669, 66.40474398473921, 60.0357073888599, 34.879535095776795, 44.9758900394364, 68.15053065681356, 76.34934235394057, 109.13184750105447, 30.522016137781293, 52.361217599588954, 71.70216583170036, 12.246492048029099, 48.88193438368256, 85.7562752285489, 74.16127705688845, 21.69092988419629, 67.93587057497957, 59.4619538582891, 8.562336343807749, 80.16995728722765, 75.15735987292842, 37.624737956575665, 72.6237599929131, 49.77254410756062, 78.11547440960084, 105.72596322628894, 65.11543369332806, 20.757323059829673, 75.43816826346688, 113.9810187052846, 7.090129555729393, 81.57020823700712, 49.21784156172671, 39.873772177777894, 40.75370455530413, 82.61210437507839, 47.52592286868643, 41.4597337880052, 98.1659978295022, 24.593266666893083, 67.65804971539352, 77.72333815738908, 17.022539602244454, 85.92003481860331, 78.54927239223916, 9.01316527844757, 33.160188213148366, 97.85918763071956, 73.91962964203952, 45.55199871255201], [61.41992295379453, 67.97298917923828, 0.0, 35.0083539060046, 54.902792396248294, 44.52544825667435, 35.131721973328496, 51.87820987482144, 50.554616607497344, 52.50123921840773, 44.730699221807065, 52.59431639854216, 34.71440048588913, 19.38800802431499, 36.670954158943495, 61.80568972221255, 46.69780867497923, 31.054977592854375, 30.665268619118894, 37.04878438710695, 43.15571084244641, 49.4200375118996, 62.38229036899491, 43.78233290298274, 45.08551471265025, 42.50352866838782, 50.42823394415828, 63.85464084248845, 57.3167028697058, 46.60508428786598, 30.791132605821, 60.31554512349731, 60.36851345772553, 48.3392068415227, 8.550417948248338, 70.05118262047516, 24.540115853913754, 29.952036078843193, 55.84955900065133, 11.519106788266424, 66.23435279234158, 10.823218608142797, 39.45293480178547, 24.73600653795306, 48.969278922272345, 43.49508854624026, 47.55423230883562, 71.21535313249974, 18.917688747629665, 29.294201583132974, 29.770968475276213, 58.84064144986338, 14.640856169459095, 48.785892966058896, 26.846117429713846, 31.958737905744073, 64.43042197894097, 62.375969192555154, 16.937914735388446, 58.75841756267398, 25.63672623436919, 29.80435616594996, 63.51825433457742, 68.63939090782114, 35.78873670323719, 28.580614854267832, 47.51902947912326], [28.915737743534176, 32.987537073629504, 35.0083539060046, 0.0, 61.11162752266811, 10.24445724957021, 18.959547341292364, 21.570061320336773, 60.59134818168824, 47.898906029117164, 46.45727903329494, 38.91116252321035, 68.77212253408236, 36.71755943845878, 4.419031592480889, 26.871549739497368, 48.39519438254936, 66.03613265680542, 40.31457766012349, 36.205240987057536, 18.521885766663594, 31.865690638559727, 55.027360198494215, 51.97377627101112, 76.96704763916955, 15.031621529444912, 39.496815509045454, 58.04395193972869, 22.966301707039573, 32.73496120975602, 56.055436784878545, 59.527485333733544, 28.69859300125122, 47.71702701515407, 26.481516393916273, 35.358638524668706, 49.884054189398846, 47.360869818365664, 33.81271609507442, 40.093163800432215, 46.58357714467292, 45.145937622925615, 73.01985836133635, 35.84583905513046, 14.813057661645747, 51.17229855935633, 81.2736484828613, 36.354185788602656, 49.201723335267424, 23.31053309410467, 9.059025524919583, 36.32618143989123, 49.64886359399615, 33.22854162743069, 8.693181052232543, 65.4341387650302, 33.62968949965006, 54.71424349425312, 45.499232975948416, 26.347068827967732, 54.79514183458268, 49.01565066097515, 28.853057466226044, 40.515256713071615, 66.01010894699337, 45.89895543457949, 30.894512787861466], [65.15697517709548, 80.42085993089657, 54.902792396248294, 61.11162752266811, 0.0, 69.44097110101733, 76.19731680406677, 82.176657726609, 105.10832614143702, 18.595450311534584, 14.759158246560931, 32.161351155532984, 58.87703950377638, 73.56203390094541, 65.48786379077823, 78.94069068188469, 98.90429063624643, 67.97390550615337, 24.754577404150588, 87.30825857892164, 79.2127277120417, 91.45713099693809, 111.52852162088286, 97.75723643433123, 90.69399391761452, 51.98151500368143, 28.623148490400368, 113.84179951814869, 68.69966591060755, 90.91125073371185, 34.17050590738967, 11.984572180569618, 87.88773757726766, 99.76819344599294, 54.99409719594241, 87.40855054227808, 35.87164710209997, 26.100835957187066, 44.52718933042415, 66.26396957293909, 107.34304125374466, 61.17916459058822, 82.14959783158595, 77.87284383590205, 73.12276399509366, 97.33420305256689, 87.9356581918704, 86.99083362031824, 71.69632642810247, 38.07078833657957, 64.95618711370483, 97.31638398401395, 58.76249268070716, 92.16783206119707, 60.28457667152808, 76.82970499262093, 93.05926637156018, 111.36152487666821, 71.01634743544295, 63.63852536922494, 41.487351166131766, 84.70668271255839, 82.37718535654764, 100.95126511151318, 85.45608873895512, 27.109773869800705, 90.06551093526257], [24.862314184637018, 24.376916169256827, 44.52544825667435, 10.24445724957021, 69.44097110101733, 0.0, 20.038450607778202, 12.887327180474712, 62.98705846702117, 54.77885351994351, 54.683232976797974, 44.09447131547501, 78.7037947571468, 43.30174531321828, 7.8891070993043995, 17.503737752568604, 49.384380263049216, 75.3648386065281, 49.91861263610997, 38.0866444658201, 14.689383477783553, 28.20902671695027, 52.54829652541478, 54.50483161589225, 84.75612120798817, 18.903333698541154, 45.448110278591344, 55.85595571336595, 16.864191581168885, 30.50608506708606, 66.27011826559342, 66.6236486385646, 18.84676074564529, 48.06248577484035, 35.980271509332496, 25.525774697066353, 60.121235063022795, 57.33590151187796, 36.36762651024804, 48.34352941587912, 40.40070706151907, 54.25249110213906, 81.47026331128512, 41.16608402856448, 4.578421822737909, 53.63174232236728, 89.71870175203424, 26.7454730376257, 57.22991814762752, 32.493312050040835, 15.532151227144624, 29.8531036437116, 59.106447897561374, 30.198341689735965, 17.67941265257938, 73.93347700803285, 23.928714053391058, 52.156948180487426, 53.364535704147286, 22.72945477970604, 65.02623858674247, 54.627060819416734, 18.9930872583661, 31.51086024156342, 73.48826511368785, 55.8993447841169, 27.83808226788668], [44.78820604890262, 42.89965838982867, 35.131721973328496, 18.959547341292364, 76.19731680406677, 20.038450607778202, 0.0, 19.416699541467917, 42.98572094738565, 65.19363713625044, 62.10937232071506, 57.44815183133021, 69.43627493607895, 26.391245149888586, 15.500175932360195, 35.39138542047225, 29.803551255642386, 63.193988608013505, 52.88308740341968, 18.09532126152076, 9.209374906536233, 15.591478436437514, 36.4987026107438, 34.47573666624178, 68.32165235553116, 33.966560042256745, 57.6508240212452, 39.358218921281235, 36.89339734769123, 14.756939850453776, 63.38991618125505, 76.39616933739586, 27.805510145697344, 28.881724905576434, 27.843205766745132, 41.400729678788565, 56.841871942227016, 57.689287794688866, 52.75386875586865, 34.34815954394961, 32.378560786154985, 42.30862076433318, 66.48739327467325, 22.700301083560397, 22.393984676912595, 33.607536647630724, 74.55372114598038, 43.26679969982985, 42.11371193926956, 38.46933706868135, 11.558009777280194, 23.899216134926856, 48.19302784406553, 15.99648063846803, 16.008509747746306, 59.26797701534044, 30.84080015581535, 36.228630616148266, 38.10964714633505, 42.53392322353434, 59.86411066338086, 35.921811450258964, 35.447477697461245, 33.7506473512997, 56.73460275303233, 56.132445163636525, 13.999613963422764], [33.20976227000171, 25.83232991967467, 51.87820987482144, 21.570061320336773, 82.176657726609, 12.887327180474712, 19.416699541467917, 0.0, 58.81518792173006, 67.66438432152158, 67.43076383751067, 56.797212366413156, 86.59059653282705, 45.77132830920706, 17.576288789928636, 18.370192338851663, 44.120007321401516, 81.57764723574925, 61.88200896293097, 34.80937486116423, 10.26770528079686, 19.311691416166553, 43.25111719732297, 50.86071282003058, 87.73405655942011, 31.679674123398947, 58.272956046381964, 46.744095594145115, 24.343269351653458, 23.057192162541853, 76.76121086747816, 79.51087518283137, 8.591182034838422, 42.10629248569918, 43.65030183389794, 22.534225196221755, 70.39820931489734, 68.73333167218253, 48.35998036914797, 53.112125213359256, 28.2219070367528, 60.40538864715976, 85.72010372918962, 42.04238986452124, 10.334397113569747, 49.94162814801647, 93.83729307184666, 24.6161447405166, 61.27533870595337, 44.78293209990875, 22.37151864585298, 17.764869640037322, 65.91889709495801, 21.801224647182156, 26.32872341407648, 78.40979422317062, 12.65562847744852, 42.794336201309235, 57.275802326394725, 31.74178499240229, 74.65139590561492, 55.06557348350046, 17.265848532533646, 18.951343656994027, 76.1509788387861, 67.24469101710378, 19.752537518651526], [87.77363043420083, 84.47221865613868, 50.554616607497344, 60.59134818168824, 105.10832614143702, 62.98705846702117, 42.98572094738565, 58.81518792173006, 0.0, 99.74944153688601, 93.58483857592972, 95.61845657534998, 70.73211858135515, 31.54910366988255, 57.993250598098726, 76.90052653682217, 15.044656079901928, 58.62840037279161, 80.4427017471598, 24.900855098207664, 49.71703600219321, 40.887752043740534, 28.584127955107665, 8.617636506243786, 47.61765468385398, 75.27553510131646, 94.74069997274174, 26.98387921607584, 79.79098146289374, 36.333245635312366, 79.54504242825337, 109.19963046849223, 65.22879364292922, 17.76394371001521, 50.46072454730293, 81.05821446212428, 74.00707777285567, 80.50013695133832, 93.66001944649504, 39.90584576339251, 47.99157140113009, 47.639910178340024, 51.89350593678791, 27.814202620442742, 64.88562751714252, 9.430344975528996, 57.2092456870672, 83.26597985462763, 38.33929006448324, 72.79832358109925, 51.63935821060893, 49.422326061099945, 52.95300796721872, 38.29135338029406, 54.11162417422328, 48.21208610676462, 65.69941587701805, 29.01993175147039, 36.837938874426996, 85.50438587253095, 72.7206683198497, 21.770210698946713, 76.0807078098451, 62.954444375135076, 38.492032304201366, 79.13522172058379, 39.7505087013416], [47.12429097298884, 62.77910880758654, 52.50123921840773, 47.898906029117164, 18.595450311534584, 54.77885351994351, 65.19363713625044, 67.66438432152158, 99.74944153688601, 0.0, 9.968888075369941, 13.678080643308315, 67.02988900783046, 68.80891614550107, 52.29843191809432, 62.02323482365322, 91.2319059565153, 73.361172986001, 23.58249545858303, 79.01248518955988, 66.4207827592311, 79.57898871611998, 101.58692924028584, 91.71199365734985, 94.21921705723238, 36.205467106304276, 10.420892714291481, 104.27230840128465, 51.4662235991085, 79.84950009671512, 42.48788370548441, 11.875993157602148, 72.4066449417872, 91.53931574448987, 49.69544429370178, 70.16666836099725, 41.23398174789613, 30.772935810889017, 26.07242456904821, 63.89518108392696, 94.40849498389487, 61.26546481235193, 86.51158123923128, 71.93527471024363, 57.93006413470053, 91.14436840608614, 93.37824036603102, 69.5472545650383, 71.12038238114148, 27.378880547434363, 53.635702560758176, 84.02506329762197, 60.726412665647594, 80.70333729484615, 49.327020025226105, 80.12032315618295, 77.55640071135112, 101.34450584613676, 69.43813748488174, 45.808441913727165, 48.118333679925186, 81.2213628743147, 65.56913986588228, 85.9177415330486, 86.95979990865672, 30.86746140390366, 78.4417448775745], [51.56625901632612, 66.36179363971773, 44.730699221807065, 46.45727903329494, 14.759158246560931, 54.683232976797974, 62.10937232071506, 67.43076383751067, 93.58483857592972, 9.968888075369941, 0.0, 20.374628867632293, 57.09581386372007, 62.194853278444675, 50.851353505526106, 64.49583451025488, 86.20402772744357, 63.72814781512228, 14.484922616827047, 74.27913976462102, 64.6857758281721, 77.17639988947163, 97.92450052866252, 85.8435926534679, 85.00692241321761, 37.343066217173714, 16.511240602970442, 100.38515433585312, 54.442760589549344, 76.86405664090445, 32.51987843856809, 15.663248145385616, 73.14080662904104, 86.82196676185133, 43.12793700265299, 73.0797675026708, 31.397370788046317, 20.872367385613792, 32.06122654712142, 56.24453191924698, 92.84338857301154, 52.750853284082424, 77.1029798064714, 65.9050091989475, 58.36979940579976, 85.34478797721266, 83.80167328028828, 72.77388023418615, 62.89915165435281, 23.6861145125912, 50.71565700395422, 82.73308709658367, 51.691107380122716, 78.00389874038102, 46.11283176176472, 70.90357395160007, 78.31115030576316, 97.72915676531538, 61.545611445934206, 49.84412827517361, 38.2213831155024, 74.1437956508791, 67.88226725472279, 86.19298054217006, 78.21175674098376, 21.056456572368436, 75.85003537837402], [33.58952319514247, 49.43750133052171, 52.59431639854216, 38.91116252321035, 32.161351155532984, 44.09447131547501, 57.44815183133021, 56.797212366413156, 95.61845657534998, 13.678080643308315, 20.374628867632293, 0.0, 73.60711237378567, 66.09287541869583, 43.10557150129249, 49.216117636341465, 85.48253348798974, 77.86967278868842, 29.1645248437625, 73.07845071913603, 57.07751597053666, 70.68912425751964, 93.8573898340345, 87.227804217981, 96.81278022699954, 25.199355885585135, 3.867583319577967, 96.79326465021526, 38.5035144918742, 71.62820817569154, 50.52273451079979, 24.725247962308945, 60.650728965899546, 85.34322859358697, 47.731920489002, 57.06565440069341, 47.67859255039563, 38.183035651204804, 12.39520241190505, 63.27145649694853, 84.42127214083715, 62.616929194372794, 89.89510073130208, 68.14591851496327, 46.67036915893315, 86.56100634369184, 97.34794643961511, 56.31110080196929, 71.49196953405132, 23.70750570877954, 46.126433278082686, 73.89501038783207, 63.45079212964665, 72.1308875370246, 42.42101529749385, 82.94071676507588, 65.72438454926545, 93.55953302126177, 69.13777356866264, 32.41700635300914, 54.73465310978145, 79.01437524747804, 52.818139820405804, 74.37196113328362, 88.29088723070414, 37.74955937833819, 69.7876186832427], [92.37044128930336, 101.23762492949707, 34.71440048588913, 68.77212253408236, 58.87703950377638, 78.7037947571468, 69.43627493607895, 86.59059653282705, 70.73211858135515, 67.02988900783046, 57.09581386372007, 73.60711237378567, 0.0, 47.411908874735644, 70.96855294801723, 95.60185135227339, 73.3425302031114, 13.18238263434825, 44.537803712898686, 67.15738959050108, 77.7727212713997, 82.7678719731462, 91.05414078128977, 67.17422184760503, 35.8062084111826, 72.96969444617947, 70.2330245296463, 91.61866510795214, 89.82823375434324, 79.34388735763102, 24.994866624992017, 69.20757122482253, 95.0675219537454, 75.86327532836121, 43.02275378244947, 104.12349954627949, 26.02107282669262, 36.267480813046745, 81.26512061541848, 36.75608741640751, 99.10167056222085, 27.693338181948107, 26.689151284370745, 53.51257743137846, 83.23201981910665, 67.31930092279454, 30.288892363682926, 105.11079376531733, 33.286998170718284, 55.424932505116715, 64.40334465850849, 92.68256998841406, 21.464942884572796, 81.7319111153088, 61.149984352392444, 24.857999371530635, 99.14260793182862, 91.18906085591325, 36.13660726416399, 89.79828138928582, 18.98779640436877, 49.87994563808582, 97.60570026815763, 103.14559025352007, 35.96868052186077, 36.30113299503718, 80.81556031528264], [65.63040765517472, 67.60027355633322, 19.38800802431499, 36.71755943845878, 73.56203390094541, 43.30174531321828, 26.391245149888586, 45.77132830920706, 31.54910366988255, 68.80891614550107, 62.194853278444675, 66.09287541869583, 47.411908874735644, 0.0, 36.023356157685164, 60.39920404627777, 27.64993660877256, 38.68655269444901, 48.897110659570686, 19.75281381008479, 35.6006026721646, 36.53982014560385, 44.32343425430853, 24.42687053459006, 42.00038234996157, 49.31050056720083, 64.72634345557634, 45.39012824130076, 59.28754278645962, 32.594182255910106, 49.71951887746583, 77.84625334388738, 54.19674686324631, 29.601143450007864, 19.137491288151974, 67.26592635686599, 43.69641140597101, 49.24020266337124, 66.22636406546941, 10.81594533287623, 52.12001732972825, 20.02720384255424, 40.22108427278884, 6.130984722121167, 46.897818760030034, 24.11646332344382, 48.214735988830256, 68.96290538005019, 16.183608069498028, 42.56460097888393, 28.186622635174558, 46.89651462768251, 26.29846646181645, 35.09858829254351, 28.348058262253687, 33.17930164715296, 57.088564187274386, 44.391860328016485, 12.286995759905645, 63.04932540004093, 43.728468944908194, 13.02078102352096, 61.036908814637236, 58.912314596460796, 30.478937584293256, 47.82891465873919, 34.58946711020624], [30.257229967840647, 32.06657895470053, 36.670954158943495, 4.419031592480889, 65.48786379077823, 7.8891070993043995, 15.500175932360195, 17.576288789928636, 57.993250598098726, 52.29843191809432, 50.851353505526106, 43.10557150129249, 70.96855294801723, 36.023356157685164, 0.0, 25.3636093240187, 45.260947652023546, 67.47785357687269, 44.39338203367506, 33.29465733740997, 14.131467004154123, 27.590348630555372, 51.028129178026724, 49.39626548309689, 77.1322900297099, 18.693475073403793, 43.8017186114818, 54.11046620041225, 23.302722410082136, 28.682775926998424, 59.42164556399994, 63.940727003146655, 25.14494443262945, 44.381023659236064, 28.134325475828174, 33.39423512646493, 53.14129393674252, 51.15974228756534, 37.42539122403205, 40.55982102186042, 42.165432672809516, 46.36400389602962, 73.6731733797422, 34.43081387135993, 12.30039942029791, 48.56422897494749, 81.9262098471465, 34.634543786243675, 49.5113935705459, 27.60042622279891, 7.878074190937673, 31.911369307985595, 51.233306671146806, 29.045710983402092, 9.838821149224383, 66.1228759951735, 29.922819845215265, 50.69922823748435, 45.68317418801262, 27.82167757686177, 57.74823323345848, 47.81695588484883, 26.865016001393485, 36.44810394004185, 65.95374468419679, 49.67410611286896, 26.692622177194227], [18.262312810866053, 7.583706525442989, 61.80568972221255, 26.871549739497368, 78.94069068188469, 17.503737752568604, 35.39138542047225, 18.370192338851663, 76.90052653682217, 62.02323482365322, 64.49583451025488, 49.216117636341465, 95.60185135227339, 60.39920404627777, 25.3636093240187, 0.0, 62.36570125663707, 92.75651384877726, 62.960248607502564, 52.452793340759484, 27.2964192121955, 37.622423086130574, 61.12407348076924, 68.7669807241203, 102.10938027136152, 27.420589610010587, 51.72989246036167, 64.66084732479332, 10.778417740273195, 41.42371272272561, 81.37706111950904, 73.71151338653777, 15.320613602896906, 60.434912348349314, 53.25760403758128, 8.935773622872233, 75.5479540919076, 71.3294058328907, 38.24041587433409, 65.8336366378718, 43.583878018661885, 71.7000939899178, 98.96152600927516, 57.731612744983465, 13.512807980957136, 67.85611832701707, 107.20698637249826, 9.527891811389908, 74.6795670394418, 45.4283256967857, 33.01627366964817, 34.0815001497412, 76.43109287160291, 40.14495389044408, 35.030519764995816, 91.43094491025184, 19.150274070944498, 60.64308440731388, 70.79032072145837, 17.9772242987471, 80.98368973580368, 71.13972100416059, 3.6369209991981584, 28.13560873817517, 90.76101954542443, 70.01167026674862, 38.12172302613961], [74.24228002355213, 69.90466356564983, 46.69780867497923, 48.39519438254936, 98.90429063624643, 49.384380263049216, 29.803551255642386, 44.120007321401516, 15.044656079901928, 91.2319059565153, 86.20402772744357, 85.48253348798974, 73.3425302031114, 27.64993660877256, 45.260947652023546, 62.36570125663707, 0.0, 62.689276686179625, 74.20983266415675, 12.407414742315522, 35.47154534442796, 25.86217069650036, 18.090300646570434, 8.935972685355566, 56.902527728998635, 63.392246756133176, 85.084453615035, 18.28402703444603, 65.97046686736388, 21.362206421248832, 77.32138953750861, 101.51431183489301, 50.270878847684486, 3.208565476387443, 44.10993617963772, 66.1796479290901, 71.20587226610459, 75.96560232566404, 82.10991560010083, 38.13231304218343, 33.969338419157175, 47.11691274841933, 59.1935991833109, 21.963022098871928, 50.83808220442969, 8.1706074412967, 65.75840850859953, 68.41608007418056, 40.09549026217871, 63.861521966380174, 39.84661256775521, 34.473046836082865, 53.192868822483106, 23.258977930660404, 43.106300542899646, 53.95279562373925, 50.65711601448414, 18.32587219399205, 37.27771464217214, 72.0986699065047, 71.36927452529507, 24.23983820714714, 61.36620453415244, 48.048283180218526, 46.20199591863406, 74.48560103972889, 24.782505859221423], [92.07496233139113, 99.01684695908669, 31.054977592854375, 66.03613265680542, 67.97390550615337, 75.3648386065281, 63.193988608013505, 81.57764723574925, 58.62840037279161, 73.361172986001, 63.72814781512228, 77.86967278868842, 13.18238263434825, 38.68655269444901, 67.47785357687269, 92.75651384877726, 62.689276686179625, 0.0, 49.8950786583259, 57.985676811414756, 72.06510194359406, 75.11698205782224, 80.68815516699259, 55.83370273617577, 23.456547924727918, 72.84672252658287, 74.85845986107489, 80.92604270540711, 88.32988827162961, 71.27233403831868, 33.95507104710094, 77.30386827001927, 90.16621080254149, 65.42021453711283, 39.55546191460476, 100.8553286536416, 32.59501516527837, 43.147244471006985, 83.86465278466129, 28.93645340140182, 90.78408655775833, 21.220963602954484, 14.445454685372663, 44.5189338509195, 79.72626247089646, 56.07885099682111, 20.115703593013674, 102.1069362694989, 22.98728868750979, 57.05916603054052, 60.20121657856084, 85.37340540811805, 16.44774594194397, 73.76493453744554, 57.72795912293027, 11.678030637886412, 93.7987343081702, 80.87329723517885, 26.5339030732755, 89.42884359456161, 26.487196371018726, 38.62291491991412, 94.3336554955663, 96.79877809339868, 22.802563197652113, 42.735139475169014, 73.15825614155173], [53.636205908564186, 66.40474398473921, 30.665268619118894, 40.31457766012349, 24.754577404150588, 49.91861263610997, 52.88308740341968, 61.88200896293097, 80.4427017471598, 23.58249545858303, 14.484922616827047, 29.1645248437625, 44.537803712898686, 48.897110659570686, 44.39338203367506, 62.960248607502564, 74.20983266415675, 49.8950786583259, 0.0, 62.75415178425829, 57.16701820379909, 68.41968698503113, 87.30829226950273, 73.01736569592943, 70.67181524202185, 35.88904016364058, 25.708614418474195, 89.4892263514453, 54.158874884159246, 67.37485915884423, 21.66378126564418, 29.77510771929311, 68.76050595865884, 75.15114176954853, 30.239796293675816, 71.87478459958591, 18.539078929863553, 9.443600294032269, 38.0773234567101, 42.16953443141334, 84.86521038112313, 38.29004450277633, 62.929847923598935, 53.12077681790343, 54.1704832562413, 72.58721175818701, 69.84855054865886, 72.04844584018137, 48.50720819890361, 17.62500602590071, 42.20006962374064, 75.30408509433862, 37.25510250561932, 68.85076334007464, 37.466412587218834, 56.567827597776215, 73.80499804380125, 87.16909627715948, 47.30226011777113, 51.41986226639364, 25.598034481121346, 60.36832420970271, 65.97420818644059, 80.81697480814364, 63.72890186184858, 8.711327470044438, 66.88091062763257], [62.88077385686746, 60.0357073888599, 37.04878438710695, 36.205240987057536, 87.30825857892164, 38.0866444658201, 18.09532126152076, 34.80937486116423, 24.900855098207664, 79.01248518955988, 74.27913976462102, 73.07845071913603, 67.15738959050108, 19.75281381008479, 33.29465733740997, 52.452793340759484, 12.407414742315522, 57.985676811414756, 62.75415178425829, 0.0, 25.156426630375638, 19.50184109688779, 25.35284430521932, 16.451435627372685, 57.02402496507736, 51.143099270532566, 72.70917741169676, 27.033485507300245, 54.90118622603856, 14.84368209219734, 67.81595318529618, 89.45884132203938, 42.0613136881098, 12.553446533230089, 33.11264937761125, 57.33105458811644, 61.47421894600879, 65.24215150667978, 69.80939278861685, 30.519246889142078, 33.11598926417631, 39.728835566237386, 57.37572038900735, 13.645669695659732, 40.08307228919358, 15.564977743301242, 64.80538649688607, 59.425027324028946, 35.0335257883801, 51.63402886467307, 27.517935124706643, 29.768792500585846, 46.01768648925915, 17.372791988734427, 30.69987853406955, 51.05936132914292, 43.51446067142648, 25.333497780464555, 31.47733743418213, 60.62834408733828, 62.50534402840374, 22.664339327441485, 51.93957371188735, 42.98458688820155, 45.537359540486996, 63.7245971818244, 17.78252705435708], [39.14251058853457, 34.879535095776795, 43.15571084244641, 18.521885766663594, 79.2127277120417, 14.689383477783553, 9.209374906536233, 10.26770528079686, 49.71703600219321, 66.4207827592311, 64.6857758281721, 57.07751597053666, 77.7727212713997, 35.6006026721646, 14.131467004154123, 27.2964192121955, 35.47154534442796, 72.06510194359406, 57.16701820379909, 25.156426630375638, 0.0, 13.758767552532193, 37.9185289265627, 41.496640361464, 77.51674360048546, 32.20291583108709, 57.8940001754865, 41.19362914059227, 30.63312691310619, 15.820619805148471, 69.91185360070018, 78.03421239634551, 18.596213559979823, 33.856267043007826, 35.3070560775068, 32.58086388690043, 63.417599127465586, 63.033470512443984, 50.53258384182927, 43.34596695868671, 28.160657775639077, 51.02137958515716, 75.6749948078229, 31.775392443364982, 15.406114499192409, 40.58951974991403, 83.75351891508633, 34.555067729884236, 51.27498509063847, 41.152390326258775, 15.208631337927125, 18.172083389840754, 56.74826790693748, 15.573398417348235, 19.84412398382335, 68.42841931786546, 21.759189649316927, 37.53946675828294, 47.27059643502605, 37.181514709425905, 67.05600205346454, 44.82109614684741, 26.8940836232705, 25.5499699806372, 65.92080900185579, 61.49738113990134, 13.19880995351356], [51.89027263956064, 44.9758900394364, 49.4200375118996, 31.865690638559727, 91.45713099693809, 28.20902671695027, 15.591478436437514, 19.311691416166553, 40.887752043740534, 79.57898871611998, 77.17639988947163, 70.68912425751964, 82.7678719731462, 36.53982014560385, 27.590348630555372, 37.622423086130574, 25.86217069650036, 75.11698205782224, 68.41968698503113, 19.50184109688779, 13.758767552532193, 0.0, 24.41234362324171, 33.642197148585716, 76.33306796475354, 45.93878098695648, 71.36244966186229, 27.80007399395147, 43.12146067018676, 4.7585125310099174, 78.64193602963222, 91.04032178171714, 24.50153456353926, 23.447841863308415, 42.824365675493475, 40.53488301776728, 72.09233414035164, 73.26428891156533, 64.2853605654017, 46.36078431375441, 16.94664230433844, 55.128012712396675, 76.123288694428, 31.11764173860843, 28.027236282557396, 32.72580881573535, 83.78833326406645, 42.825374737023004, 52.6875839522966, 53.49162193750049, 26.500945310884852, 10.445086125526682, 61.30536837136532, 2.618379300423141, 31.18641837152079, 69.43599177264792, 24.844143670675972, 24.001074920106188, 48.825852554023975, 50.141540844178536, 74.71981864720924, 42.064941134241536, 36.14802160754341, 23.48458084956742, 64.76793270251125, 71.70679004104055, 1.960731857532156], [76.23154031800749, 68.15053065681356, 62.38229036899491, 55.027360198494215, 111.52852162088286, 52.54829652541478, 36.4987026107438, 43.25111719732297, 28.584127955107665, 101.58692924028584, 97.92450052866252, 93.8573898340345, 91.05414078128977, 44.32343425430853, 51.028129178026724, 61.12407348076924, 18.090300646570434, 80.68815516699259, 87.30829226950273, 25.35284430521932, 37.9185289265627, 24.41234362324171, 0.0, 26.176703321818078, 74.49835485335177, 69.69109959079833, 94.14390904870578, 3.5620083030348018, 67.42050015047559, 22.355295993617705, 93.1623375426324, 112.61421697105918, 46.6378196823214, 15.26804080228765, 58.26670337509712, 62.50898816455618, 86.82705369403587, 90.37483966739072, 88.29463583343951, 55.10216844263823, 21.95213388639347, 64.26702556617626, 77.1900088757776, 38.26033503129434, 52.41824282123121, 25.63092884283022, 83.57459651232944, 64.90045836405254, 57.94011309027255, 74.54025776462173, 48.019849118197165, 27.75943146926907, 70.47287621669633, 22.353032777762124, 52.26047716645188, 72.04060117402419, 45.15345387801909, 0.5508473078671449, 54.9175341044336, 74.53073120896656, 87.741545985614, 42.32800087624139, 59.14699807624722, 39.61036199103053, 64.08286596535038, 88.84302506581307, 24.721687747371245], [79.24798664301146, 76.34934235394057, 43.78233290298274, 51.97377627101112, 97.75723643433123, 54.50483161589225, 34.47573666624178, 50.86071282003058, 8.617636506243786, 91.71199365734985, 85.8435926534679, 87.227804217981, 67.17422184760503, 24.42687053459006, 49.39626548309689, 68.7669807241203, 8.935972685355566, 55.83370273617577, 73.01736569592943, 16.451435627372685, 41.496640361464, 33.642197148585716, 26.176703321818078, 0.0, 48.33893920130533, 66.66731485347081, 86.4388975106511, 25.640521894593572, 71.3381585821386, 28.946391453527834, 73.64140708274257, 101.39968176774758, 57.625330139103845, 12.136337618781008, 42.83275978433096, 73.26595726357432, 67.8309694724863, 73.66705485680819, 85.08086326485565, 33.839420733215015, 42.87899667929897, 42.26810390100382, 51.15868034849567, 19.946508578215177, 56.52946182347651, 0.9231165657235866, 57.40595494206026, 75.42709246893568, 33.990228712799144, 64.60594133567511, 43.024054069162354, 42.85784830007769, 48.014197432056825, 31.11289592708562, 45.542808592787566, 46.390025295192636, 58.45972371609737, 26.493051994652483, 31.762688486477472, 76.95885134407031, 67.17142986516357, 17.301386160974655, 68.09707981952424, 56.45855805621067, 37.9526050061397, 72.25393860322792, 32.316341314308524], [105.25259636817785, 109.13184750105447, 45.08551471265025, 76.96704763916955, 90.69399391761452, 84.75612120798817, 68.32165235553116, 87.73405655942011, 47.61765468385398, 94.21921705723238, 85.00692241321761, 96.81278022699954, 35.8062084111826, 42.00038234996157, 77.1322900297099, 102.10938027136152, 56.902527728998635, 23.456547924727918, 70.67181524202185, 57.02402496507736, 77.51674360048546, 76.33306796475354, 74.49835485335177, 48.33893920130533, 0.0, 87.03143983850505, 94.22294926283445, 73.70480064468339, 99.93231887038783, 71.80178519742907, 57.06362720320843, 99.36584418050322, 96.09621801226885, 60.06035495426433, 52.23841924260861, 109.214403210105, 54.87007260562112, 65.14070630434585, 100.90828151738616, 36.949029812126966, 89.55350048523907, 34.43640526798589, 9.124794167652535, 45.96831164406541, 88.60205695464803, 48.93312512910863, 9.891531278596032, 110.86136023141663, 27.784259305017905, 74.16397633516681, 69.27748821376656, 86.72508696963381, 33.56343939988454, 74.35406470567739, 68.27475210267178, 14.10523204248077, 98.74153617157792, 74.82528264962167, 31.481316476118977, 102.59584338382253, 49.39792828659076, 34.370479782416126, 102.92709897371381, 99.64161252581495, 11.636137401532533, 64.49370926795433, 74.49788236503558], [19.406877856365558, 30.522016137781293, 42.50352866838782, 15.031621529444912, 51.98151500368143, 18.903333698541154, 33.966560042256745, 31.679674123398947, 75.27553510131646, 36.205467106304276, 37.343066217173714, 25.199355885585135, 72.96969444617947, 49.31050056720083, 18.693475073403793, 27.420589610010587, 63.392246756133176, 72.84672252658287, 35.88904016364058, 51.143099270532566, 32.20291583108709, 45.93878098695648, 69.69109959079833, 66.66731485347081, 87.03143983850505, 0.0, 26.600391545046293, 72.79646479235251, 18.28144274964156, 47.33613066333023, 55.54201533087917, 48.08145590489078, 36.22745288895961, 62.74777284373644, 34.80412118053932, 36.22972958144614, 50.2387584693498, 44.66725300126244, 18.787399732650407, 50.34454423374564, 59.231679817458556, 53.306114664255176, 81.9249847279957, 49.49083471527744, 21.743918630564952, 65.89132540542965, 90.05385420174447, 36.24633101518721, 59.48016878544922, 18.80989921384784, 23.678729044199756, 48.69956550602847, 56.54940926131828, 47.57082702900517, 21.439253061456327, 74.38872442975216, 41.38918801548761, 69.35381516860976, 56.16913548150675, 16.829168092878906, 56.37862673160484, 62.13451711389887, 30.677859605358467, 49.71458821284566, 76.74072894175782, 43.457323124538455, 45.19853960731971], [36.721993745802905, 52.361217599588954, 50.42823394415828, 39.496815509045454, 28.623148490400368, 45.448110278591344, 57.6508240212452, 58.272956046381964, 94.74069997274174, 10.420892714291481, 16.511240602970442, 3.867583319577967, 70.2330245296463, 64.72634345557634, 43.8017186114818, 51.72989246036167, 85.084453615035, 74.85845986107489, 25.708614418474195, 72.70917741169676, 57.8940001754865, 71.36244966186229, 94.14390904870578, 86.4388975106511, 94.22294926283445, 26.600391545046293, 0.0, 96.99582114458936, 41.11648271003025, 72.05024247540162, 46.89482725571601, 21.98212423706472, 62.56780541559162, 85.0901652747581, 46.05695419190553, 59.792206344163326, 44.24764439982558, 34.576698603784116, 15.93758234079337, 61.337625728813286, 85.55893215990776, 60.20903242375994, 87.12798391726383, 67.0952457501345, 48.30884563689968, 85.80069553235452, 94.4756765117911, 59.14415335012645, 69.3454190683349, 22.161755622977395, 46.186686450197826, 75.07699565719767, 60.74887521431573, 72.68582920056076, 42.23769099899135, 80.27595563601868, 67.68737543017237, 93.86533797714468, 67.14661135472561, 35.38760371676912, 51.30664684992577, 77.55079085625962, 55.297733602106305, 76.19948735482564, 85.96477897932463, 34.20455071568221, 70.36810642768326], [79.66745157710945, 71.70216583170036, 63.85464084248845, 58.04395193972869, 113.84179951814869, 55.85595571336595, 39.358218921281235, 46.744095594145115, 26.98387921607584, 104.27230840128465, 100.38515433585312, 96.79326465021526, 91.61866510795214, 45.39012824130076, 54.11046620041225, 64.66084732479332, 18.28402703444603, 80.92604270540711, 89.4892263514453, 27.033485507300245, 41.19362914059227, 27.80007399395147, 3.5620083030348018, 25.640521894593572, 73.70480064468339, 72.79646479235251, 96.99582114458936, 0.0, 70.8696660646183, 25.508181073569105, 94.64217936841314, 115.1993397847922, 50.1984288936582, 15.843906993434889, 60.130104150334375, 66.07029381990986, 88.37015989242191, 92.2637148261518, 91.4514473109036, 56.08249015261592, 25.26472264244361, 65.1774409505857, 76.79885011087725, 39.42064917697167, 55.82575202951195, 25.202060765078212, 82.94678297207334, 68.46200807576088, 58.379469035399595, 77.12015608516114, 50.81885359020093, 31.31802873420225, 71.32116042650131, 25.66509541382689, 54.96271354209706, 71.92151428391654, 48.70517042618619, 4.07789394752212, 55.52595859296595, 77.94056003792919, 89.02397552916935, 42.36335442137347, 62.70036355791951, 43.07218566120927, 63.56686273380905, 90.74227724879269, 28.01848870703975], [8.868622267878951, 12.246492048029099, 57.3167028697058, 22.966301707039573, 68.69966591060755, 16.864191581168885, 36.89339734769123, 24.343269351653458, 79.79098146289374, 51.4662235991085, 54.442760589549344, 38.5035144918742, 89.82823375434324, 59.28754278645962, 23.302722410082136, 10.778417740273195, 65.97046686736388, 88.32988827162961, 54.158874884159246, 54.90118622603856, 30.63312691310619, 43.12146067018676, 67.42050015047559, 71.3381585821386, 99.93231887038783, 18.28144274964156, 41.11648271003025, 70.8696660646183, 0.0, 46.18365402366385, 73.64596857308014, 63.081539159920496, 24.43890307980127, 64.4710323623098, 48.940256194459934, 18.72931702132776, 68.15534813915554, 62.93658485603929, 27.47125301185699, 63.052171328742894, 51.927866507992086, 67.76739965777588, 95.900573677207, 57.67149461455176, 15.25425804883296, 70.46006720174755, 104.14710569714475, 18.33226910883665, 72.16775510934188, 37.02016888165157, 31.101286397814228, 41.78742617062632, 71.88218673151556, 45.42310602028697, 31.659460633811964, 88.30906810036213, 28.983628729544733, 66.98056589099983, 68.46022689751337, 7.6892749118276535, 74.04500277130677, 71.09217936665772, 14.41247214485192, 38.01681448992028, 88.93957753761273, 61.711164430333035, 43.169352458155544], [54.82695282393786, 48.88193438368256, 46.60508428786598, 32.73496120975602, 90.91125073371185, 30.50608506708606, 14.756939850453776, 23.057192162541853, 36.333245635312366, 79.84950009671512, 76.86405664090445, 71.62820817569154, 79.34388735763102, 32.594182255910106, 28.