instance_id,num_cities,city_coordinates,distance_matrix,best_route,total_distance
1433,49,"[[30.263193829055133, 48.36699191623135], [16.61461195735765, 88.52371388507522], [66.61958651017056, 41.354079589393145], [99.48282653602075, 79.98388721623438], [75.1805999712312, 27.616826493339964], [10.776786145192663, 28.426221976387613], [9.47373456512246, 53.270037366756526], [20.73446603688527, 12.06079634715812], [48.03623157170266, 66.9236661863737], [68.87429428246993, 36.67309678667855], [29.747955747897635, 46.82305564399891], [78.16263700914013, 89.89943922562155], [51.11043136836302, 74.38208124428589], [24.111557862597934, 81.15067120148368], [7.957410712131674, 69.97531723462126], [43.685014865442675, 46.09636165074783], [60.002499361649896, 52.35106122065344], [21.001531729767464, 6.687753577773781], [89.43545627709788, 48.61162273030827], [96.68943132028754, 4.5231350044826595], [38.78048627024856, 34.73193984538445], [48.148100166644305, 53.18407696191921], [21.12763423874209, 48.78481103062066], [34.750970596375694, 93.74036767554614], [49.43494820146716, 65.91385327383348], [87.84378184643896, 40.89203942606681], [18.130115347121446, 34.8113379308545], [28.04561678667795, 98.25417490271323], [65.65561152068778, 43.00628620140369], [37.393220877143385, 20.928019775446682], [29.154900771279003, 7.493936170799076], [87.49259975423261, 58.00120239040382], [79.37915117622177, 59.258801050190336], [61.23729090051599, 86.71605024118126], [92.73467937311538, 20.43863087913974], [54.145888062729654, 18.457958377308202], [97.7370188152212, 65.6417096426693], [84.56888683840302, 87.97214100773313], [23.68833993373387, 91.74473384413947], [7.110760624570755, 89.66867303531282], [88.45464166606652, 28.699167468558095], [58.695857819567074, 0.4088777322721615], [18.51613962284866, 49.03523797260691], [82.73064325423337, 97.99720319937863], [69.1116484014328, 47.447924708763736], [78.59269019008798, 7.892034616755527], [53.23016815975624, 34.60336544841728], [36.45587089291434, 12.579916687585568], [30.364138700258913, 56.36202038856686]]","[[0.0, 42.41280592452541, 37.02658812377105, 76.09852574458048, 49.478709963160455, 27.88107584393884, 21.35980971770656, 37.53580277597727, 25.69496119027496, 40.343081953721224, 1.6276392392019345, 63.39795609063012, 33.33754918657016, 33.35584285461982, 31.055880015298197, 13.612532524675373, 30.004984615617783, 42.695869745390276, 59.17276812398797, 79.59100964392587, 16.07665747297979, 18.522261823053007, 9.145109175975414, 45.59477347360416, 25.989392244125497, 58.06374971665112, 18.192508029956333, 49.936446351994306, 35.79609470067898, 28.3502112487584, 40.888078940824904, 58.03466993107994, 50.309132096859756, 49.29548624167014, 68.43010928165953, 38.274448018118036, 69.65007488001632, 67.21366027665522, 43.87319453275565, 47.34832654435003, 61.42530357981237, 55.75300079528475, 11.766045865770485, 72.22181887209346, 38.859324584891255, 63.0393717204215, 26.775349175175954, 36.31892072512619, 7.995665709650314], [42.41280592452541, 0.0, 68.74206775778464, 83.30708029326917, 84.49629508913809, 60.38036720597145, 35.96962382329277, 76.57382683428399, 38.12978153326835, 73.61766697068168, 43.71989955225836, 61.56339828166948, 37.28199740603678, 10.515034775033412, 20.469248928646945, 50.32779481779173, 56.48866766165088, 81.95345913692587, 83.04125714237634, 116.05203121135152, 58.179729617728775, 47.36296883120517, 39.99434672785705, 18.87169789533308, 39.85448868115346, 85.68763653442987, 53.733751787604916, 15.011653573931051, 66.90931072062254, 70.71724295250678, 81.9944127362442, 77.17067358832826, 69.25187727845176, 44.65927813919121, 102.12660373920512, 79.48463235727931, 84.28778685291381, 67.95651335411266, 7.772554088615782, 9.572571316601827, 93.48778648834396, 97.64760930791418, 39.53423247455575, 66.79129130536158, 66.65702732546166, 101.69931112378106, 65.17747257712293, 78.49290343031812, 34.977478671526704], [37.02658812377105, 68.74206775778464, 0.0, 50.71739920661748, 16.186509015395636, 57.31969866516154, 58.37498132142969, 54.43841221010871, 31.609252435158396, 5.1957008322051195, 37.275016487658895, 49.89883723126738, 36.4881184295416, 58.22972783246002, 65.2719397115226, 23.419731332289082, 12.834307434738884, 57.295384465868935, 23.942344197334403, 47.54696673733526, 28.61587386325298, 21.935009586800973, 46.094831502214795, 61.31828324167593, 29.974894115440755, 21.229223932697202, 48.92889005569766, 68.74279589087016, 1.9128602847881198, 35.656757671419186, 50.49863354430161, 26.698490208974725, 21.986030588896075, 45.680165142470685, 33.45824367762708, 26.073463895619543, 39.47383395192583, 49.9541893406069, 66.19901788416647, 76.65246439695946, 25.237203380071186, 41.70485620983097, 48.71285042521547, 58.889808980047704, 6.583716337203351, 35.53960699671388, 14.994954657336692, 41.686954680552844, 39.23895746485539], [76.09852574458048, 83.30708029326917, 50.71739920661748, 0.0, 57.73133693897686, 102.60094759213158, 93.8896501815087, 103.99447367293415, 53.078446725308524, 53.03495841753405, 77.21782795701, 23.51315914786808, 48.69567582859278, 75.38029932488675, 92.07102266626917, 65.28215817646353, 48.18992951123107, 107.38545916842334, 32.941897760978925, 75.51243726165032, 75.71335981579314, 57.909273532708475, 84.33812017574999, 66.17744274311593, 51.988036902066156, 40.787742336830945, 93.05279591030317, 73.73654690123684, 50.1160997335744, 85.68964120626707, 100.99906011909533, 25.040047332832874, 28.87363779578422, 38.83352952077788, 59.926413561822116, 76.42563646855413, 14.448041464145804, 16.918563648890895, 76.70151049822522, 92.87838089195292, 52.45706188039495, 89.41900777491131, 86.68000507441562, 24.59908936150273, 44.50839603457317, 75.05753131949284, 64.79737774625416, 92.2805092132952, 73.04372389577048], [49.478709963160455, 84.49629508913809, 16.186509015395636, 57.73133693897686, 0.0, 64.40889966756933, 70.53707811933003, 56.62483178169852, 47.76865481111202, 11.035647831736464, 49.32549441527805, 62.353960529021926, 52.59621724507735, 73.98594184795517, 79.45564115935336, 36.51664142264238, 29.019943240130786, 58.08095667788428, 25.376808257397652, 31.5586503606328, 37.08898914040265, 37.208068240746606, 58.05003595044707, 77.50404911914664, 46.14651498516212, 18.34631989293298, 57.50233726267404, 84.91961864089654, 18.098642907386797, 38.37481145373407, 50.23241684189096, 32.784075971585686, 31.919310551409065, 60.72177628692114, 18.965025597751715, 22.942187564408936, 44.21180577159971, 61.081125729898176, 82.24257623008883, 92.10827697850347, 13.318094642360169, 31.812249206740212, 60.57730116857809, 70.78418311218346, 20.73896404322893, 20.017736491326623, 23.035476623699907, 41.54170553426318, 53.24285278726854], [27.88107584393884, 60.38036720597145, 57.31969866516154, 102.60094759213158, 64.40889966756933, 0.0, 24.87796427706766, 19.156788479577177, 53.57536266038773, 58.67990623627146, 26.426289279585845, 91.21298885372457, 61.14526913866227, 54.384590490735924, 41.64464184754531, 37.35218003832824, 54.73178943295071, 24.023039578429998, 81.20736906535183, 89.17589454425566, 28.70486541576953, 44.82818862250135, 22.838831067611, 69.57513311888275, 53.84956818640632, 78.06867765694922, 9.738642415856852, 71.93160307963008, 56.78260074529592, 27.652443546391847, 27.85526316975684, 82.21919194559383, 75.21258152857713, 77.09712458516948, 82.3462074044483, 44.4999469697936, 94.58897709704162, 94.82083419799919, 64.6215302076717, 61.35207865119731, 77.67833505916208, 55.508639044991014, 22.014293824343508, 100.08735674998125, 61.357813922053936, 70.85654304259363, 42.90042827232041, 30.1748369471417, 34.118517157730885], [21.35980971770656, 35.96962382329277, 58.37498132142969, 93.8896501815087, 70.53707811933003, 24.87796427706766, 0.0, 42.720084488335246, 40.90828467836787, 61.67564293424758, 21.27457679723995, 77.84522078780431, 46.68332590306422, 31.489611206146197, 16.773956405417163, 34.955304648444, 50.53712090156994, 47.98749077068442, 80.09730186509704, 99.91415440469872, 34.67775591381041, 38.674461132268874, 12.487218781184163, 47.715681873805615, 41.91377668478031, 79.34153479669713, 20.387655900272872, 48.667108390628655, 57.11171408944547, 42.72591506104602, 49.82770056842775, 78.16218553672567, 70.1614749134265, 61.628739575652894, 89.50020213538498, 56.634637296281575, 89.12612199302917, 82.72555767147342, 41.016548792068065, 36.47525633050473, 82.714637967183, 72.22963114662969, 9.984919385587563, 85.83177753084001, 59.92142991075511, 82.68369343628193, 47.571736582013806, 48.823371469994186, 21.11798626613081], [37.53580277597727, 76.57382683428399, 54.43841221010871, 103.99447367293415, 56.62483178169852, 19.156788479577177, 42.720084488335246, 0.0, 61.28067304063209, 54.066703214081855, 35.911804023069074, 96.73080763841219, 69.3299489473929, 69.17236121881096, 59.307207592300436, 41.05054685466342, 56.260855705998964, 5.379675890418305, 77.81894993686933, 76.32806226886484, 28.97653522732018, 49.42298599559393, 36.72611925736401, 82.87348654699791, 61.02351527753232, 73.0404055704891, 22.899121923488057, 86.5028984029288, 54.54844318489912, 18.871718632785218, 9.579140513981338, 81.03807330410513, 75.27848791679709, 84.93459693149195, 72.48599059065077, 34.01833040919371, 93.80995365078003, 99.18349422782933, 79.73866857442074, 78.79459291858392, 69.73419233647574, 39.709375133413864, 37.04092743969747, 105.9650508999793, 59.93830684306524, 58.008212147308235, 39.549185556006144, 15.72997319053723, 45.3357369761518], [25.69496119027496, 38.12978153326835, 31.609252435158396, 53.078446725308524, 47.76865481111202, 53.57536266038773, 40.90828467836787, 61.28067304063209, 0.0, 36.733115938396, 27.175275100425374, 37.88781402155435, 8.067134532526273, 27.83518787051906, 40.1948312051917, 21.276975843491897, 18.85609663497892, 66.0245421289267, 45.2683856763706, 79.12622913773824, 33.49591118179248, 13.740044637455876, 32.451358627780145, 29.927138819839247, 1.7251464658725963, 47.563501244794665, 43.88140168258502, 37.164841663968865, 29.706625778303113, 47.21094328017103, 62.357016145090824, 40.45263094467102, 32.266527034858086, 23.790889726444664, 64.48883425346132, 48.849285930011916, 49.717317558426686, 42.16246189611052, 34.76931444371109, 46.82125061126438, 55.63056872605619, 67.36352659145777, 34.51712173151004, 46.5753894722901, 28.69630116669341, 66.47127717343962, 32.734978495069576, 55.56390791726101, 20.587647471609365], [40.343081953721224, 73.61766697068168, 5.1957008322051195, 53.03495841753405, 11.035647831736464, 58.67990623627146, 61.67564293424758, 54.066703214081855, 36.733115938396, 0.0, 40.42143035479142, 54.03070275348741, 41.683597906793686, 63.10275110975323, 69.42553270004862, 26.894194880075435, 18.014086541095274, 56.488248351168075, 23.775823524665824, 42.51237338739428, 30.15634876683803, 26.498822405421624, 49.258879070257244, 66.4911620148825, 35.112818400095584, 19.432985757058123, 50.77832058920327, 73.88646755657328, 7.104168275300081, 35.19894079146673, 49.28543025219652, 28.311294341367113, 24.909156056298254, 50.62233707668484, 28.85958870075829, 23.424713809269967, 40.892999379524056, 53.64617575830045, 71.23661754038272, 81.38344544092031, 21.141749039109765, 37.66555657965672, 51.8533149897204, 62.870059918401964, 10.777441891670547, 30.377569992449715, 15.780445809797445, 40.391032449688815, 43.25142535879128], [1.6276392392019345, 43.71989955225836, 37.275016487658895, 77.21782795701, 49.32549441527805, 26.426289279585845, 21.27457679723995, 35.911804023069074, 27.175275100425374, 40.42143035479142, 0.0, 64.80398277960077, 34.86911608676438, 34.787270243350235, 31.793947060979253, 13.955991580886415, 30.7554264306636, 41.07727358347995, 59.714292189102515, 79.18613791515689, 15.092438136123178, 19.468639059722967, 8.84072548596263, 47.183305584069224, 27.4232789069834, 58.3977907411687, 16.71094186448432, 51.4592847418518, 36.10993591901152, 27.0000548430937, 39.33359064136554, 58.81662074705177, 51.16545048616413, 50.8235107630784, 68.28956891950686, 37.41440690680462, 70.54540690288897, 68.54620129446872, 45.32853534069072, 48.458121431752126, 61.44062413493545, 54.70152598943093, 11.447595560724343, 73.66110611044203, 39.368652004736944, 62.461447957534276, 26.471402082844804, 34.893963534986646, 9.558845632653084], [63.39795609063012, 61.56339828166948, 49.89883723126738, 23.51315914786808, 62.353960529021926, 91.21298885372457, 77.84522078780431, 96.73080763841219, 37.88781402155435, 54.03070275348741, 64.80398277960077, 0.0, 31.18669954887523, 54.75454409312478, 72.97769821340235, 55.744201794572156, 41.70936693573477, 100.95333865264567, 42.79906827489008, 87.36335289987457, 67.78205355910396, 47.422465646826474, 70.30934641022112, 43.581251841710326, 37.424436370920965, 49.95447728156262, 81.47762000306132, 50.80863434705514, 48.532396263954546, 80.11992257058088, 95.87713567310051, 33.23470652827334, 30.66477807707734, 17.222116778229502, 70.97287027311329, 75.37034838552115, 31.17040050448301, 6.689881560656115, 54.50554241624191, 71.05225113114092, 62.05963763185065, 91.58338325488168, 72.30205802395778, 9.29733630831374, 43.405661837504994, 82.00853221720716, 60.65709998095455, 87.85079911636213, 58.390537785125346], [33.33754918657016, 37.28199740603678, 36.4881184295416, 48.69567582859278, 52.59621724507735, 61.14526913866227, 46.68332590306422, 69.3299489473929, 8.067134532526273, 41.683597906793686, 34.86911608676438, 31.18669954887523, 0.0, 27.834384860976943, 43.37744530045544, 29.244123224437836, 23.757834844087345, 74.08824357256775, 46.183590876801574, 83.41293428691532, 41.52302083273077, 21.403990088390344, 39.42319578759944, 25.345122021898156, 8.632388360245605, 49.70836889630583, 51.512571002022774, 33.1943146837563, 34.58327312786535, 55.18603583493623, 70.3993556445747, 39.8998166472395, 32.05985220496733, 15.95869904473212, 68.13570179618111, 56.006441734716475, 47.43872629691758, 36.113127347471824, 32.45662958399045, 46.579511742263044, 59.00439520747319, 74.36110227986421, 41.28983310974704, 39.46532382562241, 32.39587323952994, 71.94581885332491, 39.83515425391588, 63.5158538210898, 27.479651611955475], [33.35584285461982, 10.515034775033412, 58.22972783246002, 75.38029932488675, 73.98594184795517, 54.384590490735924, 31.489611206146197, 69.17236121881096, 27.83518787051906, 63.10275110975323, 34.787270243350235, 54.75454409312478, 27.834384860976943, 0.0, 19.642937826190476, 40.14878375643554, 46.01714046674681, 74.52783616597422, 72.97945861321124, 105.5430102814161, 48.68137304286403, 36.87662890361118, 32.50311838566974, 16.48325091202258, 29.55392899116964, 75.38271556766236, 46.72377834178642, 17.550118474702863, 56.39949025816258, 61.669849336721256, 73.829194246416, 67.47632457020987, 59.4454443115804, 37.54055803338924, 91.6246945203593, 69.51573369982567, 75.24118811607799, 60.840949016318724, 10.602512753674347, 19.015348063331086, 83.01320784781953, 87.83684315899805, 32.59922938899263, 60.991825784345444, 56.22173307232606, 91.29633954293432, 54.90487354058128, 69.67302518762708, 25.565053808983205], [31.055880015298197, 20.469248928646945, 65.2719397115226, 92.07102266626917, 79.45564115935336, 41.64464184754531, 16.773956405417163, 59.307207592300436, 40.1948312051917, 69.42553270004862, 31.793947060979253, 72.97769821340235, 43.37744530045544, 19.642937826190476, 0.0, 42.972854435239526, 54.94820882050744, 64.61783659905561, 84.23229399678203, 110.2604173758356, 46.82048308872464, 43.55728720575564, 24.949796410445323, 35.81441712118563, 41.67591157592127, 85.01570055641393, 36.60586510474079, 34.68760317902697, 63.68996005191962, 57.20231033900081, 65.97921312390902, 80.43149707835383, 72.22124846643828, 55.84798809702561, 98.18894325074467, 69.19113890954443, 89.88413756556471, 78.6969118845631, 26.85832522131314, 19.711546846034153, 90.46283618570448, 86.10388794884942, 23.451517556641278, 79.8515021638108, 65.17149838214247, 94.04082457921551, 57.4525677413724, 64.08115352137725, 26.217995921746557], [13.612532524675373, 50.32779481779173, 23.419731332289082, 65.28215817646353, 36.51664142264238, 37.35218003832824, 34.955304648444, 41.05054685466342, 21.276975843491897, 26.894194880075435, 13.955991580886415, 55.744201794572156, 29.244123224437836, 40.14878375643554, 42.972854435239526, 0.0, 17.475170013300026, 45.47063665065332, 45.819531072018265, 67.36320462611886, 12.377579881030677, 8.375848538387933, 22.7170240305808, 48.47441033259369, 20.634793616602895, 44.46438654811552, 27.935723540836555, 54.45207301373353, 22.186835819244415, 25.94286230051026, 41.246472194896995, 45.39636248451092, 38.04367461111604, 44.24976265693633, 55.35511481935136, 29.551839258411572, 57.47729777148698, 58.52411369902434, 49.83614042269769, 56.88780530719593, 48.03105088669155, 48.0902442600821, 25.33987519725474, 64.94812121787372, 25.46252964010707, 51.75052077700364, 14.93984314237367, 34.28720760785614, 16.81753522753917], [30.004984615617783, 56.48866766165088, 12.834307434738884, 48.18992951123107, 29.019943240130786, 54.73178943295071, 50.53712090156994, 56.260855705998964, 18.85609663497892, 18.014086541095274, 30.7554264306636, 41.70936693573477, 23.757834844087345, 46.01714046674681, 54.94820882050744, 17.475170013300026, 0.0, 60.05175385541553, 29.669552625708608, 60.27803499349646, 27.582735137909555, 11.883631410463122, 39.038100347509, 48.484166423694376, 17.19367516852878, 30.107244823906317, 45.39755980383586, 55.931549143740426, 10.92165267910751, 38.71158750629004, 54.4402057906739, 28.064741488785973, 20.57113281022029, 34.387165927500526, 45.71431743562344, 34.39538219378028, 40.006690613815884, 43.270876104551775, 53.57779034005131, 64.73129210962071, 36.99914160857223, 51.9586156249391, 41.618658414099734, 50.99155618672485, 10.344918747056633, 48.18921291745535, 18.995925224426205, 46.21891008791577, 29.908530825524632], [42.695869745390276, 81.95345913692587, 57.295384465868935, 107.38545916842334, 58.08095667788428, 24.023039578429998, 47.98749077068442, 5.379675890418305, 66.0245421289267, 56.488248351168075, 41.07727358347995, 100.95333865264567, 74.08824357256775, 74.52783616597422, 64.61783659905561, 45.47063665065332, 60.05175385541553, 0.0, 80.25467483996522, 75.71884651784183, 33.204933488337794, 53.84091628251758, 42.09724632361433, 88.13174621214692, 65.69771729261775, 75.08541516866913, 28.269790040029914, 91.83696776650085, 57.55886251401732, 21.713421068196208, 8.19312865152109, 83.98888114554482, 78.55992289063244, 89.57368242342632, 73.03924354331424, 35.17223447194326, 96.76726674833525, 103.18895423140555, 85.09940558169502, 84.1355246962634, 70.95367771687286, 38.21369520534976, 42.42035606281222, 110.21750677546805, 63.0553318664555, 57.603748364343424, 42.637617103313964, 16.539473543078756, 50.5488990233591], [59.17276812398797, 83.04125714237634, 23.942344197334403, 32.941897760978925, 25.376808257397652, 81.20736906535183, 80.09730186509704, 77.81894993686933, 45.2683856763706, 23.775823524665824, 59.714292189102515, 42.79906827489008, 46.183590876801574, 72.97945861321124, 84.23229399678203, 45.819531072018265, 29.669552625708608, 80.25467483996522, 0.0, 44.68125897820577, 52.522105664004485, 41.539777470414855, 68.30804158963315, 70.90131588692444, 43.582196228390046, 7.881966371682698, 72.62850339698738, 78.94995490087041, 24.431553659995448, 58.947231809362336, 72.96855158283022, 9.588477338019848, 14.645534420336928, 47.40341682343623, 28.36551326669947, 46.41763779717722, 18.94570665921287, 39.660230674683866, 78.63299931851736, 91.99476557950943, 19.936596295566975, 57.170163010751736, 70.92058181218749, 49.83864039014907, 20.357096051556386, 42.13846737311406, 38.820795454696345, 64.07121278569007, 59.577589948947285], [79.59100964392587, 116.05203121135152, 47.54696673733526, 75.51243726165032, 31.5586503606328, 89.17589454425566, 99.91415440469872, 76.32806226886484, 79.12622913773824, 42.51237338739428, 79.18613791515689, 87.36335289987457, 83.41293428691532, 105.5430102814161, 110.2604173758356, 67.36320462611886, 60.27803499349646, 75.71884651784183, 44.68125897820577, 0.0, 65.3147594860773, 68.73243850142859, 87.57100629109756, 108.60979478081269, 77.47132672449649, 37.429169419592, 84.19585122012147, 116.17866032162827, 49.437343146644864, 61.52366062960042, 67.59984079896013, 54.263112721143344, 57.40765572755321, 89.5127341524675, 16.399483891265863, 44.76753707028726, 61.12755193333962, 84.32463579208554, 113.73990789416872, 123.5884334805293, 25.540013828369293, 38.21568709648677, 89.95771698669193, 94.51057712857899, 51.02030656391855, 18.40764852258508, 52.85383446843308, 60.77000520690451, 84.18024993427284], [16.07665747297979, 58.179729617728775, 28.61587386325298, 75.71335981579314, 37.08898914040265, 28.70486541576953, 34.67775591381041, 28.97653522732018, 33.49591118179248, 30.15634876683803, 15.092438136123178, 67.78205355910396, 41.52302083273077, 48.68137304286403, 46.82048308872464, 12.377579881030677, 27.582735137909555, 33.204933488337794, 52.522105664004485, 65.3147594860773, 0.0, 20.693804731835716, 22.563385681122952, 59.14584982526997, 32.951923830075174, 49.44849643457875, 20.650523560401805, 64.42291338885431, 28.120049161517567, 13.873453591955322, 28.88876495066377, 53.984521665618026, 47.432251819909546, 56.62734152195731, 55.81535303647173, 22.381645271687926, 66.56790967611617, 70.22176761088488, 58.97653398248536, 63.41148299838034, 50.03914524488273, 39.682422012371795, 24.803791693251114, 77.0331736732114, 32.88883803471743, 48.01449878564453, 14.450253910693808, 22.27366082699916, 23.209810225924485], [18.522261823053007, 47.36296883120517, 21.935009586800973, 57.909273532708475, 37.208068240746606, 44.82818862250135, 38.674461132268874, 49.42298599559393, 13.740044637455876, 26.498822405421624, 19.468639059722967, 47.422465646826474, 21.403990088390344, 36.87662890361118, 43.55728720575564, 8.375848538387933, 11.883631410463122, 53.84091628251758, 41.539777470414855, 68.73243850142859, 20.693804731835716, 0.0, 27.376251016076118, 42.71177586065449, 12.794654462551975, 41.55528042025934, 35.19427442253517, 49.35001080480721, 20.250935251903712, 34.00177427353935, 49.48060820952472, 39.63829392382434, 31.816360884165412, 35.9961129299931, 55.31932107767716, 35.24027201369044, 51.129770826238506, 50.365495151397134, 45.664035409058926, 54.91073653967976, 47.160662426886354, 53.81892645932032, 29.92099514769353, 56.60537580106176, 21.73416198669009, 54.5732733257926, 19.26318393813951, 42.2540655673894, 18.065674907427443], [9.145109175975414, 39.99434672785705, 46.094831502214795, 84.33812017574999, 58.05003595044707, 22.838831067611, 12.487218781184163, 36.72611925736401, 32.451358627780145, 49.258879070257244, 8.84072548596263, 70.30934641022112, 39.42319578759944, 32.50311838566974, 24.949796410445323, 22.7170240305808, 39.038100347509, 42.09724632361433, 68.30804158963315, 87.57100629109756, 22.563385681122952, 27.376251016076118, 0.0, 46.9744331181157, 33.08637350865246, 67.181397687259, 14.291363475033135, 49.95074017913091, 44.90135977922438, 32.25786923722142, 42.06391986814631, 67.00186950801397, 59.185671344063735, 55.20474133237247, 77.01347182185974, 44.83216565637884, 78.44203487929009, 74.5683536236994, 43.036172945556594, 43.219936584108545, 70.25922719772275, 61.25032526856586, 2.6234743722996345, 78.8466249292532, 48.00263409650424, 70.52979383441921, 35.095385493692184, 39.31601726162817, 11.946845454837343], [45.59477347360416, 18.87169789533308, 61.31828324167593, 66.17744274311593, 77.50404911914664, 69.57513311888275, 47.715681873805615, 82.87348654699791, 29.927138819839247, 66.4911620148825, 47.183305584069224, 43.581251841710326, 25.345122021898156, 16.48325091202258, 35.81441712118563, 48.47441033259369, 48.484166423694376, 88.13174621214692, 70.90131588692444, 108.60979478081269, 59.14584982526997, 42.71177586065449, 46.9744331181157, 0.0, 31.46321824059881, 74.91189762113599, 61.228125692915135, 8.083082666733894, 59.40575606526349, 72.86027376610203, 86.42779035003952, 63.71002575343715, 56.397277760599415, 27.40193786344748, 93.46258663698218, 77.74061984107217, 68.96939069960881, 50.150744935533304, 11.241189953340255, 27.938502188355944, 84.34715176416479, 96.35416254196186, 47.56173208048265, 48.16813923157233, 57.651075055507384, 96.39519005586709, 61.95696712233333, 81.17835604143686, 37.63489258641266], [25.989392244125497, 39.85448868115346, 29.974894115440755, 51.988036902066156, 46.14651498516212, 53.84956818640632, 41.91377668478031, 61.02351527753232, 1.7251464658725963, 35.112818400095584, 27.4232789069834, 37.424436370920965, 8.632388360245605, 29.55392899116964, 41.67591157592127, 20.634793616602895, 17.19367516852878, 65.69771729261775, 43.582196228390046, 77.47132672449649, 32.951923830075174, 12.794654462551975, 33.08637350865246, 31.46321824059881, 0.0, 45.840262545053186, 44.128890997834574, 38.77370115724156, 28.068960573797156, 46.569608249350196, 61.83984991974102, 38.87151766672805, 30.674827006728503, 23.91707950093666, 62.792217442799874, 47.68914881612468, 48.30283726378881, 41.484475432328686, 36.470840795483774, 48.534815503354714, 53.92095434667921, 66.15637737705386, 35.22584815739789, 46.237913572000394, 26.984496447582394, 64.93616371598974, 31.539663003864387, 54.89048405295134, 21.329165161802173], [58.06374971665112, 85.68763653442987, 21.229223932697202, 40.787742336830945, 18.34631989293298, 78.06867765694922, 79.34153479669713, 73.0404055704891, 47.563501244794665, 19.432985757058123, 58.3977907411687, 49.95447728156262, 49.70836889630583, 75.38271556766236, 85.01570055641393, 44.46438654811552, 30.107244823906317, 75.08541516866913, 7.881966371682698, 37.429169419592, 49.44849643457875, 41.55528042025934, 67.181397687259, 74.91189762113599, 45.840262545053186, 0.0, 69.9783554211725, 82.86274875331834, 22.28867294909159, 54.256992016946135, 67.52642492316465, 17.112766760583387, 20.223449382846592, 52.988162146268174, 21.030045168852084, 40.48253991488706, 26.653748583474332, 47.19386509127726, 81.86523838963858, 94.32380771502626, 12.20816432931003, 49.884745722537446, 69.80425244102621, 57.33361942037034, 19.846220175171904, 34.27219009997427, 35.18024549158342, 58.671063448059314, 59.525034121723245], [18.192508029956333, 53.733751787604916, 48.92889005569766, 93.05279591030317, 57.50233726267404, 9.738642415856852, 20.387655900272872, 22.899121923488057, 43.88140168258502, 50.77832058920327, 16.71094186448432, 81.47762000306132, 51.512571002022774, 46.72377834178642, 36.60586510474079, 27.935723540836555, 45.39755980383586, 28.269790040029914, 72.62850339698738, 84.19585122012147, 20.650523560401805, 35.19427442253517, 14.291363475033135, 61.228125692915135, 44.128890997834574, 69.9783554211725, 0.0, 64.21301061183546, 48.22685935970375, 23.744762741813997, 29.458213329545227, 73.13633882536784, 65.94787974579395, 67.47093999796478, 75.97641529779514, 39.55463193008747, 85.36844205951063, 85.08925514452102, 57.20406830614478, 55.953135687504016, 70.58964251038653, 53.18936670102231, 14.229137259131871, 90.36416200911526, 52.52428046116835, 66.18437766994406, 35.100668939540206, 28.810925129537722, 24.78110654910842], [49.936446351994306, 15.011653573931051, 68.74279589087016, 73.73654690123684, 84.91961864089654, 71.93160307963008, 48.667108390628655, 86.5028984029288, 37.164841663968865, 73.88646755657328, 51.4592847418518, 50.80863434705514, 33.1943146837563, 17.550118474702863, 34.68760317902697, 54.45207301373353, 55.931549143740426, 91.83696776650085, 78.94995490087041, 116.17866032162827, 64.42291338885431, 49.35001080480721, 49.95074017913091, 8.083082666733894, 38.77370115724156, 82.86274875331834, 64.21301061183546, 0.0, 66.83442907547376, 77.88910045056481, 90.76701738865579, 71.7930747358091, 64.46526921389923, 35.13994239016731, 101.19255758205108, 83.95630013556345, 76.9445541090571, 57.45085098027495, 7.8331784397042865, 22.62695394531163, 92.1257257558602, 102.53360158380336, 50.13297006507522, 54.68563023513171, 65.32758997050357, 103.53899278392089, 68.45207938441541, 86.08606678693037, 41.95626477298556], [35.79609470067898, 66.90931072062254, 1.9128602847881198, 50.1160997335744, 18.098642907386797, 56.78260074529592, 57.11171408944547, 54.54844318489912, 29.706625778303113, 7.104168275300081, 36.10993591901152, 48.532396263954546, 34.58327312786535, 56.39949025816258, 63.68996005191962, 22.186835819244415, 10.92165267910751, 57.55886251401732, 24.431553659995448, 49.437343146644864, 28.120049161517567, 20.250935251903712, 44.90135977922438, 59.40575606526349, 28.068960573797156, 22.28867294909159, 48.22685935970375, 66.83442907547376, 0.0, 35.86380589485514, 50.925719336187974, 26.489650179402396, 21.271572099566225, 43.93250538628167, 35.250177056305496, 27.11261944257567, 39.262948034541914, 48.78155472827405, 64.3170907541444, 74.86573255826694, 26.91634117047913, 43.16222167435664, 47.523447583973315, 57.58087930016142, 5.627818720528703, 37.42163370095185, 15.000023996537056, 42.1709475174633, 37.73411837466497], [28.3502112487584, 70.71724295250678, 35.656757671419186, 85.68964120626707, 38.37481145373407, 27.652443546391847, 42.72591506104602, 18.871718632785218, 47.21094328017103, 35.19894079146673, 27.0000548430937, 80.11992257058088, 55.18603583493623, 61.669849336721256, 57.20231033900081, 25.94286230051026, 38.71158750629004, 21.713421068196208, 58.947231809362336, 61.52366062960042, 13.873453591955322, 34.00177427353935, 32.25786923722142, 72.86027376610203, 46.569608249350196, 54.256992016946135, 23.744762741813997, 77.88910045056481, 35.86380589485514, 0.0, 15.758950487369104, 62.32470323292438, 56.851272072059274, 69.97574313889004, 55.34362230603649, 16.933784607747693, 75.10451391982862, 81.97839746358716, 72.13065058045727, 75.11527680533293, 51.64938943929175, 29.57765255879321, 33.85793720036737, 89.41555178731676, 41.34445552048998, 43.21265070237973, 20.92424379774558, 8.40056249060088, 36.12445702982947], [40.888078940824904, 81.9944127362442, 50.49863354430161, 100.99906011909533, 50.23241684189096, 27.85526316975684, 49.82770056842775, 9.579140513981338, 62.357016145090824, 49.28543025219652, 39.33359064136554, 95.87713567310051, 70.3993556445747, 73.829194246416, 65.97921312390902, 41.246472194896995, 54.4402057906739, 8.19312865152109, 72.96855158283022, 67.59984079896013, 28.88876495066377, 49.48060820952472, 42.06391986814631, 86.42779035003952, 61.83984991974102, 67.52642492316465, 29.458213329545227, 90.76701738865579, 50.925719336187974, 15.758950487369104, 0.0, 77.16392332951801, 72.1254224578271, 85.47176793646666, 64.88415344404729, 27.2902771833903, 89.91479564081295, 97.71106030344227, 84.42795861552453, 85.08014747025177, 62.97714747891011, 30.378712882644354, 42.88196583835953, 105.17224693542596, 56.50542346776646, 49.439392239298144, 36.25658085899522, 8.897829091084168, 48.883043189675995], [58.03466993107994, 77.17067358832826, 26.698490208974725, 25.040047332832874, 32.784075971585686, 82.21919194559383, 78.16218553672567, 81.03807330410513, 40.45263094467102, 28.311294341367113, 58.81662074705177, 33.23470652827334, 39.8998166472395, 67.47632457020987, 80.43149707835383, 45.39636248451092, 28.064741488785973, 83.98888114554482, 9.588477338019848, 54.263112721143344, 53.984521665618026, 39.63829392382434, 67.00186950801397, 63.71002575343715, 38.87151766672805, 17.112766760583387, 73.13633882536784, 71.7930747358091, 26.489650179402396, 62.32470323292438, 77.16392332951801, 0.0, 8.210335085556682, 38.90865880620082, 37.92658931764804, 51.72689172679374, 12.77988548340977, 30.113207381777023, 72.17762455367284, 86.39484220086875, 29.31782350723176, 64.39043566850098, 69.5567435278392, 40.27848446030956, 21.1950711831736, 50.89338940587064, 41.48943229703153, 68.32159898422138, 57.151972669633516], [50.309132096859756, 69.25187727845176, 21.986030588896075, 28.87363779578422, 31.919310551409065, 75.21258152857713, 70.1614749134265, 75.27848791679709, 32.266527034858086, 24.909156056298254, 51.16545048616413, 30.66477807707734, 32.05985220496733, 59.4454443115804, 72.22124846643828, 38.04367461111604, 20.57113281022029, 78.55992289063244, 14.645534420336928, 57.40765572755321, 47.432251819909546, 31.816360884165412, 59.185671344063735, 56.397277760599415, 30.674827006728503, 20.223449382846592, 65.94787974579395, 64.46526921389923, 21.271572099566225, 56.851272072059274, 72.1254224578271, 8.210335085556682, 0.0, 32.909385096039145, 41.0533280688344, 47.97318344838084, 19.435864435392745, 29.178575149598025, 64.47326799798034, 78.4058708712396, 31.878766166131456, 62.378779233023515, 61.71569830559609, 38.88311073231167, 15.649869430214736, 51.3727867134902, 35.9396691346565, 63.41392777313826, 49.10053753494304], [49.29548624167014, 44.65927813919121, 45.680165142470685, 38.83352952077788, 60.72177628692114, 77.09712458516948, 61.628739575652894, 84.93459693149195, 23.790889726444664, 50.62233707668484, 50.8235107630784, 17.222116778229502, 15.95869904473212, 37.54055803338924, 55.84798809702561, 44.24976265693633, 34.387165927500526, 89.57368242342632, 47.40341682343623, 89.5127341524675, 56.62734152195731, 35.9961129299931, 55.20474133237247, 27.40193786344748, 23.91707950093666, 52.988162146268174, 67.47093999796478, 35.13994239016731, 43.93250538628167, 69.97574313889004, 85.47176793646666, 38.90865880620082, 32.909385096039145, 0.0, 73.38107247707514, 68.62546975507489, 42.14686191769918, 23.36538322011097, 37.88418373786702, 54.20700380095953, 64.0838737074103, 86.34458239280295, 56.964378164857386, 24.274031545404522, 40.04985878729095, 80.71205191085275, 52.72424424205212, 78.16831247935276, 43.29571174000544], [68.43010928165953, 102.12660373920512, 33.45824367762708, 59.926413561822116, 18.965025597751715, 82.3462074044483, 89.50020213538498, 72.48599059065077, 64.48883425346132, 28.85958870075829, 68.28956891950686, 70.97287027311329, 68.13570179618111, 91.6246945203593, 98.18894325074467, 55.35511481935136, 45.71431743562344, 73.03924354331424, 28.36551326669947, 16.399483891265863, 55.81535303647173, 55.31932107767716, 77.01347182185974, 93.46258663698218, 62.792217442799874, 21.030045168852084, 75.97641529779514, 101.19255758205108, 35.250177056305496, 55.34362230603649, 64.88415344404729, 37.92658931764804, 41.0533280688344, 73.38107247707514, 0.0, 38.63958952106004, 45.479025161011364, 68.0254008294607, 99.25702650207407, 110.11019116686191, 9.303504045190689, 39.494713366205815, 79.5371459125864, 78.20110535677627, 35.88244062858656, 18.905367910308904, 41.967202809152106, 56.824850837425736, 71.97620619114669], [38.274448018118036, 79.48463235727931, 26.073463895619543, 76.42563646855413, 22.942187564408936, 44.4999469697936, 56.634637296281575, 34.01833040919371, 48.849285930011916, 23.424713809269967, 37.41440690680462, 75.37034838552115, 56.006441734716475, 69.51573369982567, 69.19113890954443, 29.551839258411572, 34.39538219378028, 35.17223447194326, 46.41763779717722, 44.76753707028726, 22.381645271687926, 35.24027201369044, 44.83216565637884, 77.74061984107217, 47.68914881612468, 40.48253991488706, 39.55463193008747, 83.95630013556345, 27.11261944257567, 16.933784607747693, 27.2902771833903, 51.72689172679374, 47.97318344838084, 68.62546975507489, 38.63958952106004, 0.0, 64.23778532726887, 75.88003980811222, 79.3638059593656, 85.34207107416366, 35.80464966265108, 18.613745913145742, 46.951560158723936, 84.51970004811574, 32.625023071477294, 26.632402805004716, 16.171354687611075, 18.641032202495598, 44.7469498367511], [69.65007488001632, 84.28778685291381, 39.47383395192583, 14.448041464145804, 44.21180577159971, 94.58897709704162, 89.12612199302917, 93.80995365078003, 49.717317558426686, 40.892999379524056, 70.54540690288897, 31.17040050448301, 47.43872629691758, 75.24118811607799, 89.88413756556471, 57.47729777148698, 40.006690613815884, 96.76726674833525, 18.94570665921287, 61.12755193333962, 66.56790967611617, 51.129770826238506, 78.44203487929009, 68.96939069960881, 48.30283726378881, 26.653748583474332, 85.36844205951063, 76.9445541090571, 39.262948034541914, 75.10451391982862, 89.91479564081295, 12.77988548340977, 19.435864435392745, 42.14686191769918, 45.479025161011364, 64.23778532726887, 0.0, 25.923885987805303, 78.51480571558568, 93.75720582179201, 38.09086436174866, 76.0232504628598, 80.94271184820207, 35.666080115085144, 33.917925077277374, 60.84020286049139, 54.260838231534166, 81.06129139289497, 68.00895240803072], [67.21366027665522, 67.95651335411266, 49.9541893406069, 16.918563648890895, 61.081125729898176, 94.82083419799919, 82.72555767147342, 99.18349422782933, 42.16246189611052, 53.64617575830045, 68.54620129446872, 6.689881560656115, 36.113127347471824, 60.840949016318724, 78.6969118845631, 58.52411369902434, 43.270876104551775, 103.18895423140555, 39.660230674683866, 84.32463579208554, 70.22176761088488, 50.365495151397134, 74.5683536236994, 50.150744935533304, 41.484475432328686, 47.19386509127726, 85.08925514452102, 57.45085098027495, 48.78155472827405, 81.97839746358716, 97.71106030344227, 30.113207381777023, 29.178575149598025, 23.36538322011097, 68.0254008294607, 75.88003980811222, 25.923885987805303, 0.0, 60.99732328652565, 77.47670319185356, 59.40020608345104, 91.30574300698296, 76.67494918608519, 10.192203462505104, 43.37209156523358, 80.3027917694623, 61.889752731126606, 89.43628900681365, 62.748342179518], [43.87319453275565, 7.772554088615782, 66.19901788416647, 76.70151049822522, 82.24257623008883, 64.6215302076717, 41.016548792068065, 79.73866857442074, 34.76931444371109, 71.23661754038272, 45.32853534069072, 54.50554241624191, 32.45662958399045, 10.602512753674347, 26.85832522131314, 49.83614042269769, 53.57779034005131, 85.09940558169502, 78.63299931851736, 113.73990789416872, 58.97653398248536, 45.664035409058926, 43.036172945556594, 11.241189953340255, 36.470840795483774, 81.86523838963858, 57.20406830614478, 7.8331784397042865, 64.3170907541444, 72.13065058045727, 84.42795861552453, 72.17762455367284, 64.47326799798034, 37.88418373786702, 99.25702650207407, 79.3638059593656, 78.51480571558568, 60.99732328652565, 0.0, 16.70706928918232, 90.38482881380808, 97.81495243680621, 43.02153755569852, 59.37244271906008, 63.44670402572254, 100.22855304148877, 64.32616572648685, 80.18776790897876, 36.00698127655659], [47.34832654435003, 9.572571316601827, 76.65246439695946, 92.87838089195292, 92.10827697850347, 61.35207865119731, 36.47525633050473, 78.79459291858392, 46.82125061126438, 81.38344544092031, 48.458121431752126, 71.05225113114092, 46.579511742263044, 19.015348063331086, 19.711546846034153, 56.88780530719593, 64.73129210962071, 84.1355246962634, 91.99476557950943, 123.5884334805293, 63.41148299838034, 54.91073653967976, 43.219936584108545, 27.938502188355944, 48.534815503354714, 94.32380771502626, 55.953135687504016, 22.62695394531163, 74.86573255826694, 75.11527680533293, 85.08014747025177, 86.39484220086875, 78.4058708712396, 54.20700380095953, 110.11019116686191, 85.34207107416366, 93.75720582179201, 77.47670319185356, 16.70706928918232, 0.0, 101.65681281619815, 103.0938083017498, 42.20377607619367, 76.07713890268025, 75.01134363796477, 108.6143859967409, 71.82748673757102, 82.48522202128393, 40.62084074046086], [61.42530357981237, 93.48778648834396, 25.237203380071186, 52.45706188039495, 13.318094642360169, 77.67833505916208, 82.714637967183, 69.73419233647574, 55.63056872605619, 21.141749039109765, 61.44062413493545, 62.05963763185065, 59.00439520747319, 83.01320784781953, 90.46283618570448, 48.03105088669155, 36.99914160857223, 70.95367771687286, 19.936596295566975, 25.540013828369293, 50.03914524488273, 47.160662426886354, 70.25922719772275, 84.34715176416479, 53.92095434667921, 12.20816432931003, 70.58964251038653, 92.1257257558602, 26.91634117047913, 51.64938943929175, 62.97714747891011, 29.31782350723176, 31.878766166131456, 64.0838737074103, 9.303504045190689, 35.80464966265108, 38.09086436174866, 59.40020608345104, 90.38482881380808,