instance_id,num_cities,city_coordinates,distance_matrix,best_route,total_distance
705,50,"[[66.79045660062626, 12.47873633781822], [21.668971565275598, 90.11672012973264], [94.84179382972249, 1.6194355191744503], [77.9323096547688, 80.36134729562133], [31.11488392204449, 46.87741366545279], [38.92245078694374, 55.31581251635207], [36.13837630540894, 9.906833239391954], [91.60569209885867, 37.60960918325244], [95.63804675603662, 76.62565809599829], [12.285555680700321, 85.9254278119287], [88.0123102770566, 29.90682756787072], [88.13665112885707, 4.316642185470565], [31.379001923091742, 61.474796540780154], [76.51304646118821, 78.17196353883217], [32.293733946015145, 47.09296465748868], [83.51235003675586, 92.68335108006086], [12.041525312727174, 71.40287390726158], [30.587143947099626, 98.06345028787918], [8.838587904953421, 27.839904171086115], [13.95525718883226, 19.867146680365554], [88.67550165338695, 2.201776690342394], [71.91925098056383, 5.469859865729465], [83.60659314313386, 52.3370995981124], [12.518752049857074, 75.62881695191302], [94.54429335261138, 96.09853502747285], [60.76681452254683, 36.33091736353966], [62.053722428198164, 20.168841079876053], [35.602421906632266, 77.26390745909984], [91.55421524480937, 74.80891346096726], [73.59953562284961, 84.54028281235169], [18.885388491822898, 13.81045591963429], [6.099747728553028, 32.44605932800479], [35.05582271798882, 55.68758022262518], [14.220470289846887, 94.8759156621624], [96.44270413253338, 95.56502703544214], [67.61767892055092, 29.00770454880105], [2.9611025059594676, 30.064474344602022], [63.62440954892499, 53.98053559287891], [7.861305928513962, 40.3385177989844], [69.22649734343082, 25.900004721164215], [22.313590491534885, 14.355653258794899], [44.884249107898114, 61.6485220645276], [60.059041966111224, 13.663528689568826], [80.6227770817355, 78.3364964363218], [60.01010546087354, 37.80462496633932], [5.588020454876785, 47.06145742451312], [48.74248441412393, 23.247682981057693], [44.53567670635658, 7.002776171774061], [39.88256580490162, 36.962226781397064], [75.57166978393111, 52.986989642282076]]","[[0.0, 89.79757757906913, 30.079925774680323, 68.79091335291716, 49.55820303275221, 51.10421551650074, 30.759790505985965, 35.31793712557568, 70.33499149658444, 91.46147119297895, 27.460980269954913, 22.85344179306169, 60.45316400149252, 66.40880102577324, 48.86889272405745, 81.92924963674963, 80.4331987768097, 92.92697729401705, 59.95318642509612, 53.349291506766015, 24.177905131694338, 8.684980206809831, 43.26050820327737, 83.26674364001904, 88.10531304838662, 24.601032571186824, 9.031852609740065, 71.90140405644048, 67.0693277317619, 72.38252577405841, 47.92357486199961, 63.890970651487066, 53.61055099070201, 97.73893094015129, 88.21897463461906, 16.54965518934647, 66.20758737022213, 41.62238815038059, 65.18291357403757, 13.640554956394064, 44.516451296282476, 53.828893311352516, 6.834886677811849, 67.2947074819719, 26.21781448562409, 70.29724594843438, 21.016648444737815, 22.91858127988057, 36.37960818062035, 41.44910482446218], [89.79757757906913, 0.0, 114.83044588255537, 57.10280651688789, 44.259042960322496, 38.843090968247935, 81.50453747181834, 87.45365389129536, 75.18931333224506, 10.276936555033409, 89.59168350766188, 108.5338924106585, 30.24308973013677, 56.129758250007924, 44.31623980644816, 61.896615862274174, 21.045088780615853, 11.945054158032292, 63.584750929906086, 70.67180455669269, 110.5391892244563, 98.43871968828232, 72.55045619591371, 17.135514455954386, 73.12041189078849, 66.49476598285956, 80.769015629966, 18.956155516386524, 71.54212905104316, 52.22911196346801, 76.35701861930013, 59.73529817608613, 36.94013343950017, 8.839124015758717, 74.97196229377079, 76.45649411849377, 62.89878050151892, 55.37221874985142, 51.65772989221959, 79.90935362024254, 75.76380921642465, 36.73400893532773, 85.55049962897618, 60.11925527765108, 64.85829051697314, 45.9603376318158, 72.14182716820822, 86.20216867489947, 56.18839006631165, 65.45317227852416], [30.079925774680323, 114.83044588255537, 0.0, 80.53706802009093, 78.16267416273777, 77.52595584034417, 59.28551416667439, 36.13536985811813, 75.01044889858149, 117.99590159740295, 29.100144235257304, 7.227299802808865, 87.23640409605999, 78.7161516227771, 77.33111694207548, 91.76596871356092, 108.28486847085551, 115.88834288333138, 89.91142533440407, 82.91930277311994, 6.193729122554053, 23.24368168599928, 51.9471961138608, 110.69991756070127, 94.47956789927032, 48.64145543274938, 37.67144904150682, 96.0801192802776, 73.26327766585491, 85.59848392083751, 76.92851545597205, 93.94376765743021, 80.60847730509701, 123.2743643178938, 93.95923094161145, 38.61696146807749, 96.18306333192297, 60.9607240956296, 95.20909939770976, 35.2943261000014, 73.63797608419524, 78.09767926195106, 36.808966400901475, 78.02363663047777, 50.225635386242935, 100.15594548749263, 50.92079552469259, 50.59333727489955, 65.34240307250181, 54.86313240538293], [68.79091335291716, 57.10280651688789, 80.53706802009093, 0.0, 57.55905804987333, 46.357824595932186, 81.91807746590588, 44.88510330934886, 18.095538126714878, 65.88213186687136, 51.45157892138294, 76.7263042261882, 50.238553523916416, 2.609158724022893, 56.47711816373818, 13.526589663634674, 66.49699020752284, 50.546307147359016, 86.78965591085553, 88.04891566798543, 78.89445260296034, 75.13249472818724, 28.592935353294294, 65.58452837358233, 22.882680788861375, 47.25815255739786, 62.25164525411634, 42.443062216464895, 14.710058918719183, 6.019670494691857, 88.9694331878178, 86.346926835315, 49.469060165039856, 65.34425124009462, 23.953842726241135, 52.37927290972374, 90.27988330741604, 30.01105182319268, 80.6955540542457, 55.1527787424407, 86.31450380232644, 37.978206040294864, 69.05108764296399, 3.3672891141057226, 46.17661766066552, 79.64030917359341, 64.14059984920665, 80.60282283905156, 57.717126301026696, 27.475954533604867], [49.55820303275221, 44.259042960322496, 78.16267416273777, 57.55905804987333, 0.0, 11.496289641303012, 37.31031081035848, 61.19665083813347, 71.05066212781796, 43.350790198145916, 59.374387730059766, 71.1540666747811, 14.599772091624503, 55.13929645641066, 1.198394596609675, 69.59653983980323, 31.06913595052432, 51.18875711124006, 29.302903132440118, 32.000114253372054, 72.86382677807684, 58.13417138588423, 52.77487761648226, 34.24119319691504, 80.287039856039, 31.47166300949593, 40.872479465636516, 30.7160707486239, 66.58138967887177, 56.77532335896602, 35.255981805100205, 28.879422203221203, 9.651426493451519, 50.88494282107351, 81.47519738619555, 40.64210312738173, 32.791924869261706, 33.27647213273489, 24.155455877580216, 43.503410942098704, 33.69165573251027, 20.193589600628613, 44.055946704970076, 58.657526148788165, 30.28612425776483, 25.52752691853777, 29.480442183342543, 42.07260859765809, 13.235678167163623, 44.87463345573189], [51.10421551650074, 38.843090968247935, 77.52595584034417, 46.357824595932186, 11.496289641303012, 0.0, 45.49424655595613, 55.57907476382211, 60.586866107744434, 40.57675109522956, 55.27595156006973, 70.87279372038502, 9.738413883929478, 43.993823688183156, 10.56196543580903, 58.177246870393056, 31.326948439726404, 43.552702271616205, 40.74266001747861, 43.35860544017781, 72.77682922637895, 59.77798774353146, 44.78331507110156, 33.31326246704083, 68.97115212767577, 28.94136263164904, 42.07570948775507, 22.197780595860763, 56.125605692813735, 45.34941980663454, 46.08881091587477, 40.00444284020478, 3.8844592739604895, 46.63892796137263, 70.20383760411212, 38.92984282619289, 43.9414229361127, 24.738021973087942, 34.48353341766543, 42.23298457297531, 44.19942179165758, 8.697485236623738, 46.70833153370145, 47.632647430467834, 27.410415339039186, 34.341208824757366, 33.53800817477641, 48.63802818839271, 18.37868140477037, 36.723135338202425], [30.759790505985965, 81.50453747181834, 59.28551416667439, 81.91807746590588, 37.31031081035848, 45.49424655595613, 0.0, 62.0005396454419, 89.39581854863127, 79.67298019114283, 55.595906313631076, 52.297904552995064, 51.787126620081736, 79.31104592039827, 37.384350264724475, 95.37423809879125, 66.04862788573115, 88.33122500072989, 32.663029249456024, 24.31663252966309, 53.09912839447748, 36.054926504400626, 63.66756719889049, 69.83742401522508, 104.11657218353935, 36.12190735295429, 27.873176524790345, 67.35920645729732, 85.34163826904992, 83.50742633183108, 17.68908868555559, 37.554439410699636, 45.793544486231404, 87.75043915488155, 104.75656599508685, 36.82105074429968, 38.82089632775229, 51.942018276222484, 41.54130636167342, 36.750582143309785, 14.522971540443566, 52.47563866742821, 24.213859798811114, 81.6178945922651, 36.71711094451729, 48.1018746093303, 18.353250748733256, 8.885280044868416, 27.31324357744578, 58.40277827518768], [35.31793712557568, 87.45365389129536, 36.13536985811813, 44.88510330934886, 61.19665083813347, 55.57907476382211, 62.0005396454419, 0.0, 39.223869733148994, 92.87681288219568, 8.4997198501786, 33.47321162910638, 64.78272437261126, 43.27923917089938, 60.06531787125902, 55.665242586828576, 86.44328416411717, 85.89487832724367, 83.34171028164418, 79.6516479263461, 35.52887020287459, 37.68977911977341, 16.7596109150323, 87.75080766392384, 58.562699935532954, 30.865375794513657, 34.314709724131276, 68.62091258481914, 37.199339894849146, 50.26638835563537, 76.51563404144703, 85.66171122365833, 59.3691903590898, 96.26994552905074, 58.15691828007931, 25.483672019213845, 88.96511857928898, 32.41850404705048, 83.78883671039262, 25.257537381144775, 73.08995697971301, 52.542959258792365, 39.60562972113875, 42.181794267166644, 31.596188475100558, 86.53541049898422, 45.20530386206901, 56.145922167535076, 51.72717755295434, 22.216068540075703], [70.33499149658444, 75.18931333224506, 75.01044889858149, 18.095538126714878, 71.05066212781796, 60.586866107744434, 89.39581854863127, 39.223869733148994, 0.0, 83.8696815615354, 47.33709943334879, 72.69707503266153, 66.02100763172133, 19.187409851266775, 69.89049969135175, 20.121680469046026, 83.7595121290938, 68.49232723685213, 99.57005495058726, 99.46661112955795, 74.74885388947153, 75.00485914142706, 27.105164635999824, 83.12527199786638, 19.503569737252164, 53.288544436661404, 65.69078343382236, 60.0390174245708, 4.469702549499981, 23.41660217384921, 99.18024085008395, 99.84459895275238, 64.09843191863318, 83.4379629356996, 18.956454555583996, 55.25043451104214, 103.71576460626993, 39.213193448249605, 94.98164444374109, 57.18970058217068, 96.19786582305326, 52.917507305365085, 72.31939795956202, 15.11242175227741, 52.69177178825614, 94.77894912998045, 71.05210760234658, 86.36433240712803, 68.42412907549841, 31.007194827190737], [91.46147119297895, 10.276936555033409, 117.99590159740295, 65.88213186687136, 43.350790198145916, 40.57675109522956, 79.67298019114283, 92.87681288219568, 83.8696815615354, 0.0, 94.19461202744209, 111.41536057523928, 31.022460556325285, 64.69379243939746, 43.68394890732245, 71.54666841396451, 14.524604047424335, 21.96086798602195, 58.18771041618599, 66.07937960652241, 113.33610899814357, 100.14627316411952, 78.83442253810765, 10.299251222743363, 82.88541508489436, 69.35450904955992, 82.46695774706808, 24.873644393624236, 80.04434571164754, 61.32962386168807, 72.41634459264829, 53.83592734838105, 37.85250966294541, 9.157244525613034, 84.70742298484724, 79.38054600270772, 56.633837493911464, 60.46613974274887, 45.80109551526036, 82.73646266709595, 72.26890141515717, 40.64533141491929, 86.6261395690265, 68.75731021671639, 67.77347798530273, 39.436850436806715, 72.5093604285523, 85.25758176304721, 56.204893229607, 71.34474716012932], [27.460980269954913, 89.59168350766188, 29.100144235257304, 51.45157892138294, 59.374387730059766, 55.27595156006973, 55.595906313631076, 8.4997198501786, 47.33709943334879, 94.19461202744209, 0.0, 25.590487462200347, 64.83724454501316, 49.61609031959629, 58.30885915897545, 62.9376004185165, 86.56490068091833, 89.12336926205604, 79.20069751323562, 74.73447868577806, 27.712987333163344, 29.260074299220896, 22.85885926319996, 88.25971701199842, 66.5132237928435, 27.99260560597794, 27.72501873664412, 70.6363179591391, 45.041563120651254, 56.50258848215413, 70.97622486255499, 81.9519102961864, 58.89852954055245, 98.31692660219701, 66.19721065031258, 20.414441221135245, 85.05135387416561, 34.268252362770795, 80.8269983307435, 19.208367887513784, 67.51415261889734, 53.549648268964134, 32.33001651273235, 48.99018297120936, 29.094650338416567, 84.19052724748255, 39.83043346403773, 49.1407492514711, 48.64412565785474, 26.21952358949891], [22.85344179306169, 108.5338924106585, 7.227299802808865, 76.7263042261882, 71.1540666747811, 70.87279372038502, 52.297904552995064, 33.47321162910638, 72.69707503266153, 111.41536057523928, 25.590487462200347, 0.0, 80.55113501788854, 74.76440782670966, 70.34376421346688, 88.48762287151617, 101.44471725823122, 110.00186273992352, 82.71352178154505, 75.79378204662238, 2.1824334927483697, 16.258351041477827, 48.23365791097917, 103.9398524678646, 92.00529187241584, 42.11913782395422, 30.522309535673187, 89.89520983275192, 70.57506680170314, 81.53011862291122, 69.89899767552093, 86.72553042956564, 73.86844806547121, 116.89561070652532, 91.62564190349993, 32.10415520014684, 88.98216081949458, 55.38368257578553, 87.98696818137168, 28.695565067369817, 66.58421025284389, 71.81723143542418, 29.592506207085666, 74.40024950571917, 43.73268299504302, 92.95910743961069, 43.70680355222025, 43.68363865778486, 58.25968540990731, 50.26610665015838], [60.45316400149252, 30.24308973013677, 87.23640409605999, 50.238553523916416, 14.599772091624503, 9.738413883929478, 51.787126620081736, 64.78272437261126, 66.02100763172133, 31.022460556325285, 64.83724454501316, 80.55113501788854, 0.0, 48.123563481185734, 14.410892512020926, 60.76067693806369, 21.737173731909987, 36.5972215076397, 40.489211511586504, 45.108573547292465, 82.43894567214035, 69.13801216131618, 53.02092784989584, 23.580613204062658, 72.03233515700454, 38.6763259560724, 51.45017429129458, 16.34421304157442, 61.63485192937063, 48.11018730826607, 49.274534431271874, 38.49296399084478, 6.8564483423202995, 37.550632036888956, 73.45358507505323, 48.655459847193, 42.35782510646607, 33.10483741255019, 31.6199984810921, 51.94226335655389, 47.98328196415558, 13.506364502719514, 55.75358311722642, 52.050613015048825, 37.148581563158615, 29.545203833690515, 41.98574442979781, 56.0383716254676, 25.945648477165566, 45.00038620506113], [66.40880102577324, 56.129758250007924, 78.7161516227771, 2.609158724022893, 55.13929645641066, 43.993823688183156, 79.31104592039827, 43.27923917089938, 19.187409851266775, 64.69379243939746, 49.61609031959629, 74.76440782670966, 48.123563481185734, 0.0, 54.04860563216309, 16.111195452686967, 64.82590233569213, 50.048574073804346, 84.33948387960324, 85.51566328774996, 76.93760202980523, 72.84709215481686, 26.79101713941531, 64.04480706323258, 25.42612494653486, 44.70589407794514, 59.7782089601191, 40.92070096281068, 15.412555407965508, 7.00314470610144, 86.39068599131633, 83.9576735879996, 47.16194327637299, 64.49331021587331, 26.45203040777992, 49.96250519861749, 87.8875359545714, 27.410621071409576, 78.3864216220873, 52.77737656118828, 83.72635478249595, 35.68479984769789, 66.57381189796531, 4.1130228358009875, 43.61042404157676, 77.44819497370507, 61.54576111479141, 78.02310815985636, 55.136508020799475, 25.202561382097525], [48.86889272405745, 44.31623980644816, 77.33111694207548, 56.47711816373818, 1.198394596609675, 10.56196543580903, 37.384350264724475, 60.06531787125902, 69.89049969135175, 43.68394890732245, 58.30885915897545, 70.34376421346688, 14.410892512020926, 54.04860563216309, 0.0, 68.56989112146918, 31.64053795779108, 50.99904758740346, 30.34508549832426, 32.82597895413292, 72.07026076621128, 57.46881287064382, 51.58013639240208, 34.71807562585494, 79.22548878815225, 30.439086377137887, 40.131849507370355, 30.351823760011936, 65.42154432480011, 55.75366256271882, 35.88187726003632, 30.010943832066644, 9.02754402352875, 51.08672299042504, 80.40293033940378, 39.684477088188004, 33.917145362400674, 32.078807133757365, 25.34888737587382, 42.58134054996555, 34.22476911517521, 19.245397462022197, 43.45617929114414, 57.54871578436198, 29.23132744450437, 26.70573207714964, 28.968238644944297, 41.91763799843213, 12.657891565996588, 43.677445677513475], [81.92924963674963, 61.896615862274174, 91.76596871356092, 13.526589663634674, 69.59653983980323, 58.177246870393056, 95.37423809879125, 55.665242586828576, 20.121680469046026, 71.54666841396451, 62.9376004185165, 88.48762287151617, 60.76067693806369, 16.111195452686967, 68.56989112146918, 0.0, 74.57169366076421, 53.19795961424228, 98.89814638280153, 100.69949745968383, 90.62876716947261, 87.98063989036987, 40.34636155104606, 73.01334185923528, 11.54847412946445, 60.76969780740282, 75.62292548830452, 50.33011479237459, 19.600181535469765, 12.828618414198758, 101.9685135201935, 98.08793153976839, 60.96492517120237, 69.32656012169348, 13.24757009243631, 65.6294791314563, 102.0275805965143, 43.513654218904136, 91.99490228208764, 68.29422331403832, 99.40078679695311, 49.55089094449671, 82.42687662456628, 14.6349537078517, 59.69949815508881, 90.2970559957711, 77.65472013838443, 94.12938956839784, 70.77006263403544, 40.482780466222565], [80.4331987768097, 21.045088780615853, 108.28486847085551, 66.49699020752284, 31.06913595052432, 31.326948439726404, 66.04862788573115, 86.44328416411717, 83.7595121290938, 14.524604047424335, 86.56490068091833, 101.44471725823122, 21.737173731909987, 64.82590233569213, 31.64053795779108, 74.57169366076421, 0.0, 32.476550055052456, 43.68055792080792, 51.571247323471376, 103.25482161045217, 89.06460785156793, 74.06120903400189, 4.25280377812915, 86.11958204965495, 60.03495602051597, 71.59710874102629, 24.27895307883893, 79.58560777977921, 62.94426221730367, 57.99762989015807, 39.40733590364094, 27.868052329723465, 23.57395788663059, 87.79162049969547, 69.90035217917698, 42.32395724352532, 54.4456776839612, 31.344352833038517, 73.07962869582362, 57.964650492800494, 34.26064631844728, 75.09669694284771, 68.93085822459778, 58.56472499145988, 25.1823803747167, 60.54653426994436, 72.13350444233562, 44.286360317091045, 66.14547641217172], [92.92697729401705, 11.945054158032292, 115.88834288333138, 50.546307147359016, 51.18875711124006, 43.552702271616205, 88.33122500072989, 85.89487832724367, 68.49232723685213, 21.96086798602195, 89.12336926205604, 110.00186273992352, 36.5972215076397, 50.048574073804346, 50.99904758740346, 53.19795961424228, 32.476550055052456, 0.0, 73.51425793093293, 79.94549114877135, 112.08799117628199, 101.3997833286174, 70.01400674475352, 28.805894512609466, 63.98732571423445, 68.71475923917056, 84.01021190887843, 21.39565364501865, 65.25149244005249, 45.08815693992483, 85.06173135288631, 70.03766536618062, 42.61083728049339, 16.67418314620402, 65.90293564087722, 78.35787477975782, 73.39658639910972, 55.08869472452786, 62.037339921167266, 81.85696370466475, 84.11567612665583, 39.121020097778356, 89.39764839549167, 53.78398731449116, 67.05845728446842, 56.79929094112223, 76.98711207196973, 92.12278728205938, 61.804242423183105, 63.68276744221017], [59.95318642509612, 63.584750929906086, 89.91142533440407, 86.78965591085553, 29.302903132440118, 40.74266001747861, 32.663029249456024, 83.34171028164418, 99.57005495058726, 58.18771041618599, 79.20069751323562, 82.71352178154505, 40.489211511586504, 84.33948387960324, 30.34508549832426, 98.89814638280153, 43.68055792080792, 73.51425793093293, 0.0, 9.473392558446525, 83.85252755638126, 66.92973133281127, 78.67888656486247, 47.93040572441377, 109.56600126256856, 52.6178489172881, 53.7651908884955, 56.2052925575787, 95.12078027381224, 86.07504450990989, 17.255828588407034, 5.358909482485543, 38.247045150093584, 67.25170254080217, 110.73018308937928, 58.790690575482145, 6.2843891566550605, 60.70270887147528, 12.536762846961654, 60.41906004089732, 19.06307208647136, 49.41975652936995, 53.14606792627411, 87.76602785912952, 52.132714004770484, 19.4944684005958, 40.16726841686818, 41.33361890949034, 32.35653463612972, 71.3139546285436], [53.349291506766015, 70.67180455669269, 82.91930277311994, 88.04891566798543, 32.000114253372054, 43.35860544017781, 24.31663252966309, 79.6516479263461, 99.46661112955795, 66.07937960652241, 74.73447868577806, 75.79378204662238, 45.108573547292465, 85.51566328774996, 32.82597895413292, 100.69949745968383, 51.571247323471376, 79.94549114877135, 9.473392558446525, 0.0, 76.78007703647623, 59.725258006230405, 76.84794364652632, 55.78017047739352, 110.93158846394648, 49.622350257880676, 48.099411409009846, 61.343197570804996, 95.07994545826855, 87.9775794567059, 7.809590106776131, 14.830309244161933, 41.573276570480566, 75.00923784543821, 111.9569023934719, 54.435331396612696, 14.99523019772408, 60.25568852205154, 21.359149735870965, 55.59950867020083, 10.011907677115506, 51.98351536902735, 46.51928467813532, 88.67481643372594, 49.424712205743035, 28.45243728419964, 34.951097317600365, 33.17610716238572, 31.05587055185521, 69.95360104320197], [24.177905131694338, 110.5391892244563, 6.193729122554053, 78.89445260296034, 72.86382677807684, 72.77682922637895, 53.09912839447748, 35.52887020287459, 74.74885388947153, 113.33610899814357, 27.712987333163344, 2.1824334927483697, 82.43894567214035, 76.93760202980523, 72.07026076621128, 90.62876716947261, 103.25482161045217, 112.08799117628199, 83.85252755638126, 76.78007703647623, 0.0, 17.07197423415737, 50.39091621067913, 105.78932248459228, 94.07998693787304, 44.087334467599746, 32.117511296679595, 91.92973006243096, 72.66418169889252, 83.70731355238966, 70.7490023148914, 87.94016015747033, 75.73507211740893, 118.8782895633763, 93.68578306954491, 34.08796952885923, 90.12928570546424, 57.52040584969165, 89.36075902232291, 30.657295713247784, 67.46569475440629, 73.83487885197613, 30.82650683949201, 76.5594012765624, 45.708508444680405, 94.4241520347655, 45.139517470048865, 44.40015475620768, 59.90859269960452, 52.44852966706339], [8.684980206809831, 98.43871968828232, 23.24368168599928, 75.13249472818724, 58.13417138588423, 59.77798774353146, 36.054926504400626, 37.68977911977341, 75.00485914142706, 100.14627316411952, 29.260074299220896, 16.258351041477827, 69.13801216131618, 72.84709215481686, 57.46881287064382, 87.98063989036987, 89.06460785156793, 101.3997833286174, 66.92973133281127, 59.725258006230405, 17.07197423415737, 0.0, 48.302506425211945, 91.92768099238576, 93.41011349907328, 32.81435217756483, 17.702787982444363, 80.45680421085771, 72.06549920136166, 79.08827436122769, 53.68571609850329, 71.1331311399261, 62.295519751531025, 106.40766939591492, 93.3731165905654, 23.927675493283612, 73.21284929853466, 49.21473411368468, 72.93314493670064, 20.606837238264877, 50.395226726120136, 62.345275784951895, 14.415296273794029, 73.38459028777473, 34.458159862662086, 78.29235678240664, 29.209818609418736, 27.42644658778024, 44.92347238354945, 47.6572951951423], [43.26050820327737, 72.55045619591371, 51.9471961138608, 28.592935353294294, 52.77487761648226, 44.78331507110156, 63.66756719889049, 16.7596109150323, 27.105164635999824, 78.83442253810765, 22.85885926319996, 48.23365791097917, 53.02092784989584, 26.79101713941531, 51.58013639240208, 40.34636155104606, 74.06120903400189, 70.01400674475352, 78.67888656486247, 76.84794364652632, 50.39091621067913, 48.302506425211945, 0.0, 74.80631823978713, 45.107610407895564, 27.890022537885777, 38.72109363319712, 54.09016737117711, 23.835836787447526, 33.722191645030136, 75.32022706182778, 80.0185264119927, 48.666241166648305, 81.38786713474258, 45.09345247216306, 28.282610406112592, 83.66459822286778, 20.049651943651405, 76.68972878042814, 30.09496869480673, 72.10702074053104, 39.82615366729782, 45.278386159984194, 26.170055296826398, 27.71257927119364, 78.19673960375019, 45.40594935235696, 59.84761809573947, 46.34843342341414, 8.06116309584249], [83.26674364001904, 17.135514455954386, 110.69991756070127, 65.58452837358233, 34.24119319691504, 33.31326246704083, 69.83742401522508, 87.75080766392384, 83.12527199786638, 10.299251222743363, 88.25971701199842, 103.9398524678646, 23.580613204062658, 64.04480706323258, 34.71807562585494, 73.01334185923528, 4.25280377812915, 28.805894512609466, 47.93040572441377, 55.78017047739352, 105.78932248459228, 91.92768099238576, 74.80631823978713, 0.0, 84.54110706693373, 62.22700735554015, 74.3607572185091, 23.1415067578428, 79.03971586598173, 61.72743592336004, 62.14534431718376, 43.65723505310574, 30.09273129169007, 19.32218035653319, 86.25938908704349, 72.17631096146206, 46.5559661272364, 55.50167848103281, 35.59630625045819, 75.4236245626124, 62.051103528158286, 35.255837033778086, 78.10106346751564, 68.15782973168243, 60.71324524493484, 29.396072370461056, 63.686277819250265, 75.72725359880195, 47.36964744048035, 66.9949459190696], [88.10531304838662, 73.12041189078849, 94.47956789927032, 22.882680788861375, 80.287039856039, 68.97115212767577, 104.11657218353935, 58.562699935532954, 19.503569737252164, 82.88541508489436, 66.5132237928435, 92.00529187241584, 72.03233515700454, 25.42612494653486, 79.22548878815225, 11.54847412946445, 86.11958204965495, 63.98732571423445, 109.56600126256856, 110.93158846394648, 94.07998693787304, 93.41011349907328, 45.107610407895564, 84.54110706693373, 0.0, 68.6519205655425, 82.5890768925894, 61.87800421146147, 21.498570964968266, 23.922292336370447, 111.7837101191034, 108.9682307524423, 71.91608586878037, 80.33312734812911, 1.9719518926395498, 72.29261441593272, 112.9069440553739, 52.249067846287204, 103.06852007323846, 74.62455662801764, 109.08333124567284, 60.43941915285069, 89.35750015035329, 22.567645650217944, 67.75536940757816, 101.576835290803, 86.05261382390648, 102.17101342819744, 80.52954371828355, 47.10165379875961], [24.601032571186824, 66.49476598285956, 48.64145543274938, 47.25815255739786, 31.47166300949593, 28.94136263164904, 36.12190735295429, 30.865375794513657, 53.288544436661404, 69.35450904955992, 27.99260560597794, 42.11913782395422, 38.6763259560724, 44.70589407794514, 30.439086377137887, 60.76969780740282, 60.03495602051597, 68.71475923917056, 52.6178489172881, 49.622350257880676, 44.087334467599746, 32.81435217756483, 27.890022537885777, 62.22700735554015, 68.6519205655425, 0.0, 16.21323045406404, 48.04951960104412, 49.27900391553005, 49.88809124245251, 47.552339900507825, 54.80492964884856, 32.182844756397, 74.79357584187788, 69.14802128829803, 10.0281498258548, 58.14437762891804, 17.87945393394903, 53.05707964865257, 13.430196274918234, 44.289532294352334, 29.887070648460714, 22.678435821028412, 46.4621127628916, 1.6566299232381332, 56.2124879787623, 17.76951143006706, 33.51998956700762, 20.893788456896495, 22.284714112261558], [9.031852609740065, 80.769015629966, 37.67144904150682, 62.25164525411634, 40.872479465636516, 42.07570948775507, 27.873176524790345, 34.314709724131276, 65.69078343382236, 82.46695774706808, 27.72501873664412, 30.522309535673187, 51.45017429129458, 59.7782089601191, 40.131849507370355, 75.62292548830452, 71.59710874102629, 84.01021190887843, 53.7651908884955, 48.099411409009846, 32.117511296679595, 17.702787982444363, 38.72109363319712, 74.3607572185091, 82.5890768925894, 16.21323045406404, 0.0, 62.924700270483314, 62.095221927567145, 65.3986873954156, 43.63409351285289, 57.28505365800676, 44.6146547566288, 88.70832544228519, 82.86849171613662, 10.44428644145167, 59.9154511539729, 33.848157170987086, 57.82416333185103, 9.181227405299046, 40.163058137878025, 44.89270262175088, 6.804251570989721, 61.05969145346468, 17.75379518861177, 62.54269192479478, 13.662661706995705, 21.91408659006546, 27.813270022325614, 35.493179285272824], [71.90140405644048, 18.956155516386524, 96.0801192802776, 42.443062216464895, 30.7160707486239, 22.197780595860763, 67.35920645729732, 68.62091258481914, 60.0390174245708, 24.873644393624236, 70.6363179591391, 89.89520983275192, 16.34421304157442, 40.92070096281068, 30.351823760011936, 50.33011479237459, 24.27895307883893, 21.39565364501865, 56.2052925575787, 61.343197570804996, 91.92973006243096, 80.45680421085771, 54.09016737117711, 23.1415067578428, 61.87800421146147, 48.04951960104412, 62.924700270483314, 0.0, 56.00562626459012, 38.687546950466675, 65.61859278027194, 53.65675441880364, 21.58324970175863, 27.701456421771287, 63.53322689014685, 57.91060180128675, 57.38677738422582, 36.43277640923807, 46.18499666842871, 61.39078883229658, 64.29651224529262, 18.16569781800795, 68.14054919327786, 45.03313032875356, 46.397952447575285, 42.579951650968894, 55.59148990234951, 70.82675773386515, 40.52832462904695, 46.76440435375481], [67.0693277317619, 71.54212905104316, 73.26327766585491, 14.710058918719183, 66.58138967887177, 56.125605692813735, 85.34163826904992, 37.199339894849146, 4.469702549499981, 80.04434571164754, 45.041563120651254, 70.57506680170314, 61.63485192937063, 15.412555407965508, 65.42154432480011, 19.600181535469765, 79.58560777977921, 65.25149244005249, 95.12078027381224, 95.07994545826855, 72.66418169889252, 72.06549920136166, 23.835836787447526, 79.03971586598173, 21.498570964968266, 49.27900391553005, 62.095221927567145, 56.00562626459012, 0.0, 20.42229345054764, 94.87660514624964, 95.37860047608984, 59.646405951460466, 79.8948852311708, 21.324014029302774, 51.67889810182138, 99.25121891743538, 34.84100128908078, 90.51359702784602, 53.764377991398014, 91.91768483428706, 48.49001588912842, 68.78011354088902, 11.486521752084869, 48.62456405002157, 90.33331590922359, 67.01794375629126, 82.51312150423644, 64.04944221819792, 27.048809928674125], [72.38252577405841, 52.22911196346801, 85.59848392083751, 6.019670494691857, 56.77532335896602, 45.34941980663454, 83.50742633183108, 50.26638835563537, 23.41660217384921, 61.32962386168807, 56.50258848215413, 81.53011862291122, 48.11018730826607, 7.00314470610144, 55.75366256271882, 12.828618414198758, 62.94426221730367, 45.08815693992483, 86.07504450990989, 87.9775794567059, 83.70731355238966, 79.08827436122769, 33.722191645030136, 61.72743592336004, 23.922292336370447, 49.88809124245251, 65.3986873954156, 38.687546950466675, 20.42229345054764, 0.0, 89.42229201127317, 85.26446789965975, 48.1466120430456, 60.271873259648174, 25.364450176307276, 55.85382581528514, 89.20427086986535, 32.146559540777695, 79.21685978150217, 58.80310942803165, 86.92600527795018, 36.723294919864905, 72.158570131687, 9.37085300222065, 48.67128852235949, 77.65454621524415, 66.14118073388434, 82.8056328467782, 58.31385315162319, 31.614863957095665], [47.92357486199961, 76.35701861930013, 76.92851545597205, 88.9694331878178, 35.255981805100205, 46.08881091587477, 17.68908868555559, 76.51563404144703, 99.18024085008395, 72.41634459264829, 70.97622486255499, 69.89899767552093, 49.274534431271874, 86.39068599131633, 35.88187726003632, 101.9685135201935, 57.99762989015807, 85.06173135288631, 17.255828588407034, 7.809590106776131, 70.7490023148914, 53.68571609850329, 75.32022706182778, 62.14534431718376, 111.7837101191034, 47.552339900507825, 43.63409351285289, 65.61859278027194, 94.87660514624964, 89.42229201127317, 0.0, 22.599962923010704, 44.89071711335105, 81.1995703504555, 112.68960514493995, 51.04696363474137, 22.754691804521478, 60.12666052678001, 28.727486201150292, 51.77242925181328, 3.4712834930983494, 54.44649966542655, 41.17391562666478, 89.3034996775774, 47.61262956429081, 35.811298465532495, 31.31305528884633, 26.53830795356162, 31.255174757989042, 68.90671434083748], [63.890970651487066, 59.73529817608613, 93.94376765743021, 86.346926835315, 28.879422203221203, 40.00444284020478, 37.554439410699636, 85.66171122365833, 99.84459895275238, 53.83592734838105, 81.9519102961864, 86.72553042956564, 38.49296399084478, 83.9576735879996, 30.010943832066644, 98.08793153976839, 39.40733590364094, 70.03766536618062, 5.358909482485543, 14.830309244161933, 87.94016015747033, 71.1331311399261, 80.0185264119927, 43.65723505310574, 108.9682307524423, 54.80492964884856, 57.28505365800676, 53.65675441880364, 95.37860047608984, 85.26446789965975, 22.599962923010704, 0.0, 37.12980705967787, 62.95580272557142, 110.2082295305755, 61.613944377316564, 3.939929043330471, 61.42328862532994, 8.086654933159156, 63.46524519652636, 24.293033752325073, 48.54916453578191, 57.134830810978755, 87.51922144287903, 54.17601772488551, 14.624353877079269, 43.62353859391751, 46.09426530659637, 34.08334733629819, 72.44499825553538], [53.61055099070201, 36.94013343950017, 80.60847730509701, 49.469060165039856, 9.651426493451519, 3.8844592739604895, 45.793544486231404, 59.3691903590898, 64.09843191863318, 37.85250966294541, 58.89852954055245, 73.86844806547121, 6.8564483423202995, 47.16194327637299, 9.02754402352875, 60.96492517120237, 27.868052329723465, 42.61083728049339, 38.247045150093584, 41.573276570480566, 75.73507211740893, 62.295519751531025, 48.666241166648305, 30.09273129169007, 71.91608586878037, 32.182844756397, 44.6146547566288, 21.58324970175863, 59.646405951460466, 48.1466120430456, 44.89071711335105, 37.12980705967787, 0.0, 44.382851928718694, 73.20218558289365, 42.09620226727162, 41.068413900768434, 28.61954148627621, 31.22715902380252, 45.33138712429903, 43.25150481377824, 11.494815916073145, 48.89971247382396, 50.885368581182775, 30.70042859489353, 30.704419303187926, 35.20897103619914, 49.59917113330163, 19.33743287838316, 40.60575147628059], [97.73893094015129, 8.839124015758717, 123.2743643178938, 65.34425124009462, 50.88494282107351, 46.63892796137263, 87.75043915488155, 96.26994552905074, 83.4379629356996, 9.157244525613034, 98.31692660219701, 116.89561070652532, 37.550632036888956, 64.49331021587331, 51.08672299042504, 69.32656012169348, 23.57395788663059, 16.67418314620402, 67.25170254080217, 75.00923784543821, 118.8782895633763, 106.40766939591492, 81.38786713474258, 19.32218035653319, 80.33312734812911, 74.79357584187788, 88.70832544228519, 27.701456421771287, 79.8948852311708, 60.271873259648174, 81.1995703504555, 62.95580272557142, 44.382851928718694, 0.0, 82.22512154181473, 84.79317852766975, 65.7821882317122, 64.13408863721249, 54.90689152611919, 88.22323561488844, 80.92596154576187, 45.21423466890167, 93.25570465717531, 68.43112402709897, 73.16982240502476, 48.5874634727229, 79.51335218826623, 92.9553676985511, 63.344601238005076, 74.28762886552462], [88.21897463461906, 74.97196229377079, 93.95923094161145, 23.953842726241135, 81.47519738619555, 70.20383760411212, 104.75656599508685, 58.15691828007931, 18.956454555583996, 84.70742298484724, 66.19721065031258, 91.62564190349993, 73.45358507505323, 26.45203040777992, 80.40293033940378, 13.24757009243631, 87.79162049969547, 65.90293564087722, 110.73018308937928, 111.9569023934719, 93.68578306954491, 93.3731165905654, 45.09345247216306, 86.25938908704349, 1.9719518926395498, 69.14802128829803, 82.86849171613662, 63.53322689014685, 21.324014029302774, 25.364450176307276, 112.68960514493995, 110.2082295305755, 73.20218558289365, 82.22512154181473, 0.0, 72.53109164394372, 114.145224365608, 52.97462022434059, 104.38693131912446, 74.79262828672378, 109.95493567091597, 61.71388493661218, 89.61934112645233, 23.390005525809357, 68.29054321906253, 102.99111520499852, 86.63203340719154, 102.65287026801124, 81.44530339593773, 47.418238506231674], [16.54965518934647, 76.45649411849377, 38.61696146807749, 52.37927290972374, 40.64210312738173, 38.92984282619289, 36.82105074429968, 25.483672019213845, 55.25043451104214, 79.38054600270772, 20.414441221135245, 32.10415520014684, 48.655459847193, 49.96250519861749, 39.684477088188004, 65.6294791314563, 69.90035217917698, 78.35787477975782, 58.790690575482145, 54.435331396612696, 34.08796952885923, 23.927675493283612, 28.282610406112592, 72.17631096146206, 72.29261441593272, 10.0281498258548, 10.44428644145167, 57.91060180128675, 51.67889810182138, 55.85382581528514, 51.04696363474137, 61.613944377316564, 42.09620226727162, 84.79317852766975, 72.53109164394372, 0.0, 64.66521194627927, 25.290086805513827, 60.82114305135981, 3.499442089318211, 47.61452546638552, 39.777277422440214, 17.104874317225086, 51.01433413526417, 11.63017552648666, 64.60353335743689, 19.734508256258124, 31.890370005601376, 28.853265386897306, 25.264047265811882], [66.20758737022213, 62.89878050151892, 96.18306333192297, 90.27988330741604, 32.791924869261706, 43.9414229361127, 38.82089632775229, 88.96511857928898, 103.71576460626993, 56.633837493911464, 85.05135387416561, 88.98216081949458, 42.35782510646607, 87.8875359545714, 33.917145362400674, 102.0275805965143, 42.32395724352532, 73.39658639910972, 6.2843891566550605, 14.99523019772408, 90.12928570546424, 73.21284929853466, 83.66459822286778, 46.5559661272364, 112.9069440553739, 58.14437762891804, 59.9154511539729, 57.38677738422582, 99.25121891743538, 89.20427086986535, 22.754691804521478, 3.939929043330471, 41.068413900768434, 65.7821882317122, 114.145224365608, 64.66521194627927, 0.0, 65.20747508545658, 11.382792385216913, 66.39612458728679, 24.925606334405177, 52.489068303620854, 59.40678167494438, 91.44136818058453, 57.57168288140425, 17.198782856037464, 46.28610562485573, 47.542477244659246, 37.56026412066939, 76.14286695417518], [41.62238815038059, 55.37221874985142, 60.9607240956296, 30.01105182319268, 33.27647213273489, 24.738021973087942, 51.942018276222484, 32.41850404705048, 39.213193448249605, 60.46613974274887, 34.268252362770795, 55.38368257578553, 33.10483741255019, 27.410621071409576, 32.078807133757365, 43.513654218904136, 54.4456776839612, 55.08869472452786, 60.70270887147528, 60.25568852205154, 57.52040584969165, 49.21473411368468, 20.049651943651405, 55.50167848103281, 52.249067846287204, 17.87945393394903, 33.848157170987086, 36.43277640923807, 34.84100128908078, 32.146559540777695, 60.12666052678001, 61.42328862532994, 28.61954148627621, 64.13408863721249, 52.97462022434059, 25.290086805513827, 65.20747508545658, 0.0, 57.407563742677944, 28.633889042438387, 57.24259839649514, 20.24825004499934, 40.47434856353011, 29.701133436080006, 16.574778388826253, 58.44737891279397, 34.14644821028608, 50.707885005807086, 29.21126459379296, 11.988501185673963], [65.18291357403757, 51.65772989221959, 95.20909939770976, 80.6955540542457, 24.155455877580216, 34.48353341766543, 41.54130636167342, 83.78883671039262, 94.98164444374109, 45.80109551526036, 80.8269983307435, 87.98696818137168, 31.6199984810921, 78.3864216220873, 25.34888737587382, 91.99490228208764, 31.344352833038517, 62.037339921167266, 12.536762846961654, 21.359149735870965, 89.36075902232291, 72.93314493670064, 76.68972878042814, 35.59630625045819, 103.06852007323846, 53.05707964865257, 57.82416333185103, 46.18499666842871, 90.51359702784602, 79.21685978150217, 28.727486201150292, 8.086654933159156, 31.22715902380252, 54.90689152611919, 104.38693131912446, 60.82114305135981, 11.382792385216913, 57.407563742677944, 0.0, 63.0409182776375, 29.73176380244485, 42.71784876911964, 58.61875716388158, 82.08579697429172, 52.21032374496021, 7.0968826996896395, 44.30990170544226, 49.560883182070114, 32.19876434130035, 68.88161738376704], [13.640554956394064, 79.90935362024254, 35.2943261000014, 55.1527787424407, 43.503410942098704, 42.23298457297531, 36.750582143309785, 25.257537381144775, 57.18970058217068, 82.73646266709595, 19.208367887513784, 28.695565067369817, 51.94226335655389, 52.77737656118828, 42.58134054996555, 68.29422331403832, 73.07962869582362, 81.85696370466475, 60.41906004089732, 55.59950867020083, 30.657295713247784, 20.606837238264877, 30.09496869480673, 75.4236245626124, 74.62455662801764, 13.430196274918234, 9.181227405299046, 61.39078883229658, 53.764377991398014, 58.80310942803165, 51.77242925181328, 63.46524519652636, 45.33138712429903, 88.22323561488844, 74.79262828672378, 3.499442089318211, 66.39612458728679, 28.633889042438387, 63.0409182776375, 0.0, 48.31245056899281, 43.24929527066363, 15.289656103619677, 53.66060804041903, 15.055293504767706, 67.06461676033868, 20.65501382960209, 31.09247289264811, 31.359832191001775, 27.820243805843088], [44.516451296282476, 75