instance_id,num_cities,city_coordinates,distance_matrix,best_route,total_distance
630,46,"[[70.94730423489301, 77.47370003143526], [79.65892611940797, 19.435902761536916], [60.22743132530701, 91.56630147423797], [70.60276459267149, 33.37228016904589], [41.73163881722398, 43.936327749129426], [42.834377908680565, 46.39528802763668], [87.62021908504688, 22.066161446860455], [29.178531560761613, 93.76414488774063], [57.48839748017696, 94.32078064475962], [18.00240849974535, 20.335308971855316], [28.755651225808098, 84.29675829605401], [85.64497536584766, 25.101377715534046], [33.85626861239718, 38.507431616491935], [29.67760207844875, 97.8507134791492], [75.8260900485984, 72.35796148250365], [44.443828829236644, 32.16852325096], [1.7984002979785862, 5.754807387628946], [11.790844180713433, 35.58575589792574], [69.79231138248325, 19.645237670719595], [17.5247860560802, 64.69132056912636], [6.825874919990138, 97.95236677305341], [41.087440026059554, 65.76814688174238], [89.68249739950318, 33.656269067791115], [18.162563338028882, 47.403167567572666], [28.280900629517568, 27.53984808430777], [69.70383356778213, 38.13654675833411], [32.50140181055291, 26.993499246548357], [82.56280875565602, 72.51231855572507], [90.48783466338635, 4.577968462217486], [89.5409932994517, 96.8356100207602], [82.07618596572416, 25.998888446965996], [74.87534269805712, 1.5574499234284889], [48.63588607677525, 43.91099423561487], [51.773641620758795, 22.0688282562581], [38.06071387744214, 50.30867402314101], [44.926776835845004, 79.0127055849595], [45.72650442218461, 16.928055158636003], [85.69679496694282, 87.88299141255999], [16.673274126361903, 80.24343999942867], [56.88129522013705, 84.22320634243272], [37.991921308928525, 10.786863718409535], [19.361211816581925, 3.869814611842215], [62.80089439451074, 12.04495400243415], [88.5231861622352, 38.51939813209647], [38.253149902405305, 53.43770751245519], [86.92739782602472, 3.070106289344432]]","[[0.0, 58.68797379191566, 17.706413827293236, 44.10276568928318, 44.47820191283768, 41.90709151564805, 57.8617440248877, 44.83312351732357, 21.563077151093047, 77.89709697596659, 42.739790684108485, 54.39560351199665, 53.79697944805697, 46.026198986337505, 7.069181842125565, 52.4880296037901, 99.62514982538512, 72.48507867053576, 57.83999539673067, 54.9304530591551, 67.31220906269786, 32.07228499982903, 47.654744980631, 60.74920406235208, 65.67961302333048, 39.35680178738381, 63.45343240916426, 12.630726480269695, 75.46933158865478, 26.844158237207036, 52.6641076658044, 76.0178039450597, 40.30204213886912, 58.62874000406686, 42.65520441130348, 26.066000541287234, 65.58859547402913, 18.05272344860965, 54.344657545264205, 15.601552648547214, 74.38542465589101, 89.88134889870707, 65.93394270188159, 42.73580772594223, 40.57877109880227, 76.10031637857641], [58.68797379191566, 0.0, 74.70192372614243, 16.620369335332725, 45.15251871905989, 45.63831509653028, 8.384536149152893, 89.84964002358706, 78.09786985397324, 61.66307725466615, 82.45043344678604, 8.241989567766389, 49.61458099762522, 92.98932891878685, 53.060672174513115, 37.44626418861978, 79.05336078763152, 69.76312996393068, 9.86883516282963, 76.86809612803427, 107.09569770951951, 60.286286870760954, 17.398011354496788, 67.55716494991418, 52.01322363624742, 21.185324014665984, 47.759285626676956, 53.15579411430751, 18.38541465120493, 78.02800737917352, 6.993992155540327, 18.507343035495122, 39.51530230368074, 28.009308956690745, 51.80288859802089, 68.96171132241918, 34.02496938775361, 68.71287946972565, 87.54855191222012, 68.67470549384669, 42.55520140060506, 62.2745329202018, 18.407046400694597, 21.041741887615473, 53.57761687917886, 17.90726040239311], [17.706413827293236, 74.70192372614243, 0.0, 59.111687981972146, 51.09509504401172, 48.40391268220634, 74.70364305089302, 31.126591401229017, 3.884515659075858, 82.80583823314451, 32.300452019293736, 71.15924139072276, 59.25100753077535, 31.189515886907714, 24.744261540886097, 61.45907716208952, 103.81504796593144, 74.02651185377695, 72.55429931532609, 50.45572823416121, 53.78204213778958, 32.12295203298678, 64.97055310485656, 60.990454296104296, 71.5539485786069, 54.263623989398624, 70.27360457660708, 29.358531128364127, 92.10136855874302, 29.7833934965523, 69.11189282913632, 91.19295293540834, 49.044798187537914, 70.00975177825268, 46.83540525400615, 19.791482954978466, 76.03383913836109, 25.73432061120593, 45.001908862715396, 8.069552214904125, 83.78386163120096, 96.75082276105798, 79.56297767115001, 60.1217406266822, 44.00748483559793, 92.43627412083538], [44.10276568928318, 16.620369335332725, 59.111687981972146, 0.0, 30.743145655836496, 30.670540143867083, 20.43090986618607, 73.23349238212732, 62.34345462836781, 54.19188204056959, 65.91269505677374, 17.166127470695457, 37.10356785022868, 76.36974066304654, 39.334037121722254, 26.18661778453549, 74.14017364984464, 58.85355942799746, 13.750946518576841, 61.62916596152116, 90.76386528846423, 43.82518185175326, 19.081846180983113, 54.28480919021046, 42.721861304708966, 4.8483309624361155, 38.631628129187476, 40.926583796980424, 34.99326218555845, 66.22877578830675, 13.638412792215162, 32.10044154250954, 24.364076955818433, 21.961418374870878, 36.68550805881786, 52.36701995945805, 29.820141788105936, 56.56188993671623, 71.45135104251749, 52.66968211820381, 39.66822577234226, 59.1277617102048, 22.709557899835712, 18.644954613955015, 38.06729495357299, 34.419694827804065], [44.47820191283768, 45.15251871905989, 51.09509504401172, 30.743145655836496, 0.0, 2.694906149590923, 50.833709023494706, 51.38474348083412, 52.79079973967549, 33.46766288202975, 42.39505405003869, 47.78217732168264, 9.56526889752923, 55.24545945455702, 44.38717009274915, 12.07630727368254, 55.24936231080518, 31.083488120026267, 37.11412671762754, 31.88638341922487, 64.31286671486129, 21.841321359333158, 49.040436838077795, 23.82268451016256, 21.2077085795032, 28.567133890265282, 19.293955345319777, 49.83745267486848, 62.659772415378185, 71.30265381359223, 44.15239759442687, 53.80031963386501, 6.9042937370833375, 24.063028786437688, 7.35407961266545, 35.22160117087168, 27.3021196892127, 62.163045311630675, 44.11494124371099, 43.041197426627015, 33.35974299310239, 45.88857678302372, 38.22267978612219, 47.10405533939, 10.118107655952905, 60.93196770810692], [41.90709151564805, 45.63831509653028, 48.40391268220634, 30.670540143867083, 2.694906149590923, 0.0, 50.967420672996006, 49.297979063152155, 50.11579723196774, 35.9965166802853, 40.43181907259118, 47.81399241874153, 11.950929892642137, 53.110842194820584, 41.982299637433584, 14.317512642794037, 57.75465457534031, 32.871674298439466, 37.977564051365526, 31.230117619126318, 62.88676058001103, 19.45146401037305, 48.54924205263867, 24.69239266202533, 23.818717773457013, 28.110041884879973, 21.981806180349288, 47.54416369196131, 63.39984350382109, 68.74397431070885, 44.22592695964931, 55.10948330816805, 6.3110389532586035, 25.916926529250706, 6.172718868776456, 32.68446207877911, 29.60881977934999, 59.65246288487834, 42.779676752107115, 40.351794135896576, 35.93618326570646, 48.57371115762817, 39.73169047777749, 46.36266645995197, 8.401388114212567, 61.81638761758374], [57.8617440248877, 8.384536149152893, 74.70364305089302, 20.43090986618607, 50.833709023494706, 50.967420672996006, 0.0, 92.49881983125475, 78.28573732590837, 69.63932366832086, 85.66028562561408, 3.6213430585705115, 56.22168385255234, 95.39730180832159, 51.65623515659574, 44.342512215062364, 87.35814129871352, 77.02514870159766, 17.991530367954027, 82.0382467006508, 110.84422496400413, 63.83700382930861, 11.77215301085709, 73.93463208153722, 59.59124063292936, 24.067699392806173, 55.338618301610026, 50.69903516135274, 17.721741251165216, 74.7941161698416, 6.797252745448438, 24.146203065306153, 44.687525548730676, 35.84657756348685, 57.041950116067795, 71.17330187899391, 42.20762329819595, 65.84492893968303, 91.75001220029232, 69.34248099486281, 50.893914148963944, 70.64275696358848, 26.76608818521082, 16.477995841815297, 58.491720971684984, 19.008685195045558], [44.83312351732357, 89.84964002358706, 31.126591401229017, 73.23349238212732, 51.38474348083412, 49.297979063152155, 92.49881983125475, 0.0, 28.31533774725752, 74.27448869320467, 9.476826296505491, 88.89901502118902, 55.45435587458604, 4.116930195414006, 51.32464710891636, 63.459041164489314, 92.17003349883188, 60.72113814707775, 84.51681204619975, 31.321540481733834, 22.741645970791957, 30.423642207774904, 85.28591101584175, 47.65177618898781, 66.23037995057776, 68.82390410610961, 66.85327655424689, 57.45886506073256, 108.22663587275571, 60.440554971129934, 85.96680651292569, 102.90905278137274, 53.51565448264071, 75.17152004257943, 44.353930048765896, 21.578048816976523, 78.59783769723828, 56.823428835728585, 18.417136698668227, 29.299703457416673, 83.44402332766153, 90.42881389641117, 88.36565759090706, 81.07878929697617, 41.334855139812866, 107.51902246677385], [21.563077151093047, 78.09786985397324, 3.884515659075858, 62.34345462836781, 52.79079973967549, 50.11579723196774, 78.28573732590837, 28.31533774725752, 0.0, 83.86294380967611, 30.431098096606657, 74.7269604634788, 60.61029157308666, 28.03392171445316, 28.611822631351135, 63.50640810527875, 104.61982319396286, 74.41820684193148, 75.68238246635121, 49.749323034889045, 50.79251529476222, 32.9278651026264, 68.67782054264467, 61.21914445527938, 72.8887565124066, 57.49682614036127, 71.81443290222194, 33.23153802490533, 95.61765105271942, 32.15110053395038, 72.6115713650169, 94.37871259200679, 51.18118329975336, 72.4776038406558, 48.10925502895151, 19.802309846292708, 78.2813904224889, 28.933696946114647, 43.174596860096166, 10.115808417776517, 85.77894765124142, 98.15833914097276, 82.44716049169189, 63.85101721088365, 45.182080719235614, 95.88190815623588], [77.89709697596659, 61.66307725466615, 82.80583823314451, 54.19188204056959, 33.46766288202975, 35.9965166802853, 69.63932366832086, 74.27448869320467, 83.86294380967611, 0.0, 64.85907206226173, 67.81026665265807, 24.115781593870178, 78.38971923045519, 77.78132502154251, 28.96849442439221, 21.79818589356812, 16.46692632929295, 51.79450008450776, 44.358583025339485, 78.41761641731992, 50.96137204900387, 72.90735986548066, 27.068332392853, 12.552003198081437, 54.6801739280023, 15.954695382891503, 83.00894897731587, 74.17837141688489, 104.7380789193589, 64.32359669072206, 59.892726058913745, 38.65517926640935, 33.815695699234574, 36.06574866993024, 64.55972803218347, 27.932684676992846, 95.63064029002717, 59.92287344077725, 74.78790853507324, 22.152955313152905, 16.521466368741887, 45.55912997394156, 72.82747545198808, 38.805428956501885, 71.05449582746967], [42.739790684108485, 82.45043344678604, 32.300452019293736, 65.91269505677374, 42.39505405003869, 40.43181907259118, 85.66028562561408, 9.476826296505491, 30.431098096606657, 64.85907206226173, 0.0, 82.10047675368936, 46.072537758322255, 13.585274913671714, 48.56090073634637, 54.437779211070726, 83.03933664286714, 51.58067887017145, 76.57562664439966, 22.594369230519476, 25.83390662869851, 22.257188860154066, 79.22461570718355, 38.384248694469704, 56.75889573373413, 61.70509514066568, 57.425553067757804, 55.08251284605046, 100.82632555311241, 62.06513202744384, 79.00456350041941, 94.72496551319435, 45.01370542929194, 66.34864850816312, 35.23881472883943, 17.012539979356895, 69.47339073796901, 57.05396496751554, 12.744144756984657, 28.125740167782496, 74.0878754309013, 80.9737535390141, 79.87115753574402, 75.28429408553767, 32.28751301008947, 99.90856369070126], [54.39560351199665, 8.241989567766389, 71.15924139072276, 17.166127470695457, 47.78217732168264, 47.81399241874153, 3.6213430585705115, 88.89901502118902, 74.7269604634788, 67.81026665265807, 82.10047675368936, 0.0, 53.49572345889226, 91.78677860529952, 48.26588047677064, 41.80285901646184, 86.04962483395487, 74.59460355134563, 16.7653338636034, 78.78910944254454, 107.32994550335421, 60.325451262084556, 9.459796521129649, 71.07211664004944, 57.415879407134845, 20.592125528959002, 53.17724639462964, 47.51102043068612, 21.087048478980567, 71.83995434407734, 3.6799162076695864, 25.890181993933943, 41.51474874835486, 34.006817050323164, 53.84858149047613, 67.56036533481299, 40.746625922880646, 62.781635082830185, 88.3048277547145, 65.74754684178811, 49.7565962654755, 69.60112486218176, 26.312016942853216, 13.723241937957951, 55.217141424717596, 22.068564249194043], [53.79697944805697, 49.61458099762522, 59.25100753077535, 37.10356785022868, 9.56526889752923, 11.950929892642137, 56.22168385255234, 55.45435587458604, 60.61029157308666, 24.115781593870178, 46.072537758322255, 53.49572345889226, 0.0, 59.49022067729055, 53.91960945329971, 12.340104967617272, 45.83057183520304, 22.25801303698974, 40.58548423292971, 30.85957490263236, 65.30193334759942, 28.203482706694693, 56.036609450110554, 18.03958157358661, 12.303357943259083, 35.8494835222009, 11.593373222249609, 59.40252005156779, 66.01774566981832, 80.64096328438299, 49.81590189673955, 55.20747762724343, 15.736441191455327, 24.315837142814072, 12.527836298709023, 41.99087247945727, 24.628682191498324, 71.59180175055963, 45.13479472920736, 51.18675521148117, 28.027370690425517, 37.54825140102678, 39.21803262711049, 54.66691885956519, 15.564244389240516, 63.81495735602775], [46.026198986337505, 92.98932891878685, 31.189515886907714, 76.36974066304654, 55.24545945455702, 53.110842194820584, 95.39730180832159, 4.116930195414006, 28.03392171445316, 78.38971923045519, 13.585274913671714, 91.78677860529952, 59.49022067729055, 0.0, 52.7215643384519, 67.32155349980953, 96.22320827500135, 64.78318493778886, 87.89360812351522, 35.31623246376673, 22.85195325386424, 34.051071664013506, 87.87214664370983, 51.74505779003434, 70.32473652640981, 71.88797475516336, 70.91345890401712, 58.641958891107436, 111.34491164856959, 59.87199715651789, 88.92860256322095, 106.37306220716262, 57.174381013112075, 78.9375011727048, 48.27548113764442, 24.236498761231264, 82.49875087598173, 56.8990813201327, 21.889006941272992, 30.426137962422995, 87.45994419977053, 94.5454243204933, 91.97706699624187, 83.56439281759545, 45.23334079502159, 110.72896013422702], [7.069181842125565, 53.060672174513115, 24.744261540886097, 39.334037121722254, 44.38717009274915, 41.982299637433584, 51.65623515659574, 51.32464710891636, 28.611822631351135, 77.78132502154251, 48.56090073634637, 48.26588047677064, 53.91960945329971, 52.7215643384519, 0.0, 50.99056054415679, 99.57951087045792, 73.84245267402041, 53.05692920485591, 58.803226358106315, 73.59417959302992, 35.35815976349512, 41.10743266657778, 62.83171215268005, 65.33917910006079, 34.76474147955806, 62.729283790596966, 6.738486851220648, 69.34763304525472, 28.058044285777996, 46.77849240503147, 70.80689484472043, 39.35145661312819, 55.74510916682251, 43.730935444082874, 31.60780245586535, 63.075031271926925, 18.39721092758828, 59.67609574168607, 22.353730934199085, 72.26634350856177, 88.76321724415885, 61.70344069108451, 36.1422829845937, 42.06782430219732, 70.17154631071875], [52.4880296037901, 37.44626418861978, 61.45907716208952, 26.18661778453549, 12.07630727368254, 14.317512642794037, 44.342512215062364, 63.459041164489314, 63.50640810527875, 28.96849442439221, 54.437779211070726, 41.80285901646184, 12.340104967617272, 67.32155349980953, 50.99056054415679, 0.0, 50.162904225367825, 32.83130952947477, 28.273278010809157, 42.218091018206344, 75.78010639249239, 33.76684844530686, 45.26312540717797, 30.377611875739124, 16.81264053584853, 25.95544536269625, 13.015469124961417, 55.50385977770868, 53.677641405019045, 78.8389900654904, 38.13474396482553, 43.16381408786444, 12.468318603248095, 12.479182446970167, 19.230424501952157, 46.84667178485659, 15.294349425519552, 69.32466500235446, 55.519377958308866, 53.519908463845795, 22.333886249744236, 37.8147403381961, 27.23857366801697, 44.534518686587646, 22.1518104164095, 51.493412242508164], [99.62514982538512, 79.05336078763152, 103.81504796593144, 74.14017364984464, 55.24936231080518, 57.75465457534031, 87.35814129871352, 92.17003349883188, 104.61982319396286, 21.79818589356812, 83.03933664286714, 86.04962483395487, 45.83057183520304, 96.22320827500135, 99.57951087045792, 50.162904225367825, 0.0, 31.460044878759845, 69.39824203837534, 60.998621254954934, 92.33453014828115, 71.73025554109256, 92.20686572723184, 44.74786852666471, 34.291556132172175, 75.23114323358391, 37.33304613555222, 104.78289445743059, 88.69724188447087, 126.46926596971126, 82.7909758950425, 73.19738602044937, 60.41228905493811, 52.57063840369628, 57.445647514066216, 85.0104494228941, 45.32681102503683, 117.40519255664216, 75.9593197691106, 95.87186734144589, 36.541655054009574, 17.663678727908135, 61.32593440326193, 92.70764202509744, 60.02172717471237, 85.1713205258508], [72.48507867053576, 69.76312996393068, 74.02651185377695, 58.85355942799746, 31.083488120026267, 32.871674298439466, 77.02514870159766, 60.72113814707775, 74.41820684193148, 16.46692632929295, 51.58067887017145, 74.59460355134563, 22.25801303698974, 64.78318493778886, 73.84245267402041, 32.83130952947477, 31.460044878759845, 0.0, 60.15205997228915, 29.664995942348046, 62.56392788028514, 42.06265866092546, 77.91554761781413, 13.425722460620431, 18.348258615737503, 57.969137252164394, 22.42217812127183, 79.82632397597492, 84.58545497121818, 98.97792843889256, 70.93614943988746, 71.676910931476, 37.77388920540059, 42.20582215763338, 30.114288502385328, 54.62499420636652, 38.726461662556524, 90.53778440015904, 44.92378959397562, 66.32307562742042, 36.076051557923385, 32.60692254421602, 56.180019372521606, 76.78840122523269, 31.920930446272813, 81.87044132751926], [57.83999539673067, 9.86883516282963, 72.55429931532609, 13.750946518576841, 37.11412671762754, 37.977564051365526, 17.991530367954027, 84.51681204619975, 75.68238246635121, 51.79450008450776, 76.57562664439966, 16.7653338636034, 40.58548423292971, 87.89360812351522, 53.05692920485591, 28.273278010809157, 69.39824203837534, 60.15205997228915, 0.0, 69.0003173053307, 100.48272781445952, 54.32579860137432, 24.329580773235264, 58.61854275988485, 42.25543865922788, 18.49152076215987, 38.008010798891945, 54.38762583952276, 25.599361032492162, 79.67662154606901, 13.829766916448326, 18.78843455283486, 32.193497377308354, 18.180930980243946, 44.126416228387846, 64.36451704812494, 24.218714777096064, 70.06670845573093, 80.58395773656423, 65.85596689829347, 33.011143541374075, 52.84089113662271, 10.326868999755785, 26.590968450520002, 46.22390858496328, 23.840011907242967], [54.9304530591551, 76.86809612803427, 50.45572823416121, 61.62916596152116, 31.88638341922487, 31.230117619126318, 82.0382467006508, 31.321540481733834, 49.749323034889045, 44.358583025339485, 22.594369230519476, 78.78910944254454, 30.85957490263236, 35.31623246376673, 58.803226358106315, 42.218091018206344, 60.998621254954934, 29.664995942348046, 69.0003173053307, 0.0, 34.93943179385895, 23.587246914731825, 78.54877292492407, 17.299913123091105, 38.67720140479588, 58.54749363867582, 40.563835517935644, 65.50658292245842, 94.53687938366342, 78.8643737695967, 75.259468067631, 85.29344623036587, 37.41286552811643, 54.67779218705461, 25.07159454743419, 30.91878340856971, 55.4677062936085, 72.0088633117681, 15.575413039172968, 43.936651846061025, 57.65929321305611, 60.84922387743155, 69.43749634705897, 75.66863512502111, 23.586200935608886, 92.81107999481765], [67.31220906269786, 107.09569770951951, 53.78204213778958, 90.76386528846423, 64.31286671486129, 62.88676058001103, 110.84422496400413, 22.741645970791957, 50.79251529476222, 78.41761641731992, 25.83390662869851, 107.32994550335421, 65.30193334759942, 22.85195325386424, 73.59417959302992, 75.78010639249239, 92.33453014828115, 62.56392788028514, 100.48272781445952, 34.93943179385895, 0.0, 47.00722129130474, 104.87710936537668, 51.804845763722426, 73.60870136260684, 86.78461849744305, 75.46120567385672, 79.895426653395, 125.37185397056345, 82.72265683700041, 104.11489977761326, 117.9945340230821, 68.32676619495987, 88.19644635254124, 56.96961140420406, 42.548672044158835, 89.87879643306991, 79.51109576155591, 20.262708570259168, 51.90409374561972, 92.56968926320641, 94.91396784603455, 102.53431803115735, 101.02835456291086, 54.4906276519871, 124.17285261426663], [32.07228499982903, 60.286286870760954, 32.12295203298678, 43.82518185175326, 21.841321359333158, 19.45146401037305, 63.83700382930861, 30.423642207774904, 32.9278651026264, 50.96137204900387, 22.257188860154066, 60.325451262084556, 28.203482706694693, 34.051071664013506, 35.35815976349512, 33.76684844530686, 71.73025554109256, 42.06265866092546, 54.32579860137432, 23.587246914731825, 47.00722129130474, 0.0, 58.24647884521787, 29.373839319559398, 40.31637732065125, 39.779433187448475, 39.71389368308777, 42.020114978711554, 78.64246260981987, 57.55809318168629, 57.11104280398324, 72.55781123245657, 23.12388720731625, 44.98694647177279, 15.752979789378164, 13.7898093671355, 49.059917223664776, 49.79016867679743, 28.382840016828755, 24.290637735331373, 55.06835510903423, 65.60055281783276, 57.94528068581743, 54.70506667500766, 12.651993342738983, 77.66817897458758], [47.654744980631, 17.398011354496788, 64.97055310485656, 19.081846180983113, 49.040436838077795, 48.54924205263867, 11.77215301085709, 85.28591101584175, 68.67782054264467, 72.90735986548066, 79.22461570718355, 9.459796521129649, 56.036609450110554, 87.87214664370983, 41.10743266657778, 45.26312540717797, 92.20686572723184, 77.91554761781413, 24.329580773235264, 78.54877292492407, 104.87710936537668, 58.24647884521787, 0.0, 72.82910260686263, 61.705483480409605, 20.474860113937194, 57.56796152760258, 39.502943538350394, 29.089450565741227, 63.179499417626346, 10.793120568205723, 35.34948402473587, 42.30819884309298, 39.640258967549926, 54.24123085619918, 63.720333149695485, 47.031504964359044, 54.37300102199228, 86.6066462712938, 60.273825245700074, 56.52367077260474, 76.36960177381499, 34.491586205510224, 4.999402648411834, 55.10247808327028, 30.709997186086138], [60.74920406235208, 67.55716494991418, 60.990454296104296, 54.28480919021046, 23.82268451016256, 24.69239266202533, 73.93463208153722, 47.65177618898781, 61.21914445527938, 27.068332392853, 38.384248694469704, 71.07211664004944, 18.03958157358661, 51.74505779003434, 62.83171215268005, 30.377611875739124, 44.74786852666471, 13.425722460620431, 58.61854275988485, 17.299913123091105, 51.804845763722426, 29.373839319559398, 72.82910260686263, 0.0, 22.291976369056677, 52.36766939743128, 24.943072178770574, 69.12207370439951, 84.05321261379538, 86.82422836193501, 67.40248008840832, 72.92577849461628, 30.672767617550157, 42.08958697431726, 20.109161162328515, 41.41842606653839, 41.091402074255555, 78.73683115435244, 32.874024331598186, 53.43084740054922, 41.64081105252778, 43.54985163859164, 56.945446402904054, 70.91924000997844, 20.97730537621754, 81.81700791681766], [65.67961302333048, 52.01322363624742, 71.5539485786069, 42.721861304708966, 21.2077085795032, 23.818717773457013, 59.59124063292936, 66.23037995057776, 72.8887565124066, 12.552003198081437, 56.75889573373413, 57.415879407134845, 12.303357943259083, 70.32473652640981, 65.33917910006079, 16.81264053584853, 34.291556132172175, 18.348258615737503, 42.25543865922788, 38.67720140479588, 73.60870136260684, 40.31637732065125, 61.705483480409605, 22.291976369056677, 0.0, 42.756863729652515, 4.255717010286493, 70.49147927315072, 66.30950578667787, 92.49162976335971, 53.81735111474552, 53.3491053895841, 26.12163583823818, 24.121379256594317, 24.780318436153443, 54.09750691075123, 20.419579838675823, 83.29393656983905, 53.96670819859554, 63.49004389790637, 19.36404936473717, 25.294887489515524, 37.83809868563232, 61.23465918462662, 27.75148425797608, 63.54667494788454], [39.35680178738381, 21.185324014665984, 54.263623989398624, 4.8483309624361155, 28.567133890265282, 28.110041884879973, 24.067699392806173, 68.82390410610961, 57.49682614036127, 54.6801739280023, 61.70509514066568, 20.592125528959002, 35.8494835222009, 71.88797475516336, 34.76474147955806, 25.95544536269625, 75.23114323358391, 57.969137252164394, 18.49152076215987, 58.54749363867582, 86.78461849744305, 39.779433187448475, 20.474860113937194, 52.36766939743128, 42.756863729652515, 0.0, 38.83540184549674, 36.702137942477634, 39.47344523598957, 61.96041425060095, 17.33198930135793, 36.94285901147772, 21.844968646159625, 24.076199058801954, 33.90350580526795, 47.79919351534224, 32.01112976592337, 52.25402922312309, 67.71433151916172, 47.837199764382284, 41.876610912269, 60.89818139143267, 26.989290130894812, 18.82324645880034, 34.97529161340982, 39.0679717021886], [63.45343240916426, 47.759285626676956, 70.27360457660708, 38.631628129187476, 19.293955345319777, 21.981806180349288, 55.338618301610026, 66.85327655424689, 71.81443290222194, 15.954695382891503, 57.425553067757804, 53.17724639462964, 11.593373222249609, 70.91345890401712, 62.729283790596966, 13.015469124961417, 37.33304613555222, 22.42217812127183, 38.008010798891945, 40.563835517935644, 75.46120567385672, 39.71389368308777, 57.56796152760258, 24.943072178770574, 4.255717010286493, 38.83540184549674, 0.0, 67.66171278222787, 62.16817847853873, 90.17447218929387, 49.58476050839072, 49.42209497285488, 23.37783606842316, 19.89149596346868, 23.96879900036968, 53.48259317382944, 16.619762446409315, 80.85344834512432, 55.55255004203064, 62.20625834225525, 17.11142423949492, 26.5964167541983, 33.78636197877251, 57.19516296913817, 27.062497241067444, 59.45181050952903], [12.630726480269695, 53.15579411430751, 29.358531128364127, 40.926583796980424, 49.83745267486848, 47.54416369196131, 50.69903516135274, 57.45886506073256, 33.23153802490533, 83.00894897731587, 55.08251284605046, 47.51102043068612, 59.40252005156779, 58.641958891107436, 6.738486851220648, 55.50385977770868, 104.78289445743059, 79.82632397597492, 54.38762583952276, 65.50658292245842, 79.895426653395, 42.020114978711554, 39.502943538350394, 69.12207370439951, 70.49147927315072, 36.702137942477634, 67.66171278222787, 0.0, 68.3950433749804, 25.304496976235654, 46.51597555917856, 71.37009539725445, 44.37422489827717, 59.09753401329918, 49.73367349270412, 38.19327074497382, 66.68225891753444, 15.686919826542665, 66.34154816133132, 28.225609474870556, 76.13537799645005, 93.30720874260012, 63.61474227911187, 34.51151601648363, 48.240923023336656, 69.57923887340424], [75.46933158865478, 18.38541465120493, 92.10136855874302, 34.99326218555845, 62.659772415378185, 63.39984350382109, 17.721741251165216, 108.22663587275571, 95.61765105271942, 74.17837141688489, 100.82632555311241, 21.087048478980567, 66.01774566981832, 111.34491164856959, 69.34763304525472, 53.677641405019045, 88.69724188447087, 84.58545497121818, 25.599361032492162, 94.53687938366342, 125.37185397056345, 78.64246260981987, 29.089450565741227, 84.05321261379538, 66.30950578667787, 39.47344523598957, 62.16817847853873, 68.3950433749804, 0.0, 92.26250015316627, 23.013292828404197, 15.901994768287333, 57.43407104661033, 42.48198346683708, 69.5693928750558, 87.27164534312548, 46.43383816109729, 83.44268038677802, 105.70644696622134, 86.44514682934341, 52.86181324189616, 71.13014803490402, 28.676166663452257, 33.99824248058151, 71.52437620934829, 3.866569384509112], [26.844158237207036, 78.02800737917352, 29.7833934965523, 66.22877578830675, 71.30265381359223, 68.74397431070885, 74.7941161698416, 60.440554971129934, 32.15110053395038, 104.7380789193589, 62.06513202744384, 71.83995434407734, 80.64096328438299, 59.87199715651789, 28.058044285777996, 78.8389900654904, 126.46926596971126, 98.97792843889256, 79.67662154606901, 78.8643737695967, 82.72265683700041, 57.55809318168629, 63.179499417626346, 86.82422836193501, 92.49162976335971, 61.96041425060095, 90.17447218929387, 25.304496976235654, 92.26250015316627, 0.0, 71.2289580988864, 96.4002546630192, 66.88978063130355, 83.76421973756308, 69.39002048345809, 48.04252525824635, 91.13137088631746, 9.743061159797609, 74.73288836586642, 35.01040709813408, 100.30799351642145, 116.48107505082595, 88.9071888964223, 58.32509323106217, 67.1849746776785, 93.8019220021896], [52.6641076658044, 6.993992155540327, 69.11189282913632, 13.638412792215162, 44.15239759442687, 44.22592695964931, 6.797252745448438, 85.96680651292569, 72.6115713650169, 64.32359669072206, 79.00456350041941, 3.6799162076695864, 49.81590189673955, 88.92860256322095, 46.77849240503147, 38.13474396482553, 82.7909758950425, 70.93614943988746, 13.829766916448326, 75.259468067631, 104.11489977761326, 57.11104280398324, 10.793120568205723, 67.40248008840832, 53.81735111474552, 17.33198930135793, 49.58476050839072, 46.51597555917856, 23.013292828404197, 71.2289580988864, 0.0, 25.48011108424312, 37.935434496609965, 30.556334316818496, 50.282476648569535, 64.73440666476958, 37.464374609239314, 61.98992667680729, 84.97065522988024, 63.4417347971699, 46.63505212469066, 66.50461556409404, 23.79599024284519, 14.082861012921324, 51.70442226266143, 23.436367204521815], [76.0178039450597, 18.507343035495122, 91.19295293540834, 32.10044154250954, 53.80031963386501, 55.10948330816805, 24.146203065306153, 102.90905278137274, 94.37871259200679, 59.892726058913745, 94.72496551319435, 25.890181993933943, 55.20747762724343, 106.37306220716262, 70.80689484472043, 43.16381408786444, 73.19738602044937, 71.676910931476, 18.78843455283486, 85.29344623036587, 117.9945340230821, 72.55781123245657, 35.34948402473587, 72.92577849461628, 53.3491053895841, 36.94285901147772, 49.42209497285488, 71.37009539725445, 15.901994768287333, 96.4002546630192, 25.48011108424312, 0.0, 49.82300472256234, 30.893449690465435, 61.090087137112896, 83.04356222366903, 32.95315277981091, 87.00116632896098, 97.87219125096112, 84.60149542983139, 38.020637190439295, 55.562269193921345, 15.993124886718494, 39.40113255482592, 63.50390643626308, 12.146611135988339], [40.30204213886912, 39.51530230368074, 49.044798187537914, 24.364076955818433, 6.9042937370833375, 6.3110389532586035, 44.687525548730676, 53.51565448264071, 51.18118329975336, 38.65517926640935, 45.01370542929194, 41.51474874835486, 15.736441191455327, 57.174381013112075, 39.35145661312819, 12.468318603248095, 60.41228905493811, 37.77388920540059, 32.193497377308354, 37.41286552811643, 68.32676619495987, 23.12388720731625, 42.30819884309298, 30.672767617550157, 26.12163583823818, 21.844968646159625, 23.37783606842316, 44.37422489827717, 57.43407104661033, 66.88978063130355, 37.935434496609965, 49.82300472256234, 0.0, 22.066393554986956, 12.359796669414443, 35.29713346737754, 27.139334974240285, 57.5069343948586, 48.390651761194306, 41.14682511308139, 34.79226937841245, 49.60143766770931, 34.872510388330355, 40.25004368508199, 14.091113381337042, 55.984087027321685], [58.62874000406686, 28.009308956690745, 70.00975177825268, 21.961418374870878, 24.063028786437688, 25.916926529250706, 35.84657756348685, 75.17152004257943, 72.4776038406558, 33.815695699234574, 66.34864850816312, 34.006817050323164, 24.315837142814072, 78.9375011727048, 55.74510916682251, 12.479182446970167, 52.57063840369628, 42.20582215763338, 18.180930980243946, 54.67779218705461, 88.19644635254124, 44.98694647177279, 39.640258967549926, 42.08958697431726, 24.121379256594317, 24.076199058801954, 19.89149596346868, 59.09753401329918, 42.48198346683708, 83.76421973756308, 30.556334316818496, 30.893449690465435, 22.066393554986956, 0.0, 31.39320430014684, 57.35402969808736, 7.936965184477927, 74.04245001965454, 67.94351514096363, 62.36389051823487, 17.81062993234062, 37.172163018047904, 14.902293742665746, 40.2635104436486, 34.158604803123, 39.959204342871494], [42.65520441130348, 51.80288859802089, 46.83540525400615, 36.68550805881786, 7.35407961266545, 6.172718868776456, 57.041950116067795, 44.353930048765896, 48.10925502895151, 36.06574866993024, 35.23881472883943, 53.84858149047613, 12.527836298709023, 48.27548113764442, 43.730935444082874, 19.230424501952157, 57.445647514066216, 30.114288502385328, 44.126416228387846, 25.07159454743419, 56.96961140420406, 15.752979789378164, 54.24123085619918, 20.109161162328515, 24.780318436153443, 33.90350580526795, 23.96879900036968, 49.73367349270412, 69.5693928750558, 69.39002048345809, 50.282476648569535, 61.090087137112896, 12.359796669414443, 31.39320430014684, 0.0, 29.513797594525585, 34.249526426699845, 60.67145579962852, 36.79011814551833, 38.786721755173865, 39.52187017564657, 50.062351530331554, 45.565214822715184, 51.821309662422394, 3.134945326629048, 67.9664261357852], [26.066000541287234, 68.96171132241918, 19.791482954978466, 52.36701995945805, 35.22160117087168, 32.68446207877911, 71.17330187899391, 21.578048816976523, 19.802309846292708, 64.55972803218347, 17.012539979356895, 67.56036533481299, 41.99087247945727, 24.236498761231264, 31.60780245586535, 46.84667178485659, 85.0104494228941, 54.62499420636652, 64.36451704812494, 30.91878340856971, 42.548672044158835, 13.7898093671355, 63.720333149695485, 41.41842606653839, 54.09750691075123, 47.79919351534224, 53.48259317382944, 38.19327074497382, 87.27164534312548, 48.04252525824635, 64.73440666476958, 83.04356222366903, 35.29713346737754, 57.35402969808736, 29.513797594525585, 0.0, 62.08980095612438, 41.72381033742454, 28.280295658881073, 13.0406989055037, 68.57738489894965, 79.3728680252387, 69.31207564717586, 59.50088112478886, 26.43137951101552, 86.78323888479318], [65.58859547402913, 34.02496938775361, 76.03383913836109, 29.820141788105936, 27.3021196892127, 29.60881977934999, 42.20762329819595, 78.59783769723828, 78.2813904224889, 27.932684676992846, 69.47339073796901, 40.746625922880646, 24.628682191498324, 82.49875087598173, 63.075031271926925, 15.294349425519552, 45.32681102503683, 38.726461662556524, 24.218714777096064, 55.4677062936085, 89.87879643306991, 49.059917223664776, 47.031504964359044, 41.091402074255555, 20.419579838675823, 32.01112976592337, 16.619762446409315, 66.68225891753444, 46.43383816109729, 91.13137088631746, 37.464374609239314, 32.95315277981091, 27.139334974240285, 7.936965184477927, 34.249526426699845, 62.08980095612438, 0.0, 81.43848663273897, 69.66296109238961, 68.21339113836916, 9.876133263650154, 29.421867723803278, 17.75892648300485, 47.93476879423516, 37.26668408612498, 43.46902764197164], [18.05272344860965, 68.71287946972565, 25.73432061120593, 56.56188993671623, 62.163045311630675, 59.65246288487834, 65.84492893968303, 56.823428835728585, 28.933696946114647, 95.63064029002717, 57.05396496751554, 62.781635082830185, 71.59180175055963, 56.8990813201327, 18.39721092758828, 69.32466500235446, 117.40519255664216, 90.53778440015904, 70.06670845573093, 72.0088633117681, 79.51109576155591, 49.79016867679743, 54.37300102199228, 78.73683115435244, 83.29393656983905, 52.25402922312309, 80.85344834512432, 15.686919826542665, 83.44268038677802, 9.743061159797609, 61.98992667680729, 87.00116632896098, 57.5069343948586, 74.04245001965454, 60.67145579962852, 41.72381033742454, 81.43848663273897, 0.0, 69.44500828010595, 29.046980091184864, 90.66183252151845, 107.04496003104073, 79.21887515764372, 49.44444183877344, 58.62914838174467, 84.82181244420882], [54.344657545264205, 87.54855191222012, 45.001908862715396, 71.45135104251749, 44.11494124371099, 42.779676752107115, 91.75001220029232, 18.417136698668227, 43.174596860096166, 59.92287344077725, 12.744144756984657, 88.3048277547145, 45.13479472920736, 21.889006941272992, 59.67609574168607, 55.519377958308866, 75.9593197691106, 44.92378959397562, 80.58395773656423, 15.575413039172968, 20.262708570259168, 28.382840016828755, 86.6066462712938, 32.874024331598186, 53.96670819859554, 67.71433151916172, 55.55255004203064, 66.34154816133132, 105.70644696622134, 74.73288836586642, 84.97065522988024, 97.87219125096112, 48.390651761194306, 67.94351514096363, 36.79011814551833, 28.280295658881073, 69.66296109238961, 69.44500828010595, 0.0, 40.404498517149975, 72.65466747825488, 76.4209111688018, 82.33341268212313, 83.08613319507427, 34.4127640952111, 104.3617043399328], [15.601552648547214, 68.67470549384669, 8.069552214904125, 52.66968211820381, 43.041197426627015, 40.351794135896576, 69.34248099486281, 29.299703457416673, 10.115808417776517, 74.78790853507324, 28.125740167782496, 65.74754684178811, 51.18675521148117, 30.426137962422995, 22.353730934199085, 53.519908463845795, 95.87186734144589, 66.32307562742042, 65.85596689829347, 43.936651846061025, 51.90409374561972, 24.290637735331373, 60.273825245700074, 53.43084740054922, 63.49004389790637, 47.837199764382284, 62.20625834225525, 28.225609474870556, 86.44514682934341, 35.01040709813408, 63.4417347971699, 84.60149542983139, 41.14682511308139, 62.36389051823487, 38.786721755173865, 13.0406989055037, 68.21339113836916, 29.046980091184864, 40.404498517149975, 0.0, 75.82680835133687, 88.68158896422337, 72.42058937375306, 55.58819431604909, 35.9827005127336, 86.53666234625696], [74.38542465589101, 42.55520140060506, 83.78386163120096, 39.66822577234226, 33.35974299310239, 35.93618326570646, 50.893914148963944, 83.44402332766153, 85.77894765124142, 22.152955313152905, 74.0878754309013, 49.7565962654755, 28.027370690425517, 87.45994419977053, 72.26634350856177, 22.333886249744236, 36.541655054009574, 36.076051557923385, 33.011143541374075, 57.65929321305611, 92.56968926320641, 55.06835510903423, 56.52367077260474, 41.64081105252778, 19.36404936473717, 41.876610912269, 17.11142423949492, 76.13537799645005, 52.86181324189616, 100.30799351642145, 46.63505212469066, 38.020637190439295, 34.79226937841245, 17.81062993234062, 39.52187017564657, 68.57738489894965, 9.876133263650154, 90.66183252151845, 72.65466747825488, 75.82680835133687, 0.0, 19.873321426748912, 24.840852173866743, 57.641150167925666, 42.65164377514814, 49.54017770632544], [89.88134889870707, 62.2745329202018, 96.75082276105798, 59.1277617102048, 45.88857678302372, 48.57371115762817, 70.64275696358848, 90.42881389641117, 98.15833914097276, 16.521466368741887, 80.9737535390141, 69.60112486218176, 37.54825140102678, 94.5454243204933, 88.76321724415885, 37.8147403381961, 17.663678727908135, 32.60692254421602, 52.84089113662271, 60.84922387743155, 94.91396784603455, 65.60055281783276, 76.36960177381499, 43.54985163859164, 25.294887489515524, 60.89818139143267, 26.5964167541983, 93.30720874260012, 71.13014803490402, 116.48107505082595, 66.50461556409404, 55.562269193921345, 49.60143766770931, 37.172163018047904, 50.062351530331554, 79.3728680252387, 29.421867723803278, 107.04496003104073, 76.4209111688018, 88.68158896422337, 19.873321426748912, 0.0, 44.202250242796694, 77.3561395980686, 53.04603030618995, 67.570918487643], [65.93394270188159, 18.407046400694597, 79.56297767115001, 22.709557899835712, 38.22267978612219, 39.73169047777749, 26.76608818521082, 88.36565759090706, 82.44716049169189, 45.55912997394156, 79.87115753574402, 26.312016942853216, 39.21803262711049, 91.97706699624187, 61.70344069108451, 27.23857366801697, 61.32593440326193, 56.180019372521606, 10.326868999755785, 69.43749634705897, 102.53431803115735, 57.94528068581743, 34.491586205510224, 56.945446402904054, 37.83809868563232, 26.989290130894812, 33.78636197877251, 63.61474227911187, 28.676166663452257, 88.9071888964223, 23.79599024284519, 15.993124886718494, 34.872510388330355, 14.902293742665746, 45.565214822715184, 69.31207564717586, 17.75892648300485, 79.21887515764372, 82.33341268212313, 72.42058937375306, 24.840852173866743, 44.202250242796694, 0.0, 36.9124976906001, 48.1243369075466, 25.741718266347476], [42.73580772594223, 21.041741887615473, 60.1217406266822, 18.644954613955015, 47.10405533939, 46.36266645995197, 16.477995841815297, 81.07878929697617, 63.85101721088365, 72.82747545198808, 75.28429408553767, 13.723241937957951, 54.66691885956519, 83.56439281759545, 36.1422829845937, 44.534518686587646, 92.70764202509744, 76.78840122523269, 26.590968450520002, 75.66863512502111, 101.02835456291086, 54.70506667500766, 4.999402648411834, 70.91924000997844, 61.23465918462662, 18.82324645880034, 57.19516296913817, 34.51151601648363