instance_id,num_cities,city_coordinates,distance_matrix,best_route,total_distance
279,70,"[[76.07055436072841, 45.87608988738071], [10.604104494487887, 77.58293418586244], [54.12044911329299, 25.15790507396295], [5.279498181984854, 2.205713742980975], [69.19100992863973, 9.882538821239029], [54.87810993110646, 96.40776362978828], [17.752196197261238, 20.267778168497774], [19.780407082053507, 99.35112148488017], [42.848294579196256, 49.06329554660669], [79.50349059983837, 34.1296507392851], [39.30935276283807, 45.603225470562215], [75.20559605257947, 54.775718749261124], [89.45044938498197, 54.13110697661525], [44.43739560537867, 79.98674601666792], [56.71482062721272, 64.7040679959217], [59.60853046893783, 9.449978946128457], [49.55348098761376, 34.46185294317665], [14.57177938321661, 96.84448986714833], [90.76924344105393, 53.30710150448345], [28.25811035871627, 53.67369748468413], [91.48186333465331, 18.562425343992807], [76.183079534065, 45.36108670537652], [55.3720937641878, 59.277082241385685], [72.9273399751648, 57.336241721141754], [0.6495496180360827, 68.61977698879606], [60.163275603821596, 25.96218686970435], [37.27095683148346, 44.09291064303099], [58.07106981450254, 54.00259851148779], [70.89977365735209, 29.832536625397367], [15.507540512795181, 51.291993901071585], [8.759978409801406, 11.5499219794986], [9.504040741531705, 44.25677035414495], [14.844199535541636, 98.56615026633094], [49.23785732959581, 37.18785365905789], [5.872955552375403, 45.82058376283692], [2.870424678943173, 48.98518313704173], [58.7574431847143, 52.479205215688005], [26.430959216433635, 23.174971331467997], [86.20484126089212, 58.931483690254026], [45.028577592545474, 58.48074625459918], [48.921359932966105, 47.3132716943724], [12.046106681077296, 16.42083537029847], [56.68416636440522, 14.265369111071491], [12.971826434574007, 96.29083572194696], [98.9111983320546, 97.29201172110294], [90.20957498669004, 94.51164168044855], [79.6140062821488, 72.2628842919009], [92.45523729197053, 21.402911172635775], [22.965678183147276, 33.113701506942206], [72.96899381204727, 6.807892782912228], [65.65560254561255, 53.75135508122785], [29.26417943561517, 59.48930353124771], [32.37421550465282, 94.00758860135875], [19.057945286912627, 49.35383848578234], [68.80288046948773, 63.62067797642249], [87.51210304455378, 30.568485053204707], [7.838347063881312, 89.61192040956962], [76.36361989394203, 7.015220273763834], [17.267337901035283, 6.5617580328311], [34.32012597475117, 78.50687779132359], [99.65462598394846, 21.080288956641724], [81.44500355713873, 68.33965425266315], [86.36449798228884, 20.018564447234844], [7.055393323483927, 70.99321475133297], [30.19688189230595, 51.84675936329669], [81.61856160784929, 65.43212710363274], [34.62917222389675, 19.674986084973657], [18.818361534599838, 11.035684953459068], [19.91857699284192, 30.278051498756298], [98.26091728057982, 71.11497518144432]]","[[0.0, 72.74049789118264, 30.18360982944926, 83.17737304997907, 36.645106766716225, 54.795709249098486, 63.6931434926391, 77.641224133887, 33.37479325637555, 12.237805517400071, 36.7622142683313, 8.941562880953798, 15.721542481690511, 46.52089417037939, 27.002540399348657, 39.97323840919447, 28.86936066651942, 79.8741329857934, 16.4703185862811, 48.444117142198714, 31.36151646649925, 0.5271529115056343, 24.657916926185067, 11.883386584912175, 78.77565143725761, 25.487350800884705, 38.84055221863961, 19.74896418416699, 16.856232507666274, 60.80469276816112, 75.55792108101987, 66.58620676360397, 80.77690875440265, 28.204238665911426, 70.19762075304507, 73.26612755063054, 18.529569628891856, 54.58415694850565, 16.527161835080243, 33.503457788892035, 27.187207462753282, 70.47511560366877, 37.08193235986726, 80.76568617589263, 56.26092813877419, 50.649075040691045, 26.623654340939677, 29.451558722097907, 54.61690609151507, 39.19111765222746, 13.057221112648945, 48.74583386653506, 65.00777797985909, 57.11858129118252, 19.17523116520854, 19.111038748420626, 81.0460176940579, 38.86197466075661, 70.73496274951432, 52.989306370669915, 34.22046431780273, 23.09754160420504, 27.83122162557108, 73.44360022784939, 46.26059575633171, 20.327788271662516, 49.02944007303591, 67.01990300917959, 58.278155117476366, 33.60674839078629], [72.74049789118264, 0.0, 68.13263481156528, 75.56505008320906, 89.53082720983078, 48.109892548150924, 57.75917523897057, 23.623261998794327, 43.04715533380267, 81.45743212244514, 42.973166600369005, 68.5092824915115, 82.26016230255766, 33.91857748656629, 47.875498290995665, 83.92576097233162, 58.1075001763247, 19.66595970925205, 83.76016687361927, 29.72062453393572, 100.12308594405772, 73.06743065345309, 48.36607363292032, 65.52949134962734, 13.395198756555022, 71.55985602642629, 42.81007697333107, 53.00136816354517, 76.91338106584602, 26.74429333229936, 66.05875795125138, 33.34431489773097, 21.407329656844176, 55.89570098756463, 32.112780550857345, 29.625009173664232, 54.3041548615171, 56.66317809966841, 77.86750288286684, 39.36925109574972, 48.83097922104684, 61.17909530085371, 78.31019185863228, 18.857138888744462, 90.47977983686152, 81.38557654598341, 69.21466228781907, 99.27639662073668, 46.155402274404494, 94.33178629274836, 59.988428886689796, 25.991880791395232, 27.270992025655882, 29.467766596536382, 59.85016393834075, 90.13988389289283, 12.342849093102151, 96.4578462974933, 71.33306485487665, 23.734012442871563, 105.46347375012857, 71.44138299282966, 95.14879865154293, 7.484500865189588, 32.34544203837872, 72.04647966316612, 62.69397365503253, 67.05229600185694, 48.213186204227036, 87.89511545870342], [30.18360982944926, 68.13263481156528, 0.0, 53.96518854565833, 21.458299500284767, 71.25388687040143, 36.695546886727364, 81.75494999144999, 26.429702258824705, 26.92194300920553, 25.24637996272054, 36.3565442301105, 45.690867224089736, 55.677314270334314, 39.6311716380218, 16.639049858801496, 10.364393075043818, 81.87224020832224, 46.21159362500443, 38.49689575365558, 37.9391041735109, 29.91535072693384, 34.14212742220517, 37.27122875985614, 68.90625082801432, 6.096115254946814, 25.346396707528207, 29.11397848851328, 17.4183211675675, 46.62560787178653, 47.35767631906729, 48.5323660147155, 83.25499530428569, 12.983041457465005, 52.48587358052099, 56.518175699651955, 27.71200381518128, 27.760401239452598, 46.583933196239606, 34.540901437277014, 22.75721420538431, 42.971928954958926, 11.190173628971724, 82.17726553570938, 84.90901340469667, 78.181620522906, 53.561184865946394, 38.51825494363783, 32.15454009300799, 26.305713986559095, 30.83253392157561, 42.384891911178684, 72.20233789832645, 42.600732015355504, 41.16987600024497, 33.82716257649843, 79.34956246252891, 28.70393105720008, 41.27915322288518, 56.90488279917958, 45.71638892660239, 51.10082912915274, 32.65105679061139, 65.69623345153244, 35.84176351484918, 48.76637315669899, 20.247772110010803, 38.02202636033075, 34.583000968033595, 63.72152872374626], [83.17737304997907, 75.56505008320906, 53.96518854565833, 0.0, 64.37091716780938, 106.46148829655087, 21.9500880884747, 98.2217216519235, 60.05869991282362, 80.79813614056684, 55.14866296601911, 87.48293884963111, 98.89891550914436, 87.08174270294182, 80.9421810885439, 54.80988165988239, 54.778134958900566, 95.09387170687201, 99.59843560825622, 56.36461627656885, 87.7404682704205, 83.00424124148421, 75.9368766439787, 87.26743730868847, 66.57525231288228, 59.80467406073247, 52.70664749978069, 73.95855127808562, 71.1987492589546, 50.140559925866484, 9.971357489510934, 42.2627273368951, 96.8339673820777, 56.17906595929069, 43.61890735104903, 46.84146018147731, 73.39832795487443, 29.784124423996847, 98.8267379232452, 68.89752243855173, 62.76387401547084, 15.743464468134695, 52.80033331847305, 94.39905768461087, 133.44774009392881, 125.4332582629108, 102.14512342649448, 89.26444913024127, 35.61045732156068, 67.84576531050278, 79.38656762386725, 62.102130348875, 95.71681113737824, 49.120171736121314, 88.35733092980534, 86.98648227672761, 87.44365426629189, 71.24664000940666, 12.754741196307315, 81.64083351932464, 96.24403533275763, 100.87062157234274, 83.01852108311334, 68.81042143838117, 55.54376131705199, 99.12230804006813, 34.15521691521205, 16.163824190415244, 31.660050150067878, 115.73258231623043], [36.645106766716225, 89.53082720983078, 21.458299500284767, 64.37091716780938, 0.0, 87.70104694078273, 52.476706779211135, 102.20584600454058, 47.213031564963586, 26.348997968805136, 46.571245309457225, 45.294291586159666, 48.66601145446554, 74.34609127966567, 56.223263517298825, 9.59223752005571, 31.460693342876517, 102.69197278797017, 48.49033724101431, 59.943038330472234, 23.92117421065007, 36.16097893218806, 51.291162627151515, 47.60056807569425, 90.26624468239704, 18.440582105834245, 46.78930785885311, 45.4998102766716, 20.02304387116218, 67.7986567605184, 60.45402994860871, 68.8775876771291, 104.01133947242192, 33.818759838780956, 72.8060374159992, 76.98984881366144, 43.85584684987767, 44.77846244512454, 51.915984526598415, 54.2734640697665, 42.56663569471963, 57.51773021370639, 13.252559650486656, 103.08729488166969, 92.32391646462209, 87.20014408161353, 63.24512909327001, 25.960417059969902, 51.73459398420403, 4.870996867611992, 44.01104572055318, 63.67874761812514, 91.82864668591026, 63.80679954032928, 53.73954079017538, 27.632785318779728, 100.6028008012418, 7.724496706391241, 52.029754005519685, 76.9758302768254, 32.45645561764524, 59.72767117852611, 19.941607443224644, 87.15130270705009, 57.28470849202644, 56.922761695853055, 35.92231408111144, 50.38584575286817, 53.326818626198396, 67.78252559514857], [54.795709249098486, 48.109892548150924, 71.25388687040143, 106.46148829655087, 87.70104694078273, 0.0, 84.7090954775132, 35.220904314675835, 48.84890086256245, 66.96993891502525, 53.13649684855754, 46.329621765700885, 54.61284055132342, 19.45914528138033, 31.756854740764894, 87.08635481838978, 62.17433171478037, 40.3086964815554, 56.087793148496765, 50.34704347355652, 86.02169177630489, 55.314238264738485, 37.13396720516692, 43.03903495016104, 60.93364386928024, 70.64355781845165, 55.19833043942173, 42.52520454421478, 68.47594146299177, 59.878831105296776, 96.58020161794045, 69.12692857676025, 40.09205176132695, 59.48789949519364, 70.43129931056613, 70.38252955015973, 44.09951780726823, 78.56387370536301, 48.845016674323205, 39.185098369995885, 49.45454487645154, 90.73306560895692, 82.16224690883747, 41.90644662372819, 44.04196599622577, 35.38230774583099, 34.56645435289322, 83.89140833728932, 70.88400101630022, 91.40796975849837, 43.99685826644253, 44.933797207396026, 22.631528992184066, 59.136757322285334, 35.621513446058344, 73.48325054060622, 47.528126153663635, 91.93831598426098, 97.40058980533149, 27.259354690665496, 87.63084405883555, 38.6473621472821, 82.62386086513666, 54.1563617539839, 50.939632102534404, 40.921165844544554, 79.35955284660106, 92.67522469320862, 74.80178988363019, 50.21745832889396], [63.6931434926391, 57.75917523897057, 36.695546886727364, 21.9500880884747, 52.476706779211135, 84.7090954775132, 0.0, 79.10934729531014, 38.196805822852966, 63.288023128886714, 33.265536057434524, 67.02007996160982, 79.29290351687963, 65.40989977290724, 59.098815183523534, 43.23167240204596, 34.82518446507185, 76.64272845932159, 80.14415808218376, 35.01899024425767, 73.74938673946163, 63.5912121353742, 54.1939341365533, 66.47080171824337, 51.28758436436648, 42.79165744495001, 30.799658344292073, 52.57042584321427, 54.00138511385786, 31.105312102004156, 12.524416045036997, 25.36737697328839, 78.35235489604197, 35.7440318311527, 28.179109851824585, 32.344342189180104, 52.144091831371334, 9.152742738096334, 78.61708936917287, 46.949248257777384, 41.26712357363069, 6.881745887441776, 39.3919689224601, 76.17320536017283, 111.89064385319114, 103.74113461022075, 80.81073324604009, 74.7116649241262, 13.863554408388548, 56.83364543494759, 58.445583773677676, 40.8760786996622, 75.17554849350954, 29.115354805769435, 66.97496761043273, 70.51630425417643, 70.04922888790013, 60.09100829995374, 13.714593523933527, 60.549888703359876, 81.90645993292642, 79.79773793556943, 68.61275438078962, 51.84102148144543, 33.94263182709783, 78.22231807798453, 16.887383523148834, 9.293452192684162, 10.242010442190823, 95.22127711044935], [77.641224133887, 23.623261998794327, 81.75494999144999, 98.2217216519235, 102.20584600454058, 35.220904314675835, 79.10934729531014, 0.0, 55.32624034921337, 88.4346479107076, 57.18580283050129, 71.12607188268692, 83.05880150001884, 31.351971553847918, 50.64157599632528, 98.32850472926879, 71.39364888884211, 5.780398305662327, 84.61363166511714, 46.45749149642954, 108.01811076337205, 78.07807192304962, 53.5975445535367, 67.74840660492518, 36.1995199118103, 83.76581518732424, 57.96023806006616, 59.35202935332926, 86.29034291231473, 48.24870084090841, 88.49011516945839, 56.044546850530914, 4.998232163094409, 68.78963033678362, 55.30764573602316, 53.128855159242455, 60.960527213060445, 76.46591198623936, 77.75572374705051, 48.040167418430606, 59.64170473652275, 83.29016603260509, 92.74412491466427, 7.464725003913006, 79.15757738126233, 70.5952424495942, 65.67977000158228, 106.57182759492375, 66.31396351690343, 106.73928488105403, 64.6828590500405, 40.974461175501936, 13.680546562999888, 50.00250252074704, 60.66191136399167, 96.53307056366033, 15.409894063975814, 108.29394546596085, 92.82338868272934, 25.4142857589003, 111.83118558725639, 69.02342760490791, 103.5716938508879, 31.082098537009156, 48.632986419210965, 70.52982018260994, 81.04796344450523, 88.32067629593223, 69.07320817967133, 83.40545808932426], [33.37479325637555, 43.04715533380267, 26.429702258824705, 60.05869991282362, 47.213031564963586, 48.84890086256245, 38.196805822852966, 55.32624034921337, 0.0, 39.58051468264328, 4.949363000498853, 32.85767395123447, 46.87689777739715, 30.964254085085663, 20.902495244624998, 43.01302545938271, 16.067409588134876, 55.52120173704662, 48.10849435212963, 15.301283659163092, 57.4066816059635, 33.53974117806258, 16.160661640924214, 31.196003114814093, 46.51010688759744, 28.86987686127511, 7.470704280170328, 16.00404947641495, 34.01040380762755, 27.431440524963712, 50.68793244599774, 33.68889948360405, 56.874967820792364, 13.485274641839595, 37.11725846369773, 39.97794621175642, 16.271737713587317, 30.6550849139511, 44.465394155460885, 9.666540842295525, 6.320182455795768, 44.88100918732659, 37.4476572333926, 55.88420080675761, 73.95308134920663, 65.64025478423095, 43.473422627801035, 56.79740864708779, 25.489370035027083, 51.89196069718227, 23.284140501103074, 17.123954763134225, 46.14862739726094, 23.792123374099358, 29.758325086342264, 48.3416363171231, 53.57133004977945, 53.77097418778925, 49.60610885369686, 30.65377945942802, 63.3246235320871, 43.14260016378874, 52.31879550653039, 41.976816656661754, 12.953992195181819, 42.084109257715696, 30.516007361778076, 44.98373983509886, 29.64215482260468, 59.63920966414127], [12.237805517400071, 81.45743212244514, 26.92194300920553, 80.79813614056684, 26.348997968805136, 66.96993891502525, 63.288023128886714, 88.4346479107076, 39.58051468264328, 0.0, 41.79966068730678, 21.08867046098244, 22.33831329100697, 57.72784601420218, 38.13290534045588, 31.70008893407168, 29.951851930667278, 90.27335248207264, 22.24166821375958, 54.84577248287721, 19.642299251411256, 11.711971802652288, 34.85279937669982, 24.120357004770582, 86.06690895500294, 20.994079692929127, 43.39185933334534, 29.22811512698674, 9.617127166373475, 66.2572837531561, 74.25960320286823, 70.72822302418793, 91.28464488749694, 30.41974954445418, 74.55289133452068, 78.05967995871535, 27.696653820146835, 54.191314694981635, 25.69122454088504, 42.20776563212465, 33.30277132031306, 69.74310565881034, 30.254111177934334, 91.05204695693683, 66.07679595907015, 61.32377249417337, 38.13339369757667, 18.158128823600567, 56.54693966703811, 28.09231400394557, 24.016146336266882, 56.27699686359018, 76.20063000797323, 62.333296405031845, 31.37234043968257, 8.764689060849047, 90.63208618251873, 27.29562469553195, 68.068549353011, 63.33146705763067, 24.007375954132247, 34.265052355843615, 15.69063984175688, 81.28744768188055, 52.39310641900075, 31.373851403827853, 47.14490195104845, 64.93085665060613, 59.70926851220732, 41.46993223740752], [36.7622142683313, 42.973166600369005, 25.24637996272054, 55.14866296601911, 46.571245309457225, 53.13649684855754, 33.265536057434524, 57.18580283050129, 4.949363000498853, 41.79966068730678, 0.0, 37.049627734487174, 50.861127921551756, 34.76382183447909, 25.84168138408103, 41.46219784092853, 15.135136103769526, 56.900041420661545, 52.033355211440615, 13.684388082971953, 58.76372802036346, 36.8745217891799, 21.09469145224544, 35.6066389110869, 44.99268855032286, 28.647102736194515, 2.536948728536643, 20.556057360480022, 35.30820469725917, 24.472195501063073, 45.748133863759506, 29.835709578757395, 58.34051015681425, 13.015132948148894, 33.437103688014844, 36.59553412045141, 20.627828739662693, 25.862706820127475, 48.752736422091246, 14.090424911834482, 9.762937054296739, 39.93615503373623, 35.832183702605626, 57.12179204198943, 78.89303276786121, 70.58941704389538, 48.323933033041385, 58.39640617796873, 20.569489726404722, 51.36194382913339, 27.577470764530794, 17.138514261201326, 48.898655389365096, 20.59579089877122, 34.561492609316545, 50.49305451385139, 54.10350663255003, 53.49815751679071, 44.833989325726456, 33.2797644220705, 65.13774954199937, 47.87857831664176, 53.560821234388925, 41.04837944661343, 11.046213868833995, 46.72530891352953, 26.347251991687305, 40.184519145030265, 24.715645697177067, 64.23500861991194], [8.941562880953798, 68.5092824915115, 36.3565442301105, 87.48293884963111, 45.294291586159666, 46.329621765700885, 67.02007996160982, 71.12607188268692, 32.85767395123447, 21.08867046098244, 37.049627734487174, 0.0, 14.259430942330491, 39.77785884932793, 20.98763670819115, 47.93423769626156, 32.72131035416902, 73.79865328895295, 15.632784673385174, 46.96041805438991, 39.70289027128324, 9.465240117309007, 20.337897784969545, 3.427350090639309, 75.83048205365323, 32.50370784783412, 39.41014135814856, 17.15195919728709, 25.312100682548618, 59.79961683864757, 79.26846542169888, 66.53827955117103, 74.57278378831145, 31.363297862570736, 69.90857945456777, 72.56657164514328, 16.607700237376203, 58.11688597869876, 11.758136646483349, 30.40361281085759, 27.323052253337384, 73.8932891180432, 44.54359421400964, 74.81007297231281, 48.67844232820256, 42.474262266088864, 18.034274021092713, 37.56719857048384, 56.55309018976366, 48.01994083211983, 9.604774693218825, 46.18259025076938, 58.08327445774072, 56.40882441688347, 10.919160708044952, 27.155851626472735, 75.8413289863972, 47.77453541213292, 75.37524637173954, 47.27356103536792, 41.63096267796747, 14.930189293789967, 36.50453214947064, 70.05324623880065, 45.10391505674241, 12.43724914232236, 53.65172508218787, 71.36323124020898, 60.47139966321467, 28.258080927106917], [15.721542481690511, 82.26016230255766, 45.690867224089736, 98.89891550914436, 48.66601145446554, 54.61284055132342, 79.29290351687963, 83.05880150001884, 46.87689777739715, 22.33831329100697, 50.861127921551756, 14.259430942330491, 0.0, 51.91039472721195, 34.400710674087286, 53.7302831433867, 44.48199232872262, 86.20468838286325, 1.555057163075975, 61.1940485582442, 35.62664390196995, 15.903973035658689, 34.46469763748033, 16.831103151586934, 89.97511521604758, 40.635287719879834, 53.13628542504821, 31.379642710742115, 30.570379308486853, 73.99739411314592, 91.23655748632304, 80.55389983557218, 86.83643007837219, 43.63629673558268, 83.98965574060972, 86.73281507169578, 30.73742684476734, 70.21209635942027, 5.794617216693731, 44.63431477453469, 41.098539751982656, 86.10166580296634, 51.60335607834809, 87.32939079296624, 44.18562513988317, 40.38766958672726, 20.628062476305953, 32.86584170456622, 69.72772859083358, 50.11112630370341, 23.797876955961826, 60.424311007541725, 69.62636182316679, 70.55442528594655, 22.723865425593118, 23.642215176269723, 88.99114207118548, 48.899610283963234, 86.44792965964756, 60.27877538676302, 34.59019791577236, 16.308586039207107, 34.25184161294938, 84.1027701207493, 59.297584306846645, 13.749600796563318, 64.75026406488195, 82.74120638145202, 73.50952002282877, 19.133115892043417], [46.52089417037939, 33.91857748656629, 55.677314270334314, 87.08174270294182, 74.34609127966567, 19.45914528138033, 65.40989977290724, 31.351971553847918, 30.964254085085663, 57.72784601420218, 34.76382183447909, 39.77785884932793, 51.91039472721195, 0.0, 19.603454100044623, 72.14983604840583, 45.81146383811734, 34.29487658612988, 53.46441391397367, 30.889250462570335, 77.37007893255885, 46.97578877295915, 23.419175850347536, 36.396734400700815, 45.23918037599523, 56.26683119520054, 36.60225761520372, 29.343704503887857, 56.70716155679965, 40.74708964642014, 77.17821572206596, 49.969695245097746, 34.94211664882673, 43.06726854356988, 51.52225421851017, 51.85470058710734, 31.011748799318156, 59.597059443491396, 46.77439030303201, 21.514123777371253, 32.979718925133085, 71.34297859270941, 66.85269460830739, 35.438755400838765, 57.156516729117605, 48.02150559237663, 36.01460785082046, 75.74812753640472, 51.556929220725344, 78.54423375929215, 33.74178482673909, 25.502384935089545, 18.496062849353315, 39.780542005649856, 29.351746724191234, 65.55604424935568, 37.843550787903744, 79.65003054971773, 78.29074591600167, 10.224928104549257, 80.7397870572171, 38.79713640038814, 73.17147473208668, 38.44863715691547, 31.538089347075598, 39.928386356162186, 61.104088504447645, 73.55667018334968, 55.42676949660277, 54.549791963614055], [27.002540399348657, 47.875498290995665, 39.6311716380218, 80.9421810885439, 56.223263517298825, 31.756854740764894, 59.098815183523534, 50.64157599632528, 20.902495244624998, 38.13290534045588, 25.84168138408103, 20.98763670819115, 34.400710674087286, 19.603454100044623, 0.0, 55.32981035003264, 31.078551393689036, 53.00040229426169, 35.91092533465039, 30.519722032160296, 57.77368298143457, 27.443834099312987, 5.590625171537224, 17.808162387597953, 56.20184507869203, 38.89505360484357, 28.335201547412574, 10.787069156369332, 37.64620289740684, 43.3350166257476, 71.5893157589318, 51.44851521925227, 53.84969383655078, 28.513979581709386, 54.23542404249389, 56.091909543540694, 12.394336485183768, 51.39823082279014, 30.04969295252246, 13.240015474361282, 19.05722502345889, 65.7766262313728, 50.438708199957084, 53.955291087298335, 53.3151795237084, 44.83737301136433, 24.11448542796613, 56.14594879067678, 46.22722001827342, 60.13455953291824, 14.13858201886197, 27.941572436995358, 38.094112112053, 40.6653391281673, 12.13651204773317, 45.97510877782212, 54.85718530736972, 60.94323969181932, 70.26117065119377, 26.30665137992732, 61.21160822705343, 24.9959883816946, 53.62739593397968, 50.05608941023484, 29.47051848920956, 24.914381085930238, 50.15370458039727, 65.69959627083391, 50.38962350983661, 42.037814858437955], [39.97323840919447, 83.92576097233162, 16.639049858801496, 54.80988165988239, 9.59223752005571, 87.08635481838978, 43.23167240204596, 98.32850472926879, 43.01302545938271, 31.70008893407168, 41.46219784092853, 47.93423769626156, 53.7302831433867, 72.14983604840583, 55.32981035003264, 0.0, 26.95733408399449, 98.31637446265741, 53.799974275357926, 54.20872736437166, 33.1503548596791, 39.5515276216815, 50.00687571474134, 49.7039721674313, 83.52979362710691, 16.521523921118163, 41.220139647567315, 44.57913968886766, 23.301090753195123, 60.7918705963345, 50.89189530027455, 61.007971765703836, 99.72731478730535, 29.613182114613085, 64.88707811534336, 69.1537780533633, 43.0376423950281, 35.90440989896118, 56.17635676585966, 51.15262621542733, 39.34265562724719, 48.070541871945174, 5.63381645569936, 98.57137804021546, 96.23368653022787, 90.39861941813422, 65.9217728864291, 34.953951678311576, 43.619610143528696, 13.619199684138193, 44.712179640049456, 58.521053002901695, 88.83522534546853, 56.891721407996684, 54.94543389002685, 34.99429471610028, 95.42582852132517, 16.93106823069774, 42.43958539048437, 73.54154390531322, 41.70076590349391, 62.807845167947015, 28.767634540741977, 80.92837634108258, 51.599729279685874, 60.15349019852973, 26.99109314799119, 40.820979229233544, 44.822996477167685, 72.77759797450254], [28.86936066651942, 58.1075001763247, 10.364393075043818, 54.778134958900566, 31.460693342876517, 62.17433171478037, 34.82518446507185, 71.39364888884211, 16.067409588134876, 29.951851930667278, 15.135136103769526, 32.72131035416902, 44.48199232872262, 45.81146383811734, 31.078551393689036, 26.95733408399449, 0.0, 71.52141523157351, 45.31978009606671, 28.68079114859213, 44.84173328743244, 28.773752194460762, 25.48826906179395, 32.70435668126521, 59.651976316855325, 13.594560131120419, 15.608256535047335, 21.316426923605466, 21.842499406253438, 37.97867437757014, 46.78746021158161, 41.22982016832219, 72.89784053190138, 2.744211762325508, 45.1332368452785, 48.890028290424844, 20.23210080632819, 25.73022948936573, 44.06909391830018, 24.441399031974385, 12.866955387593238, 41.620685271094835, 21.418324703936875, 71.84038252470131, 79.89876790985667, 72.51823982042526, 48.29651283488917, 44.84525230350247, 26.62196030092857, 36.23572482201374, 25.12694194291162, 32.21845806996776, 61.97436403552805, 33.93742670082566, 34.939611585308356, 38.15776856667956, 69.14970961488291, 38.36797092714568, 42.67095418915903, 46.604928052962244, 51.857410123042996, 46.52713867591221, 39.54313536834506, 56.04130486227535, 26.017549841843334, 44.579449040516614, 21.009198546279254, 38.644959755102654, 29.928777611283724, 60.95790121097296], [79.8741329857934, 19.66595970925205, 81.87224020832224, 95.09387170687201, 102.69197278797017, 40.3086964815554, 76.64272845932159, 5.780398305662327, 55.52120173704662, 90.27335248207264, 56.900041420661545, 73.79865328895295, 86.20468838286325, 34.29487658612988, 53.00040229426169, 98.31637446265741, 71.52141523157351, 0.0, 87.75851932597152, 45.288331504933474, 109.74170875024922, 80.29005609286537, 55.46148004972725, 70.4717895584252, 31.471620528658875, 84.27861772629457, 57.428057319277606, 61.05420479340948, 87.54110358124152, 45.562106378338875, 85.49234083644848, 52.831337466684886, 1.7430798230449505, 68.99747244536488, 51.76010558510867, 49.269005902307875, 62.61510494907825, 74.61794762384937, 81.04746505190717, 48.98360318650705, 60.27632418804963, 80.46330359379367, 92.69716458500822, 1.693039382403378, 84.34060626078863, 75.67376232496316, 69.53234220583406, 108.43092184310237, 64.28118637732864, 107.31646410293203, 66.83244163252192, 40.14070957880014, 18.027055795377546, 47.70207179087638, 63.5990094386673, 98.55353687168461, 9.881759547659994, 109.02994647978086, 90.32296332157301, 26.94930814961319, 113.92675245652919, 72.69493630800199, 105.14949957309203, 26.921821716082253, 47.63338722909394, 74.04058036687734, 79.73350187689262, 85.91381996328663, 66.78082780058382, 87.55500972511929], [16.4703185862811, 83.76016687361927, 46.21159362500443, 99.59843560825622, 48.49033724101431, 56.087793148496765, 80.14415808218376, 84.61363166511714, 48.10849435212963, 22.24166821375958, 52.033355211440615, 15.632784673385174, 1.555057163075975, 53.46441391397367, 35.91092533465039, 53.799974275357926, 45.31978009606671, 87.75851932597152, 0.0, 62.51220802251693, 34.751983376637945, 16.610097191442705, 35.89705942337684, 18.291186133534367, 91.41136277970234, 41.04229067239128, 54.285983305002596, 32.70556947369749, 30.754691117744336, 75.28867502031632, 92.02815652205597, 81.76760766786089, 88.3911408846003, 44.54981687326305, 85.22574520163126, 88.00500734702102, 32.022504085670555, 71.0447752176863, 7.243441325356289, 46.032326817849516, 42.27494943697822, 86.93634965106314, 51.82711016060876, 88.88216637862556, 44.73213337424415, 41.20834090195251, 21.99456790107889, 31.948707892434257, 70.74670921777142, 49.789811192524084, 25.11756995144307, 61.81498621056909, 71.17941372065367, 71.82018220143402, 24.26707567551412, 22.970712694230393, 90.52940654645012, 48.481545537040745, 87.1071596041139, 61.81853757273168, 33.42929059862479, 17.689519256882026, 33.57869089122334, 85.56171634140681, 60.58996272289304, 15.190497812532907, 65.44330969517593, 83.4493982263906, 74.49935624099095, 19.319563706575583], [48.444117142198714, 29.72062453393572, 38.49689575365558, 56.36461627656885, 59.943038330472234, 50.34704347355652, 35.01899024425767, 46.45749149642954, 15.301283659163092, 54.84577248287721, 13.684388082971953, 46.96041805438991, 61.1940485582442, 30.889250462570335, 30.519722032160296, 54.20872736437166, 28.68079114859213, 45.288331504933474, 62.51220802251693, 0.0, 72.31904570512525, 48.64054037967082, 27.68692862785291, 44.819128782373845, 31.39455237322332, 42.25952425053569, 13.153816102062017, 29.814773643242518, 48.85399062505142, 12.971104168724612, 46.41755715576341, 20.985557981337788, 46.85365855858504, 26.68206944007657, 23.722701170653195, 25.816985706371778, 30.522714732010527, 30.553408619425994, 58.18477410828939, 17.445810073403894, 21.62001154490438, 40.6276359016521, 48.59070904237813, 45.27572139395969, 83.0326211617775, 74.20055023844132, 54.6167182486465, 71.85175541127892, 21.230244297646745, 64.77242275476482, 37.39757281657821, 5.9019868414220475, 40.543372999593515, 10.163868314713081, 41.747105339632, 63.59942209420678, 41.334278752820325, 67.01606929151892, 48.376977149586196, 25.562372297404572, 78.48434699288701, 55.171875951617125, 67.14923873305845, 27.377379129965654, 2.663932799234312, 54.640629797018896, 34.59050167503732, 43.67045878480455, 24.837553580403057, 72.1428523461279], [31.36151646649925, 100.12308594405772, 37.9391041735109, 87.7404682704205, 23.92117421065007, 86.02169177630489, 73.74938673946163, 108.01811076337205, 57.4066816059635, 19.642299251411256, 58.76372802036346, 39.70289027128324, 35.62664390196995, 77.37007893255885, 57.77368298143457, 33.1503548596791, 44.84173328743244, 109.74170875024922, 34.751983376637945, 72.31904570512525, 0.0, 30.858078950888434, 54.42057280757469, 42.98463880907538, 103.71233132470536, 32.1809012939539, 59.921849633500365, 48.70612895507279, 23.465673307614935, 82.72437600956826, 83.01858496118496, 85.91020173768683, 110.78775886367059, 46.16776606329315, 89.84371036450668, 93.68847982740034, 47.12998653739213, 65.21422932983555, 40.71250217968438, 61.248511006881415, 51.361538291489715, 79.46462006919542, 35.0620080243859, 110.47864804538236, 79.07934489874367, 75.95987216788954, 54.99623007292994, 3.0026349434296735, 70.04432357932994, 21.92932679519686, 43.64924423624777, 74.47180371063287, 95.84198814155496, 78.6977447494795, 50.44385387821127, 12.645333783732735, 109.74638291630538, 19.02364922054997, 75.17853284848225, 82.82995591700345, 8.551823577086665, 50.779041661099285, 5.320504603660342, 99.3821740375191, 69.74020247674544, 47.8962802730188, 56.86357602136424, 73.05228480172859, 72.51592823813446, 52.98798039951709], [0.5271529115056343, 73.06743065345309, 29.91535072693384, 83.00424124148421, 36.16097893218806, 55.314238264738485, 63.5912121353742, 78.07807192304962, 33.53974117806258, 11.711971802652288, 36.8745217891799, 9.465240117309007, 15.903973035658689, 46.97578877295915, 27.443834099312987, 39.5515276216815, 28.773752194460762, 80.29005609286537, 16.610097191442705, 48.64054037967082, 30.858078950888434, 0.0, 25.035016686079086, 12.409841970266779, 79.03341581429763, 25.15852604581365, 38.93278263553567, 20.067900298154896, 16.402718938436085, 60.964716809689065, 75.42592011591988, 66.68818282799252, 81.19874991647623, 28.157534303941713, 70.31162543894415, 73.40217596810211, 18.82340068390012, 54.47473902171949, 16.869836467389643, 33.80426685954975, 27.331527250415416, 70.36397824229645, 36.70355933016174, 81.17574670613611, 56.68675645231898, 51.11281276783825, 27.119697117354498, 28.96165211026095, 54.60851811524909, 38.686937183649164, 13.461960301575944, 48.99989486853156, 65.46524814176853, 57.26450060495695, 19.694669624506155, 18.63244045585666, 81.41952308836703, 38.346291440146146, 70.54397577121746, 53.39616416394079, 33.77085477248099, 23.573341107060212, 27.31125621464965, 73.7268132296037, 46.44129975972484, 20.794016640439224, 48.85184723041202, 66.85016138042376, 58.25111327052423, 33.92187629243365], [24.657916926185067, 48.36607363292032, 34.14212742220517, 75.9368766439787, 51.291162627151515, 37.13396720516692, 54.1939341365533, 53.5975445535367, 16.160661640924214, 34.85279937669982, 21.09469145224544, 20.337897784969545, 34.46469763748033, 23.419175850347536, 5.590625171537224, 50.00687571474134, 25.48826906179395, 55.46148004972725, 35.89705942337684, 27.68692862785291, 54.42057280757469, 25.035016686079086, 0.0, 17.66220630196134, 55.51434754161138, 33.657654063325786, 23.62647297809799, 5.924917749397891, 33.28798746389747, 40.656416981034354, 66.71260094220939, 48.26477035353195, 56.44591284474994, 22.925158145535285, 51.295633683728795, 53.50092002863621, 7.5941900658047405, 46.27041907161861, 30.834684310919595, 10.374125399130165, 13.592083348997475, 60.94094725717209, 45.030832253401, 56.28321789256969, 57.7995544093509, 49.54921065761845, 27.50093411911019, 53.00577674222939, 41.64970902979461, 55.34136548481198, 11.674082983521487, 26.108776847335434, 41.65465732016675, 37.64555944945842, 14.115695357745976, 43.094822763938176, 56.388469406952396, 56.32003538332442, 65.04519833011102, 28.51263552707622, 58.480233216289434, 27.603022235453608, 50.01760028841673, 49.71691163444646, 26.24882837131581, 26.958517235275202, 44.70564633252018, 60.52609149948468, 45.802790695197466, 44.492548723134654], [11.883386584912175, 65.52949134962734, 37.27122875985614, 87.26743730868847, 47.60056807569425, 43.03903495016104, 66.47080171824337, 67.74840660492518, 31.196003114814093, 24.120357004770582, 35.6066389110869, 3.427350090639309, 16.831103151586934, 36.396734400700815, 17.808162387597953, 49.7039721674313, 32.70435668126521, 70.4717895584252, 18.291186133534367, 44.819128782373845, 42.98463880907538, 12.409841970266779, 17.66220630196134, 0.0, 73.15324426876397, 33.87111833253806, 38.03634415836329, 15.22569998837018, 27.57833967386007, 57.73704445162711, 78.8278971287707, 64.75791424157401, 71.22890257454239, 31.099021359442126, 68.03602610773127, 70.55289902120991, 14.979211550256235, 57.69667077308107, 13.37298909490724, 27.92222829770145, 26.01436153250659, 73.35253945340772, 46.03195364463882, 71.4991188594904, 47.661561571151964, 40.99617066419761, 16.355921396734402, 40.89673603020052, 55.52386066772066, 50.528366107223455, 8.10737796487769, 43.716212821567936, 54.6748899068854, 54.457602274527, 7.517001081592106, 30.483243115260898, 72.65188526806271, 50.43821189522543, 75.33979044772175, 44.03081653217231, 45.04266786344899, 13.91494449268581, 39.66315988959889, 67.27277508791548, 43.081625602199004, 11.87773941433613, 53.71331147115276, 71.21462704303751, 59.51533089067791, 28.83823217292455], [78.77565143725761, 13.395198756555022, 68.90625082801432, 66.57525231288228, 90.26624468239704, 60.93364386928024, 51.28758436436648, 36.1995199118103, 46.51010688759744, 86.06690895500294, 44.99268855032286, 75.83048205365323, 89.97511521604758, 45.23918037599523, 56.20184507869203, 83.52979362710691, 59.651976316855325, 31.471620528658875, 91.41136277970234, 31.39455237322332, 103.71233132470536, 79.03341581429763, 55.51434754161138, 73.15324426876397, 0.0, 73.22263021415984, 44.07600979031744, 59.25278802141457, 80.24676935915961, 22.82568641167171, 57.64327719663873, 25.922154720163928, 33.1402075847149, 57.86872601396849, 23.38989485460575, 19.75979660217959, 60.307921137436466, 52.24855444998131, 86.10209611346711, 45.522500680336925, 52.76490158184594, 53.428559956099086, 78.06586917245282, 30.29069159588263, 102.35940920375461, 93.22760750574254, 79.04845126301002, 103.23621799923362, 41.93674987713849, 95.13575057575513, 66.68475753306994, 30.0360214601748, 40.632442753204444, 26.64667741959247, 68.33642877033411, 94.83145050953424, 22.188936299780515, 97.61015237054211, 64.24444415011692, 35.092199624314254, 109.82717363466789, 80.79593953889612, 98.5349188541632, 6.831401056244758, 33.97615288391878, 81.03173461303231, 59.58361611261618, 60.38239298002051, 42.91134266746476, 97.64325430347395], [25.487350800884705, 71.55985602642629, 6.096115254946814, 59.80467406073247, 18.440582105834245, 70.64355781845165, 42.79165744495001, 83.76581518732424, 28.86987686127511, 20.994079692929127, 28.647102736194515, 32.50370784783412, 40.635287719879834, 56.26683119520054, 38.89505360484357, 16.521523921118163, 13.594560131120419, 84.27861772629457, 41.04229067239128, 42.25952425053569, 32.1809012939539, 25.15852604581365, 33.657654063325786, 33.87111833253806, 73.22263021415984, 0.0, 29.20242118932978, 28.11835717294886, 11.412799730340359, 51.33939813404739, 53.38550685047601, 53.86139491047196, 85.58711443074382, 15.664621263611252, 57.80825873915973, 61.74568101678184, 26.554258166099213, 33.84727078089796, 42.01354156356045, 35.86803295918884, 24.129846479843103, 49.05404502765418, 12.203267872929013, 84.69446099997168, 81.17478320934596, 74.84522604318342, 50.22036943016864, 32.61223366392984, 37.878825423674165, 23.04069011101452, 28.326728104810673, 45.59409715795245, 73.50107861805463, 47.29500550576308, 38.636831193430076, 27.734028653231476, 82.39652132466338, 24.92867221305867, 47.07906233620108, 58.55606652430658, 39.791954991926595, 47.42111013538946, 26.866907183871664, 69.62930871679121, 39.597927284765824, 44.92444189508096, 26.296755106366405, 43.956824030484796, 40.47545495463752, 59.077953533069056], [38.84055221863961, 42.81007697333107, 25.346396707528207, 52.70664749978069, 46.78930785885311, 55.19833043942173, 30.799658344292073, 57.96023806006616, 7.470704280170328, 43.39185933334534, 2.536948728536643, 39.41014135814856, 53.13628542504821, 36.60225761520372, 28.335201547412574, 41.220139647567315, 15.608256535047335, 57.428057319277606, 54.285983305002596, 13.153816102062017, 59.921849633500365, 38.93278263553567, 23.62647297809799, 38.03634415836329, 44.07600979031744, 29.20242118932978, 0.0, 23.040108805224833, 36.527463479286716, 22.923199811909935, 43.265713928195126, 27.767399574885438, 58.90919518944844, 13.81616877009098, 31.445497908790873, 34.746668078156965, 23.06510421539325, 23.559833049843927, 51.134218439597745, 16.345962604202, 12.087291579507513, 37.44378206071364, 35.588691156178996, 57.57665430180998, 81.42274699224811, 73.10640007281319, 50.85746014263311, 59.66691617561805, 18.032859741608334, 51.619012012000745, 29.98288947520507, 17.353887121775273, 50.15429344837251, 18.957614599134217, 37.089026751048685, 52.02963444363086, 54.205707890020115, 53.87941562817993, 42.52919216919948, 34.54024518773435, 66.49287882025479, 50.390981135433485, 54.678605756555875, 40.45499523204868, 10.495937605657979, 49.2145528126911, 24.560416642147207, 37.85866404776937, 22.180068062128292, 66.70807482981736], [19.74896418416699, 53.00136816354517, 29.11397848851328, 73.95855127808562, 45.4998102766716, 42.52520454421478, 52.57042584321427, 59.35202935332926, 16.00404947641495, 29.22811512698674, 20.556057360480022, 17.15195919728709, 31.379642710742115, 29.343704503887857, 10.787069156369332, 44.57913968886766, 21.316426923605466, 61.05420479340948, 32.70556947369749, 29.814773643242518, 48.70612895507279, 20.067900298154896, 5.924917749397891, 15.22569998837018, 59.25278802141457, 28.11835717294886, 23.040108805224833, 0.0, 27.363616973364167, 42.64975268358904, 65.06776068263373, 49.535214539227056, 62.08439787193476, 18.99371704685078, 52.835485214666306, 55.42820293335949, 1.6708786721433646, 44.175097014136, 28.562265402155116, 13.789866227376692, 11.334208582096265, 59.419577179862266, 39.76142479339996, 61.82424087532407, 59.51377482031341, 51.70943911093456, 28.240682506472822, 47.381542690265746, 40.85014736396115, 49.49028579674462, 7.588692905272149, 29.32474834120649, 47.547108781842, 39.289118788563265, 14.411079505999966, 37.62887337176953, 61.57