instance_id,num_cities,city_coordinates,distance_matrix,best_route,total_distance
793,28,"[[65.87836193610357, 12.477262308226255], [74.94523561646032, 0.2999384726075305], [47.830735081306116, 96.56801523160674], [23.39439326384354, 10.901937679347352], [50.86853740120346, 97.58110862360951], [96.76426394939945, 28.139405623997693], [55.54346173507631, 46.49331026399119], [42.804722866853986, 98.6156195913623], [1.670649669440849, 57.94026897062265], [46.11039702545594, 90.69446395174894], [52.886367863457295, 0.10471680776771297], [63.904604773446295, 60.78739171863543], [67.2789074751454, 46.305463675398116], [27.614495287973938, 69.63504821150323], [75.78730044294593, 30.552685051348693], [30.21477603062396, 42.30052392955043], [64.08738212530422, 8.127157407970277], [22.22104287591734, 24.347279713617056], [23.433073844064634, 50.92547592143496], [55.29029945161893, 0.45445789700576666], [40.82628337304396, 70.01466312846316], [56.22908958015099, 56.818800676195], [28.688910913775768, 93.5957140362385], [43.32459700993726, 49.57224925831132], [96.0984555998487, 19.90637865531466], [43.12360969295318, 78.75641628035666], [85.20993967720038, 86.4659916557598], [62.22038027628143, 80.25734558687026]]","[[0.0, 15.182075422453739, 86.00564843259441, 42.51316551177911, 86.41735641779874, 34.63006896352761, 35.55139491910399, 89.17516142589929, 78.67347258958162, 80.67653357483874, 17.940785717035723, 48.35043247984058, 33.857181447144384, 68.78325363219376, 20.613295944001074, 46.48998056970417, 4.704361946738577, 45.24222387026505, 57.270128437634135, 16.020452337116264, 62.75475387154593, 45.379295739768764, 89.2370913807256, 43.41325107811843, 31.119862318848792, 70.0764225749897, 76.47249157980038, 67.87871919153683], [15.182075422453739, 0.0, 100.013692773277, 52.62976091950314, 100.21633331397008, 35.370975794667196, 50.10245929294643, 103.43590147358063, 93.2286042243879, 94.88212768044582, 22.059731594987724, 61.48680776883871, 46.63990712206572, 83.94972556564623, 30.26446346343413, 61.35848102329542, 13.385004247198129, 57.949246077093036, 72.22498080614554, 19.6555435411109, 77.616014687887, 59.53718088086273, 104.13332469973089, 58.5459255290009, 28.8421776623003, 84.66424739176185, 86.77530104019459, 80.96362699301724], [86.00564843259441, 100.013692773277, 0.0, 89.08317262317047, 3.202280617886786, 84.1246982777061, 50.665197424164035, 5.427106263370196, 60.19016752289087, 6.120307807906845, 96.59569020217509, 39.22527636431511, 53.89392821460524, 33.67612008363628, 71.69095734908363, 57.05508413361659, 89.92254392361134, 76.626959835388, 51.7541038810235, 96.40259853399424, 27.46166148736992, 40.62674508326287, 19.3712159364516, 47.21130478746581, 90.59127643769912, 18.42308569761997, 38.72022490312641, 21.75085821518324], [42.51316551177911, 52.62976091950314, 89.08317262317047, 0.0, 90.9291332393807, 75.36755419647135, 47.96153048044808, 89.83568828622421, 51.812408228368625, 82.9630283670352, 31.406313765450694, 64.26224211197952, 56.38492919668337, 58.88452711771156, 55.95684582744328, 32.13080826242684, 40.787482737150945, 13.496442996261878, 40.02355693342529, 33.56335301101194, 61.62941751145943, 56.448875893638586, 82.86309531576148, 43.50409197966281, 73.25954297869599, 70.66450486008856, 97.627291428842, 79.48351950881947], [86.41735641779874, 100.21633331397008, 3.202280617886786, 90.9291332393807, 0.0, 83.23801914313603, 51.301248120883535, 8.129902692331974, 63.18091741705666, 8.37053013086891, 97.49727483991492, 39.034813387757204, 53.83764492266323, 36.355642851707984, 71.5105189333214, 59.01288759982756, 90.42536836491102, 78.63760321496545, 54.124418920070745, 97.22725060906623, 29.338639764020424, 41.1132736335003, 22.53484415608083, 48.59795895080325, 89.88386493639257, 20.35566130156781, 36.09539770512062, 20.71176241688649], [34.63006896352761, 35.370975794667196, 84.1246982777061, 75.36755419647135, 83.23801914313603, 0.0, 45.122282197671716, 88.76107710597405, 99.65383551589854, 80.49192230737778, 52.06931478281223, 46.321142010916155, 34.63223803828862, 80.6447695742177, 21.115324187555306, 68.03948569702087, 38.31799426386744, 74.63961432731419, 76.78976782009767, 49.8652791209418, 69.87556698894124, 49.65488960520783, 94.43930326873016, 57.57746771831483, 8.259905194697671, 73.75229865465595, 59.460012172111725, 62.526470915888886], [35.55139491910399, 50.10245929294643, 50.665197424164035, 47.96153048044808, 51.301248120883535, 45.122282197671716, 0.0, 53.65641245527804, 55.07551854944812, 45.19651200197495, 46.46462902778171, 16.559875529124223, 11.73694905241357, 36.27074857284709, 25.766577921799666, 25.673367070978482, 39.3059825040173, 40.01037700101485, 32.414828442030256, 46.03954841666939, 27.746159725534575, 10.348228727393622, 54.21995334687804, 12.600814279323085, 48.49301454576906, 34.57109680891637, 49.77866180541998, 34.41789247601477], [89.17516142589929, 103.43590147358063, 5.427106263370196, 89.83568828622421, 8.129902692331974, 88.76107710597405, 53.65641245527804, 0.0, 57.84890773325152, 8.583250451304988, 99.02543881789346, 43.31489167091488, 57.75238630734847, 32.7202770679173, 75.63341511369893, 57.7052576524715, 92.95758911152153, 77.06798420982328, 51.47436827315559, 98.95202518311406, 28.669302981121113, 43.899745934120894, 14.981842305839049, 49.04612566502509, 95.05454516931145, 19.861763389883514, 44.11140296687533, 26.72066573018463], [78.67347258958162, 93.2286042243879, 60.19016752289087, 51.812408228368625, 63.18091741705666, 99.65383551589854, 55.07551854944812, 57.84890773325152, 0.0, 55.20623546238314, 77.25283738550462, 62.299047150254374, 66.63191567527964, 28.45788092903634, 79.0149205835011, 32.54794578269006, 79.8573388864172, 39.38029441436527, 22.865048162625452, 78.61097453635213, 40.975049054389586, 54.569964784906865, 44.73586037503113, 42.48617519794502, 101.79974138153617, 46.38598800857278, 88.27530702132901, 64.53155650731225], [80.67653357483874, 94.88212768044582, 6.120307807906845, 82.9630283670352, 8.37053013086891, 80.49192230737778, 45.19651200197495, 8.583250451304988, 55.20623546238314, 0.0, 90.84280966817296, 34.80038504004387, 49.178137217593815, 28.02850999256112, 67.06528286494927, 50.937650099739486, 84.50166923306594, 70.5170199172561, 45.780272996439464, 90.70572915375278, 21.344226834963553, 35.35461075128893, 17.661410770156948, 41.21646786200439, 86.6588657897862, 12.30600994530858, 39.32752488440546, 19.195442170066464], [17.940785717035723, 22.059731594987724, 96.59569020217509, 31.406313765450694, 97.49727483991492, 52.06931478281223, 46.46462902778171, 99.02543881789346, 77.25283738550462, 90.84280966817296, 0.0, 61.67486180724443, 48.390641735782665, 73.98063617315519, 38.098969581504434, 47.900805994192666, 13.777600432509162, 39.09045935820536, 58.738795403737925, 2.429239780273395, 70.94255586372982, 56.81250828391808, 96.5716494919996, 50.38317406238723, 47.53304470010506, 79.25529179191881, 92.21216345021212, 80.69428534861296], [48.35043247984058, 61.48680776883871, 39.22527636431511, 64.26224211197952, 39.034813387757204, 46.321142010916155, 16.559875529124223, 43.31489167091488, 62.299047150254374, 34.80038504004387, 61.67486180724443, 0.0, 14.869840569831183, 37.35308651080064, 32.48593455067622, 38.42875019268525, 52.66055150883352, 55.36606447458056, 41.65575829292954, 60.94480420596007, 24.854606340292186, 8.640789798661084, 48.13035536242973, 23.43749431896373, 52.03557686925413, 27.472451660440132, 33.36626724840532, 19.54266398902776], [33.857181447144384, 46.63990712206572, 53.89392821460524, 56.38492919668337, 53.83764492266323, 34.63223803828862, 11.73694905241357, 57.75238630734847, 66.63191567527964, 49.178137217593815, 48.390641735782665, 14.869840569831183, 0.0, 46.01668293978947, 17.90370870163012, 37.279879051636335, 38.31147221796885, 50.12357733783362, 44.088565864155115, 47.392419786627606, 35.52277383021064, 15.252171334103995, 61.03732967453183, 24.176039334603797, 39.082963603208036, 40.4542054169359, 43.98169987042959, 34.32665120212276], [68.78325363219376, 83.94972556564623, 33.67612008363628, 58.88452711771156, 36.355642851707984, 80.6447695742177, 36.27074857284709, 32.7202770679173, 28.45788092903634, 28.02850999256112, 73.98063617315519, 37.35308651080064, 46.01668293978947, 0.0, 62.032654841471214, 27.45792558918579, 71.50868552384412, 45.607798723894255, 19.171134044935243, 74.51110126931938, 13.21724070636442, 31.353647433627014, 23.984742560669773, 25.481820930825048, 84.63446931260947, 17.992553600704753, 60.004298776139684, 36.19945410299298], [20.613295944001074, 30.26446346343413, 71.69095734908363, 55.95684582744328, 71.5105189333214, 21.115324187555306, 25.766577921799666, 75.63341511369893, 79.0149205835011, 67.06528286494927, 38.098969581504434, 32.48593455067622, 17.90370870163012, 62.032654841471214, 0.0, 47.06237031450786, 25.29411747271325, 53.924493554810475, 56.17842691463762, 36.41469933245208, 52.72115731203783, 32.74801432409827, 78.69359440152104, 37.624073899595814, 22.932223260861846, 58.228140944131134, 56.7017106053935, 51.52295218405175], [46.48998056970417, 61.35848102329542, 57.05508413361659, 32.13080826242684, 59.01288759982756, 68.03948569702087, 25.673367070978482, 57.7052576524715, 32.54794578269006, 50.937650099739486, 47.900805994192666, 38.42875019268525, 37.279879051636335, 27.45792558918579, 47.06237031450786, 0.0, 48.11623866288412, 19.65244889639968, 10.971840383887129, 48.78396373027673, 29.676212689879154, 29.791355611070575, 51.317879851335285, 14.991510776655756, 69.58560897300431, 38.67389395464667, 70.53408086867341, 49.64956206710419], [4.704361946738577, 13.385004247198129, 89.92254392361134, 40.787482737150945, 90.42536836491102, 38.31799426386744, 39.3059825040173, 92.95758911152153, 79.8573388864172, 84.50166923306594, 13.777600432509162, 52.66055150883352, 38.31147221796885, 71.50868552384412, 25.29411747271325, 48.11623866288412, 0.0, 44.89858271432286, 59.02938970890719, 11.673002242491386, 66.11461320666137, 49.32168778423205, 92.50905867120744, 46.35503084056907, 34.10951301596924, 73.67477155348344, 81.13652314978629, 72.15434666482524], [45.24222387026505, 57.949246077093036, 76.626959835388, 13.496442996261878, 78.63760321496545, 74.63961432731419, 40.01037700101485, 77.06798420982328, 39.38029441436527, 70.5170199172561, 39.09045935820536, 55.36606447458056, 50.12357733783362, 45.607798723894255, 53.924493554810475, 19.65244889639968, 44.89858271432286, 0.0, 26.605817648195178, 40.79758160516281, 49.31191419844175, 47.020707292218354, 69.54983086312696, 32.888585947380925, 74.01076754764625, 58.28611705611181, 88.46657839881449, 68.74505406514477], [57.270128437634135, 72.22498080614554, 51.7541038810235, 40.02355693342529, 54.124418920070745, 76.78976782009767, 32.414828442030256, 51.47436827315559, 22.865048162625452, 45.780272996439464, 58.738795403737925, 41.65575829292954, 44.088565864155115, 19.171134044935243, 56.17842691463762, 10.971840383887129, 59.02938970890719, 26.605817648195178, 0.0, 59.68422307304393, 25.82480989172904, 33.32131337187494, 42.992709196762455, 19.9375002510404, 79.0091266938122, 34.09220502223671, 71.27067707568833, 48.629350379547226], [16.020452337116264, 19.6555435411109, 96.40259853399424, 33.56335301101194, 97.22725060906623, 49.8652791209418, 46.03954841666939, 98.95202518311406, 78.61097453635213, 90.70572915375278, 2.429239780273395, 60.94480420596007, 47.392419786627606, 74.51110126931938, 36.41469933245208, 48.78396373027673, 11.673002242491386, 40.79758160516281, 59.68422307304393, 0.0, 71.04808169798638, 56.37216036161264, 96.86551227003062, 50.55428234220726, 45.2071103854895, 79.24156123115974, 91.06683705258196, 80.10322655097909], [62.75475387154593, 77.616014687887, 27.46166148736992, 61.62941751145943, 29.338639764020424, 69.87556698894124, 27.746159725534575, 28.669302981121113, 40.975049054389586, 21.344226834963553, 70.94255586372982, 24.854606340292186, 35.52277383021064, 13.21724070636442, 52.72115731203783, 29.676212689879154, 66.11461320666137, 49.31191419844175, 25.82480989172904, 71.04808169798638, 0.0, 20.282436365310637, 26.521345594258495, 20.59451033326268, 74.6046459378472, 9.038581547388267, 47.33450282023176, 23.719610583837078], [45.379295739768764, 59.53718088086273, 40.62674508326287, 56.448875893638586, 41.1132736335003, 49.65488960520783, 10.348228727393622, 43.899745934120894, 54.569964784906865, 35.35461075128893, 56.81250828391808, 8.640789798661084, 15.252171334103995, 31.353647433627014, 32.74801432409827, 29.791355611070575, 49.32168778423205, 47.020707292218354, 33.32131337187494, 56.37216036161264, 20.282436365310637, 0.0, 45.945650471704234, 14.799947160268294, 54.33316893261609, 25.554110852653498, 41.45896290702935, 24.192167156649692], [89.2370913807256, 104.13332469973089, 19.3712159364516, 82.86309531576148, 22.53484415608083, 94.43930326873016, 54.21995334687804, 14.981842305839049, 44.73586037503113, 17.661410770156948, 96.5716494919996, 48.13035536242973, 61.03732967453183, 23.984742560669773, 78.69359440152104, 51.317879851335285, 92.50905867120744, 69.54983086312696, 42.992709196762455, 96.86551227003062, 26.521345594258495, 45.945650471704234, 0.0, 46.392550679594784, 99.8707407785981, 20.70181844025558, 56.9689356904144, 36.08699918945545], [43.41325107811843, 58.5459255290009, 47.21130478746581, 43.50409197966281, 48.59795895080325, 57.57746771831483, 12.600814279323085, 49.04612566502509, 42.48617519794502, 41.21646786200439, 50.38317406238723, 23.43749431896373, 24.176039334603797, 25.481820930825048, 37.624073899595814, 14.991510776655756, 46.35503084056907, 32.888585947380925, 19.9375002510404, 50.55428234220726, 20.59451033326268, 14.799947160268294, 46.392550679594784, 0.0, 60.540433010523735, 29.184859099749435, 55.81693433397556, 36.036450462574614], [31.119862318848792, 28.8421776623003, 90.59127643769912, 73.25954297869599, 89.88386493639257, 8.259905194697671, 48.49301454576906, 95.05454516931145, 101.79974138153617, 86.6588657897862, 47.53304470010506, 52.03557686925413, 39.082963603208036, 84.63446931260947, 22.932223260861846, 69.58560897300431, 34.10951301596924, 74.01076754764625, 79.0091266938122, 45.2071103854895, 74.6046459378472, 54.33316893261609, 99.8707407785981, 60.540433010523735, 0.0, 79.18119238384949, 67.44436123032666, 69.209560013072], [70.0764225749897, 84.66424739176185, 18.42308569761997, 70.66450486008856, 20.35566130156781, 73.75229865465595, 34.57109680891637, 19.861763389883514, 46.38598800857278, 12.30600994530858, 79.25529179191881, 27.472451660440132, 40.4542054169359, 17.992553600704753, 58.228140944131134, 38.67389395464667, 73.67477155348344, 58.28611705611181, 34.09220502223671, 79.24156123115974, 9.038581547388267, 25.554110852653498, 20.70181844025558, 29.184859099749435, 79.18119238384949, 0.0, 42.786641887532696, 19.155663274745216], [76.47249157980038, 86.77530104019459, 38.72022490312641, 97.627291428842, 36.09539770512062, 59.460012172111725, 49.77866180541998, 44.11140296687533, 88.27530702132901, 39.32752488440546, 92.21216345021212, 33.36626724840532, 43.98169987042959, 60.004298776139684, 56.7017106053935, 70.53408086867341, 81.13652314978629, 88.46657839881449, 71.27067707568833, 91.06683705258196, 47.33450282023176, 41.45896290702935, 56.9689356904144, 55.81693433397556, 67.44436123032666, 42.786641887532696, 0.0, 23.813171301973163], [67.87871919153683, 80.96362699301724, 21.75085821518324, 79.48351950881947, 20.71176241688649, 62.526470915888886, 34.41789247601477, 26.72066573018463, 64.53155650731225, 19.195442170066464, 80.69428534861296, 19.54266398902776, 34.32665120212276, 36.19945410299298, 51.52295218405175, 49.64956206710419, 72.15434666482524, 68.74505406514477, 48.629350379547226, 80.10322655097909, 23.719610583837078, 24.192167156649692, 36.08699918945545, 36.036450462574614, 69.209560013072, 19.155663274745216, 23.813171301973163, 0.0]]",Route_3,1392.4416822829526
