instance_id,num_cities,city_coordinates,distance_matrix,best_route,total_distance
2631,33,"[[35.583230031909395, 75.23512551816677], [94.25080103223007, 47.88837852917628], [47.706610102135194, 88.50409414546361], [83.60170761502921, 78.95335529689642], [24.618757248348366, 68.41849791543322], [13.960800234505177, 52.58514238325316], [59.88841072258403, 67.36963581418026], [52.74119165687507, 40.28628804521047], [72.43370849512509, 95.06893174731194], [40.61068348422031, 82.71820299026655], [46.96030733566974, 72.26168166356047], [10.994085681502398, 46.499485252692885], [87.58733573227371, 69.03132860153039], [1.312045357270808, 13.310353832562516], [71.33664350757256, 31.442193140236707], [18.44247271879633, 47.923996735168686], [81.98951134923149, 7.673734893538786], [1.003448451769351, 13.701285554506182], [30.259376795950498, 1.356346454613233], [22.14452953582845, 24.56641614000351], [85.92619966569488, 8.123419843531355], [55.60248565568057, 0.22017372105035404], [76.32608070308684, 57.4422267020964], [22.650987535062363, 71.62752266536737], [96.14520331830846, 0.37834447618996236], [76.856890526086, 17.789484980101044], [43.03841813714821, 67.79889926310202], [28.857991741955036, 1.2129046769724816], [0.07161637283885636, 82.87148812105741], [25.35328383881855, 45.59955744141282], [31.142290612409084, 5.805199318939424], [30.02103124438069, 38.21994651008575], [0.42552151550505624, 52.283073506116786]]","[[0.0, 64.72811180590338, 17.973365649185908, 48.16221986254384, 12.910696158449374, 31.313754267981743, 25.546188300602907, 38.933493136821276, 41.848986039128846, 9.015083841462605, 11.759220056289225, 37.82014068392496, 52.3728374816329, 70.77564162420146, 56.53430375815808, 32.24443078530842, 81.96392162919005, 70.58452206258526, 74.07035445574286, 52.42057593228193, 83.89514664214575, 77.6402832867938, 44.458600170189605, 13.426008131264584, 96.28753956929718, 70.73554034159359, 10.529828612138411, 74.32710143897181, 36.32339106517881, 31.351534162548592, 69.57180890962823, 37.43075650253769, 41.98644018833102], [64.72811180590338, 0.0, 61.773765178757344, 32.83954890352884, 72.59550484385642, 80.42725793410855, 39.50054750502804, 42.199993486029875, 51.980670722316894, 63.956069943005936, 53.20196142761087, 83.26829934330084, 22.168132703630704, 99.16275560072646, 28.205241160326707, 75.80833668096113, 42.042321384906025, 99.31679661227246, 79.12099838080705, 75.78409014294999, 40.626972902036, 61.36733684196074, 20.311858944695572, 75.43262064351241, 47.547787495712335, 34.763364560616274, 54.94667412763542, 80.34189048187777, 100.46659534305556, 68.93552478503537, 75.85300297186372, 64.95338255016365, 93.92814498504654], [17.973365649185908, 61.773765178757344, 0.0, 37.14397175873497, 30.60196276897813, 49.28438677023624, 24.393884383449883, 48.479932307635664, 25.58371528287565, 9.155802041690317, 16.259548919066514, 55.787064966443545, 44.38086158149006, 88.35470683619194, 61.761144946255655, 50.03133061012825, 87.80013835247291, 88.18529061717503, 88.87708297209444, 68.85816314430885, 89.00443712332702, 88.63631003297242, 42.23640262318811, 30.20931788614909, 100.56065367495077, 76.48721983576701, 21.224917228072805, 89.30297964184474, 47.96685186893422, 48.378409077020336, 84.3414719203206, 53.30361341363576, 59.56058826180913], [48.16221986254384, 32.83954890352884, 37.14397175873497, 0.0, 59.91637216993453, 74.46568762216563, 26.391343402023107, 49.47235121812881, 19.60703977328976, 43.15555855240513, 37.247425554624954, 79.53062582230832, 10.692607036290358, 105.26439167991468, 49.06875102380776, 72.17026385579256, 71.29785032976947, 105.26302780400533, 94.16315648108558, 82.06658204357097, 70.86806770063276, 83.56357048010824, 22.708223188611722, 61.3893973094023, 79.56991648815726, 61.53463731666144, 42.06901879859125, 95.08129200942058, 83.62193436985545, 67.1219390646418, 90.01468299799936, 67.30601363718993, 87.34747772467313], [12.910696158449374, 72.59550484385642, 30.60196276897813, 59.91637216993453, 0.0, 19.08630910148283, 35.28524575371565, 39.77804104332119, 54.74043465445794, 21.452814965891616, 22.669691696760214, 25.808424814656785, 62.97156054709212, 59.83402346016967, 59.58026528438783, 21.404930955689817, 83.55435153653046, 59.59577282080138, 67.29895056711325, 43.92182690658912, 85.98894658880873, 74.90662753683063, 52.85949137668347, 3.7643003985090746, 98.71927353579277, 72.74695539435801, 18.43007894037227, 67.33916298577837, 28.485979903208147, 22.830759375653585, 62.95221718641613, 30.677957417494746, 29.080312517125584], [31.313754267981743, 80.42725793410855, 49.28438677023624, 74.46568762216563, 19.08630910148283, 0.0, 48.24859221939866, 40.68391054090808, 72.27692134550686, 40.227075692490864, 38.42048499133355, 6.770274584515576, 75.44099529122362, 41.26136226114961, 61.14745860612983, 6.466194167291085, 81.51650175662631, 40.98594011487427, 53.7590283601511, 29.1894235224251, 84.59233704355192, 66.90381086088904, 62.55413236553766, 20.93159339676312, 97.36439728129575, 71.87945428343362, 32.81716412628086, 53.48862609714556, 33.319246187346224, 13.363647692685388, 49.83539590197352, 21.54738667599932, 13.538648957985135], [25.546188300602907, 39.50054750502804, 24.393884383449883, 26.391343402023107, 35.28524575371565, 48.24859221939866, 0.0, 28.010542064519107, 30.407819576433443, 24.641616867315825, 13.82273380251471, 53.16218774356539, 27.74872374744367, 79.70945080590336, 37.70733577155493, 45.7809857495991, 63.65578713389883, 79.6726465057508, 72.35768116444532, 57.067645662982734, 64.71538116929204, 67.28610118795561, 19.20287598425322, 37.48006518249519, 76.17340825026061, 52.40344133329318, 16.855459567683763, 73.07256651352938, 61.79285000082079, 40.82415095546038, 67.94497231116623, 41.73445511109787, 61.34687893551252], [38.933493136821276, 42.199993486029875, 48.479932307635664, 49.47235121812881, 39.77804104332119, 40.68391054090808, 28.010542064519107, 0.0, 58.2145451791574, 44.13180977969652, 32.49375971757616, 42.20692688242137, 45.17223830526795, 58.07459096499267, 20.59147503749529, 35.1388206237202, 43.806881056483526, 58.16834559610765, 44.95522607760083, 34.3986933714873, 46.21357860525429, 40.16815306165158, 29.164588502513684, 43.44759339259282, 58.9622946315183, 32.979889024991856, 29.173405526300222, 45.79450322928869, 67.73170178063351, 27.89853627570776, 40.687319966761265, 22.8139311936645, 53.67357081223167], [41.848986039128846, 51.980670722316894, 25.58371528287565, 19.60703977328976, 54.74043465445794, 72.27692134550686, 30.407819576433443, 58.2145451791574, 0.0, 34.13569131678424, 34.19158994567703, 78.31869753943747, 30.12622107101496, 108.36399785046957, 63.636195811503306, 71.6777401844836, 87.91606111113207, 108.27269229505212, 102.76537790770456, 86.60026690119916, 87.98618845136068, 96.33056089006935, 37.82749653314321, 55.02562099544667, 97.61425256846368, 77.40592633594146, 40.09660542888428, 103.4784852420096, 73.38289996538631, 68.29191299147585, 98.35138594757656, 70.92702104331023, 83.76042417232357], [9.015083841462605, 63.956069943005936, 9.155802041690317, 43.15555855240513, 21.452814965891616, 40.227075692490864, 24.641616867315825, 44.13180977969652, 34.13569131678424, 0.0, 12.233419853448773, 46.78609173634819, 48.929913007970725, 79.76109630221694, 59.77720138562024, 41.25610691112954, 85.69643859229518, 79.57429207508146, 82.01768863533556, 61.01335227246683, 87.28045416645088, 83.8491440961245, 43.7545949109526, 21.108146973510163, 99.31734588338978, 74.36078232082679, 15.115538999599467, 82.34828119838183, 40.53935690896454, 40.13205814957593, 77.493616494009, 45.74096155894291, 50.40976442286595], [11.759220056289225, 53.20196142761087, 16.259548919066514, 37.247425554624954, 22.669691696760214, 38.42048499133355, 13.82273380251471, 32.49375971757616, 34.19158994567703, 12.233419853448773, 0.0, 44.240929736939464, 40.75525263378738, 74.558855105791, 47.54404703505348, 37.49119628538161, 73.47549252499698, 74.44026377521827, 72.8456425737717, 53.76486939604426, 75.04703454747374, 72.55801894171044, 32.89323472724089, 24.317590069807313, 87.09975980458381, 62.13715392567452, 5.9411818386009285, 73.31863706551262, 48.07408172054254, 34.31810502388952, 68.31305657543278, 38.02339814845897, 50.642186714608556], [37.82014068392496, 83.26829934330084, 55.787064966443545, 79.53062582230832, 25.808424814656785, 6.770274584515576, 53.16218774356539, 42.20692688242137, 78.31869753943747, 46.78609173634819, 44.240929736939464, 0.0, 79.83864927487522, 34.572537501067686, 62.192815748705705, 7.5833833096470675, 80.91841172868757, 34.28607203659035, 49.08211917049953, 24.60471334623686, 84.18755313244505, 64.27817688842055, 66.24208000907602, 27.70020983740553, 96.8394158456317, 71.84826495920365, 38.47732162865249, 48.682579224789365, 37.9766102812641, 14.387370912942606, 45.4089756501498, 20.750311304726647, 12.047590697560487], [52.3728374816329, 22.168132703630704, 44.38086158149006, 10.692607036290358, 62.97156054709212, 75.44099529122362, 27.74872374744367, 45.17223830526795, 30.12622107101496, 48.929913007970725, 40.75525263378738, 79.83864927487522, 0.0, 102.70468713011604, 40.95153357945766, 72.29475457921745, 61.612417120726185, 102.75302039448104, 88.69271720040106, 79.1194623533094, 60.930556556660676, 75.88152390672944, 16.159305296572967, 64.98822617064245, 69.18431416827335, 52.353309275021154, 44.56596168570248, 89.71329037073731, 88.60333600110842, 66.49906100673442, 84.75604133418727, 65.29334329606509, 88.75632882391848], [70.77564162420146, 99.16275560072646, 88.35470683619194, 105.26439167991468, 59.83402346016967, 41.26136226114961, 79.70945080590336, 58.07459096499267, 108.36399785046957, 79.76109630221694, 74.558855105791, 34.572537501067686, 102.70468713011604, 0.0, 72.3340026736428, 38.6206656672, 80.87413054832635, 0.49805588171099324, 31.318465636311743, 23.678921760055893, 84.77298740481173, 55.84625970597335, 87.03291160150877, 62.09865243256891, 95.71083906672445, 75.67751480735285, 68.63010832354311, 30.085335934637396, 69.57219320653503, 40.256351268097355, 30.759890706162412, 38.00912624655286, 38.98280137798543], [56.53430375815808, 28.205241160326707, 61.761144946255655, 49.06875102380776, 59.58026528438783, 61.14745860612983, 37.70733577155493, 20.59147503749529, 63.636195811503306, 59.77720138562024, 47.54404703505348, 62.192815748705705, 40.95153357945766, 72.3340026736428, 0.0, 55.402555475123535, 26.046558326905178, 72.53618496118398, 50.91659858325745, 49.67031695455544, 27.50673257502867, 34.96252593735619, 26.474444824128266, 63.12807463020677, 39.754588838342414, 14.726492021226287, 46.07167936183485, 52.13679829851312, 87.88444956156123, 48.11341112810656, 47.67432702046429, 41.86786067408878, 73.91028018211544], [32.24443078530842, 75.80833668096113, 50.03133061012825, 72.17026385579256, 21.404930955689817, 6.466194167291085, 45.7809857495991, 35.1388206237202, 71.6777401844836, 41.25610691112954, 37.49119628538161, 7.5833833096470675, 72.29475457921745, 38.6206656672, 55.402555475123535, 0.0, 75.22173686520264, 38.40981030857869, 48.043576830006934, 23.64913943331069, 78.34627830057211, 60.469176376330196, 58.66096466119818, 24.074233912677926, 91.09502396592302, 65.72924011793313, 31.622338330955156, 47.85821933368458, 39.4818378124749, 7.291250123742776, 43.991800035009796, 15.10733624108878, 18.53677644459247], [81.96392162919005, 42.042321384906025, 87.80013835247291, 71.29785032976947, 83.55435153653046, 81.51650175662631, 63.65578713389883, 43.806881056483526, 87.91606111113207, 85.69643859229518, 73.47549252499698, 80.91841172868757, 61.612417120726185, 80.87413054832635, 26.046558326905178, 75.22173686520264, 0.0, 81.21005941755136, 52.114453058521356, 62.18347471749389, 3.9622886637938395, 27.419531343627007, 50.08969178965026, 87.24189004605991, 15.92502233797288, 11.343376760381847, 71.63953554346507, 53.52289886455796, 111.19911693817573, 68.16179488939596, 50.881541661516955, 60.28095859001532, 92.96600200636722], [70.58452206258526, 99.31679661227246, 88.18529061717503, 105.26302780400533, 59.59577282080138, 40.98594011487427, 79.6726465057508, 58.16834559610765, 108.27269229505212, 79.57429207508146, 74.44026377521827, 34.28607203659035, 102.75302039448104, 0.49805588171099324, 72.53618496118398, 38.40981030857869, 81.21005941755136, 0.0, 31.753848029174787, 23.769652333230937, 85.1057357622385, 56.238734337289486, 87.1020600315754, 61.839024039730845, 96.0700488084653, 75.96353104658279, 68.50905403970468, 30.52597646017532, 69.17647890808735, 40.129966767335006, 31.156026457548496, 37.989272777729184, 38.58611617002552], [74.07035445574286, 79.12099838080705, 88.87708297209444, 94.16315648108558, 67.29895056711325, 53.7590283601511, 72.35768116444532, 44.95522607760083, 102.76537790770456, 82.01768863533556, 72.8456425737717, 49.08211917049953, 88.69271720040106, 31.318465636311743, 50.91659858325745, 48.043576830006934, 52.114453058521356, 31.753848029174787, 0.0, 24.587762827385966, 56.07663016500278, 25.368564310118547, 72.57938531017464, 70.68186325492599, 65.8930847995755, 49.41028564608829, 67.66030388129262, 1.4087070714433865, 86.92536568955951, 44.5143961716486, 4.535617776633832, 36.864370571756496, 59.02194887559124], [52.42057593228193, 75.78409014294999, 68.85816314430885, 82.06658204357097, 43.92182690658912, 29.1894235224251, 57.067645662982734, 34.3986933714873, 86.60026690119916, 61.01335227246683, 53.76486939604426, 24.60471334623686, 79.1194623533094, 23.678921760055893, 49.67031695455544, 23.64913943331069, 62.18347471749389, 23.769652333230937, 24.587762827385966, 0.0, 65.86709020262617, 41.378428530339136, 63.37554265649216, 47.063831623621894, 77.85346833041419, 55.13047470387239, 48.016686452454806, 24.299322468888132, 62.34336303261764, 21.27649259586757, 20.807281441798388, 15.762555970767696, 35.21261712706673], [83.89514664214575, 40.626972902036, 89.00443712332702, 70.86806770063276, 85.98894658880873, 84.59233704355192, 64.71538116929204, 46.21357860525429, 87.98618845136068, 87.28045416645088, 75.04703454747374, 84.18755313244505, 60.930556556660676, 84.77298740481173, 27.50673257502867, 78.34627830057211, 3.9622886637938395, 85.1057357622385, 56.07663016500278, 65.86709020262617, 0.0, 31.336702612649745, 50.24447227356128, 89.64665942121249, 12.822411165530768, 13.254628757313466, 73.4882619769712, 57.48509002771453, 113.83445516894983, 71.22877944360123, 54.83293570072032, 63.4916433367898, 96.23118504799702], [77.6402832867938, 61.36733684196074, 88.63631003297242, 83.56357048010824, 74.90662753683063, 66.90381086088904, 67.28610118795561, 40.16815306165158, 96.33056089006935, 83.8491440961245, 72.55801894171044, 64.27817688842055, 75.88152390672944, 55.84625970597335, 34.96252593735619, 60.469176376330196, 27.419531343627007, 56.238734337289486, 25.368564310118547, 41.378428530339136, 31.336702612649745, 0.0, 60.85910563797765, 78.64356751603118, 40.543026200067274, 27.57590296821701, 68.73674372923251, 26.762912200508897, 99.57367732165397, 54.53716785273275, 25.089712084517014, 45.80822570036662, 75.86199908884609], [44.458600170189605, 20.311858944695572, 42.23640262318811, 22.708223188611722, 52.85949137668347, 62.55413236553766, 19.20287598425322, 29.164588502513684, 37.82749653314321, 43.7545949109526, 32.89323472724089, 66.24208000907602, 16.159305296572967, 87.03291160150877, 26.474444824128266, 58.66096466119818, 50.08969178965026, 87.1020600315754, 72.57938531017464, 63.37554265649216, 50.24447227356128, 60.85910563797765, 0.0, 55.51790925603827, 60.40765080624564, 39.65629439495656, 34.86157118719233, 73.58638545972353, 80.38277593245286, 52.330438899209504, 68.61455737616714, 50.136350696409764, 76.07569747749405], [13.426008131264584, 75.43262064351241, 30.20931788614909, 61.3893973094023, 3.7643003985090746, 20.93159339676312, 37.48006518249519, 43.44759339259282, 55.02562099544667, 21.108146973510163, 24.317590069807313, 27.70020983740553, 64.98822617064245, 62.09865243256891, 63.12807463020677, 24.074233912677926, 87.24189004605991, 61.839024039730845, 70.68186325492599, 47.063831623621894, 89.64665942121249, 78.64356751603118, 55.51790925603827, 0.0, 102.36134595748285, 76.39904594216097, 20.743810732631566, 70.68766036357383, 25.224090890460282, 26.167869210401552, 66.36776686519647, 34.2108709162483, 29.464878297073057], [96.28753956929718, 47.547787495712335, 100.56065367495077, 79.56991648815726, 98.71927353579277, 97.36439728129575, 76.17340825026061, 58.9622946315183, 97.61425256846368, 99.31734588338978, 87.09975980458381, 96.8394158456317, 69.18431416827335, 95.71083906672445, 39.754588838342414, 91.09502396592302, 15.92502233797288, 96.0700488084653, 65.8930847995755, 77.85346833041419, 12.822411165530768, 40.543026200067274, 60.40765080624564, 102.36134595748285, 0.0, 25.984357294679146, 85.82459927114668, 67.2923868832848, 126.63037888666938, 84.00270213294702, 65.2290534480997, 76.18656690620831, 108.88690637583595], [70.73554034159359, 34.763364560616274, 76.48721983576701, 61.53463731666144, 72.74695539435801, 71.87945428343362, 52.40344133329318, 32.979889024991856, 77.40592633594146, 74.36078232082679, 62.13715392567452, 71.84826495920365, 52.353309275021154, 75.67751480735285, 14.726492021226287, 65.72924011793313, 11.343376760381847, 75.96353104658279, 49.41028564608829, 55.13047470387239, 13.254628757313466, 27.57590296821701, 39.65629439495656, 76.39904594216097, 25.984357294679146, 0.0, 60.37077597356331, 50.78067840266925, 100.65607512529375, 58.53222729488561, 47.25936677607809, 51.09795957750062, 83.85440846034082], [10.529828612138411, 54.94667412763542, 21.224917228072805, 42.06901879859125, 18.43007894037227, 32.81716412628086, 16.855459567683763, 29.173405526300222, 40.09660542888428, 15.115538999599467, 5.9411818386009285, 38.47732162865249, 44.56596168570248, 68.63010832354311, 46.07167936183485, 31.622338330955156, 71.63953554346507, 68.50905403970468, 67.66030388129262, 48.016686452454806, 73.4882619769712, 68.73674372923251, 34.86157118719233, 20.743810732631566, 85.82459927114668, 60.37077597356331, 0.0, 68.07921244971597, 45.53382247005427, 28.38264879228426, 63.124770754844896, 32.31666454758542, 45.34974980535144], [74.32710143897181, 80.34189048187777, 89.30297964184474, 95.08129200942058, 67.33916298577837, 53.48862609714556, 73.07256651352938, 45.79450322928869, 103.4784852420096, 82.34828119838183, 73.31863706551262, 48.682579224789365, 89.71329037073731, 30.085335934637396, 52.13679829851312, 47.85821933368458, 53.52289886455796, 30.52597646017532, 1.4087070714433865, 24.299322468888132, 57.48509002771453, 26.762912200508897, 73.58638545972353, 70.68766036357383, 67.2923868832848, 50.78067840266925, 68.07921244971597, 0.0, 86.58394572313183, 44.524801191215964, 5.12905365620169, 37.02531304556381, 58.45141150917801], [36.32339106517881, 100.46659534305556, 47.96685186893422, 83.62193436985545, 28.485979903208147, 33.319246187346224, 61.79285000082079, 67.73170178063351, 73.38289996538631, 40.53935690896454, 48.07408172054254, 37.9766102812641, 88.60333600110842, 69.57219320653503, 87.88444956156123, 39.4818378124749, 111.19911693817573, 69.17647890808735, 86.92536568955951, 62.34336303261764, 113.83445516894983, 99.57367732165397, 80.38277593245286, 25.224090890460282, 126.63037888666938, 100.65607512529375, 45.53382247005427, 86.58394572313183, 0.0, 45.037312602425644, 83.09392076098557, 53.76548725143356, 30.590461871399047], [31.351534162548592, 68.93552478503537, 48.378409077020336, 67.1219390646418, 22.830759375653585, 13.363647692685388, 40.82415095546038, 27.89853627570776, 68.29191299147585, 40.13205814957593, 34.31810502388952, 14.387370912942606, 66.49906100673442, 40.256351268097355, 48.11341112810656, 7.291250123742776, 68.16179488939596, 40.129966767335006, 44.5143961716486, 21.27649259586757, 71.22877944360123, 54.53716785273275, 52.330438899209504, 26.167869210401552, 84.00270213294702, 58.53222729488561, 28.38264879228426, 44.524801191215964, 45.037312602425644, 0.0, 40.21322590646442, 8.731925523038667, 25.808190975633373], [69.57180890962823, 75.85300297186372, 84.3414719203206, 90.01468299799936, 62.95221718641613, 49.83539590197352, 67.94497231116623, 40.687319966761265, 98.35138594757656, 77.493616494009, 68.31305657543278, 45.4089756501498, 84.75604133418727, 30.759890706162412, 47.67432702046429, 43.991800035009796, 50.881541661516955, 31.156026457548496, 4.535617776633832, 20.807281441798388, 54.83293570072032, 25.089712084517014, 68.61455737616714, 66.36776686519647, 65.2290534480997, 47.25936677607809, 63.124770754844896, 5.12905365620169, 83.09392076098557, 40.21322590646442, 0.0, 32.43413414963193, 55.71097461642191], [37.43075650253769, 64.95338255016365, 53.30361341363576, 67.30601363718993, 30.677957417494746, 21.54738667599932, 41.73445511109787, 22.8139311936645, 70.92702104331023, 45.74096155894291, 38.02339814845897, 20.750311304726647, 65.29334329606509, 38.00912624655286, 41.86786067408878, 15.10733624108878, 60.28095859001532, 37.989272777729184, 36.864370571756496, 15.762555970767696, 63.4916433367898, 45.80822570036662, 50.136350696409764, 34.2108709162483, 76.18656690620831, 51.09795957750062, 32.31666454758542, 37.02531304556381, 53.76548725143356, 8.731925523038667, 32.43413414963193, 0.0, 32.76683898423022], [41.98644018833102, 93.92814498504654, 59.56058826180913, 87.34747772467313, 29.080312517125584, 13.538648957985135, 61.34687893551252, 53.67357081223167, 83.76042417232357, 50.40976442286595, 50.642186714608556, 12.047590697560487, 88.75632882391848, 38.98280137798543, 73.91028018211544, 18.53677644459247, 92.96600200636722, 38.58611617002552, 59.02194887559124, 35.21261712706673, 96.23118504799702, 75.86199908884609, 76.07569747749405, 29.464878297073057, 108.88690637583595, 83.85440846034082, 45.34974980535144, 58.45141150917801, 30.590461871399047, 25.808190975633373, 55.71097461642191, 32.76683898423022, 0.0]]",Route_1,1835.5111669199573
