instance_id,num_cities,city_coordinates,distance_matrix,best_route,total_distance
1059,68,"[[46.57360827963273, 1.4168789396083792], [18.654778719168764, 79.02038277704364], [71.2654099979395, 59.65826524251987], [30.867540128816472, 33.54798195271026], [12.825788016919537, 50.34041061579529], [30.325068497283603, 48.97728623960255], [67.92943366819333, 48.735377592314144], [44.21856277160112, 27.773722165722514], [51.51592063061759, 61.4327227810255], [61.590514709782425, 3.316226931877475], [72.18276175348342, 5.010813094813626], [7.067536222414961, 82.70694574178596], [19.458535375333142, 22.45165208492901], [95.07005924452906, 34.34395818526027], [55.43549579954545, 51.356453089561995], [70.87002693685018, 56.87584413891377], [29.311509799333923, 74.07549825048008], [81.37000186278979, 79.85839998667831], [93.07334382016823, 87.96190642116203], [91.81167300907698, 97.97283130028985], [5.2965271099541855, 76.72531645310934], [71.32578394812802, 51.03214584113286], [41.197760600161594, 57.77682557731079], [30.930010331333115, 12.82433493799724], [62.674055299991636, 47.18477275910028], [43.460577385835705, 43.045143133022435], [33.927544937553975, 10.100910899731941], [93.3149258984461, 35.400424544604356], [48.79498334213018, 19.06955602998155], [16.009279386143216, 95.66456139056646], [23.00738864878602, 27.03248508879479], [11.734097084741713, 11.311328465453618], [27.701338014377153, 4.650908748329707], [83.84244083180316, 35.572293205248954], [46.61604873873958, 73.8821790768578], [69.81426031460823, 83.52942420904992], [82.05496178045608, 8.504861389290364], [73.63257058958379, 99.25828408692978], [52.40050328121085, 32.29657603932653], [77.96880096283193, 7.3364066292642915], [85.26594581843278, 36.903355434023474], [89.202655262896, 12.47236248140572], [8.589256090153441, 44.55946750138713], [3.7746954003120115, 47.911484255390334], [46.62987119488016, 75.71511264622245], [33.384072645314376, 11.460525977502867], [28.477209549775807, 42.89437710283993], [91.21853016163229, 39.35682039739701], [58.79717556940483, 80.95290634007796], [27.994756035316737, 60.36332629749036], [63.061202731455346, 28.610244341666224], [93.85212064101653, 27.63886763227609], [78.20780340421152, 71.221380934984], [54.00437487760947, 45.0015687438475], [31.221688649662095, 70.8487074595291], [75.45494907054307, 45.177114477378744], [20.29145894432758, 24.055726694165347], [99.43621545409006, 94.27413041350682], [42.1734036058768, 70.66458177767423], [33.98516082751238, 18.003823551630393], [99.11077426952366, 60.341364760617274], [94.93434227834207, 87.97820968468878], [79.77046794592867, 71.05764259476416], [66.03019540458143, 40.80377122762483], [14.53898866148572, 2.6221511999825364], [73.94726489747467, 58.67740851650349], [93.9154372829402, 50.48379228467059], [36.617720188631786, 49.86349231248598]]","[[0.0, 82.47281280442098, 63.25934042164163, 35.76434478075405, 59.434226874379874, 50.2594009872772, 51.914464196144856, 26.46184846511782, 60.219000019695294, 15.136545230917388, 25.860106425906093, 90.38143996469948, 34.317471641724765, 58.618242073948565, 50.71976061353504, 60.54760755425891, 74.68102171305446, 85.81294325783196, 98.24595252285265, 106.62801900412283, 85.87874120300734, 55.44677547011693, 56.61575154740541, 19.361100410958617, 48.51725980440021, 41.74450072886743, 15.340643048331303, 57.78955047956019, 17.791894660919933, 99.07978526463422, 34.80698185823559, 36.21728415713188, 19.147363624492744, 50.55252914997668, 72.46531256521432, 85.33813917374164, 36.182398227002444, 101.51417636218915, 31.424646351705498, 31.948379171466712, 52.50130472859804, 44.039293398557376, 57.481248760489905, 63.19410785130228, 74.29825500937606, 16.57825974192588, 45.25331480533602, 58.58846480042186, 80.46984063570545, 61.80499499904257, 31.80125614968076, 54.06339262480587, 76.63805060152772, 44.21358928616124, 71.10879163608922, 52.431765755139715, 34.68816514803413, 106.85000883747179, 69.38736303910112, 20.822961864659923, 78.94459347871538, 99.15454892869576, 77.14834706056256, 43.930468545856975, 32.05728521414433, 63.4671988042485, 68.18218798623471, 49.459013890105176], [82.47281280442098, 0.0, 56.06041490188494, 47.08386961558932, 29.266327678355683, 32.23016154261682, 57.837471931132356, 57.268903245053735, 37.27171087916297, 87.03215863854511, 91.33817040137566, 12.159561471187478, 56.57444049108502, 88.51710575970509, 46.022974205288406, 56.71695282655539, 11.748097730952265, 62.72082179625697, 74.9538102885372, 75.5719953896356, 13.553974158391375, 59.64542060049316, 30.975389498521118, 67.32457248762593, 54.3249737773849, 43.69834682154429, 70.5914370997574, 86.46871302980692, 67.10092072669525, 16.85311094249039, 52.169787418037586, 68.06182388134293, 74.91768083963409, 78.3400777325992, 28.429452305170305, 51.357803805747565, 94.82627256615875, 58.58438570451485, 57.635822560979804, 93.04163407355423, 78.8092099601232, 96.98268861037839, 35.90082767055929, 34.48449574528591, 28.16967535599768, 69.1468462790404, 37.437527073708516, 82.69640986190238, 40.188887421817554, 20.864345969797366, 67.17970341280838, 91.07524543301139, 60.06152827617494, 49.059898662655506, 14.990113498436504, 66.11827403334303, 54.98901836247412, 82.2089857492172, 24.95886870238203, 62.91296460425454, 82.59584090047578, 76.80374001105216, 61.63223751310986, 60.86821423728191, 76.50901591251306, 58.916004867464906, 80.48915283677658, 34.246043972955], [63.25934042164163, 56.06041490188494, 0.0, 48.101297107632234, 59.177798473154475, 42.3106945659261, 11.420954981596042, 41.81095588599995, 19.829045106255634, 57.16667630564768, 54.65515127121361, 68.21003349988497, 63.78310372521133, 34.748747711858336, 17.874738279245282, 2.8103727444573847, 44.36199217213284, 22.58646099851315, 35.73068823244294, 43.475911674375, 68.1408669339744, 8.626330676530243, 30.12645607305174, 61.80907291032404, 15.145936427962317, 32.38988334051518, 62.048751290611804, 32.7814579720326, 46.393570563539285, 65.95220490998557, 58.251851087965896, 76.69030911982759, 70.16863712705218, 27.171966317809126, 28.458930676559437, 23.91522665183796, 52.27891691149695, 39.670706342895556, 33.234721925766436, 52.74952453978811, 26.71705304957343, 50.48023560836978, 64.46917063139652, 68.50535322482467, 29.406327901709062, 61.30267359489269, 45.95495667664085, 28.465341506230505, 24.67627624336191, 43.276397787295984, 32.11368273386402, 39.18419733766374, 13.487122403417247, 22.644250609800746, 41.57794627480667, 15.075011281044512, 62.176236916551105, 44.63017366742179, 31.104402254147715, 55.90088989263805, 27.853741873738265, 36.90850320050675, 14.222581155244427, 19.567815831007355, 80.44255828051594, 2.855595492910778, 24.437567187950275, 36.00555493077325], [35.76434478075405, 47.08386961558932, 48.101297107632234, 0.0, 24.64732195740416, 15.43883759382586, 40.052976656397995, 14.54619818700997, 34.6974694813537, 43.10290220788304, 50.21272293273342, 54.617249168741395, 15.915210523257915, 64.20745314187617, 30.34346865589011, 46.307538317269845, 40.55737673533963, 68.52118985884813, 82.64645902242495, 88.68341753668031, 50.18126065943519, 44.07454457870305, 26.33914042583667, 20.723741170855863, 34.606595770624985, 15.772782184557773, 23.64590388191812, 62.47485520605234, 23.043828617799832, 63.86890756351454, 10.209489736158083, 29.33525866654623, 29.070013340361726, 53.01356374116396, 43.29968800218327, 63.363961233923625, 56.98517371120955, 78.40083951642846, 21.569295743774898, 53.90338999627612, 54.501789629067964, 62.02553823874119, 24.85105135997404, 30.664840353113657, 45.01686341316923, 22.23035418888588, 9.64721631246363, 60.62989858161981, 55.020826893243054, 26.96878901205976, 32.57012687245887, 63.26116513588546, 60.50111997195838, 25.81661814752406, 37.30240668522424, 46.0789947743336, 14.211136587700278, 91.59327673331427, 38.80031612665601, 15.853719412768694, 73.31455768313978, 84.06666895162138, 61.63173687774614, 35.903465070160664, 34.97182581404107, 49.873347246484464, 65.2829151245339, 17.299145904357434], [59.434226874379874, 29.266327678355683, 59.177798473154475, 24.64732195740416, 0.0, 17.552291172249326, 55.12701601817034, 38.66214860041823, 40.2487981290927, 67.7441689045519, 74.6861616537985, 32.87476326592943, 28.666638971346284, 83.78547988836115, 42.621819994332355, 58.411005496645, 28.89867484355189, 74.62989312767341, 88.62870392276275, 92.23674716867995, 27.4381673194309, 58.50408551181175, 29.330344282740533, 41.655957555576386, 49.94805102711419, 31.491447209092534, 45.43678556562519, 81.86393895189002, 47.66182286558356, 45.43581473630809, 25.434708250715705, 39.04434712720291, 48.05010477224793, 72.53593777488095, 41.18247906480195, 65.94843893616947, 80.88814300665614, 78.04116318826358, 43.494115170591776, 78.05739231197059, 73.6758502785419, 85.24913442269053, 7.167112811902124, 9.37133719480189, 42.268091305799985, 43.98054679456615, 17.33235157372511, 79.15845675007262, 55.23127164903977, 18.181210892169034, 54.73387450055675, 84.14645941656354, 68.63543441674224, 41.52323745057758, 27.549943729896075, 62.84163779926253, 27.324363693530678, 97.11610513253305, 35.698101828732554, 38.64419646849929, 86.8626383229229, 90.32396471397482, 70.07705667098105, 54.05234922084605, 47.749003530161175, 61.687441753217875, 81.08977602872767, 23.79671169576561], [50.2594009872772, 32.23016154261682, 42.3106945659261, 15.43883759382586, 17.552291172249326, 0.0, 37.60514326127161, 25.349956855695627, 24.580278956395915, 55.339501840640416, 60.70516654718576, 40.97075466292741, 28.665149736187143, 66.37806954715465, 25.222886317828955, 41.30715279167705, 25.118669299490104, 59.659269259259275, 73.87250277807695, 78.6203915672234, 37.36818251811222, 41.05217552655539, 13.98739883323058, 36.15801214722442, 32.39861187982536, 14.412907950798036, 39.042930167563014, 64.43642843069358, 35.151245791114725, 48.83281149899582, 23.132720028427293, 42.00414971292622, 44.403960444376494, 55.17067137386193, 29.759867682210494, 52.47138752353692, 65.68104012843114, 66.36051900036279, 27.668952160951406, 63.27628385083489, 56.25193157497328, 69.2761119140933, 22.180231364926758, 26.571756536931154, 31.31705528874151, 37.64126468307795, 6.3573867473982375, 61.64873913137678, 42.81473066523089, 11.622059385936039, 38.55477765815807, 67.01503161779496, 52.79731102039412, 24.010745100046233, 21.88979200168664, 45.28959511829472, 26.86554393340925, 82.63264927255004, 24.712786823852667, 31.18896706768281, 69.71811528732663, 75.46807462818464, 54.15154349976551, 36.62871053036496, 48.96936655832492, 44.6876760523936, 63.60821144128827, 6.354748343738139], [51.914464196144856, 57.837471931132356, 11.420954981596042, 40.052976656397995, 55.12701601817034, 37.60514326127161, 0.0, 31.648007787189727, 20.75152970448106, 45.859362623969666, 43.93094968581035, 69.7010617080877, 55.13857277681718, 30.720131985793557, 12.765912432251229, 8.655303828750187, 46.18945506185832, 33.90120051493297, 46.59331262843436, 54.723744422145515, 68.60260681172522, 4.100041415985241, 28.21932186785382, 51.56122876522983, 5.479359190794893, 25.12177732502983, 51.466012609012395, 28.67480058443038, 35.30139031608721, 69.98607513385812, 49.88993557567471, 67.51648174169834, 59.680315625747305, 20.651648543641674, 32.96395003718627, 34.8450606464477, 42.63830412213981, 50.84377888599353, 22.613754121380545, 42.59886961500392, 20.989316374996157, 42.04231465977221, 59.48693049805826, 64.1600283856778, 34.374081298758504, 50.82122126737258, 39.88226767133337, 25.106559910490382, 33.48682273067835, 41.59312044956452, 20.70557076754339, 33.42227449448889, 24.723778650458236, 14.416954978014758, 42.85391349878987, 8.32433892066589, 53.65129825312868, 55.37558403316211, 33.826957900085645, 45.78910429827227, 33.271232917446696, 47.63680257608391, 25.26843104757611, 8.15582524986574, 70.54763827602379, 11.621457378558468, 26.044756435837247, 31.332029041350392], [26.46184846511782, 57.268903245053735, 41.81095588599995, 14.54619818700997, 38.66214860041823, 25.349956855695627, 31.648007787189727, 0.0, 34.44096041261795, 29.99922977771319, 36.05754364996003, 66.31634659807571, 25.325548100856935, 51.274191313843595, 26.11445546779797, 39.4618048940245, 48.6423138524578, 63.97689497200584, 77.52036606769971, 84.8116682147181, 62.53945509295262, 35.717722656659355, 30.154791660454787, 20.001745034927037, 26.78421344008723, 15.290220410625924, 20.45075319160641, 49.685203647152996, 9.83392766685526, 73.51822712616702, 21.224121656092, 36.41772806345008, 28.416249119407247, 40.38402435107602, 46.170745474690406, 61.35012667515369, 42.460358990225295, 77.29958893152836, 9.348815842916556, 39.4558290281876, 42.05042043317749, 47.51526265795242, 39.38538740541267, 45.180038401117876, 48.00199297441666, 19.583323164671235, 21.827148393265748, 48.40625062229685, 55.141287440159594, 36.40459040398128, 18.86119959089402, 49.633741069173894, 55.16309936281389, 19.813147561493412, 44.993033849732576, 35.75737536467327, 24.214247621754588, 86.43664422503893, 42.93959145433613, 14.148266122706286, 63.826375639867436, 78.71893424327929, 56.0128175441299, 25.407272515397498, 38.90345282108629, 42.881622639032265, 54.6399727397747, 23.360880829025312], [60.219000019695294, 37.27171087916297, 19.829045106255634, 34.6974694813537, 40.2487981290927, 24.580278956395915, 20.75152970448106, 34.44096041261795, 0.0, 58.98325640081245, 60.08785413573052, 49.27729131236313, 50.4697911826451, 51.290975402351215, 10.81176583172156, 19.883324014658264, 25.55143111325607, 35.08235662985099, 49.3033163871102, 54.39602182463099, 48.683629267315325, 22.374152170329754, 10.946689489440576, 52.78783071455431, 18.097183458404952, 20.07465168073682, 54.26145842618738, 49.24263795583997, 42.45045814717006, 49.320790211162155, 44.677877624626305, 63.990215289310015, 61.57360432871695, 41.397653631110025, 13.379002452300197, 28.689605246325076, 61.10639529422641, 43.816883658176366, 29.1495717536218, 60.217657701555886, 41.72234488403461, 61.78516689232422, 46.12380374927231, 49.6190334222452, 15.095036911182124, 53.15998838160277, 29.5711424999171, 45.427333948006606, 20.833968408892137, 23.545462254078423, 34.79380159870618, 54.16990379477482, 28.430167682487177, 16.618520618058717, 22.372228748219328, 28.936514717034424, 48.70325291061934, 58.09399892632048, 13.134300319833399, 46.83371464608721, 47.60736450631981, 50.89029586603077, 29.848928379659654, 25.223358507674487, 69.46925094988994, 22.59993279446955, 43.7903881161676, 18.862753511716395], [15.136545230917388, 87.03215863854511, 57.16667630564768, 43.10290220788304, 67.7441689045519, 55.339501840640416, 45.859362623969666, 29.99922977771319, 58.98325640081245, 0.0, 10.726943632666627, 96.310131431163, 46.27383902840241, 45.64646765069813, 48.43291842401045, 54.357538047050646, 77.77408717271052, 79.05651376064505, 90.3109051277665, 99.36393289070821, 92.50895883224419, 48.698915639855, 58.15342831677622, 32.10094463714344, 43.88192535891945, 43.67014323182184, 28.482834008625026, 45.120217217118075, 20.295147219316863, 102.98477504428922, 45.28927596688081, 50.4934057767414, 33.91544887869786, 39.186758319258836, 72.1372873987203, 80.63365928196163, 21.111975782504487, 96.69482634016971, 30.402581213556516, 16.864462795657374, 41.09283683563496, 29.0906363650958, 67.15756329661792, 73.01647716903123, 73.92847561703658, 29.358695149491354, 51.603497454871956, 46.65558569948408, 77.68691481250151, 66.20458101176267, 25.336736964017064, 40.4029957788148, 69.90882793853444, 42.37000400677415, 74.04661722514734, 44.09712514712205, 46.21405476159918, 98.51719276654755, 70.09154802154657, 31.269490840593154, 68.26152812395226, 90.99154994041565, 70.13850651161923, 37.749526381100345, 47.05664506310612, 56.72344931020122, 57.181114370661355, 52.82318033409581], [25.860106425906093, 91.33817040137566, 54.65515127121361, 50.21272293273342, 74.6861616537985, 60.70516654718576, 43.93094968581035, 36.05754364996003, 60.08785413573052, 10.726943632666627, 0.0, 101.37396916495787, 55.53401580881366, 37.205668752769625, 49.27868974977672, 51.881641434174696, 81.28883674753564, 75.40932730346611, 85.54121990667105, 95.01174130556318, 98.06497018159062, 46.02931108224743, 61.19086835283841, 41.986195630131, 43.23260774211467, 47.66103373096873, 38.592365945837074, 37.01481926902924, 27.288027263539856, 106.64690432142693, 53.881085339817446, 60.77612651501947, 44.482879729133366, 32.71012355143192, 73.46374525309027, 78.55432572668819, 10.47228279109645, 94.2586215370828, 33.70238284940626, 6.235914930432994, 34.47178501522133, 18.583635121264553, 74.88811673371528, 80.74732892305379, 75.18010502091165, 39.3311209194638, 57.83891177556194, 39.26841856400369, 77.11274501639673, 70.82711745653097, 25.300908959309435, 31.33033620545885, 66.4841366087491, 43.92851336876404, 77.5399112986082, 40.29936695027576, 55.27581787036965, 93.33108033955689, 72.1871104747509, 40.34693343032024, 61.53525660713691, 86.03036274060894, 66.4812527879733, 36.317900883377284, 57.693242948629056, 53.6955951219511, 50.39941489808998, 57.24189911693219], [90.38143996469948, 12.159561471187478, 68.21003349988497, 54.617249168741395, 32.87476326592943, 40.97075466292741, 69.7010617080877, 66.31634659807571, 49.27729131236313, 96.310131431163, 101.37396916495787, 0.0, 61.516154574889384, 100.41624681121269, 57.6395081796512, 68.83315793557273, 23.859929720890616, 74.35704817405022, 86.16619727180458, 86.10816443056851, 6.238298022984555, 71.64087764346219, 42.26562560155122, 73.84441050853205, 65.98416277665986, 53.82854290521858, 77.41509131728067, 98.36929995536492, 76.09794486358156, 15.743397794237506, 57.91135004794785, 71.54796263032459, 80.73721996399054, 90.0891860742494, 40.52112225672325, 62.752114347892224, 105.49437574618672, 68.59191352716292, 67.79589424067295, 103.47805326687806, 90.62538357672163, 108.06976665817909, 38.17781721703812, 34.95092188671064, 40.17541634519498, 75.95138193954222, 45.20414509328868, 94.66056807526788, 51.75936863208811, 30.61349145342643, 77.85720128221504, 102.78160010130442, 72.06147246364488, 60.20599868368956, 26.90800800203298, 78.00850255449848, 60.1235197566401, 93.0901319379975, 37.11388492989311, 70.07890221411255, 94.72157559300801, 88.02477963633682, 73.63030996135429, 72.3358224685153, 80.43256130667581, 71.06558074701732, 92.63309094130233, 44.18037806085247], [34.317471641724765, 56.57444049108502, 63.78310372521133, 15.915210523257915, 28.666638971346284, 28.665149736187143, 55.13857277681718, 25.325548100856935, 50.4697911826451, 46.27383902840241, 55.53401580881366, 61.516154574889384, 0.0, 76.5410313897452, 46.15007261622424, 61.87217842576391, 52.555709470280156, 84.43082604879847, 98.54305376619754, 104.58692573895712, 56.09093618454366, 59.22040271612901, 41.47844977386077, 14.97597987157238, 49.79265428395712, 31.625778950435894, 19.02348668187199, 74.98291224882517, 29.53075943882042, 73.29411610678211, 5.79468640789156, 13.556317982837239, 19.616581217982798, 65.70721806039198, 58.160378598760126, 79.15929055901128, 64.13131504499128, 93.98981227178633, 34.38161975794257, 60.431132906016565, 67.37556677993001, 70.45444258442281, 24.6352741950931, 29.9029411682217, 59.793626091608296, 17.740502849890724, 22.343712538937666, 73.72436210237802, 70.49769756342555, 38.86080422167457, 44.03545002782858, 74.5742095755439, 76.35419403043213, 41.25425757714233, 49.80609143355322, 60.43215193649603, 1.807433822794944, 107.49371006732915, 53.29588941267943, 15.192301527073736, 88.20492892975658, 99.95162419158042, 77.46012860718892, 50.057165270394464, 20.43063986310316, 65.43185060791768, 79.55897891411747, 32.339551761241985], [58.618242073948565, 88.51710575970509, 34.748747711858336, 64.20745314187617, 83.78547988836115, 66.37806954715465, 30.720131985793557, 51.274191313843595, 51.290975402351215, 45.64646765069813, 37.205668752769625, 100.41624681121269, 76.5410313897452, 0.0, 43.13146881736493, 33.065502390273004, 76.82956527984746, 47.53163141275101, 53.65511388035367, 63.71224823177972, 99.27470272201941, 29.022167675569982, 58.747968777152984, 67.65382516378001, 34.84806437227506, 52.33783752905695, 65.7733410848728, 2.0485639435853846, 48.73079119995858, 100.05410181136382, 72.43263168096895, 86.46030662047892, 73.62215553113019, 11.294610313911337, 62.538484514480494, 55.29073563958031, 28.931845520651137, 68.36253087107782, 42.71864674539952, 31.96655871167704, 10.13267755081242, 22.644936036927824, 87.08206442668742, 92.29800227042638, 63.702623491643884, 65.79371103931989, 67.13953599879957, 6.321634585632746, 59.06027546674311, 71.94514450306917, 32.51833897533457, 6.814808417383704, 40.54972232563578, 42.426113365968064, 73.54733949774595, 22.407807174890518, 75.48302305864313, 60.089007841314725, 64.16575313900695, 63.232624605202, 26.309552002222173, 53.63442320934253, 39.774013084234504, 29.749670189516408, 86.55360401313352, 32.222495962464386, 16.181081441939273, 60.47753203158754], [50.71976061353504, 46.022974205288406, 17.874738279245282, 30.34346865589011, 42.621819994332355, 25.222886317828955, 12.765912432251229, 26.11445546779797, 10.81176583172156, 48.43291842401045, 49.27868974977672, 57.6395081796512, 46.15007261622424, 43.13146881736493, 0.0, 16.39171830480544, 34.6210580075636, 38.535173305312846, 52.50301722030312, 59.129628663343254, 56.191595542519956, 15.893597221408605, 15.6183957719484, 45.664460440028336, 8.35461910688099, 14.576575187906052, 46.52538781846624, 41.10287181627342, 32.96270813257054, 59.3096535303484, 40.53686658689201, 59.27414491825775, 54.319346279787155, 32.49760343962718, 24.190720901062264, 35.2398771228708, 50.44655469262145, 51.241769522671966, 19.300002403016418, 49.45214183378271, 33.14736460368861, 51.49945204219801, 47.33676359866265, 51.77553580753995, 25.901415406799153, 45.584539739452154, 28.255192930319502, 37.74144582425483, 29.78675772696751, 28.881100460194045, 23.990444318816373, 45.14821064155248, 30.219089197812604, 6.514035779807326, 31.084665626563265, 20.95143753907297, 44.50205599966387, 61.46535900000973, 23.42406717011522, 39.65494631829594, 44.58989332984334, 53.86382765147921, 31.310185839198326, 14.953486356037756, 63.62040927845433, 19.906832583269274, 38.489835456206855, 18.87690681294434], [60.54760755425891, 56.71695282655539, 2.8103727444573847, 46.307538317269845, 58.411005496645, 41.30715279167705, 8.655303828750187, 39.4618048940245, 19.883324014658264, 54.357538047050646, 51.881641434174696, 68.83315793557273, 61.87217842576391, 33.065502390273004, 16.39171830480544, 0.0, 44.977088036318584, 25.26751564244052, 38.2011851758143, 46.12499207541095, 68.51193641037996, 5.861443870653068, 29.685942078831165, 59.46209203624955, 12.69215567036703, 30.7012412616163, 59.60403808298764, 31.063920167098978, 43.779252737848076, 67.18828921658192, 56.40441670018744, 74.65375602091625, 67.75676777884202, 24.94242980636049, 29.622135075918482, 26.674481695354444, 49.64730344762014, 42.47237765160366, 30.7451414759732, 50.04546394474148, 24.619967211840006, 48.03909287912909, 63.48690849880913, 67.69153020961558, 30.700214792170996, 58.88758691650805, 44.638911125772935, 26.851029334921144, 26.934339872719296, 43.016873278822466, 29.324424416668794, 37.188404459949155, 16.113267497697873, 20.626406268209852, 42.03845428071662, 12.565101936144663, 60.29387737790058, 47.06016301160572, 31.83748539489787, 53.58663389728785, 28.45258587698764, 39.32490833298628, 16.74339444671978, 16.784978311768256, 78.20900888447834, 3.56581374624483, 23.915460792696567, 34.96274582625988], [74.68102171305446, 11.748097730952265, 44.36199217213284, 40.55737673533963, 28.89867484355189, 25.118669299490104, 46.18945506185832, 48.6423138524578, 25.55143111325607, 77.77408717271052, 81.28883674753564, 23.859929720890616, 52.555709470280156, 76.82956527984746, 34.6210580075636, 44.977088036318584, 0.0, 52.37870319520542, 65.2564464982825, 66.91302510078326, 24.16073115777322, 47.91863231052611, 20.172498333307452, 61.272543207414905, 42.850560786717836, 34.10394481996072, 64.14090432084494, 74.78100426251986, 58.35460068287388, 25.358173854444885, 47.46353369494607, 65.1790337957133, 69.44325943328955, 66.75417019200395, 17.30561874676247, 41.591459644170634, 84.1509366868067, 50.97577004869584, 47.73447350847996, 82.59320997391043, 67.17638805251794, 85.91795878348462, 36.06394140923929, 36.56069635531228, 17.395803424776673, 62.747275007606234, 31.19228066253291, 70.97792446954324, 30.27710732443239, 13.775249549224558, 56.62270821857076, 79.51006924276345, 48.979521373171956, 38.14486810477342, 3.749794934234024, 54.445693791825384, 50.82655668027113, 72.97574312347525, 13.30648952486133, 56.26611518015807, 71.13763942735845, 67.07936737768809, 50.54912373126301, 49.55067801413425, 72.96443096116776, 47.217071072195836, 68.77671144133217, 25.290352741591914], [85.81294325783196, 62.72082179625697, 22.58646099851315, 68.52118985884813, 74.62989312767341, 59.659269259259275, 33.90120051493297, 63.97689497200584, 35.08235662985099, 79.05651376064505, 75.40932730346611, 74.35704817405022, 84.43082604879847, 47.53163141275101, 38.535173305312846, 25.26751564244052, 52.37870319520542, 0.0, 14.234993133298438, 20.908398268226026, 76.13796538783157, 30.526042022849744, 45.84108306376761, 83.8913501062191, 37.6444462581897, 52.84259971223148, 84.36168563286473, 46.03469116466027, 68.96677012310309, 67.24476768489112, 78.71957765362971, 97.7131528935244, 92.39313945115295, 44.35506970247774, 35.264039390172755, 12.124833259455928, 71.3568261658108, 20.885960495289076, 55.689845979918, 72.60170582083232, 43.13136018984415, 67.83972663527027, 80.889131469081, 83.9144624587911, 34.98633317181178, 83.55189149169274, 64.52895835533499, 41.681788096001696, 22.599345809756613, 56.82406853869272, 54.42045187837875, 53.69062160662904, 9.197695210799568, 44.315643113726956, 50.95123038313919, 35.182089393789816, 82.73165507611563, 23.11279639648721, 40.26039751634414, 77.91862284394979, 26.37517146110783, 15.808941787510317, 8.9449337293532, 41.95919076534697, 102.13629351094175, 22.44396185426882, 31.941439033456454, 53.87449490646293], [98.24595252285265, 74.9538102885372, 35.73068823244294, 82.64645902242495, 88.62870392276275, 73.87250277807695, 46.59331262843436, 77.52036606769971, 49.3033163871102, 90.3109051277665, 85.54121990667105, 86.16619727180458, 98.54305376619754, 53.65511388035367, 52.50301722030312, 38.2011851758143, 65.2564464982825, 14.234993133298438, 0.0, 10.090115468670325, 88.49310993455171, 42.85747982425296, 60.01845749405486, 97.50614619341837, 50.8614920369683, 66.92489983220294, 97.77811692321963, 52.56203705109083, 81.89462222297792, 77.44805304634357, 92.85274609819179, 111.76486102720625, 105.89722128703403, 53.196627175917655, 48.54399023950218, 23.677665933940858, 80.21737185903021, 22.484479361787876, 68.94134437350604, 82.02815633441003, 51.652019248657936, 75.58871261067883, 94.98069690077888, 97.86871269854134, 48.031032752396456, 97.03231576732937, 78.763841713926, 48.640463824736386, 34.9854511488887, 70.68878420876501, 66.50825816639215, 60.32806562506482, 22.38815502474062, 58.06870885066682, 64.17545345403983, 46.27036043977227, 96.85660831032297, 8.962717621307743, 53.75873281282449, 91.57263089020562, 28.27268802312034, 1.8610698691148133, 21.51094237912157, 54.36194984692314, 115.9763715650775, 34.976974032712626, 37.4875734161058, 68.10819772407623], [106.62801900412283, 75.5719953896356, 43.475911674375, 88.68341753668031, 92.23674716867995, 78.6203915672234, 54.723744422145515, 84.8116682147181, 54.39602182463099, 99.36393289070821, 95.01174130556318, 86.10816443056851, 104.58692573895712, 63.71224823177972, 59.129628663343254, 46.12499207541095, 66.91302510078326, 20.908398268226026, 10.090115468670325, 0.0, 89.08606713245153, 51.21620448640275, 64.63348207716435, 104.67494104687115, 58.55277667322109, 73.17704131329984, 105.2237933049482, 62.59046138548871, 89.86747152493194, 75.83753021388766, 98.8259190037642, 117.9942127373627, 113.22153629909232, 62.907358997544534, 51.21527094271652, 26.315360032765177, 89.9983947300962, 18.224493234246694, 76.59380395581542, 91.68743961762267, 61.4192756961105, 85.54026620164835, 98.88861466387858, 101.27510994531704, 50.36666809370042, 104.39426927054315, 83.93384525004288, 58.61901186991749, 37.14343665905678, 74.0747849041184, 75.0850052325831, 70.36355499683177, 30.011753778704858, 65.07953940237452, 66.38421724177417, 55.271422388485966, 102.85367943452647, 8.47431624059992, 56.654199150055206, 98.6861069826437, 38.332807790934794, 10.471080393362131, 29.485894974154107, 62.71352339857081, 122.73068052395708, 43.165580372959184, 47.53561455106047, 73.21803688838534], [85.87874120300734, 13.553974158391375, 68.1408669339744, 50.18126065943519, 27.4381673194309, 37.36818251811222, 68.60260681172522, 62.53945509295262, 48.683629267315325, 92.50895883224419, 98.06497018159062, 6.238298022984555, 56.09093618454366, 99.27470272201941, 56.191595542519956, 68.51193641037996, 24.16073115777322, 76.13796538783157, 88.49310993455171, 89.08606713245153, 0.0, 70.85197085965682, 40.59487495471086, 68.85064197707538, 64.53545121044867, 50.900381219899586, 72.51583687157752, 97.23674828242467, 72.22397389061086, 21.759091436270687, 52.75464060582611, 65.7299941550998, 75.47645856595119, 88.67373841695793, 41.41722223631014, 64.87552527896302, 102.69317300668168, 71.95519070113446, 64.75104281706678, 100.47925255240189, 89.33586350384465, 105.68197781886825, 32.3339435102193, 28.85399275093104, 41.34568713873714, 71.05211531000147, 41.01068757894047, 93.69629184700091, 53.66741936998758, 27.980784803159786, 75.17857350300432, 101.25004989371124, 73.1187220692841, 58.12788145871117, 26.582861661667998, 76.92524436036283, 54.76252063312063, 95.76137944363413, 37.37160051297712, 65.35481185925532, 95.23416846478318, 90.3413831765011, 74.68929234237527, 70.56157506680488, 74.67732049333156, 70.98345426688597, 92.4225558558652, 41.262267655008706], [55.44677547011693, 59.64542060049316, 8.626330676530243, 44.07454457870305, 58.50408551181175, 41.05217552655539, 4.100041415985241, 35.717722656659355, 22.374152170329754, 48.698915639855, 46.02931108224743, 71.64087764346219, 59.22040271612901, 29.022167675569982, 15.893597221408605, 5.861443870653068, 47.91863231052611, 30.526042022849744, 42.85747982425296, 51.21620448640275, 70.85197085965682, 0.0, 30.873750915611456, 55.602655872800824, 9.468615961867538, 28.987272190024743, 55.44361347279037, 26.97912293614419, 39.1055510558686, 71.0771988385404, 53.95044986402608, 71.61642602235851, 63.67347514692104, 19.89154953911079, 33.655534953285546, 32.53241160775787, 43.85983561079139, 48.28127664749468, 26.63058061927952, 44.19782008571548, 19.848194661941548, 42.50222842103534, 63.06954488946495, 67.62313282248618, 34.91614178309489, 54.822318039441676, 43.61448851023089, 23.065874709883303, 32.437908945285706, 44.324360217491446, 23.896547230484217, 32.47585734293012, 21.329964966419944, 18.3411851393127, 44.73292494443138, 7.1645932807601325, 57.72546681133385, 51.57582368909692, 35.14674693939222, 49.85170216045888, 29.30302448640645, 43.844904606615685, 21.73322820136043, 11.517938411747018, 74.62082618199307, 8.082215274490201, 22.59630787119604, 34.727733024245545], [56.61575154740541, 30.975389498521118, 30.12645607305174, 26.33914042583667, 29.330344282740533, 13.98739883323058, 28.21932186785382, 30.154791660454787, 10.946689489440576, 58.15342831677622, 61.19086835283841, 42.26562560155122, 41.47844977386077, 58.747968777152984, 15.6183957719484, 29.685942078831165, 20.172498333307452, 45.84108306376761, 60.01845749405486, 64.63348207716435, 40.59487495471086, 30.873750915611456, 0.0, 46.110227827029874, 23.946248494027394, 14.90445595937276, 48.227055437011735, 56.7177418618303, 39.44579203414081, 45.496594498094176, 35.72259934275773, 55.01954097956372, 54.81346970894917, 48.07920558745644, 16.99235880323935, 38.49805699245583, 64.00810373095445, 52.65670231922204, 27.834233599934986, 62.42071189122709, 48.7617340160762, 66.00730480778965, 35.185410625519296, 38.70156028314859, 18.74273108380785, 46.97077099723712, 19.578041056774573, 53.30453994126395, 29.101033087880737, 13.453970251000392, 36.45133142703959, 60.66941684579357, 39.37638044720651, 18.089128127477075, 16.44372547521425, 36.500790151680114, 39.67601238546536, 68.72969434006879, 12.924633037522083, 40.42169325517174, 57.96976809933288, 61.64206203930191, 40.79502240020555, 30.078803039236043, 61.259515399221385, 32.761884581783335, 53.21974980622831, 9.14317305597072], [19.361100410958617, 67.32457248762593, 61.80907291032404, 20.723741170855863, 41.655957555576386, 36.15801214722442, 51.56122876522983, 20.001745034927037, 52.78783071455431, 32.10094463714344, 41.986195630131, 73.84441050853205, 14.97597987157238, 67.65382516378001, 45.664460440028336, 59.46209203624955, 61.272543207414905, 83.8913501062191, 97.50614619341837, 104.67494104687115, 68.85064197707538, 55.602655872800824, 46.110227827029874, 0.0, 46.779526271971825, 32.71562866074696, 4.049969408241612, 66.34423495859585, 18.925116833569966, 84.17322217101884, 16.267743083549536, 19.25544790329797, 8.788015737822782, 57.595094468155, 63.04055941855227, 80.691973241391, 51.307100019521265, 96.40713779637784, 28.985345280314455, 47.35784181311236, 59.43225650525402, 58.273707895844424, 38.81015252328593, 44.36799720771692, 64.82079567453745, 2.807560635432083, 30.169913282431317, 65.86864510510017, 73.60761604409156, 47.629522538654996, 35.79955950503466, 64.64257377900283, 75.13590818653952, 39.595462803341604, 58.025105624711145, 55.03791887103128, 15.470065817393225, 106.42917515100636, 58.92289917172116, 6.013405595256311, 83.10526273563562, 98.71504139402623, 76.0033447990993, 44.8873239039889, 19.3067383160807, 62.87279655784475, 73.38527601584764, 37.47331347016108], [48.51725980440021, 54.3249737773849, 15.145936427962317, 34.606595770624985, 49.94805102711419, 32.39861187982536, 5.479359190794893, 26.78421344008723, 18.097183458404952, 43.88192535891945, 43.23260774211467, 65.98416277665986, 49.79265428395712, 34.84806437227506, 8.35461910688099, 12.69215567036703, 42.850560786717836, 37.6444462581897, 50.8614920369683, 58.55277667322109, 64.53545121044867, 9.468615961867538, 23.946248494027394, 46.779526271971825, 0.0, 19.65437017558332, 46.92094061740929, 32.82885642040741, 31.354330644056393, 67.28960704924145, 44.492236868521395, 62.30395933213858, 55.065602167108295, 24.144362228313724, 31.154631739384325, 37.03938736897632, 43.26378485039027, 53.21409248837954, 18.088788589877332, 42.682801315148374, 24.82138310831249, 43.688877798345935, 54.14847858679587, 58.90384288135052, 32.732188097856, 46.19658961464328, 34.46493513922972, 29.598376362630617, 33.9899550159777, 37.09889581716813, 18.57856262103595, 36.798290254249984, 28.61915202738046, 8.940343304283815, 39.36029945786644, 12.937617143442042, 48.28288771108279, 59.73997006611401, 31.170148402471877, 40.92163807451979, 38.739261768379585, 52.007986041832986, 29.363263434957403, 7.209775096792412, 65.59582212698116, 16.098631348071997, 31.415083606996774, 26.19366598781421], [41.74450072886743, 43.69834682154429, 32.38988334051518, 15.772782184557773, 31.491447209092534, 14.412907950798036, 25.12177732502983, 15.290220410625924, 20.07465168073682, 43.67014323182184, 47.66103373096873, 53.82854290521858, 31.625778950435894, 52.33783752905695, 14.576575187906052, 30.7012412616163, 34.10394481996072, 52.84259971223148, 66.92489983220294, 73.17704131329984, 50.900381219899586, 28.987272190024743, 14.90445595937276, 32.71562866074696, 19.65437017558332, 0.0, 34.295789028698096, 50.43706759827462, 24.56185383561368, 59.34961617087577, 25.97572226435185, 44.873205208134074, 41.502660873173554, 41.067485696251076, 30.998060991945785, 48.30624823098016, 51.793412416407826, 63.798639403915786, 13.98048531283809, 49.65814492240712, 42.254116792624586, 55.01847512684188, 34.904186385007264, 39.98312775269292, 32.82333516328689, 33.15303890515151, 14.9841263377793, 47.90016469634888, 40.89266138571135, 23.218766077555212, 24.342366710245003, 52.6940315068382, 44.735557363743446, 10.723771105270151, 30.37809386308876, 32.06532584135643, 29.956735236753815, 75.8793858365514, 27.64941604058752, 26.77407711446197, 58.27609883806664, 68.32663420618272, 45.8596585091953, 22.680639442714078, 49.70388889371793, 34.26084990848743, 51.00025870951793, 9.659947212817299], [15.340643048331303, 70.5914370997574, 62.048751290611804, 23.64590388191812, 45.43678556562519, 39.042930167563014, 51.466012609012395, 20.45075319160641, 54.26145842618738, 28.482834008625026, 38.592365945837074, 77.41509131728067, 19.02348668187199, 65.7733410848728, 46.52538781846624, 59.60403808298764, 64.14090432084494, 84.36168563286473, 97.77811692321963, 105.2237933049482, 72.51583687157752, 55.44361347279037, 48.227055437011735, 4.049969408241612, 46.92094061740929, 34.295789028698096, 0.0, 64.55173435362693, 17.363102262735698, 87.41969186452535, 20.147655394384174, 22.226431073811757, 8.274549903197391, 56.03827396242268, 65.0311333054803, 81.72883767294375, 48.153874465199976, 97.59880253194508, 28.877287631553916, 44.12793577933955, 57.913749990996024, 55.32595777827037, 42.771731374633134, 48.3614908031088, 66.83242149717992, 1.4642114916002413, 33.243308822282614, 64.3285724113409, 75.08997127209136, 50.61134641338177, 34.516162024721936, 62.43824708936506, 75.4748510909703, 40.26332100552479, 60.808029446128465, 54.35867319430379, 19.511015480267375, 106.66075565154325, 61.12243790450172, 7.903122672356309, 82.29797439968921, 98.92776651588485, 76.27120510973926, 44.42123140258762, 20.780951881876383, 62.938494630732045, 72.31406735201438, 39.853480694757444], [57.78955047956019, 86.46871302980692, 32.7814579720326, 62.47485520605234, 81.86393895189002, 64.43642843069358, 28.67480058443038, 49.685203647152996, 49.24263795583997, 45.120217217118075, 37.01481926902924, 98.36929995536492, 74.98291224882517, 2.0485639435853846, 41.10287181627342, 31.063920167098978, 74.78100426251986, 46.03469116466027, 52.56203705109083, 62.59046138548871, 97.23674828242467, 26.97912293614419, 56.7177418618303, 66.34423495859585, 32.82885642040741, 50.43706759827462, 64.55173435362693, 0.0, 47.42069750287914, 98.02004474837774, 70.8037584090593, 85.06301299531715, 72.46154591730557, 9.47404412984684, 60.511408509949334, 53.56007740457049, 29.157470901638682, 66.82231166183689, 41.031985738511935, 31.98581954698061, 8.188093892159605, 23.293921948737964, 85.2192888514568, 90.4100630059831, 61.68280481143584, 64.53546246097193, 65.26935564455736, 4.477492962509942, 57.15333485899998, 69.92761296420973, 31.006359229249835, 7.780124927965875, 38.87629183419232, 40.46605233398064, 71.49930680538324, 20.360806426437183, 73.89945125179887, 59.19107558206792, 62.12097944945844, 61.8276859463536, 25.605514195173914, 52.60271855758367, 38.14301430542891, 27.814612589423874, 85.32328809308902, 30.280757511604612, 15.095317032277853, 58.51284871341796], [17.791894660919933, 67.10092072669525, 46.393570563539285, 23.043828617799832, 47.66182286558356, 35.151245791114725, 35.30139031608721, 9.83392766685526, 42.45045814717006, 20.295147219316863, 27.288027263539856, 76.09794486358156, 29.53075943882042, 48.73079119995858, 32.96270813257054, 43.779252737848076, 58.35460068287388, 68.96677012310309, 81.89462222297792, 89.86747152493194, 72.22397389061086, 39.1055510558686, 39.44579203414081, 18.925116833569966, 31.354330644056393, 24.56185383561368, 17.363102262735698, 47.42069750287914, 0.0, 83.31684841661769, 26.989039984109926, 37.86422302287591, 25.550719415423963, 38.73841259998127, 54.85591491612187, 67.80032898230374, 34.89754917711203, 83.94723251939915, 13.709625536779656, 31.44484742251932, 40.59772783212724, 40.942678378113186, 47.60500068984811, 53.46665456266972, 56.68691908168871, 17.187015646840948, 31.31188322396146, 47.02478516973674, 62.68646500603988, 46.23661