instance_id,num_cities,city_coordinates,distance_matrix,best_route,total_distance
1592,44,"[[9.868442469309159, 31.921312560918246], [69.71477919714253, 22.229359530407145], [26.65491638754116, 62.72602038006866], [17.109296528782036, 92.22752722142481], [49.14333104024705, 48.44231283942205], [31.5703530223445, 6.329595677477062], [34.391735746536035, 21.94148209580421], [81.38859206934194, 11.250055749553889], [20.398531559886337, 3.9983289959678703], [65.19533515592096, 3.337683737418584], [89.21630285944092, 95.77435164838678], [20.582139280608637, 57.85720824448599], [47.434561786937955, 75.8440754059469], [21.288010692920324, 56.5550107812188], [28.368347839883114, 97.13522580496185], [43.02316585988895, 61.79218217235879], [55.85882090805547, 92.56021194412416], [42.44240632058097, 49.52746548327812], [18.866121141013515, 79.01112292048838], [61.629770854081315, 39.346938435808156], [85.40800919562926, 30.502645688319852], [38.78761836914373, 80.96020320420627], [73.81682074653104, 87.1441259842869], [44.02419828137476, 42.86818434598778], [90.3788649812594, 91.99561026056222], [64.35325805675237, 95.0433990284378], [88.69522567310352, 68.36753806345656], [80.96237673485803, 8.18545339275748], [79.4238399858243, 90.67870365189808], [43.32827024074833, 82.49436445008809], [76.83700864737109, 42.40899712428998], [61.20444498640881, 32.23228915465325], [66.4893373627428, 64.74965641718637], [80.19450806830599, 14.017493201521525], [71.96536215688333, 11.909149450747092], [4.743832957918082, 72.92790489768545], [1.3241630281269567, 2.734039933285759], [23.31826384418396, 93.55772348443661], [88.73016169592368, 11.934221295315595], [6.800486800665439, 30.851194485201194], [63.66799407856013, 58.09755396347567], [69.10400952723323, 99.28287101783565], [4.05293999610139, 38.08518133846801], [34.102343875825895, 49.20560964352402]]","[[0.0, 60.62605028605155, 35.081558266854536, 60.73935704458586, 42.60821895435094, 33.55456592915717, 26.47619552113368, 74.44751612359171, 29.84251643920099, 62.274303617747975, 101.84936695531114, 28.06161050747723, 57.79638757333327, 27.151899131046957, 67.78717415058571, 44.62627627810258, 76.1064453732118, 37.02755381752194, 47.941719422435426, 52.29125200059809, 75.5528871512901, 56.930936495458546, 84.49233223600145, 35.86711107647512, 100.45321984465302, 83.3846084694934, 86.84462622200566, 74.95157436508552, 91.05154766119463, 60.63986850149856, 67.7848093856304, 51.336944405345285, 65.44941480929099, 72.56929275036595, 65.24196584280038, 41.3255639733816, 30.41219483379576, 63.08680406034888, 81.35511401649507, 3.24923139846018, 59.82965290991934, 89.70190612477819, 8.474275622301796, 29.766237636297745], [60.62605028605155, 0.0, 59.111177666784805, 87.56186548304579, 33.3212154708143, 41.32553373864105, 35.32421650979379, 16.025698689523246, 52.57815853913899, 19.4247468119696, 76.08663017104168, 60.69069046535119, 58.05984710848658, 59.35825335666369, 85.55943073865112, 47.72482747945744, 71.68274814311297, 38.58715992311925, 76.22174676426869, 18.93089716548054, 17.74048284675797, 66.37621016235511, 65.04424377786756, 32.95401398248533, 72.76217549136504, 73.01116528969813, 49.88976715494233, 17.99276938032435, 69.13449625230955, 65.78843874781526, 21.399624430399534, 13.133331239483955, 42.64245680500765, 13.313882447152007, 10.562758150549154, 82.41096017871754, 71.11500450799058, 85.09037631398637, 21.62347434744464, 63.502316695827126, 36.37431761777419, 77.0559321021617, 67.54912443897673, 44.67620865382826], [35.081558266854536, 59.111177666784805, 0.0, 31.00738241771659, 26.641191690665075, 56.61023084695779, 41.51188910245293, 75.13687635430793, 59.06000411799762, 70.79787008111767, 70.75393470971699, 7.783569451227429, 24.573909550306432, 8.178327225298014, 34.4518397957841, 16.394866409556144, 41.748617049239805, 20.577820335240244, 18.051866832666263, 42.06925144939129, 67.0094903057817, 21.90177802459101, 53.10827717093883, 26.38229719838469, 70.12453576421832, 49.65458616593891, 62.296281574586885, 76.96735474649478, 59.715256005619324, 25.860938807106955, 54.13893070194437, 46.08185728084155, 39.88578941478163, 72.3809954148621, 68.0837048555954, 24.16969227712037, 65.12054041301144, 31.011726274281866, 80.20687585464097, 37.552668347912636, 37.30134878970109, 56.02078932801872, 33.436810336413245, 15.435857043848607], [60.73935704458586, 87.56186548304579, 31.00738241771659, 0.0, 54.252413453778004, 87.10669778173627, 72.37963003992309, 103.38848447079738, 88.29048921937638, 101.06271016285788, 72.19418484535561, 34.54532476841744, 34.46794462058341, 35.91643191134579, 12.282171705885665, 39.97297652121231, 38.75095248822439, 49.649387953577815, 13.33265822572353, 69.12618392811163, 92.05799884977078, 24.43158259964533, 56.93491258484836, 56.22060712449373, 73.26993548986515, 47.32780403620974, 75.45756644680624, 105.54755338342402, 62.333788435399384, 27.967285174684275, 77.77715304612389, 74.45677073435793, 56.510369107784555, 100.48160695560613, 97.26371236955667, 22.921171679505, 90.87493992639449, 6.349858047378692, 107.5944390005062, 62.23604886364611, 57.72839329238287, 52.471211686760796, 55.6943629429245, 46.25634064880795], [42.60821895435094, 33.3212154708143, 26.641191690665075, 54.252413453778004, 0.0, 45.63212139688075, 30.329912525612688, 49.22418964567436, 52.92949269588139, 47.87582273506023, 62.01745696362637, 30.072943491103945, 27.454990149574936, 29.01266515760018, 52.93958537847683, 14.685892313419453, 44.62607786459967, 6.78822129567825, 43.02512741473925, 15.447880591408659, 40.459344275529126, 34.12702710027019, 45.89783693145174, 7.568119228994431, 59.97715378087456, 49.02043567578213, 44.28732289580261, 51.31341346494353, 51.9694326587023, 34.54500182366951, 28.34326512464263, 20.204834507688084, 23.80784303340632, 46.35993746684563, 43.07571394036708, 50.70364531674646, 66.1507297120236, 51.98398189201619, 53.85125726994753, 45.85154199424132, 17.441029715591746, 54.61859611481689, 46.264603504645166, 15.060342522380896], [33.55456592915717, 41.32553373864105, 56.61023084695779, 87.10669778173627, 45.63212139688075, 0.0, 15.864778536592125, 50.06064191622679, 11.412466829277346, 33.75782813719509, 106.41155906816059, 52.68620026240125, 71.30172516599053, 51.26713261069549, 90.86206744311997, 56.63272395527219, 89.58598581229631, 44.545005316854926, 73.7834799265474, 44.65101928516365, 59.01550278578954, 74.97877365558068, 91.19074702995376, 38.60267767425584, 103.90912921091773, 94.5772581939651, 84.33242182489217, 49.42687744817453, 96.97797807051076, 77.06698787094342, 57.88603735129084, 39.35897529035997, 68.06055365772679, 49.22816492897041, 40.77852600681255, 71.79830756889446, 30.459153472739395, 87.61759672869134, 57.43392338954662, 34.85477127635261, 60.911247454592086, 100.2451333837583, 42.01934364467618, 42.95071071936723], [26.47619552113368, 35.32421650979379, 41.51188910245293, 72.37963003992309, 30.329912525612688, 15.864778536592125, 0.0, 48.19762547619703, 22.754483219212805, 35.98559503375387, 91.96208884908, 38.479141613851766, 55.458136253202966, 37.010862977466154, 75.43460939696378, 40.7747456447395, 73.80948957093473, 28.736732175836895, 59.143796062965656, 32.32430149165876, 51.72962090224971, 59.18220361986436, 76.19528920678181, 23.037169998784783, 89.67797674384695, 79.00369028324724, 71.4440178805504, 48.55978714679691, 82.17478956145649, 61.20876742900472, 47.12239767952872, 28.719715992753414, 53.50510086190439, 46.48315342526377, 38.88991000150844, 58.97977153139486, 38.24121075376359, 72.46728786567803, 55.252237994366176, 28.99413722211405, 46.52269161198257, 84.77400775836308, 34.366576099812086, 27.26566336242651], [74.44751612359171, 16.025698689523246, 75.13687635430793, 103.38848447079738, 49.22418964567436, 50.06064191622679, 48.19762547619703, 0.0, 61.41966315322587, 18.022963139353045, 84.88598031127927, 76.61364998767718, 72.97440337398376, 75.26366209669216, 100.93269407678468, 63.4540185612525, 85.2238858298134, 54.60737569505056, 92.1988155841905, 34.348884006642315, 19.667687545447844, 81.6966805834506, 76.27084382488192, 48.946950661741035, 81.24450492384683, 85.50746740942203, 57.582928724567346, 3.094098756767685, 79.45294430255088, 80.77338435346837, 31.489625898721005, 29.114496597598002, 55.53552973014896, 3.0140581699899447, 9.446251451766846, 98.37975490306867, 80.5160563060479, 100.73090483130504, 7.373379623751583, 77.1206203768179, 50.08700112857931, 88.88581176033273, 81.8591903634901, 60.635083405705565], [29.84251643920099, 52.57815853913899, 59.06000411799762, 88.29048921937638, 52.92949269588139, 11.412466829277346, 22.754483219212805, 61.41966315322587, 0.0, 44.80167479658929, 114.71148146778991, 53.85919221174381, 76.76430295160026, 52.56420810213191, 93.47726739023823, 62.06451113303871, 95.39727056881037, 50.5849254595212, 75.02844483297285, 54.309661047234805, 70.20477893847858, 79.12830464077386, 98.82680393724551, 45.48667698311581, 112.43117261563481, 101.10006309904881, 93.85005861888646, 60.70841253971423, 104.8688437300113, 81.77652779365921, 68.26918134867769, 49.62135706341656, 76.25671224880287, 60.62955102896048, 52.17009773890728, 70.6849066089014, 19.11622247514896, 89.6069750507913, 68.79091556037798, 30.09955491791586, 69.27461677079084, 107.01106266337514, 37.80333141654959, 47.238677961363415], [62.274303617747975, 19.4247468119696, 70.79787008111767, 101.06271016285788, 47.87582273506023, 33.75782813719509, 35.98559503375387, 18.022963139353045, 44.80167479658929, 0.0, 95.5067770574223, 70.44654568313274, 74.64999600438307, 68.99229695542832, 100.76807973107437, 62.5182651596502, 89.70969868357027, 51.489724298312034, 88.72916921189366, 36.185351631897184, 33.859819102136555, 81.99160343756223, 84.24873753277714, 44.84280895444507, 92.16527605257224, 91.70958134719851, 69.14569262062017, 16.49546818926807, 88.49239577159206, 82.12154789975574, 40.76881273052538, 29.168911987984668, 61.42560402740705, 18.41286284761736, 10.922604546010339, 92.18016597473667, 63.874024570403876, 99.46529381448495, 25.055708296760454, 64.55192939100765, 54.78116608781897, 96.0247712708302, 70.32624741456395, 55.41336241081248], [101.84936695531114, 76.08663017104168, 70.75393470971699, 72.19418484535561, 62.01745696362637, 106.41155906816059, 91.96208884908, 84.88598031127927, 114.71148146778991, 95.5067770574223, 0.0, 78.41146710831192, 46.29178974882743, 78.43729708955615, 60.863171200095735, 57.346261849896244, 33.51197243039453, 65.7766818667261, 72.31980299475099, 62.80978992120434, 65.38270948475035, 52.55959677878205, 17.652899035544262, 69.58008949997334, 3.9535347681720756, 24.873787178335114, 27.411766676251222, 87.97694240029631, 11.038929188797216, 47.771012105681535, 54.78236932327338, 69.44247898409509, 38.45837587414445, 82.2531256813631, 85.62106688645117, 87.507475682917, 127.99034279261232, 65.93530910273755, 83.84153976908364, 104.91607633089225, 45.52205141854829, 20.41602437416657, 102.8632040393437, 72.15397568230782], [28.06161050747723, 60.69069046535119, 7.783569451227429, 34.54532476841744, 30.072943491103945, 52.68620026240125, 38.479141613851766, 76.61364998767718, 53.85919221174381, 70.44654568313274, 78.41146710831192, 0.0, 32.31996263522689, 1.481206496089726, 40.04232394866173, 22.783408299571953, 49.48477273284526, 23.393501010468608, 21.22340275203316, 45.02819279275597, 70.36096576141053, 29.414075626338303, 60.7589899642521, 27.8244670681246, 77.69822012596634, 57.43451596327547, 68.91922497253589, 78.186036509608, 67.37652634754147, 33.5317154281594, 58.33744555845462, 48.02924316722011, 46.42172635270756, 73.99699404387152, 68.93083272430273, 21.862704425210918, 58.39035309026704, 35.80521143667981, 82.17708737508258, 30.319279744819205, 43.08652515270634, 63.80013658638641, 25.77105890256071, 16.051357906691287], [57.79638757333327, 58.05984710848658, 24.573909550306432, 34.46794462058341, 27.454990149574936, 71.30172516599053, 55.458136253202966, 72.97440337398376, 76.76430295160026, 74.64999600438307, 46.29178974882743, 32.31996263522689, 0.0, 32.49169352633087, 28.580300900941246, 14.728072428982134, 18.718903880909178, 26.785921190472177, 28.743451269794846, 39.16050264586726, 59.142437867737215, 10.047108744243648, 28.700430848404903, 33.1517717541366, 45.88120808136661, 25.5901604338732, 41.932576774636445, 75.51028743095613, 35.261595467042014, 7.8158796454994555, 44.524244418980544, 45.733987179728764, 22.049276744203176, 69.9695672949225, 68.47944891488973, 42.79021358191803, 86.43637058848739, 29.9227197078117, 76.09070918505884, 60.625798003312255, 24.05126498283973, 31.920872561778182, 57.51260027508996, 29.788519476555948], [27.151899131046957, 59.35825335666369, 8.178327225298014, 35.91643191134579, 29.01266515760018, 51.26713261069549, 37.010862977466154, 75.26366209669216, 52.56420810213191, 68.99229695542832, 78.43729708955615, 1.481206496089726, 32.49169352633087, 0.0, 41.193264321826724, 22.357212131935817, 49.91508218677171, 22.291138312930457, 22.586334837974174, 43.85858372936275, 69.21054785884226, 30.030812277139326, 60.78626369958007, 26.537962316755372, 77.65038465936752, 57.757870116346126, 68.43440970870024, 76.81564973664429, 67.4106895284874, 34.03855328439072, 57.321905726568374, 46.743090548548274, 45.938133939147846, 72.65958873321107, 67.53848447619878, 23.276199833228198, 57.40428656988199, 37.05836849154443, 80.86691898580777, 29.505499838302626, 42.40804677459495, 64.12518838118822, 25.262269525295043, 14.772299482655505], [67.78717415058571, 85.55943073865112, 34.4518397957841, 12.282171705885665, 52.93958537847683, 90.86206744311997, 75.43460939696378, 100.93269407678468, 93.47726739023823, 100.76807973107437, 60.863171200095735, 40.04232394866173, 28.580300900941246, 41.193264321826724, 0.0, 38.26087328349382, 27.86856403438768, 49.64451596062739, 20.46400297116109, 66.67689568350735, 87.7121639259853, 19.2403886264512, 46.53370568924208, 56.48023939181176, 62.22314588708254, 36.04565858157018, 66.83496126352624, 103.33534674828556, 51.46212157089198, 20.932130791024235, 73.10383838130878, 72.73651395035401, 50.020345328400104, 97.95156127984468, 95.72974327810122, 33.82472599912745, 98.19863454300757, 6.18885055700816, 104.41628101710984, 69.70470169081864, 52.63083551853711, 40.792235941005046, 63.860369636452475, 48.27138713485422], [44.62627627810258, 47.72482747945744, 16.394866409556144, 39.97297652121231, 14.685892313419453, 56.63272395527219, 40.7747456447395, 63.4540185612525, 62.06451113303871, 62.5182651596502, 57.346261849896244, 22.783408299571953, 14.728072428982134, 22.357212131935817, 38.26087328349382, 0.0, 33.33805178098689, 12.278459068869804, 29.665716408631443, 29.154668850855945, 52.683109608120645, 19.63040735246483, 39.88696825180846, 18.95045539403633, 56.167689177613866, 39.50463587399189, 46.142955612709116, 65.67393008085558, 46.469777275240126, 20.704430437554866, 38.97542593307014, 34.70369124307418, 23.651804559275572, 60.532054217872755, 57.671203212687864, 39.86617172535213, 72.29571911181102, 37.38091462628833, 67.63834512443417, 47.63850540565213, 20.972820739717314, 45.67014513343279, 45.61469491745741, 15.427341731321079], [76.1064453732118, 71.68274814311297, 41.748617049239805, 38.75095248822439, 44.62607786459967, 89.58598581229631, 73.80948957093473, 85.2238858298134, 95.39727056881037, 89.70969868357027, 33.51197243039453, 49.48477273284526, 18.718903880909178, 49.91508218677171, 27.86856403438768, 33.33805178098689, 0.0, 45.07568577788314, 39.395909044276586, 53.525286928239645, 68.7335148093565, 20.639432135858737, 18.75696524822272, 51.08185489515716, 34.52466101031294, 8.8499537043345, 40.786210260214254, 88.03004257496879, 23.640012639364738, 16.072833782477307, 54.362015311530975, 60.564296123041295, 29.773056255787182, 82.22642116157778, 82.243629250604, 54.75554285283215, 105.08458539767656, 32.55584253709516, 87.06937126966024, 78.8335143269534, 35.33635494357171, 14.85359103311221, 75.17564935902278, 48.50737916541293], [37.02755381752194, 38.58715992311925, 20.577820335240244, 49.649387953577815, 6.78822129567825, 44.545005316854926, 28.736732175836895, 54.60737569505056, 50.5849254595212, 51.489724298312034, 65.7766818667261, 23.393501010468608, 26.785921190472177, 22.291138312930457, 49.64451596062739, 12.278459068869804, 45.07568577788314, 0.0, 37.75085798684655, 21.720913625022643, 46.98922002594844, 31.64450150662244, 48.983334184387836, 6.8445665365092925, 64.04254359214112, 50.51520197219722, 49.94268347699667, 56.50619509761328, 55.326764217214766, 32.97879898317873, 35.12351435998328, 25.517390523645727, 28.459971703690165, 51.8283640280272, 47.81989776688822, 44.37074484801246, 62.29233184076607, 48.00412945889253, 59.63059874144604, 40.23865710306129, 22.890434513789582, 56.44857363527663, 40.05841972830338, 8.346270590149702], [47.941719422435426, 76.22174676426869, 18.051866832666263, 13.33265822572353, 43.02512741473925, 73.7834799265474, 59.143796062965656, 92.1988155841905, 75.02844483297285, 88.72916921189366, 72.31980299475099, 21.22340275203316, 28.743451269794846, 22.586334837974174, 20.46400297116109, 29.665716408631443, 39.395909044276586, 37.75085798684655, 0.0, 58.32647141407331, 82.34619134639334, 20.016617240752183, 55.54930355973493, 44.03681248910382, 72.68197467766794, 48.22979890060395, 70.63561239461572, 94.19246478794051, 61.67146626934627, 24.708899411572038, 68.55902136900363, 63.09352545649359, 49.71277652803537, 89.36074612014981, 85.56987928000889, 15.37675404756645, 78.26821630439052, 15.21266454689818, 96.85192251210731, 49.648345782382016, 49.442746538110086, 54.173694727501946, 43.524280924639335, 33.47403628079697], [52.29125200059809, 18.93089716548054, 42.06925144939129, 69.12618392811163, 15.447880591408659, 44.65101928516365, 32.32430149165876, 34.348884006642315, 54.309661047234805, 36.185351631897184, 62.80978992120434, 45.02819279275597, 39.16050264586726, 43.85858372936275, 66.67689568350735, 29.154668850855945, 53.525286928239645, 21.720913625022643, 58.32647141407331, 0.0, 25.36978779632843, 47.47028264956871, 49.32641607319054, 17.954257388508, 59.986607322334855, 55.763008393463316, 39.68291883554937, 36.67134849210911, 54.32843653617346, 46.86838269406773, 15.51245579247103, 7.127351295365576, 25.863361488668495, 31.404303267385895, 29.319903000646075, 66.05824126359911, 70.54977442921994, 66.38208180644844, 38.54722097382986, 55.48358365394614, 18.86106933816879, 60.40016770026872, 57.59065447293612, 29.239573082126732], [75.5528871512901, 17.74048284675797, 67.0094903057817, 92.05799884977078, 40.459344275529126, 59.01550278578954, 51.72962090224971, 19.667687545447844, 70.20477893847858, 33.859819102136555, 65.38270948475035, 70.36096576141053, 59.142437867737215, 69.21054785884226, 87.7121639259853, 52.683109608120645, 68.7335148093565, 46.98922002594844, 82.34619134639334, 25.36978779632843, 0.0, 68.69807822117909, 57.81533481508978, 43.191739396336544, 61.69354989887182, 67.88822716222589, 38.00731333244254, 22.755674455690638, 60.472871877954525, 66.88679428940908, 14.670489252750565, 24.265287695605156, 39.12510559453546, 17.28990591407582, 22.943906854433862, 91.14061634140066, 88.55048645771916, 88.49338570583487, 18.863273355224646, 78.60829513059386, 35.129862225813774, 70.68620658633495, 81.70766262319427, 54.608352425405954], [56.930936495458546, 66.37621016235511, 21.90177802459101, 24.43158259964533, 34.12702710027019, 74.97877365558068, 59.18220361986436, 81.6966805834506, 79.12830464077386, 81.99160343756223, 52.55959677878205, 29.414075626338303, 10.047108744243648, 30.030812277139326, 19.2403886264512, 19.63040735246483, 20.639432135858737, 31.64450150662244, 20.016617240752183, 47.47028264956871, 68.69807822117909, 0.0, 35.5708577370009, 38.45027528993849, 52.7582878407896, 29.187982754213802, 51.471783358975564, 84.11227290547649, 41.78219427258175, 4.792824860922004, 54.16596339733133, 53.636962285434755, 32.096215701145965, 78.71376586761771, 76.60816345082293, 34.97852399988481, 86.73432484418768, 19.94989841151348, 85.19884865673829, 59.448207212501096, 33.78955202050476, 35.423208898388886, 55.179392726508226, 32.09838016601238], [84.49233223600145, 65.04424377786756, 53.10827717093883, 56.93491258484836, 45.89783693145174, 91.19074702995376, 76.19528920678181, 76.27084382488192, 98.82680393724551, 84.24873753277714, 17.652899035544262, 60.7589899642521, 28.700430848404903, 60.78626369958007, 46.53370568924208, 39.88696825180846, 18.75696524822272, 48.983334184387836, 55.54930355973493, 49.32641607319054, 57.81533481508978, 35.5708577370009, 0.0, 53.36627550531707, 17.25798971247942, 12.327105637959788, 23.95677747752665, 79.28134047680233, 6.628114666945683, 30.841076412287844, 44.836963423908514, 56.341652853983874, 23.56277317998636, 73.40421866432298, 75.2577543706392, 70.5207670408441, 111.26656303766693, 50.90420888407473, 76.67422970983785, 87.52190098657898, 30.768523346054348, 13.021509919292907, 85.28645324505933, 54.92331649902531], [35.86711107647512, 32.95401398248533, 26.38229719838469, 56.22060712449373, 7.568119228994431, 38.60267767425584, 23.037169998784783, 48.946950661741035, 45.48667698311581, 44.84280895444507, 69.58008949997334, 27.8244670681246, 33.1517717541366, 26.537962316755372, 56.48023939181176, 18.95045539403633, 51.08185489515716, 6.8445665365092925, 44.03681248910382, 17.954257388508, 43.191739396336544, 38.45027528993849, 53.36627550531707, 0.0, 67.54449719887914, 55.995747146641634, 51.43654078805427, 50.66873645390749, 59.489330044170316, 39.632290691812464, 32.8160231749584, 20.206017503874588, 31.360505320352445, 46.26719885184273, 41.70336293829019, 49.462449389313235, 58.600704418703245, 54.75550291053475, 54.36481614834487, 39.1153773050106, 24.855832560338445, 61.73826855695467, 40.256410752549435, 11.773111493855891], [100.45321984465302, 72.76217549136504, 70.12453576421832, 73.26993548986515, 59.97715378087456, 103.90912921091773, 89.67797674384695, 81.24450492384683, 112.43117261563481, 92.16527605257224, 3.9535347681720756, 77.69822012596634, 45.88120808136661, 77.65038465936752, 62.22314588708254, 56.167689177613866, 34.52466101031294, 64.04254359214112, 72.68197467766794, 59.986607322334855, 61.69354989887182, 52.7582878407896, 17.25798971247942, 67.54449719887914, 0.0, 26.20345840080154, 23.687980856789054, 84.33749252319903, 11.033893948491214, 48.0003347632791, 51.4024714901336, 66.50414522151173, 36.23605291241354, 78.64037045820598, 82.17602017197815, 87.73218393180562, 126.08873017543071, 67.07879264409972, 80.07836303001947, 103.55667472359569, 43.157257154517076, 22.488300156619314, 101.77671477851553, 70.69675367749521], [83.3846084694934, 73.01116528969813, 49.65458616593891, 47.32780403620974, 49.02043567578213, 94.5772581939651, 79.00369028324724, 85.50746740942203, 101.10006309904881, 91.70958134719851, 24.873787178335114, 57.43451596327547, 25.5901604338732, 57.757870116346126, 36.04565858157018, 39.50463587399189, 8.8499537043345, 50.51520197219722, 48.22979890060395, 55.763008393463316, 67.88822716222589, 29.187982754213802, 12.327105637959788, 55.995747146641634, 26.20345840080154, 0.0, 36.11278091837429, 88.43169987800866, 15.689901383082585, 24.485268663254136, 54.09458653706611, 62.8899876556563, 30.368959089804694, 82.55993348471674, 83.48201951125164, 63.57970306049626, 111.77515196449174, 41.06187991127009, 86.61044310306431, 86.21461942951551, 36.952199586546875, 6.367319866565916, 82.94797719434548, 54.920130594140915], [86.84462622200566, 49.88976715494233, 62.296281574586885, 75.45756644680624, 44.28732289580261, 84.33242182489217, 71.4440178805504, 57.582928724567346, 93.85005861888646, 69.14569262062017, 27.411766676251222, 68.91922497253589, 41.932576774636445, 68.43440970870024, 66.83496126352624, 46.142955612709116, 40.786210260214254, 49.94268347699667, 70.63561239461572, 39.68291883554937, 38.00731333244254, 51.471783358975564, 23.95677747752665, 51.43654078805427, 23.687980856789054, 36.11278091837429, 0.0, 60.67685117087832, 24.160850615761497, 47.51555396877248, 28.53880093346176, 45.40373593070418, 22.498678700284458, 55.010813266946585, 58.884955447169, 84.07516449274438, 109.27698140283503, 70.06206234135104, 56.43332758201514, 90.07898917320578, 27.052447111135276, 36.60018526939892, 89.89626050869246, 57.85812167450777], [74.95157436508552, 17.99276938032435, 76.96735474649478, 105.54755338342402, 51.31341346494353, 49.42687744817453, 48.55978714679691, 3.094098756767685, 60.70841253971423, 16.49546818926807, 87.97694240029631, 78.186036509608, 75.51028743095613, 76.81564973664429, 103.33534674828556, 65.67393008085558, 88.03004257496879, 56.50619509761328, 94.19246478794051, 36.67134849210911, 22.755674455690638, 84.11227290547649, 79.28134047680233, 50.66873645390749, 84.33749252319903, 88.43169987800866, 60.67685117087832, 0.0, 82.50759621783516, 83.29549948308288, 34.47128670939588, 31.12275979305124, 58.386453329994346, 5.882372873261346, 9.73715480253737, 100.0042571211109, 79.82457636032325, 103.01101034141635, 8.625064868660859, 77.54818977823395, 52.82341767477701, 91.86599137215454, 82.51699940436706, 62.27773196245085], [91.05154766119463, 69.13449625230955, 59.715256005619324, 62.333788435399384, 51.9694326587023, 96.97797807051076, 82.17478956145649, 79.45294430255088, 104.8688437300113, 88.49239577159206, 11.038929188797216, 67.37652634754147, 35.261595467042014, 67.4106895284874, 51.46212157089198, 46.469777275240126, 23.640012639364738, 55.326764217214766, 61.67146626934627, 54.32843653617346, 60.472871877954525, 41.78219427258175, 6.628114666945683, 59.489330044170316, 11.033893948491214, 15.689901383082585, 24.160850615761497, 82.50759621783516, 0.0, 37.01180302811426, 48.338972523575784, 61.220337484601274, 28.976142748930762, 76.66508408010964, 79.12187788831143, 76.76062992251092, 117.6172751660082, 56.1793950606586, 79.29250358878825, 94.09294490527716, 36.1908551332079, 13.436167487610783, 91.906752497268, 61.43334221964513], [60.63986850149856, 65.78843874781526, 25.860938807106955, 27.967285174684275, 34.54500182366951, 77.06698787094342, 61.20876742900472, 80.77338435346837, 81.77652779365921, 82.12154789975574, 47.771012105681535, 33.5317154281594, 7.8158796454994555, 34.03855328439072, 20.932130791024235, 20.704430437554866, 16.072833782477307, 32.97879898317873, 24.708899411572038, 46.86838269406773, 66.88679428940908, 4.792824860922004, 30.841076412287844, 39.632290691812464, 48.0003347632791, 24.485268663254136, 47.51555396877248, 83.29549948308288, 37.01180302811426, 0.0, 52.24626516075228, 53.346357294021026, 29.177211885347436, 77.77018315235478, 76.17319482545258, 39.75268479990272, 90.14463039890401, 22.864782288783072, 83.90509847279552, 63.25579789290299, 31.763323625183354, 30.761057987984483, 59.2851339752849, 34.54357992250532], [67.7848093856304, 21.399624430399534, 54.13893070194437, 77.77715304612389, 28.34326512464263, 57.88603735129084, 47.12239767952872, 31.489625898721005, 68.26918134867769, 40.76881273052538, 54.78236932327338, 58.33744555845462, 44.524244418980544, 57.321905726568374, 73.10383838130878, 38.97542593307014, 54.362015311530975, 35.12351435998328, 68.55902136900363, 15.51245579247103, 14.670489252750565, 54.16596339733133, 44.836963423908514, 32.8160231749584, 51.4024714901336, 54.09458653706611, 28.53880093346176, 34.47128670939588, 48.338972523575784, 52.24626516075228, 0.0, 18.65321505031522, 24.62070995434532, 28.589338875849418, 30.88646382539771, 78.28684252587631, 85.3011845264989, 74.03004966615805, 32.71328554673983, 70.98378120548529, 20.48301150734226, 57.397184661366346, 72.91238600116213, 43.271763482355965], [51.336944405345285, 13.133331239483955, 46.08185728084155, 74.45677073435793, 20.204834507688084, 39.35897529035997, 28.719715992753414, 29.114496597598002, 49.62135706341656, 29.168911987984668, 69.44247898409509, 48.02924316722011, 45.733987179728764, 46.743090548548274, 72.73651395035401, 34.70369124307418, 60.564296123041295, 25.517390523645727, 63.09352545649359, 7.127351295365576, 24.265287695605156, 53.636962285434755, 56.341652853983874, 20.206017503874588, 66.50414522151173, 62.8899876556563, 45.40373593070418, 31.12275979305124, 61.220337484601274, 53.346357294021026, 18.65321505031522, 0.0, 32.94403225344302, 26.313519100809348, 22.996246340964003, 69.59837534983329, 66.75174061048328, 72.08447556359167, 34.200535656547004, 54.421485543506634, 25.98232086939015, 67.51432180008902, 57.45042096949763, 31.978391032479728], [65.44941480929099, 42.64245680500765, 39.88578941478163, 56.510369107784555, 23.80784303340632, 68.06055365772679, 53.50510086190439, 55.53552973014896, 76.25671224880287, 61.42560402740705, 38.45837587414445, 46.42172635270756, 22.049276744203176, 45.938133939147846, 50.020345328400104, 23.651804559275572, 29.773056255787182, 28.459971703690165, 49.71277652803537, 25.863361488668495, 39.12510559453546, 32.096215701145965, 23.56277317998636, 31.360505320352445, 36.23605291241354, 30.368959089804694, 22.498678700284458, 58.386453329994346, 28.976142748930762, 29.177211885347436, 24.62070995434532, 32.94403225344302, 0.0, 52.5507762893136, 53.123497851857984, 62.28475786590982, 89.9579714863509, 51.90034987257793, 57.30728098707835, 68.64302297230398, 7.225679551562375, 34.632057709328464, 67.8918106059099, 35.92401337856617], [72.56929275036595, 13.313882447152007, 72.3809954148621, 100.48160695560613, 46.35993746684563, 49.22816492897041, 46.48315342526377, 3.0140581699899447, 60.62955102896048, 18.41286284761736, 82.2531256813631, 73.99699404387152, 69.9695672949225, 72.65958873321107, 97.95156127984468, 60.532054217872755, 82.22642116157778, 51.8283640280272, 89.36074612014981, 31.404303267385895, 17.28990591407582, 78.71376586761771, 73.40421866432298, 46.26719885184273, 78.64037045820598, 82.55993348471674, 55.010813266946585, 5.882372873261346, 76.66508408010964, 77.77018315235478, 28.589338875849418, 26.313519100809348, 52.5507762893136, 0.0, 8.494937068802447, 95.72481904305089, 79.67338102787753, 97.78320607599822, 8.786205363286811, 75.299773284805, 47.076293624613605, 85.98362525532598, 79.85481826885264, 57.9887156150442], [65.24196584280038, 10.562758150549154, 68.0837048555954, 97.26371236955667, 43.07571394036708, 40.77852600681255, 38.88991000150844, 9.446251451766846, 52.17009773890728, 10.922604546010339, 85.62106688645117, 68.93083272430273, 68.47944891488973, 67.53848447619878, 95.72974327810122, 57.671203212687864, 82.243629250604, 47.81989776688822, 85.56987928000889, 29.319903000646075, 22.943906854433862, 76.60816345082293, 75.2577543706392, 41.70336293829019, 82.17602017197815, 83.48201951125164, 58.884955447169, 9.73715480253737, 79.12187788831143, 76.17319482545258, 30.88646382539771, 22.996246340964003, 53.123497851857984, 8.494937068802447, 0.0, 90.78558533236765, 71.23455375733057, 95.04225279306208, 16.764818286566594, 67.86208109304269, 46.927763940535485, 87.4205614220952, 72.78242733745041, 53.14728681939543], [41.3255639733816, 82.41096017871754, 24.16969227712037, 22.921171679505, 50.70364531674646, 71.79830756889446, 58.97977153139486, 98.37975490306867, 70.6849066089014, 92.18016597473667, 87.507475682917, 21.862704425210918, 42.79021358191803, 23.276199833228198, 33.82472599912745, 39.86617172535213, 54.75554285283215, 44.37074484801246, 15.37675404756645, 66.05824126359911, 91.14061634140066, 34.97852399988481, 70.5207670408441, 49.462449389313235, 87.73218393180562, 63.57970306049626, 84.07516449274438, 100.0042571211109, 76.76062992251092, 39.75268479990272, 78.28684252587631, 69.59837534983329, 62.28475786590982, 95.72481904305089, 90.78558533236765, 0.0, 70.27711449020298, 27.75966314044411, 103.7975570727671, 42.12694368411918, 60.761797805884584, 69.54722544593484, 34.8495727105618, 37.744793752814736], [30.41219483379576, 71.11500450799058, 65.12054041301144, 90.87493992639449, 66.1507297120236, 30.459153472739395, 38.24121075376359, 80.5160563060479, 19.11622247514896, 63.874024570403876, 127.99034279261232, 58.39035309026704, 86.43637058848739, 57.40428656988199, 98.19863454300757, 72.29571911181102, 105.08458539767656, 62.29233184076607, 78.26821630439052, 70.54977442921994, 88.55048645771916, 86.73432484418768, 111.26656303766693, 58.600704418703245, 126.08873017543071, 111.77515196449174, 109.27698140283503, 79.82457636032325, 117.6172751660082, 90.14463039890401, 85.3011845264989, 66.75174061048328, 89.9579714863509, 79.67338102787753, 71.23455375733057, 70.27711449020298, 0.0, 93.44882002736294, 87.88886129771579, 28.645497065995713, 83.37788649165911, 117.96518289408682, 35.45630299946878, 56.8684089017619], [63.08680406034888, 85.09037631398637, 31.011726274281866, 6.349858047378692, 51.98398189201619, 87.61759672869134, 72.46728786567803, 100.73090483130504, 89.6069750507913, 99.46529381448495, 65.93530910273755, 35.80521143667981, 29.9227197078117, 37.05836849154443, 6.18885055700816, 37.38091462628833, 32.55584253709516, 48.00412945889253, 15.21266454689818, 66.38208180644844, 88.49338570583487, 19.94989841151348, 50.90420888407473, 54.75550291053475, 67.07879264409972, 41.06187991127009, 70.06206234135104, 103.01101034141635, 56.1793950606586, 22.864782288783072, 74.03004966615805, 72.08447556359167, 51.90034987257793, 97.78320607599822, 95.04225279306208, 27.75966314044411, 93.44882002736294, 0.0, 104.59977289738192, 64.84555295154279, 53.717076916397986, 46.14229970463165, 58.72270119049158, 45.644346684842894], [81.35511401649507, 21.62347434744464, 80.20687585464097, 107.5944390005062, 53.85125726994753, 57.43392338954662, 55.252237994366176, 7.373379623751583, 68.79091556037798, 25.055708296760454, 83.84153976908364, 82.17708737508258, 76.09070918505884, 80.86691898580777, 104.41628101710984, 67.63834512443417, 87.06937126966024, 59.63059874144604, 96.85192251210731, 38.54722097382986, 18.863273355224646, 85.19884865673829, 76.67422970983785, 54.36481614834487, 80.07836303001947, 86.61044310306431, 56.43332758201514, 8.625064868660859, 79.29250358878825, 83.90509847279552, 32.71328554673983, 34.200535656547004, 57.30728098707835, 8.786205363286811, 16.764818286566594, 103.7975570727671, 87.88886129771579, 104.59977289738192, 0.0, 84.08521572256065, 52.52775960111036, 89.52637855568656, 88.62338622496553, 66.13134558731404], [3.24923139846018, 63.502316695827126, 37.552668347912636, 62.23604886364611, 45.85154199424132, 34.85477127635261, 28.99413722211405, 77.1206203768179, 30.09955491791586, 64.55192939100765, 104.91607633089225, 30.319279744819205, 60.625798003312255, 29.505499838302626, 69.70470169081864, 47.63850540565213, 78.8335143269534, 40.23865710306129, 49.648345782382016, 55.48358365394614, 78.60829513059386, 59.448207212501096, 87.52190098657898, 39.1153773050106, 103.55667472359569, 86.21461942951551, 90.07898917320578, 77.54818977823395, 94.09294490527716, 63.25579789290299, 70.98378120548529, 54.421485543506634, 68.64302297230398, 75.299773284805, 67.86208109304269, 42.12694368411918, 28.645497065995713, 64.84555295154279, 84.08521572256065, 0.0, 63.05773139608468, 92.54524999807965, 7.738189661445838, 32.89796278733016], [59.82965290991934, 36.37431761777419, 37.30134878970109, 57.72839329238287, 17.441029715591746, 60.911247454592086, 46.52269161198257, 50.08700112857931, 69.27461677079084, 54.78116608781897, 45.52205141854829, 43.08652515270634, 24.05126498283973, 42.40804677459495, 52.63083551853711, 20.972820739717314, 35.33635494357171, 22.890434513789582, 49.442746538110086, 18.86106933816879, 35.129862225813774, 33.78955202050476, 30.768523346054348, 24.855832560338445, 43.157257154517076, 36.952199586546875, 27.052447111135276, 52.82341767477701, 36.1908551332079, 31.763323625183354, 20.48301150734226, 25.98232086939015, 7.225679551562375, 47.076293624613605, 46.927763940535485, 60.761797805884584, 83.37788649165911, 53.717076916397986, 52.52775960111036, 63.05773139608468, 0.0, 41.54251562948936, 62.884415647572304, 30.873845657766044], [89.70190612477819, 77.0559321021617, 56.02078932801872, 52.471211686760796, 54.61859611481689, 100.2451333837583, 84.77400775836308, 88.88581176033273, 107.01106266337514, 96.0247712708302, 20.41602437416657, 63.80013658638641, 31.920872561778182, 64.12518838118822, 40.792235941005046, 45.67014513343279, 14.85359103311221, 56.44857363527663, 54.173694727501946, 60.40016770026872, 70.68620658633495, 35.423208898388886, 13.021509919292907, 61.73826855695467, 22.488300156619314, 6.367319866565916, 36.60018526939892, 91.86599137215454, 13.436167487610783, 30.761057987984483, 57.397184661366346, 67.51432180008902, 34.632057709328464, 85.98362525532598, 87.4205614220952, 69.54722544593484, 117.96518289408682, 46.14229970463165, 89.52637855568656, 92.54524999807965, 41.54251562948936, 0.0, 89.3129266637049, 61.09704334191656], [8.474275622301796, 67.54912443897673, 33.436810336413245, 55.6943629429245, 46.264603504645166, 42.01934364467618, 34.366576099812086, 81.8591903634901, 37.80333141654959, 70.32624741456395, 102.8632040393437, 25.77105890256071, 57.51260027508996, 25.262269525295043, 63.860369636452475, 45.61469491745741, 75.17564935902278, 40.05841972830338, 43.524280924639335, 57.59065447293612, 81.70766262319427, 55.179392726508226, 85.28645324505933, 40.256410752549435, 101.77671477851553, 82.94797719434548, 89.89626050869246, 82.51699940436706, 91.906752497268, 59.2851339752849, 72.91238600116213, 57.45042096949763, 67.8918106059099, 79.85481826885264, 72.78242733745041, 34.8495727105618, 35.45630299946878, 58.72270119049158, 88.62338622496553, 7.738189661445838, 62.884415647572304, 89.3129266637049, 0.0, 32.04107674867829], [29.766237636297745, 44.67620865382826, 15.435857043848607, 46.25634064880795, 15.060342522380896, 42.95071071936723, 27.26566336242651, 60.635083405705565, 47.238677961363415, 55.41336241081248, 72.15397568230782, 16.051357906691287, 29.788519476555948, 14.772299482655505, 48.27138713485422, 15.427341731321079, 48.50737916541293, 8.346270590149702, 33.47403628079697, 29.239573082126732, 54.608352425405954, 32.09838016601238, 54.92331649902531, 11.773111493855891, 70.69675367749521, 54.920130594140915, 57.85812167450777, 62.27773196245085, 61.43334221964513, 34.54357992250532, 43.271763482355965, 31.978391032479728, 35.92401337856617, 57.9887156150442, 53.14728681939543, 37.744793752814736, 56.8684089017619, 45.644346684842894, 66.13134558731404, 32.89796278733016, 30.873845657766044, 61.09704334191656, 32.04107674867829, 0.0]]",Route_2,2324.3052420817585
