instance_id,num_cities,city_coordinates,distance_matrix,best_route,total_distance
873,56,"[[93.37290841546859, 62.74944067498909], [21.659822334378998, 77.42905028040867], [61.01778621956837, 6.542661327549604], [62.96698186734775, 25.16994086130643], [76.12937522530096, 34.46049646712447], [74.58854435048018, 36.445509686171505], [75.32174554871715, 37.525504764474995], [72.58223566259315, 95.60012625512935], [11.463746580774837, 41.08591582719353], [75.44755566492232, 74.54833007857779], [39.461303807351115, 42.447863053982225], [13.793760636684006, 47.42206965963799], [50.5608552824765, 75.3742338753634], [72.6587837942232, 32.231499927689896], [36.48745914378516, 29.451741711706113], [63.83126705403498, 2.020861219732484], [54.58108560264135, 54.02691742308131], [84.61854880309312, 66.5524484918844], [22.77302898035708, 57.645654471703914], [63.246596113722, 65.4859470739334], [35.19722888492897, 91.37541916387022], [60.72871388657205, 0.6915728484354289], [1.2640808517350055, 37.763696971733275], [74.62625260559676, 14.940919287105025], [31.9039759374518, 90.71100883916304], [88.39110327847055, 30.046745818767974], [34.21404103910337, 20.525831142731988], [71.94474502781641, 43.74690213347684], [87.4195667714176, 61.262297265562296], [55.34084655046112, 13.309538469507498], [9.657197016587027, 37.9602948536107], [6.092422276745446, 76.7134560665239], [45.32536294188609, 28.9240806262817], [3.991581417986323, 78.24719680953159], [17.146235088494166, 88.8111804786563], [6.1490503281981574, 74.49548638184741], [7.367506434754301, 27.086746169576458], [1.097334293534813, 44.620061068598574], [64.19229340361095, 53.582558734639306], [33.29374765479106, 87.72926194230507], [44.076182529926314, 51.41220003548841], [46.36898436257149, 95.54677215498893], [95.10890223087198, 89.11895100759068], [17.512096799280286, 99.11457100334984], [73.01496369122971, 55.43604419344241], [65.2550855870752, 56.87305050784435], [15.782440960980137, 94.92668015795425], [24.456791369012677, 93.96616579648169], [5.42212624297288, 68.35272780605841], [84.92604084917876, 84.50573898361029], [1.1753369509760803, 14.99270768545986], [60.355509537029384, 16.207631315100535], [30.514702971162922, 34.85053057755629], [98.95840930710608, 38.26343580267946], [32.509426034573465, 40.341257014264734], [83.6002691623886, 27.125996778126392]]","[[0.0, 73.20012058351607, 64.85411303011848, 48.3398301144749, 33.13010415431997, 32.32257908630599, 31.017598612073574, 38.87698054893657, 84.72555164348655, 21.460010773287937, 57.607422831817075, 81.0417735704239, 44.63470955225714, 36.883867290187304, 65.91427079996171, 67.53272493377547, 39.76038139935098, 9.544720041895289, 70.78411975762025, 30.250341488549033, 64.83715241499993, 70.12005701379914, 95.43753718307275, 51.35262234150822, 67.52983751044225, 33.07997329627294, 72.6815299177644, 28.640227952821462, 6.136275112068653, 62.37580989286903, 87.3087743905181, 88.39048018008988, 58.75986392479707, 90.71494949034917, 80.55879845238088, 88.01119820440974, 93.1061595666508, 94.03965112889935, 30.586598650038916, 65.06532892604467, 50.58359623783425, 57.31521463433167, 26.426591715699946, 84.12660365702084, 21.6317285830667, 28.72531848396873, 83.99794866870336, 75.65656029764794, 88.12909231024109, 23.338510830302617, 103.83206503668985, 57.06389968439038, 68.7713834112938, 25.114980685185767, 64.85746049994776, 36.93960250251434], [73.20012058351607, 0.0, 81.07977219975332, 66.61303135243007, 69.37743731892989, 66.9410204127275, 66.8722285242814, 54.067367064140946, 37.74630290051872, 53.86481974089282, 39.25017455251467, 31.0208609262743, 28.97398791891549, 68.14479164154237, 50.21634147215582, 86.3992229545711, 40.3914520344372, 63.8913273068301, 19.81469098322068, 43.26774165096638, 19.4361153821554, 86.11050301641272, 44.60186681887757, 81.91586690447735, 16.773583582521, 81.84220569201989, 58.27164623997254, 60.5232232624539, 67.71785504184014, 72.4273649052111, 41.253432214298186, 15.58383841142337, 53.97026860590325, 17.687173341797955, 12.244401074616704, 15.785748172787539, 52.33180559623544, 38.72009410539354, 48.761319242792254, 15.538422656138284, 34.341952493752096, 30.639754144903215, 74.37352429899218, 22.078619434639034, 55.86629449429641, 48.19850728727549, 18.458349415371664, 16.771977384096445, 18.60221502980925, 63.66077228689904, 65.71081355497485, 72.4252604290185, 43.48953036281122, 86.65458386835843, 38.642183036204166, 79.7935846099607], [64.85411303011848, 81.07977219975332, 0.0, 18.728985730734006, 31.745324713391412, 32.83817620097751, 34.12535479562042, 89.80516995277817, 60.40562288355523, 69.51970388688837, 41.87917674697119, 62.45986405552396, 69.62135293161188, 28.203355352815336, 33.56431007026135, 5.325631476263247, 47.9185318199336, 64.48387821799076, 63.82928297088796, 58.985409451186555, 88.67523883918902, 5.858224919216278, 67.4185313684689, 15.991281816505536, 89.06135341425482, 36.07964072129207, 30.23193334504971, 38.775687779104196, 60.756008538223234, 8.832795155613864, 60.20778869594267, 89.11080764167058, 27.334594896423877, 91.61620185730682, 93.23530576966252, 87.33936461399831, 57.44921185695438, 70.99541485236729, 47.146892198013035, 85.78978047367339, 47.961374453200484, 90.20154732613325, 89.33671030555254, 102.28540205209677, 50.34376977697756, 50.50844267020915, 99.28731663851634, 94.76062198029173, 83.13460005503666, 81.54658862907286, 60.436098632480196, 9.687634141754895, 41.614583370912506, 49.454003008580095, 44.216192405401, 30.55555979087501], [48.3398301144749, 66.61303135243007, 18.728985730734006, 0.0, 16.110959697494373, 16.192565172745805, 17.47284020952994, 71.08350104036273, 53.90641431313007, 50.93122857352889, 29.172649800050145, 53.97372436896806, 51.71443719002595, 11.991523716267636, 26.823477444025617, 23.16520833353027, 30.05076292624268, 46.70441401589262, 51.67422784315391, 40.316975842234896, 71.79362463322076, 24.580487060416683, 62.97500048996759, 15.510366743351605, 72.52959347107064, 25.88762592669777, 29.125579159060166, 20.632588821405506, 43.59572340611605, 14.100605829781047, 54.822680672171174, 76.75577820812879, 18.036637261035537, 79.34288220852544, 78.42033037041328, 75.2415230128049, 55.63250678307939, 64.854918602878, 28.439026755093685, 69.23994138319823, 32.33447797895708, 72.30761995881214, 71.57219392574675, 86.79835772291327, 31.890420970012222, 31.785571882422314, 84.21629045407526, 78.84133013559124, 71.94555925938717, 63.26876962750525, 62.624144358118876, 9.335029733966127, 33.86538384265156, 38.2991182526589, 34.02692376809247, 20.72579791828099], [33.13010415431997, 69.37743731892989, 31.745324713391412, 16.110959697494373, 0.0, 2.5128544057689552, 3.16962798405845, 61.242440592220206, 65.00415148041343, 40.093631434087904, 37.52792941936342, 63.66891883615961, 48.24606844891034, 4.124733985880995, 39.95709117057781, 34.69255539126508, 29.10624700451308, 33.195774622583784, 58.17603661566892, 33.59381763052952, 70.10527105436633, 37.11496426018856, 74.93813071604025, 19.577366291117976, 71.55421779522541, 13.031928853234028, 44.17091959245869, 10.185698802230553, 29.082725993055504, 29.65680273869042, 66.56424764509154, 81.7953994624799, 31.297588934604995, 84.38682611795753, 80.20603264667547, 80.62286456195932, 69.15610452461115, 75.71673473729408, 22.542120303565873, 68.35533896199492, 36.25972167345609, 67.95008419212012, 57.859909247313986, 87.27046856875133, 21.205498381848933, 24.911297713371194, 85.4278165777133, 78.80977480439815, 78.41044830748484, 50.81247508862556, 77.44096237571216, 24.124301544492457, 45.61633974202371, 23.143619956656114, 44.01458067520864, 10.46943847143321], [32.32257908630599, 66.9410204127275, 32.83817620097751, 16.192565172745805, 2.5128544057689552, 0.0, 1.3053633081467737, 59.18863012413375, 63.29512984914267, 38.11250217834447, 35.636375715368686, 61.777751623528374, 45.74686228526321, 4.634852106493095, 38.73764944351286, 36.06626452615405, 26.634644798794373, 31.73371635296403, 55.984763748711124, 31.17670273582216, 67.59416165124581, 38.34630229741972, 73.33631136823443, 21.50462345971503, 69.04141350616906, 15.21363901213105, 43.39973136514586, 7.765307883663387, 27.93757473595738, 30.095631489290334, 64.94901416263504, 79.4558131594593, 30.21432907173749, 82.04457460217098, 77.72890305990776, 78.30558772250839, 67.86939216632933, 73.94444702570983, 20.043963775657513, 65.84286961856068, 33.98537985488361, 65.49276900024326, 56.52943046042784, 84.76515859385346, 19.055617464753386, 22.458803986617177, 82.93494496053084, 76.30084230436411, 76.1712804275506, 49.15942914622787, 76.48347360289242, 24.741685491557856, 44.10269212061932, 24.43757707648745, 42.25907057057007, 12.963969489658071], [31.017598612073574, 66.8722285242814, 34.12535479562042, 17.47284020952994, 3.16962798405845, 1.3053633081467737, 0.0, 58.13919999190687, 63.957177541893216, 37.02303907601198, 36.196697266687025, 62.318816773584125, 45.22861906012854, 5.926031768207247, 39.664687700932944, 37.31770101809568, 26.50418070283187, 30.479403092986715, 56.26889049219954, 30.456453634952567, 67.15497091299206, 39.61937800480729, 74.0580477456585, 22.595291802022846, 68.65712316792465, 15.057886532852407, 44.484067634328426, 7.078835902970692, 26.641933048787884, 31.395052928407534, 65.66598797208553, 79.55120821173566, 31.20524742251679, 82.13554965987275, 77.55392027981358, 78.43239958626579, 68.75133667471641, 74.56269814948233, 19.53698255235384, 65.47342851678366, 34.19247744623392, 64.84388830031322, 55.257716789652214, 84.46992700783977, 18.058479038242112, 21.80974940422504, 82.70322682546485, 75.97889036721524, 76.39551334694667, 47.951901896622196, 77.49462466614858, 26.046879827746817, 44.88681935097918, 23.648179968959184, 42.90481514834114, 13.292242834835822], [38.87698054893657, 54.067367064140946, 89.80516995277817, 71.08350104036273, 61.242440592220206, 59.18863012413375, 58.13919999190687, 0.0, 81.89791722764144, 21.24589797995883, 62.62714435740788, 76.0079596699603, 29.900299603911343, 63.368672561788046, 75.35543556802847, 93.98754330310491, 45.30312457296936, 31.442652837403642, 62.62187316483393, 31.52805026549569, 37.62295684516213, 95.64590680340628, 91.82228355839777, 80.68510193321858, 40.971017602363276, 67.43267740443548, 84.31054587232443, 51.857142672150324, 37.40632158004369, 84.07738302670393, 85.33411189317471, 69.12019672207255, 72.03216067294524, 70.75169263026217, 55.850156171736835, 69.7049061247126, 94.58881624699495, 87.80124241812825, 42.847019866590436, 40.0691376868794, 52.58486368523604, 26.213305598075358, 23.440485047620474, 55.182166651127936, 40.166413101056094, 39.41412848415037, 56.80378691417664, 48.15317450838461, 72.47689990264347, 16.596835704881283, 107.68705173825235, 80.32845750138644, 73.89310307283864, 63.11258676496755, 68.25959786918233, 69.35490948617827], [84.72555164348655, 37.74630290051872, 60.40562288355523, 53.90641431313007, 65.00415148041343, 63.29512984914267, 63.957177541893216, 81.89791722764144, 0.0, 72.20568531942536, 28.03066376138765, 6.75098591978497, 52.002621697421446, 61.83229949206735, 27.59601778854402, 65.33326635031524, 45.01749045239353, 77.46076022185859, 20.053049951765225, 57.243558856815746, 55.608563442434054, 63.70824081958952, 10.727083439021312, 68.35980552500793, 53.66985031281701, 77.71538768461129, 30.664197041058877, 60.53950793715846, 78.58990386035478, 51.9300206129982, 3.6101423515379647, 36.03016442210834, 35.97942881760653, 37.9050663693954, 48.062371577904095, 33.829652686711825, 14.586155574263456, 10.952291371963533, 54.18916620510261, 51.49903575510555, 34.20823181761939, 64.68663305939285, 96.4556091286051, 58.343014679727915, 63.20188693311437, 56.06016208963133, 54.013692938644105, 54.453099541564704, 27.928125819626917, 85.3345751856308, 28.04829556030762, 54.85739262155312, 20.045422634603202, 87.54017591416662, 21.058849456219452, 73.47487482142571], [21.460010773287937, 53.86481974089282, 69.51970388688837, 50.93122857352889, 40.093631434087904, 38.11250217834447, 37.02303907601198, 21.24589797995883, 72.20568531942536, 0.0, 48.222923034109975, 67.35743793895492, 24.900401061171156, 42.40862368158035, 59.59522970227894, 73.45183387882298, 29.26666961301267, 12.167219792902497, 55.32003438280009, 15.198361743717438, 43.6261358932993, 75.3091288745813, 82.80276063129755, 59.613068701239, 46.44648017019648, 46.34572716504881, 67.96052618742064, 30.999962029277846, 17.884286897793015, 64.45517317603526, 75.27984864955573, 69.38892056975297, 54.671003580774666, 71.55164477964246, 60.02060381644344, 69.29852548474803, 82.99093354296767, 80.14771802059002, 23.795892431619624, 44.16650874306489, 38.980040607288906, 35.86778329674549, 24.471852055849162, 62.9286706291055, 19.26647283406121, 20.40347897274864, 63.04921145099437, 54.56290303354943, 70.29897761168131, 13.747424249298096, 95.20102221785183, 60.26115654828776, 59.95728926846497, 43.23602423439631, 54.89814954786631, 48.118026071638376], [57.607422831817075, 39.25017455251467, 41.87917674697119, 29.172649800050145, 37.52792941936342, 35.636375715368686, 36.196697266687025, 62.62714435740788, 28.03066376138765, 48.222923034109975, 0.0, 26.14508565244737, 34.74688386627008, 34.73394237639946, 13.332026178574072, 47.20421152769268, 19.044219637983137, 51.18796552646523, 22.57147271840847, 33.11334240770381, 49.11301336540314, 46.8603297385709, 38.48336333283693, 44.64533099191205, 48.85124814797237, 50.47685593383851, 22.541278794179195, 32.5094056551866, 51.51677320283585, 33.1843613366366, 30.140057232000338, 47.82899872571808, 14.740416570948888, 50.39537184821461, 51.45405226557374, 46.22506238853623, 35.58055285868501, 38.42541608195973, 27.122007564174808, 45.699494900692144, 10.082481993144185, 53.546336927654934, 72.62813271094679, 60.76909969797206, 35.97972958367576, 29.553429776915696, 57.57355981984608, 53.65883814414994, 42.77531562808894, 61.93470143622655, 47.11263964624727, 33.54277261623336, 11.73716862277438, 59.64406922964276, 7.264048015687544, 46.722669538334465], [81.0417735704239, 31.0208609262743, 62.45986405552396, 53.97372436896806, 63.66891883615961, 61.777751623528374, 62.318816773584125, 76.0079596699603, 6.75098591978497, 67.35743793895492, 26.14508565244737, 0.0, 46.18595818033381, 60.793456556761136, 28.94713523800631, 67.56494487728223, 41.318638552799264, 73.362947140106, 13.60694478555691, 52.64870942347665, 48.88768132868261, 66.23163269005974, 15.82014660146433, 68.96098323451409, 46.92453679610256, 76.5941604026783, 33.769742345356, 58.26700474542238, 74.91536043544852, 53.7570937842105, 10.326487353552642, 30.28689370291648, 36.55704504212006, 32.34611539648271, 41.52466230252834, 28.132036696888456, 21.326559134404864, 13.00194193308336, 50.77365193387432, 44.77632458585944, 30.544168283595564, 58.11309827446528, 91.38261413763605, 51.826062159764, 59.76097956908169, 52.32197439549581, 47.54621823056995, 47.74990167104362, 22.542775181070375, 80.21845061305159, 34.79781795406581, 56.05655734901801, 20.91969185827738, 85.65569424902382, 20.010348297934115, 72.6971746834834], [44.63470955225714, 28.97398791891549, 69.62135293161188, 51.71443719002595, 48.24606844891034, 45.74686228526321, 45.22861906012854, 29.900299603911343, 52.002621697421446, 24.900401061171156, 34.74688386627008, 46.18595818033381, 0.0, 48.472816474700615, 48.03057115418988, 74.54408835409137, 21.722572857307824, 35.18167684031582, 32.96158094310131, 16.08434755608271, 22.182852537952517, 75.37164723326609, 62.005842107455756, 65.04866532407138, 24.15151782362841, 59.039891911818515, 57.23255732734888, 38.17798912661848, 39.46785232951045, 62.248491807783424, 55.43385330875076, 44.48859460651109, 46.7442736269541, 46.65780946730132, 36.01511317110966, 44.42049770606159, 64.78693428167095, 58.244819972696526, 25.70395321130915, 21.23204475223687, 24.823981277204126, 20.603472582361025, 46.62022882785315, 40.69181790275639, 30.02862621273744, 23.62655688506369, 39.89782272695171, 32.04812140138173, 45.68157622918691, 35.55770471467218, 78.00550061305275, 59.97184431456427, 45.21082560025957, 60.98798708892154, 39.41019621420736, 58.47645040971045], [36.883867290187304, 68.14479164154237, 28.203355352815336, 11.991523716267636, 4.124733985880995, 4.634852106493095, 5.926031768207247, 63.368672561788046, 61.83229949206735, 42.40862368158035, 34.73394237639946, 60.793456556761136, 48.472816474700615, 0.0, 36.277979308482934, 31.473921632695184, 28.31683943706175, 36.34506141710968, 55.98631783334384, 34.56078025645951, 70.0097941636589, 33.72081802338331, 71.60872022582345, 17.40215826879804, 71.27978202807176, 15.883293955312928, 40.18732296645892, 11.537518767957627, 32.56789689513972, 25.650566773539754, 63.26151300596024, 80.0607576007915, 27.53279713226218, 82.65971837419121, 79.26476717341282, 78.80221568407136, 65.49365916226331, 72.62587350098865, 22.968438599786044, 68.04122029247904, 34.421858631676, 68.55638009239883, 61.157092051434745, 86.68622891226717, 23.207277709811198, 25.729764129055607, 84.64989071575893, 78.32369401203839, 76.32503666625476, 53.694335497591084, 73.53270789629678, 20.20234943666836, 42.225381821430304, 26.982486032941193, 40.96021348230008, 12.074032651603211], [65.91427079996171, 50.21634147215582, 33.56431007026135, 26.823477444025617, 39.95709117057781, 38.73764944351286, 39.664687700932944, 75.35543556802847, 27.59601778854402, 59.59522970227894, 13.332026178574072, 28.94713523800631, 48.03057115418988, 36.277979308482934, 0.0, 38.73160254362812, 30.517512671867383, 60.770586926416215, 31.352548722965295, 44.883352899076186, 61.937117492829174, 37.61363774681376, 36.1908134552066, 40.80602325835034, 61.43049834809958, 51.9070544757404, 9.210879945152847, 38.230494814298204, 60.04990451314395, 24.819769181413744, 28.147085859512647, 56.19188473351907, 8.853641610408575, 58.6257495250506, 62.43096922749378, 54.30799189226729, 29.215832175217717, 38.503751103353366, 36.7403616144248, 58.36496515293061, 23.234682102881138, 66.82961611402531, 83.6459769192246, 72.20092908697193, 44.82680630968427, 39.742980603797804, 68.67070221346414, 65.626579082695, 49.78294514541381, 73.32965848307848, 38.15769435817665, 27.296342058450282, 8.051132685257702, 63.08934590769681, 11.593372716454985, 47.17018080678823], [67.53272493377547, 86.3992229545711, 5.325631476263247, 23.16520833353027, 34.69255539126508, 36.06626452615405, 37.31770101809568, 93.98754330310491, 65.33326635031524, 73.45183387882298, 47.20421152769268, 67.56494487728223, 74.54408835409137, 31.473921632695184, 38.73160254362812, 0.0, 52.82230342108893, 67.79702676650419, 69.1367958328948, 63.467778932223084, 93.83040641104614, 3.3753286848838635, 72.05694343273092, 16.836258893314326, 94.26183852864018, 37.26440342913801, 34.92297221988212, 42.507540685936, 63.764846336592214, 14.125207056078693, 65.0113278925008, 94.40740395309506, 32.653509787540074, 96.90842179330856, 98.54974239788498, 92.62726066766453, 61.7774623272132, 75.83032472146344, 51.562961422360495, 90.98609808910524, 53.19556104194669, 95.14214278155661, 92.54386909433342, 107.57627067636369, 54.19891194515747, 54.87066546811587, 104.59531959653967, 100.02143954763694, 88.38294097342893, 85.13955920246562, 63.98464173385521, 14.60634574614233, 46.773717325354376, 50.47217387103479, 49.492529322090896, 31.95436239021871], [39.76038139935098, 40.3914520344372, 47.9185318199336, 30.05076292624268, 29.10624700451308, 26.634644798794373, 26.50418070283187, 45.30312457296936, 45.01749045239353, 29.26666961301267, 19.044219637983137, 41.318638552799264, 21.722572857307824, 28.31683943706175, 30.517512671867383, 52.82230342108893, 0.0, 32.54440234624145, 32.013242945904686, 14.366643064987613, 42.07902664670983, 53.68847468883422, 55.74222219339049, 43.926347110383695, 43.127414318394685, 41.45076507631914, 39.2063679294136, 20.178587239645204, 33.62612922917315, 40.72446666988738, 47.71050331407167, 53.53344288155299, 26.754827923565024, 56.08850031162303, 51.10100771350781, 52.57969528291956, 54.358944848207884, 54.30470145915754, 9.621474421179567, 39.86224759090284, 10.825420804020435, 42.3241886364744, 53.60927850426473, 58.36956772392622, 18.487658035562163, 11.046933927741062, 56.374865124440056, 50.02615979371592, 51.20382923624513, 43.009009203106785, 66.15015887271524, 38.257579294714155, 30.772139760080893, 47.093887203835635, 25.970280262525705, 39.569843896842286], [9.544720041895289, 63.8913273068301, 64.48387821799076, 46.70441401589262, 33.195774622583784, 31.73371635296403, 30.479403092986715, 31.442652837403642, 77.46076022185859, 12.167219792902497, 51.18796552646523, 73.362947140106, 35.18167684031582, 36.34506141710968, 60.770586926416215, 67.79702676650419, 32.54440234624145, 0.0, 62.48359226118773, 21.398546376593178, 55.3050335452009, 70.0598255269058, 88.18593732303916, 52.569914686579956, 57.986741850703346, 36.700115734526925, 68.25733592468579, 26.09057774062688, 5.985933649501468, 60.76175867142668, 80.22914377790012, 79.18079705436062, 54.40448991905431, 81.47070030343538, 71.04902721121663, 78.87048904262564, 86.74828647753166, 86.35289741078037, 24.196073027662276, 55.522001412293, 43.27713699344048, 47.99687473753348, 24.885629403957, 74.58932713861763, 16.069151563622697, 21.647966487675415, 74.45472963815536, 66.11315265522822, 79.21688173571442, 17.955923558500153, 98.08759593456742, 55.88645355531466, 62.707557226000034, 31.715924047779993, 58.32998572244893, 39.43959923939346], [70.78411975762025, 19.81469098322068, 63.82928297088796, 51.67422784315391, 58.17603661566892, 55.984763748711124, 56.26889049219954, 62.62187316483393, 20.053049951765225, 55.32003438280009, 22.57147271840847, 13.60694478555691, 32.96158094310131, 55.98631783334384, 31.352548722965295, 69.1367958328948, 32.013242945904686, 62.48359226118773, 0.0, 41.225960565977985, 35.945205096892586, 68.44268719337227, 29.29039234340151, 67.1747810380937, 34.30294231955804, 71.18589350022827, 38.84299217236574, 51.098267833766556, 64.74762507976168, 55.01230701797367, 23.654564705263702, 25.334239630586765, 36.51762001103544, 27.877702904568526, 31.66939880691661, 23.670097203592675, 34.222463405209595, 25.288373290098285, 41.61807554815547, 31.870189203576967, 22.19640298257578, 44.645983380833634, 78.88629129164596, 41.80129717751, 50.29049990876395, 42.489081543631585, 37.93076847462379, 36.35951868046058, 20.388605768649597, 67.70864807653925, 47.80935233347294, 55.94240438093316, 24.073869434086816, 78.6122291762883, 19.855467734666465, 68.05440951103532], [30.250341488549033, 43.26774165096638, 58.985409451186555, 40.316975842234896, 33.59381763052952, 31.17670273582216, 30.456453634952567, 31.52805026549569, 57.243558856815746, 15.198361743717438, 33.11334240770381, 52.64870942347665, 16.08434755608271, 34.56078025645951, 44.883352899076186, 63.467778932223084, 14.366643064987613, 21.398546376593178, 41.225960565977985, 0.0, 38.17108548405855, 64.84327769463596, 67.89959756089416, 51.81019606066281, 40.232618365868134, 43.453230330577384, 53.51916739550266, 23.41460803547546, 24.53918760109157, 52.7719479554527, 60.24520915181694, 58.24651530491791, 40.71781767893794, 60.61358149298023, 51.665363639881086, 57.8039923644625, 67.80096823381862, 65.55849253591639, 11.940896001563114, 37.30868782384614, 23.781823157107137, 34.47472962876418, 39.67020829326755, 56.76732136474989, 14.015047379035327, 8.843981977747314, 55.85340445208431, 48.12246679688048, 57.89548987269436, 28.84009029675764, 80.01505132155116, 49.363050813550494, 44.831970429620874, 44.90432853826799, 39.711825224626786, 43.42531281716692], [64.83715241499993, 19.4361153821554, 88.67523883918902, 71.79362463322076, 70.10527105436633, 67.59416165124581, 67.15497091299206, 37.62295684516213, 55.608563442434054, 43.6261358932993, 49.11301336540314, 48.88768132868261, 22.182852537952517, 70.0097941636589, 61.937117492829174, 93.83040641104614, 42.07902664670983, 55.3050335452009, 35.945205096892586, 38.17108548405855, 0.0, 94.20943004259458, 63.44820952437921, 86.00512009744652, 3.359606532861333, 81.18370801624013, 70.85640959789872, 60.156924598804466, 60.2824409326044, 80.62286934388786, 59.2069990196801, 32.58930698201035, 63.26728052170556, 33.854728709828116, 18.232215912326055, 33.59655946952491, 70.05374313354706, 57.86939019690182, 47.63416910019381, 4.113113574636493, 40.93769291170514, 11.925112419962785, 59.95415124619213, 19.304361374605513, 52.17106227732672, 45.759023070899076, 19.736905653622912, 11.048482526921504, 37.637761021294594, 50.20106816746801, 83.61703022446832, 79.26623124286594, 56.7185073730638, 82.9841605692847, 51.1048920405337, 80.44154762933829], [70.12005701379914, 86.11050301641272, 5.858224919216278, 24.580487060416683, 37.11496426018856, 38.34630229741972, 39.61937800480729, 95.64590680340628, 63.70824081958952, 75.3091288745813, 46.8603297385709, 66.23163269005974, 75.37164723326609, 33.72081802338331, 37.61363774681376, 3.3753286848838635, 53.68847468883422, 70.0598255269058, 68.44268719337227, 64.84327769463596, 94.20943004259458, 0.0, 70.07413908840434, 19.904407963464195, 94.52176666738809, 40.33526951672892, 33.11231913190565, 44.49225476872022, 66.19074167990564, 13.720137420816444, 63.2238679242278, 93.61864712170696, 32.161121183057475, 96.09358463889667, 98.30817721374447, 91.79301349772018, 59.532542658356235, 74.06492766132908, 53.00427125322515, 91.25917320982082, 53.38434998042111, 95.93597170763654, 94.87570057022917, 107.49308144374633, 56.10623028779194, 56.363520762686385, 104.4050903909303, 100.07897907524612, 87.38907555855359, 87.2371771498252, 61.24644611779468, 15.520546118854435, 45.60395650309662, 53.60181431443618, 48.666473689018915, 34.95549755373752], [95.43753718307275, 44.60186681887757, 67.4185313684689, 62.97500048996759, 74.93813071604025, 73.33631136823443, 74.0580477456585, 91.82228355839777, 10.727083439021312, 82.80276063129755, 38.48336333283693, 15.82014660146433, 62.005842107455756, 71.60872022582345, 36.1908134552066, 72.05694343273092, 55.74222219339049, 88.18593732303916, 29.29039234340151, 67.89959756089416, 63.44820952437921, 70.07413908840434, 0.0, 76.8302507199155, 61.17369536696799, 87.4681048842727, 37.186609077567304, 70.93345495871121, 89.30258657970535, 59.34898867282325, 8.395418374557577, 39.24788675150163, 44.93924116585241, 40.57527595045926, 53.461092353128976, 37.05519234945286, 12.298336565533223, 6.858391432650597, 64.8860256330129, 59.35029265591892, 44.9350385110008, 73.30304289970263, 106.97762671124076, 63.465957541622025, 73.89520312287901, 66.78335181470314, 58.97787235065285, 60.79982995975449, 30.87034416489211, 95.83392949291996, 22.77116221354326, 62.90040469394687, 29.39533011914865, 97.69560661178723, 31.35148180497345, 83.02053102056426], [51.35262234150822, 81.91586690447735, 15.991281816505536, 15.510366743351605, 19.577366291117976, 21.50462345971503, 22.595291802022846, 80.68510193321858, 68.35980552500793, 59.613068701239, 44.64533099191205, 68.96098323451409, 65.04866532407138, 17.40215826879804, 40.80602325835034, 16.836258893314326, 43.926347110383695, 52.569914686579956, 67.1747810380937, 51.81019606066281, 86.00512009744652, 19.904407963464195, 76.8302507199155, 0.0, 86.98447789368177, 20.436660912468216, 40.79629988283428, 28.930522474285883, 48.05558183154688, 19.35428350736569, 68.9265539222706, 92.26446878245405, 32.46645863229299, 94.85220897548109, 93.59897383131093, 90.75171454899315, 68.34661693992454, 79.2928324946705, 40.025539394515874, 83.70495082131757, 47.57584577341506, 85.41531903070567, 76.95400785922175, 101.72133717522533, 40.52716858041564, 42.96652650613414, 99.29912442189908, 93.6053653731284, 87.41871878996714, 70.32318093822204, 73.45093391196879, 14.326851262260398, 48.39650227948281, 33.704504541174416, 49.18337358363522, 15.133046177943475], [67.52983751044225, 16.773583582521, 89.06135341425482, 72.52959347107064, 71.55421779522541, 69.04141350616906, 68.65712316792465, 40.971017602363276, 53.66985031281701, 46.44648017019648, 48.85124814797237, 46.92453679610256, 24.15151782362841, 71.27978202807176, 61.43049834809958, 94.26183852864018, 43.127414318394685, 57.986741850703346, 34.30294231955804, 40.232618365868134, 3.359606532861333, 94.52176666738809, 61.17369536696799, 86.98447789368177, 0.0, 82.89118386805765, 70.22318398544367, 61.71620944298976, 62.84271985671399, 80.8719637421746, 57.24995195054212, 29.362693779732492, 63.22782715787844, 30.568748389822446, 14.87952495089741, 30.434509388224033, 68.19153272881725, 55.43847613134421, 49.204240182728014, 3.2897233900798186, 41.14072175737386, 15.251920390084356, 63.224974147054795, 16.66571457139142, 54.17043884673741, 47.511092798348294, 16.663606292326943, 8.12752144341544, 34.65805958209807, 53.38393711111629, 81.71603504554075, 79.75113182056336, 55.87775148473945, 85.12957742137974, 50.37339048269385, 81.94852342782524], [33.07997329627294, 81.84220569201989, 36.07964072129207, 25.88762592669777, 13.031928853234028, 15.21363901213105, 15.057886532852407, 67.43267740443548, 77.71538768461129, 46.34572716504881, 50.47685593383851, 76.5941604026783, 59.039891911818515, 15.883293955312928, 51.9070544757404, 37.26440342913801, 41.45076507631914, 36.700115734526925, 71.18589350022827, 43.453230330577384, 81.18370801624013, 40.33526951672892, 87.4681048842727, 20.436660912468216, 82.89118386805765, 0.0, 55.00728941837275, 21.4050690902019, 31.230666584496714, 37.04664059856806, 79.13060250991346, 94.60895697539274, 43.080371027563565, 97.19342964414497, 92.35307263054865, 93.48500313483095, 81.07764700221806, 88.50188484414484, 33.75673101724305, 79.76836003745046, 49.19649209889394, 77.82102497543707, 59.45295828329535, 98.96564068001103, 29.682354026669802, 35.42493384450731, 97.37260252962574, 90.40624143068439, 91.38489703625845, 54.569117586481376, 88.5054459353277, 31.26524598784973, 58.07541700703049, 13.385886261079172, 56.82199232995349, 5.610959497824188], [72.6815299177644, 58.27164623997254, 30.23193334504971, 29.125579159060166, 44.17091959245869, 43.39973136514586, 44.484067634328426, 84.31054587232443, 30.664197041058877, 67.96052618742064, 22.541278794179195, 33.769742345356, 57.23255732734888, 40.18732296645892, 9.210879945152847, 34.92297221988212, 39.2063679294136, 68.25733592468579, 38.84299217236574, 53.51916739550266, 70.85640959789872, 33.11231913190565, 37.186609077567304, 40.79629988283428, 70.22318398544367, 55.00728941837275, 0.0, 44.30377141329052, 67.00960856943169, 22.325250078338872, 30.116425970425897, 62.832114689799546, 13.928103561332462, 65.1548395745891, 70.38607059565742, 60.830645157125986, 27.636606634172466, 40.95422055652519, 44.62558519409769, 67.20973181873454, 32.42267136070751, 75.99923840119227, 91.72349869231786, 80.3439168467036, 52.194200577289074, 47.798188273247035, 76.64991986705382, 74.08567118666897, 55.82460391325802, 81.64028130809183, 33.49882718866817, 26.4957208805387, 14.794665120879523, 67.13014108055596, 19.888610177281816, 49.825311987581266], [28.640227952821462, 60.5232232624539, 38.775687779104196, 20.632588821405506, 10.185698802230553, 7.765307883663387, 7.078835902970692, 51.857142672150324, 60.53950793715846, 30.999962029277846, 32.5094056551866, 58.26700474542238, 38.17798912661848, 11.537518767957627, 38.230494814298204, 42.507540685936, 20.178587239645204, 26.09057774062688, 51.098267833766556, 23.41460803547546, 60.156924598804466, 44.49225476872022, 70.93345495871121, 28.930522474285883, 61.71620944298976, 21.4050690902019, 44.30377141329052, 0.0, 23.37218805823099, 34.671639007393956, 62.55576281257072, 73.64320803666635, 30.468139754026904, 76.2095976719399, 70.94833242819601, 72.62608948776271, 66.69168269767044, 70.85279115375754, 12.52360359328084, 58.55209280873606, 28.90352171665919, 57.769767766985495, 50.943115314660986, 77.64336384556933, 11.73803263266781, 14.732525736580568, 75.98403830233397, 69.11642486091921, 70.92746623856722, 42.77612444550717, 76.38791015534281, 29.87845070395703, 42.37444762680771, 27.564587078263283, 39.58210205101342, 20.30038762396206], [6.136275112068653, 67.71785504184014, 60.756008538223234, 43.59572340611605, 29.082725993055504, 27.93757473595738, 26.641933048787884, 37.40632158004369, 78.58990386035478, 17.884286897793015, 51.51677320283585, 74.91536043544852, 39.46785232951045, 32.56789689513972, 60.04990451314395, 63.764846336592214, 33.62612922917315, 5.985933649501468, 64.74762507976168, 24.53918760109157, 60.2824409326044, 66.19074167990564, 89.30258657970535, 48.05558183154688, 62.84271985671399, 31.230666584496714, 67.00960856943169, 23.37218805823099, 0.0, 57.69325235386729, 81.1786269056923, 82.78189862493984, 53.08184483843031, 85.13938896099192, 75.48034255424962, 82.34084124621857, 87.04194768534951, 87.91184132755481, 24.463945143949367, 60.25034866493077, 44.448547478488706, 53.48434850074545, 28.898426211669147, 79.49747785323558, 15.538269361745053, 22.594904586459446, 79.15281719500588, 70.94965893689235, 82.30342920234509, 23.376810184992536, 97.87207005694862, 52.558406729028036, 62.73551580809072, 25.73115845919672, 58.76064568175237, 34.349294682640156], [62.37580989286903, 72.4273649052111, 8.832795155613864, 14.100605829781047, 29.65680273869042, 30.095631489290334, 31.395052928407534, 84.07738302670393, 51.9300206129982, 64.45517317603526, 33.1843613366366, 53.7570937842105, 62.248491807783424, 25.650566773539754, 24.819769181413744, 14.125207056078693, 40.72446666988738, 60.76175867142668, 55.01230701797367, 52.7719479554527, 80.62286934388786, 13.720137420816444, 59.34898867282325, 19.35428350736569, 80.8719637421746, 37.04664059856806, 22.325250078338872, 34.671639007393956, 57.69325235386729, 0.0, 51.91007248157374, 80.28364752608812, 18.550575157641713, 82.78675316939838, 84.61280216851513, 78.50829916323636, 49.91245149126743, 62.6315211965629, 41.23426090849517, 77.61681397405535, 39.732926822815486, 82.72518912253368, 85.60703990893238, 93.77375920731346, 45.68388010244238, 44.67741842127231, 90.69854061766304, 86.3673340807342, 74.30768015135872, 77.09852585709538, 54.19165515816467, 5.791872496053005, 32.868704659888095, 50.251256431499776, 35.38343638280867, 31.45615180776762], [87.3087743905181, 41.253432214298186, 60.20778869594267, 54.822680672171174, 66.56424764509154, 64.94901416263504, 65.66598797208553, 85.33411189317471, 3.6101423515379647, 75.27984864955573, 30.140057232000338, 10.326487353552642, 55.43385330875076, 63.26151300596024, 28.147085859512647, 65.0113278925008, 47.71050331407167, 80.22914377790012, 23.654564705263702, 60.24520915181694, 59.2069990196801, 63.2238679242278, 8.395418374557577, 68.9265539222706, 57.24995195054212, 79.13060250991346, 30.116425970425897, 62.55576281257072, 81.1786269056923, 51.91007248157374, 0.0, 38.91677174355361, 36.794989170223275, 40.68333404868743, 51.399399413747474, 36.703233007355, 11.112008996783446, 10.845447702874825, 56.72858068655059, 55.09661161222101, 36.95430038290115, 68.29317460858687, 99.5951907649672, 61.656669890569894, 65.72372792977504, 58.72663399117275, 57.29474380797294, 57.928279562454385, 30.686084879413183, 88.49789387976413, 24.483709083780845, 55.16790066188917, 21.08805795937106, 89.30172680856376, 22.975929837570618, 74.73258949847556], [88.39048018008988, 15.58383841142337, 89.11080764167058, 76.75577820812879, 81.7953994624799, 79.4558131594593, 79.55120821173566, 69.12019672207255, 36.03016442210834, 69.38892056975297, 47.82899872571808, 30.28689370291648, 44.48859460651109, 80.0607576007915, 56.19188473351907, 94.40740395309506, 53.53344288155299, 79.18079705436062, 25.334239630586765, 58.24651530491791, 32.58930698201035, 93.61864712170696, 39.24788675150163, 92.26446878245405, 29.362693779732492, 94.60895697539274, 62.832114689799546, 73.64320803666635, 82.78189862493984, 80.28364752608812, 38.91677174355361, 0.0, 61.830801694647874, 2.60113301862737, 16.38724240465992, 2.218692465925654, 49.64308788548298, 32.47979227847484, 62.53505765837724, 29.34723294307665, 45.63901400905954, 44.462290183271435, 89.87674898524224, 25.143963820637296, 70.22360575611388, 62.40082068934928, 20.630511237133128, 25.197342026158235, 8.3875546983753, 79.21779528795167, 61.916302447897486, 81.27384245787292, 48.46599142503711, 100.51117154532206, 44.953252957247294, 92.0129471733559], [58.75986392479707, 53.97026860590325, 27.334594896423877, 18.036637261035537, 31.297588934604995, 30.21432907173749, 31.20524742251679, 72.03216067294524, 35.97942881760653, 54.671003580774666, 14.740416570948888, 36.55704504212006, 46.7442736269541, 27.53279713226218, 8.853641610408575, 32.653509787540074, 26.754827923565024, 54.40448991905431, 36.51762001103544, 40.71781767893794, 63.26728052170556, 32.161121183057475, 44.93924116585241, 32.46645863229299, 63.22782715787844, 43.080371027563565, 13.928103561332462, 30.468139754026904, 53.08184483843031, 18.550575157641713, 36.794989170223275, 61.830801694647874, 0.0, 64.35255461201089, 66.18555715037907, 60.09606054096901, 38.00229820052734, 46.930611759969366, 31.048375282257727, 60.02340473537837, 22.52278771076892, 66.630865011637, 78.11416775694785, 75.5002166413628, 38.33533881217835, 34.32693930653677, 72.31270555101806, 68.30790673691948, 56.09711683747042, 68.24613129304791, 46.29587397397626, 19.687899577033033, 15.95238094434007, 54.44012506896677, 17.16392016663254, 38.31711825950979], [90.71494949034917, 17.687173341797955, 91.61620185730682, 79.34288220852544, 84.38682611795753, 82.04457460217098, 82.13554965987275, 70.75169263026217, 37.9050663693954, 71.55164477964246, 50.39537184821461, 32.34611539648271, 46.65780946730132, 82.65971837419121, 58.6257495250506, 96.90842179330856, 56.08850031162303, 81.47070030343538, 27.877702904568526, 60.61358149298023, 33.854728709828116, 96.09358463889667, 40.57527595045926, 94.85220897548109, 30.568748389822446, 97.19342964414497, 65.1548395745891, 76.2095976719399, 85.13938896099192, 82.78675316939838, 40.68333404868743, 2.60113301862737, 64.35255461201089, 0.0, 16.871356322256343, 4.327817375043083, 51.271713248165646, 33.75145811008067, 65.05743689188465, 30.798157499296906, 48.23787203190298, 45.772476309031944, 91.76361583689551, 24.864666535480392, 72.69508913339884, 64.88506047775482, 20.426197236218915, 25.805247612690856, 9.99734841630456, 81.17608067382938, 63.317151130205424, 83.8200458109303, 50.86006898318214, 103.04076641589369, 47.435511311023134, 94.60930322667367], [80.55879845238088, 12.244401074616704, 93.23530576966252, 78.42033037041328, 80.20603264667547, 77.72890305990776, 77.55392027981358, 55.850156171736835, 48.062371577904095, 60.02060381644344, 51.45405226557374, 41.52466230252834, 36.01511317110966, 79.26476717341282, 62.43096922749378, 98.54974239788498, 51.10100771350781, 71.04902721121663, 31.66939880691661, 51.665363639881086, 18.232215912326055, 98.30817721374447, 53.461092353128976, 93.59897383131093, 14.87952495089741, 92.35307263054865, 70.38607059565742, 70.94833242819601, 75.48034255424962, 84.61280216851513, 51.399399413747474, 16.38724240465992, 66.18555715037907, 16.871356322256343, 0.0, 18.052068306027856, 62.494234332931754, 47.01512789986248, 58.7740367251765, 16.183717428267727, 46.0858525730701, 29.98895247196654, 77.96327462755575, 10.309884145603382, 65.07852608766368, 57.74517852017861, 6.265721885763454, 8.945284051254271, 23.57971615559776, 67.91641109057072, 75.52639613300016, 84.48855987359292, 55.59197488198301, 96.16811499766568, 50.84644645095337, 90.67083617604088], [88.01119820440974, 15.785748172787539, 87.33936461399831, 75.2415230128049, 80.62286456195932, 78.30558772250839, 78.43239958626579, 69.7049061247126, 33.829652686711825, 69.29852548474803, 46.22506238853623, 28.132036696888456, 44.42049770606159, 78.80221568407136, 54.30799189226729, 92.62726066766453, 52.57969528291956, 78.87048904262564, 23.670097203592675, 57.8039923644625, 33.59655946952491, 91.79301349772018, 37.05519234945286, 90.75171454899315, 30.434509388224033, 93.48500313483095, 60.830