instance_id,num_cities,city_coordinates,distance_matrix,best_route,total_distance
1066,67,"[[44.27422985894661, 40.148359248795906], [54.48368508846794, 50.35997641349783], [4.634379453066773, 26.79875516110276], [21.782626139015214, 29.12561835297388], [26.500266101194004, 90.6153908267602], [55.122341947380804, 11.762843779131217], [47.34088962889118, 4.993121899079734], [67.02028107383468, 62.1594535927656], [97.8695558918247, 93.14222024468984], [90.95707503331859, 11.025402744725243], [56.917322123609345, 82.44455003877516], [16.767970761389485, 1.4231687423994166], [49.33361354909841, 1.6670283535251684], [51.75780870437895, 53.91537279234245], [9.62870211078396, 36.375951536635206], [77.7504489548293, 64.5049392857029], [81.9296818832798, 69.31741131049837], [22.919687640940523, 13.537616093746363], [30.952310245344183, 4.440147826243757], [20.14326443666512, 26.107644628035253], [59.08751165732515, 34.98920491330794], [99.04902268867971, 30.27618766140415], [22.697441179515423, 41.52952850142728], [20.29248634773486, 42.283536190135884], [36.569514372790856, 37.0352584766993], [16.64812735441885, 6.202570731647928], [85.24490041437538, 36.90117459958031], [87.26111159383102, 9.033009985802142], [90.54755990605192, 96.43827259597386], [36.70415481047441, 78.39312631396355], [70.15379588395626, 83.99078727902864], [8.194262505899431, 81.35950574812418], [18.37399457298139, 50.68844166956901], [43.07096141515876, 67.10909806054451], [37.18329245755281, 81.77152375878066], [58.83715289945697, 87.72921848897224], [68.17876282493098, 14.63622097414099], [23.67424388509296, 79.2554879677657], [67.3712186113481, 54.00334559766319], [37.33312863544008, 97.68777222328427], [15.931491149698418, 74.62192117916605], [86.43972296437943, 25.395587833012577], [16.98901772840722, 62.18819259065965], [27.44256653809084, 44.44967954629012], [34.52433295488384, 78.65511089993174], [4.334602666178222, 17.99012464022973], [55.222864306347965, 74.71523850825811], [29.393572989310922, 20.19496263019789], [49.558299605308456, 19.316571315996445], [76.90877488209472, 54.764855327010956], [43.108311534114875, 82.55419665147163], [31.879766453725555, 85.01963805825324], [45.108448044840955, 86.36717173244183], [35.780968129292845, 86.17510203722205], [64.36601334446746, 81.22673196073796], [24.361586675601053, 47.18432973636055], [49.401825784639755, 46.63916846351967], [54.13772267136613, 22.136478647685564], [59.952658019652525, 31.1479417221148], [82.47890269170249, 55.95845245383955], [44.06643119604819, 67.62682582405189], [67.6194769203061, 4.666533779061577], [99.3086592878681, 2.5261195517656154], [53.719714363042115, 36.401534421116125], [95.9750340560362, 57.68729197205115], [56.79737302639561, 13.231299514169514], [86.86255927219179, 86.1106873947236]]","[[0.0, 14.43987884997777, 41.82737942423223, 25.04741612923096, 53.505467608022535, 30.387810456855977, 35.288739213231686, 31.652347781632972, 75.37113688821887, 55.02212854036434, 44.14539089593726, 47.49983862392213, 38.812500445030494, 15.669544161972182, 34.85030348354915, 41.3992782068697, 47.63157214847277, 34.11961495393259, 38.11233271775645, 27.91854507801198, 15.685987093439714, 55.657323879172324, 21.620949059216716, 24.076606953812593, 8.309875879929665, 43.766632240116564, 41.099149065492576, 53.066344900011956, 72.86820581214512, 38.98677011639248, 50.910808609066216, 54.773375283855266, 27.962752462964875, 26.987576627462186, 42.222851834708415, 49.7595909701567, 34.9613485962276, 44.20098345925167, 26.933836268824752, 57.95656072994397, 44.62888425344938, 44.671837585560056, 35.074735276914964, 17.37257167054657, 39.7219135032806, 45.67451347595926, 36.259367589645876, 24.89120297396079, 21.49150486963502, 35.75829255532704, 42.42186242213265, 46.55163139031132, 46.2263404065269, 46.803809102682436, 45.72868321185593, 21.11914390426655, 8.271810215371712, 20.535733082831655, 18.078180916370005, 41.34677827122788, 27.479252275339714, 42.473056153526336, 66.66499338024224, 10.16148974345917, 54.5947553863617, 29.687661065666152, 62.66020595884617], [14.43987884997777, 0.0, 55.136960554930404, 38.990475999378624, 49.02621877935127, 38.60241611840281, 45.92571192164285, 17.21609423197882, 60.93155317729174, 53.64249117792006, 32.17673777645356, 61.784190957233285, 48.96454255511655, 4.4800943597245215, 46.98427875029085, 27.22907041140183, 33.35666467041987, 48.499197461248, 51.59802573248703, 42.040933476493166, 16.045430364660387, 48.881774579689456, 32.99003049660931, 35.132135688139506, 22.326343644351237, 58.14985731365153, 33.5766543091052, 52.74730175497478, 58.51335271490049, 33.1959212893402, 37.10234240335756, 55.710694323405825, 36.111184396924244, 20.267790644046016, 35.8606872746294, 37.62197410127124, 38.258879451687335, 42.23946324525263, 13.392634517356385, 50.339466056577656, 45.55121975649865, 40.55131383721312, 39.31611346986468, 27.679481597639676, 34.626440377228924, 59.68867372978693, 24.366476512220896, 39.23572073627476, 31.431710456246147, 22.853612635531753, 34.14479375003218, 41.37909234112057, 37.207703293280254, 40.40439140858531, 32.41013745377218, 30.289033405053566, 6.298389142036698, 28.225618082353076, 19.975283274710645, 28.54952088261262, 20.16589366296186, 47.54408193283263, 65.55422316102583, 13.979333107269198, 42.133378602280935, 37.20069623231302, 48.23385563137738], [41.82737942423223, 55.136960554930404, 0.0, 17.30539386190983, 67.45872802382216, 52.67934118716522, 47.951346731407234, 71.71038777339818, 114.43012490102184, 87.75195962878588, 76.35417854878169, 28.127289669118248, 51.279871500448905, 54.368451662359156, 10.801201286194933, 82.26612875676608, 88.2179114382597, 22.58783532986924, 34.53318408634678, 15.524276060525308, 55.06566147789236, 94.47866105159527, 23.308150551631286, 22.021688287730267, 33.535635411770556, 23.843929032132248, 81.24109162341742, 84.51507892616158, 110.59266234298234, 60.74907098988217, 86.96966406294885, 54.676761718018774, 27.55892133440967, 55.69824573179293, 63.886125450425006, 81.55036487122267, 64.69788169607617, 55.8052439681036, 68.3812893150828, 78.06702849560767, 49.139392962036226, 81.8173765501833, 37.48398816154745, 28.84039753118983, 59.8539134130156, 8.813730071610607, 69.67915166037024, 25.62474859108727, 45.5427456016538, 77.49639342008831, 67.74151390073187, 64.28049718335551, 72.01768172600549, 67.04968720672197, 80.81010299361061, 28.367840163893437, 48.96699144383887, 49.722407545052626, 55.48898419788264, 83.12675709093034, 56.76106111340707, 66.76045031499802, 97.7362783292976, 50.015832220817714, 96.4220767750844, 53.898550548810185, 101.3872716944883], [25.04741612923096, 38.990475999378624, 17.30539386190983, 0.0, 61.670481153391016, 37.58992672358726, 35.15113394636282, 56.01499526601338, 99.43513562605231, 71.50330191603516, 63.854172440373844, 28.152663870098827, 38.89770008661679, 38.89785977391404, 14.152215393998128, 66.2124877980234, 72.33981293758083, 15.629418520624586, 26.3335444203002, 3.4344828134017695, 37.76289357139811, 77.27496260434881, 12.437599186709251, 13.242028485359148, 16.76945051350877, 23.491044889885146, 63.9368401717287, 68.49193360135968, 96.22686494541223, 51.47756170001993, 73.14339904446896, 53.972424613269176, 21.830577604260974, 43.54236959014665, 54.852273235045544, 69.33556015739889, 48.60600925585137, 50.16554639683798, 51.93477713892304, 70.30353526834504, 45.87100774471593, 64.76459910757085, 33.40826988661242, 16.33590452890776, 51.142171683853114, 20.698616942569743, 56.53903956197909, 11.733845217863482, 29.45684029694601, 60.79689751833522, 57.52736597976194, 56.79871196910283, 61.81172543196622, 58.741783826472854, 67.28945612098981, 18.241932306576693, 32.703893140411665, 33.101364706576426, 38.22356767202981, 66.3629337299435, 44.48495188882238, 51.9544387684067, 81.96230323918745, 32.75540503275648, 79.5002049836875, 38.45337268611021, 86.50257678423063], [53.505467608022535, 49.02621877935127, 67.45872802382216, 61.670481153391016, 0.0, 83.88651501667842, 88.12210009610098, 49.51375543470789, 71.41400697430679, 102.41702212333107, 31.49539547701145, 89.72162533596412, 91.83230881528968, 44.55148462260591, 56.802873571586645, 57.518144286902675, 59.380333995511094, 77.1608961839043, 86.29016863617501, 64.82021898915444, 64.46860578772854, 94.36175878511573, 49.23294991777842, 48.72888980967287, 54.518073548183075, 84.98581548879496, 79.59993144148834, 101.72298269643508, 64.31144373922912, 15.92178051011094, 44.15332416318311, 20.51295142635147, 40.745521937400305, 28.759932941495148, 13.86870710797333, 32.46543143971887, 86.65986003129542, 11.70614345255038, 54.871455374764, 12.93713605493009, 19.170030655788633, 88.57968836926962, 29.9761479373751, 46.17532704968205, 14.402567298942913, 75.93250900753117, 32.82990239714826, 70.47984060804914, 74.9346019720218, 61.85692081839287, 18.461040724554785, 7.762182237563126, 19.086953678395084, 10.288226021470182, 39.012327918159535, 43.483686793135206, 49.58214970405786, 73.84572038309035, 68.23078504663229, 65.83852316020338, 28.931717491767046, 95.27851555409708, 114.28377764225733, 60.66333810507975, 76.88304804418631, 83.10362372551798, 60.530147776724355], [30.387810456855977, 38.60241611840281, 52.67934118716522, 37.58992672358726, 83.88651501667842, 0.0, 10.314074583702373, 51.782035844146876, 91.92348564939853, 35.84232016233924, 70.70449457854602, 39.723628597322474, 11.637648627492844, 42.28659109165552, 51.725006902507936, 57.39128736284689, 63.491430273396325, 32.25152339268366, 25.254946218431936, 37.80620550776517, 23.562394240905466, 47.66861842608083, 44.01624369664557, 46.31016633892978, 31.351273589095552, 38.873922170368346, 39.23396749037557, 32.25449591803895, 91.78711408871912, 69.12903997656619, 73.77547309012505, 83.9400976726395, 53.53170281130223, 56.643125229062704, 72.2704972246038, 76.05714895370217, 13.36886018464291, 74.4596527745657, 43.98062043003129, 87.7470765233267, 74.07554520777941, 34.15596674378436, 63.22077363298926, 42.83222150645413, 69.99180934234747, 51.16809052738251, 62.95247498610723, 27.075268796749818, 9.381757132092579, 48.20603341058845, 71.8035693281824, 76.8555477739367, 75.27339384175825, 76.88480292125242, 70.07622437178021, 46.913811743542226, 35.34235884401414, 10.420257938495872, 19.977837110586144, 51.97723772850686, 56.947499088692666, 14.371360344400278, 45.14141905796328, 24.6785826313381, 61.465416246445294, 2.2275752201513597, 80.83961433675208], [35.288739213231686, 45.92571192164285, 47.951346731407234, 35.15113394636282, 88.12210009610098, 10.314074583702373, 0.0, 60.45881182223009, 101.60418127938907, 44.031352936676015, 78.04121846950045, 30.78064218985259, 3.8773504994965045, 49.12123580064688, 49.06211454330838, 66.83111331600375, 73.03423004250266, 25.872833002571966, 16.397905797267242, 34.43158268462821, 32.21409823781135, 57.55835681176815, 44.07049533292207, 46.06724560963758, 33.804157161014324, 30.716582207593873, 49.546320355441374, 40.12411765364201, 101.13867678794774, 74.1667093492915, 82.22566404283253, 85.8154006999102, 54.10307993180572, 62.26256324182364, 77.44740003657262, 83.53098675412724, 22.960973827468234, 77.94234494087256, 52.94540684639835, 93.23332815484274, 76.38533892057602, 44.10192041602698, 64.74961188515505, 44.19008037097822, 74.76866154037856, 44.927305712369126, 70.16622456196383, 23.520249492206446, 14.494071553655532, 57.89201401547244, 77.67647670996993, 81.5063777775218, 81.40466683003311, 82.00088831364333, 78.11157494612202, 48.04317207458012, 41.69701011206404, 18.44157314377622, 29.036723333007725, 61.90432037069975, 62.7192390370729, 20.281216983595225, 52.02629319786424, 32.04961438369311, 71.70743032517366, 12.541636602335567, 90.23315246257475], [31.652347781632972, 17.21609423197882, 71.71038777339818, 56.01499526601338, 49.51375543470789, 51.782035844146876, 60.45881182223009, 0.0, 43.72195771238362, 56.459377088210616, 22.661750095123896, 78.8301401061999, 63.02500868270986, 17.3466979875798, 62.917265628367595, 10.98352429278062, 16.538639339000436, 65.64255801623258, 68.0618599353124, 59.13702409177252, 28.30461524061191, 45.19273100710356, 48.88873025117025, 50.779315597600174, 39.47751730936951, 75.28961820772705, 31.14670781648031, 56.85165107948127, 41.57607823621185, 34.388946503709136, 22.055068478384158, 61.88006515287094, 49.98044922632468, 24.45544709202543, 35.705450366643355, 26.84728037559066, 47.53735077275057, 46.59563639783199, 8.163654499242936, 46.298903276558704, 52.58685723880644, 41.577596719163374, 50.03127159956574, 43.359330998644865, 36.44301516264823, 76.6839220276679, 17.228661504303982, 56.362999059892054, 46.26481771917246, 12.347566290889015, 31.428137579231855, 41.92187736209134, 32.6518306411832, 39.40362982587699, 19.251136110393773, 45.21082328686971, 23.47954891539557, 42.045199897818506, 31.806684268240264, 16.65597182542562, 23.596003545672712, 57.49604216263437, 67.81352296214934, 28.989230325786007, 29.298087818526632, 49.984718769692336, 31.102694493195493], [75.37113688821887, 60.93155317729174, 114.43012490102184, 99.43513562605231, 71.41400697430679, 91.92348564939853, 101.60418127938907, 43.72195771238362, 0.0, 82.40724548206732, 42.32641726441151, 122.4330491295101, 103.55408456754301, 60.539563838275576, 104.92310298043074, 34.99817601913295, 28.665329304911445, 109.33606794124847, 111.11244492062384, 102.64020027005694, 69.89864195489508, 62.87709594667697, 91.18506883972633, 92.76210143592851, 83.10045877773496, 118.97656538624527, 57.64058588511731, 84.77557632241384, 8.029669128804606, 62.91853511660801, 29.187532923129186, 90.44606461731406, 90.1214046977929, 60.66802623518193, 61.742329954323175, 39.4059522327021, 83.93292032574894, 75.48367808412118, 49.61854578188859, 60.70684531218576, 84.00504705766981, 68.70405580365859, 86.60146235260983, 85.62081726482324, 64.98071718669867, 119.98593646201118, 46.4574424511462, 100.05129998126168, 88.22813566954787, 43.72844015697961, 55.77544376529291, 66.48780829189724, 53.194320971174776, 62.478263952053354, 35.55933385579054, 86.69226746526397, 67.16885205737192, 83.39237720896645, 72.67036338001444, 40.24307136701059, 59.54671762129293, 93.50408746866239, 90.62752740406573, 71.89376839995323, 35.50550875292782, 89.84809100548966, 13.061256785040435], [55.02212854036434, 53.64249117792006, 87.75195962878588, 71.50330191603516, 102.41702212333107, 35.84232016233924, 44.031352936676015, 56.459377088210616, 82.40724548206732, 0.0, 79.11636605888353, 74.80792799233642, 42.66253294372276, 58.10449217928543, 85.18776066007294, 55.0860762898829, 58.98688065763043, 68.08375209322358, 60.36503441232779, 72.40213941207388, 39.87396248369894, 20.88234509736243, 74.76549539751585, 77.26936650829892, 60.28697495977624, 74.46528999320302, 26.49876427235445, 4.198782520188203, 85.41385156323179, 86.49733829203996, 75.8730766715378, 108.6120121475588, 82.71312003464418, 73.74592027854125, 88.86300316240221, 83.15746958399303, 23.062730006412096, 95.82444310750782, 49.02444487220846, 101.91120601249318, 98.35321750741201, 15.063488612747864, 89.93833757793115, 71.77238374958704, 88.08196071642334, 86.9020141888421, 73.02964463740278, 62.24263500540289, 42.22087260131001, 45.940118081442684, 86.05737926614154, 94.6851374221013, 88.19568442348533, 93.2302530128347, 75.068709762692, 75.77880357190462, 54.72822899375605, 38.459338476824584, 36.96201359847523, 45.725904719490046, 73.50138484463184, 24.188400116728776, 11.915820339152702, 45.06183627578643, 46.930926040478965, 34.230851899408265, 75.1968418903972], [44.14539089593726, 32.17673777645356, 76.35417854878169, 63.854172440373844, 31.49539547701145, 70.70449457854602, 78.04121846950045, 22.661750095123896, 42.32641726441151, 79.11636605888353, 0.0, 90.42363984036305, 81.13273473360887, 28.99197359755959, 66.01915896668756, 27.49270462390782, 28.247830216471606, 76.83752140797954, 82.21233852879277, 67.2768773801323, 47.50494188597072, 67.05682832971934, 53.33890924296825, 54.353340550148076, 49.759793412291046, 86.22324197121921, 53.6344174780983, 79.43550700009662, 36.42550156568169, 20.615192626477036, 13.326480676138736, 48.7351398851341, 49.94034959260659, 20.661505081797465, 19.745503063593052, 5.622585778483066, 68.73710451573513, 33.39569384913081, 30.301585137373323, 24.817261274128576, 41.725673905848254, 64.23516358006438, 44.77264241634329, 48.08712302235147, 22.711358675729997, 83.18242205535712, 7.91286572805719, 68.06297010082571, 63.55546325886125, 34.1441603020373, 13.809445891868588, 25.169629958157696, 12.443330260016102, 21.463049140002806, 7.5475878116708905, 47.99123926651108, 36.58562607050358, 60.372093288436425, 51.386333677298644, 36.809071795113894, 19.614034478802925, 78.51086504802204, 90.46535800007007, 46.15391622125292, 46.24312584999861, 69.21335446261615, 30.168821504949815], [47.49983862392213, 61.784190957233285, 28.127289669118248, 28.152663870098827, 89.72162533596412, 39.723628597322474, 30.78064218985259, 78.8301401061999, 122.4330491295101, 74.80792799233642, 90.42363984036305, 0.0, 32.56655581553869, 63.08502393831298, 35.674447184596204, 87.73922966091823, 94.10460546768444, 13.586885411848819, 14.501642989276437, 24.91417181330523, 54.01501944709, 87.19328074457273, 40.54230768666233, 41.012093802711824, 40.74704976606352, 4.780904288628559, 77.12184382068507, 70.90269803168444, 120.29670708153539, 79.50991009306557, 98.32323201984158, 80.39481604645327, 49.291443771428625, 70.75654476951675, 82.90140839452773, 96.01328193861409, 53.0815814560892, 78.13812465409259, 72.9750895244066, 98.43677972036984, 73.2035317210845, 73.68059399930779, 60.76542590191616, 44.33088795584061, 79.24683771464306, 20.713586601833878, 82.76778556973473, 22.622689437458202, 37.35477909656478, 80.38813250708068, 85.29980798106145, 84.9513746276268, 89.54700607293448, 86.85841505646972, 92.92030111920572, 46.38692550889525, 55.762488506691156, 42.72633339107895, 52.4259415012225, 85.39334719190656, 71.61096391676111, 50.95483387659484, 82.54805729339147, 50.88140545185739, 97.15662838202859, 41.73469777076266, 109.9328301918333], [38.812500445030494, 48.96454255511655, 51.279871500448905, 38.89770008661679, 91.83230881528968, 11.637648627492844, 3.8773504994965045, 63.02500868270986, 103.55408456754301, 42.66253294372276, 81.13273473360887, 32.56655581553869, 0.0, 52.30455256235517, 52.73698266734102, 68.96462560470188, 75.09379458431805, 28.95870050917244, 18.58931151911165, 38.071251689215345, 34.72039716055975, 57.35944475166721, 47.9427220393631, 49.93082993469303, 37.60098309656833, 32.99866894961576, 50.30969673938232, 38.6361591432202, 103.34494718937982, 77.75858368222374, 84.91573043954305, 89.68465396902768, 57.97928052889882, 65.74104729382638, 81.02074108991016, 86.58532110637262, 22.8766170676315, 81.7213088298561, 55.357432193525334, 96.76773683136761, 80.23788486734459, 44.04438546410176, 68.6220387297119, 48.058018917969726, 78.39948753589205, 47.86809430953146, 73.28522553210705, 27.219286656462437, 17.65097307821794, 59.83116873208319, 81.12637290325553, 85.16040349257032, 84.80546156909594, 85.58790052106734, 80.9673976466785, 51.917500434309645, 44.972191840981615, 21.02564766668934, 31.335097869863002, 63.60950340308455, 66.16976720748825, 18.530241013767128, 49.98242925547953, 35.0103383603985, 72.89507557300522, 13.763723079597844, 92.4075392993075], [15.669544161972182, 4.4800943597245215, 54.368451662359156, 38.89785977391404, 44.55148462260591, 42.28659109165552, 49.12123580064688, 17.3466979875798, 60.539563838275576, 58.10449217928543, 28.99197359755959, 63.08502393831298, 52.30455256235517, 0.0, 45.6343392672628, 28.06699602213663, 33.87572466587888, 49.618549580580776, 53.671842259931545, 42.104027775442596, 20.2959201802684, 52.87031297206116, 31.58977840186504, 33.546477218151516, 22.707323576593787, 59.23851116443383, 37.56152621148803, 57.22683817194594, 57.55729151026275, 28.736264771586118, 35.25539534393489, 51.48750325158217, 33.53941159935314, 15.796699094400248, 31.438537982768782, 34.54697200953903, 42.57346006359589, 37.82602345030143, 15.613657743703692, 46.08789805397028, 41.379779791882385, 44.90226398372852, 35.73945121775434, 26.092726002347785, 30.15041173915444, 59.49440247395142, 21.08651284885342, 40.4626383299753, 34.66864439052235, 25.16530787114096, 29.916484307696198, 36.913573133075396, 33.126020763581714, 35.99929951699974, 30.08117623816348, 28.210989384840396, 7.648124276767623, 31.8678851439434, 24.197344334401805, 30.788955654279494, 15.721362288823137, 51.74012623436678, 70.0138467721739, 17.62338243093346, 44.37781418791933, 40.9950122217263, 47.632780674391164], [34.85030348354915, 46.98427875029085, 10.801201286194933, 14.152215393998128, 56.802873571586645, 51.725006902507936, 49.06211454330838, 62.917265628367595, 104.92310298043074, 85.18776066007294, 66.01915896668756, 35.674447184596204, 52.73698266734102, 45.6343392672628, 0.0, 73.70083001480648, 79.4516925439345, 26.424228695739515, 38.400414353297485, 14.696739355178106, 49.478246815730486, 89.62812533790506, 14.048177688889886, 12.190810091643591, 26.948878473471165, 30.979109734686592, 75.61802235680268, 82.30691012786087, 100.77372652594461, 49.98522896978398, 77.00947707280194, 45.0064191696921, 16.772820694644494, 45.41928007620906, 53.10379860757864, 71.12404414612013, 62.455788319099355, 45.121301934701606, 60.373199626992495, 67.28056632469645, 38.76182843425283, 77.59188947071279, 26.841125800198732, 19.558089114439476, 49.064444882141714, 19.13285445494116, 59.571205727329804, 25.543580853809253, 43.42113782004172, 69.74783132631843, 57.03783454010769, 53.491289971425914, 61.30199399865275, 56.24852361158427, 70.76556892828752, 18.27235416985244, 41.075966068543245, 46.73131176649611, 50.59478851560177, 75.43623841929269, 46.50348727007444, 66.0940022810923, 95.85565108373916, 44.091019674223425, 88.93740648092837, 52.541016674463904, 91.86192161555608], [41.3992782068697, 27.22907041140183, 82.26612875676608, 66.2124877980234, 57.518144286902675, 57.39128736284689, 66.83111331600375, 10.98352429278062, 34.99817601913295, 55.0860762898829, 27.49270462390782, 87.73922966091823, 68.96462560470188, 28.06699602213663, 73.70083001480648, 0.0, 6.373843021261503, 74.86040622127288, 76.14358121168537, 69.23106199631468, 34.92110828871771, 40.31422429929909, 59.654867075662644, 61.60526132152949, 49.50204780409262, 84.45507612910454, 28.60305276585563, 56.28132589133, 34.4020904161762, 43.33220513563612, 20.914287219463187, 71.56912381714946, 60.96276684449533, 34.777126087972654, 44.08887757292594, 29.95129232920628, 50.7789940960551, 56.051892395940406, 14.765225786005317, 52.293978463715554, 62.64133512901216, 40.06301104339381, 60.80558230896415, 54.158069356945255, 45.4832327473858, 86.91095712153655, 24.73342435467849, 65.58781506008512, 53.2614859416378, 9.776382294442142, 39.062173218235294, 50.24910326409361, 39.286860792928266, 47.23381494694664, 21.418717675780176, 56.12819372321872, 33.50865862305117, 48.50409569688912, 37.80807649999512, 9.767328801108508, 33.82837903199332, 60.68996101450003, 65.62111343443843, 36.9767165930643, 19.45805275469453, 55.38968790563527, 23.448644007409797], [47.63157214847277, 33.35666467041987, 88.2179114382597, 72.33981293758083, 59.380333995511094, 63.491430273396325, 73.03423004250266, 16.538639339000436, 28.665329304911445, 58.98688065763043, 28.247830216471606, 94.10460546768444, 75.09379458431805, 33.87572466587888, 79.4516925439345, 6.373843021261503, 0.0, 81.2007695462531, 82.50910093024648, 75.39658690975494, 41.233366283625145, 42.62967245511071, 65.42648370346178, 67.30508359336874, 55.67478952061138, 90.80288796617843, 32.58531995250609, 60.519692545778724, 28.457142134820597, 46.12718181113145, 18.814341694114773, 74.7122754920693, 66.22963007119317, 38.92141831729017, 46.447220406750624, 29.534040333926534, 56.38368870116786, 59.09705089093966, 21.12982398169039, 52.85574651737626, 66.21101875860981, 44.152769427756496, 65.33081677456093, 59.89365426935092, 48.31624717054788, 93.0348680637545, 27.24684648806885, 71.92397167890348, 59.565009785463324, 15.394362369617156, 41.01598812597383, 52.4552567369891, 40.577057456531556, 49.13130893620981, 21.22061193489692, 61.67624247477957, 39.653046806019525, 54.757952881472384, 44.04427302795428, 13.370244022840708, 37.90097402298691, 66.21569248801342, 69.01525563547057, 43.35040044670676, 18.235448814966876, 61.45961995414647, 17.50278266376664], [34.11961495393259, 48.499197461248, 22.58783532986924, 15.629418520624586, 77.1608961839043, 32.25152339268366, 25.872833002571966, 65.64255801623258, 109.33606794124847, 68.08375209322358, 76.83752140797954, 13.586885411848819, 28.95870050917244, 49.618549580580776, 26.424228695739515, 74.86040622127288, 81.2007695462531, 0.0, 12.136183699293346, 12.87300055006896, 42.05094715893696, 77.94777375227937, 27.992794675217706, 28.865725503147022, 27.17456471347208, 9.650666240810402, 66.56040875257193, 64.49891714186619, 106.98620451070566, 66.304213599685, 84.82163822737459, 69.40206669616043, 37.42789289331273, 57.23615566093232, 69.70879842318982, 82.42850342307581, 45.272406819091565, 65.72220354473525, 60.1116783154261, 85.37561746732803, 61.48273918726164, 64.61738451268484, 49.01072779599829, 31.24119236540723, 66.14344958267603, 19.11099724963726, 69.18234389617841, 9.286089295836437, 27.258245923920672, 67.93016116519811, 71.90875417208278, 72.0413941874084, 76.13465218145768, 73.76731593320106, 79.37010974654031, 33.67759510081198, 42.39123034249908, 32.380644656683685, 41.00688312719867, 73.12200390411024, 58.07604818024782, 45.57156199927318, 77.17854653573853, 38.35883740890496, 85.35969493847197, 33.87907018976171, 96.7240482533036], [38.11233271775645, 51.59802573248703, 34.53318408634678, 26.3335444203002, 86.29016863617501, 25.254946218431936, 16.397905797267242, 68.0618599353124, 111.11244492062384, 60.36503441232779, 82.21233852879277, 14.501642989276437, 18.58931151911165, 53.671842259931545, 38.400414353297485, 76.14358121168537, 82.50910093024648, 12.136183699293346, 0.0, 24.213960620884954, 41.53112624768852, 72.8331188399503, 37.99690806056005, 39.31607671663601, 33.07558344950009, 14.412348270650911, 63.25664871333017, 56.49580065916454, 109.6140900763625, 74.17632198421923, 88.6851775305281, 80.21543716782446, 47.92826627964091, 63.82992268242938, 77.58200076659668, 87.83298777626551, 38.597521672997296, 75.16851315834207, 61.5048572057543, 93.4656851417617, 71.77120813574946, 59.31259087352231, 59.412205917862785, 40.16317877544058, 74.30087543405082, 29.868113908138668, 74.34815508668287, 15.831735575742744, 23.822065735564777, 68.15110290337697, 79.05424081731908, 80.58482748674824, 83.1410457206613, 81.87746134823024, 83.74159693867867, 43.24930894636264, 46.055857025789315, 29.167164310344674, 39.42494674460775, 72.86374572333533, 64.53321969891464, 36.667865530585104, 68.38314089495205, 39.241367500705884, 84.04292338707599, 27.299297026784586, 98.97491085952412], [27.91854507801198, 42.040933476493166, 15.524276060525308, 3.4344828134017695, 64.82021898915444, 37.80620550776517, 34.43158268462821, 59.13702409177252, 102.64020027005694, 72.40213941207388, 67.2768773801323, 24.91417181330523, 38.071251689215345, 42.104027775442596, 14.696739355178106, 69.23106199631468, 75.39658690975494, 12.87300055006896, 24.213960620884954, 0.0, 39.944167342489685, 79.01579232246183, 15.631964720984577, 16.176579830346764, 19.729025099826522, 20.209600442471224, 65.99032729287634, 69.25567525610035, 99.51463234572745, 54.84555301118653, 76.4951727810046, 56.529167731137136, 24.644388794360758, 46.97657365449136, 58.21365814682042, 72.7628708165771, 49.386259891352545, 53.26500790884903, 54.85116031692362, 73.6152572346552, 48.696756190740324, 66.3002823387373, 36.21816137768172, 19.741075353444117, 54.47982510362713, 17.770985277301765, 59.94394473040401, 10.978525252815247, 30.188788824694672, 63.58898411812902, 60.93936842077209, 60.0696965991881, 65.22630603856578, 62.069615887186636, 70.66657844662244, 21.494671378437097, 35.743627168493404, 34.22562417128894, 40.127202895813525, 69.11441618443996, 47.91826702818991, 52.09330078071272, 82.60295434710315, 35.11897146458871, 82.14457626634749, 38.8500185328029, 89.73198674169076], [15.685987093439714, 16.045430364660387, 55.06566147789236, 37.76289357139811, 64.46860578772854, 23.562394240905466, 32.21409823781135, 28.30461524061191, 69.89864195489508, 39.87396248369894, 47.50494188597072, 54.01501944709, 34.72039716055975, 20.2959201802684, 49.478246815730486, 34.92110828871771, 41.233366283625145, 42.05094715893696, 41.53112624768852, 39.944167342489685, 0.0, 40.2384753131355, 36.97313973707493, 39.47481801791949, 22.610761528320104, 51.281299198816, 26.22717321155069, 38.30764660608846, 69.03421293011947, 48.83559210952347, 50.23562203187191, 68.85003710021117, 43.63549596493995, 35.89174581223008, 51.65636626119909, 52.74060780337003, 22.291137320031073, 56.68865274254799, 20.740234976117844, 66.36537895157771, 58.59346639911923, 28.985875044046587, 50.12053592845821, 33.028822744394795, 50.100509913580076, 57.331054177673856, 39.91357218208519, 33.17528595733806, 18.342227951039025, 26.620927335679283, 50.17731833836064, 56.95002756570745, 53.24574813024889, 56.242253116353574, 46.53785005265056, 36.80503953653852, 15.150384864603254, 13.772907589341493, 3.9374841120014135, 31.41443166665982, 35.928361456342365, 31.50013993563157, 51.687451358223434, 5.550488485812578, 43.31157425956363, 21.878098233318468, 58.17954314968275], [55.657323879172324, 48.881774579689456, 94.47866105159527, 77.27496260434881, 94.36175878511573, 47.66861842608083, 57.55835681176815, 45.19273100710356, 62.87709594667697, 20.88234509736243, 67.05682832971934, 87.19328074457273, 57.35944475166721, 52.87031297206116, 89.62812533790506, 40.31422429929909, 42.62967245511071, 77.94777375227937, 72.8331188399503, 79.01579232246183, 40.2384753131355, 0.0, 77.17643214746514, 79.6666080306737, 62.84404504550451, 85.8454808593234, 15.311572214993134, 24.294597048258538, 66.70604434632308, 78.75355443435579, 60.993379511042946, 104.23095909862643, 83.21730754574169, 67.00900411447083, 80.49309421815227, 70.1273500370497, 34.606090533807446, 89.89065100548765, 39.578545891606325, 91.39569635346193, 94.20758000480589, 13.520898425109744, 88.04669484247988, 72.99570148068402, 80.64710657526385, 95.50795100283064, 62.41443261556175, 70.3811961460667, 50.68969186879581, 33.013412682931275, 76.56600674218312, 86.65191483463713, 77.81891856717712, 84.42473189844652, 61.63496654959011, 76.57740114834553, 52.27419345297368, 45.64295928260089, 39.106082461375784, 30.56382832013999, 66.46920744527223, 40.54220910581558, 27.751282695637975, 45.741294977377194, 27.582930330963602, 45.56018120174822, 57.1489391946294], [21.620949059216716, 32.99003049660931, 23.308150551631286, 12.437599186709251, 49.23294991777842, 44.01624369664557, 44.07049533292207, 48.88873025117025, 91.18506883972633, 74.76549539751585, 53.33890924296825, 40.54230768666233, 47.9427220393631, 31.58977840186504, 14.048177688889886, 59.654867075662644, 65.42648370346178, 27.992794675217706, 37.99690806056005, 15.631964720984577, 36.97313973707493, 77.17643214746514, 0.0, 2.5203839662909218, 14.581936693552038, 35.84115153036072, 62.71846870402059, 72.2806423117887, 87.28464234471893, 39.434919429664376, 63.67938519499174, 42.38831536061822, 10.128073902826275, 32.70160096420182, 42.769826625113524, 58.655691268160346, 52.83749244968898, 37.73860306346054, 46.38256680024586, 58.03405625347069, 33.77698229480602, 65.75243363277842, 21.432836962215276, 5.5716691209555, 38.963883757839405, 29.854603872894746, 46.46713352722508, 22.36072186061937, 34.855719506162544, 55.803607213086366, 45.82168728291801, 44.448900174313906, 50.12651473251869, 46.52317609305722, 57.55117608490485, 5.894587113508882, 27.18883185575675, 36.94024475983506, 38.67464965403088, 61.49810555584293, 33.72984823375503, 58.11083956542046, 85.96827699646033, 31.44324660020122, 75.03785003682978, 44.312471334570695, 78.13220915932453], [24.076606953812593, 35.132135688139506, 22.021688287730267, 13.242028485359148, 48.72888980967287, 46.31016633892978, 46.06724560963758, 50.779315597600174, 92.76210143592851, 77.26936650829892, 54.353340550148076, 41.012093802711824, 49.93082993469303, 33.546477218151516, 12.190810091643591, 61.60526132152949, 67.30508359336874, 28.865725503147022, 39.31607671663601, 16.176579830346764, 39.47481801791949, 79.6666080306737, 2.5203839662909218, 0.0, 17.102223840361034, 36.26454771383153, 65.1750405398862, 74.76893914064283, 88.70462691354004, 39.6641571275845, 65.00496121111702, 40.9059704324929, 8.621081533543325, 33.69224611952636, 42.9488124778894, 59.590279066221974, 55.29438953006941, 37.12629125416196, 48.51557444880709, 57.965617912641505, 32.63111127154619, 68.26902454064528, 20.176923733359214, 7.4709988467361, 39.056841970641706, 29.065854474403558, 47.66494119982588, 23.890057764062984, 37.2017378781842, 57.9757488507256, 46.284856842466766, 44.279108653368255, 50.58852515718458, 46.544200717240315, 58.81367424977933, 6.369878716346028, 29.433402367954148, 39.38786550984013, 41.19381848290108, 63.67223659119091, 34.74885297559042, 60.455627587934416, 88.45455196801352, 33.94079429827908, 77.23421340188682, 46.65446610238112, 79.70190582336978], [8.309875879929665, 22.326343644351237, 33.535635411770556, 16.76945051350877, 54.518073548183075, 31.351273589095552, 33.804157161014324, 39.47751730936951, 83.10045877773496, 60.28697495977624, 49.759793412291046, 40.74704976606352, 37.60098309656833, 22.707323576593787, 26.948878473471165, 49.50204780409262, 55.67478952061138, 27.17456471347208, 33.07558344950009, 19.729025099826522, 22.610761528320104, 62.84404504550451, 14.581936693552038, 17.102223840361034, 0.0, 36.708531628486604, 48.67557071862008, 57.91169095585207, 80.26423541058332, 41.35808699749151, 57.72976398468633, 52.6288306414644, 22.748326357851436, 30.76856579302275, 44.74047557778183, 55.368992290633145, 38.74095337946831, 44.1456201590736, 35.16619064590556, 60.6573205023252, 42.87989290641837, 51.21054225120114, 31.87578929817973, 11.759031277045215, 41.67007178736077, 37.44070853472394, 42.04436179706389, 18.3054554419395, 21.969533825625962, 44.063528489126504, 45.986189240637074, 48.21301089302583, 50.06546767711031, 49.14617004742876, 52.20662490309933, 15.875677815246062, 16.02820336798905, 23.035094599665864, 24.1128991491811, 49.656411530769084, 31.496789592313185, 44.853478268174044, 71.60363799427677, 17.161904494671887, 62.892942818169864, 31.23771323256577, 70.26939653036173], [43.766632240116564, 58.14985731365153, 23.843929032132248, 23.491044889885146, 84.98581548879496, 38.873922170368346, 30.716582207593873, 75.28961820772705, 118.97656538624527, 74.46528999320302, 86.22324197121921, 4.780904288628559, 32.99866894961576, 59.23851116443383, 30.979109734686592, 84.45507612910454, 90.80288796617843, 9.650666240810402, 14.412348270650911, 20.209600442471224, 51.281299198816, 85.8454808593234, 35.84115153036072, 36.26454771383153, 36.708531628486604, 0.0, 75.15265500086748, 70.66968890243488, 116.63450613948207, 74.9247659495941, 94.41325753523668, 75.63089786554082, 44.5193365939058, 66.3910478232346, 78.3093842871336, 91.79601391665496, 52.21621250538483, 73.39001996327352, 69.69753269987575, 93.79451673718006, 68.42310343086037, 72.38258577335812, 55.98665967163365, 39.74117826598846, 74.6252591520249, 17.04609390434165, 78.62566996076208, 18.927055118918947, 35.42677587516986, 77.39277179152987, 80.80663417952842, 80.27535693859083, 85.06675677030456, 82.22938258030224, 88.91356145992452, 41.70134321361696, 52.03770937490495, 40.735232643318014, 49.97553311359659, 82.51871755826453, 67.26590889305385, 50.994488781510356, 82.74224938203481, 47.8150600883837, 94.56973431309369, 40.7598449006739, 106.37374468436882], [41.099149065492576, 33.5766543091052, 81.24109162341742, 63.9368401717287, 79.59993144148834, 39.23396749037557, 49.546320355441374, 31.14670781648031, 57.64058588511731, 26.49876427235445, 53.6344174780983, 77.12184382068507, 50.30969673938232, 37.56152621148803, 75.61802235680268, 28.60305276585563, 32.58531995250609, 66.56040875257193, 63.25664871333017, 65.99032729287634, 26.22717321155069, 15.311572214993134, 62.71846870402059, 65.1750405398862, 48.67557071862008, 75.15265500086748, 0.0, 27.941004034586864, 59.772771690100136, 63.8575449015333, 49.44869116820482, 88.95697842562245, 68.27742512212785, 51.876389335931194, 65.75155049931418, 57.27878468013817, 28.053185419214167, 74.73174430145008, 24.737678832977355, 77.39863258264239, 78.9126316023863, 11.567459866756257, 72.78941406634497, 58.29313620381025, 65.69602088396708, 83.09093868928773, 48.28277209690089, 58.29638319405153, 39.78381266227163, 19.71299261962827, 62.12640779036374, 71.85557771155796, 63.70101789736307, 69.81833944053105, 48.99676479784401, 61.74561661673739, 37.14235484466377, 34.433308782152594, 25.938334832748346, 19.25696192591841, 51.37832198829183, 36.738639362027854, 37.14072863033297, 31.529145181547708, 23.39227315568188, 37.007091226531294, 49.23609417607822], [53.066344900011956, 52.74730175497478, 84.51507892616158, 68.49193360135968, 101.72298269643508, 32.25449591803895, 40.12411765364201, 56.85165107948127, 84.77557632241384, 4.198782520188203, 79.43550700009662, 70.90269803168444, 38.6361591432202, 57.22683817194594, 82.30691012786087, 56.28132589133, 60.519692545778724, 64.49891714186619, 56.49580065916454, 69.25567525610035, 38.30764660608846, 24.294597048258538, 72.2806423117887, 74.76893914064283, 57.91169095585207, 70.66968890243488, 27.941004034586864, 0.0, 87.46702621252183, 85.83024884182889, 76.88516519809443, 107.1573077953666, 80.50223524974446, 72.97671806048037, 88.31013166872518, 83.67206619077781, 19.887986522465813, 94.73376461925237, 49.1725424184884, 101.74709012879859, 96.90108371032285, 16.383181409195654, 88.11152372979757, 69.51689589835274, 87.34073938838944, 83.40884716779533, 73.07943919414026, 58.93421087094792, 39.080092956308945, 46.888938500518485, 85.7603325660616, 94.02691654706378, 88.0762148217655, 92.74215620309448, 75.7371706392729, 73.56543640629329, 53.36242758189733, 35.621058163421125, 35.14003190543274, 47.168492373667036, 72.79433816687484, 20.12113135766098, 13.692444214261169, 43.29043148271858, 49.42844930072921, 30.751666661646986, 77.07870781679495], [72.86820581214512, 58.51335271490049, 110.59266234298234, 96.22686494541223, 64.31144373922912, 91.78711408871912, 101.13867678794774, 41.57607823621185, 8.029669128804606, 85.41385156323179, 36.42550156568169, 120.29670708153539, 103.34494718937982, 57.55729151026275, 100.77372652594461, 34.4020904161762, 28.457142134820597, 106.98620451070566, 109.6140900763625, 99.51463234572745, 69.03421293011947, 66.70604434632308, 87.28464234471893, 88.70462691354004, 80.26423541058332, 116.63450613948207, 59.772771690100136, 87.46702621252183, 0.0, 56.786790511752045, 23.89237329577139, 83.72236739563552, 85.45215364566084, 55.805267521938774, 55.34309859203991, 32.88460940869737, 84.80529896414124, 69.04555368174283, 48.351482140266896, 53.229098665798574, 77.74002126186052, 71.16134753269404, 81.14140193311154, 81.76217949184105, 58.77791079929317, 116.56236920091582, 41.469559066715476, 97.73869464214427, 87.33771389451509, 43.84849100941576, 49.42924084918801, 59.76868078911274, 46.54180872440475, 55.719944766306114, 30.279767978864164, 82.50172082859854, 64.59815948450046, 82.74317392625329, 72.10322688379765, 41.27613194065325, 54.68633093605042, 94.5925421736873, 94.31993083000458, 70.43223791713712, 39.12922149703953, 89.79128846301202, 10.965320139450233], [38.98677011639248, 33.1959212893402, 60.74907098988217, 51.47756170001993, 15.92178051011094, 69.12903997656619, 74.1667093492915, 34.388946503709136, 62.91853511660801, 86.49733829203996, 20.615192626477036, 79.50991009306557, 77.75858368222374, 28.736264