instance_id,num_cities,city_coordinates,distance_matrix,best_route,total_distance
623,100,"[[19.083626586233848, 15.598637683938499], [88.26166006279047, 54.93772196201475], [29.106014353701624, 80.1428336144507], [90.36365492327, 47.57238501469602], [5.447793717910921, 62.03010993096333], [51.22516165809981, 76.15739546071458], [70.68746661378364, 92.28205257665465], [75.51417721970404, 85.32478460598647], [46.82961350793264, 84.12494568822365], [88.2550916054088, 40.3375325006144], [2.823775286272112, 14.713158541593819], [45.27675106521812, 51.79216928521186], [48.86133494537898, 86.55213749095478], [73.63919604356288, 38.956050915611875], [77.53141332296438, 88.36093772648339], [49.801520608589776, 97.36553136892022], [80.26835996811154, 23.72198025560327], [83.33246121542562, 7.22787512331019], [60.30977966034548, 53.956874518477726], [62.048618208415505, 34.712832327535935], [20.89134351839568, 46.51543113883893], [73.87565970847412, 82.20304269863921], [86.42440068651966, 39.121008053980056], [30.98120995732173, 12.280995786742722], [88.97763398265255, 93.78489308157722], [97.21179853373143, 78.85574208365462], [78.82258547515413, 61.2113088461323], [88.66177774065258, 59.73740965672013], [62.39100701223593, 12.659902495747366], [49.79694451260927, 32.83247057246717], [41.55491597100678, 89.30388853290499], [66.91900165450174, 54.458347906911285], [67.4482038782391, 35.01811675932418], [97.71060571465327, 43.25283910791325], [69.63622150621237, 92.23777450392315], [88.2642621122331, 62.85469581989982], [4.105185476494267, 31.913896476795923], [69.8951488098337, 63.79675519356112], [15.449910829811897, 3.578596661030531], [44.88591839965147, 65.01354294167007], [84.77896861147528, 99.72106635326794], [19.4366867210351, 75.32748652878396], [4.712171688974365, 69.08012013496966], [2.0299582645537995, 44.94501318725367], [63.79990285620505, 83.54228465554205], [57.62231493915314, 29.4578005701537], [95.87675900893517, 75.36854624922562], [62.322651585441456, 74.56590422919432], [15.547842241965771, 55.90775046794484], [71.87146411451843, 11.797732730571786], [28.13211973569144, 33.58780718370517], [28.624919987007747, 82.73059656341249], [68.92775498998476, 0.6523104004392488], [0.9745771887558652, 12.716977399519259], [48.738176363199806, 92.52852468237256], [59.06539766463668, 88.83429907932702], [17.316039319845345, 90.2602604846778], [12.16947084581681, 76.44604627126544], [21.380372269094305, 23.939979333148344], [24.402948033094496, 36.176221153126406], [66.33623013488734, 48.06137329670781], [64.01707086468168, 67.42352396862313], [77.5400319598769, 91.6527012842654], [26.225096901642374, 1.3642268538485158], [3.8329405714562115, 13.06313030935151], [35.95114677139743, 15.067699207631058], [47.71775287938812, 17.467562408243488], [69.61785424813054, 34.31132393987711], [77.56695334295506, 82.63250361347639], [28.544083403999, 94.31547945923522], [58.304770574904886, 84.27285938580273], [69.18494895798473, 49.865835266346494], [13.858832032479029, 22.600597382147626], [11.00211799432178, 41.71868632651075], [86.64549553885695, 98.16484482776914], [99.67926088861265, 72.7842529095746], [50.934664463872124, 55.432212606886274], [48.55386992035735, 80.31828845744849], [50.9147476686595, 83.67062787145898], [39.351196079973185, 99.26317393856266], [16.982023038285188, 46.01058725943743], [59.54529194238335, 98.14752361289452], [35.96846316848985, 2.0201822227567168], [15.757059496542325, 27.34191115264013], [61.46212741890626, 66.71964720420324], [70.69098582380715, 18.46364524454903], [59.47172725386247, 27.89513413455309], [56.81121577550273, 39.29083622681622], [56.135935049082896, 58.65577499318712], [23.584453395434423, 82.22714224873025], [46.53109015665389, 29.924291325372565], [28.681086518123088, 65.59059263974247], [44.09827609990549, 40.308949776125544], [26.21882610192987, 69.19556768169396], [98.53200133736097, 94.041627387813], [86.25086357905626, 38.438045278366964], [26.927492973737365, 30.574967497085858], [1.9891983963281956, 58.86197756196275], [2.214956669891177, 25.30936632503653], [79.30872221950523, 95.83075423914936]]","[[0.0, 79.58117784703349, 65.3176965674528, 78.1227428992339, 48.39232948556075, 68.55976531641738, 92.42998661255659, 89.70029325142512, 73.93033666200387, 73.46226575357922, 16.28394416621461, 44.677192164950775, 76.94875600025357, 59.34542030930948, 93.33003847585012, 87.34651633614126, 61.72163553850529, 64.79183912388696, 56.31118921089028, 47.024918308993044, 30.96959731801172, 86.24565879527482, 71.33079113714591, 12.351487271985334, 104.87260272843152, 100.52597927349095, 75.16155253640343, 82.3975139754371, 43.406973677840995, 35.21807624042441, 77.05467441578925, 61.630351179717294, 52.1176410075676, 83.34840552319325, 91.81025076567303, 83.78004155125794, 22.14816849213154, 70.03477223601696, 12.557279816539074, 55.74577225633658, 106.73547193430998, 59.72989231355757, 55.37876561484481, 33.94167583381013, 81.33808780180588, 40.954937380859, 97.31200931639077, 73.1214866280859, 40.46388938748862, 52.924499708330714, 20.13666922723608, 67.8066086952816, 52.03681231200738, 18.33689275954617, 82.44755809644325, 83.43862486034756, 74.68254336847517, 61.23898008128361, 8.651764053681825, 21.253990733187663, 57.32920499702383, 68.59178706773042, 95.92378182354079, 15.925421499779658, 15.460020102442273, 16.87587428438967, 28.695053026565876, 53.887594048144315, 88.9597588238226, 79.28329850780617, 79.08506092895718, 60.69912135731368, 8.736470554193545, 27.341684699584423, 106.6854474541367, 98.82231963143388, 51.00198334403126, 71.11348984839334, 75.1466307791236, 86.08442948573727, 30.48447825460426, 91.93184938586204, 21.66730622668143, 12.205348023015581, 66.40252214483885, 51.68682419919315, 42.21850898004903, 44.54987382506684, 56.804846938387264, 66.78034937395051, 30.961066013686743, 50.90487989817236, 35.16151609338139, 54.0697880272624, 111.64831787482377, 70.94417710083336, 16.906114118187357, 46.51812606437715, 19.464076538268287, 100.32075892339344], [79.58117784703349, 0.0, 64.30154020450057, 7.659410600106302, 83.1170164652802, 42.684619682879664, 41.27288824929321, 32.95257038477339, 50.68045491673963, 14.600190938937002, 94.43329739794694, 43.09984806437394, 50.5159072826987, 21.661723463959127, 35.1034121865065, 57.26518434358926, 32.22290143182316, 47.963803921806594, 27.969084356483346, 33.10845396550649, 67.89473126835473, 30.827823813324773, 15.923063802682984, 71.4188088130657, 38.8537684484593, 25.53774980667222, 11.333755841005836, 4.816336379743845, 49.56515618944889, 44.36413507949238, 57.98752752474919, 21.348041301665216, 28.809557958727808, 15.027277239937115, 41.6917363641045, 7.916974285489178, 87.24911893404844, 20.391449320796955, 89.10280903567717, 44.530631404028334, 44.918560469038326, 71.78174875678089, 84.73797515641279, 86.8087589110523, 37.63772804676004, 39.84966579208384, 21.803860048497366, 32.528413731714714, 72.72028779771433, 46.14864238644261, 63.807370114974255, 65.79501991393794, 57.625565452964516, 96.96198279774438, 54.54515755695155, 44.73700569206378, 79.25252570288735, 79.07356874723453, 73.71544414183944, 66.55771190999248, 22.97843877399547, 27.27077844751189, 38.24843808327968, 81.96739929357176, 94.2427190875969, 65.77239934230832, 55.20707623739388, 27.80359312431382, 29.688005701721174, 71.5317883706855, 41.92809935427453, 19.739426061309768, 81.1262623630717, 78.38226676846114, 43.25732468634009, 21.186322839983983, 37.33027084605113, 47.12623211784115, 47.120820741747146, 66.00741761302075, 71.83648368582071, 51.881757456114634, 74.39653522498239, 77.57864317902181, 29.275052729980413, 40.485637769510895, 39.49888337090767, 35.12770244519486, 32.34016273921587, 70.19867179567491, 48.6529770610706, 60.52543595537259, 46.52317120231435, 63.660029928213916, 40.43012898131689, 16.621751807914478, 65.9956351407144, 86.36166640358977, 91.00480549145108, 41.86161947231022], [65.3176965674528, 64.30154020450057, 0.0, 69.37818569362918, 29.795673559866326, 22.475328579376118, 43.31717683632917, 46.69657585600987, 18.1654392610789, 71.29568946641584, 70.51098120532112, 32.638212170741866, 20.769012202348996, 60.65933844432828, 49.117781917839935, 26.924436801684898, 76.16362847520392, 90.86857933858172, 40.73548113239955, 56.116843867574076, 34.61622472467508, 44.817023625656745, 70.48537141926587, 67.88774110180698, 61.406161120024414, 68.11794509074275, 53.199060838777015, 62.95450960413569, 75.24517744447375, 51.63705105837352, 15.456392809976025, 45.7112110392108, 59.214555379491706, 77.89391279487457, 42.296398037483826, 61.632604895973465, 54.32376848098133, 43.94255078420338, 77.77256292366006, 21.86094252224435, 59.01512545918592, 10.802012054394655, 26.785130006788453, 44.40719959835214, 34.86003681588585, 58.156272007250436, 66.94121422307894, 33.68155474964214, 27.76982690132411, 80.62218372180533, 46.565211872109025, 2.6321035066433147, 88.9073355136723, 73.05904354206875, 23.2126501803905, 31.194650507718013, 15.535953069359724, 17.335303362076186, 56.731352663097695, 44.21743823583977, 49.14579395261166, 37.15592421915092, 49.78283956597838, 78.83126643982814, 71.68273748890283, 65.43415740942518, 65.38032144093626, 61.169734760601784, 48.52484996807504, 14.183781464543289, 29.489396021914185, 50.229648893711236, 59.52802297532461, 42.47547713912664, 60.29581066069034, 70.9558442728117, 32.97127168023294, 19.448647010613193, 22.092219922921604, 21.692191284289162, 36.221559969935164, 35.365498470414416, 78.4234777614697, 54.462207158694994, 35.02998695535809, 74.38838706504735, 60.430940923310864, 49.360549798212986, 34.52984652430732, 5.9018622399030045, 53.15576409363862, 14.558443634242861, 42.56179288883246, 11.321593854385743, 70.80356020010358, 70.7447748116146, 49.61571632892109, 34.47022689209885, 61.07240062690571, 52.59679391926912], [78.1227428992339, 7.659410600106302, 69.37818569362918, 0.0, 86.13785053042747, 48.465704134643126, 48.84779176064384, 40.56785258020407, 56.84454638524462, 7.535856299448853, 93.50379292451564, 45.28394283622956, 56.93736617246756, 18.81352540397612, 42.75947212970327, 64.22339265419843, 25.89897270943776, 40.95262095804564, 30.724536197367176, 31.098382586195772, 69.48035120400242, 38.35539646289145, 9.324349654205172, 69.07790474364992, 46.233288395693755, 32.024139339152676, 17.866631671525393, 12.283493415383417, 44.73645567979848, 43.16159254831356, 64.21690886363548, 24.434980086869974, 26.129055628266496, 8.522685185539292, 49.240466227310634, 15.425837861259993, 87.66819157819951, 26.11876586319933, 86.87647821940783, 48.707478985729864, 52.44686536441494, 76.16416794279425, 88.31058402161476, 88.37276191289784, 44.715395604344515, 37.418357975116756, 28.33762333074783, 38.922332249951324, 75.27870976845458, 40.27141501061604, 63.783480533080585, 71.04766872202318, 51.584796284925275, 95.94428934672003, 61.26773179394276, 51.78925042617037, 84.60619869422312, 83.35477633523921, 72.91902278584885, 66.93793695813604, 24.032400036228807, 32.988031304162156, 45.907729069651516, 79.05029099068258, 93.15821588326783, 63.38198200430158, 52.20127685509564, 24.62202238815273, 37.32247965363744, 77.50210513965008, 48.730861727719436, 21.302523334591275, 80.4771899553929, 79.57712819684356, 50.72890398131344, 26.877849565215165, 40.20475318200877, 53.106989316584766, 53.47241738437396, 72.62374692076129, 73.39825004951923, 59.22513099224579, 70.94956000735499, 77.300815997315, 34.6686593545125, 35.13307046790954, 36.62656682426013, 34.55937243484984, 35.97746991105878, 75.23572260332938, 47.25197292057481, 64.26036921053995, 46.8320698788163, 67.69136645961127, 47.181695283998465, 10.01754536100134, 65.67388251927316, 89.09264541091834, 90.91663766847824, 49.50840067391022], [48.39232948556075, 83.1170164652802, 29.795673559866326, 86.13785053042747, 0.0, 47.90769887993529, 71.91241167836513, 73.83725323463428, 46.910945165005394, 85.6014982287138, 47.38965458318447, 41.12373125142642, 49.860459259437725, 71.98944054917257, 76.74217033524253, 56.70842174925125, 84.05730148669336, 95.23290592600634, 55.45281446034366, 62.84812637356518, 21.890831150571863, 71.33947056483981, 84.15484433446794, 55.9189565620613, 89.36218701215724, 93.29380728202493, 73.37936018142517, 83.2455621128515, 75.3654225920564, 53.09754533233808, 45.250229575414764, 61.935781139277346, 67.6291256423858, 94.15419468673922, 70.94122398779457, 82.82057340538036, 30.14612594856748, 64.47156438173533, 59.3011108687292, 39.55080973813163, 87.82962772334493, 19.300501336419337, 7.088284958017007, 17.423608407219877, 62.19117543726114, 61.50720284456237, 91.407393831252, 58.23998279652356, 11.81076905128005, 83.27902321809236, 36.38053370207263, 31.075542294767192, 88.30028175670334, 49.515600634350314, 52.95479706244285, 59.94424083170293, 30.623465740396227, 15.905978875236078, 41.288074649324955, 32.05809476636415, 62.470211240729554, 58.817082046603346, 77.94093105179786, 64.12523447999908, 48.99360003049338, 55.999308642630574, 61.42125112066356, 69.90084237884182, 75.0042119515421, 39.69614191380273, 57.34631553789271, 64.88755301453051, 40.31664700054244, 21.057170916508237, 88.8751137668228, 94.84313889969823, 45.96289437534199, 46.82511376801675, 50.354303870596866, 50.356149049722596, 19.739897482978822, 65.04619039742872, 67.32534951454531, 36.18773404592948, 56.210295674400875, 78.4519659501243, 63.904475330906386, 56.1718407572551, 50.80033275364604, 27.145138399043542, 52.14039542052523, 23.504530019975, 44.33586118294067, 21.97224547185539, 98.43478530494731, 84.17672845601342, 38.089414089170106, 4.6903032211130125, 36.862775890473344, 81.22758346009152], [68.55976531641738, 42.684619682879664, 22.475328579376118, 48.465704134643126, 47.90769887993529, 0.0, 25.274213762146434, 25.961457984726152, 9.09959890150757, 51.519688415041564, 78.21821049658443, 25.08082604630298, 10.660128451525086, 43.43188889970322, 28.99905723446188, 21.255864662223722, 59.94147258624105, 76.0404988069417, 23.987359470217296, 42.8345541005927, 42.412104071738675, 23.443440712818504, 51.09481793999817, 67.00755193090124, 41.66506737051602, 46.065733963855756, 31.384762328695636, 40.87928763464242, 64.47175905238312, 43.34845926658701, 16.320046928421856, 26.77956830449068, 44.22247563114367, 56.95266752233507, 24.44474820700847, 39.35551778575795, 64.63574365391864, 22.39093227312977, 80.91693646593359, 12.820743116371899, 41.001274943554556, 31.799306402179422, 47.048337504149515, 58.26131515952088, 14.582890818325588, 47.13571610831632, 44.65856501343941, 11.211027028218924, 41.02339872626426, 67.5902063309445, 48.42993321597922, 23.536735039683713, 77.55256076128957, 80.93088337149118, 16.558954310259832, 14.905475034153943, 36.72491497110419, 39.05675747057195, 60.14457582121193, 48.144838173569234, 31.901894174962738, 15.489139820848735, 30.538122102786836, 78.86077166806169, 78.91076551723354, 62.970203422358516, 58.79454413521643, 45.70978935018642, 27.125947260110046, 29.054213554422287, 10.7694761773409, 31.84022765796734, 65.30369981952737, 52.95203422351674, 41.700454192583834, 48.57136834505176, 20.727218649507055, 4.944575823910519, 7.519642152569513, 25.978222757107986, 45.622610482746715, 23.51149302142994, 75.69077378051635, 60.34018378472626, 13.923597241417411, 60.88913798417202, 48.9617372285739, 37.28735965912699, 18.177524976931366, 28.299303513203377, 46.47078894585356, 24.89764337792275, 36.550014442685644, 25.95734701337007, 50.57452750210884, 51.473771702045106, 51.653987673309885, 52.18535770316219, 70.62239205782393, 34.28888186323874], [92.42998661255659, 41.27288824929321, 43.31717683632917, 48.84779176064384, 71.91241167836513, 25.274213762146434, 0.0, 8.467627347078391, 25.213796771007193, 54.83479382451001, 103.06509555818721, 47.80308686313853, 22.56572512674627, 53.40763203681812, 7.887632612282314, 21.49568554764624, 69.22627416042843, 85.98900505727791, 39.705360591417964, 58.21378549675731, 67.63310959259056, 10.571235279292807, 55.44139021301171, 89.31268613792521, 18.351805141851113, 29.728874806389893, 32.11808329985492, 37.178349119770346, 80.05321995664283, 63.0132265015232, 29.284380956841858, 38.010971614697006, 57.355480717724184, 55.98315657613781, 1.0521771827583795, 34.277004911217624, 89.87499336490629, 28.4963144021421, 104.49636673283173, 37.540531535387636, 15.934533395101024, 53.98240222041409, 69.9361795456692, 83.39453669682604, 11.127536916569587, 64.16840989503666, 30.340849488048622, 19.591631956720725, 66.056551754999, 80.49302821467407, 72.49808266542311, 43.133376180199434, 91.64663788856983, 105.78510358235395, 21.95067404439489, 12.1226849681521, 53.40970786903184, 60.622891092425725, 84.27234735034308, 72.73321785794664, 44.43424056822843, 25.737921905351236, 6.881405007097767, 101.20747677213222, 103.65888913902779, 84.6679885339731, 78.26120167873331, 57.98059545478692, 11.850786170107884, 42.192411323051445, 14.747146732831146, 42.442820950324126, 89.91662196946425, 78.22400428495648, 17.00781972632733, 34.93835037793849, 41.81009326192765, 25.160042815688055, 21.566572512481567, 32.10448421074299, 70.88951383839138, 12.5917356581594, 96.70891603165761, 85.05628486030224, 27.176155940200104, 73.81840741599282, 65.35646927320603, 54.77790930258543, 36.63978186341852, 48.164251016190235, 66.8731703436473, 49.76916718516491, 58.37969224737035, 50.10434885095036, 27.900075582129993, 56.04816185243468, 75.64852703122968, 76.39603046012982, 95.78008833663775, 9.323053775913694], [89.70029325142512, 32.95257038477339, 46.69657585600987, 40.56785258020407, 73.83725323463428, 25.961457984726152, 8.467627347078391, 0.0, 28.709646615088293, 46.7566439276405, 101.34049668667261, 45.15238898108312, 26.681086866997923, 46.406626880864366, 3.645197836524125, 28.39225761735367, 61.78598350303122, 78.48727817540298, 34.85856406108922, 52.37261682332331, 67.0061182139272, 3.525622238796321, 47.47443463342762, 85.54870109044725, 15.900883730992645, 22.641450524263526, 24.339377116224746, 28.767571260931792, 73.84038656717017, 58.453563541536724, 34.19158803885087, 32.040817054105624, 50.94919779328845, 47.56816199859142, 9.074127654972902, 25.83543215859403, 89.17380261338364, 22.24925910346636, 101.44040289987015, 36.75101054793446, 17.11985069094203, 56.961661751328336, 72.64167612981814, 83.8478167591594, 11.849115154165055, 58.662071572066, 22.666305815896933, 17.022627750189745, 66.79313758269649, 73.61723110968391, 70.15535763013341, 46.96096523107458, 84.92825705192118, 104.05789561635984, 27.72811015838704, 16.819008314695278, 58.407038763834905, 63.96392592712265, 81.8447503314349, 70.90796174228913, 38.37703134814066, 21.275304626385715, 6.644292055254767, 97.35907095207115, 101.78382174544484, 80.63058617500829, 73.329692556977, 51.353089427197965, 3.3855969569369218, 47.82282203091288, 17.24152614285974, 36.01938670577416, 87.95285812892641, 77.86717917491633, 16.99333381127185, 27.22528611335543, 38.700365735164475, 27.421217576186, 24.654982635142655, 38.75615953753678, 70.50970987119995, 20.479939761618212, 92.21453398487901, 83.26419838373863, 23.315472144979903, 67.0348799652167, 59.62822279908683, 49.68828000806017, 32.96592700578619, 52.022029993440114, 62.52386737430508, 50.82102632988709, 54.89430051105742, 51.86697678114199, 24.61307732069418, 48.100340526395875, 73.19978387587857, 78.14219518049833, 94.734503559408, 11.170226930929248], [73.93033666200387, 50.68045491673963, 18.1654392610789, 56.84454638524462, 46.910945165005394, 9.09959890150757, 25.213796771007193, 28.709646615088293, 0.0, 60.27775534363313, 82.18582598282995, 32.370044975148694, 3.1653044161066406, 52.52601993977885, 30.992646554150276, 13.570016248435493, 69.0410602314482, 85.12119214520968, 33.04281158738632, 51.70275670448117, 45.68664394208109, 27.11424581623464, 59.942485553274196, 73.57122421537865, 43.240839649338064, 50.65697458988472, 39.35206485848825, 48.421915266551935, 73.13965659133405, 51.37823524403901, 7.392150099566964, 35.82862738121122, 53.25980582306597, 65.2641131423129, 24.206597443259984, 46.57524701408236, 67.46384520890938, 30.74498735648678, 86.44304530601448, 19.20998869377418, 41.0291668520505, 28.770952810331778, 44.72388267247355, 59.51534441390863, 16.980288997631742, 55.72233986063029, 49.82265561902334, 18.204656066143617, 42.1278924186292, 76.53966302528438, 53.88505026060459, 18.25801401228147, 86.34818295047245, 84.86331534269465, 8.617583888968326, 13.110775083561855, 30.144537631340807, 35.50057725747545, 65.34442634834387, 52.934256477851214, 41.0010895692918, 23.965520604527054, 31.619565237480042, 85.2870604872825, 83.05718204073163, 69.90882869866454, 66.6632997778936, 54.778653029447135, 30.77355103786581, 20.9334084592068, 11.476110324217634, 40.90779473380015, 69.80199041280609, 55.51486528697218, 42.218754478893516, 54.05272001446291, 28.98489908603671, 4.1789591345693395, 4.110319426731621, 16.884687790603945, 48.410566772986414, 18.929373198862706, 82.82002638502509, 64.7287928503231, 22.738840750413807, 69.86251831097479, 57.63345163467421, 45.93179459835446, 27.116162643710936, 23.32250257906795, 54.20147645177672, 25.940147933764553, 43.90104442727401, 25.449771809532887, 52.64482389746962, 60.34341576535278, 57.12875428388904, 51.46727490288832, 73.82235420659221, 34.524172061456824], [73.46226575357922, 14.600190938937002, 71.29568946641584, 7.535856299448853, 85.6014982287138, 51.519688415041564, 54.83479382451001, 46.7566439276405, 60.27775534363313, 0.0, 89.19147015725282, 44.47860676162924, 60.726088118722394, 14.681038602377159, 49.20614519949099, 68.7813185198633, 18.435413167404178, 33.47359708186231, 31.08740800881341, 26.803292707134805, 67.64644105874852, 44.266115775155846, 2.198035707117183, 63.77669457894407, 53.45224429861081, 39.54586032042891, 22.90604092417531, 19.40413943684678, 37.88142123164227, 39.1836066787723, 67.66543007596299, 25.58566321461901, 21.476097427599157, 9.894733937033461, 55.138892297295605, 22.51716518670963, 84.57046970052194, 29.789639622091034, 81.5586519740609, 49.89780231471189, 59.48518743265589, 77.20278319933166, 88.3490566564373, 86.3481470439637, 49.64581417932338, 32.50746949799973, 35.85054725196485, 42.94266964895234, 74.35573816154384, 32.9081056986631, 60.500665602128294, 73.16371537772302, 44.141395467136526, 91.54661796553816, 65.46362543562853, 56.60366243403413, 86.74461313848077, 84.2190385429432, 68.85570300411368, 63.98759841492858, 23.2399269535708, 36.3473875709515, 52.42193291459117, 73.25734636188731, 88.71861473270572, 58.0884422226528, 46.54365008262754, 19.58728684450788, 43.62454447848318, 80.49238012567719, 53.172687334181234, 21.318041518595464, 76.48138535512706, 77.26531898365589, 57.84970916504042, 34.39914692413946, 40.257467003494234, 56.34401343679312, 57.201909406360215, 76.57559804817959, 71.49848846843201, 64.54647681394363, 64.82369046588185, 73.65358670070425, 37.60158116532502, 28.05289210755909, 31.357540408865503, 31.461292095146597, 36.97564368481595, 77.05213073844772, 43.00381248993458, 64.70532534908052, 44.15682475630688, 68.4199125410911, 54.678557783576586, 2.761336938712526, 62.09977479327528, 88.23241692253144, 87.3427192061414, 56.209742786382165], [16.28394416621461, 94.43329739794694, 70.51098120532112, 93.50379292451564, 47.38965458318447, 78.21821049658443, 103.06509555818721, 101.34049668667261, 82.18582598282995, 89.19147015725282, 0.0, 56.365842406666104, 85.32464940363103, 74.85012790697388, 104.90579850459976, 95.07009671582281, 77.96680425166474, 80.85590873826794, 69.60395062473333, 62.51055087500556, 36.576243166458845, 97.99619759703617, 87.09080138069582, 28.262281275942886, 116.93941410592707, 114.11998052932347, 89.0948771359452, 96.92959225043805, 59.60260863321736, 50.346679092451176, 84.04688131856767, 75.41802252034685, 67.73926556334972, 99.08594227019245, 102.34241080802747, 98.06979351755432, 17.248402754780106, 83.11298699138501, 16.834422087969987, 65.56944832836281, 118.08047299824605, 62.8497063133786, 54.399747737184796, 30.242274728933253, 91.95399249099805, 56.74754987344167, 111.07625235689817, 84.39471219933412, 43.11491950440775, 69.1092109648338, 31.571579943575994, 72.74662152237892, 67.58286456726634, 2.721079336555956, 90.3513333265007, 93.0433423860351, 76.92457558425346, 62.43629916111248, 20.723935762840718, 30.435567238081333, 71.73517511131197, 80.76510414280148, 107.24836711469028, 26.940969369161273, 1.9341684880116778, 33.12926863963901, 44.978394422120246, 69.60989205092511, 100.99297055244227, 83.65443051713387, 88.97579906779782, 75.09671132614379, 13.564076409969223, 28.21672944180862, 118.28044948388053, 112.93023108255878, 63.029350476040285, 79.97046096227382, 84.07065005733476, 92.10297266357789, 34.350910086282795, 100.88916555617153, 35.49199885382888, 18.07637222936709, 78.37812962711551, 67.97076148356109, 58.16145581616573, 59.31868146694511, 69.08791442204128, 70.6338711353111, 46.27859044681941, 57.07112969402538, 48.56674733123842, 59.29301230648073, 124.31037970874311, 86.73493708814641, 28.85456965018804, 44.15670661947648, 10.613683597014937, 111.48996115853467], [44.677192164950775, 43.09984806437394, 32.638212170741866, 45.28394283622956, 41.12373125142642, 25.08082604630298, 47.80308686313853, 45.15238898108312, 32.370044975148694, 44.47860676162924, 56.365842406666104, 0.0, 34.94430756587069, 31.13188429806355, 48.76103016418559, 45.79743301794774, 44.85920424808055, 58.6021619838817, 15.188084062476259, 23.93740333417346, 24.949790914755425, 41.74588359770104, 43.05447010828572, 42.01779773850226, 60.60656746262026, 58.56352216331717, 34.84312265464941, 44.10654582019776, 42.711029731228216, 19.491083194114445, 37.69590345629422, 21.805859740266015, 27.801837313049198, 53.124657865016076, 47.214730558095084, 44.38812453064344, 45.719181345168444, 27.38933351403482, 56.69381786064205, 13.22714903280979, 62.10961572278596, 34.951682120709165, 44.0948788926245, 43.785484286158095, 36.75835929827689, 25.519345079088104, 55.82299127289316, 28.44654157967393, 30.012431229290925, 48.02950882007596, 25.00674274966976, 35.13502185435156, 56.34407824611016, 59.07244053773292, 40.88315198388318, 39.525259704747434, 47.556234521230294, 41.27839209525274, 36.69852047009067, 26.06863036463321, 21.387391084320548, 24.403664385185465, 51.28139336382374, 53.90679831180284, 56.723257031279154, 37.89001976674141, 34.411293598398856, 29.96780369244134, 44.651801583097395, 45.69698102957138, 34.996064375232265, 23.98567675159339, 42.8862857626948, 35.72429888834521, 62.143366953364485, 58.31209694374552, 6.727696441601314, 28.713742058800957, 32.373185316485134, 47.83940305523903, 28.879375423281957, 48.501650833846284, 50.634917988613154, 38.33050108019903, 22.018083584465348, 41.91269310237311, 27.795064993412065, 17.009620936097807, 12.846437642785482, 37.3743676533075, 21.903822794725336, 21.58269141767455, 11.543532108402923, 25.808579574494235, 67.97895550471497, 43.09536546180875, 28.0511127092283, 43.86108075654241, 50.55350620058793, 55.655835501692], [76.94875600025357, 50.5159072826987, 20.769012202348996, 56.93736617246756, 49.860459259437725, 10.660128451525086, 22.56572512674627, 26.681086866997923, 3.1653044161066406, 60.726088118722394, 85.32464940363103, 34.94430756587069, 0.0, 53.659387416261396, 28.727080472420766, 10.854189801239315, 70.24264999982235, 86.49044540581588, 34.547330644155096, 53.49035426771472, 48.83910601097314, 25.389585834868225, 60.50368540461239, 76.39307141119342, 40.76309853141241, 48.95918536366906, 39.240720300654615, 47.990674880896655, 75.12066572404457, 53.72781383134386, 7.807425441587015, 36.82513620942384, 54.78345543588368, 65.27695225080241, 21.538857440884176, 45.97998924607815, 70.62896216427409, 30.987557973887913, 89.4479275292916, 21.902396943497326, 38.25568056580041, 31.492899395720066, 47.480733005383485, 62.64447808582151, 15.238767184953135, 57.76260103974942, 48.32724710696958, 18.024340029231467, 45.26441485445697, 78.21564469759011, 56.87636282415552, 20.59409297415819, 88.21247931889809, 88.00438872107127, 5.97765605384811, 10.456154048883679, 31.762491278847897, 38.0581919018944, 68.37752305248793, 55.999514615993704, 42.27186877985674, 24.404921359069597, 29.12873861771229, 88.14408313374364, 86.1869507317161, 72.64088294734537, 69.09403949908003, 56.21330531150039, 28.971987458935825, 21.749946866881572, 9.71460679439085, 41.93964779833855, 72.90387295923269, 58.680138475141696, 39.5284424616533, 52.64994057943643, 31.188915019319303, 6.24142680115363, 3.5383048906753602, 15.874923269474968, 51.57429420597452, 15.76705160867787, 85.5095176230105, 67.83615522733359, 23.4969709097789, 71.50228271784697, 59.60892942917902, 47.925266847382645, 28.829270668465874, 25.644225953130118, 56.67577085605651, 29.09688624466799, 46.48783862037873, 28.529523695102505, 50.232136712852565, 60.93392093809471, 60.121019487026715, 54.4402621371905, 76.98416477627673, 31.8297992544801], [59.34542030930948, 21.661723463959127, 60.65933844432828, 18.81352540397612, 71.98944054917257, 43.43188889970322, 53.40763203681812, 46.406626880864366, 52.52601993977885, 14.681038602377159, 74.85012790697388, 31.13188429806355, 53.659387416261396, 0.0, 49.557968038904676, 63.08646587794033, 16.613931600096123, 33.17584254844549, 20.06733788726052, 12.342868327046299, 53.28677298707536, 43.24763824009418, 12.786268752837255, 50.3116521599336, 56.933905642171126, 46.3427766050405, 22.850908768657845, 25.64259799576422, 28.600859745888872, 24.61607593188256, 59.701807179611706, 16.896219240801166, 7.337282154201082, 24.451894657121453, 53.43188068642056, 28.01852576018619, 69.88970285157423, 25.121275419709903, 68.09961221051302, 38.803915600824894, 61.77767909207495, 65.2747527411773, 75.22229877310781, 71.85924160733823, 45.658996151234795, 18.621418848675145, 42.665900002922, 37.36476724786998, 60.51417605995224, 27.2157881166951, 45.82261488452606, 62.78929761963525, 38.5924113557966, 77.25694669282038, 59.07682055266761, 51.96378776677799, 76.1867436161376, 72.00018658068424, 54.37340405069955, 49.314658790837754, 11.67219802466372, 30.049664140918136, 52.840831569176856, 60.5081980704304, 74.45372146883676, 44.62109820774653, 33.67011069249469, 6.143669792136387, 43.85270570525523, 71.40192933423783, 47.84096293322062, 11.784044792808427, 61.97735700707958, 62.69797206417663, 60.62050068329689, 42.68995464132916, 28.05280125638423, 48.37466569574301, 50.15769079895945, 69.37302090011973, 57.094673446621286, 60.84626999978225, 52.75739295530955, 59.03583635116702, 30.316633704378866, 20.70339667028772, 17.973899185892943, 16.831310142315715, 26.35229163039682, 66.16543362458559, 28.573100743037138, 52.25543440596292, 29.57188337668661, 56.241620350479685, 60.44892464444392, 12.622301211191058, 47.45762070470703, 74.36375513984375, 72.71625657596933, 57.15658671754377], [93.33003847585012, 35.1034121865065, 49.117781917839935, 42.75947212970327, 76.74217033524253, 28.99905723446188, 7.887632612282314, 3.645197836524125, 30.992646554150276, 49.20614519949099, 104.90579850459976, 48.76103016418559, 28.727080472420766, 49.557968038904676, 0.0, 29.155268076561047, 64.69687550307688, 81.34018689443153, 38.473682319605146, 55.83758731764539, 70.4211894889813, 7.161299160334434, 50.03654562818488, 89.1912495648368, 12.666304081472358, 21.855578378359816, 27.18031408698921, 30.71142085985382, 77.20025024738639, 62.06940812241742, 35.98885268994753, 35.52476429049285, 54.28745399667033, 49.415993024156094, 8.795676052596386, 27.672412604080378, 92.61576216608952, 25.72375554279006, 105.08167446489455, 40.1351365018979, 13.475146755308911, 59.53879499180112, 75.32855951859594, 87.09427202481965, 14.552449866493733, 62.176778344601146, 22.480078839632373, 20.533128908670225, 69.96550898257638, 76.77212634992058, 73.75897258217341, 49.2295219561651, 88.12959913746089, 107.62415106669776, 29.09328574870928, 18.47208177937641, 60.24532092432822, 66.43905600454882, 85.45758767803598, 74.47065507902094, 41.8256741708276, 24.92012734613486, 3.291774840605591, 100.99884062394797, 105.36234947898738, 84.26634784468077, 76.907249418099, 54.62586537266191, 5.728544359615556, 49.34789823119769, 19.656453797189645, 39.38954659312941, 91.53480196294926, 81.25051847578571, 13.385928771986293, 27.076932279645494, 42.3283355197864, 30.072948457287687, 27.0267626083701, 39.706268310507035, 73.89032987156047, 20.476274700958076, 95.8238221242382, 86.82967462043938, 26.954914300292135, 70.2312106166219, 63.10519522933436, 53.26538695619768, 36.60823928543611, 54.29454790663081, 66.15029613708577, 53.89659585084258, 58.53860444661473, 54.774930545551456, 21.755342607707988, 50.67863458257987, 76.81129545883033, 81.09756400046842, 98.2245860208431, 7.678345241431936], [87.34651633614126, 57.26518434358926, 26.924436801684898, 64.22339265419843, 56.70842174925125, 21.255864662223722, 21.49568554764624, 28.39225761735367, 13.570016248435493, 68.7813185198633, 95.07009671582281, 45.79743301794774, 10.854189801239315, 63.08646587794033, 29.155268076561047, 0.0, 79.69693169212118, 96.17235076377678, 44.66245624524331, 63.83848444935023, 58.493854658380116, 28.45110254589407, 68.80159766594844, 87.14116299571094, 39.3394055578145, 50.89544923000589, 46.36108294913527, 54.09246831083031, 85.63608311166085, 64.53306095870053, 11.53241402586991, 46.195611804582136, 64.79664759013532, 72.27353526315478, 20.486806734205185, 51.675722097205536, 79.82525637012843, 39.12309584121867, 99.8800391284234, 32.72329904324206, 35.05667431256201, 37.51930912736327, 53.22700324711621, 70.92272481528434, 19.673252279408985, 68.3565997267178, 51.0567816064108, 26.01156893864729, 53.77789582047074, 88.36815359714056, 67.35845185599007, 25.7415953399833, 98.58630712076744, 97.7212775849469, 4.952507917198182, 12.59370249325232, 33.25344145949149, 43.05573162888793, 78.734194380164, 66.25118243139023, 52.00285205956249, 33.14522101665518, 28.32068924940955, 98.85392366216445, 96.020858020738, 83.45517379933794, 79.925137047055, 66.09478158991365, 31.432170809049147, 21.475135695936665, 15.611640517483979, 51.30242123343679, 82.95584497867372, 67.83778450390311, 36.852644283248566, 55.606008903150965, 41.94862616814896, 17.092838357703204, 13.740074828473373, 10.621220743187891, 60.94628540982075, 9.775100596663616, 96.34359907095502, 77.86098330103171, 32.78932703521147, 81.62032461930677, 70.14020949828308, 58.496205365659065, 39.22461019529113, 30.273840826915098, 67.52049003045198, 38.153891903877216, 57.3409147204775, 36.73813188410773, 48.84371085137534, 69.28927204070658, 70.598870830613, 61.388450144097874, 86.35144462209799, 29.547089327804848], [61.72163553850529, 32.22290143182316, 76.16362847520392, 25.89897270943776, 84.05730148669336, 59.94147258624105, 69.22627416042843, 61.78598350303122, 69.0410602314482, 18.435413167404178, 77.96680425166474, 44.85920424808055, 70.24264999982235, 16.613931600096123, 64.69687550307688, 79.69693169212118, 0.0, 16.776299370508642, 36.22835573123277, 21.278106566542007, 63.60166260119545, 58.82942529955427, 16.583934830488204, 50.597621305776876, 70.60214732938641, 57.67852116463482, 37.517196351181994, 36.9805437608919, 21.023066214852033, 31.804216602134588, 76.1558759348836, 33.51014270010674, 17.086810763843246, 26.185614069400934, 69.33582356726643, 39.94125534500017, 76.60245844628994, 41.395544398669216, 67.87626427060081, 54.37747990117669, 76.13282260637547, 79.77230564394117, 88.1254698744273, 81.06580430702692, 62.04578066353939, 23.361142740337442, 53.95359023782543, 53.91802161047956, 72.28187337709228, 14.584085127779137, 53.06149344437905, 78.41595304301363, 25.70639975757355, 80.05381986714976, 75.68680885142682, 68.4775851870145, 91.59878498563708, 86.12366595143575, 58.88839120605533, 57.236809545979085, 28.04479087636747, 46.62541496248847, 67.98548840152903, 58.485412027660935, 77.1750245903382, 45.15431281705328, 33.14603693435799, 15.018903813361955, 58.97242881256421, 87.5148154079867, 64.41124298190033, 28.39618203988282, 66.41899502538739, 71.5660094358644, 74.71551340784252, 52.762578334631584, 43.197274540273845, 64.87642854741121, 66.7493438619181, 85.91092039837052, 67.09651588694354, 77.2567605613062, 49.32999994238389, 64.61278347380191, 46.930520407486576, 10.925940810221743, 21.211203302707005, 28.153630137607728, 42.458732284892776, 81.46115174843784, 34.30265349702956, 66.43965295647756, 39.79199071305423, 70.63426409717759, 72.65269003184294, 15.885619887469787, 53.77928528572539, 85.80470002903287, 78.06954310720711, 72.11515922480295], [64.79183912388696, 47.963803921806594, 90.86857933858172, 40.95262095804564, 95.23290592600634, 76.0404988069417, 85.98900505727791, 78.48727817540298, 85.12119214520968, 33.47359708186231, 80.85590873826794, 58.6021619838817, 86.49044540581588, 33.17584254844549, 81.34018689443153, 96.17235076377678, 16.776299370508642, 0.0, 52.09264103940397, 34.76240563691147, 73.77265914231135, 75.56921891676895, 32.04265934385421, 52.59455805241007, 86.74090922626765, 72.9601763271178, 54.17148784830463, 52.7792841135746, 21.63449619286749, 42.192726726769685, 92.09687977266901, 50.001192126994006, 32.00948549011698, 38.788259426437506, 86.10615526705493, 55.84501625835812, 82.98410011127079, 58.14292353406309, 67.9805698722116, 69.40691651196578, 92.50450155288856, 93.38215606749793, 100.03424482748582, 89.62521681876756, 78.77442439211828, 33.98795679236321, 69.28571619477144, 70.53950853637323, 83.45348903998143, 12.338478556841997, 61.171265457794, 93.23934798206564, 15.834570182544253, 82.54060397858179, 92.04871188471303, 85.13811604837865, 106.07801364417561, 99.27399667290858, 64.16662490683639, 65.6558775873761, 44.229474833191524, 63.218671643034675, 84.62330358115338, 57.407607770182565, 79.71338649001899, 48.02553279368145, 37.05750457807762, 30.35792555605503, 75.62472531366646, 102.88837238569893, 81.00811625266529, 44.92379935216513, 71.1540985572646, 80.13298077531815, 90.99730026466675, 67.56372198162806, 58.07990518746969, 80.94293628121346, 83.03253940061568, 102.00415634143434, 76.85362325181713, 93.9798483904605, 47.64943206730393, 70.5053853464942, 63.38440222717339, 16.91299589943245, 31.56691654600262, 41.61021430381693, 58.17628314478893, 95.88907397512943, 43.23734751603804, 79.95611016181209, 51.31938017809689, 84.273140661114, 88.1342929974524, 31.346320253957103, 61.045943064674454, 96.34732451242238, 83.10830203880302, 88.6941974602809], [56.31118921089028, 27.969084356483346, 40.73548113239955, 30.724536197367176, 55.45281446034366, 23.987359470217296, 39.705360591417964, 34.85856406108922, 33.04281158738632, 31.08740800881341, 69.60395062473333, 15.188084062476259, 34.547330644155096, 20.06733788726052, 38.473682319605146, 44.66245624524331, 36.22835573123277, 52.09264103940397, 0.0, 19.322440822603184, 40.11468792661042, 31.334950428270695, 30.03458614819098, 50.961199641368374, 49.07256804068459, 44.516430707772955, 19.883430200824655, 28.935279187009634, 41.34938216632059, 23.59576540224334, 40.01445128627647, 6.62821928781373, 20.239408236766923, 38.90241848028483, 39.40063224365838, 29.33639911551746, 60.372587225639656, 13.736904798091897, 67.45649495322769, 18.977497538125405, 51.89511019563956, 46.12280113046636, 57.617762626771714, 58.972461595041025, 29.790559795018712, 24.646036008922454, 41.5146926555926, 20.707094412399794, 44.80443012043731, 43.715738398323104, 38.08281373947026, 42.8002034205244, 53.996722628288715, 72.25922340246132, 40.27001613151404, 34.89961648140246, 56.270752092692355, 53.13428440173605, 49.158038573574636, 40.06809443443162, 8.430601400730342, 13.967628842679423, 41.447037890080665, 62.67178142623091, 69.7275531545008, 45.888026244068364, 38.60089424780771, 21.739087148915086, 33.467921170961404, 51.36026140329311, 30.38221519093988, 9.772677843060055, 56.04379226441702, 50.80372770961854, 51.45789122866262, 43.639732231813966, 9.49049036785005, 28.863914472512384, 31.163660960269215, 49.91916458473479, 44.050402666759766, 44.1