instance_id,num_cities,city_coordinates,distance_matrix,best_route,total_distance
2131,67,"[[10.512319278019655, 38.533237498055165], [83.11377276142257, 90.60602388362005], [82.96211180871471, 49.882933228272705], [89.58884946906197, 34.876438435129366], [24.441566089559196, 9.700616981762423], [59.867306480635364, 84.78170869106002], [8.500134582416063, 76.82194298786168], [43.26086223168223, 2.876317929385974], [17.27116261796191, 7.305467825615208], [63.433183681144016, 83.75034825914494], [81.48906557335775, 56.552433094990974], [93.85005974186636, 23.160648261581763], [33.57186566974582, 87.46551124963156], [4.461166803582373, 28.72641529552625], [83.48598255104494, 90.42479382216507], [62.331115305759376, 30.14247548366562], [49.63701599635256, 59.776600070273076], [66.26049867168037, 63.241336259061974], [65.82642608920195, 94.2684068961895], [49.72102632045926, 37.89188607395207], [53.63826250994326, 46.73746688235201], [25.840788227715127, 63.30881335930959], [67.12165704376679, 58.35963763834251], [10.563561930994103, 98.4761759623257], [19.231132315152855, 69.24465735147788], [90.38591302212303, 9.50431270394163], [43.78443365322866, 5.291501954648892], [25.29287938660939, 53.59399539011077], [0.9373691157658959, 3.931819423361771], [59.354576384067045, 73.6019173617502], [15.50568930399484, 89.51017989688329], [84.33144555047879, 71.25100499951235], [63.19483575521758, 49.351219188445405], [45.690258595509135, 22.601162479606028], [26.38396678147672, 35.31722555714959], [30.079346359645875, 80.89618435600764], [32.93864294343209, 9.907134687049258], [51.81329550841474, 30.97588007782238], [98.4277522084268, 93.12599214925548], [50.59119699865976, 71.54513731276005], [14.81024798350452, 32.2124508623109], [67.54087570846913, 33.04553299209009], [98.2210248969993, 23.435437562732385], [54.14244392235575, 35.71312372072906], [82.84943092321379, 41.38025906858318], [60.81500965088262, 15.674522610962772], [28.422783616231506, 36.54740088021814], [86.96276591756398, 69.33571628907738], [28.63783574142642, 77.16593347093216], [56.456191213693785, 67.4131612589866], [27.900860816268636, 9.55983817890771], [76.75406641321302, 92.76662491172857], [72.72357289260889, 82.99280783320849], [90.1054752741769, 15.120626004832161], [12.920150213071635, 82.98592817402813], [65.98894988462932, 8.228481272318122], [78.53254190072265, 42.83477061378754], [19.640106250909806, 60.835434357546035], [24.791519786133787, 97.2321994142773], [98.80636044829363, 6.8099973180176026], [98.64931823406151, 17.929463055637907], [38.62669957689525, 60.36900126573127], [88.75856276469001, 39.23322432003393], [92.84624017774871, 34.23910840592429], [87.37603104523946, 31.846227906797473], [85.88035097643207, 36.71819555584439], [9.950170952820125, 47.75665907242909]]","[[0.0, 89.34509572360079, 73.33340324101476, 79.16103717386123, 32.020991904894665, 67.6375328457548, 38.341542161660115, 48.41366520636944, 31.950830380583888, 69.60750674140353, 73.22834099331638, 84.74370469511473, 54.093530983763515, 11.523463367447414, 89.54266664123394, 52.49373780696719, 44.51990955377424, 60.97827195068292, 78.52426071067218, 39.21395210367162, 43.89938905535312, 29.13401996976303, 59.980857486361685, 59.942960366842144, 31.92505301780548, 84.98511312165425, 47.03239922579699, 21.10192847601255, 35.90177994736977, 60.128016652768174, 51.220917607455526, 80.74475657222996, 53.781746626749204, 38.61759222191958, 16.194194246026633, 46.66355982244389, 36.36473230056999, 41.986715622453815, 103.48667647454464, 51.92400185580975, 7.643594367313986, 57.2919815444164, 88.9986550698597, 43.72117128116959, 72.39311606079913, 55.25288684799646, 18.020218641378936, 82.4224695763066, 42.67340559643648, 54.266834852226616, 33.79081598503038, 85.61091854363255, 76.46498198970028, 82.96517858934084, 44.51785437490813, 63.21419771984431, 68.15609930730938, 24.09781068441587, 60.41079123131085, 93.82004942280932, 90.51323718800101, 35.598019030664624, 78.24937444686856, 82.44582509371062, 77.15404256361306, 75.38988379978365, 9.240536579558082], [89.34509572360079, 0.0, 40.723373062262596, 56.104485672987316, 99.94054583451603, 23.9649920093052, 75.87618788822029, 96.35743761904352, 106.18018624054375, 20.84048643421745, 34.09232639533936, 68.2945572569607, 49.64134746241859, 100.0765626057119, 0.4139860657868921, 63.93558896290129, 45.50985185836827, 32.13812341026803, 17.671032915375793, 62.400767943088134, 52.85126297411033, 63.44550779847867, 35.99412717383931, 72.97583425546826, 67.35948137053832, 81.42709364973845, 93.94341151276237, 68.65235585080717, 119.43776218161722, 29.217102031256296, 67.61696401665621, 19.393284482659812, 45.81182120254734, 77.62203673639, 79.21566831699032, 53.915965793236545, 95.02554588010851, 67.34592731981772, 15.519929334989822, 37.69662227722582, 89.86201014490288, 59.62990218251066, 68.84850567572043, 62.06906139933536, 49.22647456636266, 78.17905550231607, 76.89888825401405, 21.615751975873593, 56.10939087628569, 35.334622266255074, 98.06604847115051, 6.716700204573696, 12.880889408116976, 75.80850346066575, 70.60602315017962, 84.13868958593548, 47.99041899347737, 70.10844700189683, 58.697456454915155, 85.2527499644046, 74.3184746003026, 53.7901219307059, 51.681990956051436, 57.20096225134284, 58.9141788444495, 53.958799068396495, 84.78785699810005], [73.33340324101476, 40.723373062262596, 0.0, 16.40452797235272, 70.98783564951347, 41.84847144094905, 79.18520252722125, 61.528945219590376, 78.28244608912372, 39.09451156729257, 6.830233794216294, 28.85529282533896, 62.063246647266666, 81.3018856960737, 40.545245109251375, 28.553873444273247, 34.76271931946083, 21.38669710151986, 47.57837741877343, 35.33772737874704, 29.492068361347236, 58.677933373102285, 17.96592677309073, 87.19434192542194, 66.6071625895587, 41.055399400129254, 59.35727595404934, 57.788514001692675, 94.01895167335327, 33.46499569923999, 78.23482354853358, 21.411902440399405, 19.774425968793896, 46.18967478917283, 58.42299491367923, 61.305861278128866, 64.03445874155868, 36.43796667960201, 45.92546328363814, 38.95031721870587, 70.40541520292143, 22.83227035519946, 30.533661025409263, 32.11474363217157, 8.503420773301135, 40.751803530051696, 56.14601270520822, 19.859909418458635, 60.79053439867022, 31.778494637071496, 68.24729558900681, 43.330714741789244, 34.65676666238766, 35.4886692494459, 77.4705405850782, 44.97979094495828, 8.324523158116335, 64.26222583173889, 75.00513838805094, 45.89464045922729, 35.59652653707808, 45.55860402439452, 12.124980144942393, 18.50473584485515, 18.568937015357022, 13.484303386673448, 73.04289526935838], [79.16103717386123, 56.104485672987316, 16.40452797235272, 0.0, 69.84261247677559, 58.085334783664344, 91.29515339902242, 56.30532935565619, 77.39513067270101, 55.43264303905478, 23.139905869546194, 12.466661637328906, 76.83432210582626, 85.34954680964773, 55.88259810373391, 27.665763624796348, 47.07618344011531, 36.72573184414208, 63.96920104677938, 39.981698901756836, 37.856686312076775, 69.80125540317782, 32.49977508065297, 101.4392561289887, 78.30314702865736, 25.384642491609313, 54.52809344534086, 66.96505586652347, 93.89704156476012, 49.1301738962341, 92.04977091852406, 36.752542615577795, 30.102545370502707, 45.582547981303385, 63.20641968058587, 75.22764103008811, 61.908901048721624, 37.97639836177896, 58.91635349825051, 53.5295280717159, 74.8260387159707, 22.123864076809486, 14.332164999778415, 35.45627882968973, 9.365865959336702, 34.59259211450658, 61.18888565258964, 34.55919769084694, 74.18508923503163, 46.43717664957173, 66.6808682648965, 59.29591340375942, 50.98649387879757, 19.762566306115108, 90.51305126081375, 35.5959110200361, 13.622664501175366, 74.6102951816908, 89.92738660345198, 29.541286797168436, 19.21697345459534, 56.98255418374868, 4.435195515234986, 3.3191540782502487, 3.752164871487098, 4.14065578882654, 80.67353469062107], [32.020991904894665, 99.94054583451603, 70.98783564951347, 69.84261247677559, 0.0, 83.01899429959316, 68.98841673291243, 20.018415642632487, 7.559856177579513, 83.68816490197972, 73.82079565042481, 70.70156598786252, 78.29904948922957, 27.589805311076077, 100.01317834084651, 43.052148829282466, 56.05724554673141, 67.93696889793208, 94.15103678770991, 37.8655352873019, 47.16116339132094, 53.62645374668706, 64.72472831242261, 89.85376381508244, 59.771576553306495, 65.94463911290919, 19.839022680262623, 43.901633254677385, 24.20178300565236, 72.8168557277629, 80.30825752454989, 85.8792636611368, 55.44354033728232, 24.858218104971765, 25.6901451018199, 71.41843865637549, 8.499586144231934, 34.667685114319546, 111.50672158328702, 67.14572132052322, 24.485607060586165, 49.01566681333546, 75.0470108552645, 39.48154823311126, 66.44605629512958, 36.86075073808688, 27.140373959934006, 86.4016521678065, 67.59569222942406, 65.99753017188924, 3.4621580954042166, 98.16597864603338, 87.76615190797949, 65.88721778323833, 74.18544237480967, 41.57345648081088, 63.43268716611738, 51.3597465398429, 87.5322819920165, 74.42095351483538, 74.66260366507066, 52.61656752394139, 70.77323616668463, 72.67280783405229, 66.71712645566188, 67.11686703342262, 40.7217739374858], [67.6375328457548, 23.9649920093052, 41.84847144094905, 58.085334783664344, 83.01899429959316, 0.0, 51.98022911522248, 83.57192726278429, 88.41379626851227, 3.712032401478666, 35.558296738490476, 70.37032476596308, 26.432045013815912, 78.81647182900588, 24.2834566961921, 54.69475440495907, 27.016926185822115, 22.46910213828804, 11.20305982062087, 47.975019188663495, 38.55081482392119, 40.23542193571013, 27.399843809913545, 51.17028102776109, 43.50515619022921, 81.22851526302547, 81.10087401119618, 46.56247920614112, 100.04719942320477, 11.191542624626779, 44.61290753213813, 27.956645771928745, 35.58640242379224, 63.77624176675768, 59.731642611886734, 30.040304051855806, 79.56981055766052, 54.405278103303104, 39.4529471796045, 16.163323574513615, 69.23630109328033, 52.30215617590774, 72.348964731446, 49.40141781671636, 49.11073073399088, 69.11368395048902, 57.57869804155924, 31.188821769671737, 32.14467101798712, 17.70034313974014, 81.73238924538985, 18.67944185653324, 12.98012913398247, 75.9408539127931, 46.981489006590664, 76.79759857047145, 45.91227098876522, 46.81507975832512, 37.21996146541655, 87.15410316409225, 77.28691468898018, 32.35959927863622, 53.938568002576176, 60.350348063466875, 59.65647536548134, 54.65143894573449, 62.149615594662826], [38.341542161660115, 75.87618788822029, 79.18520252722125, 91.29515339902242, 68.98841673291243, 51.98022911522248, 0.0, 81.70840625049009, 70.06761913882589, 55.36824616047001, 75.75115232455299, 100.81738082505636, 27.23742361271221, 48.26482202103992, 76.20967751141997, 71.25129593286185, 44.52849343557967, 59.33542397966574, 59.92230637104664, 56.698423672970996, 54.24505779649232, 21.984152046514687, 61.46006520095412, 21.752322591742356, 13.136573752518206, 106.00445300891528, 79.75954961836531, 28.66241140697384, 73.28141329663082, 50.95628338085816, 14.493762548644607, 76.03566974259557, 61.205808567862825, 65.74951226460678, 45.19372769674365, 21.960460460847486, 71.23785693608367, 63.070527140279545, 91.39364546262033, 42.420539994923544, 45.05357165457776, 73.49954547363885, 104.4028597326186, 61.42601585175877, 82.36462119991691, 80.4726858765038, 44.93273513269518, 78.81895778441204, 20.14063895267601, 48.87032372763586, 70.0041350330936, 70.09159787033227, 64.51921885239064, 102.30583632842577, 7.584935830349464, 89.49875348279286, 77.84385628154754, 19.485056503946804, 26.11489611788554, 114.26673604604312, 107.68100810089715, 34.32650884780446, 88.62464141184621, 94.48578374618928, 90.7976981529108, 87.15508273919414, 29.101431830069785], [48.41366520636944, 96.35743761904352, 61.528945219590376, 56.30532935565619, 20.018415642632487, 83.57192726278429, 81.70840625049009, 0.0, 26.36440507226897, 83.35185261551892, 65.89780626093544, 54.50432057873998, 85.14228256834025, 46.62235407132769, 96.3472674021206, 33.27338125415194, 57.25641836984981, 64.59813243673698, 94.13670165203331, 35.6065125017977, 45.072062566622414, 62.8931274639084, 60.396492406353254, 101.0368561608664, 70.58459036863036, 47.58887187918161, 2.471283251540652, 53.80642354339251, 42.33665259484744, 72.5335649908779, 90.97129032639478, 79.76146090740764, 50.56955356216161, 19.873888880209662, 36.568320822130445, 79.1255452929876, 12.489219163525078, 29.372257453025323, 105.77518350964378, 69.05896439494593, 40.866198092761884, 38.72596792764057, 58.67961213484937, 34.59284080079553, 55.22506907460483, 21.72422920811125, 36.79552152205641, 79.54060608332223, 75.71512319903775, 65.8720035667121, 16.751092095958242, 95.92737886404225, 85.36218878402062, 48.41839372952698, 85.66276004977155, 23.349767039725954, 53.29886797678688, 62.587533025645044, 96.14649749815015, 55.684613724655804, 57.39754556180524, 57.67914788486649, 58.23972352346459, 58.67140983928628, 52.77692491561041, 54.42144340375442, 55.89138730244212], [31.950830380583888, 106.18018624054375, 78.28244608912372, 77.39513067270101, 7.559856177579513, 88.41379626851227, 70.06761913882589, 26.36440507226897, 0.0, 89.30146657885483, 80.92714407559272, 78.2030321111055, 81.8006447512648, 24.95902608823328, 106.26958517323449, 50.51661365333586, 61.650370509412646, 74.35574237668551, 99.60003204092835, 44.59285408642118, 53.64185403361672, 56.65521329990475, 71.35544863403214, 91.4171205471112, 61.970191869435446, 73.14780683972502, 26.589652113537174, 46.97846021322395, 16.678558502292933, 78.52536491673565, 82.2236680204819, 92.66128248328681, 62.264186833864905, 32.27387939385602, 29.456778013434345, 74.69700884384402, 15.882021603274547, 41.87418489727463, 118.11669835014727, 72.36684204073364, 25.028262121616304, 56.47649961688743, 82.54123894584716, 46.54552930715194, 73.90264320149483, 44.34081294277932, 31.296154710426116, 93.29882793962612, 70.77913476495881, 71.75236076902615, 10.866124860173908, 104.1240856594306, 93.8271988428345, 73.25239789569663, 75.8054311213597, 48.72653024773113, 70.81869773047156, 53.58235913848623, 90.24063844053937, 81.53670324617761, 82.06871198042326, 57.19962884455356, 78.29323096223146, 80.23099988830417, 74.27611650165916, 74.64803600725628, 41.10834212477301], [69.60750674140353, 20.84048643421745, 39.09451156729257, 55.43264303905478, 83.68816490197972, 3.712032401478666, 55.36824616047001, 83.35185261551892, 89.30146657885483, 0.0, 32.64569589060843, 67.79600353330609, 30.091539499064115, 80.65563819964615, 21.134402430407608, 53.619199716295654, 27.65998635231625, 20.702977642727117, 10.786897919051361, 47.864619642016855, 38.286993464655616, 42.790706292233224, 25.65722162620316, 54.88211826768069, 46.5213543834495, 78.98685596092926, 80.88178992265216, 48.62189249753039, 101.37418006424949, 10.9373528407456, 48.27235624834111, 24.35099445775089, 34.39995480456972, 63.67129896660673, 60.978781945404016, 33.475733235508585, 79.89203468092491, 54.03856301723947, 36.22875273542905, 17.716765963314426, 70.85439114086986, 50.870929076020516, 69.62817209130067, 48.92742366628059, 46.607028600644995, 68.12615410350443, 58.769433840755674, 27.593891625737463, 35.41286145384534, 17.764630673588456, 82.26042641598406, 16.08537103822784, 9.321223052659498, 73.63049582562844, 50.51881716957683, 75.56509997388238, 43.61278611481302, 49.425974041268816, 40.92601249992577, 84.68222503892919, 74.64961528248112, 34.08884041502088, 51.21668819374677, 57.588981274855044, 57.16028034790717, 52.114285061672206, 64.4668776331533], [73.22834099331638, 34.09232639533936, 6.830233794216294, 23.139905869546194, 73.82079565042481, 35.558296738490476, 75.75115232455299, 65.89780626093544, 80.92714407559272, 32.64569589060843, 0.0, 35.60625606820523, 57.023472777424075, 81.89984405029652, 33.93117296303772, 32.626874191190524, 32.014813991970904, 16.632819226372387, 40.83886574555334, 36.84323999186422, 29.529659548195646, 56.056930399493304, 14.4806220901477, 82.38948526923407, 63.53851438426972, 47.88193319883059, 63.6342858026026, 56.274005505111724, 96.21592791931525, 27.93958706626312, 73.75648458381112, 14.970876392740795, 19.66052711314613, 49.3380518204394, 59.05510944904059, 56.88213652009694, 67.32701835897923, 39.17666899045149, 40.305636414983454, 34.34325934183912, 70.9823883105387, 27.333612146124107, 37.10382535388542, 34.38189248600565, 15.23303838939206, 45.80851617140476, 56.71182940681177, 13.905888129795072, 56.72890702716345, 27.287363649845865, 71.27411638199946, 36.522430176345544, 27.855471244149374, 42.31828393128087, 73.48758953578191, 50.74896950800057, 14.0326510743718, 61.99707952061023, 69.78148096799107, 52.67066184140656, 42.26355505680935, 43.03194872901543, 18.782986503890605, 25.037369543830597, 25.39789237846808, 20.314535836453295, 72.07759072128009], [84.74370469511473, 68.2945572569607, 28.85529282533896, 12.466661637328906, 70.70156598786252, 70.37032476596308, 100.81738082505636, 54.50432057873998, 78.2030321111055, 67.79600353330609, 35.60625606820523, 0.0, 88.1395262326051, 89.5620005549683, 68.05791191340388, 32.282964078991114, 57.40662996639954, 48.65845692576858, 76.43060500307698, 46.522907886247545, 46.6138929172194, 78.97554161004503, 44.19701759097657, 112.29011279022724, 87.70245278275155, 14.088854224484496, 53.15894379486723, 75.00850348932964, 94.8815890353393, 61.108591871551226, 102.6649927070095, 49.02332533912719, 40.31983089184132, 48.16305088755179, 68.55257887842771, 86.02381073509862, 62.33663704807068, 42.7570742165595, 70.11493859113654, 64.90291200384756, 79.5564389167831, 28.10487699027698, 4.379594221775933, 41.64444013577736, 21.283046125129086, 33.872652859949724, 66.78273434722956, 46.68588355773211, 84.67115795609999, 57.93605362887379, 67.33705424083406, 71.67471641600085, 63.45246855400074, 8.869265512131776, 100.64151416260319, 31.610299800417675, 24.93386137651605, 83.22563730309668, 101.27031465826451, 17.08533590453542, 7.0991676085153195, 66.58889577993857, 16.859746220608596, 11.1238452383648, 10.832928567018897, 15.726517301742557, 87.43085889216486], [54.093530983763515, 49.64134746241859, 62.063246647266666, 76.83432210582626, 78.29904948922957, 26.432045013815912, 27.23742361271221, 85.14228256834025, 81.8006447512648, 30.091539499064115, 57.023472777424075, 88.1395262326051, 0.0, 65.55695372713745, 50.00176414271891, 64.13286886653954, 32.01194866475448, 40.68608338865885, 32.96416322357209, 52.13769943890231, 45.40301620081399, 25.36366715163566, 44.415542098646775, 25.50719071850179, 23.18741361009022, 96.46649395120902, 82.8061854478828, 34.868627740393364, 89.68215003810926, 29.273664056050038, 18.181512543115694, 53.286444454510814, 48.27234835814551, 65.98665917034066, 52.64132968583431, 7.440009876788575, 77.56096148220725, 59.36184121543162, 65.10243515209909, 23.3048481044861, 58.35151223721272, 64.15159917384891, 90.99101123265149, 55.69073805031185, 67.46946647114247, 76.78629398333027, 51.17779801423259, 56.385083972485184, 11.420418282752607, 30.426782540201454, 78.11180571879432, 43.50637041983129, 39.40636058196786, 91.8141134901896, 21.13196668165715, 85.61176477926686, 63.35112798404385, 30.05419963636885, 13.133265836847055, 103.73452287731965, 95.23831597995718, 27.56396559162842, 73.29341743095458, 79.66493226630894, 77.38470708947557, 72.87981672043851, 46.203651398245064], [11.523463367447414, 100.0765626057119, 81.3018856960737, 85.34954680964773, 27.589805311076077, 78.81647182900588, 48.26482202103992, 46.62235407132769, 24.95902608823328, 80.65563819964615, 81.89984405029652, 89.5620005549683, 65.55695372713745, 0.0, 100.25772497287585, 57.88727119238781, 54.81761874465028, 70.78444171187924, 89.78556515483284, 46.17857444830458, 52.3716022418245, 40.65747739446216, 69.31424747884833, 70.01620054935044, 43.12632398567804, 88.04857318981394, 45.77678974134078, 32.44004915073993, 25.04374442068551, 70.90202466126419, 61.77902165278519, 90.4853698483865, 62.24971007275175, 41.68161143773189, 22.892093368136603, 58.120357256220224, 34.13402950013825, 47.40552905185006, 113.9167444741347, 62.93983349984248, 10.920436128722441, 63.2274027080191, 93.90902744180987, 50.170144416486934, 79.4030208110625, 57.84554871645333, 25.20569173405459, 91.954495178588, 54.137770936709174, 64.80854015212346, 30.278324487587582, 96.57852650385213, 87.2043430347192, 86.71830876827059, 54.914926369196984, 64.85239694944329, 75.40301252978931, 35.51604296470516, 71.45883927212967, 96.85734324677159, 94.80496847508203, 46.56755175619748, 84.9496556891271, 88.55682345638984, 82.97353760652774, 81.81046450853111, 19.806043137353267], [89.54266664123394, 0.4139860657868921, 40.545245109251375, 55.88259810373391, 100.01317834084651, 24.2834566961921, 76.20967751141997, 96.3472674021206, 106.26958517323449, 21.134402430407608, 33.93117296303772, 68.05791191340388, 50.00176414271891, 100.25772497287585, 0.0, 63.88651119312936, 45.662504498485355, 32.18163544575191, 18.072999084043364, 62.44820786648424, 52.91000781324927, 63.70435483572859, 35.999519307917, 73.36555174913164, 67.65562770201645, 81.21412010796193, 93.93556498518222, 68.8690421673574, 119.56298842216674, 29.41655887417901, 67.9864456240157, 19.192420001112268, 45.812325541076326, 77.64381313288536, 79.35669023485896, 54.25000633768628, 95.06906423230454, 67.35972424143891, 15.183970261316146, 37.927672568331005, 90.02795894202505, 59.5535557765188, 68.59078163274027, 62.08389569398607, 49.0486654983619, 78.11258578736332, 77.03719456960899, 21.373750578087304, 56.427976981839095, 35.49851902493228, 98.1266875495952, 7.127613046374498, 13.079139015854395, 75.59454593138737, 70.95684192297449, 84.03796730598464, 47.84711990548833, 70.36921282818642, 59.087906801282635, 85.00675369254196, 74.06415956442106, 53.99727710866741, 51.46238325418717, 56.960035713919964, 58.707587771839606, 53.75994510317557, 85.01814694776193], [52.49373780696719, 63.93558896290129, 28.553873444273247, 27.665763624796348, 43.052148829282466, 54.69475440495907, 71.25129593286185, 33.27338125415194, 50.51661365333586, 53.619199716295654, 32.626874191190524, 32.282964078991114, 64.13286886653954, 57.88727119238781, 63.88651119312936, 0.0, 32.238509538929605, 33.3312861777857, 64.22112017861856, 14.800936075601136, 18.733911210748364, 49.31074871003304, 28.6209281856288, 85.72849120051279, 58.19440832772542, 34.828227601020245, 31.008874304950343, 43.83839305819734, 66.75470442113335, 43.56125425543852, 75.61180362576938, 46.625376457804144, 19.228152478351355, 18.269907330807094, 36.317702644163205, 60.13414640993867, 35.684540752619746, 10.550786534992373, 72.59401192417765, 43.0349403205317, 47.56592928901471, 5.964004221231083, 36.51123071248368, 9.90386090403492, 23.394209875071997, 14.547172807233022, 34.50794151065003, 46.29069384544812, 57.848445864003274, 37.73087265423696, 40.113431449207994, 64.26356362851624, 53.86242478900856, 31.576431613150383, 72.34551792356861, 22.21717570037534, 20.58107332920467, 52.57927327906847, 76.8781652282544, 43.29951553491575, 38.316700490889, 38.41278674999642, 27.947302080889152, 30.788881877275696, 25.102800176812643, 24.450083745061857, 55.26321375747508], [44.51990955377424, 45.50985185836827, 34.76271931946083, 47.07618344011531, 56.05724554673141, 27.016926185822115, 44.52849343557967, 57.25641836984981, 61.650370509412646, 27.65998635231625, 32.014813991970904, 57.40662996639954, 32.01194866475448, 54.81761874465028, 45.662504498485355, 32.238509538929605, 0.0, 16.980711796471525, 38.10225370330197, 21.88487524376881, 13.63924367239131, 24.056952981126212, 17.54196269208281, 54.99447232970253, 31.845908231903543, 64.71302408217262, 54.79852768781511, 25.116958173811625, 74.09652577412434, 16.898827713746712, 45.266248255028295, 36.54265193669417, 17.102720343414635, 37.38435573924864, 33.7485599598364, 28.784358287458915, 52.590866509528624, 28.882826464841887, 59.099220740665494, 11.807155890093382, 44.41493095547416, 32.17294111096263, 60.67195409130649, 24.481621164078856, 37.96695757529765, 45.496601833188826, 31.458533826118238, 38.530355696066735, 27.264528007984246, 10.238076842540622, 54.719133919194796, 42.70452156798391, 32.74112722885184, 60.26485058518156, 43.43732431878395, 54.07951824392162, 33.49592516445491, 30.015591353897115, 44.946864230450664, 72.27091697874647, 64.44678926806345, 11.026241736555187, 44.18739309761018, 50.19163809704594, 46.950388135247245, 42.95659843643675, 41.46715147078475], [60.97827195068292, 32.13812341026803, 21.38669710151986, 36.72573184414208, 67.93696889793208, 22.46910213828804, 59.33542397966574, 64.59813243673698, 74.35574237668551, 20.702977642727117, 16.632819226372387, 48.65845692576858, 40.68608338865885, 70.78444171187924, 32.18163544575191, 33.3312861777857, 16.980711796471525, 0.0, 31.030106853315228, 30.267949556324027, 20.777356668406327, 40.4197667674252, 4.95707324591324, 65.90631753641449, 47.41098147091165, 58.90418761127348, 62.15590715790897, 42.088205185399104, 88.2311171994495, 12.451241039668885, 57.149827821423955, 19.766484624942855, 14.224403022721512, 45.549517029445, 48.68155455696836, 40.25878095462982, 62.88786151951962, 35.35224663050659, 43.907002377440925, 17.733587534944068, 60.08261000356801, 30.22293665900132, 51.048847270254335, 30.077395772627295, 27.44265601529921, 47.87750109716071, 46.3061428606101, 21.580670449970647, 40.116819084722145, 10.65497858096052, 65.97851962970935, 31.334607608352425, 20.782010435218933, 53.70461492781738, 56.87742683678957, 55.013525178234644, 23.81241202504226, 46.68243088600206, 53.61953923567865, 65.14391094692924, 55.697410046138266, 27.782677349831836, 32.90216295033004, 39.343752640956865, 37.83541377954324, 32.9911442242149, 58.40058420409568], [78.52426071067218, 17.671032915375793, 47.57837741877343, 63.96920104677938, 94.15103678770991, 11.20305982062087, 59.92230637104664, 94.13670165203331, 99.60003204092835, 10.786897919051361, 40.83886574555334, 76.43060500307698, 32.96416322357209, 89.78556515483284, 18.072999084043364, 64.22112017861856, 38.10225370330197, 31.030106853315228, 0.0, 58.63186848234659, 49.06874351390899, 50.57022510488544, 35.93212118479732, 55.42282449932036, 52.889596738549564, 88.2503261333384, 91.66645538867235, 57.422784325188225, 111.226295232457, 21.656145277563688, 50.545200314006294, 29.533650897499818, 44.994210952728544, 74.44232105194172, 70.92918565379084, 38.16634702005664, 90.54518501272082, 64.82524029826588, 32.62133621092283, 27.357982125926487, 80.33425239454783, 61.24687442289821, 77.8891492861016, 59.70960246923053, 55.56022744926023, 78.75349479075749, 68.78042603634846, 32.686142663978885, 40.93269902310739, 28.443022340403537, 92.81104522308742, 11.030352314400679, 13.217782274528695, 82.78794265684311, 54.09591808258024, 86.04007912214749, 52.97984824672672, 57.01701318882555, 41.14179871361795, 93.47004587713256, 83.09618881419276, 43.46256808384225, 59.62175956556501, 65.82998580140351, 66.03721604932306, 60.94412792633147, 72.70143446787772], [39.21395210367162, 62.400767943088134, 35.33772737874704, 39.981698901756836, 37.8655352873019, 47.975019188663495, 56.698423672970996, 35.6065125017977, 44.59285408642118, 47.864619642016855, 36.84323999186422, 46.522907886247545, 52.13769943890231, 46.17857444830458, 62.44820786648424, 14.800936075601136, 21.88487524376881, 30.267949556324027, 58.63186848234659, 0.0, 9.674142814851164, 34.87529159727986, 26.86467575963874, 72.1371138782993, 43.73362440086194, 49.593218611992484, 33.136508223147636, 29.03946624162291, 59.44014920218123, 36.9866411208636, 61.928487340970136, 48.069865141972045, 17.68784486909318, 15.813074226449151, 23.478654661261952, 47.27753443671767, 32.63119216333165, 7.225560828985507, 73.64205062777296, 33.664499342059585, 35.36973887965838, 18.4671105050419, 50.60868270842398, 4.9290910929077, 33.31155861969654, 24.833197647147326, 21.340636886568323, 48.74075939925624, 44.57523666714578, 30.27983049307896, 35.76065660131757, 61.17207058103076, 50.62815710983841, 46.36198876699446, 58.204614208795554, 33.831389588890374, 29.23243981616835, 37.83210488556288, 64.36422207541203, 58.098656052248124, 52.8438840580894, 25.066008721722547, 39.06057398355849, 43.27963556834776, 38.13724378474803, 36.17836797049224, 40.976025709982565], [43.89938905535312, 52.85126297411033, 29.492068361347236, 37.856686312076775, 47.16116339132094, 38.55081482392119, 54.24505779649232, 45.072062566622414, 53.64185403361672, 38.286993464655616, 29.529659548195646, 46.6138929172194, 45.40301620081399, 52.3716022418245, 52.91000781324927, 18.733911210748364, 13.63924367239131, 20.777356668406327, 49.06874351390899, 9.674142814851164, 0.0, 32.362155375229705, 17.801033150807374, 67.32253595363349, 41.11476901375913, 52.31345513573525, 42.60124354905404, 29.1628655585539, 67.89482763015019, 27.465886912086738, 57.30268857506137, 39.280848211072154, 9.907562430280292, 25.411256490891496, 29.550271531418634, 41.495066087690105, 42.24864044930495, 15.866887632846918, 64.48250665016602, 24.99410171247998, 41.45588984026019, 19.512860051851156, 50.30514161070527, 11.035866121054795, 29.698350722360992, 31.88122027671486, 27.196650914534818, 40.26417022134057, 39.381631727752364, 20.86684116332466, 45.217141903848045, 51.50751186951028, 40.97192721688272, 48.264710025714386, 54.515278730231124, 40.44108617904602, 25.198336940180205, 36.805262068694525, 58.153697898279255, 60.28565249857765, 53.440585905093265, 20.277222475923868, 35.91307765170887, 41.15184658559593, 36.877988339499986, 33.76296886523856, 43.699978222235856], [29.13401996976303, 63.44550779847867, 58.677933373102285, 69.80125540317782, 53.62645374668706, 40.23542193571013, 21.984152046514687, 62.8931274639084, 56.65521329990475, 42.790706292233224, 56.056930399493304, 78.97554161004503, 25.36366715163566, 40.65747739446216, 63.70435483572859, 49.31074871003304, 24.056952981126212, 40.4197667674252, 50.57022510488544, 34.87529159727986, 32.362155375229705, 0.0, 41.57648939635328, 38.34236606905265, 8.88379396326985, 84.02974131519852, 60.72876446777033, 9.730256536845783, 64.38794679390686, 35.05883607015346, 28.166041223419576, 59.02741229376969, 39.87655077517932, 45.28922955875671, 27.996857513429948, 18.09090914280573, 53.87131729019413, 41.4727586378227, 78.4724887519743, 26.084857036124138, 32.99479623552624, 51.52439649804227, 82.63646143027096, 39.52854413821543, 61.08065843836631, 59.095023642052865, 26.88568202710118, 61.418398836531274, 14.136592679351459, 30.88929542212729, 53.78843957593087, 58.82112339161609, 50.847370987921096, 80.32466247479594, 23.54000284913038, 68.15950313230707, 56.529703090343276, 6.675781651899889, 33.93960939222602, 92.28266870623222, 85.79258403654939, 13.119528351836523, 67.36675990630465, 73.03956692851577, 69.1120857156569, 65.66437428489729, 22.234685074003792], [59.980857486361685, 35.99412717383931, 17.96592677309073, 32.49977508065297, 64.72472831242261, 27.399843809913545, 61.46006520095412, 60.396492406353254, 71.35544863403214, 25.65722162620316, 14.4806220901477, 44.19701759097657, 44.415542098646775, 69.31424747884833, 35.999519307917, 28.6209281856288, 17.54196269208281, 4.95707324591324, 35.93212118479732, 26.86467575963874, 17.801033150807374, 41.57648939635328, 0.0, 69.34085931025842, 49.11197423172202, 54.11162888577997, 57.97286451886603, 42.09938225591964, 85.68983232670907, 17.107151520369683, 60.28734866217217, 21.502655019471234, 9.827081377532693, 41.68900796524133, 46.802907627900524, 43.3592979506869, 59.2969096600216, 31.372218777612616, 46.78430292776871, 21.1450587837193, 58.48212456957058, 25.317575680350075, 46.763986483103835, 26.10219465622897, 23.144376591695398, 43.14849761276529, 44.42270226981772, 22.674741539629323, 42.8331794870909, 13.989941076431142, 62.607437928731656, 35.729876622954436, 25.262116598312616, 48.96803066788959, 59.53366718308131, 50.143951420915656, 19.26732439517275, 47.54605383298888, 57.471006423012255, 60.50856011332366, 51.269800437664955, 28.56571622112582, 28.8786318166026, 35.264062554803424, 33.36466037268054, 28.63984311181774, 58.14638403474912], [59.942960366842144, 72.97583425546826, 87.19434192542194, 101.4392561289887, 89.85376381508244, 51.17028102776109, 21.752322591742356, 101.0368561608664, 91.4171205471112, 54.88211826768069, 82.38948526923407, 112.29011279022724, 25.50719071850179, 70.01620054935044, 73.36555174913164, 85.72849120051279, 54.99447232970253, 65.90631753641449, 55.42282449932036, 72.1371138782993, 67.32253595363349, 38.34236606905265, 69.34085931025842, 0.0, 30.489481082181246, 119.53074995742328, 98.92931713047533, 47.237304385678065, 95.03314654099736, 54.76579071179633, 10.237856631956317, 78.63148598145817, 71.9952245804956, 83.61161695340991, 65.11020062875455, 26.26636531276873, 91.35162463106383, 79.10645020921922, 88.02692996999575, 48.24409198911941, 66.39966571119857, 86.76164662335131, 115.390394891398, 76.40889792621284, 92.11509421315, 96.85722376603596, 64.45250175418111, 81.76799349225666, 27.94290265553087, 55.417003752811866, 90.59082214800917, 66.43629924077665, 64.05936037278106, 115.21746259578278, 15.668480617918343, 105.90854557905983, 87.83933189230034, 38.719621451522286, 14.282235902677332, 127.23788664314935, 119.360267357089, 47.32543140732645, 98.1029330584597, 104.38793027790436, 101.68434190822737, 97.39952184688761, 50.723225863864506], [31.92505301780548, 67.35948137053832, 66.6071625895587, 78.30314702865736, 59.771576553306495, 43.50515619022921, 13.136573752518206, 70.58459036863036, 61.970191869435446, 46.5213543834495, 63.53851438426972, 87.70245278275155, 23.18741361009022, 43.12632398567804, 67.65562770201645, 58.19440832772542, 31.845908231903543, 47.41098147091165, 52.889596738549564, 43.73362440086194, 41.11476901375913, 8.88379396326985, 49.11197423172202, 30.489481082181246, 0.0, 92.90808143570412, 68.50453044733109, 16.783563310194154, 67.8264592192428, 40.359341901824955, 20.605104456607855, 65.13122303643873, 48.255114776698605, 53.62556272322162, 34.673241398251605, 15.919856453260554, 60.900225316298865, 50.26028921895497, 82.71893830461836, 31.444329616100863, 37.295154319698355, 60.36727516721695, 91.31203506518312, 48.406233335855205, 69.45295248909288, 67.8157665324957, 33.964643887253665, 67.7316948125572, 12.297669889475138, 37.27008703956367, 60.31120817845933, 62.146366789662444, 55.23090475993467, 89.17725752166888, 15.121210894351691, 76.87175844992406, 64.91640236745364, 8.419162134191302, 28.534547824425193, 101.14496381894237, 94.55420360972931, 21.329915620021197, 75.72813015990869, 81.51424760495046, 77.73268133714735, 74.16258534531961, 23.406629698645574], [84.98511312165425, 81.42709364973845, 41.055399400129254, 25.384642491609313, 65.94463911290919, 81.22851526302547, 106.00445300891528, 47.58887187918161, 73.14780683972502, 78.98685596092926, 47.88193319883059, 14.088854224484496, 96.46649395120902, 88.04857318981394, 81.21412010796193, 34.828227601020245, 64.71302408217262, 58.90418761127348, 88.2503261333384, 49.593218611992484, 52.31345513573525, 84.02974131519852, 54.11162888577997, 119.53074995742328, 92.90808143570412, 0.0, 46.79151262546279, 78.61935605969559, 89.6219542764473, 71.21409113660778, 109.58095952021749, 62.04281252336237, 48.2403424461271, 46.574982540733295, 69.0112714892132, 93.45416695151087, 57.448682361252935, 44.146064687013, 84.00747854062277, 73.70673877964113, 78.91350128241079, 32.80373122858697, 15.983279323187864, 44.7268468293872, 32.75476330350571, 30.207777417213922, 67.60738143044091, 59.92924821042599, 91.60196489529537, 67.116769610646, 62.48507687637681, 84.3708473120653, 75.58119591019266, 5.623310450636082, 106.77308752528357, 24.43029996078938, 35.37544107741497, 87.40625392914957, 109.53906394825127, 8.840999392361136, 11.80114503535059, 72.5688136802339, 29.77341859339964, 24.85685676290406, 22.543747790604154, 27.5843344894282, 89.06823566757208], [47.03239922579699, 93.94341151276237, 59.35727595404934, 54.52809344534086, 19.839022680262623, 81.10087401119618, 79.75954961836531, 2.471283251540652, 26.589652113537174, 80.88178992265216, 63.6342858026026, 53.15894379486723, 82.8061854478828, 45.77678974134078, 93.93556498518222, 31.008874304950343, 54.79852768781511, 62.15590715790897, 91.66645538867235, 33.136508223147636, 42.60124354905404, 60.72876446777033, 57.97286451886603, 98.92931713047533, 68.50453044733109, 46.79151262546279, 0.0, 51.7210639031929, 42.86863277576492, 70.06241644240815, 88.83959194135868, 77.42555273113067, 48.14584501785176, 17.41426186204508, 34.70331864834694, 76.83682332537602, 11.787079436447147, 26.910033486857927, 103.44462253046942, 66.6023740222994, 39.55048577846543, 36.532927311553436, 57.38070115981196, 32.13663715471463, 53.18338463968317, 19.94611833819573, 34.82687912381147, 77.24007875995179, 73.45306892220846, 63.40089900305368, 16.44708424585751, 93.48205079417353, 82.9154190434428, 47.35240834892677, 83.60040584729786, 22.397910361972436, 51.15591899665005, 60.56465117944602, 93.88196113485171, 55.04287652739509, 56.30163071224688, 55.318470253292894, 56.34458985974851, 56.96511896509442, 51.04293127927584, 52.532878523695985, 54.29591975018025], [21.10192847601255, 68.65235585080717, 57.788514001692675, 66.96505586652347, 43.901633254677385, 46.56247920614112, 28.66241140697384, 53.80642354339251, 46.97846021322395, 48.62189249753039, 56.274005505111724, 75.00850348932964, 34.868627740393364, 32.44004915073993, 68.8690421673574, 43.83839305819734, 25.116958173811625, 42.088205185399104, 57.422784325188225, 29.03946624162291, 29.1628655585539, 9.730256536845783, 42.09938225591964, 47.237304385678065, 16.783563310194154, 78.61935605969559, 51.7210639031929, 0.0, 55.31295148792464, 39.5033687673574, 37.22581630048903, 61.622417049577706, 38.138687004999234, 37.10267874979004, 18.309308758942215, 27.71858200582255, 44.35086806879363, 34.85558221510132, 83.1353618529951, 31.02012847051531, 23.812937818077987, 46.980128779461054, 78.91801453288045, 33.94146351528013, 58.83818470787148, 51.95871586519957, 17.33155171562281, 63.64728337958956, 23.808086817333905, 34.0899009875887, 44.11132018471442, 64.67417315919084, 55.80287501127967, 75.37156451567942, 31.88996926897278, 60.94423701344905, 54.315951454468, 9.186527224298462, 43.6410839909342, 87.1376748221814, 81.56669655574292, 14.956318580505268, 65.07015223874873, 70.27138965716041, 65.78208806640848, 62.89383382887225, 16.415638804810303], [35.90177994736977, 119.43776218161722, 94.01895167335327, 93.89704156476012, 24.20178300565236, 100.04719942320477, 73.28141329663082, 42.33665259484744, 16.678558502292933, 101.37418006424949, 96.21592791931525, 94.8815890353393, 89.68215003810926, 25.04374442068551, 119.56298842216674, 66.75470442113335, 74.09652577412434, 88.2311171994495, 111.226295232457, 59.44014920218123, 67.89482763015019, 64.38794679390686, 85.68983232670907, 95.03314654099736, 67.8264592192428, 89.6219542764473, 42.86863277576492, 55.31295148792464, 0.0, 90.92025435386931, 86.80951407790938, 107.17483254493537, 77.06434991215406, 48.49088045125443, 40.405111693242056, 82.29683048069535, 32.55435330479981, 57.61719450817063, 132.13619959651612, 83.88720629176342, 31.50001401054652, 72.68861952332166, 99.21945778267434, 61.974440602692646, 90.06648378508486, 61.01821788781403, 42.65236410834971, 108.06497406712305, 78.29783720903075, 84.33398110129046, 27.54459075382782, 116.78952973297176, 106.7890394236803, 89.86734973612613, 79.95710820926512, 65.19332376533842, 86.80121226602739, 59.89836198865716, 96.30151302369991, 97.91130359891893, 98.70946777160027, 67.86487401385855, 94.65068009053405, 96.77692052013609, 90.83422525203774, 91.05084638421594, 44.74200674109813], [60.128016652768174, 29.217102031256296, 33.46499569923999, 49.1301738962341, 72.8168557277629, 11.191542624626779, 50.95628338085816, 72.5335649908779, 78.52536491673565, 10.9373528407456, 27.93958706626312, 61.108591871551226, 29.273664056050038, 70.90202466126419, 29.41655887417901, 43.5612542