instance_id,num_cities,city_coordinates,distance_matrix,best_route,total_distance
2481,20,"[[58.38879648427111, 82.92917151607575], [76.77049364295367, 87.32832286765732], [76.59739967425976, 72.637567866484], [87.90421849443985, 83.24202379546618], [96.39770006123143, 77.82530008005563], [17.10389986966927, 63.798216241843164], [9.994520264090989, 33.544862060515946], [14.345947720136676, 79.37236757122734], [51.76540819289278, 92.01274060453866], [45.99222370658702, 81.60863274023869], [86.54048856964963, 73.68059583608839], [51.409195151995114, 17.67902541047539], [64.44470641963478, 7.101585272621314], [53.10271779233622, 30.472434487770073], [90.28188375458951, 68.54856604475667], [9.315164369167483, 68.5522822515783], [39.50654726130297, 62.145640130100475], [3.650916786632996, 37.55785089434034], [64.45896836903586, 52.4885627585995], [90.66719019614806, 32.137191546439205]]","[[0.0, 18.90077572608173, 20.91579154157822, 29.51708002135497, 38.350048953789994, 45.502045428563434, 69.14344503477959, 44.18623520467101, 11.241908194041013, 12.466709240649976, 29.63197461153099, 65.62237729280845, 76.06902707839609, 52.72240403845546, 34.98529447287643, 51.13625244278419, 28.080144454580367, 71.0970618855197, 31.03993634394775, 60.180727229362205], [18.90077572608173, 0.0, 14.691774706498089, 11.859918599045741, 21.806757528054487, 64.13866486237707, 85.74200415833472, 62.92949354911955, 25.440087812318087, 31.30521930013494, 16.784315714257826, 74.12300653256386, 81.16806302861548, 61.58535261879457, 23.13518811412811, 70.0197197127464, 44.97520661203216, 88.45096042493896, 36.95108305621113, 56.91378700813633], [20.91579154157822, 14.691774706498089, 0.0, 15.501568868411473, 20.468621373557117, 60.14657642911066, 77.2281243651395, 62.614701128884306, 31.496430266938805, 31.89289577603966, 9.99764592926766, 60.45566173605525, 66.65322923823031, 48.269022670627194, 14.282333158237416, 67.40614768850956, 38.54623042977402, 80.9430411370893, 23.52283829364976, 42.87469518719711], [29.51708002135497, 11.859918599045741, 15.501568868411473, 0.0, 10.07373440857558, 73.42170503026583, 92.41065394668423, 73.65998532853162, 37.18788893384715, 41.94381090740682, 9.658191545529617, 75.03594795826791, 79.6725491323018, 63.212134964905545, 14.884589102867706, 79.95015906757918, 52.79575725896082, 95.84186195148072, 38.671114791131025, 51.17946748282584], [38.350048953789994, 21.806757528054487, 20.468621373557117, 10.07373440857558, 0.0, 80.52493917926063, 97.08896265930166, 82.06633585135009, 46.83294722795387, 50.54726157326651, 10.69313759659589, 75.11018526536178, 77.6069432384965, 64.1618996715731, 11.111300709559671, 87.574864442983, 59.012329246107846, 101.11099481119497, 40.76803699226301, 46.04608566092596], [45.502045428563434, 64.13866486237707, 60.14657642911066, 73.42170503026583, 80.52493917926063, 0.0, 31.077463178275046, 15.816462616200578, 44.69317111432159, 33.93738631587515, 70.1363049834748, 57.47897917802373, 73.86243922360934, 49.05632091126931, 73.33200630496678, 9.124995579269932, 22.463517488562978, 29.48795563281536, 48.68686449639931, 80.08731590221255], [69.14344503477959, 85.74200415833472, 77.2281243651395, 92.41065394668423, 97.08896265930166, 31.077463178275046, 0.0, 46.0336309912602, 71.8561055151134, 60.04965199804963, 86.4301011774209, 44.34974710949959, 60.53155920389446, 43.21754858068627, 87.5860721169284, 35.01401137924028, 41.09701015487375, 7.506356270496119, 57.66489316312659, 80.68495033302571], [44.18623520467101, 62.92949354911955, 62.614701128884306, 73.65998532853162, 82.06633585135009, 15.816462616200578, 46.0336309912602, 0.0, 39.49677268452981, 31.72518976644138, 72.41856111493047, 71.97049935326818, 87.9372025782208, 62.39623932574735, 76.70346185742167, 11.93243593944143, 30.49288290079852, 43.160601149546814, 56.86874185139379, 89.75574581704974], [11.241908194041013, 25.440087812318087, 31.496430266938805, 37.18788893384715, 46.83294722795387, 44.69317111432159, 71.8561055151134, 39.49677268452981, 0.0, 11.898534345242275, 39.311241992861504, 74.33456868969255, 85.85259986350825, 61.554834691601194, 45.10084674888824, 48.5017144730443, 32.285033097245616, 72.66594316894889, 41.5124933525173, 71.40329136697882], [12.466709240649976, 31.30521930013494, 31.89289577603966, 41.94381090740682, 50.54726157326651, 33.93738631587515, 60.04965199804963, 31.72518976644138, 11.898534345242275, 0.0, 41.31604473517095, 64.15869600434607, 76.75802394940294, 51.6281889848874, 46.17509425283361, 38.931670523152945, 20.515167079388046, 61.100389957222646, 34.48186674418377, 66.65790369217264], [29.63197461153099, 16.784315714257826, 9.99764592926766, 9.658191545529617, 10.69313759659589, 70.1363049834748, 86.4301011774209, 72.41856111493047, 39.311241992861504, 41.31604473517095, 0.0, 66.1088773715923, 70.14975578311855, 54.63542551914887, 6.351044615573699, 77.39541522655358, 48.42774863790491, 90.41865854179906, 30.60548644160875, 41.74786349368536], [65.62237729280845, 74.12300653256386, 60.45566173605525, 75.03594795826791, 75.11018526536178, 57.47897917802373, 44.34974710949959, 71.97049935326818, 74.33456868969255, 64.15869600434607, 66.1088773715923, 0.0, 16.787102009538373, 12.905012001247961, 64.02184067595266, 66.03026343402291, 46.03208502157356, 51.73027020073812, 37.175266931208995, 41.8357352379741], [76.06902707839609, 81.16806302861548, 66.65322923823031, 79.6725491323018, 77.6069432384965, 73.86243922360934, 60.53155920389446, 87.9372025782208, 85.85259986350825, 76.75802394940294, 70.14975578311855, 16.787102009538373, 0.0, 25.977630743757008, 66.65801661202552, 82.55576640001495, 60.42979196852711, 67.99609528173202, 45.38697972674423, 36.254658140811806], [52.72240403845546, 61.58535261879457, 48.269022670627194, 63.212134964905545, 64.1618996715731, 49.05632091126931, 43.21754858068627, 62.39623932574735, 61.554834691601194, 51.6281889848874, 54.63542551914887, 12.905012001247961, 25.977630743757008, 0.0, 53.21731086774044, 58.02951525303022, 34.46806940880628, 49.95681883749371, 24.77245105350711, 37.60134310155861], [34.98529447287643, 23.13518811412811, 14.282333158237416, 14.884589102867706, 11.111300709559671, 73.33200630496678, 87.5860721169284, 76.70346185742167, 45.10084674888824, 46.17509425283361, 6.351044615573699, 64.02184067595266, 66.65801661202552, 53.21731086774044, 0.0, 80.96671947070519, 51.17745847807462, 92.00733048696402, 30.40964755732698, 36.41341310438545], [51.13625244278419, 70.0197197127464, 67.40614768850956, 79.95015906757918, 87.574864442983, 9.124995579269932, 35.01401137924028, 11.93243593944143, 48.5017144730443, 38.931670523152945, 77.39541522655358, 66.03026343402291, 82.55576640001495, 58.02951525303022, 80.96671947070519, 0.0, 30.86364632074806, 31.507752630658757, 57.43589647184944, 89.13030313657202], [28.080144454580367, 44.97520661203216, 38.54623042977402, 52.79575725896082, 59.012329246107846, 22.463517488562978, 41.09701015487375, 30.49288290079852, 32.285033097245616, 20.515167079388046, 48.42774863790491, 46.03208502157356, 60.42979196852711, 34.46806940880628, 51.17745847807462, 30.86364632074806, 0.0, 43.4762649757111, 26.755979939011578, 59.31204238521008], [71.0970618855197, 88.45096042493896, 80.9430411370893, 95.84186195148072, 101.11099481119497, 29.48795563281536, 7.506356270496119, 43.160601149546814, 72.66594316894889, 61.100389957222646, 90.41865854179906, 51.73027020073812, 67.99609528173202, 49.95681883749371, 92.00733048696402, 31.507752630658757, 43.4762649757111, 0.0, 62.61425791320773, 87.18494930803978], [31.03993634394775, 36.95108305621113, 23.52283829364976, 38.671114791131025, 40.76803699226301, 48.68686449639931, 57.66489316312659, 56.86874185139379, 41.5124933525173, 34.48186674418377, 30.60548644160875, 37.175266931208995, 45.38697972674423, 24.77245105350711, 30.40964755732698, 57.43589647184944, 26.755979939011578, 62.61425791320773, 0.0, 33.18206144220499], [60.180727229362205, 56.91378700813633, 42.87469518719711, 51.17946748282584, 46.04608566092596, 80.08731590221255, 80.68495033302571, 89.75574581704974, 71.40329136697882, 66.65790369217264, 41.74786349368536, 41.8357352379741, 36.254658140811806, 37.60134310155861, 36.41341310438545, 89.13030313657202, 59.31204238521008, 87.18494930803978, 33.18206144220499, 0.0]]",Route_1,955.3665613545726
