instance_id,num_cities,city_coordinates,distance_matrix,best_route,total_distance
1798,66,"[[25.30863665384079, 11.255052624527595], [73.73213711141493, 67.5580993617388], [50.27859683831826, 88.56175387661563], [40.97521373231309, 4.294542940308011], [73.44633930402125, 79.94220764058949], [61.65699267501602, 51.394912152995744], [12.67996966222289, 96.6768078146798], [78.40973745822252, 59.26846475277091], [73.97479869862983, 49.504621341306034], [1.2464905190455955, 1.2870608622386093], [39.02712201937681, 58.269030094030605], [74.70448705106207, 26.686417909255855], [81.43005119861904, 26.21085723714781], [82.63047339503619, 0.8085054056139795], [25.26777825475921, 11.367436150451693], [85.42529282776687, 80.60704423503849], [95.54010501190447, 83.46069233829442], [25.718872606308942, 57.79971551801171], [16.93580939930627, 41.06956848266346], [52.9029501274543, 71.73994594737951], [20.192976372627136, 58.61590765718924], [71.17186286986676, 35.88606922287786], [77.08842515291836, 8.413314812101035], [11.017936985541155, 91.87755708282208], [63.5838424970097, 64.7041092145323], [0.9752342176942541, 59.67893884582224], [59.01198500431411, 36.29237451429185], [16.6929643414229, 98.69278906399148], [55.630640092439045, 18.366025511053273], [92.62044679568228, 76.92537344189218], [66.21405200442712, 25.03007354087311], [22.068225051152858, 65.65472744892172], [25.613780090669103, 1.5052833129302723], [87.2103470897447, 40.711959781608385], [19.22246007979229, 93.75678742568176], [89.344251745572, 77.25314208062791], [57.88933130764804, 45.55391676702608], [24.170987524607636, 11.917658438609035], [19.35593893373262, 4.125378679067493], [81.99694304251949, 96.21588257457083], [73.14998751738672, 42.44118129348895], [1.8809479258975803, 80.48580935474996], [92.35923903353563, 19.631758182351312], [13.024487654598083, 70.364315508757], [23.77939524972401, 29.336762270871574], [31.43184788935901, 92.95422143826484], [2.089909703702819, 83.50458096590609], [4.051108038881912, 61.437059776649996], [58.04868370330155, 19.65066536431622], [54.089521030218016, 86.29870969962874], [56.62584797963686, 73.24026809425241], [3.265528912630633, 66.20287349335547], [20.341672987269767, 90.72056166564506], [54.691161564288805, 37.241787124218774], [15.470756019911647, 48.86256915671767], [44.85065428445254, 37.60414394945889], [97.82860947971263, 29.098599359234466], [84.21476648321146, 63.650541489633625], [32.517740757259084, 27.07922387854953], [57.076281145693244, 32.23802566339251], [37.647037064404586, 94.91835130746668], [18.63054599040196, 65.1318420766755], [11.339387984279103, 39.660313436545536], [5.900185766296073, 97.2240824740297], [34.021748615005684, 63.380631174088876], [64.88562105223953, 26.325634802852782]]","[[0.0, 74.26216040795791, 81.23930680461262, 17.14322992962027, 83.87588259230246, 54.151743355198285, 86.35021418474581, 71.58920764216946, 61.898504304944396, 26.04510964433247, 48.974594620347425, 51.75014078256582, 58.08002463943795, 58.26597048175934, 0.1195803732835871, 91.78077734405183, 100.72791844470926, 46.546470729849915, 30.967880006376145, 66.4820912453634, 47.63633665110678, 52.05883688299785, 51.85770888502287, 81.8792545284656, 65.74034554745263, 54.19397781019909, 41.985511518201385, 87.86118348310654, 31.14465970151653, 94.039730012516, 43.16253243554808, 54.496099753603055, 9.754543256678108, 68.55312636307241, 82.72591970169005, 91.95818512797963, 47.30659304568649, 1.3165454819714661, 9.287995516555421, 102.1367059730089, 57.10840107905246, 73.08730585110267, 67.57183196778384, 60.37222271336824, 18.146261405775956, 81.92830951930056, 75.88875823688721, 54.4987739736543, 33.79936381172588, 80.37343947282444, 69.4473517281457, 59.2044053861146, 79.6205868807117, 39.22554193469528, 38.87298798762951, 32.80495491118239, 74.68292052898613, 78.83666269501852, 17.388949877739503, 38.07188456210771, 84.5682190376626, 54.289090401112674, 31.654363841195945, 88.1326390114288, 52.848786733228586, 42.349263762959914], [74.26216040795791, 0.0, 31.483679173852494, 71.24109488456719, 12.387405630276634, 20.175671832798297, 67.64071504805048, 9.518297481937234, 18.055108786162396, 98.21415124978732, 35.92665974452502, 40.88324606924419, 42.057725956160866, 67.34009713331237, 74.20367047195845, 17.52155395258275, 26.99036730625907, 48.99489385312294, 62.66949105994854, 21.244831636862408, 54.28079333516296, 31.775344172940926, 59.239937616785255, 67.2644551102267, 10.541970562523783, 73.18229354920409, 34.557610280406344, 64.98335273853266, 52.41683244969398, 21.083502233298464, 43.18743548644826, 51.69896163376005, 81.72117712290796, 30.039596444955663, 60.478724741545236, 18.37748559164572, 27.114176133479102, 74.51285939008234, 83.54927277639452, 29.82575323026224, 25.123663574347646, 73.00492499164974, 51.41889832406102, 60.77247363433169, 62.89790957189619, 49.33839767154375, 73.39549729711204, 69.94935981272035, 50.409254537454366, 27.14853296865087, 18.025320229187162, 70.47963896186835, 58.19829309671814, 35.79996560709328, 61.18750997006034, 41.60984853523234, 45.38472343243665, 11.187248413720978, 57.76820775496671, 39.050289934998936, 45.284852124484765, 55.15498226344215, 68.34575043972829, 74.0354251511079, 39.92951533633458, 42.17080720101335], [81.23930680461262, 31.483679173852494, 0.0, 84.77921783197381, 24.719240851452746, 38.86955126477784, 38.46441038082747, 40.61351819616206, 45.68336222833617, 100.10504228488297, 32.31477680209575, 66.52203630195531, 69.69969455103445, 93.52687599804918, 81.14495508303428, 36.0356440827207, 45.54805101171017, 39.363473656787, 58.02800313380307, 17.025288608253025, 42.44877223905476, 56.66794790007031, 84.51354435081126, 39.40043099989837, 27.31696855180605, 57.140516009253616, 52.99396274841574, 35.08037320474743, 70.3994648258479, 43.91170239735124, 65.49971860728897, 36.33946802209912, 90.48304952973749, 60.444660405765596, 31.487648434587655, 40.66952291440103, 43.67604986726286, 80.96866449181196, 89.92058845662184, 32.62880892791565, 51.48016828828394, 49.066824842964785, 80.75967281987468, 41.46101077186321, 64.8830279467089, 19.35184015088067, 48.453323576475796, 53.59785210919112, 69.34776398586583, 4.432213007449107, 16.584194994938052, 52.059082663626086, 30.014660763257847, 51.5093167779189, 52.79783186707682, 51.2458834430272, 76.13718176656339, 42.09788727188452, 63.99648040084075, 56.732449901090625, 14.140814446836371, 39.37714933086535, 62.51090195551655, 45.215918723464625, 29.972888661514247, 63.927299909738636], [17.14322992962027, 71.24109488456719, 84.77921783197381, 0.0, 82.32219123966425, 51.44104159332636, 96.61834039303596, 66.50921474524009, 55.972527162649584, 39.842394463765956, 54.00963177831687, 40.48530527532015, 46.009984859626904, 41.80087457532656, 17.226414242192565, 88.31425358032722, 96.14887711698942, 55.637751905723704, 43.93512790839105, 68.49199429348124, 58.161087114829236, 43.7019696581152, 36.34732893681747, 92.56469519406686, 64.50167278497328, 68.3185894979446, 36.731272008406116, 97.47131119826444, 20.317188376738116, 89.12052309944984, 32.66437182333221, 64.20705929974241, 15.612610697623602, 58.8550406165225, 92.06886270519499, 87.53582710436895, 44.591740288142184, 18.45247702451278, 21.619936617941725, 100.65940073215887, 49.90372817504757, 85.63568588374322, 53.624138478277146, 71.7388174945617, 30.377770199377757, 89.17182527555175, 88.23999656286341, 68.03423264542126, 22.963315804808605, 83.04618246370129, 70.69975508689366, 72.48904552458377, 88.85493636478321, 35.68820707521913, 51.34964774981667, 33.534289300087934, 62.028620997437265, 73.43564179528404, 24.30371441943053, 32.25031160385174, 90.68490173617828, 64.81096467963013, 46.141303520385925, 99.32853016513643, 59.493835814374485, 32.51271423398358], [83.87588259230246, 12.387405630276634, 24.719240851452746, 82.32219123966425, 0.0, 30.88586689077752, 63.028553231296186, 21.26120801433347, 30.44217352716586, 106.76820818622589, 40.674428618632504, 53.27064928890397, 54.32124512373934, 79.66486771730378, 83.80735665621535, 11.99738868343341, 22.37217507804774, 52.613696266083195, 68.58951862503491, 22.120305959542875, 57.36489984724769, 44.11481129201496, 71.62155610289491, 63.5590904776509, 18.151266812829338, 75.25065537709581, 45.97454204234235, 59.77064390953902, 64.10167972875115, 19.409989353016176, 55.38635618064349, 53.327691815867084, 91.87113158594367, 41.57475504921884, 55.95597995534033, 16.123730758884104, 37.743543116724275, 83.99642603776437, 93.13411279439345, 18.383289154819728, 37.50219728852391, 71.56745591347827, 63.20639279403126, 61.176271334839626, 70.90639204444263, 43.9832921903718, 71.44529759903116, 71.82018253811695, 62.226665249312695, 20.373795230923793, 18.10648839715883, 71.51304391509058, 54.18743858223003, 46.63778086834588, 65.78078887806754, 51.090359549063834, 56.387654694873426, 19.5288865501268, 66.85540540021968, 50.43478742118941, 38.80560423410991, 56.781318448396384, 74.02637639989284, 69.72191947659385, 42.761947641006245, 54.295697618234115], [54.151743355198285, 20.175671832798297, 38.86955126477784, 51.44104159332636, 30.88586689077752, 0.0, 66.70231523651417, 18.5107344077073, 12.462004035793564, 78.48710423829598, 23.650888849221246, 27.941846705002884, 32.0189079355039, 54.761952495547575, 54.0959680684029, 37.660068413771725, 46.65061157719259, 36.504383027484884, 45.897679195032204, 22.14844601815528, 42.08809123726513, 18.194970839655845, 45.66778753448503, 64.83177077356541, 13.447954367089823, 61.244599008567306, 15.332407139994022, 65.25988817238249, 33.574160871953566, 40.13153304704972, 26.75577516677559, 42.07865081309239, 61.547447056721346, 27.696559230598744, 59.96013703448077, 37.884460796352585, 6.950719335297321, 54.43945391870223, 63.43333463145201, 49.22024959794711, 14.56908462296941, 66.47898785219012, 44.17607816026787, 52.20113799750482, 43.832343799239645, 51.38808777900364, 67.67029041600233, 58.47463273597241, 31.948663474642334, 35.71472679821541, 22.41722536680309, 60.239843620078844, 57.03912999417513, 15.774465161880078, 46.255607415880995, 21.740246036827898, 42.4913100111429, 25.672039451877744, 37.95192615120532, 19.696934230748028, 49.706817683859676, 45.166119581297046, 51.66780572899709, 72.17433317302363, 30.122486197339857, 25.276327028597404], [86.35021418474581, 67.64071504805048, 38.46441038082747, 96.61834039303596, 63.028553231296186, 66.70231523651417, 0.0, 75.62927016144938, 77.3451436308777, 96.07251567939831, 46.57606495583197, 93.5184229787462, 98.44807718821278, 118.67520541069403, 86.23306685319581, 74.49912310869837, 83.90749512679248, 41.005381298421625, 55.769859583792055, 47.32584111555972, 38.79532691741422, 84.36122017580834, 109.26524303598639, 5.078893600538878, 60.11204309750269, 38.8051947561555, 76.11133575669776, 4.490913792633285, 89.31594883004395, 82.34439291237553, 89.43798132965306, 32.411553641677315, 96.0463561421572, 93.20322620410535, 7.164544642623962, 79.08660403572469, 68.24541280889956, 85.53453626733895, 92.791894046616, 69.31850583128374, 81.22885105398163, 19.461944959101007, 110.83648154102592, 26.314747652149677, 68.2486555341176, 19.117808095469833, 16.901388406891467, 36.28080890358693, 89.39433334683396, 42.690231493683115, 49.80473486683898, 31.895021047931174, 9.704564185419434, 72.78366526568816, 47.89561469419536, 67.26464573010357, 108.706509100496, 78.79061761144531, 72.36961276506703, 78.25208699120031, 25.028915756637243, 32.101311843121785, 57.03225219476305, 6.8018364599742585, 39.548791482811154, 87.6054654755967], [71.58920764216946, 9.518297481937234, 40.61351819616206, 66.50921474524009, 21.26120801433347, 18.5107344077073, 75.62927016144938, 0.0, 10.723866838269844, 96.51947925322345, 39.395295003859275, 32.792051736553056, 33.19529650036898, 58.61212723250669, 71.54422666534849, 22.462257042964165, 29.643099839153194, 52.71133144929302, 64.11118199224643, 28.392499768856464, 58.22041825734583, 24.47699428592344, 50.87231213239834, 74.86659918508052, 15.790927525499983, 77.43559117801355, 30.069478261350703, 73.23412750450993, 46.81769764439775, 22.665186615815283, 36.345593632060506, 56.70229599884146, 78.25597896907601, 20.53763877935388, 68.50239560965774, 21.047855503290194, 24.681488914525247, 71.99958925551228, 80.79672680191264, 37.1211493303032, 17.630157062804244, 79.41556106483172, 42.01972277335022, 66.32004821983688, 62.29270505671264, 57.807026491756474, 80.07562324188397, 74.39024515015676, 44.54371491461643, 36.36079026908125, 25.879511769511204, 75.46348853932544, 66.03888635962566, 32.36889509681251, 63.79340128608915, 39.94439709562318, 35.879149494534, 7.273304510930188, 56.055531299416685, 34.43488050804287, 54.152674493129545, 60.066054691388125, 69.87783179662127, 81.84292274330437, 44.57806036855078, 35.61083781198922], [61.898504304944396, 18.055108786162396, 45.68336222833617, 55.972527162649584, 30.44217352716586, 12.462004035793564, 77.3451436308777, 10.723866838269844, 0.0, 87.26018536089127, 36.029917652729104, 22.829867563306227, 24.457723442274133, 49.459401650974016, 61.86128623623299, 33.14324253391594, 40.22533025268878, 48.96369053112676, 57.659313358870676, 30.633845049944494, 54.54814342427909, 13.904007014616624, 41.20910265916901, 75.88828710753471, 18.411854941649416, 73.70517723395675, 19.9611938487844, 75.5028767083846, 36.140286457759544, 33.15958140147302, 25.675526855105705, 54.36099994580854, 68.13754157556465, 15.88995401242333, 70.39938058954085, 31.72066345748046, 16.563524015727292, 62.39550775261291, 71.01053095573809, 47.39511289021799, 7.111434369647928, 78.46883030838008, 35.07671021833926, 64.42101564803062, 54.0954810209072, 60.80929544194439, 79.52002590723555, 70.93451629843818, 33.83636839733936, 41.82378756246134, 29.400119350620002, 72.65419780441212, 67.64071192994666, 22.852478293714714, 58.50756567112507, 31.46167748248207, 31.391241165530396, 17.463218405326387, 47.13370454904618, 24.159785218239165, 58.155938087115786, 57.50822841771557, 63.40429854102268, 83.13422818962468, 42.29408776488819, 24.897360648017255], [26.04510964433247, 98.21415124978732, 100.10504228488297, 39.842394463765956, 106.76820818622589, 78.48710423829598, 96.07251567939831, 96.51947925322345, 87.26018536089127, 0.0, 68.36900565385392, 77.72518634843927, 83.9678452087034, 81.3853898687264, 26.050647409098342, 115.66213952885373, 125.07514319036584, 61.58390716143042, 42.76450209572965, 87.36131200992365, 60.37852268016241, 78.01697942076821, 76.17599716686719, 91.11596551394896, 88.92506661983302, 58.39250803340049, 67.54423985068019, 98.62286469201321, 57.00286622878443, 118.61852391402489, 69.17018647086783, 67.65161587678412, 24.368266702934324, 94.57329058095765, 94.20077394781232, 116.32738726888428, 71.88856615831327, 25.269391915690324, 18.330525631130673, 124.62791330371206, 82.84789984701065, 79.20128975579362, 92.94116882001892, 70.07416304191602, 35.97940445192633, 96.50919193343456, 82.22184605029258, 60.2153489472266, 59.6968267234554, 100.09678472187024, 90.79723158621671, 64.94720352403975, 91.44931415515198, 64.41331542242011, 49.6564066210713, 56.747278539543096, 100.50665339420232, 103.79276724526358, 40.53550005268128, 63.835160715216986, 100.45804268071076, 66.16918824460905, 39.678370586193054, 96.0498255864921, 70.21274113242902, 68.38763864910456], [48.974594620347425, 35.92665974452502, 32.31477680209575, 54.00963177831687, 40.674428618632504, 23.650888849221246, 46.57606495583197, 39.395295003859275, 36.029917652729104, 68.36900565385392, 0.0, 47.64804054751885, 53.15764150055577, 72.1315752542349, 48.878206342717604, 51.49540882572356, 61.87355730312253, 13.316522016340643, 27.99727795694753, 19.339187666831307, 18.83733968178104, 39.169903008620174, 62.72364101753155, 43.749828943848094, 25.38587725298677, 38.07799900152602, 29.70468210564085, 46.18327498613757, 43.21951627623352, 56.74771896465845, 42.94132502327704, 18.49737040221883, 58.327015098711385, 51.28229612777753, 40.639950233377355, 53.779271581181, 22.747682214966726, 48.67396004503526, 57.60634021124733, 57.32686221956332, 37.615033529801394, 43.28306285953661, 65.85706861065842, 28.678091344649573, 32.704270256848574, 35.50705123910262, 44.73466979268086, 35.119196545959475, 43.04878515466611, 31.820414874012474, 23.105261796474334, 36.63109898184173, 37.446600738584536, 26.220356248076946, 25.365013038947026, 21.469770548622314, 65.63938571316439, 45.5069651492047, 31.86182757116847, 31.676258251804168, 36.67529658896511, 21.52018824301697, 33.36008021028832, 51.135995262086645, 7.154175600223879, 41.09796193196207], [51.75014078256582, 40.88324606924419, 66.52203630195531, 40.48530527532015, 53.27064928890397, 27.941846705002884, 93.5184229787462, 32.792051736553056, 22.829867563306227, 77.72518634843927, 47.64804054751885, 0.0, 6.742356491298834, 27.06450840253724, 51.755766623024954, 54.9760822527989, 60.476782427258485, 58.031264940728455, 59.53230331550919, 50.051247745819765, 63.17433903103783, 9.85459374595386, 18.427953160151326, 91.13649810035156, 39.61077615347706, 80.77443383346272, 18.39915820859812, 92.46758488229551, 20.809626797735714, 53.33792521818844, 8.650489231702469, 65.4912606818826, 55.17233953195605, 18.79128415303843, 87.04418294125473, 52.64329305556637, 25.273147327217295, 52.64741998134373, 59.770078382435074, 69.9108458755337, 15.831267734877356, 90.54083261501336, 19.01206173525278, 75.57897236837972, 50.9940123956711, 79.14507618657204, 92.20184649163873, 78.73694860759252, 18.08086278452705, 63.076161555227145, 49.94094670430235, 81.63991059423496, 83.99813759571325, 22.626290378754433, 63.248846440239326, 31.787545874848792, 23.24959478018575, 38.16794266060202, 42.1885749864488, 18.481720485330115, 77.64567814612414, 67.9877746766814, 64.67965479883337, 98.53727212348332, 54.78640792917188, 9.825492046340443], [58.08002463943795, 42.057725956160866, 69.69969455103445, 46.009984859626904, 54.32124512373934, 32.0189079355039, 98.44807718821278, 33.19529650036898, 24.457723442274133, 83.9678452087034, 53.15764150055577, 6.742356491298834, 0.0, 25.43069979419916, 58.09068816753323, 54.54270909649398, 58.96301584656512, 64.04366781839384, 66.1837481950504, 53.72795747381988, 69.28251313260482, 14.101069277078384, 18.319449584855064, 96.28074208572244, 42.428971385314206, 87.13833864608044, 24.580615991093293, 97.18292471472225, 26.965737487345365, 51.9344501029909, 15.261745693564592, 71.27163040681239, 61.03950772508855, 15.610694910667018, 91.82721316604048, 51.652196587757516, 30.468335119621685, 59.01606480204387, 65.8859907462364, 70.00732060903289, 18.220397183901028, 96.30072823640592, 12.756633219768958, 81.41774377319618, 57.73533938254563, 83.39362684904076, 97.864338914339, 85.01991643063324, 24.284243108638467, 66.01556334260977, 53.16967164554352, 87.80121814891612, 88.84420024934059, 28.92489642246569, 69.7404378632586, 38.3126514445693, 16.650878903592343, 37.543103176776384, 48.92001812485222, 25.08850085256404, 81.47190968732552, 73.88248043532126, 71.36938378524466, 103.67081908989113, 60.242337673622394, 16.544828278287458], [58.26597048175934, 67.34009713331237, 93.52687599804918, 41.80087457532656, 79.66486771730378, 54.761952495547575, 118.67520541069403, 58.61212723250669, 49.459401650974016, 81.3853898687264, 72.1315752542349, 27.06450840253724, 25.43069979419916, 0.0, 58.32640750321106, 79.84746592705832, 83.65430409272433, 80.54146965638834, 77.05025683024043, 76.90900400443788, 85.08899335107196, 36.90169695991966, 9.409964124636996, 115.8530428792755, 66.67400043999096, 100.66432346440773, 42.62555525485219, 118.02155772361694, 32.20648243166178, 76.76963702009932, 29.26060925895166, 88.72890418435341, 57.02095066566659, 40.16541938280429, 112.51648449479838, 76.73889037583882, 51.129990706925774, 59.50567006046851, 63.36141065038596, 95.40948055076679, 42.69846969226364, 113.4414325900994, 21.188764143899405, 98.40225591927538, 65.40115319041216, 105.41409885229066, 115.43579736282531, 99.24987790872919, 30.972429293776646, 90.12858032901217, 76.95843546472646, 102.83587793319187, 109.3804028020813, 45.912843109123216, 82.58099467130282, 52.73740368920058, 32.11405854688906, 62.862003497935596, 56.581239130206114, 40.50717819288935, 104.30806603413969, 90.73853838528136, 81.19040489070258, 123.22134774877605, 79.2343299834522, 31.08059969407098], [0.1195803732835871, 74.20367047195845, 81.14495508303428, 17.226414242192565, 83.80735665621535, 54.0959680684029, 86.23306685319581, 71.54422666534849, 61.86128623623299, 26.050647409098342, 48.878206342717604, 51.755766623024954, 58.09068816753323, 58.32640750321106, 0.0, 91.72267924188, 100.6759032521135, 46.43447052978142, 30.84863643807385, 66.39685733235831, 47.52022384065421, 52.04179428201168, 51.90478087638354, 81.76146738374266, 65.6728366416503, 54.07521602802466, 41.951448623354324, 87.74534001941424, 31.15900563259938, 93.99055857633729, 43.165553331851136, 54.38149627610155, 9.868220501239565, 68.54183321896511, 82.6108411492695, 91.9060427879282, 47.25337216040625, 1.2270674277037614, 9.34864913110273, 102.0659443600238, 57.081377007606285, 72.96775553105371, 67.59854383104, 60.25387903478435, 18.03086146560063, 81.81930877280692, 75.76926324503815, 54.37935550480945, 33.8112355325222, 80.28317764212072, 69.36552363830388, 59.08488947861985, 79.50588055066379, 39.1818519686498, 38.75392423778105, 32.739179429619526, 74.69583908620793, 78.79257912464398, 17.30382125140167, 38.04421589125256, 84.46301837047324, 54.17254098462425, 31.535487322265528, 88.01401795584118, 52.74471019576266, 42.3476230129928], [91.78077734405183, 17.52155395258275, 36.0356440827207, 88.31425358032722, 11.99738868343341, 37.660068413771725, 74.49912310869837, 22.462257042964165, 33.14324253391594, 115.66213952885373, 51.49540882572356, 54.9760822527989, 54.54270909649398, 79.84746592705832, 91.72267924188, 0.0, 10.509649519255852, 63.91424613392412, 79.08237053330548, 33.709467613113965, 68.83941602083151, 46.93746767352346, 72.67350225921577, 75.25608987506364, 27.017629333777137, 87.00458605399398, 51.589270033945326, 71.07198565660515, 69.00482405903414, 8.082384577036379, 58.80366863991117, 65.09754077169775, 99.16907601101451, 39.934999464937086, 67.49615403736841, 5.15818753641279, 44.57522767329619, 92.03435032238434, 101.06732751087534, 15.980907876577614, 40.0913483751319, 83.54443286646149, 61.36827453327592, 73.12174834810321, 80.18016276416336, 55.38722669717951, 83.38574098454284, 83.60171202906345, 66.82184412439388, 31.848479554114782, 29.726712133516163, 83.41287035791586, 65.8647159438309, 53.1519740819492, 76.82023768512893, 59.12318264346153, 52.98077158264285, 16.999657625546032, 75.26245158251255, 56.0645023248631, 49.87559757948364, 68.56398534879571, 84.64842620842147, 81.24265267071533, 54.21322407475642, 58.037483806510544], [100.72791844470926, 26.99036730625907, 45.54805101171017, 96.14887711698942, 22.37217507804774, 46.65061157719259, 83.90749512679248, 29.643099839153194, 40.22533025268878, 125.07514319036584, 61.87355730312253, 60.476782427258485, 58.96301584656512, 83.65430409272433, 100.6759032521135, 10.509649519255852, 0.0, 74.38743325325368, 89.30645368894776, 44.21880677495423, 79.33758957791878, 53.4523712258578, 77.28242596591744, 84.94021721189831, 37.05417823133401, 97.50941794258843, 59.65864361209566, 80.30497097049285, 76.35496735319563, 7.157848641681801, 65.37701888314376, 75.59874027130788, 107.73291041044479, 43.552715210935496, 77.0090416901319, 8.770534641592747, 53.42756212611271, 101.05422618815658, 109.99145036971915, 18.60408863912975, 46.73240468639751, 93.70639057624136, 63.90814301680237, 83.54844219923342, 89.88325356547337, 64.80737400992565, 93.45020561428781, 94.10248114869266, 74.00896036399234, 41.54762634575021, 40.234021326504156, 93.8745423721757, 75.54806338758006, 61.68325040052779, 87.22459960177004, 68.3538107583505, 54.41024173593734, 22.818969508638954, 84.56174301610872, 64.05643861235986, 59.01597466303249, 79.06343668722495, 94.91171655756212, 90.69038554547913, 64.71257242711106, 64.83912542910787], [46.546470729849915, 48.99489385312294, 39.363473656787, 55.637751905723704, 52.613696266083195, 36.504383027484884, 41.005381298421625, 52.71133144929302, 48.96369053112676, 61.58390716143042, 13.316522016340643, 58.031264940728455, 64.04366781839384, 80.54146965638834, 46.43447052978142, 63.91424613392412, 74.38743325325368, 0.0, 18.895502616299357, 30.55002610636384, 5.585848081847014, 50.45970885614893, 71.25901699801675, 37.113566169829014, 38.48930497086467, 24.814897159212926, 39.635805153881954, 41.87732661050666, 49.49474458676601, 69.58168882714415, 52.09327202044059, 8.661895866766448, 56.29453030028186, 63.82157025844801, 36.53921723146293, 66.53288416747068, 34.42234739386909, 45.90815951509838, 54.0501744680075, 68.1397321930497, 49.85574425513776, 32.90752963439004, 76.79668876150738, 17.861035306769306, 28.528955115208667, 35.61568998463813, 34.915154239199495, 21.970942050929338, 50.005666810836544, 40.213012338755426, 34.54926613673801, 23.974271771735364, 33.357103993289655, 35.524948237949616, 13.597664455765285, 27.81880984443242, 77.61165003213846, 58.78776883849265, 31.463839795935108, 40.455989155248616, 38.98812934996476, 10.198257404382291, 23.147515760191027, 44.125514817906236, 10.004217589398943, 50.24591466667857], [30.967880006376145, 62.66949105994854, 58.02800313380307, 43.93512790839105, 68.58951862503491, 45.897679195032204, 55.769859583792055, 64.11118199224643, 57.659313358870676, 42.76450209572965, 27.99727795694753, 59.53230331550919, 66.1837481950504, 77.05025683024043, 30.84863643807385, 79.08237053330548, 89.30645368894776, 18.895502616299357, 0.0, 47.268459526269375, 17.846096355214215, 54.48319154232519, 68.4453656999349, 51.15147035520533, 52.2936947202127, 24.516293060760663, 42.34650086789821, 57.62373229743561, 44.86357972603123, 83.74845125191969, 51.82287711268901, 25.115169356775368, 40.504812508048005, 70.27544757301743, 52.73681646899169, 80.94586784593638, 41.198305016499106, 30.03633901995183, 37.02337352548424, 85.28814143163956, 56.23090914429622, 42.193469855771134, 78.41092684225661, 29.55470590470227, 13.582835083129748, 53.87162837921539, 44.95699080482229, 24.100834648574693, 46.35771612503426, 58.532670391646526, 51.090635893549226, 28.61048041094138, 49.76767053857655, 37.948893623265334, 7.92951706664945, 28.12912604680624, 81.77376845054091, 70.96730520626714, 20.941020199259945, 41.1005306606996, 57.69442228767314, 24.121880992706338, 5.771129217023606, 57.228615487149426, 28.10182978567926, 50.16540658567845], [66.4820912453634, 21.244831636862408, 17.025288608253025, 68.49199429348124, 22.120305959542875, 22.14844601815528, 47.32584111555972, 28.392499768856464, 30.633845049944494, 87.36131200992365, 19.339187666831307, 50.051247745819765, 53.72795747381988, 76.90900400443788, 66.39685733235831, 33.709467613113965, 44.21880677495423, 30.55002610636384, 47.268459526269375, 0.0, 35.24461326336071, 40.23995090660079, 67.78790019723998, 46.474484484935786, 12.790014086829967, 53.30999504697558, 35.97013521840781, 45.139991390044514, 53.44357468665772, 40.05456528152003, 48.56951320953564, 31.429447254208366, 75.34989473563633, 46.257252532240365, 40.23824944665647, 36.85598723716803, 26.656558695910313, 66.3643862157511, 75.47934596240734, 38.02015120327836, 35.61404404604156, 51.76615530823243, 65.36101258698179, 39.90218199926748, 51.44133974363262, 30.183666376401632, 52.157182767332664, 49.926465315439884, 52.34282878957437, 14.607037772974085, 4.013842916979046, 49.94529763870607, 37.68952828100099, 34.5444736872752, 43.86961960772698, 35.07267378436473, 61.94028823863726, 32.3398872598168, 49.09314470245283, 39.72176227095493, 27.74853795110381, 34.90364912297073, 52.50364292179869, 53.46682216196799, 20.648920408405054, 46.96854329467306], [47.63633665110678, 54.28079333516296, 42.44877223905476, 58.161087114829236, 57.36489984724769, 42.08809123726513, 38.79532691741422, 58.22041825734583, 54.54814342427909, 60.37852268016241, 18.83733968178104, 63.17433903103783, 69.28251313260482, 85.08899335107196, 47.52022384065421, 68.83941602083151, 79.33758957791878, 5.585848081847014, 17.846096355214215, 35.24461326336071, 0.0, 55.81659631102867, 75.87748295957401, 34.50389355229755, 43.81590420414629, 19.24712053377052, 44.78007998127099, 40.22942340518275, 53.62724142351822, 74.70592352152363, 56.973218757557994, 7.284335362048986, 57.36731234719474, 69.36771098549441, 35.154279010929876, 71.618750286912, 39.895247604216976, 46.867377276799985, 54.496957529660655, 72.34285320555784, 55.37207601604595, 28.524077304880553, 82.0227613331796, 13.762714759352127, 29.497978827626884, 36.13076288008895, 30.77607970303484, 16.38654364364568, 54.32627986939632, 43.76429216433125, 39.2584519782173, 18.549946849252578, 32.104998359848345, 40.5829743867565, 10.836372869386759, 32.39591477505793, 83.05758855814739, 64.2194452388878, 33.85944832525493, 45.345019897024486, 40.28041272894084, 6.700641018465772, 20.921294883634523, 41.16885990653785, 14.626603567611856, 55.13704933586475], [52.05883688299785, 31.775344172940926, 56.66794790007031, 43.7019696581152, 44.11481129201496, 18.194970839655845, 84.36122017580834, 24.47699428592344, 13.904007014616624, 78.01697942076821, 39.169903008620174, 9.85459374595386, 14.101069277078384, 36.90169695991966, 52.04179428201168, 46.93746767352346, 53.4523712258578, 50.45970885614893, 54.48319154232519, 40.23995090660079, 55.81659631102867, 0.0, 28.102632335140534, 82.17993375555385, 29.80029332304446, 74.11927764775798, 12.16666403312708, 83.14225425181, 23.419682685337182, 46.30622251062549, 11.934510078975888, 57.42247173024197, 57.07519028704044, 16.748796845030938, 77.76734838962774, 45.18263421125705, 16.428418086907488, 52.75952045597117, 60.77525349330041, 61.293300937333036, 6.8470775794785075, 82.40368750003178, 26.704073399071294, 67.60078928071019, 47.842861627184014, 69.54166224594836, 83.9037479131474, 71.81955755475056, 20.87597111246251, 53.22819480843547, 40.08644063157753, 74.36651674433952, 74.76984529178029, 16.536368602316987, 57.19268182943567, 26.377221274482263, 27.507306065323743, 30.67545036211287, 39.64469297668104, 14.560001578116564, 67.8875855617288, 60.13239733491639, 59.95139673367821, 89.56977002042191, 46.21776634626789, 11.441972840786045], [51.85770888502287, 59.239937616785255, 84.51354435081126, 36.34732893681747, 71.62155610289491, 45.66778753448503, 109.26524303598639, 50.87231213239834, 41.20910265916901, 76.17599716686719, 62.72364101753155, 18.427953160151326, 18.319449584855064, 9.409964124636996, 51.90478087638354, 72.67350225921577, 77.28242596591744, 71.25901699801675, 68.4453656999349, 67.78790019723998, 75.87748295957401, 28.102632335140534, 0.0, 106.44993726865765, 57.88805824319084, 91.76808836359585, 33.2264903100582, 108.61857648593373, 23.653604164244562, 70.25059340676935, 19.858717532178417, 79.39648443033917, 51.9361144434013, 33.8475371417403, 103.11148447961192, 69.92229332501768, 41.809442929243616, 53.033344505120574, 57.89150508778854, 87.93966371072631, 34.25502865688679, 104.16625701470227, 18.948647134504498, 89.11854226313262, 57.268170241239595, 96.08167328162594, 106.12952262291493, 90.2550121670916, 22.108591133349666, 81.21012453894706, 67.97978329193715, 93.75208318687345, 99.97338028675323, 36.506413575002, 73.70806825863893, 43.48998018272857, 29.292255677999254, 55.69502627507201, 48.32144522646637, 31.1143496623915, 95.07231160234456, 81.45130429429382, 72.79636537382305, 113.8205512184338, 69.829395644385, 21.673939082931575], [81.8792545284656, 67.2644551102267, 39.40043099989837, 92.56469519406686, 63.5590904776509, 64.83177077356541, 5.078893600538878, 74.86659918508052, 75.88828710753471, 91.11596551394896, 43.749828943848094, 91.13649810035156, 96.28074208572244, 115.8530428792755, 81.76146738374266, 75.25608987506364, 84.94021721189831, 37.113566169829014, 51.15147035520533, 46.474484484935786, 34.50389355229755, 82.17993375555385, 106.44993726865765, 0.0, 59.174071106281865, 33.72842859155135, 73.43800900354748, 8.868670838810086, 85.98975841651946, 82.96105955776042, 86.69023687284069, 28.456030298366695, 91.5433585919251, 91.77800229181884, 8.416989122342073, 79.67989142841391, 65.89997919427346, 81.03448728582208, 88.14741681463171, 71.11146439856884, 79.39991784930243, 14.603303919869731, 108.79275195356689, 21.606614927183173, 63.82950597285691, 20.44228374040666, 12.239950988451517, 31.2275612531475, 86.18941364313196, 43.431381399198266, 49.26895661660409, 26.81956763909803, 9.3952483429284, 69.94582120523818, 43.244846902674546, 63.95511029599415, 107.13211652791286, 78.45087799259561, 68.27199680889893, 75.3541291151596, 26.802152908428013, 27.80800401055247, 52.21823306814582, 7.401129055820627, 36.62308200754979, 84.84563572340515], [65.74034554745263, 10.541970562523783, 27.31696855180605, 64.50167278497328, 18.151266812829338, 13.447954367089823, 60.11204309750269, 15.790927525499983, 18.411854941649416, 88.92506661983302, 25.38587725298677, 39.61077615347706, 42.428971385314206, 66.67400043999096, 65.6728366416503, 27.017629333777137, 37.05417823133401, 38.48930497086467, 52.2936947202127, 12.790014086829967, 43.81590420414629, 29.80029332304446, 57.88805824319084, 59.174071106281865, 0.0, 62.80995277746457, 28.777222757075844, 57.91359781701634, 47.015650902637695, 31.503709123095927, 39.76112559633707, 41.52649957482916, 73.7279949170083, 33.67246580935645, 53.028203450684664, 28.654439630321892, 19.978922104615382, 65.8770257570465, 75.00593341123749, 36.497042784224135, 24.231159488733827, 63.68916122677016, 53.47466945575685, 50.87520316788987, 53.24700226768843, 42.79976165709199, 64.30366636873785, 59.62231196533327, 45.39218859711588, 23.589593261133377, 11.012706121731167, 60.336931045811106, 50.465245685026574, 28.866224359332133, 50.653958204231785, 32.94450573275119, 49.40097567614764, 20.65780795426716, 48.79277276247362, 33.11185491467877, 39.81982296921047, 44.955331410327176, 57.93681674291645, 66.21897699772498, 29.59170472973727, 38.400545902041486], [54.19397781019909, 73.18229354920409, 57.140516009253616, 68.3185894979446, 75.25065537709581, 61.244599008567306, 38.8051947561555, 77.43559117801355, 73.70517723395675, 58.39250803340049, 38.07799900152602, 80.77443383346272, 87.13833864608044, 100.66432346440773, 54.07521602802466, 87.00458605399398, 97.50941794258843, 24.814897159212926, 24.516293060760663, 53.30999504697558, 19.24712053377052, 74.11927764775798, 91.76808836359585, 33.72842859155135, 62.80995277746457, 0.0, 62.57152573735941, 42.060997956397934, 68.51255505043741, 93.25387120512013, 73.86912219006695, 21.92314557104665, 63.176199163880206, 88.29632487752595, 38.65567248793188, 90.0995886682099, 58.640691471802796, 53.09597797961378, 58.515368520239484, 88.87893765078712, 74.20468515737058, 20.826573834803305, 99.77380926512929, 16.104713062191752, 37.95625692399383, 45.10930888355473, 23.851702745787815, 3.5428786277943853, 69.71112762031902, 59.411612197551094, 57.279145097192604, 6.914273141476135, 36.587447272307244, 58.21362922961321, 18.086293306532987, 49.115670164938244, 101.56639928027532, 83.33422681793124, 45.361560100440926, 62.452631511435854, 50.85899443235084, 18.478208447697554, 22.5424276992154, 37.86677907901335, 33.25318992074083, 72.090085559139], [41.985511518201385, 34.557610280406344, 52.99396274841574, 36.731272008406116, 45.97454204234235, 15.332407139994022, 76.11133575669776, 30.069478261350703, 19.9611938487844, 67.54423985068019, 29.70468210564085, 18.39915820859812, 24.580615991093293, 42.62555525485219, 41.951448623354324, 51.589270033945326, 59.65864361209566, 39.635805153881954, 42.34650086789821, 35.97013521840781, 44.78007998127099, 12.16666403312708, 33.2264903100582, 73.43800900354748, 28.777222757075844, 62.57152573735941, 0.0, 75.39702411793571, 18.242463704197856, 52.731103779763835, 13.368215748183653, 47.1909861025871, 48.22428647171122, 28.54260601690271, 69.89538643551417, 50.96892077811955, 9.329336322687666, 42.5208406449245, 51.061899798337144, 64.18048857922773, 15.417228670145214, 72.22890751391178, 37.277546698375346, 57.2341425691034, 35.9126150885182, 63.01768688325105, 73.95346573730204, 60.439665731640396, 16.66956606600529, 50.248026928870914, 37.02486313136926, 63.2637757010958, 66.7669123749054, 4.4239009373809886, 45.31940439613742, 14.22195580109619, 39.47759790875868, 37.19743935439283, 28.050438906717442, 4.492737921698582, 62.39764543177024, 49.62232870509087, 47.791416794427455, 80.8302929178802, 36.8549259076796, 11.568729441864626], [87.86118348310654, 64.98335273853266, 35.08037320474743, 97.47131119826444, 59.77064390953902, 65.25988817238249, 4.490913792633285, 73.23412750450993, 75.5028767083846, 98.62286469201321, 46.18327498613757, 92.46758488229551, 97.18292471472225, 118.02155772361694, 87.74534001941424, 71.07198565660515, 80.30497097049285, 41.87732661050666, 57.62373229743561, 45.139991390044514, 40.22942340518275, 83.14225425181, 108.61857648593373, 8.868670838810086, 57.91359781701634, 42.060997956397934, 75.39702411793571, 0.0, 89.26663170401869, 78.9860935526443, 88.76110511686306, 33.47248038282662, 97.59606666123669, 91.29336139033423, 5.546391697655796, 75.74871632081644, 67.2374925187509, 87.09675152254782, 94.60489702224677, 65.35093495850393, 79.69716960255099, 23.471044723797963, 109.43505713367138, 28.5650159315796, 69.71711379242612, 15.816631962420432, 21.06966705913942, 39.34216434699252, 89.20735868129506, 39.39689905904257, 47.354683183167246, 35.15523625267568, 8.767524421022333, 72.25018084122533, 49.84520648155085, 67.26572726773345, 106.89407912821078, 76.07333882206979, 73.34116352486338, 77.76276650649494, 21.29130207521102, 33.61683187529566, 59.2747328843983, 10.892252678813223, 39.334911455878235, 86.94559894958492], [31.14465970151653, 52.41683244969398, 70.3994648258479, 20.317188376738116, 64.10167972875115, 33.574160871953566, 89.31594883004395, 46.81769764439775, 36.140286457759544, 57.00286622878443, 43.21951627623352, 20.809626797735714, 26.965737487345365, 32.20648243166178, 31.15900563259938, 69.00482405903414, 76.35496735319563, 49.49474458676601, 44.86357972603123, 53.44357468665772, 53.62724142351822, 23.419682685337182, 23.653604164244562, 85.98975841651946, 47.015650902637695, 68.51255505043741, 18.242463704197856, 89.26663170401869, 0.0, 69.26357650329894, 12.506723945244682, 57.98842155441133, 34.42813546850049, 38.6861560827597, 83.7216970319014, 67.85499324719541, 27.281552685876676, 32.113722574464084, 38.96985971679656, 82.19356529598613, 29.77483266358632, 82.14558389095284, 36.75040216611394, 67.22429909074424, 33.68766633478504, 78.41543544331017, 84.3186884225809, 67.19793240548502, 2.738107824141414, 67.9501628329813, 54.88326646454752, 70.9257985062952, 80.5014912998253, 18.899126868242025, 50.42673361472814, 22.052512216763706, 43.54143729616583, 53.55128074040761, 24.700727549396227, 13.947123942998205, 78.63630562730012, 59.63261324651994, 49.14429480176054, 93.22934750099148, 49.932543635209385, 12.206967381146333], [94.039730012516, 21.083502233298464, 43.91170239735124, 89.12052309944984, 19.409989353016176, 40.13153304704972, 82.34439291237553, 22.665186615815283, 33.15958140147302, 118.61852391402489, 56.74771896465845, 53.33792521818844, 51.9344501029909, 76.76963702009932, 93.99055857633729, 8.082384577036379, 7.157848641681801, 69.58168882714415, 83.74845125191969, 40.05456528152003, 74.70592352152363, 46.30622251062549, 70.25059340676935, 82.96105955776042, 31.503709123095927, 93.25387120512013, 52.731103779763835, 78.9860935526443, 69.26357650329894, 0.0, 58.22731178483459, 71.44678757080763, 100.88648758866303, 36.615304283305015, 75.30312709735017, 3.2925501191182853, 46.801908902801955, 94.39984896413019, 103.28372257873447, 22.022319918469588, 39.60124104918633, 90.80932418551096, 57.294210693605855, 79.86591383557256, 83.68850752128317, 63.253