instance_id,num_cities,city_coordinates,distance_matrix,best_route,total_distance
2460,39,"[[16.386968010354806, 76.74172609679025], [48.63697787098575, 24.14914528237827], [92.84097008083786, 11.32259333868656], [77.37763117626808, 56.00187493033124], [2.1393163606917343, 8.747304491902042], [87.56193281423542, 83.50735574831789], [56.94983194418655, 35.328734957844475], [30.2950261345864, 15.008177220536522], [14.543268286691069, 81.78338017742452], [2.1430661031255127, 98.15992168977125], [43.669064853162624, 43.97994614920312], [43.23798218295849, 42.00618960727904], [32.68435060190556, 81.11394498453811], [41.1683097148005, 84.84840010455143], [64.65971621223176, 19.17644391180876], [64.88285471220708, 71.90443930743992], [36.91392435753994, 9.505480230560304], [18.33069629326828, 69.33340027128942], [36.92475790275888, 40.15218231931734], [28.43126555247609, 22.819615170196194], [49.43750741427696, 56.58785095457043], [5.828496562881003, 87.14239942138461], [15.816391608062485, 79.5626129023294], [80.65281272382778, 8.089554743933636], [7.891724928440191, 3.1542605302940396], [24.058163520397237, 60.04792740092242], [38.45212724604189, 66.58315471649908], [62.12663032233937, 80.10162310008528], [82.65139751098289, 7.828321274451222], [13.608481869746637, 94.85261774913643], [14.768459683373802, 10.999844083681232], [79.45298615426829, 76.17139715203618], [27.84346028276388, 38.792342034734396], [39.80227892057538, 87.13237038861085], [80.58251885874171, 14.285608090588852], [48.18279751917306, 57.23549425628076], [52.87944293430422, 40.61441904432088], [7.734869156365298, 54.99966088787519], [83.94837986266067, 62.67779784667972]]","[[0.0, 61.693133270496546, 100.62244959955916, 64.42051241510549, 69.47112311538827, 71.49579959281017, 57.968799932282096, 63.28084337020021, 5.368193787468367, 25.722127517022408, 42.633871903387636, 43.90369525804779, 16.873677054446684, 26.07360849864495, 75.12669253999114, 48.73654040328791, 70.29984847112664, 7.65907116918104, 41.9594509915006, 55.25087465428093, 38.71068118928413, 14.820773424894139, 2.8780131689270947, 94.03839337312291, 74.07620565013494, 18.371993779975366, 24.291311709841807, 45.86290021670165, 95.60351448169303, 18.322783131297886, 65.76180213338175, 63.068596937252764, 39.64097584415887, 25.617226114890716, 89.56469965970065, 37.302384036004234, 51.35058948968823, 23.400346453160072, 69.00969822641709], [61.693133270496546, 0.0, 46.0273110452141, 42.90246541214174, 48.982131697804405, 70.98273921914256, 13.931502724190295, 20.493523138006655, 66.96331880332392, 87.40296823279338, 20.443601022626073, 18.655379558208075, 59.15635825415042, 61.157015460160636, 16.776647545707654, 50.44300369486555, 18.75811583898951, 54.4066871071088, 19.831119257111435, 20.249406426302276, 32.44858199115631, 76.16243259591826, 64.40375203595953, 35.81793028061441, 45.83623919024462, 43.50678880905141, 43.63916061185725, 57.55562958737664, 37.727311589133286, 78.90485758789794, 36.331537900819136, 60.46437840667399, 25.432136851234215, 63.59983137026975, 33.433620129058845, 33.089466121635006, 17.00305119292398, 51.23218529818574, 52.26233996902852], [100.62244959955916, 46.0273110452141, 0.0, 47.27952044620441, 90.73820639738076, 72.37753904767074, 43.17949319043998, 62.654438252032726, 105.33400489955372, 125.56604390162343, 59.028628277387824, 58.326147552972756, 92.13930557415746, 89.86716914354847, 29.255188231008848, 66.72193249560017, 55.95655764415446, 94.43005147128908, 62.91079386827078, 65.42775824086499, 62.7120731476793, 115.41149657694886, 102.9052280448136, 12.609667652813098, 85.34105643142004, 84.29254212448143, 77.53628743175109, 75.32546449720607, 10.7720623102188, 115.13058744804118, 78.07317751215035, 66.2163534909647, 70.56389567884376, 92.52148429609706, 12.611466321744722, 64.04956555056603, 49.547297656405085, 95.6594723185472, 52.11943198890622], [64.42051241510549, 42.90246541214174, 47.27952044620441, 0.0, 88.84705084361687, 29.330384840327888, 29.063270596893616, 62.42799812129985, 67.91791496022938, 86.24117745205044, 35.788185413313656, 36.897084451868054, 51.26505038431235, 46.29510746641394, 38.95969366835957, 20.224020190232668, 61.63786409009379, 60.53321474194006, 43.4470679326721, 59.133823405619594, 27.94626779618996, 78.03211473170825, 65.91581442233084, 48.0241318486171, 87.2992641140631, 53.47276102559353, 40.33805074783881, 28.520008571038286, 48.461364850663486, 74.67184623973327, 77.10441709363663, 20.276013536604268, 52.43855555401492, 48.79564370532843, 41.839194830946035, 29.220885149269602, 28.92982934243842, 69.64997297018651, 9.367106548169328], [69.47112311538827, 48.982131697804405, 90.73820639738076, 88.84705084361687, 0.0, 113.51690916172426, 60.91604931497331, 28.843413809671464, 74.0818896554608, 89.41261727649663, 54.46153732681144, 52.87015955610691, 78.54890052055063, 85.52566325776533, 63.38428311999984, 89.02570012628995, 34.78287210374021, 62.71232562989626, 46.86462732841745, 29.821075100167025, 67.27433955668522, 78.48185114768133, 72.12399248922779, 78.51625147633533, 8.023237818162041, 55.787003608941355, 68.29059822257545, 93.21972227147755, 80.5173257212696, 86.86579723113441, 12.828452583120765, 102.58368197716705, 39.53994557048358, 86.96388505821587, 78.63846911595685, 66.8663346073181, 59.91722151938623, 46.58959844503157, 97.98582032395763], [71.49579959281017, 70.98273921914256, 72.37753904767074, 29.330384840327888, 113.51690916172426, 0.0, 57.08134739956901, 89.2840190607283, 73.03901328163668, 86.66648994207044, 59.067757427079975, 60.720337537187525, 54.92975008640764, 46.41300102619746, 68.2859996119395, 25.474855318370267, 89.67440181442632, 70.66728468030225, 66.66179225069024, 84.73156240326443, 46.67045693388474, 81.81422947115813, 71.8539051067347, 75.7336163718634, 113.15459308257282, 67.69840096273772, 51.94421607369957, 25.662299735711347, 75.83818046248993, 74.8186332170411, 102.74351063814636, 10.934866458286157, 74.60380964064825, 47.8970277907151, 69.5727142488523, 47.33843050676279, 55.16048516252031, 84.76466692256723, 21.140677550909572], [57.968799932282096, 13.931502724190295, 43.17949319043998, 29.063270596893616, 60.91604931497331, 57.08134739956901, 0.0, 33.517215569058834, 62.89952864461122, 83.37589344708185, 15.849991470140077, 15.251335170067744, 51.81794131341995, 51.97358636960307, 17.89801166226284, 37.42612722293006, 32.68452351696208, 51.456339760066804, 20.59779684368112, 31.141398602184378, 22.547395255437614, 72.7876827238527, 60.40360810326705, 36.10822948533967, 58.66766288729694, 41.144869992970214, 36.3180923721214, 45.071174314029726, 37.640978007247554, 73.63127901120973, 48.69459001749791, 46.63169527812146, 29.31172880053223, 54.567895493058096, 31.64359459910966, 23.595910568761617, 6.6713209302057095, 53.000546121256, 38.430363394113364], [63.28084337020021, 20.493523138006655, 62.654438252032726, 62.42799812129985, 28.843413809671464, 89.2840190607283, 33.517215569058834, 0.0, 68.60791211829957, 87.78807129610423, 31.909689852802195, 29.940153374770713, 66.14893349917473, 70.68157488557137, 34.61656209594169, 66.58455170064956, 8.607525071082328, 55.627107133715924, 26.00335239397857, 8.030701485475067, 45.77448915468104, 76.1705788464579, 66.15818939441576, 50.83083716742558, 25.346069632835018, 45.46952332694771, 52.216056938948896, 72.45969722293569, 52.846380719115345, 81.56945165212025, 16.035616617390573, 78.46938578634115, 23.910179234684765, 72.74810716219629, 50.2926836689943, 45.85977179559982, 34.142868984921286, 45.916004277343134, 71.77099063626109], [5.368193787468367, 66.96331880332392, 105.33400489955372, 67.91791496022938, 74.0818896554608, 73.03901328163668, 62.89952864461122, 68.60791211829957, 0.0, 20.541570682372853, 47.72223433534492, 49.04703350093982, 18.15342973228097, 26.80088017588655, 80.19530423435218, 51.299780060002675, 75.66069702143326, 13.013324347305462, 47.26613705958018, 60.57724037856211, 43.03977947332956, 10.230656550547188, 2.5598145013952007, 99.00127157116509, 78.90995808850396, 23.726844263575323, 28.331614687502302, 47.61307225419042, 100.53888801739893, 13.10262555181785, 70.78389430583344, 65.15186741088638, 45.00138295340084, 25.81916564263935, 94.43056630564332, 41.64392669022097, 56.25429447954436, 27.635519132073448, 71.98675426125044], [25.722127517022408, 87.40296823279338, 125.56604390162343, 86.24117745205044, 89.41261727649663, 86.66648994207044, 83.37589344708185, 87.78807129610423, 20.541570682372853, 0.0, 68.26330142737491, 69.58472357062885, 34.976211639781305, 41.23307223412236, 100.73093518262554, 68.0119947497583, 95.22931572889327, 33.06066708738668, 67.63626180766639, 79.79493227487795, 62.96825584488178, 11.617581271852119, 23.08288813167498, 119.48410486840795, 95.17942388268204, 43.96357132310518, 48.119020496726364, 62.64287768290029, 121.00160932677896, 11.932896465536894, 88.06974333649333, 80.37610932149344, 64.69172879963818, 39.240581006525694, 114.8374861721317, 61.59923400189993, 76.7180865811505, 43.52098774009969, 89.1688873526662], [42.633871903387636, 20.443601022626073, 59.028628277387824, 35.788185413313656, 54.46153732681144, 59.067757427079975, 15.849991470140077, 31.909689852802195, 47.72223433534492, 68.26330142737491, 0.0, 2.0202839293867676, 38.72464094971611, 40.94489351509501, 32.493401910517434, 35.068535731166634, 35.130054419133295, 35.84453315636538, 7.75483411677169, 26.07585347920799, 13.864854602990947, 57.40127159745433, 45.18736084528898, 51.53559742337689, 54.28401844321345, 25.3528592586529, 23.197445452749147, 40.56423632700161, 53.16542335512566, 59.0903322466332, 43.85124982748229, 48.13292575100255, 16.654158533744013, 43.32532459412484, 47.37464299982925, 14.002976047942779, 9.806010253475703, 37.58590870655429, 44.40757678296805], [43.90369525804779, 18.655379558208075, 58.326147552972756, 36.897084451868054, 52.87015955610691, 60.720337537187525, 15.251335170067744, 29.940153374770713, 49.04703350093982, 69.58472357062885, 2.0202839293867676, 0.0, 40.50673610890087, 42.89217346344258, 31.30635681999373, 36.91078219085299, 33.11026755206262, 36.97498252962351, 6.579828556726764, 24.235583261087918, 15.84484019297279, 58.6237754732817, 46.50191996438671, 50.49958083841353, 52.52456848852411, 26.33191498055758, 25.03860262588606, 42.52108984419567, 52.16841948531184, 60.585908065845786, 42.09402777215662, 49.78742732074348, 15.726414745742993, 45.25678124675451, 46.508548237419575, 16.01196174119112, 9.741395727494961, 37.8061017627939, 45.65798798066729], [16.873677054446684, 59.15635825415042, 92.13930557415746, 51.26505038431235, 78.54890052055063, 54.92975008640764, 51.81794131341995, 66.14893349917473, 18.15342973228097, 34.976211639781305, 38.72464094971611, 40.50673610890087, 0.0, 9.269504694031223, 69.70421827298819, 33.48967992916038, 71.73326647083647, 18.569023284834156, 41.180663602217535, 58.44927391286356, 29.701810576911345, 27.524155919165363, 16.939146136900213, 87.37010317239174, 81.80700879502855, 22.763747503396413, 15.633653227265286, 29.45967804871619, 88.69886368714305, 23.508294221811884, 72.3668867130559, 47.02907664951861, 42.597562081917246, 9.321284669728204, 82.22080718632824, 28.46721387893751, 45.25542349483027, 36.11692758641825, 54.47836467200829], [26.07360849864495, 61.157015460160636, 89.86716914354847, 46.29510746641394, 85.52566325776533, 46.41300102619746, 51.97358636960307, 70.68157488557137, 26.80088017588655, 41.23307223412236, 40.94489351509501, 42.89217346344258, 9.269504694031223, 0.0, 69.74705735304586, 27.01713836717688, 75.46294037411158, 27.609270302155196, 44.89721167607804, 63.32300099036287, 29.445513560668605, 35.41418962052095, 25.897090532295802, 86.31886421266861, 88.21147054562731, 30.130060556150568, 18.46609965015242, 21.48913899202379, 87.48107861761093, 29.319421575625125, 78.4255143945478, 39.255659850685205, 47.94488603925142, 2.6613080222397745, 80.82442390297675, 28.489921174744445, 45.758012650483394, 44.818993522830986, 48.183711006237196], [75.12669253999114, 16.776647545707654, 29.255188231008848, 38.95969366835957, 63.38428311999984, 68.2859996119395, 17.89801166226284, 34.61656209594169, 80.19530423435218, 100.73093518262554, 32.493401910517434, 31.30635681999373, 69.70421827298819, 69.74705735304586, 0.0, 52.72846754109085, 29.382928788123035, 68.2795603229734, 34.773689970557186, 36.411170456664685, 40.389714255088876, 89.89150968673181, 77.66697988038395, 19.46017079704008, 58.98572026098793, 57.61045255497222, 54.16856974981247, 60.97781550079647, 21.271588641856017, 91.28587960111228, 50.55684189877416, 58.88349115357946, 41.7159461097681, 72.35951998202559, 16.657008109196322, 41.4726435465684, 24.461431198620854, 67.25876215667459, 47.585925856142495], [48.73654040328791, 50.44300369486555, 66.72193249560017, 20.224020190232668, 89.02570012628995, 25.474855318370267, 37.42612722293006, 66.58455170064956, 51.299780060002675, 68.0119947497583, 35.068535731166634, 36.91078219085299, 33.48967992916038, 27.01713836717688, 52.72846754109085, 0.0, 68.38048814583235, 46.6231025907477, 42.30674888296496, 61.13949879459237, 21.752163844660018, 60.988627176409246, 49.660501652317656, 65.73455002920392, 89.30048127484913, 42.51155472922658, 26.961072383873812, 8.648155584730734, 66.4941351952894, 56.17544129047487, 78.87218970255509, 15.182083502816809, 49.68226771693277, 29.341526324522956, 59.71942033467803, 22.227682271540008, 33.5133893000439, 59.59583698972003, 21.180773402026606], [70.29984847112664, 18.75811583898951, 55.95655764415446, 61.63786409009379, 34.78287210374021, 89.67440181442632, 32.68452351696208, 8.607525071082328, 75.66069702143326, 95.22931572889327, 35.130054419133295, 33.11026755206262, 71.73326647083647, 75.46294037411158, 29.382928788123035, 68.38048814583235, 0.0, 62.64755686927153, 30.64670400357479, 15.786756778830807, 48.71950087564646, 83.62891271934329, 73.16493508713809, 43.76180069995142, 29.70902306343122, 52.15179337923728, 57.0983974630548, 74.96329722018513, 45.768212906186, 88.47190250111379, 22.195826836598243, 79.08170621279612, 30.659314944541645, 77.68060676701651, 43.929440789391, 49.04224445545337, 34.966610609884754, 54.047550694861286, 70.98968492205516], [7.65907116918104, 54.4066871071088, 94.43005147128908, 60.53321474194006, 62.71232562989626, 70.66728468030225, 51.456339760066804, 55.627107133715924, 13.013324347305462, 33.06066708738668, 35.84453315636538, 36.97498252962351, 18.569023284834156, 27.609270302155196, 68.2795603229734, 46.6231025907477, 62.64755686927153, 0.0, 34.60177175085157, 47.59783297368417, 33.61670307307106, 21.759261219687282, 10.533684972557124, 87.37765624782364, 66.997392934456, 10.909806930654543, 20.308516297329056, 45.10031552405534, 88.99453549261226, 25.952452095001888, 58.442221956028625, 61.50359761179185, 31.988262174249005, 27.889643198839554, 83.09963198891307, 32.210359786094415, 44.92655981912552, 17.824916196907346, 65.954358769132], [41.9594509915006, 19.831119257111435, 62.91079386827078, 43.4470679326721, 46.86462732841745, 66.66179225069024, 20.59779684368112, 26.00335239397857, 47.26613705958018, 67.63626180766639, 7.75483411677169, 6.579828556726764, 41.180663602217535, 44.89721167607804, 34.773689970557186, 42.30674888296496, 30.64670400357479, 34.60177175085157, 0.0, 19.301743348286074, 20.65672054866982, 56.34765276936918, 44.70732788223299, 54.223194902847276, 47.02938677459617, 23.69366842328205, 26.47506674158507, 47.23443862425906, 55.997835339486244, 59.46247862525938, 36.616394898887265, 55.73180452289371, 9.182544966538494, 47.06822918098963, 50.74524365908651, 20.4593011303013, 15.961379553339338, 32.74900341797623, 52.14042939134955], [55.25087465428093, 20.249406426302276, 65.42775824086499, 59.133823405619594, 29.821075100167025, 84.73156240326443, 31.141398602184378, 8.030701485475067, 60.57724037856211, 79.79493227487795, 26.07585347920799, 24.235583261087918, 58.44927391286356, 63.32300099036287, 36.411170456664685, 61.13949879459237, 15.786756778830807, 47.59783297368417, 19.301743348286074, 0.0, 39.76878103670727, 68.17848443476822, 58.12833075413675, 54.259235795678656, 28.43587350793962, 37.48428007753933, 44.89615866310158, 66.45755065795022, 56.25443628965177, 73.54228971579957, 18.065969466219936, 73.82159991361019, 15.983538986227106, 65.3102628137509, 52.844890937999565, 39.680924236961076, 30.238525463585287, 38.26089604513802, 68.34343207362382], [38.71068118928413, 32.44858199115631, 62.7120731476793, 27.94626779618996, 67.27433955668522, 46.67045693388474, 22.547395255437614, 45.77448915468104, 43.03977947332956, 62.96825584488178, 13.864854602990947, 15.84484019297279, 29.701810576911345, 29.445513560668605, 40.389714255088876, 21.752163844660018, 48.71950087564646, 33.61670307307106, 20.65672054866982, 39.76878103670727, 0.0, 53.24778173265124, 40.721236653754495, 57.675644954375144, 67.68456713306057, 25.614121603100305, 14.852093277847315, 26.719119010309907, 58.99706967284465, 52.420525076663694, 57.27311097738521, 35.839144041943115, 27.981833557398843, 32.02819532197079, 52.5308622544797, 1.4119981469966243, 16.34005652118143, 41.732869364065856, 35.04408324235807], [14.820773424894139, 76.16243259591826, 115.41149657694886, 78.03211473170825, 78.48185114768133, 81.81422947115813, 72.7876827238527, 76.1705788464579, 10.230656550547188, 11.617581271852119, 57.40127159745433, 58.6237754732817, 27.524155919165363, 35.41418962052095, 89.89150968673181, 60.988627176409246, 83.62891271934329, 21.759261219687282, 56.34765276936918, 68.17848443476822, 53.24778173265124, 0.0, 12.538389494189905, 108.84865888264545, 84.01347740498288, 32.656257768604895, 38.56142919792575, 56.73669355896972, 110.41956847579024, 10.953339127254537, 76.6655833731864, 74.43741235686758, 53.12613929959647, 33.97378383797549, 104.38522832484085, 51.84891306527725, 66.17132696580121, 32.19922199213421, 81.86105848924902], [2.8780131689270947, 64.40375203595953, 102.9052280448136, 65.91581442233084, 72.12399248922779, 71.8539051067347, 60.40360810326705, 66.15818939441576, 2.5598145013952007, 23.08288813167498, 45.18736084528898, 46.50191996438671, 16.939146136900213, 25.897090532295802, 77.66697988038395, 49.660501652317656, 73.16493508713809, 10.533684972557124, 44.70732788223299, 58.12833075413675, 40.721236653754495, 12.538389494189905, 0.0, 96.4995313232882, 76.81820522631493, 21.18371436915099, 26.092965769919843, 46.31337540890963, 98.04451340792548, 15.448595846481718, 68.570776788645, 63.726890004951805, 42.50723900141069, 25.15201818084746, 91.95509010513324, 39.32028050049372, 53.764594096976516, 25.858260127117337, 70.19305380867966], [94.03839337312291, 35.81793028061441, 12.609667652813098, 48.0241318486171, 78.51625147633533, 75.7336163718634, 36.10822948533967, 50.83083716742558, 99.00127157116509, 119.48410486840795, 51.53559742337689, 50.49958083841353, 87.37010317239174, 86.31886421266861, 19.46017079704008, 65.73455002920392, 43.76180069995142, 87.37765624782364, 54.223194902847276, 54.259235795678656, 57.675644954375144, 108.84865888264545, 96.4995313232882, 0.0, 72.92827316029965, 76.8285546370741, 72.12765830487994, 74.35695948130395, 2.01558529390985, 109.64839899294603, 65.94859937557601, 68.09241403767919, 61.0859137008579, 88.9748999271654, 6.196452073732681, 58.90352500438146, 42.76946185333906, 86.70400540080895, 54.68763157982854], [74.07620565013494, 45.83623919024462, 85.34105643142004, 87.2992641140631, 8.023237818162041, 113.15459308257282, 58.66766288729694, 25.346069632835018, 78.90995808850396, 95.17942388268204, 54.28401844321345, 52.52456848852411, 81.80700879502855, 88.21147054562731, 58.98572026098793, 89.30048127484913, 29.70902306343122, 66.997392934456, 47.02938677459617, 28.43587350793962, 67.68456713306057, 84.01347740498288, 76.81820522631493, 72.92827316029965, 0.0, 59.14594717082106, 70.4071218521143, 94.13990423583458, 74.90564390277315, 91.87638448785628, 10.432768672931047, 102.23754862412031, 40.84292591093473, 89.83655375992838, 73.53814262493744, 67.43997606639928, 58.54193580051108, 51.84563763684567, 96.5798439346339], [18.371993779975366, 43.50678880905141, 84.29254212448143, 53.47276102559353, 55.787003608941355, 67.69840096273772, 41.144869992970214, 45.46952332694771, 23.726844263575323, 43.96357132310518, 25.3528592586529, 26.33191498055758, 22.763747503396413, 30.130060556150568, 57.61045255497222, 42.51155472922658, 52.15179337923728, 10.909806930654543, 23.69366842328205, 37.48428007753933, 25.614121603100305, 32.656257768604895, 21.18371436915099, 76.8285546370741, 59.14594717082106, 0.0, 15.808079826513827, 43.027420046351764, 78.48601361694521, 36.33954205593413, 49.92006685166438, 57.69361014404553, 21.59000650390105, 31.328010177594614, 72.7268355909726, 24.28801650542854, 34.761003928261346, 17.08610352542647, 59.94792933942411], [24.291311709841807, 43.63916061185725, 77.53628743175109, 40.33805074783881, 68.29059822257545, 51.94421607369957, 36.3180923721214, 52.216056938948896, 28.331614687502302, 48.119020496726364, 23.197445452749147, 25.03860262588606, 15.633653227265286, 18.46609965015242, 54.16856974981247, 26.961072383873812, 57.0983974630548, 20.308516297329056, 26.47506674158507, 44.89615866310158, 14.852093277847315, 38.56142919792575, 26.092965769919843, 72.12765830487994, 70.4071218521143, 15.808079826513827, 0.0, 27.26226482425183, 73.5235060695291, 37.63468155487391, 60.41871009979688, 42.107063827995916, 29.746816371683863, 20.593522629293165, 67.15655798601281, 13.493135293323327, 29.707283120141447, 32.82875681206295, 45.663561123020585], [45.86290021670165, 57.55562958737664, 75.32546449720607, 28.520008571038286, 93.21972227147755, 25.662299735711347, 45.071174314029726, 72.45969722293569, 47.61307225419042, 62.64287768290029, 40.56423632700161, 42.52108984419567, 29.45967804871619, 21.48913899202379, 60.97781550079647, 8.648155584730734, 74.96329722018513, 45.10031552405534, 47.23443862425906, 66.45755065795022, 26.719119010309907, 56.73669355896972, 46.31337540890963, 74.35695948130395, 94.13990423583458, 43.027420046351764, 27.26226482425183, 0.0, 75.13119342142261, 50.71097092744491, 83.77262195670683, 17.766521393264792, 53.682329030125025, 23.405300103706246, 68.35471932060263, 26.78227625770681, 40.55551452923526, 59.90469255108141, 27.924513235895915], [95.60351448169303, 37.727311589133286, 10.7720623102188, 48.461364850663486, 80.5173257212696, 75.83818046248993, 37.640978007247554, 52.846380719115345, 100.53888801739893, 121.00160932677896, 53.16542335512566, 52.16841948531184, 88.69886368714305, 87.48107861761093, 21.271588641856017, 66.4941351952894, 45.768212906186, 88.99453549261226, 55.997835339486244, 56.25443628965177, 58.99706967284465, 110.41956847579024, 98.04451340792548, 2.01558529390985, 74.90564390277315, 78.48601361694521, 73.5235060695291, 75.13119342142261, 0.0, 111.08623846884353, 67.95698496134527, 68.4178767254297, 62.94982577303644, 90.13977573677366, 6.780620318493297, 60.24245286715855, 44.28653843202548, 88.53034226542448, 54.864808789131914], [18.322783131297886, 78.90485758789794, 115.13058744804118, 74.67184623973327, 86.86579723113441, 74.8186332170411, 73.63127901120973, 81.56945165212025, 13.10262555181785, 11.932896465536894, 59.0903322466332, 60.585908065845786, 23.508294221811884, 29.319421575625125, 91.28587960111228, 56.17544129047487, 88.47190250111379, 25.952452095001888, 59.46247862525938, 73.54228971579957, 52.420525076663694, 10.953339127254537, 15.448595846481718, 109.64839899294603, 91.87638448785628, 36.33954205593413, 37.63468155487391, 50.71097092744491, 111.08623846884353, 0.0, 83.86079656143367, 68.44331046546414, 57.839338893125685, 27.307823480601797, 104.76910172337921, 51.09237988685717, 66.96260584592757, 40.28346431095946, 77.34933926937629], [65.76180213338175, 36.331537900819136, 78.07317751215035, 77.10441709363663, 12.828452583120765, 102.74351063814636, 48.69459001749791, 16.035616617390573, 70.78389430583344, 88.06974333649333, 43.85124982748229, 42.09402777215662, 72.3668867130559, 78.4255143945478, 50.55684189877416, 78.87218970255509, 22.195826836598243, 58.442221956028625, 36.616394898887265, 18.065969466219936, 57.27311097738521, 76.6655833731864, 68.570776788645, 65.94859937557601, 10.432768672931047, 49.92006685166438, 60.41871009979688, 83.77262195670683, 67.95698496134527, 83.86079656143367, 0.0, 91.82276021828822, 30.714468626908477, 80.14270813474977, 65.89602894141586, 57.0460631410085, 48.264584266851855, 44.55844784666823, 86.35086717076507], [63.068596937252764, 60.46437840667399, 66.2163534909647, 20.276013536604268, 102.58368197716705, 10.934866458286157, 46.63169527812146, 78.46938578634115, 65.15186741088638, 80.37610932149344, 48.13292575100255, 49.78742732074348, 47.02907664951861, 39.255659850685205, 58.88349115357946, 15.182083502816809, 79.08170621279612, 61.50359761179185, 55.73180452289371, 73.82159991361019, 35.839144041943115, 74.43741235686758, 63.726890004951805, 68.09241403767919, 102.23754862412031, 57.69361014404553, 42.107063827995916, 17.766521393264792, 68.4178767254297, 68.44331046546414, 91.82276021828822, 0.0, 63.72391169838656, 41.13783560695595, 61.8960962572635, 36.556710953693816, 44.389772374003485, 74.77787588694996, 14.222720794804706], [39.64097584415887, 25.432136851234215, 70.56389567884376, 52.43855555401492, 39.53994557048358, 74.60380964064825, 29.31172880053223, 23.910179234684765, 45.00138295340084, 64.69172879963818, 16.654158533744013, 15.726414745742993, 42.597562081917246, 47.94488603925142, 41.7159461097681, 49.68226771693277, 30.659314944541645, 31.988262174249005, 9.182544966538494, 15.983538986227106, 27.981833557398843, 53.12613929959647, 42.50723900141069, 61.0859137008579, 40.84292591093473, 21.59000650390105, 29.746816371683863, 53.682329030125025, 62.94982577303644, 57.839338893125685, 30.714468626908477, 63.72391169838656, 0.0, 49.79730599606416, 58.15486487035763, 27.45611959260652, 25.102198946647935, 25.826974687253802, 60.977676246402496], [25.617226114890716, 63.59983137026975, 92.52148429609706, 48.79564370532843, 86.96388505821587, 47.8970277907151, 54.567895493058096, 72.74810716219629, 25.81916564263935, 39.240581006525694, 43.32532459412484, 45.25678124675451, 9.321284669728204, 2.6613080222397745, 72.35951998202559, 29.341526324522956, 77.68060676701651, 27.889643198839554, 47.06822918098963, 65.3102628137509, 32.02819532197079, 33.97378383797549, 25.15201818084746, 88.9748999271654, 89.83655375992838, 31.328010177594614, 20.593522629293165, 23.405300103706246, 90.13977573677366, 27.307823480601797, 80.14270813474977, 41.13783560695595, 49.79730599606416, 0.0, 83.48460185398822, 31.04925594041394, 48.321134257296706, 45.396363167597734, 50.46686384745297], [89.56469965970065, 33.433620129058845, 12.611466321744722, 41.839194830946035, 78.63846911595685, 69.5727142488523, 31.64359459910966, 50.2926836689943, 94.43056630564332, 114.8374861721317, 47.37464299982925, 46.508548237419575, 82.22080718632824, 80.82442390297675, 16.657008109196322, 59.71942033467803, 43.929440789391, 83.09963198891307, 50.74524365908651, 52.844890937999565, 52.5308622544797, 104.38522832484085, 91.95509010513324, 6.196452073732681, 73.53814262493744, 72.7268355909726, 67.15655798601281, 68.35471932060263, 6.780620318493297, 104.76910172337921, 65.89602894141586, 61.8960962572635, 58.15486487035763, 83.48460185398822, 0.0, 53.799950413802364, 38.21866954660389, 83.45306562577771, 48.509102750795215], [37.302384036004234, 33.089466121635006, 64.04956555056603, 29.220885149269602, 66.8663346073181, 47.33843050676279, 23.595910568761617, 45.85977179559982, 41.64392669022097, 61.59923400189993, 14.002976047942779, 16.01196174119112, 28.46721387893751, 28.489921174744445, 41.4726435465684, 22.227682271540008, 49.04224445545337, 32.210359786094415, 20.4593011303013, 39.680924236961076, 1.4119981469966243, 51.84891306527725, 39.32028050049372, 58.90352500438146, 67.43997606639928, 24.28801650542854, 13.493135293323327, 26.78227625770681, 60.24245286715855, 51.09237988685717, 57.0460631410085, 36.556710953693816, 27.45611959260652, 31.04925594041394, 53.799950413802364, 0.0, 17.271902598066596, 40.50967612428053, 36.177279454636476], [51.35058948968823, 17.00305119292398, 49.547297656405085, 28.92982934243842, 59.91722151938623, 55.16048516252031, 6.6713209302057095, 34.142868984921286, 56.25429447954436, 76.7180865811505, 9.806010253475703, 9.741395727494961, 45.25542349483027, 45.758012650483394, 24.461431198620854, 33.5133893000439, 34.966610609884754, 44.92655981912552, 15.961379553339338, 30.238525463585287, 16.34005652118143, 66.17132696580121, 53.764594096976516, 42.76946185333906, 58.54193580051108, 34.761003928261346, 29.707283120141447, 40.55551452923526, 44.28653843202548, 66.96260584592757, 48.264584266851855, 44.389772374003485, 25.102198946647935, 48.321134257296706, 38.21866954660389, 17.271902598066596, 0.0, 47.38109036830322, 38.10605629075998], [23.400346453160072, 51.23218529818574, 95.6594723185472, 69.64997297018651, 46.58959844503157, 84.76466692256723, 53.000546121256, 45.916004277343134, 27.635519132073448, 43.52098774009969, 37.58590870655429, 37.8061017627939, 36.11692758641825, 44.818993522830986, 67.25876215667459, 59.59583698972003, 54.047550694861286, 17.824916196907346, 32.74900341797623, 38.26089604513802, 41.732869364065856, 32.19922199213421, 25.858260127117337, 86.70400540080895, 51.84563763684567, 17.08610352542647, 32.82875681206295, 59.90469255108141, 88.53034226542448, 40.28346431095946, 44.55844784666823, 74.77787588694996, 25.826974687253802, 45.396363167597734, 83.45306562577771, 40.50967612428053, 47.38109036830322, 0.0, 76.59930157212113], [69.00969822641709, 52.26233996902852, 52.11943198890622, 9.367106548169328, 97.98582032395763, 21.140677550909572, 38.430363394113364, 71.77099063626109, 71.98675426125044, 89.1688873526662, 44.40757678296805, 45.65798798066729, 54.47836467200829, 48.183711006237196, 47.585925856142495, 21.180773402026606, 70.98968492205516, 65.954358769132, 52.14042939134955, 68.34343207362382, 35.04408324235807, 81.86105848924902, 70.19305380867966, 54.68763157982854, 96.5798439346339, 59.94792933942411, 45.663561123020585, 27.924513235895915, 54.864808789131914, 77.34933926937629, 86.35086717076507, 14.222720794804706, 60.977676246402496, 50.46686384745297, 48.509102750795215, 36.177279454636476, 38.10605629075998, 76.59930157212113, 0.0]]",Route_0,1824.2339062079716
