instance_id,num_cities,city_coordinates,distance_matrix,best_route,total_distance
325,73,"[[67.55154258064402, 7.990551818733859], [18.503493803248038, 85.3956437526837], [5.4808921454627235, 65.27583468414358], [89.40358932152428, 1.8383707846018837], [96.24357581832152, 15.159723605042185], [22.38852165036709, 92.27343716137004], [39.43465815514704, 42.58358801017669], [71.1690557221079, 70.97822259161677], [4.55715761106913, 77.17685492034498], [77.92366283804294, 56.63855444086909], [19.22442965313509, 7.725830154447888], [77.86987767406228, 59.431744515927576], [45.530022049589235, 83.13650990325382], [65.55297673072367, 59.53024310090053], [49.594650187643, 3.4771717015485426], [79.79034567187206, 33.5012204591038], [96.22695122507416, 75.93950204015272], [89.87858001682571, 4.046982709651714], [20.778413597202118, 11.365823990046675], [74.22921169880277, 65.77696993533702], [46.17510624943315, 80.2438384743804], [41.323597344848295, 43.6846264875672], [37.63676534955436, 16.527922605277958], [50.19290467992222, 99.32429012119762], [30.066583110225654, 81.25056616048879], [22.29499634852764, 86.99697688934447], [45.01008952843929, 46.40146831650781], [27.699523265607983, 70.65778272772832], [23.86818109861676, 3.3696416334271895], [36.419094384519425, 66.70791767128651], [43.55963220448725, 87.543695391186], [84.19781667044168, 97.44153693648899], [16.819156178674323, 61.18261898929581], [94.76922567723778, 69.57764252012252], [84.97498304268515, 96.41819380186755], [29.439172564459938, 40.65396988122523], [9.605382068370849, 46.83842093672605], [54.96138918243321, 23.59288959191861], [69.17721161468495, 94.68508242457858], [49.161540275490914, 95.1920024220705], [7.015435234922385, 51.24259630349343], [86.94303498976129, 77.4824213405924], [65.24778294187932, 79.19896643392484], [26.841091578594778, 34.58949306737134], [66.63013159908138, 82.33424306741911], [8.709772793586712, 12.557587850147723], [1.780452981970071, 52.986678259368105], [72.98354784365651, 1.2732764998089507], [48.441128938097755, 92.32159026809884], [3.1471795284347737, 60.95842899776452], [61.51135060472417, 47.90210997848119], [2.949906627370391, 96.0274142662572], [93.82357082241818, 42.45948498049654], [91.69454017185461, 28.381648148394977], [25.985288259249728, 72.24979311975545], [50.0296164578548, 87.33289050484295], [52.74745144732823, 62.01298716995889], [8.143013458083193, 5.314476646107558], [22.985213607077405, 57.455665255576626], [71.40118927632058, 41.50469053155314], [24.770410380992914, 96.80860029170074], [73.34672113701984, 75.39457183613105], [14.305283260109814, 91.896558912743], [38.21636610156728, 68.38008561188988], [50.1111871154286, 2.223205001202644], [36.261493454903274, 21.59607581775649], [17.836561051460375, 68.44255943529174], [69.00123084105661, 36.82970987982237], [25.34424513656448, 80.78105590426863], [30.0798447032664, 26.919974167101245], [55.50559263556193, 49.81472062605648], [25.21134686627051, 15.860500423192326], [49.564725002576715, 87.68238001144944]]","[[0.0, 91.63656118696862, 84.4651956631634, 22.701569951048505, 29.574140653848072, 95.62062131793847, 44.57844033542704, 63.09146591038879, 93.56835509168154, 49.74142175046087, 48.32783795565185, 52.46583979323959, 78.30620909570389, 51.57842613843035, 18.515414780555737, 28.29456689162439, 73.7518738549599, 22.672634121221233, 46.894755113254746, 58.17096684428146, 75.3491171996417, 44.2941539907486, 31.109172228342196, 92.96867247665371, 82.29308529793403, 91.05037165930568, 44.53667715382136, 74.2655052718773, 43.92708596424459, 66.4602014994455, 83.09220430194834, 90.98668682620287, 73.50626531062734, 67.33329053453187, 90.12782114437006, 50.194139376779994, 69.76327438647628, 20.048563703642888, 86.70977128776195, 89.11949939328484, 74.399997612126, 72.14672485633608, 71.24567088941015, 48.629666833515536, 74.34940098398093, 59.018740157557446, 79.68994680421328, 8.63877704814941, 86.46925439448113, 83.38775685323148, 40.3660301967491, 109.19643088234817, 43.339667987268214, 31.60191674906317, 76.5310629149612, 81.25407437928098, 56.01414674491442, 59.46877088721194, 66.5804410131075, 33.734511606715536, 98.58433448997016, 67.65268663553546, 99.37495739918326, 67.1375332493927, 18.369221215575717, 34.120044806231576, 78.26892495313477, 28.87557157399355, 84.14222152141727, 41.981557525374605, 43.52431511813646, 43.06539520506309, 81.69646924613063], [91.63656118696862, 0.0, 23.96653648093237, 109.58394686432511, 104.76929335781657, 7.899207779610548, 47.65486080166151, 54.60332815099133, 16.187920899728134, 66.01307956618356, 77.67315941098539, 64.79576836085285, 27.120783816105284, 53.69052797859308, 87.62018071489875, 80.30634707754993, 78.29658006381815, 108.2220291137149, 74.0647654027031, 59.07832087429697, 28.147099903851917, 47.54541078737466, 71.47618551728632, 34.61540049414122, 12.283594855190252, 4.1157938924865425, 47.15024215087331, 17.37157176145817, 82.20124630104681, 25.888218368226585, 25.14804559848989, 66.78957702796694, 24.27153809353642, 77.88883759094497, 67.37919182726495, 46.05872828018996, 39.57064345857626, 71.75485040981953, 51.51814580972451, 32.185158950570276, 36.03340311066833, 68.89549975697736, 47.153232941854405, 51.48573087877972, 48.22390941936451, 73.49353276905416, 36.469180668847635, 100.22299616591673, 30.728337615331217, 28.861632890134146, 57.056470461583416, 18.840080103091825, 86.69848748556221, 92.7767479668121, 15.125826825172815, 31.585587450798844, 41.46561544213714, 80.74857818026223, 28.29714138952629, 68.7355945709455, 13.020361759717181, 55.74765487322165, 7.738660716351755, 26.04086314031424, 88.97584416225412, 66.2248550040812, 16.96619778170725, 70.06191104218328, 8.251684665267495, 59.61053458611631, 51.3337842803283, 69.85793763465973, 31.145292522872587], [84.4651956631634, 23.96653648093237, 0.0, 105.20138272527879, 103.67974410265613, 31.854959974758362, 40.838661649869906, 65.93521109331031, 11.936815662164959, 72.95586087230156, 59.16830101154495, 72.62450423757835, 43.851300155869254, 60.346227463364926, 75.92824504122551, 80.81782595779035, 91.37046043421223, 104.26860520859694, 56.03841018091135, 68.750146021286, 43.35966096505287, 41.84351547609221, 58.39828005657727, 56.20019023571645, 29.319758627181095, 27.46856601371984, 43.80409971135192, 22.861166496855166, 64.57916949821626, 30.971328990969006, 44.111767873788544, 85.03520804971181, 12.054486551129742, 89.39190150980791, 85.37656012626152, 34.35455467632341, 18.89311098833729, 64.69766223432718, 70.1578574828472, 52.94314037893025, 14.116890661245511, 82.37160599737204, 61.36721301470806, 37.38863037936028, 63.48400414534828, 52.817035315227066, 12.834197116894785, 93.02115877824805, 50.764700731771484, 4.907770006800811, 58.66224156391542, 30.855559215283403, 91.24151845305357, 93.7761915741581, 21.657939797051924, 49.71018556934746, 47.37904391329135, 60.020424420764094, 19.17175838891773, 70.07533708904883, 36.96485926687659, 68.61603009692624, 28.04519276096, 32.88233004142519, 77.24957824506387, 53.43563185362792, 12.75502645093971, 69.59896151801391, 25.198505454374217, 45.56622107377222, 52.35949490819512, 53.2087032694031, 49.45136593541755], [22.701569951048505, 109.58394686432511, 105.20138272527879, 0.0, 14.974773996392111, 112.55896466092891, 64.47531937624989, 71.50396718703253, 113.46719422753232, 55.98972084969483, 70.4256816054545, 58.73689813160852, 92.38115245720144, 62.427588871560324, 39.84265683172308, 33.09003630970635, 74.41462168834288, 2.259111063249271, 69.28338262365685, 65.71458131644255, 89.53278233343903, 63.740056046690015, 53.81065876605905, 105.07607843350654, 99.1321193183003, 108.42302082361492, 62.90192751829468, 92.43107284907288, 65.55329527457485, 83.75807314529906, 97.19604451863607, 95.74479331619078, 93.75627834790146, 67.95144581802847, 94.68344879412805, 71.43095974607009, 91.61199918411845, 40.737258608785915, 95.02430329919137, 101.65787254968274, 96.06552676646889, 75.68405850730262, 81.04421472917694, 70.61658540750166, 83.65533952598315, 81.40266359488945, 101.45917099756596, 16.42976243545851, 99.32339185087505, 104.57222151948922, 53.850209369664434, 127.8507534720488, 40.860875602269694, 26.641959931842102, 94.76101152311881, 94.1255684777716, 70.46032146518313, 81.33489104694527, 86.62957968740552, 43.560341248145946, 114.87729241494935, 75.28836383550603, 117.26138674865456, 83.9519602697032, 39.29428671575372, 56.696113281902136, 97.7648069666422, 40.50493850436285, 101.6638928593136, 64.40802359775748, 58.74354707907205, 65.70589099187012, 94.63788369549798], [29.574140653848072, 104.76929335781657, 103.67974410265613, 14.974773996392111, 0.0, 106.77590479410074, 63.08186320149826, 61.19179999942515, 110.69111915711528, 45.344378032035294, 77.37707443325277, 47.93333515446456, 84.80983440195384, 53.950494647296864, 48.089544409095815, 24.63979076817791, 60.77978070870466, 12.806489829814533, 75.560468390214, 55.197263099256105, 82.11451548475404, 61.88597676359521, 58.62277886475736, 95.93924415560794, 93.5275030863981, 103.09696098835029, 60.00763893065566, 88.1947941022276, 73.32941970130726, 78.9695187418191, 89.52674062112912, 83.15886674648583, 91.79512696567683, 54.437887609520374, 82.03609060572961, 71.50374037276109, 92.24812453858574, 42.13475076468977, 84.00518297450411, 92.85409912062538, 96.24777802185086, 63.0128456169095, 71.14607366633736, 72.07094254971817, 73.41234326410854, 87.57247160186797, 101.75539334313464, 27.089893218479823, 90.76908942290844, 103.75191765848481, 47.73249766894261, 123.46372788794523, 27.406812936511727, 13.98259682401454, 90.52901749123325, 85.70120220928855, 63.93075270932188, 88.64895924867169, 84.59157354003561, 36.21051575801075, 108.51245293432878, 64.43991694376209, 112.26052592249998, 78.73731008646469, 47.91190667279157, 60.32641904222397, 94.79831516838317, 34.80996502453675, 96.60680278244712, 67.20076493870975, 53.484129349979256, 71.03568566604712, 86.24645387330636], [95.62062131793847, 7.899207779610548, 31.854959974758362, 112.55896466092891, 106.77590479410074, 0.0, 52.53238885114537, 53.22618404409711, 23.36373983038678, 65.9848222945167, 84.60679245051132, 64.47292177376272, 24.879961423750355, 54.17828845271588, 92.87060993445594, 82.15316705455712, 75.62348258711123, 111.08021985677341, 80.9236326237482, 58.21958364810092, 26.655446937887753, 52.14795886945518, 77.26507562461167, 28.684459958579016, 13.433402878028868, 5.277289075306407, 51.146582084888514, 22.258554642018122, 88.91610794089598, 29.162523176950582, 21.693003003443337, 62.02498050111908, 31.585705728482065, 75.85555622248863, 62.723553448613444, 52.09876275496702, 47.19903978797091, 76.01321801963924, 46.85080086244648, 26.931627308467547, 43.81622630306183, 66.2273307743602, 44.809129240110664, 57.85553374747592, 45.34432301944098, 80.8809297776452, 44.36374555045364, 104.11957508523349, 26.05265178845341, 36.75403356014041, 59.15581477220013, 19.79778013102201, 87.08843828024308, 94.26285008729204, 20.344115875212186, 28.079158167969442, 42.8644310833529, 88.11807599778496, 34.82288445512606, 70.56704062219653, 5.122606616147024, 53.68085496328325, 8.092019530872204, 28.660301956511805, 94.22096631104863, 72.02602830355966, 24.261720435478065, 72.43446384813258, 11.86638648811991, 65.80449510213813, 53.846847637206615, 76.46505896912845, 27.561274179444005], [44.57844033542704, 47.65486080166151, 40.838661649869906, 64.47531937624989, 63.08186320149826, 52.53238885114537, 0.0, 42.58318050535263, 49.12366191277172, 40.974938228725534, 40.292885461730826, 41.96577745150778, 41.00844955703256, 31.134477416190357, 40.404668475364566, 41.36509295626371, 65.86335515987356, 63.47959672899311, 36.36762641996826, 41.81619209622846, 38.25869973663925, 2.186407325061743, 26.117620837902493, 57.751598630163066, 39.785625913437535, 47.60585172620559, 6.7573400855486385, 30.42817444268848, 42.19062453187994, 24.31207326520354, 45.14893870978163, 70.80349511618253, 29.28113527529413, 61.56779467987096, 70.51301987299422, 10.18003724537448, 30.131201686855547, 24.530104011335155, 59.993209669990335, 53.500070118800984, 33.555691609247866, 58.94891379223069, 44.799590939758524, 14.916550307381405, 48.16335072770176, 42.96020561043771, 39.064862139223386, 53.217194931858245, 50.54686325157294, 40.674511507862476, 22.708303006621907, 64.70996568484425, 54.38905425441798, 54.15524318325844, 32.572523331794024, 45.98644599439339, 23.552749668573515, 48.66367936885446, 22.17572789184518, 31.9847327906665, 56.17287708238931, 47.18674258002502, 55.346676339710584, 25.825249738250548, 41.74863814869668, 21.226036894386567, 33.69219793461381, 30.12124389745788, 40.71346573990509, 18.24448775231773, 17.622832178234823, 30.27252870511349, 46.22249770736602], [63.09146591038879, 54.60332815099133, 65.93521109331031, 71.50396718703253, 61.19179999942515, 53.22618404409711, 42.58318050535263, 0.0, 66.8996861928527, 15.850892718210153, 81.84808688339044, 13.349987669813219, 28.375764271872228, 12.751336308690435, 70.86499026620359, 38.455849090070636, 25.5443226726418, 69.4970299471264, 78.05674141797623, 6.034698318570572, 26.65612777448255, 40.443686454621385, 63.94724127146952, 35.2632734858258, 42.366664929015556, 51.432228893012386, 35.89301273257211, 43.47071351718383, 82.51238064270902, 35.01135982901108, 32.19775079176513, 29.49670520523177, 55.225586735815895, 23.641692969152658, 28.944701835732385, 51.58433338519206, 66.12727075633246, 50.08051755077591, 23.790389784279988, 32.72060313947121, 67.12065231058392, 17.062327605064176, 10.131243786363147, 57.35074577978281, 12.229514840803539, 85.52270217632976, 71.68314904974483, 69.72855864938694, 31.1784861671125, 68.75588632670512, 25.01555998710512, 72.67265171137558, 36.421771639530526, 47.28386264037373, 45.201656316396985, 26.727346575351536, 20.487336337902242, 91.01653440481574, 50.04540136588655, 29.474446187886045, 53.1040742468934, 4.924060043178337, 60.58931764802803, 33.054955286509006, 71.90748413144716, 60.474245124960824, 53.39273897672782, 34.21725274101486, 46.86159201474667, 60.244937682656875, 26.329411146280172, 71.76401814498364, 27.30889929941208], [93.56835509168154, 16.187920899728134, 11.936815662164959, 113.46719422753232, 110.69111915711528, 23.36373983038678, 49.12366191277172, 66.8996861928527, 0.0, 76.1870453279612, 70.98291139555506, 75.42972800096632, 41.40402284576531, 63.49718780216783, 86.37140177243792, 86.99191704626413, 91.67814408780535, 112.37314328118559, 67.78068263064584, 70.59853042716605, 41.73080441336147, 49.734298588509155, 69.08366984381789, 50.7260317441479, 25.83265206216913, 20.274755696730605, 50.82877257348465, 24.043032053818155, 76.29167950253284, 33.53776471502041, 40.356714506486945, 82.17841512603324, 20.153714096662583, 90.5315704816764, 82.68770022865228, 44.1931646266877, 30.755570987216334, 73.56512693265536, 66.94990223869058, 48.10505682756334, 26.050506691457585, 82.38644404447909, 60.72430269684562, 48.06513396075327, 62.286858583621196, 64.75255894204919, 24.34901918941563, 102.19356191710315, 46.42376490748005, 16.279600044219116, 64.03741711663334, 18.918954605853862, 95.77989508847669, 99.86939292627164, 21.987285440961674, 46.59280601515867, 50.51977142838427, 71.95178784008883, 26.991083149547418, 75.76693131865727, 28.177668708865536, 68.81264842369522, 17.654904114531554, 34.789732198926174, 87.71099839977538, 63.987404361712976, 15.894353505345734, 76.03243181296358, 21.097233764764532, 56.36631635517771, 57.83104204995483, 64.70155224266392, 46.21739044927702], [49.74142175046087, 66.01307956618356, 72.95586087230156, 55.98972084969483, 45.344378032035294, 65.9848222945167, 40.974938228725534, 15.850892718210153, 76.1870453279612, 0.0, 76.40716310409415, 2.7937078657708003, 41.85080175119584, 12.704162234180435, 60.23840612518769, 23.212512328179027, 26.59956661318233, 53.93323151741733, 72.90541566489175, 9.856957287609829, 39.562359380639855, 38.824850850009376, 56.849774806047606, 50.90252428509858, 53.81497190337795, 63.37335677523968, 34.468844487801505, 52.14405965736175, 75.89184526527397, 42.70856212025057, 46.21703515526401, 41.282543367027024, 61.27323442340133, 21.241303813371257, 40.39976267652439, 51.05147148352896, 69.01760720296507, 40.24030289081172, 39.03893826191703, 48.10018758323576, 71.11324142546351, 22.711579895387572, 25.87759881516016, 55.63802830734453, 28.067993548488865, 82.05908962850107, 76.230732692471, 55.585238486927466, 46.28713483257286, 74.90116001998516, 18.592725854170315, 84.69088734144562, 21.3038279347555, 31.433895968596563, 54.233804282718275, 41.475536040758456, 25.743468048214964, 86.62274521955311, 54.94452542325659, 16.479578216358064, 66.6250765884799, 19.306387126180116, 72.73530847848697, 41.406919329486264, 61.11107968660037, 54.43998223512499, 61.235564299020616, 21.72556364250548, 57.857199575651734, 56.322508353250356, 23.43362070904851, 66.64411410302144, 42.046979216258286], [48.32783795565185, 77.67315941098539, 59.16830101154495, 70.4256816054545, 77.37707443325277, 84.60679245051132, 40.292885461730826, 81.84808688339044, 70.98291139555506, 76.40716310409415, 0.0, 78.18433445091122, 79.86710719379634, 69.49842786025401, 30.665964748627083, 65.82249561165278, 102.87124651994618, 70.74986135772343, 3.957830367968704, 79.97162545398045, 77.36407757924894, 42.206732240167746, 20.40810959669207, 96.6919040755998, 74.31984322067093, 79.33059362248815, 46.48338673598837, 63.50006194033039, 6.367166239237482, 61.437310675750794, 83.44515380874688, 110.77205903973204, 53.51087378300289, 97.63535680910836, 110.4059357118004, 34.47612737258397, 40.278044070435065, 39.101072256281164, 100.28555220508272, 92.4476169707181, 45.19699636894762, 97.22032463764268, 85.00916572679236, 27.92257015365753, 88.39522529175605, 11.571684894776661, 48.50604800724142, 54.14497425697463, 89.49892818528228, 55.607441509079095, 58.32938491073748, 89.78880696596363, 82.28887312856897, 75.3563516605899, 64.87719942969376, 85.35949620109714, 63.80351406498464, 11.340741185219937, 49.871835690434395, 62.15646107325971, 89.25523983251851, 86.65033777342676, 84.3143497925383, 63.55810219915254, 31.37308831007351, 21.969188827675247, 60.73258922373387, 57.6607817460961, 73.31110523589514, 22.051194985512556, 55.56795379072802, 10.100298911325936, 85.51949126910499], [52.46583979323959, 64.79576836085285, 72.62450423757835, 58.73689813160852, 47.93333515446456, 64.47292177376272, 41.96577745150778, 13.349987669813219, 75.42972800096632, 2.7937078657708003, 78.18433445091122, 0.0, 40.097159049986836, 12.31729478494597, 62.69292390891021, 26.001543707867196, 24.687814966818582, 56.6716928659715, 74.6308782370924, 7.3154859282574005, 37.91703826243495, 39.79450127970704, 58.817015070957225, 48.55337299289214, 52.54727346983957, 62.03555005114188, 35.34902791886066, 51.41097543718384, 77.84049468390178, 42.08455929558264, 44.35622533754915, 38.532935675809426, 61.07582301147417, 19.711093557790214, 37.662713033989505, 51.943604203452544, 69.41637529481022, 42.53495465185385, 36.309231290697696, 45.85809287033281, 71.32611136047305, 20.202700747769196, 23.453365169705435, 56.754510546830296, 25.511886087295082, 83.54822960545876, 76.36189775683297, 58.36337568367175, 44.13381023394822, 74.73829261944405, 20.013342560535563, 83.380124167048, 23.29330201602872, 33.9886713128202, 53.44448511075556, 39.41515053988041, 25.254684974409905, 88.26388998388548, 54.92022613745295, 19.058415310454162, 64.93521983092604, 16.591286903469065, 71.37521864645986, 40.65063084872955, 63.58743503977671, 56.23873632263552, 60.70579783036053, 24.27972129865335, 56.698634641590765, 57.80054033107805, 24.344370884901544, 68.34745188098728, 39.99099990819117], [78.30620909570389, 27.120783816105284, 43.851300155869254, 92.38115245720144, 84.80983440195384, 24.879961423750355, 41.00844955703256, 28.375764271872228, 41.40402284576531, 41.85080175119584, 79.86710719379634, 40.097159049986836, 0.0, 30.95439462348845, 79.76296988348867, 60.31112445401844, 51.205229713435266, 90.67495743302482, 75.91886114420126, 33.54097664677083, 2.963727656231068, 39.67549765083715, 67.0746405369773, 16.84596992781103, 15.578020658360305, 23.5535480274138, 36.73872085697199, 21.763394009362504, 82.65584448156768, 18.78583630404543, 4.827599824625177, 41.22902059547394, 36.14259461244634, 51.071930241556174, 41.62100521286762, 45.42776291956657, 51.069864111843096, 60.285930413114976, 26.316517657316837, 12.590584755931749, 50.00595086800661, 41.7972051488766, 20.107071969294278, 52.020082331856436, 21.11535590693299, 79.60599847657575, 53.13226083799778, 86.34399262133068, 9.635364270487303, 47.834847264556075, 38.689349961533196, 44.48866872210921, 63.14180239461196, 71.61883564576202, 22.37224220455661, 6.152719723202761, 22.32251105443505, 86.33688245296867, 34.172710889358534, 49.01556566919748, 24.857343627603957, 28.87397362947863, 32.43027553259258, 16.469414719193658, 81.0428897777761, 62.234481196053636, 31.35027850609636, 51.91548295588443, 20.322739803573203, 58.30100230876779, 34.78295055267261, 70.27737909716424, 6.078138116185935], [51.57842613843035, 53.69052797859308, 60.346227463364926, 62.427588871560324, 53.950494647296864, 54.17828845271588, 31.134477416190357, 12.751336308690435, 63.49718780216783, 12.704162234180435, 69.49842786025401, 12.31729478494597, 30.95439462348845, 0.0, 58.280485579278114, 29.668378689330893, 34.78730357782121, 60.5815744172759, 65.76148395591215, 10.691054642334755, 28.36467693603996, 28.950758043295306, 51.26903964271584, 42.65557398112734, 41.605967913291046, 51.241334211276204, 24.37980602763454, 39.45511471764215, 69.94022693757069, 30.005034790861966, 35.615456092402276, 42.248032577458936, 48.76182535217378, 30.895621657349274, 41.68855041973569, 40.7494851749452, 57.36911798476564, 37.465652323463374, 35.34116305906956, 39.24844286015672, 59.121306259344685, 27.925173157470116, 19.671090991599936, 46.05052729629275, 22.829425684484622, 73.73994965515652, 64.10735547595674, 58.728932772740315, 36.987670701434034, 62.42213741461605, 12.310492340075898, 72.46508048321417, 33.024797851049605, 40.66468131759953, 41.56186862567375, 31.842768674052667, 13.043983130015322, 78.96361956778946, 42.618286340339495, 18.950518077582558, 55.25299659670123, 17.67538905060179, 60.61274193839049, 28.733429888536115, 59.351036067479555, 47.92694482191851, 48.541587404209395, 22.96093780599349, 45.47899670413727, 48.18477701278828, 13.976455348725189, 59.451606586010676, 32.375407425280144], [18.515414780555737, 87.62018071489875, 75.92824504122551, 39.84265683172308, 48.089544409095815, 92.87060993445594, 40.404668475364566, 70.86499026620359, 86.37140177243792, 60.23840612518769, 30.665964748627083, 62.69292390891021, 79.76296988348867, 58.280485579278114, 0.0, 42.581962490852234, 86.17053335187498, 40.28795957935165, 29.876517972566525, 66.99348088297748, 76.84279021584493, 41.049357309195926, 17.700652783221987, 95.84898548126509, 80.18756941974254, 87.86824772546059, 43.16843101534873, 70.65855277871809, 25.726693812151083, 64.58887293188168, 84.28286805346262, 100.13331645681954, 66.36378269968432, 80.0625662410483, 99.44748132549944, 42.28897730036806, 58.98592628712563, 20.81931780061864, 93.28643894213184, 91.71585336401773, 63.98847813000453, 82.89558987946404, 77.32277001319777, 38.544791738257274, 80.67617573560032, 41.88110739890668, 68.82869092189506, 23.49250279607784, 88.85190668579679, 73.90170817370726, 45.99546596937287, 103.6401442520706, 58.956069824024794, 48.914554927692535, 72.71227838128769, 83.85684689799281, 58.62066059278811, 41.492335159866485, 60.18089299351908, 43.836255946332564, 96.57638657900155, 75.73818928718774, 95.20150971990525, 65.89274302073501, 1.35618689100823, 22.495949742834597, 72.31236290550402, 38.58765574106129, 81.0183476625445, 30.502337951900977, 46.713035450008775, 27.347619843239418, 84.20521362736694], [28.29456689162439, 80.30634707754993, 80.81782595779035, 33.09003630970635, 24.63979076817791, 82.15316705455712, 41.36509295626371, 38.455849090070636, 86.99191704626413, 23.212512328179027, 65.82249561165278, 26.001543707867196, 60.31112445401844, 29.668378689330893, 42.581962490852234, 0.0, 45.510105972892994, 31.13397812037438, 63.02685065928493, 32.75133913779701, 57.57479188281926, 39.79186456042404, 45.442460034914255, 72.17122011586619, 68.93803433662265, 78.53350335912079, 37.09558750289918, 63.98487241983933, 63.523228295531496, 54.62371442855448, 65.06345898536654, 64.09204218802368, 68.78684853062782, 39.062450959199985, 63.13023047067764, 50.856685475837295, 71.44095486907408, 26.732977778916858, 62.097532797415525, 68.87580343786695, 74.9062347602517, 44.55902821489827, 47.95591848703397, 52.96043661361136, 50.57524425552399, 74.10184604693842, 80.40663171141982, 32.93892634130094, 66.65290161942008, 81.41297941499276, 23.270308971178927, 99.06552369296537, 16.648781077339084, 12.958389843572052, 66.30562635563732, 61.51056578558996, 39.296806091768964, 76.99242001737905, 61.64931836124408, 11.594545192874731, 83.87501189675761, 42.386002250096915, 87.7400077056497, 54.26721857307923, 43.118055424650294, 45.127524242507576, 71.12783279589804, 11.29087422019913, 72.10936626557388, 50.14425898650554, 29.255418604623298, 57.35906305029105, 62.041810058063824], [73.7518738549599, 78.29658006381815, 91.37046043421223, 74.41462168834288, 60.77978070870466, 75.62348258711123, 65.86335515987356, 25.5443226726418, 91.67814408780535, 26.59956661318233, 102.87124651994618, 24.687814966818582, 51.205229713435266, 34.78730357782121, 86.17053335187498, 45.510105972892994, 0.0, 72.17226719927937, 99.30881998646026, 24.231747833103007, 50.23658525023989, 63.67696023060532, 83.44186989679937, 51.63314589405332, 66.3732002481618, 74.75427547577608, 59.12412670231509, 68.73066958523731, 102.48012613997473, 60.51612917082341, 53.930546039739305, 24.63813269744109, 80.76734186233759, 6.5267312128977455, 23.366292051774522, 75.53592627457417, 91.37926003507444, 66.65594081175863, 32.910259751919774, 50.85087687354953, 92.56690411927224, 9.411253935155251, 31.150168148065802, 80.77264859424902, 30.27976956285096, 108.05796392213749, 97.19554079224218, 78.20039026240713, 50.51591458491771, 94.27765614714805, 44.62362916719712, 95.41557140470152, 33.56617016692163, 47.77334211404017, 70.33850416465886, 47.58154096182543, 45.65539089037283, 112.90117051850554, 75.53809867598157, 42.45085040336605, 74.44163143856142, 22.886718371351567, 83.46129250255441, 58.50104924791971, 86.9526086356884, 80.92628806003133, 78.74806296025308, 47.65307643009994, 71.04786179927713, 82.33075861489588, 48.38112492811582, 93.01990377191787, 48.1171335294227], [22.672634121221233, 108.2220291137149, 104.26860520859694, 2.259111063249271, 12.806489829814533, 111.08021985677341, 63.47959672899311, 69.4970299471264, 112.37314328118559, 53.93323151741733, 70.74986135772343, 56.6716928659715, 90.67495743302482, 60.5815744172759, 40.28795957935165, 31.13397812037438, 72.17226719927937, 0.0, 69.48667812543128, 63.68276102397266, 87.84050573492867, 62.67957519432426, 53.71201970143892, 103.21200576745096, 97.66201038072839, 106.99645936133078, 61.701571209555134, 91.12208172292459, 66.01387396808812, 82.36691917473294, 95.48374707281246, 93.56716214264098, 92.74783202125226, 65.71290428957894, 92.50127513676499, 70.66111719307044, 90.96644158376944, 40.015655581480004, 92.97210212560636, 99.82630887533931, 95.36103347618402, 73.49408868422397, 79.08537679141827, 70.04691204865144, 81.66630570900938, 81.61375904772903, 100.77883601008939, 17.12120201010848, 97.51650471330392, 103.73643790531082, 52.22999035309148, 126.55826344648531, 38.61454755870989, 24.40232884993189, 93.45574396180945, 92.32812320194367, 68.83878544786292, 81.74539364121738, 85.5991228980778, 41.767138324863, 113.33045243784517, 73.23783743518597, 115.88300661331405, 82.50898421175651, 39.809191191280505, 56.41597859033922, 96.62733980832675, 38.86606372300688, 100.2636442957991, 64.02392118039697, 57.237995208578305, 65.73743411570308, 92.84442141528721], [46.894755113254746, 74.0647654027031, 56.03841018091135, 69.28338262365685, 75.560468390214, 80.9236326237482, 36.36762641996826, 78.05674141797623, 67.78068263064584, 72.90541566489175, 3.957830367968704, 74.6308782370924, 75.91886114420126, 65.76148395591215, 29.876517972566525, 63.02685065928493, 99.30881998646026, 69.48667812543128, 0.0, 76.27293504761543, 73.41098607821564, 38.29633886023941, 17.630975183449458, 92.74645033531066, 70.49927149362487, 75.64635689918305, 42.59894942139756, 59.69454020254317, 8.572373970675265, 57.509809845920046, 79.51133260385865, 106.91608412864906, 49.973881011017966, 94.14486756505441, 106.56033567503184, 30.541844011648937, 37.1906139729613, 36.30395230678038, 96.35633075007276, 88.50101734191131, 42.1850274806009, 93.53695296103507, 81.11017213472539, 24.001976371106387, 84.49199104095854, 12.127340679016717, 45.75169961483398, 53.171755251571575, 85.55151613909617, 52.63351485735286, 54.71811721073228, 86.51844039781508, 79.38772416340929, 72.92897421560214, 61.106212783428205, 81.40410348169517, 59.89285866641741, 14.009715962597014, 46.14264225383429, 58.91533496353123, 85.5359810866532, 82.84387429579999, 80.7904739653789, 59.62137381701699, 30.724568088855868, 18.557581047601847, 57.152499730872506, 54.53301373976784, 69.56523010348671, 18.123140134955282, 51.81017869578201, 6.312924330822309, 81.56511783412752], [58.17096684428146, 59.07832087429697, 68.750146021286, 65.71458131644255, 55.197263099256105, 58.21958364810092, 41.81619209622846, 6.034698318570572, 70.59853042716605, 9.856957287609829, 79.97162545398045, 7.3154859282574005, 33.54097664677083, 10.691054642334755, 66.99348088297748, 32.75133913779701, 24.231747833103007, 63.68276102397266, 76.27293504761543, 0.0, 31.56458645207178, 39.63396390755526, 61.355324078200596, 41.26944083409098, 46.794977764623845, 56.10215164480662, 35.05948036391698, 46.78497877742975, 80.19294251301189, 37.82157631573463, 37.60868840345863, 33.19665477801982, 57.59359804214025, 20.888687999274772, 32.47085157204602, 51.35477326768042, 67.3417255071169, 46.376131996343744, 29.346237791931188, 38.64753920733779, 68.76728701502272, 17.281750353321108, 16.149800386499987, 56.72999772534065, 18.217829506622053, 84.41030448934364, 73.56911173016975, 64.51572014063399, 37.00867575425313, 71.24516569028592, 21.93751602359497, 77.4327367053782, 30.457248957915134, 41.272845676310446, 48.67621173446225, 32.40799471464658, 21.809025419763607, 89.57175164448782, 51.9152333327912, 24.43647393298414, 58.387799328015305, 9.658004758426705, 65.3690303421599, 36.10680350343739, 67.97617337793773, 58.25374694967699, 56.45561455174742, 29.41556813271766, 51.13572676274628, 58.813542031059896, 24.60421333505672, 69.96002430886708, 32.98763244900972], [75.3491171996417, 28.147099903851917, 43.35966096505287, 89.53278233343903, 82.11451548475404, 26.655446937887753, 38.25869973663925, 26.65612777448255, 41.73080441336147, 39.562359380639855, 77.36407757924894, 37.91703826243495, 2.963727656231068, 28.36467693603996, 76.84279021584493, 57.57479188281926, 50.23658525023989, 87.84050573492867, 73.41098607821564, 31.56458645207178, 0.0, 36.879711492201395, 64.28546647852127, 19.49888046208219, 16.139951002415106, 24.816617967220854, 33.862416952466056, 20.814409224624452, 80.0452437664209, 16.685350445704376, 7.754264342000494, 41.731131546526306, 35.00145558138195, 49.75094148956748, 42.03617738842755, 42.98196332801836, 49.530461814362255, 57.328254613776856, 27.15964613288033, 15.243568925911603, 48.72937390752263, 40.861344059676384, 19.101276234731156, 49.57946528387213, 20.561562523732213, 77.363297076354, 52.09451047591405, 83.39689562142294, 12.28848840241191, 47.15219503467841, 35.79368370296154, 46.01672681911539, 60.811458995108666, 69.00511321653222, 21.714822394128273, 8.069194980754398, 19.379361720248216, 84.02886019744695, 32.512643070261, 46.22852851017081, 27.06570411581743, 27.600942783321024, 33.933339225390654, 14.286013325049922, 78.11985650357789, 59.47974262946635, 30.697611159436804, 49.04914398332695, 20.837787245065147, 55.700017494616944, 31.827491092276183, 67.71036424424773, 8.174436707832779], [44.2941539907486, 47.54541078737466, 41.84351547609221, 63.740056046690015, 61.88597676359521, 52.14795886945518, 2.186407325061743, 40.443686454621385, 49.734298588509155, 38.824850850009376, 42.206732240167746, 39.79450127970704, 39.67549765083715, 28.950758043295306, 41.049357309195926, 39.79186456042404, 63.67696023060532, 62.67957519432426, 38.29633886023941, 39.63396390755526, 36.879711492201395, 0.0, 27.405825948361173, 56.342140373503135, 39.21632559264166, 47.3080051704097, 4.579460027465993, 30.218645768345915, 43.93164645353896, 23.53988288454728, 43.91603097942598, 68.76048359190388, 30.110585820555407, 59.38756997138443, 68.45635540279048, 12.264763830839675, 31.874623131144816, 24.28306524492459, 58.11084523284692, 52.100317897708265, 35.130796960777985, 56.77520610235846, 42.82096447193408, 17.101591306095756, 46.197549044621795, 45.08385615933799, 40.62251141016139, 52.92518373488285, 49.1549946777502, 41.9025432456632, 20.623592041100917, 64.90229249976944, 52.51426650785373, 52.64421171725068, 32.42271534480165, 44.50804107706655, 21.59706572334745, 50.726911456570285, 22.93333440352184, 30.156486154200554, 55.64318998226664, 45.066629465910246, 55.26644302061872, 24.890170496810864, 42.382439826489225, 22.661177517626744, 34.12617935970779, 28.513878684766272, 40.391642359090774, 20.18602340460311, 15.450147072845759, 32.15255210291487, 44.76291434010154], [31.109172228342196, 71.47618551728632, 58.39828005657727, 53.81065876605905, 58.62277886475736, 77.26507562461167, 26.117620837902493, 63.94724127146952, 69.08366984381789, 56.849774806047606, 20.40810959669207, 58.817015070957225, 67.0746405369773, 51.26903964271584, 17.700652783221987, 45.442460034914255, 83.44186989679937, 53.71201970143892, 17.630975183449458, 61.355324078200596, 64.28546647852127, 27.405825948361173, 0.0, 83.74303020977236, 65.16385691402498, 72.11974409114038, 30.770028319906835, 55.03444864001998, 19.045058950009498, 50.194766932457526, 71.26233462468782, 93.3538670021026, 49.268801088927724, 77.96403533769771, 92.86206053188178, 25.480712011862522, 41.28540611108642, 18.709792876274076, 84.28132285164543, 79.5038231188677, 46.29011155703602, 78.39999452746308, 68.48377929886651, 21.042026987107228, 71.9102711665394, 29.198192690658146, 51.1362493779748, 38.49804229423189, 76.5598741530809, 56.24590143650613, 39.42506124833844, 86.73723158117774, 61.88217058624634, 55.342152361378794, 56.927003891106814, 71.88133441896396, 47.92936399326252, 31.553490629641818, 43.47123286624795, 41.99851496361975, 81.30516773224399, 68.85116799307791, 78.89733452618668, 51.85540227879819, 18.97988788494967, 5.251433115766937, 55.56237582607931, 37.36164158744218, 65.41843159175117, 12.849193955960313, 37.779702368510975, 12.443330617397894, 72.14730092145373], [92.96867247665371, 34.61540049414122, 56.20019023571645, 105.07607843350654, 95.93924415560794, 28.684459958579016, 57.751598630163066, 35.2632734858258, 50.7260317441479, 50.90252428509858, 96.6919040755998, 48.55337299289214, 16.84596992781103, 42.65557398112734, 95.84898548126509, 72.17122011586619, 51.63314589405332, 103.21200576745096, 92.74645033531066, 41.26944083409098, 19.49888046208219, 56.342140373503135, 83.74303020977236, 0.0, 27.05047721824393, 30.50009738973168, 53.17599684693642, 36.43790407789185, 99.50017908548568, 35.40544593484263, 13.519715822684315, 34.05699339397864, 50.681299961215466, 53.59021773755228, 34.903271638209, 62.23281990864053, 66.34842466700061, 75.88137762703553, 19.54293114774878, 4.259050852371364, 64.62308525637992, 42.75089834868186, 25.133205386497192, 68.8178837564728, 23.639884256940395, 96.17333754264807, 67.01447420120607, 100.66486322445591, 7.218484846713628, 60.70617394278653, 52.653089451452374, 47.35789538605263, 71.67454981880142, 82.19029260555338, 36.31855009016072, 11.992511321761462, 37.39865020433198, 102.98562220713005, 49.93235625977865, 61.58650365322458, 25.546661458932892, 33.29760702710653, 36.64822727059017, 33.181037793183705, 97.10111950560022, 78.96682542385919, 44.72822669366543, 65.2635096553143, 31.00495793136301, 75.14599224446484, 49.79379604838548, 87.12222690880714, 11.658845599393056], [82.29308529793403, 12.283594855190252, 29.319758627181095, 99.1321193183003, 93.5275030863981, 13.433402878028868, 39.785625913437535, 42.366664929015556, 25.83265206216913, 53.81497190337795, 74.31984322067093, 52.54727346983957, 15.578020658360305, 41.605967913291046, 80.18756941974254, 68.93803433662265, 66.3732002481618, 97.66201038072839, 70.49927149362487, 46.794977764623845, 16.139951002415106, 39.21632559264166, 65.16385691402498, 27.05047721824393, 0.0, 9.665339986741671, 37.91791139567884, 10.854033036681162, 78.12719496236494, 15.869562834890152, 14.888446842246825, 56.50077859127209, 24.046139481683618, 65.74716040612212, 56.96480765710032, 40.60144422867805, 40.035690164858366, 62.80254004941734, 41.35368773475852, 23.642779747294114, 37.83957813331751, 57.00113765346131, 35.2409688151842, 46.772422834634845, 36.57960406750623, 71.93635114492452, 39.986904317785395, 90.76471078232352, 21.45207470553501, 33.7109050580098, 45.835498606498774, 30.88153790562878, 74.63043254092406, 81.1980762294248, 9.88285803760201, 20.86905292217346, 29.740649521183286, 79.03753916354215, 24.826258338998805, 57.34356368780191, 16.4347762870635, 43.67451221416521, 19.019877356237366, 15.2337858839431, 81.52981026302984, 59.97528767942456, 17.709276547351617, 59.06876726859569, 4.745620698936888, 54.33059361190338, 40.43953004295225, 65.57006951431856, 20.531579741161288], [91.05037165930568, 4.1157938924865425, 27.46856601371984, 108.42302082361492, 103.09696098835029, 5.277289075306407, 47.60585172620559, 51.432228893012386, 20.274755696730605, 63.37335677523968, 79.33059362248815, 62.03555005114188, 23.5535480274138, 51.241334211276204, 87.86824772546059, 78.53350335912079, 74.75427547577608, 106.99645936133078, 75.64635689918305, 56.10215164480662, 24.816617967220854, 47.3080051704097, 72.11974409114038, 30.50009738973168, 9.665339986741671, 0.0, 46.518499271357875, 17.209827920361004, 83.64213120349993, 24.721166422403485, 21.271662821858072, 62.77776675213592, 26.388745695041735, 74.53822594251373, 63.3840678727121, 46.89044201496593, 42.11574440489854, 71.32441031511327, 47.50841057100533, 28.088603134749846, 38.88239600259068, 65.34443868799187, 43.65490629009351, 52.60429015195637, 44.57965123662386, 75.66889017004681, 39.71834465884175, 99.58856390745466, 26.682798897877834, 32.32096634195726, 55.374462163759354, 21.349035002499907, 84.26105358822424, 90.8408137694476, 15.201897365801761, 27.73665427851333, 39.389741860576216, 82.89939363902387, 29.54937381582539, 66.94002018165895, 10.119072507981713, 52.35355199887378, 9.372375325350838, 24.4965029269398, 89.2206975366329, 66.87556281929922, 19.082558852454557, 68.54361399631469, 6.923553413100122, 60.579287879560766, 49.85442695056473, 71.19623153202532, 27.278340827573373], [44.53667715382136, 47.15024215087331, 43.80409971135192, 62.90192751829468, 60.00763893065566, 51.146582084888514, 6.7573400855486385, 35.89301273257211, 50.82877257348465, 34.468844487801505, 46.48338673598837, 35.34902791886066, 36.73872085697199, 24.37980602763454, 43.16843101534873, 37.09558750289918, 59.12412670231509, 61.701571209555134, 42.59894942139756, 35.05948036391698, 33.862416952466056, 4.579460027465993, 30.770028319906835, 53.17599684693642, 37.91791139567884, 46.518499271357875, 0.0, 29.799739816915466, 47.94495176489065, 22.048970111119633, 41.167786861974854, 64.34878835913244, 31.830977652949205, 54.891772434409155, 64.02238313186136, 16.59780688412525, 35.40740371624756, 24.884927732251157, 53.994047646648916, 48.96683328142909, 38.30183122345768, 52.19576185810068, 38.5