instance_id,num_cities,city_coordinates,distance_matrix,best_route,total_distance
2394,98,"[[18.843743652123766, 59.49241976565367], [38.800169432670074, 31.701730735419698], [37.984771433251105, 9.027593212247531], [87.79200552665975, 33.024491708712254], [26.505507719530584, 80.2181216398299], [86.96854337893177, 87.1470986359375], [86.39374099842686, 21.339730723830076], [25.582409809769757, 92.19872403858595], [95.48348182264198, 3.714657158541479], [96.61374949416276, 91.52913424628963], [53.8256431158379, 98.06409449145875], [3.521402069674673, 8.29135755903505], [35.62463062045639, 38.720977662429], [93.24786187182387, 48.687098793921244], [77.72878569553646, 16.620506520472844], [68.54962016090347, 66.7624743390068], [10.150427300529664, 45.472296436840374], [35.85723256072991, 36.42950914309079], [17.85943491908756, 61.715109780624985], [15.4671828836195, 76.55337741952982], [16.938383458654837, 54.52471941510909], [68.61137462791964, 37.82497804148903], [70.26584944651663, 3.6648699537727203], [55.3760971993407, 82.17078237172589], [77.51221522066416, 36.946787132412], [12.613930083239, 75.54648530904852], [30.059549523905538, 73.58695188567492], [50.332900054844195, 31.806043887534297], [15.585875630647072, 98.45633228225302], [49.199320608409394, 28.954617031802123], [71.85882327912498, 17.06266483496147], [19.256921427653584, 83.26821305904411], [28.77241595300696, 79.51684452990769], [74.83134474722524, 47.78043168741976], [23.53803110394316, 35.83312161409909], [18.97840566146224, 82.38095613617944], [28.979957745052342, 49.37775068264002], [93.89258327846488, 86.03845273820248], [92.95407961791607, 12.450733290239269], [73.61666413850881, 1.5486616554593713], [99.57248202956438, 5.667075125425325], [11.028765951124486, 95.8658028114409], [68.27104176950212, 1.5893316583444506], [66.30303553129903, 74.50962194286393], [4.473966071676594, 23.355275302537958], [18.08817548088244, 96.16193978619053], [0.9641922170286144, 1.1942799843541962], [59.72827549004926, 52.3079063645564], [2.1821280963830403, 81.01802409243061], [20.71530248935314, 53.969113270264366], [84.14973908950589, 17.49909969855119], [56.91088769296847, 27.111212764893622], [79.26261203037704, 35.03894215891463], [1.2444733760768711, 43.545532333786205], [76.22038663118286, 53.97951180513058], [23.783609583294595, 59.565178992866194], [35.03857443592884, 13.957405774113674], [46.04623580558634, 27.14339399369299], [15.290966585487498, 78.35821259362547], [3.585224212025928, 14.27976318142944], [4.420738127333723, 83.34678506991318], [88.23273045893973, 86.52338646573602], [69.12592759059628, 13.144019128435202], [27.43482293389049, 8.593446020338813], [29.646151598263902, 94.89147595877947], [95.6779294074616, 66.10091129251484], [10.014610130546476, 29.838378666917208], [34.93510735666023, 63.142505938662154], [5.6404394559812605, 29.59225417040061], [79.6417352182317, 1.935244072193265], [87.18170111687571, 21.926468402696543], [23.601425439382105, 24.446624280128503], [88.71965970264101, 51.336175888101884], [70.58166854790747, 96.75863999177143], [35.24773040617225, 37.203833615675684], [55.67879255909567, 95.27362412805942], [56.94769732206916, 21.178422308698863], [38.80832734655968, 71.53142140756474], [23.298990498311834, 43.5539022633795], [66.35158604877576, 35.87193250336431], [96.48795136131542, 88.4384047955181], [59.48520510688729, 68.54594538358025], [8.881489626546013, 70.86943324028371], [73.15910984420341, 67.67181632288474], [65.59379260956729, 13.31531695631919], [7.991152433624671, 72.0858594998613], [81.75533969043552, 14.161751962977098], [78.85690774324343, 4.002664619352991], [70.38666695150242, 22.028864899442834], [77.0651730728374, 46.317443486402254], [14.00591410660821, 80.84799843499636], [14.753028619743558, 57.944247694785254], [75.71727754936771, 51.18664981743488], [41.518634725531555, 64.23142439930302], [42.761103154753656, 80.57463127910502], [8.508966824829978, 39.02068461280079], [24.35102891269848, 93.79590248676799], [83.47328067340824, 73.71742123882787]]","[[0.0, 34.213759318578546, 53.97293454670826, 73.8540048416267, 22.096546037827686, 73.52393896708897, 77.57982870957916, 33.39329215243432, 94.78822853234968, 84.11019488376287, 52.07213632301552, 53.44457804731251, 26.70301433343378, 75.18462455418175, 72.8385140001963, 50.2347275597827, 16.49659381036062, 28.659320494868474, 2.4308876124955923, 17.391878526793974, 5.320568037311122, 54.279785591074955, 75.90091094530935, 42.99908122496745, 62.851373151441365, 17.22044127119507, 18.012499466642744, 41.92973145894807, 39.099874458194456, 43.05831450673157, 67.90348129025402, 23.779383141793684, 22.350752130467434, 57.19949423840129, 24.120504217459114, 22.888932501137745, 14.319544922816371, 79.60540305682723, 87.77962271173074, 79.73425814880682, 97.02729989880483, 37.203452402467676, 76.13031860925717, 49.778516921498976, 38.88937795413572, 36.6773033604973, 60.97828680342, 41.510988622494764, 27.220600187362866, 5.831779070165558, 77.64220482653418, 49.976494697532466, 65.17984522206218, 23.74947437342562, 57.64088231218889, 4.94040173701358, 48.32918417815289, 42.266240047515105, 19.197405134891763, 47.7179916897897, 27.8756853267715, 74.46814520865577, 68.38473706354728, 51.61891292493337, 37.01060924652429, 77.1178595459337, 30.94051958560798, 16.500154997516272, 32.68558006704836, 83.72110995609412, 77.98254376627058, 35.367263354719235, 70.35032308446803, 63.76193254962763, 27.674389857628093, 51.35285204935804, 54.035855562884215, 23.313561774771216, 16.549488349516093, 53.05584329452411, 82.86430498192351, 41.63765982008935, 15.122266393370197, 54.92778470519408, 65.71066809420836, 16.624483766269652, 77.5418490850221, 81.73550507841777, 63.719627160390864, 59.69350755107273, 21.89669689733928, 4.37387542542748, 57.476818565345894, 23.164819233239403, 31.882592866263884, 22.93249991253725, 34.74275633479779, 66.17648919742864], [34.213759318578546, 0.0, 22.68879428963074, 49.00968986285075, 50.04996396632144, 73.44645035841195, 48.70851156240557, 61.92410974872482, 63.216091233931394, 83.19692452476279, 68.04210595427227, 42.3395441509464, 7.704146556900708, 57.035549791611984, 41.7478201582191, 45.981361013654876, 31.787359185300133, 5.568910674832733, 36.596684053060244, 50.557872498498405, 31.604216463106305, 30.433568846991314, 42.14444899655513, 53.12143215684252, 39.06575361745093, 51.069380600193675, 42.78750036161587, 11.533202366963685, 70.67588177308525, 10.7558811297115, 36.15490069931995, 55.14563121243831, 48.85530623206379, 39.45592755026876, 15.811428049282283, 54.41770122140936, 20.220737839261815, 77.37992906021574, 57.47388007596175, 46.05861351085762, 66.11412308354132, 69.91622842167365, 42.13417727297988, 50.88146217698048, 35.32635780084555, 67.70602073913342, 48.6031451985489, 29.370054429771475, 61.424569528656725, 28.686211623541073, 47.52155507166852, 18.68344109476701, 40.599830554545875, 39.379003829409896, 43.54965194549597, 31.65231142436953, 18.13865114202092, 8.560602299586378, 52.24471186536549, 39.2888956366205, 62.04157423930445, 73.81728812838628, 35.553343976917766, 25.751969313249855, 63.84935351204227, 66.47091997821023, 28.84580567894173, 31.67745334196288, 33.22676005127914, 50.537879101604524, 49.35917707765548, 16.84156728606679, 53.64202592433854, 72.4048695047579, 6.549271649726099, 65.7744140845744, 20.977911925175285, 39.82969150759664, 19.513085821652417, 27.865231747458925, 80.91310380432074, 42.25360166759003, 49.28728356128897, 49.74317886276327, 32.49551437663144, 50.79442276973396, 46.3982489670823, 48.70092963983326, 33.03439357681643, 40.96131788408733, 55.04644153778152, 35.5940258700713, 41.74368147795091, 32.64308538442074, 49.03314596784195, 31.162863175395973, 63.753147587015846, 61.32703413997411], [53.97293454670826, 22.68879428963074, 0.0, 55.2866322494438, 72.11008829011065, 92.20665399887568, 49.95014579024, 84.09075797477094, 57.743648879801626, 101.21196244248301, 90.43468237190399, 34.47123251099908, 29.787033164826905, 68.02121395421197, 40.46281011233608, 65.3263076904343, 45.85811930757096, 27.484384991028822, 56.40038627484189, 71.1812708997174, 50.129222410649284, 42.03900803119776, 32.72349001016733, 75.18234056160719, 48.39318341996988, 71.19299541804192, 65.04398461530948, 25.91011570066561, 92.19115958066175, 22.865965789949474, 34.8139880570884, 76.56632419718689, 71.08869139897455, 53.473848326680766, 30.450692258878505, 75.77570713692546, 41.34273669515169, 95.1648880115255, 55.075790782286795, 36.408325902053214, 61.67932537169241, 90.92579874791245, 31.18630958970219, 71.3429756051993, 36.44525415005032, 89.37711610563312, 37.84024420680835, 48.43516775267655, 80.4018122197591, 48.14535058268229, 46.93581426640573, 26.176614998910424, 48.78985958564564, 50.411681409453614, 59.01387340910182, 52.49495760948903, 5.743093995588438, 19.828500845486282, 72.95028144067628, 34.798191596841306, 81.54683691068126, 92.3604642595235, 31.412044969081823, 10.558877645062637, 86.26783259745562, 81.15333704616573, 34.86285580011492, 54.200777027340855, 38.32833274980307, 42.2564083673425, 50.859796219354685, 21.08618412732911, 66.06091927718748, 93.59110144952083, 28.308866400046647, 88.04235476367619, 22.52188282528737, 62.509253582266325, 37.51983713135364, 39.05502174379294, 98.63416780208148, 63.28272191795494, 68.34774458585821, 68.38405506328496, 27.939982555824034, 69.82808981988809, 44.07065045622237, 41.17986685148802, 34.91297607852904, 54.016763377494726, 75.7176082892965, 54.15305125214033, 56.57851245519069, 55.3168253562824, 71.7062898277005, 42.0524504526878, 85.85770316271845, 79.08209862541838], [73.8540048416267, 49.00968986285075, 55.2866322494438, 0.0, 77.35162260443236, 54.12887095171735, 11.768125720128038, 85.85815960692825, 30.302231088981568, 59.16600683735454, 73.37481656236517, 87.82518165008457, 52.47747094539969, 16.585645274293867, 19.244716766569756, 38.83968159661364, 78.63308789557922, 52.0462754359147, 75.58912618314511, 84.41352890131205, 74.04387585467543, 19.77223484345865, 34.192887221447926, 58.87400953407687, 11.002658320879407, 86.37049824519771, 70.55742095426699, 37.47891671115289, 97.44255207762731, 38.806690261926526, 22.553186330998773, 84.97934624123465, 75.13222227708258, 19.639666303040645, 64.3153296738853, 84.6839542486494, 61.04331284698121, 53.36381838795017, 21.211471999493757, 34.52054722932246, 29.78603479395992, 99.20496626298983, 37.003206798877606, 46.720358110849695, 83.87722840277664, 94.04765426520149, 92.47827605740507, 34.05030138423122, 98.14494517953547, 70.27062873428451, 15.946908849943004, 31.442174010804887, 8.76404952238121, 87.18467535748833, 23.937736549294996, 69.29273290005133, 56.0934778551113, 42.15799568217747, 85.50758385558905, 86.26787853501494, 97.3812170641787, 53.50071007649374, 27.2700505230618, 65.11424946940784, 84.90267409958541, 34.00348993761611, 77.842626824372, 60.83540470243592, 82.22323310588345, 32.13982303475309, 11.11479162078488, 64.76117958749334, 18.335166204753204, 66.01694749296716, 52.71022430907293, 70.0443640420951, 33.0408944922759, 62.30717745881271, 65.34690102885864, 21.628673247952037, 56.09207820674268, 45.42079503025704, 87.51633629871719, 37.610620029102044, 29.685218984082614, 88.84799720923135, 19.80515804364039, 30.366139366140676, 20.587608405168975, 17.08120316184923, 87.92880689880391, 77.17309366621541, 21.80970066029881, 55.81305844740786, 65.48891464661763, 79.50946204785238, 87.85170392023349, 40.92146011692456], [22.096546037827686, 50.04996396632144, 72.11008829011065, 77.35162260443236, 0.0, 60.85876603549079, 83.98372105428999, 12.01611183320478, 103.00845105625686, 71.01481937535131, 32.63232362388001, 75.50979078012374, 42.48730823155698, 73.81563004878679, 81.66076692927297, 44.14478265058006, 38.40261741794028, 44.77608001930363, 20.423418487913292, 11.630776645749599, 27.416797488115307, 59.75016863789191, 88.17804631409913, 28.936548184702524, 66.88865823261109, 14.656060699662547, 7.523538094252239, 53.958075371488896, 21.257250348856743, 56.062073170127476, 77.75303824597306, 7.864163076663106, 2.372901709701402, 58.20300897613451, 44.48408866941282, 7.83167405164287, 30.93947937031077, 67.63796423962066, 94.90959714938809, 91.69702826900068, 104.38697845620426, 22.008622442450033, 89.03283915742483, 40.204852800610325, 60.981735962168216, 18.029332186745126, 83.04893947298812, 43.390464563610344, 24.336528927220204, 26.880046819027232, 85.18528701310952, 61.19502350338566, 69.4584070781521, 44.53087313887858, 56.214178204949576, 20.831533055510274, 66.80790143855502, 56.55764111810869, 11.367726004232223, 69.80835560484792, 22.30528150011032, 62.04841973527962, 79.4697138392672, 71.63070420123596, 15.005697949194529, 70.59829707693585, 53.010076450681595, 19.042972499488172, 54.757004398294036, 94.61325273482203, 84.13986737754125, 55.84705553234703, 68.5913077392706, 47.07756047970051, 43.89368327820905, 32.82908319620704, 66.42599645400333, 15.06048245244647, 36.804167361515645, 59.6179037634461, 70.46357550703259, 34.984284161871614, 19.950037306573066, 48.31116194331579, 77.48470358828672, 20.22164778562615, 86.11613035720003, 92.46331690612752, 72.88035219138523, 60.87311179741561, 12.515453857743195, 25.18424558152715, 57.13689391242215, 21.930993391968943, 16.259504361343282, 44.95669362587356, 13.747651132341383, 57.33747693287648], [73.52393896708897, 73.44645035841195, 92.20665399887568, 54.12887095171735, 60.85876603549079, 0.0, 65.80987820453781, 61.593638582078285, 83.8658241930483, 10.593971733758945, 34.89459322529575, 114.81138137604042, 70.57823014138857, 38.969236951511725, 71.12927187500927, 27.473435173611602, 87.3945770409625, 72.0044441511755, 73.64003618447815, 72.28188903101224, 77.2556983302015, 52.62753295078968, 85.13672821022189, 31.981969594942328, 51.08320093032385, 75.25412113573586, 58.50223210681854, 66.36868766546105, 72.27298264586123, 69.37491696526187, 71.69471042341894, 67.82263265747984, 58.694207764455456, 41.195218864099, 81.58770817509976, 68.15698747134056, 69.20404401937088, 7.012233899185851, 74.93579678582341, 86.63351021834289, 82.44909642186825, 76.4386394324549, 87.57698360086819, 24.223315870634803, 104.28207904190613, 69.46777988920417, 121.59208630882159, 44.224444742476344, 85.00765713289996, 74.09636051316795, 69.70501713366298, 67.13993042636346, 52.67486449325275, 96.17542701675549, 34.865623322311286, 68.94271643876455, 89.74103195099417, 72.62974478766395, 72.21439976102307, 110.73584104313242, 82.63523785320562, 1.4096757941159646, 76.12368038109997, 98.56439625585134, 57.843167094955376, 22.777080732358893, 95.94893030609839, 57.30356825578936, 99.63343118228129, 85.5262665852801, 65.2209785593745, 89.1444957381456, 35.85371105521172, 18.997668119076188, 71.89834640273222, 32.32783511065257, 72.47839301707658, 50.628606376094034, 77.16332505792154, 55.26483141633976, 9.606591483603351, 33.18639457508612, 79.7655963085643, 23.874402101899552, 76.86359317934121, 80.40067913172095, 73.1712943829065, 83.53918565933202, 67.1963019132399, 42.01353928258843, 73.23403535018417, 77.8966435414626, 37.67950188093869, 50.900121044276275, 44.693345123529404, 92.0437769747381, 62.9695141364117, 13.877070885855593], [77.57982870957916, 48.70851156240557, 49.95014579024, 11.768125720128038, 83.98372105428999, 65.80987820453781, 0.0, 93.37566564430563, 19.830950719348728, 70.9295491349802, 83.3505188660353, 83.89329294866019, 53.66200064953881, 28.19321750542457, 9.866738441989899, 48.80203157650524, 79.97139245710757, 52.74125612663963, 79.5432105446872, 89.88394421391789, 76.97590639555915, 24.248215044809545, 23.927172610885105, 68.28258248950428, 17.957218879373315, 91.5523497314131, 76.83302186054352, 37.549007454247, 104.69347655829463, 37.965924216759, 15.151142720092084, 91.33722935595038, 81.88280448784862, 28.858268737326803, 64.50502806632697, 90.94426116273988, 63.89423346966527, 65.1318452512588, 11.047729095915841, 23.557166806585062, 20.477093267160637, 105.99063583490891, 26.805045991156312, 56.839016339225765, 81.94456628720528, 101.31146652597192, 87.77270071320554, 40.86655054311962, 103.213828758323, 73.33712491195526, 4.448144696339782, 30.042447370037912, 15.44413786205338, 87.99713291785882, 34.188484144763486, 73.35675463915297, 51.88305941562352, 40.76277324515898, 91.14116415733086, 83.1089260793532, 102.78350056493673, 65.20959176467206, 19.114054212608686, 60.32098965603242, 92.89859056969803, 45.7138867338674, 76.85049543752687, 66.29828800157162, 81.17388652295357, 20.5456487916381, 0.982416536947305, 62.86913138287202, 30.086485675661404, 77.05863683161314, 53.54982875851318, 80.06015645462305, 29.44648550497593, 69.16341089124369, 66.89108279778623, 24.75626917746134, 67.85370398901496, 54.33687519842014, 91.98554529982435, 48.185242738274866, 22.294148768038674, 93.39237377545982, 8.54623576700481, 18.90443642713126, 16.021901430720376, 26.662863957045158, 93.70822486902492, 80.45049616256057, 31.698981863133827, 62.07634452312937, 73.57024214307341, 79.86647718846808, 95.38970043716957, 52.45904642857033], [33.39329215243432, 61.92410974872482, 84.09075797477094, 85.85815960692825, 12.01611183320478, 61.593638582078285, 93.37566564430563, 0.0, 112.7634247448211, 71.03449561902704, 28.845845422355538, 86.75905838609705, 54.412457730589196, 80.44796413952491, 91.82217314589592, 49.931793119593785, 49.20879109048162, 56.70782408648358, 31.446702202143054, 18.63047735829456, 38.652940585788876, 69.33971493363954, 99.1708278521552, 31.43602109589295, 75.82533364184549, 21.106362100630832, 19.14269685002002, 65.26762277882314, 11.793572678606685, 67.50981815081732, 88.24360507276029, 10.943757564383633, 13.07693416158867, 66.32075307071983, 56.40266501654116, 11.832220306281764, 42.955547850343784, 68.5873803393711, 104.39676202419442, 102.59007456368636, 113.85190841931863, 15.008531450165489, 100.16177557386875, 44.39677569492799, 72.00685266637552, 8.477654583570509, 94.27547653055564, 52.509213265467594, 25.934171194619253, 38.53818720653351, 94.92189386808163, 72.23473991287777, 78.4143148600872, 54.400994594901206, 63.44220109920427, 32.683083460802585, 78.81067778670266, 68.19797754799635, 17.247421856518365, 80.96444056053667, 22.93846489851321, 62.90685283822118, 90.25344486034962, 83.62579713755088, 4.874926689424104, 74.79624120100819, 64.27417103103106, 30.524363411444806, 65.70580074047784, 105.21362306878967, 93.44871642614194, 67.7810542906769, 75.20678270864603, 45.22970396190957, 55.83776853402319, 30.253053815345094, 77.63803525678253, 24.536957691046045, 48.69838487356166, 69.5329646704313, 71.00518166674708, 41.338280891456385, 27.08983907159566, 53.52673713445462, 88.4505662302879, 26.720397752033303, 96.15179177793594, 103.03745448692219, 83.25401245363305, 68.9606178794046, 16.212779665847005, 35.925543093276886, 64.7726423360062, 32.18902163283597, 20.74191499167835, 55.85164574594334, 2.016749342136804, 60.76933011418517], [94.78822853234968, 63.216091233931394, 57.743648879801626, 30.302231088981568, 103.00845105625686, 83.8658241930483, 19.830950719348728, 112.7634247448211, 0.0, 87.82175067262055, 103.13676284797863, 92.07589423430541, 69.34352559876294, 45.0279746736641, 21.94971941321164, 68.55990194884357, 95.002266458071, 68.01140449523622, 96.89966543828605, 108.20391520253564, 93.54675250122096, 43.42377385513949, 25.217681523549388, 88.11336950082146, 37.780165244207005, 109.66847377862776, 95.72057504980341, 53.17613226183743, 123.93390367634679, 52.718869048082574, 27.134734202264408, 110.17829534924385, 100.9769177572107, 48.66521602347759, 78.78923554712051, 109.73337356186146, 80.67116476740071, 82.33916611685885, 9.09488326984421, 21.973831075861373, 4.531209398121249, 124.99773069172349, 27.295309159771726, 76.5730075455797, 93.10470363146804, 120.56754749505036, 94.55288683403576, 60.33024654585914, 121.16498316951146, 90.08768506238754, 17.845575935781522, 45.11367677471712, 35.27502583418211, 102.310748849853, 53.829568538099444, 90.88538093832868, 61.306612434468555, 54.70783310862959, 109.55592119119673, 92.50357407766477, 120.96982716781267, 83.12556192177259, 27.993455168208662, 68.2233285417507, 112.46228851310664, 62.38655716363863, 89.37212570912173, 84.83970097251428, 93.4955736321553, 15.94136902559538, 20.014735363710553, 74.81206113065404, 48.09946294690708, 96.31865367539214, 68.91930562972763, 99.83715600863617, 42.30827082609782, 88.38091789575049, 82.44856722997467, 43.39075603146545, 84.72970183299492, 74.15505282461942, 109.58863537302399, 67.74138906610072, 31.393728510752887, 111.03841232435737, 17.25119347334925, 16.629068341768605, 31.06863887995647, 46.41369948733336, 112.1969089475772, 97.25355810495589, 51.422688750967076, 81.08319085659504, 93.20463955304962, 93.8673629847219, 114.78003579398927, 71.02557222948147], [84.11019488376287, 83.19692452476279, 101.21196244248301, 59.16600683735454, 71.01481937535131, 10.593971733758945, 70.9295491349802, 71.03449561902704, 87.82175067262055, 0.0, 43.284266805027265, 124.87879170154896, 80.67449425175612, 42.974052650270295, 77.25247158143507, 37.42970475700971, 97.96498554976631, 82.02025991421614, 84.20877697146035, 82.51689866453766, 87.84924968313767, 60.566239703478594, 91.7297158863256, 42.28620007279909, 57.828204434008384, 85.50681100426385, 68.93027956959511, 75.55636668623582, 81.3234432096383, 78.50922411531245, 78.4733167293204, 77.79666874213409, 68.89660108359953, 48.87148588025408, 91.88093622385335, 78.1724745339172, 79.69359398779771, 6.127995512131653, 79.16303860621429, 92.87276986568446, 85.91302168292559, 85.6947845688762, 94.29993197624317, 34.76209401035848, 114.6185619017496, 78.66211706587677, 131.5645229605492, 53.84090367981374, 95.0148123003996, 84.68370228952766, 75.07194929204078, 75.67024410683524, 59.09487095641815, 106.76012776212526, 42.730122798030465, 79.53567573661198, 99.03976596101764, 81.86938981401539, 82.38245078408474, 120.9205187140943, 92.55540061459631, 9.762120205738514, 83.06507464055805, 108.00024195131999, 67.0519538099998, 25.44543734781449, 106.3257271899558, 67.89738995426481, 110.05598690138649, 91.1872492463198, 70.2388398902371, 99.15070653929003, 40.96084172987199, 26.55215563253603, 81.95746816071248, 41.105862157975395, 80.76272881128477, 61.16678304801311, 87.61664665138552, 63.35236887637278, 3.093288494158665, 43.66641476715089, 90.1319736116801, 33.45581772439379, 84.14059032471214, 90.73040087324419, 78.7812425851974, 89.30950853253114, 74.2842331722134, 49.256916483556736, 83.29550485852525, 88.48232720016462, 45.43323221642935, 61.48688180627567, 54.95551521927103, 102.56505258675098, 72.29826432280946, 22.13434076473488], [52.07213632301552, 68.04210595427227, 90.43468237190399, 73.37481656236517, 32.63232362388001, 34.89459322529575, 83.3505188660353, 28.845845422355538, 103.13676284797863, 43.284266805027265, 0.0, 102.90607836065197, 62.07159069043508, 63.183851067812014, 84.87884451836699, 34.59171756637713, 68.36242900257064, 64.20035738952058, 51.13527961750496, 43.97820392348072, 57.06441191369191, 62.02716346102229, 95.82011259392128, 15.968759438362698, 65.54676923310045, 46.96219771660019, 34.116824511732716, 66.35004539502842, 38.24177908787697, 69.2641518730254, 82.98449971650156, 37.60205614746641, 31.171536253586634, 54.49482769967406, 69.21006737928914, 38.2137512797746, 54.65956599731257, 41.83271152547001, 94.13119652520962, 98.52366867225413, 103.10180628061563, 42.853298372027375, 97.5502404198418, 26.65517770587759, 89.53767749765491, 35.7880536699366, 110.35440160577224, 46.13534242692436, 54.384015662814775, 55.142198226941694, 86.08292038843389, 71.01992790340366, 67.96476450411362, 75.74333654481802, 49.44668813728368, 48.83329062574246, 86.17940030297264, 71.34609265539765, 43.280978231436634, 97.69295708851925, 51.55040090564417, 36.290985122628165, 86.2874145207175, 93.28168270201067, 24.386744727460712, 52.661740837588, 81.08116249172424, 39.70352236665639, 83.72697754424404, 99.53505158670886, 83.12379149076853, 79.58036978093203, 58.31887147881066, 16.806802186344555, 63.63261895063197, 3.3497593507678323, 76.94903384358679, 30.48774366677544, 62.47589596615051, 63.44102977657751, 43.73472815686269, 30.05581089715397, 52.53119581196671, 36.02045957525801, 85.56193450482134, 52.68462042547663, 88.4289038296628, 97.33507486221126, 77.8178877225283, 56.7255819085304, 43.382079039550746, 56.0024223632242, 51.737205928978, 36.00155581476611, 20.69553980950254, 74.4293315848208, 29.7820473677149, 38.36330162036927], [53.44457804731251, 42.3395441509464, 34.47123251099908, 87.82518165008457, 75.50979078012374, 114.81138137604042, 83.89329294866019, 86.75905838609705, 92.07589423430541, 124.87879170154896, 102.90607836065197, 0.0, 44.23323482428799, 98.40047509307351, 74.67335875007659, 87.45021809931356, 37.76726348766095, 42.86445506609825, 55.31434251100413, 69.29938697195954, 48.14082610536427, 71.47684426745985, 66.90460106152393, 90.26117004362756, 79.34591403959881, 67.86697484305665, 70.48253619707243, 52.38565468468672, 90.96853406064065, 50.13424512317088, 68.89803312785168, 76.61028279633595, 75.56906573707384, 81.51377123034248, 34.04723491210906, 75.68479092498657, 48.334560688845805, 119.21225273381303, 89.52934837203412, 70.41881646652855, 96.08692325052603, 87.89564251835883, 65.09556814738617, 91.24906595750124, 15.094005298824154, 89.06980469582699, 7.543728012826811, 71.39096013111782, 72.7389969674813, 48.80663457416995, 81.15239519503601, 56.609399617814155, 80.32536441398143, 35.327627196352005, 85.8635533546651, 55.1322212299976, 32.02243364174202, 46.516241916137226, 71.04848220286053, 5.988745708758974, 75.06081537117278, 115.30940770090184, 65.78375250114868, 23.91532886806212, 90.45486744659611, 108.78772924289005, 22.504130055287405, 63.20972518862468, 21.40603923879076, 76.38524266705527, 84.76415447809318, 25.77207755222047, 95.4546986202129, 111.01143815465657, 42.92424934044936, 101.42143797122363, 54.95857951455857, 72.41873218347983, 40.430187522177704, 68.61719998008847, 122.7449732898342, 82.2348016614241, 62.80721371455203, 91.51748044551879, 62.275371017461715, 63.95089636740141, 78.45387515035145, 75.45748009457503, 68.26186897269034, 82.79293124609825, 73.31023890191481, 50.9073563818933, 83.977678785573, 67.62455742995266, 82.24734525160619, 31.131452638194812, 88.00511665646674, 103.30959636402832], [26.70301433343378, 7.704146556900708, 29.787033164826905, 52.47747094539969, 42.48730823155698, 70.57823014138857, 53.66200064953881, 54.412457730589196, 69.34352559876294, 80.67449425175612, 62.07159069043508, 44.23323482428799, 0.0, 58.47871707088102, 47.551978920785494, 43.24789558002879, 26.353658948591658, 2.3032437208721652, 29.057396479674253, 42.867390527583936, 24.473129885189195, 32.99891052041927, 49.28432539292692, 47.728460705252395, 41.92514157014101, 43.4236151494176, 35.307312077631124, 16.252676667728494, 63.00685909563925, 16.722858853571964, 42.21373274371691, 47.45901479910429, 41.36732526182777, 40.23978304923, 12.426809744598708, 46.725694491508534, 12.558602184376563, 75.06062719230611, 63.061806679850974, 53.152381773151326, 71.98533303921774, 62.213242964365975, 49.442363372771595, 47.13800576292046, 34.73425846111253, 60.05823331205885, 51.08423464180936, 27.66930298283902, 53.92069279761123, 21.32589282622989, 52.96276292119532, 24.246471519235854, 43.79304518963851, 34.717020896459076, 43.368632331057256, 23.972703400040384, 24.770505738058397, 15.57723654058416, 44.54849364544045, 40.297599535342016, 54.4531504459772, 71.08222320675061, 42.148756880021296, 31.22084420364189, 56.487760535173514, 66.00045045898723, 27.10670976730065, 24.43126041935151, 31.343026535127386, 57.364585703579266, 54.223491767387976, 18.663189098034803, 54.573119202690364, 67.75223058553885, 1.5632593611190864, 60.003093531315116, 27.611852924063488, 32.964543734086746, 13.239281121688297, 30.85875642686068, 78.58858932656003, 38.19496975244556, 41.81768508970179, 47.40240700367056, 39.28865314875965, 43.32233207859342, 52.26086381084486, 55.447191504876756, 38.56197347612295, 42.13104380100719, 47.350340895060654, 28.375304065561053, 41.985870480941934, 26.182478437029783, 42.45771497970041, 27.11732006178977, 56.216914179557676, 59.281062531688136], [75.18462455418175, 57.035549791611984, 68.02121395421197, 16.585645274293867, 73.81563004878679, 38.969236951511725, 28.19321750542457, 80.44796413952491, 45.0279746736641, 42.974052650270295, 63.183851067812014, 98.40047509307351, 58.47871707088102, 0.0, 35.624543020184724, 30.605920092474353, 83.15959708010624, 58.685030772519355, 76.50584284012386, 82.62181012484625, 76.53243959398412, 26.924750155934117, 50.54872881538841, 50.55123762428067, 19.632765812272194, 84.98974996818828, 67.91734315599369, 46.115766962127765, 92.24077573904515, 48.26639435390934, 38.17847292839999, 81.67320693856854, 71.46716972551704, 18.438821769371444, 70.88501417807545, 81.55506206473801, 64.27161504800769, 37.35691779527795, 36.23755638738827, 51.06286498328542, 43.482447683837286, 94.79351162811668, 53.31079826433629, 37.32058906687731, 92.31741903310558, 88.89791328049223, 103.78749213384889, 33.71458020899591, 96.63465526775194, 72.72463026719312, 32.48795354796816, 42.25984560327206, 19.541222905984256, 92.1469435215479, 17.830999650941067, 70.31084535702244, 67.7825399424123, 51.88568896927449, 83.4125441213719, 96.03777036178455, 95.34962907882311, 38.167213781894276, 42.9555377754132, 77.06398047709793, 78.6131160743189, 17.582550837803225, 85.34077832931327, 60.0777507473937, 89.66422672138692, 48.69150441745613, 27.439563503099176, 73.74433342564014, 5.246162820186285, 53.14724257131089, 59.12597254326375, 59.84763413647088, 45.54590243158978, 59.038343430381374, 70.1369682339442, 29.793256623002954, 39.88313564318261, 39.17002399410203, 87.23382788413603, 27.64014214293694, 44.89889193653446, 88.40932364181602, 36.38787765021049, 46.9446292799531, 35.11830957716571, 16.35526468881795, 85.51964541173257, 79.0388110553585, 17.707883611710745, 54.01424811731469, 59.71371311306404, 85.28845113440865, 82.35033553299836, 26.87116445747033], [72.8385140001963, 41.7478201582191, 40.46281011233608, 19.244716766569756, 81.66076692927297, 71.12927187500927, 9.866738441989899, 91.82217314589592, 21.94971941321164, 77.25247158143507, 84.87884451836699, 74.67335875007659, 47.551978920785494, 35.624543020184724, 0.0, 50.97522944163262, 73.47965912238702, 46.320875928935244, 74.95240093275203, 86.42023026416868, 71.63939111469172, 23.08152501594052, 14.951385765384812, 69.25663395793454, 20.327434326197686, 87.8192199783283, 74.28009137536975, 31.323076080811543, 102.7562341147503, 31.08151637651042, 5.8865917766696505, 88.66157960364363, 79.70367289757942, 31.29434614205387, 57.49576038232842, 88.1818795887683, 58.73231880017795, 71.27495779998391, 15.785961605629918, 15.622741479484466, 24.436135718628627, 103.57948454278126, 17.75908606618933, 59.00591030737929, 73.56375268209284, 99.41751351115613, 78.29924186774876, 39.97009976581675, 99.26901703872329, 68.15757986792313, 6.480784555907819, 23.31179518510004, 18.48219128222822, 81.08518388724434, 37.38944428039052, 68.95162738864057, 42.77319537952698, 33.384354543756444, 87.80675148525984, 74.18050140595156, 99.12853316436886, 70.68766144267686, 9.278746260176083, 50.930505500560706, 91.86013476228155, 52.6353703928875, 68.99218590917407, 63.21072168261655, 73.24613232551872, 14.80933182325355, 10.840241761999794, 54.690211624087866, 36.413967252725755, 80.45620995166004, 47.205014699776655, 81.6854644763065, 21.275061229486926, 67.30535381254515, 60.728991523454745, 22.361978315368265, 74.22746667589355, 55.03707326721545, 87.65213189799, 51.25542088333773, 12.577055905557144, 89.10523482995295, 4.717903246977802, 12.668172464731384, 9.11904863496576, 29.704350638776642, 90.47527331359227, 75.32328699619289, 34.62462169393648, 59.81617285095444, 72.88942924674095, 72.75404664389069, 93.83616926176308, 57.38516265469586], [50.2347275597827, 45.981361013654876, 65.3263076904343, 38.83968159661364, 44.14478265058006, 27.473435173611602, 48.80203157650524, 49.931793119593785, 68.55990194884357, 37.42970475700971, 34.59171756637713, 87.45021809931356, 43.24789558002879, 30.605920092474353, 50.97522944163262, 0.0, 62.158968796538375, 44.59687191470534, 50.94085559582623, 53.97783740044596, 53.04226993175272, 28.937562191432974, 63.12094044068345, 20.27209075675169, 31.13363637300898, 56.621199856470234, 39.09039564171828, 39.418281562380905, 61.722434057585055, 42.471969190669775, 49.80985735791703, 51.98278137134521, 41.77199939628508, 19.99444940489908, 54.61380786407798, 51.97347670300906, 43.22021286750749, 31.84068345410218, 59.54278173832115, 65.41036843953563, 68.5205499364162, 64.46434981598001, 65.17373806061863, 8.066315050500085, 77.39427869780735, 58.40107848126585, 94.16463338900756, 16.933713624896786, 67.88125442054326, 49.51557365655787, 51.67440170483277, 41.324116903799755, 33.48358834976846, 71.19697451297233, 14.907876756401151, 45.34089504337301, 62.54091022462341, 45.56395323994136, 54.50637876740479, 83.5153142330928, 66.23860561103896, 27.891189990478622, 53.621552284707235, 71.23245332400388, 48.007505645778544, 27.136374633347305, 69.20792035927406, 33.808869284347956, 73.06976313323601, 65.76933024222971, 48.553288962445706, 61.73306549110672, 25.39293561232429, 30.064916007120694, 44.52784637333408, 31.281685783366168, 47.03732999501658, 30.121211038257496, 50.85525835791816, 30.968644285109672, 35.36094330500002, 9.238202706062854, 59.80930456778359, 4.6983292758268504, 53.528829137232364, 60.791993247850286, 54.23308052077455, 63.60058091992723, 44.77131396778852, 22.147549028276202, 56.33309736909615, 54.514533682269146, 17.145892276729345, 27.149224434678853, 29.254457587082037, 66.13990437123101, 51.81044012306853, 16.464717716129382], [16.49659381036062, 31.787359185300133, 45.85811930757096, 78.63308789557922, 38.40261741794028, 87.3945770409625, 79.97139245710757, 49.20879109048162, 95.002266458071, 97.96498554976631, 68.36242900257064, 37.76726348766095, 26.353658948591658, 83.15959708010624, 73.47965912238702, 62.158968796538375, 0.0, 27.250905282684794, 17.979371061970188, 31.5325464398741, 11.314712129882796, 58.95900135734784, 73.22380001698441, 58.24208175974836, 67.89915154622385, 30.17491809900509, 34.45006529329083, 42.44287425932231, 53.26210804143361, 42.398700469445984, 67.9340364030108, 38.877494114203394, 38.80476409197931, 64.72208718885089, 16.496715638591244, 37.949734686064794, 19.230283139549478, 93.05031824179524, 89.14521002131059, 77.18321650969597, 97.88135427962372, 50.401160338944905, 72.82664638716822, 63.21615049701329, 22.833852849176633, 51.3073853266663, 45.220898442821564, 50.04686397954363, 36.427908899251904, 13.557746274959388, 79.1100365377311, 50.23614286269466, 69.89527136810659, 9.11199403057828, 66.6154054200426, 19.607983014400855, 40.15729325187265, 40.30456218596244, 33.285261387155934, 31.875947397422028, 38.3054333905544, 88.21586058687151, 67.25494144070599, 40.728367760729626, 53.12568654158654, 87.98007369578067, 15.634507703806397, 30.438736329273414, 16.50805054335271, 82.00315118771292, 80.54950753159422, 24.960133023943214, 78.78774880954468, 79.26048166604336, 26.424271051468573, 67.47595336803758, 52.72738189615394, 38.734393364141866, 13.287774470197796, 57.01523684332764, 96.43782726936769, 54.46387405354183, 25.428817523299646, 66.80503543192187, 64.09397854792647, 26.70101509044627, 78.15122311017187, 80.25154713712983, 64.63744309251463, 66.92008275030716, 35.5851804881496, 13.29411550589893, 65.81539095159935, 36.549546084322195, 47.9127341220237, 6.657153116863963, 50.36693347640029, 78.57498267146165], [28.659320494868474, 5.568910674832733, 27.484384991028822, 52.0462754359147, 44.77608001930363, 72.0044441511755, 52.74125612663963, 56.70782408648358, 68.01140449523622, 82.02025991421614, 64.20035738952058, 42.86445506609825, 2.3032437208721652, 58.685030772519355, 46.320875928935244, 44.59687191470534, 27.250905282684794, 0.0, 31.036789775206724, 45.00754304891638, 26.179371385418012, 32.78385511199141, 47.51288769585621, 49.73178212528745, 41.65819435498446, 45.50152672634447, 37.60702965888026, 15.196097537509258, 65.25530400299832, 15.293309829707802, 40.880180928050585, 49.69340513832071, 43.665926041950726, 40.59340911198368, 12.333628931406754, 48.953347977988976, 14.661305121197811, 76.3488652014781, 61.927632243393596, 51.404748754685784, 70.75281168665336, 64.41370785178141, 47.586689258565904, 48.7549167711951, 33.99772060065783, 62.3193602345178, 49.58876524270239, 28.66967367892516, 55.87618746901202, 23.171442752328318, 51.870286181683866, 23.023619216342976, 43.427648375678196, 35.33667902371838, 44.01348429689163, 26.096581983069367, 22.487010271516652, 13.785779691100906, 46.70104355587028, 39.141969406571164, 56.4755164886036, 72.47474957046497, 40.60812867164504, 29.08235537393954, 58.790977970101764, 66.77505429980137, 26.669910667697486, 26.728907809564284, 30.98068174034849, 55.739904877440566, 53.33422225258689, 17.140429919774192, 54.923992178106275, 69.60883911964645, 0.9854294826390694, 62.09286681361253, 26.026973575109636, 35.225746337839006, 14.438366286761939, 30.499450591167417, 79.8812198783966, 39.87162604448671, 43.74698936694481, 48.65708382946846, 37.66336262185208, 45.25365998916572, 51.0145983804875, 53.856033195625656, 37.41203541614348, 42.37765456967891, 49.5023465015404, 30.137541355102474, 42.50407495027518, 28.37248608044821, 44.68171032517264, 27.470744967623745, 58.50893784415731, 60.47872705611712], [2.4308876124955923, 36.596684053060244, 56.40038627484189, 75.58912618314511, 20.423418487913292, 73.64003618447815, 79.5432105446872, 31.446702202143054, 96.89966543828605, 84.20877697146035, 51.13527961750496, 55.31434251100413, 29.057396479674253, 76.50584284012386, 74.95240093275203, 50.94085559582623, 17.979371061970188, 31.036789775206724, 0.0, 15.029872132688675, 7.24914128716423, 56.093651857605046, 78.20653826615644, 42.73095470270803, 64.59043276301952, 14.792642427611913, 17.02302650347257, 44.14836532104493, 36.81149959933977, 45.33694211308737, 70.06978509231818, 21.598361731201408, 20.88049125692458, 58.651289525693336, 26.49761812093387, 20.69611802038425, 16.60952911540349, 79.82897132038605, 89.81193937016258, 82.02969029702189, 99.08786129889708, 34.82711404975888, 78.46298044333055, 50.10471017524336, 40.62816359929702, 34.447589461048516, 62.834863453266564, 42.91264716686564, 24.86725658656636, 8.255691462101375, 79.68349875968444, 52.17706059587866, 66.94750240555634, 24.62093604378998, 58.871386604869365, 6.302225626251864, 50.75353314314821, 44.606045292847156, 16.840127696214502, 49.536503694703825, 25.466211875382964, 74.61803613888803, 70.62155561852977, 53.977765943904465, 35.207924716776, 77.94198701174352, 32.82784279325302, 17.1352283027469, 34.36832411804125, 85.9690931345199, 79.92942245192567, 37.70822810257555, 71.61629510887231, 63.30626294823761, 30.052545302862146, 50.56162277369866, 56.3126565603236, 23.134737255801962, 18.958328602066267, 54.94869000229617, 83.04563862334197, 42.18252077297086, 12.822056764806769, 55.61956849575594, 67.97873821687472, 14.31556666541474, 79.64928427978761, 83.97272186505842, 65.83394365945509, 61.17522012742277, 19.517096375044733, 4.885607533053351, 58.8079792462448, 23.792636985870494, 31.237391569572715, 24.545227382929276, 32.73099529853016, 66.70256543051019], [17.391878526793974, 50.557872498498405, 71.1812708997174, 84.41352890131205, 11.630776645749599, 72.28188903101224, 89.88394421391789, 18.63047735829456, 108.20391520253564, 82.51689866453766, 43.97820392348072, 69.29938697195954, 42.867390527583936, 82.62181012484625, 86.42023026416868, 53.97783740044596, 31.5325464398741, 45.00754304891638, 15.029872132688675, 0.0, 22.077730966014464, 65.7586042624079, 91.19006731907433, 40.3023160656622, 73.6088855497523, 3.025703763594292, 14.