instance_id,num_cities,city_coordinates,distance_matrix,best_route,total_distance
1294,32,"[[97.00171534734582, 43.66450231349662], [62.959908517852405, 95.92648307536675], [36.15354128487404, 77.52484664314049], [92.02382111101635, 81.623337623465], [53.56995473543099, 81.04175140815279], [57.40655619244285, 61.46510556547643], [48.02430211622212, 35.247376899897766], [64.71488651535093, 11.190817230921812], [6.996410180347357, 3.5546836893401323], [15.01832260417899, 44.714720569372304], [47.522140875361465, 75.7059090917068], [63.444148646013076, 34.70020142122491], [28.094393022825514, 48.744716885368575], [43.58346008325486, 81.76010025301198], [2.6057910746300816, 49.93940474888343], [41.52934987318508, 45.120511566735644], [89.98976772640216, 68.8808013622755], [86.55595461741311, 27.533171201308658], [87.08828455839382, 31.453887303891214], [86.8292449442731, 95.44932725863393], [6.946372048921157, 13.125084230579931], [59.6860663151462, 70.99355264342834], [67.43239889016007, 52.36640151551326], [14.383697590479494, 6.861170000759486], [55.26899612075734, 41.1083424674749], [13.49459011781432, 8.787048447071488], [43.1611700828625, 77.26478330240397], [69.62673459379425, 2.8480510459270802], [62.92841911288377, 47.87745397466844], [43.23420131801651, 2.6302444024535743], [69.25160721661253, 98.39067994028822], [43.414723256185404, 90.39058421991626]]","[[0.0, 62.37114112608994, 69.63492805237117, 38.283842663940945, 57.300755490086274, 43.41241878352888, 49.695422395231766, 45.79278915799711, 98.53807643884292, 81.99011918557818, 58.94811310173871, 34.73426224064043, 69.09433876976894, 65.61085716425895, 94.60425423771336, 55.491470463886415, 26.173061478480207, 19.218058192180806, 15.728166737421825, 52.77449430075011, 95.09269642533172, 46.25294211863978, 30.823165403106373, 90.44458042025316, 41.81092927936046, 90.49793783454554, 63.464818576203356, 49.146436954627724, 34.332761001422185, 67.63694173455896, 61.35978340009469, 71.09776685454703], [62.37114112608994, 0.0, 32.514635898517035, 32.39276130621363, 17.599047384474314, 34.90596312851582, 62.49020935185173, 84.75383775306659, 108.00214103426042, 70.15012672040235, 25.440052712449432, 61.22819655758306, 58.66620178213019, 24.002773927363595, 75.87773629567756, 55.14087036634769, 38.23718331885679, 72.34928127241326, 68.83962620370522, 23.874105200218413, 99.96793445105162, 25.1469493714864, 43.78908397799014, 101.45086624143941, 55.35502392020432, 100.20029337160689, 27.20751885110705, 93.31688528334986, 48.04903941914321, 95.35875248264753, 6.757051036145031, 20.31404546245437], [69.63492805237117, 32.514635898517035, 0.0, 56.02040517675007, 17.767950827456364, 26.638429498432384, 43.91240611269066, 72.22156118110144, 79.50926550823077, 39.02821853040905, 11.513192018934042, 50.78117257924233, 29.887216992953164, 8.552255052935585, 43.43280037794427, 32.84722590603475, 54.52576268408482, 70.989935083965, 68.6795556681763, 53.75233898827503, 70.71342258420137, 24.42207066591737, 40.14117953338679, 73.94106633730239, 41.12860792634446, 72.37619062118912, 7.012452802806749, 81.83567969391062, 39.94824119712178, 75.22856632487188, 39.126269533474144, 14.773353275913946], [38.283842663940945, 32.39276130621363, 56.02040517675007, 0.0, 38.45826415423888, 40.05882362409582, 63.92720394954803, 75.5414974540242, 115.43125805716144, 85.39375160474093, 44.89337929166106, 54.94159070559243, 71.88863246246062, 48.44055408969549, 94.86546103819381, 62.30688513893155, 12.903860024782883, 54.36583180241463, 50.411638204193046, 14.769617833373193, 109.22537734789151, 34.040016362505405, 38.21918833870225, 107.78390644214811, 54.70266897103348, 107.10725998442356, 49.05665766507931, 81.89734586562106, 44.55700933266339, 92.84576337221255, 28.279276759174888, 49.39341056399645], [57.300755490086274, 17.599047384474314, 17.767950827456364, 38.45826415423888, 0.0, 19.949049430725346, 46.12893885160655, 70.73445065744785, 90.40653027344993, 52.97057210890864, 8.06518851063165, 47.3818420977352, 41.13517574459462, 10.01229746366202, 59.705124950528855, 37.88550695441931, 38.396503542844044, 62.858924139428254, 59.8534435145016, 36.245808407088234, 82.37980421823679, 11.763210415143323, 31.850322595042652, 83.89470428441338, 39.96953704075723, 82.62431209534523, 11.07286259353873, 79.82527767416458, 34.45941786740846, 79.08977323023763, 23.385883471737603, 13.803238798896649], [43.41241878352888, 34.90596312851582, 26.638429498432384, 40.05882362409582, 19.949049430725346, 0.0, 27.845933059114138, 50.80271409732625, 76.7775994860016, 45.57782074925183, 17.33499787231739, 27.43743093816147, 31.953265840212435, 24.55534148430733, 55.99969318497465, 22.78665033496481, 33.416436345268814, 44.733249359194204, 42.20993035216482, 44.951328539618885, 69.87837896271182, 9.797319537344766, 13.538978439608577, 69.5165889658022, 20.46868258799821, 68.58016087987298, 21.273477430871253, 59.87730655856755, 14.666807623519414, 60.517737323522354, 38.77890246867413, 32.131833192405836], [49.695422395231766, 62.49020935185173, 43.91240611269066, 63.92720394954803, 46.12893885160655, 27.845933059114138, 0.0, 29.279577706849572, 51.843174282062854, 34.33693754115748, 40.46164842202392, 15.42955177595147, 24.07030251480944, 46.72423901665072, 47.73569762295915, 11.817918293373317, 53.78017799287832, 39.29627481114059, 39.24774245172975, 71.62470533889852, 46.65610540498448, 37.60034340958446, 25.879243114445792, 44.01666746788199, 9.318610873068657, 43.502298703912594, 42.297901767904015, 38.94074222122425, 19.535904134818708, 32.96698952001532, 66.61587799222977, 55.33553587709655], [45.79278915799711, 84.75383775306659, 72.22156118110144, 75.5414974540242, 70.73445065744785, 50.80271409732625, 29.279577706849572, 0.0, 58.22141398058996, 59.94664760954502, 66.76666518890173, 23.54370233713981, 52.45336903281193, 73.66519455826445, 73.20514169852895, 41.09492994405724, 62.98375893282801, 27.278284204332515, 30.185442663219366, 87.11223427747049, 57.800887990445894, 60.01380004152587, 41.265162239893534, 50.51707061705729, 31.373287389536756, 51.27666981598664, 69.5005876555551, 9.681322180528802, 36.73010728745151, 23.123651175765705, 87.31779825014833, 82.01402347146566], [98.53807643884292, 108.00214103426042, 79.50926550823077, 115.43125805716144, 90.40653027344993, 76.7775994860016, 51.843174282062854, 58.22141398058996, 0.0, 41.93446929318688, 82.75345416010094, 64.47007408616301, 49.87247718210572, 86.34060111265894, 46.59205816341589, 54.039263234822485, 105.61912254409943, 83.0944581449032, 84.81199150895442, 121.72882576929682, 9.57053135068057, 85.58154537872068, 77.68585796961091, 8.093507707261441, 61.159789412643065, 8.342900182649153, 82.10401113084768, 62.634310611886995, 71.36454013720902, 36.24958061181498, 113.44415252860783, 94.16351282872718], [81.99011918557818, 70.15012672040235, 39.02821853040905, 85.39375160474093, 52.97057210890864, 45.57782074925183, 34.33693754115748, 59.94664760954502, 41.93446929318688, 0.0, 44.91048839895791, 49.450492632557136, 13.682999959816787, 46.779560014001085, 13.46730350692668, 26.514132706757085, 78.77002630825793, 73.57199489444409, 73.2798001837946, 87.9250185285684, 32.60462405524221, 51.82455348003576, 52.96964804691628, 37.858870024850724, 40.41191261932584, 35.95996919934102, 43.02936727553334, 68.8105855011635, 48.01437524394525, 50.667928177871445, 76.30437585251214, 53.78326961251383], [58.94811310173871, 25.440052712449432, 11.513192018934042, 44.89337929166106, 8.06518851063165, 17.33499787231739, 40.46164842202392, 66.76666518890173, 82.75345416010094, 44.91048839895791, 0.0, 43.988389297696585, 33.2316606838844, 7.222633660911739, 51.78215161105607, 31.166971071252302, 43.012572881398015, 62.00202650806004, 59.36093966789665, 43.986941143916766, 74.5838632423647, 13.044822168211944, 30.67818423758238, 76.4051995864545, 35.45427171034942, 75.07335160050847, 4.631215289511577, 76.13724806214083, 31.808431639000563, 73.201360611833, 31.41287213752051, 15.24829705637228], [34.73426224064043, 61.22819655758306, 50.78117257924233, 54.94159070559243, 47.3818420977352, 27.43743093816147, 15.42955177595147, 23.54370233713981, 64.47007408616301, 49.450492632557136, 43.988389297696585, 0.0, 38.03752932620166, 51.079164326023474, 62.71793260340437, 24.26605177572522, 43.277977132616364, 24.19755974128042, 23.865953121372147, 65.09469270907, 60.47713983155099, 36.48740228823901, 18.110791417863886, 56.408683092251565, 10.38736686941542, 56.27121728045191, 47.15021580133884, 32.446630834838416, 13.187340968086621, 37.90678190226963, 63.954699819766915, 59.182739187295574], [69.09433876976894, 58.66620178213019, 29.887216992953164, 71.88863246246062, 41.13517574459462, 31.953265840212435, 24.07030251480944, 52.45336903281193, 49.87247718210572, 13.682999959816787, 33.2316606838844, 38.03752932620166, 0.0, 36.46816059681298, 25.516584966738428, 13.91520498457104, 65.08839610681223, 62.190705530526984, 61.47562139682763, 75.04067870397296, 41.42459440446924, 38.63993418728669, 39.504370709817344, 44.0705646534487, 28.227172507716517, 42.54138587176089, 32.25526250720907, 61.898621402620705, 34.84482054192754, 48.536155261749556, 64.48750210578567, 44.37443841341485], [65.61085716425895, 24.002773927363595, 8.552255052935585, 48.44055408969549, 10.01229746366202, 24.55534148430733, 46.72423901665072, 73.66519455826445, 86.34060111265894, 46.779560014001085, 7.222633660911739, 51.079164326023474, 36.46816059681298, 0.0, 51.881846726450235, 36.697122882517945, 48.160375091846596, 69.18955933424296, 66.50853188798364, 45.36069713151379, 77.80129590202867, 19.370402032192747, 37.851834931563666, 80.38952595062541, 42.297956966474686, 78.93292333158367, 4.515108340987525, 83.09851778035936, 39.01616535080515, 79.13062661583851, 30.584799459773187, 8.63213331800438], [94.60425423771336, 75.87773629567756, 43.43280037794427, 94.86546103819381, 59.705124950528855, 55.99969318497465, 47.73569762295915, 73.20514169852895, 46.59205816341589, 13.46730350692668, 51.78215161105607, 62.71793260340437, 25.516584966738428, 51.881846726450235, 0.0, 39.220723617056315, 89.41328693848175, 86.88883277296618, 86.48124687146512, 95.73266542082375, 37.06932476345853, 60.839419500012056, 64.87202320086654, 44.659303520213584, 53.39850959295175, 42.568560861205206, 48.90209688341164, 81.91094227132255, 60.35785859717686, 62.360439154877014, 82.39654651078628, 57.46013284353326], [55.491470463886415, 55.14087036634769, 32.84722590603475, 62.30688513893155, 37.88550695441931, 22.78665033496481, 11.817918293373317, 41.09492994405724, 54.039263234822485, 26.514132706757085, 31.166971071252302, 24.26605177572522, 13.91520498457104, 36.697122882517945, 39.220723617056315, 0.0, 53.971876655128796, 48.33952498651921, 47.564620763681944, 67.71314630410149, 47.113583238984816, 31.608236371395492, 26.897413807383145, 46.91123164995341, 14.313468478656361, 45.891919733318545, 32.18566517276282, 50.75848644927506, 21.575933253652714, 42.52445557724415, 60.05193078296366, 45.309315938530546], [26.173061478480207, 38.23718331885679, 54.52576268408482, 12.903860024782883, 38.396503542844044, 33.416436345268814, 53.78017799287832, 62.98375893282801, 105.61912254409943, 78.77002630825793, 43.012572881398015, 43.277977132616364, 65.08839610681223, 48.160375091846596, 89.41328693848175, 53.971876655128796, 0.0, 41.489969780605534, 37.539212838149915, 26.755849314903553, 100.02452478525615, 30.377261844981515, 27.9563998238866, 97.78912268558501, 44.461685235208314, 97.27677696553783, 47.57319319147001, 69.1012100668353, 34.25576141712332, 81.08772587547126, 36.06805005844996, 51.30210060012674], [19.218058192180806, 72.34928127241326, 70.989935083965, 54.36583180241463, 62.858924139428254, 44.733249359194204, 39.29627481114059, 27.278284204332515, 83.0944581449032, 73.57199489444409, 62.00202650806004, 24.19755974128042, 62.190705530526984, 69.18955933424296, 86.88883277296618, 48.33952498651921, 41.489969780605534, 0.0, 3.9566892628957713, 67.9167059066156, 80.90289615882499, 51.095945558046395, 31.34325623625731, 75.07440521241094, 34.105117605385935, 75.42797956236241, 66.00258000240507, 29.93248482324385, 31.179324488837437, 49.969291290580806, 72.93988609575806, 76.23791848388042], [15.728166737421825, 68.83962620370522, 68.6795556681763, 50.411638204193046, 59.8534435145016, 42.20993035216482, 39.24774245172975, 30.185442663219366, 84.81199150895442, 73.2798001837946, 59.36093966789665, 23.865953121372147, 61.47562139682763, 66.50853188798364, 86.48124687146512, 47.564620763681944, 37.539212838149915, 3.9566892628957713, 0.0, 63.99596422058788, 82.21113770515645, 48.10682591704806, 28.699949338874642, 76.75127823382991, 33.25170102691221, 77.00530790260119, 63.46833524154376, 33.51417006556574, 29.213569458979418, 52.47840514881849, 69.2725145136426, 73.3547149145108], [52.77449430075011, 23.874105200218413, 53.75233898827503, 14.769617833373193, 36.245808407088234, 44.951328539618885, 71.62470533889852, 87.11223427747049, 121.72882576929682, 87.9250185285684, 43.986941143916766, 65.09469270907, 75.04067870397296, 45.36069713151379, 95.73266542082375, 67.71314630410149, 26.755849314903553, 67.9167059066156, 63.99596422058788, 0.0, 114.71074218292308, 36.5354219644775, 47.248027762375536, 114.43871258335898, 62.84100519465936, 113.52674648438067, 47.303048538099745, 94.18557595821326, 53.23845042042524, 102.54711098338018, 17.82203421842611, 43.70825522183666], [95.09269642533172, 99.96793445105162, 70.71342258420137, 109.22537734789151, 82.37980421823679, 69.87837896271182, 46.65610540498448, 57.800887990445894, 9.57053135068057, 32.60462405524221, 74.5838632423647, 60.47713983155099, 41.42459440446924, 77.80129590202867, 37.06932476345853, 47.113583238984816, 100.02452478525615, 80.90289615882499, 82.21113770515645, 114.71074218292308, 0.0, 78.29581717910432, 72.10021099342138, 9.723704679270297, 55.840296728623784, 7.854789261130984, 73.65740012831914, 63.51728315848519, 65.89170506445834, 37.77496811489112, 105.60380741731214, 85.43944129252313], [46.25294211863978, 25.1469493714864, 24.42207066591737, 34.040016362505405, 11.763210415143323, 9.797319537344766, 37.60034340958446, 60.01380004152587, 85.58154537872068, 51.82455348003576, 13.044822168211944, 36.48740228823901, 38.63993418728669, 19.370402032192747, 60.839419500012056, 31.608236371395492, 30.377261844981515, 51.095945558046395, 48.10682591704806, 36.5354219644775, 78.29581717910432, 0.0, 20.173656770771856, 78.51921494444117, 30.209870843204044, 77.48097597229943, 17.674855854173746, 68.86672835122319, 23.34238354000808, 70.31504657990573, 29.018996482614106, 25.318006219322662], [30.823165403106373, 43.78908397799014, 40.14117953338679, 38.21918833870225, 31.850322595042652, 13.538978439608577, 25.879243114445792, 41.265162239893534, 77.68585796961091, 52.96964804691628, 30.67818423758238, 18.110791417863886, 39.504370709817344, 37.851834931563666, 64.87202320086654, 26.897413807383145, 27.9563998238866, 31.34325623625731, 28.699949338874642, 47.248027762375536, 72.10021099342138, 20.173656770771856, 0.0, 69.8919938533311, 16.57384265823205, 69.34296812962396, 34.77099313252302, 49.56694606700124, 6.35896877320298, 55.31037958751912, 46.06021844776944, 44.97429502723352], [90.44458042025316, 101.45086624143941, 73.94106633730239, 107.78390644214811, 83.89470428441338, 69.5165889658022, 44.01666746788199, 50.51707061705729, 8.093507707261441, 37.858870024850724, 76.4051995864545, 56.408683092251565, 44.0705646534487, 80.38952595062541, 44.659303520213584, 46.91123164995341, 97.78912268558501, 75.07440521241094, 76.75127823382991, 114.43871258335898, 9.723704679270297, 78.51921494444117, 69.8919938533311, 0.0, 53.33363345839931, 2.1212071770381558, 76.0579495449184, 55.3886112941572, 63.55254155984733, 29.15908600678402, 106.71522242169479, 88.4305574504557], [41.81092927936046, 55.35502392020432, 41.12860792634446, 54.70266897103348, 39.96953704075723, 20.46868258799821, 9.318610873068657, 31.373287389536756, 61.159789412643065, 40.41191261932584, 35.45427171034942, 10.38736686941542, 28.227172507716517, 42.297956966474686, 53.39850959295175, 14.313468478656361, 44.461685235208314, 34.105117605385935, 33.25170102691221, 62.84100519465936, 55.840296728623784, 30.209870843204044, 16.57384265823205, 53.33363345839931, 0.0, 52.818245370819426, 38.12987890373704, 40.86556684694206, 10.221919152934786, 40.31625375261788, 58.96422304590476, 50.68789931821797], [90.49793783454554, 100.20029337160689, 72.37619062118912, 107.10725998442356, 82.62431209534523, 68.58016087987298, 43.502298703912594, 51.27666981598664, 8.342900182649153, 35.95996919934102, 75.07335160050847, 56.27121728045191, 42.54138587176089, 78.93292333158367, 42.568560861205206, 45.891919733318545, 97.27677696553783, 75.42797956236241, 77.00530790260119, 113.52674648438067, 7.854789261130984, 77.48097597229943, 69.34296812962396, 2.1212071770381558, 52.818245370819426, 0.0, 74.62778395302794, 56.44545449903902, 63.02192676700509, 30.370227367983517, 105.53509242203684, 86.91577197291531], [63.464818576203356, 27.20751885110705, 7.012452802806749, 49.05665766507931, 11.07286259353873, 21.273477430871253, 42.297901767904015, 69.5005876555551, 82.10401113084768, 43.02936727553334, 4.631215289511577, 47.15021580133884, 32.25526250720907, 4.515108340987525, 48.90209688341164, 32.18566517276282, 47.57319319147001, 66.00258000240507, 63.46833524154376, 47.303048538099745, 73.65740012831914, 17.674855854173746, 34.77099313252302, 76.0579495449184, 38.12987890373704, 74.62778395302794, 0.0, 78.98275852750687, 35.41693463911949, 74.63457463112869, 33.57103541126981, 13.128249652481045], [49.146436954627724, 93.31688528334986, 81.83567969391062, 81.89734586562106, 79.82527767416458, 59.87730655856755, 38.94074222122425, 9.681322180528802, 62.634310611886995, 68.8105855011635, 76.13724806214083, 32.446630834838416, 61.898621402620705, 83.09851778035936, 81.91094227132255, 50.75848644927506, 69.1012100668353, 29.93248482324385, 33.51417006556574, 94.18557595821326, 63.51728315848519, 68.86672835122319, 49.56694606700124, 55.3886112941572, 40.86556684694206, 56.44545449903902, 78.98275852750687, 0.0, 45.52487845563946, 26.393431994475, 95.54336531960094, 91.38251831111863], [34.332761001422185, 48.04903941914321, 39.94824119712178, 44.55700933266339, 34.45941786740846, 14.666807623519414, 19.535904134818708, 36.73010728745151, 71.36454013720902, 48.01437524394525, 31.808431639000563, 13.187340968086621, 34.84482054192754, 39.01616535080515, 60.35785859717686, 21.575933253652714, 34.25576141712332, 31.179324488837437, 29.213569458979418, 53.23845042042524, 65.89170506445834, 23.34238354000808, 6.35896877320298, 63.55254155984733, 10.221919152934786, 63.02192676700509, 35.41693463911949, 45.52487845563946, 0.0, 49.34746385199141, 50.907452354727994, 46.777671695341276], [67.63694173455896, 95.35875248264753, 75.22856632487188, 92.84576337221255, 79.08977323023763, 60.517737323522354, 32.96698952001532, 23.123651175765705, 36.24958061181498, 50.667928177871445, 73.201360611833, 37.90678190226963, 48.536155261749556, 79.13062661583851, 62.360439154877014, 42.52445557724415, 81.08772587547126, 49.969291290580806, 52.47840514881849, 102.54711098338018, 37.77496811489112, 70.31504657990573, 55.31037958751912, 29.15908600678402, 40.31625375261788, 30.370227367983517, 74.63457463112869, 26.393431994475, 49.34746385199141, 0.0, 99.23188209485943, 87.76052548296806], [61.35978340009469, 6.757051036145031, 39.126269533474144, 28.279276759174888, 23.385883471737603, 38.77890246867413, 66.61587799222977, 87.31779825014833, 113.44415252860783, 76.30437585251214, 31.41287213752051, 63.954699819766915, 64.48750210578567, 30.584799459773187, 82.39654651078628, 60.05193078296366, 36.06805005844996, 72.93988609575806, 69.2725145136426, 17.82203421842611, 105.60380741731214, 29.018996482614106, 46.06021844776944, 106.71522242169479, 58.96422304590476, 105.53509242203684, 33.57103541126981, 95.54336531960094, 50.907452354727994, 99.23188209485943, 0.0, 27.047108982656354], [71.09776685454703, 20.31404546245437, 14.773353275913946, 49.39341056399645, 13.803238798896649, 32.131833192405836, 55.33553587709655, 82.01402347146566, 94.16351282872718, 53.78326961251383, 15.24829705637228, 59.182739187295574, 44.37443841341485, 8.63213331800438, 57.46013284353326, 45.309315938530546, 51.30210060012674, 76.23791848388042, 73.3547149145108, 43.70825522183666, 85.43944129252313, 25.318006219322662, 44.97429502723352, 88.4305574504557, 50.68789931821797, 86.91577197291531, 13.128249652481045, 91.38251831111863, 46.777671695341276, 87.76052548296806, 27.047108982656354, 0.0]]",Route_4,1421.6147592500397
