instance_id,num_cities,city_coordinates,distance_matrix,best_route,total_distance
120,42,"[[55.13183454830426, 43.77160243040259], [73.99161350496084, 60.44111821781383], [5.136301366874763, 93.68557939063933], [24.180132306594103, 66.05463813642439], [98.59479263720078, 91.65703922361969], [56.56053810582352, 7.083211428437908], [96.80188217624777, 90.53032065121901], [63.16885909412429, 41.15647028532864], [47.53085874270885, 16.583226346931845], [85.00353060110146, 90.37653821931711], [44.304176164639905, 70.4143938709167], [99.5664445463405, 76.05306518313695], [95.7455645627443, 27.00790834288911], [65.05592952499207, 53.689738913858086], [41.158493241501084, 98.18421362227285], [13.846009584116025, 80.76720691070824], [20.165431367478305, 8.892362133044829], [10.233686550019804, 98.5682226573363], [69.01048496375691, 18.314040537221864], [26.662572515036675, 20.12489847676624], [3.8541327859808017, 96.3308037420228], [37.919463645350206, 14.856338610210184], [14.37556208366162, 61.581727651568976], [70.01787044748991, 71.20657862648181], [43.836784730906245, 0.9628380310329421], [70.8189239031241, 41.919642057201315], [24.340836984947877, 86.81632610368119], [28.269251360368497, 78.99550057193095], [73.9684997903768, 48.37980636417068], [9.929067716987694, 58.24519618246976], [42.785065607177195, 24.069020447296865], [3.1331750104712452, 34.29965865787632], [6.295322317892616, 41.42898285176436], [62.40812517238581, 64.17225333227071], [97.96858749890501, 0.4202697847933923], [14.733972547832852, 85.54457388007958], [38.77087389701382, 23.84355476814055], [69.25687661846621, 99.06905221001492], [77.5672468423275, 87.05625731475011], [89.58548166081405, 18.98470392997247], [44.86044097314639, 9.642008647961598], [62.232460301249525, 63.55853692181922]]","[[0.0, 25.17069762403694, 70.64671566380466, 38.13845240613898, 64.66872337316057, 36.71619844385188, 62.63202534621398, 8.45178559159617, 28.230880738182623, 55.35646543051268, 28.758938120453422, 54.922922383407084, 43.93741577682468, 14.030577051952323, 56.178167680995585, 55.43639683309874, 49.38836659705301, 70.8414658372528, 28.99490291239947, 37.00899199640234, 73.42936974086874, 33.65053036568944, 44.47779564688222, 31.213330223980872, 44.27378976074039, 15.79602892027011, 52.92384875512674, 44.298096751593455, 19.392150498000454, 47.46340743463591, 23.251547047166177, 52.85431214727301, 48.89266604841021, 21.659431259061023, 60.945265981051094, 58.11168899580067, 25.783873197455453, 57.072977542901974, 48.75355446795525, 42.44342277225035, 35.6416988614492, 21.022408583485447], [25.17069762403694, 0.0, 76.46076254069644, 50.12679188868843, 39.746070845478535, 56.13295472816427, 37.758025106389375, 22.114014988626273, 51.22193106420352, 31.896578010794148, 31.31788886703981, 29.963392178509743, 39.88751570560897, 11.19944510660026, 50.025543844569114, 63.48734954740632, 74.5287336359907, 74.28828536541849, 42.42054119705012, 62.17262818342456, 78.78664689293429, 58.13064705788165, 59.626961828919, 11.475442113373942, 66.68567696567054, 18.79124898663579, 56.221447865231916, 49.34368758639775, 12.061334000625079, 64.10017040867727, 47.92471312302985, 75.52677812406148, 70.31535487830038, 12.169575637352152, 64.6327898866039, 64.35566407078117, 50.79254028874387, 38.91702735166417, 26.854250741969217, 44.29224548007552, 58.55915595505278, 12.165359980059641], [70.64671566380466, 76.46076254069644, 0.0, 33.557956008292415, 93.4805036664588, 100.71952273935763, 91.7198689643219, 78.27569903721195, 87.98904102198978, 79.9357495681752, 45.55952690345626, 96.0622584482177, 112.49866840656537, 72.04185654222951, 36.302011203271086, 15.580223514433964, 86.11483287720336, 7.058579246220014, 98.7966608712077, 76.64563996769053, 2.9395863891002914, 85.37438099919511, 33.40690400316934, 68.66530041962702, 100.47504256207179, 83.62965485549276, 20.39609837753839, 27.40313469479991, 82.40439678402026, 35.76298884641331, 79.14477069228107, 59.419694516866464, 52.26944816421595, 64.4290168870912, 131.5912281437233, 12.585359066024205, 77.51898395009387, 64.34617277035174, 72.73369077431641, 112.74699484646287, 92.95874918821808, 64.55702946215442], [38.13845240613898, 50.12679188868843, 33.557956008292415, 0.0, 78.69577252654165, 67.27644348282831, 76.63535469152319, 46.260561808672534, 54.70536545476879, 65.50603486499925, 20.590886607064533, 76.046463537215, 81.52458648517623, 42.705052757534574, 36.33970777175856, 17.979259505921537, 57.30308561951162, 35.37847548495486, 65.48988607788661, 45.99677700222556, 36.466319533092346, 53.00976419502421, 10.776665785944362, 46.126356117586695, 67.99504706587425, 52.51356888775196, 20.76230992070441, 13.571544319297107, 52.83257721214874, 16.250545392980516, 45.92314923714099, 38.09662889427131, 30.43500166799504, 38.27431006690951, 98.75528557290113, 21.658428601351687, 44.66167595693888, 55.8736468684512, 57.3694344277764, 80.58187408063473, 60.08377428513008, 38.1341079230443], [64.66872337316057, 39.746070845478535, 93.4805036664588, 78.69577252654165, 0.0, 94.44369170006895, 2.117551100301325, 61.68714801714827, 90.794287951528, 13.651449979981416, 58.298550741432784, 15.634196918569055, 64.71188626716194, 50.65936469865269, 57.80599012129181, 85.4455655770512, 114.02261391094213, 88.63097384890077, 79.08493356404837, 101.44501688861372, 94.85587332273131, 97.87667323208254, 89.42820115146068, 35.14060074147678, 105.94280324697482, 56.9676009747883, 74.41157459371684, 71.45625456814574, 49.79330460361621, 94.7521083197273, 87.65195898138451, 111.36781198028196, 105.0811584829513, 45.441042656417935, 91.23891839839388, 84.08328834338792, 90.42991721452589, 30.259729886977084, 21.524982609249058, 73.22865560217207, 98.05022074978922, 45.95372721025416], [36.71619844385188, 56.13295472816427, 100.71952273935763, 67.27644348282831, 94.44369170006895, 0.0, 92.64332577273458, 34.708167272460514, 13.106692674060312, 88.01580602356961, 64.50625611206891, 81.27944829854023, 43.959752564844166, 47.37446653645937, 92.39380707993216, 85.1696080598179, 36.44004419272184, 102.54601140280951, 16.76701223343248, 32.61861351336701, 103.64891651875287, 20.196810719143688, 68.9177805251537, 65.52027178338956, 14.119237602270921, 37.64144609997481, 85.99696922644455, 77.27725561619606, 44.81568791502441, 69.22458172207804, 21.869644500679737, 59.96013781768197, 60.878764219312515, 57.3877424194279, 41.94068842885735, 88.91370526608807, 24.441384198259303, 92.85791251111156, 82.68597148413092, 35.10402285457315, 11.976632086054984, 56.75943173582987], [62.63202534621398, 37.758025106389375, 91.7198689643219, 76.63535469152319, 2.117551100301325, 92.64332577273458, 0.0, 59.740751096684285, 88.85835079628409, 11.799353750401721, 56.21974427824884, 14.738851074159232, 63.53119448247499, 48.63161494833316, 56.167328668504766, 83.52840946308116, 111.97277286724693, 86.940556489137, 77.37927934871031, 99.38031108481292, 93.12856554678899, 95.88373569063063, 87.36200135450686, 33.02711446864278, 104.0559248207994, 55.11907286950476, 72.5561632510619, 69.49657229538124, 47.937763880286155, 92.6780187209225, 85.64415273124301, 109.25069359192896, 102.96785299835177, 43.332184731800844, 90.11760354370132, 82.21921589046934, 88.40092005091937, 28.83812178023032, 19.5458515418155, 71.90863444971448, 96.12924806213536, 43.84657394047023], [8.45178559159617, 22.114014988626273, 78.27569903721195, 46.260561808672534, 61.68714801714827, 34.708167272460514, 59.740751096684285, 0.0, 29.127158677887273, 53.84577947475588, 34.812387946966375, 50.4237698135822, 35.516524945837055, 12.674535783449269, 61.127896373674645, 63.25941779523513, 53.761207864994354, 78.09124024305697, 23.577556904776085, 42.1311757791447, 81.00891203688919, 36.458591534193175, 52.89590694589119, 30.820739248654874, 44.6010893698635, 7.688037638778875, 59.93694798922811, 51.47596364324259, 12.992644968444823, 55.9151136873444, 26.59849580118693, 60.42598140772358, 56.874189651688596, 23.028351772621285, 53.576665893524115, 65.69811241953961, 29.91652930043379, 58.23170186900082, 48.105135059511646, 34.48804388693924, 36.4466660530923, 22.421628671554206], [28.230880738182623, 51.22193106420352, 87.98904102198978, 54.70536545476879, 90.794287951528, 13.106692674060312, 88.85835079628409, 29.127158677887273, 0.0, 82.76263657775702, 53.92778576443627, 79.02128777191196, 49.328813608573604, 41.036829565690034, 81.84942373890819, 72.48622230361008, 28.425622381672934, 90.07007646043235, 21.54924732693104, 21.166691086594, 90.92487278344217, 9.76529861155149, 55.89399624479232, 59.07094302334082, 16.05125272195745, 34.41319427137412, 73.962594671678, 65.31693113495088, 41.35180002077309, 56.12142566720196, 8.86338906955568, 47.80194864873265, 48.1423003245563, 49.860290270223096, 52.964192119895415, 76.36297006839919, 11.377596551144599, 85.29906987214218, 76.60700166343796, 42.12313382650756, 7.437179183567704, 49.22211791454337], [55.35646543051268, 31.896578010794148, 79.9357495681752, 65.50603486499925, 13.651449979981416, 88.01580602356961, 11.799353750401721, 53.84577947475588, 82.76263657775702, 0.0, 45.331276824407865, 20.426461817814115, 64.2726578417978, 41.75916704114953, 44.53478523876221, 71.80342641880912, 104.13284815411414, 75.21724053270738, 73.81585927793681, 91.31790775591129, 81.36754908236816, 88.99556118196581, 76.27221677998466, 24.332228854555822, 98.4353124996391, 50.49033425164045, 60.76707584766311, 57.864552697629, 43.4223144420782, 81.6614849144139, 78.60716061231311, 99.23392336234909, 92.6868125874044, 34.600822142393106, 90.88576858357624, 70.43549295900009, 81.0191115282842, 17.98657585888208, 8.143867719102364, 71.53871873825284, 90.16391689576331, 35.181342160204714], [28.758938120453422, 31.31788886703981, 45.55952690345626, 20.590886607064533, 58.298550741432784, 64.50625611206891, 56.21974427824884, 34.812387946966375, 53.92778576443627, 45.331276824407865, 0.0, 55.54919370124432, 67.30779617711086, 26.652379836734134, 27.947418665696794, 32.16956091220114, 66.08811836887331, 44.197696070213496, 57.661499390608746, 53.294085284654, 48.04025718022926, 55.92371642072523, 31.204774207651912, 25.725894160530608, 69.4531285352418, 38.922779044676254, 25.837149459095244, 18.186649105671723, 36.95260671136611, 36.465565307127115, 46.37026347413353, 54.76609750150703, 47.79986425391388, 19.149863920646315, 88.19890277342927, 33.216250376120136, 46.89840603604327, 37.996403836005776, 37.19386360398768, 68.52305914697264, 60.77493098494176, 19.19443009285497], [54.922922383407084, 29.963392178509743, 96.0622584482177, 76.046463537215, 15.634196918569055, 81.27944829854023, 14.738851074159232, 50.4237698135822, 79.02128777191196, 20.426461817814115, 55.54919370124432, 0.0, 49.193765187608435, 41.12291342870705, 62.460199382195064, 85.84996273930808, 103.99558129080535, 92.1264021185957, 65.32581138473576, 91.88544165585927, 97.83676866891516, 86.864202048074, 86.41126121474294, 29.94339097729419, 93.51116081462473, 44.626343312289336, 75.99170888080072, 71.35788451331108, 37.69700292318826, 91.38916523960769, 76.98354305519253, 105.08435863553284, 99.49034786874421, 39.01146483961478, 75.64967208727171, 85.36180084043285, 80.13697266774489, 38.05792383717011, 24.597457931775075, 57.934596539925444, 86.04170649788732, 39.36927248610989], [43.93741577682468, 39.88751570560897, 112.49866840656537, 81.52458648517623, 64.71188626716194, 43.959752564844166, 63.53119448247499, 35.516524945837055, 49.328813608573604, 64.2726578417978, 67.30779617711086, 49.193765187608435, 0.0, 40.66661753045518, 89.69846592141096, 97.96733786421511, 77.7208437183691, 111.50408004214712, 28.11312537919983, 69.42503593863513, 115.1073371271476, 59.089073391590816, 88.41055528066299, 51.14134041385537, 58.076390307764214, 29.046466513853048, 93.143340908026, 85.18076419684344, 30.51226925569367, 91.32491052528093, 53.0419787685705, 92.89900064714416, 90.60526048554345, 49.92567879954763, 26.680411448675876, 99.9470822635827, 57.062496527944695, 76.77538045785217, 62.739584389688304, 10.115257308150817, 53.76681388126823, 49.589077494512054], [14.030577051952323, 11.19944510660026, 72.04185654222951, 42.705052757534574, 50.65936469865269, 47.37446653645937, 48.63161494833316, 12.674535783449269, 41.036829565690034, 41.75916704114953, 26.652379836734134, 41.12291342870705, 40.66661753045518, 0.0, 50.505898076375914, 57.92793085784592, 63.41893874286997, 70.84882940402427, 35.596046751753306, 50.99655258996756, 74.59169078230494, 47.37531804199659, 51.29116035170605, 18.20605754237063, 56.83641598921985, 13.105238808105065, 52.48894683063582, 44.650210116893994, 10.374453837077391, 55.31476370486416, 37.05911955404647, 64.88761622219623, 60.02612013583084, 10.81175177396842, 62.616925796466184, 59.55694640204676, 39.770577785920985, 45.57334782208704, 35.63506154354337, 42.4986868175563, 48.456787960252825, 10.26475292344433], [56.178167680995585, 50.025543844569114, 36.302011203271086, 36.33970777175856, 57.80599012129181, 92.39380707993216, 56.167328668504766, 61.127896373674645, 81.84942373890819, 44.53478523876221, 27.947418665696794, 62.460199382195064, 89.69846592141096, 50.505898076375914, 0.0, 32.393269151563146, 91.72645959166255, 30.927190817216097, 84.58710298581344, 79.39388136810959, 37.350373989822295, 83.39080325042251, 45.354904703252785, 39.50514450908485, 97.25825989166759, 63.60379831766341, 20.29932089009224, 23.115779562859306, 59.640384908786146, 50.69913345066189, 74.13303984745795, 74.34488004947006, 66.60778412965269, 40.10436759215582, 113.07155046338119, 29.29190650508314, 74.37899088452767, 28.112312030945933, 38.071363914992936, 92.83175934379923, 88.61956036181166, 40.53454791409052], [55.43639683309874, 63.48734954740632, 15.580223514433964, 17.979259505921537, 85.4455655770512, 85.1696080598179, 83.52840946308116, 63.25941779523513, 72.48622230361008, 71.80342641880912, 32.16956091220114, 85.84996273930808, 97.96733786421511, 57.92793085784592, 32.393269151563146, 0.0, 72.1521198821576, 18.163838782437004, 83.32777048490722, 61.98188330116795, 18.49494926396981, 70.16960702871259, 19.192786151380883, 56.979676780790754, 85.25364441587595, 68.95684346784199, 12.113349874582372, 14.53164982674363, 68.29097702305762, 22.860083132686807, 63.6565260734957, 47.68645368688619, 40.056319729900046, 51.31930976424928, 116.32814973404098, 4.859188552111669, 62.14137940426184, 58.355134537229794, 64.03083813836781, 97.74223910378535, 77.59309751711095, 51.35549567269387], [49.38836659705301, 74.5287336359907, 86.11483287720336, 57.30308561951162, 114.02261391094213, 36.44004419272184, 111.97277286724693, 53.761207864994354, 28.425622381672934, 104.13284815411414, 66.08811836887331, 103.99558129080535, 77.7208437183691, 63.41893874286997, 91.72645959166255, 72.1521198821576, 0.0, 90.22416259456938, 49.74542476223382, 12.976236580932026, 88.9468354266829, 18.728979618332094, 53.00652624977725, 79.80179985073772, 24.964180790497785, 60.46964135206455, 78.0357493266223, 70.56997886820429, 66.73850780190827, 50.40322776861778, 27.239287999602958, 30.58804461405668, 35.36964253199639, 69.57234760228681, 78.26306570003797, 76.84440324852395, 23.86840281484267, 102.6732946294637, 96.97712580699248, 70.14983068885682, 24.70638519333344, 68.97844293220584], [70.8414658372528, 74.28828536541849, 7.058579246220014, 35.37847548495486, 88.63097384890077, 102.54601140280951, 86.940556489137, 78.09124024305697, 90.07007646043235, 75.21724053270738, 44.197696070213496, 92.1264021185957, 111.50408004214712, 70.84882940402427, 30.927190817216097, 18.163838782437004, 90.22416259456938, 0.0, 99.47585525914108, 80.1452643800589, 6.760528798168594, 88.17132064391352, 37.217683239930885, 65.74806619481457, 103.22780301548082, 82.94355110038377, 18.360794263906513, 26.61527846671537, 81.12338472228139, 40.32417707438338, 81.30020546379382, 64.65961322708284, 57.27480631467518, 62.49203750374836, 131.64510434338834, 13.779259832641692, 79.98841824181822, 59.025314875032954, 68.3105679063404, 112.38435763189707, 95.42999350267517, 62.686127388212824], [28.99490291239947, 42.42054119705012, 98.7966608712077, 65.48988607788661, 79.08493356404837, 16.76701223343248, 77.37927934871031, 23.577556904776085, 21.54924732693104, 73.81585927793681, 57.661499390608746, 65.32581138473576, 28.11312537919983, 35.596046751753306, 84.58710298581344, 83.32777048490722, 49.74542476223382, 99.47585525914108, 0.0, 42.38661221708672, 101.64627671522636, 31.28269983933101, 69.6926649392818, 52.90213049619694, 30.574162487698697, 23.67477295598578, 81.7798298994285, 73.08958686071402, 30.4718260985768, 71.30996462663441, 26.849439737056578, 67.78908432322025, 66.83930119250081, 46.33105692265929, 34.04054544475772, 86.40534945014146, 30.741008524409594, 80.75538755476597, 69.27272581135556, 20.585924280203894, 25.659866754072794, 45.74938329006634], [37.00899199640234, 62.17262818342456, 76.64563996769053, 45.99677700222556, 101.44501688861372, 32.61861351336701, 99.38031108481292, 42.1311757791447, 21.166691086594, 91.31790775591129, 53.294085284654, 91.88544165585927, 69.42503593863513, 50.99655258996756, 79.39388136810959, 61.98188330116795, 12.976236580932026, 80.1452643800589, 42.38661221708672, 0.0, 79.5459924834132, 12.428810119525384, 43.23932597265474, 67.00014855005644, 25.732044725626842, 49.242199541096525, 66.73182879846553, 58.89252251312766, 55.10163858820787, 41.63132570550443, 16.597917990655972, 27.469189524262156, 29.473528659631235, 56.7266604388629, 73.97851150684349, 66.49831146016005, 12.666466238464752, 89.7020298026429, 84.08978929850227, 62.93323874529494, 21.001271284889405, 56.13998455378624], [73.42936974086874, 78.78664689293429, 2.9395863891002914, 36.466319533092346, 94.85587332273131, 103.64891651875287, 93.12856554678899, 81.00891203688919, 90.92487278344217, 81.36754908236816, 48.04025718022926, 97.83676866891516, 115.1073371271476, 74.59169078230494, 37.350373989822295, 18.49494926396981, 88.9468354266829, 6.760528798168594, 101.64627671522636, 79.5459924834132, 0.0, 88.30931567548949, 36.30700708687299, 70.77334857838352, 103.41016072128302, 86.28358920011625, 22.588278678697, 29.943459235706342, 84.94305510139081, 38.567062859339586, 82.08156221260923, 62.03533461314202, 54.95606739384409, 66.80376028970032, 134.37395993968445, 15.320367746181955, 80.45856122014919, 65.46004052466031, 74.29428238643682, 115.4655071267347, 95.89819865879093, 66.94811868913567], [33.65053036568944, 58.13064705788165, 85.37438099919511, 53.00976419502421, 97.87667323208254, 20.196810719143688, 95.88373569063063, 36.458591534193175, 9.76529861155149, 88.99556118196581, 55.92371642072523, 86.864202048074, 59.089073391590816, 47.37531804199659, 83.39080325042251, 70.16960702871259, 18.728979618332094, 88.17132064391352, 31.28269983933101, 12.428810119525384, 88.30931567548949, 0.0, 52.321862369499186, 64.85103907515337, 15.101127347756673, 42.60043284658932, 73.22990442464808, 64.86107225676322, 49.22759284421963, 51.63385735786472, 10.418617426622472, 39.85133086190579, 41.30607384740425, 55.06136565922843, 61.75999804656518, 74.39350511302356, 9.027455548824516, 89.85440770318591, 82.36974549782639, 51.83069378068994, 8.681382563865274, 54.43368375163549], [44.47779564688222, 59.626961828919, 33.40690400316934, 10.776665785944362, 89.42820115146068, 68.9177805251537, 87.36200135450686, 52.89590694589119, 55.89399624479232, 76.27221677998466, 31.204774207651912, 86.41126121474294, 88.41055528066299, 51.29116035170605, 45.354904703252785, 19.192786151380883, 53.00652624977725, 37.217683239930885, 69.6926649392818, 43.23932597265474, 36.30700708687299, 52.321862369499186, 0.0, 56.468612842398, 67.39891259283974, 59.769981624583046, 27.13100924952019, 22.27721008204599, 61.03776658917899, 5.559114533552292, 47.05638205648722, 29.507669438301022, 21.712286789704276, 48.10236938212758, 103.5785587197606, 23.96552643761602, 44.93663239552129, 66.4624569784959, 68.13325681485439, 86.4351689576644, 60.22509652196705, 47.89770852451624], [31.213330223980872, 11.475442113373942, 68.66530041962702, 46.126356117586695, 35.14060074147678, 65.52027178338956, 33.02711446864278, 30.820739248654874, 59.07094302334082, 24.332228854555822, 25.725894160530608, 29.94339097729419, 51.14134041385537, 18.20605754237063, 39.50514450908485, 56.979676780790754, 79.80179985073772, 65.74806619481457, 52.90213049619694, 67.00014855005644, 70.77334857838352, 64.85103907515337, 56.468612842398, 0.0, 74.96420707337478, 29.29788968939304, 48.27064949055603, 42.46898280809016, 23.166117588415535, 61.47081948734013, 54.438727488494855, 76.39164368745966, 70.3368207289135, 10.36291250067988, 76.10482312652178, 57.11293614297814, 56.741790793305675, 27.8728639683993, 17.555779631570832, 55.76751388948347, 66.50633454338526, 10.913530733059815], [44.27378976074039, 66.68567696567054, 100.47504256207179, 67.99504706587425, 105.94280324697482, 14.119237602270921, 104.0559248207994, 44.6010893698635, 16.05125272195745, 98.4353124996391, 69.4531285352418, 93.51116081462473, 58.076390307764214, 56.83641598921985, 97.25825989166759, 85.25364441587595, 24.964180790497785, 103.22780301548082, 30.574162487698697, 25.732044725626842, 103.41016072128302, 15.101127347756673, 67.39891259283974, 74.96420707337478, 0.0, 49.04585232562378, 88.03927187768817, 79.57037462815211, 56.18086096110411, 66.56577069699908, 23.130105468174623, 52.612997004350746, 55.19846263040415, 65.88114197945939, 54.134521806471575, 89.44855346064098, 23.43481706736165, 101.34599317242036, 92.46524167605872, 49.170427304060674, 8.739329190506268, 65.24279576562692], [15.79602892027011, 18.79124898663579, 83.62965485549276, 52.51356888775196, 56.9676009747883, 37.64144609997481, 55.11907286950476, 7.688037638778875, 34.41319427137412, 50.49033425164045, 38.922779044676254, 44.626343312289336, 29.046466513853048, 13.105238808105065, 63.60379831766341, 68.95684346784199, 60.46964135206455, 82.94355110038377, 23.67477295598578, 49.242199541096525, 86.28358920011625, 42.60043284658932, 59.769981624583046, 29.29788968939304, 49.04585232562378, 0.0, 64.62139585263525, 56.43663631099908, 7.187040499580103, 63.040449743521364, 33.23464913034616, 68.11332285364769, 64.52546712721706, 23.789078247135482, 49.591351386788915, 71.0538981694612, 36.794326204944824, 57.17075364672064, 45.638294220969364, 29.634356361705045, 41.42086979443107, 23.280230414416092], [52.92384875512674, 56.221447865231916, 20.39609837753839, 20.76230992070441, 74.41157459371684, 85.99696922644455, 72.5561632510619, 59.93694798922811, 73.962594671678, 60.76707584766311, 25.837149459095244, 75.99170888080072, 93.143340908026, 52.48894683063582, 20.29932089009224, 12.113349874582372, 78.0357493266223, 18.360794263906513, 81.7798298994285, 66.73182879846553, 22.588278678697, 73.22990442464808, 27.13100924952019, 48.27064949055603, 88.03927187768817, 64.62139585263525, 0.0, 8.752014139790216, 62.77157768620392, 32.000133724840346, 65.40194138253683, 56.637136986582604, 48.84313183105919, 44.2930294924877, 113.51354189347607, 9.690675829442498, 64.6049216001527, 46.5572756225772, 53.22695062927994, 94.11690935000365, 79.85567871221606, 44.46009306302035], [44.298096751593455, 49.34368758639775, 27.40313469479991, 13.571544319297107, 71.45625456814574, 77.27725561619606, 69.49657229538124, 51.47596364324259, 65.31693113495088, 57.864552697629, 18.186649105671723, 71.35788451331108, 85.18076419684344, 44.650210116893994, 23.115779562859306, 14.53164982674363, 70.56997886820429, 26.61527846671537, 73.08958686071402, 58.89252251312766, 29.943459235706342, 64.86107225676322, 22.27721008204599, 42.46898280809016, 79.57037462815211, 56.43663631099908, 8.752014139790216, 0.0, 55.00674539445777, 27.693635881339684, 56.81220891788733, 51.27904658507241, 43.521222537784425, 37.21815906087962, 105.03363438158574, 15.036426893666635, 56.142864211281655, 45.639159716904004, 49.952659166516405, 85.79612935243509, 71.31040888127924, 37.30682790451115], [19.392150498000454, 12.061334000625079, 82.40439678402026, 52.83257721214874, 49.79330460361621, 44.81568791502441, 47.937763880286155, 12.992644968444823, 41.35180002077309, 43.4223144420782, 36.95260671136611, 37.69700292318826, 30.51226925569367, 10.374453837077391, 59.640384908786146, 68.29097702305762, 66.73850780190827, 81.12338472228139, 30.4718260985768, 55.10163858820787, 84.94305510139081, 49.22759284421963, 61.03776658917899, 23.166117588415535, 56.18086096110411, 7.187040499580103, 62.77157768620392, 55.00674539445777, 0.0, 64.79486689969521, 39.54011734117657, 72.22114507611859, 68.02920620382808, 19.571500774047507, 53.62948218028658, 69.92817144870327, 42.90571652953516, 50.90775026785727, 38.84351732884781, 33.2860657011094, 48.455093230838784, 19.186674652790884], [47.46340743463591, 64.10017040867727, 35.76298884641331, 16.250545392980516, 94.7521083197273, 69.22458172207804, 92.6780187209225, 55.9151136873444, 56.12142566720196, 81.6614849144139, 36.465565307127115, 91.38916523960769, 91.32491052528093, 55.31476370486416, 50.69913345066189, 22.860083132686807, 50.40322776861778, 40.32417707438338, 71.30996462663441, 41.63132570550443, 38.567062859339586, 51.63385735786472, 5.559114533552292, 61.47081948734013, 66.56577069699908, 63.040449743521364, 32.000133724840346, 27.693635881339684, 64.79486689969521, 0.0, 47.408096199294455, 24.891221846671087, 17.204334814494825, 52.812701861048374, 105.33128289509865, 27.719003104553302, 44.89234584788685, 72.01649901243525, 73.51870863228999, 88.80614018354032, 59.85374404392468, 52.57258283207936], [23.251547047166177, 47.92471312302985, 79.14477069228107, 45.92314923714099, 87.65195898138451, 21.869644500679737, 85.64415273124301, 26.59849580118693, 8.86338906955568, 78.60716061231311, 46.37026347413353, 76.98354305519253, 53.0419787685705, 37.05911955404647, 74.13303984745795, 63.6565260734957, 27.239287999602958, 81.30020546379382, 26.849439737056578, 16.597917990655972, 82.08156221260923, 10.418617426622472, 47.05638205648722, 54.438727488494855, 23.130105468174623, 33.23464913034616, 65.40194138253683, 56.81220891788733, 39.54011734117657, 47.408096199294455, 0.0, 40.950438167239504, 40.40878196633021, 44.64676645095558, 60.0373591713698, 67.57297900559749, 4.020518605655466, 79.53465623629813, 71.9527076604592, 47.07578164238856, 14.575522370324528, 44.01844013341005], [52.85431214727301, 75.52677812406148, 59.419694516866464, 38.09662889427131, 111.36781198028196, 59.96013781768197, 109.25069359192896, 60.42598140772358, 47.80194864873265, 99.23392336234909, 54.76609750150703, 105.08435863553284, 92.89900064714416, 64.88761622219623, 74.34488004947006, 47.68645368688619, 30.58804461405668, 64.65961322708284, 67.78908432322025, 27.469189524262156, 62.03533461314202, 39.85133086190579, 29.507669438301022, 76.39164368745966, 52.612997004350746, 68.11332285364769, 56.637136986582604, 51.27904658507241, 72.22114507611859, 24.891221846671087, 40.950438167239504, 0.0, 7.7991306602332005, 66.37689077742428, 100.70535463551555, 52.54160103797423, 37.139947367771335, 92.56034926173825, 91.23425755335764, 87.79834373997411, 48.46817954835187, 65.9454886944136], [48.89266604841021, 70.31535487830038, 52.26944816421595, 30.43500166799504, 105.0811584829513, 60.878764219312515, 102.96785299835177, 56.874189651688596, 48.1423003245563, 92.6868125874044, 47.79986425391388, 99.49034786874421, 90.60526048554345, 60.02612013583084, 66.60778412965269, 40.056319729900046, 35.36964253199639, 57.27480631467518, 66.83930119250081, 29.473528659631235, 54.95606739384409, 41.30607384740425, 21.712286789704276, 70.3368207289135, 55.19846263040415, 64.52546712721706, 48.84313183105919, 43.521222537784425, 68.02920620382808, 17.204334814494825, 40.40878196633021, 7.7991306602332005, 0.0, 60.546700953368976, 100.42759628885567, 44.91543375590218, 36.93113498462329, 85.36120263660777, 84.62585538910301, 86.2612097045273, 49.9767956748632, 60.15546998493646], [21.659431259061023, 12.169575637352152, 64.4290168870912, 38.27431006690951, 45.441042656417935, 57.3877424194279, 43.332184731800844, 23.028351772621285, 49.860290270223096, 34.600822142393106, 19.149863920646315, 39.01146483961478, 49.92567879954763, 10.81175177396842, 40.10436759215582, 51.31930976424928, 69.57234760228681, 62.49203750374836, 46.33105692265929, 56.7266604388629, 66.80376028970032, 55.06136565922843, 48.10236938212758, 10.36291250067988, 65.88114197945939, 23.789078247135482, 44.2930294924877, 37.21815906087962, 19.571500774047507, 52.812701861048374, 44.64676645095558, 66.37689077742428, 60.546700953368976, 0.0, 72.99905401519673, 52.24558272301557, 46.745305387081906, 35.56250790205772, 27.44952837617122, 52.73066780047696, 57.28410605121511, 0.6383619501574287], [60.945265981051094, 64.6327898866039, 131.5912281437233, 98.75528557290113, 91.23891839839388, 41.94068842885735, 90.11760354370132, 53.576665893524115, 52.964192119895415, 90.88576858357624, 88.19890277342927, 75.64967208727171, 26.680411448675876, 62.616925796466184, 113.07155046338119, 116.32814973404098, 78.26306570003797, 131.64510434338834, 34.04054544475772, 73.97851150684349, 134.37395993968445, 61.75999804656518, 103.5785587197606, 76.10482312652178, 54.134521806471575, 49.591351386788915, 113.51354189347607, 105.03363438158574, 53.62948218028658, 105.33128289509865, 60.0373591713698, 100.70535463551555, 100.42759628885567, 72.99905401519673, 0.0, 119.05523203018002, 63.66332990900358, 102.74212678186394, 89.00566856035934, 20.369454548988923, 53.902835686649304, 72.5500624682946], [58.11168899580067, 64.35566407078117, 12.585359066024205, 21.658428601351687, 84.08328834338792, 88.91370526608807, 82.21921589046934, 65.69811241953961, 76.36297006839919, 70.43549295900009, 33.216250376120136, 85.36180084043285, 99.9470822635827, 59.55694640204676, 29.29190650508314, 4.859188552111669, 76.84440324852395, 13.779259832641692, 86.40534945014146, 66.49831146016005, 15.320367746181955, 74.39350511302356, 23.96552643761602, 57.11293614297814, 89.44855346064098, 71.0538981694612, 9.690675829442498, 15.036426893666635, 69.92817144870327, 27.719003104553302, 67.57297900559749, 52.54160103797423, 44.91543375590218, 52.24558272301557, 119.05523203018002, 0.0, 66.21773467827273, 56.17524884139258, 62.85145619135535, 100.1646879107896, 81.66274247536228, 52.340158196087486], [25.783873197455453, 50.79254028874387, 77.51898395009387, 44.66167595693888, 90.42991721452589, 24.441384198259303, 88.40092005091937, 29.91652930043379, 11.377596551144599, 81.0191115282842, 46.89840603604327, 80.13697266774489, 57.062496527944695, 39.770577785920985, 74.37899088452767, 62.14137940426184, 23.86840281484267, 79.98841824181822, 30.741008524409594, 12.666466238464752, 80.45856122014919, 9.027455548824516, 44.93663239552129, 56.741790793305675, 23.43481706736165, 36.794326204944824, 64.6049216001527, 56.142864211281655, 42.90571652953516, 44.89234584788685, 4.020518605655466, 37.139947367771335, 36.93113498462329, 46.745305387081906, 63.66332990900358, 66.21773467827273, 0.0, 81.16817003795175, 74.16875566542832, 51.04637884959553, 15.452078804429117, 46.127278741222455], [57.072977542901974, 38.91702735166417, 64.34617277035174, 55.8736468684512, 30.259729886977084, 92.85791251111156, 28.83812178023032, 58.23170186900082, 85.29906987214218, 17.98657585888208, 37.996403836005776, 38.05792383717011, 76.77538045785217, 45.57334782208704, 28.112312030945933, 58.355134537229794, 102.6732946294637, 59.025314875032954, 80.75538755476597, 89.7020298026429, 65.46004052466031, 89.85440770318591, 66.4624569784959, 27.8728639683993, 101.34599317242036, 57.17075364672064, 46.5572756225772, 45.639159716904004, 50.90775026785727, 72.01649901243525, 79.53465623629813, 92.56034926173825, 85.36120263660777, 35.56250790205772, 102.74212678186394, 56.17524884139258, 81.16817003795175, 0.0, 14.607172705672395, 82.62417940534664, 92.69510338979947, 36.19860661172969], [48.75355446795525, 26.854250741969217, 72.73369077431641, 57.3694344277764, 21.524982609249058, 82.68597148413092, 19.5458515418155, 48.105135059511646, 76.60700166343796, 8.143867719102364, 37.19386360398768, 24.597457931775075, 62.739584389688304, 35.63506154354337, 38.071363914992936, 64.03083813836781, 96.97712580699248, 68.3105679063404, 69.27272581135556, 84.08978929850227, 74.29428238643682, 82.36974549782639, 68.13325681485439, 17.555779631570832, 92.46524167605872, 45.638294220969364, 53.22695062927994, 49.952659166516405, 38.84351732884781, 73.51870863228999, 71.9527076604592, 91.23425755335764, 84.62585538910301, 27.44952837617122, 89.00566856035934, 62.85145619135535, 74.16875566542832, 14.607172705672395, 0.0, 69.1243397680507, 84.0398777177101, 28.05884070885301], [42.44342277225035, 44.29224548007552, 112.74699484646287, 80.58187408063473, 73.22865560217207, 35.10402285457315, 71.90863444971448, 34.48804388693924, 42.12313382650756, 71.53871873825284, 68.52305914697264, 57.934596539925444, 10.115257308150817, 42.4986868175563, 92.83175934379923, 97.74223910378535, 70.14983068885682, 112.38435763189707, 20.585924280203894, 62.93323874529494, 115.4655071267347, 51.83069378068994, 86.4351689576644, 55.76751388948347, 49.170427304060674, 29.634356361705045, 94.11690935000365, 85.79612935243509, 33.2860657011094, 88.80614018354032, 47.07578164238856, 87.79834373997411, 86.2612097045273, 52.73066780047696, 20.369454548988923, 100.1646879107896, 51.04637884959553, 82.62417940534664, 69.1243397680507, 0.0, 45.690428096550335, 52.29736480055031], [35.6416988614492, 58.55915595505278, 92.95874918821808, 60.08377428513008, 98.05022074978922, 11.976632086054984, 96.12924806213536, 36.4466660530923, 7.437179183567704, 90.16391689576331, 60.77493098494176, 86.04170649788732, 53.76681388126823, 48.456787960252825, 88.61956036181166, 77.59309751711095, 24.70638519333344, 95.42999350267517, 25.659866754072794, 21.001271284889405, 95.89819865879093, 8.681382563865274, 60.22509652196705, 66.50633454338526, 8.739329190506268, 41.42086979443107, 79.85567871221606, 71.31040888127924, 48.455093230838784, 59.85374404392468, 14.575522370324528, 48.46817954835187, 49.9767956748632, 57.28410605121511, 53.902835686649304, 81.66274247536228, 15.452078804429117, 92.69510338979947, 84.0398777177101, 45.690428096550335, 0.0, 56.64608615466454], [21.022408583485447, 12.165359980059641, 64.55702946215442, 38.1341079230443, 45.95372721025416, 56.75943173582987, 43.84657394047023, 22.421628671554206, 49.22211791454337, 35.181342160204714, 19.19443009285497, 39.36927248610989, 49.589077494512054, 10.26475292344433, 40.53454791409052, 51.35549567269387, 68.97844293220584, 62.686127388212824, 45.74938329006634, 56.13998455378624, 66.94811868913567, 54.43368375163549, 47.89770852451624, 10.913530733059815, 65.24279576562692, 23.280230414416092, 44.46009306302035, 37.30682790451115, 19.186674652790884, 52.57258283207936, 44.01844013341005, 65.9454886944136, 60.15546998493646, 0.6383619501574287, 72.5500624682946, 52.340158196087486, 46.127278741222455, 36.19860661172969, 28.05884070885301, 52.29736480055031, 56.64608615466454, 0.0]]",Route_0,2403.864728649709
