instance_id,num_cities,city_coordinates,distance_matrix,best_route,total_distance
2078,59,"[[99.10575624009587, 25.90652124344064], [75.10840956811052, 74.14483782469384], [43.589388819833275, 52.45210420544764], [41.79438493092105, 32.04457017805785], [18.873727512054096, 21.547312218865766], [92.4581527655957, 36.155017669605414], [21.137070636395627, 53.75199173099484], [40.265272730048764, 49.07795952436237], [37.82498356567535, 20.60457809099049], [74.19377256917164, 82.8531539815605], [22.10165309133545, 38.15089027150847], [23.177493970005038, 40.66329782600114], [53.717476980829026, 13.007574767329611], [20.762593417945386, 27.19885646109903], [45.801887786445974, 83.93874329597396], [12.711742406532966, 98.75308520076615], [81.7616598397209, 11.796666942741874], [31.20095762916285, 43.70467019951786], [50.93063187637402, 44.37465152827939], [60.34318241193477, 74.62780910618673], [74.78531287940471, 67.745501874697], [28.277528449952083, 60.266304571234166], [64.8910675609996, 78.94620803167031], [36.549429994402914, 11.19162414724273], [42.180147326161965, 0.5281378482244636], [2.2851216796233143, 29.74880586884253], [23.60435981367508, 36.71647920969987], [62.088642219510405, 85.8560835796574], [47.260397050934536, 92.922472613351], [21.520940722129556, 22.475004510148324], [13.304058373710802, 22.058190073969175], [9.080269560663456, 66.13194561882362], [88.52129037699378, 98.87721575173313], [25.53646153495892, 15.993669232370799], [87.1114642258825, 35.6440989344866], [41.9480921364849, 11.98062223230375], [23.92173012815737, 21.426429448211394], [50.22796687370285, 8.316346310368417], [4.317464786978276, 87.4060065864491], [11.247540044432014, 49.246911549561126], [50.790953017985395, 13.519752877529445], [3.2914572080178117, 72.58676506815709], [69.442757607185, 78.70038219036624], [11.653309590997873, 64.83753081398635], [26.82710418896378, 74.28850836605488], [67.48801653769478, 49.0288564620316], [21.805514428921825, 26.901974651865977], [11.431845709088828, 29.34419277126803], [7.805407455670055, 57.10536839386303], [78.25416539245198, 64.43051426722597], [74.39271177062459, 25.161391921417696], [19.746430150519288, 77.52428511848109], [16.200788544213594, 68.26293881203222], [80.66601772517956, 89.70628686383118], [93.69329095719098, 32.98509476725682], [88.02741020159232, 20.69079271126907], [99.59843161130729, 21.598016046632896], [8.280291431500487, 0.7028451619928822], [9.236669632403382, 89.36437742549116]]","[[0.0, 53.8777118471883, 61.5364528254139, 57.639126694129075, 80.35036488490425, 12.2156584329826, 82.79182424274697, 63.23858040549843, 61.509704118665844, 62.15726756084682, 77.97151066024334, 77.34897198064954, 47.18557739723835, 78.35382116586774, 78.79746942940838, 113.00684716716317, 22.358570355289874, 70.19854543118458, 51.593744230069646, 62.25994716339076, 48.39405196429858, 78.72250353123567, 63.11777321801668, 64.2636923146287, 62.32645741558504, 96.89684426148857, 76.27133179361586, 70.45719803339446, 84.72944592918891, 77.66066511463659, 85.88795613789138, 98.60361564389167, 73.73434189459971, 74.23412798979095, 15.449383813323387, 58.829662833043685, 75.31738846305234, 51.94663172450708, 112.99118060298369, 90.9056652399951, 49.87737203323763, 106.5806035943851, 60.55646325190556, 95.72645366404865, 86.97712469529809, 39.170446127784686, 77.30665114693771, 87.74127975663599, 96.4837900979912, 43.805101065677356, 24.724275209934945, 94.66940469259951, 93.09833391581279, 66.41109884435926, 8.910722954436531, 12.244736627226246, 4.33658230088138, 94.25757447396968, 110.01523639443194], [53.8777118471883, 0.0, 38.26255821042166, 53.68665358769954, 76.99895561500489, 41.76409970817815, 57.69552493810363, 42.92310068528978, 65.24272577714297, 8.756216713157162, 64.07246282647166, 61.7886196280643, 64.77142063517654, 71.81499076946638, 30.89972173530935, 67.07391379511606, 62.702154281186914, 53.42722284397544, 38.35138753988249, 14.773124051202462, 6.407487188529885, 48.844089832552655, 11.289253011369468, 73.82345168091518, 80.64545225677664, 85.28914885443784, 63.667489111162176, 17.51192790485461, 33.58736919457935, 74.44050303478542, 80.82571806342811, 66.5125680931501, 28.1353139225282, 76.41293372495431, 40.32840458299061, 70.45563392932696, 73.47997505333066, 70.37348025869773, 72.02233306366205, 68.54281427780911, 65.32028488852542, 71.83385160915769, 7.269979134079321, 64.13404460110813, 48.28151913868161, 26.246579010370205, 71.22560460245936, 77.85757883530103, 69.42649070658392, 10.210967725223371, 48.98867415940654, 55.465028883480095, 59.200545189129905, 16.524094668852175, 45.161070235330165, 54.993049709540145, 57.97352549786466, 99.29614121379001, 67.60710397449127], [61.5364528254139, 38.26255821042166, 0.0, 20.48632431746315, 39.572339855191125, 51.51457191070678, 22.48991550427431, 4.736517719512963, 32.36500096624738, 43.13759534520275, 25.81177070102045, 23.571622922754447, 40.72406011673519, 34.04099161242367, 31.564277164134815, 55.652582052889905, 55.76725610819989, 15.165448527955663, 10.915085495180527, 27.793011487987496, 34.74296605358198, 17.19054377683837, 33.99557404643322, 41.85675853308854, 51.94308658381334, 47.13260272200894, 25.436416382497484, 38.18439752540423, 40.63652323346863, 37.224224741194504, 42.90677401602827, 37.12165639002013, 64.6077917872714, 40.683235665800154, 46.65490423137196, 40.504749201856335, 36.73430675205483, 44.632228754011, 52.57432176360351, 32.50028372448882, 39.59280877660185, 45.04806167025259, 36.842486002282406, 34.25364139454302, 27.528217027473264, 24.142556449343576, 33.57597807486499, 39.59902965691554, 36.08526277967184, 36.6760009057379, 41.15370799551906, 34.59914643228202, 31.624640962617217, 52.559970857383135, 53.75281821315538, 54.621595108124716, 63.945192395746844, 62.647571141468475, 50.42445071432663], [57.639126694129075, 53.68665358769954, 20.48632431746315, 0.0, 25.210096413438848, 50.830238537573116, 29.965593342026743, 17.101886935237783, 12.109069582365867, 60.25970882315294, 20.61773101942857, 20.51514307335092, 22.462575949758456, 21.58279860611218, 52.048681853907574, 72.77242659645371, 44.80357852964763, 15.753686378371492, 15.346071626034451, 46.4477138899405, 48.61026487183683, 31.291719372481012, 52.280210231654436, 21.50243963949659, 31.518793115005995, 39.57590701959732, 18.780408615522116, 57.511180247548296, 61.1227968389635, 22.418499663434527, 30.1898409224, 47.245767100325985, 81.54757020869917, 22.84625777490113, 45.45980953649258, 20.064536702225958, 20.788860051902216, 25.182412757732365, 66.85363254659997, 35.057528167013636, 20.59386057452903, 55.911939778028625, 54.23280654892792, 44.540573524781664, 44.81707048034129, 30.799816326085136, 20.639797302582778, 30.482385506000032, 42.229068152475534, 48.766432777575154, 33.31709854805517, 50.542227701801956, 44.34864600539844, 69.5404731594635, 51.90742753427958, 47.60673154548513, 58.74043161102124, 45.88570790638994, 65.92090054256114], [80.35036488490425, 76.99895561500489, 39.572339855191125, 25.210096413438848, 0.0, 75.02034856243752, 32.28411535999477, 34.864519900224614, 18.974689816852795, 82.5755025377023, 16.914440803513944, 19.594471451325, 35.87497725133665, 5.958839377962665, 67.95451778662607, 77.45128431584206, 63.63935194319626, 25.355652526466756, 39.35393928656005, 67.35914815003325, 72.52846410731918, 39.84459613124939, 73.56785184922471, 20.48586668123338, 31.38462833577712, 18.505305767653926, 15.889698208869508, 77.47997758845376, 76.81286694850087, 2.805058068365627, 5.593050195863505, 45.647577745750034, 104.07063463546427, 8.673809721305757, 69.67860580932623, 24.97894833895474, 5.049449777592266, 34.031555721409255, 67.44814607032711, 28.7302373532203, 32.91125936476979, 53.365090602219375, 76.31317194252564, 43.8882382987519, 53.33750998688528, 55.844286829161035, 6.104734580413838, 10.778355677826475, 37.2408789882142, 73.24619731281807, 55.63649148894811, 55.98377537197229, 46.79203319709414, 91.99963562121405, 75.68877026181057, 69.15898679992522, 80.72472002299007, 23.381888180338088, 68.49837383336497], [12.2156584329826, 41.76409970817815, 51.51457191070678, 50.830238537573116, 75.02034856243752, 0.0, 73.45985469763274, 53.76894226769225, 56.803163185823365, 50.142831182228484, 70.38480342983995, 69.4271868443451, 45.12919313675489, 72.25279270564705, 66.78391645104908, 101.38051106495661, 26.603462388309218, 61.720670842963344, 42.33317105976591, 50.11513745106567, 36.197899966090354, 68.56024134728843, 50.90216261889014, 61.22872118588163, 61.621038588901186, 90.40030467242893, 68.85608210555519, 58.24519828624603, 72.5629455192688, 72.24424414818523, 80.39957218331772, 88.60297747258804, 62.84562846945247, 69.89272299729258, 5.371044246196067, 55.99703223846314, 70.10115932659713, 50.58043320802451, 101.95805383734248, 82.25911076537878, 47.41846419924047, 96.32222908119213, 48.3716493051685, 85.74444145686024, 75.9051885575974, 28.09347661812805, 71.25597595304534, 81.31205181897175, 87.20667683140174, 31.642644724145264, 21.147575876066714, 83.65650539502842, 82.74118803885297, 54.834230924887095, 3.402054902433441, 16.086445636948643, 16.213879185615667, 91.33875888302666, 98.7777870804944], [82.79182424274697, 57.69552493810363, 22.48991550427431, 29.965593342026743, 32.28411535999477, 73.45985469763274, 0.0, 19.690979975721724, 37.111150197168065, 60.51356264770061, 15.630892043052608, 13.246782081658809, 52.168864193859996, 26.555775753092263, 38.981959610712074, 45.78301616599779, 73.72645450691182, 14.22077674953342, 31.234448940837847, 44.417552292291305, 55.44323423021496, 9.665526864464574, 50.48921451046228, 45.26506058589177, 57.23276770090608, 30.52128619507666, 17.21325659913074, 52.03560250976571, 47.08242512355939, 31.279342797695055, 32.647406399012056, 17.280905949762687, 81.09820536220906, 38.01375485516341, 68.41429960929486, 46.66846821648808, 32.44528171218691, 53.95070081730789, 37.62302296228853, 10.867316263481568, 49.979853775931055, 25.94637942560343, 54.36783589801183, 14.588725109711818, 21.310208758514058, 46.590966857472324, 26.858336401446728, 26.26655746282825, 13.74694068538098, 58.10674106271248, 60.44489813118368, 23.812933751675388, 15.327572087002698, 69.54427999482299, 75.4696569274189, 74.61474658383041, 84.79424106828203, 54.58487632323514, 37.54812324084102], [63.23858040549843, 42.92310068528978, 4.736517719512963, 17.101886935237783, 34.864519900224614, 53.76894226769225, 19.690979975721724, 0.0, 28.577761659305033, 47.87386408004798, 21.19712057890215, 19.047275775030638, 38.49720062192953, 29.30954880586947, 35.2977102862747, 56.805062663951134, 55.78391273218612, 10.537269400401435, 11.656371297540327, 32.49488068677622, 39.244239186340245, 16.397715627880956, 38.71100670287958, 38.06812177588539, 48.587569701556696, 42.61581930283435, 20.74589633582449, 42.765521917781335, 44.399021298618095, 32.54331264501819, 38.17034216143216, 35.543534776167796, 69.34413572856464, 36.214750355971965, 48.73432330516699, 37.135485930783794, 32.120375158645345, 41.96146311089791, 52.5479218190921, 29.01822453219234, 37.083365616711916, 43.81468900212725, 41.57900369608312, 32.66509638594607, 28.56844669627612, 27.22278809246877, 28.85371694602298, 34.93977767586042, 33.437735371716705, 40.973856333621036, 41.67354438219098, 35.074439989971694, 30.776010615390554, 57.296432511672265, 55.79904504353395, 55.561254625188326, 65.38785083154113, 57.99302301346955, 50.85046388672967], [61.509704118665844, 65.24272577714297, 32.36500096624738, 12.109069582365867, 18.974689816852795, 56.803163185823365, 37.111150197168065, 28.577761659305033, 0.0, 72.0942023604179, 23.5604794590751, 24.837495623813926, 17.61493134958003, 18.292338964053613, 63.83453205874927, 82.08449332854471, 44.8108337437022, 24.031062711208563, 27.14358872473988, 58.528444098582874, 59.90269307936454, 40.794686499352004, 64.31421838891596, 9.498986201711338, 20.543390766911166, 36.69739342968237, 21.48998598312765, 69.61669411719686, 72.93082267316798, 16.41098132451745, 24.56397280708031, 53.842360435295944, 93.25621336231296, 13.125100159690236, 51.530033602462616, 9.558903647346828, 13.927522959996203, 17.459514175185372, 74.73409304821064, 39.07356868878033, 14.77535489061195, 62.407629386350976, 66.14231693320855, 51.39562846421472, 54.79888430034569, 41.08327063432933, 17.212803225167168, 27.802492526327626, 47.259735955236515, 59.6257614199268, 36.850553569196386, 59.721747644220976, 52.33474139558869, 81.30436865988379, 57.22363990488711, 50.20250066575742, 61.78143574260879, 35.62257439995489, 74.46611107119877], [62.15726756084682, 8.756216713157162, 43.13759534520275, 60.25970882315294, 82.5755025377023, 50.142831182228484, 60.51356264770061, 47.87386408004798, 72.0942023604179, 0.0, 68.6431445411426, 66.20154563554067, 72.78518816897144, 77.15109680352236, 28.412631445804838, 63.504707271942316, 71.45836037887757, 58.14624595705813, 44.964084177708514, 16.108853032496896, 15.119228555738143, 51.17096090851259, 10.089823939218785, 80.94733711544414, 88.33051840985597, 89.39197872981485, 68.46810528961963, 12.472039406344738, 28.754093526225052, 80.12457892793547, 86.0440871375264, 67.22623805590393, 21.49530930570129, 82.6905352383648, 48.944475032178154, 77.86333966069246, 79.37581960576591, 78.29492665840644, 70.02447326552095, 71.35550237687984, 73.17658417552597, 71.64172712109726, 6.3101233521033215, 65.08357847906304, 48.13475280875329, 34.48260817634445, 76.64896645978396, 82.47586551831371, 71.20648485295168, 18.86479376838035, 57.69210506135139, 54.70749436607271, 59.800172029954666, 9.426313577508846, 53.544883482607396, 63.683032974594994, 66.31431688914674, 105.32454716179159, 65.28262596338095], [77.97151066024334, 64.07246282647166, 25.81177070102045, 20.61773101942857, 16.914440803513944, 70.38480342983995, 15.630892043052608, 21.19712057890215, 23.5604794590751, 68.6431445411426, 0.0, 2.7330615280465937, 40.394883769533905, 11.033590775139844, 51.55801207565488, 61.32533288056668, 65.22163362320745, 10.660291485737444, 29.493138557459204, 52.848653459193855, 60.426890078909466, 22.961554522585786, 59.12014835747014, 30.58660307062215, 42.64525097407312, 21.524171052584023, 2.077417287788759, 62.24744788426782, 60.27344879674549, 15.686638303312874, 18.340465437481637, 30.862532096417, 89.99586003527382, 22.421872205986553, 65.05812437011112, 32.844544022054144, 16.82320630111767, 41.00231140257082, 52.36739287804162, 15.522031382456248, 37.81228450652444, 39.23841156544489, 62.33330948744902, 28.659111384417876, 36.445264845016084, 46.671748792253176, 11.252813013874043, 13.834836841646734, 23.74141697890207, 61.997768307281305, 53.88025505867498, 39.44377386707003, 30.684779121094188, 78.0239945321792, 71.7777685325167, 68.19868369238267, 79.24486308952852, 39.917240894834784, 52.80463110248707], [77.34897198064954, 61.7886196280643, 23.571622922754447, 20.51514307335092, 19.594471451325, 69.4271868443451, 13.246782081658809, 19.047275775030638, 24.837495623813926, 66.20154563554067, 2.7330615280465937, 0.0, 41.201087123998974, 13.679288210474441, 48.83264662278712, 59.02504005109803, 65.30992933085075, 8.580554469509343, 28.000193034215844, 50.34755628493247, 58.28218208612808, 20.25557269371321, 56.618048673074625, 32.36337779756327, 44.40643985973193, 23.571536958857603, 3.9698352155315493, 59.63610770557432, 57.54135530433939, 18.263575290904654, 21.06263907820884, 29.109856688794906, 87.51383872932242, 24.78215694648406, 64.13068618213909, 34.27872860449671, 19.25125950278341, 42.166969972579054, 50.40418160280632, 14.697014160079677, 38.720474596319086, 37.61066629109502, 59.89402646641478, 26.78059682230299, 33.82269117934393, 45.09329197912485, 13.829546028852155, 16.312032133037523, 22.50872560503481, 59.986000969728025, 53.50988339586862, 37.020326620787024, 28.46778180954874, 75.56550229644465, 70.9325907249223, 67.85582212162701, 78.76321907656212, 42.64697434268545, 50.65709957516053], [47.18557739723835, 64.77142063517654, 40.72406011673519, 22.462575949758456, 35.87497725133665, 45.12919313675489, 52.168864193859996, 38.49720062192953, 17.61493134958003, 72.78518816897144, 40.394883769533905, 41.201087123998974, 0.0, 35.88059122638774, 71.37147344095665, 95.04610895490774, 28.07031332177489, 38.06974273208094, 31.49063368945662, 61.975424584551654, 58.652317716018516, 53.671021267832465, 66.8786399624162, 17.263820955475897, 16.99547943949757, 54.0884090228556, 38.3263874553836, 73.3279049450692, 80.17533772277532, 33.559636067647666, 41.414466565959145, 69.3878884578422, 92.65473905691715, 28.338778938312057, 40.34316064084563, 11.814103906918763, 30.962293917704127, 5.846734577791117, 89.30558695790971, 55.829965733444055, 2.971004699031267, 78.05423362656354, 67.54871869915685, 66.75131850381761, 66.92118477445585, 38.56371992710606, 34.80556998622105, 45.33166332549665, 63.659512492724616, 56.97690571643105, 23.982923196061368, 72.91390770821073, 66.7881513965066, 81.29524146905499, 44.689674516829804, 35.159683667338506, 46.678235604799404, 47.0738165151771, 88.36800062548197], [78.35382116586774, 71.81499076946638, 34.04099161242367, 21.58279860611218, 5.958839377962665, 72.25279270564705, 26.555775753092263, 29.30954880586947, 18.292338964053613, 77.15109680352236, 11.033590775139844, 13.679288210474441, 35.88059122638774, 0.0, 62.01919880574756, 72.00572097088234, 62.91354024601996, 19.529499086597212, 34.71481644224849, 61.77482152237338, 67.54616696976656, 33.91062330674211, 68.00816586824344, 22.48234185847957, 34.2058305956528, 18.652592415601173, 9.932813248651298, 71.75313653623424, 70.86414691154484, 4.784335678886275, 9.058487506744274, 40.64802728386399, 98.63583630803454, 12.179738816144319, 66.88418929704268, 26.084861682510716, 6.580353970184574, 34.99653443527946, 62.41268446322025, 24.01359976939458, 32.99727648033003, 48.634379282442765, 70.86723881973744, 38.72529998441052, 47.47855944973174, 51.57338524627143, 1.08435374476672, 9.574200785969628, 32.59276183519189, 68.49435882678519, 53.66880710685526, 50.335686717629244, 41.316690610820054, 86.57712803786539, 73.15987422963883, 67.57892031328586, 79.03454179659839, 29.289016331095294, 63.22498648386096], [78.79746942940838, 30.89972173530935, 31.564277164134815, 52.048681853907574, 67.95451778662607, 66.78391645104908, 38.981959610712074, 35.2977102862747, 63.83453205874927, 28.412631445804838, 51.55801207565488, 48.83264662278712, 71.37147344095665, 62.01919880574756, 0.0, 36.25496445089776, 80.60759509301255, 42.801492957475595, 39.895129694519476, 17.266810500837096, 33.200301171027206, 29.453141179356763, 19.73124914521488, 73.3331529366714, 83.48919753550035, 69.50005935790507, 52.17923412178219, 16.399224485516964, 9.101353840088777, 66.08597109729374, 69.8950054267156, 40.81126423715749, 45.25599758048404, 70.90289550267309, 63.55197699212978, 72.06124428515982, 66.23088918135355, 75.7518125323426, 41.62906756491479, 48.96453959548116, 70.5955025723136, 44.00004679143181, 24.21427580899072, 39.12776138565396, 21.28777693358115, 41.09730379202999, 61.87906682938257, 64.51251614527192, 46.51626087901174, 37.86451269533737, 65.36216222480965, 26.833414734773797, 33.49561049700779, 35.337969879324284, 69.9275396110208, 76.04799797757532, 82.34339318656332, 91.30216279581735, 36.9655607878483], [113.00684716716317, 67.07391379511606, 55.652582052889905, 72.77242659645371, 77.45128431584206, 101.38051106495661, 45.78301616599779, 56.805062663951134, 82.08449332854471, 63.504707271942316, 61.32533288056668, 59.02504005109803, 95.04610895490774, 72.00572097088234, 36.25496445089776, 0.0, 111.03742510430673, 58.07046644980895, 66.46576232152138, 53.39272444470198, 69.38730701629584, 41.51537038706532, 55.81213449391812, 90.7482496325113, 102.55012028718836, 69.787570425549, 62.98563008233843, 51.03342910245885, 35.03720281190629, 76.78507386730779, 76.69718232578927, 32.82264984206585, 75.80964959607242, 83.74720504084246, 97.56055942005486, 91.5654109101534, 78.13498265561387, 97.90950331505647, 14.114534701280387, 49.52782165753354, 93.35281045429033, 27.810395223792593, 60.170748572042164, 33.93206609370582, 28.244627063397377, 73.97931556424527, 72.42429686718027, 69.42069204384072, 41.93571792491527, 73.98545861419676, 96.02228544153544, 22.36400645208764, 30.689126246234007, 68.55383354876363, 104.32372583130243, 108.47198405178885, 116.198973563221, 98.1503302562206, 10.011191960751018], [22.358570355289874, 62.702154281186914, 55.76725610819989, 44.80357852964763, 63.63935194319626, 26.603462388309218, 73.72645450691182, 55.78391273218612, 44.8108337437022, 71.45836037887757, 65.22163362320745, 65.30992933085075, 28.07031332177489, 62.91354024601996, 80.60759509301255, 111.03742510430673, 0.0, 59.787166514722514, 44.85395595632784, 66.38150044167126, 56.38210307494636, 72.1793466467757, 69.23639037593264, 45.21627809064174, 41.15429358906563, 81.47882798577473, 63.271388397441854, 76.62783316057782, 88.15743575970396, 61.17982619301905, 69.22241006676799, 90.74638836727405, 87.34251304992054, 56.38162601973236, 24.44013951619515, 39.8139926760519, 58.63607929381327, 31.725170193069435, 108.23296904698088, 79.84210613213398, 31.01860258258836, 99.26232281766407, 68.02839455808127, 87.91196741516771, 83.2047814072162, 39.874463375872324, 61.82968294846908, 72.48584978016086, 86.73180324356376, 52.75058674057308, 15.26162735099635, 90.3659698363283, 86.52553209222515, 77.91732354163452, 24.31693432153937, 10.879572637915112, 20.352318577695424, 74.3140927741679, 106.19144934554343], [70.19854543118458, 53.42722284397544, 15.165448527955663, 15.753686378371492, 25.355652526466756, 61.720670842963344, 14.22077674953342, 10.537269400401435, 24.031062711208563, 58.14624595705813, 10.660291485737444, 8.580554469509343, 38.06974273208094, 19.529499086597212, 42.801492957475595, 58.07046644980895, 59.787166514722514, 0.0, 19.741046600470725, 42.49129069739756, 49.775070167841875, 16.81767437038415, 48.75437924939951, 32.95002762121907, 44.55059542009486, 32.107502516964765, 10.321972276674979, 52.25696804538319, 51.77159133143074, 23.332411632809077, 28.086813717215666, 31.500913055929793, 79.55897390636287, 28.28402536066033, 56.48856129359712, 33.495016338920834, 23.437302830841404, 40.179105869533174, 51.308176632964745, 20.708822093319917, 35.98467942151722, 40.16361061656399, 51.837584080524664, 28.787294794310366, 30.895011748068136, 36.67557230077271, 19.25110206185702, 24.434424447399728, 26.961648317867077, 51.415610208711946, 47.00405083730059, 35.70675780613469, 28.776963526777376, 67.54954408456784, 63.405055178820795, 61.309740408932576, 71.881281325345, 48.72898414191057, 50.667926848906994], [51.593744230069646, 38.35138753988249, 10.915085495180527, 15.346071626034451, 39.35393928656005, 42.33317105976591, 31.234448940837847, 11.656371297540327, 27.14358872473988, 44.964084177708514, 29.493138557459204, 28.000193034215844, 31.49063368945662, 34.71481644224849, 39.895129694519476, 66.46576232152138, 44.85395595632784, 19.741046600470725, 0.0, 31.683586460787193, 33.395245944161, 27.67142445350118, 37.28386089947926, 36.16534631025449, 44.711159029472086, 50.79666350810696, 28.379089980224844, 42.9559122805072, 48.686359031888934, 36.667757953095276, 43.74681114541986, 47.16813195472849, 66.20866343192496, 38.08338277266718, 37.21928502935301, 33.61635248219555, 35.44152466078372, 36.06515095343432, 63.43882773385866, 39.9810792132644, 30.85521480935648, 55.36618384419413, 38.99941774641621, 44.28811888724471, 38.416388142154645, 17.199087487082075, 33.96420032262553, 42.26190718762157, 44.96505457850282, 33.89414571880668, 30.32521290419673, 45.512115358917676, 42.152251271165994, 54.21393117799882, 44.2534407122738, 44.012454266655745, 53.73387995393008, 61.04324869596996, 61.338910358009265], [62.25994716339076, 14.773124051202462, 27.793011487987496, 46.4477138899405, 67.35914815003325, 50.11513745106567, 44.417552292291305, 32.49488068677622, 58.528444098582874, 16.108853032496896, 52.848653459193855, 50.34755628493247, 61.975424584551654, 61.77482152237338, 17.266810500837096, 53.39272444470198, 66.38150044167126, 42.49129069739756, 31.683586460787193, 0.0, 15.998165059407267, 35.13486838622111, 6.271509276777175, 67.75169530168345, 76.29323118118077, 73.38162813384776, 52.79213975987955, 11.363132384666425, 22.49119795925442, 65.01600939041256, 70.54249808077334, 51.9621586386954, 37.175791735369835, 68.18702352317425, 47.2892225567522, 65.29203143916695, 64.47409544903678, 67.07851879332225, 57.46445306653448, 55.26818307360624, 61.85013841891845, 57.088223036878894, 9.969359069669258, 49.66440641302118, 33.51779563814667, 26.577340558496854, 61.34253930128888, 66.65526810708424, 55.38279268754886, 20.610388966758315, 51.422910305605036, 40.69994923171944, 44.598907052016855, 25.30569356206322, 53.35115179163511, 60.626876926782764, 65.97828083274027, 90.41816693226504, 53.18874029636284], [48.39405196429858, 6.407487188529885, 34.74296605358198, 48.61026487183683, 72.52846410731918, 36.197899966090354, 55.44323423021496, 39.244239186340245, 59.90269307936454, 15.119228555738143, 60.426890078909466, 58.28218208612808, 58.652317716018516, 67.54616696976656, 33.200301171027206, 69.38730701629584, 56.38210307494636, 49.775070167841875, 33.395245944161, 15.998165059407267, 0.0, 47.1053330827897, 14.944962657552589, 68.26656448077216, 74.7079035137628, 81.85369039552326, 59.85223641821018, 22.117834784125396, 37.30282625940571, 69.903585551403, 76.59814041587975, 65.72485284356696, 34.02735203826353, 71.44019555255053, 34.38653919408036, 64.71479635794158, 68.79360813871449, 64.30309303550591, 73.15909417357567, 66.17587491560505, 59.29722724936731, 71.65758318607635, 12.188203295291725, 63.19894093176992, 48.40248665866079, 20.088886216069373, 66.89583514581403, 74.08321229102711, 67.81976239314322, 4.798133032228349, 42.58591969352778, 55.900833748459554, 58.58680937348201, 22.734528075640824, 39.570159682076394, 48.882499894594964, 52.3954321430301, 94.4332340698109, 69.02173868864344], [78.72250353123567, 48.844089832552655, 17.19054377683837, 31.291719372481012, 39.84459613124939, 68.56024134728843, 9.665526864464574, 16.397715627880956, 40.794686499352004, 51.17096090851259, 22.961554522585786, 20.25557269371321, 53.671021267832465, 33.91062330674211, 29.453141179356763, 41.51537038706532, 72.1793466467757, 16.81767437038415, 27.67142445350118, 35.13486838622111, 47.1053330827897, 0.0, 41.10340666571836, 49.76694298304826, 61.33458547217264, 40.08644330399877, 24.009014549994486, 42.40316266551299, 37.77267016663157, 38.390543601657804, 41.03735882778281, 20.07337773673224, 71.55496707644032, 44.35740848697592, 63.77840550926769, 50.18357729819235, 39.08335807721942, 56.39698493980478, 36.20287386670317, 20.28416938546522, 51.88539660668244, 27.85852657559716, 45.10422717701396, 17.241251753652776, 14.097018472015563, 40.78900116558423, 33.986254228097266, 35.21298091862464, 20.714711089511642, 50.1498243513837, 57.956578788352196, 19.251429317423117, 14.484260627728304, 60.09381304201831, 70.87655742748876, 71.66777175490549, 81.12895762410125, 62.830686652052954, 34.77430298857865], [63.11777321801668, 11.289253011369468, 33.99557404643322, 52.280210231654436, 73.56785184922471, 50.90216261889014, 50.48921451046228, 38.71100670287958, 64.31421838891596, 10.089823939218785, 59.12014835747014, 56.618048673074625, 66.8786399624162, 68.00816586824344, 19.73124914521488, 55.81213449391812, 69.23639037593264, 48.75437924939951, 37.28386089947926, 6.271509276777175, 14.944962657552589, 41.10340666571836, 0.0, 73.44339355795222, 81.64055137741903, 79.62341891223227, 59.0588031794596, 7.456538599329494, 22.49836692499303, 71.20368480063959, 76.79496144959737, 57.26299411155184, 30.913306181493034, 74.24154602877144, 48.67051140279028, 70.78679116037264, 70.61877610080924, 72.13587102500412, 61.161503779848, 61.31619896856757, 66.92857584143657, 61.92700953901584, 4.5583234440741585, 55.07552674741547, 38.34787443604611, 30.029852962159538, 67.5645403802071, 72.92632116667477, 61.12114908724824, 19.730122886492506, 54.61764995585209, 45.16702504809002, 49.84852567480546, 19.09524415022436, 54.240132789921894, 62.68160627277629, 67.03294893761799, 96.57537888685854, 56.62111145423481], [64.2636923146287, 73.82345168091518, 41.85675853308854, 21.50243963949659, 20.48586668123338, 61.22872118588163, 45.26506058589177, 38.06812177588539, 9.498986201711338, 80.94733711544414, 30.58660307062215, 32.36337779756327, 17.263820955475897, 22.48234185847957, 73.3331529366714, 90.7482496325113, 45.21627809064174, 32.95002762121907, 36.16534631025449, 67.75169530168345, 68.26656448077216, 49.76694298304826, 73.44339355795222, 0.0, 12.05881079209397, 38.96680404830183, 28.61980202488153, 78.91155088714056, 82.42970584853532, 18.79282209304497, 25.65988224493578, 61.424699415912244, 101.93055109562096, 12.014371031739898, 56.1644267205329, 5.456012362759018, 16.254539164821438, 13.977467359918569, 82.74981372620871, 45.69891174101952, 14.430563447627966, 69.82446621750047, 75.09596136921616, 59.14135704596073, 63.84152580561726, 48.87588655502899, 21.54525839204885, 30.99046285520442, 54.16909397849701, 67.6288723536696, 40.33941481056572, 68.42779198015089, 60.59044616468655, 90.06012199917872, 61.15861515273111, 52.347078711419705, 63.90203124511852, 30.152258285077025, 82.80680064882299], [62.32645741558504, 80.64545225677664, 51.94308658381334, 31.518793115005995, 31.38462833577712, 61.621038588901186, 57.23276770090608, 48.587569701556696, 20.543390766911166, 88.33051840985597, 42.64525097407312, 44.40643985973193, 16.99547943949757, 34.2058305956528, 83.48919753550035, 102.55012028718836, 41.15429358906563, 44.55059542009486, 44.711159029472086, 76.29323118118077, 74.7079035137628, 61.33458547217264, 81.64055137741903, 12.05881079209397, 0.0, 49.4515976578022, 40.67746221439749, 87.61966954779528, 92.53389667552277, 30.140799156365468, 36.0190458234691, 73.48102817797712, 108.72001960875501, 22.719923805116718, 57.02590605466071, 11.454835144105564, 27.750826841275813, 11.199267409951055, 94.76996784614414, 57.70914229312186, 15.586148842225326, 81.88269643780826, 82.78979227430433, 71.18697806294226, 75.34127814485427, 54.70656222139853, 33.3272401113926, 42.14051582102865, 66.20125193210717, 73.38152690863538, 40.55177572342731, 80.19774535970306, 72.54605671108423, 97.12828878457468, 60.88561422203892, 50.08496944488506, 61.16207270478604, 33.90030608009754, 94.7478241691528], [96.89684426148857, 85.28914885443784, 47.13260272200894, 39.57590701959732, 18.505305767653926, 90.40030467242893, 30.52128619507666, 42.61581930283435, 36.69739342968237, 89.39197872981485, 21.524171052584023, 23.571536958857603, 54.0884090228556, 18.652592415601173, 69.50005935790507, 69.787570425549, 81.47882798577473, 32.107502516964765, 50.79666350810696, 73.38162813384776, 81.85369039552326, 40.08644330399877, 79.62341891223227, 38.96680404830183, 49.4515976578022, 0.0, 22.42896311471623, 82.0029736112246, 77.54796944260687, 20.565138473683746, 13.437356033560443, 37.01225327904069, 110.52336334249996, 27.015339882302516, 85.03095242383877, 43.46101212815504, 23.18199246056845, 52.515395152556, 57.69300835540112, 21.45928862013676, 51.14878136202736, 42.84977782390298, 83.10478258043207, 36.31778576701479, 50.85365280910466, 67.99366035704102, 19.726889797046518, 9.155668857594767, 27.907974993441925, 83.51117589923024, 72.25336611851999, 50.8664300993143, 40.95099779800176, 98.68365818193365, 91.46544143287379, 86.21941569824833, 97.65406117814977, 29.658217979805812, 60.01950008926843], [76.27133179361586, 63.667489111162176, 25.436416382497484, 18.780408615522116, 15.889698208869508, 68.85608210555519, 17.21325659913074, 20.74589633582449, 21.48998598312765, 68.46810528961963, 2.077417287788759, 3.9698352155315493, 38.3263874553836, 9.932813248651298, 52.17923412178219, 62.98563008233843, 63.271388397441854, 10.321972276674979, 28.379089980224844, 52.79213975987955, 59.85223641821018, 24.009014549994486, 59.0588031794596, 28.61980202488153, 40.67746221439749, 22.42896311471623, 0.0, 62.41586905529742, 60.98132330690997, 14.39306210397854, 17.915402594996596, 32.80577482309959, 89.8786128131204, 20.812685324529298, 63.516157867724345, 30.795375236179442, 15.293343180132602, 38.927933435856175, 54.23479054489868, 17.598372920057045, 35.737920512898626, 41.2224625639269, 62.15952720030987, 30.555214690063888, 37.709991464258465, 45.57817417443721, 9.977993006310955, 14.230977020452155, 25.793675538290355, 61.27535384612561, 52.086243258107956, 40.98976267770548, 32.403579755693386, 77.87138446715453, 70.1881863186236, 66.38638451542688, 77.48333289680235, 39.13833043326865, 54.573177547998164], [70.45719803339446, 17.51192790485461, 38.18439752540423, 57.511180247548296, 77.47997758845376, 58.24519828624603, 52.03560250976571, 42.765521917781335, 69.61669411719686, 12.472039406344738, 62.24744788426782, 59.63610770557432, 73.3279049450692, 71.75313653623424, 16.399224485516964, 51.03342910245885, 76.62783316057782, 52.25696804538319, 42.9559122805072, 11.363132384666425, 22.117834784125396, 42.40316266551299, 7.456538599329494, 78.91155088714056, 87.61966954779528, 82.0029736112246, 62.41586905529742, 0.0, 16.42591576609654, 75.2522397593318, 80.31255715497413, 56.5590769924439, 29.465823790621823, 78.84680622084863, 56.10155989960927, 76.57170199839625, 74.88586989604131, 78.44161188711645, 57.791964867688066, 62.65021266608713, 73.21326738195663, 60.27589716491439, 10.260949054933253, 54.63975052754175, 37.11044139594728, 37.22093362882051, 71.40250236555288, 75.89271925183326, 61.426974531722394, 26.8398800261237, 61.9292800136369, 43.15416304938698, 49.14482534041675, 18.97216239673535, 61.59703953789631, 70.1379698764509, 74.40486236326021, 100.72940299406694, 52.96828420910977], [84.72944592918891, 33.58736919457935, 40.63652323346863, 61.1227968389635, 76.81286694850087, 72.5629455192688, 47.08242512355939, 44.399021298618095, 72.93082267316798, 28.754093526225052, 60.27344879674549, 57.54135530433939, 80.17533772277532, 70.86414691154484, 9.101353840088777, 35.03720281190629, 88.15743575970396, 51.77159133143074, 48.686359031888934, 22.49119795925442, 37.30282625940571, 37.77267016663157, 22.49836692499303, 82.42970584853532, 92.53389667552277, 77.54796944260687, 60.98132330690997, 16.42591576609654, 0.0, 75.00243578880767, 78.57976505553867, 46.641767460269485, 41.688371087253444, 79.93728894534627, 69.77764431591139, 81.11598934003041, 75.20889283857223, 84.65815423601703, 43.29580613469044, 56.60813107679529, 79.48117215342201, 48.443871359271924, 26.350046979978067, 45.35006762126468, 27.65400659493259, 48.3301782423832, 70.75773597553058, 72.97864591052296, 53.28753286306368, 42.09994496914423, 72.9912772774049, 31.529709049154167, 39.65844031084878, 33.56008556912453, 75.81888221000841, 82.94193717717674, 88.4672140749353, 100.11947024115499, 38.18984011703412], [77.66066511463659, 74.44050303478542, 37.224224741194504, 22.418499663434527, 2.805058068365627, 72.24424414818523, 31.279342797695055, 32.54331264501819, 16.41098132451745, 80.12457892793547, 15.686638303312874, 18.263575290904654, 33.559636067647666, 4.784335678886275, 66.08597109729374, 76.78507386730779, 61.17982619301905, 23.332411632809077, 36.667757953095276, 65.01600939041256, 69.903585551403, 38.390543601657804, 71.20368480063959, 18.79282209304497, 30.140799156365468, 20.565138473683746, 14.39306210397854, 75.2522397593318, 75.00243578880767, 0.0, 8.227447344223057, 45.39492048582173, 101.61862396469365, 7.62444190621381, 66.89949044240551, 22.965203554476453, 2.61978995963635, 32.00876368254962, 67.1713824101001, 28.67538610047783, 30.609314784932298, 53.32450295515632, 73.87688155876594, 43.496595027466775, 52.084494358329046, 53.08558290643945, 4.436107170736198, 12.205555519879793, 37.247522810273566, 70.56148794115327, 52.9399740378469, 55.07787380848791, 46.09597538646752, 89.54432120808859, 72.93360086863214, 66.53039827301481, 78.08241602508706, 25.482184292538747, 68.00802544710207], [85.88795613789138, 80.82571806342811, 42.90677401602827, 30.1898409224, 5.593050195863505, 80.39957218331772, 32.647406399012056, 38.17034216143216, 24.56397280708031, 86.0440871375264, 18.340465437481637, 21.06263907820884, 41.414466565959145, 9.058487506744274, 69.8950054267156, 76.69718232578927, 69.22241006676799, 28.086813717215666, 43.74681114541986, 70.54249808077334, 76.59814041587975, 41.03735882778281, 76.79496144959737, 25.65988224493578, 36.0190458234691, 13.437356033560443, 17.915402594996596, 80.31255715497413, 78.57976505553867, 8.227447344223057, 0.0, 44.275685423997814, 107.51183514533018, 13.653208419177306, 75.04738555201956, 30.365079347933733, 10.636450299485743, 39.398138140513666, 65.96283792592497, 27.26638668976831, 38.44700482259299, 51.51105777448672, 79.74892776318256, 42.81117804609121, 53.952561728003374, 60.525351446584146, 9.784528813170057, 7.5227000183854935, 35.475905486751266, 77.5495342299642, 61.16742135773155, 55.83898148782308, 46.29546253822549, 95.46674063232423, 81.12845346447239, 74.73586210074039, 86.29560019262306, 21.938299628711356, 67.42897379443863], [98.60361564389167, 66.5125680931501, 37.12165639002013, 47.245767100325985, 45.647577745750034, 88.60297747258804, 17.280905949762687, 35.543534776167796, 53.842360435295944, 67.22623805590393, 30.862532096417, 29.109856688794906, 69.3878884578422, 40.64802728386399, 40.81126423715749, 32.82264984206585, 90.74638836727405, 31.500913055929793, 47.16813195472849, 51.9621586386954, 65.72485284356696, 20.07337773673224, 57.26299411155184, 61.424699415912244, 73.48102817797712, 37.01225327904069, 32.80577482309959, 56.5590769924439, 46.641767460269485, 45.39492048582173, 44.275685423997814, 0.0, 85.925133135875, 52.76981157157186, 83.77574909440649, 63.345556950642816, 47.1046932678406, 70.96320537828991, 21.80068758930516, 17.023555353391068, 67.14033020118383, 8.670354235995001, 61.6570803802722, 2.8802855213824294, 19.53150417079443, 60.86033655541258, 41.2422414403664, 36.86283589137816, 9.116159815674878, 69.19481724227133, 77.09929557201892, 15.606164839705155, 7.43255827993291, 75.36755870671138, 90.87396277936404, 91.09088534505719, 100.88016923145729, 65.43399079681132, 23.23295824112585], [73.73434189459971, 28.1353139225282, 64.6077917872714, 81.54757020869917, 104.07063463546427, 62.84562846945247, 81.09820536220906, 69.34413572856464, 93.25621336231296, 21.49530930570129, 89.99586003527382, 87.51383872932242, 92.65473905691715, 98.63583630803454, 45.25599758048404, 75.80964959607242, 87.34251304992054, 79.55897390636287, 66.20866343192496, 37.175791735369835, 34.02735203826353, 71.55496707644032, 30.913306181493034, 101.93055109562096, 108.72001960875501, 110.52336334249996, 89.8786128131204, 29.465823790621823, 41.688371087253444, 101.61862396469365, 107.51183514533018, 85.925133135875, 0.0, 104.09981242964719, 63.2488313899941, 98.59046992296302, 100.8549824420035, 98.324207085049, 84.98160320744394, 91.83898728567961, 93.32456710612509, 89.19255719597358, 27.768597825813398, 84.06775018267885, 66.41368187581395, 54.10413599970074, 98.13984966229235, 103.81533491738041, 90.88421748278431, 35.94424986852487, 75.0575740110114, 72.01339490538948, 78.53336194182613, 12.075232714167248, 66.09478949080952, 78.18798287134709, 78.06905766682273, 126.7944200367757, 79.85327281730382], [74.23412798979095, 76.41293372495431, 40.683235665800154, 22.84625777490113, 8.673809721305757, 69.89272299729258, 38.01375485516341, 36.214750355971965, 13.125100159690236, 82.6905352383648, 22.421872205986553, 24.78215694648406, 28.338778938312057, 12.179738816144319, 70.90289550267309, 83.74720504084246, 56.38162601973236, 28.28402536066033, 38.08338277266718, 68.18702352317425, 71.44019555255053, 44.35740848697592, 74.24154602877144, 12.014371031739898, 22.719923805116718, 27.015339882302516, 20.812685324529298, 78.84680622084863, 79.9372889