instance_id,num_cities,city_coordinates,distance_matrix,best_route,total_distance
1401,52,"[[59.05790514701737, 41.69286833932241], [91.66939471180218, 60.57461016118319], [15.91975764823329, 24.731216990881865], [11.37275706658154, 78.65222243316467], [14.025069533303336, 53.93970498409729], [58.43338782138663, 29.27756450738044], [62.211398136533944, 9.269597562811448], [95.4782195987142, 94.12443233212721], [29.466035174364112, 27.81823058807056], [60.335178206672545, 25.627359719514843], [9.257357009721655, 98.45982592102222], [67.40222904985423, 28.002046280955785], [8.968904336201211, 85.46713861062126], [25.31046521327819, 5.072841523469029], [77.70161811857794, 44.801928448551244], [17.077488313007738, 28.264626986606235], [50.55855669559208, 43.7294854496985], [40.33901739374532, 55.33555657134207], [37.706801309671036, 8.864254327283117], [57.898691868409, 17.584001610196086], [34.68161915463749, 10.599796487244928], [4.240268923554213, 46.237153646075214], [34.56167390644516, 32.01776619619538], [41.40867566936707, 48.33860592228848], [45.673065742022565, 23.041539228058838], [74.79510996526504, 35.205432153644864], [26.254238129678765, 16.06061783711874], [84.41919572418259, 17.113141156539903], [68.74728073328885, 67.07171302227309], [72.3573030501489, 97.43279621319613], [87.50539647394983, 0.09849499581359167], [19.95426189942664, 22.331019154657373], [19.945893474797728, 43.941170512382314], [66.51677376850141, 33.759876223220076], [0.6734221528283735, 75.99959623390855], [22.246774601030683, 8.915395619025057], [73.22262458532298, 42.69332427245802], [50.14345637899302, 28.42513180257017], [86.34890723612773, 41.79155843114022], [97.31851175682937, 83.17290106600146], [91.67392299987331, 90.85022227041313], [85.67451872985214, 25.578140871927822], [11.432487196847351, 59.22295730822721], [30.586463327108227, 90.33824521837646], [35.22618029228202, 73.58377817515778], [13.69243217755296, 79.72543201381592], [87.18131049196406, 11.124008824851394], [26.988310325018084, 47.48350119839338], [82.0671656806786, 33.236998856092214], [85.79665064190766, 48.10658613695945], [96.44613825039454, 90.37538574050531], [6.440411107906652, 33.01824679033856]]","[[0.0, 37.68327780145293, 46.352965235170295, 60.3313119572839, 46.668418563473864, 12.431001211867287, 32.57626445561062, 63.839707138207196, 32.68308952970757, 16.116202830754897, 75.51544257870448, 16.0332888088911, 66.52138558396585, 49.79875566793969, 18.901171607303443, 44.07576503458557, 8.739950420512818, 23.162894916561832, 39.16104611759763, 24.136719544877593, 39.50927025371069, 55.005670344766365, 26.33767162206119, 18.858980067236086, 22.95704692494594, 17.021940070236298, 41.63043160468252, 35.31795645446415, 27.16559877295488, 57.304568264410335, 50.391980082500176, 43.634574812693685, 39.176578713680854, 10.888851409891723, 67.71779259051434, 49.28916767407937, 14.20000664929629, 15.984374546612736, 27.29118053075112, 56.43108304079547, 58.99364428550196, 31.114764340524026, 50.74923106989991, 56.36484446008591, 39.811822863430805, 59.19883476384995, 41.537706968628406, 32.58819327541427, 24.513828730398764, 27.497205069392813, 61.38295752983025, 53.32775766872209], [37.68327780145293, 0.0, 83.80188750394119, 82.30644010394302, 77.92729431420926, 45.65235175405494, 59.16061088213676, 33.76533303139668, 70.30105504529514, 46.93765479253333, 90.70299626461464, 40.618557913790106, 86.36555494507607, 86.50984826078721, 21.068371350586578, 81.28891383791493, 44.42813555552988, 51.597047571845756, 74.7390285403302, 54.6685722707386, 75.79636247669558, 88.59692260693878, 63.84970722582264, 51.72871232107802, 59.366604184230816, 30.468617928704646, 79.12419492981014, 44.06205480230863, 23.82510555761588, 41.611089428094765, 60.619298798484, 81.27504246305311, 73.6269783723662, 36.76525936915342, 92.29408007720369, 86.53423964048692, 25.690926669419447, 52.516592741258414, 19.522054688794388, 23.293674575025918, 30.275612447875325, 35.506216367739825, 80.2482915269747, 67.94849872046485, 57.923008437267384, 80.29421313954688, 49.653850530338325, 65.99257391044786, 28.974951151544506, 13.78189921524249, 30.18117797506594, 89.57305849628627], [46.352965235170295, 83.80188750394119, 0.0, 54.112383445901116, 29.2698755361663, 42.756029121521884, 48.80550844358208, 105.56972673698918, 13.89357001508917, 44.424460099961934, 74.02901699361955, 51.58626935400081, 61.13236897719992, 21.78616796478835, 64.96023200077227, 3.7182423925887313, 39.50671593383296, 39.15259694675319, 26.952472533580874, 42.58302016015011, 23.488390592718396, 24.472755633297503, 20.015365125314077, 34.741815641194954, 29.801247515265615, 59.79980178671557, 13.490025074350875, 68.92175343197964, 67.70129097355776, 92.03649359037819, 75.7051826427508, 4.694483380087095, 19.62733002708604, 51.39625207939153, 53.48735791049371, 17.034416608368723, 60.05210951502585, 34.422471751020666, 72.46599451972082, 100.2057264230332, 100.55056651893265, 69.75990233374768, 34.78240569919033, 67.22644128848421, 52.529141336729076, 55.03930109241075, 72.54905256289375, 25.301764662136463, 66.6920378647208, 73.68302421294077, 103.89251591771743, 12.590983826877304], [60.3313119572839, 82.30644010394302, 54.112383445901116, 0.0, 24.85444185837991, 68.2096753571538, 86.01462701040799, 85.51677091016431, 53.95795992800931, 72.17308881917859, 19.92024280305713, 75.52974298231213, 7.226450750895392, 74.88781612142644, 74.46717539493358, 50.70950338427687, 52.48927939095104, 37.18482411216847, 74.59116823421212, 76.77232706950306, 71.93355078796613, 33.19049670586698, 52.08165101764646, 42.67401729719881, 65.33803839854066, 76.87664426077484, 64.33636176019809, 95.5135630417466, 58.531565536873394, 63.81085174426875, 109.3931756437942, 56.97122224364758, 35.75410176918349, 71.1068585036292, 11.023256930219736, 70.57952444898456, 71.54333280619473, 63.45019904135351, 83.54718214827166, 86.06456462782835, 81.2223396010948, 91.3105137420346, 19.429356936954257, 22.488433400356982, 24.385957573589558, 2.5559091189754577, 101.52337861585903, 34.86165066341453, 84.02524586011276, 80.44844207100296, 85.87731216087823, 45.8997578384255], [46.668418563473864, 77.92729431420926, 29.2698755361663, 24.85444185837991, 0.0, 50.796849371481976, 65.7064742722339, 90.82636163369007, 30.34394246881409, 54.27904807308424, 44.77468314735391, 59.34545725711423, 31.93029717330018, 50.15307069495626, 64.32885666438051, 25.855886961849546, 37.933418870143186, 26.350944075225712, 50.9177834537474, 56.979223446924706, 48.01083951332423, 12.452775597729707, 30.038700361358277, 27.950567001677495, 44.22999334291985, 63.59222273665301, 39.80424358842874, 79.44513078548357, 56.27583880965732, 72.76192996152943, 91.0946449595516, 32.15998044120566, 11.620105323457523, 56.23703852741393, 25.785757497619556, 45.76881982335163, 60.25638226153332, 44.22138976751401, 73.33699588022819, 88.27444290737226, 85.97517508569713, 77.05856142608378, 5.885086090426185, 39.98916722788709, 28.902884093983126, 25.78787246093796, 84.76449391580469, 14.481994998843037, 71.12192973444407, 72.00822960130185, 90.11543375388231, 22.253863852893844], [12.431001211867287, 45.65235175405494, 42.756029121521884, 68.2096753571538, 50.796849371481976, 0.0, 20.361534892937833, 74.68223234538907, 29.0040889335454, 4.115920512221157, 84.87913348223633, 9.059087135434874, 74.85989155989857, 41.024341759870204, 24.744101813634806, 41.36830267932353, 16.458158590279595, 31.724205137058792, 29.091143341857432, 11.70578117822716, 30.21598141733548, 56.78487298240558, 24.028471248337766, 25.557075804558746, 14.202599440012527, 17.40245862931757, 34.78771843863699, 28.692079182580812, 39.17619237450149, 69.5630003965555, 41.1898019497006, 39.10112049616343, 41.18626666922653, 9.242956598835999, 74.29106193000426, 41.522149489128665, 19.967577072194835, 8.333642951063858, 30.592094863194376, 66.45871023606892, 69.97231854780689, 27.49117946554313, 55.729805396348034, 67.11078849693426, 50.01614790118956, 67.42952207950432, 33.999921202734896, 36.33523124392901, 23.963150382704647, 33.215662084505595, 71.95771643550763, 52.12736643520856], [32.57626445561062, 59.16061088213676, 48.80550844358208, 86.01462701040799, 65.7064742722339, 20.361534892937833, 0.0, 91.1428790083156, 37.63390203832147, 16.465010901924323, 103.72573116758402, 19.438347680515154, 92.95605632669196, 37.13881543426469, 38.76201043890543, 48.968162705670565, 36.37681386301661, 50.994839138221955, 24.507949093828483, 9.366362688807765, 27.56189688629271, 68.75501454437519, 35.804838027462594, 44.262181105757264, 21.521682453338112, 28.827371009365702, 36.59283143082314, 23.55222812815576, 58.17045910861885, 88.74507863979449, 26.905305688424953, 44.229699263745694, 54.66709115280106, 24.865840186826695, 90.77342788953023, 39.9661931305883, 35.19080298981046, 22.640002435379035, 40.500583752016226, 81.81813793672494, 86.73775820832265, 28.57422987312023, 71.23086371844404, 87.01874587927921, 69.74608096473405, 85.54597983491746, 25.038677364562247, 51.97084130594096, 31.12375024832748, 45.43760355972506, 88.03502886117843, 60.61684035216152], [63.839707138207196, 33.76533303139668, 105.56972673698918, 85.51677091016431, 90.82636163369007, 74.68223234538907, 91.1428790083156, 0.0, 93.56345911838633, 76.98624756916163, 86.32979082078542, 71.83614119925865, 86.94141913822945, 113.37415746565692, 52.428207575015854, 102.3923269892987, 67.5087163750944, 67.41593656240393, 102.98948841772781, 85.26815606972814, 103.30823499884654, 103.04152125894949, 86.99461775074596, 70.85095257482065, 86.79476391311366, 62.44389166396727, 104.33560630933457, 77.80129161902488, 38.03147005684716, 23.356413543506253, 94.36335517853927, 104.20250650648802, 90.68347179369977, 66.95255767184513, 96.52180739264433, 112.35401405389813, 56.03989994321415, 79.82254597706864, 53.12319676892835, 11.105075970030558, 5.019275260451666, 69.24382011178132, 91.00438502517407, 65.0021172337782, 63.657102618483, 83.04364054077895, 83.41408156368335, 82.86280305022773, 62.346899862712064, 47.02525859479686, 3.8719784170915137, 107.98933860485128], [32.68308952970757, 70.30105504529514, 13.89357001508917, 53.95795992800931, 30.34394246881409, 29.0040889335454, 37.63390203832147, 93.56345911838633, 0.0, 30.946791541479744, 73.47534051875223, 37.93663920232952, 61.184385007853756, 23.12188325810799, 51.13821912214218, 12.396586751225051, 26.42087234356852, 29.587581374837136, 20.667932712086017, 30.218461401153125, 17.991019680378297, 31.23453232493157, 6.603153293070883, 23.74262971639965, 16.896290130375547, 45.92707010434602, 12.18840013527593, 55.986148234641, 55.532442192584966, 81.76703863518136, 64.31913557696875, 10.981043673021027, 18.72384281558646, 37.524130679134814, 56.128945831058026, 20.23449759921545, 46.2158796194397, 20.686325839979375, 58.57401322263034, 87.56767738209294, 88.55988529325249, 56.25310325256676, 36.21416453578792, 62.53005348325815, 46.12661506901864, 54.25093650209101, 60.08119543805617, 19.820746418999793, 52.87950434794985, 59.872828643971616, 91.65005111205042, 23.60549792217217], [16.116202830754897, 46.93765479253333, 44.424460099961934, 72.17308881917859, 54.27904807308424, 4.115920512221157, 16.465010901924323, 76.98624756916163, 30.946791541479744, 0.0, 88.95792236344889, 7.4553567242086505, 78.86249570659535, 40.61057422077686, 25.870008139897468, 43.33800772502748, 20.57350928068176, 35.81093977325035, 28.16105721353195, 8.404289104456645, 29.731006520737242, 59.761211945345956, 26.553922852396784, 29.563714285888206, 14.88838505480289, 17.344425560294386, 35.39820654745142, 25.544702337702777, 42.2894536451129, 72.80489129035375, 37.28194864505511, 40.51523494850207, 44.34737857990487, 10.21518224864639, 78.08256749678785, 41.59346382933659, 21.38535527609731, 10.568761632354237, 30.62671085844562, 68.40508964501366, 72.36116862341802, 25.33938832420012, 59.33074553168141, 71.22137838481076, 54.13205933047068, 71.42931599207972, 30.513308667745395, 39.87109877920688, 23.02576572796844, 33.964719914890765, 74.1370913166557, 54.39918319537425], [75.51544257870448, 90.70299626461464, 74.02901699361955, 19.92024280305713, 44.77468314735391, 84.87913348223633, 103.72573116758402, 86.32979082078542, 73.47534051875223, 88.95792236344889, 0.0, 91.35165491862504, 12.99588890729353, 94.7566944224203, 86.97003414914532, 70.62945849320147, 68.5652919748699, 53.157992994201244, 94.00392188725293, 94.37625980505145, 91.46462637390268, 52.46311725775434, 71.0975087755349, 59.546989728411376, 83.749757075336, 91.08411164050655, 84.13396139883334, 110.75461670337131, 67.26265424424213, 63.10830357667355, 125.68892990782366, 76.87664791007678, 55.55653516312263, 86.39863597565504, 24.044663757792282, 90.4816554195967, 84.86140561019235, 81.09581679654676, 95.67862695824657, 89.37816873776896, 82.76712159624971, 105.59982301574166, 39.29711248767119, 22.82303330865483, 35.96105579839636, 19.252205245495443, 117.04566405535269, 53.97195927234921, 97.75114019305924, 91.61720486057905, 87.56278745715139, 65.50217907315209], [16.0332888088911, 40.618557913790106, 51.58626935400081, 75.52974298231213, 59.34545725711423, 9.059087135434874, 19.438347680515154, 71.83614119925865, 37.93663920232952, 7.4553567242086505, 91.35165491862504, 0.0, 81.9554163771266, 47.93187888748827, 19.705670656794137, 50.32542576926495, 23.044774704566706, 38.46476582455691, 35.328083864462556, 14.101520262760905, 37.06044535347174, 65.74155723447495, 33.08516387393213, 33.003643365387966, 22.28818449942162, 10.321988968231947, 42.84571005417138, 20.20260898012265, 39.092812936762506, 69.6073400906951, 34.39106736935885, 47.78566872374256, 50.06155678239762, 5.8255160028370705, 82.19792254909342, 49.02361981708775, 15.802235702991602, 17.26395769987477, 23.4334645247837, 62.75991705472735, 67.37216303789864, 18.43235979416833, 64.08866739498512, 72.39614840388822, 55.79419679612366, 74.5657489182138, 26.00154247469323, 44.864372417295826, 15.571290725242465, 27.249720522013458, 68.80393983621452, 61.16784706312208], [66.52138558396585, 86.36555494507607, 61.13236897719992, 7.226450750895392, 31.93029717330018, 74.85989155989857, 92.95605632669196, 86.94141913822945, 61.184385007853756, 78.86249570659535, 12.99588890729353, 81.9554163771266, 0.0, 82.03834235305165, 79.86141284384746, 57.77435824139025, 58.92139572987449, 43.49708299912664, 81.81606567773996, 83.6794144157659, 79.1597285237444, 39.51394327556095, 59.260655293133524, 49.3038203766877, 72.41651001516688, 82.82106304248369, 71.52655374219125, 101.8087198548526, 62.54475171625784, 64.50787590194288, 115.9990771943238, 64.08469131352399, 42.952302814224346, 77.36535568196287, 12.587667905911214, 77.69473079830473, 77.18898729020908, 70.35008370012305, 88.8550569906233, 88.37939045552565, 82.88001991943939, 97.31620281151899, 26.35955790115227, 22.15956985840341, 28.821151883172853, 7.434978810448831, 107.90774496308332, 42.04111919601341, 89.84065510871541, 85.43016729207095, 87.61482376382727, 52.509804143428774], [49.79875566793969, 86.50984826078721, 21.78616796478835, 74.88781612142644, 50.15307069495626, 41.024341759870204, 37.13881543426469, 113.37415746565692, 23.12188325810799, 40.61057422077686, 94.7566944224203, 47.93187888748827, 82.03834235305165, 0.0, 65.75129847118791, 24.60977085648237, 46.17144402267039, 52.46139442127617, 12.963177066740146, 34.90732936278412, 10.879602812798865, 46.24341860432509, 28.488836899800337, 46.16360849091719, 27.157127931579065, 57.93706140559858, 11.028233568279775, 60.32255662573368, 75.7008388965714, 103.65214026124715, 62.39353811010294, 18.070240980378873, 39.23678922042042, 50.20862301052462, 75.08387592897236, 4.914409643573467, 60.916957720812, 34.088222475158084, 71.23170344672702, 106.22983605167309, 108.45214417981514, 63.75175494307359, 55.90020852668847, 85.42848016529776, 69.22477769137069, 75.55122737943199, 62.166052803828585, 42.443836045782234, 63.360419870791276, 74.23261953592682, 111.07118450949801, 33.71979563207981], [18.901171607303443, 21.068371350586578, 64.96023200077227, 74.46717539493358, 64.32885666438051, 24.744101813634806, 38.76201043890543, 52.428207575015854, 51.13821912214218, 25.870008139897468, 86.97003414914532, 19.705670656794137, 79.86141284384746, 65.75129847118791, 0.0, 62.839219077944264, 27.164239680097275, 38.8190836361771, 53.76896681938837, 33.65964095838938, 54.959131557513246, 73.47536796043163, 44.99432843282017, 36.46485649464389, 38.7213469079405, 10.026990115853621, 58.931280686788284, 28.49201275076174, 24.002572007382152, 52.90151174787138, 45.765828218274414, 61.96530412090268, 57.76213840702955, 15.717113618040049, 83.1061817735807, 66.0536365999656, 4.95051458359407, 32.05700776505722, 9.156305844838423, 43.094710297478315, 48.12141589355402, 20.811562962651255, 67.82008394637297, 65.52399526880222, 51.30845634221021, 72.91657552371589, 34.98666656991521, 50.78415520393181, 12.36145630560969, 8.743587020858282, 49.27775405305764, 72.22890541908997], [44.07576503458557, 81.28891383791493, 3.7182423925887313, 50.70950338427687, 25.855886961849546, 41.36830267932353, 48.968162705670565, 102.3923269892987, 12.396586751225051, 43.33800772502748, 70.62945849320147, 50.32542576926495, 57.77435824139025, 24.60977085648237, 62.839219077944264, 0.0, 36.880127268256075, 35.69221152794719, 28.318598376948554, 42.19533645016617, 24.93895866431446, 22.086328716613014, 17.882471859122834, 31.54316579673757, 29.068672041086945, 58.133455303808596, 15.269269023713813, 68.25878107079302, 64.62010039712557, 88.54430276156013, 75.85131006943023, 6.594204134759733, 15.936805360163477, 49.74375046699126, 50.47495097202611, 20.02783750792205, 57.96950605623267, 33.06635761520622, 70.57979423268043, 97.2293186528113, 97.37342966651772, 68.64961609254517, 31.468782211964424, 63.526580943059955, 48.81803442386192, 51.5720181793254, 72.16887608287806, 21.623818324297993, 65.17961833550734, 71.52640501318366, 100.78258255208834, 11.650936130016218], [8.739950420512818, 44.42813555552988, 39.50671593383296, 52.48927939095104, 37.933418870143186, 16.458158590279595, 36.37681386301661, 67.5087163750944, 26.42087234356852, 20.57350928068176, 68.5652919748699, 23.044774704566706, 58.92139572987449, 46.17144402267039, 27.164239680097275, 36.880127268256075, 0.0, 15.464147904835858, 37.15847087433756, 27.156286740953853, 36.73762970617853, 46.38612057411604, 19.825857531077457, 10.245209335339151, 21.256978635894246, 25.69182747465929, 36.827518731457644, 43.069393529006916, 29.592047414285975, 57.9588727425845, 57.17282831550872, 37.34323526089579, 30.613395107951337, 18.81642368450441, 59.41284960658617, 44.87290781872875, 22.68774125591949, 15.309981999637062, 35.84277825369678, 61.17414840281263, 62.536686711579755, 39.52976219979775, 42.08202686006965, 50.70760298706467, 33.561295569602045, 51.524938680471635, 49.0341024345621, 23.86732385943187, 33.20970814524094, 35.50890417058492, 65.43324961278125, 45.399795194625874], [23.162894916561832, 51.597047571845756, 39.15259694675319, 37.18482411216847, 26.350944075225712, 31.724205137058792, 50.994839138221955, 67.41593656240393, 29.587581374837136, 35.81093977325035, 53.157992994201244, 38.46476582455691, 43.49708299912664, 52.46139442127617, 38.8190836361771, 35.69221152794719, 15.464147904835858, 0.0, 46.545789216339834, 41.63558657735689, 45.092065656141315, 37.22768562380194, 24.022844247705827, 7.078240403652416, 32.731569286394404, 39.90544103714562, 41.72411556275909, 58.34393851793738, 30.737058971371713, 52.889963148396575, 72.63470442588913, 38.79223822689915, 23.360469533683798, 33.92322082733921, 44.72540643741959, 49.821286536073636, 35.23006754789046, 28.640844698632353, 47.961962521668724, 63.4159327486955, 62.42246401181906, 54.22924921574969, 29.16675114772486, 36.33593983019993, 18.950954987231277, 36.12348997235996, 64.4116555977228, 15.488581368699197, 47.21847744845784, 46.02884350128311, 66.14981964470338, 40.585438570792554], [39.16104611759763, 74.7390285403302, 26.952472533580874, 74.59116823421212, 50.9177834537474, 29.091143341857432, 24.507949093828483, 102.98948841772781, 20.667932712086017, 28.16105721353195, 94.00392188725293, 35.328083864462556, 81.81606567773996, 12.963177066740146, 53.76896681938837, 28.318598376948554, 37.15847087433756, 46.545789216339834, 0.0, 21.994236449895677, 3.487668800235815, 50.167144561391744, 23.366149409913124, 39.64755109235723, 16.262127049187395, 45.49066154951608, 13.525858610728134, 47.43513387626071, 65.96680688480384, 95.10543561050328, 50.56420292057392, 22.282423800567226, 39.31717050062654, 38.076324700055025, 76.67219381688491, 15.460111295317187, 49.04874795856543, 23.179696221402143, 58.73892937829662, 95.26453171341096, 98.15370172895692, 50.79621952399215, 56.800867493571545, 81.78453646446795, 64.7670460012461, 74.81975960891614, 49.52608958133154, 40.079075312185616, 50.61494446302546, 62.06926948706545, 100.47076315276709, 39.50952427142507], [24.136719544877593, 54.6685722707386, 42.58302016015011, 76.77232706950306, 56.979223446924706, 11.70578117822716, 9.366362688807765, 85.26815606972814, 30.218461401153125, 8.404289104456645, 94.37625980505145, 14.101520262760905, 83.6794144157659, 34.90732936278412, 33.65964095838938, 42.19533645016617, 27.156286740953853, 41.63558657735689, 21.994236449895677, 0.0, 24.244825975783183, 60.82951154267247, 27.43993380970644, 34.8965087170341, 13.388452152230656, 24.4131882166454, 31.68110084171182, 26.52468349162566, 50.66286076766897, 81.14728237505444, 34.3845881051579, 38.240213666223546, 46.207307413919665, 18.328400233871324, 81.77477110492487, 36.690651870335515, 29.41599902213228, 13.329432896575236, 37.3553284245878, 76.52336853444997, 80.67654757000606, 28.903335800091085, 62.393195207506864, 77.71188963659743, 60.41537682159439, 76.26106980932887, 29.98671806382417, 43.00502020442046, 28.794642716908175, 41.35123057323984, 82.3680230804302, 53.72309171210679], [39.50927025371069, 75.79636247669558, 23.488390592718396, 71.93355078796613, 48.01083951332423, 30.21598141733548, 27.56189688629271, 103.30823499884654, 17.991019680378297, 29.731006520737242, 91.46462637390268, 37.06044535347174, 79.1597285237444, 10.879602812798865, 54.959131557513246, 24.93895866431446, 36.73762970617853, 45.092065656141315, 3.487668800235815, 24.244825975783183, 0.0, 46.868934585261336, 21.41830556594249, 38.33368005979726, 16.60147163693432, 47.05878718753718, 10.041977930421476, 50.16223860427677, 65.95109290929446, 94.6542497640837, 53.85748586124527, 18.82861218983022, 36.45255592130125, 39.36834213762815, 73.71357588814669, 12.548408877512108, 50.153799709577065, 23.596842785767922, 60.3525862814539, 95.86571766308148, 98.42892631725427, 53.14721636731399, 53.89558335349794, 79.84353766773512, 62.98633578877226, 72.24195081053216, 52.502308416768315, 37.677508860951704, 52.51507355664421, 63.39957187373235, 100.89103260367122, 36.05763089737058], [55.005670344766365, 88.59692260693878, 24.472755633297503, 33.19049670586698, 12.452775597729707, 56.78487298240558, 68.75501454437519, 103.04152125894949, 31.23453232493157, 59.761211945345956, 52.46311725775434, 65.74155723447495, 39.51394327556095, 46.24341860432509, 73.47536796043163, 22.086328716613014, 46.38612057411604, 37.22768562380194, 50.167144561391744, 60.82951154267247, 46.868934585261336, 0.0, 33.4899773004743, 37.22776600457498, 47.483820196249695, 71.41207512394269, 37.35288681798814, 85.30456263524907, 67.78815115506218, 85.21105653648515, 95.19378807479517, 28.608265266658965, 15.872560634466808, 63.51413628153675, 29.97541300265791, 41.43848294692598, 69.07332422343718, 49.23789943450731, 82.22889882735916, 100.13894710050992, 98.15788178856202, 84.01387891483715, 14.84449731188806, 51.37147299249225, 41.32752807131434, 34.796669067822194, 90.06747090758643, 22.782159024637764, 78.9051955412799, 81.57780443740657, 102.22575933070947, 13.400750877917575], [26.33767162206119, 63.84970722582264, 20.015365125314077, 52.08165101764646, 30.038700361358277, 24.028471248337766, 35.804838027462594, 86.99461775074596, 6.603153293070883, 26.553922852396784, 71.0975087755349, 33.08516387393213, 59.260655293133524, 28.488836899800337, 44.99432843282017, 17.882471859122834, 19.825857531077457, 24.022844247705827, 23.366149409913124, 27.43993380970644, 21.41830556594249, 33.4899773004743, 0.0, 17.69890512168124, 14.284105821059924, 40.359516738378204, 17.99011042041378, 52.03768182172308, 48.96360793696707, 75.54889631552201, 61.821336391802674, 17.52739438106914, 18.8623595584803, 32.00255231290541, 55.52310312277943, 26.17969196127798, 40.107812800429286, 15.990589948718547, 52.70146630403042, 80.96461276710626, 81.99431007231262, 51.51690674194861, 35.70828617127419, 58.455800161547145, 41.5713232958979, 52.072513172543296, 56.61603351953111, 17.220476041465815, 47.521135055790914, 53.70170358722069, 85.06055893312697, 28.139054404931997], [18.858980067236086, 51.72871232107802, 34.741815641194954, 42.67401729719881, 27.950567001677495, 25.557075804558746, 44.262181105757264, 70.85095257482065, 23.74262971639965, 29.563714285888206, 59.546989728411376, 33.003643365387966, 49.3038203766877, 46.16360849091719, 36.46485649464389, 31.54316579673757, 10.245209335339151, 7.078240403652416, 39.64755109235723, 34.8965087170341, 38.33368005979726, 37.22776600457498, 17.69890512168124, 0.0, 25.653978366406744, 35.87665324736549, 35.65845610750238, 53.15011274891798, 33.141041451055564, 58.034964091264236, 66.72342895216234, 33.7147807302327, 21.908638883230957, 29.03370368716765, 49.23912330734797, 43.83341149360892, 32.31093546360062, 21.744949886397634, 45.41462588335857, 65.87365095002862, 65.83185105803348, 49.77452793512143, 31.891079950867304, 43.371534224447686, 25.991190260638696, 41.87270000128145, 58.99203620597776, 14.445696270977352, 43.37247221431709, 44.38858136214396, 69.25469763736783, 38.17712574791625], [22.95704692494594, 59.366604184230816, 29.801247515265615, 65.33803839854066, 44.22999334291985, 14.202599440012527, 21.521682453338112, 86.79476391311366, 16.896290130375547, 14.88838505480289, 83.749757075336, 22.28818449942162, 72.41651001516688, 27.157127931579065, 38.7213469079405, 29.068672041086945, 21.256978635894246, 32.731569286394404, 16.262127049187395, 13.388452152230656, 16.60147163693432, 47.483820196249695, 14.284105821059924, 25.653978366406744, 0.0, 31.56031924498883, 20.635506519211276, 39.19704698429244, 49.70991452227502, 79.03232020221309, 47.71087059683682, 25.728616555668772, 33.146372059218415, 23.43806545419098, 69.49477480350112, 27.35578640590617, 33.84037304598966, 6.997675432273684, 44.789365940694985, 79.26558377097784, 81.93958972557543, 40.08179872507244, 49.81477926680241, 68.96703712334575, 51.61061260424687, 65.08321307781357, 43.185204794378585, 30.76572102117157, 37.79521011149087, 47.30918136856392, 84.33120287356334, 40.48130288692629], [17.021940070236298, 30.468617928704646, 59.79980178671557, 76.87664426077484, 63.59222273665301, 17.40245862931757, 28.827371009365702, 62.44389166396727, 45.92707010434602, 17.344425560294386, 91.08411164050655, 10.321988968231947, 82.82106304248369, 57.93706140559858, 10.026990115853621, 58.133455303808596, 25.69182747465929, 39.90544103714562, 45.49066154951608, 24.4131882166454, 47.05878718753718, 71.41207512394269, 40.359516738378204, 35.87665324736549, 31.56031924498883, 0.0, 52.17988265388373, 20.492779709422653, 32.4351059011289, 62.27509727294949, 37.33695782648566, 56.33177723673264, 55.54052281254173, 8.403599355908945, 84.60607795644351, 58.7579234703175, 7.651224650545541, 25.567097946156142, 13.29914624024072, 52.99227964639886, 58.14840493596065, 14.52743172381132, 67.76181431044921, 70.66846194737829, 55.12347629470091, 75.60137313818178, 27.080120255053473, 49.35829283221137, 7.533758953868446, 16.955048550830398, 59.2662703785198, 68.38968223126653], [41.63043160468252, 79.12419492981014, 13.490025074350875, 64.33636176019809, 39.80424358842874, 34.78771843863699, 36.59283143082314, 104.33560630933457, 12.18840013527593, 35.39820654745142, 84.13396139883334, 42.84571005417138, 71.52655374219125, 11.028233568279775, 58.931280686788284, 15.269269023713813, 36.827518731457644, 41.72411556275909, 13.525858610728134, 31.68110084171182, 10.041977930421476, 37.35288681798814, 17.99011042041378, 35.65845610750238, 20.635506519211276, 52.17988265388373, 0.0, 58.17447977686051, 66.39119295283899, 93.52499135915085, 63.29687009731115, 8.888623807133023, 28.58531843032211, 43.98108142696632, 65.16946583556074, 8.192311302641285, 53.99379944324815, 26.899367170348317, 65.37163420679227, 97.74553466193893, 99.36407851836702, 60.177678513893014, 45.636299689327316, 74.4038581294694, 58.21863723452177, 64.89227637348104, 61.126739281423696, 31.43145654792728, 58.396155239211666, 67.61836268389547, 102.22322422566583, 26.079664893625182], [35.31795645446415, 44.06205480230863, 68.92175343197964, 95.5135630417466, 79.44513078548357, 28.692079182580812, 23.55222812815576, 77.80129161902488, 55.986148234641, 25.544702337702777, 110.75461670337131, 20.20260898012265, 101.8087198548526, 60.32255662573368, 28.49201275076174, 68.25878107079302, 43.069393529006916, 58.34393851793738, 47.43513387626071, 26.52468349162566, 50.16223860427677, 85.30456263524907, 52.03768182172308, 53.15011274891798, 39.19704698429244, 20.492779709422653, 58.17447977686051, 0.0, 52.35902808824307, 81.22029452852377, 17.292276282854797, 64.67576009474803, 69.83229812957953, 24.44607330962367, 102.3766046645594, 62.71054919399439, 27.92326939152087, 36.09414689441007, 24.753748518125995, 67.30738617273592, 74.09310493587489, 8.557573022188054, 84.26325556245199, 90.88387613984018, 74.89249369978077, 94.45937776725499, 6.595375961753289, 64.96664811119454, 16.29450313574973, 31.024039288987797, 74.24287055340449, 79.58431526031902], [27.16559877295488, 23.82510555761588, 67.70129097355776, 58.531565536873394, 56.27583880965732, 39.17619237450149, 58.17045910861885, 38.03147005684716, 55.532442192584966, 42.2894536451129, 67.26265424424213, 39.092812936762506, 62.54475171625784, 75.7008388965714, 24.002572007382152, 64.62010039712557, 29.592047414285975, 30.737058971371713, 65.96680688480384, 50.66286076766897, 65.95109290929446, 67.78815115506218, 48.96360793696707, 33.141041451055564, 49.70991452227502, 32.4351059011289, 66.39119295283899, 52.35902808824307, 0.0, 30.5749510817986, 69.55054880415906, 66.20036536664536, 54.00553115334654, 33.386428863337684, 68.65680826162205, 74.46109268915887, 24.78577294802503, 42.89126391908479, 30.80427684100077, 32.79578476908314, 33.03102220161857, 44.81347917745513, 57.84970634656398, 44.69428940636793, 34.14778422286698, 56.490290792418, 58.90635838435372, 46.12493525216067, 36.36216739578185, 25.50209897355437, 36.19789869469502, 71.0055248901371], [57.304568264410335, 41.611089428094765, 92.03649359037819, 63.81085174426875, 72.76192996152943, 69.5630003965555, 88.74507863979449, 23.356413543506253, 81.76703863518136, 72.80489129035375, 63.10830357667355, 69.6073400906951, 64.50787590194288, 103.65214026124715, 52.90151174787138, 88.54430276156013, 57.9588727425845, 52.889963148396575, 95.10543561050328, 81.14728237505444, 94.6542497640837, 85.21105653648515, 75.54889631552201, 58.034964091264236, 79.03232020221309, 62.27509727294949, 93.52499135915085, 81.22029452852377, 30.5749510817986, 0.0, 98.50599437522752, 91.5770475566599, 74.8886498328764, 63.940226167411026, 74.81952179647614, 101.71723191966464, 54.74631101462536, 72.49491521023523, 57.373446206554355, 28.74728769305805, 20.407402725342017, 73.07831229354022, 71.91540152083127, 42.369041822845716, 44.13044231183797, 61.279016158778596, 87.57258690413049, 67.47797843273591, 64.92597192663432, 51.12427079359807, 25.10137494012309, 92.16436849821626], [50.391980082500176, 60.619298798484, 75.7051826427508, 109.3931756437942, 91.0946449595516, 41.1898019497006, 26.905305688424953, 94.36335517853927, 64.31913557696875, 37.28194864505511, 125.68892990782366, 34.39106736935885, 115.9990771943238, 62.39353811010294, 45.765828218274414, 75.85131006943023, 57.17282831550872, 72.63470442588913, 50.56420292057392, 34.3845881051579, 53.85748586124527, 95.19378807479517, 61.821336391802674, 66.72342895216234, 47.71087059683682, 37.33695782648566, 63.29687009731115, 17.292276282854797, 69.55054880415906, 98.50599437522752, 0.0, 71.11568682631783, 80.53860342682617, 39.66876440234128, 115.32895964873451, 65.85154110081425, 44.92568367792565, 46.88616982054556, 41.7090997982379, 83.65198249575171, 90.84741392423132, 25.545341400850706, 96.34723436411802, 106.69103744366326, 90.18427406437313, 108.57625337563489, 11.030275922116523, 76.86128107685788, 33.58176279260195, 48.03849110177264, 90.71854201893936, 87.49423929956717], [43.634574812693685, 81.27504246305311, 4.694483380087095, 56.97122224364758, 32.15998044120566, 39.10112049616343, 44.229699263745694, 104.20250650648802, 10.981043673021027, 40.51523494850207, 76.87664791007678, 47.78566872374256, 64.08469131352399, 18.070240980378873, 61.96530412090268, 6.594204134759733, 37.34323526089579, 38.79223822689915, 22.282423800567226, 38.240213666223546, 18.82861218983022, 28.608265266658965, 17.52739438106914, 33.7147807302327, 25.728616555668772, 56.33177723673264, 8.888623807133023, 64.67576009474803, 66.20036536664536, 91.5770475566599, 71.11568682631783, 0.0, 21.61015297804048, 47.944616855819845, 57.02689669836093, 13.610090717435632, 57.027554155395826, 30.798143974767896, 69.18787117925984, 98.42236407703575, 99.18967176062797, 65.80042520610226, 37.86338263822109, 68.833324081295, 53.47968584997036, 57.73499059420799, 68.15477344247991, 26.11752649494258, 63.06308912023873, 70.70784969559696, 102.37696504468678, 17.229074198932835], [39.176578713680854, 73.6269783723662, 19.62733002708604, 35.75410176918349, 11.620105323457523, 41.18626666922653, 54.66709115280106, 90.68347179369977, 18.72384281558646, 44.34737857990487, 55.55653516312263, 50.06155678239762, 42.952302814224346, 39.23678922042042, 57.76213840702955, 15.936805360163477, 30.613395107951337, 23.360469533683798, 39.31717050062654, 46.207307413919665, 36.45255592130125, 15.872560634466808, 18.8623595584803, 21.908638883230957, 33.146372059218415, 55.54052281254173, 28.58531843032211, 69.83229812957953, 54.00553115334654, 74.8886498328764, 80.53860342682617, 21.61015297804048, 0.0, 47.6708049515949, 37.405491717109484, 35.101267225517525, 53.29134261830623, 33.95055614562478, 66.43779849368282, 86.75050859821371, 85.70513028044311, 68.24553491251707, 17.493172786178732, 47.601578419790876, 33.34923318869294, 36.3265625871637, 74.81689249559759, 7.88313020197708, 63.03674921285576, 65.98236815094735, 89.48979715351844, 17.369752922825125], [10.888851409891723, 36.76525936915342, 51.39625207939153, 71.1068585036292, 56.23703852741393, 9.242956598835999, 24.865840186826695, 66.95255767184513, 37.524130679134814, 10.21518224864639, 86.39863597565504, 5.8255160028370705, 77.36535568196287, 50.20862301052462, 15.717113618040049, 49.74375046699126, 18.81642368450441, 33.92322082733921, 38.076324700055025, 18.328400233871324, 39.36834213762815, 63.51413628153675, 32.00255231290541, 29.03370368716765, 23.43806545419098, 8.403599355908945, 43.98108142696632, 24.44607330962367, 33.386428863337684, 63.940226167411026, 39.66876440234128, 47.944616855819845, 47.6708049515949, 0.0, 78.22749451801782, 50.76495880802113, 11.170269881515832, 17.220482582414263, 21.396762301029682, 58.22709066418256, 62.38741675400391, 20.831706251835076, 60.68481791560189, 67.02312322301132, 50.64626745152668, 70.02316319372888, 30.649723830270748, 41.84300783478643, 15.559180227870629, 24.03209806909694, 64.03969687773218, 60.08094011201073], [67.71779259051434, 92.29408007720369, 53.48735791049371, 11.023256930219736, 25.785757497619556, 74.29106193000426, 90.77342788953023, 96.52180739264433, 56.128945831058026, 78.08256749678785, 24.044663757792282, 82.19792254909342, 12.587667905911214, 75.08387592897236, 83.1061817735807, 50.47495097202611, 59.41284960658617, 44.72540643741959, 76.67219381688491, 81.77477110492487, 73.71357588814669, 29.97541300265791, 55.52310312277943, 49.23912330734797, 69.49477480350112, 84.60607795644351, 65.16946583556074, 102.3766046645594, 68.65680826162205, 74.81952179647614, 115.32895964873451, 57.02689669836093, 37.405491717109484, 78.22749451801782, 0.0, 70.46771961680248, 79.82915836685982, 68.63391255251723, 92.25225522757846, 96.9109366726971, 92.20429625613512, 98.83071172523617, 19.930205575059116, 33.172079931682674, 34.637108307948665, 13.54165699915329, 108.13166320077843, 38.80259032061369, 91.94335875948128, 89.57669362436026, 96.84563218154439, 43.36651428923322], [49.28916767407937, 86.53423964048692, 17.034416608368723, 70.57952444898456, 45.76881982335163, 41.522149489128665, 39.9661931305883, 112.35401405389813, 20.23449759921545, 41.59346382933659, 90.4816554195967, 49.02361981708775, 77.69473079830473, 4.914409643573467, 66.0536365999656, 20.02783750792205, 44.87290781872875, 49.821286536073636, 15.460111295317187, 36.690651870335515, 12.548408877512108, 41.43848294692598, 26.17969196127798, 43.83341149360892, 27.35578640590617, 58.7579234703175, 8.192311302641285, 62.71054919399439, 74.46109268915887, 101.71723191966464, 65.85154110081425, 13.610090717435632, 35.101267225517525, 50.76495880802113, 70.46771961680248, 0.0, 61.151334782958585, 34.04195441176117, 72.04113748141597, 105.59328972428624, 107.3938767024821, 65.57991921796167, 51.45677385119629, 81.84882922147673, 65.95805238577331, 71.32487664573782, 64.97208572659389, 38.858473065769715, 64.5756887144329, 74.66281644181299, 110.18745643929802, 28.823403016702468], [14.20000664929629, 25.690926669419447, 60.05210951502585, 71.54333280619473, 60.25638226153332, 19.967577072194835, 35.19080298981046, 56.03989994321415, 46.2158796194397, 21.38535527609731, 84.86140561019235, 15.802235702991602, 77.18898729020908, 60.916957720812, 4.95051458359407, 57.96950605623267, 22.68774125591949, 35.23006754789046, 49.04874795856543, 29.41599902213228, 50.153799709577065, 69.07332422343718, 40.107812800429286, 32.31093546360062, 33.84037304598966, 7.651224650545541, 53.99379944324815, 27.92326939152087, 24.78577294802503, 54.74631101462536, 44.92568367792565, 57.027554155395826, 53.29134261830623, 11.170269881515832, 79.82915836685982, 61.151334782958585, 0.0, 27.133546053802764, 13.15722150993079, 47.10846968397877, 51.57070135230119, 21.16551843495321, 63.9628786624233, 63.936536806268364, 48.968866856697666, 70.10863578671074, 34.517627236974946, 46.48179869693508, 12.947895487979519, 13.68976023476438, 53.03687936515878, 67.47941286961691], [15.984374546612736, 52.516592741258414, 34.422471751020666, 63.45019904135351, 44.22138976751401, 8.333642951063858, 22.640002435379035, 79.82254597706864, 20.686325839979375, 10.568761632354237, 81.09581679654676, 17.26395769987477, 70.35008370012305, 34.088222475158084, 32.05700776505722, 33.06635761520622, 15.309981999637062, 28.640844698632353, 23.179696221402143, 13.329432896575236, 23.596842785767922, 49.23789943450731, 15.990589948718547, 21.744949886397634, 6.997675432273684, 25.567097946156142, 26.899367170348317, 36.09414689441007, 42.89126391908479, 72.49491521023523, 46.88616982054556, 30.798143974767896, 33.95055614562478, 17.220482582414263, 68.63391255251723, 34.04195441176117, 27.133546053802764, 0.0, 38.59398959145508, 72.26897044530133, 74.97780723431721, 35.644940021548614, 49.467617598767895, 64.92849597880705, 47.55868446510668, 62.931692866932394, 40.87947521169852, 29.989702112701316, 32.284319415457674, 40.724807008330686, 77.34191820390068, 43.94374666841105], [27.29118053075112, 19.522054688794388, 72.46599451972082, 83.54718214827166, 73.33699588022819, 30.592094863194376, 40.500583752016226, 53.12319676892835, 58.57401322263034, 30.62671085844562, 95.67862695824657, 23.4334645247837, 88.8550569906233, 71.23170344672702, 9.156305