instance_id,num_cities,city_coordinates,distance_matrix,best_route,total_distance
1763,94,"[[19.830127213208392, 94.87714636561189], [43.27838394000082, 75.00145927323281], [50.878759766769, 5.291572326422411], [44.43644230225041, 22.949889294451676], [6.236998313855491, 49.65517525678263], [80.45676862711261, 67.69488767271102], [20.15892617585189, 70.35318064151717], [66.52051277030984, 19.048786045369358], [35.05214173182923, 12.680577678044925], [44.28901394563511, 97.68098002137911], [35.73187764174316, 54.40948079889565], [11.209369848567407, 91.68919183637301], [13.244927378844174, 12.147506993255153], [58.38745776037329, 93.9808063667461], [96.4487375445841, 95.58569121374839], [75.08141586521492, 90.70897703613319], [32.17833175755758, 22.24734043783011], [60.74003574244365, 34.604400917797484], [35.912291581759156, 8.267893495872292], [65.81061418364109, 68.25066290482931], [18.868892534040537, 86.26699705608576], [82.96956601506838, 42.13503165504932], [53.892168875518486, 82.12537044886722], [42.833255787736014, 10.607821446088817], [68.61581763197921, 39.27567912918877], [43.39190421214886, 99.98181893243398], [14.119489452277467, 91.0196714358053], [56.863358738628044, 43.77871120516572], [12.693391136538256, 48.04333148623686], [13.431378698375518, 58.31130695804766], [66.48576831904431, 80.75798369588908], [52.30690983738759, 3.757909084273836], [28.233745131031274, 94.16182610183435], [25.806518724717943, 17.846966011760323], [8.758635189920804, 44.11208285540419], [39.73300935497747, 52.73551090836725], [3.464197664590385, 2.107659350787461], [15.395585453423678, 14.390685170420625], [89.85608708725937, 57.630642008899315], [63.99475812815161, 7.601909422108455], [86.03257924555095, 95.52384921283313], [49.832992357007235, 41.7909315692924], [31.30864553566247, 61.582220721021365], [18.31964841830618, 42.824620401145594], [43.11435340428288, 89.03981985595657], [16.1117036649576, 56.584310148822325], [15.950618881836498, 83.55406237768179], [16.548076773884134, 48.10188654858655], [65.981826243265, 44.14966279830934], [11.351342870159687, 16.836775884636566], [46.70745738339988, 9.414566128950575], [14.040319155582015, 15.312186368340763], [63.775257865474835, 80.19468287113884], [36.61367776386797, 60.09178275646568], [32.8224520704684, 39.012375439848356], [69.72569539959702, 3.4050020391708458], [46.46104097612345, 0.8117834646420019], [78.43663030904597, 81.80397944306539], [77.9695793516184, 67.22486869504242], [27.853222819925392, 96.55233106634088], [18.271054713915312, 71.07771158281466], [48.985826359983484, 61.05063693339572], [26.06208572911686, 84.0380544078855], [99.90842145131931, 65.8644339048301], [12.959941896575344, 59.74989221983286], [92.16799432296654, 40.31482339505853], [0.7717264129641244, 52.01808457503216], [75.7653026548296, 69.02336138362612], [58.618773432897854, 93.12825952105491], [30.917768999278362, 12.35309967434799], [35.52449812915689, 39.27532999848562], [69.36644009867774, 6.993519599773846], [22.10359193200514, 13.222251329363587], [7.485637397755918, 81.23096518580604], [13.069234108025185, 21.075073278304004], [94.983981322299, 64.38607408123204], [19.39822790252368, 44.21152246975291], [16.226797620368394, 64.86278801142493], [4.6950809359283525, 91.63796466151562], [16.629116197010795, 65.37993531669761], [53.61099058660152, 93.44680346063711], [27.342765457487218, 14.432641125779766], [18.01450303872132, 36.57707886648607], [31.69005460854296, 35.28913898004083], [58.76524753809199, 2.6254299076562293], [52.89037872421748, 69.23958732259537], [39.50013933690452, 38.57674618000259], [3.8902963589471318, 19.47663096233574], [13.529426946765788, 67.73794115625697], [99.13323955261721, 67.24991124029947], [44.923142306206586, 29.391412809493712], [69.490291468107, 22.31260541878196], [34.189948427882236, 95.75383337658062], [49.7973916149269, 62.95210679519305]]","[[0.0, 30.73863498790619, 94.81346243744674, 76.0197411995199, 47.220756286216044, 66.44143915342225, 24.526169770153842, 89.05016750308401, 83.59417222519174, 24.619070318736508, 43.47985307140535, 9.19132806619949, 82.99131332578554, 38.56774772159896, 76.62188646146096, 55.408289391268454, 73.6720222647399, 72.84520890001914, 88.08971956722068, 53.133556285321795, 8.663639145345812, 82.26979637969188, 36.37073646815277, 87.35252169576103, 73.97003953276746, 24.10840138545619, 6.891407437574461, 63.10713361468462, 47.37445744263058, 37.1214842663363, 48.745252091774645, 96.73394860311954, 8.434007184519382, 77.26167187451837, 51.958344939163936, 46.6051730665218, 94.20202424037397, 80.60853302439081, 79.31542815289347, 97.81350421796485, 66.20561063586094, 60.978013400224434, 35.218013239785776, 52.07443715942869, 24.00478223391006, 38.47295126722223, 11.969244583134854, 46.89026323274902, 68.58029536559228, 78.49961279359162, 89.58930459483018, 79.77533915134119, 46.33302539562145, 38.62264996743567, 57.35567221979541, 104.19558969706837, 97.7624573419622, 60.04689749276963, 64.3804656345754, 8.196115354000217, 23.850446600402915, 44.6574465582737, 12.502928513434487, 85.17200650693555, 35.79278460956944, 90.60802451180582, 46.90545617123324, 61.6211169127897, 38.828052755080236, 83.26556360631993, 57.77434778317278, 100.88299236146915, 81.68653821290472, 18.40121435112089, 74.11110353762146, 81.10368226228545, 50.66746472610611, 30.22988077330424, 15.477788082525242, 29.670388119975936, 33.81113146698384, 80.7945428644211, 58.32833240840689, 60.75679799006428, 100.13152742344548, 41.83616454283706, 59.63760925796832, 77.06695745092149, 27.86099932240456, 83.97766219290813, 70.12874379197405, 87.93033899995876, 14.386557803470511, 43.78635731932167], [30.73863498790619, 0.0, 70.12299231240213, 52.064450793476404, 44.88316346412498, 37.8895536592399, 23.582108081050148, 60.587937693147715, 62.861461513942956, 22.702027098342715, 21.931241068330074, 36.151100714852994, 69.66080555250988, 24.25901333124486, 57.015761917362504, 35.47053641979521, 53.90925906143353, 44.00944906996907, 67.1388718850075, 23.521790989634848, 26.883742526563083, 51.53243637649455, 12.782900339740996, 64.39517630758789, 43.79859487467576, 24.980617597554183, 33.268968253184056, 34.05013270460666, 40.769871701636, 34.196562783380564, 23.91067257827161, 71.81335337809048, 24.361051165722035, 59.76539277940634, 46.322420373410516, 22.546444010863194, 83.05826566878564, 66.71668748360636, 49.7114445867851, 70.51147055364594, 47.424568580622136, 33.85117489651556, 17.981952085061575, 40.722075568936376, 14.039318853392425, 32.82102830560305, 28.634834781022526, 37.92224062424954, 38.30508632215499, 66.3510839788693, 65.67647293361392, 66.46558306561789, 21.144536222263767, 16.331465404207318, 37.47720195567804, 76.3250481291021, 74.25791070581897, 35.810285790641984, 35.552136364891446, 26.502371037763165, 25.313283290792057, 15.073166320820423, 19.443790158138277, 57.36241261589486, 33.938447600397176, 59.94461370251072, 48.32237004368344, 33.03237112230383, 23.74675634730413, 63.85610199616005, 36.55788640120699, 72.84000640284921, 65.30729171198047, 36.330805784515285, 61.81138924215187, 52.784043075865924, 38.96513904423469, 28.889115205619113, 42.017193888198086, 28.332970096404463, 21.14222037311092, 62.63006999995662, 45.98583138137679, 41.36856003976201, 74.01440785977205, 11.206677121580274, 36.62014276603743, 68.07663330576324, 30.62285319203591, 56.39017106210175, 45.63969290549228, 58.84878432693126, 22.65525746892405, 13.699794020560601], [94.81346243744674, 70.12299231240213, 0.0, 18.796797930951737, 62.93660405981165, 69.05818108197539, 71.94943399638699, 20.830875313643467, 17.46651764119531, 92.62411891193392, 51.40035963706563, 95.06949644059608, 38.25322444393804, 89.00652099828679, 101.14173609499257, 88.78007428225189, 25.24290157599814, 30.927118907129937, 15.259543166052756, 64.70554352438984, 87.07267660067812, 48.85959824810347, 76.89286812427598, 9.643269102280069, 38.33435452561639, 94.98576634634809, 93.27674378408604, 38.94965062649023, 57.32220589514493, 64.91069718690007, 77.06333733323754, 2.0956468129256822, 91.70997052643129, 28.04024217913484, 57.281209240902, 48.73556258431111, 47.521342586018854, 36.63126415917232, 65.25802832047424, 13.317922905299245, 96.83829209590945, 36.51433765817749, 59.59552388982686, 49.68727633490371, 84.10740140100596, 61.96525755053356, 85.70293095747174, 54.87548449497629, 41.68997256073464, 41.17898021708352, 5.865052554682403, 38.177001092818195, 76.00523424399094, 56.62645695897382, 38.2507883609988, 18.941122727987977, 6.291641086342626, 81.32394894253362, 67.59915461647564, 94.12067486730037, 73.42396439225638, 55.79118642516171, 82.56437337312786, 77.92932236776089, 66.35921453939869, 54.142672686647245, 68.51336904895855, 68.4184255398441, 88.17704592964985, 21.173245403228748, 37.29140833958623, 18.56585437237171, 29.848047731242335, 87.46287473427769, 40.97168696596778, 73.73893616069861, 50.05783061235371, 68.91653080926716, 97.92155870714112, 69.16393172388737, 88.19756153987285, 25.248805257301363, 45.37446737709868, 35.609835871393884, 8.324962748527554, 63.97964701981973, 35.17635287163789, 49.082905190427695, 72.76346364853106, 78.53235371723991, 24.824820052641634, 25.221115752502076, 91.98878789402502, 57.670673589824716], [76.0197411995199, 52.064450793476404, 18.796797930951737, 0.0, 46.60868823891519, 57.44196017215979, 53.258518753362964, 22.42598437077434, 13.91128528464836, 74.73123614899325, 32.64161980593848, 76.34873972628554, 33.009120960702326, 72.38799632842415, 89.33777799360692, 74.36671551345863, 12.278226623655792, 20.04082833222755, 16.977106530123272, 50.09007200348107, 68.2843740283842, 43.044991700123866, 59.92619072563345, 12.445756135081268, 29.174879692363817, 77.03901117987385, 74.51585650637605, 24.254238275092334, 40.46359027992307, 47.02918060374437, 61.870417455520396, 20.743104001318272, 73.03196108198722, 19.316155894321565, 41.481855752314374, 30.154693439278194, 45.9687217537407, 30.275920163570206, 57.14629245399091, 24.861379770792084, 83.64937696624314, 19.59866389568001, 40.801912692877046, 32.81907767350895, 66.10315303129396, 43.97232180678969, 66.96497540536481, 37.5550781881196, 30.226378641520967, 33.645117922108575, 13.724521219093912, 31.341008412859875, 60.42314274370322, 37.956763494357276, 19.821408382730734, 31.961679243170153, 22.23049098697781, 67.96923356724417, 55.54048146437363, 75.44748241779381, 54.780605928266695, 38.37139384947145, 63.79169927508444, 70.13414724533901, 48.42530632940308, 50.79214500909317, 52.45538476231064, 55.71590725585777, 71.59708209111265, 17.17691701456424, 18.599536637380616, 29.599164244334748, 24.3594570144654, 69.00757777334184, 31.42318705978555, 65.3606235486439, 32.84766697358814, 50.52202620577773, 79.35633245608099, 50.730229553719234, 71.09140062747679, 19.098096880054264, 29.72909635488074, 17.740560364363038, 24.86761566479944, 47.05534172188521, 16.38797556402781, 40.69463692303031, 54.41703031000426, 70.38630245900355, 6.459884061551758, 25.06195301176031, 73.52145884455246, 40.35984616558525], [47.220756286216044, 44.88316346412498, 62.93660405981165, 46.60868823891519, 0.0, 76.3806620120698, 24.94448841530192, 67.60808513618807, 46.87678909980921, 61.273434838666745, 29.875597529663267, 42.327095677502996, 38.15673267389045, 68.44291047127861, 101.23127081641357, 80.15590102122322, 37.73780849890892, 56.542965054418005, 50.92671324651798, 62.40839581874724, 38.7297075518764, 77.10019134744032, 57.66566445531747, 53.51618354023445, 63.236469219793264, 62.556039644202336, 42.10884955317209, 50.966275120013655, 6.6545509706844035, 11.255564186073126, 67.80338472331519, 65.030729581454, 49.64573335123851, 37.34606143204775, 6.089706553271004, 33.63734863798555, 47.62829718005283, 36.43437908684856, 83.99857187600583, 71.44533564990574, 92.0395023167402, 44.29962782447221, 27.764039834302924, 13.879730299341155, 53.95451370060443, 12.063279658665243, 35.263139006250796, 10.427417936376967, 59.9979593965091, 33.21451275557532, 57.07157506393728, 35.218357456737884, 65.14071566660007, 32.11954903966198, 28.636611869918198, 78.54866759089003, 63.274406594266075, 79.03374260939997, 73.8529438130509, 51.63917490551917, 24.571194030408506, 44.241596333547655, 39.68899683466564, 95.06353443101668, 12.12853169103862, 86.43713465877192, 5.954203338562029, 72.17556191935863, 68.0717226171811, 44.72790274967177, 31.07247709818885, 76.19280335740673, 39.737976029795604, 31.600468496584988, 29.385399011198935, 89.96124928699649, 14.242588246220258, 18.195262457012397, 42.01109514643144, 18.848453332814707, 64.51357876139583, 41.06190834984251, 17.59960859616272, 29.22740277625076, 70.50541762281236, 50.59730328463662, 35.05949431364481, 30.269647269121975, 19.497844443457897, 94.54779939596625, 43.67193384219525, 68.91005166304568, 53.91153587613031, 45.54466217770422], [66.44143915342225, 37.8895536592399, 69.05818108197539, 57.44196017215979, 76.3806620120698, 0.0, 60.35641080933378, 50.60298835883038, 71.33130061683376, 46.98161569212353, 46.656381229752505, 73.28662135678783, 87.19485709794371, 34.322062929290844, 32.15027203651809, 23.633508553374437, 66.3045022320079, 38.519214287450026, 74.26828442974865, 14.656695606126798, 64.32720830724456, 25.683075952006106, 30.231056764779744, 68.37003619084521, 30.787327501901796, 49.15536699354123, 70.31841967731586, 33.59512594101723, 70.55536116752738, 67.6790549736612, 19.126769913365273, 69.8595146053831, 58.54693000391455, 73.969352493519, 75.47695689035528, 43.384415663143386, 101.14119092818292, 84.10883164308898, 13.770847043548494, 62.307012644607624, 28.382050039669178, 40.1102308002498, 49.52678770801325, 66.9294546668562, 43.0123482802506, 65.29726118221413, 66.42707864480245, 66.84464516654161, 27.63876935396819, 85.80272375454062, 67.34695159150934, 84.58777781894527, 20.84508770174105, 44.49745858821782, 55.60318895357446, 65.17933205693333, 75.0270559666821, 14.252979667718693, 2.531210842956788, 59.999042248234225, 62.277656607332204, 32.16467433486412, 56.796836412842794, 19.537588351427054, 67.96281756547785, 29.779535374945173, 81.21248738977287, 4.875930205579438, 33.522446773448365, 74.2753389960781, 53.1655921673039, 61.706170459645385, 79.82707147706853, 74.21597797868402, 81.94197277787593, 14.89926696432884, 65.41875752925753, 64.2923787397749, 79.45504551322315, 63.869618905615006, 37.20022802818317, 75.21944057176353, 69.76642857931002, 58.55189958064087, 68.5897690694004, 27.6096350806524, 50.252479011536536, 90.48439067474237, 66.92735552821681, 18.681771068520792, 52.247438081794066, 46.688490700110194, 54.11028631748878, 31.024045017171623], [24.526169770153842, 23.582108081050148, 71.94943399638699, 53.258518753362964, 24.94448841530192, 60.35641080933378, 0.0, 69.14866315723438, 59.56456163004235, 36.45640896637277, 22.28717976843671, 23.136981915588116, 58.61487715770637, 44.940909253376816, 80.35430858674913, 58.57335845362848, 49.58465460442587, 54.0814358665777, 64.05272360773749, 45.700078761350206, 15.966018278631578, 68.85811796174991, 35.72836570422563, 63.90331109370719, 57.56632201070066, 37.6513940699284, 21.530876379944573, 45.3146532104016, 23.525806739718433, 13.79371657206042, 47.480903841023675, 73.94878665188057, 25.140690122071153, 52.809070019686004, 28.610519876161725, 26.334901160431066, 70.25784750693812, 56.16484945399964, 70.84883364155743, 76.54607894988517, 70.51879696275388, 41.186797348026374, 14.186119262486082, 27.589936056054373, 29.59969804525741, 14.351369436304406, 13.85543679907161, 22.542367271734793, 52.786006838436265, 54.2363264038871, 66.47058934588546, 55.38003613621369, 44.71285672147168, 19.39214109835881, 33.8025288813215, 83.30019945625382, 74.3492243690448, 59.39201623307331, 57.89523258648522, 27.30563465348391, 2.022128517600197, 30.290716295053112, 14.903793567838342, 79.87572124217671, 12.816204586643247, 78.02312991338964, 26.684063828685268, 55.622275433323146, 44.69747273621264, 58.98950831374488, 34.66891405917944, 80.22360047884729, 57.16401673232423, 16.701450387465847, 49.7854958689473, 75.06260879006703, 26.15272364080678, 6.753224874785375, 26.309172172120647, 6.098584060875586, 40.649182381109696, 56.38008767779202, 33.84410734098803, 36.91143373765052, 77.95829826639726, 32.75039047104409, 37.19978916107196, 53.41433911767231, 7.126691910958216, 79.03526082900004, 47.86577926322219, 68.85840884982163, 29.018317401328712, 30.54856015693681], [89.05016750308401, 60.587937693147715, 20.830875313643467, 22.42598437077434, 67.60808513618807, 50.60298835883038, 69.14866315723438, 0.0, 32.106268136068785, 81.71451198821626, 46.88623237723491, 91.30142980693728, 53.720719013789264, 75.3721052726927, 82.18026825761115, 72.16974459309874, 34.490812500058205, 16.594910928624948, 32.451361273312465, 49.206997901688894, 82.39517463190927, 28.346888524128513, 64.3283030208065, 25.14629250455819, 20.33512985666914, 84.17296683695616, 89.02626347691022, 26.548631271701318, 61.13953458033003, 66.03030898705774, 61.70920743169372, 20.87671972734552, 84.30803854193397, 40.7317282046524, 62.96509627245678, 43.03911908045707, 65.2924241271042, 51.33669347472713, 45.090005969088615, 11.722219113313857, 78.92500253152863, 28.20777411593626, 55.21746697792637, 53.74582424331742, 73.80103732429927, 62.84873590726182, 81.9649000645974, 57.80421272076026, 25.106656426945875, 55.21349741161864, 22.031235942694686, 52.61304875205094, 61.20749237732393, 50.783327570469424, 39.16764221192734, 15.968756173217646, 27.11034252441705, 63.87650707090367, 49.51783582762242, 86.61384879408641, 70.95786986174826, 45.51506020569988, 76.55383282986344, 57.50180284645394, 67.2704600559955, 33.3172275940277, 73.55186981309119, 50.82247849375334, 74.49970385841279, 36.2268902889111, 37.011700905550285, 12.38663600145949, 44.797448181264144, 85.7422877750899, 53.48967218616656, 53.531660991014036, 53.4197813129536, 68.03220237306148, 95.34973976720931, 68.08617219991366, 75.50973949322129, 39.448760163356624, 51.57590551123433, 38.430585205032784, 18.16234471780024, 52.008625120882, 33.338293410138746, 62.6316777597974, 71.9631086194189, 58.197409033691144, 23.946113240893624, 4.412720523232043, 83.24019267627395, 46.98046779289789], [83.59417222519174, 62.861461513942956, 17.46651764119531, 13.91128528464836, 46.87678909980921, 71.33130061683376, 59.56456163004235, 32.106268136068785, 0.0, 85.5008082232143, 41.73443897522251, 82.52780672171545, 21.813728754892406, 84.58288336884203, 103.16394635609221, 87.69705749927445, 9.98908071196924, 33.771614177419394, 4.495735696849964, 63.51470695579843, 75.34493129254702, 56.24628351298801, 71.95502668860182, 8.05245641702847, 42.823121805012555, 87.6986793673952, 81.08754246025583, 37.98451126694016, 41.838237117273685, 50.49377039569988, 74.98403890524222, 19.425268008726754, 81.76603437188977, 10.591180916421743, 40.979116681350554, 40.327511673682736, 33.31043098415069, 19.730805162527055, 70.88004451091238, 29.384824571852146, 97.27287724580339, 32.64791339239756, 49.044718941731134, 34.47665361051174, 76.78367745189344, 47.8150386283499, 73.40244552232885, 39.96335248787522, 44.12424166241724, 24.062457277131774, 12.104264305465465, 21.175978189319444, 73.37010154314251, 47.43691349326414, 26.426030525875344, 35.892779599580294, 16.463027001331312, 81.61040693854603, 69.40451090812044, 84.18013690846138, 60.760432271293176, 50.336966532390576, 71.92155860506392, 83.87406978443396, 51.99601585693428, 63.449760862912726, 52.17840859306079, 69.51309767256838, 83.82848945106892, 4.147321995525, 26.598946812828547, 34.78237631322407, 12.959874700901139, 73.88550459098654, 23.531166226506308, 79.1535454354244, 35.20291887944891, 55.47410798013812, 84.59208059519266, 55.826787166943376, 82.87106912535243, 7.905960337889132, 29.348320246413707, 22.857179921649877, 25.756890023125177, 59.30534774342832, 26.275392019464515, 31.894309010955755, 59.11463883752607, 84.16768538664942, 19.408468850731662, 35.75978349566195, 83.07772980557222, 52.38939810583114], [24.619070318736508, 22.702027098342715, 92.62411891193392, 74.73123614899325, 61.273434838666745, 46.98161569212353, 36.45640896637277, 81.71451198821626, 85.5008082232143, 0.0, 44.109491344661556, 33.61791753280749, 90.99291356484426, 14.575918601301579, 52.201791167604, 31.571836208925518, 76.39962437002808, 65.1865856566323, 89.8046185871263, 36.45987990086121, 27.865060195740043, 67.68705554469861, 18.281071461480785, 87.08532698504347, 63.269048909409214, 2.469547644517094, 30.89616869819859, 55.349514275270735, 58.8402883472968, 50.02164341729012, 27.912071032906347, 94.26468007046697, 16.43642604152855, 81.94554547063089, 64.28090352587859, 45.175794089520956, 103.92749996216014, 88.15953395064051, 60.666199234895366, 92.2093016664543, 41.79926383650214, 56.164341112509824, 38.361574356167665, 60.692900216387805, 8.72063509108685, 49.82867737826774, 31.664403308821917, 56.812376334307096, 57.75967476550685, 87.2964805612432, 88.29953958028983, 87.74737434452723, 26.18175490928734, 38.36480856883974, 59.77865174776894, 97.64724669898352, 96.89354438232168, 37.65818437825248, 45.40875689984183, 16.474497819104148, 37.21112863375355, 36.93023262313615, 22.767308393954465, 64.07660335933741, 49.196322802256155, 74.72130009607991, 63.0781605212547, 42.567779562615804, 15.03560011828157, 86.36919216904099, 59.05960287788952, 94.09087511646136, 87.32393602096933, 40.31242380973338, 82.72327121818597, 60.65089017388168, 58.97909901574546, 43.180107826269804, 40.052435204575175, 42.52560913706217, 10.238530150478644, 84.95564293617355, 66.51343217534689, 63.65120269802704, 96.15154157082381, 29.71357088437313, 59.29792389278281, 88.02259138651664, 42.92712159951126, 62.72112108044906, 68.29251136665201, 79.47009675973761, 10.281294593698952, 35.16300413940844], [43.47985307140535, 21.931241068330074, 51.40035963706563, 32.64161980593848, 29.875597529663267, 46.656381229752505, 22.28717976843671, 46.88623237723491, 41.73443897522251, 44.109491344661556, 0.0, 44.62208246489822, 47.87209377157778, 45.597863082698105, 73.36223402125539, 53.53540497164178, 32.35785779305999, 31.900613797955533, 46.14194001158033, 33.110552910613315, 36.04527165690019, 48.80636541108398, 33.1355808276381, 44.37358373663001, 36.19924670845332, 46.21162202321915, 42.513543509369136, 23.65486748013981, 23.90187686190301, 22.639268992160154, 40.49747395460934, 53.29459080852508, 40.45331813624523, 37.88575243005293, 28.871997034694605, 4.3371915084585515, 61.45472884894812, 44.88951752383128, 54.21997720068626, 54.67850721793743, 64.96577461950477, 18.922717058418378, 8.426931841110322, 20.913983766008577, 35.40849236541264, 19.740342184993548, 35.22364026515295, 20.194156604428944, 31.942499210297683, 44.789715675837684, 46.31420620955414, 44.71154371466107, 38.096034180465544, 5.750315381992848, 15.669575954453597, 61.29466941998626, 54.6610291285306, 50.73612575217903, 44.1390712709398, 42.87298718850438, 24.139392179235664, 14.82471286158866, 31.166604719424004, 65.19083314394443, 23.389763823667145, 58.16953354968733, 35.04184569680383, 42.61737467305063, 44.97725897262646, 42.33101505178754, 15.135571568718248, 58.13395882017719, 43.38338440880494, 38.95179216208572, 40.308536771821004, 60.08613986679872, 19.255816468964294, 22.129613153413903, 48.46898761545812, 22.02876226984882, 42.936875064353664, 40.847581488872066, 25.137619646712942, 19.542870943174037, 56.67560370643178, 22.67920234270935, 16.274989453622243, 47.26722221891773, 25.895881378332216, 64.68855653107558, 26.65301243864475, 46.58154047730261, 41.373095554580914, 16.45646202081247], [9.19132806619949, 36.151100714852994, 95.06949644059608, 76.34873972628554, 42.327095677502996, 73.28662135678783, 23.136981915588116, 91.30142980693728, 82.52780672171545, 33.61791753280749, 44.62208246489822, 0.0, 79.56772663675237, 47.23371122588083, 85.32838046403214, 63.87956702582875, 72.53873509510622, 75.57751132518376, 87.00199629302207, 59.419361502907684, 9.384481019462498, 87.20745693535036, 43.74114781652637, 87.03021766179836, 77.73465482920568, 33.23376569420663, 2.9861436125333882, 66.17930836664183, 43.67108247898989, 33.451764113113164, 56.34688579928374, 97.06141498846125, 17.20300188830136, 75.27118353025678, 47.640186810654676, 48.28029896896369, 89.91573085186747, 77.41177903831321, 85.70467285261216, 99.28226568548259, 74.92140723224362, 63.10008394095665, 36.19959382212001, 49.37916972659352, 32.01479576041507, 35.445529974092004, 9.41593190848048, 43.91303876851524, 72.52605601209781, 74.8525505921517, 89.60596104014, 76.42945268836297, 53.807957769812276, 40.543496657520954, 56.938320214103804, 105.9162807322014, 97.47504126517585, 67.95014328963425, 71.1015378149777, 17.339779840073938, 21.787622894210134, 48.639302144476375, 16.70757531714068, 92.38203222191225, 31.987237493887914, 95.88339068645156, 41.02122806340155, 68.41935640298955, 47.43123932623963, 81.74739455557635, 57.77922097140694, 102.74045802742805, 79.2195987577179, 11.101382258072901, 70.63860725408334, 88.11155296966326, 48.17869326490645, 27.291583384340843, 6.514490330085384, 26.861694456968795, 42.43803294020392, 78.92313400754166, 55.53066570590807, 60.00353664938891, 100.9649205997616, 47.342277551011904, 60.17723424886797, 72.58252396226658, 24.063355420237222, 91.25724793016906, 70.83524352331509, 90.60781736572402, 23.337272820328533, 48.11294504086238], [82.99131332578554, 69.66080555250988, 38.25322444393804, 33.009120960702326, 38.15673267389045, 87.19485709794371, 58.61487715770637, 53.720719013789264, 21.813728754892406, 90.99291356484426, 47.87209377157778, 79.56772663675237, 0.0, 93.45874456464024, 117.83380080481768, 99.97827705868453, 21.45880791134584, 52.53662915726706, 22.996973731268792, 76.88117801190613, 74.33254866638778, 75.8997817407518, 80.92650749353544, 29.62836157496038, 61.65933190411302, 92.8639142294615, 78.87701301819789, 53.88042904602529, 35.90006139629182, 46.16417649307666, 86.84460062308057, 39.95276994985376, 83.37273652970819, 13.794107808928807, 32.27787055633434, 48.466530189270955, 14.016462265038603, 3.1076001171748957, 89.09537228565587, 50.95299577416587, 110.67816725165393, 47.08947992324285, 52.63163340611009, 31.0940200146094, 82.49006236186703, 44.5291801065464, 71.45779816352135, 36.105791850266705, 61.687263499097725, 5.057163733478217, 33.57394644770818, 3.263103373415318, 84.75690204369053, 53.33621727322182, 33.241549748829634, 57.153377407518846, 35.09713421954155, 95.40430957294777, 84.98703633511555, 85.65965574587881, 59.14415414016579, 60.57167636711302, 73.02417651539234, 101.96111730298672, 47.60323829304691, 83.79885565534723, 41.77611397724459, 84.52017591844405, 92.8260102864801, 17.674037436066207, 35.10410309096788, 56.35767717014786, 8.923621072940499, 69.32311026582832, 8.929294927336201, 97.00588039379922, 32.64910712120321, 52.799549268548674, 79.94893829505774, 53.33989275549252, 90.76890803013951, 14.281837294104243, 24.890818264666343, 29.593206138091862, 46.5055856798354, 69.50731938947291, 37.25373590598641, 11.88382007910636, 55.591162161221156, 102.04448599441412, 36.06745886229681, 57.1565412488753, 86.18997457976067, 62.5874588297462], [38.56774772159896, 24.25901333124486, 89.00652099828679, 72.38799632842415, 68.44291047127861, 34.322062929290844, 44.940909253376816, 75.3721052726927, 84.58288336884203, 14.575918601301579, 45.597863082698105, 47.23371122588083, 93.45874456464024, 0.0, 38.09510039603666, 17.01155796436254, 76.37151576344692, 59.422993421735804, 88.61058925188527, 26.7795357288942, 40.26437447209563, 57.378257220845995, 12.679076581566646, 84.81148397231202, 55.65312472575476, 16.151742259930046, 44.3668946198155, 50.22522510094362, 64.79351297021093, 57.38782303499351, 15.505665844768254, 90.42756359145848, 30.154255976187365, 82.81231330933554, 70.35559405178894, 45.26767989149146, 107.03849607578093, 90.45931945633262, 48.0791959225134, 86.56070502708961, 27.68815131342452, 52.88631117511676, 42.22476078492936, 64.97987925519207, 16.052447301636963, 56.44233618227761, 43.698996375390365, 62.09194058018885, 50.40652043131022, 90.3526288659606, 85.36903066547401, 90.30736667008992, 14.801540156641359, 40.28105530636404, 60.62258584463382, 91.28270352235799, 93.92926192536824, 23.45728956669388, 33.15629181175724, 30.64232763154743, 46.193912413516244, 34.24597395166268, 33.81993485319807, 50.14499801816774, 56.88070569963912, 63.41263579740365, 71.27722300192124, 30.411569398195176, 0.8833702872824466, 86.12587474442044, 59.290843034797, 87.67739795559781, 88.53509547731319, 52.47431530155838, 85.8428058265071, 47.0654195335581, 63.22295203901616, 51.238464617724624, 53.74346691751434, 50.613920169691944, 4.806224897552353, 85.39135502722132, 70.17950843287996, 64.47839293657218, 91.35615760909705, 25.344541773730892, 58.53495265570649, 92.30824856698472, 51.97048107272493, 48.73150406176937, 65.97785651825123, 72.5231269558846, 24.262379987824655, 32.19579838247283], [76.62188646146096, 57.015761917362504, 101.14173609499257, 89.33777799360692, 101.23127081641357, 32.15027203651809, 80.35430858674913, 82.18026825761115, 103.16394635609221, 52.201791167604, 73.36223402125539, 85.32838046403214, 117.83380080481768, 38.09510039603666, 0.0, 21.916769308449485, 97.51512064577825, 70.66703015235058, 106.24998394404562, 41.059692835307104, 78.13750963950679, 55.12405166877754, 44.63453564201591, 100.47814804358319, 62.813126747716744, 53.23864669753362, 82.45576770643243, 65.19942785654426, 96.30801638696475, 91.00143730426349, 33.43112973032509, 101.88641972387718, 68.22985110520172, 105.0410989842741, 101.6812982234173, 71.08313285358922, 131.8494106838058, 114.72681670075579, 38.523353958280666, 93.77849773973315, 10.416341879162497, 71.18218783233546, 73.4810696198724, 94.27558093692325, 53.734578843217655, 89.30367706622069, 81.39230430876536, 92.94529195754737, 59.78208513757527, 115.94377191503811, 99.49702382711399, 115.04339616658794, 36.11702385501113, 69.57048164657076, 85.14014482538231, 95.97604095909996, 107.14879093231347, 22.67976160356867, 33.8498972148837, 68.6023252736049, 81.92918380139588, 58.69751197677966, 71.32761505610529, 29.921940925639362, 90.85473839204691, 55.43639230650306, 105.12957151680037, 33.665439917561116, 37.90969737700004, 105.93381014978418, 82.96155572638249, 92.63921257344788, 110.95466148722296, 90.1137689094839, 111.82116874031011, 31.23398181478517, 92.60716090150788, 85.90376258572039, 91.83854335729808, 85.34377330175997, 42.89111102847018, 106.59011641180884, 98.15266411906585, 88.48367774275056, 100.30780428843175, 50.90626497168339, 80.58016289187046, 119.83177411299634, 87.47061937177521, 28.462659358093067, 83.8842622792207, 78.07498265625702, 62.25901616685632, 56.932406492713106], [55.408289391268454, 35.47053641979521, 88.78007428225189, 74.36671551345863, 80.15590102122322, 23.633508553374437, 58.57335845362848, 72.16974459309874, 87.69705749927445, 31.571836208925518, 53.53540497164178, 63.87956702582875, 99.97827705868453, 17.01155796436254, 21.916769308449485, 0.0, 80.79399923055443, 57.908536894346966, 91.27295630374356, 24.296576660908336, 56.38775545631309, 49.21027415765078, 22.861812921011214, 86.34893719811032, 51.83809500838273, 33.01833953492515, 60.96271813974824, 50.34230285190434, 75.58189558178175, 69.64435446725857, 13.149426801027165, 89.88418293993892, 46.97474236107103, 87.95958241557534, 81.05542414788304, 51.87961037411118, 113.92637727223413, 96.88591241891255, 36.227988598505384, 83.84329828424491, 11.9628998767344, 55.0495963831318, 52.577783861281695, 74.26176576168675, 32.01061024212543, 68.131636169632, 59.562101672617615, 72.39831451763709, 47.440196812242725, 97.5634373467963, 86.10379065217522, 97.0087188376265, 15.439546317917541, 49.16481933448678, 66.77094156600383, 87.46809585200803, 94.3431569899073, 9.516115073738645, 23.66104040189872, 47.58830743623352, 60.10660294376775, 39.50439126572122, 49.47116266779909, 35.12309111931407, 69.40851864648346, 53.21204642365429, 83.77896577259973, 21.69639664481798, 16.639456829962192, 89.94482320642068, 64.88582116588012, 83.91030188118143, 93.86608806941048, 68.25702876082971, 93.24371956781515, 33.000111086883635, 72.54399150061293, 64.27979134881795, 70.39246524157127, 63.7042517492078, 21.644279964351632, 89.98365497500261, 78.65681749852116, 70.3858556946672, 89.58196595081866, 30.87680074206024, 63.117325144693744, 100.70860253093056, 65.69867448595478, 33.597886699956916, 68.33275310382305, 68.62451691955832, 41.201488864775165, 37.54631443779191], [73.6720222647399, 53.90925906143353, 25.24290157599814, 12.278226623655792, 37.73780849890892, 66.3045022320079, 49.58465460442587, 34.490812500058205, 9.98908071196924, 76.39962437002808, 32.35785779305999, 72.53873509510622, 21.45880791134584, 76.37151576344692, 97.51512064577825, 80.79399923055443, 0.0, 31.120216551718087, 14.469533260328934, 56.98627992061387, 65.38851279822671, 54.54603321372505, 63.693556977044366, 15.779917884703334, 40.22007826243377, 78.53911989589902, 71.10383461039238, 32.75592288696277, 32.327945576144025, 40.64551549893971, 67.82695318155075, 27.33164333320781, 72.02258681811173, 7.743597123758058, 32.03980568460179, 31.41021636731417, 35.07289909597843, 18.53072058771146, 67.6661029610999, 35.02532850141014, 90.93803775511726, 26.33702707587801, 39.34449340146016, 24.809021637023683, 67.68184303251861, 37.909946283258165, 63.41807960027751, 30.21195831865057, 40.27887739532472, 21.518310224087525, 19.384931981158612, 19.41864730399569, 66.00197144443736, 38.10346583454356, 16.777404137601298, 42.00997777667985, 25.75808388395573, 75.41102992585729, 64.1857959703618, 74.43076111142126, 50.77221189711512, 42.28696836772944, 62.09267910478348, 80.55939357042121, 42.14009846939732, 62.65136514970259, 43.27438117124029, 63.936063121849976, 75.65184496143985, 9.974217701319327, 17.35365257990994, 40.19495555601985, 13.525997780878624, 63.94370292027683, 19.145020848060415, 75.63215249031775, 25.41173640027168, 45.50305279019991, 74.63503068852664, 45.84974204434369, 74.35537908731457, 9.189789267449843, 20.148336095326336, 13.050935743840729, 33.04365996035212, 51.354261330758675, 17.895763692043925, 28.423401937675088, 49.1647882570983, 80.67336026642378, 14.610542973227318, 37.31201679029695, 73.53401325769529, 44.354360264409955], [72.84520890001914, 44.00944906996907, 30.927118907129937, 20.04082833222755, 56.542965054418005, 38.519214287450026, 54.0814358665777, 16.594910928624948, 33.771614177419394, 65.1865856566323, 31.900613797955533, 75.57751132518376, 52.53662915726706, 59.422993421735804, 70.66703015235058, 57.908536894346966, 31.120216551718087, 0.0, 36.19431589757602, 34.02619155045594, 66.49974791927019, 23.470458356035174, 48.011830060933825, 29.941419383328324, 9.15689797364562, 67.6399619592806, 73.18577788077086, 9.959748683617645, 49.890729727169884, 52.91622081474175, 46.509855365244505, 31.97848762787522, 67.85090879174534, 38.74483495716305, 52.84375099506578, 27.74945597906091, 65.85256137762224, 49.64588075892254, 37.12077888056084, 27.19793677437292, 65.96129120497942, 13.06176933714067, 39.92504841373437, 43.209504383691545, 57.2178251321967, 49.74740630246426, 66.34878461396654, 46.207265184516224, 10.889829751747902, 52.48744119264912, 28.834719212992272, 50.52774556137915, 45.69120683371474, 35.09540970412593, 28.26343428298813, 32.46759260958291, 36.68556508862727, 50.408031822494614, 36.8910841665941, 70.13621399740313, 55.98139637833586, 28.940712458393975, 60.384156154614615, 50.11339243545204, 53.99289861399107, 31.942534423678254, 62.445452215116376, 37.555605245245545, 58.56228974007052, 37.20870866782721, 25.644510437984533, 28.927074156838625, 44.15847723075758, 70.78182986115442, 49.553486606341195, 45.382770577497055, 42.44339595257329, 53.823771306183794, 79.96164300821427, 53.785748490483385, 59.2726886672742, 39.016375479960935, 42.771048655674655, 29.058050005013598, 32.03988725509972, 35.513564346582896, 21.608163415713925, 58.82807401060183, 57.67731851943318, 50.396105435103905, 16.653809263666847, 15.088247474578436, 66.6645349975691, 30.38640961042953], [88.08971956722068, 67.1388718850075, 15.259543166052756, 16.977106530123272, 50.92671324651798, 74.26828442974865, 64.05272360773749, 32.451361273312465, 4.495735696849964, 89.8046185871263, 46.14194001158033, 87.00199629302207, 22.996973731268792, 88.61058925188527, 106.24998394404562, 91.27295630374356, 14.469533260328934, 36.19431589757602, 0.0, 67.02120798951862, 79.83944894158952, 57.97732422408404, 76.01449131159676, 7.3058201697425735, 45.06665492355883, 92.01841513568837, 85.57326087554875, 41.23063653879598, 46.05651751066743, 54.861048796177045, 78.6736973645696, 17.00363099872043, 86.23646406314175, 13.92426929151948, 44.96806607235854, 44.63145620127817, 33.02767451062327, 21.410833898902606, 73.12054440647701, 28.09036244187245, 100.626264183768, 36.29848470316586, 53.51271852922456, 38.77716425787513, 81.09237807842567, 52.216275240890695, 77.88758310462059, 44.291306343900196, 46.81536374987186, 26.01280352069523, 10.85589530220166, 22.978364604222016, 77.13499802269676, 51.828635334829144, 30.899357245887877, 34.16129375576739, 12.917805176689809, 84.94630845790768, 72.42057980430917, 88.65151158577011, 65.2402213848341, 54.37770973835569, 76.40774725099413, 86.0980029115793, 56.366714900593905, 64.74341516224213, 56.115403766214946, 72.6600947553068, 87.84569448745944, 6.452454211194888, 31.009861370626574, 33.47841217589483, 14.670577615056375, 78.30507326174545, 26.188339556524788, 81.47830828517273, 39.55576775912502, 59.92078735906665, 89.0229352845131, 60.27956680221471, 86.9982221039575, 10.55655679353022, 33.49239930311158, 27.34913147750203, 23.539222401906834, 63.29141245948434, 30.52047185976019, 33.92703897545286, 63.542735210225736, 86.46251603751688, 22.96515837026194, 36.39692307551693, 87.5028921964904, 56.4194929709288], [53.133556285321795, 23.521790989634848, 64.70554352438984, 50.09007200348107, 62.40839581874724, 14.656695606126798, 45.700078761350206, 49.206997901688894, 63.51470695579843, 36.45987990086121, 33.110552910613315, 59.419361502907684, 76.88117801190613, 26.7795357288942, 41.059692835307104, 24.296576660908336, 56.98627992061387, 34.02619155045594, 67.02120798951862, 0.0, 50.28034931937433, 31.248293129829143, 18.290895221264925, 62.053655575569124, 29.110459480832674, 38.85183161234586, 56.483627056670585, 26.056281392189934, 56.83111495735859, 53.313929761908646, 12.525530187462246, 65.89131449917963, 45.64438044292872, 64.34951681228857, 61.948360381065825, 30.344050736071164, 90.89539356819438, 73.77379157546159, 26.28630082359689, 60.67593124313877, 33.952239430650074, 30.90957427050267, 35.14048892296305, 53.86905852828081, 30.77839014801191, 51.04983343138056, 52.15566284615389, 53.22378021807162, 24.10160823895028, 74.89459266542895, 61.85965473194278, 74.04489006877266, 12.11619941638053, 30.31548154945978, 44.08056593885592, 64.96374060990884, 70.15987773265574, 18.523192823717174, 12.202159141599404, 47.34710107137075, 47.62354374469935, 18.300651881843322, 42.76899864119913, 34.1812016948522, 53.52996042809779, 38.407325042556366, 67.03397289195765, 9.984632466823614, 25.89628133118133, 65.8942199298661, 41.914421655310115, 61.360259972022185, 70.27396299216268, 59.751913478813165, 70.76149679656938, 29.428224495922244, 52.2684405082549, 49.69942214225066, 65.43756022049251, 49.26520903329428, 27.994219310733914, 66.1525120749659, 57.338330690834695, 47.44127575394894, 66.00233630034221, 12.958026695102973, 39.65832094848078, 78.82278827495571, 52.28370130823441, 33.3376493678722, 44.11720525376077, 46.085194482710016, 41.90812437744779, 16.867068325057], [8.663639145345812, 26.883742526563083, 87.07267660067812, 68.2843740283842, 38.7297075518764, 64.32720830724456, 15.966018278631578, 82.39517463190927, 75.34493129254702, 27.865060195740043, 36.04527165690019, 9.384481019462498, 74.33254866638778, 40.2643