instance_id,num_cities,city_coordinates,distance_matrix,best_route,total_distance
513,80,"[[11.960687011777349, 55.934589355169805], [76.22304881694359, 78.44800077191388], [22.401707863195007, 89.38675846544328], [77.39347376689075, 49.46913533952413], [74.24332217486122, 20.60634991908007], [47.769141798466585, 50.894056464681], [8.549628598418657, 2.095999656027203], [32.25741917867059, 0.2583787309116792], [36.227945428287086, 5.205547518269793], [10.562933519533935, 17.305241109571767], [53.39131895915815, 89.32607980214658], [12.12212704291009, 12.93128213657645], [3.3868310799412438, 35.566679642694965], [51.255908552325515, 91.2789582564374], [86.69916994780125, 18.3651486026991], [98.04903154895803, 30.520504486035982], [82.99621092268116, 58.34665614950869], [99.86242151837142, 85.53510555970446], [26.508116107948286, 30.919767408530273], [17.514943621550984, 47.161869528160125], [56.309514032160145, 37.558299675879624], [32.179024640218465, 55.91940335348682], [21.820374263673326, 10.101403291812606], [9.02012664241636, 6.109784405457031], [20.571889791891817, 11.563625980503101], [92.7491142536157, 59.70805652015302], [66.62999449191561, 32.98926410162407], [7.568514717948482, 2.932044492104302], [56.14199874936491, 7.755915124684698], [12.410568230832231, 26.840756232079755], [1.0551857764437678, 74.96646777222108], [7.202607177633203, 16.577485713802375], [19.253554763695803, 51.585155377203826], [75.81281636597774, 11.737305723228175], [42.44969642993098, 54.11559159781929], [65.41048655095585, 15.840429300166747], [37.80173365149865, 62.51853308074008], [88.70433432938609, 83.42302911525363], [76.06362145867926, 91.05777974877257], [10.98979248189761, 42.09329968285053], [79.47931198647461, 21.664415168113628], [87.30442769248421, 74.87476433043518], [6.6096993237323876, 12.994095787320937], [98.90255758906747, 55.46609553847185], [63.57355336178476, 0.45904405400557513], [24.067242184742042, 28.717815081679277], [63.998773492539044, 44.349037167996244], [32.33370816677766, 7.939951032229553], [59.25361611348736, 5.717598366431598], [88.59217418800931, 45.72751459896824], [94.64937154313961, 27.638244025048962], [18.68501452575598, 58.772688534787], [79.25635608953556, 84.33561353576063], [92.6210230505235, 33.838904708255114], [56.16413512440055, 46.521769881636985], [36.4888443081516, 16.12905731521851], [12.426881301499403, 60.62637818211461], [42.71313979469924, 11.48962706310568], [75.61725915464223, 6.124275087234087], [34.70923308617364, 68.98039250532702], [98.05336169600767, 79.3643656303176], [90.0623856410821, 34.747194295227466], [18.180446628942093, 78.24694134577943], [86.01371071007496, 37.21301943731882], [80.88132817502739, 7.958795039471934], [93.29810096733681, 25.36466738018892], [46.11416285454947, 47.973564668723434], [35.575491980028865, 59.865170184713875], [21.143791977989935, 87.25858864712485], [52.21785047024509, 55.70821881928983], [71.31980245681038, 61.19258248568177], [2.030125250277204, 74.77516804915638], [7.5899311645159955, 26.67552423543629], [49.359978022673076, 4.975669879811651], [45.438399528987894, 79.8468650903584], [45.53742828741729, 41.08065119997899], [60.06242610326884, 50.40818891339938], [33.061910081826376, 79.17826142606572], [33.51176055010211, 33.208758643869594], [74.27350345199663, 2.44538842793226]]","[[0.0, 68.09188526100354, 35.04372318407496, 65.7514386015133, 71.60454695416693, 36.16147682313966, 53.94653890929398, 59.26042326993077, 56.234646942464344, 38.654627933855046, 53.21173646696631, 43.00361025100539, 22.098931005716274, 52.85204678108174, 83.64988768690452, 89.76123202634788, 71.07646392102619, 92.75184897802669, 28.937329011679697, 10.383177724108496, 48.005275548225136, 20.218343331546357, 46.88170621280246, 49.91150251758385, 45.1988407386325, 80.87650481230637, 59.28930031083943, 53.18421701426043, 65.36951091648999, 29.097311197178858, 21.93495733470399, 39.64367453636742, 8.491377743078981, 77.6562573364686, 30.54322262207292, 66.81633588647742, 26.66660845360219, 81.518106725152, 73.09462844921694, 13.875299491585855, 75.71796059908762, 77.68789794977896, 43.272613245424395, 86.94313282792695, 75.77218552559542, 29.787941855894882, 53.31216994327801, 52.139671064669514, 68.98092002128114, 77.30827382576648, 87.39623394957358, 7.298725057747679, 73.04331078976121, 83.63198604540821, 45.19453501792768, 46.75586467320721, 4.714893372327048, 54.04690578848008, 80.82837734638919, 26.223831305352444, 89.22389282354918, 80.92453915969378, 23.163040842000317, 76.3829005671401, 83.9745891241846, 86.8924337243149, 35.06904370240266, 23.939684194787027, 32.64233981293128, 40.25779990686656, 59.59153528964721, 21.297498971082724, 29.583718467379583, 63.21011344882797, 41.140663171863004, 36.715623832498025, 48.418161938147975, 31.39315062862146, 31.31951711270398, 82.12174930276908], [68.09188526100354, 0.0, 54.92170028265151, 29.002491898318198, 57.875520653887, 39.60864389880353, 102.02607450291038, 89.7028070040429, 83.45097515117222, 89.72005238516114, 25.29071947744626, 91.65897988207557, 84.52172688734662, 28.071187416330705, 60.98932889232443, 52.66325495495918, 21.211784001806578, 24.67887752694874, 68.77868493148281, 66.52415819711415, 45.4809468167474, 49.47134288981355, 87.35507074953364, 98.73727915977778, 87.00902879626635, 24.985923024300572, 46.45991208495437, 102.05931954115799, 73.48890763218479, 82.06911945151525, 75.24844653614643, 92.69186586557342, 62.98520235248221, 66.71195638371404, 41.62577888367848, 63.53439626175563, 41.59261232438519, 13.436271620510682, 12.6107867687861, 74.67959576315984, 56.87687442057058, 11.643237369820703, 95.5522480394684, 32.28820351620317, 79.00814581559207, 72.0646899267652, 36.22391787297649, 83.05214808058913, 74.6838207401075, 34.980358457841284, 54.047763597446966, 60.809072528055516, 6.623061004321978, 47.52751845596283, 37.70469781584467, 73.90844147663582, 66.23866862635344, 74.87548205125302, 72.32626271298527, 42.579719383972765, 21.849537408182087, 45.8398050873338, 58.042950421626855, 42.38137262961192, 70.6429592483814, 55.761973511665374, 42.839657674914854, 44.693908639128765, 55.77948541030329, 33.06580153144972, 17.9385418889327, 74.2837775532354, 85.9703097901368, 78.22920157598791, 30.816415319823435, 48.35210565542383, 32.36350993873549, 43.167316079819436, 62.216100598904845, 76.02761215663381], [35.04372318407496, 54.92170028265151, 0.0, 67.952269669451, 86.1295394986191, 46.09983526846768, 88.38301122659998, 89.67164055395027, 85.30909167104573, 73.04725677453557, 30.98967050130126, 77.14343551148527, 57.08035059080458, 28.91617743509086, 95.80309336350899, 95.85276959163302, 68.082169125328, 77.55641424199239, 58.61101971405823, 42.50672547396833, 61.93487272687019, 34.866312990450574, 79.28748636299866, 84.3452495672158, 77.84464133093952, 76.35170551478454, 71.67160322351722, 87.71796387910543, 88.32894097410447, 63.33897115149002, 25.760799461142295, 74.37877963688759, 37.93246714858765, 94.24533952754123, 40.570642807031696, 85.19869469598696, 30.968731481990456, 66.57029625949981, 53.68792492598832, 48.6508279096121, 88.56731154401828, 66.50534576268075, 78.00786142924217, 83.68387767178176, 97.99622060162305, 60.691800895002395, 61.30833718702922, 82.05014973230313, 91.42533288625212, 79.2925432010395, 95.04001232536731, 30.838856773292953, 57.07858696605573, 89.53388343195746, 54.564720661413084, 74.59985382716555, 30.441035445227364, 80.50166052834675, 98.8156669640964, 23.83054654875643, 76.31265351028817, 86.96809351753203, 11.912790263719165, 82.27141636295258, 100.25157963602072, 95.52552905954309, 47.721411778798895, 32.327585164590374, 2.4721365556645014, 44.98051125389169, 56.46141636416556, 25.069901329049188, 64.43669472918619, 88.61139997879933, 24.9338871520828, 53.56063441269453, 54.200171426682346, 14.759855119380191, 57.2660539469814, 101.239740228854], [65.7514386015133, 29.002491898318198, 67.952269669451, 0.0, 29.034183943747486, 29.65858130100488, 83.5684689465325, 66.77545948762078, 60.44721606663351, 74.16762906948787, 46.526115863146494, 74.8021618661002, 75.30113834595141, 49.30754108338092, 32.46619738029077, 28.030388483038955, 10.497668282460792, 42.492444281091934, 54.16085925018064, 59.92296594704448, 24.21572555803537, 45.672227527025505, 68.10424153439283, 80.96263280321024, 68.30461218098442, 18.456196837395225, 19.683461131634978, 83.9120118381598, 46.814719171562, 68.81003962314315, 80.48383797071237, 77.51527828533027, 58.17841285647049, 37.76492346096109, 35.25134224870414, 35.69988588915616, 41.68684045083292, 35.78830073079378, 41.60990087660108, 66.81206358011408, 27.882847503236086, 27.27036839023369, 79.62895977441063, 22.32944733971684, 50.921304459119334, 57.22153674270376, 14.339923316594161, 61.278508672832245, 47.36297523586985, 11.8072273158485, 27.82721372413662, 59.4410572628471, 34.91620873400573, 21.821603212690963, 21.432960186121605, 52.7707259171554, 65.9176926508565, 51.43120272112328, 43.38123844058994, 46.93222303151088, 36.33945188611471, 19.42258675325646, 65.83574030398009, 14.984020220385705, 41.65661388301377, 28.87875589404409, 31.315044671567556, 43.090847534351326, 67.76481006126951, 25.93719666891727, 13.203359276019308, 79.49861376865344, 73.4308059809093, 52.588452651277905, 44.090058225915335, 32.9419838466004, 17.356469535402134, 53.36590401734936, 46.79748502991446, 47.127136432964676], [71.60454695416693, 57.875520653887, 86.1295394986191, 29.034183943747486, 0.0, 40.22719719784509, 68.25169919186213, 46.65678923672374, 41.01650379752976, 63.76589385138225, 71.81369864663228, 62.59352642316914, 72.41860117210045, 74.31714979908104, 12.655873224839246, 25.787637727823256, 38.74201563933195, 69.80029770862413, 48.83663049968066, 62.63628784495377, 24.67772426817894, 54.921916116830985, 53.46512294328759, 66.81478614164907, 54.4278743868339, 43.259771145701684, 14.536138485173955, 68.97761246768701, 22.19890952635802, 62.146257187206395, 91.16756946678318, 67.16166476587759, 63.1154569621923, 9.006845006100788, 46.192033034851846, 10.036582311958334, 55.53935966035805, 64.45972430726259, 70.47494203283004, 66.8034282710807, 5.3418247236811975, 55.81803722870463, 68.06065936306538, 42.699880045053376, 22.798199493498696, 50.827501121527696, 25.858576440019196, 43.78188446226774, 21.127380590193393, 28.93030364460914, 21.583660151563144, 67.40471016302516, 63.92612572457398, 22.645979681255515, 31.598512563746382, 38.019031392822995, 73.64017262625013, 32.82174639715143, 14.547102607034729, 62.4739321333972, 63.39891475664699, 21.218064205264902, 80.40823213139873, 20.354938436602826, 14.28368888246106, 19.63991292981898, 39.245560860058795, 55.10404758840977, 85.21784457840222, 41.439867327229216, 40.691390262463536, 90.27184869979142, 66.92913722781944, 29.38535306383471, 65.87231745121166, 35.259400970779545, 33.00374858764736, 71.60012234318118, 42.63661358572231, 18.160986569909774], [36.16147682313966, 39.60864389880353, 46.09983526846768, 29.65858130100488, 40.22719719784509, 0.0, 62.605275847562055, 52.95833643716193, 47.12365715223449, 50.12494839353891, 38.84107740315272, 52.07573231044818, 46.95442455146143, 40.53514321086858, 50.73141963715679, 54.25079661671453, 36.00677215669971, 62.55966811277114, 29.17196319604736, 30.48353205678798, 15.836046445376002, 16.380044699595075, 48.34644857129292, 59.22091859671208, 47.81812709402037, 45.83540682751528, 26.006025338143562, 62.58150693395355, 43.94319027778598, 42.76435404419744, 52.55163816083058, 53.13445924485664, 28.523960483153065, 48.163251674661026, 6.218905662805895, 39.242500201502864, 15.31266409758756, 52.285983296148785, 49.12944379171485, 37.81763948322446, 43.12663705505485, 46.23973594717376, 55.95093139686231, 51.337410839530484, 52.85328657451426, 32.458677224684216, 17.4996634973138, 45.64326658884559, 46.61336199626944, 41.14867103963161, 52.33152733430078, 30.13236304227286, 45.932367706770506, 47.9850961579044, 9.46534747945064, 36.549285592636885, 36.65778857278651, 39.7274742807271, 52.724291980715336, 22.30867021919048, 57.78461105425213, 45.270737045582386, 40.294803550255274, 40.617949546706775, 54.22041645254253, 52.198044312292346, 3.3568180819139517, 15.138229000528707, 45.06981754911762, 6.554934631473461, 25.703954085892935, 51.5981116447657, 46.913817479569204, 45.94593547257208, 29.04647115988162, 10.063968803840815, 12.30288203130006, 31.879443456004175, 22.716572784467548, 55.22458348594576], [53.94653890929398, 102.02607450291038, 88.38301122659998, 83.5684689465325, 68.25169919186213, 62.605275847562055, 0.0, 23.77890209537658, 27.85244173213823, 15.341917164996211, 98.08090577022037, 11.40903552318035, 33.86651586725033, 98.88087000135035, 79.82503379622119, 93.90471555430115, 93.3082524523466, 123.69361561878301, 33.96051915210025, 45.94898802798621, 59.485976325030904, 58.78186066194174, 15.498360490184817, 4.041266685602563, 15.302637433592933, 102.02304877190741, 65.78542916503672, 1.2890133491870546, 47.92774081570117, 25.044157659087638, 73.25484145559992, 14.54399893941111, 50.63349256516455, 67.95065276607251, 62.09068001537507, 58.498431716938484, 67.13097791256263, 114.18783898244098, 111.67962011578167, 40.07166591513206, 73.57950034611221, 107.23370257470123, 11.069409418650313, 104.93816708753094, 55.04826900101005, 30.814240019379593, 69.71317557303655, 24.491512991268007, 50.83316168749929, 91.16204364030999, 89.80852956459009, 57.57580316552954, 108.45642167981899, 89.86440555790797, 65.12135050696853, 31.265419903484037, 58.658659198200404, 35.431422962130725, 67.18849657028916, 71.81815170119069, 118.24262606497426, 87.8090546131959, 76.75753107137501, 85.05227272519562, 72.56891299550325, 87.88477949294024, 59.294563033841435, 63.778321983993436, 86.08878855517692, 69.14610361442476, 86.21195293203226, 72.9709904155292, 24.59825294028856, 40.911821283432175, 86.0579949601168, 53.7391885111492, 70.6231968804574, 80.88588889977382, 39.88874281559678, 65.72480352410885], [59.26042326993077, 89.7028070040429, 89.67164055395027, 66.77545948762078, 46.65678923672374, 52.95833643716193, 23.77890209537658, 0.0, 6.343465749060524, 27.590690911455308, 91.54068545759614, 23.791436907461648, 45.60906675698954, 92.98219450864468, 57.37385591014437, 72.41776379798755, 77.12764070747893, 108.82351069499413, 31.195756785803653, 49.165821812717, 44.382286661934366, 55.66107982907424, 14.346324932336124, 23.962694188750106, 16.259157801794796, 84.814558669398, 47.463510097920654, 24.83325375526207, 25.033701149545976, 33.17409058527933, 80.96220067099988, 29.9007835537191, 52.948451258005726, 45.04262857603912, 54.8131543824834, 36.63231054866875, 62.50652960001912, 100.51175704156158, 100.81425783786418, 46.93050773610129, 51.847136433004195, 92.72420474858033, 28.635712365825736, 86.5417036396021, 31.316777081090326, 29.614498418768946, 54.327706882346796, 7.681951121302477, 27.542652885520248, 72.39507537498667, 68.13525330821979, 60.067750248251826, 96.32176017484923, 69.07543989952589, 52.07525735005856, 16.425084394083914, 63.5416838794689, 15.344804746227858, 43.75482216630511, 68.76573687998957, 102.89248376375073, 67.31190494073029, 79.24882999072578, 65.2333070520649, 49.22987850290846, 66.00220119788456, 49.68650032331678, 59.69907197379353, 87.70717892522178, 58.93304322001686, 72.37987962546036, 80.41418524447758, 36.143471630927834, 17.741204998422674, 80.6725814882807, 42.92803945519951, 57.342147425924885, 78.92398298508594, 32.974246142775506, 42.07296458627676], [56.234646942464344, 83.45097515117222, 85.30909167104573, 60.44721606663351, 41.01650379752976, 47.12365715223449, 27.85244173213823, 6.343465749060524, 0.0, 28.374203447494963, 85.85362742879862, 25.313582429622272, 44.7251286808426, 87.37546401455482, 52.15860049119916, 66.80339613686768, 70.79016940162853, 102.48016609272126, 27.48992882095524, 45.9402807263573, 38.0784712109584, 50.87522907293127, 15.216685270410977, 27.22284054673447, 16.897847194889035, 78.51857113372391, 41.1851853759508, 28.74946581504921, 20.07670029169587, 32.176850570805726, 78.12623769390466, 31.173566348556978, 49.38823709733584, 40.1201429758378, 49.30418438013077, 31.059964856567003, 57.334589241185355, 94.18994542664248, 94.64400067494263, 44.695308746006866, 46.27715455238987, 86.38638093881092, 30.625185492488193, 80.3382206474308, 27.754487355900547, 26.470916670015882, 47.99407956542646, 4.758365940749398, 23.031363541362342, 66.21210062888602, 62.580259681935125, 56.36659490633101, 90.07225694943754, 63.24593542415881, 45.87463231436982, 10.926625028321837, 60.31549655799926, 9.030359998137877, 39.40002660124996, 63.79292547219688, 96.55005127110353, 61.40729474027931, 75.23800519137733, 59.18699758681789, 44.73818237970661, 60.52596770691527, 43.895792349390746, 54.663516585929514, 83.42801234480953, 52.97354879361687, 66.07561209820557, 77.52046830185597, 35.79239809243895, 13.13404445662794, 75.20743815367267, 37.063317920523836, 51.101479999533886, 74.04043613255976, 28.134631571026432, 38.1455497212902], [38.654627933855046, 89.72005238516114, 73.04725677453557, 74.16762906948787, 63.76589385138225, 50.12494839353891, 15.341917164996211, 27.590690911455308, 28.374203447494963, 0.0, 83.79302957494076, 4.643554838782935, 19.620820154177167, 84.4276556913899, 76.14361366099594, 88.47858800028014, 83.25249199778732, 112.3819957098912, 20.966739711335784, 30.655320989743444, 50.02935148378887, 44.252784332029684, 13.365075810199757, 11.301261162975965, 11.538862593528114, 92.48009006482953, 58.219446092315145, 14.681802510716, 46.56866772832165, 9.712867891512417, 58.43983510746463, 3.4382293466468203, 35.364380664811335, 65.48701486509472, 48.70079621496447, 54.86710988535492, 52.78441061051297, 102.36034589278334, 98.6396323808443, 24.791733630507746, 69.05410646349186, 95.93490987004935, 5.849276416482634, 96.22962117503222, 55.62301835836136, 17.680870939918105, 59.88953079520882, 23.699689596571403, 50.050534820396955, 83.04449427629083, 84.71894716501697, 42.25538303973379, 95.9784201368953, 83.7071806326693, 54.15787238524612, 25.95257710782228, 43.36121790946305, 32.67196244906528, 66.00817589534932, 57.03827709999778, 107.26560473322351, 81.39032263455486, 61.415937130779, 78.03293802365371, 70.9368217575824, 83.12678439845664, 46.95142146048069, 49.365733496229986, 70.7490310705918, 56.65616297582943, 74.94995567793622, 58.09992529600265, 9.83061284263619, 40.70907747527924, 71.60832954014977, 42.290488401480275, 59.5483410293701, 65.83672675213933, 27.920790319091168, 65.42057736552964], [53.21173646696631, 25.29071947744626, 30.98967050130126, 46.526115863146494, 71.81369864663228, 38.84107740315272, 98.08090577022037, 91.54068545759614, 85.85362742879862, 83.79302957494076, 0.0, 86.82920771136585, 73.42017375058981, 2.893736660935552, 78.38920011184176, 73.84041564083944, 42.85060464009218, 46.6254743544318, 64.29622012964677, 55.361854515485774, 51.849965493581706, 39.57230675129717, 85.28349146893802, 94.30670457161771, 84.40446762599979, 49.25711475079653, 57.87140341426213, 97.79396057876507, 81.61653021794362, 74.72508007297907, 54.27033530547603, 86.17282076076802, 50.889727064646664, 80.76349056989463, 36.871365355234175, 74.46207906913995, 31.010961469860707, 35.803003532524784, 22.73833954656619, 63.47302549429635, 72.51678592740895, 36.863796098900636, 89.52704462537146, 56.72540326841979, 89.44846527521534, 67.32951233373142, 46.21095601469331, 84.06619373111224, 83.81375004086115, 56.03512377623816, 74.21331407425991, 46.238915270152646, 26.34207469641938, 67.95436912367192, 42.894025892392825, 75.12321711880936, 50.017577167302655, 78.56549424057124, 86.11929357229813, 27.62186315485493, 45.75952153016235, 65.75425366291901, 36.912773387949706, 61.48163550311969, 85.88559620995106, 75.38974419150162, 41.98794480360802, 34.42889609669194, 32.31373571837935, 33.638335353539034, 33.3605184579185, 53.38259315586402, 77.60708238770899, 84.44668947810874, 12.373537853619753, 48.880517383621346, 39.48551508789821, 22.721423439029085, 59.53444865386991, 89.35502315401425], [43.00361025100539, 91.65897988207557, 77.14343551148527, 74.8021618661002, 62.59352642316914, 52.07573231044818, 11.40903552318035, 23.791436907461648, 25.313582429622272, 4.643554838782935, 86.82920771136585, 0.0, 24.26245279893721, 87.57745833608837, 74.77474328414394, 87.70868634776265, 84.1765523321747, 113.88447853108615, 23.033503505951895, 34.652786090352265, 50.58670933969605, 47.43688129492383, 10.102683476734475, 7.493679855740479, 8.559729778172004, 93.2136132139899, 58.08123840233205, 10.987271666645508, 44.323058657548884, 13.912464480902276, 63.01461295480839, 6.123436635699684, 39.30622314391552, 63.701879769149315, 51.14595595669303, 53.36770930326836, 55.84207778880834, 104.08612234575088, 100.95674488250067, 29.18399302575404, 67.92096860372415, 97.413414462608, 5.512785585697901, 96.64395209691347, 52.94153372386297, 19.796474387588308, 60.6486749902593, 20.81877512535021, 47.68033657122814, 83.20613543544093, 83.82744665555337, 46.30881160943773, 98.00807748471189, 83.16971167464948, 55.38970430324695, 24.575652104824357, 47.69606966985055, 30.62496417191358, 63.858962932826536, 60.429133144022636, 108.61644291492932, 80.93588779808314, 65.5960255971293, 77.77897468586153, 68.93876535199794, 82.122638847003, 48.82028332243257, 52.4676107154573, 74.87281837431966, 58.630481399338784, 76.37746975251306, 62.66190808577973, 14.47221442462084, 38.078199957075455, 74.75071407291745, 43.69175363760087, 60.850561341332835, 69.47759911438295, 29.473589450147006, 63.029735493756775], [22.098931005716274, 84.52172688734662, 57.08035059080458, 75.30113834595141, 72.41860117210045, 46.95442455146143, 33.86651586725033, 45.60906675698954, 44.7251286808426, 19.620820154177167, 73.42017375058981, 24.26245279893721, 0.0, 73.4527505706382, 85.06960960150857, 94.7966037437418, 82.80447263642604, 108.6479780716944, 23.583630226459455, 18.27708927779213, 52.96014464876077, 35.259378503602385, 31.436854389924637, 29.990710160178146, 29.52071862342193, 92.56578056469597, 63.29566169355564, 32.90145725436101, 59.636786792257865, 12.552671888338862, 39.46872020312882, 19.368779860817472, 22.546496076190355, 76.24540908177318, 43.243144937323684, 65.08501202706515, 43.71256024022904, 97.82283243475777, 91.43947752878815, 10.020069422324305, 77.35204333456454, 92.66762402826588, 22.801500424856467, 97.56659655619487, 69.67774117793981, 21.78500285147341, 61.24489665866282, 40.01447021761907, 63.34086613728477, 85.80904999574479, 91.60628462687522, 27.794842425199224, 90.19198267167468, 89.25091721022707, 53.90229887810596, 38.387034810027, 26.640401627882504, 46.11141960565471, 78.0005764457031, 45.799225699857125, 104.30718727275239, 86.67942844017847, 45.17140467215314, 82.64327965498445, 82.26537772529338, 90.48821750354246, 44.49219792982287, 40.33021861038459, 54.65677558049953, 52.82187099202882, 72.60561615060313, 39.23195398941867, 9.834566324804438, 55.22083047302743, 61.06610542931587, 42.509725090635726, 58.58663216707921, 52.75016947286292, 30.21706747880853, 78.24282875584342], [52.85204678108174, 28.071187416330705, 28.91617743509086, 49.30754108338092, 74.31714979908104, 40.53514321086858, 98.88087000135035, 92.98219450864468, 87.37546401455482, 84.4276556913899, 2.893736660935552, 87.57745833608837, 73.4527505706382, 0.0, 81.07187191973306, 76.68889140121915, 45.73820412547508, 48.94471316209908, 65.2356125952999, 55.540707884563794, 53.95783619340819, 40.17742678085277, 86.34955766472171, 95.06655273017913, 85.41687893591792, 52.138353980651374, 60.283090192354784, 98.55843724269616, 83.6658389750693, 75.24122769349636, 52.78456131312053, 86.72371856676536, 50.98773024001043, 83.246118282368, 38.19247561166332, 76.75495898901514, 31.751801185900057, 38.2635625086232, 24.808698869072582, 63.56562839077918, 75.11820758513096, 39.60547071504486, 90.12105020632967, 59.605069419356525, 91.6514112787636, 68.21378316865551, 48.629189796374746, 85.4601649457067, 85.93433325779027, 58.89762941662364, 77.02683388414975, 46.0165264758946, 28.8484851975663, 70.78440823420846, 45.025510539028794, 76.5870341367687, 49.46993048770301, 80.24535045923504, 88.57084999488487, 27.76721994616576, 48.29036278784324, 68.56954863936429, 35.550241155368575, 64.27464936683766, 88.43028376253768, 78.18081404526004, 43.60957076843817, 35.10984968489491, 30.379317575973616, 35.583743990183166, 36.16282408260639, 51.91871370619811, 77.97641482229442, 86.32411098408309, 12.827165134764765, 50.52297544557949, 41.80878541726475, 21.850593679007726, 60.72069557711176, 91.7671662602767], [83.64988768690452, 60.98932889232443, 95.80309336350899, 32.46619738029077, 12.655873224839246, 50.73141963715679, 79.82503379622119, 57.37385591014437, 52.15860049119916, 76.14361366099594, 78.38920011184176, 74.77474328414394, 85.06960960150857, 81.07187191973306, 0.0, 16.630455045367384, 40.15261948188823, 68.4476026571864, 61.48643277757955, 74.93802978742306, 35.94312500032505, 66.20247951736403, 65.40296335783276, 78.6398608877642, 66.47614527631981, 41.78322463829869, 24.832167799147545, 80.62159325884278, 32.34650748754136, 74.7705307574426, 102.65769019646716, 79.51666008375608, 75.18297584999263, 12.745234228661124, 56.88681816516055, 21.437869491339395, 65.88232416374426, 65.0887740012285, 73.4665469081238, 79.34062635218586, 7.937978889578494, 56.51285700293249, 80.2693684613824, 39.05640707302752, 29.24761054500323, 63.48177753136775, 34.50319498539027, 55.356013034242814, 30.219512773225382, 27.42776946758944, 12.214581618644434, 79.11191200531944, 66.3889879544273, 16.568206667725182, 41.535330424974724, 50.260092569409444, 85.45398987948802, 44.52014875391829, 16.51204806343378, 72.55933055230415, 62.04693504305865, 16.723714924370654, 90.99804694262181, 18.860331104333586, 11.922226192113756, 9.619727320304934, 50.23744721518108, 65.8474163522016, 95.09896772268196, 50.82781016446134, 45.50509902663875, 101.7395568298831, 79.54454100708632, 39.667283674234774, 74.04358606809195, 47.01364732461435, 41.668603948205394, 81.08754736208043, 55.21986307021046, 20.194948672553092], [89.76123202634788, 52.66325495495918, 95.85276959163302, 28.030388483038955, 25.787637727823256, 54.25079661671453, 93.90471555430115, 72.41776379798755, 66.80339613686768, 88.47858800028014, 73.84041564083944, 87.70868634776265, 94.7966037437418, 76.68889140121915, 16.630455045367384, 0.0, 31.63672115130535, 55.044479418703325, 71.54202955619155, 82.23548108185761, 42.328688659929725, 70.59718035330017, 78.91608128320439, 92.31483718076103, 79.7625898370788, 29.664833002762016, 31.515879547164207, 94.59306026788313, 47.69094176945053, 85.71748331992997, 106.69231354778654, 91.91017676806905, 81.56253232326456, 29.10769350922446, 60.39879304663726, 35.787976012194186, 68.21737856215756, 53.72150852564041, 64.40589998652352, 87.82505733333166, 20.573400366402673, 45.63712171442274, 93.10384782418815, 24.96018869432908, 45.74111935163797, 74.00374886868774, 36.75116855073821, 69.48658231273684, 46.04637239553909, 17.907688508575134, 4.457029674584902, 84.2427035510115, 57.002022884779585, 6.362000966197772, 44.837317524093315, 63.22001585568906, 90.76076379142376, 58.516965161614834, 33.14152111218424, 74.10190993329759, 48.84386133622153, 9.036117507033339, 93.04194555388916, 13.770936935009082, 28.350674988198193, 7.010991203347295, 54.789049052214516, 69.02211639205017, 95.57000610933746, 52.29644454839522, 40.6844940570344, 105.72656058852867, 90.54077929579611, 54.98329299291556, 72.11774020314529, 53.56290858156843, 42.877758630423486, 81.18437822031241, 64.59323539192691, 36.789779531350746], [71.07646392102619, 21.211784001806578, 68.082169125328, 10.497668282460792, 38.74201563933195, 36.00677215669971, 93.3082524523466, 77.12764070747893, 70.79016940162853, 83.25249199778732, 42.85060464009218, 84.1765523321747, 82.80447263642604, 45.73820412547508, 40.15261948188823, 31.63672115130535, 0.0, 31.995012754942753, 62.79441919317559, 66.42963058099268, 33.82802914450115, 50.87512140331766, 77.91076571458298, 90.56021099271656, 78.00928009175574, 9.847463346047277, 30.1802977408902, 93.5954942285919, 57.27627596911566, 77.29783104219946, 83.6095074760685, 86.54093810185114, 64.10026604388248, 47.159651234048496, 40.766674438214395, 46.000402418305114, 45.386620638077616, 25.71783727188809, 33.43767940217605, 73.81799166261212, 36.85044615122902, 17.080371535069766, 88.83554404438698, 16.16507017321966, 61.059112840322896, 65.95825634095932, 23.59737201604793, 71.46695114717195, 57.736717359129656, 13.804257978590465, 32.84513248035192, 64.3126075167007, 26.256664300657498, 26.32996181543999, 29.3221456734117, 62.81131108925619, 70.60614290363799, 61.79245094917395, 52.74112259905416, 49.44399435187675, 25.854630170056033, 24.634638721983386, 67.80195168189816, 21.347971932943445, 50.43222458191466, 34.55344442558094, 38.31300688498249, 47.4450257657548, 68.27606879468318, 30.891241860526957, 12.018228295917096, 82.61599743601673, 81.78733168214528, 63.086118434278205, 43.276415992829506, 41.2465189250333, 24.2688637600092, 54.1053618309985, 55.5033757503114, 56.57771079231201], [92.75184897802669, 24.67887752694874, 77.55641424199239, 42.492444281091934, 69.80029770862413, 62.55966811277114, 123.69361561878301, 108.82351069499413, 102.48016609272126, 112.3819957098912, 46.6254743544318, 113.88447853108615, 108.6479780716944, 48.94471316209908, 68.4476026571864, 55.044479418703325, 31.995012754942753, 0.0, 91.45320816468242, 90.84939383121905, 64.79683366736903, 73.87917182895956, 108.53941485720975, 120.66774290913588, 108.43785414975746, 26.78872155094792, 62.17282091562542, 123.86053015477867, 89.2248722712884, 105.32261526575628, 99.37085055308668, 115.50322302200934, 87.46649939758262, 77.61764469945388, 65.44774144064817, 77.74499161953007, 66.19132561891195, 11.356221934437647, 24.43118528601923, 98.92186153574421, 67.04428570197281, 16.4725858339084, 118.14511541112296, 30.08432652428447, 92.49226018109617, 94.72652061319117, 54.61220998354908, 102.8646447185058, 89.553947601208, 41.37224640969865, 58.1310800313166, 85.47513305669855, 20.6409474969772, 52.2009102817522, 58.579694387211276, 93.98622144407979, 90.91434646186123, 93.53487738443839, 83.0295603647943, 67.22348166522056, 6.430453227963035, 51.724777755003906, 82.00647754565794, 50.26739299258598, 79.8646721550917, 60.52744778207352, 65.57243829154099, 69.22250278358919, 78.73749443986928, 56.21074917651854, 37.51319144651272, 98.42222537780306, 109.44707757528514, 95.08059463475705, 54.720473765657474, 70.19546567951613, 53.084271758390464, 67.10229351909935, 84.50122361529753, 86.9407489089297], [28.937329011679697, 68.77868493148281, 58.61101971405823, 54.16085925018064, 48.83663049968066, 29.17196319604736, 33.96051915210025, 31.195756785803653, 27.48992882095524, 20.966739711335784, 64.29622012964677, 23.033503505951895, 23.583630226459455, 65.2356125952999, 61.48643277757955, 71.54202955619155, 62.79441919317559, 91.45320816468242, 0.0, 18.56564118565739, 30.531842867764425, 25.6347615741153, 21.33961593128621, 30.353995324492935, 20.24596240876761, 72.2262793262168, 40.17521551430173, 33.79380320204753, 37.61291072269031, 14.675802817058685, 50.87203038398588, 24.050025348622867, 21.901756098389008, 52.90482306786606, 28.145696704516507, 41.72266606859314, 33.55633754191916, 81.39386986065593, 77.92514766621531, 19.122400258548062, 53.77368443667767, 75.02155194801456, 26.78202183536177, 76.44264112408696, 47.97605971835302, 3.287317988682074, 39.823293151135516, 23.706739200581644, 41.32090385070583, 63.825540691358924, 68.22022491901009, 28.930712636068577, 75.07082947885333, 66.17732109244265, 33.509729110737474, 17.8432071240214, 32.87497372360295, 25.300852683873245, 55.01385616584341, 38.93416882956987, 86.40371093376794, 63.66941473316081, 48.05425550186172, 59.83745323833977, 59.022474046961285, 67.02060290569032, 25.985170194202745, 30.332386109257648, 56.59362819192253, 35.71355155012524, 54.07892904010031, 50.22417945350683, 19.388432676889153, 34.573165743815146, 52.4615718213631, 21.572164505376197, 38.80322527849345, 48.70148314263689, 7.3682098468740955, 55.60865478014817], [10.383177724108496, 66.52415819711415, 42.50672547396833, 59.92296594704448, 62.63628784495377, 30.48353205678798, 45.94898802798621, 49.165821812717, 45.9402807263573, 30.655320989743444, 55.361854515485774, 34.652786090352265, 18.27708927779213, 55.540707884563794, 74.93802978742306, 82.23548108185761, 66.42963058099268, 90.84939383121905, 18.56564118565739, 0.0, 39.96557577780336, 17.08009574984242, 37.30971576774046, 41.92177964293327, 35.72925780878559, 76.27310953889766, 51.118988317207375, 45.33441155076935, 55.180418902867714, 20.952381576362853, 32.31128768454155, 32.27613384896808, 4.752707271223462, 68.21687245319204, 25.886215409694, 57.227752449823036, 25.443682225384, 79.89243420971388, 73.17648946602935, 8.262445017795972, 67.0052470013103, 75.09045628579578, 35.865876757724536, 81.81016976486373, 65.59382164863165, 19.573343119813376, 46.56885724775031, 41.927970057567634, 58.819591918985715, 71.0917019001541, 79.56690218662835, 11.66962655467239, 72.0686426754689, 76.27859830111953, 38.6544917361672, 36.373676486006765, 14.393796283994845, 43.67445446558087, 71.1334185021697, 27.779336476928194, 86.73775153383582, 73.60200747748951, 31.092194907394312, 69.21748847493593, 74.51295015461868, 78.8555956085277, 28.610735567935414, 22.080698688667372, 40.260593941212306, 35.7397793775386, 55.60417017075749, 31.658708994540376, 22.763923557352932, 52.85623574166975, 42.98869996540363, 28.674742600478883, 42.67114780601839, 35.59153714406281, 21.227045371291943, 72.25716432308505], [48.005275548225136, 45.4809468167474, 61.93487272687019, 24.21572555803537, 24.67772426817894, 15.836046445376002, 59.485976325030904, 44.382286661934366, 38.0784712109584, 50.02935148378887, 51.849965493581706, 50.58670933969605, 52.96014464876077, 53.95783619340819, 35.94312500032505, 42.328688659929725, 33.82802914450115, 64.79683366736903, 30.531842867764425, 39.96557577780336, 0.0, 30.32178501596584, 44.08380565486165, 56.791683127120486, 44.19163774819524, 42.643360474521, 11.286647110590776, 59.78848185227577, 29.802855338159663, 45.18830800038504, 66.72639531185987, 53.40115031841993, 39.621923201327064, 32.3589636828369, 21.592555655952122, 23.547687666608407, 31.07331952405327, 56.15156087444535, 57.02998446684278, 45.546057858573846, 28.0972436724665, 48.50982588224408, 55.43890055485168, 46.204507486790504, 37.80371721245791, 33.43229369551398, 10.258597698314556, 38.10624415068109, 31.97652258990587, 33.300243530605975, 39.60242641654404, 43.19320846804901, 52.10253978792156, 36.501501148800365, 8.964649081604994, 29.190261671663407, 49.57642283731126, 29.401310926506, 36.89020091507096, 38.13030362753432, 59.0787268682165, 33.86973066485031, 55.76191659170847, 29.706203371070263, 38.46952982546487, 38.94663312821319, 14.574736035550185, 30.45482133187068, 60.88305783562807, 18.605409848112235, 27.998001402330452, 65.81297241462816, 49.9202619793242, 33.31551913410287, 43.66353049577797, 11.333348646865907, 13.386709918049295, 47.672552957844914, 23.208965315537615, 39.44136727069976], [20.218343331546357, 49.47134288981355, 34.866312990450574, 45.672227527025505, 54.921916116830985, 16.380044699595075, 58.78186066194174, 55.66107982907424, 50.87522907293127, 44.252784332029684, 39.57230675129717, 47.43688129492383, 35.259378503602385, 40.17742678085277, 66.20247951736403, 70.59718035330017, 50.87512140331766, 73.87917182895956, 25.6347615741153, 17.08009574984242, 30.32178501596584, 0.0, 46.97436287247627, 54.930253014350214, 45.84932459425039, 60.68846388393977, 41.38430390658229, 58.42377425106223, 53.79540618418624, 35.16190534116601, 36.48950545827697, 46.60051408335586, 13.63280884663201, 62.096421244518154, 10.42786823190056, 52.0639435875875, 8.66968106579758, 62.861435439382305, 56.21888769457854, 25.301081047465168, 58.401381821138926, 58.29335958272749, 49.963711099059026, 66.72507277741472, 63.72964684726259, 28.385338101102704, 33.858083092388746, 47.97970166686312, 57.037309959382966, 57.32641658333352, 68.573815812829, 13.792372721727144, 54.988690996531474, 64.34892067667799, 25.760454961231833, 40.02307063951038, 20.30524017367535, 45.661500230513404, 66.07900587011459, 13.303811198467535, 69.92206045806817, 61.63396723530736, 26.35297211198502, 56.99212422308077, 68.35301251186385, 68.33105722494028, 16.041335027259752, 5.206252613618583, 33.22530503665081, 20.039938611523397, 39.49439082006494, 35.55975248343637, 38.2076953482932, 53.76289742347347, 27.35570228691603, 19.965858696152498, 28.422835216675132, 23.275608811444044, 22.749715781344573, 68.05450329473923], [46.88170621280246, 87.35507074953364, 79.28748636299866, 68.10424153439283, 53.46512294328759, 48.34644857129292, 15.498360490184817, 14.346324932336124, 15.216685270410977, 13.365075810199757, 85.28349146893802, 10.102683476734475, 31.436854389924637, 86.34955766472171, 65.40296335783276, 78.91608128320439, 77.91076571458298, 108.53941485720975, 21.33961593128621, 37.30971576774046, 44.08380565486165, 46.97436287247627, 0.0, 13.408182594945712, 1.9227086798578759, 86.5546428626314, 50.31656027043783, 15.953532715672202, 34.401674698755016, 19.20287443156683, 68.1077796067213, 15.988081752296704, 41.5630875829463, 54.01721930029169, 48.60882332741521, 43.96628604672521, 54.799264075278415, 99.24477279667958, 97.44878016321981, 33.77547833009382, 58.80694128224452, 92.10727199145086, 15.483291058496494, 89.44058524430493, 42.852106791497334, 18.751512029290183, 54.33155425373639, 10.733222518359513, 37.68906129118188, 75.68152398046301, 74.91063761332836, 48.77216919400991, 93.85952257945624, 74.6739636160725, 50.05933491963328, 15.858645165071252, 51.390765685053374, 20.93883513411402, 53.94369632058793, 60.27319514138512, 102.99915691287772, 72.55609644281033, 68.24268041226635, 69.68374397334136, 59.099805812219785, 73.08921018423393, 44.99431932429871, 51.629795261668576, 77.16015173354256, 54.80865061544969, 71.13720533495521, 67.63393973369043, 21.845067998342778, 28.012549298727098, 73.63586462400947, 39.01554116657644, 55.56160091328241, 69.98560178529974, 25.896686750716427, 53.00891741247779], [49.91150251758385, 98.73727915977778, 84.3452495672158, 80.96263280321024, 66.81478614164907, 59.22091859671208, 4.041266685602563, 23.962694188750106, 27.22284054673447, 11.301261162975965, 94.30670457161771, 7.493679855740479, 29.990710160178146, 95.06655273017913, 78.6398608877642, 92.31483718076103, 90.56021099271656, 120.66774290913588, 30.353995324492935, 41.92177964293327, 56.791683127120486, 54.930253014350214, 13.408182594945712, 0.0, 12.774490979576452, 99.41487886668358, 63.57203239140168, 3.49359530228851, 47.15061587305516, 21.00638681545889, 69.31582162298331, 10.62431869277275, 46.61257787476879, 67.02933981988716, 58.498663748572675, 57.22375503828422, 63.3271492263508, 111.02662186276324, 108.21733738189195, 36.037382746776025, 72.15568818541568, 104.19718928541356, 7.294100565602241, 102.54217103971648, 54.84530274640683, 27.157664428317567, 66.96933672441342, 23.385307211469186, 50.23502039742203, 88.88911798574647, 88.29406636836045, 53.542427374303124, 105.13043455665837, 88.07958896932996, 62.094171271355066, 29.238951414853364, 54.622934508467075, 34.11981597695045, 66.59713408871909, 67.91644537758236, 115.29592627034893, 85.95317905000105, 72.7164415637086, 83.03868506323332, 71.88498540053575, 86.44956607573326, 55.93338556209606, 59.956892251773695, 82.04944662227474, 65.77269980933302, 83.15866912670862, 69.0202508717443, 20.615409621431294, 40.35579047842428, 82.24018280604955, 50.56159455349669, 67.58450248541176, 76.92210140823448, 36.52662776991944, 65.35618549864404], [45.1988407386325, 87.00902879626635, 77.84464133093952, 68.30461218098442, 54.4278743868339, 47.81812709402037, 15.302637433592933, 16.259157801794796, 16