instance_id,num_cities,city_coordinates,distance_matrix,best_route,total_distance
1372,70,"[[60.484603333038436, 18.899434710102938], [15.261229014139666, 32.6185154466924], [94.30752259520489, 36.1952537909388], [59.45261934699012, 54.90526687571962], [57.40601385713301, 28.074517195171957], [2.461133546570571, 97.48982608403173], [31.80503291855534, 74.19165661636991], [35.048178569752594, 12.60173177316778], [96.46687313833712, 3.281768320379863], [18.120864434246187, 63.0651775472541], [12.844903897155934, 94.79424845686033], [61.18398605010873, 38.065408372703416], [1.885477704723082, 81.4734064663096], [86.77935457718566, 4.036496321792249], [42.462499864741744, 93.11113160613019], [64.03814726922246, 23.79314452727328], [10.501563568305617, 60.77441116221873], [45.45403706967033, 27.68271017424061], [12.900539997211592, 7.567807600732879], [33.22185246949705, 91.64030025281428], [19.58104410698791, 19.04870428282166], [16.40944386491734, 89.68626875281976], [46.13806444795239, 36.176837035291484], [33.11538971303069, 86.82668240640979], [61.7569968837537, 37.46987628923528], [39.17824298736314, 35.4066414408814], [20.660231888017112, 46.82045696329735], [59.91271007693937, 66.70097292622384], [12.635551203447626, 92.40542740534772], [96.61312738350337, 48.0052622815072], [66.00932946207551, 85.23538209646294], [9.889370127165842, 77.94120670118461], [95.80248989989767, 37.44109335070325], [20.13861690611044, 82.53154765260533], [4.862073678421741, 40.97795328424776], [64.70273206952253, 79.3022942651791], [74.79987753046574, 60.151005560111656], [46.32693811139688, 22.801171020059208], [36.321232504345815, 61.67106792580942], [45.445004494877814, 20.840667237825492], [51.11087744186015, 20.075339730813578], [99.44610993929042, 38.768858007406095], [15.214471112273543, 57.50411670293273], [27.929370668870423, 30.04514540768868], [73.02448003977634, 90.79213212356598], [79.0426766979416, 92.16651529150388], [14.001710250100786, 53.680504283439625], [17.297599920672212, 92.89348497499842], [48.614285718541105, 49.507892651612714], [79.14634268345925, 66.16996492693478], [47.96801769063281, 90.32419500495735], [51.197651051499285, 81.30772545244737], [98.2161344438511, 47.67860862532811], [30.041303948709064, 3.5479080653547657], [89.31549460249995, 61.9913476538806], [10.12109980593201, 31.983075949074202], [90.01984987633202, 86.76230476838099], [34.65395933371107, 1.091470954102003], [93.50863350755225, 2.2305660175887754], [23.145998959881453, 23.503103809617166], [11.078000198151406, 78.06942604413558], [22.688562840603797, 23.631825291727836], [91.9895238256003, 85.23020584941334], [60.17923075465195, 84.16394119384019], [14.438389069874102, 47.060490061400465], [78.43629192985688, 52.33804020405214], [82.89156815677696, 90.87750364401536], [13.422397996724733, 15.364886568419433], [86.8466450067808, 97.82586555821068], [64.74519996868997, 70.13286123829396]]","[[0.0, 47.25850993254329, 37.988619678688465, 36.02061827462179, 9.677802011251105, 97.68916348484335, 62.287619656647365, 26.204441742196742, 39.22544128243805, 61.198849775485265, 89.60783289420752, 19.17872995326937, 85.72840524440913, 30.20464998185381, 76.36865960333344, 6.047815331262989, 65.2059653481805, 17.408729134443515, 48.91471002156499, 77.68198700181618, 40.90383159026013, 83.38702270696226, 22.457333080482123, 73.23376839800777, 18.61398092273303, 26.952715359169705, 48.63706451518644, 47.80495913316566, 87.70782605796177, 46.39417472788302, 66.56561059921849, 77.75479704174856, 39.88917417914394, 75.34483670623514, 59.84418758415534, 60.54996327387663, 43.66485054298041, 14.68547005582423, 49.12515748314543, 15.16436338721446, 9.447194805902898, 43.73548878424055, 59.49543127882218, 34.41031881242006, 72.97813678906816, 75.58086519707635, 58.0549924642584, 85.6751815775351, 32.82959241029682, 50.820896711524654, 72.51318017657952, 63.095500917740395, 47.454286331257805, 34.09492407570843, 51.847210653473205, 52.03522033771905, 74.0114850609003, 31.374284733759744, 36.9924012799315, 37.621338967572115, 77.08501999609086, 38.09115642144264, 73.43249427316368, 65.26522089886322, 53.974983895023826, 37.95264761327082, 75.38510781359476, 47.19474760694491, 83.21261159000638, 51.410277936530086], [47.25850993254329, 0.0, 79.1271734999245, 49.49321437136201, 42.389041149476625, 66.12207942726135, 44.74397740860433, 28.14595888132171, 86.3423498034366, 30.580659701872165, 62.22266791469691, 46.24465651653254, 50.652848879703036, 77.01801153826143, 66.32696092616402, 49.56889071109377, 28.555365147373983, 30.59359135449253, 25.1616934290652, 61.69404409345601, 14.240806769966033, 57.079303295963214, 31.081193975371075, 57.0727292092679, 46.748177844805795, 24.078978465766347, 15.193563600196116, 56.17266834453949, 59.84454048213223, 82.79422290509143, 73.10201334514339, 45.63993000051145, 80.68551271887652, 50.15076965149432, 13.342512231822868, 67.99880461558732, 65.59640751593143, 32.58003273949483, 35.8827890855678, 32.400277941751035, 37.98063387346996, 84.40924647214865, 24.885645183237205, 12.926873030318143, 81.98025888174871, 87.25845147697288, 21.099615192610287, 60.309358793699595, 37.38552465724, 72.15959749587813, 66.3300797437327, 60.51500309701501, 84.31086965155535, 32.612127017282525, 79.66679059497147, 5.179257826388133, 92.30601993005884, 37.01395039286402, 83.94095413123134, 12.052399197280163, 45.64301345730458, 11.65872581850501, 93.03344125477773, 68.37073786215409, 14.465396515331031, 66.18117731697549, 89.26350025807835, 17.351340264653395, 96.83217590969235, 62.09661441336904], [37.988619678688465, 79.1271734999245, 0.0, 39.55918186812111, 37.78449033669532, 110.42093901912939, 73.14566182250395, 63.783415834603545, 32.984243520032706, 80.78613547140978, 100.34939173208981, 33.1762889940092, 102.91717782485304, 33.02815459069605, 76.98911305760078, 32.7115789409972, 87.3359819633378, 49.58958002261971, 86.2938438770873, 82.49613489046821, 76.66844688191007, 94.49549910721807, 48.16946166791569, 79.42303626979518, 32.57547216242626, 55.1349197833665, 74.40980023466616, 45.97392769959436, 99.14582456552576, 12.032959485809075, 56.61909500179388, 94.1761596716576, 1.94603274658328, 87.45329439164942, 89.5732244946455, 52.293982067894994, 30.89378997141772, 49.81503729478691, 63.335826704446944, 51.218248733452796, 46.10641801105139, 5.747044332160166, 81.91323721770358, 66.66245484739714, 58.59852407769224, 58.01549477710102, 82.18733163445918, 95.63063112694891, 47.593048333781184, 33.59084226396714, 71.25511905646874, 62.39868687660993, 12.130320887588669, 72.08325770971382, 26.27467986609263, 84.291732834399, 50.74850521837469, 69.21577261902696, 33.97408187597603, 72.28452889276556, 93.16973596792052, 72.7125514061084, 49.089710140443735, 58.87049579467819, 80.60478800480821, 22.63814294530538, 55.861189252776875, 83.52429335191451, 62.080568628175754, 45.00768954662005], [36.02061827462179, 49.49321437136201, 39.55918186812111, 0.0, 26.90869232146597, 71.14403795614685, 33.70984818337264, 48.83815938200916, 63.5219693241906, 42.129539593194636, 61.34663797661038, 16.928628564129905, 63.40222265950864, 57.744110314466866, 41.81330242661426, 31.44823084611067, 49.30165024117983, 30.610911439225905, 66.39225212627679, 45.13885031984805, 53.623088246552584, 55.33925412539778, 22.978935059034583, 41.38389099969816, 17.587012274266694, 28.129108244306664, 39.62591924595678, 11.804675544447935, 59.98416382100345, 37.79567992419131, 31.03073213504362, 54.655010720599584, 40.327539549605774, 48.04999664396261, 56.33913151857461, 24.95553303460643, 16.21900453465583, 34.68366299294001, 24.100562672133908, 36.83219002903756, 35.814919837007366, 43.126128749538836, 44.31441954557413, 40.14649233280322, 38.36746668704461, 42.09716119308229, 45.46740789995781, 56.74636884587078, 12.107895124943163, 22.687797624239327, 37.23434630860749, 27.662868984532025, 39.4313922165135, 59.1827996755284, 30.69208137811387, 54.39692690867181, 44.15004468319815, 59.25283259007719, 62.72508438414394, 48.00277626516724, 53.63470935667409, 48.26617862760748, 44.477545759725224, 29.26769527980624, 45.69268487085988, 19.15647351464272, 42.934672927857925, 60.681322928891056, 50.91768291186004, 16.121136427321076], [9.677802011251105, 42.389041149476625, 37.78449033669532, 26.90869232146597, 0.0, 88.52923234998623, 52.74657120052097, 27.18970186399656, 46.26479357518559, 52.608642607971916, 80.23225698244494, 10.681337950471079, 77.03227447013542, 37.95549489290505, 66.73132566104509, 7.894006936732644, 57.177884906257084, 11.958397127947286, 49.00267688490914, 68.01089940409898, 38.88693399238543, 74.00490984473905, 13.878554344003142, 63.57555613849266, 10.35392803743293, 19.64717986977651, 41.25121513739914, 38.70770734984575, 78.37640164421136, 43.982182196500546, 57.80468420173132, 68.88046278626256, 39.52242555031216, 65.98808257365047, 54.105122792660325, 51.744828149346155, 36.489006554201985, 12.27004886959848, 39.66479831905287, 13.978352197929409, 10.179173964187537, 43.379011099899955, 51.441496929798774, 29.542441828665993, 64.63308524435983, 67.64561625757462, 50.394445590520796, 76.22455937911786, 23.166442694545612, 43.86234188184969, 62.96108448129654, 53.594013006014315, 45.274566183503005, 36.74754282641259, 46.56786821193053, 47.446179280972366, 67.14103596255653, 35.295053045497525, 44.39942520001965, 34.56365780847751, 68.15992781981923, 35.000555944642265, 66.80413091478441, 56.157939923603536, 46.97535466109683, 32.1090508208908, 67.7770505765315, 45.78311014800594, 75.70998191091843, 42.69388664000604], [97.68916348484335, 66.12207942726135, 110.42093901912939, 71.14403795614685, 88.52923234998623, 0.0, 37.46824163070717, 90.92801580961185, 133.0873293134797, 37.81909039565981, 10.727946002744547, 83.54420881475106, 16.026761276664963, 125.86932605451393, 40.24030656756139, 96.03608431979055, 37.585505288811895, 81.9842862077214, 90.52596652426543, 31.311959074854567, 80.28761378337859, 15.982830405106947, 75.27919313498933, 32.455909388100146, 84.37057414923633, 72.12813557220674, 53.83857490252573, 65.18157043672605, 11.374088296666915, 106.3640916766366, 64.71896632023613, 20.912369986989038, 110.98855395380873, 23.156932257077692, 56.56285248160401, 64.84445157724839, 81.40688791057576, 86.61757330579405, 49.289854305197025, 87.87893213695583, 91.43194342465802, 113.37653080665555, 41.970282031152465, 72.09310683866784, 70.8804978305618, 76.7663363020481, 45.30388048807629, 15.53213076369235, 66.57611727430609, 82.8345037002588, 46.06758918439839, 51.35278492310759, 107.93598835215462, 97.90684225547682, 93.82868434167479, 65.95308481290556, 88.21342595599252, 101.63179081329437, 131.77243216071855, 76.82381616450812, 21.246230926936768, 76.57775902232369, 90.36388080561464, 59.23645797503566, 51.832157793728406, 88.37934407720486, 80.70178201029658, 82.85321362982363, 84.38618054474014, 68.02726259115468], [62.287619656647365, 44.74397740860433, 73.14566182250395, 33.70984818337264, 52.74657120052097, 37.46824163070717, 0.0, 61.675253026689454, 95.96544085637483, 17.636751503109412, 27.999165756392717, 46.56424271121594, 30.792915826057357, 89.12868538121964, 21.714698607100683, 59.824607658872296, 25.176582014522342, 48.470376659089474, 69.25400429052125, 17.506071586497107, 56.48159961018544, 21.842782962972393, 40.627112875574035, 12.702791490211924, 47.38786021511071, 39.47963562245278, 29.5531582146248, 29.08868950959743, 26.44258829198213, 69.89861483919805, 35.942979488583326, 22.234104466436875, 73.79890514379281, 14.34081744782042, 42.76766467378973, 33.292299809490075, 45.2293770163367, 53.402881385319425, 13.310191578519273, 55.06702182134462, 57.45686543848322, 76.35502577968411, 23.53127130884805, 44.316308620775835, 44.43668088464923, 50.54196804853594, 27.160001252978237, 23.669051441569632, 29.863676651773392, 48.016113418486285, 22.8363935769564, 20.657010280531377, 71.50787452846313, 70.66576221352268, 58.79031163279081, 47.45268419362946, 59.55657905210055, 73.15568006366293, 94.79310568713554, 51.422837871323566, 21.08665409987107, 51.37515518476264, 61.188418143554756, 30.075597459335714, 32.21335929704368, 51.49810547268526, 53.74245596989445, 61.63205449231552, 59.9012094500376, 33.189281782103485], [26.204441742196742, 28.14595888132171, 63.783415834603545, 48.83815938200916, 27.18970186399656, 90.92801580961185, 61.675253026689454, 0.0, 62.12179779489948, 53.22681019219793, 85.1386821896243, 36.4894403713729, 76.43999152080919, 52.43546347129506, 80.85008114856247, 31.075167008867354, 54.06610164927333, 18.322603544636756, 22.712513883622183, 79.05966591338623, 16.756959838511154, 79.30591574885548, 26.053236975694748, 74.25011090410493, 36.493637629076375, 23.175878344653757, 37.12053560165951, 59.53967433911944, 82.8912281367242, 71.01867990109837, 78.95720374901775, 70.01580268853392, 65.63596749328633, 71.50156766067428, 41.429589374700626, 72.99559973054146, 61.9768586484416, 15.206543912055137, 49.0858474183886, 13.265520981407045, 17.716238623381425, 69.5112369335654, 49.08767792317785, 18.84011956317295, 86.92489965652923, 90.91793355477738, 46.156466282426486, 82.23046074661669, 39.3205286581713, 69.38446282429337, 78.78898104256906, 70.5784600915598, 72.25356696394772, 10.346038720351222, 73.37762428862384, 31.57523963112009, 92.31292018572998, 11.517009721667597, 59.37327572792492, 16.140067897710747, 69.71792053929381, 16.56571954369634, 92.2887427923337, 75.84668483914317, 40.15182992089086, 58.83453567985075, 91.73923037148701, 21.801591910116827, 99.73080820207379, 64.74367874551194], [39.22544128243805, 86.3423498034366, 32.984243520032706, 63.5219693241906, 46.26479357518559, 133.0873293134797, 95.96544085637483, 62.12179779489948, 0.0, 98.55025671528921, 123.96438101528513, 49.545774154515755, 122.7174504221534, 9.716873480125697, 104.8131043381367, 38.37106742579491, 103.41875279856453, 56.5483457505537, 83.67617443075599, 108.66076939105963, 78.48583933093663, 117.7918913883639, 60.12548985207608, 104.84828621312317, 48.719628858383246, 65.68100652078505, 87.420044991979, 73.19974282712445, 122.35488198696716, 44.723733099946195, 87.43029668113209, 114.32277011595963, 34.165785394379526, 110.02967883102667, 99.05776923049223, 82.38981140143147, 60.85695394037082, 53.80539160955934, 83.82606036123755, 53.9587436016026, 48.36517741450117, 35.611927585728886, 97.68324267306032, 73.5776297380504, 90.59585844371384, 90.57649179403137, 96.64644678857866, 119.57438514832896, 66.53363580517615, 65.22979417155214, 99.64197420202674, 90.2072749545328, 44.43128789690938, 66.42610234335535, 59.14352813689296, 90.99097555234822, 83.72911127312219, 61.85170745881518, 3.139459825278787, 76.05822111554552, 113.50970605988203, 76.53341681334848, 82.07065900989322, 88.6494155564409, 92.97982940319798, 52.26489902257897, 88.64142232743546, 83.91892872375091, 95.03228457645116, 73.99549427499957], [61.198849775485265, 30.580659701872165, 80.78613547140978, 42.129539593194636, 52.608642607971916, 37.81909039565981, 17.636751503109412, 53.22681019219793, 98.55025671528921, 0.0, 32.16472758124579, 49.79378376949659, 24.544870628983276, 90.54486995918272, 38.66878031098536, 60.42093544848235, 7.956214949115611, 44.710416277644555, 55.74235246389353, 32.319923843948196, 44.04068622666073, 26.67604650880949, 38.83228491983531, 28.097062150833256, 50.58884760142004, 34.76216062152628, 16.44199908515078, 41.94970047879282, 29.84860001700811, 79.92394128611781, 52.77142268761941, 17.001580571114165, 81.7987079720559, 19.570664018275572, 25.76123071499248, 49.33066340220781, 56.75388025441144, 49.16068361915694, 18.25368290301184, 50.29431280894548, 54.18917893571002, 84.87700925243607, 6.274752573309289, 34.44603485239769, 61.5076500659607, 67.51559129562479, 10.248879131949836, 29.839666359785873, 33.37137568880067, 61.10440818973866, 40.42161043636932, 37.773858248748766, 81.55978654398683, 60.699277135720436, 71.20272800556403, 32.095066191986646, 75.70348701437433, 64.1411220345327, 96.87190349020406, 39.87994051428555, 16.57496333643707, 39.69701674987505, 77.12241775198316, 47.05384155364941, 16.422869613104993, 61.261915327209515, 70.48949952740797, 47.93113128573132, 77.01648100438787, 47.15698057324057], [89.60783289420752, 62.22266791469691, 100.34939173208981, 61.34663797661038, 80.23225698244494, 10.727946002744547, 27.999165756392717, 85.1386821896243, 123.96438101528513, 32.16472758124579, 0.0, 74.53071957712315, 17.249749383820127, 117.06097799851239, 29.665381730771088, 87.53230789926458, 34.100448288119374, 74.61443651815854, 87.22645859945898, 20.619588317753582, 76.04448071456441, 6.22875604263475, 67.41242809175901, 21.780144718983657, 75.35566657353627, 64.96408711529921, 48.60621381955803, 54.81432758520275, 2.3979771822335434, 95.94959350292234, 54.01692393818637, 17.110236593457763, 100.85308857954328, 14.267868813234461, 54.405139503606634, 54.122407443053085, 70.98290664876468, 79.39804666328286, 40.59905286290989, 80.82016291806129, 83.94760301840255, 103.14365352733066, 37.36534189609724, 66.48298642103262, 60.31250550135244, 66.24990645557739, 41.130015328172426, 4.841425791212493, 57.7087748787264, 72.21655206900627, 35.406418915394354, 40.654883065058144, 97.50964322461469, 92.85262952429274, 83.20926357031635, 62.870203598606516, 77.59178053314443, 96.20730435245635, 122.77895821914045, 72.03151993818717, 16.817896224520354, 71.84001734498891, 79.72039748154154, 48.51331705375841, 47.760348465560924, 78.13296233512564, 70.15608358388471, 79.43146120675324, 74.06381295548552, 57.46150669671794], [19.17872995326937, 46.24465651653254, 33.1762889940092, 16.928628564129905, 10.681337950471079, 83.54420881475106, 46.56424271121594, 36.4894403713729, 49.545774154515755, 49.79378376949659, 74.53071957712315, 0.0, 73.48855278533037, 42.58039156003063, 58.14228832166744, 14.554853195352573, 55.53743562965611, 18.847591803929696, 57.10862295301407, 60.433020397341885, 45.74319416880294, 68.33354120984035, 15.163985576184405, 56.262846939379436, 0.8264380665932591, 22.16577924056192, 41.45872076190122, 28.663769813107155, 72.86829347891059, 36.79707530973099, 47.41614029150386, 64.97089282914257, 34.624132885092536, 60.5141295122612, 56.397169530622286, 41.38674101277124, 25.945444762603575, 21.300911140395865, 34.283869046746915, 23.332536243611724, 20.618197951651347, 38.26858980808741, 49.910516779207754, 34.2080993652392, 54.0398435917345, 56.972472313341584, 49.69907816015812, 70.22914545549537, 16.997876717357897, 33.354345368087515, 53.9040128372101, 44.38045598154178, 38.259556110248056, 46.49004706317959, 36.93010078404658, 51.42385749141407, 56.594123026828925, 45.50730013753208, 48.2599084112675, 40.73019980388482, 64.11654426162411, 41.11235737140739, 56.333820025419016, 46.10948125348162, 47.60317564642987, 22.39084807598009, 57.09935663266156, 52.88178309747058, 65.03756074567455, 32.26459015485502], [85.72840524440913, 50.652848879703036, 102.91717782485304, 63.40222265950864, 77.03227447013542, 16.026761276664963, 30.792915826057357, 76.43999152080919, 122.7174504221534, 24.544870628983276, 17.249749383820127, 73.48855278533037, 0.0, 114.90624605810987, 42.21292898869561, 84.79367282615897, 22.420645445825205, 69.22180561587899, 74.72194551125484, 32.94440942958958, 64.88433179893376, 16.6852240008832, 63.32511852090037, 31.685406220174787, 74.30282280539362, 59.26969868604107, 39.412159340759715, 59.87808020866598, 15.332095813669694, 100.46613503484866, 64.23410951232046, 8.748641556881026, 103.72680356580632, 18.28378389380489, 40.60470233866025, 62.854762541288885, 75.96811490587937, 73.60349594508534, 39.72346687151462, 74.65762814697212, 78.69474301462174, 106.49767800796099, 27.42606273272281, 57.64677264376236, 71.74675115363705, 77.89464636819766, 30.31911118156745, 19.1820672593954, 56.616036348633955, 78.76189802316577, 46.92480100446701, 49.312451676841825, 102.08664843604436, 82.85610329069756, 89.57431814039386, 50.17089082425308, 88.29292159246589, 86.80454449484786, 121.13723804698097, 61.74597763538579, 9.802527863093768, 61.46882839249852, 90.18233013710645, 58.35581052274177, 36.63092135385898, 81.90785509196805, 81.55013019029502, 67.10765182088954, 86.52053437005888, 63.87450703662395], [30.20464998185381, 77.01801153826143, 33.02815459069605, 57.744110314466866, 37.95549489290505, 125.86932605451393, 89.12868538121964, 52.43546347129506, 9.716873480125697, 90.54486995918272, 117.06097799851239, 42.58039156003063, 114.90624605810987, 0.0, 99.49007117618162, 30.124535816156495, 95.06572664022438, 47.61223893761638, 73.96316247356492, 102.67829612532545, 68.85476975427544, 110.85038498417322, 51.81424480341608, 98.66121850487588, 41.7601398535191, 57.008348769100905, 78.75408353450112, 68.18103266165723, 115.3532468531931, 45.05502710715489, 83.8132029833625, 106.6488439927323, 34.601792926319625, 102.96825239253138, 89.8616278082917, 78.43671080177059, 57.37896842372058, 44.59272378374525, 76.60134415985263, 44.61959947043496, 39.10862768050479, 36.97003705250654, 89.33263107380303, 64.34104780994993, 87.83926751123256, 88.46895742693546, 88.0971795252026, 112.79751177514484, 59.36514436240083, 62.60056542457106, 94.6144112435214, 85.06997400465129, 45.11578326963858, 56.74015427899277, 58.010316316604104, 81.59350058330898, 82.7892516751147, 52.20852424369781, 6.9673940025174526, 66.54436681044716, 105.88470020778996, 67.0194486911218, 81.36070507593227, 84.42732975226212, 84.16816101018179, 49.01679136527738, 86.92798994563904, 74.22651483349804, 93.78939337562188, 69.67232897274532], [76.36865960333344, 66.32696092616402, 76.98911305760078, 41.81330242661426, 66.73132566104509, 40.24030656756139, 21.714698607100683, 80.85008114856247, 104.8131043381367, 38.66878031098536, 29.665381730771088, 58.14228832166744, 42.21292898869561, 99.49007117618162, 0.0, 72.5981535136194, 45.46608558049097, 65.49677569100191, 90.50729115989411, 9.356971152736318, 77.51647669118097, 26.277203285242745, 57.052814770915425, 11.263337424231162, 58.891653979630654, 57.79787650483279, 51.16801195881582, 31.654483378310232, 29.835295957346847, 70.47573985568104, 24.82902765766105, 35.9323726258459, 77.099336549099, 24.70391359643953, 64.27799258948657, 26.178462850813325, 46.1744074489873, 70.41608083795253, 32.03424369349914, 72.33198016008673, 73.54604904120254, 78.74144091269089, 44.83653177055357, 64.71885706195607, 30.649835086331876, 36.592371296897795, 48.629115934281245, 25.165841119483247, 44.03506462486181, 45.51407239507975, 6.170716502170647, 14.684116013036297, 71.92066402072473, 90.42044635478956, 56.24628049152307, 69.1563832641363, 47.9792574175615, 92.35037223389612, 104.23523857876879, 72.23852670789735, 34.80286950146422, 72.23837339921991, 50.15012555520016, 19.84779004572732, 53.90744264500222, 54.37424664329936, 40.49072309597827, 82.99280772433578, 44.63385549365515, 32.008118236158076], [6.047815331262989, 49.56889071109377, 32.7115789409972, 31.44823084611067, 7.894006936732644, 96.03608431979055, 59.824607658872296, 31.075167008867354, 38.37106742579491, 60.42093544848235, 87.53230789926458, 14.554853195352573, 84.79367282615897, 30.124535816156495, 72.5981535136194, 0.0, 65.0675024592938, 18.98678152903135, 53.64994348446394, 74.51765270880045, 44.70954858652386, 81.30434925745712, 21.766230843705443, 70.2099980945702, 13.8656640219567, 27.438807398748086, 49.11110527004336, 43.105695330678294, 85.7313959062963, 40.58763328392881, 61.473849047754946, 76.57742946305967, 34.57224276563343, 73.33054457602105, 61.620819027643975, 55.51312797511989, 37.917131973541274, 17.738966747566202, 46.93574805059368, 18.826101040095093, 13.451259334873107, 38.44471114059719, 59.331113241761344, 36.6460265592717, 67.59895350958706, 70.00038380637811, 58.28292462431035, 83.42383242475489, 29.985726208194546, 44.989470722158224, 68.44435508014381, 58.930512997222095, 41.69712463094483, 39.56835800432628, 45.80444312846412, 54.53552038673985, 68.11874934138605, 37.13214892316733, 36.51649423356373, 40.89317689995532, 75.83331664306372, 41.349899108888046, 67.49660699099493, 60.49400240372917, 54.78599621836125, 31.97057457830159, 69.68330300199104, 51.31266516794209, 77.46658216475542, 46.34511051208609], [65.2059653481805, 28.555365147373983, 87.3359819633378, 49.30165024117983, 57.177884906257084, 37.585505288811895, 25.176582014522342, 54.06610164927333, 103.41875279856453, 7.956214949115611, 34.100448288119374, 55.53743562965611, 22.420645445825205, 95.06572664022438, 45.46608558049097, 65.0675024592938, 0.0, 48.132484645417534, 53.26065856197768, 38.32642217982978, 42.70212619340722, 29.509296144406548, 43.30127997963508, 34.49791254387365, 56.30471374583524, 38.286755975639885, 17.26010949604624, 49.765304516703566, 31.702919294601703, 87.05315953965514, 60.658479815797435, 17.177707934588753, 88.43467506086557, 23.795919509382422, 20.584061570360245, 57.28044272851138, 64.30133601194655, 52.20559766966457, 25.835233641645516, 53.063621885505086, 57.493745648196274, 91.62628825173238, 5.736403347780431, 35.32727323396232, 69.35545152193741, 75.38798571863715, 7.91040717023285, 32.83018447547131, 39.74310039555141, 68.85650078384883, 47.7171343403292, 45.582765736416874, 88.68678587008509, 60.470439975486784, 78.82332560535289, 28.793848926986744, 83.65720812608122, 64.38471536859049, 101.57536839321526, 39.35774508459329, 17.304618428441387, 39.09085105762967, 85.07863163378131, 54.908475959340855, 14.267803860064397, 68.45655317426926, 78.3996743697734, 45.50336468430771, 84.86095528984858, 55.04500592936198], [17.408729134443515, 30.59359135449253, 49.58958002261971, 30.610911439225905, 11.958397127947286, 81.9842862077214, 48.470376659089474, 18.322603544636756, 56.5483457505537, 44.710416277644555, 74.61443651815854, 18.847591803929696, 69.22180561587899, 47.61223893761638, 65.49677569100191, 18.98678152903135, 48.132484645417534, 0.0, 38.26668887150138, 65.1168155605876, 27.27559023339497, 68.46918774775175, 8.521624527392966, 60.41731266773713, 19.015128694334866, 9.95212065719227, 31.32069806929318, 41.611032831617294, 72.56778307437337, 55.04778511340389, 61.11325626019472, 61.56916442408581, 51.28540479138579, 60.409150555074355, 42.713826582392, 55.09168468034722, 43.7649238273601, 4.958969725906117, 35.1939850241066, 6.842048898623526, 9.480080593537371, 55.11847790475682, 42.47055022767272, 17.68318502678638, 68.86892234052931, 72.70734374517518, 40.80605544412884, 71.02978321127434, 22.05279487260696, 51.15115087631687, 62.69191112384029, 53.93172874255163, 56.42406290040391, 28.636358272187074, 55.685815632112046, 35.59367361597602, 74.00344700435508, 28.70079584898998, 54.37881831171656, 22.69620394847988, 60.99617239750011, 23.123072572771612, 74.00855211457225, 58.36917668212907, 36.57142018301286, 41.17905334683188, 73.45168926298129, 34.31843061801603, 81.4457502823512, 46.62793466750872], [48.91471002156499, 25.1616934290652, 86.2938438770873, 66.39225212627679, 49.00267688490914, 90.52596652426543, 69.25400429052125, 22.712513883622183, 83.67617443075599, 55.74235246389353, 87.22645859945898, 57.10862295301407, 74.72194551125484, 73.96316247356492, 90.50729115989411, 53.64994348446394, 53.26065856197768, 38.26668887150138, 0.0, 86.49358219735466, 13.283076593377587, 82.19339431085446, 43.85441365245957, 81.79614529117566, 57.28077418609549, 38.28208907593756, 40.01228936490221, 75.54386392697357, 84.83803364749325, 92.96765581624189, 94.0892961312445, 70.43779131217654, 88.12006865162358, 75.31236339342858, 34.36356755856421, 88.48335256141806, 81.21896757956814, 36.73390058179609, 58.95499652545774, 35.146990943547635, 40.205326110092834, 91.99805010476592, 49.98989141772264, 27.038795576826235, 102.67023112141005, 107.385863083958, 46.1258427703729, 85.43889837391254, 55.085772823142065, 88.44613737654221, 89.87962865953929, 83.09178178305028, 94.27421182178155, 17.605833723953218, 93.81453511713873, 24.572965150718336, 110.5402928251433, 22.697008375336242, 80.78459560515647, 18.944737913748877, 70.52517177900596, 18.811115213069286, 110.84455541317209, 90.01245625551398, 39.52261311843399, 79.3681832268607, 108.80831529647534, 7.814523414770467, 116.68137585896756, 81.25425960667604], [77.68198700181618, 61.69404409345601, 82.49613489046821, 45.13885031984805, 68.01089940409898, 31.311959074854567, 17.506071586497107, 79.05966591338623, 108.66076939105963, 32.319923843948196, 20.619588317753582, 60.433020397341885, 32.94440942958958, 102.67829612532545, 9.356971152736318, 74.51765270880045, 38.32642217982978, 65.1168155605876, 86.49358219735466, 0.0, 73.86211111424686, 16.92558188631389, 56.947557313320274, 4.814795020531849, 61.226540806551995, 56.548235793685045, 46.546886728651536, 36.52905593255296, 20.600515026962118, 76.95758750104201, 33.407209164017594, 27.056790208587188, 82.78822506862373, 15.941782420384417, 58.05988678461358, 33.8123079978611, 52.1565705181467, 70.07545207278712, 30.129073050301642, 71.84701441599825, 73.76693560788159, 84.74102715057812, 38.5946215254883, 61.82211144893843, 39.81166350045962, 45.823845705494364, 42.548325195833165, 15.973487132954723, 44.856067277460525, 52.514729200720964, 14.804780368261817, 20.733823493651403, 78.46583345706608, 88.14978984774874, 63.44727793971318, 63.97366008952405, 57.00708157214315, 90.56015358554701, 107.83597054760564, 68.87815592106156, 25.971500153109375, 68.81934943705058, 59.116228794464476, 27.974920711016228, 48.375386034505794, 59.90837320988669, 49.67557261996699, 78.80328121433112, 53.98036302966151, 38.16138585688659], [40.90383159026013, 14.240806769966033, 76.66844688191007, 53.623088246552584, 38.88693399238543, 80.28761378337859, 56.48159961018544, 16.756959838511154, 78.48583933093663, 44.04068622666073, 76.04448071456441, 45.74319416880294, 64.88433179893376, 68.85476975427544, 77.51647669118097, 44.70954858652386, 42.70212619340722, 27.27559023339497, 13.283076593377587, 73.86211111424686, 0.0, 70.70873045352066, 31.60139650358241, 69.11608227833375, 46.02336983226951, 25.52708976800943, 27.792712951639526, 62.42901558389906, 73.68479286086159, 82.29473923071421, 80.84715208973162, 59.684632742675454, 78.40911155207543, 63.485291916622764, 26.410983553127153, 75.27590471293179, 68.83689951573143, 27.007847983672335, 45.79191839281382, 25.925963399234448, 31.54654292419209, 82.2636809492455, 38.70252839439565, 13.806385254529866, 89.46127811876012, 94.24383288620501, 35.07834855818343, 73.88007683284918, 42.079582632914985, 75.9502337007242, 76.72037439246373, 69.8268970503747, 83.6848185452278, 18.700045971380934, 81.89605732637544, 16.024622197725492, 97.70750763850916, 23.4447222686485, 75.81647742599837, 5.7053114067056185, 59.63008764828404, 5.53729815542299, 98.0967842733363, 76.73465212703213, 28.47994106973787, 67.6174539772672, 95.74757894134733, 7.176310672232872, 103.58813736629726, 68.18645075490764], [83.38702270696226, 57.079303295963214, 94.49549910721807, 55.33925412539778, 74.00490984473905, 15.982830405106947, 21.842782962972393, 79.30591574885548, 117.7918913883639, 26.67604650880949, 6.22875604263475, 68.33354120984035, 16.6852240008832, 110.85038498417322, 26.277203285242745, 81.30434925745712, 29.509296144406548, 68.46918774775175, 82.19339431085446, 16.92558188631389, 70.70873045352066, 0.0, 61.2131535252259, 16.948919161783444, 69.15889101704319, 58.861669655228205, 43.07606085974072, 49.20221535002448, 4.651461017563477, 90.38770464178802, 49.79918717488183, 13.433459872366342, 95.04111800431656, 8.068256663803835, 50.05838345382217, 49.39705063840382, 65.43526966027837, 73.2712273727489, 34.37049322018807, 74.71800739485423, 77.78091624300754, 97.40467457860586, 32.204329995229045, 60.743496009347176, 56.62583557772328, 62.68232189388395, 36.086178187560876, 3.327920833670777, 51.492268788109946, 66.99951506540401, 31.565020700393973, 35.782947713858995, 91.96182976031012, 87.21034795979139, 77.98910750115965, 58.04482518494141, 73.6684561976672, 90.45385863348638, 116.58809966915179, 66.5251268051903, 12.781835787171076, 66.35221801918468, 75.71132665237312, 44.11678077604313, 42.6713260405031, 72.40317711676798, 66.49279578213171, 74.3813840474778, 70.90594009569058, 52.14097298241094], [22.457333080482123, 31.081193975371075, 48.16946166791569, 22.978935059034583, 13.878554344003142, 75.27919313498933, 40.627112875574035, 26.053236975694748, 60.12548985207608, 38.83228491983531, 67.41242809175901, 15.163985576184405, 63.32511852090037, 51.81424480341608, 57.052814770915425, 21.766230843705443, 43.30127997963508, 8.521624527392966, 43.85441365245957, 56.947557313320274, 31.60139650358241, 61.2131535252259, 0.0, 52.297197758290665, 15.672364242397057, 7.002307906463935, 27.61171123135873, 33.48826263173823, 65.45282857678343, 51.84248857986223, 52.93021837079934, 55.30126954737293, 49.68051428380033, 53.148193467848934, 41.554279337300166, 46.95159150855528, 37.366566414823446, 13.376999462203123, 27.318967735038107, 15.351821916478311, 16.851916345581802, 53.37102478711129, 37.564896949309265, 19.213385213345216, 60.87454148456129, 64.94272537056266, 36.594038151913054, 63.62822131464912, 13.55908240355393, 44.59971023221011, 54.178271511423596, 45.41361586485453, 53.33306783044737, 36.38341248831912, 50.305858836005214, 36.26030024796839, 66.9664142548919, 36.91703649165281, 58.277955772638784, 26.25373476828209, 54.62780536562033, 26.59429347208145, 67.14602980872628, 49.99916516078841, 33.51601590685077, 36.11592427634672, 65.90131229583628, 38.774374444773684, 73.87686545146813, 38.71998285074496], [73.23376839800777, 57.0727292092679, 79.42303626979518, 41.38389099969816, 63.57555613849266, 32.455909388100146, 12.702791490211924, 74.25011090410493, 104.84828621312317, 28.097062150833256, 21.780144718983657, 56.262846939379436, 31.685406220174787, 98.66121850487588, 11.263337424231162, 70.2099980945702, 34.49791254387365, 60.41731266773713, 81.79614529117566, 4.814795020531849, 69.11608227833375, 16.948919161783444, 52.297197758290665, 0.0, 57.06519054038431, 51.77623781931921, 41.90022709546016, 33.51328931583412, 21.22607314464398, 74.42489737837975, 32.93240818540649, 24.867642918280865, 79.80356468364943, 13.66911902924851, 53.854951759971705, 32.471165886769704, 49.489274189565734, 65.37439192349005, 25.359068750630772, 67.1280388399466, 69.13450171653314, 81.91043237402558, 34.354850402609266, 57.01787208817536, 40.10561409787459, 46.236668403282465, 38.26227733383488, 16.94132720070873, 40.40925446172416, 50.45343009541229, 15.258871262909596, 18.905741481686622, 75.9649830203131, 83.33549219291125, 61.44302760979094, 59.468971216751356, 56.90449657941827, 85.74901561679648, 103.94155475119405, 64.10354403847849, 23.7136263701928, 64.04926763338229, 58.895775781475805, 27.194515673040765, 43.93381848467931, 56.95130041280327, 49.94073580918394, 74.1255838906454, 54.84550870808849, 35.764906850179855], [18.61398092273303, 46.748177844805795, 32.57547216242626, 17.587012274266694, 10.35392803743293, 84.37057414923633, 47.38786021511071, 36.493637629076375, 48.719628858383246, 50.58884760142004, 75.35566657353627, 0.8264380665932591, 74.30282280539362, 41.7601398535191, 58.891653979630654, 13.8656640219567, 56.30471374583524, 19.015128694334866, 57.28077418609549, 61.226540806551995, 46.02336983226951, 69.15889101704319, 15.672364242397057, 57.06519054038431, 0.0, 22.672826589405073, 42.14709304396857, 29.28921993544303, 73.69417346136846, 36.413516603340284, 47.95441457652211, 65.78889944872071, 34.045505183061366, 61.340392711686, 57.00297264830631, 41.93600540703351, 26.163913326690647, 21.289848003035146, 35.10948285285531, 23.2940269032693, 20.393865775113188, 37.711491569774466, 50.67126892177384, 34.63285902141563, 54.49971691608194, 57.36302855309432, 50.431655350868965, 71.05219474494407, 17.822589450275473, 33.55718157345079, 54.62339200462974, 45.091648934826985, 37.861417399987715, 46.439047218176206, 36.88866159677338, 51.926590924151625, 56.820175683042265, 45.36477729655767, 47.43390577120037, 41.059467777538046, 64.93600038006586, 41.44676337174679, 56.524815479453785, 46.720713214521844, 48.280746866329565, 22.34415318227174, 57.43731158891016, 53.149449857240825, 65.36310797058223, 32.799389376316995], [26.952715359169705, 24.078978465766347, 55.1349197833665, 28.129108244306664, 19.64717986977651, 72.12813557220674, 39.47963562245278, 23.175878344653757, 65.68100652078505, 34.76216062152628, 64.96408711529921, 22.16577924056192, 59.26969868604107, 57.008348769100905, 57.79787650483279, 27.438807398748086, 38.286755975639885, 9.95212065719227, 38.28208907593756, 56.548235793685045, 25.52708976800943, 58.861669655228205, 7.002307906463935, 51.77623781931921, 22.672826589405073, 0.0, 21.752974965628173, 37.54002275709506, 62.87587843170844, 58.80043531032609, 56.593379442605276, 51.64326979678761, 56.66078302481402, 50.8258216537391, 34.765485638718836, 50.777237811607556, 43.372622738167564, 14.491436316204373, 26.41936046694278, 15.856856695958307, 19.42772701964328, 60.36157956163359, 32.596944265349556, 12.46125066563116, 64.90855367954124, 69.36033704217189, 31.10935331791828, 61.510159490347455, 16.967150265520953, 50.43640614897776, 55.616524781735414, 47.44866366557712, 60.29986572293666, 33.14306182731124, 56.7493665510992, 29.258133408385483, 72.26529697482695, 34.61213758373555, 63.658803904630936, 19.96815105851431, 51.08558343521495, 20.262177738061546, 72.60453810986118, 53.087811844167106, 27.347258720549522, 42.75355740577307, 70.62486354624683, 32.63488148514786, 78.53939196666984, 43.12284349046598], [48.63706451518644, 15.193563600196116, 74.40980023466616, 39.62591924595678, 41.25121513739914, 53.83857490252573, 29.5531582146248, 37.12053560165951, 87.420044991979, 16.44199908515078, 48.60621381955803, 41.45872076190122, 39.412159340759715, 78.75408353450112, 51.16801195881582, 49.11110527004336, 17.26010949604624, 31.32069806929318, 40.01228936490221, 46.546886728651536, 27.792712951639526, 43.07606085974072, 27.61171123135873, 41.90022709546016, 42.14709304396857, 21.752974965628173, 0.0, 43.999908624041396, 46.28590530919654, 75.96213594805188, 59.43271089028489, 32.93193780085797, 75.72536827841303, 35.714899977590974, 16.843890644833625, 54.72487164666374, 55.75665660871296, 35.15260880191283, 21.582575987692746, 35.905910757889515, 40.52830011763485, 79.1962298727447, 11.991534341314834, 18.282545129249467, 68.37779391658673, 73.92411560437493, 9.560133871300708, 46.19557558808853, 28.082938523927016, 61.60380357097768, 51.364290991299725, 46.064147197239286, 77.56065011025284, 44.277737082338874, 70.31145726508791, 18.1994829708117, 80.038164731392, 47.82221836399429, 85.41163851063433, 23.449477521450333, 32.68512249898186, 23.277172621539286, 81.01343529200238, 54.37174896853959, 6.226471227096671, 58.03892520349539, 76.24803326002862, 32.27753318184432, 83.55951763540592, 49.869355357321645], [47.80495913316566, 56.17266834453949, 45.97392769959436, 11.804675544447935, 38.70770734984575, 65.18157043672605, 29.08868950959743, 59.53967433911944, 73.19974282712445, 41.94970047879282, 54.81432758520275, 28.663769813107155, 59.87808020866598, 68.18103266165723, 31.654483378310232, 43.105695330678294, 49.765304516703566, 41.611032831617294, 75.54386392697357, 36.52905593255296, 62.42901558389906, 49.20221535002448, 33.48826263173823, 33.51328931583412, 29.28921993544303, 37.54002275709506, 43.999908624041396, 0.0, 53.813090704945864, 41.187986440064215, 19.511358005455723, 51.27062897065314, 46.30568915926413, 42.80870920419499, 60.76385691661846, 13.48100924178303, 16.264372944767015, 45.953953119402215, 24.121727930879636, 48.088274481858434, 47.44915097879928, 48.40550328748353, 45.6345782377164, 48.64754557796658, 27.428132693095172, 31.850423401872263, 47.72161469164365, 50.020948622112165, 20.573196210401278, 19.240961325721067, 26.4713486166582, 17.00909971689396, 42.76684068092615, 69.86136632931546, 29.777580628090643, 60.70038569808153, 36.17868021613449, 70.30370714