instance_id,num_cities,city_coordinates,distance_matrix,best_route,total_distance
510,84,"[[50.67794011404707, 84.4672618980733], [6.546059864921238, 40.124736379451974], [44.019355605286655, 54.890673690851145], [15.284970052530788, 33.68598495268053], [58.56542417536811, 6.447980537844478], [27.771360017116507, 39.51185492124222], [96.01588929847978, 68.85070642519754], [96.94057894025431, 44.09022899701171], [0.9960097674180379, 3.2119566789722276], [26.867944562584622, 36.278713195349034], [19.744724624587384, 91.07037487345987], [79.71481937062993, 8.145267254007537], [98.08512984712937, 24.919613349921732], [76.76054979487333, 52.47764136429554], [70.6291830836243, 66.95655835896223], [56.16556592845203, 38.72817932615648], [2.8164706317374777, 58.587976299819445], [82.73390959249392, 79.81804154380409], [98.8461759338327, 69.55263149310905], [8.631521471516168, 46.08650009296088], [90.90339351182882, 58.842586629286245], [91.83858964554615, 63.277952324748995], [69.78283744984194, 50.97862694402343], [25.77031879477548, 62.82792018358868], [40.596355200838566, 25.447434605226615], [88.2403994355271, 87.72850951221795], [27.405701473409806, 58.647657774997555], [84.19614247138519, 18.917461217678742], [0.9396104733622068, 41.87720982716235], [64.91774454939218, 0.5338406367742521], [0.5172805760586208, 45.37241547605305], [39.54862896319139, 64.5607585891217], [61.48156824065034, 97.6859113137055], [19.903153051795776, 22.910317723319483], [55.089317804218595, 6.408748722954427], [33.71572490806531, 33.11306619904636], [65.443996084044, 8.426883102689098], [61.758292662656224, 21.45221657245816], [11.659345334314041, 7.159720150275007], [51.038609590991456, 64.40577916081263], [55.09601093744775, 49.01829316537383], [78.10453227234858, 65.03059457424274], [70.92892491249982, 75.37182989675009], [13.15705035733722, 96.53131689669524], [42.707414664765494, 8.816004184803749], [37.93504826301471, 71.18895842357658], [45.211562399429475, 11.239438245207145], [75.91081626959438, 83.39113703202472], [85.53814215690153, 37.135052311833775], [31.591342696507496, 7.174062445371742], [29.55160554066183, 52.45299962346296], [38.46883765940453, 97.74591326358585], [27.270593908996343, 23.746910069714243], [79.12650848911373, 40.8201986751265], [89.06512205803313, 92.12753252771371], [55.38022827518768, 2.1845044593060248], [57.5240014403729, 35.2962456941694], [34.12583506768685, 76.36182373610526], [80.44466184489993, 25.288112071628277], [82.18111559791083, 67.55468116257806], [71.86506913586548, 9.654852435938254], [19.975443249156612, 18.914107102178722], [23.390446782481046, 35.3140226862801], [58.55495130288663, 15.441241189331778], [39.95529203046101, 2.204431271031093], [20.07907135522945, 75.47443533170315], [46.29292352556129, 10.547916136117852], [86.57454881866445, 83.96224566708483], [28.947687805240495, 2.4925639787919174], [3.077587222473699, 72.7611708146569], [2.1439139019200026, 83.0284020476356], [68.62716092532295, 70.35582645442386], [88.8363539344368, 20.62512569366116], [5.342722919439458, 60.91306364013859], [21.06417408990704, 5.840988419953841], [1.3563136939628295, 30.821230743620198], [51.98577066578777, 40.67088729207057], [20.84223850584864, 36.09110136623832], [34.75899325028483, 15.05227991695608], [64.21029308445817, 75.95731425982777], [61.678802710853155, 93.06453566453557], [88.76120827038065, 82.96890005318214], [4.253430957096804, 34.842572577823795], [48.901580107452766, 44.46499606120567]]","[[0.0, 62.561029592652694, 30.316848741910775, 61.89830706877263, 78.41696671501738, 50.45493066281638, 47.95212655438347, 61.40469474769424, 95.2403214464156, 53.749903388150294, 31.630126801564785, 81.65896903225129, 76.1141516802404, 41.27515414456289, 26.545749838076567, 46.06710009974091, 54.41008807272822, 32.39136349562437, 50.4244498443678, 56.92964251954992, 47.69393130879335, 46.29455594396677, 38.554970798807155, 32.99470729708732, 59.87468887634977, 37.70376753427442, 34.759876990851396, 73.62232174080712, 65.48140171719245, 85.1327858993441, 63.596373969333676, 22.806368423794734, 17.071938175594674, 68.82110791654453, 78.18306550804688, 54.08299326579471, 77.4608005139025, 63.98179545769876, 86.59622826470323, 20.064724570474606, 35.72322401481268, 33.61550228800796, 22.199758300437846, 39.41267043914875, 76.06998139566731, 18.40365822025444, 73.43156979293124, 25.25581287166414, 58.78411138040907, 79.61492876725026, 38.35668131491764, 18.03842467719359, 65.07584023677919, 52.09978090720496, 39.14403509757292, 82.41701089991929, 49.645315893932974, 18.430146750995533, 66.2437128849437, 35.755914933081485, 77.75468504030695, 72.38687323978793, 56.219642628996006, 69.474015575269, 82.95871554392501, 31.892972564064294, 74.04929471883455, 35.90016097298137, 84.80598424852947, 49.01863078315793, 48.555350045372336, 22.832151410067013, 74.37662872455851, 51.088963325324386, 84.01824813210843, 72.87331124181819, 43.81589722214287, 56.836801442862026, 71.21694034912, 15.985736946461836, 13.961808410421174, 38.112732802640075, 67.95472640365087, 40.041687364001724], [62.561029592652694, 0.0, 40.277547074382014, 10.854771817171345, 61.968848200351744, 21.234146797848926, 93.9682485414043, 90.48145782733984, 37.32768893597546, 20.682622947725527, 52.62758623573944, 79.85207457010425, 92.79330309645599, 71.29283875458962, 69.47368820066781, 49.63915544801179, 18.836163733768384, 85.90778149260741, 96.87782221517436, 6.315993721362699, 86.40901375430059, 88.37922292591367, 64.1614914081057, 29.7490619389334, 37.078913142578386, 94.55201919765284, 27.89665329497694, 80.49399883580043, 5.873962713964274, 70.53150075399556, 7.992766455659938, 41.064446282856025, 79.56883146252393, 21.78871607211982, 59.10343234545901, 28.059832809114067, 66.88587887758551, 58.28424869940299, 33.35922635915594, 50.68684266826153, 49.3578068946457, 75.76883756336484, 73.39966562016393, 56.79267136646297, 47.83179165154093, 44.16168569996308, 48.26366681625289, 81.75237523465964, 79.04863867042339, 41.388562488013804, 26.10059781790867, 65.87308834135986, 26.414759245088067, 72.58378049050457, 97.53812809598271, 61.84041722430992, 51.20610168298328, 45.53867038384857, 75.37326313386475, 80.45535113675031, 72.0762568372477, 25.10456397587296, 17.51788619857235, 57.56908652572799, 50.53836496570371, 37.85159991349906, 49.543934710154055, 91.2484863697075, 43.795129112373814, 32.8202247876951, 43.12891624938941, 69.05057505910342, 84.56906831072905, 20.823125848483162, 37.23104906929333, 10.653106703442479, 45.44299284252458, 14.854323786464734, 37.74384298492558, 67.89062844274122, 76.43455816618942, 92.70896929765262, 5.758246411558238, 42.57731730769982], [30.316848741910775, 40.277547074382014, 0.0, 35.71139506624076, 50.57946847053526, 22.371978620177348, 53.837923716014444, 54.01208647010602, 67.24357277152004, 25.30960241176958, 43.568664047822075, 58.81580702811647, 61.817250038557475, 32.829994242601174, 29.217605843926556, 20.217731062197757, 41.36843937986794, 46.04552484775059, 56.753442485314146, 36.466591250362846, 47.0502988969789, 48.54920789343274, 26.058800941411228, 19.90043281936014, 29.641546174619496, 55.08016139107698, 17.033156871882504, 53.928157937425546, 45.00238529637181, 58.23579620927234, 44.531199975883844, 10.6535411318538, 46.22078789158861, 40.054143273961536, 49.72968038986928, 24.092094006371344, 51.16540877843725, 37.85234870366601, 57.666404349760626, 11.824007722440124, 12.537031003531023, 35.56145756217345, 33.817195031967714, 51.830734625451896, 46.09334397852807, 17.396921597346335, 43.66751324464272, 42.77080399015975, 45.15608184147042, 49.30852353917112, 14.671674982471107, 43.213190212064255, 35.36177358177007, 37.82182505877446, 58.44403075893901, 53.91669224726214, 23.797417247429554, 23.64089746379619, 46.937347486511165, 40.208170947938015, 53.11933063051049, 43.271504074834795, 28.439359060541427, 42.042136803164745, 52.84275497227856, 31.572590220964567, 44.40100515355434, 51.53737252322097, 54.52262898716407, 44.671949428739424, 50.450811439780146, 29.06398170707943, 56.41534471030712, 39.14270170309175, 54.15544278812709, 48.98441822577236, 16.299266675010998, 29.84296695419895, 40.90051258150509, 29.18008398120651, 42.06066820748585, 52.82253473243477, 44.53375260814747, 11.51220526775132], [61.89830706877263, 10.854771817171345, 35.71139506624076, 0.0, 51.13811292550454, 13.778631834775757, 88.05702106326126, 82.31577465442984, 33.657700237186475, 11.86960564807811, 57.557428863900974, 69.30753020932335, 83.2629313265436, 64.2835379809583, 64.57486330464695, 41.19037318682973, 27.849105027977195, 81.71613115164122, 90.93344523547624, 14.072709538838915, 79.69316516731607, 82.07399835356914, 57.175633078223676, 30.970872239072285, 26.618413362811626, 90.79145960510583, 27.748824124014416, 70.47594609121889, 16.519246544560485, 59.68648906577578, 18.832347459919056, 39.2680123107137, 78.93108550103179, 11.723592386833726, 48.25384664738736, 18.439657275640325, 56.16004023056127, 48.05657918751318, 26.772894482380536, 47.13839726206402, 42.66144221037953, 70.20528434397006, 69.52668107395377, 62.88134691132649, 37.02035132066741, 43.81208808194117, 37.409201923968375, 78.39703676010834, 70.3377868316477, 31.1252280929438, 23.57409017978346, 68.12610463259571, 15.57049738312452, 64.23892149925335, 94.12186415982154, 50.98993042960531, 42.26971388877255, 46.64981683123944, 65.69862786544975, 74.9812167931876, 61.47196875257209, 15.498674589732218, 8.267361119594883, 46.959151955677385, 39.9964124479349, 42.06254857210358, 38.68931903181567, 87.234777652468, 34.054359022663206, 40.93763971832732, 51.062329378182696, 64.73072379382428, 74.70202216491477, 28.985549708578855, 28.43840767717467, 14.220206912468063, 37.359572084605844, 6.055395744706278, 26.952783582870346, 64.65719229267329, 75.35383197534655, 88.47351752614718, 11.092003865340248, 35.30245815892131], [78.41696671501738, 61.968848200351744, 50.57946847053526, 51.13811292550454, 0.0, 45.18289694811103, 72.77800173204488, 53.75491951710695, 57.66029245234089, 43.52703556051495, 93.10207482491664, 21.217391435382137, 43.62348398657365, 49.49537626998808, 61.69945112341595, 32.369284104197156, 76.33167742994158, 77.24818146322966, 74.86478434092241, 63.7542694394587, 61.57060181842646, 65.85399937518004, 45.92176858443586, 65.22435535428414, 26.15084500871748, 86.52819509873655, 60.79255400561727, 28.50301157412221, 67.64587713122914, 8.67922951094579, 69.89061890257437, 61.14518356321187, 91.28452173545244, 42.02118220660728, 3.4763277519310227, 36.44906510453489, 7.157569899342496, 15.340192572439149, 46.911478398352386, 58.44449810724799, 42.71145449901047, 61.755156971406805, 70.02394705332006, 100.88076081364513, 16.033839266717166, 67.94855868880418, 14.187448371441567, 78.87402587791725, 40.856136495920744, 26.98385195935987, 54.38992050771678, 93.48360984465464, 35.757787464405766, 40.05256006591658, 90.94623246797278, 5.3219076650009445, 28.86705672289081, 74.06239927590308, 28.873025425301982, 65.51129477124974, 13.680810774441213, 40.55355643347901, 45.50304851221923, 8.993266749443597, 19.08781624049165, 79.03069539618647, 12.939232748099787, 82.41949018169112, 29.88068988236395, 86.46582709024256, 95.12070111260792, 64.695064078511, 33.42634639393852, 76.15182996039972, 37.50616212575575, 62.184705898371675, 34.84966552227706, 47.97659168285921, 25.313635084597028, 69.73816759476016, 86.67249129868333, 82.26321474745195, 61.28658470218752, 39.22605449790315], [50.45493066281638, 21.234146797848926, 22.371978620177348, 13.778631834775757, 45.18289694811103, 0.0, 74.28380701341302, 69.32057671149774, 45.10656264218306, 3.3569874743881014, 52.17957316218509, 60.67936874668704, 71.81197491911638, 50.67595419099614, 50.89208921614918, 28.405018513876282, 31.41090433411165, 68.15768875100304, 77.1626704737201, 20.23757343867224, 66.02522882615294, 68.33328104265816, 43.5482616955354, 23.401774832082875, 19.033875598207697, 77.33919128185111, 19.1392961476742, 60.06567345022381, 26.935806789656766, 53.8436577637504, 27.87706972040101, 27.67944433674358, 67.23539972088741, 18.371709724005925, 42.91953468565347, 8.733840568045979, 48.84161116498316, 38.48716835441814, 36.14218644987694, 34.07451198151567, 28.931106373719054, 56.43256420500919, 56.11161388646091, 58.86252705076509, 34.136798046554794, 33.267693714133735, 33.218823035131464, 65.13676877802482, 57.81565799529982, 32.56263333766653, 13.063020337116493, 59.20845867717495, 15.772896147085994, 51.37181170602422, 80.77954441018255, 46.42823170227074, 30.04980919766802, 37.393843809171315, 54.55998154410168, 61.211286589676696, 53.25125145248977, 22.02370389990506, 6.067470333037584, 39.077153656326836, 39.24655473697193, 36.77605871537439, 34.37961699533293, 73.71331121777521, 37.03797576740521, 41.41617343760187, 50.50203825778635, 51.191279020852, 63.919027081443666, 31.000895094965582, 34.33239860554081, 27.807941686702076, 24.242133550888465, 7.727501523907121, 25.43811761101001, 51.53704831950214, 63.38457450217787, 74.88842608544829, 23.97697197051117, 21.70299076667657], [47.95212655438347, 93.9682485414043, 53.837923716014444, 88.05702106326126, 72.77800173204488, 74.28380701341302, 0.0, 24.77773785891895, 115.48689524939648, 76.43541721063416, 79.44182920013056, 62.85598798650532, 43.979798717555795, 25.27539038051988, 25.45727105045246, 49.95412807294551, 93.76276056860239, 17.224790986077036, 2.9160283330619268, 90.30081301103948, 11.23833061525756, 6.964583308028235, 31.742467362741763, 70.5032916217605, 70.39295962152677, 20.416407421512663, 69.36468896455695, 51.31311130706081, 98.8284792656232, 75.0618995095957, 98.34233276575644, 56.62998448003924, 44.98986965848506, 88.9025755140813, 74.65910752187968, 71.82262465272684, 67.7176423070427, 58.482474020710065, 104.50743656386807, 45.19638335388478, 45.47264079410925, 18.314201185728653, 25.920664216695144, 87.36019337632553, 80.286729543967, 58.12788932857348, 76.81235481986177, 24.812055209691348, 33.40158530670931, 89.18817532321131, 68.45718226596385, 64.39406906372383, 82.22084944747434, 32.725533591533306, 24.29246382394434, 78.07457608823078, 51.06395270473277, 62.34417130693701, 46.26189307869646, 13.89534615716003, 63.9328651324547, 90.9714976645309, 79.9947751846882, 65.23720451008633, 87.08912996449016, 76.22515401081996, 76.62629235939339, 17.81846032391404, 94.34800856655748, 93.02053388640697, 94.9365831385079, 27.430053375831115, 48.75707502442571, 91.01993888255653, 97.91825251610308, 102.01311814782912, 52.275745362306225, 82.00164325860452, 81.52716116866831, 32.589873050452546, 42.01600935069857, 15.8730522627731, 97.86164687268926, 53.0511168638719], [61.40469474769424, 90.48145782733984, 54.01208647010602, 82.31577465442984, 53.75491951710695, 69.32057671149774, 24.77773785891895, 0.0, 104.28994918720095, 70.50669377971286, 90.36777097006444, 39.85934103138861, 19.204752043879125, 21.853655587276283, 34.859124636362964, 41.12606549118653, 95.23409285402721, 38.44874566660569, 25.533610022384202, 88.33161794796594, 15.939876524230728, 19.85444588159313, 28.017725623905687, 73.59556372621013, 59.348338911310016, 44.497108330073594, 71.04236705625179, 28.215047378681916, 96.02647239395672, 54.06126977247585, 96.43182290923335, 60.933393996651326, 64.2638203251767, 79.89589244185971, 56.31537990922925, 64.17071193686914, 47.58055245576935, 41.836262670715556, 92.93412338333995, 50.196736632958306, 42.13375947846332, 28.1655030948074, 40.68346961740246, 98.84203236430754, 64.69549476922133, 64.93068447996554, 61.27859010535227, 44.573672614681776, 13.356273706404766, 75.05548634516636, 67.90588831906715, 79.35916445205888, 72.57931826101323, 18.111714561141046, 48.67859233384343, 59.01993304328099, 40.38564997786747, 70.61974139559378, 25.012694410890546, 27.7204306168597, 42.59784443904324, 80.97820216337585, 74.07188223364139, 47.8980261756081, 70.72300174153543, 83.0220437926056, 60.74760695750548, 41.19747921681977, 79.70821149584192, 98.14420063825956, 102.4821400191784, 38.62034760955752, 24.825179475319622, 93.12988238497844, 84.97195547788372, 96.50087086302337, 45.084661301702106, 76.51760228682093, 68.62763354287338, 45.681317136765195, 60.34795420241711, 39.72975166860591, 93.14733786050509, 48.040460647357584], [95.2403214464156, 37.32768893597546, 67.24357277152004, 33.657700237186475, 57.66029245234089, 45.10656264218306, 115.48689524939648, 104.28994918720095, 0.0, 41.985323585256545, 89.83660699532747, 78.87324348964279, 99.48627843072845, 90.37352053054906, 94.40420048612987, 65.61312367301109, 55.405934942088784, 112.02489235045914, 118.2190346500512, 43.54913904937062, 105.72655598492516, 108.90499599115074, 83.74534286049347, 64.55872901759115, 45.41589850542623, 121.46864299635388, 61.40512007978971, 84.66950427853628, 38.665294281745695, 63.97781242800133, 42.16317667845971, 72.45674532205453, 112.17767553370165, 27.303946509789526, 54.18768728905728, 44.324441445060195, 64.65862972467625, 63.44101278843889, 11.370644741507927, 79.05027328884643, 70.88745015094464, 98.82949071061711, 100.48711322102443, 94.10841566871055, 42.08618118763067, 77.36514286915727, 44.93835282751711, 109.73116783915971, 91.09417416211217, 30.850813265552045, 56.921897018863305, 101.69012625503055, 33.34723500641133, 86.71075306178695, 125.14850445838444, 54.39392319703123, 64.99858032440675, 80.30248050279997, 82.45874698204832, 103.59057680446385, 71.16132714827386, 24.63283222044804, 39.141454382268115, 58.84375200748854, 38.972307885203584, 74.73974217643914, 45.887108180507, 117.6617844408685, 27.960934014928025, 69.58035751268253, 79.82469940557766, 95.30095411571801, 89.54967626136026, 57.86459763767408, 20.23963999604512, 27.611624966602864, 63.27027105323503, 38.404569396157626, 35.77893665334783, 96.37392108269516, 108.4245696775999, 118.59131538464929, 31.79790331055885, 63.21990926817373], [53.749903388150294, 20.682622947725527, 25.30960241176958, 11.86960564807811, 43.52703556051495, 3.3569874743881014, 76.43541721063416, 70.50669377971286, 41.985323585256545, 0.0, 55.25275062595201, 59.868881378489085, 72.11738090884585, 52.45643269121234, 53.443205188105544, 29.39983846934713, 32.80513097841106, 70.8285194096109, 79.29703292191284, 20.706516147952588, 67.89452928236558, 70.35725716699504, 45.36271041001888, 26.571886911368402, 17.486733672969585, 80.08532798321212, 22.375407573998004, 59.899376839018664, 26.525868000477537, 52.20616049150534, 27.87566884759682, 30.994739045896317, 70.49075772662566, 15.073895259200144, 41.093316795139934, 7.544098128017145, 47.57978762559461, 37.90991153580769, 32.851442075580515, 37.08575046754466, 30.96967273117905, 58.75251997120046, 58.90366510519507, 61.792919276394166, 31.703141789352156, 36.622479520249, 31.039549052346356, 68.00576258698071, 58.676446743464375, 29.485440224112303, 16.395413312994723, 62.55235730867779, 12.538270059136376, 52.45552968016011, 83.5917430684361, 44.445082875891245, 30.671795931850227, 40.73490794400469, 54.69239387529014, 63.54315905170584, 52.28356511945077, 18.682508373518115, 3.6088250981327685, 37.924485965685776, 36.50116919227152, 39.779309109332516, 32.23978481651865, 76.41071823229521, 33.850099125982425, 43.553998855613294, 52.884885363353966, 53.898810741071145, 63.91493222831778, 32.71370337676901, 30.986107228921647, 26.0888371585961, 25.498948634143037, 6.0286260193021555, 22.645752783109753, 54.48708448396854, 66.60649726956706, 77.52902450838751, 22.660068964725138, 23.505240319637124], [31.630126801564785, 52.62758623573944, 43.568664047822075, 57.557428863900974, 93.10207482491664, 52.17957316218509, 79.44182920013056, 90.36777097006444, 89.83660699532747, 55.25275062595201, 0.0, 102.33760666317671, 102.53361566128494, 68.84913506760986, 56.309006913319934, 63.76663011319823, 36.62884110019421, 63.98634563938485, 81.97592865842715, 46.336295434454456, 78.11649309150636, 77.2654135094501, 64.11833581083008, 28.87808913368805, 68.85608750964988, 68.57715021709978, 33.31550915602392, 96.74723877962168, 52.66497702945362, 101.18036252513309, 49.57820184038895, 33.09009493179833, 42.257892013491556, 68.1602412721445, 91.74328972454377, 59.617434343505494, 94.4371227007185, 81.31314693524519, 84.29929616753112, 41.113354287986, 54.93715518624325, 63.905690722463696, 53.53752584401819, 8.556830022416484, 85.39945334291167, 26.947329999916832, 83.79461957186886, 56.68862799980834, 85.07521854458015, 84.72858784833674, 39.84314978137571, 19.87851155742439, 67.74280494389929, 77.78995091203537, 69.32845795657667, 95.7631822764558, 67.36488137324915, 20.570800036381666, 89.50859443583683, 66.71799433794239, 96.66963124864449, 72.15663663007409, 55.87541587561906, 85.00587954155105, 91.13519060833423, 15.59952300316974, 84.78604381614123, 67.2067772075538, 89.05460748437451, 24.75924923029421, 19.351017157412144, 53.090348415696596, 98.67211547693489, 33.41977070445711, 85.23959914342986, 62.992801373900704, 59.829703311126465, 54.990226878068384, 77.48663770728879, 46.963724081154105, 41.981467127837476, 69.49035119420282, 58.32277368652464, 54.97439000009377], [81.65896903225129, 79.85207457010425, 58.81580702811647, 69.30753020932335, 21.217391435382137, 60.67936874668704, 62.85598798650532, 39.85934103138861, 78.87324348964279, 59.868881378489085, 102.33760666317671, 0.0, 24.876635502987476, 44.43070000552293, 59.50896359517174, 38.598987661553004, 91.9664228653521, 71.73633305490235, 64.31852910897516, 80.57525916529107, 51.91726478881678, 56.44996695117279, 43.96977333588539, 76.81277025205763, 42.774048604882395, 80.03860295989668, 72.70993923474188, 11.667151302880969, 85.69350901069917, 16.639929038756, 87.51063201613718, 69.25337908311009, 91.37821614254914, 61.60715983712355, 24.686652750140464, 52.33839580590739, 14.273601674531614, 22.34975954183817, 68.06260977512794, 63.14721060618268, 47.71467254232122, 56.9081144378303, 67.79824972805706, 110.64370920873216, 37.0134825583053, 75.63105360953739, 34.64171814075441, 75.34196279791898, 29.568881040243568, 48.13327587007893, 66.92924001865246, 98.63826221429747, 54.715701976850745, 32.680227249334386, 84.50117774829658, 25.054002013192914, 35.065767219211835, 82.04787668214955, 17.158374004499226, 59.46058423897762, 7.993586564846172, 60.702232010515196, 62.53460017612055, 22.38238710033479, 40.200914746934146, 89.94242222328087, 33.508145927957905, 76.12667143511044, 51.08086433974266, 100.2421086384835, 107.81803769201238, 63.19090002388233, 15.457983680691258, 91.19018075425316, 58.69589332134105, 81.5736154161535, 42.7412692948625, 65.16863065853488, 45.48332800146482, 69.56194401019974, 86.81347847155446, 75.36851582319537, 80.04478279595227, 47.62959599364895], [76.1141516802404, 92.79330309645599, 61.817250038557475, 83.2629313265436, 43.62348398657365, 71.81197491911638, 43.979798717555795, 19.204752043879125, 99.48627843072845, 72.11738090884585, 102.53361566128494, 24.876635502987476, 0.0, 34.845123366779575, 50.20890118667724, 44.13531843605643, 101.04294182388259, 57.004362828341364, 44.63950604247514, 91.92380075807473, 34.67485332200059, 38.863626096875564, 38.47196309572896, 81.6484636997726, 57.491197635895176, 63.57575130506313, 78.3145106348475, 15.130426317264503, 98.61446147844592, 41.167236466707855, 99.68852655242257, 70.69612670868622, 81.454004454253, 78.20779222392844, 46.811237566071895, 64.88877377328093, 36.57121496953053, 36.49194349770351, 88.23168385063524, 61.42094397399281, 49.28296575368028, 44.81199721305856, 57.296471278252895, 111.09012004087234, 57.67163572296078, 75.88731519905417, 54.61466218463795, 62.534944345874194, 17.511249216744293, 68.82098739874473, 73.85750681923406, 94.11573860586303, 70.82424537625899, 24.743846456861224, 67.81050759818847, 48.37968369612786, 41.86740541802266, 82.07979287315479, 17.644316440303946, 45.50479839125924, 30.339817228576734, 78.3402147413779, 75.41445102617955, 40.65064027237893, 62.410396100884675, 92.95555490152981, 53.74921689160814, 60.15418444757246, 72.68396271249, 106.37315345625191, 112.16660929599706, 54.14998979017303, 10.19718000787358, 99.48207128189249, 79.34873379565921, 96.9086836266735, 48.71605020658963, 78.04656563398294, 64.09027886785587, 61.25644031337965, 77.26028146996563, 58.793326154646884, 94.3549301119361, 52.924885926431614], [41.27515414456289, 71.29283875458962, 32.829994242601174, 64.2835379809583, 49.49537626998808, 50.67595419099614, 25.27539038051988, 21.853655587276283, 90.37352053054906, 52.45643269121234, 68.84913506760986, 44.43070000552293, 34.845123366779575, 0.0, 15.72363491964439, 24.762896979077, 74.19611200264058, 27.985326677519783, 27.91648562854866, 68.42814616102763, 15.509112051582939, 18.547075310705154, 7.136912063503881, 52.03010598759576, 45.149540950858274, 37.07304482982521, 49.739020450175765, 34.37402696694656, 76.55836981264504, 53.276734792053816, 76.57362689657326, 39.1245290559804, 47.72038295270701, 64.08580335526698, 50.91154255365075, 47.20003941594278, 45.48113555434355, 34.462221381900456, 79.32137672390537, 28.35310704569737, 21.938991177041064, 12.624694974172018, 23.625234757104337, 77.37009414893204, 55.3710625993665, 43.099106200631326, 51.92232662515295, 30.92517197143281, 17.676005388850037, 63.97399106479304, 47.208950685358815, 59.29141302932226, 57.22508763040457, 11.895113727666187, 41.515254640315376, 54.64904178509584, 25.792346728602702, 48.86893765408082, 27.437987986621078, 16.02184954067584, 43.10170509951271, 65.96255875549923, 56.062087917572995, 41.2691016908714, 62.305879756138104, 61.16896705751381, 51.83028176845032, 32.9787035060839, 69.17064213143075, 76.42382181237288, 80.62872521820178, 19.641321661747014, 34.06475891834708, 71.91427079920392, 72.64340069489955, 78.45252668291286, 27.444291257326622, 58.26985696330647, 56.25645235555001, 26.623372866308866, 43.29844205101619, 32.76786017240625, 74.62089474978866, 28.988354158139884], [26.545749838076567, 69.47368820066781, 29.217605843926556, 64.57486330464695, 61.69945112341595, 50.89208921614918, 25.45727105045246, 34.859124636362964, 94.40420048612987, 53.443205188105544, 56.309006913319934, 59.50896359517174, 50.20890118667724, 15.72363491964439, 0.0, 31.718095844976897, 68.32713323243478, 17.66188420210315, 28.336165605574635, 65.4161247506741, 21.8375856201435, 21.526055585356172, 16.000331035085196, 45.048455672403556, 51.234540160325146, 27.23286426556653, 44.01485194139313, 49.918105344442154, 74.06490567995401, 66.66781802137952, 73.35907644743241, 31.172755748735575, 32.06200228202516, 67.18036496568708, 62.510196485216056, 50.079789896294784, 58.75890613196784, 46.360951438509154, 83.98275789670099, 19.75593693774004, 23.728902104359147, 7.719467727337926, 8.42060806703887, 64.63522555598588, 64.49766810757299, 32.9669480233634, 61.24094149354841, 17.26241655366423, 33.34065511605275, 71.39957842836658, 43.56283499489183, 44.52271547477764, 61.2130783451925, 27.482973575827085, 31.200349140227274, 66.54284025445345, 34.26545175442831, 37.69553598487664, 42.808913082598664, 11.567406610940745, 57.31503219944001, 69.81316839951012, 56.8572622549302, 52.91138796310864, 71.65002131718396, 51.26273523599724, 61.434423955159495, 23.311973087789777, 76.76557574908534, 67.80052823650436, 70.34583324151933, 3.9450115724992427, 49.78054562989445, 65.56558326733732, 78.68801055762624, 78.13125069615356, 32.225972910346194, 58.57829193276459, 63.09298407323206, 11.055123500366731, 27.599561369804768, 24.190192721547717, 73.73634485864741, 31.272337707373307], [46.06710009974091, 49.63915544801179, 20.217731062197757, 41.19037318682973, 32.369284104197156, 28.405018513876282, 49.95412807294551, 41.12606549118653, 65.61312367301109, 29.39983846934713, 63.76663011319823, 38.598987661553004, 44.13531843605643, 24.762896979077, 31.718095844976897, 0.0, 56.925719185733996, 48.931111392608884, 52.64770955914556, 48.10021067460246, 40.1410767963269, 43.30422583770297, 18.31675600441734, 38.79005745951738, 20.464078357535204, 58.564727463291696, 34.9845026425451, 34.32459429188933, 55.31566278210748, 39.184284330992725, 56.0435325142607, 30.715545664774158, 59.19690905527889, 39.56219575963385, 32.33734535394192, 23.14141001043114, 31.69002712170687, 18.158675100090697, 54.56529378930684, 26.184438404421826, 10.345549318563734, 34.25106264222157, 39.50587166019287, 72.04814449123208, 32.80030574740467, 37.22974555327135, 29.590895213381263, 48.83292641313396, 29.415748978733166, 39.99443385747155, 29.944508339864623, 61.61385485860877, 32.54777775116373, 23.056049710010402, 62.72058446688868, 36.552112497141835, 3.6910046727702377, 43.61239420152756, 27.750854154896167, 38.83009184549137, 33.04137916953636, 41.25921033708061, 32.95246425677762, 23.409200119949908, 39.959443837998606, 51.50264479624709, 29.859609868101128, 54.50529330397865, 45.31923111806023, 63.06011411932864, 69.86307050830479, 33.994108500389274, 37.351050048867435, 55.45385886972616, 48.10067603167435, 55.37665542799359, 4.609208465519506, 35.421626732423384, 31.918483150993097, 38.088398797062695, 54.61534033538682, 54.95195419754977, 52.057350077456796, 9.256163149989245], [54.41008807272822, 18.836163733768384, 41.36843937986794, 27.849105027977195, 76.33167742994158, 31.41090433411165, 93.76276056860239, 95.23409285402721, 55.405934942088784, 32.80513097841106, 36.62884110019421, 91.9664228653521, 101.04294182388259, 74.19611200264058, 68.32713323243478, 56.925719185733996, 0.0, 82.68925395908514, 96.65364951161952, 13.787738161854598, 88.08729084778933, 89.14557503781738, 67.3973032282114, 23.342156490549783, 50.25549902115835, 90.25751097929644, 24.589303269176398, 90.53397569758607, 16.815835398747716, 85.01088688973216, 13.414071820249124, 37.21458832181812, 70.49994467950546, 39.5581854693214, 73.85880003111232, 40.04665977925793, 80.2392809975918, 69.66493404039659, 52.18296622067994, 48.57181812465929, 53.14818124705753, 75.56321562658904, 70.14986934921649, 39.3271494607988, 63.78508151648059, 37.310846215642066, 63.5549200447935, 77.18795337702704, 85.45819379995946, 58.91845042239698, 27.430008702474442, 52.956919301766256, 42.56646615952457, 78.3512335545187, 92.54043281084616, 77.09928827987298, 59.45938649014106, 36.00258260280025, 84.4690299970544, 79.86957284662643, 84.62954310677925, 43.22552762427366, 31.063892406724346, 70.4870128337317, 67.51589594236077, 24.148496482683807, 64.79235554261744, 87.51725091369082, 61.88324324431345, 14.175599621510761, 24.449677774754768, 66.85453802233211, 94.02445612475248, 3.433363039533081, 55.81418647526794, 27.805111347837506, 52.33203745651466, 28.827724315813224, 53.997051871164885, 63.80356836827528, 68.21588732414821, 89.33603623870098, 23.788843034019575, 48.2005797289715], [32.39136349562437, 85.90778149260741, 46.04552484775059, 81.71613115164122, 77.24818146322966, 68.15768875100304, 17.224790986077036, 38.44874566660569, 112.02489235045914, 70.8285194096109, 63.98634563938485, 71.73633305490235, 57.004362828341364, 27.985326677519783, 17.66188420210315, 48.931111392608884, 82.68925395908514, 0.0, 19.104548415577618, 81.41855325343222, 22.510223818950408, 18.88040651688278, 31.61395426235411, 59.443375580503165, 68.78761799175054, 9.638305549770116, 59.24015329645284, 60.91813202200931, 90.16548164203704, 81.26130844571301, 89.14076083378175, 45.80123520376774, 27.765496268740407, 84.7714161607852, 78.4420023176208, 67.70625637052441, 73.45501080725576, 62.020529102653434, 101.64066780681593, 35.24386292601047, 41.38209688067075, 15.495151572342396, 12.614533733170395, 71.55608229948288, 81.50711383264867, 45.622352546900764, 78.1725742780881, 7.702052574537444, 42.77500777383655, 88.84092439840954, 59.80972315237334, 47.757776096071815, 78.86793500144387, 39.16433442726604, 13.842247634208523, 82.31154209379682, 51.16375450174592, 48.730794684095315, 54.57796133505109, 12.275813172261591, 71.00003379335665, 87.45235461802959, 74.17718161776054, 68.76768461894115, 88.6221339175071, 62.805220081324286, 78.27065695090948, 5.650215702167214, 94.19228808562204, 79.96830070724573, 80.65391385401755, 16.986284830898853, 59.50664764367601, 79.66676825503619, 96.31075052063495, 94.98947616875061, 49.778988875478774, 75.78010456043128, 80.59898558386239, 18.921669685786544, 24.87543230353776, 6.801193917142435, 90.4542886520638, 48.933264179687185], [50.4244498443678, 96.87782221517436, 56.753442485314146, 90.93344523547624, 74.86478434092241, 77.1626704737201, 2.9160283330619268, 25.533610022384202, 118.2190346500512, 79.29703292191284, 81.97592865842715, 64.31852910897516, 44.63950604247514, 27.91648562854866, 28.336165605574635, 52.64770955914556, 96.65364951161952, 19.104548415577618, 0.0, 93.21664659621793, 13.33389866424636, 9.40626728589153, 34.491611861791434, 73.38462126906626, 73.06373935095867, 21.043883598270014, 72.26797245615127, 52.711895709343, 101.74293353669995, 76.90729450110159, 101.25835525482118, 59.5072925936391, 46.7717365673908, 91.69245495433802, 76.82325536363454, 74.63121042593468, 69.65674938587472, 60.738463934110044, 107.2120273841695, 48.08381732512126, 48.329452591238834, 21.228862420666214, 28.517292554677237, 89.83582641780554, 82.70730568464492, 60.93310298970554, 79.22815330267355, 26.786843010675405, 35.04287663680299, 91.72948528267098, 71.37320853129366, 66.63545688366088, 84.97780920517853, 34.84850039485472, 24.602747237727105, 80.17326952237067, 53.67515321704944, 65.07755082078756, 47.93707751187842, 16.78439875369937, 65.6941706700447, 93.72754465315134, 82.86042115985897, 67.46425233313622, 89.46460909249815, 78.98939501223826, 79.01519330512984, 18.92695994333417, 96.86511909706051, 95.82232155580117, 97.63669327730712, 30.22968723342037, 49.94093871979777, 93.9017457681215, 100.54458351363131, 104.90183336608712, 55.04591474378124, 84.87807875241009, 84.12761322086058, 35.22306548410998, 43.979805252667965, 16.78400532795671, 100.75999003640466, 55.891431398959014], [56.92964251954992, 6.315993721362699, 36.466591250362846, 14.072709538838915, 63.7542694394587, 20.23757343867224, 90.30081301103948, 88.33161794796594, 43.54913904937062, 20.706516147952588, 46.336295434454456, 80.57525916529107, 91.92380075807473, 68.42814616102763, 65.4161247506741, 48.10021067460246, 13.787738161854598, 81.41855325343222, 93.21664659621793, 0.0, 83.25490179406735, 84.96447624716771, 61.34668981296324, 23.958579263775988, 38.04893716715634, 89.84225286112475, 22.58876971099781, 80.30048953935734, 8.768330476508519, 72.40983145888224, 8.145601398891312, 36.016187508324236, 73.86221416818735, 25.77178898936652, 61.09542367371642, 28.240524942818507, 68.16086871110936, 58.560240280964194, 39.04435828708701, 46.19477360415108, 46.55689199193945, 72.0095684298157, 68.83746812024239, 50.64740816723716, 50.50006299162104, 38.585361170531634, 50.521452015049874, 76.92944459491488, 77.4258143168284, 45.18109332852709, 21.867378300381716, 59.6570231106897, 29.09419708011159, 70.69142186457091, 92.67869642463312, 64.13132470511657, 50.06899427286008, 39.57973278632677, 74.76429679046834, 76.61870264233961, 72.97771235949357, 29.445262813273253, 18.27216861273143, 58.578842079698276, 53.9148826032479, 31.538819507657756, 51.78196746295003, 86.6584537990038, 48.09550790277403, 27.246729046870804, 37.50724159420259, 64.71844370432882, 84.14925274003616, 15.18694118427541, 42.122108932860044, 16.910266009572197, 43.691186585032995, 15.780038219177552, 40.5680613720091, 63.09726929903594, 70.85866124228887, 88.21041964138843, 12.066216578451826, 40.30269095068926], [47.69393130879335, 86.40901375430059, 47.0502988969789, 79.69316516731607, 61.57060181842646, 66.02522882615294, 11.23833061525756, 15.939876524230728, 105.72655598492516, 67.89452928236558, 78.11649309150636, 51.91726478881678, 34.67485332200059, 15.509112051582939, 21.8375856201435, 40.1410767963269, 88.08729084778933, 22.510223818950408, 13.33389866424636, 83.25490179406735, 0.0, 4.5328865704987145, 22.537075016491602, 65.25488721648595, 60.3824004353379, 29.008413921638248, 63.49799123959856, 40.484600228384615, 91.54947443120761, 63.837009729609576, 91.38432536565121, 51.67213303520802, 48.72830465783692, 79.57488356330293, 63.49768008658203, 62.70915134096467, 56.47941288175397, 47.40755927586853, 94.60833926799258, 40.25108828588222, 37.13065295538394, 14.216268545378375, 25.926729042063503, 86.3998510592783, 69.46590046995131, 54.38822018489313, 65.98335522297026, 28.764712743918675, 22.360746146873677, 78.66101806653037, 61.683617836213344, 65.29051593191777, 72.66938625355472, 21.52908470902777, 33.33566956578319, 66.87326478952511, 40.848671783703494, 59.41897686499577, 35.14666173225186, 12.327965086121667, 52.74363459337871, 81.39445684941172, 71.49539353902375, 54.13038425268686, 76.18129486259473, 72.75096563071764, 65.74548828961107, 25.48992284320989, 83.74863892811993, 88.92187152832862, 91.99564602780006, 25.075590312478006, 38.27331933580538, 85.58571859411961, 87.67374739456986, 93.82897148311076, 42.95104218513052, 73.66271460139566, 71.20242020246509, 31.708603127437147, 45.00242774846346, 24.221229469965756, 89.91227216129539, 44.39445280436942], [46.29455594396677, 88.37922292591367, 48.54920789343274, 82.07399835356914, 65.85399937518004, 68.33328104265816, 6.964583308028235, 19.85444588159313, 108.90499599115074, 70.35725716699504, 77.2654135094501, 56.44996695117279, 38.863626096875564, 18.547075310705154, 21.526055585356172, 43.30422583770297, 89.14557503781738, 18.88040651688278, 9.40626728589153, 84.96447624716771, 4.5328865704987145, 0.0, 25.253308886941355, 66.06980355759256, 63.69391385221568, 24.713897296160454, 64.59904570363625, 45.013999711981825, 93.3842395374784, 68.27558459804037, 93.06014044694362, 52.30569357225006, 45.88525242780097, 82.48789584689388, 67.70978732184997, 65.48425581976251, 60.871293431962634, 51.51908809169002, 97.86708946682953, 40.81556523955299, 39.41262449345841, 13.84543559390578, 24.155246924321688, 85.41996768974299, 73.34832070463627, 54.48096723695319, 69.87193011085913, 25.656074598127205, 26.89139006526905, 82.32482750990576, 63.22062946433856, 63.53243863054094, 75.7081856552147, 25.80596261166897, 28.98258788214536, 71.14507351812382, 44.277159683638665, 59.17727378033839, 39.66168873338565, 10.562064880177005, 57.22218418791796, 84.45390797897446, 73.94004072373647, 58.27650910597086, 80.13645578208724, 72.78861630088333, 69.67685712463994, 21.34362005140824, 87.46501569573846, 89.26615811199676, 91.84342720636306, 24.26657630217998, 42.758356363250165, 86.5281899683046, 91.1483555520506, 96.12742083907892, 45.81840863697845, 76.02372485080892, 74.72480046028686, 30.398832049079623, 42.38930637559583, 19.929969858785586, 92.08545402957351, 46.87765044718343], [38.554970798807155, 64.1614914081057, 26.058800941411228, 57.175633078223676, 45.92176858443586, 43.5482616955354, 31.742467362741763, 28.017725623905687, 83.74534286049347, 45.36271041001888, 64.11833581083008, 43.96977333588539, 38.47196309572896, 7.136912063503881, 16.000331035085196, 18.31675600441734, 67.3973032282114, 31.61395426235411, 34.491611861791434, 61.34668981296324, 22.537075016491602, 25.253308886941355, 0.0, 45.57968350745516, 38.77747449631069, 41.12463328993339, 43.06548139114957, 35.15198016294649, 69.4422471847664, 50.67884760443987, 69.49206412288322, 33.14485876933301, 47.439239914587795, 57.23471759481079, 46.92945305687293, 40.24940829172084, 42.77237950285317, 30.597421925247666, 72.79036288069352, 23.057200495232145, 14.81707736123691, 16.33120935508651, 24.42011193186825, 72.67411730299806, 50.10753712693237, 37.7192149255788, 46.72205770343543, 32.986708453862434, 20.973177751816703, 58.11566176522907, 40.25823885527172, 56.28272961194618, 50.4862085603455, 13.802095977946642, 45.44269941857266, 50.87535297264717, 19.905178772691997, 43.76903583889605, 27.815050850929797, 20.699827885597156, 41.37620123198057, 59.23605278671525, 48.96563834348271, 37.268904110622195, 57.171711792569035, 55.412173685516706, 46.7591534632804, 37.01189909694084, 63.39