instance_id,num_cities,city_coordinates,distance_matrix,best_route,total_distance
1448,72,"[[83.01127374433335, 92.38744409541081], [65.39444933491006, 24.852025571454462], [98.9887978823196, 73.01254944002369], [3.58499196948725, 97.84657211463157], [42.42904007993937, 93.12597137526704], [55.50238056467164, 82.0713008339222], [43.57694209733411, 78.25811555036223], [29.750106784861906, 15.546293639073516], [5.161105310042869, 55.75236832102616], [14.178722447553916, 37.47971456357501], [21.24680804321979, 60.12806303669751], [60.87468950713713, 19.40786218414359], [49.70205364229807, 71.71002960448789], [75.46012748690399, 18.461915011055286], [74.97996538680655, 37.837804227780424], [97.18565543696953, 16.107184064605985], [71.87614136661342, 33.23289715954324], [91.17934101741162, 86.9825951508012], [9.916157296230054, 56.81501167692723], [21.95865453836625, 1.5471028425611877], [72.2476922379311, 31.202708978474682], [7.934410970832795, 29.424830486648556], [81.31158391068297, 29.495465613347115], [69.97995935657644, 37.25847950863519], [30.473134890742426, 76.52858333190859], [47.061652174133116, 31.18255104387003], [54.00953231753151, 38.79216838700682], [7.225323822696117, 93.0596312148287], [61.42412329118565, 46.9338088750153], [29.644163825577664, 74.82934240708647], [41.30019345768731, 58.56949067624849], [74.59181605976761, 32.002605291786566], [86.61269899661293, 21.96463674765382], [17.21514843980826, 57.11821808787187], [15.224286416433841, 64.77587228253195], [96.97886436151275, 57.77594683003421], [25.258195958165196, 22.23447132894951], [2.0910033133415773, 40.10802320726602], [2.6819027754927616, 74.83766397880122], [5.517413152628469, 80.30958884986057], [27.240375590379017, 51.20046787823039], [99.21969756466568, 50.46172580761673], [21.694955216108557, 39.180046852030756], [72.81070182822535, 10.094753027129567], [87.13688334547028, 73.82866342009652], [92.60722499421314, 19.054121582396945], [91.36084673383874, 17.199451725676195], [58.73445345793192, 17.899868818076705], [96.50745292415705, 53.70442180261132], [45.22231041211337, 76.6615821046112], [15.17420338762172, 91.18219033706613], [71.76863623531618, 53.72332696669719], [7.4568179563120225, 77.80040594782216], [55.74661211817825, 2.3230336308194155], [62.119783165820664, 95.88565381933358], [36.23260759522374, 87.47783455327755], [29.40859330319735, 47.806186813730356], [61.71608807065859, 29.330833592919593], [43.345523999988075, 56.742389638329215], [67.00725029274624, 79.7293271144535], [83.5335649856299, 97.7806077373991], [60.06253691941264, 66.44740829245443], [33.45262995781055, 93.9536163201757], [59.47656112319423, 61.73373461073599], [59.11294766061388, 89.70671157916556], [71.01110012314801, 59.2566080895779], [3.18583075883232, 20.012490774482792], [45.384723010876826, 91.16434191861616], [45.05830902115, 51.12213719138777], [87.16529562884669, 14.049569230222126], [57.95413173094506, 3.5255045895534076], [70.27985856161676, 94.13784524504749]]","[[0.0, 69.79530970973909, 25.11310057494458, 79.61366914862982, 40.588953075123335, 29.379619054058473, 41.88919237201227, 93.49499617272659, 86.03939505971844, 88.04986587363439, 69.6815390877333, 76.26301684062759, 39.20535185195078, 74.31018544051, 55.13769240385247, 77.58602430035798, 60.193451439978965, 9.794371602689976, 81.291414040656, 109.45039931787822, 62.12428267734447, 97.98380496978736, 62.91494180970827, 56.64819406726503, 54.87949980562278, 70.98178797755908, 60.938941441798235, 75.78893086096689, 50.31936028444335, 56.18127228870925, 53.697934710188484, 60.96897592252865, 70.51483573395781, 74.65285264649724, 73.19477132261959, 37.32357606929285, 90.8672525266779, 96.33913023805349, 82.2241000096137, 78.42941423177312, 69.33080189074214, 44.94973700353527, 81.18323742786791, 82.92248591712182, 19.011811979277844, 73.95849154213312, 75.65017888741804, 78.34387579073905, 40.969782354305096, 40.93053243090715, 67.84777631730792, 40.265504485875326, 76.94970741557941, 94.10079598984876, 21.18234760041087, 47.03560218117824, 69.7189776982561, 66.55539843573298, 53.32861905233756, 20.404820316350506, 5.418394800122946, 34.6342313227554, 49.58338501350105, 38.646249537703504, 24.04820817498554, 35.237146044820186, 107.75080146355286, 37.646424784197734, 56.0647222873922, 78.44793519405707, 92.32716100163466, 12.85118036366138], [69.79530970973909, 0.0, 58.71981193447288, 95.64838129760518, 72.03292093112864, 58.06805047629185, 57.690675753512124, 36.83905268356541, 67.69702293645572, 52.74949487797943, 56.51029154825683, 7.075814008895813, 49.41582564860456, 11.922725763584973, 16.1404016459398, 32.97200385787195, 10.594873296546806, 67.26862801731862, 64.0271299396413, 49.292876696406644, 9.343346189883484, 57.64170845484765, 16.580612429157053, 13.226753246892828, 62.36958252608384, 19.39502525121052, 17.998442077318575, 89.64331893932618, 22.43587847085321, 61.447661567287724, 41.44153254128142, 11.649993347995593, 21.41380706287798, 57.98579321046896, 64.11675899073548, 45.62411493512882, 40.221516944723994, 65.11583326710581, 80.1961815983598, 81.613729156023, 46.36780947270005, 42.426455944265186, 45.9884548561464, 16.51598904068692, 53.585860930478695, 27.823566445549123, 27.070568526430684, 9.62746220999604, 42.43206052767377, 55.598069542772556, 83.19713853756825, 29.56657408115208, 78.48757936287006, 24.507881198132047, 71.10906960843229, 69.08259523409862, 42.68343182865637, 5.7956934773576565, 38.770483989019034, 54.90099590691267, 75.15055298083392, 41.935726459821794, 76.12693129979039, 37.353471894116964, 65.15817339707263, 34.8600353459858, 62.39658101366632, 69.26552134279187, 33.22164004658247, 24.30355552914933, 22.587138447340724, 69.45784355387116], [25.11310057494458, 58.71981193447288, 0.0, 98.58303538061872, 60.02962555779471, 44.41992197135302, 55.659587901402595, 89.97981385104886, 95.4020426704705, 91.95287515683026, 78.80245538065547, 65.77345781571674, 49.30395233349209, 59.40850147225615, 42.58740117151825, 56.9339260124226, 48.14059491629282, 16.004680368132057, 90.53339456004963, 105.07593940081986, 49.630126843526476, 100.94944585972306, 46.97042131572828, 46.042005052682704, 68.60582023053337, 66.67966127104611, 56.516978069969454, 93.9277416910303, 45.72970026793089, 69.36842948451856, 59.46912667019391, 47.71821707787772, 52.52672856628905, 83.30401858421196, 84.168499046349, 15.36860084239295, 89.52438146534425, 102.33225512483396, 96.32418745152748, 93.75578140805318, 74.99068611128291, 22.55200570156082, 84.3740264860907, 68.14647326510578, 11.87997980710618, 54.334486372771806, 56.331940452951834, 68.24822203086292, 19.46691721007736, 53.890171778080926, 85.76142548161218, 33.36182404657276, 91.65711603096796, 82.86672598214709, 43.38782260164965, 64.40173827435024, 74.00517269840469, 57.422532128524566, 57.97320094937688, 32.67926695248632, 29.194536059220162, 39.476003734418725, 68.80056386621004, 41.09049181577824, 43.22937057640171, 31.17655359946733, 109.48613943424418, 56.594031602361824, 58.20384675620648, 60.13674617702, 80.69878083469435, 35.643811801904036], [79.61366914862982, 95.64838129760518, 98.58303538061872, 0.0, 39.12983701662464, 54.26116864317757, 44.531603447422114, 86.35941796038313, 42.123700291876794, 61.28935157130864, 41.64883760784389, 97.13259318845884, 53.00851093662587, 107.08855629384217, 93.26464738880273, 124.26750082119433, 94.01387172743401, 88.26548578351702, 41.51713629752821, 98.03662202604418, 95.68683766258016, 68.55984373564257, 103.50505714574086, 89.88441833802693, 34.31368350227278, 79.58838915239569, 77.65344080552286, 6.013885530976843, 77.05501004309775, 34.76885533397888, 54.45296639865366, 96.83696109624637, 112.47963481991043, 42.94857374971266, 35.05915518958715, 101.62711454664328, 78.65696127081816, 57.75787419939324, 23.026624235770857, 17.643129928045955, 52.30139782725466, 106.73012964395701, 61.39814292941892, 111.77021364662353, 86.93548464558698, 118.88317052292658, 119.19965900388804, 97.1233157921043, 102.87425909352214, 46.716914376029976, 13.368762312621339, 81.21496233917628, 20.416655320095554, 108.83740635004433, 58.56762741446153, 34.2545985914602, 56.310732075733526, 89.85338479489366, 57.18788092239162, 65.95921025314563, 79.94860022925076, 64.61904187081979, 30.120273966534914, 66.54325311439453, 56.121396924636144, 77.68825769834264, 77.83510485466687, 42.33048210834655, 62.475666032177564, 118.35372766499776, 108.8690366333389, 66.7979032959503], [40.588953075123335, 72.03292093112864, 60.02962555779471, 39.12983701662464, 0.0, 17.120688426795734, 14.912102999634048, 78.608916460874, 52.779590442416506, 62.40662099075266, 39.211591510394804, 75.99079947931513, 22.617234318272804, 81.64419175939418, 64.15874192081439, 94.49963240226172, 66.74063314951275, 49.13586178067339, 48.73985372486955, 93.83882909516332, 68.72875993629816, 72.44111255279314, 74.57005751819844, 62.29149059426937, 20.455242818282176, 62.11641020831289, 55.55420729010547, 35.20377876503287, 49.94526066256771, 22.320835388457265, 34.574913636887246, 69.06887895502422, 83.76234990285369, 43.957918836612265, 39.29156067732506, 65.00236583770699, 72.94136457916939, 66.61876641103645, 43.75268119014145, 39.07336514121259, 44.59196533520881, 71.03109620021552, 57.79329587250795, 88.415092551913, 48.694736304573674, 89.46781082058821, 90.32805814648235, 76.97293687636022, 66.92184476282016, 16.699654882789964, 27.324062799103903, 49.1261670492295, 38.18284007162411, 91.77434951017476, 19.883189142244536, 8.384344046945635, 47.1531007142698, 66.64690409062526, 36.395122788419656, 27.992114866792615, 41.36722866456266, 31.979461204831548, 9.014484723792568, 35.722408972528605, 17.030681422471748, 44.31780596658155, 82.9795789539901, 3.5474006981782407, 42.08604449591384, 90.85378328249189, 90.93553826194629, 27.86919408285226], [29.379619054058473, 58.06805047629185, 44.41992197135302, 54.26116864317757, 17.120688426795734, 0.0, 12.520242195940616, 71.33551841197304, 56.806075404666664, 60.79518308456884, 40.681075868246126, 62.89330844205814, 11.874330882046147, 66.66682553545067, 48.331961811093656, 78.03050752901409, 51.510093343545755, 36.0134185965923, 52.11510235873999, 87.23146231652744, 53.553889684977136, 70.95324214795782, 58.56904836598274, 47.09340975983699, 25.63561694816476, 51.58401642909727, 43.30487156483243, 49.51179265819283, 35.63299563720777, 26.853181092413926, 27.459737786605444, 53.58433372556294, 67.68059530261455, 45.700858660581034, 43.83442388112969, 48.068315284851195, 67.045931030299, 67.92416277773117, 53.31349150101598, 50.016003401889314, 41.8539036715235, 53.94783627747828, 54.613200573101224, 74.0283825241771, 32.69071485489658, 73.12957241061471, 74.12277924314724, 64.25277412027924, 49.8607639851583, 11.61657863020681, 41.34453025446085, 32.68330913355695, 48.235014558740616, 79.74864118559769, 15.317518258230947, 20.013864123466796, 43.06952254743283, 53.105244993025195, 28.095246998176137, 11.740820600053867, 32.13299897969998, 16.275780906826466, 25.0475731986081, 20.722227462177496, 8.446045938951466, 27.586782838205394, 81.16845008733654, 13.603322775843909, 32.66388465229715, 75.02996841747284, 78.58405176270323, 19.078138011238316], [41.88919237201227, 57.690675753512124, 55.659587901402595, 44.531603447422114, 14.912102999634048, 12.520242195940616, 0.0, 64.21801913942394, 44.52286125597239, 50.270600808185414, 28.76340889086265, 61.339745571052674, 8.966293603981965, 67.76520574397081, 51.185461208565705, 82.0769908712446, 53.18002416719387, 48.395298606834444, 39.91058928596722, 79.69899514823658, 55.10193464180891, 60.45725560441473, 61.65792099691342, 48.7656587769091, 13.217452288629355, 47.204363971186524, 40.82156200102245, 39.24952250856615, 36.05182471467086, 14.348477119122354, 19.81982678536076, 55.69106424002718, 70.85924165276401, 33.79111465410067, 31.39496723509425, 57.19514434807697, 58.9425582407037, 56.360559459394516, 41.037832911696796, 38.11477779275961, 31.606956556830788, 62.19932088638802, 44.78746256556227, 74.16776050601176, 43.78456951615935, 76.87055055550766, 77.53361832370905, 62.232371795088355, 58.3482892041126, 2.292630789002281, 31.204923895188564, 37.37281725017092, 36.123024043442214, 76.90408009035615, 25.584508209367655, 11.787385960067928, 33.58663530830713, 52.18148652908104, 21.516970415407194, 23.47645215100255, 44.470882764235725, 20.279734775626103, 18.677538400809652, 22.931486009532307, 19.298648136410772, 33.37199892675852, 70.88014306342637, 13.032219722671279, 27.176382567621214, 77.60594039204538, 76.10300074754224, 31.067854172355162], [93.49499617272659, 36.83905268356541, 89.97981385104886, 86.35941796038313, 78.608916460874, 71.33551841197304, 64.21801913942394, 0.0, 47.12905085888539, 26.898753941986243, 45.38546300427633, 31.363216691915195, 59.60239442333451, 45.80291301397622, 50.42471173421161, 67.43788119506891, 45.688277858475, 94.21621936838649, 45.787472531310044, 16.02136295907991, 45.289823477473995, 25.856108927674047, 53.415028991515385, 45.71498718337653, 60.98657578371451, 23.327712047988143, 33.59896456695868, 80.71978288886594, 44.59169692139274, 59.283143431680685, 44.546604645577204, 47.76598249702798, 57.223679725261896, 43.420618179487356, 51.3278761569997, 79.39174676204641, 8.056611178799068, 36.9906010255212, 65.17786637391231, 69.14844790183827, 35.74239627311966, 77.75031476868465, 24.96877565533713, 43.404310160768716, 81.79288936887542, 62.95492170167727, 61.632914978278855, 29.07974670089003, 76.89334176966587, 63.043378473151456, 77.02756538509503, 56.771847696522805, 66.12537505484136, 29.16629724169726, 86.61529162440982, 72.22305307205, 32.261700809139455, 34.811456466271025, 43.38149023296964, 74.21291348861622, 98.2605861536345, 59.243285641654346, 78.49469362870782, 54.926694703393196, 79.76179544960016, 60.10874446055301, 26.937105962583068, 77.21742322910039, 38.729597211510416, 57.434694166039456, 30.658871351247477, 88.4267649692096], [86.03939505971844, 67.69702293645572, 95.4020426704705, 42.123700291876794, 52.779590442416506, 56.806075404666664, 44.52286125597239, 47.12905085888539, 0.0, 20.37663598777842, 16.670229052562227, 66.52012169577418, 47.31324372704032, 79.57719790923734, 72.08054403977341, 100.2010901177664, 70.41322757424467, 91.51209724428595, 4.872343408790412, 56.74829042067095, 71.4373566103088, 26.473202917455108, 80.5501106821528, 67.40554697731413, 32.74675482658741, 48.572952849735856, 51.708966368588875, 37.364326070401376, 56.9499269801922, 31.03789771481499, 36.24872232931125, 73.38034368382979, 88.18147718742503, 12.131178894066178, 13.516332258543176, 91.84005524397237, 39.08122914252195, 15.942743186433756, 19.245647704143583, 24.55980527977562, 22.543601614499387, 94.2072697573074, 23.409614084560097, 81.61547490150595, 83.9451048544365, 94.83451461101882, 94.42840038641596, 65.59661081485625, 91.36930177789951, 45.18954940335013, 36.81758304396805, 66.6384287388202, 22.16723392186883, 73.57708409874667, 69.67762616483805, 44.406570030928116, 25.516317808905352, 62.42246048052001, 38.197250855235, 66.33129127495768, 88.9303960636715, 55.93345217978911, 47.53678276437913, 54.6438055307468, 63.74714675271689, 65.94316881407408, 35.794420746738936, 53.590552292538035, 40.164983558809695, 91.99897109126039, 74.2613555889192, 75.59032255337941], [88.04986587363439, 52.74949487797943, 91.95287515683026, 61.28935157130864, 62.40662099075266, 60.79518308456884, 50.270600808185414, 26.898753941986243, 20.37663598777842, 0.0, 23.725630076936838, 50.071001468451186, 49.33174968487971, 64.16453306474457, 60.80229741683804, 85.71426943186704, 57.85350125951439, 91.54032142489937, 19.799575150262374, 36.76519996451524, 58.407243143561566, 10.191789995434286, 67.6059858261596, 55.80167547239413, 42.312197165300624, 33.480462000949885, 39.85242715239493, 56.01318494244441, 48.182027770996164, 40.42492519555102, 34.35626356628728, 60.660865521134845, 74.07697751895472, 19.871857071754967, 27.316175248947143, 85.25139614801498, 18.846012165846428, 12.370164113466886, 39.08699588203847, 43.696869568441485, 18.94375502230483, 86.02615918899117, 7.7061588954718365, 64.71201684732192, 81.51159012422877, 80.56384107289927, 79.802063695858, 48.66809555845254, 83.91222191600934, 49.98922981719809, 53.7117015789338, 59.83688756933097, 40.877159315357034, 54.44154356625809, 75.56188882723816, 54.64600490988618, 18.400679210638007, 48.230751512480545, 34.95358298994014, 67.64527415118967, 91.90370994166807, 54.262802272441775, 59.67231426992013, 51.382406299553764, 68.89661684556432, 60.86174696723906, 20.63849739148161, 62.09552065493728, 33.758918260395625, 76.65514708804781, 55.40013387067179, 79.73381494452288], [69.6815390877333, 56.51029154825683, 78.80245538065547, 41.64883760784389, 39.211591510394804, 40.681075868246126, 28.76340889086265, 45.38546300427633, 16.670229052562227, 23.725630076936838, 0.0, 56.81992385414306, 30.72202714147095, 68.3750824233337, 58.17308515008602, 87.77554516473676, 57.32956776682466, 74.9114481454861, 11.805081772810166, 58.58528503557559, 58.63246793403722, 33.46503256886632, 67.4250200215739, 53.83249843428722, 18.81760274453012, 38.78464698859936, 39.097525527548086, 35.79232043912908, 42.28835541159645, 16.93054043029115, 20.11386124999211, 60.30531696000215, 75.69112765872995, 5.031246940247683, 7.607423843244739, 75.76857399243268, 38.10532148555735, 27.708245155932335, 23.686031062117962, 25.587259481459274, 10.752897621378427, 78.56977520490892, 20.952809309532423, 71.8482237274163, 67.29939430783782, 82.33697695453077, 82.21218942834669, 56.46719353487251, 75.53428251197465, 29.123563769049404, 31.64230316665794, 50.926179593584955, 22.415965974398514, 67.31758986940153, 54.30658702175281, 31.186282083986452, 14.779829913910048, 50.85500926508576, 22.35656573130909, 49.78180017153028, 72.78292528362132, 39.326771195352016, 35.96039687689954, 38.263457786241574, 48.04935982011445, 49.771921802772155, 43.993840914293116, 39.31780189458804, 25.457695872823788, 80.42682759533562, 67.4631546481322, 59.673321752681645], [76.26301684062759, 7.075814008895813, 65.77345781571674, 97.13259318845884, 75.99079947931513, 62.89330844205814, 61.339745571052674, 31.363216691915195, 66.52012169577418, 50.071001468451186, 56.81992385414306, 0.0, 53.48218870833553, 14.616080771393516, 23.208222064031464, 36.46067364718106, 17.668150301811398, 74.05887143802737, 63.214451182190274, 42.8189736209139, 16.384858925739632, 53.879613449568055, 22.790927927720762, 20.038724457822866, 64.7072739924528, 18.150572941544535, 20.564087876790342, 91.11990737315453, 27.531429652521958, 63.615141314380445, 43.781206490268964, 18.62222099558483, 25.86469077041053, 57.690783220507846, 64.36004694397884, 52.68416613470841, 35.72848068392301, 62.32189365635343, 80.36705391259328, 82.30096206154062, 46.282143959314475, 49.342497797306514, 43.88611244638367, 15.139431703324542, 60.426206503182705, 31.734507099557458, 30.56604094749988, 2.618139480321712, 49.456524649397124, 59.3547421531396, 85.08871025796213, 36.00318317259017, 79.14011731235661, 17.8378402393236, 76.48792631268303, 72.39304758944817, 42.38608323592766, 9.958579874765379, 41.24486129937115, 60.63239590456408, 81.5825464392058, 47.04655662109235, 79.4294580721571, 42.348957952353, 70.32092121550862, 41.117750065053976, 57.69202717372757, 73.40934168032732, 35.43942904326518, 26.831087820416762, 16.148651351939964, 75.31950327256762], [39.20535185195078, 49.41582564860456, 49.30395233349209, 53.00851093662587, 22.617234318272804, 11.874330882046147, 8.966293603981965, 59.60239442333451, 47.31324372704032, 49.33174968487971, 30.72202714147095, 53.48218870833553, 0.0, 59.150993871105, 42.264648042230576, 73.11886809522485, 44.409232008575025, 44.199735591564234, 42.482691853535144, 75.44887332253235, 46.35891331754372, 59.435461121846494, 52.737385380297916, 39.9762775176005, 19.823465296914367, 40.613399739426235, 33.19849333435081, 47.54027834465979, 27.40926906155869, 20.298991508450648, 15.596955404383335, 46.86341663544159, 61.94352146070453, 35.613480214267284, 35.168152789797084, 49.28747807045699, 55.18453628652084, 57.14454411189646, 47.12405632282219, 45.01371873569239, 30.416592562468733, 53.88401872416829, 42.925485904406784, 65.80616938164172, 37.49473408560387, 67.92273830145614, 68.60654591601147, 54.56296958825542, 50.14925038571607, 6.677272764374917, 39.64009948025756, 28.46850082309914, 42.681994121267984, 69.64978031134211, 27.178315118800107, 20.737638479781683, 31.356310891109377, 44.04921427032221, 16.261479491427465, 19.072990422689962, 42.71119530004069, 11.620447358395438, 27.546704341105983, 13.966655229383093, 20.30875398249879, 24.681231114979784, 69.54419107606434, 19.927609274487775, 21.105110237092504, 68.76207668995296, 68.68206639504488, 30.437689953484753], [74.31018544051, 11.922725763584973, 59.40850147225615, 107.08855629384217, 81.64419175939418, 66.66682553545067, 67.76520574397081, 45.80291301397622, 79.57719790923734, 64.16453306474457, 68.3750824233337, 14.616080771393516, 59.150993871105, 0.0, 19.381837853546692, 21.852764642928936, 15.199568090619723, 70.3006207713066, 75.94058238002702, 56.11166080556297, 13.139542273194827, 68.40985240982333, 12.489146535000648, 19.579149104298146, 73.4545265639299, 31.117326060723812, 29.554140749659673, 101.09801033606801, 31.743631707522482, 72.63875960850943, 52.683191993458735, 13.56850242337695, 11.689692504219758, 69.90556023495785, 75.98249263883821, 44.81795549266314, 50.343481309776955, 76.49563635945309, 92.05919326074378, 93.36550780517027, 58.2834223154341, 39.856054261502095, 57.61887482664298, 8.776608455782707, 56.58465743265247, 17.15732093155304, 15.950758167459362, 16.735114808284774, 41.0490461888521, 65.58602618888595, 94.45967969454081, 35.454115145720884, 90.25246043054042, 25.477169787837695, 78.56462383068832, 79.3851085979648, 54.606135994981116, 17.522328915258445, 49.96741432985296, 61.8477721402084, 79.72851063993345, 50.39537042966646, 86.39228446569892, 46.12943491059072, 73.0961786026088, 41.036579144152725, 72.29092787297365, 78.67765141795901, 44.62018241663005, 12.509186884877318, 23.01208907698738, 75.85302632669544], [55.13769240385247, 16.1404016459398, 42.58740117151825, 93.26464738880273, 64.15874192081439, 48.331961811093656, 51.185461208565705, 50.42471173421161, 72.08054403977341, 60.80229741683804, 58.17308515008602, 23.208222064031464, 42.264648042230576, 19.381837853546692, 0.0, 31.069478966987365, 5.553277649769423, 51.74582346130813, 67.77487385318634, 64.25164909259595, 7.175639729489308, 67.57132893553502, 10.473013257404004, 5.033455814105273, 58.973166342751384, 28.70060291322964, 20.992138387057196, 87.4079037002294, 16.32477122240695, 58.51246704822982, 39.54908166057821, 5.848094264177403, 19.679378473134452, 60.89752405095488, 65.54693493774265, 29.689747161724643, 52.11255465496499, 72.9243079251482, 81.21575880914158, 81.41804868621136, 49.57448147753262, 27.32998375609096, 53.30191295022857, 27.827730671194217, 37.98858512309724, 25.75940634000303, 26.34909614591474, 25.718435532371043, 26.742892007722606, 48.91629338188224, 80.13958258987687, 16.20686482969034, 78.46263426086956, 40.38837467032588, 59.45533726218816, 62.97213944710158, 46.64888642789479, 15.757505857216394, 36.85269639254078, 42.64345056085062, 60.55001039380376, 32.26513779324715, 69.81048599330448, 28.48457534575602, 54.24155050650643, 21.78341227519752, 73.97391139238213, 60.98850705979079, 32.73803631790429, 26.727558762570055, 38.304215409541285, 56.49589031703235], [77.58602430035798, 32.97200385787195, 56.9339260124226, 124.26750082119433, 94.49963240226172, 78.03050752901409, 82.0769908712446, 67.43788119506891, 100.2010901177664, 85.71426943186704, 87.77554516473676, 36.46067364718106, 73.11886809522485, 21.852764642928936, 31.069478966987365, 0.0, 30.55914840907153, 71.1294573966634, 96.29689784541864, 76.62308809615416, 29.150932762809237, 90.23937247663375, 20.76613179313913, 34.460516510628885, 90.00725463566572, 52.34197543704593, 48.77280104046149, 118.38302406408555, 47.214065474344366, 89.49941323545684, 70.1871237722343, 27.62509717254046, 12.087065807044413, 89.87317119719594, 95.32212347914891, 41.669275887042076, 72.18797044033602, 98.07666971337098, 111.26647535557719, 111.91521533603166, 78.25522820643648, 34.4147042083687, 78.93796815882222, 25.10553107203352, 58.589649252519116, 5.444856844116508, 5.926334876758815, 38.492968867808464, 37.60335416125106, 79.79363601290287, 111.1851376491139, 45.3982276298069, 108.89131233464857, 43.6714679666017, 87.1448198950604, 93.85650639339963, 74.82350517567463, 37.854393615549284, 67.45353723245495, 70.4167112502717, 82.80656802529084, 62.548094325715745, 100.60797956249857, 59.192549435750415, 82.86387347807356, 50.46761475999362, 94.08091443017942, 91.19711368971292, 62.79575771360338, 10.229437398553255, 41.199649400320375, 82.53911793661598], [60.193451439978965, 10.594873296546806, 48.14059491629282, 94.01387172743401, 66.74063314951275, 51.510093343545755, 53.18002416719387, 45.688277858475, 70.41322757424467, 57.85350125951439, 57.32956776682466, 17.668150301811398, 44.409232008575025, 15.199568090619723, 5.553277649769423, 30.55914840907153, 0.0, 57.110800650227404, 66.29597085127553, 59.124826027197095, 2.063907483519403, 64.05502523449591, 10.148693047133682, 4.449811171781173, 59.90597120802703, 24.899052051790612, 18.711526273750096, 88.08499484485844, 17.232517624660314, 59.277349673027814, 39.709338467923565, 2.9813599445397876, 18.551005996776862, 59.65176194877648, 64.8412827518524, 35.107093142082185, 47.89778914371863, 70.12298375915195, 80.73908146795925, 81.36151246555534, 48.11637126760374, 32.318765479837246, 50.53236619174365, 23.157010108145606, 43.3694187651474, 25.116040795507825, 25.233412684937626, 20.194200137896072, 32.02787583116504, 50.95564130308868, 81.07546083956552, 20.490711823535033, 78.3333394426302, 34.86518861472654, 63.40784212077461, 64.90743202871572, 44.89847892594349, 10.8836015663297, 36.96880257637348, 46.75065880649234, 65.59193903427347, 35.252872221043255, 71.8566069639167, 31.081301865145594, 57.89810729789712, 26.038084163833975, 69.95096794455092, 63.70123655292866, 32.23695147848712, 24.53076249320916, 32.80779671973006, 60.925863310186216], [9.794371602689976, 67.26862801731862, 16.004680368132057, 88.26548578351702, 49.13586178067339, 36.0134185965923, 48.395298606834444, 94.21621936838649, 91.51209724428595, 91.54032142489937, 74.9114481454861, 74.05887143802737, 44.199735591564234, 70.3006207713066, 51.74582346130813, 71.1294573966634, 57.110800650227404, 0.0, 86.68210957951855, 109.95784093270309, 58.90503396915504, 101.20580344819055, 58.32788949356406, 54.0546155216856, 61.59975507583771, 71.13378516013192, 60.85977251405326, 84.17367385622465, 49.89266743819866, 62.72383585434656, 57.40412761436758, 57.427739543863424, 65.17813386604075, 79.76579969519277, 79.13475127897748, 29.77688326792674, 92.40084904573143, 100.66755887456536, 89.3269048414578, 85.92144609236803, 73.2704028379108, 37.395470728270325, 84.33957252702083, 79.05154756294884, 13.761082225082331, 67.94347926022485, 69.78337947259837, 76.32230215546033, 33.70201177797815, 47.10171942037725, 76.12107162837242, 38.5091467093185, 84.22454194755623, 91.77537596764259, 30.3928010585614, 54.94896519348425, 73.14653951736898, 64.74418031708477, 56.59102472912908, 25.23687514746145, 13.230833947582228, 37.28202511372557, 58.14609450257632, 40.528646801896265, 32.18189542628225, 34.285394839321434, 110.57962166602705, 45.98515025956283, 58.4219311342842, 73.04340374266054, 89.82761544802256, 22.090404496778422], [81.291414040656, 64.0271299396413, 90.53339456004963, 41.51713629752821, 48.73985372486955, 52.11510235873999, 39.91058928596722, 45.787472531310044, 4.872343408790412, 19.799575150262374, 11.805081772810166, 63.214451182190274, 42.482691853535144, 75.94058238002702, 67.77487385318634, 96.29689784541864, 66.29597085127553, 86.68210957951855, 0.0, 56.564684094854215, 67.38850271155799, 27.461779697144923, 76.44386527759967, 63.16738294716596, 28.481822891405113, 45.13104062427045, 47.634531602842074, 36.34436724211221, 52.447199446205076, 26.715358003918674, 31.433038706792505, 69.27190156996501, 84.24314892921262, 7.305286157411701, 9.568256703215305, 87.0680099571806, 37.83109727542181, 18.448753306966513, 19.420361337139216, 23.90280541224795, 18.211305323090127, 89.52924966631456, 21.206887202337594, 78.34862028262611, 79.07278215169652, 90.90488159479455, 90.56837211653797, 62.43087684676854, 86.64714795011574, 40.50198520545897, 34.767082387757334, 61.92969937968021, 21.129011398874727, 71.20257200806815, 65.2053190418709, 40.40747781148728, 21.473564839156754, 58.639686844227214, 33.42944558581275, 61.5179547084208, 84.24786510943203, 51.06312224953701, 43.968642237358694, 49.803890036736504, 59.1792878008517, 61.143711304325016, 37.412869979124295, 49.37505080409358, 35.60027595069173, 88.29672950225387, 71.74551242694972, 70.97020738317208], [109.45039931787822, 49.292876696406644, 105.07593940081986, 98.03662202604418, 93.83882909516332, 87.23146231652744, 79.69899514823658, 16.02136295907991, 56.74829042067095, 36.76519996451524, 58.58528503557559, 42.8189736209139, 75.44887332253235, 56.11166080556297, 64.25164909259595, 76.62308809615416, 59.124826027197095, 109.95784093270309, 56.564684094854215, 0.0, 58.38186608902362, 31.206523456473274, 65.60397249132609, 59.84436598235186, 75.46336059337264, 38.838386686289844, 49.13709061213373, 92.69095901468694, 60.145459582217605, 73.68414815003489, 60.21335268877711, 60.809434475027786, 67.80133594240269, 55.77319875813703, 63.58639004452667, 93.75347875186557, 20.94884694852157, 43.378198954916655, 75.78324029884433, 80.46019898281466, 49.93348812807585, 91.44347494121837, 37.63386788721604, 51.56542482369188, 97.328441423641, 72.78541208656941, 71.14534634883756, 40.24763770983715, 90.98301633747747, 78.63448784993179, 89.891477279909, 72.13454540303529, 77.62003284407581, 33.79686591983556, 102.53135351212342, 87.10818783678424, 46.85514312699742, 48.503496940767626, 59.193900613454566, 90.23212383371019, 114.24691269760129, 75.25925524477411, 93.11860825866837, 70.92266180922532, 95.66900286929443, 75.73987994249413, 26.33228938269118, 92.62845256018016, 54.692577813733806, 66.39441021710581, 36.049805156116484, 104.44129612801717], [62.12428267734447, 9.343346189883484, 49.630126843526476, 95.68683766258016, 68.72875993629816, 53.553889684977136, 55.10193464180891, 45.289823477473995, 71.4373566103088, 58.407243143561566, 58.63246793403722, 16.384858925739632, 46.35891331754372, 13.139542273194827, 7.175639729489308, 29.150932762809237, 2.063907483519403, 58.90503396915504, 67.38850271155799, 58.38186608902362, 0.0, 64.33785044025481, 9.223275565825446, 6.466449499929431, 61.640477995038566, 25.186048130613205, 19.754249451594642, 89.74512367187923, 19.09495086927151, 60.978223797489164, 41.31208565597722, 2.4768428702990675, 17.07909241496275, 60.82922397410276, 66.17269909656146, 36.30107222275642, 47.83766347936002, 70.71962685404341, 82.11825839247213, 82.85177003242057, 49.250065104787204, 33.142100123114936, 51.178287778572866, 21.11546315482303, 45.15152271957219, 23.70862184468469, 23.693963122966316, 18.962414895217623, 33.08871512423638, 52.885540639473625, 82.79445219090474, 22.525712624134506, 79.80728508741358, 33.26140846844087, 65.47104623769604, 66.8129933492072, 45.94413862252434, 10.696663208457053, 38.569555572520024, 48.80875843018301, 67.52767970862645, 37.29164571146281, 73.77488210444784, 33.09449072138137, 59.960318840154684, 28.081139852119637, 69.962573526216, 65.70400703565898, 33.705284156024796, 22.732467841212006, 31.150176801311968, 62.965893516011704], [97.98380496978736, 57.64170845484765, 100.94944585972306, 68.55984373564257, 72.44111255279314, 70.95324214795782, 60.45725560441473, 25.856108927674047, 26.473202917455108, 10.191789995434286, 33.46503256886632, 53.879613449568055, 59.435461121846494, 68.40985240982333, 67.57132893553502, 90.23937247663375, 64.05502523449591, 101.20580344819055, 27.461779697144923, 31.206523456473274, 64.33785044025481, 0.0, 73.37720693761656, 62.53811742839186, 52.21836466268595, 39.16670251295763, 47.01769694968587, 63.638751310022165, 56.28244529441131, 50.32775647440776, 44.30221956660116, 66.70723031378499, 79.03118053838595, 29.207119077369374, 36.094853373669096, 93.44891908182333, 18.756726556199247, 12.17686411837962, 45.71558036521134, 50.942129049890326, 29.101523219598445, 93.67792970205724, 16.867626515358126, 67.69479307896583, 90.80050665848054, 85.30555103751853, 84.31743633417818, 52.09096906521443, 91.84052654104022, 60.1805462600677, 62.18027090590843, 68.3024541748519, 48.37793294764897, 54.9592027905141, 85.75019299084833, 64.58280896146228, 28.266849263170243, 53.781759241270244, 44.72355044011133, 77.58957872375285, 101.92028439573369, 63.937569411872026, 69.39123648859821, 60.8313942633904, 79.07684746978491, 69.77538010909319, 10.542350444137927, 72.21006262117992, 42.99949912138358, 80.70893223426307, 56.327147512043865, 89.85949651770784], [62.91494180970827, 16.580612429157053, 46.97042131572828, 103.50505714574086, 74.57005751819844, 58.56904836598274, 61.65792099691342, 53.415028991515385, 80.5501106821528, 67.6059858261596, 67.4250200215739, 22.790927927720762, 52.737385380297916, 12.489146535000648, 10.473013257404004, 20.76613179313913, 10.148693047133682, 58.32788949356406, 76.44386527759967, 65.60397249132609, 9.223275565825446, 73.37720693761656, 0.0, 13.735723489269347, 69.25793861414846, 34.29145784606143, 28.84147540707438, 97.61750397565699, 26.45008328160471, 68.7363272469564, 49.45917811023845, 7.1722401896061125, 9.209517064354332, 69.79519678560172, 74.91487158659787, 32.33031541096289, 56.52171564057056, 79.92826013910293, 90.76641288512991, 91.25147363849365, 58.26493536026875, 27.573258805911507, 60.398125224839696, 21.181422167382177, 44.71427670529071, 15.382235619720346, 15.88016501219861, 25.38079361483845, 28.583001851596613, 59.389209512520466, 90.44006363107054, 26.039529874633732, 88.24904370525554, 37.30829455491977, 69.10848215564283, 73.44432730671541, 55.03819532723529, 19.59618740772201, 46.731323263584365, 52.23078404126797, 68.32128390772088, 42.625908386769275, 80.28282921028249, 38.9367976094357, 64.17299737521358, 31.493262259533847, 78.69917481993338, 71.37078981536209, 42.213894202744115, 16.517919238136532, 34.92863363926662, 65.5769487596526], [56.64819406726503, 13.226753246892828, 46.042005052682704, 89.88441833802693, 62.29149059426937, 47.09340975983699, 48.7656587769091, 45.71498718337653, 67.40554697731413, 55.80167547239413, 53.83249843428722, 20.038724457822866, 39.9762775176005, 19.579149104298146, 5.033455814105273, 34.460516510628885, 4.449811171781173, 54.0546155216856, 63.16738294716596, 59.84436598235186, 6.466449499929431, 62.53811742839186, 13.735723489269347, 0.0, 55.703951688052555, 23.710033969140092, 16.04390044175974, 83.97566798024162, 12.91566216365925, 55.12300917087858, 35.73077341733905, 6.992384145204226, 22.59534585552661, 56.37849312918819, 61.28124202560495, 33.91028364302267, 47.17792856036325, 67.94873252630016, 77.07933267117397, 77.51656518839229, 44.95610147917337, 32.08251865594663, 48.3232247051064, 27.31082458115915, 40.394781743175514, 29.041208613671152, 29.31734879958785, 22.38788089089841, 31.21180758807191, 46.53542387736771, 76.88587306415175, 16.56171992257413, 74.51705180666977, 37.72364712339745, 59.151736554447304, 60.50510203283952, 41.92004142210787, 11.451599818155529, 33.00024091891267, 42.574756552854424, 62.021191788668894, 30.827728287112418, 67.44319336363932, 26.633803460300747, 53.56219740194008, 22.02228217837957, 68.98463410463587, 59.251731224198195, 28.518233812524322, 28.878872884903856, 35.81248562963481, 56.880156347444554], [54.87949980562278, 62.36958252608384, 68.60582023053337, 34.31368350227278, 20.455242818282176, 25.63561694816476, 13.217452288629355, 60.98657578371451, 32.74675482658741, 42.312197165300624, 18.81760274453012, 64.7072739924528, 19.823465296914367, 73.4545265639299, 58.973166342751384, 90.00725463566572, 59.90597120802703, 61.59975507583771, 28.481822891405113, 75.46336059337264, 61.640477995038566, 52.21836466268595, 69.25793861414846, 55.703951688052555, 0.0, 48.285003364701, 44.47470086156364, 28.526062882265645, 42.82305871979201, 1.890664631147136, 20.97031726576017, 62.681901283572486, 78.28713128507489, 23.5060946062944, 19.252366005313817, 69.0990117744872, 54.54398396029002, 46.17361359769884, 27.842625428331957, 25.2405239683521, 25.5335889590347, 73.52258796228128, 38.36625621022881, 78.77768328118073, 56.72803501330601, 84.64017312353688, 85.01328902376132, 65.08477773412591, 69.86754259063075, 14.749775158752366, 21.184558135556696, 47.17412584439385, 23.05142897940379, 78.39140423290384, 37.09725764664623, 12.371646137128028, 28.742117363532394, 56.60167580404904, 23.604911824865315, 36.6740555293307, 57.158182119325694, 31.25960336585202, 17.677928767162744, 32.55896622903829, 31.526210358913165, 44.064132284153835, 62.758789701099865, 20.894039572876224, 29.29530354690826, 84.36603755228633, 78.00419663834593, 43.52770789433865], [70.98178797755908, 19.39502525121052, 66.67966127104611, 79.58838915239569, 62.11641020831289, 51.58401642909727, 47.204363971186524, 23.327712047988143, 48.572952849735856, 33.480462000949885, 38.78464698859936, 18.150572941544535, 40.613399739426235, 31.117326060723812, 28.70060291322964, 52.34197543704593, 24.899052051790612, 71.13378516013192, 45.13104062427045, 38.838386686289844, 25.186048130613205, 39.16670251295763, 34.29145784606143, 23.710033969140092, 48.285003364701, 0.0, 10.304334747862079, 73.5914812122079, 21.31625435791625, 46.993736781364916, 27.98640507405071, 27.542374852931975, 40.61102373403529, 39.54077149197256, 46.2831404534465, 56.559144017563206, 23.56817416657901, 45.847827781697234, 62.25215692687053, 64.33808855932179, 28.17090697505223, 55.607088383873716, 26.59754225039977, 33.28225928755063, 58.52106504705679, 47.132769966459016, 46.45369420381037, 17.682871286147535, 54.33343238085105, 45.51621078628327, 67.94678877935313, 33.44430654988467, 61.16998683396152, 30.138020415147377, 66.43221219961758, 57.3273682624327, 24.24821135073067, 14.77096303439721, 25.828568632068635, 52.48443913348601, 75.93090003077755, 37.58501245075059, 64.22937117555011, 32.977337393273864, 59.75208020867151, 36.901608854740104, 45.275356997920085, 60.00522750527954, 20.039972043964674, 43.6101052987674, 29.724709072954674, 67.10032917809416], [60.938941441798235, 17.998442077318575, 56.516978069969454, 77.65344080552286, 55.55420729010547, 43.30487156483243, 40.82156200102245, 33.59896456695868, 51.708966368588875, 39.85242715239493, 39.097525527548086, 20.564087876790342, 33.19849333435081, 29.554140749659673, 20.992138387057196, 48.77280104046149, 18.711526273750096, 60.85977251405326, 47.634531602842074, 49.13709061213373, 19.754249451594642, 47.01769694968587, 28.84147540707438, 16.04390044175974, 44.47470086156364, 10.304334747862079, 0.0, 71.64998036466763, 11.011923952814627, 43.50113898626335, 23.508929605298526, 21.673222443141523, 36.6896756401224, 41.10560524526839, 46.684560271453144, 46.97602942224752, 33.17825604693259, 51.93520124026585, 62.72003911719793, 63.8371508057224, 29.505146129899995, 46.69194375977606, 32.31690490977498, 34.3078070314493, 48.21801914566789, 43.35172858865645, 43.14355225804136, 21.41992206010377, 45.03830100945479, 38.87554197860325, 65.21424056923446, 23.20183761029579, 60.735474082271686, 36.51048118141927, 57.66664761916964, 51.829655050329585, 26.200357413293048, 12.202780734810476, 20.87897306785134, 42.95103767360439, 65.96441830245946, 28.309912732791247, 58.86740670957744, 23.58397474472226, 51.169674189212955, 26.605386676181634, 54.18233043491262, 53.077602583398196, 15.236552405931286, 41.37028950574647, 35.48658112