instance_id,num_cities,city_coordinates,distance_matrix,best_route,total_distance
2066,67,"[[22.138933165909446, 69.42544157533001], [18.515358419752804, 32.3299459934068], [55.94611852702543, 65.89065975333949], [17.335746763790173, 41.18020989783412], [93.32145007682469, 33.21169042692801], [3.585428418274561, 58.8365792136182], [39.31502076824663, 5.643453911089901], [53.8090418610284, 62.39141119665835], [10.439234483776971, 35.325786844526895], [62.12738586710754, 16.035227643593796], [30.809764471825595, 95.42052253904198], [68.32103861014367, 33.88745507124328], [76.15944482623632, 99.46544294320051], [72.52061495402833, 44.53752436856795], [95.40062349747978, 87.76303319607244], [92.5816224207211, 23.946886346558628], [66.84179279847304, 92.67958346753518], [11.046474150099195, 60.636618833130306], [62.52594651002818, 65.27629347160777], [95.5851333242659, 42.222573704300295], [50.418945330734665, 37.485841433770894], [16.713064686046287, 21.055482134447544], [89.2718790750168, 92.87897503475122], [59.32493614882105, 22.450509731061896], [56.113854093698954, 46.249209528231695], [44.29514218559309, 44.201862495059544], [37.241306809964634, 27.9286845238216], [41.42283623043975, 74.74716013118221], [54.31069785193413, 44.29684282967131], [35.578554521415306, 6.476045206638514], [2.4143323732319755, 39.3171481677323], [76.931430097434, 41.57791472238752], [24.6824009247375, 55.885846877185216], [4.069039575261013, 51.169408489908264], [31.436418491369157, 82.10620458414904], [18.9138927505082, 28.223979931407083], [61.03533391810048, 68.33848601290235], [70.37051504996946, 49.429574290868295], [5.226037878517298, 53.78759541853088], [83.66057056411343, 86.30698881183531], [22.74794175612338, 10.241864972461157], [88.55256940239418, 84.04150825903754], [18.07724635120215, 6.693826246715151], [22.60372810645659, 94.56244551103167], [69.04178044862668, 83.63886576011451], [59.90121071956247, 0.8511847475373702], [58.3387084453375, 45.03939631817363], [50.464410245845514, 63.60254652549002], [90.35328201185287, 65.33249003100342], [46.4788128377569, 53.158084806560964], [44.513947160960655, 88.39960371804327], [82.26347022660786, 67.5762140995776], [51.21440402315817, 86.85522789769277], [76.23718027687578, 45.96957125269957], [82.12667212523976, 24.651049122899792], [54.47835927333702, 2.2596150772794754], [39.32817835346674, 77.42344161958194], [43.29414217291069, 71.37042524225147], [0.46059168879076795, 5.41242743688205], [97.91862905519424, 3.4253826237185203], [6.157036975023466, 97.075261491549], [45.76217595407625, 52.54027512825563], [55.85950514340914, 50.27134356379904], [36.921172975346394, 32.76014090543985], [40.565549279525015, 75.66266862330046], [4.932759388316754, 64.1325894119328], [6.745252178624583, 43.77700193843265]]","[[0.0, 37.27205503335533, 33.99147635172573, 28.65071922533396, 79.86480129575934, 21.36250323664779, 66.05421966630473, 32.441845942065704, 36.050927893920786, 66.70525686265302, 27.403057308366087, 58.27293838504301, 61.81114270279408, 56.19361425188731, 75.52180173094409, 83.84790668315081, 50.389490714547755, 14.152245483005052, 40.59958468808081, 78.32202971137852, 42.66025252205319, 48.673329710154285, 71.11188830404747, 59.91196073922756, 41.12703470894172, 33.57270527888048, 44.15951240080177, 20.00473958315636, 40.82240705707179, 64.36808157279506, 35.99401628532838, 61.4630171063582, 13.77642380410201, 25.68664630490658, 15.72402568882955, 41.32748876083113, 38.91158521404312, 52.2122610073208, 23.03450150157387, 63.79575616962659, 59.18670991844875, 68.00294466752673, 62.862968920645756, 25.141300706213247, 49.00916761466687, 78.28421491924915, 43.64748484810058, 28.917793113711745, 68.33702979220175, 29.27552969089422, 29.337008714194265, 60.152968330917595, 33.89956425699221, 58.96438071472668, 74.85502685148805, 74.54586997362091, 18.95885425931154, 21.24443055472417, 67.584143615849, 100.49164189468037, 31.936398470328427, 29.037328488930957, 38.78087731247285, 39.53301009279651, 19.45361618431111, 18.00185268488488, 29.91333933458221], [37.27205503335533, 0.0, 50.27308733591292, 8.928530385057327, 74.81128806705767, 30.422104044918633, 33.834816586925875, 46.36092946673173, 8.61387486758902, 46.55670503986032, 64.27731535334915, 49.83002723012538, 88.48737564383916, 55.36779481899755, 94.78486768936631, 74.53916522274547, 77.31444239609746, 29.27544977431806, 54.976301041505586, 77.70208676000055, 32.31752025726201, 11.417609119668455, 93.12717183018269, 41.98839000588852, 40.09230318023215, 28.382030449488582, 19.236222228819575, 48.207598932709864, 37.74272042334618, 30.977037416380675, 17.55175301716729, 59.14357408767408, 24.349802457200358, 23.74071345418675, 51.42596341019543, 4.1252620419900765, 55.71860793949988, 54.601781628950974, 25.23958714597431, 84.60153554608932, 22.489955199759315, 87.0591557171285, 25.639863062257632, 62.366647840863926, 72.0105865179997, 51.99712665288451, 41.8022647091991, 44.70701797957016, 79.05602557033785, 34.867838324275446, 61.8039896276312, 72.84312715933719, 63.57856517817494, 59.31144995461987, 64.07311985915588, 46.878163699107304, 49.66484492456486, 46.24010320344487, 32.411840536296424, 84.50061047825325, 65.91421688744568, 33.924128131576715, 41.430412033877346, 18.410841293032753, 48.62032257679581, 34.581716626776675, 16.418601972640577], [33.99147635172573, 50.27308733591292, 0.0, 45.84067124024997, 49.64705877183423, 52.833719544676356, 62.50055379323011, 4.100224035072235, 54.81868250202231, 50.23715932234851, 38.779493180426925, 34.3124431801017, 39.18985361448222, 27.030914201504807, 45.11162469344212, 55.690576161002035, 28.919926548912283, 45.206006361607265, 6.6084477915797155, 46.167410489657875, 28.937576735267502, 59.577056538627, 42.88327736811798, 43.57135575672784, 19.642166432593793, 24.620096998577967, 42.319989894814775, 17.010682749644335, 21.655658154796736, 62.80871026581963, 59.76456849008343, 32.11686274602803, 32.82554369698194, 53.92537954737708, 29.388250883607274, 52.82200786387164, 5.647297291073015, 21.886766541769028, 52.14413435165729, 34.42262837060575, 64.79897608354914, 37.31801093526605, 70.27315687429906, 43.97483709455489, 22.05663568234743, 65.15961988288319, 20.988084080255952, 5.940083149537238, 34.41169063720316, 15.866579397884996, 25.245734304021457, 26.371274029398666, 21.49191102776438, 28.435487581305292, 48.84799762179867, 63.6479706180294, 20.227728324908522, 13.78768782205883, 82.07472371345429, 75.25690989482355, 58.74888958408186, 16.79123152025492, 15.619556335154396, 38.204447808800815, 18.222350774028893, 51.0436442854564, 53.94199765848493], [28.65071922533396, 8.928530385057327, 45.84067124024997, 0.0, 76.40238484847652, 22.378977456943492, 41.784560687224854, 42.19260972954226, 9.046333562027655, 51.366925799855785, 55.88882418348436, 51.50421592082152, 82.80939466566885, 55.28689933093877, 90.90700966306751, 77.19410109588205, 71.43552388034796, 20.447659980222596, 51.21303932300029, 78.25632894147151, 33.28883274865826, 20.13435870645911, 88.58650827626303, 45.9770996643892, 39.108008966743576, 27.12820277732101, 23.913055963008045, 41.31498550093475, 37.106069702980534, 39.206875440352235, 15.037273902703483, 59.59701033719247, 16.438646122142273, 16.606914467716976, 43.2870186572513, 13.051989875047257, 51.4511990044882, 53.672513077531484, 17.481167551211534, 80.2209974214798, 31.40816838588948, 83.11995382545926, 34.494354305745425, 53.641539001874456, 66.90479337871844, 58.636584069533065, 41.18417398085546, 40.00336890752061, 76.90834213096238, 31.50853515352147, 54.48234328272568, 70.08821806753677, 56.86801110453169, 59.09582770453361, 66.86611372822978, 53.79950153319388, 42.39385442328771, 39.81566770454242, 39.5487688933457, 88.98892010182271, 57.00193281990986, 30.61230077190834, 39.58192353870266, 21.318688555466842, 41.57720150122577, 26.089189738191752, 10.90421498598306], [79.86480129575934, 74.81128806705767, 49.64705877183423, 76.40238484847652, 0.0, 93.32303310777044, 60.635815086923905, 49.11910531769852, 82.90917358938844, 35.61039898214034, 88.1909838358289, 25.009542805854373, 68.4404423327955, 23.684367339647515, 54.59095126511211, 9.294296079228639, 65.09687052591742, 86.7254193522786, 44.45786553969346, 9.290870749460112, 43.11488467243735, 77.56686220437308, 59.80454730009801, 35.659023671800476, 39.42565285648892, 50.243036806436926, 56.32843527210574, 66.47301228866642, 40.55514015441013, 63.63204155508532, 91.11191285117226, 18.401805995248477, 72.28718032426899, 91.04104798588996, 78.86970678913113, 74.57453884038576, 47.71042930799784, 28.102760996585108, 90.46639993176005, 53.96705757720597, 74.21747070670604, 51.0530371646232, 79.78024388896793, 93.62110525980749, 55.96786907984236, 46.5200465017241, 36.92813072313833, 52.53884274969938, 32.25764698280223, 50.912585008608175, 73.67413463563541, 36.09985326307983, 68.19554560044912, 21.32219026652835, 14.092822035402486, 49.667058213853466, 69.78504377668256, 62.919159075906244, 96.93264694287589, 30.138981188930416, 108.05642331905749, 51.33691402528132, 41.16344353117962, 56.402084660887255, 67.71462632816794, 93.64113751802464, 87.21848341861627], [21.36250323664779, 30.422104044918633, 52.833719544676356, 22.378977456943492, 93.32303310777044, 0.0, 64.07895402505928, 50.34926193773658, 24.489426604272293, 72.51976612042955, 45.60207651844922, 69.37692716159503, 83.17266633660408, 70.40257745410265, 96.26406280347591, 95.59086366007396, 71.74062009441434, 7.6751121193238525, 59.29126910978453, 93.48781140797517, 51.470693701692866, 39.996826505169544, 92.20115259254092, 66.56454592673991, 54.015529059106434, 43.260325107995484, 45.69481485323895, 41.0465103885635, 52.76795327878491, 61.36110852443542, 19.554530275662692, 75.34917028302387, 21.3023254660078, 7.682407608144502, 36.292604107951064, 34.23584457257907, 58.23038618076657, 67.44434400318261, 5.308845144105482, 84.65607948145319, 52.23646398449023, 88.62676511754158, 54.11912299703865, 40.472623410524896, 69.99776738622379, 80.83175927562786, 56.46489112335486, 47.120625861798125, 87.01067333714906, 43.26762907403722, 50.48877166578371, 79.1619572821044, 55.25906252599832, 73.78236199790643, 85.65849304429955, 76.0989046038294, 40.28666810531629, 41.63987565203713, 53.51546129530859, 109.40362631069344, 38.325056985237254, 42.64412594759221, 52.97114647807983, 42.323191042436484, 40.62815063149334, 5.464707198330672, 15.387506422541557], [66.05421966630473, 33.834816586925875, 62.50055379323011, 41.784560687224854, 60.635815086923905, 64.07895402505928, 0.0, 58.56967904575459, 41.41077060280048, 25.067767405799927, 90.17905209135782, 40.48546248444243, 100.79720834480712, 51.14059250714726, 99.44455809869085, 56.3235873371287, 91.2853275536128, 61.83331558347094, 63.990801118918355, 67.11451088932343, 33.722911852834045, 27.35651718876666, 100.52722933414344, 26.13185486859674, 43.94346584346039, 38.87868930223673, 22.381505602693665, 69.1358452568238, 41.46027986023904, 3.8281050506919345, 49.955765322090706, 52.02191581073941, 52.3298348405974, 57.57509644428682, 76.86757843413324, 30.431664097619986, 66.35087831803742, 53.68117046967739, 58.99082230266637, 92.04962601434877, 17.19341418343885, 92.5774871177858, 21.263733073774134, 90.47571148976122, 83.46834436236313, 21.136628407756845, 43.74861107484165, 59.02173584712503, 78.53461111952448, 48.051639576064744, 82.91929308977353, 75.36734104001637, 82.0789105428327, 54.67578625525129, 46.84150048459966, 15.536318736211621, 71.77998891441344, 65.84730949340596, 38.85511590926284, 58.64556883930666, 97.25855914345918, 47.337909229971025, 47.595887407363044, 27.22214577885294, 70.03038091051742, 67.84628854428058, 50.14935005695674], [32.441845942065704, 46.36092946673173, 4.100224035072235, 42.19260972954226, 49.11910531769852, 50.34926193773658, 58.56967904575459, 0.0, 51.122286857207236, 47.09660922623714, 40.24784412230139, 31.9855211688964, 43.290002802619355, 25.862796493901023, 48.71938901405428, 54.60123161804866, 32.973109900459434, 42.798557142395595, 9.181882835239803, 46.389910796830954, 25.135237410829518, 55.54071078049792, 46.766487702708964, 40.31997891465952, 16.305914084528478, 20.52739557279693, 38.238323373925546, 17.495217108004503, 18.1015210167759, 58.81223361204419, 56.336824348405145, 31.110231005885392, 29.84432239717328, 50.990206629689695, 29.819580056601556, 48.83732988924669, 9.35879243086984, 21.03073013854523, 49.33896960728553, 38.2500799813368, 60.69898772728101, 40.93701758589752, 66.17387837819527, 44.81904790798053, 26.143654111547598, 61.8410380961541, 17.933496583437424, 3.557163114902809, 36.66239807910775, 11.78925670938082, 27.619284272273415, 28.922943742883664, 24.601025854454086, 27.79744988205589, 47.182868853419386, 60.1355210365801, 20.872406343312, 13.826995649168925, 78.0555041369702, 73.63863257899672, 58.93795925322002, 12.719942325445265, 12.292291856992149, 34.105898237273195, 18.748769811391316, 48.90728667519438, 50.61122930044536], [36.050927893920786, 8.61387486758902, 54.81868250202231, 9.046333562027655, 82.90917358938844, 24.489426604272293, 41.41077060280048, 51.122286857207236, 0.0, 55.170559791530145, 63.45341401522549, 57.89967225479881, 91.83159332121609, 62.76108594745579, 99.84038475522026, 82.92678260083461, 80.44070220675654, 25.318115174073775, 60.083761674219744, 85.42476080355108, 40.03802087060324, 15.588538800202524, 97.60612339452946, 50.55279011125113, 46.96266644514498, 35.0001029322468, 27.804104080534195, 50.140086248446224, 44.779293691974985, 38.26608164586119, 8.962701551218222, 66.78548630148585, 25.011674450372535, 17.076291459637236, 51.276595247171386, 11.056920645872083, 60.41360429861481, 61.568459544114454, 19.183737765833275, 89.22133719812247, 27.941141909381788, 92.05929939470685, 29.633231227147206, 60.47277598281898, 75.95006246123909, 60.290839129134405, 48.87446996951205, 49.006018332847866, 85.36191907660508, 40.20997461500595, 63.07072285582411, 78.7325275739009, 65.71071256817245, 66.65328061783028, 72.47785000277082, 55.07101077310596, 51.05667062652833, 48.771517471616754, 31.533829185191966, 93.1143397336451, 61.89777730005497, 39.29438638005208, 47.81600832820765, 26.605931770115102, 50.34539576572283, 29.328367532722087, 9.223260911100768], [66.70525686265302, 46.55670503986032, 50.23715932234851, 51.366925799855785, 35.61039898214034, 72.51976612042955, 25.067767405799927, 47.09660922623714, 55.170559791530145, 0.0, 85.33943083648668, 18.89612019515751, 84.60200649849386, 30.338096997862092, 79.06950380381431, 31.465137334765465, 76.78921091130866, 67.81256253735636, 49.24267879050541, 42.4876212397233, 24.438011616518956, 45.690956692648996, 81.49714734044527, 7.000683444158369, 30.80661074696504, 33.33688998051133, 27.582081999011695, 62.2556775891515, 29.322679012199465, 28.217342445471452, 64.09131439481287, 29.522679227648666, 54.68270979601326, 67.86149304197116, 72.85128325800459, 44.89957315690264, 52.31465773094549, 34.396679588641746, 68.28619681555527, 73.49692824112954, 39.8033122934436, 72.95988300442966, 45.02972986181836, 87.91270368258002, 67.95631493112641, 15.346368119422552, 29.250570543319462, 48.97626798720125, 56.805996972741, 40.28628006898854, 74.47708471536427, 55.33475560792528, 71.65588328055797, 33.09306914739005, 21.776221678656444, 15.756748059463465, 65.48524015693735, 58.452332385692664, 62.57505404282603, 37.9476123145322, 98.4894260374145, 40.00548196628798, 34.80514275316568, 30.250221353918384, 63.406186723521024, 74.73005758811426, 61.94180149878417], [27.403057308366087, 64.27731535334915, 38.779493180426925, 55.88882418348436, 88.1909838358289, 45.60207651844922, 90.17905209135782, 40.24784412230139, 63.45341401522549, 85.33943083648668, 0.0, 72.06534589854348, 45.52971435582706, 65.79418325935156, 65.04318728898228, 94.46821214056075, 36.136128906207375, 40.00634451387655, 43.756036716667445, 83.82046391063156, 61.16328350184333, 75.68933993124364, 58.51733339441595, 78.34371566989468, 55.30022581146373, 52.964200633862305, 67.79758797715462, 23.238442404778397, 56.266548648043255, 89.07222578599628, 62.87995849166226, 70.89594104445253, 40.006688987298034, 51.70326355834018, 13.32905690077864, 68.24138848550585, 40.583515751530776, 60.66481935250693, 48.865403784507286, 53.630813918880094, 85.55931679451542, 58.853321802887564, 89.63561598294959, 8.250777479471711, 40.006180548845464, 98.94277080771826, 57.41167682257527, 37.399046753910284, 66.71371808889324, 45.07363663812506, 15.397984422262644, 58.50460963353009, 22.129473276897738, 67.14943551400215, 87.41706571778244, 96.12053401317125, 19.911260549762524, 27.097359033094737, 94.98699633388756, 113.87144274886856, 24.708199732730993, 45.41244572961019, 51.632720922416105, 62.95770596492196, 22.035156649543506, 40.602390957410364, 56.97502937195542], [58.27293838504301, 49.83002723012538, 34.3124431801017, 51.50421592082152, 25.009542805854373, 69.37692716159503, 40.48546248444243, 31.9855211688964, 57.89967225479881, 18.89612019515751, 72.06534589854348, 0.0, 66.04478106060348, 11.448162189012402, 60.2982739052704, 26.218139396231578, 58.81073481548601, 63.2130801025234, 31.91930871076342, 28.509736287937873, 18.260156850330883, 53.179342812796904, 62.601414870508485, 14.551067940495352, 17.373207161413823, 26.14633242938115, 31.645800277570487, 48.91859348800524, 17.45408266470796, 42.70193971081386, 66.12998937033512, 11.544782856783375, 48.86982648921403, 66.53559418794927, 60.70850851317841, 49.73068481988598, 35.21299512683934, 15.676664935962567, 66.15885959692531, 54.617842855132295, 51.34219597938461, 54.080901336441094, 57.130833261960035, 75.97056630405588, 49.75663105888974, 34.09235484104877, 14.967054122110525, 34.66764827147791, 38.395442085392055, 29.127993358410862, 59.48404788983834, 36.459894188669246, 55.66167357425583, 14.44447404061429, 16.610439837516026, 34.524484556694404, 52.306482108820134, 45.070151964694716, 73.59257744598561, 42.47299398383867, 88.64006983019168, 29.27165831336851, 20.584499471180884, 31.420095466305387, 50.155115943461524, 70.2341946205027, 62.36489887667891], [61.81114270279408, 88.48737564383916, 39.18985361448222, 82.80939466566885, 68.4404423327955, 83.17266633660408, 100.79720834480712, 43.290002802619355, 91.83159332121609, 84.60200649849386, 45.52971435582706, 66.04478106060348, 0.0, 55.048318064953975, 22.5204207453678, 77.28350605002986, 11.526774402839603, 75.81145383147762, 36.807203342945805, 60.44918074154775, 67.11217711820719, 98.39712427607911, 14.67370067289174, 78.83337250226037, 56.86645062506392, 63.79182633161283, 81.43788597333646, 42.63361915099969, 59.337527609714016, 101.4585469506657, 95.16385330104532, 57.892675571045835, 67.44677340031836, 86.77288443496298, 47.97387039791126, 91.39146177031874, 34.606736027863576, 50.36963231698234, 84.36832329552178, 15.146346175321767, 103.9886317157279, 19.786037953604897, 109.45371005211685, 53.77968182491553, 17.353434574298877, 99.94549562510723, 57.269304137444266, 44.117821133357346, 36.96651848034996, 55.00283022563971, 33.524473452091634, 32.46816967938496, 27.951253713584727, 53.49592816959835, 75.05199080861894, 99.59438961031495, 42.923094160819346, 43.23723092557308, 120.73229100848013, 98.47413510399302, 70.04320147123036, 55.91033293897588, 53.21791958426081, 77.39017571884186, 42.8193585369315, 79.5088124495289, 88.99175581176758], [56.19361425188731, 55.36779481899755, 27.030914201504807, 55.28689933093877, 23.684367339647515, 70.40257745410265, 51.14059250714726, 25.862796493901023, 62.76108594745579, 30.338096997862092, 65.79418325935156, 11.448162189012402, 55.048318064953975, 0.0, 48.90745755347624, 28.747493712185054, 48.475838057354714, 63.54723306454977, 23.02151040254943, 23.180401295685527, 23.19935413648686, 60.54658515885398, 51.161515831356546, 25.728625200884778, 16.49580758901634, 28.227468570436958, 38.99337307943791, 43.35543719594004, 18.211507583621643, 53.04141801461214, 70.30037827050948, 5.311739779682458, 49.165833108692745, 68.7720877888257, 55.67150915973961, 56.034028924472324, 26.427210516233476, 5.343695541450018, 67.9273429349423, 43.22946646527161, 60.44428220004944, 42.63318316350491, 66.30404114653288, 70.6695714424744, 39.255791778210835, 45.472471152521294, 14.190783899244197, 29.15392316607141, 27.3940616064338, 27.431542423424347, 52.04090166139441, 25.014085099882433, 47.37871522329024, 3.9829155247561068, 22.08502279992382, 45.96677717754263, 46.7249547985104, 39.676079449995264, 81.99646433170393, 48.32460366243694, 84.64241433335253, 27.929519821075306, 17.620137987118934, 37.49702695456141, 44.608304463852114, 70.37105082365325, 65.77975936868961], [75.52180173094409, 94.78486768936631, 45.11162469344212, 90.90700966306751, 54.59095126511211, 96.26406280347591, 99.44455809869085, 48.71938901405428, 99.84038475522026, 79.06950380381431, 65.04318728898228, 60.2982739052704, 22.5204207453678, 48.90745755347624, 0.0, 63.87837948625089, 28.97894541673921, 88.60849207784895, 39.82961022235967, 45.540833266398636, 67.46219224276571, 103.15827296122255, 7.983380805937744, 74.61354393838782, 57.15634527950876, 67.15166277138924, 83.44252751799387, 55.52489954864542, 59.81380856060491, 100.92697534837448, 104.84967388228978, 49.74109240131953, 77.57075487229042, 98.38979413982366, 64.213855451985, 96.92842123965698, 39.47513345317273, 45.78166008928797, 96.36278464078958, 11.830000343495874, 106.24473486702418, 7.793945903468364, 112.03178552849728, 73.11374690439817, 26.67953080385574, 93.88225449102768, 56.55877204648954, 51.019529374110675, 22.991409760007222, 59.92366820603132, 50.89065779302816, 24.085108704280113, 44.19554391443424, 45.97750555740786, 64.49279276543226, 94.79169910507822, 57.01777142608246, 54.62419785731725, 125.67908301996988, 84.37523129481276, 89.72811895508688, 60.86557450992456, 54.489694733714, 80.28178058380107, 56.15428912632234, 93.50311390488218, 98.96739770996385], [83.84790668315081, 74.53916522274547, 55.690576161002035, 77.19410109588205, 9.294296079228639, 95.59086366007396, 56.3235873371287, 54.60123161804866, 82.92678260083461, 31.465137334765465, 94.46821214056075, 26.218139396231578, 77.28350605002986, 28.747493712185054, 63.87837948625089, 0.0, 73.39429461822124, 89.40982537421986, 51.10248083759408, 18.520848418623565, 44.28311917929922, 75.92363446949507, 69.01150086711115, 33.29033380371832, 42.74683316987531, 52.36266066839756, 55.48337812915316, 72.09638840507641, 43.344946605277556, 59.62029889281998, 91.46794598633699, 23.575022403916353, 75.03600122299672, 92.60422794786206, 84.38745322275909, 73.79178764806501, 54.45899778023373, 33.80385592653778, 92.31178726808513, 62.99498032151522, 71.16579632119266, 60.229534707054476, 76.47594482134313, 99.41560686717939, 64.16585202722362, 40.01775532570835, 40.21779624032376, 57.84834436360624, 41.445550947040445, 54.57804656556241, 80.4030732089655, 44.832828428298335, 75.2908108248664, 27.425160700872393, 10.478636881606779, 43.84286028062151, 75.46967118580089, 68.39771743683845, 93.96707120149985, 21.204144756696763, 113.21204980392827, 54.86020825210473, 45.18286118774435, 56.35387376552524, 73.34980573611375, 96.42206138499425, 88.09719598673591], [50.389490714547755, 77.31444239609746, 28.919926548912283, 71.43552388034796, 65.09687052591742, 71.74062009441434, 91.2853275536128, 32.973109900459434, 80.44070220675654, 76.78921091130866, 36.136128906207375, 58.81073481548601, 11.526774402839603, 48.475838057354714, 28.97894541673921, 73.39429461822124, 0.0, 64.34181506326422, 27.741067603579687, 58.06969484015623, 57.585233164747365, 87.42368828836959, 22.43097250166104, 70.63020551983703, 47.65362832982334, 53.46438893828755, 71.19598081896822, 31.10779901763767, 49.979174985087305, 91.69754672981149, 83.65672213260362, 52.08820720051119, 55.95706725198575, 75.25631650496507, 36.95046509636608, 80.32190504597258, 25.02406821492841, 43.39372275467934, 72.86348872212984, 17.985584454664078, 93.48927815754055, 23.366090046326352, 98.85105682311061, 44.27811578161239, 9.304543101415469, 92.09031703210164, 48.393076727386656, 33.37203524815601, 36.06457603323897, 44.458967703826794, 22.734355444319103, 29.461963415929265, 16.677481756512027, 47.64555117720246, 69.72452237995651, 91.2613016136922, 31.460274059730146, 31.75802377752311, 109.64497426896702, 94.5096932594505, 60.84374721072408, 45.33778027497965, 43.80718495716664, 66.97449579916463, 31.30521305282866, 68.1737433869554, 77.47939516209206], [14.152245483005052, 29.27544977431806, 45.206006361607265, 20.447659980222596, 86.7254193522786, 7.6751121193238525, 61.83331558347094, 42.798557142395595, 25.318115174073775, 67.81256253735636, 40.00634451387655, 63.2130801025234, 75.81145383147762, 63.54723306454977, 88.60849207784895, 89.40982537421986, 64.34181506326422, 0.0, 51.68812876481043, 86.52087582180677, 45.674390866925215, 39.98470495904524, 84.60959466336855, 61.55476278337122, 47.30820522369731, 37.08874683817493, 41.904393861030925, 33.493741937263145, 46.24696025000595, 59.45746969805687, 23.000732621129757, 68.58616203406552, 14.43981762975877, 11.760640498244886, 29.609001039556087, 33.3537919284684, 50.578699656671155, 60.37333580366191, 8.988136632543888, 77.01801667705651, 51.73543815231742, 80.96285352120914, 54.399049897629716, 35.840365996886, 62.390375190008086, 77.20805277996868, 49.797879220071074, 39.52936140547488, 79.44571089447264, 36.21296861710512, 43.48396347451145, 71.554304640766, 47.96746868000584, 66.82028471979422, 79.67029416008853, 72.76127550331117, 32.88848144731692, 33.98715482263777, 56.229638295600815, 104.01873315160083, 36.76521827321229, 35.64731032111847, 45.996159385500526, 38.0341696498065, 33.12337496079405, 7.042678359565285, 17.399631958287817], [40.59958468808081, 54.976301041505586, 6.6084477915797155, 51.21303932300029, 44.45786553969346, 59.29126910978453, 63.990801118918355, 9.181882835239803, 60.083761674219744, 49.24267879050541, 43.756036716667445, 31.91930871076342, 36.807203342945805, 23.02151040254943, 39.82961022235967, 51.10248083759408, 27.741067603579687, 51.68812876481043, 0.0, 40.30364534292416, 30.313177036112965, 63.673387661839136, 38.43504830551431, 42.94524677219306, 20.078467385331642, 27.86563954588404, 45.10162856127024, 23.130900949939445, 22.53059386149784, 64.68099513002237, 65.4773501223041, 27.733213169925204, 38.991209646645686, 60.13496630303311, 35.35257643339484, 57.226612443902354, 3.4057229862649674, 17.682074662523426, 58.44030896679336, 29.81547384163108, 67.90491869098551, 32.08610891335693, 73.53633395787989, 49.51224316811674, 19.48435662181402, 64.47855358239703, 20.665550295336086, 12.177113200255304, 27.82739224549079, 20.10874139137898, 29.3107420121654, 19.87107136914129, 24.363936553798972, 23.68010671950668, 45.10652860767542, 63.52846146560105, 26.185676534594403, 20.17425934449986, 86.23103110661314, 71.26132997956499, 64.71961317327839, 21.05303223991269, 16.419194932469093, 41.38725172645134, 24.292711567735502, 57.60454202415451, 59.78047671708496], [78.32202971137852, 77.70208676000055, 46.167410489657875, 78.25632894147151, 9.290870749460112, 93.48781140797517, 67.11451088932343, 46.389910796830954, 85.42476080355108, 42.4876212397233, 83.82046391063156, 28.509736287937873, 60.44918074154775, 23.180401295685527, 45.540833266398636, 18.520848418623565, 58.06969484015623, 86.52087582180677, 40.30364534292416, 0.0, 45.413887418604446, 81.66302086500694, 51.04829257641603, 41.300561896467826, 39.67613489436632, 51.32816746312262, 60.06927134762572, 63.17755256987722, 41.32652436346597, 69.84700279365511, 93.21609113991921, 18.66483938526339, 72.2072191371196, 91.95238587311161, 75.5364920212233, 77.93869230836192, 43.30969308038168, 26.224374771827748, 91.0961901345195, 45.66870758401508, 79.54886678341197, 42.40613449264869, 85.26291361978012, 89.80950778348112, 49.19206063515946, 54.63455094233163, 37.35278645428858, 49.929779580469905, 23.69473571877132, 50.30920507015988, 68.8519001699815, 28.6404222905414, 62.93516853921291, 19.707442192017787, 22.13342842761722, 57.33066313151364, 66.36223387270525, 59.86605887203158, 101.99835924948972, 38.8673029430836, 104.9104464490299, 50.88007511576241, 40.53280437639192, 59.422200214167006, 64.384738693638, 93.26254172245068, 88.85347899270317], [42.66025252205319, 32.31752025726201, 28.937576735267502, 33.28883274865826, 43.11488467243735, 51.470693701692866, 33.722911852834045, 25.135237410829518, 40.03802087060324, 24.438011616518956, 61.16328350184333, 18.260156850330883, 67.11217711820719, 23.19935413648686, 67.46219224276571, 44.28311917929922, 57.585233164747365, 45.674390866925215, 30.313177036112965, 45.413887418604446, 0.0, 37.497241188370644, 67.66054766755612, 17.47506428778805, 10.451249024757805, 9.088779007992137, 16.278495175705697, 38.33191685807616, 7.844455220167927, 34.37796767439291, 48.03953111296453, 26.82642190646889, 31.63747648406144, 48.32756740123692, 48.49034061417651, 32.83824624689636, 32.6281072721689, 23.253341455008023, 48.04316878562781, 59.06361045065811, 38.83192877324727, 60.1797590422551, 44.65572406940197, 63.49350393722303, 49.76858087484772, 37.841926846057355, 10.944351930704169, 26.116744665182406, 48.68456720829153, 16.15994605183388, 51.25505041773376, 43.812147779023746, 49.37579441746153, 27.176367074624263, 34.20689743513978, 35.459355110833094, 41.44896887433692, 34.625537395276375, 59.36784469752421, 58.44942094045898, 74.22947874067084, 15.758219280395261, 13.894918344209254, 14.301122474874207, 39.42790316515954, 52.71662251510327, 44.12448497195274], [48.673329710154285, 11.417609119668455, 59.577056538627, 20.13435870645911, 77.56686220437308, 39.996826505169544, 27.35651718876666, 55.54071078049792, 15.588538800202524, 45.690956692648996, 75.68933993124364, 53.179342812796904, 98.39712427607911, 60.54658515885398, 103.15827296122255, 75.92363446949507, 87.42368828836959, 39.98470495904524, 63.673387661839136, 81.66302086500694, 37.497241188370644, 0.0, 102.09503258206566, 42.634700556651666, 46.766933894991496, 36.007303745061655, 21.64831715823456, 59.10472989432537, 44.201163634480956, 23.84253945913424, 23.193580837480578, 63.61935061084761, 35.73044399664606, 32.66067867550031, 62.80101797667934, 7.498733548695868, 64.8085334323241, 60.69770247099915, 34.689235000486164, 93.48651061497063, 12.383620527816122, 95.54137284369378, 14.426300684970695, 73.74261712455723, 81.57802644951845, 47.68049486646531, 48.04084052082933, 54.30843410919241, 85.92633493908428, 43.77872612759133, 72.85684441595123, 80.38055840253635, 74.29635898590355, 64.52776281154209, 65.51235105060232, 42.18414505113961, 60.7354116040066, 56.90472019353259, 22.55766031301885, 83.09731700404076, 76.74917963430144, 42.83856971614869, 48.84680500852562, 23.353087110218357, 59.58930975863457, 44.65884866746665, 24.811786481146413], [71.11188830404747, 93.12717183018269, 42.88327736811798, 88.58650827626303, 59.80454730009801, 92.20115259254092, 100.52722933414344, 46.766487702708964, 97.60612339452946, 81.49714734044527, 58.51733339441595, 62.601414870508485, 14.67370067289174, 51.161515831356546, 7.983380805937744, 69.01150086711115, 22.43097250166104, 84.60959466336855, 38.43504830551431, 51.04829257641603, 67.66054766755612, 102.09503258206566, 0.0, 76.5309618106149, 57.21703987322917, 66.27494357917067, 83.22091496542782, 51.16926433748542, 59.854053848549725, 101.72727945099167, 102.04461140298024, 52.76443376120985, 74.433139249984, 94.86417553628887, 58.83020554191552, 95.55372641322364, 37.41040074404522, 47.38261270772105, 92.6921754126348, 8.641630987188305, 106.08640910057754, 8.866691909442416, 111.78799398993962, 66.68940265447911, 22.240425127247423, 96.60098521647436, 56.969170057009585, 48.612024265452916, 27.56770335689029, 58.386604957870716, 44.98152105716559, 26.25542811551556, 38.531246241123085, 48.68670800070406, 68.601048509394, 97.06934335459222, 52.28046245884952, 50.759925185285006, 124.65087932256692, 89.87052620553007, 83.22070534028373, 59.3321580242847, 54.1460708760114, 79.71744254679601, 51.65953705367646, 89.10354536101971, 96.02941168646156], [59.91196073922756, 41.98839000588852, 43.57135575672784, 45.9770996643892, 35.659023671800476, 66.56454592673991, 26.13185486859674, 40.31997891465952, 50.55279011125113, 7.000683444158369, 78.34371566989468, 14.551067940495352, 78.83337250226037, 25.728625200884778, 74.61354393838782, 33.29033380371832, 70.63020551983703, 61.55476278337122, 42.94524677219306, 41.300561896467826, 17.47506428778805, 42.634700556651666, 76.5309618106149, 0.0, 24.01435320804075, 26.43891173329477, 22.752957694243353, 55.27589732026168, 22.414389475365258, 28.619471644956242, 59.35739477314904, 25.997043117722693, 48.14589304215681, 62.27350361163913, 65.85264873590624, 40.821383938992064, 45.9198413299949, 29.15261116578919, 62.5196267858698, 68.33646920194235, 38.5606992369841, 68.1740833842192, 44.15478443007598, 80.9232871429794, 61.95508031376252, 21.60701117981823, 22.610405620610056, 42.09511909482223, 52.930355009583074, 33.2863042577646, 67.59177755098784, 50.62119655235802, 64.91339194253032, 28.96843551705027, 22.90767419781715, 20.764429545020402, 58.496953448414104, 51.47955408820098, 61.28056214634737, 43.02823019369972, 91.62793830415168, 33.00518816426156, 28.03583434110785, 24.662057888279417, 56.4220564113429, 68.52667115268635, 56.740130738982096], [41.12703470894172, 40.09230318023215, 19.642166432593793, 39.108008966743576, 39.42565285648892, 54.015529059106434, 43.94346584346039, 16.305914084528478, 46.96266644514498, 30.80661074696504, 55.30022581146373, 17.373207161413823, 56.86645062506392, 16.49580758901634, 57.15634527950876, 42.74683316987531, 47.65362832982334, 47.30820522369731, 20.078467385331642, 39.67613489436632, 10.451249024757805, 46.766933894991496, 57.21703987322917, 24.01435320804075, 0.0, 11.994731386781535, 26.30237018623993, 32.06180273201756, 2.6576508720791403, 44.76162562592969, 54.145102342803206, 21.335239999456114, 32.87553843981666, 52.27686941737322, 43.52815091808076, 41.336981335761905, 22.630888168125775, 14.607090800206189, 51.44314435355956, 48.6152987179479, 49.08984587546345, 49.80490030345455, 54.876332558802126, 58.79708593808518, 39.56156813091221, 45.55573206743591, 2.5325135516391586, 18.249781388566376, 39.19834204287121, 11.856077665704404, 43.71742868930755, 33.74379273117797, 40.9005298109295, 20.12526904763443, 33.81046043514494, 44.01998708844287, 35.40609631887694, 28.203200043298544, 69.02846070923168, 59.84579651344754, 71.26690069595155, 12.113411851751229, 4.030168183659685, 23.458771937617588, 33.27012711926042, 54.21549346179621, 49.43046292941373], [33.57270527888048, 28.382030449488582, 24.620096998577967, 27.12820277732101, 50.243036806436926, 43.260325107995484, 38.87868930223673, 20.52739557279693, 35.0001029322468, 33.33688998051133, 52.964200633862305, 26.14633242938115, 63.79182633161283, 28.227468570436958, 67.15166277138924, 52.36266066839756, 53.46438893828755, 37.08874683817493, 27.86563954588404, 51.32816746312262, 9.088779007992137, 36.007303745061655, 66.27494357917067, 26.43891173329477, 11.994731386781535, 0.0, 17.736203505543436, 30.68004806351076, 10.016006018844987, 38.719713203827105, 42.1647087574284, 32.741600305701056, 22.829259970639086, 40.825066177623, 40.02606556047094, 29.991674746567032, 29.37363808048283, 26.594248262289593, 40.22786580266583, 57.64094563395067, 40.21894178223276, 59.54760480867132, 45.76276701850634, 54.83343657351034, 46.55827887550607, 46.074186224571164, 14.068518621258306, 20.35795690259341, 50.67401369852289, 9.21858642147251, 44.19828282672394, 44.58648054244408, 43.21094496244364, 31.990914205080028, 42.58472685232821, 43.16074638731817, 33.5908328154655, 27.186996942904436, 58.532794990409286, 67.3661610510215, 65.19287837252203, 8.466481755683052, 13.060363358800359, 13.612068720368546, 31.681101393161107, 44.12064205011405, 37.552293485591676], [44.15951240080177, 19.236222228819575, 42.319989894814775, 23.913055963008045, 56.32843527210574, 45.69481485323895, 22.381505602693665, 38.238323373925546, 27.804104080534195, 27.582081999011695, 67.79758797715462, 31.645800277570487, 81.43788597333646, 38.99337307943791, 83.44252751799387, 55.48337812915316, 71.19598081896822, 41.904393861030925, 45.10162856127024, 60.06927134762572, 16.278495175705697, 21.64831715823456, 83.22091496542782, 22.752957694243353, 26.30237018623993, 17.736203505543436, 0.0, 47.004838543402315, 23.64911661921065, 21.51698117409191, 36.641714651275606, 41.971506663306265, 30.648475392526862, 40.503463604467534, 54.487617017800915, 18.329792838013812, 46.894645562255995, 39.49471736048122, 41.154109362412534, 74.58400940564373, 22.86659608307045, 76.0361404620768, 28.60385322497478, 68.22255355527254, 64.14744279411178, 35.30810444256219, 27.163888047803674, 38.04569482333167, 64.9609619407308, 26.867343676667915, 60.906677514612646, 59.99101432860903, 60.56058916260704, 42.96686794975344, 45.004876550292636, 30.919526255692446, 49.53873245055223, 43.8613913661915, 43.125431453263204, 65.43813291085735, 75.81214241482219, 26.044876714074473, 29.08318624497944, 4.842050850574274, 47.84959588132098, 48.52385975625055, 34.36827771291341], [20.00473958315636, 48.207598932709864, 17.010682749644335, 41.31498550093475, 66.47301228866642, 41.0465103885635, 69.1358452568238, 17.495217108004503, 50.140086248446224, 62.2556775891515, 23.238442404778397, 48.91859348800524, 42.63361915099969, 43.35543719594004, 55.52489954864542, 72.09638840507641, 31.10779901763767, 33.493741937263145, 23.130900949939445, 63.17755256987722, 38.33191685807616, 59.10472989432537, 51.16926433748542, 55.27589732026168, 32.06180273201756, 30.68004806351076, 47.004838543402315, 0.0, 33.06537162860084, 68.52080532024335, 52.696765753772766, 48.59073038553743, 25.218868172259537, 44.17257630039297, 12.405001995967822, 51.68228741535635, 20.63301164403315, 38.4570963779159, 41.8271629909746, 43.791047495670234, 67.15418666874444, 48.037450556637474, 71.94631901355561, 27.327721552794053, 29.014970424229414, 76.17129053429845, 34.18622476320326, 14.351044320753813, 49.82794936040424, 22.173206191841274, 13.998006382239199, 41.465405486949585, 15.57177269541951, 45.16844222510428, 64.54783183581742, 73.65385848592862, 3.398540013993673, 3.8605860229308657, 80.53080550745725, 90.98665041489184, 41.73991743501816, 22.626878060623724, 28.41624545823894, 42.227653919263815, 1.2542315238221817, 38.00256332799128, 46.4939300786096], [40.82240705707179, 37.74272042334618, 21.655658154796736, 37.106069702980534, 40.55514015441013, 52.76795327878491, 41.46027986023904, 18.1015210167759, 44.779293691974985, 29.322679012199465, 56.266548648043255, 17.45408266470796, 59.337527609714016, 18.211507583621643, 59.81380856060491, 43.344946605277556, 49.979174985087305, 46.24696025000595, 22.53059386149784, 41.32652436346597, 7.844455220167927, 44.201163634480956, 59.854053848549725, 22.414389475365258, 2.6576508720791403, 10.016006018844987, 23.64911661921065, 33.06537162860084, 0.0, 42.205520096280104, 52.13473035151493, 22.783548831891302, 31.814163412219767, 50.70952952990458, 44.19027599536047, 38.87506569942656, 24.96440139823474, 16.86009076746245, 49.99378190744218, 51.24712083291955, 46.432198841092074, 52.46088254471578, 52.219248020188616, 59.430318385155985, 42.00951752555719, 43.80387015222295, 4.095882691662049, 19.685124422758904, 41.73207790302008, 11.826243370076785, 45.17775826751478, 36.37700661341531, 42.670870334129674, 21.990194449083017, 34.054157384117204, 42.03756210175239, 36.35721988697243, 29.229152633625787, 66.42162068348526, 59.76728137697958, 71.44463963305404, 11.87566430560829, 6.17199020156537, 20.868422717637998, 34.245352049495594, 53.21313418125719, 47.56828624885246], [64.36808157279506, 30.977037416380675, 62.80871026581963, 39.206875440352235, 63.63204155508532, 61.36110852443542, 3.8281050506919345, 58.81223361204419, 38.26608164586119, 28.2173424454