instance_id,num_cities,city_coordinates,distance_matrix,best_route,total_distance
1254,57,"[[60.26809109220462, 28.323107214048328], [99.10545766732845, 61.29141682114088], [28.346211623682006, 93.28015585394493], [20.31408111671904, 39.53616445531715], [95.03746858637653, 21.319394110728695], [24.597320885083263, 61.59911368113002], [91.82975699911765, 73.79447521013215], [68.41874557832726, 70.0446585429292], [15.042041318817523, 57.62203075005989], [92.68445540822331, 4.040572393937413], [72.70768357020009, 39.582786097563094], [14.68611202596084, 8.623326586069457], [10.526330073433321, 3.9059335560874486], [96.26462208679573, 45.13579810889051], [40.339255331961134, 65.96343659359385], [68.57845420050897, 11.319270789411629], [94.9848898903628, 16.026965126821548], [76.43753248500721, 12.315666773324562], [37.560906060197155, 64.67269828190477], [12.411583596844334, 5.066883317380211], [41.642337200793776, 55.46690017561503], [50.03682623609313, 40.86608049774768], [10.610485381549516, 80.51544455200529], [37.14558896797158, 64.22217430847101], [76.17881022885085, 21.517307840648627], [11.650795090576993, 59.97759097128606], [66.66976771674689, 54.26611499267455], [83.16261471041733, 83.36708818121508], [48.19579306323918, 36.321921226769845], [55.57383015084514, 31.761297096720053], [87.10912958009011, 6.695351462908128], [19.065997379435238, 58.18633213566401], [83.71143231331968, 12.442183481285351], [45.673313699511354, 62.48461378408317], [53.872737828343766, 53.20106490609812], [22.761077833474673, 80.75944724490864], [41.96669529319015, 39.518569582134944], [70.72331469846083, 35.30620905361745], [78.9630001536424, 37.27369854875748], [72.20479102961451, 18.43053895928122], [7.272836366681245, 14.073359219191783], [48.1633257354993, 87.40639196839994], [57.818615716611234, 5.470237702366698], [65.6763945295198, 35.59620352318855], [2.065457397727455, 77.41881261995047], [25.813983367416206, 63.348005414714116], [35.562641142717176, 68.21702723628961], [61.56210391670014, 86.50636185156709], [65.42142612295375, 32.3780574733126], [76.38903430274799, 66.79424688003681], [97.88528644904456, 65.37243939521699], [65.02397415335183, 79.53854391170742], [79.41842629846383, 37.61711417395025], [82.4080453768833, 58.594675306124685], [48.693590687564694, 91.52404981655656], [85.69793364639881, 31.538437793646956], [59.34864243898086, 5.8192282256499865]]","[[0.0, 50.94360098029641, 72.37696150577737, 41.4976573533636, 35.46775449004122, 48.78213252376857, 55.35145944105604, 42.510245986592366, 53.88712739118629, 40.50261933207221, 16.778671865748784, 49.65680388814788, 55.41156159766277, 39.72929421434601, 42.59052583098074, 18.92597654409589, 36.83003161851842, 22.752779707512584, 42.85917664722705, 53.20805634098499, 32.91966288350785, 16.186567250393082, 72.0410846789107, 42.70120750909771, 17.305198310224828, 58.014203540573625, 26.72117355594757, 59.61542629570567, 14.481761125991307, 5.818697058180587, 34.470293963630894, 50.88639041074576, 28.31596698358484, 37.1485673785249, 25.686831690517906, 64.46972777530978, 21.45412468098916, 12.572804458775721, 20.727100859898346, 15.503151681867376, 54.87761238738458, 60.310528779846486, 22.983767631386854, 9.063535512817516, 76.14417153188167, 49.13073409871184, 46.924238000713586, 58.19764247290699, 6.557399144802266, 41.71226914467201, 52.79873484833931, 51.43577917970362, 21.286472321237174, 37.50393859957747, 64.25206771351836, 25.6323085785734, 22.522654269654616], [50.94360098029641, 0.0, 77.65404255783557, 81.7396600448069, 40.178490946331614, 74.50877212865211, 14.465900915322491, 31.910711986311235, 84.14346298032746, 57.60979480643276, 34.17758220201784, 99.50152585526675, 105.5431453712617, 16.40348629929732, 58.95162682806576, 58.55863147034502, 45.451618958975885, 53.967202306748256, 61.63736607642927, 103.32969548520146, 57.75755541836483, 53.15002308991164, 90.55894965191362, 62.029143704319225, 45.90872365858504, 87.46453078120982, 33.18778161238425, 27.23067218316013, 56.703347875925054, 52.60257184941127, 55.8984994447712, 80.09966762778242, 51.21741514847775, 53.4454649899307, 45.95054665769837, 78.78748974803352, 61.14650474509014, 38.48086618342422, 31.345962829401603, 50.6033666532442, 103.26071517595192, 57.2458970818158, 69.43059380758437, 42.16332824503852, 98.37100460794137, 73.32032297867974, 63.919117730948294, 45.22495841603652, 44.39139927800293, 23.373425703904548, 4.259526153464396, 38.65883036995232, 30.790449979651754, 16.91378112652286, 58.78238197130916, 32.63436013440892, 68.24784293056214], [72.37696150577737, 77.65404255783557, 0.0, 54.34088453399211, 98.1125628343694, 31.90207853613348, 66.4067186630062, 46.32166137819774, 38.05920169190566, 110.01414849643075, 69.6516167221932, 85.75183416528115, 91.13341752514134, 83.25136432827858, 29.833475301036067, 91.30290260075134, 102.02337437397127, 94.17018442305839, 30.05490346506575, 89.64091600359694, 40.08278009765633, 56.72493329841179, 21.851632432331748, 30.36108254236498, 86.24305099138519, 37.253157731628335, 54.68811878226536, 55.70553794778009, 60.31787774093134, 67.27490760641817, 104.64229010388514, 36.300121757218626, 97.98002571613847, 35.33544789192342, 47.51775532664669, 13.709918436187401, 55.460127423696086, 71.81084439426701, 75.490281102699, 86.752752906086, 81.96220944960864, 20.66927947229706, 92.62399434705772, 68.70939464352948, 30.69625794574332, 30.039071388086825, 26.081358689844656, 33.899554362971074, 71.299629152831, 54.85996887664377, 74.93012455286676, 39.16746306507349, 75.54300312309424, 64.23211369394589, 20.423019933004117, 84.26897274803048, 92.79312786009122], [41.4976573533636, 81.7396600448069, 54.34088453399211, 0.0, 76.91186746353286, 22.47487200083893, 79.29769071473496, 56.96338257563162, 18.838603007175696, 80.6065017903662, 52.39362319625301, 31.42097358798616, 36.95014782673763, 76.1566843468223, 33.15732671705204, 55.90744849592302, 78.28417551444872, 62.37625579933418, 30.48439442478992, 35.36355198813831, 26.621097801891, 29.75248315874139, 42.11248232334947, 29.878064512561476, 58.69878322820543, 22.201451366487397, 48.63970726672805, 76.6230255833304, 28.066371703534926, 36.10676480098065, 74.43183120968119, 18.691882396386056, 68.94423793012957, 34.20119886470498, 36.23414059445082, 41.295845273858276, 21.652621325250202, 50.58639493973624, 58.69254174235374, 56.01868619347646, 28.60818965127367, 55.38175789906791, 50.666334790390124, 45.53309532974739, 42.04886799430799, 24.438753950290486, 32.482464080291685, 62.51078969546334, 45.67177540973538, 62.349045159393974, 81.76065679457268, 59.99304040903561, 59.135491655563776, 64.95296169839297, 59.22952631766601, 65.87117581596446, 51.58031374794904], [35.46775449004122, 40.178490946331614, 98.1125628343694, 76.91186746353286, 0.0, 81.14351617258266, 52.573030633738476, 55.52213800428722, 87.8473096382959, 17.43830126294476, 28.847370516797973, 81.3482060754247, 86.28650613648648, 23.847997926812415, 70.60442664902374, 28.285719165562966, 5.292690154257563, 20.664576669783013, 71.99350125104571, 84.20915019991183, 63.38053507296301, 49.06251889834636, 103.11201618101698, 72.05635485123905, 18.85969683983187, 91.9118789994236, 43.47657840149836, 63.17379594452161, 49.185550578217935, 40.821711092740905, 16.63493861617402, 84.44427486029785, 14.39041230188008, 64.2759293861236, 52.06703363055784, 93.57882547275474, 56.10451822960268, 28.050117139360804, 22.647921880302203, 23.014705049100865, 88.06324823845499, 81.02269159836824, 40.45292038651794, 32.64812332695293, 108.58609313137251, 80.98330120463791, 75.74063039236447, 73.27987993312301, 31.61335171351208, 49.15003901952736, 44.14499819250316, 65.50022329450493, 22.573660785321014, 39.35668836170453, 84.12163040189965, 13.843979438313838, 38.90947769173972], [48.78213252376857, 74.50877212865211, 31.90207853613348, 22.47487200083893, 81.14351617258266, 0.0, 68.32954930811984, 44.627844336897084, 10.34990609764673, 89.1562872863245, 52.90865409326164, 53.89495411808357, 59.38430613690914, 73.53395692581843, 16.33572204140536, 66.80121772037643, 83.85243344309661, 71.52807615083303, 13.322967495665234, 57.83066023449891, 18.114541773946645, 32.818091009187185, 23.52571233819161, 12.819496048392075, 65.32381803259251, 13.047676653195998, 42.706716710232506, 62.47990360655229, 34.58069327700013, 43.00975964611662, 83.19945511862552, 6.499432098361189, 76.88226035063194, 21.094586593392975, 30.456153079953467, 19.24812122831323, 28.093515177646687, 53.09354140593013, 59.55965835776847, 64.26505315549251, 50.5849295838671, 34.948135818759, 65.22350150768281, 48.61729762303758, 27.530850817360417, 2.1304670595236486, 12.807616022353328, 44.57315555351956, 50.20435931642938, 52.05161849253005, 73.38503855316127, 44.22824269028291, 59.83719494685019, 57.88874256896597, 38.42046357220765, 68.09500065805523, 65.71947938905832], [55.35145944105604, 14.465900915322491, 66.4067186630062, 79.29769071473496, 52.573030633738476, 68.32954930811984, 0.0, 23.709419663543244, 78.4722959980956, 69.75913895298356, 39.19302698383975, 100.98722975071715, 107.21313111923014, 28.999789680946613, 52.082597167856, 66.66164001315452, 57.853609090417244, 63.3763714826154, 55.030128080526154, 105.02727338139466, 53.42917847636295, 53.206468028779646, 81.49688037577086, 55.51564804458794, 54.56972020253281, 81.36075357812811, 31.849362842477586, 12.913337080194362, 57.51621606811026, 55.50928115136344, 67.26497402716035, 74.4189414344493, 61.88708181911278, 47.521892045100664, 43.18360629082281, 69.41896914483635, 60.50754192089201, 43.89565511899407, 38.721060931624706, 58.7392945692442, 103.52045460701717, 45.73884013761518, 76.3214200755997, 46.293696421173, 89.83743821252, 66.8371984704523, 56.542870927275295, 32.8286899693282, 49.119442157008386, 16.953439593771364, 10.373047969938526, 27.414308658486533, 38.24712513775702, 17.88302454883992, 46.63760992785463, 42.698617726717394, 75.33695644018334], [42.510245986592366, 31.910711986311235, 46.32166137819774, 56.96338257563162, 55.52213800428722, 44.627844336897084, 23.709419663543244, 0.0, 54.803232011326976, 70.32328250239918, 30.76232536684906, 81.60745019805272, 87.89688683836515, 37.36099793430702, 28.374533389916863, 58.72560492361905, 60.19693701181562, 58.28325174687683, 31.32194465183632, 85.78410963856903, 30.487490625111207, 34.48600260168102, 58.74889196083805, 31.81055873505443, 49.143894529864404, 57.65367336147537, 15.87518063291189, 19.87130615866195, 39.32163298392113, 40.38078275566561, 66.04896033740546, 50.75740005126821, 59.59791439976666, 23.968916289845275, 22.25517890436463, 46.89807374325111, 40.392487810603434, 34.81480879957459, 34.42553011194828, 51.75279200733354, 82.89516609131238, 26.677927590919367, 65.43866273067717, 34.55743830960261, 66.76179297120004, 43.12784397773563, 32.906896463761605, 17.832588446369208, 37.78566871255824, 8.607594224224039, 29.834655396868612, 10.082575683987248, 34.24235111301563, 18.077683064402482, 29.16240705000452, 42.205442500751495, 64.86272173134633], [53.88712739118629, 84.14346298032746, 38.05920169190566, 18.838603007175696, 87.8473096382959, 10.34990609764673, 78.4722959980956, 54.803232011326976, 0.0, 94.3361921279402, 60.42135916956083, 48.99999689195671, 53.90557249305478, 82.17672196054151, 26.636968451258337, 70.78201102124994, 90.11663843006197, 76.30250947596741, 23.596846863196834, 52.62093527767998, 26.68745639437355, 38.799443813853074, 23.31838509700531, 23.067915243256365, 71.00179947807086, 4.1290695000664135, 51.73668237904437, 72.823214027766, 39.406419787071414, 48.07913737800484, 88.24506713507824, 4.063330952750067, 82.19917188625205, 31.014828089528848, 39.08155486170439, 24.39105505653065, 32.44491174126178, 59.986666044763524, 67.08161895585062, 69.30766900773602, 44.23626722149758, 44.543547844724785, 67.45105510886691, 55.217522491453224, 23.670747826486632, 12.199242655125378, 23.094349258549165, 54.75783786173823, 56.35016060350106, 62.02888921224869, 83.20500043791726, 54.57588440914694, 67.41302270529587, 67.37302531565416, 47.7679146677174, 75.31672418608363, 68.16601244171665], [40.50261933207221, 57.60979480643276, 110.01414849643075, 80.6065017903662, 17.43830126294476, 89.1562872863245, 69.75913895298356, 70.32328250239918, 94.3361921279402, 0.0, 40.77156322760552, 78.13285612572237, 82.15823565622449, 41.25088083919304, 81.08305052051885, 25.180920248446128, 12.205146846865626, 18.23292876804738, 81.94425167404115, 80.27943237814814, 72.45664234705991, 56.34659103359604, 112.1808478642062, 81.89255701507625, 24.03898094058219, 98.46524336941607, 56.562965843585445, 79.89594205730106, 54.96659494377491, 46.32102206386446, 6.175120241330868, 91.38621701627225, 12.292363984389734, 75.00502262361947, 62.63468244941088, 103.80300809639309, 61.894906701374076, 38.20774446377482, 35.95440179346128, 25.02973812911695, 85.99884579910658, 94.50921045409991, 34.89513892070526, 41.53544520518732, 116.6026112018626, 89.38138308660412, 85.91576701115721, 88.1431063284703, 39.32284102698173, 64.83490117608027, 61.55198253003567, 80.40550930470566, 36.10223935223317, 55.51355463024995, 97.92116727666803, 28.37153657927238, 33.38322996487905], [16.778671865748784, 34.17758220201784, 69.6516167221932, 52.39362319625301, 28.847370516797973, 52.90865409326164, 39.19302698383975, 30.76232536684906, 60.42135916956083, 40.77156322760552, 0.0, 65.76466298634159, 71.68931949709152, 24.202588594458522, 41.757081641414466, 28.563557774927688, 32.421453129628915, 27.52103866443907, 43.18332621227347, 69.47637884006296, 34.8906982603638, 22.70714902362198, 74.37435412175736, 43.263865105948156, 18.39592957508387, 64.37306654689029, 15.876289720693451, 45.01522735807491, 24.727838885167742, 18.8346654652067, 35.90243729922079, 56.776072623775526, 29.286426835249262, 35.43093091760729, 23.24247617629554, 64.73160625122173, 30.74105534961538, 4.714534020656826, 6.667898534556256, 21.15822440344015, 70.23140386045854, 53.75428150396002, 37.22029418964054, 8.08281301255309, 80.13668960972608, 52.57190093482317, 46.90068168513379, 48.22909813954916, 10.246836689273776, 27.459350704853456, 36.041890959520806, 40.687860264520154, 6.992705776466251, 21.343592726136315, 57.22387206142089, 15.279336918757283, 36.31035417226927], [49.65680388814788, 99.50152585526675, 85.75183416528115, 31.42097358798616, 81.3482060754247, 53.89495411808357, 100.98722975071715, 81.60745019805272, 48.99999689195671, 78.13285612572237, 65.76466298634159, 0.0, 6.289481925556069, 89.3768084038055, 62.81697204699688, 53.959731839642366, 80.63936749602318, 61.86171113676334, 60.537494741743636, 4.22158362445472, 54.045892187246466, 47.84629740090126, 72.00755070249696, 59.96382219778446, 62.829982371994596, 51.44388806695073, 69.17777527868554, 101.36893664869108, 43.47540532634478, 46.980540363130444, 72.44867534828533, 49.756154542113876, 69.13087956014019, 62.138916358303256, 59.35289711130312, 72.58667216851262, 41.215849659884064, 62.06564508756692, 70.37302154219947, 58.348777612377006, 9.20106035751128, 85.6007898841516, 43.24759928750381, 57.68487670141735, 69.94354739275859, 55.8446057689576, 63.14458508178532, 90.90173704559999, 56.021061539798325, 84.80039260134554, 100.71029951950327, 86.96475384831885, 70.92892378829136, 84.16291314877444, 89.60490230482519, 74.61756583746582, 44.75047028254391], [55.41156159766277, 105.5431453712617, 91.13341752514134, 36.95014782673763, 86.28650613648648, 59.38430613690914, 107.21313111923014, 87.89688683836515, 53.90557249305478, 82.15823565622449, 71.68931949709152, 6.289481925556069, 0.0, 95.13651480063315, 68.84725263741961, 58.52355666396557, 85.32389895386044, 66.44554323748558, 66.50915721934044, 2.2140427267284974, 60.22241425158895, 54.102973753470074, 76.60955721807522, 65.92900607922093, 67.97358792022379, 56.08293133264503, 75.42037831206238, 107.6573496804719, 49.6969284624934, 52.96412503955127, 76.63358292899845, 54.948044438859654, 73.68125102526463, 68.3137777850528, 65.64237229160571, 77.82127998863591, 47.50533033118948, 67.89443467079302, 76.1379376675875, 63.36557983670356, 10.67528762678683, 91.59077463114231, 47.31815009928007, 63.606625599054084, 73.99817399566463, 61.37647961624357, 69.01256148196272, 97.09521598090069, 61.8395780276992, 91.06500843424664, 106.81628433486952, 93.22169790057735, 76.69787885547444, 90.32075879424673, 95.57025729702785, 80.08948291860688, 48.859787977555456], [39.72929421434601, 16.40348629929732, 83.25136432827858, 76.1566843468223, 23.847997926812415, 73.53395692581843, 28.999789680946613, 37.36099793430702, 82.17672196054151, 41.25088083919304, 24.202588594458522, 89.3768084038055, 95.13651480063315, 0.0, 59.67777787009377, 43.704478170740316, 29.13695028778017, 38.34415865501743, 61.86935221660116, 92.93465444368199, 55.590697747740464, 46.42455813137202, 92.67335386809312, 62.12366564632627, 31.004401631765056, 85.90563738379625, 30.971246206484984, 40.41403392244948, 48.870203083157875, 42.83243894175733, 39.51570550278662, 78.29395950577454, 35.020779701589476, 53.48328607770021, 43.15229286483079, 81.68118140407894, 54.58771025061911, 27.367484431364073, 19.004176672805805, 35.94504606684894, 94.25716437189823, 64.03544187331606, 55.23995011022237, 32.04127853184465, 99.57748567843795, 72.76659254712173, 64.94207902867579, 53.9980398878763, 33.37757755422994, 29.39604383133479, 20.301433533780727, 46.47071122841385, 18.447897458852598, 19.31698976362305, 66.444510118447, 17.220427176437237, 53.93127312368601], [42.59052583098074, 58.95162682806576, 29.833475301036067, 33.15732671705204, 70.60442664902374, 16.33572204140536, 52.082597167856, 28.374533389916863, 26.636968451258337, 81.08305052051885, 41.757081641414466, 62.81697204699688, 68.84725263741961, 59.67777787009377, 0.0, 61.50965134978698, 74.02564797988698, 64.66195805964064, 3.063532285642411, 66.99511213116348, 10.577112041140346, 26.905764520681707, 33.099255254252576, 3.637512775244852, 57.09581470064646, 29.306280876897024, 28.81185893136174, 46.22474658707956, 30.66503902434594, 37.4416695150709, 75.49918577205987, 22.650272794477743, 68.88882544225936, 6.368232628320381, 18.60196977660398, 22.976384732200938, 26.494896717691745, 43.16314010848684, 48.11335296081206, 57.2257697441674, 61.53022178660544, 22.82578394897856, 62.967889845142835, 39.549203115471, 39.95133600038647, 14.758861944453953, 5.2815446507373744, 29.53677504747993, 41.91769294989345, 36.059351208454174, 57.54906580490098, 28.171242109453047, 48.277278280237965, 42.709269939387234, 26.891260059130424, 56.94286821726654, 63.076799208513876], [18.92597654409589, 58.55863147034502, 91.30290260075134, 55.90744849592302, 28.285719165562966, 66.80121772037643, 66.66164001315452, 58.72560492361905, 70.78201102124994, 25.180920248446128, 28.563557774927688, 53.959731839642366, 58.52355666396557, 43.704478170740316, 61.50965134978698, 0.0, 26.822793139732244, 7.921989424294228, 61.7144757559625, 56.51380099152084, 51.716221627685805, 34.88274546980827, 90.26846554793602, 61.53651125530081, 12.718701641911228, 74.88918810254542, 42.98923715434637, 73.5090860282008, 32.25810601894503, 24.22801449194268, 19.09886279236089, 68.17627754352738, 15.174582678821151, 56.05834268985149, 44.3885432566905, 83.19356996384417, 38.7735240150099, 24.082641753896013, 27.954804863705313, 7.982509240954727, 61.36744887207211, 78.77834397566947, 12.246849074472712, 24.44977327695108, 93.77168108706368, 67.34826792386417, 65.78296588445447, 75.51375923428765, 21.294114747519252, 56.02212182512304, 61.48687219863625, 68.31181123158737, 28.44435904994453, 49.256689538828155, 82.63301020610086, 26.49323103819923, 10.744295852052494], [36.83003161851842, 45.451618958975885, 102.02337437397127, 78.28417551444872, 5.292690154257563, 83.85243344309661, 57.853609090417244, 60.19693701181562, 90.11663843006197, 12.205146846865626, 32.421453129628915, 80.63936749602318, 85.32389895386044, 29.13695028778017, 74.02564797988698, 26.822793139732244, 0.0, 18.91502583108646, 75.25902785129959, 83.29750479764002, 66.33955384303165, 51.35474738209172, 106.19700614795691, 75.28720289168588, 19.591133079799324, 94.21374033663986, 47.581285461512714, 68.3700107021435, 51.00102768569255, 42.43584372120813, 12.210921915948939, 86.83945224765093, 11.829687450966913, 67.74913036480771, 55.42673309487206, 96.98749027166939, 57.989520072411075, 30.98892184605992, 26.610611263900644, 22.90655083755627, 87.73380710640285, 85.36557529906443, 38.63646502816619, 35.241211553100726, 111.36866647927961, 83.80868190787018, 79.08733292517333, 78.0027434448644, 33.78396973196587, 54.06591108680004, 49.430639597020075, 70.2237645783038, 26.61671137904058, 44.38678821254572, 88.55898700037166, 18.079085722761906, 37.06939472205696], [22.752779707512584, 53.967202306748256, 94.17018442305839, 62.37625579933418, 20.664576669783013, 71.52807615083303, 63.3763714826154, 58.28325174687683, 76.30250947596741, 18.23292876804738, 27.52103866443907, 61.86171113676334, 66.44554323748558, 38.34415865501743, 64.66195805964064, 7.921989424294228, 18.91502583108646, 0.0, 65.21235182513126, 64.43498267727568, 55.43225197487017, 38.8860310944326, 94.78612672444353, 65.10101650390824, 9.205277591561018, 80.429971779599, 43.0726053817555, 71.36897936092522, 37.06610444126288, 28.520634876571, 12.061132979462718, 73.45482272222571, 7.275000013038993, 58.85032201823675, 46.698883695146186, 86.98110639213796, 43.91169021946596, 23.690025733502655, 25.085480602309392, 7.436918856541749, 69.1870267598965, 80.23744623077337, 19.837438362701267, 25.647328934195066, 98.84141415375956, 71.88214877471744, 69.25112882729326, 75.6672823040683, 22.887859663564903, 54.4786016938499, 57.22785397997266, 68.18492886666537, 25.47643947834415, 46.662550883669496, 83.92671952830779, 21.337055920853967, 18.282064347575485], [42.85917664722705, 61.63736607642927, 30.05490346506575, 30.48439442478992, 71.99350125104571, 13.322967495665234, 55.030128080526154, 31.32194465183632, 23.596846863196834, 81.94425167404115, 43.18332621227347, 60.537494741743636, 66.50915721934044, 61.86935221660116, 3.063532285642411, 61.7144757559625, 75.25902785129959, 65.21235182513126, 0.0, 64.69421610894472, 10.069994981587609, 26.877567497008965, 31.262082210480834, 0.612748021402969, 57.911399970269954, 26.33206948031727, 30.91314934936001, 49.284846002873955, 30.27981805093018, 37.518339012643196, 76.2653210715558, 19.599351848793898, 69.69862085994151, 8.402313459756817, 19.94177093292464, 21.859057796236268, 25.537054830386005, 44.296004744065804, 49.64714072028216, 57.78006632562066, 58.971690490799645, 25.08449982763508, 62.57240717117516, 40.44654792837414, 37.71459010076281, 11.821379104933477, 4.068824205753056, 32.44636132789319, 42.651522869919305, 38.88604519971412, 60.32843862494716, 31.22840814672392, 49.84031131443207, 45.25713499752681, 29.06770968359689, 58.438451750011836, 62.756962913877956], [53.20805634098499, 103.32969548520146, 89.64091600359694, 35.36355198813831, 84.20915019991183, 57.83066023449891, 105.02727338139466, 85.78410963856903, 52.62093527767998, 80.27943237814814, 69.47637884006296, 4.22158362445472, 2.2140427267284974, 92.93465444368199, 66.99511213116348, 56.51380099152084, 83.29750479764002, 64.43498267727568, 64.69421610894472, 0.0, 58.26318439259184, 51.934972825844206, 75.47005596364765, 64.11801208661713, 65.85495926149702, 54.91597776789541, 73.24284908049749, 105.53023493460195, 47.51196735404887, 50.750086252251464, 74.71529484931527, 53.534634261832856, 71.6802865472786, 66.35614863273497, 63.52894417054208, 76.39683412862749, 45.39188599153562, 65.686184278351, 73.93490375367057, 61.268384565072346, 10.3693457491503, 89.76626176264794, 45.40882359944409, 61.39364361171636, 73.08791966619502, 59.802286850375275, 67.26003376799098, 95.12182878620891, 59.63173348493726, 88.90096518723921, 104.60647194664074, 91.18164218606258, 74.49452662884423, 88.11770070147513, 93.76153623740058, 77.92067954000267, 46.943088049372996], [32.91966288350785, 57.75755541836483, 40.08278009765633, 26.621097801891, 63.38053507296301, 18.114541773946645, 53.42917847636295, 30.487490625111207, 26.68745639437355, 72.45664234705991, 34.8906982603638, 54.045892187246466, 60.22241425158895, 55.590697747740464, 10.577112041140346, 51.716221627685805, 66.33955384303165, 55.43225197487017, 10.069994981587609, 58.26318439259184, 0.0, 16.841953017074932, 39.87988719527082, 9.842538788892153, 48.42873928699903, 30.328846493117045, 25.056220051844026, 50.02353381383587, 20.235562821249754, 27.496219979325264, 66.67753124627502, 22.739534514030737, 60.17420552208464, 8.093026369887372, 12.438517153542136, 31.5628720579799, 15.951628659514235, 35.3858265232905, 41.518965168650574, 48.018284394442446, 53.80230311517483, 32.59838074891352, 52.54843713266091, 31.184619560501968, 45.257219036415925, 17.6818722103841, 14.125453770478961, 36.881503320079396, 33.14422615327827, 36.546432696737014, 57.10857245083601, 33.55808365712477, 41.78094981950906, 40.88552238097401, 36.7401444739123, 50.13448803112752, 52.71057365689732], [16.186567250393082, 53.15002308991164, 56.72493329841179, 29.75248315874139, 49.06251889834636, 32.818091009187185, 53.206468028779646, 34.48600260168102, 38.799443813853074, 56.34659103359604, 22.70714902362198, 47.84629740090126, 54.102973753470074, 46.42455813137202, 26.905764520681707, 34.88274546980827, 51.35474738209172, 38.8860310944326, 26.877567497008965, 51.934972825844206, 16.841953017074932, 0.0, 55.91518955602056, 26.677539549184715, 32.52350427634921, 42.88049929378973, 21.359205667910093, 53.88555943994481, 4.902936530647985, 10.656241979779145, 50.41819510852959, 35.48497367716561, 44.06696059474535, 22.054505732600354, 12.91766457599094, 48.32646439939954, 8.18185792490285, 21.420620331328564, 29.148391818001528, 31.54000930898813, 50.463935073094966, 46.57800549520183, 36.2411635397434, 16.503566273134584, 60.31048378038462, 33.04819306123602, 30.944730110502885, 47.0729997734465, 17.57078394785309, 36.96902327538472, 53.75906222360997, 41.47498076187434, 29.56068680525322, 36.90797884659456, 50.67577465855072, 36.86081252691973, 36.26281532339432], [72.0410846789107, 90.55894965191362, 21.851632432331748, 42.11248232334947, 103.11201618101698, 23.52571233819161, 81.49688037577086, 58.74889196083805, 23.31838509700531, 112.1808478642062, 74.37435412175736, 72.00755070249696, 76.60955721807522, 92.67335386809312, 33.099255254252576, 90.26846554793602, 106.19700614795691, 94.78612672444353, 31.262082210480834, 75.47005596364765, 39.87988719527082, 55.91518955602056, 0.0, 31.138117758962064, 88.20422528820922, 20.564184253058972, 61.90048819073826, 72.60814927775513, 58.014850318047095, 66.32246427066956, 106.30827205771844, 23.87645167205537, 99.88852444161877, 39.42731017754462, 51.16344224356785, 12.15304218074325, 51.61352203946222, 75.2158708174864, 80.88210477651144, 87.45509699682867, 66.52586417566722, 38.17985037876334, 88.6588441208051, 71.06329970454124, 9.088819096391108, 22.931797084808885, 27.81835986540306, 51.30261710129117, 72.94825055970578, 67.19441021194943, 88.57878700089177, 54.42225735101468, 81.08513724752724, 75.06936622627568, 39.64230441863524, 89.64860332394865, 89.19042934546573], [42.70120750909771, 62.029143704319225, 30.36108254236498, 29.878064512561476, 72.05635485123905, 12.819496048392075, 55.51564804458794, 31.81055873505443, 23.067915243256365, 81.89255701507625, 43.263865105948156, 59.96382219778446, 65.92900607922093, 62.12366564632627, 3.637512775244852, 61.53651125530081, 75.28720289168588, 65.10101650390824, 0.612748021402969, 64.11801208661713, 9.842538788892153, 26.677539549184715, 31.138117758962064, 0.0, 57.85583792527162, 25.84571536168315, 31.157667561762278, 49.840690057178215, 30.008850903859088, 37.32704947421547, 76.19508341883743, 19.06050950901653, 69.63867615432484, 8.70294235720461, 20.0315341762962, 21.917927747684036, 25.169647448347707, 44.31248934388428, 49.74852986816128, 57.671669970205265, 58.37195390627778, 25.669017744773424, 62.28293578435165, 40.416000165661075, 37.48022003283393, 11.365274160412937, 4.297042440141645, 33.05678775527598, 42.58603930663533, 39.32764370079887, 60.75058814416573, 31.80873368066345, 49.94819316783867, 45.61094940022672, 29.643696631404236, 58.528256477903426, 62.48103467924805], [17.305198310224828, 45.90872365858504, 86.24305099138519, 58.69878322820543, 18.85969683983187, 65.32381803259251, 54.56972020253281, 49.143894529864404, 71.00179947807086, 24.03898094058219, 18.39592957508387, 62.829982371994596, 67.97358792022379, 31.004401631765056, 57.09581470064646, 12.718701641911228, 19.591133079799324, 9.205277591561018, 57.911399970269954, 65.85495926149702, 48.42873928699903, 32.52350427634921, 88.20422528820922, 57.85583792527162, 0.0, 75.12029097503613, 34.101411398614935, 62.24282170028178, 31.657950458035607, 23.010965209949777, 18.416358814481157, 67.87113329185539, 11.793993284945358, 51.077445852005084, 38.74817837936494, 79.76894894291762, 38.65894764031164, 14.828898413001507, 16.00048629523146, 5.031994706165461, 69.30689435382955, 71.59775679859747, 24.384527933716768, 17.564624651879033, 92.83193041438325, 65.4707800802405, 61.89133204952861, 66.6125006635372, 15.28650370049405, 45.277427079481, 48.933052976146215, 59.08378968113664, 16.422511264977523, 37.597001857853314, 75.20891712632252, 13.821604688797544, 23.014870224140157], [58.014203540573625, 87.46453078120982, 37.253157731628335, 22.201451366487397, 91.9118789994236, 13.047676653195998, 81.36075357812811, 57.65367336147537, 4.1290695000664135, 98.46524336941607, 64.37306654689029, 51.44388806695073, 56.08293133264503, 85.90563738379625, 29.306280876897024, 74.88918810254542, 94.21374033663986, 80.429971779599, 26.33206948031727, 54.91597776789541, 30.328846493117045, 42.88049929378973, 20.564184253058972, 25.84571536168315, 75.12029097503613, 0.0, 55.314630132483835, 75.23967653488323, 43.533063157599, 52.2052894726331, 92.37400765886146, 7.628488264452048, 86.32699694874219, 34.11476126076761, 42.7622936015297, 23.56531206677807, 36.57356096002334, 64.01749494123685, 71.03801574921641, 73.43666628512767, 46.11252557969597, 45.667318929795584, 71.43192018796952, 59.27240039538929, 19.90163086995139, 14.558694848291317, 25.291593298689346, 56.5235741364175, 60.44017712520172, 65.09613209761837, 86.40307800866128, 56.84476337539286, 71.36135342138874, 70.77076319933212, 48.6553981724182, 79.32064146088516, 72.16794923620554], [26.72117355594757, 33.18778161238425, 54.68811878226536, 48.63970726672805, 43.47657840149836, 42.706716710232506, 31.849362842477586, 15.87518063291189, 51.73668237904437, 56.562965843585445, 15.876289720693451, 69.17777527868554, 75.42037831206238, 30.971246206484984, 28.81185893136174, 42.98923715434637, 47.581285461512714, 43.0726053817555, 30.91314934936001, 73.24284908049749, 25.056220051844026, 21.359205667910093, 61.90048819073826, 31.157667561762278, 34.101411398614935, 55.314630132483835, 0.0, 33.44967327907373, 25.75425847130487, 25.091565495131295, 51.775911930024414, 47.764914453767226, 45.16259048473036, 22.547611928589493, 12.841273521407421, 51.282255226273335, 28.770329904250616, 19.388379931052903, 20.972977384030223, 36.26051561573695, 71.71787134648687, 37.957428164103504, 49.59214183981457, 18.696320080902197, 68.62772267251937, 41.85302675359272, 34.09224656900384, 32.642330600259506, 21.923626951435097, 15.856173294868482, 33.13244710945656, 25.325960987115206, 20.969442622422452, 16.322678030725353, 41.36782140656113, 29.64149809826698, 48.99693574857151], [59.61542629570567, 27.23067218316013, 55.70553794778009, 76.6230255833304, 63.17379594452161, 62.47990360655229, 12.913337080194362, 19.87130615866195, 72.823214027766, 79.89594205730106, 45.01522735807491, 101.36893664869108, 107.6573496804719, 40.41403392244948, 46.22474658707956, 73.5090860282008, 68.3700107021435, 71.36897936092522, 49.284846002873955, 105.53023493460195, 50.02353381383587, 53.88555943994481, 72.60814927775513, 49.840690057178215, 62.24282170028178, 75.23967653488323, 33.44967327907373, 0.0, 58.616775328204405, 58.51750769582583, 76.77323876858347, 68.8654254927675, 70.92702804612195, 42.912998348206635, 42.04623464713488, 60.45779890427177, 60.16474349620841, 49.644579636703654, 46.28430976297503, 65.85460746730028, 102.7661390270343, 35.23160802227149, 81.91603994042988, 50.87067246680844, 81.3150103385095, 60.74231796472264, 49.95279602065043, 21.827439284690687, 53.987322817744634, 17.903643772517434, 23.250041893613773, 18.538285586375064, 45.90293093615717, 24.783902326571866, 35.42103386701784, 51.890623845776915, 81.121981355442], [14.481761125991307, 56.703347875925054, 60.31787774093134, 28.066371703534926, 49.185550578217935, 34.58069327700013, 57.51621606811026, 39.32163298392113, 39.406419787071414, 54.96659494377491, 24.727838885167742, 43.47540532634478, 49.6969284624934, 48.870203083157875, 30.66503902434594, 32.25810601894503, 51.00102768569255, 37.06610444126288, 30.27981805093018, 47.51196735404887, 20.235562821249754, 4.902936530647985, 58.014850318047095, 30.008850903859088, 31.657950458035607, 43.533063157599, 25.75425847130487, 58.616775328204405, 0.0, 8.67379523171267, 48.907886836855354, 36.42248565066823, 42.79722544902853, 26.284013848515052, 17.80823386002823, 51.201742718700274, 7.001444117943683, 22.550408028327766, 30.781925089480808, 29.942169974649822, 46.579897983930806, 51.084481059122375, 32.3175663085601, 17.4956592847547, 61.781569669244135, 35.09066302870162, 34.30589329554752, 51.93396139960005, 17.671346740239276, 41.51411184534594, 57.55847773172319, 46.377409965347205, 31.249485610354945, 40.82344648179358, 55.204373045241006, 37.805981829255934, 32.477689719537445], [5.818697058180587, 52.60257184941127, 67.27490760641817, 36.10676480098065, 40.821711092740905, 43.00975964611662, 55.50928115136344, 40.38078275566561, 48.07913737800484, 46.32102206386446, 18.8346654652067, 46.980540363130444, 52.96412503955127, 42.83243894175733, 37.4416695150709, 24.22801449194268, 42.43584372120813, 28.520634876571, 37.518339012643196, 50.750086252251464, 27.496219979325264, 10.656241979779145, 66.32246427066956, 37.32704947421547, 23.010965209949777, 52.2052894726331, 25.091565495131295, 58.51750769582583, 8.67379523171267, 0.0, 40.28370316405076, 45.06777485603928, 34.1314049863138, 32.279132799304506, 21.50714669150041, 58.97029279718335, 15.662994459789113, 15.558704407520588, 24.02997801056371, 21.314266871512356, 51.437818255609734, 56.13637108834268, 26.386717611587986, 10.805938845146008, 70.34027778194093, 43.39779513914504, 41.586872273929686, 55.07160373284241, 9.866891090511958, 40.75021833568241, 54.036730292313656, 48.702880149826186, 24.5531130222832, 37.948719252779654, 60.15749585649661, 30.12492784522139, 26.215265497835475], [34.470293963630894, 55.8984994447712, 104.64229010388514, 74.43183120968119, 16.63493861617402, 83.19945511862552, 67.26497402716035, 66.04896033740546, 88.24506713507824, 6.175120241330868, 35.90243729922079, 72.44867534828533, 76.63358292899845, 39.51570550278662, 75.49918577205987, 19.09886279236089, 12.210921915948939, 12.061132979462718, 76.2653210715558, 74.71529484931527, 66.67753124627502, 50.41819510852959, 106.30827205771844, 76.19508341883743, 18.416358814481157, 92.37400765886146, 51.775911930024414, 76.77323876858347, 48.907886836855354, 40.28370316405076, 0.0, 85.32988298549292, 6.67610851949434, 69.49365890518432, 57.161517820432785, 98.11300651590719, 55.81400380773109, 32.97083713542732, 31.644821616421048, 18.969816372390756, 80.17648478518609, 89.61611292943074, 29.31612365427797, 35.980847426904226, 110.60847226271974, 83.46626952857154, 80.26180324531275, 83.80004713306869, 33.61484596516174, 61.04750341426145, 59.65841269326749, 76.1175720603068, 31.863809033510297, 52.11180296313597, 93.12175735443039, 24.88313509989867, 27.774308960594425], [50.88639041074576, 80.09966762778242, 36.300121757218626, 18.691882396386056, 84.44427486029785, 6.499432098361189, 74.4189414344493, 50.75740005126821, 4.063330952750067, 91.38621701627225, 56.776072623775526, 49.756154542113876, 54.948044438859654, 78.29395950577454, 22.650272794477743, 68.17627754352738, 86.83945224765093, 73.45482272222571, 19.599351848793898, 53.534634261832856, 22.739534514030737, 35.48497367716561, 23.87645167205537, 19.06050950901653, 67.87113329185539, 7.628488264452048, 47.764914453767226, 68.8654254927675, 36.42248565066823, 45.06777485603928, 85.32988298549292, 0.0, 79.19317769798722, 26.952263483531876, 35.16194064649829, 22.873546845581963, 29.54534351961406, 56.4975969829523, 63.44280246705367, 66.3645574209582, 45.66216186518279, 41.2367119699095, 65.4274563183313, 51.796168132563565, 25.669177338748206, 8.495774592916607, 19.306840747629924, 51.068024770263065, 53.05556346927994, 57.96573779706308, 79.14619679418863, 50.67595659561706, 63.761339414906324, 63.343364203804924, 44.60042270430643, 71.76297933856983, 66.06818496761917], [28.31596698358484, 51.21741514847775, 97.98002571613847, 68.94423793012957, 14.39041230188008, 76.88226035063194, 61.88708181911278, 59.59791439976666, 82.19917188625205, 12.292363984389734, 29.286426835249262, 69.13087956014019, 73.68125102526463, 35.020779701589476, 68.88882544225936, 15.174582678821151, 11.829687450966913, 7.275000013038993, 69.69862085994151, 71.6802865472786, 60.17420552208464, 44.06696059474535, 99.88852444161877, 69.63867615432484, 11.793993284945358, 86.32699694874219, 45.16259048473036, 70.92702804612195, 42.79722544902853, 34.1314049863138, 6.67610851949434, 79.19317769798722, 0.0, 62.85812038462914, 50.513702136842824, 91.55432397963101, 49.75694678295739, 26.2955293643171, 25.281450680709618, 12.971630389535123, 76.45599835579536, 82.96565816871255, 26.815032710309374, 29.34912659627104, 104.34571171898315, 77.09421055540719, 73.68269326704493, 77.30520853141918, 27.05482208904011, 54.84308806337515, 54.795165226277945, 69.65014483466389, 25.538344426059993, 46.17089255307866, 86.48809637861247, 19.19929989110838, 25.246961535585505], [37.1485673785249, 53.4454649899307, 35.33544789192342, 34.20119886470498, 64.2759293861236, 21.094586593392975, 47.521892045100664, 23.968916289845275, 31.014828089528848, 75.00502262361947, 35.43093091760729, 62.138916358303256, 68.3137777850528, 53.48328607770021, 6.368232628320381, 56.05834268985149, 67.74913036480771, 58.85032201823675, 8.402313459756817, 66.35614863273497, 8.093026369887372, 22.054505732600354, 39.42731017754462, 8.70294235720461, 51.077445852005084, 34.11476126076761, 22.547611928589493, 42.912998348206635, 26.284013848515052, 32.279132799304506, 69.49365890518432, 26.952263483531876, 62.85812038462914, 0.0, 12.386074269695655, 29.307679717128817, 23.263237227349055, 36.96171307908186, 41.75875322872, 51.42646009582059, 61.791959249856426, 25.045861690260374, 58.29363122223537, 33.512831110636334, 46.09420165385505, 19.878089605068137, 11.622661637411124, 28.8010075307011, 36.00545343670204, 31.016583138666878, 52.29177406780457, 25.79311134387854, 41.91807678288619, 36.940115494822365, 29.196077102389594, 50.592845446009775, 58.29219962069067], [25.686831690517906, 45.95054665769837, 47.51775532664669, 36.23414059445082, 52.06703363055784, 30.456153079953467, 43.18360629082281, 22.25517890436463, 39.08155486170439, 62.63468244941088, 23.24247617629554, 59.35289711130312, 65.64237229160571, 43.15229286483079, 18.60196977660398, 44.3885432566905, 55.42673309487206, 46.698883695146186, 19.94177093292464, 63.52894417054208, 12.438517153542136, 12.91766457599094, 51.16344224356785, 20.0315341762962, 38.74817837936494, 42.7622936015297, 12.841273521407421, 42.04623464713488, 17.80823386002823, 21.50714669150041, 57.161517820432785, 35.16194064649829, 50.513702136842824, 12.386074269695655, 0.0, 41.561999768639645, 18.13737927979567, 24.579825199475803, 29.718719061111067, 39.30717045517889, 60.84840317179917, 34.6785493624655, 47.89365112268625, 21.19