instance_id,num_cities,city_coordinates,distance_matrix,best_route,total_distance
2606,39,"[[60.14907236409943, 16.830697525462035], [14.680764271797885, 0.2846092303606329], [58.84408262160391, 40.93711885159087], [8.755803751126, 95.50563271037167], [22.352435564366214, 76.08018291334557], [42.232185491228044, 12.415571761967147], [72.01319665140551, 51.45660971888143], [29.286893110650425, 28.460178844427432], [49.0536618443708, 76.73283057673537], [63.44609779306739, 74.37653812618834], [47.21712462884477, 52.601473232849116], [72.43381866178193, 17.7898595191786], [91.57786981873775, 28.910170042656237], [12.322099575978363, 63.70278685867233], [7.528101626749272, 68.74924721772476], [83.05095050830673, 6.838238042112543], [19.664796156017005, 4.319255088240171], [24.436040222252508, 75.41611337436998], [10.781618470370113, 34.39535470626864], [86.16817588339723, 24.094344556044454], [27.764946479748364, 26.820917429959124], [35.06788494305047, 45.51955706952201], [53.61319789372922, 34.97832263185332], [96.92367654713433, 26.154237123096415], [79.10216950056105, 54.55173711886634], [77.47485290109104, 43.09104751838172], [76.68066248177013, 42.31045935386361], [9.582601306956107, 85.20483559626854], [44.8202293825171, 49.95439241303911], [54.50636297753777, 93.03870991622212], [11.656499791330255, 98.26317603553174], [45.756699053543045, 88.48794352585715], [71.0921467787896, 68.50378113846058], [82.32961008822829, 58.809422403506815], [85.62770712676425, 4.704858154011815], [24.6762478087453, 3.8802827341899215], [40.95812587802642, 67.52333978762324], [16.61289065231044, 3.1594009160806014], [50.39916924968436, 71.03461861146359]]","[[0.0, 48.38532916748367, 24.14171798735246, 93.97347224123929, 70.27864022660066, 18.452863483013886, 36.6020660664263, 32.98058434928319, 60.92104462904225, 57.64021293440423, 38.036609561520486, 12.322133878862626, 33.67020887577519, 66.96575307226911, 73.92227244538019, 24.98690194999174, 42.373491854604396, 68.61247419350265, 52.399071421436, 27.013965205663972, 33.89005905916522, 38.106648034018754, 19.288700114174627, 37.93810621851787, 42.21488741038314, 31.46090674101168, 30.37287827405788, 85.04111212877349, 36.498665594228314, 76.41662987708521, 94.7775192280229, 73.08831174593894, 52.81911062978423, 47.47830658435576, 28.21695961352825, 37.76287231131836, 54.20365676364253, 45.632263465925014, 55.073820203777075], [48.38532916748367, 0.0, 60.02520492401947, 95.40518051842014, 76.18282962947764, 30.103838013677056, 76.84778094752934, 31.73644155752633, 83.82020421449052, 88.69989673581948, 61.609001000977834, 60.347734663752014, 82.05234654362813, 63.46202449373484, 68.83725181654695, 68.68356729682237, 6.412405244634598, 75.76218267586285, 34.33287484180389, 75.34821507643923, 29.586677355102346, 49.616884175408124, 52.147752945942, 86.21562658148058, 84.23205221835657, 75.9966362787833, 74.90099770129937, 85.07312214591119, 58.098835776412514, 100.94256538405175, 98.02523006268946, 93.51760210464333, 88.52174587171801, 89.45121629830888, 71.08450816466906, 10.62254955665196, 72.19104251869933, 3.463746466841533, 79.25508363247408], [24.14171798735246, 60.02520492401947, 0.0, 74.07130608381843, 50.6623652882354, 33.00657168891997, 16.854828757270923, 32.082728745054936, 37.110447543851116, 33.75460420536287, 16.46946615094017, 26.841694064340654, 34.873318194860346, 51.79353768865498, 58.36817959914967, 41.81753370708623, 53.62727323427729, 48.71051678084925, 48.505619658155666, 32.09805474713223, 34.13473078698688, 24.213762947357147, 7.929023106579471, 40.848366744974626, 24.40794777442394, 18.75486629940732, 17.88937241054783, 66.22933101806488, 16.672722697671162, 52.281847740650676, 74.24920744102523, 49.31896730326336, 30.16514454195209, 29.51252674098569, 45.05706666984389, 50.404861261893224, 32.04269951631184, 56.66241741721131, 31.259815317029048], [93.97347224123929, 95.40518051842014, 74.07130608381843, 0.0, 23.711104919037354, 89.58027887218601, 77.08316407001705, 70.11860319757685, 44.45599472345608, 58.62991472227616, 57.61978917118262, 100.4720408156751, 106.27535121388651, 32.00217914732229, 26.784536903544282, 115.67919306827763, 91.83660261102833, 25.484477686270743, 61.14384681237732, 105.31973905686246, 71.26666556271924, 56.48834724634072, 75.33751439094578, 112.17481831175769, 81.39921829030797, 86.42682718302046, 86.27579557446519, 10.333925458616491, 58.09955497891075, 45.81702061026781, 4.002259700193317, 37.6605126713761, 67.93319991266465, 82.21749710259421, 118.97087958247745, 92.9982005054376, 42.6614377111128, 92.67988099462417, 48.30114306178974], [70.27864022660066, 76.18282962947764, 50.6623652882354, 23.711104919037354, 0.0, 66.69623055473811, 55.43024038020337, 48.122255651465444, 26.70920129521914, 41.12896158338294, 34.197990738261765, 76.84989742573951, 83.76855532911686, 15.931339338994354, 16.537941070983074, 92.08016423720497, 71.8112398438385, 2.186869160000365, 43.26093747107463, 82.31024299670995, 49.55573135745126, 33.100370162100276, 51.63911482599437, 89.7411279445549, 60.69601535648558, 64.23989373552324, 63.96835521781658, 15.694838436431835, 34.45807145388207, 36.35198324986958, 24.626981664829927, 26.489848487452875, 49.32505765956963, 62.414266257435216, 95.38446925886613, 72.23728738835067, 20.479044809903872, 73.1463110682292, 28.496964567118116], [18.452863483013886, 30.103838013677056, 33.00657168891997, 89.58027887218601, 66.69623055473811, 0.0, 49.10306783161146, 20.61577093511605, 64.67798946382275, 65.49191879872112, 40.493904420704816, 30.676075613839746, 52.029494848514034, 59.37164029933249, 66.16537181356577, 41.19803671222834, 23.975767038580152, 65.46580046016838, 38.36989737036162, 45.461687009133996, 20.41604732629739, 33.870356443170564, 25.27063849851117, 56.39069178351486, 55.98975041766505, 46.722911072027586, 45.61142259456541, 79.77638921977729, 37.62792881699158, 81.55210505440995, 91.13003739453573, 76.15397521885795, 63.07760772715559, 61.32041125646184, 44.075235704011824, 19.52081214240104, 55.12249381756522, 27.240135219407964, 59.18523698739702], [36.6020660664263, 76.84778094752934, 16.854828757270923, 77.08316407001705, 55.43024038020337, 49.10306783161146, 0.0, 48.52188008744387, 34.1471459921682, 24.46872087062608, 24.822487792597133, 33.66937765811545, 29.851605957103747, 60.934357505492784, 66.76348397144466, 45.96336694903703, 70.4434896637044, 53.26953753602019, 63.56408253995062, 30.806768605284113, 50.64410111560894, 37.41930853702112, 24.700078939246456, 35.50692985336021, 7.735201980439926, 9.990611588894776, 10.268266834141825, 70.96845767616433, 27.234429050758685, 45.11718388935805, 76.37922169159621, 45.39519082050674, 17.07203521190025, 12.668553215527243, 48.69374877606921, 67.11403441223688, 34.96508595501226, 73.49703587856256, 29.16272642810302], [32.98058434928319, 31.73644155752633, 32.082728745054936, 70.11860319757685, 48.122255651465444, 20.61577093511605, 48.52188008744387, 0.0, 52.162956697651616, 57.22904257653632, 30.071503072585017, 44.44674227677056, 62.29260205936144, 39.11324122748931, 45.78923494914625, 57.94896195720239, 25.987861582023488, 47.20583185714589, 19.433772202616357, 57.0485831454805, 2.236850359831603, 18.012280588340474, 25.18442579914819, 67.6760802710677, 56.23460833856343, 50.36012099786515, 49.376103991637, 60.068420866287155, 26.519535302640186, 69.32826505659571, 71.9950636186624, 62.24618093060523, 57.88928500975082, 61.11142617360316, 61.14411324978732, 25.008585383624737, 40.769452009860146, 28.29769782320693, 47.52169110256716], [60.92104462904225, 83.82020421449052, 37.110447543851116, 44.45599472345608, 26.70920129521914, 64.67798946382275, 34.1471459921682, 52.162956697651616, 0.0, 14.584043563080808, 24.201142043348803, 63.41061086205297, 63.994649185732584, 38.97421847800703, 42.28604680787249, 77.72431860158017, 78.15005656732497, 24.652809951824782, 57.071982330244516, 64.40727725112716, 54.26240388931591, 34.20336823427793, 42.00271780140682, 69.64002027133023, 37.34854373802068, 44.040137016452675, 44.13786135308385, 40.3700320658685, 27.111007006306146, 17.193418818883615, 43.15209734412094, 12.208711811272854, 23.524711961300927, 37.7959957147849, 80.7817405088996, 76.82286145552432, 12.261827888904511, 80.40804180905619, 5.85491330242559], [57.64021293440423, 88.69989673581948, 33.75460420536287, 58.62991472227616, 41.12896158338294, 65.49191879872112, 24.46872087062608, 57.22904257653632, 14.584043563080808, 0.0, 27.157559188450495, 57.29599743600717, 53.465757490299495, 52.22635503097762, 56.20043325655813, 70.32618451354303, 82.61250074712405, 39.02390688251143, 66.12142171783718, 55.17782002733042, 59.4531884666213, 40.472809641358786, 40.6067150181896, 58.703820942657174, 25.26134035022882, 34.28684722239792, 34.68987042830215, 54.94113467894404, 30.714234082611082, 20.692885600919098, 57.032744382447675, 22.62844648047425, 9.641127513365271, 24.472885578224144, 73.11748616287441, 80.45385815547137, 23.509045244743195, 85.23631810145461, 13.46813908671279], [38.036609561520486, 61.609001000977834, 16.46946615094017, 57.61978917118262, 34.197990738261765, 40.493904420704816, 24.822487792597133, 30.071503072585017, 24.201142043348803, 27.157559188450495, 0.0, 42.98523126959516, 50.29069059629482, 36.61832789272419, 42.84821059889773, 58.12346146163585, 55.590497328574074, 32.24105475209173, 40.730932481691866, 48.26842424640223, 32.295886615018155, 14.062629963391375, 18.747938295053892, 56.30450782531202, 31.94463359778076, 31.717161245412456, 31.209053645829083, 49.79293708013433, 3.5710143780828187, 41.08896574861898, 57.875289560182495, 35.916174531148826, 28.686235015861335, 35.657050747936076, 61.395916670734564, 53.68282343008364, 16.181383341396753, 58.14755069877859, 18.705781366148546], [12.322133878862626, 60.347734663752014, 26.841694064340654, 100.4720408156751, 76.84989742573951, 30.676075613839746, 33.66937765811545, 44.44674227677056, 63.41061086205297, 57.29599743600717, 42.98523126959516, 0.0, 22.139467040529887, 75.64004011323759, 82.5203689911919, 15.253245609489987, 54.46124236508696, 74.99714573577528, 63.84932465461471, 15.112216907886207, 45.57266888171817, 46.53116298682157, 25.48840972423812, 25.87887076256766, 37.361779234445855, 25.79849104837155, 24.885648448134248, 92.16862005291262, 42.391832812042516, 77.3549168016305, 100.8456105153899, 75.56379948631263, 50.731665943947554, 42.19634139563626, 18.582140715020167, 49.74195311927658, 58.856930737417244, 57.70638026055319, 57.62404138473382], [33.67020887577519, 82.05234654362813, 34.873318194860346, 106.27535121388651, 83.76855532911686, 52.029494848514034, 29.851605957103747, 62.29260205936144, 63.994649185732584, 53.465757490299495, 50.29069059629482, 22.139467040529887, 0.0, 86.55635910595586, 93.01352376556898, 23.66175258012868, 76.00133723767776, 81.67513726181325, 80.98222942561243, 7.242717969903266, 63.84711553036205, 58.90034064467388, 38.44657059113739, 6.014384077732623, 28.51548808196585, 19.99980930311506, 20.037328665884097, 99.46010973305948, 51.275103455156675, 74.07270918356278, 105.81712917720654, 75.16043363039314, 44.57935495355741, 31.29689441111996, 24.925921441092292, 71.43054169080918, 63.66580993262253, 79.26443220028187, 58.908017686744934], [66.96575307226911, 63.46202449373484, 51.79353768865498, 32.00217914732229, 15.931339338994354, 59.37164029933249, 60.934357505492784, 39.11324122748931, 38.97421847800703, 52.22635503097762, 36.61832789272419, 75.64004011323759, 86.55635910595586, 0.0, 6.960544410654978, 90.75322179580424, 59.83576721824863, 16.850803424311806, 29.347890237706725, 83.79780240341468, 39.98441962877451, 29.120449816751723, 50.299598859274944, 92.55982072828061, 67.40415009828813, 68.33538661978189, 67.82076595978367, 21.67586101357772, 35.28663756658262, 51.38198575737051, 34.56679798779899, 41.619423749519456, 58.96582055983975, 70.17831961378002, 94.09818111860633, 61.08483427399058, 28.889766822432186, 60.69524256030571, 38.7765262986191], [73.92227244538019, 68.83725181654695, 58.36817959914967, 26.784536903544282, 16.537941070983074, 66.16537181356577, 66.76348397144466, 45.78923494914625, 42.28604680787249, 56.20043325655813, 42.84821059889773, 82.5203689911919, 93.01352376556898, 6.960544410654978, 0.0, 97.65589465223952, 65.56312408589301, 18.174858786244513, 34.50761224049565, 90.4340732844388, 46.5565755656061, 36.02857434718074, 57.13415305508103, 99.02476306615264, 72.96859930827918, 74.504303403535, 74.0343580813504, 16.583345796914298, 41.760619723391606, 52.886057120234284, 29.801269531144026, 43.02373523027193, 63.56451911000892, 75.45903382266474, 101.00114924990805, 67.09725382342566, 33.4524942338857, 66.21602018780848, 42.931938711611814], [24.98690194999174, 68.68356729682237, 41.81753370708623, 115.67919306827763, 92.08016423720497, 41.19803671222834, 45.96336694903703, 57.94896195720239, 77.72431860158017, 70.32618451354303, 58.12346146163585, 15.253245609489987, 23.66175258012868, 90.75322179580424, 97.65589465223952, 0.0, 63.436187138684474, 90.21437076723879, 77.34501297466721, 17.5354015083565, 58.786475629716406, 61.63293780714911, 40.72401797115347, 23.781512740886257, 47.87662128423975, 36.679136569007035, 36.0396872118902, 107.41937416772937, 57.62456772536751, 90.80371594059842, 115.99865033817993, 89.76377664266013, 62.81442662325805, 51.97619008668942, 3.345292874729704, 58.44959721731067, 73.85450195633653, 66.53983498648623, 72.02301088933922], [42.373491854604396, 6.412405244634598, 53.62727323427729, 91.83660261102833, 71.8112398438385, 23.975767038580152, 70.4434896637044, 25.987861582023488, 78.15005656732497, 82.61250074712405, 55.590497328574074, 54.46124236508696, 76.00133723767776, 59.83576721824863, 65.56312408589301, 63.436187138684474, 0.0, 71.25677531363326, 31.360526367207985, 69.38121992746878, 23.91520945774421, 43.98545245339705, 45.74355039990813, 80.28512340248017, 77.82097147334963, 69.60786269606804, 68.5137987155031, 81.51151935214537, 52.1091314403355, 95.31566735617406, 94.28463869377462, 88.1201197804597, 82.24612924854891, 83.04250260682427, 65.96403803178714, 5.030640555163285, 66.69454410472419, 3.264871958320935, 73.45434922110871], [68.61247419350265, 75.76218267586285, 48.71051678084925, 25.484477686270743, 2.186869160000365, 65.46580046016838, 53.26953753602019, 47.20583185714589, 24.652809951824782, 39.02390688251143, 32.24105475209173, 74.99714573577528, 81.67513726181325, 16.850803424311806, 18.174858786244513, 90.21437076723879, 71.25677531363326, 0.0, 43.233619731464664, 80.27939043071781, 48.709082169005, 31.730745359290015, 49.86503233651593, 87.64239768379298, 58.51245924419829, 62.113006149878956, 61.85050430809076, 17.788865347400098, 32.616167801170704, 34.85369735743864, 26.17832931775113, 25.008863159080544, 47.165375180894465, 60.22829581540863, 93.51204047282546, 71.53623393124029, 18.31052127352952, 72.67898021074318, 26.330240508822754], [52.399071421436, 34.33287484180389, 48.505619658155666, 61.14384681237732, 43.26093747107463, 38.36989737036162, 63.56408253995062, 19.433772202616357, 57.071982330244516, 66.12142171783718, 40.730932481691866, 63.84932465461471, 80.98222942561243, 29.347890237706725, 34.50761224049565, 77.34501297466721, 31.360526367207985, 43.233619731464664, 0.0, 76.08708069509997, 18.595847125820296, 26.71274260349637, 42.835546541415574, 86.53536958215577, 71.23185695341516, 67.25773258379839, 66.37268175385725, 50.823626301843376, 37.42606961984169, 73.14982154795639, 63.87381324668537, 64.41478422694989, 69.28740562700351, 75.59868918224993, 80.51995139516904, 33.52954431411171, 44.81166137150897, 31.775596681142492, 53.96282043468507], [27.013965205663972, 75.34821507643923, 32.09805474713223, 105.31973905686246, 82.31024299670995, 45.461687009133996, 30.806768605284113, 57.0485831454805, 64.40727725112716, 55.17782002733042, 48.26842424640223, 15.112216907886207, 7.242717969903266, 83.79780240341468, 90.4340732844388, 17.5354015083565, 69.38121992746878, 80.27939043071781, 76.08708069509997, 0.0, 58.46684021231182, 55.41010255752789, 34.326193652405685, 10.95097949570929, 31.266295078376647, 20.89135198865709, 20.53873776241811, 97.97878519547449, 48.768788738348825, 75.86696192285095, 105.13327464262535, 76.02383210451119, 46.89866427874696, 34.92665482578045, 19.397017539083294, 64.72917050044688, 62.689921425318616, 72.63752176930531, 59.015346851140755], [33.89005905916522, 29.586677355102346, 34.13473078698688, 71.26666556271924, 49.55573135745126, 20.41604732629739, 50.64410111560894, 2.236850359831603, 54.26240388931591, 59.4531884666213, 32.295886615018155, 45.57266888171817, 63.84711553036205, 39.98441962877451, 46.5565755656061, 58.786475629716406, 23.91520945774421, 48.709082169005, 18.595847125820296, 58.46684021231182, 0.0, 20.07416335912931, 27.10489551332478, 69.1619433443358, 58.34816902103565, 52.30479834119276, 51.30958176600978, 61.149649029515096, 28.740917516430525, 71.4135799275042, 73.23577247069306, 64.23803599261745, 60.1224368492724, 63.250035297612754, 61.94529156918277, 23.147630110337122, 42.78723137124935, 26.157899627356137, 49.67050847904074], [38.106648034018754, 49.616884175408124, 24.213762947357147, 56.48834724634072, 33.100370162100276, 33.870356443170564, 37.41930853702112, 18.012280588340474, 34.20336823427793, 40.472809641358786, 14.062629963391375, 46.53116298682157, 58.90034064467388, 29.120449816751723, 36.02857434718074, 61.63293780714911, 43.98545245339705, 31.730745359290015, 26.71274260349637, 55.41010255752789, 20.07416335912931, 0.0, 21.331813235365278, 64.81631408523074, 44.95106776190737, 42.47644747426813, 41.73633384277559, 47.16376801908037, 10.713355524302553, 51.34125354493492, 57.70599879002015, 44.27790624848504, 42.731978620946926, 49.094716460061, 64.97795985418828, 42.91637554016084, 22.778529192585655, 46.20573171820988, 29.766871585369948], [19.288700114174627, 52.147752945942, 7.929023106579471, 75.33751439094578, 51.63911482599437, 25.27063849851117, 24.700078939246456, 25.18442579914819, 42.00271780140682, 40.6067150181896, 18.747938295053892, 25.48840972423812, 38.44657059113739, 50.299598859274944, 57.13415305508103, 40.72401797115347, 45.74355039990813, 49.86503233651593, 42.835546541415574, 34.326193652405685, 27.10489551332478, 21.331813235365278, 0.0, 44.20024939129771, 32.137302753253735, 25.203072923253874, 24.204713413522853, 66.79368263804389, 17.366604772669707, 58.06725682756013, 75.92981750261828, 54.08330705722292, 37.80833270860802, 37.31693510526927, 44.0614508717452, 42.47864364239418, 34.91889158309557, 48.800271670492364, 36.19926048821993], [37.93810621851787, 86.21562658148058, 40.848366744974626, 112.17481831175769, 89.7411279445549, 56.39069178351486, 35.50692985336021, 67.6760802710677, 69.64002027133023, 58.703820942657174, 56.30450782531202, 25.87887076256766, 6.014384077732623, 92.55982072828061, 99.02476306615264, 23.781512740886257, 80.28512340248017, 87.64239768379298, 86.53536958215577, 10.95097949570929, 69.1619433443358, 64.81631408523074, 44.20024939129771, 0.0, 33.52646893755461, 25.78977098736507, 25.89986747495958, 105.42977095749697, 57.28190463192933, 79.20076509274296, 111.67000717732074, 80.64459398952451, 49.60596545257584, 35.767973125477745, 24.24200452325147, 75.60304228949843, 69.59558547037769, 83.53792446088022, 64.64347161014673], [42.21488741038314, 84.23205221835657, 24.40794777442394, 81.39921829030797, 60.69601535648558, 55.98975041766505, 7.735201980439926, 56.23460833856343, 37.34854373802068, 25.26134035022882, 31.94463359778076, 37.361779234445855, 28.51548808196585, 67.40415009828813, 72.96859930827918, 47.87662128423975, 77.82097147334963, 58.51245924419829, 71.23185695341516, 31.266295078376647, 58.34816902103565, 44.95106776190737, 32.137302753253735, 33.52646893755461, 0.0, 11.575645357109337, 12.478484585958507, 75.97751514817134, 34.58882762687034, 45.674946892387275, 80.37168814135998, 47.577163688379265, 16.087883525435853, 5.342682540631245, 50.2721989159799, 74.36247199671352, 40.28933530940819, 80.90786235808348, 33.099057474508726], [31.46090674101168, 75.9966362787833, 18.75486629940732, 86.42682718302046, 64.23989373552324, 46.722911072027586, 9.990611588894776, 50.36012099786515, 44.040137016452675, 34.28684722239792, 31.717161245412456, 25.79849104837155, 19.99980930311506, 68.33538661978189, 74.504303403535, 36.679136569007035, 69.60786269606804, 62.113006149878956, 67.25773258379839, 20.89135198865709, 52.30479834119276, 42.47644747426813, 25.203072923253874, 25.78977098736507, 11.575645357109337, 0.0, 1.1135781538477154, 79.89323483744089, 33.36809764255107, 54.97563558865879, 85.88375499006825, 55.37977474322428, 26.202022202279554, 16.451017487541375, 39.242433231673374, 65.76607616893905, 43.93641152855632, 72.7922719053545, 38.90932806699662], [30.37287827405788, 74.90099770129937, 17.88937241054783, 86.27579557446519, 63.96835521781658, 45.61142259456541, 10.268266834141825, 49.376103991637, 44.13786135308385, 34.68987042830215, 31.209053645829083, 24.885648448134248, 20.037328665884097, 67.82076595978367, 74.0343580813504, 36.0396872118902, 68.5137987155031, 61.85050430809076, 66.37268175385725, 20.53873776241811, 51.30958176600978, 41.73633384277559, 24.204713413522853, 25.89986747495958, 12.478484585958507, 1.1135781538477154, 0.0, 79.63716046321639, 32.76456790322641, 55.36293853852798, 85.78372944592591, 55.575638175058685, 26.78286044980824, 17.439219901532333, 38.65528229727229, 64.66326329921212, 43.72400897873923, 71.700366730964, 38.93320191769663], [85.04111212877349, 85.07312214591119, 66.22933101806488, 10.333925458616491, 15.694838436431835, 79.77638921977729, 70.96845767616433, 60.068420866287155, 40.3700320658685, 54.94113467894404, 49.79293708013433, 92.16862005291262, 99.46010973305948, 21.67586101357772, 16.583345796914298, 107.41937416772937, 81.51151935214537, 17.788865347400098, 50.823626301843376, 97.97878519547449, 61.149649029515096, 47.16376801908037, 66.79368263804389, 105.42977095749697, 75.97751514817134, 79.89323483744089, 79.63716046321639, 0.0, 49.842594003579414, 45.60168801147662, 13.22200098136383, 36.32277722665151, 63.73656253795163, 77.38762901290562, 110.73890232140491, 82.71336689397907, 36.01470305501599, 82.34608867542154, 43.20633365630329], [36.498665594228314, 58.098835776412514, 16.672722697671162, 58.09955497891075, 34.45807145388207, 37.62792881699158, 27.234429050758685, 26.519535302640186, 27.111007006306146, 30.714234082611082, 3.5710143780828187, 42.391832812042516, 51.275103455156675, 35.28663756658262, 41.760619723391606, 57.62456772536751, 52.1091314403355, 32.616167801170704, 37.42606961984169, 48.768788738348825, 28.740917516430525, 10.713355524302553, 17.366604772669707, 57.28190463192933, 34.58882762687034, 33.36809764255107, 32.76456790322641, 49.842594003579414, 0.0, 44.15970560064537, 58.59668536258834, 38.54492880793674, 32.160433233452544, 38.54043587011, 60.932508486899756, 50.285222246133934, 17.98843393212166, 54.639044532651155, 21.80597410385993], [76.41662987708521, 100.94256538405175, 52.281847740650676, 45.81702061026781, 36.35198324986958, 81.55210505440995, 45.11718388935805, 69.32826505659571, 17.193418818883615, 20.692885600919098, 41.08896574861898, 77.3549168016305, 74.07270918356278, 51.38198575737051, 52.886057120234284, 90.80371594059842, 95.31566735617406, 34.85369735743864, 73.14982154795639, 75.86696192285095, 71.4135799275042, 51.34125354493492, 58.06725682756013, 79.20076509274296, 45.674946892387275, 54.97563558865879, 55.36293853852798, 45.60168801147662, 44.15970560064537, 0.0, 43.16718454229458, 9.862357401885726, 29.615046081877008, 44.110964661982585, 93.65579228645038, 94.01628001871356, 28.889251310893666, 97.5407885512809, 22.384125501485833], [94.7775192280229, 98.02523006268946, 74.24920744102523, 4.002259700193317, 24.626981664829927, 91.13003739453573, 76.37922169159621, 71.9950636186624, 43.15209734412094, 57.032744382447675, 57.875289560182495, 100.8456105153899, 105.81712917720654, 34.56679798779899, 29.801269531144026, 115.99865033817993, 94.28463869377462, 26.17832931775113, 63.87381324668537, 105.13327464262535, 73.23577247069306, 57.70599879002015, 75.92981750261828, 111.67000717732074, 80.37168814135998, 85.88375499006825, 85.78372944592591, 13.22200098136383, 58.59668536258834, 43.16718454229458, 0.0, 35.4736347213084, 66.46967517189857, 80.94002220591514, 119.26817831878417, 95.2766728342749, 42.46790345511281, 95.23284019884078, 47.35386759447491], [73.08831174593894, 93.51760210464333, 49.31896730326336, 37.6605126713761, 26.489848487452875, 76.15397521885795, 45.39519082050674, 62.24618093060523, 12.208711811272854, 22.62844648047425, 35.916174531148826, 75.56379948631263, 75.16043363039314, 41.619423749519456, 43.02373523027193, 89.76377664266013, 88.1201197804597, 25.008863159080544, 64.41478422694989, 76.02383210451119, 64.23803599261745, 44.27790624848504, 54.08330705722292, 80.64459398952451, 47.577163688379265, 55.37977474322428, 55.575638175058685, 36.32277722665151, 38.54492880793674, 9.862357401885726, 35.4736347213084, 0.0, 32.268431287630584, 47.09981356184753, 92.78632808340242, 87.19427555362863, 21.506764387558597, 90.16829682341908, 18.06020708877535], [52.81911062978423, 88.52174587171801, 30.16514454195209, 67.93319991266465, 49.32505765956963, 63.07760772715559, 17.07203521190025, 57.88928500975082, 23.524711961300927, 9.641127513365271, 28.686235015861335, 50.731665943947554, 44.57935495355741, 58.96582055983975, 63.56451911000892, 62.81442662325805, 82.24612924854891, 47.165375180894465, 69.28740562700351, 46.89866427874696, 60.1224368492724, 42.731978620946926, 37.80833270860802, 49.60596545257584, 16.087883525435853, 26.202022202279554, 26.78286044980824, 63.73656253795163, 32.160433233452544, 29.615046081877008, 66.46967517189857, 32.268431287630584, 0.0, 14.841198499883872, 65.43382220690793, 79.56527020757318, 30.149966515571187, 85.0757155405788, 20.847169048453807], [47.47830658435576, 89.45121629830888, 29.51252674098569, 82.21749710259421, 62.414266257435216, 61.32041125646184, 12.668553215527243, 61.11142617360316, 37.7959957147849, 24.472885578224144, 35.657050747936076, 42.19634139563626, 31.29689441111996, 70.17831961378002, 75.45903382266474, 51.97619008668942, 83.04250260682427, 60.22829581540863, 75.59868918224993, 34.92665482578045, 63.250035297612754, 49.094716460061, 37.31693510526927, 35.767973125477745, 5.342682540631245, 16.451017487541375, 17.439219901532333, 77.38762901290562, 38.54043587011, 44.110964661982585, 80.94002220591514, 47.09981356184753, 14.841198499883872, 0.0, 54.20499346650023, 79.63115324381931, 42.279215483878, 86.11394837638176, 34.19076592395664], [28.21695961352825, 71.08450816466906, 45.05706666984389, 118.97087958247745, 95.38446925886613, 44.075235704011824, 48.69374877606921, 61.14411324978732, 80.7817405088996, 73.11748616287441, 61.395916670734564, 18.582140715020167, 24.925921441092292, 94.09818111860633, 101.00114924990805, 3.345292874729704, 65.96403803178714, 93.51204047282546, 80.51995139516904, 19.397017539083294, 61.94529156918277, 64.97795985418828, 44.0614508717452, 24.24200452325147, 50.2721989159799, 39.242433231673374, 38.65528229727229, 110.73890232140491, 60.932508486899756, 93.65579228645038, 119.26817831878417, 92.78632808340242, 65.43382220690793, 54.20499346650023, 0.0, 60.957036653852306, 77.08134095674495, 69.03211811234547, 75.10450721028522], [37.76287231131836, 10.62254955665196, 50.404861261893224, 92.9982005054376, 72.23728738835067, 19.52081214240104, 67.11403441223688, 25.008585383624737, 76.82286145552432, 80.45385815547137, 53.68282343008364, 49.74195311927658, 71.43054169080918, 61.08483427399058, 67.09725382342566, 58.44959721731067, 5.030640555163285, 71.53623393124029, 33.52954431411171, 64.72917050044688, 23.147630110337122, 42.91637554016084, 42.47864364239418, 75.60304228949843, 74.36247199671352, 65.76607616893905, 64.66326329921212, 82.71336689397907, 50.285222246133934, 94.01628001871356, 95.2766728342749, 87.19427555362863, 79.56527020757318, 79.63115324381931, 60.957036653852306, 0.0, 65.69275656089876, 8.095517230412757, 71.91226261615198], [54.20365676364253, 72.19104251869933, 32.04269951631184, 42.6614377111128, 20.479044809903872, 55.12249381756522, 34.96508595501226, 40.769452009860146, 12.261827888904511, 23.509045244743195, 16.181383341396753, 58.856930737417244, 63.66580993262253, 28.889766822432186, 33.4524942338857, 73.85450195633653, 66.69454410472419, 18.31052127352952, 44.81166137150897, 62.689921425318616, 42.78723137124935, 22.778529192585655, 34.91889158309557, 69.59558547037769, 40.28933530940819, 43.93641152855632, 43.72400897873923, 36.01470305501599, 17.98843393212166, 28.889251310893666, 42.46790345511281, 21.506764387558597, 30.149966515571187, 42.279215483878, 77.08134095674495, 65.69275656089876, 0.0, 68.8142943381324, 10.072853564123523], [45.632263465925014, 3.463746466841533, 56.66241741721131, 92.67988099462417, 73.1463110682292, 27.240135219407964, 73.49703587856256, 28.29769782320693, 80.40804180905619, 85.23631810145461, 58.14755069877859, 57.70638026055319, 79.26443220028187, 60.69524256030571, 66.21602018780848, 66.53983498648623, 3.264871958320935, 72.67898021074318, 31.775596681142492, 72.63752176930531, 26.157899627356137, 46.20573171820988, 48.800271670492364, 83.53792446088022, 80.90786235808348, 72.7922719053545, 71.700366730964, 82.34608867542154, 54.639044532651155, 97.5407885512809, 95.23284019884078, 90.16829682341908, 85.0757155405788, 86.11394837638176, 69.03211811234547, 8.095517230412757, 68.8142943381324, 0.0, 75.81924425009127], [55.073820203777075, 79.25508363247408, 31.259815317029048, 48.30114306178974, 28.496964567118116, 59.18523698739702, 29.16272642810302, 47.52169110256716, 5.85491330242559, 13.46813908671279, 18.705781366148546, 57.62404138473382, 58.908017686744934, 38.7765262986191, 42.931938711611814, 72.02301088933922, 73.45434922110871, 26.330240508822754, 53.96282043468507, 59.015346851140755, 49.67050847904074, 29.766871585369948, 36.19926048821993, 64.64347161014673, 33.099057474508726, 38.90932806699662, 38.93320191769663, 43.20633365630329, 21.80597410385993, 22.384125501485833, 47.35386759447491, 18.06020708877535, 20.847169048453807, 34.19076592395664, 75.10450721028522, 71.91226261615198, 10.072853564123523, 75.81924425009127, 0.0]]",Route_1,1948.9334756371595
