instance_id,num_cities,city_coordinates,distance_matrix,best_route,total_distance
1020,92,"[[94.6986170388543, 15.442349721307103], [10.812523378281114, 61.34865086610874], [66.90817237725997, 71.88494376750272], [50.19806210405805, 71.83932492505744], [66.29605917941434, 63.67514900497751], [98.09086551765347, 34.98913620467457], [22.298768811184967, 8.687610376419796], [8.095954691889872, 36.789750747823305], [39.21760799883751, 55.58251000257495], [27.012516092570817, 16.447179558664782], [7.931470367920945, 21.32659007361393], [63.668186738948876, 25.556674197374495], [64.36516203190423, 11.418841287147686], [71.54140655636536, 9.44491004398158], [24.451696998182214, 85.03127410037052], [7.113603845966809, 23.715629089828493], [9.593698264932005, 74.11865616695752], [6.884116213920787, 62.01647080677443], [11.97716021029681, 14.81056440079499], [1.5137408522910012, 47.42154673961707], [90.57859405501316, 68.79432405335126], [24.61977430555905, 34.738066425232304], [78.5487902051149, 4.6596900471897795], [78.66166516163416, 14.991818139272306], [48.86556598988291, 54.42719502215281], [90.10024018091359, 72.14561210095353], [7.233783433227636, 33.97726246071456], [43.73424092787312, 40.05632366837143], [90.44543863798263, 96.12003897159995], [0.07900048369963164, 66.66502489860959], [21.76724543946834, 27.4467026589018], [94.52028384187065, 94.42391374274533], [92.36582564034164, 91.14549249740762], [75.28984866782136, 78.6250081411066], [47.88571766032824, 77.23170666769363], [95.44769961297322, 38.30524041898651], [43.6437609913767, 3.5262809408019735], [44.98597424516465, 52.077008987036336], [9.533059468483618, 82.72355591893606], [19.657138123919704, 49.72257236560851], [13.516504352951708, 11.54008095065402], [23.80973958851238, 46.46861414060679], [93.61343530866078, 12.31435040156037], [80.50181690299486, 63.70266215691248], [25.04200812686912, 99.79710976458158], [9.721724938829258, 98.3548394518705], [74.97444267807805, 0.04635742577437929], [90.03865938547678, 31.3978729274897], [27.635587898803028, 48.05517460960693], [50.88160253973055, 81.93778863343712], [72.35908870380007, 25.38580078483471], [53.841425592558444, 42.797746629540825], [52.88367385610848, 9.308302588204109], [56.869503353819695, 64.38272175593997], [19.698384701929726, 76.59290134419138], [28.372802401574504, 15.629398119873795], [11.09491225609972, 93.48328807544918], [21.51484670920727, 5.293915226639056], [62.69978460178096, 33.65751286469031], [39.689890395192286, 86.71879464752405], [74.11485046515071, 88.28121807542495], [69.19624906948565, 51.66788323752262], [84.09776984889042, 39.624007823656946], [82.14637244868466, 64.45937018829666], [49.207812158409766, 80.87711816396734], [86.27896196690867, 65.44936837214736], [55.840477664587866, 7.15332535268568], [36.74847468138771, 84.13637691599293], [97.38268936161336, 5.2230645363063655], [16.17226875958061, 73.06289245062258], [84.27092074588882, 57.99298766539176], [11.220671506510381, 15.524816779465922], [37.80534670698762, 35.897617089616816], [1.3280382088525555, 98.49868329487134], [98.11069172642148, 65.85975320236732], [44.831396768904796, 79.2608944030968], [2.9386617246515923, 33.252814605531356], [29.653554738496513, 18.07910257141342], [93.99401864201558, 28.6384581740164], [43.0924147490768, 44.19936280767166], [23.37836875274664, 39.67392231535407], [56.46804821051382, 23.39186444645478], [86.14494956994413, 86.94148353306124], [5.187786428084995, 7.131861935712058], [56.39097267531955, 7.73252181582963], [13.544729120073562, 94.2259300206894], [58.360704351261795, 69.54541980474208], [47.945167490087805, 62.436769632281866], [25.17692716582077, 85.59295823802202], [60.92826212319561, 98.54379103166526], [9.733183513120935, 43.713892612931716], [89.63882330872383, 17.063544540045893]]","[[0.0, 95.6256513411944, 62.91323578669891, 71.83953091186808, 55.974174578082625, 19.83895691734504, 72.71426632378905, 89.19491384697467, 68.47901015277819, 67.69355910507676, 86.96644195285315, 32.63720521436332, 30.599135817509875, 23.921239098622248, 98.8799685044225, 87.9748923699704, 103.37193109166428, 99.40088183721521, 82.72386942430893, 98.51949143109202, 53.510819041708544, 72.68678615784347, 19.418616233079145, 16.043279098073594, 60.170480566374806, 56.88941056315024, 89.40715915360138, 56.59695527012306, 80.78972130956053, 107.59476887546131, 73.9127150956996, 78.98176535126125, 75.73907671663046, 66.09650985243827, 77.52014048021307, 22.875158923095682, 52.427006601658924, 61.75309800365536, 108.53539931137671, 82.50064982946162, 81.27584586889883, 77.38127699893492, 3.3108909876167485, 50.30513781394288, 109.39729753095213, 118.72469475345085, 25.021583342754433, 16.622091508420446, 74.57242268180828, 79.63400125407009, 24.452540671379303, 49.16937901668348, 42.2624657066692, 61.85630005976389, 96.76995822245507, 66.32607838853586, 114.36768561353765, 73.88406433294728, 36.82006851807805, 90.034946594515, 75.69142745033433, 44.30191926519136, 26.40322991082543, 50.598687134279636, 79.69392856306709, 50.71087167339983, 39.73239132764997, 89.87262303657815, 10.565890115185601, 97.39873879316231, 43.809743658539055, 83.4779862665401, 60.458764229546546, 124.96567343767946, 50.53273025916529, 80.99102606309695, 93.47246684803318, 65.09848381682916, 13.214905871647117, 59.07762619150145, 75.32427846300693, 39.048318495215874, 72.00896724019736, 89.89578968930836, 39.07578614711589, 113.10528744989442, 65.17350758509298, 66.28997320468665, 98.76423055979147, 89.70109485947457, 89.54554724657605, 5.313170920624808], [95.6256513411944, 0.0, 57.07657404505463, 40.7587402029402, 55.53229095387469, 91.17199690575886, 53.89915601938089, 24.708689168950297, 28.98443052328411, 47.73449370755127, 40.12562543471012, 63.83405629561271, 73.21796904692755, 79.88739301909878, 27.32935601674145, 37.81436676344745, 12.828038433082293, 3.984766783909475, 46.55265696824947, 16.74609165793023, 80.11282094906304, 29.979382622959942, 88.32802569040561, 82.17336540024047, 38.67739136757046, 80.01947517749157, 27.60435260666818, 39.20717643379358, 86.89332899332088, 11.977994263730222, 35.6279107959196, 90.0053452645358, 86.82622231243113, 66.75176400056075, 40.332284783665195, 87.71608644548579, 66.49298178745305, 35.40887017803692, 21.413164033226316, 14.607974236647646, 49.88191205371063, 19.757103081367603, 96.23073125852312, 69.72903986956182, 40.99710023742964, 37.02226134206924, 88.73963640492627, 84.6984635383614, 21.441362149915303, 45.04934737427979, 71.2832819764674, 46.85746977548141, 66.91920166449691, 46.15680871368473, 17.6449909068165, 48.97564160937587, 32.13587795679842, 57.067268309342786, 58.81400344381694, 38.43886732617228, 68.79351561809702, 59.18088109739916, 76.43747422292225, 71.40164282354115, 43.07620265892765, 75.57776946507104, 70.46027231508273, 34.524687232785865, 103.17206540166671, 12.882170875000638, 73.53500268126737, 45.82565171707594, 37.09942899219468, 38.341627096241275, 87.41464546189302, 38.44648508375836, 29.178308938690613, 47.19362533588187, 89.38186538814509, 36.552557609853004, 25.053828604105128, 59.372928031332975, 79.56109300305638, 54.5077780475602, 70.37104755976628, 32.990611282965155, 48.24952367508581, 37.14858356900557, 28.180179845332646, 62.41046163812538, 17.667758012620595, 90.4143583897757], [62.91323578669891, 57.07657404505463, 0.0, 16.710172543135347, 8.232582377951836, 48.3079803676493, 77.3556839169859, 68.48758662823442, 32.133109128365035, 68.300871816257, 77.68139100283113, 46.441426208708656, 60.51955428439128, 62.61169755207798, 44.44522812220808, 76.78328791058844, 57.35798474367969, 60.829878159308535, 79.21427193241082, 69.82040868268976, 23.8713383081081, 56.28675783656687, 68.22564562666022, 58.09451210210776, 25.105948229564763, 23.193532654370067, 70.69671136552722, 39.37120973802692, 33.78376448206757, 67.0327216288945, 63.343985962593095, 35.64314614451104, 31.92273244946826, 10.755508597927076, 19.759596579094833, 44.069276052737344, 72.20899958167385, 29.54550813931034, 58.38988863376975, 52.190333819260374, 80.5740198997309, 50.03463520951483, 65.28266739499624, 15.866218952448792, 50.31763825627342, 63.01543579290483, 72.29002147007441, 46.62855707012087, 45.93684566593726, 18.918526122712404, 46.817547852504454, 31.88737852000641, 64.1289527440802, 12.532286737581295, 47.44395553591273, 68.18842390960083, 59.84654110470296, 80.59106090216217, 38.458380115367554, 30.99803229216429, 17.910165276822962, 20.346125710375077, 36.55475686158512, 16.951161741809038, 19.853512340477412, 20.411862237330173, 65.6709699094995, 32.553110132494666, 73.29735553254463, 50.749576146038045, 22.236264867447982, 79.23106503977698, 46.28241721664008, 70.77460794082111, 31.77892595858134, 23.276354290145758, 74.72977784472141, 65.4444427146358, 51.028438973435144, 36.51960712395089, 54.15158083176774, 49.604182632662386, 24.42852812743368, 89.4559536779397, 65.00880503313381, 57.85133311366325, 8.86186109278364, 21.186400091576953, 43.925009819250285, 27.32130055653667, 63.73843012475189, 59.34701597405098], [71.83953091186808, 40.7587402029402, 16.710172543135347, 0.0, 18.04991075579579, 60.42894196940014, 69.0399132145628, 54.78193222725157, 19.617706384302526, 60.04880774954959, 65.86350400002667, 48.20298762587423, 62.0591779143464, 65.94392588223465, 28.92927305013219, 64.59226458512535, 40.668288797174995, 44.41380834383388, 68.65214394690231, 54.46458507377638, 40.49517737892745, 45.0638678874072, 72.91685076978891, 63.57527606530028, 17.463041363116492, 39.903353582264344, 57.26661344761514, 32.433626887540676, 47.00430185071862, 50.38545145643713, 52.71637551919792, 49.744577511924454, 46.37723997807107, 25.993138511346107, 5.867258106199543, 56.32108413683573, 68.62675018876035, 20.438076990827366, 42.09642411986301, 37.70807315862852, 70.57999364502932, 36.60623622953738, 73.67575735964927, 31.377106876138246, 37.60937097102754, 48.38808098008141, 75.94800337534745, 56.769571351312536, 32.78339592676059, 10.121570866059322, 51.46883527923212, 29.26922218652145, 62.58866722478441, 10.005451472608016, 30.867892872796542, 60.2984065504633, 44.693595390026516, 72.46391099932269, 40.17640896873771, 18.215935108712028, 29.023242683707814, 27.7095320734032, 46.7655518638328, 32.789606063403895, 9.09188108062033, 36.642364547899085, 64.93162091026673, 18.22385495738546, 81.6340321043639, 34.047785981039986, 36.77880845724325, 68.4876690030672, 38.018229272823326, 55.6686682453256, 48.28431790257135, 9.158645660625867, 61.0112260396391, 57.55204853353926, 61.5174828574436, 28.53870582531508, 41.87969766489116, 48.85150102710167, 38.99043361013546, 78.82246306063135, 64.40523539456201, 42.94911997401833, 8.478840083221547, 9.668690716708138, 28.55205111554978, 28.779605669460892, 49.27926888787258, 67.49785004865329], [55.974174578082625, 55.53229095387469, 8.232582377951836, 18.04991075579579, 0.0, 42.82285651921501, 70.42294345008177, 64.10988068780472, 28.26187050359707, 61.430268235437, 72.10981674292256, 38.20894967440513, 52.291969365236035, 54.48332301605334, 46.979088171698315, 71.40956694410563, 57.656088794840585, 59.43509216195642, 73.06360526114564, 66.79018157212383, 24.816273958041425, 50.7372394707648, 60.27398952770999, 50.229223719735465, 19.731871317711985, 25.266336857812, 66.10837224977264, 32.66319875787863, 40.44580835117723, 66.2845247412324, 57.40483932332962, 41.73839228690296, 37.871526176263174, 17.446676977346804, 22.86309100957114, 38.64518600846741, 64.27295654162307, 24.261833644238525, 59.87386693828006, 48.681242302329615, 74.18724101022033, 45.83832669741627, 58.17362522455945, 14.205784366749938, 54.83331813199328, 66.35763877849904, 64.21789048216665, 40.06911049084173, 41.696710178993804, 23.89831541543619, 38.76640961111727, 24.31015894083641, 55.996839815884776, 9.453074311088269, 48.35505756595567, 61.20921158413511, 62.73509206571667, 73.57802285861476, 30.232295154162685, 35.19798036640407, 25.818445581977564, 12.35255166387763, 29.922538242661712, 15.869701748878999, 24.246977733270366, 20.06151186170397, 57.480742286386295, 35.9405286173498, 66.20441642985364, 50.99533403217071, 18.851594251495126, 73.15567524633889, 39.79085292495467, 73.71242967960538, 31.8895490654907, 26.526349013992448, 70.28284458210625, 58.49506459586498, 44.6625868348023, 30.293817238055418, 49.173031573881815, 41.46483829014344, 30.582687457252135, 83.25481554389646, 56.812747473411186, 60.959437691792175, 9.870660338156332, 18.392629210205698, 46.59585152272106, 35.27939117986655, 59.98175272855534, 52.129898407649044], [19.83895691734504, 91.17199690575886, 48.3079803676493, 60.42894196940014, 42.82285651921501, 0.0, 80.2260069058471, 90.01292233490778, 62.37104693090272, 73.45703447088408, 91.18871476530948, 35.69162582204737, 41.145861008221374, 36.84265545920589, 89.03337972586986, 91.67308276668257, 96.7619137069687, 95.12700948861898, 88.44628314297096, 97.37405116527869, 34.62982743261534, 73.47152019612803, 36.08002233564578, 27.881652682063248, 52.92417447811984, 38.005970508630725, 90.86271651986753, 54.592298225908756, 61.60714102497923, 103.00333786817077, 76.69539285792558, 59.54193341254041, 56.44743070922882, 49.233887608425, 65.61243503101389, 4.240621789294762, 62.884007924516894, 55.78642194377624, 100.60347825845615, 79.80553698824949, 87.76491758512351, 75.16291694035345, 23.112621930311363, 33.67255861645598, 97.6535150572715, 108.73967700270079, 41.89709767620189, 8.816756519328441, 71.65659428097636, 66.57995551061472, 27.465403495741956, 44.933142895327535, 51.992262820159134, 50.627893203267945, 88.74826377021519, 72.35611780194994, 104.83254116431448, 82.13216669177716, 35.416123857833824, 78.01686649608659, 58.43710540330176, 33.36284553620192, 14.740717802047614, 33.50703732465508, 67.04669860641198, 32.67027409111288, 50.595727482883134, 78.60241843000411, 29.774494723410776, 90.33419844935588, 26.83594707703392, 89.0240997607962, 60.292363660661465, 115.74328196657785, 30.87062336424048, 69.25719879823687, 95.1680445284057, 70.49549449547068, 7.5574642421587646, 55.76430633498553, 74.85923051801313, 43.20828199335778, 53.308079132145274, 96.98974086994365, 49.817708608529166, 103.23297400229852, 52.655697151929836, 57.166105442369506, 88.75353069234801, 73.6223691633983, 88.78739405792648, 19.818270712363717], [72.71426632378905, 53.89915601938089, 77.3556839169859, 69.0399132145628, 70.42294345008177, 80.2260069058471, 0.0, 31.487302557718643, 49.853572895077576, 9.079114897765013, 19.135387959064282, 44.676549261076964, 42.15496484268361, 49.24846063471988, 76.37401449821816, 21.36423603762725, 66.6531362415056, 55.51197050632041, 12.001090371067987, 43.95833497119994, 90.96676076660275, 26.15364844254099, 56.39405153911358, 56.714364322706544, 52.89522016116624, 92.86526531901504, 29.4367166474582, 37.99309987955679, 110.85304767363796, 62.0894411249203, 18.76662090940606, 112.10111929972047, 108.20672241861405, 87.74562183076962, 73.16409698613175, 78.91748910592098, 21.960146008517825, 48.962732789281375, 75.12845378015419, 41.1199017282637, 9.233891779267246, 37.81120572157742, 71.40682671044944, 80.08901753416524, 91.15078848098116, 90.54498331015647, 53.379751497064134, 71.44542532699737, 39.72765726327289, 78.62930114555576, 52.77182193810097, 46.459020566882465, 30.59120258225815, 65.55212520120514, 67.95506264387802, 9.224006782973902, 85.53264498508506, 3.4830590910311083, 47.49461134892804, 79.94571175929796, 94.97393697490683, 63.61350100248023, 69.10989231847884, 81.80601966643377, 77.04168773119662, 85.52989119021055, 33.57678161081704, 76.81998680082144, 75.16380913113231, 64.66614991643992, 79.19323105560152, 13.018127026945669, 31.318340048138285, 92.22689608112712, 94.95315461540129, 74.08311373714687, 31.27719624934435, 11.928663030080365, 74.41938709871293, 41.15167398938868, 31.005113507464547, 37.19885404720876, 100.99506652057751, 17.181561958259856, 34.105579579773796, 85.9850995142693, 70.73991916386849, 59.55426001479031, 76.95918610035065, 97.80782665763913, 37.21201931089891, 67.85896560400035], [89.19491384697467, 24.708689168950297, 68.48758662823442, 54.78193222725157, 64.10988068780472, 90.01292233490778, 31.487302557718643, 0.0, 36.35553747319517, 27.77870583399656, 15.46403547361577, 56.69616374571047, 61.72444201072478, 69.08737710613968, 50.938736554455296, 13.110975185413738, 37.358940236592055, 25.255810369682724, 22.319238086312634, 12.50442421870471, 88.47416859612736, 16.6507063869568, 77.43347359172218, 73.85573342745104, 44.421173396472994, 89.30139848057853, 2.941671233225612, 35.7876786685464, 101.49640686696353, 30.932241437711205, 16.55888698846406, 103.8790711026502, 100.27939873581322, 79.1530678420678, 56.7342668561888, 87.36489025747937, 48.6837237309191, 39.93211498422519, 45.9562806114317, 17.34701234640978, 25.82495272975578, 18.455444517905434, 88.95102423890147, 77.24580042336932, 65.24642532191203, 61.58655109707828, 76.30733325269273, 82.11990744594026, 22.554534813344016, 62.200940400288594, 65.26714692547145, 46.13831512353534, 52.546834166129855, 56.03776492805903, 41.459705492622945, 29.307184722878326, 56.77280089260032, 34.23527885310584, 54.693593363252795, 59.085414426596444, 83.724941365582, 62.88564859655904, 76.05464430480752, 79.05107342684506, 60.281678726073366, 83.27038074212287, 56.19481456586582, 55.341394193288785, 94.70256948128691, 37.161373197331336, 79.07087143259791, 21.493284343026122, 29.722783792418547, 62.07895818727544, 94.5923777378657, 56.15416946212094, 6.253606001706254, 28.545025397621302, 86.28395540889213, 35.772259747068404, 15.552190365296633, 50.19325441450175, 92.77306668875644, 29.800131064177474, 56.36249919251352, 57.694053699094866, 59.9956574569003, 47.38912679397919, 51.706021718815045, 81.27000799738104, 7.1150726476415285, 83.89494998874486], [68.47901015277819, 28.98443052328411, 32.133109128365035, 19.617706384302526, 28.26187050359707, 62.37104693090272, 49.853572895077576, 36.35553747319517, 0.0, 40.99436982555602, 46.39278454716899, 38.72184934280959, 50.82154177366148, 56.33388041957375, 32.94331244071984, 45.23455738431298, 34.94516765662938, 32.96741637792158, 49.034615771663965, 38.57697395058064, 53.033036111229386, 25.447742072444004, 64.34341835768414, 56.598921468554096, 9.716884588229123, 53.510546707146965, 38.59730243409212, 16.169800094622598, 65.32673179417043, 40.67742291056351, 33.107987077648275, 67.57988310071661, 63.94887616210676, 42.803776321083255, 23.320030903680525, 58.82454629827659, 52.24406008768022, 6.750006409012403, 40.22199391980658, 20.419374398759203, 50.99296309698087, 17.901550400250127, 69.50568080365076, 42.07520381236076, 46.43143831333019, 51.9565133934982, 66.05161216285498, 56.282110252699454, 13.813180941254325, 28.820990273763375, 44.8352427326781, 19.424371689166602, 48.25001168749579, 19.72392294974064, 28.678155841030257, 41.39880381791318, 47.1948619488167, 53.31351162525235, 32.12659517452907, 31.139866283482974, 47.82282970910566, 30.23314775461555, 47.633000319961745, 43.836941772291915, 27.195980974921888, 48.084570616709144, 51.202594873478766, 28.660424544108317, 76.93666510584154, 28.924927505223682, 45.11775029904034, 48.87174274887395, 19.73548811028212, 57.24873298968768, 59.78308321533688, 24.334759340782686, 42.60020233860419, 38.70370374672612, 61.04455005887193, 12.024565165216353, 22.449157269191666, 36.52143683942869, 56.440770793966415, 59.207212856511475, 50.83842861244934, 46.39407958587058, 23.694323963803125, 11.097349672094825, 33.13257794900801, 48.135477250859196, 31.78357069298012, 63.45084438862434], [67.69355910507676, 47.73449370755127, 68.300871816257, 60.04880774954959, 61.430268235437, 73.45703447088408, 9.079114897765013, 27.77870583399656, 40.99436982555602, 0.0, 19.695048944330537, 37.770637843547505, 37.689578724655505, 45.07608971830713, 68.63188631051761, 21.18483106340763, 60.24462157482047, 49.81679221437167, 15.124167272336045, 40.11980758945338, 82.34603696763361, 18.446727504489367, 52.86712076883338, 51.66964947064556, 43.81823095951275, 84.15685544454922, 26.42918977499134, 28.931086517109268, 101.8405625950954, 56.98461418347872, 12.186154957858768, 103.13907979281258, 99.25166509807838, 78.71964943906232, 64.26857147592821, 71.84113840999936, 21.06057757938148, 39.906515045264136, 68.54261059604946, 34.07863482474204, 14.360429994421406, 30.191792124562138, 66.72902454906676, 71.3735660926461, 83.37321972296677, 83.7128198539708, 50.68859209356966, 64.77513389091945, 31.614135598116626, 69.70475711747827, 46.21915833299458, 37.6050896809895, 26.83803957865084, 56.4734972714204, 60.58881387765838, 1.587181566202787, 78.6634103462634, 12.434615953410471, 39.620407697964865, 71.40599209033903, 85.89970310177854, 54.95421089872514, 61.610807208219086, 73.10890893559214, 68.14578604824587, 76.90075497085847, 30.28905898834903, 68.38579039919387, 71.25968035256825, 57.64416630071943, 70.74304965637323, 15.818758122138973, 22.24420627527447, 85.97756491976224, 86.582636899994, 65.29222986784144, 29.359493072194784, 3.1045543720172826, 68.08192827805631, 32.07408324317253, 23.50933018979846, 30.263129721525345, 92.01136659016966, 23.72960107849226, 30.643742766822875, 78.93614703904962, 61.66143060562635, 50.52938045997901, 69.17013875859048, 88.82641186135255, 32.280783373006436, 62.62934025935649], [86.96644195285315, 40.12562543471012, 77.68139100283113, 65.86350400002667, 72.10981674292256, 91.18871476530948, 19.135387959064282, 15.46403547361577, 46.39278454716899, 19.695048944330537, 0.0, 55.89700496018104, 57.296815276603816, 64.71010973738598, 65.81188840068404, 2.5251560483916253, 52.81822833062048, 40.703357905739516, 7.669823783473696, 26.872551340287167, 95.308618828103, 21.409511583523024, 72.55750421203422, 71.01330714039966, 52.64266551331878, 96.61407626425766, 12.669896562505638, 40.40595624780047, 111.36702814445752, 46.01342147312001, 15.128927585491686, 113.31743619768412, 109.56203487491723, 88.43223303880586, 68.71480144845418, 89.1479946427454, 39.902615287695546, 48.152097783374245, 61.4178516610496, 30.721703967249905, 11.26802402498886, 29.736186837367523, 86.15462599311023, 84.03681741611607, 80.31433846437965, 77.0490506995871, 70.33923825096961, 82.72255573111491, 33.20646742682122, 74.28614436376563, 64.55536535433593, 50.682684938520595, 46.531063092576964, 65.18252486652166, 56.505092110359904, 21.22041591175424, 72.2260093810252, 21.01320479074617, 56.13929017095176, 72.69620115016122, 94.14436792477436, 68.36641851238039, 78.33326670670846, 85.83873491192026, 72.45689606549003, 89.91745661791698, 49.9615293300915, 69.10491343448344, 90.88918590342986, 52.38850772619174, 84.68846672580953, 6.669289129044193, 33.23798002019578, 77.45409794471732, 100.57581510023967, 68.68761305023754, 12.929151934060261, 21.96349527009196, 86.37259768322677, 41.94586680852585, 23.98397944670417, 48.58049759836956, 102.09144221030446, 14.457458575789067, 50.33013069402929, 73.11513139246823, 69.77222356200258, 57.36848281705229, 66.54000193275829, 93.65445029547732, 22.459685777956267, 81.81848863071356], [32.63720521436332, 63.83405629561271, 46.441426208708656, 48.20298762587423, 38.20894967440513, 35.69162582204737, 44.676549261076964, 56.69616374571047, 38.72184934280959, 37.770637843547505, 55.89700496018104, 0.0, 14.155002435763919, 17.93255515613758, 71.24016494372478, 56.58454111581359, 72.67954592965404, 67.48145992930336, 52.796222396549865, 65.88814608687966, 50.92803144619409, 40.11329551171134, 25.65377761832248, 18.341771417721564, 32.44417596017252, 53.56475132157735, 57.05916388428331, 24.649584791243168, 75.47323808824363, 75.71975373692466, 41.943546456730346, 75.46223279394536, 71.59223117426563, 54.32597070971189, 54.03142891897413, 34.24125259416054, 29.771057313425526, 32.43999415873338, 78.73159702658445, 50.209192728741584, 52.073564621503955, 45.01116574177449, 32.74258773241691, 41.69517360449643, 83.68765707905148, 90.6079113829067, 27.90354251969588, 27.009654388865766, 42.479768125239374, 57.81286016567672, 8.692581589249956, 19.844893883299413, 19.501674237609567, 39.41679927126529, 67.36497585953803, 36.664901006846996, 85.8951341042672, 46.770540693572656, 8.158516397798714, 65.69447216857452, 63.58853031575598, 26.68997397279759, 24.804389559091067, 43.06812165030645, 57.17913914768602, 45.854925634344646, 19.99890692143305, 64.46900393106532, 39.37160612601845, 67.17665515212944, 38.4263852054314, 53.398314742228656, 27.853574176744978, 95.95223191741704, 53.015321625873106, 56.91193129986247, 61.215241448876306, 34.82684693663175, 30.48201884868758, 27.765306257985124, 42.691522903099894, 7.51853683148071, 65.37048022264656, 61.314198415998185, 19.25248692113348, 85.01663189634755, 44.307777075873595, 40.09182926218173, 71.31572382676372, 73.0385268928832, 56.9093063879742, 27.324114170738028], [30.599135817509875, 73.21796904692755, 60.51955428439128, 62.0591779143464, 52.291969365236035, 41.145861008221374, 42.15496484268361, 61.72444201072478, 50.82154177366148, 37.689578724655505, 57.296815276603816, 14.155002435763919, 0.0, 7.442774350173837, 83.73693901546316, 58.55725322265328, 83.25370880110492, 76.57800429192783, 52.49768109679124, 72.43269941258853, 63.080028860845296, 46.081255479404945, 15.711824643895431, 14.736219505836495, 45.71603622867114, 65.95479467641545, 61.423747740017895, 35.29504643339709, 88.6254687831338, 84.76350258356022, 45.51345776985411, 88.31292897833775, 84.50074600685672, 68.08830766949016, 67.84471487443757, 41.09747681738028, 22.173609762577772, 45.04042095702465, 89.94955141770443, 58.87260157567322, 50.84880221605328, 53.60250802566099, 29.261979192218483, 54.71736063782998, 96.73173611648073, 102.68287585689023, 15.55282048396607, 32.53137211446335, 51.87757256573706, 71.79643662054356, 16.092818934098446, 33.09659694185617, 11.67385730299442, 53.49165853972804, 79.0112593328613, 36.23780816496227, 97.83809553464626, 43.28584344218391, 22.300941583676824, 79.23983850576916, 77.47826398473627, 40.53794247230276, 34.42248147085282, 55.94165844877537, 71.09287926286615, 58.305338389158536, 9.532306633208846, 77.7850975968312, 33.593820272698295, 78.24668686789676, 50.64968253445898, 53.30286960330742, 36.11972113515307, 107.50152493789501, 64.05133616501882, 70.59824471144609, 65.19154339992879, 35.34479822076291, 34.26929164358482, 39.07802922508474, 49.782193877117415, 14.342861997568669, 78.60043662096544, 59.332452968970834, 8.785024026107557, 97.15827471641586, 58.435884884210424, 53.59519785748091, 83.88991225028968, 87.19271270563381, 63.463559756854366, 25.89634393401296], [23.921239098622248, 79.88739301909878, 62.61169755207798, 65.94392588223465, 54.48332301605334, 36.84265545920589, 49.24846063471988, 69.08737710613968, 56.33388041957375, 45.07608971830713, 64.71010973738598, 17.93255515613758, 7.442774350173837, 0.0, 89.05469767249234, 65.98935659767822, 89.55563633931517, 83.33267183682038, 59.80543193934754, 79.66240580520952, 62.32790266898316, 53.30462768659313, 8.485384847987657, 9.025866829479938, 50.3745938668883, 65.38966542153912, 68.82809533065912, 41.355738469695844, 88.71268456969433, 91.54789470911602, 52.92949699592298, 88.03101652790801, 84.31276062028893, 69.28157612952218, 71.79583145037456, 37.475719033300074, 28.51856936332424, 50.226356084481914, 95.99372401276136, 65.68308300365538, 58.062716237219604, 60.407505299958295, 22.25776586290407, 54.99265967316222, 101.61552070749934, 108.28965131816301, 10.005924661429024, 28.70681002112139, 58.46771281500871, 75.37934032738215, 15.961848317348794, 37.758456462389276, 18.65823279711154, 56.86323855781925, 84.83249171545381, 43.60935997505443, 103.51921394288068, 50.19848053591757, 25.776431369395983, 83.58093277468892, 78.87829915496584, 42.28805066376024, 32.687003563022984, 56.027280199450054, 74.84216589349451, 57.91109472380998, 15.867278546179081, 82.3975929985191, 26.183885817645237, 84.33853867509812, 50.18920573425871, 60.626366729888986, 42.87035624068217, 113.4041076192763, 62.35833098338205, 74.75089494366244, 72.61647828184104, 42.768462802823514, 29.538315444328394, 44.91344032419178, 56.86362100126578, 20.535911689699066, 78.8605247959825, 66.39392363521908, 15.246898708519517, 102.7201827390324, 61.528872768180065, 58.007927740086146, 89.15262302881581, 89.72875474460092, 70.67262271965332, 19.635683962958], [98.8799685044225, 27.32935601674145, 44.44522812220808, 28.92927305013219, 46.979088171698315, 89.03337972586986, 76.37401449821816, 50.938736554455296, 32.94331244071984, 68.63188631051761, 65.81188840068404, 71.24016494372478, 83.73693901546316, 89.05469767249234, 0.0, 63.7198383332358, 18.434895077485848, 28.953429248613592, 71.32013838169671, 44.05271188361774, 68.09115259117087, 50.29348852720238, 96.88181984591876, 88.56774830382157, 39.14903134650624, 66.90120706817004, 53.87920426316979, 48.934268838527004, 66.91886611404993, 30.517985600760998, 57.64710875897157, 70.69532192247956, 68.1888006627954, 51.24019817219735, 24.697906318770443, 84.99267386588826, 83.73409837252797, 38.828341855091566, 15.096069321099936, 35.632740744898584, 74.30029548230102, 38.568002962147204, 100.35485557931761, 59.97103991743428, 14.777630733346218, 19.861758999268154, 98.86851821092235, 84.72420761838711, 37.11292355525099, 26.61032805640125, 76.502945479699, 51.453153348268394, 80.88476817474363, 38.43535979839786, 9.68504582115808, 69.51255611180444, 15.806335403288537, 79.791424913822, 64.04825953008593, 15.331349047026054, 49.76937761439917, 55.81389423726629, 74.96314986202461, 61.25258203460822, 25.102235943644587, 64.85415734910237, 83.9656504343934, 12.329297723746787, 108.11234879021191, 14.553044055185735, 65.64608490319999, 70.75455918076236, 50.91597206963514, 26.75957223532297, 76.11303907949907, 21.180874500253733, 56.069773981521216, 67.1539469904291, 89.5337041996925, 44.885647350610256, 45.370049531295265, 69.45835851382186, 61.72281841393788, 80.24597601158605, 83.63739854590764, 14.265470401888225, 37.27777438282279, 32.59531849687186, 0.9173046748721797, 38.89894493605026, 43.86069598385874, 94.17522868680453], [87.9748923699704, 37.81436676344745, 76.78328791058844, 64.59226458512535, 71.40956694410563, 91.67308276668257, 21.36423603762725, 13.110975185413738, 45.23455738431298, 21.18483106340763, 2.5251560483916253, 56.58454111581359, 58.55725322265328, 65.98935659767822, 63.7198383332358, 0.0, 50.46400704328565, 38.3015292227322, 10.146642677501077, 24.358345534261915, 94.86038862565626, 20.68719722372279, 73.93317701115636, 72.0779436133658, 51.83074980050459, 96.08457245909236, 10.262337091115104, 40.10098950891254, 110.39290402979434, 43.52167557440503, 15.121181234567475, 112.4259277322818, 108.69557396712185, 87.53879291951877, 67.27804860585154, 89.53082839843802, 41.73801815792099, 47.31473670356607, 59.057507517492134, 28.87388700420881, 13.756493281054677, 28.221610114492904, 87.24797991244279, 83.5750718169707, 78.16533363149102, 74.68476430373327, 71.87021544495725, 83.28013992910972, 31.836540414659233, 72.83857200397824, 65.2668581120966, 50.47391935426294, 47.98406366344641, 64.26088983004867, 54.3542328641903, 22.745123752712512, 69.88116382109311, 23.38280003898721, 56.46826138647182, 70.92681661845289, 93.04774220571758, 68.08511841721794, 78.61067566879593, 85.38131413188722, 70.98843713327007, 89.4922282709596, 51.46472711690205, 67.29704553176933, 92.14381554720475, 50.17182288114225, 84.4286021565721, 9.162827678826547, 33.02096169820026, 75.00651948981324, 100.28258672340012, 67.14095919555363, 10.410958134449706, 23.234022842169345, 87.01977201375338, 41.40118574419399, 22.78617344234596, 49.355506299474484, 101.20999099406977, 16.695212060616907, 51.80462138531871, 70.80297952524187, 68.75052746832263, 56.27204736396508, 64.45996828940781, 92.169795839465, 20.16910363828914, 82.79288662822228], [103.37193109166428, 12.828038433082293, 57.35798474367969, 40.668288797174995, 57.656088794840585, 96.7619137069687, 66.6531362415056, 37.358940236592055, 34.94516765662938, 60.24462157482047, 52.81822833062048, 72.67954592965404, 83.25370880110492, 89.55563633931517, 18.434895077485848, 50.46400704328565, 0.0, 12.401803311752374, 59.355965494536086, 27.89303431979896, 81.15973052312509, 42.14989691072541, 97.87416757707888, 90.91956349651085, 43.932143546876866, 80.53071584281425, 40.21070363339219, 48.2267472318457, 83.79179414875661, 12.086608000290333, 48.233458253257936, 87.3202635301576, 84.50525560978426, 65.8505230493576, 38.418352812133094, 93.02424573736937, 78.3753163422334, 41.69469282133015, 8.6051134103645, 26.390182391145125, 62.70140735028808, 31.090523555783143, 104.30286872392357, 71.6690604096837, 29.96720301856273, 24.23652143045954, 98.79953026619211, 91.08488947284042, 31.698814685270758, 42.02177854319452, 79.46310735579404, 54.21126034239584, 77.93846237697848, 48.26789995077614, 10.403200333892965, 61.430025712783255, 19.422734421256216, 69.84954363295722, 66.76346698115263, 32.62735463489178, 66.05722701608781, 63.69066860646421, 82.10199417136937, 73.1928434809806, 40.18650057084411, 77.1737404815326, 81.38255424785646, 28.943679987751274, 111.59529337705354, 6.662749190671262, 76.39846033849577, 58.616423091962666, 47.50520956663326, 25.74309342174093, 88.90144886130871, 35.610925429341194, 41.40418478700014, 59.521671758510514, 95.87420137467365, 44.91467601134535, 37.100631134327415, 69.06816981125338, 77.61777488451997, 67.13153253496668, 81.22255675812671, 20.491781441525536, 48.98096950294896, 40.09116691663026, 19.351915434796886, 56.84913948053485, 30.405083504418766, 98.29805596264666], [99.40088183721521, 3.984766783909475, 60.829878159308535, 44.41380834383388, 59.43509216195642, 95.12700948861898, 55.51197050632041, 25.255810369682724, 32.96741637792158, 49.81679221437167, 40.703357905739516, 67.48145992930336, 76.57800429192783, 83.33267183682038, 28.953429248613592, 38.3015292227322, 12.401803311752374, 0.0, 47.47985569437962, 15.551615351817615, 83.96847572586532, 32.53713130480975, 91.79120762560646, 85.80987409057656, 42.66191782171395, 83.83032143232755, 28.04138855046253, 42.897316393617785, 90.25268952685522, 8.241277525142616, 37.63743356476391, 93.43628970674261, 90.30848548788993, 70.39309444072289, 43.73367950988624, 91.6827723783682, 69.0823696374281, 39.376953750881924, 20.875829904657675, 17.72822685986995, 50.91025933280848, 22.982875658416088, 99.96137035581108, 73.63700901051982, 41.91760631026645, 36.448992565811444, 92.06838496709669, 88.61250806835064, 25.010825028245527, 48.297388199991985, 75.02518249765662, 50.73803566439753, 69.95791806674964, 50.04136360132483, 19.408189098803632, 51.12263829783497, 31.74730527665297, 58.579062696216404, 62.606863307024646, 41.06608847657453, 72.179003713307, 63.165616958025815, 80.39509130607009, 75.30189221351276, 46.33593915238948, 79.46902741216279, 73.53019825625972, 37.16409763406082, 106.84326248093842, 14.43236670976469, 77.49132811004091, 46.69346427499932, 40.47612894909349, 36.902870224754295, 91.307496402597, 41.68172557234245, 29.032990359076063, 49.48676245395473, 93.28572682004868, 40.3545563754909, 27.771385271643062, 62.85241863868413, 83.08751990339381, 54.910817018797054, 73.46887745665533, 32.89092621283963, 52.024265485208296, 41.06320229849032, 29.840872844434823, 65.2304747022027, 18.523000648304755, 94.17593708739285], [82.72386942430893, 46.55265696824947, 79.21427193241082, 68.65214394690231, 73.06360526114564, 88.44628314297096, 12.001090371067987, 22.319238086312634, 49.034615771663965, 15.124167272336045, 7.669823783473696, 52.796222396549865, 52.49768109679124, 59.80543193934754, 71.32013838169671, 10.146642677501077, 59.355965494536086, 47.47985569437962, 0.0, 34.24849359847023, 95.35424326515461, 23.59959804945154, 67.34108827684359, 66.6847512818534, 54.13161648009883, 96.90471257309852, 19.74492182231583, 40.56920675461968, 112.99779367043058, 53.20198566218214, 15.984922861009782, 114.68065509187113, 110.85738034582408, 89.89315741259152, 72.0126620813771, 86.71407469017667, 33.61708878284617, 49.78322705578542, 67.95695729930257, 35.74675315170509, 3.6146427744898837, 33.7970715901566, 81.6744298802614, 84.17877284592522, 85.9849006742121, 83.57471437027792, 64.70424565611336, 79.80436365034421, 36.74765932154076, 77.58620925231271, 61.30100254622968, 50.35771127743453, 41.27490452695527, 66.87840651330637, 62.262946170556, 16.416076617873884, 78.67767035087643, 13.473458177300348, 54.1109239577399, 77.06353866464619, 96.22385100163878, 68.06236905741633, 76.26984534625707, 85.95767715731375, 75.83476096503284, 89.91688502126784, 44.5266653583648, 73.6185187403146, 85.94198370568338, 58.40319048617982, 84.20872574371559, 1.04039974019295, 33.34305038248584, 84.36293643200611, 100.12494658544301, 72.34117705190162, 20.53803903709187, 17.976046987292786, 83.17436932861044, 42.800239915368536, 27.35277176111954, 45.31090183964004, 103.45883468009171, 10.249783797810364, 44.974275141605034, 79.43083512609198, 71.74494799752694, 59.682099262934834, 72.00264665280338, 96.99208019474419, 28.990305502977495, 77.6943359243223], [98.51949143109202, 16.74609165793023, 69.82040868268976, 54.46458507377638, 66.79018157212383, 97.37405116527869, 43.95833497119994, 12.50442421870471, 38.57697395058064, 40.11980758945338, 26.872551340287167, 65.88814608687966, 72.43269941258853, 79.66240580520952, 44.05271188361774, 24.358345534261915, 27.89303431979896, 15.551615351817615, 34.24849359847023, 0.0, 91.59336049149478, 26.358290058896618, 88.10774776701366, 83.68685393974468, 47.86725866100624, 91.97199177625592, 14.610532738393674, 42.85810468886181, 101.39225816951749, 19.296889168487436, 28.446420585228285, 104.20863468431628, 100.82601223377502, 80.10349610249858, 55.127179031967934, 94.37529151947089, 60.841868449846224, 43.72080059767461, 36.20139946417452, 18.288728317945267, 37.83577564709516, 22.31635364892396, 98.56403478792622, 80.64856401339748, 57.41758409342919, 51.59041877400254, 87.41214603966445, 89.96343325898937, 26.129530753517123, 60.23750262139742, 74.19324370847407, 52.53157258006616, 63.96475120378341, 57.89595754506515, 34.375124747468504, 41.61910500200652, 47.04766583326177, 46.63455341689066, 62.715074569234396, 54.787700143896, 83.30926634347891, 67.81558296014319, 82.95133186668606, 82.41303723336567, 58.2580440547307, 86.66109313541084, 67.62339821644198, 50.88678829408878, 104.74524900226373, 29.535589553623087, 83.4296481305564, 33.3410540456751, 38.07731096192068, 51.07747413641235, 98.34092930078594, 53.760239710645614, 14.24020258914746, 40.65498930407476, 94.36845975286352, 41.70334030154592, 23.19671609182687, 59.9783421605861, 93.40378414801398, 40.456857422333556, 67.72539606351106, 48.32592444041857, 61.00035260926843, 48.798916977096034, 44.911057015944124, 78.38092369516087, 9.016980468970642, 93.20750214173886], [53.510819041708544, 80.11282094906304, 23.8713383081081, 40.49517737892745, 24.816273958041425, 34.62982743261534, 90.96676076660275, 88.47416859612736, 53.033036111229386, 82.34603696763361, 95.308618828103, 50.92803144619409, 63.080028860845296, 62.32790266898316, 68.09115259117087, 94.86038862565626, 81.15973052312509, 83.96847572586532, 95.35424326515461, 91.59336049149478, 0.0, 74.23203207762663, 65.25310306622445, 55.10646819461716, 44.11792274078018, 3.3852553828135155, 90.32488713265435, 54.95694756832202, 27.32603934269443, 90.52463947160086, 80.27843728716184, 25.930923354607163, 22.4225093946725, 18.176580678104024, 43.518629576684184, 30.87543375886153, 80.39151700554613, 48.5608443517185, 82.233826232163, 73.44102820511807, 96.00319798064707, 70.40253724033516, 56.56145052190436, 11.290104456517863, 72.49977115118001, 86.09098299995063, 70.49661307907445, 37.40034874511627, 66.27167074724062, 41.81628625945148, 47.0770673215338, 45.00490622577662, 70.4236732821694, 33.9965443939794, 71.30793704559221, 81.82951707509437, 83.22980606006101, 93.819524186626, 44.85335569427597, 53.95319088115578, 25.51066231245