instance_id,num_cities,city_coordinates,distance_matrix,best_route,total_distance
449,74,"[[21.64188821843924, 89.10407090020557], [24.616169344264584, 77.90162798665423], [80.49850572589834, 62.471351406513996], [44.42155620618876, 64.45828782214089], [87.81142592690307, 37.53211849258473], [54.64635699087741, 66.02610682536526], [54.29734325078995, 37.29501282344787], [51.77198158394746, 92.70123590742946], [7.8323300283933195, 26.75040857513915], [65.53757236054689, 4.879604333874898], [9.301263046761077, 85.5398448402664], [9.2862810034391, 31.571681274813777], [55.762901608253145, 52.27185446644776], [91.48337617557583, 46.94172302628849], [37.716622354176735, 41.86457074710533], [66.4664726629608, 18.097681458638448], [99.73021564211122, 42.33916762578963], [70.78475417127864, 91.13801474420158], [31.113489827839615, 86.90040262398763], [97.19753025752509, 90.73965728175817], [29.515343443161434, 12.860568178637156], [7.387274673097499, 66.64859314706175], [31.96579565250187, 46.36649408900393], [22.716665848678463, 55.174461137824], [51.64850170157297, 61.07253010267626], [17.957717142437513, 99.11064442956584], [67.25422136559955, 56.44401873219561], [18.580075616735847, 66.48178094824495], [70.01208254977963, 38.144277560188925], [25.800299256698743, 93.28711116183726], [11.046877526870825, 55.91236901146619], [49.50558661374394, 64.41504170766024], [35.08223550756582, 76.17457856862404], [2.1931480854873953, 57.997900501000764], [16.70279077217667, 53.746318337332596], [84.25062990206666, 27.96151354050772], [16.166417790119393, 3.5442079492125744], [38.01746041127668, 81.12261612122958], [14.289618765811507, 74.77046245215719], [13.22480808122879, 55.783001225055486], [44.42456036933889, 13.750069441496093], [71.91926330394995, 22.340879684588486], [68.87920917364238, 20.662017374087725], [67.91828140584106, 63.525123909934656], [47.19630097651215, 25.370738495056255], [92.16856130287574, 86.2652793916095], [22.022565972293773, 39.45171520943671], [78.04594170364203, 92.9510832621272], [3.648486970616116, 60.73517370459568], [77.47702942592694, 44.48776540241583], [85.00690120618735, 11.96814725306876], [26.67391764423198, 77.25694545657109], [12.833445140863486, 97.27846405409501], [9.840402845606967, 63.38692994791143], [27.912422952841055, 46.087761014377016], [14.705762855562753, 35.42021612078966], [82.64713133239552, 83.94538320161824], [8.19438264961022, 90.30709327240743], [52.87506968421384, 42.35324560364424], [39.165031065154324, 0.8698720741113997], [69.1705823771476, 46.897233544119146], [67.00959985801444, 45.96342021548099], [3.235080304935578, 34.31764310488088], [41.069386997107415, 76.43288852221912], [13.228424861657695, 9.44461606658058], [30.983093139330986, 83.85129273311314], [78.99985583002737, 5.827243819279526], [57.254462372513814, 49.28196814352681], [37.00256919012733, 84.47870508360361], [3.0210413578021345, 6.580928635987138], [79.84570452191613, 4.155480384608201], [1.6980033913497117, 11.093334344328321], [72.27074406550584, 60.955641831378585], [25.783237825673332, 17.41517245528058]]","[[0.0, 11.590559755543191, 64.60188210918471, 33.56080894679268, 83.89322973688475, 40.27266299601339, 61.241793263838474, 30.344062389591777, 63.86456844567786, 94.97679640147184, 12.845027716365825, 58.844174611079836, 50.20812406544422, 81.58122957095006, 49.89957366801245, 83.97113023028533, 91.02056392976304, 49.18493876807483, 9.724576644708247, 75.57334309629287, 76.64895957825857, 26.59779104453935, 43.96684587732504, 33.94662819164757, 41.062928928776294, 10.663237328116697, 56.09958950602643, 22.828550087084558, 70.2607731021289, 5.898322489788955, 34.841689480066755, 37.22813251742372, 18.649791076705327, 36.68579193180184, 35.70105530486498, 87.51152413077449, 85.73488744148503, 18.217106933639858, 16.109258122148482, 34.36773082896846, 78.72277742924577, 83.57713890043247, 83.16056265981402, 52.87520303096811, 68.66560762765603, 70.58378251119912, 49.65381497120746, 56.53509311635026, 33.59399971066627, 71.4715167736924, 99.82522520803249, 12.871507348374376, 12.017045097911833, 28.295695710926395, 43.470938821803365, 54.13008497154752, 61.22296747270967, 13.501209903253327, 56.22411662608498, 89.957403128976, 63.5640927571154, 62.604672356886226, 57.795875701791616, 23.194537539070442, 80.10252873690222, 10.716799328473734, 101.11857582659306, 53.42335917782541, 16.04196150261465, 84.59790155179816, 102.97546922872225, 80.51977123655216, 57.927671310228185, 71.80841828654984], [11.590559755543191, 0.0, 57.973519427491134, 23.93693262574168, 74.98891752343997, 32.29303598212778, 50.29780591121389, 30.926793125146084, 53.83441751766191, 83.70649415169689, 17.113991691131485, 48.80030162677433, 40.33614038826301, 73.68676315713859, 38.34437851304204, 72.99287573587334, 83.10721110802068, 48.02853484465841, 11.099239543310997, 73.7079978577829, 65.22531232429138, 20.57827992547608, 32.38026678107311, 22.8064075755984, 31.842825381308327, 22.229650564048697, 47.73292862470409, 12.916939802761997, 60.34431082293854, 15.430983642767602, 25.838985868324578, 28.308498749933847, 10.607602963295594, 29.982499065200205, 25.4185079160794, 77.78357099615742, 74.83598209385181, 13.782937525282968, 10.79082223251647, 24.87964552086514, 67.14011333603106, 72.96971597892049, 72.35737500777182, 45.62627289688761, 57.17828867068431, 68.06817409151978, 38.53728806009491, 55.50879820770177, 27.098539752913165, 62.53604353787863, 89.41065024069974, 2.156372794906557, 22.678059124137757, 20.712308774705367, 31.984174517748688, 43.62208742011921, 58.34483290203428, 20.580832033733593, 45.41203517209815, 78.39362726869544, 54.280458688675765, 53.07779259124072, 48.546006083738376, 16.51864300559244, 69.39771758081277, 8.714139613721981, 90.29010028174767, 43.40902096723886, 14.024294787289834, 74.51839845715915, 92.13466145855321, 70.6299541982337, 50.577909591413125, 60.49771360629375], [64.60188210918471, 57.973519427491134, 0.0, 36.13162330933137, 25.989308190128416, 26.09539960041802, 36.33660605362328, 41.70202760318467, 80.97134584075418, 59.503267624907124, 74.84118354499107, 77.62712518295342, 26.755931097520907, 19.0220066350557, 47.48609221631707, 46.539451399026674, 27.841758027865662, 30.26771474989809, 55.09680878814547, 32.83221797814208, 71.13728030246358, 73.23046807589725, 51.1350210353503, 58.24075572303282, 28.883895742154667, 72.48301890698399, 14.55128198418824, 62.04817106323464, 26.490971914091652, 62.78140521081851, 69.76065445187925, 31.053807610006793, 47.43855009589762, 78.43303384541937, 64.38959115039337, 34.713215716372744, 87.24119310402727, 46.39513860827806, 67.34155362780561, 67.60535794547822, 60.62254407316485, 41.03727770160713, 43.39387588824332, 12.624281382792692, 49.854712110048986, 26.50172081449905, 62.84376803401417, 30.578245931925988, 76.86962791441017, 18.235643246073998, 50.704035929807986, 55.81845638831429, 76.09267714332195, 70.66403460535854, 55.079198755538876, 71.13683247550917, 21.581256532788895, 77.47718850768705, 34.17297762625458, 74.18354523390475, 19.258115032031007, 21.31812312846779, 82.23301161281958, 41.827980137251465, 85.6568645252254, 53.93401500673591, 56.6639292307248, 26.725369637705406, 48.74648819137979, 95.53270038252789, 58.31952471047301, 94.07029183232848, 8.366208069154267, 70.87890943770905], [33.56080894679268, 23.93693262574168, 36.13162330933137, 0.0, 51.06563804697334, 10.344303142959463, 28.902848966925976, 29.183777510498956, 52.54194162377648, 63.210012374829454, 40.96177532667035, 48.12500861061381, 16.64738037835614, 50.215982924546, 23.567608899220346, 51.33501888552961, 59.56763623696586, 37.50767968806187, 26.091246568721388, 58.957729075501454, 53.70772617925889, 37.09899521669881, 21.964948701354988, 23.607026567019783, 7.980732831524207, 43.6018416634008, 24.198328606079873, 25.920583394022252, 36.70561502833227, 34.319852352980085, 34.45144271676243, 5.0842143357025495, 14.983136519696192, 42.71972678690332, 29.71659885365833, 54.02193669645835, 67.14817922830618, 17.852514685898424, 31.847678086648017, 32.38051406500155, 50.70821846963428, 50.29910500058059, 50.162636432263085, 23.515248031756315, 39.18591227645098, 52.49115522651343, 33.57146760766604, 44.07310622211975, 40.94270085889626, 38.61976275817304, 66.35047163155558, 21.88114055000821, 45.551868551924976, 34.59774523639873, 24.698739562406058, 41.548020200605514, 42.906193959125815, 44.50358240753426, 23.66632167457949, 63.80531070297027, 30.346415336352848, 29.193832290479783, 51.037087114534685, 12.43495477806924, 63.24172296123581, 23.594086739611143, 68.0680404135555, 19.874711561710587, 21.350842504865298, 71.16032136011289, 69.93782144693097, 68.36022399620587, 28.068590868800964, 50.600806470580956], [83.89322973688475, 74.98891752343997, 25.989308190128416, 51.06563804697334, 0.0, 43.72446876338199, 33.5149214040505, 65.89744353828848, 80.70254673482718, 39.526082952655756, 92.02492849516545, 78.75103299054564, 35.27559677145502, 10.100686912751348, 50.281800758601875, 28.867011841655913, 12.851664080748357, 56.244996790940334, 75.17900927767279, 54.02907678747359, 63.301805881387416, 85.53252715312344, 56.540079703903174, 67.44316157812928, 43.149832760967904, 93.12065016695477, 27.93310992439389, 75.04040792843382, 17.809867023108225, 83.39064119226168, 78.93433663620499, 46.79774445497575, 65.37283260657304, 88.03032280837016, 72.93379374592695, 10.211549709971143, 79.29807850146223, 66.17832337921747, 82.41450351172517, 76.78709710733345, 49.47732773683856, 21.984871374560267, 25.35801930239739, 32.73184274620423, 42.396786885094876, 48.9275546077544, 65.8168591295767, 56.27278505852141, 87.30281819581377, 12.457157580027259, 25.717347927885278, 72.90992248200745, 95.87138994875959, 82.14591721890079, 60.50693824882722, 73.1361614027447, 46.699690358820106, 95.52000598424, 35.267439007349026, 60.91462915830675, 20.861122409279343, 22.44555226638026, 84.63740952312195, 60.81190765148742, 79.6964982946502, 73.31388210795735, 32.90657754343565, 32.73815798856156, 69.17746681865589, 90.2628687164062, 34.31403049617893, 90.08069076125494, 28.11003803484053, 65.20880030325159], [40.27266299601339, 32.29303598212778, 26.09539960041802, 10.344303142959463, 43.72446876338199, 0.0, 28.733213762783016, 26.82954612968231, 61.10755758076902, 62.10888293288137, 49.365610662838286, 56.96177607487913, 13.799497448652914, 41.487102663409786, 29.502470075065894, 49.36445171006494, 50.92764867465238, 29.850557496912796, 31.456828543283983, 49.20733606413733, 58.80597198866986, 47.263181766988524, 30.015133442440593, 33.72333599399904, 5.790082787247251, 49.402863504176494, 15.835866137242109, 36.069159833090275, 31.835544994925794, 39.68951252203425, 44.75714805593207, 5.387304602850939, 22.039653539416083, 53.06402944800792, 39.881166265591425, 48.22163660165212, 73.38047020879468, 22.459403250647036, 41.29322069655384, 42.66926207955219, 53.26602304219626, 46.97608288098786, 47.544449655032786, 13.505513437843966, 41.332339743719714, 42.63261571376497, 42.077428987296166, 35.672046771247, 51.27159759449594, 31.38693605766689, 62.00020675908938, 30.14281173616593, 52.201814429473345, 44.88361372994118, 33.350275303640764, 50.318700357842694, 33.24370360794894, 52.41519076606696, 23.739035724848016, 66.9701902295265, 24.01805396115903, 23.566102100225322, 60.40319562731545, 17.106584097875974, 70.12068309954694, 29.625787900977034, 64.93840168139309, 16.946043605466127, 25.530405998296196, 78.7331088182193, 66.80555015986153, 76.29638026377127, 18.339264843814597, 56.5340834212199], [61.241793263838474, 50.29780591121389, 36.33660605362328, 28.902848966925976, 33.5149214040505, 28.733213762783016, 0.0, 55.46374498697588, 47.646470304849906, 34.308912223877144, 65.97128958917233, 45.373475166119725, 15.048376885851377, 38.416924166581175, 17.198871040537714, 22.729391592835416, 45.712026769725156, 56.31077671902011, 54.75569154709253, 68.53288310357331, 34.802149352671, 55.33703291448377, 24.103729804450193, 36.290685543299986, 23.92460427085186, 71.70593236656323, 23.12066430220567, 46.12581317238016, 15.737670787898782, 62.82671878060351, 47.08724600958785, 27.540096193535483, 43.36866378062839, 56.06653825601604, 41.03651823898297, 31.373772327824973, 50.92233602404664, 46.753538861737574, 54.81812969574822, 45.041745752055576, 25.53108302997716, 23.11186198242571, 22.119840673261645, 29.555857014019473, 13.878512875658535, 61.90570381237448, 32.34675584287029, 60.511107287423215, 55.80992550276157, 24.270013202305584, 39.80611849246252, 48.57993106227427, 72.91960825463742, 51.54811043500883, 27.811444404744666, 39.635944556274126, 54.58907895076103, 70.25499021223254, 5.2543868297675065, 39.443348624229515, 17.70355571285906, 15.386447113033505, 51.148992439662116, 41.31285684701323, 49.62157451319063, 52.06766229903899, 40.00543230396443, 12.346321368959815, 50.25345784232613, 59.77134851494695, 41.844323078583635, 58.76409200159613, 29.713103202078408, 34.760067049107924], [30.344062389591777, 30.926793125146084, 41.70202760318467, 29.183777510498956, 65.89744353828848, 26.82954612968231, 55.46374498697588, 0.0, 79.24774195292306, 88.89392814849593, 43.070261841341875, 74.44365119604595, 40.625882468455984, 60.588182672294415, 52.743906261300125, 76.03695420297244, 69.54372822607493, 19.07692799857292, 21.457468359978122, 45.46788166387633, 82.88480056505722, 51.46593438733423, 50.39040881488406, 47.46019592337212, 31.628946839327106, 34.416347820824896, 39.42442828943298, 42.298492172805915, 57.52532474785597, 25.978289641953925, 54.88127939423991, 28.37684493505263, 23.487827206627426, 60.51761908237231, 52.415014519557566, 72.42992647185399, 96.00381142131091, 17.979190439027782, 41.55045317604463, 53.37453172732794, 79.29231542108228, 73.18806383905932, 74.04259748752867, 33.34589193932053, 67.48579654133789, 40.906053210512184, 60.996222701089145, 26.275148031399368, 57.77282982990161, 54.637791158650195, 87.30630839732952, 29.469287759505175, 39.20664022631888, 51.16234777038562, 52.36501293494001, 68.22770550603235, 32.092675622249914, 43.64331618746197, 50.360072785759556, 92.69268895048053, 48.99712177321523, 49.15901164914451, 75.92413775804337, 19.473177900284742, 91.7456838882789, 22.594233267613582, 91.04091188741619, 43.76403099293386, 16.904010045178445, 98.9614141848268, 92.88963742369255, 95.74577217593244, 37.78864917560222, 79.64550302593499], [63.86456844567786, 53.83441751766191, 80.97134584075418, 52.54194162377648, 80.70254673482718, 61.10755758076902, 47.646470304849906, 79.24774195292306, 0.0, 61.71083430624051, 58.80778503381938, 5.035736677236454, 54.30178535145101, 86.05339447565825, 33.48893587400727, 59.26915191770024, 93.21067958668264, 90.04871755693146, 64.49832699910799, 109.91252413638018, 25.75035411378478, 39.90066674135258, 31.100079966413027, 32.08535829466915, 55.658466797465564, 73.06522563516457, 66.42794332395059, 41.159397297362496, 63.21504468138361, 68.9201038108624, 29.33859662815983, 56.17192273223228, 56.438514581522504, 31.75226172482809, 28.4159148664176, 76.4278962867604, 24.657347106104247, 62.189058922505026, 48.45226673944268, 29.529142478681774, 38.83297746651097, 64.23845391743366, 61.34973480620503, 70.44644235792363, 39.38814159533576, 103.22121755668329, 19.044316379487494, 96.50119477755207, 34.24133180290211, 71.86792039144419, 78.57753932435385, 53.9065459071602, 70.70514664443355, 36.69151202576466, 27.877290600303226, 11.06388908604153, 94.17281782277153, 63.55771591088297, 47.66861566104176, 40.63914767610258, 64.56218519791733, 62.21807680071522, 8.854250021766259, 59.775001209816374, 18.12755620040563, 61.615491592951834, 74.17948201576428, 54.3159124200594, 64.67966504645761, 20.73539051205968, 75.47487585865652, 16.815883466504616, 72.95414440408501, 20.233183737611846], [94.97679640147184, 83.70649415169689, 59.503267624907124, 63.210012374829454, 39.526082952655756, 62.10888293288137, 34.308912223877144, 88.89392814849593, 61.71083430624051, 0.0, 98.32902360841744, 62.262948458639755, 48.38976710983532, 49.420709874531944, 46.28058988220365, 13.250676158144614, 50.71839643168218, 86.41785859109928, 88.9518342158609, 91.51121038567763, 36.895755312338075, 84.8343391566327, 53.36877563603145, 66.05454303398005, 57.883945876451705, 105.56197961430983, 51.59298126730313, 77.45859967797678, 33.56426263583041, 96.92748906923167, 74.65640557979751, 61.65624761752542, 77.52742027155355, 82.66843094215135, 69.0853937549722, 29.71452599614322, 49.3892112421449, 81.05771652413526, 86.66651484949661, 72.99165104040704, 22.900751659419782, 18.590914882558916, 16.13229983488141, 58.693822007979286, 27.500705721750947, 85.63198979732753, 55.57685337765938, 88.95529609996738, 83.3672808728313, 41.36855156090839, 20.71960922452306, 82.15146478243754, 106.37327814627831, 80.77921664935138, 55.801111502881355, 59.30094287505075, 80.8958243432506, 102.88876164366822, 39.5551863103121, 26.675623463607636, 42.17439894331977, 41.1101786951481, 68.90717410417265, 75.62119129660405, 52.50796362629469, 86.20057774096308, 13.495595459517354, 45.16834979228862, 84.55922921894049, 62.53967663010502, 14.326444131085372, 64.14125822600997, 56.478824196595134, 41.68390075841083], [12.845027716365825, 17.113991691131485, 74.84118354499107, 40.96177532667035, 92.02492849516545, 49.365610662838286, 65.97128958917233, 43.070261841341875, 58.80778503381938, 98.32902360841744, 0.0, 53.96816564502698, 57.144055170518094, 90.79490473525473, 52.105299266795114, 88.40987836242198, 100.21823177087838, 61.73782622616344, 21.854618610994887, 88.04993946058522, 75.43796327002593, 18.987963082714455, 45.25740212736612, 33.19683056760461, 48.90744434292074, 16.09660830745046, 64.84683858767613, 21.196843208862344, 77.02040900000758, 18.227406050071423, 29.678856007253874, 45.416351029888126, 27.429304646008333, 28.44440184447353, 32.64369679069529, 94.51281303228652, 82.28253045950763, 29.053948107513655, 11.868584153179347, 30.01439567237053, 79.92132297838974, 88.96697787919906, 88.08327969273634, 62.61471695176067, 71.10805339818043, 82.87047348456595, 47.811580615906514, 69.14302060644653, 25.440628677684302, 79.58145730984195, 105.56580097260685, 19.246182737453346, 12.258527292997472, 22.159474496265066, 43.62157942182609, 50.41017557161981, 73.36319719376164, 4.8940618945154295, 61.34948230020149, 89.782230583105, 71.2571877417915, 69.97532081814546, 51.580156297531246, 33.04769814530794, 76.19649888308493, 21.747481794029436, 105.88669698077572, 60.11774237387283, 27.72162296171837, 79.20828007611871, 107.70298510669507, 74.83376565701758, 67.59836223868345, 70.09013111825622], [58.844174611079836, 48.80030162677433, 77.62712518295342, 48.12500861061381, 78.75103299054564, 56.96177607487913, 45.373475166119725, 74.44365119604595, 5.035736677236454, 62.262948458639755, 53.96816564502698, 0.0, 50.87802505018712, 83.62177131692069, 30.236201530752382, 58.74625936403039, 91.08262224619385, 85.61664724200422, 59.4785209230905, 105.96809486903301, 27.55577472124667, 35.12827880121837, 27.078531550362513, 27.156333595552915, 51.62226093500552, 68.09335759625665, 63.07864361592495, 36.12602493387617, 61.080455101252, 63.88667376698449, 24.40427789572027, 51.92570527491141, 51.525233777064635, 27.361608088382248, 23.38202613128753, 75.05122861662551, 28.859583212872607, 57.27805700544576, 43.48756240550143, 24.52957417639888, 39.39934676023789, 63.30954248653366, 60.583313332350954, 66.7737520843574, 38.41381659919546, 99.30187340929648, 14.976911885254667, 92.17007067333324, 29.70343435124095, 69.40319444816875, 78.21707530987439, 48.882238812366204, 65.80245950282922, 31.82007383943365, 23.61460850669834, 6.646954491057407, 90.13777795411481, 58.745560381548515, 44.90239000358384, 42.84087759893325, 61.81425485578837, 59.490366357279136, 6.64509866486232, 54.97903002326803, 22.475486934175525, 56.603086762922494, 74.31526475095299, 51.13316619209645, 59.72726177510073, 25.764140685694947, 75.69861503694713, 21.839062482704247, 69.50150879805852, 21.738360709864526], [50.20812406544422, 40.33614038826301, 26.755931097520907, 16.64738037835614, 35.27559677145502, 13.799497448652914, 15.048376885851377, 40.625882468455984, 54.30178535145101, 48.38976710983532, 57.144055170518094, 50.87802505018712, 0.0, 36.115960522795476, 20.83218061872061, 35.811178898367174, 45.07530334037117, 41.66814693697482, 42.50564490299432, 56.538485164891625, 47.351703205794415, 50.46674049767846, 24.518881154260207, 33.17346565202543, 9.714946126777837, 60.19222721999443, 12.225276456013706, 39.80558452445505, 20.065582143227736, 50.79378723294874, 44.86397391893917, 13.660563213705911, 31.607438521222765, 53.874911560759834, 39.08793039076287, 37.45054524673277, 62.78745946340201, 33.871331998260395, 47.18284170144685, 42.682754743272525, 40.15577048891795, 34.01310445452568, 34.223081760055265, 16.56470136136852, 28.23219238546664, 49.80888470888779, 36.09385293088486, 46.382470086272285, 52.79715887763622, 23.067192924997542, 49.79558542306491, 38.34610488490092, 62.19753322407895, 47.24850045836243, 28.528795508389567, 44.380923351035925, 41.544846014856404, 60.905199999221345, 10.330458605250067, 54.0153043167168, 14.444807152029224, 12.895137231528578, 55.51149175161014, 28.278170702365035, 60.36020262611556, 40.14099935221588, 51.9332061370361, 3.3412832471180356, 37.27239325713301, 69.78083208104327, 53.8067546964306, 67.9608986009744, 18.65253402604608, 45.97573839911822], [81.58122957095006, 73.68676315713859, 19.0220066350557, 50.215982924546, 10.100686912751348, 41.487102663409786, 38.416924166581175, 60.588182672294415, 86.05339447565825, 49.420709874531944, 90.79490473525473, 83.62177131692069, 36.115960522795476, 0.0, 54.00593756020674, 38.18146402792609, 9.44425102384869, 48.80312648275364, 72.39626546190186, 44.16911366462657, 70.72172365316877, 86.37427289344996, 59.520360211031, 69.25776798306846, 42.266972129425774, 90.15330774097333, 26.025863414847496, 75.47652016333272, 23.20369575507643, 80.38757114732219, 80.9351765566401, 45.469238857036274, 63.526754299363596, 89.9721284217082, 75.08953635908374, 20.311596952999118, 86.9251893026504, 63.4581563022668, 82.05677864180657, 78.7564072337327, 57.58661313862969, 31.431767458680763, 34.663688422001634, 28.815323638201555, 49.261063765759076, 39.32952534515578, 69.86346950440462, 47.93147060646785, 88.91134372655966, 14.21969258778693, 35.56818424370659, 71.54913434922527, 93.37879389382509, 83.28277087641239, 63.576688689840715, 77.63727860049518, 38.0440545854397, 93.90213937473054, 38.880013569815794, 69.71244282947477, 22.312838152176003, 24.49332161287363, 89.14667193975414, 58.406327972190645, 86.77482604702514, 70.87030819326725, 42.96787963911292, 34.30882229611222, 66.16028530589097, 97.23465640001037, 44.34070320722412, 96.67740241181153, 23.78056250118046, 72.03003101358915], [49.89957366801245, 38.34437851304204, 47.48609221631707, 23.567608899220346, 50.281800758601875, 29.502470075065894, 17.198871040537714, 52.743906261300125, 33.48893587400727, 46.28058988220365, 52.105299266795114, 30.236201530752382, 20.83218061872061, 54.00593756020674, 0.0, 37.301728099750726, 62.01540933250872, 59.341162991705914, 45.5173319956605, 76.98540438795143, 30.141219961507414, 39.16780689649763, 7.303377405627345, 20.053724775706506, 23.72852639241785, 60.56011300537832, 32.93979445760946, 31.18035373630889, 32.50903460028286, 52.785191283808246, 30.14325671240237, 25.44608847851046, 34.410995782892876, 39.01540148538986, 24.14036129710023, 48.56654052078449, 43.96432100823167, 39.25919803222422, 40.39334358571815, 28.17040420991698, 28.90366094594872, 39.38267589491226, 37.69157846013343, 37.16611054163097, 19.023953562324984, 70.25977927240443, 15.878453248455262, 65.08675564305415, 38.94531428159052, 39.84684580629857, 55.947891932008524, 37.07507943196167, 60.74431726233811, 35.217830138418364, 10.675095406352543, 23.896220651280185, 61.559283734248304, 56.72953927001598, 15.166322183473566, 41.020277998614375, 31.8540310785793, 29.578355228185785, 35.2977741356386, 34.73052871109413, 40.62911859639457, 42.52323175415402, 54.79958301232404, 20.898444361209613, 42.62011634393096, 49.48453032313699, 56.54056119515539, 47.37309259215522, 39.47728869091847, 27.206226183309724], [83.97113023028533, 72.99287573587334, 46.539451399026674, 51.33501888552961, 28.867011841655913, 49.36445171006494, 22.729391592835416, 76.03695420297244, 59.26915191770024, 13.250676158144614, 88.40987836242198, 58.74625936403039, 35.811178898367174, 38.18146402792609, 37.301728099750726, 0.0, 41.15976492371113, 73.1678743824858, 77.35404213806258, 78.8749298089522, 37.320414066913514, 76.46922688835389, 44.602942523007606, 57.347477605086446, 45.45778128539152, 94.42562963241892, 38.35442777980018, 68.07443062919323, 20.3577347641678, 85.48209168358277, 67.09159500090986, 49.3251408108703, 66.01436449553937, 75.65109207321292, 61.214780458939394, 20.33645573949785, 52.36314650019054, 69.14830935981266, 77.0339417928474, 65.22927389854006, 22.46658914502424, 6.909244311729354, 3.520953870365106, 45.45063559832506, 20.597011323980812, 72.85203338552222, 49.307764088011005, 75.7437513252323, 75.92137427278094, 28.594910225250167, 19.52738282883138, 71.29702624721209, 95.63523395493422, 72.50950152692367, 47.643040442303416, 54.582426539016225, 67.80658920642726, 92.7891999589096, 27.803931860857055, 32.282597936164244, 28.926223563933732, 27.87103126212956, 65.27860396286141, 63.623960450993046, 53.936678377269985, 74.71684962612301, 17.539935389673015, 32.516470743864666, 72.62617920112989, 64.48223281707648, 19.323271356692572, 65.14610878851762, 43.249211944563406, 40.688959379241254], [91.02056392976304, 83.10721110802068, 27.841758027865662, 59.56763623696586, 12.851664080748357, 50.92764867465238, 45.712026769725156, 69.54372822607493, 93.21067958668264, 50.71839643168218, 100.21823177087838, 91.08262224619385, 45.07530334037117, 9.44425102384869, 62.01540933250872, 41.15976492371113, 0.0, 56.737705451010235, 81.81661644211128, 48.46670913312367, 76.1519277712686, 95.48909317812705, 67.8839890914601, 78.07580682468557, 51.60222945910549, 99.54768751387869, 35.40673705641203, 84.66528807117842, 30.012739580984757, 89.78488451463518, 89.71603120467479, 54.86216891005787, 72.96709100099206, 98.786008436431, 83.80737657204455, 21.12663039103525, 92.13011021243703, 72.8877221168239, 91.38864523940121, 87.54383016020675, 62.25794760624466, 34.254643342686684, 37.70521771787515, 38.22098773614415, 55.206338198228345, 44.572210077686044, 77.76127698709546, 55.06154502571032, 97.8269473312659, 22.35667169276091, 33.751664647233476, 80.972056203327, 102.80746575800673, 92.32110670566678, 71.91555672559274, 85.30550663105255, 44.976760044218146, 103.34278210146313, 46.855148072814025, 73.4019349635505, 30.897688428180324, 32.92072150066532, 96.82797116215635, 67.84891024830193, 92.54518534481853, 80.30830208227759, 41.98652638634042, 43.03942488984729, 75.56783870512372, 103.10827341394435, 43.05099016075615, 102.89128600727678, 33.17522706951315, 78.03435822408174], [49.18493876807483, 48.02853484465841, 30.26771474989809, 37.50767968806187, 56.244996790940334, 29.850557496912796, 56.31077671902011, 19.07692799857292, 90.04871755693146, 86.41785859109928, 61.73782622616344, 85.61664724200422, 41.66814693697482, 48.80312648275364, 59.341162991705914, 73.1678743824858, 56.737705451010235, 0.0, 39.896949395767095, 26.415779928862158, 88.49024184999625, 67.9630206574484, 59.257072170849796, 60.03264364483781, 35.638876600057294, 53.425262426557175, 34.87317050646618, 57.73437734992916, 52.99936982797886, 45.03576133889784, 69.35027053494935, 34.16021457563393, 38.71142287637261, 76.17792066918574, 65.74950741477281, 64.59566636808817, 103.2271168728611, 34.26373811964031, 58.818339763332936, 67.55090210225507, 81.7542286089861, 68.8064888174274, 70.50175392889393, 27.76127530104008, 69.86951945843828, 21.93195744245698, 71.05789581426299, 7.484120645128764, 73.69946483468044, 47.12782948253357, 80.43716420191659, 46.243377727884805, 58.2757182372388, 66.9651899562585, 62.18972700715923, 79.05268085540946, 13.872632786171204, 62.5958867475553, 51.96836055258705, 95.64593284826977, 44.27021879067841, 45.33206129135615, 88.26954782188379, 33.15484555084292, 99.93268950197557, 40.463175092532474, 85.70539966109547, 43.988605720090526, 34.432287569321595, 108.35968616316362, 87.45319951193645, 105.73613381264639, 30.218931162674448, 86.37241428002866], [9.724576644708247, 11.099239543310997, 55.09680878814547, 26.091246568721388, 75.17900927767279, 31.456828543283983, 54.75569154709253, 21.457468359978122, 64.49832699910799, 88.9518342158609, 21.854618610994887, 59.4785209230905, 42.50564490299432, 72.39626546190186, 45.5173319956605, 77.35404213806258, 81.81661644211128, 39.896949395767095, 0.0, 66.19547020634809, 74.05708039452924, 31.19405508520525, 40.542868254986324, 32.818318301224615, 32.996449985286006, 17.948937570248045, 47.26249883204065, 23.958434484001806, 62.37195080309855, 8.307830041154043, 36.917843333653046, 29.049280192796097, 11.43653111467641, 40.8869269506, 36.15054013648359, 79.35583344444674, 84.6857139850624, 9.002645538308025, 20.740734945607223, 35.8928628623267, 74.35156920785393, 76.37436187063322, 76.24810317785027, 43.60041671887763, 63.596826825424, 61.058374809210875, 48.3117256358236, 47.32088096453052, 37.93343625815462, 62.83637163420617, 92.30028540025442, 10.616311379818328, 21.020565948730464, 31.708478787892332, 40.93798412590357, 54.031686136940316, 51.618294688091616, 23.170908808702286, 49.578377912558636, 86.40647836238534, 55.214090862198745, 54.4460030122763, 59.51598370329569, 14.44606312860903, 79.49386404038457, 3.051896856547197, 94.15923283177759, 45.80935557658647, 6.367564268417328, 85.09056094979513, 96.02890661353236, 81.31409744596719, 48.652340015353815, 69.6893736376271], [75.57334309629287, 73.7079978577829, 32.83221797814208, 58.957729075501454, 54.02907678747359, 49.20733606413733, 68.53288310357331, 45.46788166387633, 109.91252413638018, 91.51121038567763, 88.04993946058522, 105.96809486903301, 56.538485164891625, 44.16911366462657, 76.98540438795143, 78.8749298089522, 48.46670913312367, 26.415779928862158, 66.19547020634809, 0.0, 103.17960521104102, 92.98527506698179, 78.89332551813864, 82.53655153836696, 54.35855440913382, 79.68074678579993, 45.527931766329, 82.27483660517701, 59.20576437414367, 71.44266313524774, 92.92402797005629, 54.474827890004725, 63.8000890265375, 100.48808520904787, 88.58843158715061, 64.09927893831, 119.03397654455587, 59.95638537879131, 84.43184808722101, 90.95815451274314, 93.34014670351037, 72.92039191449324, 75.58308622991656, 39.97380692359606, 82.29956544815322, 6.731313857686195, 91.00400132576372, 19.27884200370644, 98.243027918668, 50.28056936299983, 79.70923553056593, 71.80085970370324, 84.61710732220337, 91.53927792080219, 82.42704613471568, 99.32337217121312, 16.05852636939246, 89.004198753421, 65.61802607787475, 106.97826534292412, 52.035256573597195, 54.00206058680681, 109.60102957941878, 57.92281155297015, 116.87469523878858, 66.57177516811694, 86.84050503418395, 57.56899044406499, 60.51968985655088, 126.30084191624441, 88.3057503524878, 124.35311169856874, 38.83854073225578, 102.35468352064004], [76.64895957825857, 65.22531232429138, 71.13728030246358, 53.70772617925889, 63.301805881387416, 58.80597198866986, 34.802149352671, 82.88480056505722, 25.75035411378478, 36.895755312338075, 75.43796327002593, 27.55577472124667, 47.351703205794415, 70.72172365316877, 30.141219961507414, 37.320414066913514, 76.1519277712686, 88.49024184999625, 74.05708039452924, 103.17960521104102, 0.0, 58.161869446369636, 33.59541318604742, 42.85659289298727, 53.04969337382533, 87.0209996437538, 57.65188695089833, 54.724898732836486, 47.741510641791265, 80.51229949228816, 46.84593673149003, 55.29442614652731, 63.558274039814016, 52.7624973664287, 42.84630756536698, 56.780191392426765, 16.278463810042027, 68.7894845325672, 63.75466807151373, 45.909876943884775, 14.9357276973184, 43.450762085492215, 40.12949706632926, 63.574231034399226, 21.659192520543442, 96.50739524221288, 27.626632343475055, 93.64672751281226, 54.41573410363402, 57.450874027652524, 55.49873330154153, 64.45903433261181, 86.05037405501417, 54.22191919470278, 33.26583379147036, 26.986318616188566, 88.74704395729471, 80.32775123368098, 37.62306249831923, 15.391337312694175, 52.25928208570544, 50.016178153432726, 33.92725003599363, 64.61374340117965, 16.641287381461677, 71.00589596603993, 49.981842880288255, 45.78184240918249, 72.00844452648973, 27.228329287267847, 51.0776252366883, 27.87341964996858, 64.35184839645083, 5.888381140594146], [26.59779104453935, 20.57827992547608, 73.23046807589725, 37.09899521669881, 85.53252715312344, 47.263181766988524, 55.33703291448377, 51.46593438733423, 39.90066674135258, 84.8343391566327, 18.987963082714455, 35.12827880121837, 50.46674049767846, 86.37427289344996, 39.16780689649763, 76.46922688835389, 95.48909317812705, 67.9630206574484, 31.19405508520525, 92.98527506698179, 58.161869446369636, 0.0, 31.86639665440526, 19.14800091861795, 44.61108267169951, 34.1396987020324, 60.73042602576918, 11.19404391958445, 68.80670438748966, 32.38286763614092, 11.342803962737362, 42.17749343858704, 29.28745898630592, 10.090264330766153, 15.913753028684798, 86.05036609764394, 63.7121400132477, 33.87780422949654, 10.658663846058545, 12.334418677287415, 64.5756482117934, 78.2786754418156, 76.78556609117877, 60.61154045356977, 57.34648951677905, 87.02115226666241, 30.88465510518784, 75.39541241207237, 6.996217762960333, 73.5097000921623, 94.94607725599958, 22.011627286929137, 31.110283903325104, 4.081211175062017, 29.052186318655963, 32.07447273100342, 77.22192027248151, 23.672263336376016, 51.56940378973548, 73.05248761887516, 64.8636517397694, 63.1086209615246, 32.59648828786608, 35.07445119450262, 57.50142632447939, 29.200950706087944, 93.95529955255309, 52.804697452615166, 34.56846194148692, 60.226143103959494, 95.68496851071701, 55.84581083981152, 65.13274364771016, 52.5579791594467], [43.96684587732504, 32.38026678107311, 51.1350210353503, 21.964948701354988, 56.540079703903174, 30.015133442440593, 24.103729804450193, 50.39040881488406, 31.100079966413027, 53.36877563603145, 45.25740212736612, 27.078531550362513, 24.518881154260207, 59.520360211031, 7.303377405627345, 44.602942523007606, 67.8839890914601, 59.257072170849796, 40.542868254986324, 78.89332551813864, 33.59541318604742, 31.86639665440526, 0.0, 12.772105764558738, 24.569827281638908, 54.5726273757451, 36.69917563437834, 24.162000461581453, 38.92460393268875, 47.32396488357796, 22.99401799560375, 25.16732679699958, 29.970553843971594, 31.964044773318257, 16.953498869349968, 55.42965994388733, 45.643932029093506, 35.279040024801674, 33.454934585268255, 20.973679262111403, 34.914924818135574, 46.6209151013251, 44.98133191636713, 39.83716617903175, 25.938196648677994, 72.22386074267459, 12.111233769797366, 65.52483352533666, 31.754195390227167, 45.54999474266881, 63.21870880840969, 31.340452430468233, 54.388192853104854, 27.914660013809613, 4.062945036454048, 20.43843764843162, 63.09334904121213, 49.95854614328329, 21.290934783105847, 46.062692119466845, 37.20857212519168, 35.046122206912095, 31.15491637640012, 31.414382845812046, 41.404276842571335, 37.497677709676964, 62.09374871284903, 25.456171225037668, 38.44359133283738, 49.20050832661003, 63.82989386875164, 46.47940454370803, 42.86411201020904, 29.604105215685482], [33.94662819164757, 22.8064075755984, 58.24075572303282, 23.607026567019783, 67.44316157812928, 33.72333599399904, 36.290685543299986, 47.46019592337212, 32.08535829466915, 66.05454303398005, 33.19683056760461, 27.156333595552915, 33.17346565202543, 69.25776798306846, 20.053724775706506, 57.347477605086446, 78.07580682468557, 60.03264364483781, 32.818318301224615, 82.53655153836696, 42.85659289298727, 19.14800091861795, 12.772105764558738, 0.0, 29.526908800837674, 44.19316457365514, 44.55564642004708, 12.04021843830672, 50.268117068562965, 38.237192455095034, 11.693094864311206, 28.337865216430668, 24.37031483375189, 20.716819041869226, 6.181123303604684, 67.28278568146501, 52.04410431498247, 30.123430436948436, 21.331160072724707, 9.511345063410454, 46.76764813341504, 59.15183570601794, 57.63756744324165, 45.966505389370624, 38.56830848454331, 76.09339499503666, 15.738059415538377, 66.99553675997416, 19.862451257990177, 55.79339463461274, 75.8080403413902, 22.434258522650637, 43.248411683352494, 15.272288396992991, 10.467282886160449, 21.31677187001203, 66.47876841139525, 38.015767123890896, 32.77061015118771, 56.74096502240041, 47.18557891423996, 45.24054904649665, 28.54013023371605, 28.08457064670193, 46.703805490213604, 29.844505197711328, 74.85282447282981, 35.03685006403536, 32.60100838187342, 52.43328165481046, 76.59414766694182, 48.83574419295117, 49.89016654743671, 37.88360787334994], [41.062928928776294, 31.842825381308327, 28.883895742154667, 7.980732831524207, 43.149832760967904, 5.790082787247251, 23.92460427085186, 31.628946839327106, 55.658466797465564, 57.883945876451705, 48.90744434292074, 51.62226093500552, 9.714946126777837, 42.266972129425774, 23.72852639241785, 45.45778128539152, 51.60222945910549, 35.638876600057294, 32.996449985286006, 54.35855440913382, 53.04969337382533, 44.61108267169951, 24.569827281638908, 29.526908800837674, 0.0, 50.8130603856489, 16.27764122159149, 33.50792142820294, 29.375599844440618, 41.30264885510923, 40.928219459328986, 3.970449458574918, 22.416802704189102, 49.55083600182309, 35.70540703019065, 46.46760356400603, 67.5905772167403, 24.244818745644395, 39.79094727270117, 38.786071561544645, 47.870665458091395, 43.715495193916766, 43.93070474025479, 16.453599849541014, 35.978327021835774, 47.71320411404138, 36.67636438475208, 41.38921345233291, 48.001200229904676, 30.694743272598426, 59.3634839994275, 29.760126834148025, 53.07992340900251, 41.872109770034875, 28.07035338209427, 44.97562857892935, 38.52379067374717, 52.37289514918145, 18.759426461694936, 61.48330726981635, 22.53801996015593, 21.546427503304848, 55.31440453980488, 18.6509591900004, 64.35482741879959, 30.755993530012518, 61.6452612063132, 13.055425935475167, 27.610729189349744, 73.03399571356809, 63.51875939831161, 70.66096723149832, 20.622573626605252, 50.74422875680088], [10.663237328116697, 22.229650564048697, 72.48301890698399, 43.6018416634008, 93.12065016695477, 49.402863504176494, 71.70593236656323, 34.416347820824896, 73.06522563516457, 105.56197961430983, 16.09660830745046, 68.09335759625665, 60.19222721999443, 90.15330774097333, 60.56011300537832, 94.42562963241892, 99.54768751387869, 53.425262426557175, 17.948937570248045, 79.68074678579993, 87.0209996437538, 34.1396987020324, 54.5726273757451, 44.19316457365514, 50.8130603856489, 0.0, 65.19652043647518, 32.63479833173796, 80.1657959931326, 9.768297392036732, 43.7475793992088, 46.89406056650342, 28.62363090900727, 44.03157220548811, 45.381680466871764, 97.24684626466878, 95.58322308293967, 26.943690586726326, 24.615023956802784, 43.585377064320824, 89.36957845201718, 93.83733395157923, 93.5263889903462, 61.33830167334899, 79.3250812281496, 75.31435981247667, 59.79724769336763, 60.40310360149683, 40.95645030362379, 80.78494567624713, 109.95184353966242, 23.52777741287421, 5.4419710100639005, 36.63433591264204, 53.9492570239145, 63.77339464729223, 66.44324989306159, 13.146300369135657, 66.63800589762137, 100.50372887019107, 73.13684325865493, 72.32367966029467, 66.44463150706454, 32.37946720476507, 89.7906612508713, 20.062607857815554, 111.48065089949071, 63.45968142132761, 24.016661686052714, 93.72754444844782, 113.34286991552366, 89.50656493189852, 66.37551594386005, 82.0694152231206], [56.09958950602643, 47.73292862470409, 14.55128198418824, 24.198328606079873, 27.93310992439389, 15.835866137242109, 23.12066430220567, 39.42442828943298, 66.42794332395059, 51.59298126730313, 64.84683858767613, 63.078643615924