instance_id,num_cities,city_coordinates,distance_matrix,best_route,total_distance
391,86,"[[8.274347532210246, 89.1931672475032], [66.2806292856788, 18.590468799150027], [85.81205575618786, 40.78900446775329], [47.464162562464175, 51.286377384403025], [7.421715795967554, 11.726674440812335], [15.174271002396756, 55.91220296784625], [86.55120565048855, 74.47906546064729], [6.778264656725641, 38.53097801253435], [17.188823488416137, 28.14565745766626], [48.59307740792502, 5.046006642816625], [0.40693729545872026, 65.55589524007117], [77.95533520826872, 60.6625774230521], [88.97357739192113, 86.58664446226086], [53.552025926680194, 68.78559240437741], [63.98738461260537, 70.92196245744711], [90.22144368685049, 20.043889804430048], [17.228509323160246, 14.2892815851819], [75.49908578647302, 63.79502317267214], [74.35102529225924, 71.26140568381086], [99.37987336466306, 15.607259198749635], [69.88287035319847, 92.57191962658122], [86.00729093367173, 64.47822009052427], [30.396894640412654, 43.7786256845337], [66.86059290576479, 13.239265199801153], [68.78657270078547, 14.488242827757391], [35.82603770135453, 0.6392030434164364], [75.32624162240683, 76.63394847118332], [37.68472624498196, 65.14940584391654], [12.892851258475302, 32.189032202923485], [67.07298304506023, 77.10918771648345], [30.515889006906495, 98.37939046299621], [80.24060062023001, 52.16184717444279], [5.861665118821547, 41.50963746284461], [79.40201636107078, 18.653746688582807], [38.625973379520886, 55.752013146938914], [68.05880223488315, 70.98549684388789], [85.28704201098844, 49.101941691373085], [85.1664564547189, 16.56181830705513], [9.556273341463195, 10.480339967030261], [72.61264059087186, 65.97308646454785], [78.61734437083517, 65.00957613756727], [99.82965841406404, 41.205416694672095], [29.248956699758423, 86.05104646807145], [76.4688299354066, 12.522784511626206], [73.84768828145083, 69.01421916641675], [39.36951357559436, 13.101245001263994], [27.82028733851719, 78.73813496043329], [53.696462537443914, 22.469106784525252], [14.44588136002497, 53.76895674821568], [67.78383005827212, 97.51433203627954], [9.440372070334757, 6.620015793345091], [69.34203403991121, 73.67168104674818], [78.31921632859647, 84.26316088892546], [32.43864475165958, 23.62593373019728], [45.37141027832076, 41.75443543658176], [32.04356701095056, 63.69240731442359], [50.726927536037635, 26.947602820995353], [82.45560917908523, 45.634814154744205], [40.229620566980884, 50.72966177918872], [20.517817203163567, 5.853999058536507], [18.622444574552823, 19.058419221131583], [30.038373184888822, 19.72341441433739], [69.66614787975097, 79.98010695010606], [72.20744516160265, 33.95133944918823], [10.8041680926942, 18.157848394318265], [80.21070845731508, 69.03811674236452], [97.64815419666937, 28.907526561421726], [16.21091845553595, 93.67143849593099], [15.60889763658777, 39.878651731476566], [9.617730506611199, 87.87833966668241], [7.800925813275816, 72.96821530889255], [51.29337869890034, 14.45499652971508], [73.14868604454041, 65.08321561951828], [51.673574915868606, 48.575534115201705], [25.467626358311414, 98.8175544410561], [82.38102890087822, 33.0409332073614], [38.37294936313328, 16.155385958846267], [65.45257492098115, 78.22442669572854], [95.67681173297133, 83.71800218690748], [8.818872342810868, 32.484998999364315], [88.99270429473279, 78.06639540021727], [23.3525053744681, 9.672628062309297], [74.04361110673982, 82.31560370322336], [91.69310242280963, 61.83410141796244], [45.329926174427015, 79.74142899796435], [99.46823859575959, 98.06882132207703]]","[[0.0, 91.37543297326624, 91.40601277287624, 54.52308061574245, 77.47118489249236, 33.98869705178815, 79.64779537603681, 50.684274504525675, 61.694945766359254, 93.30779504747592, 24.912181192875757, 75.29564794357033, 80.7413132230362, 49.66424540623597, 58.6325798954954, 107.22382729168437, 75.43718645795727, 71.8625852290329, 68.46660073774999, 117.11149687612802, 61.70110251708111, 81.56738994737465, 50.5162120108913, 95.9236330798738, 96.13820846787338, 92.74103842116068, 68.21796301088449, 37.98779854718168, 57.190925756191476, 60.02751118844665, 24.06393284846632, 80.93491366451417, 47.74452899707251, 100.17462316283651, 45.16117778748494, 62.49560213025103, 86.82316210248354, 105.77196823100184, 78.7232653811184, 68.40020544756571, 74.38402572603455, 103.36923697983669, 21.208657494616034, 102.61011168060251, 68.60796573777128, 82.20030402859433, 22.16644903983154, 80.71721486904643, 35.95778801992266, 60.08843727341921, 82.58138382404864, 63.00935541078857, 70.21815012800164, 69.87828969875274, 60.22146909713669, 34.86064474150021, 75.34408961395647, 86.02435529357713, 50.005806939172544, 84.23371951904079, 70.89404765648788, 72.79917150154664, 62.07925281409061, 84.4931980161013, 71.08035253599898, 74.70653307450186, 107.80554619604429, 9.11285199020998, 49.85696607109237, 1.8797471593800592, 16.231857365507626, 86.23474476544762, 69.20960601618953, 59.44144226689589, 19.70374750253068, 92.977812467148, 78.9964766793186, 58.22081205732309, 87.5737870644298, 56.71078251380937, 81.4816431485241, 80.93742642449166, 66.12788301043328, 87.79070082054844, 38.24200915808827, 91.62479469315063], [91.37543297326624, 0.0, 29.567746038600124, 37.7237572116175, 59.25777054684778, 63.28326554736267, 59.45108496026886, 62.75472336108224, 50.01306855948742, 22.277835319720335, 80.90175880164756, 43.66189508530717, 71.68298123377147, 51.78385633780827, 52.381716272369, 23.984891636401844, 49.24033594794936, 46.13492902742728, 53.285634874804245, 33.23340936648082, 74.06909751873681, 49.94824219483017, 43.84159736340106, 5.382540084598311, 4.807079188039734, 35.35152176075265, 58.74409446901116, 54.63936574898601, 55.09242932861464, 58.524082976206316, 87.43791321553495, 36.358193652580795, 64.61996226578022, 13.121539653316404, 46.32235282885224, 52.42519301677533, 35.94709588739645, 18.994470002554163, 57.301193242022876, 47.80383691707562, 48.03049099465698, 40.45952574826378, 76.95631432140826, 11.85817123725988, 50.98838086217217, 27.465245796548626, 71.39285431569309, 13.168336469310622, 62.644769190241504, 78.93817708077536, 58.08706039619025, 55.166222833670545, 66.76698333988406, 34.21455573688781, 31.205204531900012, 56.62474097988561, 17.656707710552247, 31.51232441862629, 41.37127965956387, 47.50213291161951, 47.6604820323634, 36.259959915066375, 61.48291964811142, 16.46461337396989, 55.47814801263109, 52.335573835877334, 33.020649598571865, 90.24482230700588, 54.96190608846906, 89.50694468812296, 79.85496248636021, 15.547340963719702, 46.997294715183415, 33.35371312718385, 90.01159080109089, 21.634204154118944, 28.01371498210104, 59.63970664282138, 71.45439907834907, 59.11777634896206, 63.66493694548384, 43.844631438112415, 64.1962359122127, 50.15780650124378, 64.64032715026114, 86.12912359636093], [91.40601277287624, 29.567746038600124, 0.0, 39.758719176407716, 83.6042129660566, 72.23854765840838, 33.69816838154802, 79.06604087107121, 69.77823608041423, 51.60246353423337, 88.92374900901953, 21.370235370198408, 45.9066340316923, 42.71438236348328, 37.206335854719356, 21.208547435350262, 73.5250852035163, 25.211787843136317, 32.55645028511996, 28.604299841978957, 54.1775714659598, 23.690020126556757, 55.495746832592026, 33.43869133059949, 31.33045062098012, 64.114027758298, 37.347186087538596, 53.94134778709155, 73.42458653295274, 40.86940857529342, 79.8393300087457, 12.66422771285686, 79.95363828482782, 23.04470095265461, 49.50169692839818, 35.02864773886759, 8.329499667836716, 24.235786509275524, 82.05826890386624, 28.433475811578962, 25.26657800199938, 14.023786343809752, 72.44333386106698, 29.77037217345914, 30.65630169893612, 54.069600964593526, 69.30499050832631, 36.973368509182066, 72.53695616130179, 59.52125426745974, 83.66692211408184, 36.77678662326826, 44.115132542249185, 56.06506933377191, 40.452167601033516, 58.44327372678207, 37.716715415996326, 5.894709929036288, 46.6537786847073, 74.05263122375361, 70.61630255047334, 59.61931525824999, 42.3867061109573, 15.226263242713506, 78.34763836236202, 28.79908741377373, 16.770889765644927, 87.41207091865955, 70.20906032749632, 89.57109293580928, 84.38742800517387, 43.41680596112486, 27.396525837054828, 35.01522408946483, 83.71835385003337, 8.473756754708429, 53.45356841422206, 42.61360460305996, 44.04784053336362, 77.43969782317687, 37.412837367105645, 69.78126048225168, 43.16195933377522, 21.851380174686575, 56.179125947777656, 58.885216723832166], [54.52308061574245, 37.7237572116175, 39.758719176407716, 0.0, 56.28825490306885, 32.619554860380156, 45.449947387945755, 42.63850960730273, 38.10628655190967, 46.2541493819491, 49.17317957650216, 31.900230978490146, 54.48981900549895, 18.52794124172086, 25.662678505546214, 52.955435219952335, 47.780538134099906, 30.698911049619547, 33.49485248531462, 62.99397195449237, 46.97972389485714, 40.73815728064328, 18.64558848387413, 42.70602130438041, 42.52937668195696, 51.967126330104776, 37.66689275135228, 16.96528610890402, 39.495368820380556, 32.424117168633565, 50.04993363966195, 32.78812802079181, 42.73584487338569, 45.660870462475394, 9.902297248473975, 28.49902613627049, 37.885907262128256, 51.25678460315446, 55.69686485700706, 29.122935476186335, 34.0418407376021, 53.32701870732905, 39.24762338177589, 48.413705309771785, 31.786267531947534, 39.03367363365234, 33.75619688038232, 29.483497889577357, 33.11147978965873, 50.49666007208938, 58.659121210366656, 31.300847918851876, 45.16085244119133, 31.478029300296054, 9.758971739861847, 19.791522068500125, 24.556497765788144, 35.444908001893204, 7.255930688030342, 52.82240555453119, 43.2491154113906, 36.053831514574874, 36.28027381951132, 30.211480830905405, 49.411077984298736, 37.24863109265327, 54.947665833038144, 52.66173822269071, 33.83628389865246, 52.64336732225677, 45.20259334602383, 37.02990024132683, 29.155573940282224, 5.006777765306539, 52.37423409818521, 39.39649461706224, 36.28824487321246, 32.391997157931634, 58.1056780992084, 42.97615949964157, 49.414462896363766, 48.0944502514947, 40.85682281899033, 45.469259983621704, 28.534977261081895, 69.95013212895586], [77.47118489249236, 59.25777054684778, 83.6042129660566, 56.28825490306885, 0.0, 44.86048420873386, 100.99177562229018, 26.81202564771303, 19.10443393517918, 41.70985901690081, 54.28436357982436, 85.84703878461114, 110.70104444574017, 73.37387567744108, 81.8764741060941, 83.21641070251141, 10.136081819981646, 85.70671644910182, 89.57631770633611, 92.0400004427019, 102.16334713472037, 94.64892069198353, 39.43585198095927, 59.458120075207184, 61.42696413550448, 30.49159761135711, 93.93603594876265, 61.39900676725457, 21.18115691915199, 88.5050661073477, 89.67738862343224, 83.2922156089495, 29.82379326120347, 72.31284809332593, 53.962358543061406, 84.78481163746116, 86.37082625876899, 77.89495051865538, 2.471777808697621, 84.80878429186298, 88.92629049609882, 96.99600045248727, 77.4631571956536, 69.05170354328396, 87.71700292035922, 31.97735491239993, 70.04739511180436, 47.50528432339951, 42.62502086200885, 104.89569597429931, 5.491168882468837, 87.58601289498625, 101.42976608477126, 27.702691313483534, 48.392620736254834, 57.503677711467134, 45.90226600732217, 82.33982690708424, 50.966573720247546, 14.352567303905944, 13.386964058186113, 23.98876907329804, 92.37369958344983, 68.49179851757319, 7.26642841841055, 92.64361214534895, 91.84765574616418, 82.41477076010119, 29.318318025859806, 76.18332230404731, 61.24271489845928, 43.95641645186017, 84.65787089581053, 57.58528887546202, 88.94085825559013, 77.93071440662818, 31.2664731787775, 88.2583234927074, 113.89342926391947, 20.80528982962192, 105.14173644009024, 16.062663637127656, 97.06324674774262, 98.04295406749598, 77.86552029985526, 126.2043132685984], [33.98869705178815, 63.28326554736267, 72.23854765840838, 32.619554860380156, 44.86048420873386, 0.0, 73.75225544066127, 19.302847031039406, 27.839530730380915, 60.86202880406332, 17.637316843937427, 62.96052795431825, 79.92032898186267, 40.47933088148758, 51.06870803396926, 83.17820638315735, 41.67358251345749, 60.83767034588617, 61.13498402959252, 93.35454976283775, 65.85564264681707, 71.34909503231566, 19.46668867873524, 67.0257822755843, 67.75118720057031, 59.005084428667665, 63.62114669019747, 24.33200592228501, 23.832618555031686, 56.06057861029674, 45.153374810134835, 65.17432330691007, 17.151050156438316, 74.25224466756853, 23.45224946916461, 54.99070677808517, 70.44274495756852, 80.29544692785812, 45.77789939963571, 58.31284316268985, 64.0920100872349, 85.92336224976476, 33.26329305722126, 75.09770028943088, 60.1184890334879, 49.17507381989727, 26.094920971400416, 51.013722888941544, 2.2636377424568677, 67.07087927767326, 49.62456360925664, 57.00478588788239, 69.21749009673461, 36.6123173568704, 33.351305850279374, 18.576994576591506, 45.857817744262455, 68.0617600981755, 25.585724046343458, 50.34259890615265, 37.014744054678076, 39.1224992895666, 59.570367194738765, 61.11515754016703, 38.006434832868294, 66.34777923369849, 86.78245189528943, 37.77346298140372, 16.039440936654866, 32.44547792420362, 18.58154396856883, 54.98445149717735, 58.6953172964919, 37.229368729826, 44.12280985525296, 70.99185367126266, 46.03024197603153, 55.00675569975575, 85.16936969526407, 24.273956783003502, 77.07119653972937, 46.957233786598756, 64.51928994272741, 76.74764128752787, 38.43430176351397, 94.24782991504458], [79.64779537603681, 59.45108496026886, 33.69816838154802, 45.449947387945755, 100.99177562229018, 73.75225544066127, 0.0, 87.4984977355129, 83.41417599166277, 79.13134117705344, 86.60518423979462, 16.27219500720292, 12.347524210707382, 33.48673614861078, 22.84248238710048, 54.55876644469506, 91.8065700757098, 15.371991188515825, 12.617358487924305, 60.25333424682086, 24.600503520307043, 10.015625359221504, 63.99862223097548, 64.32754749134315, 62.56581322102776, 89.58441798250094, 11.429931680496852, 49.74912419382734, 84.93526996883452, 19.654991705601503, 60.91947345934968, 23.192282506946682, 87.16527481579938, 56.281232426969304, 51.45415801066587, 18.81951130517211, 25.40859147037663, 57.9337988413108, 100.12021007807935, 16.32897040854849, 12.353840813476182, 35.825312420075115, 58.45903248641426, 62.77129159969633, 13.829096086332196, 77.4167224273569, 58.885146164134305, 61.51804569812078, 75.02057313773105, 29.712588120689883, 102.71772620719153, 17.228100798233925, 12.786483939903064, 74.25772857975105, 52.59921061295106, 55.56468900319653, 59.51990291563113, 29.133567303965084, 52.05500379284895, 95.23554025955556, 87.66849269217025, 78.68850967447662, 17.75856507125203, 42.99116235486568, 94.39117114759442, 8.354988187401801, 46.90317073162766, 72.91161214370382, 78.93034712054013, 78.09161380687502, 78.76477158362343, 69.61324020883845, 16.367942021673596, 43.4447011938739, 65.75382654259121, 41.64743904208041, 75.64916370667221, 21.428484534408017, 12.98594002005577, 88.35053627121088, 4.339337705823507, 90.5204399284657, 14.759784988209361, 13.650429226145192, 41.55582211486684, 26.89472665246992], [50.684274504525675, 62.75472336108224, 79.06604087107121, 42.63850960730273, 26.81202564771303, 19.302847031039406, 87.4984977355129, 0.0, 14.704918164187605, 53.569785075625255, 27.765805651910135, 74.53846701379746, 95.21248087075539, 55.70571277111368, 65.74237050363196, 85.4665815220645, 26.398247276367748, 73.21764291890456, 75.08234729583101, 95.39682814198498, 83.08197536553963, 83.36964661222227, 24.194575598587374, 65.1886255786012, 66.50626573227764, 47.74473509364713, 78.42615318795278, 40.78909251406392, 8.809565594417085, 71.58024398876023, 64.38406078083999, 74.716232502207, 3.1164991310457033, 75.29484468886467, 36.20553275388176, 69.34407024715708, 79.21725440054418, 81.40855355258334, 28.187863115397, 71.32485100531625, 76.56350000383459, 93.08981954245992, 52.56509209458069, 74.38548929759602, 73.67180991803171, 41.338369913630544, 45.3804163530262, 49.59133996696785, 17.058380399609785, 84.85702718015064, 32.02181015551927, 71.75718952949059, 84.90901198787228, 29.675165571145698, 38.72752983000972, 35.6571595554718, 45.44952749707501, 76.01003198191195, 35.60619465589387, 35.44799370537558, 22.791777987039488, 29.912490655947604, 75.31876357161153, 65.58925789266611, 20.76709678593464, 79.51735229500433, 91.37804792636739, 55.941445637463076, 8.932877659397125, 49.42898611683178, 34.45241861534254, 50.60877653677152, 71.4846428062268, 46.00523872956579, 63.11706218040171, 75.80183740068392, 38.71551654634583, 70.83956912172384, 99.72371245597937, 6.381061193579214, 91.22643976945402, 33.27927008243009, 80.26032818219832, 88.05433114440751, 56.431656684860364, 110.16435927635784], [61.694945766359254, 50.01306855948742, 69.77823608041423, 38.10628655190967, 19.10443393517918, 27.839530730380915, 83.41417599166277, 14.704918164187605, 0.0, 38.98488209561461, 41.00192184677994, 68.91965634442971, 92.5656515941954, 54.53335496775425, 63.40282006921105, 73.48062501201107, 13.856432704164735, 68.3444508731355, 71.59947667520744, 83.14192751349293, 83.23103887400205, 77.8205407908751, 20.46565022515653, 51.86024688714463, 53.37464471222089, 33.22575489077948, 75.70385559994939, 42.300820611892654, 5.899513262211278, 69.89890321084324, 71.48697732593055, 67.47076380175439, 17.518575236265175, 62.93312114823457, 34.9522856176292, 66.5056883003497, 71.24979448975218, 68.95755153113112, 19.243681139291454, 67.10226439902853, 71.64085202061841, 83.66639055520888, 59.14795761073813, 61.30410527398097, 69.86033420888661, 26.801443224233243, 51.69745451629116, 36.946325074069755, 25.76969534264566, 85.85958130923606, 22.877756630385043, 69.22843487081172, 82.98252298015623, 15.905500656487302, 31.296278313082563, 38.52576839596007, 33.559495795102976, 67.56940074002931, 32.26322335431075, 22.538860515481254, 9.199628698276557, 15.363759477517956, 73.76096345261278, 55.32408764908746, 11.854119723033744, 75.12623517376494, 80.46293769526017, 65.53307774649338, 11.83889016447661, 60.21058688322553, 45.79513418569087, 36.74989636378713, 67.05139387261477, 40.08213992859284, 71.1551516068194, 65.3757399285561, 24.3420171656187, 69.55050561098398, 96.16990068302587, 9.427935468347531, 87.45214334466927, 19.474182638410465, 78.52929358762395, 81.76673428723889, 58.77112642465893, 107.97754857013462], [93.30779504747592, 22.277835319720335, 51.60246353423337, 46.2541493819491, 41.70985901690081, 60.86202880406332, 79.13134117705344, 53.569785075625255, 38.98488209561461, 0.0, 77.35212160626487, 62.89153463294394, 90.99154023841608, 63.932198174840096, 67.65076680129518, 44.24768218089832, 32.69823027021498, 64.6171821583991, 71.04893348510011, 51.87329466210474, 90.07797026628735, 70.22828040785315, 42.79388794138128, 20.02077941153681, 22.291995790305133, 13.506191944172643, 76.41659168099598, 61.085274171610784, 44.8469618110131, 74.39495264339855, 95.06789824020977, 56.75797877369322, 56.17446011134097, 33.680280708031674, 51.676322027686155, 68.75267857339107, 57.33561241753241, 38.34352583144478, 39.41324714359361, 65.49082738142178, 67.0603181711203, 62.71116462398759, 83.28272019490743, 28.861042709384506, 68.77301493927456, 12.24585622896497, 76.56395093807377, 18.155135866420878, 59.49753662889688, 94.43874304732218, 39.184331563242424, 71.69380997485398, 84.61087909945657, 24.620710489711637, 36.84953030366734, 60.936742660846484, 22.00530007796438, 52.85945850264779, 46.44290857546835, 28.08688461380014, 33.08453624728216, 23.65805037816632, 77.8408227601267, 37.32501345013866, 39.999025755025094, 71.3769202765713, 54.550643365368224, 94.35608824855346, 47.971546556895994, 91.54383136101723, 79.230209275243, 9.788805736850659, 64.86481617353715, 43.63839166222301, 96.58100052663353, 43.87871442333302, 15.09534120314496, 75.09543140453464, 91.68511831742923, 48.32065490144391, 83.45122543662977, 25.661100957196595, 81.35305953332134, 71.29165354005069, 74.76666554545938, 106.02606319551893], [24.912181192875757, 80.90175880164756, 88.92374900901953, 49.17317957650216, 54.28436357982436, 17.637316843937427, 86.60518423979462, 27.765805651910135, 41.00192184677994, 77.35212160626487, 0.0, 77.70262915823294, 91.02934774468581, 53.24313466911498, 63.80648837249906, 100.68757717366715, 53.95582416313209, 75.1127914235271, 74.16387934232002, 110.86256499173747, 74.54375123305803, 85.60713712486289, 37.06274424333275, 84.57610846299117, 85.34447645319709, 73.95058890447149, 75.73391198284438, 37.28000513136208, 35.62647325278808, 67.65973856684259, 44.54133823552765, 80.949455362203, 24.65718087527034, 91.86965796893, 39.45644210127017, 67.86939960953164, 86.46019178733069, 97.90094822128786, 55.830342455662056, 72.20690851229554, 78.2123151393555, 102.36123914850732, 35.38238696267681, 92.7249823160213, 73.5221321084069, 65.34196723439678, 30.41813940115908, 68.5291532118203, 18.330953861128023, 74.57202800533791, 59.62416313870551, 69.41119176636347, 80.1266810257003, 52.765063771203195, 50.87546873890847, 31.6914645765098, 63.42477166950484, 84.43242285683371, 42.49309710506592, 62.998126149377406, 49.93816157575879, 54.57690254595492, 70.74529054442598, 78.44846000129785, 48.52501677530023, 79.87970805057422, 103.91803111700351, 32.252900537474154, 29.839913411619076, 24.148089712392572, 10.46964923023992, 72.11609922695466, 72.74328448109979, 54.005562647132976, 41.645841438341115, 88.18715581377067, 62.304320793723434, 66.26784034019639, 96.98562318244771, 34.12396268613113, 89.46480162112188, 60.41058388171373, 75.51984876679022, 91.36200355132469, 47.10949265080485, 104.26040369058124], [75.29564794357033, 43.66189508530717, 21.370235370198408, 31.900230978490146, 85.84703878461114, 62.96052795431825, 16.27219500720292, 74.53846701379746, 68.91965634442971, 62.89153463294394, 77.70262915823294, 0.0, 28.168402735529888, 25.71973709585112, 17.330857599289786, 42.430357069762394, 76.40831073219006, 3.980625277061932, 11.194918957799693, 49.88980392332644, 32.91459871695642, 8.91028169979403, 50.46655422708109, 48.703838134000414, 47.075847111197696, 73.33268834799382, 16.186316018177337, 40.51979239275825, 71.02020554123901, 19.72096799723813, 60.605767397022866, 8.802548083522627, 74.59445271657513, 42.03373342965343, 39.63473657495917, 14.300490560200254, 13.689493166718051, 44.686432216481485, 84.83329900664981, 7.532986927810871, 4.397118824334685, 29.27570869033931, 54.926183809401685, 48.16273828885996, 9.30713076543504, 61.2449669181427, 53.2939846998651, 45.246371154771104, 63.882491608505184, 38.22971795723763, 87.26338660224647, 15.602106720212218, 23.603388515198105, 58.68119022441737, 37.67266910136587, 46.01163253107765, 43.336886099286644, 15.687132773732507, 39.011438814583414, 79.39174224644542, 72.46583947380256, 63.02420421872969, 21.020884224881243, 27.322673260223823, 79.4728333129624, 8.673889979810808, 37.36563093184223, 70.01398367086226, 65.71947842940055, 73.55763679497743, 71.22548617831752, 53.347918955866824, 6.530384234271814, 28.927971584489473, 64.89038335194438, 27.97395205971089, 59.562197417696524, 21.5577727207052, 29.079259640805535, 74.65806335132133, 20.60864858580325, 74.70906211210325, 22.003525456986875, 13.78762911132896, 37.79444260791541, 43.15126990938802], [80.7413132230362, 71.68298123377147, 45.9066340316923, 54.48981900549895, 110.70104444574017, 79.92032898186267, 12.347524210707382, 95.21248087075539, 92.5656515941954, 90.99154023841608, 91.02934774468581, 28.168402735529888, 0.0, 39.64295350465437, 29.490542414765226, 66.55445415404054, 101.8541283953241, 26.47678086613487, 21.182114472446653, 71.73816368055611, 20.006964138293565, 22.30653006527887, 72.5517348782585, 76.60823798754345, 74.8711872261293, 101.05257869844812, 16.891001482939828, 55.5886809661168, 93.52741367379726, 23.863323723107758, 59.63530992253946, 35.5152298542789, 94.54906938577884, 68.60388750279598, 59.039442054793284, 26.092597166240807, 37.66554771852748, 70.12824286902723, 109.99671707175465, 26.317276195172752, 23.9336883884521, 46.661658016546106, 59.72702220966728, 75.11207665707579, 23.18582869254981, 88.66040311794492, 61.65487803698934, 73.18151044021859, 81.43327392853183, 23.841555062102124, 112.78383062034148, 23.49880368031266, 10.90476893763678, 84.61825869471373, 62.53859562801612, 61.360998823021355, 70.84928731530864, 41.4672921126902, 60.51195364624889, 105.84871816372733, 97.51586072482611, 89.12939934368534, 20.406449281218126, 55.24109452014608, 103.88915574542966, 19.6147571257218, 58.32777146917562, 73.10676331224246, 86.97133332622663, 79.36635881395769, 82.3071137685769, 81.38041537747434, 26.69877596728544, 53.255372447574075, 64.67303128501577, 53.950022144572095, 86.72361691766875, 24.963257864567144, 7.291259091198131, 96.70452307572184, 8.52027053077928, 101.10336795325749, 15.528866102906877, 24.90148998661477, 44.177203016339995, 15.555651681091664], [49.66424540623597, 51.78385633780827, 42.71438236348328, 18.52794124172086, 73.37387567744108, 40.47933088148758, 33.48673614861078, 55.70571277111368, 54.53335496775425, 63.932198174840096, 53.24313466911498, 25.71973709585112, 39.64295350465437, 0.0, 10.65179740267186, 60.99507989347672, 65.49233353109778, 22.50731476088991, 20.945835528905896, 70.20061768480251, 28.852830752023223, 32.73984854766737, 34.080910924029844, 57.11840702395883, 56.39409176906815, 70.4140684913184, 23.145478221790903, 16.27860718523846, 54.70353465068081, 15.877610661456126, 37.502753068553126, 31.442470078588954, 54.93949610213282, 56.4041129735263, 19.815681489681143, 14.672632292782927, 37.34377259012349, 61.047479870837705, 73.04196538512915, 19.266998236320443, 25.34814564330319, 53.872862935021224, 29.81166009926453, 60.75099553053437, 20.296950032336742, 57.46207620943857, 27.589408730519402, 46.31671082998555, 41.890212332931014, 32.060641442080055, 76.22595962875222, 16.52870891621623, 29.205630392077627, 49.85147576762566, 28.241917771351694, 22.103265353566144, 41.93326308905612, 37.03208957637145, 22.438875090114742, 71.0749209428695, 60.76896746063246, 54.40578254549713, 19.620960278053868, 39.515185002436986, 66.26120896076948, 26.659878522049823, 59.45358411213278, 44.873863694404974, 47.700023097531314, 47.90360437462039, 45.941892603027625, 54.377524174933086, 19.943336772766916, 20.29716813380376, 41.11754179043663, 45.92158613982252, 54.77538677016573, 15.1892942280194, 44.693114023743156, 57.60892388436119, 36.63570645470538, 66.38037055402822, 24.555371488506097, 38.769381517091624, 13.697929763339436, 54.459214846695374], [58.6325798954954, 52.381716272369, 37.206335854719356, 25.662678505546214, 81.8764741060941, 51.06870803396926, 22.84248238710048, 65.74237050363196, 63.40282006921105, 67.65076680129518, 63.80648837249906, 17.330857599289786, 29.490542414765226, 10.65179740267186, 0.0, 57.24337631898266, 73.4414934564495, 13.539295679070406, 10.369198129117832, 65.66844490820753, 22.438302020047733, 22.94336701706649, 43.18659222188957, 57.754211005026434, 56.637416232982915, 75.71477881303184, 12.69631688757971, 26.928651044200585, 64.11623214739073, 6.9139477935854545, 43.292624900347995, 24.821542176547332, 65.14356551692698, 54.49382764682027, 29.552132610304316, 4.071913318484867, 30.492436956078084, 58.340195030054545, 81.33840177607084, 9.94416483590837, 15.779481440241494, 46.55901291189314, 37.88994004820531, 59.71809158114257, 10.043160503861252, 62.84325692978256, 37.00204694107873, 49.53364815979175, 52.42696013871451, 26.862001374416174, 84.32150924929918, 6.019403858331376, 19.580321139439178, 56.85276879961495, 34.60201053302616, 32.75170149066776, 45.930208221991464, 31.313179141071267, 31.179486190903816, 78.2524322410874, 68.90431700322755, 61.43147970415365, 10.691039888344346, 37.873425525663535, 74.91666204704147, 16.332333306927143, 53.83549231364634, 52.91624871892519, 57.4818679491008, 56.95241887459498, 56.22370766092188, 57.87621296543882, 10.863719830895812, 25.514559939425897, 47.559813162850396, 42.110551257961006, 60.46054245974391, 7.448004201874319, 34.17540671264812, 67.23812092809003, 26.00594036906046, 73.50288684497644, 15.196800720506454, 29.158120955432864, 20.63695097226467, 44.67485809255634], [107.22382729168437, 23.984891636401844, 21.208547435350262, 52.955435219952335, 83.21641070251141, 83.17820638315735, 54.55876644469506, 85.4665815220645, 73.48062501201107, 44.24768218089832, 100.68757717366715, 42.430357069762394, 66.55445415404054, 60.99507989347672, 57.24337631898266, 0.0, 73.21942353487242, 46.161775238312856, 53.619997322584844, 10.176469195880175, 75.3257769633423, 44.63371809967028, 64.36081382260424, 24.33171315847023, 22.143145836097094, 57.75293984395934, 58.51753399150705, 69.24315313989612, 78.2765334620373, 61.58164869403805, 98.49468982167517, 33.63302564359118, 87.04797850944963, 10.908368601233011, 62.74681369502644, 55.553847786548516, 29.474034324520694, 6.138217805670001, 81.23011259590115, 49.189033862403946, 46.438863771048815, 23.24065426296516, 89.85871632852101, 15.674865543979811, 51.635191719381766, 51.32367010359847, 85.66748932962928, 36.60540841685895, 82.94164205216485, 80.65429886214184, 81.88883883032001, 57.54902032818937, 65.31292211125971, 57.893720656655205, 49.82843855061058, 72.73141285123253, 40.09336677558908, 26.743290648413105, 58.65832405153777, 71.13331529148445, 71.60578067553868, 60.183923763075995, 63.363004280502594, 22.757884314872417, 79.4396677674248, 50.00649050954971, 11.563740119725455, 104.39623446913393, 77.20394943787001, 105.34928175624508, 97.94960947676383, 39.3272166793205, 48.166585133168105, 47.9582413549666, 101.97228593545128, 15.178776012372472, 51.994103759884695, 63.23347003684522, 63.90738320581592, 82.34779790268675, 58.03551461051156, 67.66844154514555, 64.33885776794035, 41.81611610538385, 74.69300188325401, 78.57094344871345], [75.43718645795727, 49.24033594794936, 73.5250852035163, 47.780538134099906, 10.136081819981646, 41.67358251345749, 91.8065700757098, 26.398247276367748, 13.856432704164735, 32.69823027021498, 53.95582416313209, 76.40831073219006, 101.8541283953241, 65.49233353109778, 73.4414934564495, 73.21942353487242, 0.0, 76.46096083292532, 80.67716377606212, 82.16193570546756, 94.34327296740531, 85.14370410147465, 32.29594072439451, 49.64318941365685, 51.55844726935894, 23.06930224289646, 85.2185659785554, 54.81978703321049, 18.417356027161116, 80.1923448151924, 85.13342980253232, 73.51771809532124, 29.49835455194603, 62.326507466983216, 46.65843521385567, 76.14577796669408, 76.44530839292477, 67.97594488937038, 8.565701442925416, 75.75366448619818, 79.6312586111219, 86.87593545033081, 72.76154241246323, 59.26665249659897, 78.74357255789825, 22.172855031119308, 65.31340186295039, 37.374070582838506, 39.57761702477662, 97.37684261269607, 10.930357709365527, 79.00689099196627, 92.88927961416714, 17.8471648457202, 39.32375300315369, 51.576688204185984, 35.810293482096476, 72.36792775590787, 43.092370869266134, 9.053923880494082, 4.968674800759919, 13.914827047467217, 84.05349769353214, 58.38903925716795, 7.499197917258719, 83.4517367035743, 81.73746000315084, 79.38867883380263, 25.6405734432629, 73.98157489211005, 59.43144448679901, 34.06527244906574, 75.54528376566537, 48.600510863963876, 84.92886412472522, 67.79731001953184, 21.22662691379448, 80.08285261583525, 104.75916855041207, 20.045102303506486, 96.00843674643315, 7.669212305490455, 88.63146332756807, 88.34865883774305, 71.22972153527813, 117.39840011412602], [71.8625852290329, 46.13492902742728, 25.211787843136317, 30.698911049619547, 85.70671644910182, 60.83767034588617, 15.371991188515825, 73.21764291890456, 68.3444508731355, 64.6171821583991, 75.1127914235271, 3.980625277061932, 26.47678086613487, 22.50731476088991, 13.539295679070406, 46.161775238312856, 76.46096083292532, 0.0, 7.5541320283016375, 53.78059698591211, 29.319816597515686, 10.530390944508, 49.344339235406935, 51.28848041677151, 49.76159583360644, 74.5828958982086, 12.84008870396938, 37.83860647478079, 70.13187055080228, 15.756464860765131, 56.74122358022642, 12.562354346400081, 73.11640563840128, 45.30968670916989, 37.740116969211584, 10.34701555737236, 17.654765092436758, 48.21238116412222, 84.79923324226284, 3.6160096198192617, 3.346442215769428, 33.2004079073945, 51.326455298053844, 51.28140853203668, 5.474223281956385, 62.25114563952243, 49.96563230203658, 46.724573254971645, 61.87096070601513, 34.590706283493105, 87.36552596222846, 11.638627795895355, 20.661505217339055, 58.88766703436459, 37.32913526023359, 43.45563993389292, 44.4003627345293, 19.447015433911496, 37.61168495575932, 79.87554175356094, 72.36239388429941, 63.316530928277835, 17.204072236137286, 30.02466246589019, 79.1718643026349, 7.049072163976086, 41.32455264415535, 66.39041329912814, 64.48897161175616, 70.1452714504837, 68.31682309449566, 54.9577518166189, 2.6802646748014123, 28.271678680540905, 61.07147148183604, 31.514682143793486, 60.397723794770414, 17.58237943515151, 28.356052566844582, 73.66524607048743, 19.64051439508643, 75.15650005919596, 18.57768310990306, 16.312307897598085, 34.12427362511942, 41.823600107846765], [68.46660073774999, 53.285634874804245, 32.55645028511996, 33.49485248531462, 89.57631770633611, 61.13498402959252, 12.617358487924305, 75.08234729583101, 71.59947667520744, 71.04893348510011, 74.16387934232002, 11.194918957799693, 21.182114472446653, 20.945835528905896, 10.369198129117832, 53.619997322584844, 80.67716377606212, 7.5541320283016375, 0.0, 61.0231698358265, 21.773892923968898, 13.48629435746321, 51.83887342379528, 58.503635474069505, 57.04520271962165, 80.44669150847844, 5.4603354194348075, 37.17222118554708, 72.82690110801657, 9.336297641659776, 51.545167296649424, 19.987001595952716, 74.67235210732933, 52.84958179338237, 38.946380974753346, 6.298269340995427, 24.711096821154484, 55.758572528511145, 88.84085676102404, 5.566713710515772, 7.568807776361178, 39.40207126371353, 47.465040459796434, 58.77678720137701, 2.3028667765216952, 67.86980516107906, 47.12760396196388, 52.983954122638224, 62.406826864583564, 27.06185868172117, 91.60732606439369, 5.558724736059668, 13.593828692262953, 63.44908061448601, 41.35794215778817, 42.979189877665924, 50.217637528661086, 26.8776203071669, 39.82239028726473, 84.7121191719807, 76.35984877167185, 67.96893173267594, 9.89766781323397, 37.37159319869135, 82.81419477807131, 6.267288130602935, 48.33846596555017, 62.309562617834985, 66.59966071345977, 66.83204282974387, 66.57198314425418, 61.30761117028433, 6.294096610088585, 32.07671311716786, 56.11531008260508, 39.054903332071696, 65.81105801831589, 11.29894157089531, 24.697286566661905, 76.1450772246472, 16.145793540482053, 79.96265730149362, 11.058471744949287, 19.738837476478775, 30.23466535974276, 36.73570384974667], [117.11149687612802, 33.23340936648082, 28.604299841978957, 62.99397195449237, 92.0400004427019, 93.35454976283775, 60.25333424682086, 95.39682814198498, 83.14192751349293, 51.87329466210474, 110.86256499173747, 49.88980392332644, 71.73816368055611, 70.20061768480251, 65.66844490820753, 10.176469195880175, 82.16193570546756, 53.78059698591211, 61.0231698358265, 0.0, 82.42349265488437, 50.667512069954896, 74.51360441789633, 32.60538294735301, 30.61375904963259, 65.29266982279125, 65.59599075817248, 79.12468307886179, 88.06225178110175, 69.4710182271952, 107.67299594443821, 41.261963880291596, 97.03910795781688, 20.20880640912993, 72.81921197709651, 63.62199856494717, 36.33870733590795, 14.24543447379319, 89.96979727628802, 57.03684165988282, 53.58797933438927, 25.602108775972262, 99.40157260881371, 23.117739835736113, 59.1962485982972, 60.06266218851336, 95.42684017963975, 46.19587619148378, 93.11336186445449, 87.78996829610865, 90.3874130457359, 65.37391586743094, 71.81353710604922, 67.41978366518006, 60.004907383988616, 82.74273153979946, 49.95710691456991, 34.46860564134422, 68.79197314405324, 79.46288432584214, 80.83113762832868, 69.46356153365906, 70.89971092897368, 32.7848461134867, 88.61242051581281, 56.76542452136837, 13.412530081806235, 114.06617005062849, 87.21626493900946, 115.24040681319953, 108.06008939700855, 48.10029811237012, 55.999512961928176, 57.98963754544609, 111.29678113871825, 24.349408669257116, 61.00938631943091, 71.21777337878075, 68.21133319212433, 92.12031810006502, 63.3169564676067, 76.25864233149007, 71.35775649310884, 46.861576894856164, 83.87245392321492, 82.46160946909447], [61.70110251708111, 74.06909751873681, 54.1775714659598, 46.97972389485714, 102.16334713472037, 65.85564264681707, 24.600503520307043, 83.08197536553963, 83.23103887400205, 90.07797026628735, 74.54375123305803, 32.91459871695642, 20.006964138293565, 28.852830752023223, 22.438302020047733, 75.3257769633423, 94.34327296740531, 29.319816597515686, 21.773892923968898, 82.42349265488437, 0.0, 32.392173324404084, 62.76884427568954, 79.39020228824319, 78.09137244898353, 98.03821820410755, 16.841888710139923, 42.29319976277406, 83.02984626045645, 15.715964647707512, 39.793038811268374, 41.716382056353574, 81.89060617330455, 74.52858801299695, 48.298023992630384, 21.66335322736155, 46.11862407043539, 77.53143560341965, 101.87406813324336, 26.738540931250785, 28.913211771976503, 59.45862207128777, 41.15381787324956, 80.31960468198785, 23.889014884984785, 85.1272756949287, 44.27905247468947, 71.94723181850881, 67.66778906369747, 5.369675091405854, 105.07628358117665, 18.90797509762427, 11.840920790934504, 78.4577529765116, 56.42010611832602, 47.600830967691294, 68.36300974514094, 48.59182679894133, 51.28440079255575, 99.78429846499641, 89.62067837764945, 83.0330576713501, 12.593677584801735, 58.66665209788289, 95.01445710072556, 25.700274669699724, 69.45549604792723, 53.6832130395439, 75.64551933795332, 60.44763662517076, 65.10355643767396, 80.29833668318989, 27.6820230495846, 47.61575766896803, 44.85222239043603, 60.82879508200269, 82.65810146980283, 15.015927244682338, 27.271216803283963, 85.66942210307063, 23.99158157259851, 95.06506933102202, 11.068142569460507, 37.689516992877365, 27.703222874187265, 30.09169224716165], [81.56738994737465, 49.94824219483017, 23.690020126556757, 40.73815728064328, 94.64892069198353, 71.34909503231566, 10.015625359221504, 83.36964661222227, 77.8205407908751, 70.22828040785315, 85.60713712486289, 8.91028169979403, 22.30653006527887, 32.73984854766737, 22.94336701706649, 44.63371809967028, 85.14370410147465, 10.530390944508, 13.48629435746321, 50.667512069954896, 32.392173324404084, 0.0, 59.33792534682889, 54.69941995730315, 52.87297006210651, 81.20085143338628, 16.181673178445795, 48.32722574706895, 79.92692251962866, 22.760697669200837, 65.02757138646017, 13.5995499550216, 83.37192048392869, 46.29807787311143, 48.1781687156077, 19.091697077929137, 15.393137949061261, 47.92377867505692, 93.59769841569508, 13.477807065025633, 7.4090248650081465, 27.068084909446323, 60.71981013577373, 52.82375909009555, 12.978105573480086, 69.38786526637107, 59.90886878818176, 52.997690821456985, 72.3583005708546, 37.72902355971718, 95.96908287943023, 19.032879752907746, 21.226171900025747, 67.36845815839756, 46.55797660589086, 53.96944507151016, 51.509720190474546, 19.1752024903638, 47.797677347770765, 87.8957931934531, 81.26300406616375, 71.66248938659105, 22.524241441522005, 33.5011370706021, 88.323759652258, 7.375162769774566, 37.42704818241944, 75.65565155341963, 74.57259913843943, 79.89324463568889, 78.66584750800436, 60.88824679737549, 12.872829498012257, 37.83780486260893, 69.60058096406058, 31.645738779569744, 67.85371615008565, 24.72760696863568, 21.532971174559155, 83.55607793778857, 13.91226801004611, 83.24226733476769, 21.477939592705894, 6.270551478506717, 43.446674785405634, 36.18736800402403], [50.5162120108913, 43.84159736340106, 55.495746832592026, 18.64558848387413, 39.43585198095927, 19.46668867873524, 63.99862223097548, 24.194575598587374, 20.46565022515653, 42.79388794138128, 37.06274424333275, 50.46655422708109, 72.5517348782585, 34.080910924029844, 43.18659222188957, 64.36081382260424, 32.29594072439451, 49.344339235406935, 51.83887342379528, 74.51360441789633, 62.76884427568954, 59.3379