instance_id,num_cities,city_coordinates,distance_matrix,best_route,total_distance
452,73,"[[56.97076277898577, 4.236754046502911], [45.20817284376445, 14.63412364743234], [65.30529621124, 41.38529676473166], [11.278349544984746, 4.74613154092488], [51.30556202546317, 52.22492825813825], [94.20697620782357, 27.226561275452767], [19.698015338687135, 28.479288196436336], [36.045910811481676, 41.3019127663317], [48.48354349682348, 18.23366898890544], [80.839962968691, 36.0652349571323], [66.32305023040892, 45.81841552081423], [33.55888802696319, 72.3608597611889], [59.614767920146505, 9.270947657151908], [33.426960839277264, 36.656460483893774], [95.4404220158826, 9.122791257284247], [7.420906710324749, 70.37929888911863], [81.51607870841214, 27.817502636130932], [75.19424987102107, 45.18458188443187], [27.50860441358689, 93.79073523878172], [87.9823689656518, 19.438664534267758], [9.386219205176848, 5.83504438583502], [90.02540953554659, 16.23099788488098], [55.05204622153869, 36.59980661091444], [88.45273957976832, 47.08596522498563], [2.3479933381944207, 8.447691248327327], [78.06581125005823, 78.58800400638295], [71.50454647107213, 47.67355747086367], [92.91094760780238, 27.189764061374266], [31.206999608765496, 32.675772910306186], [60.34207867954362, 84.31902694960354], [99.84413258510865, 95.32022406279114], [72.82204551623775, 82.95292237061292], [21.701340137854263, 17.930062000928316], [43.08484292234379, 53.78114200178088], [82.28481923104518, 55.384003714215105], [27.231006317701233, 18.61857703082673], [27.117323912806533, 95.36235153891012], [96.65755999358423, 2.903741405953042], [58.49336778224736, 3.8889356599729252], [68.99181264838428, 56.873190599648694], [45.88643068694367, 80.79671051251795], [43.53022098808863, 8.854931532496035], [90.91993696137014, 37.61425814986964], [86.69495878358371, 20.225812959290835], [52.524737646417265, 15.20036501710873], [22.423242272961254, 88.8869746882628], [72.76345571370977, 55.623052321309586], [61.694820157128774, 67.95986126969805], [86.1210168058369, 32.44950841268563], [73.79670201390476, 39.81335496444076], [72.87878700499216, 58.93332124235955], [13.436976207267238, 33.58338136360784], [73.22366039174973, 15.63581579483423], [32.27575712189413, 1.2861507180797482], [73.75136142477135, 75.11519817543237], [18.574657290327966, 1.443853466916356], [88.75574660044339, 93.03237753237283], [58.72471931867018, 83.7399499463834], [79.38400195515636, 74.45526797701193], [28.716170701409418, 32.40930024188289], [19.652834391126095, 0.9432892357355338], [82.77111048620284, 14.160065453444604], [9.992044435383619, 67.3043117777805], [51.85681503039143, 8.025085974019797], [61.37652566599824, 31.134207578753227], [6.333375316270251, 94.30253317564856], [80.19410789809093, 4.858285592661549], [47.330591727168624, 71.86472543961213], [10.677534476823968, 87.69311921386436], [70.546296975572, 92.43546767390379], [38.13737459351266, 24.42442353343337], [72.45181879345235, 47.458135419897594], [74.34937539865719, 44.77290013159186]]","[[0.0, 15.699166111692088, 38.07201956320981, 45.69525240742779, 48.32141723650059, 43.7614765169348, 44.46299769200202, 42.56378062141638, 16.36907202771002, 39.784304879870945, 42.620415900578365, 72.03478089666204, 5.6862877605678355, 40.06679392293355, 38.77870603086314, 82.64396211873228, 34.03710090654896, 44.819862632969404, 94.27584167184544, 34.53719445402127, 47.611378042822096, 35.16349751454606, 32.419880390197086, 53.17113654891363, 54.78484218741128, 77.285894189001, 45.803785434556765, 42.644314442517235, 38.373809905024515, 80.15320457865698, 100.66938138650028, 80.2963157314576, 37.83436078716661, 51.453524156545164, 57.068753294857736, 33.03467794195882, 95.89109620024642, 39.709177728234636, 1.5618270153783183, 53.99166688458421, 77.35818865514362, 14.211816454098551, 47.60886690351006, 33.75170859432688, 11.830803226925005, 91.4286116476282, 53.75835563443027, 63.89797424246572, 40.56718894323974, 39.35488234020529, 56.9629677754422, 52.50157243512798, 19.851833405337118, 24.87065267349231, 72.83778094539066, 38.49754810820546, 94.3130316911438, 79.52254096693514, 73.70883928659654, 39.90005429320942, 37.4629775861608, 27.6429023637613, 78.64169896051034, 6.364269036456342, 27.255893915557813, 103.3246803972276, 23.231660723760925, 68.31160525602873, 95.43598835651076, 89.23737005454022, 27.608667295946418, 45.91024834552173, 44.10436844595187], [15.699166111692088, 0.0, 33.459223404007005, 35.34126903472438, 38.082105326693345, 50.59102901231913, 29.025104949385618, 28.197837187243586, 4.8667010983047865, 41.5802477082035, 37.660298813170634, 58.89042281296886, 15.372496166776433, 24.97559360722462, 50.53368818525381, 67.34539364029075, 38.62726381502808, 42.80765485255201, 81.11130550816137, 43.043181422926395, 36.88680195323243, 44.84567662570663, 24.070585184616103, 54.06676034274024, 43.30435235722134, 71.90078730170985, 42.22680965121401, 49.327465233810116, 22.837118033609396, 71.3093321668292, 97.44400903644691, 73.68842665541196, 23.736773021910427, 39.204560652950846, 55.09292543316824, 18.413429476071286, 82.73043934091679, 52.76970063988665, 17.086704463978243, 48.47473877546647, 66.1660633133167, 6.017855426255094, 51.16299405325819, 41.86192060783568, 7.338443281796964, 77.6700646890942, 49.39013958144782, 55.81616103418425, 44.62341017222806, 38.0959012208319, 52.23104245191685, 36.993016958731666, 28.033389550846056, 18.58536407300132, 66.87805312980049, 29.720823982018945, 89.68097564311496, 70.41528425753235, 68.89525821383832, 24.247536733188912, 28.991624140730682, 37.56592891838297, 63.358696465140724, 9.374637160678926, 23.101264093656628, 88.64708319826006, 36.32606036027931, 57.26994363024713, 80.80830291006214, 81.82340537306091, 12.07667834106695, 42.65714469430512, 41.92320997141576], [38.07201956320981, 33.459223404007005, 0.0, 65.27893530363222, 17.705653565606116, 32.183487960137015, 47.398197494765974, 29.25950421423405, 28.617638495434736, 16.420381509018917, 4.548446454457336, 44.35448044504872, 32.614621427133635, 32.227164918098204, 44.14742426098844, 64.73990042533757, 21.13940648851606, 10.593676033656719, 64.61362002321356, 31.557951374703062, 66.26283737822632, 35.2678714257526, 11.31503651622882, 23.83908042255321, 71.05285245648244, 39.3302958311264, 8.830227997753653, 31.041667767061355, 35.19303392663285, 43.2196565911197, 64.04613650102428, 42.2417923225909, 49.51215025703168, 25.444164822310327, 22.00609002611799, 44.36186513594086, 66.11991886232607, 49.6366250575967, 38.110096628323866, 15.920592290583787, 43.93576984473929, 39.145607200764495, 25.89074261184889, 30.087230179453776, 29.13749007475653, 63.99437440522669, 16.072891042159952, 26.8187064558664, 22.652649676028783, 8.635680258614867, 19.11258553598848, 52.45181125529236, 26.93949259942157, 51.95086107202986, 34.77128508937818, 61.4741531594316, 56.72164115463991, 42.86281183470149, 35.942077727989364, 37.674031097724715, 60.98936991978469, 32.346064493854286, 61.08478665973984, 35.968949248933676, 10.978163211395763, 79.23333492546834, 39.444888878168285, 35.38482123222924, 71.61429167486422, 51.318496069813, 32.027600375225546, 9.37828099119175, 9.65770288005565], [45.69525240742779, 35.34126903472438, 65.27893530363222, 0.0, 62.100031213130954, 85.92163197491972, 25.182404510147357, 44.1560554407828, 39.57448828986441, 76.28698644529251, 68.67933884999631, 71.19110806376798, 48.54774250389345, 38.8436619735336, 84.27579482193843, 65.7464259209478, 73.92987733148006, 75.63405701581856, 90.5116711855889, 78.09850908337839, 2.183091479217452, 79.58015840707833, 54.13680020277726, 88.0258370800007, 9.66709916405246, 99.56498968117072, 73.95916909450943, 84.66166610218885, 34.31058088093066, 93.48312789113271, 126.67898074136012, 99.51848393982196, 16.806390310630444, 58.44728626600419, 87.21303134002338, 21.140766352675, 91.99006704937102, 85.39908651874258, 47.22279885736721, 77.7693648521006, 83.55483135189087, 32.512542948118266, 86.1573919810911, 76.98886598633361, 42.55062313278804, 84.87573339572994, 79.80525890361443, 80.85663940090241, 79.80540039882915, 71.68161935993702, 82.04185165513728, 28.91792949716396, 62.895204579142444, 21.280568419224796, 94.09932386762252, 8.00881684100922, 117.46151831877387, 92.14760632255104, 97.45636763639466, 32.70058882132117, 9.197478243322402, 72.10989542848782, 62.571403175747136, 40.710728356597286, 56.622944180166904, 89.69281935518913, 68.91584961324243, 76.18838371628405, 82.94916360495085, 105.84001730951019, 33.2962821092667, 74.6090384286689, 74.70004354781476], [48.32141723650059, 38.082105326693345, 17.705653565606116, 62.100031213130954, 0.0, 49.65329486194702, 39.53343432458948, 18.7661722950263, 34.108202756583225, 33.66625204352147, 16.32692124802407, 26.84027152441985, 43.75028402273694, 23.70699409904969, 61.690194361943085, 47.491516559649995, 38.83809655151186, 24.90453541113077, 47.89584012765144, 49.19478891406137, 62.524016411059755, 52.86576978460642, 16.067998329660906, 37.500956538562875, 65.67564245579784, 37.56491317000651, 20.705408681723945, 48.55684870143504, 28.037861652265192, 33.34201259757706, 64.90914690907759, 37.5122471199081, 45.305052755412376, 8.36672120895002, 31.139912246934674, 41.33970337749843, 49.456123486369755, 67.00285958232398, 48.86750179871233, 18.286875181186144, 29.081157570767548, 44.06146325565796, 42.222865636705286, 47.71113898045826, 37.04463081721457, 46.672197749092234, 21.725295134584425, 18.85536532143184, 40.039769250436116, 25.68849021652501, 22.59217945325602, 42.20825822621737, 42.65168445497227, 54.37731633634993, 32.05898263452169, 60.415475515236714, 55.387401464316014, 32.37654223279424, 35.813220923311576, 30.048955290822327, 60.26360151465844, 49.38637990656237, 43.97947865764521, 44.20327971787148, 23.371837912856115, 61.58751832149593, 55.48105009851451, 20.038014427626138, 53.93170859675074, 44.57682538637283, 30.76148928760306, 21.676865300601712, 24.21879555174935], [43.7614765169348, 50.59102901231913, 32.183487960137015, 85.92163197491972, 49.65329486194702, 0.0, 74.51949123911852, 59.83999538460332, 46.59940354290809, 16.02495539420812, 33.51373408312933, 75.59957341012542, 38.97467042359364, 61.5071806156166, 18.145739925176812, 96.92254960729515, 12.704648402546509, 26.152901692750305, 94.23089756243728, 9.969807970600906, 87.47661295078157, 11.763839258965591, 40.26122539552944, 20.676246380868413, 93.75883261505817, 53.83804422150207, 30.552904434231518, 1.2965508732929918, 63.235203478151995, 66.38057638613111, 68.32660128981769, 59.688714021933066, 73.09919398100139, 57.60744977179112, 30.577432718774155, 67.52686824870753, 95.62168875256353, 24.44595932450113, 42.662707323184364, 38.919495161365454, 72.14316328465824, 53.90408425168936, 10.895360175895759, 10.268441107019475, 43.382466595782624, 94.63039173473682, 35.58349722692958, 52.11757879531544, 9.626105975362291, 23.979296654407865, 38.21269791928878, 81.0197634020431, 23.97175261497527, 67.14447704282506, 52.07450163266772, 79.90616801460403, 66.03121502344102, 66.72895663068279, 49.500215175260955, 65.69555836640039, 79.05144180303115, 17.364110627080695, 93.26511040449986, 46.49981511260041, 33.062186594521194, 110.54843164877491, 26.395079755273677, 64.72990902144564, 103.11824409294286, 69.36879136480214, 56.13957784943512, 29.708642959351742, 26.499024833956852], [44.46299769200202, 29.025104949385618, 47.398197494765974, 25.182404510147357, 39.53343432458948, 74.51949123911852, 0.0, 20.77675112354914, 30.55453066712998, 61.61074864215049, 49.74474057651987, 46.01864963982644, 44.29793993994033, 15.979677442831436, 78.17663425224362, 43.661634100426205, 61.82160559958925, 57.956008182672456, 65.7768227908739, 68.88022812428343, 24.881618059383392, 71.38601396685908, 36.27465119040429, 71.22794771374409, 26.50071960738182, 76.92647788423348, 55.24795598888706, 73.22428780081759, 12.250191952890145, 69.06530466795552, 104.36048494122332, 76.08902287746457, 10.737759709313233, 34.45471680938202, 68.12467789687588, 12.408850784076893, 67.29331543170808, 81.09796610964605, 45.93217618497524, 56.886660535600555, 58.505946503343, 30.872146031477996, 71.80536049403086, 67.50340942833068, 35.41078223184728, 60.469128066626574, 59.60473884735876, 57.64067370487129, 66.54154921904428, 55.27322108838015, 61.28329791864872, 8.077894407847758, 55.04497671611061, 29.961079991913387, 71.39098208227014, 27.058763170532174, 94.53079704431963, 67.65223100965176, 75.34061132725988, 9.83728218684163, 27.53603602702717, 64.67809112405051, 40.01984916597893, 38.11250170438396, 41.76298384970092, 67.1663098772158, 64.94404498461338, 51.43787945324739, 59.89696869408135, 81.70642960488478, 18.879933717145033, 56.06389587671803, 57.028527477902955], [42.56378062141638, 28.197837187243586, 29.25950421423405, 44.1560554407828, 18.7661722950263, 59.83999538460332, 20.77675112354914, 0.0, 26.207605342538415, 45.099111999463474, 30.612153934743084, 31.158361169356514, 39.76774762586075, 5.33283469322997, 67.55149015605612, 40.8030053246681, 47.42747605697046, 39.34040633497965, 53.178586715668835, 56.350663783638886, 44.36933523575438, 59.51753569742511, 19.57914670056476, 52.72505063433299, 47.063250138410325, 56.17761683116607, 36.02655547065761, 58.58997483288195, 9.890669868289203, 49.404209190409, 83.59540093090104, 55.56339338879773, 27.422802847465796, 14.327516448157208, 48.33572113144936, 24.33590477718277, 54.792797923549166, 71.75089950931121, 43.63048453106271, 36.44032301186657, 40.70227119500239, 33.29897130556056, 54.99779579645858, 54.85916553828213, 30.868147478602594, 49.496618230182264, 39.411586390302645, 36.99341521175567, 50.851561462617475, 37.780127590288984, 40.835368659227484, 23.890158035318215, 45.17669307954527, 40.19297539552691, 50.64621679956487, 43.51907157461123, 73.85369167353743, 48.11772391750442, 54.564962253290275, 11.524046493796607, 43.56089356071577, 54.036322600623365, 36.80935624938538, 36.84198547289581, 27.29509622055517, 60.761011589066676, 57.246845044697125, 32.57958781002148, 52.87436575046946, 61.68400994550407, 17.00658294773369, 36.92274655753542, 38.46041019894099], [16.36907202771002, 4.8667010983047865, 28.617638495434736, 39.57448828986441, 34.108202756583225, 46.59940354290809, 30.55453066712998, 26.207605342538415, 0.0, 36.944588587757664, 32.850665772968654, 56.14711142875651, 14.29106472006382, 23.79285455323375, 47.83258861168009, 66.37248569663431, 34.39474160220623, 37.94487502826769, 78.41440129104907, 39.51720166815085, 41.01617557518064, 41.59011091028865, 19.505390003667337, 49.29494531502617, 47.1620011108357, 67.21425682714928, 37.37209670021876, 45.32114158963039, 22.517844799015123, 67.1408921110929, 92.62962314861748, 69.14437387694453, 26.783924170373737, 35.95509429126831, 50.22622434011373, 21.25602245836951, 80.03342433765924, 50.55435238561307, 17.491939758164303, 43.74473378476495, 62.616923907458954, 10.606418818422929, 46.65248896365447, 38.263310047825144, 5.05293807007653, 75.30623417835524, 44.58116332305793, 51.45125877703564, 40.23269177682996, 33.26317544843848, 47.45091779275653, 38.26062661232152, 24.87613766629702, 23.45017515319056, 62.241232197295375, 34.29926208208455, 84.9511456225859, 66.30199489528214, 64.15377249791794, 24.32483399025093, 33.617956802074836, 34.5287053886371, 62.36604431668087, 10.751470969639062, 18.23877422204711, 86.96613580187459, 34.41599592694431, 53.64344800441186, 79.08166376331387, 77.41235055953962, 12.056892336188003, 37.79613285603671, 37.05903465578745], [39.784304879870945, 41.5802477082035, 16.420381509018917, 76.28698644529251, 33.66625204352147, 16.02495539420812, 61.61074864215049, 45.099111999463474, 36.944588587757664, 0.0, 17.489004733222508, 59.60597644164661, 34.18249166989803, 47.41668818619965, 30.64422746469881, 81.04204344287966, 8.275398536166655, 10.725510000072255, 78.59050316736611, 18.095767666830152, 77.58544914994621, 21.85793651905018, 25.793456864311263, 13.394434044294089, 83.2088818395161, 42.613164695594975, 14.896414090874929, 14.982745201701555, 49.748562842102096, 52.427013094243286, 62.22790528951879, 47.5682901864112, 61.85677981013396, 41.704945175946676, 19.37272401879774, 56.376467661651354, 80.01418612997193, 36.740727131982766, 39.17505013254182, 23.94472142317622, 56.768427178610615, 46.17810584162038, 10.198301257794167, 16.886925866424452, 35.172358218709626, 78.75690093614774, 21.159824892713054, 37.19951183676103, 6.400235001548749, 7.978466548554446, 24.214245663938712, 67.44866360144104, 21.802963841010094, 59.73329716361866, 39.688132976987575, 71.24330387840709, 57.514476122907546, 52.55437613563794, 38.41763212042592, 52.25184761293029, 70.55080279361958, 21.990129188335427, 77.42937092026848, 40.32707303299489, 20.07835707029278, 94.56645550828398, 31.213631916341633, 49.03551243545163, 87.11030251757181, 57.3023794978958, 44.260812741544136, 14.147761082908765, 10.860532205871557], [42.620415900578365, 37.660298813170634, 4.548446454457336, 68.67933884999631, 16.32692124802407, 33.51373408312933, 49.74474057651987, 30.612153934743084, 32.850665772968654, 17.489004733222508, 0.0, 42.16623852262733, 37.15802011409663, 34.14812026053377, 46.84431854327341, 63.81770524777623, 23.555487237910697, 8.893814037982061, 61.70822200638993, 34.13235049314715, 69.57350569371445, 37.91064651246374, 14.560847557805577, 22.16596113304577, 74.09034307527752, 34.810032546352396, 5.503585644544855, 32.46448740005147, 37.49488053120539, 38.962406253758026, 59.78371024917323, 37.69891959596418, 52.61993228458326, 24.564594275161546, 18.608561124262206, 47.623724247001846, 63.17982725724976, 52.55332279653604, 42.654251940923146, 11.372350016035265, 40.510943446073824, 43.4259394075042, 25.929038451569323, 32.71079277503084, 33.583603838971825, 61.4987311044773, 11.73071718092971, 22.619994108354238, 23.889059374272875, 9.587294887853556, 14.66214297920482, 54.28289681298548, 30.96139122871464, 56.05658548714846, 30.22385285022782, 65.1844366841933, 52.272211310208185, 38.67528158700222, 31.474716496804533, 39.92595346979646, 64.74477589417549, 35.6761799407721, 60.289517760920035, 40.467366100289134, 15.494969123944896, 77.13281247998064, 43.24509780947788, 32.235442301655716, 69.64132561104232, 46.807962618708395, 35.38552252354688, 6.344327028676824, 8.09413356299217], [72.03478089666204, 58.89042281296886, 44.35448044504872, 71.19110806376798, 26.84027152441985, 75.59957341012542, 46.01864963982644, 31.158361169356514, 56.14711142875651, 59.60597644164661, 42.16623852262733, 0.0, 68.25866894617202, 35.70464301089375, 88.47811908560402, 26.212986300661356, 65.4522940929293, 49.71974894466328, 22.267588436726232, 75.91227848721284, 70.78136781189971, 79.6180221151764, 41.723000510435526, 60.43306406362005, 71.12673939262824, 44.94044437071055, 45.26959121895043, 74.58615731628288, 39.75471666977086, 29.331502928396766, 70.14888491819981, 40.66678406696963, 55.70738897813198, 20.879409203521245, 51.59874042013624, 54.11353841689339, 23.88644745954005, 93.83887091266865, 72.87065713158732, 38.66988548321074, 14.93759973798794, 64.28398246227061, 67.06426961050991, 74.44128639732581, 60.2247923298683, 19.92774650936417, 42.6280696888702, 28.478052330793076, 65.99767683964777, 51.75347082990719, 41.549407292006585, 43.68734560664547, 69.21722892268373, 71.08629045380104, 40.28673848717086, 72.48274934431376, 58.94068919978072, 27.618884084000364, 45.87295076955908, 40.243993578171015, 72.75883250493293, 76.21794603261134, 24.1032112876788, 66.88726277413798, 49.73386988751416, 34.96663516249323, 82.04536094018945, 13.780637578548337, 27.543320791266705, 42.083943536470805, 48.15458916300447, 46.18230985155746, 49.243876538556584], [5.6862877605678355, 15.372496166776433, 32.614621427133635, 48.54774250389345, 43.75028402273694, 38.97467042359364, 44.29793993994033, 39.76774762586075, 14.29106472006382, 34.18249166989803, 37.15802011409663, 68.25866894617202, 0.0, 37.891523491256834, 35.825960443596685, 80.36435614300375, 28.699165768929454, 39.14727808249868, 90.41238979229432, 30.13475162615646, 50.34592870632069, 31.196945726029252, 27.70712834296606, 47.556326215307294, 57.27269176610074, 71.73071379043117, 40.20108548900443, 37.811632642890416, 36.807433292254856, 75.05160349004439, 94.98884014072708, 74.85629952899971, 38.889693588683414, 47.48047831508887, 51.384289090738925, 33.70587768374527, 92.02072423830519, 37.58603144841507, 5.49759869461738, 48.517033101704165, 72.83132564515495, 16.089926022997936, 42.22981006808093, 29.212083304485414, 9.242646780601024, 87.8744635271466, 48.18096717055011, 58.72576264578842, 35.21117590606896, 33.67441014723249, 51.40316675458701, 52.18699914929844, 15.023764532025341, 28.481195438133845, 67.34469988224076, 41.77982867330315, 88.68581494910597, 74.47432100037271, 68.1162112121124, 38.6018998291674, 40.82041188133252, 23.666847569175296, 76.35630974060166, 7.8573535222208175, 21.934126943066758, 100.34578881845421, 21.047109550321018, 63.78778881431881, 92.43857316486817, 83.87988863313026, 26.28509568633868, 40.28710940674493, 38.43822689775344], [40.06679392293355, 24.97559360722462, 32.227164918098204, 38.8436619735336, 23.70699409904969, 61.5071806156166, 15.979677442831436, 5.33283469322997, 23.79285455323375, 47.41668818619965, 34.14812026053377, 35.70464301089375, 37.891523491256834, 0.0, 67.85110395699309, 42.585733308972344, 48.89468716809706, 42.62904277231125, 57.439988636389344, 57.20791075715186, 39.088578237219686, 60.17128814648978, 21.62515959366359, 56.00545415530469, 41.97185822332391, 61.24443899795706, 39.63936116497051, 60.23257443472108, 4.557861496742738, 54.737042397754976, 88.61533648277835, 60.78926780224718, 22.094528304004378, 19.660351050260562, 52.324097718676434, 19.072364612178227, 59.043993451555515, 71.67534244471406, 41.25573220919547, 40.90934930767067, 45.86502002042912, 29.580413750824487, 57.50095372899906, 55.74446863207485, 28.72436442560789, 53.377040348257246, 43.67025801313044, 42.17789434254081, 52.86172509421502, 40.492986865230414, 45.30678881869536, 20.224818932873898, 45.00716385658454, 35.389039022394435, 55.72370938304419, 38.216732116210814, 78.99062322112677, 53.44933642287871, 59.50461726646435, 6.342705561852207, 38.27737138323286, 54.23036874062543, 38.58090325264143, 34.05018548892781, 28.489883312351623, 63.69562051880469, 56.55342580634789, 37.85409981836567, 55.877338287897786, 67.00106535199589, 13.107659047042636, 40.49216862266869, 41.71954704840976], [38.77870603086314, 50.53368818525381, 44.14742426098844, 84.27579482193843, 61.690194361943085, 18.145739925176812, 78.17663425224362, 67.55149015605612, 47.83258861168009, 30.64422746469881, 46.84431854327341, 88.47811908560402, 35.825960443596685, 67.85110395699309, 0.0, 107.23709620217399, 23.310503428340564, 41.356501662442376, 108.55133615393947, 12.72948533000606, 86.11698497321422, 8.935824619071536, 48.84882057991549, 38.600910397682846, 93.09487653535267, 71.60511770496187, 45.37717172489613, 18.243183578664695, 68.41546242538101, 82.9841404561761, 86.30984931650262, 77.2170914739152, 74.26318209022838, 68.81478731666822, 48.09542247051913, 68.86722251800433, 110.02412231856584, 6.337034472851342, 37.315922351681074, 54.585983318337306, 87.13638022108971, 51.91089210924954, 28.847850367390635, 14.13365550955311, 43.343890777198105, 108.13802983234379, 51.73508557731776, 67.82747564560555, 25.119455541813085, 37.554777541440025, 54.68195563217105, 85.57386045303842, 23.15175988321992, 63.64894206591782, 69.46519358769065, 77.2483777980655, 84.17543319916038, 83.16106778646062, 67.27660172378098, 70.67097858503708, 76.22770291239705, 13.633986429631632, 103.3755994479183, 43.597428304369764, 40.556768646092806, 123.27065427264532, 15.83149085657989, 79.06393662946732, 115.57700263964132, 86.95239797281599, 59.31086910680762, 44.69982651179246, 41.42176372584782], [82.64396211873228, 67.34539364029075, 64.73990042533757, 65.7464259209478, 47.491516559649995, 96.92254960729515, 43.661634100426205, 40.8030053246681, 66.37248569663431, 81.04204344287966, 63.81770524777623, 26.212986300661356, 80.36435614300375, 42.585733308972344, 107.23709620217399, 0.0, 85.4494061635714, 72.30490860324599, 30.84819202112126, 95.31577744104645, 64.57416853964958, 98.77014927926153, 58.39331768027898, 84.31332831391528, 62.13902537901651, 71.1202177803911, 67.98723099478241, 95.78038949226163, 44.579525419280074, 54.72628674591313, 95.7293185477681, 66.5988360601346, 54.3585616902398, 39.33719814871975, 76.35092845075668, 55.42212891747876, 31.8135469622058, 111.8755162976272, 83.84130653971694, 63.03484289787881, 39.85121076864767, 71.33814096430443, 89.69746901395624, 93.80696926682585, 71.26759648229522, 23.824444082080376, 66.9880252211524, 54.32781386385285, 87.36347254220063, 73.07546188830631, 66.45106844108015, 37.284482546177756, 85.59702876474446, 73.42769718006022, 66.49930800147742, 69.83195391479714, 84.43055224247142, 53.0149807585197, 72.07843367625416, 43.53399896312158, 70.50517350785731, 94.01199613432938, 4.00827830073169, 76.56760291723158, 66.71870808737793, 23.947940689363158, 97.92314330386664, 39.9373190159355, 17.617434508097716, 66.86770130341482, 55.275238291440075, 68.9521519689286, 71.65966493289349], [34.03710090654896, 38.62726381502808, 21.13940648851606, 73.92987733148006, 38.83809655151186, 12.704648402546509, 61.82160559958925, 47.42747605697046, 34.39474160220623, 8.275398536166655, 23.555487237910697, 65.4522940929293, 28.699165768929454, 48.89468716809706, 23.310503428340564, 85.4494061635714, 0.0, 18.481909031970545, 85.26004163586641, 10.583847959419423, 75.40520607148068, 14.375527937309236, 27.88321858343817, 20.479035977855425, 81.50322284661611, 50.887603155591215, 22.23721410921817, 11.412146728487528, 50.54311258630039, 60.33871499268493, 69.94665795384638, 55.81667064994236, 60.62643344762118, 46.37963403428177, 27.577217837902975, 55.0589621837957, 86.72676136355891, 29.15407268536476, 33.20574552577048, 31.64001016712347, 63.84565987867273, 42.455912304519735, 13.579726383020246, 9.189915722271323, 31.61787498030592, 84.97907821760052, 29.15059180501026, 44.76931144459053, 6.531533693945864, 14.264965812588546, 32.29236714001763, 68.3228333345549, 14.736271436083804, 55.933191438922826, 47.93081303111105, 68.24362168459173, 65.61549130288815, 60.388460619561606, 46.6864745646194, 52.999197076938245, 67.44838280752339, 13.714980683992506, 81.70003411797585, 35.65686019897115, 20.410833604353797, 100.36283263833964, 22.99724448868769, 55.75666199517582, 92.75337626962384, 65.54248634961132, 43.51120495326646, 21.631349101540494, 18.40780107886695], [44.819862632969404, 42.80765485255201, 10.593676033656719, 75.63405701581856, 24.90453541113077, 26.152901692750305, 57.956008182672456, 39.34040633497965, 37.94487502826769, 10.725510000072255, 8.893814037982061, 49.71974894466328, 39.14727808249868, 42.62904277231125, 41.356501662442376, 72.30490860324599, 18.481909031970545, 0.0, 68.09169498990819, 28.746969408616632, 76.6751785225843, 32.531113159769035, 21.89535874001652, 13.394133341306263, 81.5853922246838, 33.52662336428809, 4.450720239404886, 25.252620600276394, 45.731263787320266, 41.857995409000324, 55.86769490908633, 37.84276544573554, 60.03582468660711, 33.24025963266473, 12.421931392145563, 54.82905567340048, 69.4924411507433, 47.41669698517492, 44.544919571582945, 13.232301432411258, 46.12127460023111, 48.19184806368284, 17.452995041242854, 27.481019845523996, 37.58936080393131, 68.51772310646948, 10.717762140334557, 26.47542169026301, 16.78023635049755, 5.550064741871716, 13.942352822109628, 62.83747849734385, 29.614401907071674, 61.392746140923016, 29.96537532932677, 71.54739398817071, 49.732542081711955, 41.9256704538803, 29.569022419702613, 48.20186370196839, 71.0080334098749, 31.93633411270761, 68.85208816169464, 43.880109403425216, 19.70640810334924, 84.58364607589026, 40.63506801892306, 38.57737037801438, 77.26177781505928, 47.4789392679326, 42.47583054033608, 3.5622989618845082, 0.9398376134596735], [94.27584167184544, 81.11130550816137, 64.61362002321356, 90.5116711855889, 47.89584012765144, 94.23089756243728, 65.7768227908739, 53.178586715668835, 78.41440129104907, 78.59050316736611, 61.70822200638993, 22.267588436726232, 90.41238979229432, 57.439988636389344, 108.55133615393947, 30.84819202112126, 85.26004163586641, 68.09169498990819, 0.0, 95.84000530648788, 89.8032538333725, 99.6185915432614, 63.477897759344835, 76.7823101579744, 88.97466778383495, 52.793505282660455, 63.73724972732471, 93.3442866868016, 61.226764959702905, 34.17236149710068, 72.35169639970985, 46.59148132790857, 76.08262654817175, 42.934680120759545, 66.89925811343856, 75.17267076767098, 1.6195919934107479, 114.20167996038009, 95.09147768606915, 55.5316276335742, 22.507536007311796, 86.43369105211833, 84.71595878939587, 94.41833685041469, 82.4757734944168, 7.064543554833124, 59.20112824503371, 42.84777003381477, 84.8419766092808, 71.10657888506074, 57.214445543895835, 61.82989714553394, 90.54312661034234, 92.62733884924049, 49.87151752854513, 92.77802533029073, 61.25183697219118, 32.79426954151066, 55.361694016050876, 61.39331216523508, 93.17918947884431, 96.9277470484449, 31.754692585907183, 89.15482013916258, 71.22412897587061, 21.18141318354435, 103.36702993447857, 29.557758486953574, 17.901559608132853, 43.059026129632315, 70.17589297715581, 64.5492240446886, 67.79974915198034], [34.53719445402127, 43.043181422926395, 31.557951374703062, 78.09850908337839, 49.19478891406137, 9.969807970600906, 68.88022812428343, 56.350663783638886, 39.51720166815085, 18.095767666830152, 34.13235049314715, 75.91227848721284, 30.13475162615646, 57.20791075715186, 12.72948533000606, 95.31577744104645, 10.583847959419423, 28.746969408616632, 95.84000530648788, 0.0, 79.76473680965702, 3.803043531676202, 37.13369027455131, 27.651301669136537, 86.33682750064844, 59.97484870272056, 32.691402742982895, 9.185337844139083, 58.298058319037104, 70.52267064033836, 76.8030761925895, 65.29851725416579, 66.29819502878587, 56.526043585379014, 36.39408580717166, 60.756897609210625, 97.30858111011476, 18.67250979998126, 33.3375952770878, 41.97600470481908, 74.41019974327357, 45.694735627553044, 18.411450486286423, 1.5089823126560804, 35.71003782646992, 95.50427674169225, 39.2546206209302, 55.18461520205439, 13.143313520243343, 24.82662194079717, 42.28411163229497, 75.87548085965605, 15.240772201708863, 58.589592599351455, 57.466494359098775, 71.70246624318132, 73.59777650047218, 70.64464147064433, 55.68445536793321, 60.66893478013396, 70.78844681588133, 7.417602253807878, 91.50743634468704, 37.885688890138425, 29.062976874214606, 110.77525442042852, 16.530107698902576, 66.34047674457982, 103.1247206975814, 75.05031562258763, 50.093724724323934, 32.035741560979396, 28.76946309715286], [47.611378042822096, 36.88680195323243, 66.26283737822632, 2.183091479217452, 62.524016411059755, 87.47661295078157, 24.881618059383392, 44.36933523575438, 41.01617557518064, 77.58544914994621, 69.57350569371445, 70.78136781189971, 50.34592870632069, 39.088578237219686, 86.11698497321422, 64.57416853964958, 75.40520607148068, 76.6751785225843, 89.8032538333725, 79.76473680965702, 0.0, 81.3065487294346, 55.0621317409157, 89.18045253430574, 7.507499382800604, 100.0493852904675, 74.89424383408236, 86.2113931400788, 34.59148977922169, 93.57475692643469, 127.2408404360344, 99.85625250650146, 17.26127616069816, 58.6039718536979, 88.14366259837966, 21.951198918894733, 91.26626320954517, 87.32055577105659, 49.14569544266675, 78.47113570389787, 83.37575682836099, 34.277289509674645, 87.50808853247109, 78.63673082813588, 44.14341404821109, 84.06894252593679, 80.5947879309909, 81.21380797871787, 81.21920252163764, 72.82331965400661, 82.7691559153908, 28.042447063728567, 64.58540096229649, 23.33716734398976, 94.56538077996031, 10.18380833141754, 117.91054569806838, 92.2142174713159, 98.02257227606529, 32.86089011498925, 11.37245161892934, 73.85559047292324, 61.472252747984165, 42.52702425407535, 57.819024759606876, 88.52014702081001, 70.81462531771352, 76.1557232658926, 81.86825947631988, 106.01975488819745, 34.23731813763157, 75.56289802977751, 75.73881615589124], [35.16349751454606, 44.84567662570663, 35.2678714257526, 79.58015840707833, 52.86576978460642, 11.763839258965591, 71.38601396685908, 59.51753569742511, 41.59011091028865, 21.85793651905018, 37.91064651246374, 79.6180221151764, 31.196945726029252, 60.17128814648978, 8.935824619071536, 98.77014927926153, 14.375527937309236, 32.531113159769035, 99.6185915432614, 3.803043531676202, 81.3065487294346, 0.0, 40.47251549399086, 30.895020640043796, 88.02220840925506, 63.49352883237228, 36.49187473905781, 11.332293945953351, 61.074020433828565, 74.27704781845763, 79.69638021732625, 68.9040705666985, 68.34519206155701, 60.11181345765973, 39.91083316261405, 62.83977728846198, 101.0900507856091, 14.88627505298675, 33.861425798322614, 45.76243029687084, 78.21112900931693, 47.07662809609935, 21.40196250056974, 5.201004680826798, 37.514831683539064, 99.24184593130119, 43.00824342460154, 58.978789421397835, 16.681857400431166, 28.626884448903226, 46.016248047097186, 78.52956979426975, 16.812287649555334, 59.65208136131313, 61.09168262349303, 72.96485206210835, 76.81187381991765, 74.41230957640741, 59.188725134550765, 63.407887786740275, 72.01398036630295, 7.544111334868045, 94.94115504489413, 39.040729972527075, 32.29340809128692, 114.45313981895862, 15.033066113346178, 70.12816202728145, 106.78445608408087, 78.65466954955852, 52.5309470122526, 35.832460286749274, 32.56344929705269], [32.419880390197086, 24.070585184616103, 11.31503651622882, 54.13680020277726, 16.067998329660906, 40.26122539552944, 36.27465119040429, 19.57914670056476, 19.505390003667337, 25.793456864311263, 14.560847557805577, 41.723000510435526, 27.70712834296606, 21.62515959366359, 48.84882057991549, 58.39331768027898, 27.88321858343817, 21.89535874001652, 63.477897759344835, 37.13369027455131, 55.0621317409157, 40.47251549399086, 0.0, 35.0080824851911, 59.75164256921112, 47.88154238648477, 19.832113416606013, 39.01083586593596, 24.16576687069615, 48.0115447901763, 73.8540345988232, 49.64256455468042, 38.220792248230694, 20.938296029469562, 33.082774771819764, 33.12604532000066, 65.0644710796967, 53.53917805245876, 32.89139359244829, 24.60339786268714, 45.13728860505009, 30.04214622538159, 35.88223373829137, 35.62838171335652, 21.548164403507418, 61.632676338640195, 25.99188149321698, 32.05588048644508, 31.34495028393264, 19.0181232984418, 28.575838793523033, 41.724248028757856, 27.743404125804574, 42.021585377852254, 42.81471448506911, 50.661039712009504, 65.73107697304535, 47.28299526644808, 45.00088915858029, 26.667183635334236, 50.24431738555972, 35.663545910675055, 54.52678606437759, 28.75281137282845, 8.358936117937077, 75.51896151153247, 40.49256008083148, 36.1003512379487, 67.67291840407495, 57.94560253177014, 20.840970931493597, 20.5098851795497, 20.95677387070367], [53.17113654891363, 54.06676034274024, 23.83908042255321, 88.0258370800007, 37.500956538562875, 20.676246380868413, 71.22794771374409, 52.72505063433299, 49.29494531502617, 13.394434044294089, 22.16596113304577, 60.43306406362005, 47.556326215307294, 56.00545415530469, 38.600910397682846, 84.31332831391528, 20.479035977855425, 13.394133341306263, 76.7823101579744, 27.651301669136537, 89.18045253430574, 30.895020640043796, 35.0080824851911, 0.0, 94.37660484050666, 33.170268728353626, 16.958375933357324, 20.389566929292968, 59.03158804719484, 46.65308287387479, 49.561149706544704, 39.12489248284211, 72.84103253156535, 45.859256853892546, 10.33927870776907, 67.51661139459407, 78.05538220116699, 44.937600955303125, 52.56945236297099, 21.783421622029838, 54.29829647972619, 58.98851255809119, 9.787762657348466, 26.917607119945572, 48.03657797490821, 78.14869740909715, 17.861564442119455, 33.93679106683382, 14.821025575606885, 16.361243752654815, 19.56803115808494, 76.22128656282715, 34.94333630456304, 72.4808689720211, 31.650725417383903, 83.46345757387411, 45.9474114306236, 47.19395919607427, 28.832633165150334, 61.51310556609178, 82.84065126141319, 33.41250940774151, 81.0238373558608, 53.52582536946272, 31.425784507445005, 94.72589021001943, 43.02768788098895, 48.01060301417831, 87.73781102741036, 48.75672321948852, 55.18316251845379, 16.00524840994164, 14.291786149789857], [54.78484218741128, 43.30435235722134, 71.05285245648244, 9.66709916405246, 65.67564245579784, 93.75883261505817, 26.50071960738182, 47.063250138410325, 47.1620011108357, 83.2088818395161, 74.09034307527752, 71.12673939262824, 57.27269176610074, 41.97185822332391, 93.09487653535267, 62.13902537901651, 81.50322284661611, 81.5853922246838, 88.97466778383495, 86.33682750064844, 7.507499382800604, 88.02220840925506, 59.75164256921112, 94.37660484050666, 0.0, 103.21265146837389, 79.50658728765093, 92.4819656980141, 37.680793303012834, 95.49750528508818, 130.58458609519647, 102.55545570557798, 21.551505456410382, 60.947622359345644, 92.69796956632538, 26.881429510704095, 90.37520628215364, 94.47237555276237, 56.33014578338374, 82.37977688531366, 84.4391858988538, 41.18424114703051, 93.25061834652443, 85.1653376138671, 50.62908524159174, 82.90653737868404, 84.75760752831492, 84.0460839904461, 87.14359809017219, 78.03026868964916, 86.73748723108551, 27.473049678585028, 71.23923999301593, 30.772694192405492, 97.68826671603296, 17.673663080521536, 120.91678534264832, 94.05987163574406, 101.44726122092118, 35.62919425159664, 18.861961017715554, 80.62573404851317, 59.35093341578115, 49.51062532999992, 63.238007969774486, 85.94729287113404, 77.92882255644221, 77.75059088805905, 79.68198735612235, 108.18944129594425, 39.19356816045809, 80.22693499021678, 80.64564352170258], [77.285894189001, 71.90078730170985, 39.3302958311264, 99.56498968117072, 37.56491317000651, 53.83804422150207, 76.92647788423348, 56.17761683116607, 67.21425682714928, 42.613164695594975, 34.810032546352396, 44.94044437071055, 71.73071379043117, 61.24443899795706, 71.60511770496187, 71.1202177803911, 50.887603155591215, 33.52662336428809, 52.793505282660455, 59.97484870272056, 100.0493852904675, 63.49352883237228, 47.88154238648477, 33.170268728353626, 103.21265146837389, 0.0, 31.603056815717103, 53.4991321698278, 65.60244806905996, 18.627273558061077, 27.463839283479302, 6.822726097212313, 82.80301644321645, 42.88412932146263, 23.584436773061952, 78.61621692938014, 53.6388580890393, 77.93433599327855, 77.22066663220596, 23.5344549950167, 32.25509134781668, 77.81650462074876, 42.94271064239368, 58.99667389753957, 68.3398801393532, 56.58766897016713, 23.569131934197298, 19.518369998443095, 46.836386626163566, 39.00895668940659, 20.327611150189334, 78.75469749930397, 63.13813764720077, 89.84601036699709, 5.538488750047468, 97.41877314930738, 17.969825941108382, 20.015503592642656, 4.337872038623135, 67.58594309211269, 97.16366397649553, 64.59952869087252, 69.00260457872962, 75.27308206845598, 50.30303220185873, 73.43356720197308, 73.76042993359431, 31.461980131686154, 68.00061006643642, 15.757390169298718, 67.29021848296718, 31.632034862061516, 34.01871757577716], [45.803785434556765, 42.22680965121401, 8.830227997753653, 73.95916909450943, 20.705408681723945, 30.552904434231518, 55.24795598888706, 36.02655547065761, 37.37209670021876, 14.896414090874929, 5.503585644544855, 45.26959121895043, 40.20108548900443, 39.63936116497051, 45.37717172489613, 67.98723099478241, 22.23721410921817, 4.450720239404886, 63.73724972732471, 32.691402742982895, 74.89424383408236, 36.49187473905781, 19.832113416606013, 16.958375933357324, 79.50658728765093, 31.603056815717103, 0.0, 29.62802393122511, 42.99797465979875, 38.30784672249494, 55.43768554365513, 35.303957164370004, 58.008920726377404, 29.068576480452247, 13.253877245961993, 52.95600292774252, 65.14941754230459, 51.35183073415792, 45.67695127737027, 9.536617899859385, 41.87399101769334, 47.84818289100234, 21.8665701636106, 31.370803384623102, 37.61304