instance_id,num_cities,city_coordinates,distance_matrix,best_route,total_distance
1464,64,"[[42.92174033267929, 33.00300862675749], [30.965477914011785, 92.30795487349238], [70.92411240987158, 48.62244100748989], [10.18154187250584, 67.7983970176519], [55.93561581626566, 88.11002568643845], [88.94266761038277, 59.45884898817374], [99.60392520472998, 10.364529189421589], [12.737544101453501, 54.070568917987494], [70.3062103232775, 3.18133424865501], [75.7463911063337, 58.21911263077239], [29.10839223156182, 86.45473980314927], [14.871172961653933, 69.24838284176666], [16.565060298607825, 87.24128847369332], [39.03445706540172, 50.54538465682704], [79.18620268134404, 42.55405483817049], [50.29005477564671, 77.09820661355509], [37.484805029547985, 98.27613059005323], [73.67717625291678, 19.3786245355566], [0.0271503109380955, 28.239312420363795], [80.47274620926935, 68.52471960050526], [61.58637275361924, 39.40829807017812], [82.38948700843804, 4.198556982619451], [16.70597761407381, 25.780979814045136], [45.203580191733536, 86.7040445652453], [62.15687561567085, 97.54593331092993], [52.86355474494513, 40.62382207810553], [47.04116260288379, 69.61019111270394], [68.80377832225251, 77.16421068748643], [91.10250336323026, 79.9649016153609], [2.1754152330712206, 18.953753048388755], [40.71490480931147, 10.604215818227248], [1.017103674887343, 23.818765867894996], [66.8290887617153, 40.043871411943655], [73.99367598750771, 57.851959663988495], [81.84922656635327, 27.033095953498666], [19.640202609978985, 85.03274468943958], [58.59828441054088, 26.323131032747483], [86.94609442952736, 1.457224510631705], [76.42529859832953, 22.411891109650263], [48.090412876008884, 21.80864790007041], [62.32326001385563, 1.4643857024434048], [58.19803662973416, 61.790074633926004], [80.79699785177485, 41.992647082821364], [43.291488521487, 13.514323072521128], [71.47768212736695, 35.57584366970652], [80.6618763809523, 87.36311721393389], [92.5993251954275, 47.207805941861714], [69.61831697410793, 28.74178017666956], [99.9979598589185, 50.052440162135646], [32.55059196128393, 8.165090965096667], [10.079255498940409, 55.896389369483835], [87.95180197312759, 3.6556472628274106], [14.712709496750332, 58.985152018230494], [86.32340315917133, 97.4700790775554], [74.9039359140685, 11.58613497722949], [68.97060980894145, 14.237174730666325], [23.925493958390977, 45.94346051200764], [19.970220525705564, 78.03956062811187], [92.98260352678139, 32.31637214529736], [49.80160671930711, 60.13858120937934], [71.56268794968099, 68.67041533045176], [22.988409462601368, 85.15603616261875], [76.37061745466305, 16.745874551372985], [12.550641378377636, 57.079985970035516]]","[[0.0, 60.49817237199943, 32.06399085961993, 47.776978226806406, 56.62282476456167, 53.08330468921856, 61.03581598622248, 36.809343905450916, 40.4875469666853, 41.39214417680809, 55.20775445094555, 45.8318828090499, 60.30311420791588, 17.967913846087274, 37.50111615899279, 44.7065827728459, 65.49916576816621, 33.6380837817555, 43.15829763417539, 51.69013438603322, 19.733125354661848, 48.86102191093994, 27.192350304632967, 53.74949352328008, 67.34819638373207, 12.52663049140446, 36.83823352713375, 51.186830903487675, 67.28153772974534, 43.100401290814865, 22.507244218399205, 42.89928773855434, 24.922581280179422, 39.78612261817557, 39.38259821036714, 57.001082739592576, 17.040387287150903, 54.159765962805615, 35.137731667268966, 12.329999510923075, 37.02841749118024, 32.58926813931987, 38.92748041818976, 19.492192753895793, 28.671611254685633, 66.17657647953516, 51.668546569056325, 27.03452001193126, 59.5682629517346, 26.91621950254046, 40.03418154384828, 53.74917739247429, 38.351286756997546, 77.71555512645227, 38.49082112823885, 32.10451872878686, 22.98505321523394, 50.547633748975876, 50.06557193717333, 27.994139759681666, 45.74349988103851, 55.832570787420345, 37.19034537439248, 38.756992784279674], [60.49817237199943, 0.0, 59.20402513774222, 32.13550098670008, 25.320552843828168, 66.63646361080292, 106.89228905455029, 42.359830686456334, 97.42303490705439, 56.279475404336544, 6.140756784929067, 28.120642136797617, 15.265750420627525, 42.53493500227158, 69.28700358517183, 24.592188048482004, 8.838594199481735, 84.51613099600206, 71.14753024991057, 54.92369155572914, 61.12293260869222, 102.01810970624675, 68.03801701522647, 15.301221102047483, 31.628147411666763, 56.131767758593185, 27.813955453271912, 40.75622609805107, 61.39065721763386, 78.80169182555994, 82.28336587912317, 74.75074668664584, 63.385589869553534, 55.12387355156886, 82.76450376785779, 13.460703693874283, 71.53718593968284, 106.71309494585203, 83.37898432056728, 72.54940165973399, 96.10340554817215, 40.901751411422254, 70.81532727720487, 79.75190875385128, 69.71205872633024, 49.941800528858735, 76.37247255630881, 74.39556796606026, 80.93832273401492, 84.1577930630887, 41.976617172236914, 105.38820035690203, 37.075081542132594, 55.59808822025129, 91.90538775712473, 86.829930107426, 46.89592425245022, 18.013404991192257, 86.28507326011788, 37.27825573053286, 46.97730024521471, 10.713709083479527, 88.1547201193018, 39.75067292131103], [32.06399085961993, 59.20402513774222, 0.0, 63.69754441413359, 42.23652890465396, 21.026080696071187, 47.8142183730657, 58.441071424464376, 45.44530763958416, 10.740133987593826, 56.390045985038455, 59.72739319053296, 66.68074629196178, 31.947579411711327, 10.251216823087242, 35.16580101894566, 59.863813503963506, 29.373119724809612, 73.76890378646634, 22.07435391192683, 13.118453108395062, 45.87958463783856, 58.83314108720475, 45.95382799195652, 49.70284237516345, 19.752509915087742, 31.794353995041494, 28.620419862557732, 37.27622967016022, 74.877329070433, 48.559053433888344, 74.17689782340403, 9.505844254172771, 9.726573661254314, 24.196238120675947, 62.894750326043265, 25.479114215740136, 49.81226309889641, 26.781635040214056, 35.21870717687147, 47.935966059858195, 18.31227948896181, 11.892351930233023, 44.678203275116125, 13.058336093330725, 39.945763731452345, 21.721326885529606, 19.923498106260727, 29.108993508411448, 55.76131494208965, 61.278111404355826, 48.082790596403974, 57.15861787126575, 51.21747651540031, 37.24952294314198, 34.44071296213104, 47.07490916446922, 58.83592461173074, 27.431093891665235, 24.057882945045332, 20.058141817580744, 60.270516772363784, 32.33852047070454, 58.98298218179667], [47.776978226806406, 32.13550098670008, 63.69754441413359, 0.0, 50.05993948887387, 79.20140774527707, 106.27799308664926, 13.963753497119638, 88.26290589600877, 66.26093980935744, 26.576019089473828, 4.9086758542847475, 20.464000969209128, 33.61781002164206, 73.47734361976863, 41.17255476432658, 40.9189494333979, 79.85092330454731, 40.841557783231465, 70.29495680066248, 58.72354175425066, 96.22331834454427, 42.52095495409056, 39.79907884897938, 59.88615226605631, 50.59853501820081, 36.90412223898806, 59.36568935056736, 81.8304701361869, 49.49643732886983, 64.83410071330762, 44.92432396315649, 63.081362225011425, 64.5826608025818, 82.4503899337522, 19.659323554452982, 63.75247953227341, 101.45909372198201, 80.30049952327307, 59.599828226751804, 84.37392860296464, 48.39094653587297, 75.18297249283965, 63.58481934533433, 69.24961916433035, 73.14544298027944, 84.95094730910581, 71.12066896157354, 91.55276033319714, 63.69070256035792, 11.902447166833724, 100.80925405055031, 9.909831858252076, 81.7189803929406, 85.72518121399581, 79.529611099959, 25.81732884333405, 14.16685080996541, 90.08323873017403, 40.3537150294914, 61.387339978902595, 21.570894607250874, 83.5903928486428, 10.977111088733084], [56.62282476456167, 25.320552843828168, 42.23652890465396, 50.05993948887387, 0.0, 43.70761254443802, 89.169969554858, 54.99780011027073, 86.13591942865177, 35.859914959393834, 26.878242067127577, 45.18904776336442, 39.38013898037672, 41.191642633008335, 51.146224391432796, 12.374672470706939, 21.066136513337177, 70.98428326672594, 81.91616947922388, 31.39514265619694, 49.02845425641587, 87.98262260858131, 73.64695834070665, 10.823741107370324, 11.302231027086266, 47.585471442006046, 20.52693784324836, 16.893799817440975, 36.097825777657306, 87.59423047172434, 78.98620516827303, 84.55417828160934, 49.285118844868144, 35.23697059293178, 66.34686554547638, 36.42563215854434, 61.84424108184403, 92.03454642381553, 68.81912515703303, 66.7639117004427, 86.88077420598349, 26.417009129420126, 52.391802087587116, 75.6597171783675, 54.78499890833064, 24.73753895962726, 54.92921959643412, 60.92458359220038, 58.22258993271191, 83.294969405707, 56.040379605364734, 90.31931250263885, 50.47361956127785, 31.79666993699526, 78.8397299374349, 75.01405986028763, 52.940222137477924, 37.348680363531166, 66.9732116139878, 28.636127072891174, 24.942009426979833, 33.0793660854886, 74.2322797655425, 53.339660401784904], [53.08330468921856, 66.63646361080292, 21.026080696071187, 79.20140774527707, 43.70761254443802, 0.0, 50.23857730862981, 76.39538213220698, 59.2830178505687, 13.254382664129636, 65.64235394166376, 74.7156027384328, 77.52665337768717, 50.69792230642542, 19.518213882564844, 42.48730888616155, 64.45690787144298, 42.888921862842835, 94.2370876042796, 12.40683595847771, 33.917421193323676, 55.64749813370618, 79.70155741096008, 51.530655441679755, 46.562910615560895, 40.69963911215899, 43.113639011601926, 26.815195219558934, 20.6194831367871, 95.75603835894248, 68.64905161010189, 94.87423421664742, 29.427057681354256, 15.035107044546411, 33.19256491612033, 73.87053402048353, 44.930584196073, 58.03597803518362, 39.10449609746945, 55.55577700704753, 63.81183771519177, 30.832887427999204, 19.272263614190077, 64.76827629187386, 29.587559226199904, 29.107038471829803, 12.785116363054948, 36.2900653607069, 14.515509419345285, 76.23067498155628, 78.94383375789391, 55.81199815013605, 74.23146954204098, 38.101366893765025, 49.88870347498276, 49.435644179844786, 66.4070673599952, 71.43137477254047, 27.441485589790656, 39.1469626353238, 19.67019693558244, 70.78354043492492, 44.52476423695837, 76.42905639277791], [61.03581598622248, 106.89228905455029, 47.8142183730657, 106.27799308664926, 89.169969554858, 50.23857730862981, 0.0, 97.24189464800986, 30.165450217623746, 53.471890649212575, 103.7272400115441, 103.1840468465804, 113.16134146849383, 72.68536040203438, 38.11887924025895, 82.97735546065998, 107.64401865483396, 27.449047818085777, 101.16838426011395, 61.22589124226664, 47.842186458937654, 18.285406631218546, 84.31925441205368, 93.73963486886788, 94.8835009236232, 55.68022123556162, 79.20159385432788, 73.55845632029735, 70.11765836903413, 97.80638691720014, 58.88950817261123, 99.50064253037476, 44.21598419834103, 53.9531363133327, 24.353037627944296, 109.40538989084321, 44.00158576387753, 15.477750371887335, 26.122550805691056, 52.76940217118934, 38.328325702577594, 66.02298336904927, 36.79726019608154, 56.400458568262195, 37.77162860495608, 79.29428586859804, 37.50321937043826, 35.16902123757008, 39.68986697743869, 67.08939579068549, 100.43812412320062, 13.445485209148464, 97.82884783457293, 88.11213927216123, 24.730179774105917, 30.877133863523945, 83.6246692666952, 104.50567832005012, 22.92870057204081, 70.41112966718367, 64.69843387196264, 107.06870115843452, 24.093736896501103, 98.7957900275759], [36.809343905450916, 42.359830686456334, 58.441071424464376, 13.963753497119638, 54.99780011027073, 76.39538213220698, 97.24189464800986, 0.0, 76.83661585331677, 63.14527073202939, 36.28690111346559, 15.327048235650098, 33.39081484604357, 26.532141932165995, 67.43926396111901, 44.050688482403096, 50.66121402203069, 70.12253398009327, 28.78902434185638, 69.26023445339749, 51.00186513357299, 85.66569164606871, 28.566576907532728, 46.032458463952736, 65.82079942093716, 42.3191650524615, 37.65923658607798, 60.636118855674134, 82.53231673679223, 36.67082386655113, 51.691939061817294, 32.44287767098153, 55.88061780849557, 61.37273506709318, 74.21219305097107, 31.72227959948046, 53.60156537726118, 90.96742797024278, 71.12244338762875, 47.860807330813515, 72.29214158574113, 46.11124753693256, 69.12282865051542, 50.77748119688888, 61.5829414473908, 75.6446210093863, 80.15610765979288, 62.26531828950057, 87.35287927060133, 49.998697698832885, 3.2249214897968157, 90.54749534185147, 5.296640953280879, 85.43065102966705, 75.29666259713106, 68.91195086010241, 13.828236078542181, 25.036456855113162, 83.14153378065218, 37.55749606814405, 60.60984296326961, 32.73204109843173, 73.77195153943083, 3.0152153523505714], [40.4875469666853, 97.42303490705439, 45.44530763958416, 88.26290589600877, 86.13591942865177, 59.2830178505687, 30.165450217623746, 76.83661585331677, 0.0, 55.305990780306985, 92.90705187530907, 86.24325061759428, 99.77067259615718, 56.756284435199994, 40.36168221097054, 76.57904741582962, 100.5995275171174, 16.544353234168614, 74.61265674315476, 66.12954302852515, 37.2616220120269, 12.126018206346155, 58.1698283147032, 87.2134460857393, 94.71583401079515, 41.306005961395975, 70.38505146475704, 73.99813043639077, 79.54999699409831, 69.93264212381705, 30.50810601818427, 72.29719139752797, 37.02616669962902, 54.79484178577929, 26.498070880963343, 96.2636885266184, 25.934885532316553, 16.728965821537614, 20.18062334274764, 28.99169657136804, 8.165501084014185, 59.8464060720534, 40.20416181043451, 28.923448135764815, 32.415684271944215, 84.81634513884335, 49.34889239340237, 25.56970068848651, 55.484237041162935, 38.08312682678752, 80.03851025478149, 17.651965259105644, 78.76993977279064, 95.63952042828163, 9.580175149508518, 11.136221868190978, 63.0854206063728, 90.2079038974927, 36.919767631428876, 60.53566510992422, 65.50113340213132, 94.65107517706186, 14.858458448952913, 78.99854683177252], [41.39214417680809, 56.279475404336544, 10.740133987593826, 66.26093980935744, 35.859914959393834, 13.254382664129636, 53.471890649212575, 63.14527073202939, 55.305990780306985, 0.0, 54.51929549123586, 61.86628310759807, 65.91446432180805, 37.50536231052637, 16.038277317627752, 31.69298422351225, 55.39416627138123, 38.895567428489855, 81.43827016389234, 11.337723209430212, 23.54469927992872, 54.427485296491, 67.36470059291189, 41.76427475578348, 41.608577914658795, 28.865523545829806, 30.882791525650617, 20.177130932027914, 26.621223153879676, 83.39338675265599, 59.11331009720043, 82.2669451080927, 20.24494194775446, 1.790757266850932, 31.777542964289534, 62.1842041982212, 36.21341195402387, 57.85624683204851, 35.81365701021609, 45.72280693244777, 58.32048934152596, 17.90800140898917, 16.994317070007178, 55.24345129732049, 23.042124589331614, 29.555625498850986, 20.131325401189777, 30.10758079254723, 25.58970742645052, 66.11567248911122, 65.7082014837441, 55.91192902580076, 61.03848873590443, 40.65109532315652, 46.64058678433202, 44.50080980879873, 53.25501869456617, 59.19316990544235, 31.113324850627304, 26.01569135182762, 11.25757967874583, 59.236833781701534, 41.477935523896235, 63.20601548292426], [55.20775445094555, 6.140756784929067, 56.390045985038455, 26.576019089473828, 26.878242067127577, 65.64235394166376, 103.7272400115441, 36.28690111346559, 92.90705187530907, 54.51929549123586, 0.0, 22.332871119091614, 12.567968602419326, 37.25598676870996, 66.59622541735102, 23.1561555846273, 14.488256330523846, 80.53310964152298, 65.07499225513754, 54.40388298655217, 57.16805837637824, 98.0048706586917, 61.92838637942614, 16.097118634639568, 34.85996023257581, 51.62151456085902, 24.603314284367183, 40.768095468613424, 62.332879082466036, 72.67577631417208, 76.73338988344443, 68.64681874342178, 59.80651847036191, 53.224127325311315, 79.45141511719369, 9.574376471272847, 66.97360759317412, 102.80942272691888, 79.62647861672566, 67.37532416313508, 91.25013825720282, 38.13860405313775, 68.18056643966045, 74.30655834586196, 66.21041306344817, 51.56148637754616, 74.64194789884816, 70.51127364822186, 79.68976231328412, 78.36528475138012, 35.998900344531386, 101.57872117483355, 31.013125196837358, 58.265728990348606, 87.76411458993998, 82.48862403498231, 40.84147627492079, 12.422617384178539, 83.73098423667967, 33.47759443222112, 46.028789055021846, 6.256262481569971, 84.22021032821901, 33.71995367838088], [45.8318828090499, 28.120642136797617, 59.72739319053296, 4.9086758542847475, 45.18904776336442, 74.7156027384328, 103.1840468465804, 15.327048235650098, 86.24325061759428, 61.86628310759807, 22.332871119091614, 0.0, 18.07246268192885, 30.555955880716365, 69.63483464048866, 36.2783257910522, 36.796555472492834, 77.1047262923086, 43.61294378143424, 65.60556455857235, 55.432306020756755, 93.7560802083019, 43.506110307483425, 34.99650060471622, 55.10616152517742, 47.56875605352619, 32.17202416295491, 54.51042332861798, 76.98090353730002, 51.87226667840729, 64.0861670073848, 47.49510852914453, 59.60309138074072, 60.21086966062763, 79.17190228693984, 16.489078892554186, 61.27509705036038, 98.94662931336838, 77.3470577376299, 57.91412912084467, 82.74279928666608, 43.964115783620095, 71.33785474209562, 62.56196731946912, 65.86453350796523, 68.23899367502611, 80.79265238718989, 68.10311767451199, 87.2642771287998, 63.590332619470836, 14.185845151182988, 98.19972147333864, 10.264454082263313, 76.82372900754135, 83.2398189359643, 77.15557066755738, 25.002002589953744, 10.162927380021488, 86.40236686002791, 36.09880452700952, 56.694461088203596, 17.858974287140065, 80.86219790317082, 12.387685387389325], [60.30311420791588, 15.265750420627525, 66.68074629196178, 20.464000969209128, 39.38013898037672, 77.52665337768717, 113.16134146849383, 33.39081484604357, 99.77067259615718, 65.91446432180805, 12.567968602419326, 18.07246268192885, 0.0, 43.02863172354321, 76.93085416992798, 35.21728782995318, 23.651711568947587, 88.69687111481957, 61.27589774909819, 66.59205860191257, 65.6880015384434, 105.96674197679384, 61.46047020833003, 28.643558659603062, 46.74183703200773, 59.08272905185183, 35.20864106740533, 53.20179656236361, 74.89176339440769, 69.78717202734573, 80.35207461596961, 65.30050021903425, 68.94975514561901, 64.51184811977025, 88.80905816313701, 3.7860488483577392, 74.01225462883734, 110.96123465136961, 88.23887404021235, 72.63111115469988, 97.21877334244124, 48.79619866450346, 78.56959557967495, 78.42172781071808, 75.39704386049972, 64.09693186210899, 85.92955930310717, 78.97366975688826, 91.34582184085343, 80.67578468758148, 32.00887945168436, 109.92100028445984, 28.31678743930669, 70.50428749990733, 95.53599666434476, 89.86624640478121, 41.94861830874834, 9.811570287999636, 94.1083808526694, 42.886183777883474, 58.04839684735883, 6.753346702444527, 92.44624411421734, 30.427285912224512], [17.967913846087274, 42.53493500227158, 31.947579411711327, 33.61781002164206, 41.191642633008335, 50.69792230642542, 72.68536040203438, 26.532141932165995, 56.756284435199994, 37.50536231052637, 37.25598676870996, 30.555955880716365, 43.02863172354321, 0.0, 40.939272444413234, 28.83991736604964, 47.75589522534798, 46.59919451194234, 44.93473977731639, 45.17065742479012, 25.152009837128062, 63.46406114348711, 33.34421601755802, 36.68115001632986, 52.38031895092395, 17.020027809432037, 20.677866881378062, 39.934626420490005, 59.80459366425189, 48.54503221217148, 39.976504009399655, 46.471833519973686, 29.71234308441831, 35.71460521941984, 48.846005030997915, 39.56659080462614, 31.13616724999482, 68.59425968293557, 46.79282519478341, 30.129891720197023, 54.32598642576242, 22.219042157563184, 42.629322454658926, 37.27494921363081, 35.73023943085758, 55.57326218173016, 53.66874816376511, 37.56021372732735, 60.96549570970432, 42.873416006725165, 29.44549115211493, 67.76100726597606, 25.744457226902465, 66.6196019887404, 52.95698866506833, 47.0580423426931, 15.794254398472992, 33.45705945210162, 56.944704791262005, 14.420850590915098, 37.23711242001475, 38.14934915993583, 50.36264246424464, 27.278077418814707], [37.50111615899279, 69.28700358517183, 10.251216823087242, 73.47734361976863, 51.146224391432796, 19.518213882564844, 38.11887924025895, 67.43926396111901, 40.36168221097054, 16.038277317627752, 66.59622541735102, 69.63483464048866, 76.93085416992798, 40.939272444413234, 0.0, 45.03649393179651, 69.59853656659585, 23.821207817833752, 80.442945139203, 26.002511848796914, 17.87875272853807, 38.48902760823383, 64.69246146361785, 55.713914098474476, 57.56826103220778, 26.39332477903521, 42.01592688198062, 36.13388469963056, 39.262828203372464, 80.54586040245538, 50.008329039860406, 80.38295274671712, 12.609491871442971, 16.155130006471282, 15.747757329594673, 73.14482357610359, 26.216507515356003, 41.823024554831456, 20.330502970219943, 37.38074440998944, 44.41530980518456, 28.469765924444264, 1.705825239832424, 46.17073234895356, 10.39791903424731, 44.833354590781745, 14.197508757275685, 16.802481014167927, 22.121370194564765, 57.94377467421813, 70.38315167436737, 39.87382403083035, 66.53429399914323, 55.37787779358658, 31.262595368583465, 30.10322302939417, 55.36455544285442, 69.03443824516036, 17.179954109599315, 34.244270287916734, 27.206290857569574, 70.52035717028947, 25.961311405330576, 68.20044505286663], [44.7065827728459, 24.592188048482004, 35.16580101894566, 41.17255476432658, 12.374672470706939, 42.48730888616155, 82.97735546065998, 44.050688482403096, 76.57904741582962, 31.69298422351225, 23.1561555846273, 36.2783257910522, 35.21728782995318, 28.83991736604964, 45.03649393179651, 0.0, 24.748310750721878, 62.27766538857564, 70.09672679241083, 31.37673567693445, 39.346359499546914, 79.65382894739422, 61.329829652354526, 10.869422544317915, 23.641720832878615, 36.56506022601113, 8.162455297961959, 18.51384120321663, 40.91300404452756, 75.47049767096911, 67.17986535240267, 72.57081036028279, 40.577868381985176, 30.533255316115387, 59.18189444009903, 31.660232662678702, 51.45031564434623, 84.05488335963383, 60.610593736274375, 55.33329673188208, 76.58506965407143, 17.230063311268456, 46.50885814354091, 63.96788394009632, 46.61568595693999, 32.05956857567294, 51.80261012505553, 52.076152866339754, 56.58930385428225, 71.17909084798642, 45.457952361743715, 82.53615405355471, 39.92280355720299, 41.39342198245937, 69.98338856313984, 65.5779876615127, 40.813089465742024, 30.334444058275178, 61.87136993158021, 16.96665775436357, 22.881271557074278, 28.465917407332824, 65.74648078032766, 42.71993072680018], [65.49916576816621, 8.838594199481735, 59.863813503963506, 40.9189494333979, 21.066136513337177, 64.45690787144298, 107.64401865483396, 50.66121402203069, 100.5995275171174, 55.39416627138123, 14.488256330523846, 36.796555472492834, 23.651711568947587, 47.75589522534798, 69.59853656659585, 24.748310750721878, 0.0, 86.80267390115046, 79.42437784680934, 52.27915017232184, 63.61059088191257, 104.24500141247721, 75.41423310488682, 13.910164088533522, 24.682873719910898, 59.66820442719576, 30.216883628006787, 37.770242917957724, 56.6582622497846, 86.82622061717241, 87.73139793908192, 82.90833735795943, 65.20799795071511, 54.470278626831465, 83.92718202418492, 22.221995986523353, 74.98675320925192, 108.72129379070302, 85.27452650891854, 77.19944835771649, 99.94730008455018, 41.95557463027527, 71.01955056728113, 84.96047073089179, 71.32209807122351, 44.53485546660748, 75.13710212330672, 76.60018588294943, 78.95200342745257, 90.24602994533066, 50.46886774039035, 107.23783681882571, 45.41309648203144, 48.84524937297024, 94.42111361080357, 89.7435346113694, 54.060736900471206, 26.763397283730335, 86.20148126412947, 40.077129096633065, 45.14200350395286, 19.55204240528817, 90.3287831075676, 48.1542817258939], [33.6380837817555, 84.51613099600206, 29.373119724809612, 79.85092330454731, 70.98428326672594, 42.888921862842835, 27.449047818085777, 70.12253398009327, 16.544353234168614, 38.895567428489855, 80.53310964152298, 77.1047262923086, 88.69687111481957, 46.59919451194234, 23.821207817833752, 62.27766538857564, 86.80267390115046, 0.0, 74.18111694391034, 49.613691972727175, 23.396054179329973, 17.50253723357007, 57.32981447256299, 73.09895932795102, 79.01167944017571, 29.74164183260614, 56.85672786890862, 57.99072317459671, 63.04235873832963, 71.50302332572879, 34.11013906539613, 72.7956111458352, 21.770363587895705, 38.47463694418218, 11.197023667628349, 85.03209990155517, 16.6011791654568, 22.298896125839164, 4.0930285284701835, 25.701896304707912, 21.209228343658268, 45.14792202217573, 23.70835032995263, 30.94640610089195, 16.345876608123547, 68.34235349045944, 33.65280164187816, 10.205048858524792, 40.41864192086783, 42.62791656453097, 73.33650300290483, 21.236217972390058, 71.0315800125188, 79.10880056889715, 7.888462003639627, 6.970385483440701, 56.3996489491839, 79.5332793033173, 23.239725373588822, 47.23787557253329, 49.33712294563023, 83.04227212136571, 3.766430403775331, 71.81814478097763], [43.15829763417539, 71.14753024991057, 73.76890378646634, 40.841557783231465, 81.91616947922388, 94.2370876042796, 101.16838426011395, 28.78902434185638, 74.61265674315476, 81.43827016389234, 65.07499225513754, 43.61294378143424, 61.27589774909819, 44.93473977731639, 80.442945139203, 70.09672679241083, 79.42437784680934, 74.18111694391034, 0.0, 89.96892758673633, 62.5642398514779, 85.79925657189449, 16.859023679060268, 73.8852808179489, 93.07798056312893, 54.268422797946286, 62.6248110221783, 84.4030226416982, 104.73899231503644, 9.530826565736108, 44.345123726139164, 4.5300374706329105, 67.83691173518378, 79.67405975245636, 81.83096676021805, 60.0846550242823, 58.6024700914893, 90.95154248002099, 76.62007505135198, 48.491552404222894, 67.80635652258528, 67.15285295670832, 81.93242634090345, 45.70151279871205, 71.82620126126047, 99.98791597815412, 94.49556237897947, 69.59298061864578, 102.32289725939853, 38.21974128403484, 29.427176624341826, 91.29677410782502, 34.073043614824634, 110.63427275301589, 76.70633181954194, 70.35098057194423, 29.74168268176177, 53.645044236578464, 93.04482091209326, 59.11903128454058, 82.17059831709956, 61.37371475951255, 77.20378287087598, 31.44236440401663], [51.69013438603322, 54.92369155572914, 22.07435391192683, 70.29495680066248, 31.39514265619694, 12.40683595847771, 61.22589124226664, 69.26023445339749, 66.12954302852515, 11.337723209430212, 54.40388298655217, 65.60556455857235, 66.59205860191257, 45.17065742479012, 26.002511848796914, 31.37673567693445, 52.27915017232184, 49.613691972727175, 89.96892758673633, 0.0, 34.70534692288759, 64.35471305533021, 76.7673632998153, 39.67873394837747, 34.317662519868485, 39.252102311457975, 33.44920075031005, 14.519146593042484, 15.616321643883028, 92.67012875197362, 70.25290535755148, 91.16919123088559, 31.580185276310367, 12.485437741666718, 41.5144496656077, 63.03263641238916, 47.53384222452815, 67.37917434052551, 46.29011539832572, 56.84194637084977, 69.47296043553246, 23.270542101087972, 26.53405380282675, 66.3972111568801, 34.15464248005971, 18.839346986121207, 24.52477779384752, 41.23713015259073, 26.87859884208362, 77.07021238307408, 71.51725846821098, 65.29879647489517, 66.44836926583402, 29.530730129834115, 57.2102619029652, 55.492672216847915, 60.88928476461459, 61.24612488860761, 38.308497171535855, 31.796951343294484, 8.911249375647799, 59.84187214479133, 51.94108446058301, 68.87956338806924], [19.733125354661848, 61.12293260869222, 13.118453108395062, 58.72354175425066, 49.02845425641587, 33.917421193323676, 47.842186458937654, 51.00186513357299, 37.2616220120269, 23.54469927992872, 57.16805837637824, 55.432306020756755, 65.6880015384434, 25.152009837128062, 17.87875272853807, 39.346359499546914, 63.61059088191257, 23.396054179329973, 62.5642398514779, 34.70534692288759, 0.0, 40.89615422202878, 46.903663724017, 50.0528074002991, 58.140434337062835, 8.807102396719213, 33.52189555620665, 38.43956140108729, 50.16014411148306, 62.83351244007269, 35.57096187239555, 62.543343938566714, 5.281100701019599, 22.22858129806433, 23.74297521510094, 61.9763771047732, 13.422006867212595, 45.644270919816734, 22.562614427248697, 22.17856215195748, 37.9510670285386, 22.636800653757557, 19.383678094753748, 31.704900729168138, 10.60781352866289, 51.609490578252384, 31.978673240119193, 13.35240547368076, 39.85909914714299, 42.65225148138794, 54.08179252374568, 44.422830815710746, 50.79757393440868, 63.11173493918422, 30.845262970238853, 26.231896749227058, 38.22368558590305, 56.782731292857854, 32.187244679929506, 23.84586650794907, 30.9159889287918, 59.85531146681392, 27.05844288066174, 52.12285012098648], [48.86102191093994, 102.01810970624675, 45.87958463783856, 96.22331834454427, 87.98262260858131, 55.64749813370618, 18.285406631218546, 85.66569164606871, 12.126018206346155, 54.427485296491, 98.0048706586917, 93.7560802083019, 105.96674197679384, 63.46406114348711, 38.48902760823383, 79.65382894739422, 104.24500141247721, 17.50253723357007, 85.79925657189449, 64.35471305533021, 40.89615422202878, 0.0, 69.13844358700865, 90.49832676368916, 95.514874397394, 46.88902444394433, 74.35177145064088, 74.21966114908142, 76.26569106096284, 81.55987445872506, 42.16400439462501, 83.70434496538495, 39.077008075513284, 54.306328010539566, 22.84092930153857, 102.33102459537933, 32.48873801725434, 5.3176663031729205, 19.164996306134206, 38.5556972244409, 20.25164581922781, 62.46606420134092, 37.8276257279818, 40.19249909532111, 33.22049977959721, 83.182502468657, 44.204482712080114, 27.667175294900105, 49.11860053754408, 49.99648839023986, 88.89001886858539, 5.588747509975197, 87.07305673951339, 93.35444569053541, 10.517118607910795, 16.758284864107402, 71.83784137927502, 96.68846181223485, 30.04705721187548, 64.73991235883172, 65.37461354900431, 100.41215787336971, 13.916248376502578, 87.60085553629334], [27.192350304632967, 68.03801701522647, 58.83314108720475, 42.52095495409056, 73.64695834070665, 79.70155741096008, 84.31925441205368, 28.566576907532728, 58.1698283147032, 67.36470059291189, 61.92838637942614, 43.506110307483425, 61.46047020833003, 33.34421601755802, 64.69246146361785, 61.329829652354526, 75.41423310488682, 57.32981447256299, 16.859023679060268, 76.7673632998153, 46.903663724017, 69.13844358700865, 0.0, 67.2587033130521, 84.94699923812267, 39.08555168410299, 53.30312571855241, 73.17388368552318, 92.03662545593465, 16.054540429981248, 28.40356932589594, 15.811105244420782, 52.11291920294071, 65.6538508654368, 65.15528128160709, 59.32437371920264, 41.8958147870794, 74.33249008548613, 59.81427971244532, 31.63482570752328, 51.69364760519254, 54.938564516250445, 66.10958350150841, 29.279007118113856, 55.640623408103885, 88.78466440674305, 78.86006013829717, 52.99511293825811, 86.75631443131073, 23.693276340563873, 30.835877459268232, 74.60226423576644, 33.263946992994285, 99.92953964039174, 59.904056375417454, 53.52430489289737, 21.416046417151165, 52.36042924276387, 76.55609063654258, 47.70498338236621, 69.63305499373637, 59.70650103906345, 60.34486203824477, 31.573637826269138], [53.74949352328008, 15.301221102047483, 45.95382799195652, 39.79907884897938, 10.823741107370324, 51.530655441679755, 93.73963486886788, 46.032458463952736, 87.2134460857393, 41.76427475578348, 16.097118634639568, 34.99650060471622, 28.643558659603062, 36.68115001632986, 55.713914098474476, 10.869422544317915, 13.910164088533522, 73.09895932795102, 73.8852808179489, 39.67873394837747, 50.0528074002991, 90.49832676368916, 67.2587033130521, 0.0, 20.12363727821332, 46.71254772135802, 17.192339427045077, 25.455407720462606, 46.39102495097446, 80.25911150971521, 76.2320939107292, 76.85702950164819, 51.427953290078015, 40.7592004224713, 70.02517766089129, 25.61795301467741, 61.84878996494849, 94.9181638271416, 71.47220925799452, 64.9595744388569, 86.94183619097778, 28.09914226195842, 57.14893214709655, 73.21469406299502, 57.48409657756332, 35.464420838336196, 61.695295686546785, 62.89438341540347, 65.9224100623882, 79.55165204925788, 46.72076416097756, 93.40474698842401, 41.2071619960795, 42.50585065604119, 80.77630513279591, 76.26479476434098, 45.9802366905023, 26.679500031521776, 72.39374269997796, 26.960446792665127, 31.937663426949157, 22.269039955487376, 76.58674665657695, 44.08853888258474], [67.34819638373207, 31.628147411666763, 49.70284237516345, 59.88615226605631, 11.302231027086266, 46.562910615560895, 94.8835009236232, 65.82079942093716, 94.71583401079515, 41.608577914658795, 34.85996023257581, 55.10616152517742, 46.74183703200773, 52.38031895092395, 57.56826103220778, 23.641720832878615, 24.682873719910898, 79.01167944017571, 93.07798056312893, 34.317662519868485, 58.140434337062835, 95.514874397394, 84.94699923812267, 20.12363727821332, 0.0, 57.6757536579133, 31.763036253649997, 21.438188652256773, 33.86653275995173, 98.86610333197692, 89.5467495369971, 95.77978352525301, 57.691565226789606, 41.42126732642059, 73.21098905328623, 44.31983047068121, 71.31164796667021, 99.23479897853257, 76.47687357571397, 77.03247221407536, 96.08169167229427, 35.97434969316956, 58.597113987969195, 86.12325092257751, 62.667132088278464, 21.12166652961618, 58.82745790394618, 69.20754724499449, 60.72544399326476, 94.15660895696445, 66.68405377264445, 97.36921505271124, 61.138226606789345, 24.166646589369584, 86.89979560287489, 83.58693815328559, 64.22191014278624, 46.47808562022197, 72.14652556506668, 39.39495730104088, 30.368813679555135, 41.08136185826705, 82.04072130724701, 64.01774261406943], [12.52663049140446, 56.131767758593185, 19.752509915087742, 50.59853501820081, 47.585471442006046, 40.69963911215899, 55.68022123556162, 42.3191650524615, 41.306005961395975, 28.865523545829806, 51.62151456085902, 47.56875605352619, 59.08272905185183, 17.020027809432037, 26.39332477903521, 36.56506022601113, 59.66820442719576, 29.74164183260614, 54.268422797946286, 39.252102311457975, 8.807102396719213, 46.88902444394433, 39.08555168410299, 46.71254772135802, 57.6757536579133, 0.0, 29.565348637651194, 39.86590933892164, 54.86289940012743, 55.12603177200299, 32.3846638898213, 54.50196696256229, 13.977570717000376, 27.263359081439468, 32.01370030990553, 55.46118944436204, 15.407689272316205, 51.919571226692256, 29.779694474797385, 19.411173654645197, 40.285822332852824, 21.82812278314191, 27.966961323962746, 28.749771966400875, 19.286467385726407, 54.38114007239066, 40.27754084861227, 20.540325632843814, 48.068190983462856, 38.29080415082732, 45.4284885687534, 50.96892232251942, 42.33940753390199, 65.96255294294255, 36.45498147371126, 30.914274713677663, 29.422948784133645, 49.818760796521495, 40.97013301840101, 19.753514868583338, 33.708589048950245, 53.62501652130341, 33.507288391154596, 43.54235081088797], [36.83823352713375, 27.813955453271912, 31.794353995041494, 36.90412223898806, 20.52693784324836, 43.113639011601926, 79.20159385432788, 37.65923658607798, 70.38505146475704, 30.882791525650617, 24.603314284367183, 32.17202416295491, 35.20864106740533, 20.677866881378062, 42.01592688198062, 8.162455297961959, 30.216883628006787, 56.85672786890862, 62.6248110221783, 33.44920075031005, 33.52189555620665, 74.35177145064088, 53.30312571855241, 17.192339427045077, 31.763036253649997, 29.565348637651194, 0.0, 23.03637676990702, 45.26170322903463, 67.668382605288, 59.344137521099164, 64.92355986973153, 35.577089289526405, 29.405679460775822, 54.99463927585128, 31.443087751683212, 44.8033105344101, 78.97613842644022, 55.597724516180584, 47.813057417874084, 69.83833686659159, 13.624612280452709, 43.61404764055704, 56.22105003375784, 41.89845214731818, 38.01997869676595, 50.768228648943634, 46.68998727713105, 56.45288298981037, 63.13063416178142, 39.42398933407027, 77.61238475995586, 34.02969785341267, 48.15877677574584, 64.3671129304644, 59.557296765456684, 33.08244661762372, 28.352957083401844, 59.17300843575277, 9.865670067494294, 24.539526968842033, 28.63927778320058, 60.45537930903394, 36.69607738240511], [51.186830903487675, 40.75622609805107, 28.620419862557732, 59.36568935056736, 16.893799817440975, 26.815195219558934, 73.55845632029735, 60.636118855674134, 73.99813043639077, 20.177130932027914, 40.768095468613424, 54.51042332861798, 53.20179656236361, 39.934626420490005, 36.13388469963056, 18.51384120321663, 37.770242917957724, 57.99072317459671, 84.4030226416982, 14.519146593042484, 38.43956140108729, 74.21966114908142, 73.17388368552318, 25.455407720462606, 21.438188652256773, 39.86590933892164, 23.03637676990702, 0.0, 22.47391839725788, 88.47483340756828, 72.24415361966538, 86.25989649163634, 37.17282591883348, 19.997451771923803, 51.80069868603855, 49.78926595317855, 51.85525514778125, 77.85044245037248, 55.28023218540381, 59.10399174016249, 75.97671103905203, 18.677414602717597, 37.16014264074233, 68.57248080881979, 41.674237038781754, 15.64072197518235, 38.25721155909242, 48.42928091341285, 41.32946966465639, 77.94338999419897, 62.45710371479124, 75.96154096970116, 57.0641910552096, 26.819126486542864, 65.86118687440413, 62.92725710736073, 54.66987880874877, 48.84140256572537, 50.950409322962464, 25.51381164690164, 8.930629423478576, 46.50717469564095, 60.89033089015177, 59.730992780359905], [67.28153772974534, 61.39065721763386, 37.27622967016022, 81.8304701361869, 36.097825777657306, 20.6194831367871, 70.11765836903413, 82.53231673679223, 79.54999699409831, 26.621223153879676, 62.332879082466036, 76.98090353730002, 74.89176339440769, 59.80459366425189, 39.262828203372464, 40.91300404452756, 56.6582622497846, 63.04235873832963, 104.73899231503644, 15.616321643883028, 50.16014411148306, 76.26569106096284, 92.03662545593465, 46.39102495097446, 33.86653275995173, 54.86289940012743, 45.26170322903463, 22.47391839725788, 0.0, 107.84427315703982, 85.73106101221177, 106.1497423283795, 46.7213795699484, 27.958794250057327, 53.73452504772675, 71.64177177018743, 62.72131855248343, 78.61762588379648, 59.39502805775298, 72.33387708590048, 83.60966359432824, 37.59026824619432, 39.34584550026352, 81.86313290410716, 48.53372099728449, 12.796104322255244, 32.79127616547001, 55.5461828996869, 31.20712252767578, 92.64739142704003, 84.52254123136669, 76.37427066158632, 79.21837223852549, 18.14582697876727, 70.27125524961879, 69.35383762797393, 75.30079048274858, 71.15833471628457, 47.68560723409632, 45.81317544585469, 22.56922255718123, 68.31162174763108, 64.91281726546983, 81.81756770633672], [43.100401290814865, 78.80169182555994, 74.877329070433, 49.49643732886983, 87.59423047172434, 95.75603835894248, 97.80638691720014, 36.67082386655113, 69.93264212381705, 83.39338675265599, 72.67577631417208, 51.87226667840729, 69.78717202734573, 48.54503221217148, 80.54586040245538, 75.47049767096911, 86.82622061717241, 71.50302332572879, 9.530826565736108, 92.67012875197362, 62.83351244007269, 81.55987445872506, 16.054540429981248, 80.25911150971521, 98.86610333197692, 55.12603177200299, 67.668382605288, 88.47483340756828, 107.84427315703982, 0.0, 39.4335774278087, 5.001003439289201, 68.0065481651381, 81.67578010464375, 80.08240751969043, 68.34802070593312, 56.902090454518515, 86.55747548479582, 74.33036996144449, 46.00366760558477, 62.63897510284435, 70.522936376284, 81.92767476133724, 41.47431592107029, 71.26779141597905, 104.1151559046617, 94.73528908378061, 68.14947153364503, 102.64686345560983, 32.23424562197197, 37.77868538344166, 87.12990624811864, 41.948738371215974, 115.08995318936175, 73.10074908295209, 66.96151229964548, 34.66280764060136, 61.70727471498667, 91.78510246733072, 62.96383236536616, 85.36006164195223, 69.39685164569872, 74.22804564422054, 39.512718893565285], [22.507244218399205, 82.28336587912317, 48.559053433888344, 64.83410071330762, 78.98620516827303, 68.64905161010189, 58.88950817261123, 51.691939061817294, 30.50810601818427, 59.11331009720043, 76.73338988344443, 64.0861670073848, 80.35207461596961, 39.976504009399655, 50.008329039860406, 67.17986535240267, 87.73139793908192, 34.11013906539613, 44.345123726139164, 70.25290535755148, 35.57096187239555, 42.16400439462501, 28.40356932589594, 76.2320939107292, 89.5467495369971, 32.3846638898213, 59.344137521099164, 72.24415361966538, 85.73106101221177, 39.4335774278087, 0.0, 41.8394520509466, 39.35281343152766, 57.791226926285404, 44.29379786054655, 77.35469593194351, 23.80965269555488, 47.12738422278056, 37.61187871343868, 13.414075350860191, 23.461830900233256, 54.08929691677386, 50.909800627353086, 3.88