instance_id,num_cities,city_coordinates,distance_matrix,best_route,total_distance
1293,62,"[[4.931606683455325, 30.887654275053368], [58.636650183057135, 86.08815280642425], [73.52923406528129, 20.92799807492617], [8.793988010238074, 57.44502786591767], [0.8458239942019219, 41.87491344872261], [65.74619448556564, 15.670237427595989], [89.17186850061995, 4.306583593070712], [78.06305173047623, 93.09626297853922], [89.73527693125799, 13.949151985687413], [73.26427614193936, 48.29883695892947], [90.16545249540385, 45.91985210681987], [94.61157457056729, 90.69917162100457], [1.0411219730851795, 44.324950251307925], [53.96221836966987, 23.41391545928876], [65.43984668114659, 87.60738745062905], [88.00512107684119, 30.940684064137425], [58.9667447160654, 37.552757491866004], [89.4947566165719, 78.45460837492034], [28.327748268777974, 23.041376744289565], [17.150519799623943, 36.66887546992006], [29.68303887558783, 46.96900358731937], [89.95688504358684, 49.056449081049095], [63.03536763074378, 74.55028390249467], [68.42469919036184, 24.236872016575393], [35.52336064431976, 6.501342524742249], [77.20172031750693, 92.86834199715682], [19.774724203863727, 40.609756679281006], [31.326467924135425, 29.888344146964428], [17.82964985778105, 50.91104930357112], [32.697245815665724, 2.7615641771609356], [60.515263824651235, 51.76410580550505], [21.042039533360946, 65.99614956162665], [54.427725682992545, 74.0852707190366], [39.61016732329698, 61.48496472450964], [71.26430259759711, 81.70585036262685], [90.3962986558022, 44.558580507250525], [68.53708912455222, 59.94972871393615], [53.84625326063176, 36.29356154902654], [73.40003241647078, 97.62959555238493], [74.36048758875981, 84.78162517801098], [99.95104238925381, 78.32193298447766], [86.88479665184458, 23.435924408231923], [19.04795576708087, 17.307622163466164], [15.204477680251937, 82.29076003245669], [68.71119191814623, 21.896287354957366], [38.109052178808334, 36.45797660961436], [0.917952414986567, 95.23420817800876], [25.41937574993546, 0.49256547400738926], [77.2181670232018, 81.83234875055923], [82.8471225362679, 71.59887349162595], [64.97213726521483, 50.51189471962091], [21.982379441569922, 54.23911422327776], [38.95708676330916, 69.77582869943853], [63.350287530413055, 8.658887875007249], [24.395572862867564, 24.98727275457513], [34.508049015143506, 48.53360176295802], [28.144613660069805, 17.73920418469436], [76.81153221001827, 45.51178520795902], [55.998083962624975, 4.779154917805128], [75.0157442763736, 71.74319509254038], [35.668282780715266, 6.477921168376389], [28.002215820038533, 39.99950457358317]]","[[0.0, 77.01510718947291, 69.3168755357638, 26.83676734553208, 11.722349778657078, 62.68958338551839, 88.33444984616705, 96.0110371337007, 86.4787566244156, 70.51597689725176, 86.54926599081232, 107.79570607152426, 13.989167038644252, 49.59695206573308, 82.93597071914397, 83.0735313191068, 54.44464843392774, 97.02340670657574, 24.6767808307776, 13.51755733275999, 29.51682895002191, 86.94482770654172, 72.68061820184772, 63.84047071208257, 39.1222137817561, 95.20806150312922, 17.743658384982048, 26.413771420356802, 23.817973595477007, 39.52224260609329, 59.374819323458304, 38.62838966225044, 65.69550869319637, 46.24714017960008, 83.56144805371117, 86.55118599981347, 69.93040517011073, 49.21246268197594, 95.6159612607865, 87.89157868335165, 106.20124273534522, 82.29127307316965, 19.587970379866196, 52.4195684837601, 64.41024896552565, 33.641810006419526, 64.47160940889208, 36.65528753870157, 88.43477088201476, 87.91035764180303, 63.16625780878109, 28.91400237536116, 51.67226920434146, 62.50488242982723, 20.338645026660565, 34.44046172375691, 26.678182709379108, 73.35249756652465, 57.35362970546312, 81.12312591137281, 39.25020162810725, 24.804814488236236], [77.01510718947291, 0.0, 66.840368186612, 57.486690449453064, 72.76393424006079, 70.77590286594123, 87.29618903881061, 20.651844597179895, 78.55673125224969, 40.52159712319697, 51.06425125608793, 36.269224959950364, 71.14358690314504, 62.848312147766386, 6.970764412585518, 62.479999930542114, 48.53651780609281, 31.788264080472686, 69.95373833526236, 64.52413491596408, 48.6684645676295, 48.500558682583275, 12.347920230907228, 62.62097762502694, 82.8751140217252, 19.764432563551285, 59.82084757933195, 62.48411436817695, 53.876153225685336, 87.27068850149814, 34.37541842269987, 42.62679139099268, 12.719442749231398, 31.101831357764322, 13.366457279748808, 52.28174295549676, 27.950597583469204, 50.024486215909214, 18.73932644542386, 15.778025136397197, 42.03799678493542, 68.72597399951, 79.36010408945067, 43.59786462882338, 64.97762677500063, 53.70788274685974, 58.438843254311294, 91.81498729263497, 19.06265029429268, 28.214999320003972, 36.13597288059402, 48.5581797667602, 25.561242813353775, 77.57260756776164, 70.0411944441102, 44.6378057076796, 74.84212095481438, 44.46085856323215, 81.35179880833044, 21.772747532886854, 82.8573164095519, 55.34105225483755], [69.3168755357638, 66.840368186612, 0.0, 74.32459583854559, 75.64159810076511, 9.392537044059726, 22.824623358453852, 72.31053838701037, 17.644832617827728, 27.37212129001347, 30.022600347175644, 72.88677341725186, 76.17049143752902, 19.72429690696679, 67.1682898082659, 17.601283631883106, 22.10087603958621, 59.70099499123248, 45.25086394326202, 58.5349010711803, 50.99630183365448, 32.57418414433247, 54.63946165656619, 6.083167189137105, 40.651873325270046, 72.03402139906959, 57.244379219285214, 43.14349628501309, 63.256833953873766, 44.6908333439713, 33.46982165168902, 69.1812392795896, 56.485071102362426, 52.871264714044926, 60.82003981632098, 29.032779646318414, 39.33976325771035, 24.97038794718274, 76.70170629562398, 63.85903754865166, 63.18366655640188, 13.588993579249998, 54.60143594033259, 84.65911505815293, 4.9143783189120835, 38.67517961378722, 103.89326774522918, 52.270119310265066, 61.01596641526313, 51.52048777964409, 30.79660446103902, 61.37351774704627, 59.844330774019916, 15.94183231806998, 49.30105854926864, 47.79876816088228, 45.49650729231331, 24.801936837941014, 23.83540138607197, 50.83693500346603, 40.52476224208459, 49.36022437581684], [26.83676734553208, 57.486690449453064, 74.32459583854559, 0.0, 17.481469451689627, 70.63063739323067, 96.35506178641873, 77.90515871066457, 91.88788533198715, 65.11582649319334, 82.18360486580453, 92.03529887996008, 15.239533076949, 56.553387568167025, 64.1757059975344, 83.52774294842446, 53.972288594208365, 83.3907460502501, 39.5623432108971, 22.39375207348545, 23.368772555291613, 81.59524562666579, 56.87457294092559, 68.25396201512072, 57.53015242072879, 77.03524533266186, 20.09982396145795, 35.59611592093455, 11.150608094464987, 59.67953530911844, 52.032328867033065, 14.93775245369588, 48.57299348605711, 31.07986482074865, 67.01587657309597, 82.61354385464195, 59.7955822539862, 49.77038408076043, 76.08377260604512, 71.03700035603866, 93.51713067875954, 85.17507565183361, 41.42650348848619, 25.659399538974913, 69.66910560684295, 36.0531455998238, 38.601218703007305, 59.32947404113098, 72.64027597365376, 75.39362094452456, 56.60435309177841, 13.57245559322601, 32.586211433418846, 73.18795852152016, 36.01271048923812, 27.214452935021654, 44.17011599763261, 69.05641606181699, 70.72425926136576, 67.7477570773522, 57.61834503462465, 25.948069264139434], [11.722349778657078, 72.76393424006079, 75.64159810076511, 17.481469451689627, 0.0, 69.99102181914822, 95.98369416881602, 92.66135606028705, 93.1728662043808, 72.70281290802389, 89.41117136208705, 105.71577066465913, 2.45780829898883, 56.23308455185544, 79.14446882263202, 87.84247514827037, 58.281407478479196, 95.89946473249572, 33.31603617825445, 17.115663491202465, 29.283693695559883, 89.39997570125833, 70.25111509444234, 69.84271528470452, 49.53605826096919, 91.81804102930735, 18.971132933976257, 32.75282427530859, 19.238037637754484, 50.441720463203815, 60.48337106303728, 31.459833974746825, 62.51821577803139, 43.44224240039817, 80.90281617012009, 89.59067798046257, 70.06287406193793, 53.29349858523152, 91.5024466135331, 85.11986651094601, 105.5946473367407, 87.99261976335241, 30.575634125425537, 42.89069352150705, 70.7449903812758, 37.65489847890887, 53.359343479056314, 48.12855877534805, 86.19356945642573, 87.22228363908587, 64.70534366809231, 24.48729133598022, 47.232715586588625, 70.78214687944454, 28.97901102508235, 34.314479792452644, 36.438391552029216, 76.05271632837106, 66.46703754951515, 79.95805977522292, 49.65431198227713, 27.22107226850767], [62.68958338551839, 70.77590286594123, 9.392537044059726, 70.63063739323067, 69.99102181914822, 0.0, 26.036413568894464, 78.3995816634682, 24.05074243520508, 33.48353414990775, 38.87594821985137, 80.38999398961568, 70.76608633981927, 14.100590149299537, 71.93780231848648, 26.99345019583924, 22.90863644000569, 67.12578817817703, 38.137564317936416, 52.93847747918724, 47.75106235122439, 41.24071611727207, 58.94241643437306, 8.975612270743078, 31.58303847217893, 78.0434265087017, 52.30062810680737, 37.24073220610699, 59.48033347875869, 35.48051371206704, 36.47094693123717, 67.31388342766223, 59.50146091042585, 52.74543727297566, 66.26576561725732, 37.97583444101443, 44.36735783729969, 23.81029397076945, 82.31596211731943, 69.64617694070472, 71.38071571696817, 22.519911097191997, 46.72693578849196, 83.6227192201574, 6.896006632334839, 34.58239053598777, 102.63102070784514, 43.088444335658295, 67.14931964373473, 58.484648175209266, 34.850254625114154, 58.33377893198371, 60.37442587246976, 7.409412438671156, 42.38727469262116, 45.34117828056523, 37.65845859854428, 31.827027396285132, 14.616474848695184, 56.83397869777298, 31.451223358309736, 44.90569190386199], [88.33444984616705, 87.29618903881061, 22.824623358453852, 96.35506178641873, 95.98369416881602, 26.036413568894464, 0.0, 89.48191423638029, 9.659014145657135, 46.780015507221286, 41.62512853496164, 86.5636740688132, 96.79100244079349, 40.06007480509372, 86.61543039756465, 26.659643798328787, 44.91834348848141, 74.14872780962064, 63.66317178091113, 78.95816996506979, 73.20521108446971, 44.75675046476107, 74.94860979952334, 28.7691054958718, 53.69338285092172, 89.36704929194765, 78.31911652126924, 63.249639057394695, 85.2155407484095, 56.49575287049005, 55.4384109268876, 91.90906453934116, 77.950116338304, 75.66855022003757, 79.4438632811624, 40.27061564942931, 59.34605057491763, 47.655701136784145, 94.64637010801616, 81.82670299244667, 74.79613984192935, 19.26557493728265, 71.31893255629892, 107.48351817698537, 26.982160118187686, 60.341720920266454, 126.71458723094767, 63.86647842286768, 78.44192273437267, 67.58886514289752, 52.15896632571571, 83.71191704382817, 82.50906834841506, 26.18580906452031, 67.99749540052387, 70.31473740931055, 62.488087899470585, 43.01914170855061, 33.177150333177735, 68.906403356892, 53.547627321414744, 70.82168465367135], [96.0110371337007, 20.651844597179895, 72.31053838701037, 77.90515871066457, 92.66135606028705, 78.3995816634682, 89.48191423638029, 0.0, 80.00316256031738, 45.053719326283655, 48.70402290378281, 16.721233661586773, 91.16478820624701, 73.73248757826462, 13.764921368402817, 62.945696700190375, 58.73457196010484, 18.575842541711467, 85.91441960300305, 83.032443100724, 66.84571566513479, 45.61763342179889, 23.870161903314223, 69.5306663519063, 96.4795603540203, 0.8909768665470598, 78.43699681497071, 78.61010920299033, 73.53675920218619, 101.08617192195969, 44.902918356875404, 63.13328740999548, 30.332267703911114, 49.778494317698105, 13.265160735270427, 50.08009184700751, 34.48821099048148, 61.749495688786176, 6.503449342301243, 9.101768123694276, 26.407668618266204, 70.21670708020656, 96.055711064803, 63.78055523077021, 71.81151586443586, 69.31246325865946, 77.17471838674047, 106.52136598943424, 11.295556378677238, 22.02328513702888, 44.55109944263956, 68.22697277297463, 45.53151821517873, 85.70960124035824, 86.71235688950715, 62.31267155360381, 90.39102150904144, 47.600933035066944, 91.0317218271065, 21.569413317563935, 96.43678536868501, 72.97501658215667], [86.4787566244156, 78.55673125224969, 17.644832617827728, 91.88788533198715, 93.1728662043808, 24.05074243520508, 9.659014145657135, 80.00316256031738, 0.0, 38.09454980391166, 31.97359406215333, 76.90477093580543, 93.75149195622458, 37.00396555049244, 77.56161152817039, 17.079391138256906, 38.77928271085798, 64.5059047995221, 62.076993544261164, 76.05743095226325, 68.53161237916905, 35.107996517851035, 66.22221943014263, 23.663852329760516, 54.721126937121305, 79.90825109747125, 74.8683296230828, 60.544585359754805, 80.8492489647722, 58.124857974164215, 47.788909784020085, 86.18381994825748, 69.73504105871281, 69.08096775487789, 70.22924652720053, 30.616565191689947, 50.649938061362604, 42.27640782712044, 85.25993695093338, 72.4818832941545, 65.1783460775969, 9.905760385779365, 70.76705939420228, 101.120796216268, 22.475967414464098, 56.319750249278854, 120.39841151118858, 65.70856006116686, 69.02757741271718, 58.05977144875351, 44.15933924265361, 78.82725528238717, 75.46550489882154, 26.910120030268352, 66.2655041318889, 65.1623424202584, 61.70716569294109, 34.10605508620742, 34.96122188407823, 59.63904811627182, 54.58075802332135, 67.0044155568515], [70.51597689725176, 40.52159712319697, 27.37212129001347, 65.11582649319334, 72.70281290802389, 33.48353414990775, 46.780015507221286, 45.053719326283655, 38.09454980391166, 0.0, 17.06778635492823, 47.47099672070165, 72.3323978149701, 31.493312818554188, 40.07971853874996, 22.772746459612605, 17.885682228707314, 34.24615374214921, 51.548334927420576, 57.306279368674645, 43.601521744800095, 16.709792580129267, 28.173907005618304, 24.543831444118847, 56.31524876598145, 44.743091600696125, 54.039375663334326, 45.80093889531872, 55.496139006220915, 60.98628667080824, 13.21156324003377, 55.139431170079476, 31.93361550555844, 36.145165732463134, 33.466825943505384, 17.53555570091319, 12.573367718484821, 22.829503943069053, 49.33094539102058, 36.49925363311547, 40.16926421653861, 28.349303332963622, 62.44889742411662, 67.27845889769141, 26.792260105096798, 37.095764525210754, 86.23757666051284, 67.63559777817336, 33.76580616807931, 25.193702535401307, 8.582376815488999, 51.62479852904703, 40.47523214612971, 40.86089491880249, 54.14405956179955, 38.75693816101831, 54.4947254124097, 4.511173137345771, 46.819697962861504, 23.50969095762312, 56.23564451820339, 46.01666027240403], [86.54926599081232, 51.06425125608793, 30.022600347175644, 82.18360486580453, 89.41117136208705, 38.87594821985137, 41.62512853496164, 48.70402290378281, 31.97359406215333, 17.06778635492823, 0.0, 44.99950508239728, 89.13859996084872, 42.62852736777795, 48.46861031557819, 15.134150359004233, 32.301201825878614, 32.541668647851864, 65.93425740033454, 73.59864784971079, 60.49151243031986, 3.1435236535934306, 39.442909750301695, 30.70524352394284, 67.37638384133312, 48.705431472920054, 70.59073411477597, 60.98389420859308, 72.50779539253676, 71.86955263534372, 30.220671559477665, 71.9798856557511, 45.50248260611664, 52.89716050634868, 40.47086777700696, 1.3807064559727142, 25.780293631231302, 37.57325781667236, 54.35969902077505, 41.952762983348364, 33.84749052400923, 22.722009319582845, 76.65740696915319, 83.31860949735653, 32.208957764941744, 52.90931772236592, 101.96578830823644, 79.09293789428855, 38.17511776386925, 26.701499820648934, 25.608396819118827, 68.68872959392091, 56.49251578872674, 45.906780845361936, 69.0206486873047, 55.718742353264396, 68.12292835124806, 13.360153651151565, 53.47865029759945, 29.939250192346393, 67.27263502394206, 62.44452344979331], [107.79570607152426, 36.269224959950364, 72.88677341725186, 92.03529887996008, 105.71577066465913, 80.38999398961568, 86.5636740688132, 16.721233661586773, 76.90477093580543, 47.47099672070165, 44.99950508239728, 0.0, 104.43178638203636, 78.61091435860006, 29.335112704923937, 60.122558685147546, 63.99293109510056, 13.270687814189818, 94.71601151223281, 94.44304055038138, 78.2818136207163, 41.90205812525558, 35.46608829926974, 71.43521338168814, 102.8624880581711, 17.544467083202623, 90.05278264447212, 87.76651674373166, 86.47866002747163, 107.54723105741762, 51.7542052063342, 77.60615816065658, 43.48290945417353, 62.27860534542573, 25.01949111865042, 46.33273895815179, 40.31633701577452, 67.98368796120434, 22.315024006791088, 21.09795913944565, 13.4798350454419, 67.70559447055929, 105.33840713840755, 79.85103895373156, 73.5164383309537, 78.32395720911249, 93.80331225072007, 113.68725597090165, 19.52309334927749, 22.432648535081075, 49.93509255550052, 81.26706448821385, 59.457617612057845, 87.79451135766213, 96.1682928435747, 73.41913283092686, 98.69657410966728, 48.56687553136636, 94.19793483515294, 27.263998442387802, 102.79849548912648, 83.7093956009481], [13.989167038644252, 71.14358690314504, 76.17049143752902, 15.239533076949, 2.45780829898883, 70.76608633981927, 96.79100244079349, 91.16478820624701, 93.75149195622458, 72.3323978149701, 89.13859996084872, 104.43178638203636, 0.0, 56.90266970792886, 77.59230060990495, 87.9879294078859, 58.32015402014217, 94.80969910973296, 34.60564225425454, 17.83614810972075, 28.763699725409808, 89.04156334872737, 68.96997382185731, 70.31413347088493, 51.18251737881895, 90.31554474381078, 19.098442758996377, 33.55022764731654, 18.034172264382775, 52.24581551364083, 59.937589076803405, 29.490296417643997, 61.121241234292725, 42.21418429801986, 79.55266676960133, 89.35548210991907, 69.28087242318855, 53.412405813464005, 89.87322811175488, 83.74050346403402, 104.58951759948151, 88.34867221993422, 32.46817026397805, 40.52164060383173, 71.29013456073417, 37.89354462194668, 50.90940692433368, 50.155530228219526, 84.91022985924097, 86.23275837558607, 64.2296893822203, 23.16952549415876, 45.66582529370321, 71.7948474326721, 30.321216125526746, 33.73051961036132, 37.96578927857161, 75.77970470177, 67.70625967869599, 78.89236271710935, 51.29754259223085, 27.305861307330588], [49.59695206573308, 62.848312147766386, 19.72429690696679, 56.553387568167025, 56.23308455185544, 14.100590149299537, 40.06007480509372, 73.73248757826462, 37.00396555049244, 31.493312818554188, 42.62852736777795, 78.61091435860006, 56.90266970792886, 0.0, 65.21148516909734, 34.86504654178549, 14.998404514278844, 65.51365621685613, 25.63717695940202, 39.125376886304316, 33.82781006250837, 44.19451956418915, 51.93505766891023, 14.48587618972577, 25.020523525339325, 73.23927782609297, 38.26854730193209, 23.5434794595937, 45.405449859204325, 29.643189288653748, 29.097692303716236, 53.82364569369925, 50.6734934745803, 40.68643706928106, 60.80552436584438, 42.12527823393968, 39.33563915458846, 12.88016813956293, 76.7189402077401, 64.66904346946711, 71.62305720402273, 32.92258563873372, 35.44421745358688, 70.48861816095656, 14.826847803788631, 20.529744508115755, 89.28520928392227, 36.607132501231035, 62.87728123879349, 56.17942567605733, 29.249252880712515, 44.417372465136275, 48.7296724164177, 17.488472820112268, 29.60847817270492, 31.77205289667858, 26.433899844540008, 31.786899666433865, 18.74564080395796, 52.715938984080275, 24.929821137638275, 30.80590038685879], [82.93597071914397, 6.970764412585518, 67.1682898082659, 64.1757059975344, 79.14446882263202, 71.93780231848648, 86.61543039756465, 13.764921368402817, 77.56161152817039, 40.07971853874996, 48.46861031557819, 29.335112704923937, 77.59230060990495, 65.21148516909734, 0.0, 60.99431843414279, 50.47144766458593, 25.73736693623018, 74.47199196409666, 70.1896793943339, 54.12972886931336, 45.686540898173924, 13.27665140653054, 63.4407721491424, 86.44759487869877, 12.88484824040778, 65.52923552877147, 67.04633151865664, 60.1111643121544, 90.94444259210549, 36.179999383667365, 49.37824300870798, 17.438877537869164, 36.73626688725192, 8.29170831154479, 49.75966513564542, 27.830540734031707, 52.6072251412311, 12.798797294111658, 9.357497882657201, 35.738526744204904, 67.6599035489076, 84.22745717408762, 50.51592645651181, 65.79247962680098, 57.993400982456215, 64.97109537402861, 95.86777509452484, 13.11792293266642, 23.649223494057612, 37.098441113529674, 54.79044731569591, 31.92649464571668, 78.97614730212135, 74.87263303648946, 49.83509641624664, 79.19909998843833, 43.604529121877185, 83.3646387129724, 18.530256715132506, 86.41953665879399, 60.5647316226788], [83.0735313191068, 62.479999930542114, 17.601283631883106, 83.52774294842446, 87.84247514827037, 26.99345019583924, 26.659643798328787, 62.945696700190375, 17.079391138256906, 22.772746459612605, 15.134150359004233, 60.122558685147546, 87.9879294078859, 34.86504654178549, 60.99431843414279, 0.0, 29.78165234978974, 47.537269772800755, 60.19790595532344, 71.08577001717516, 60.48447981942946, 18.220601656637122, 50.252221694374285, 20.696231957087207, 57.89314806586164, 62.86293252017315, 68.91210360075313, 56.68842159123853, 72.96171769231808, 62.07273043382528, 34.486332724206015, 75.58399269054554, 54.670804265686016, 57.22783090304289, 53.45425252183671, 13.82623715077527, 34.93606932082315, 34.57573640363284, 68.26946264813127, 55.54298302262556, 48.86397226232837, 7.587920947805852, 70.2918987106277, 89.08851767152439, 21.308608922540365, 50.20018135932994, 108.24893620040461, 69.59930634570236, 52.02230206661869, 40.98406173704719, 30.22500007920517, 70.01299351490495, 62.56099526754807, 33.23160030176119, 63.88753971007695, 56.315605939490254, 61.29893489450434, 18.374259720134063, 41.33855382213085, 42.820191684384945, 57.771718092238316, 60.68287129231107], [54.44464843392774, 48.53651780609281, 22.10087603958621, 53.972288594208365, 58.281407478479196, 22.90863644000569, 44.91834348848141, 58.73457196010484, 38.77928271085798, 17.885682228707314, 32.301201825878614, 63.99293109510056, 58.32015402014217, 14.998404514278844, 50.47144766458593, 29.78165234978974, 0.0, 51.03842587949867, 33.90174441674091, 41.8255653122721, 30.760382284389134, 33.056371816920745, 37.22056760619069, 16.332963871536588, 38.90735956340258, 58.243696863670465, 39.311063530012675, 28.68323784122023, 43.25164197468291, 43.59488163465154, 14.295465446120554, 47.40579938814631, 36.8134108237201, 30.780312399136463, 45.833672555269395, 32.200907083088765, 24.35602208939903, 5.2730453409422005, 61.786295124343624, 49.67427163578767, 57.808635393960685, 31.284222863930143, 44.759079700311005, 62.58294406174692, 18.44123934072905, 20.886404265906872, 81.83405184195456, 49.98883672331463, 47.893596839978294, 41.58618111229655, 14.28299609175759, 40.57434874061735, 37.9303668507779, 29.22449570208616, 36.783927604137496, 26.81057135340964, 36.64124257567012, 19.539256968725134, 32.907779814984586, 37.769781707237605, 38.83894670410912, 31.061046682859452], [97.02340670657574, 31.788264080472686, 59.70099499123248, 83.3907460502501, 95.89946473249572, 67.12578817817703, 74.14872780962064, 18.575842541711467, 64.5059047995221, 34.24615374214921, 32.541668647851864, 13.270687814189818, 94.80969910973296, 65.51365621685613, 25.73736693623018, 47.537269772800755, 51.03842587949867, 0.0, 82.53501771956574, 83.54481477048513, 67.59278724810918, 29.401791315341377, 26.745897163665024, 58.16794869828908, 89.94545041134677, 18.943982115250204, 79.32916058735283, 75.77751533579247, 76.77587624420704, 94.63294443851471, 39.39789245486295, 69.57720655557146, 35.3381913805409, 52.69194487377216, 18.518100015946022, 33.90801502969981, 27.95808287371587, 55.21204271690811, 25.034381964275696, 16.403574020096467, 10.457127469779605, 55.08055443115852, 93.28293344804085, 74.38925731566249, 60.256121997443806, 66.36420496168022, 90.15212261570878, 100.91449136020213, 12.732783752552477, 9.549457558188253, 37.17733323240937, 71.72385397361164, 51.27745402077738, 74.5317104586974, 84.2416743882575, 62.60035662452792, 86.31454307801064, 35.30005353475659, 80.93268512163195, 15.958849162596943, 89.87732075908153, 72.52673701459992], [24.6767808307776, 69.95373833526236, 45.25086394326202, 39.5623432108971, 33.31603617825445, 38.137564317936416, 63.66317178091113, 85.91441960300305, 62.076993544261164, 51.548334927420576, 65.93425740033454, 94.71601151223281, 34.60564225425454, 25.63717695940202, 74.47199196409666, 60.19790595532344, 33.90174441674091, 82.53501771956574, 0.0, 17.62495837636867, 23.9659787817687, 66.8949511420326, 62.11108080212175, 40.1147688782319, 18.037449083582917, 85.23186153220561, 19.539759317740128, 7.474843288305065, 29.781348505541978, 20.745199603043744, 43.13967225633009, 43.56826895306231, 57.329642708879035, 40.06497768019714, 72.69847427937005, 65.69242730272148, 54.58037685076159, 28.75438225937341, 87.14879909244115, 77.01215076829786, 90.4756108511724, 58.55837756628787, 10.908276237227728, 60.68533307948314, 40.39967513101141, 16.60358570088427, 77.22112288204514, 22.735600287020418, 76.46339931905266, 73.0081684531685, 45.797823122449664, 31.83649681358124, 47.92798594119567, 37.86072163083794, 4.387312925435338, 26.23070059525579, 5.305334309601147, 53.4377821563079, 33.15352505315095, 67.46581417007643, 18.117160581509225, 16.96125204251869], [13.51755733275999, 64.52413491596408, 58.5349010711803, 22.39375207348545, 17.115663491202465, 52.93847747918724, 78.95816996506979, 83.032443100724, 76.05743095226325, 57.306279368674645, 73.59864784971079, 94.44304055038138, 17.83614810972075, 39.125376886304316, 70.1896793943339, 71.08577001717516, 41.8255653122721, 83.54481477048513, 17.62495837636867, 0.0, 16.22210447581443, 73.85268309281977, 59.501431624126134, 52.759797024415704, 35.32196660299242, 82.246742923869, 4.7346587481597515, 15.714105454986074, 14.258356607401407, 37.3015609448444, 45.91695768711714, 29.58433591426634, 52.81644357498109, 33.47049525745606, 70.40334222316805, 73.66947512928435, 56.41433891091054, 36.69765271486101, 82.9470738640336, 74.75170298332584, 92.68712824026241, 70.97873175750034, 19.4540071154318, 45.663370779737534, 53.635177532363016, 20.959593455470426, 60.77330367115084, 37.10928972167714, 75.15225586598987, 74.4052980165579, 49.78490011010261, 18.222517867996704, 39.64336911619913, 54.027566514197474, 13.745931612239666, 21.025117133474467, 21.890695621176405, 60.3127967720643, 50.260198152120964, 67.66529465489938, 35.417527687033356, 11.351316960848619], [29.51682895002191, 48.6684645676295, 50.99630183365448, 23.368772555291613, 29.283693695559883, 47.75106235122439, 73.20521108446971, 66.84571566513479, 68.53161237916905, 43.601521744800095, 60.49151243031986, 78.2818136207163, 28.763699725409808, 33.82781006250837, 54.12972886931336, 60.48447981942946, 30.760382284389134, 67.59278724810918, 23.9659787817687, 16.22210447581443, 0.0, 60.309982263078986, 43.27938143292114, 44.91843774771058, 40.8869288433106, 66.0664389265788, 11.773475309835181, 17.159539211616273, 12.491699469506987, 44.310079470482144, 31.202870069794812, 20.897348003035294, 36.70955554559599, 17.585818347570136, 54.18163910966957, 60.76108995537131, 40.96506371973356, 26.416396274483464, 66.91540258045578, 58.530921529384365, 76.94542546233511, 61.853430853451854, 31.51035608647027, 38.17401226825241, 46.38790606593393, 13.471428592101558, 56.18683273923678, 46.671598675742466, 58.94948043860338, 58.59223739526301, 35.46649887891552, 10.59030992831675, 24.620301296258294, 51.00145682112008, 22.608710428480673, 5.072345640630859, 29.27025666545203, 47.15101663144285, 49.72388690246681, 51.660572428998464, 40.93105056141973, 7.169315354100139], [86.94482770654172, 48.500558682583275, 32.57418414433247, 81.59524562666579, 89.39997570125833, 41.24071611727207, 44.75675046476107, 45.61763342179889, 35.107996517851035, 16.709792580129267, 3.1435236535934306, 41.90205812525558, 89.04156334872737, 44.19451956418915, 45.686540898173924, 18.220601656637122, 33.056371816920745, 29.401791315341377, 66.8949511420326, 73.85268309281977, 60.309982263078986, 0.0, 37.07699709676018, 32.857973663589966, 69.09374553853796, 45.63086880700305, 70.68862930247587, 61.68421239154263, 72.1510748189791, 73.63343434049463, 29.565866551426673, 70.9662552490265, 43.459901949460225, 51.85807542038455, 37.621749594424955, 4.519281583367531, 24.030630419807213, 38.29972618595624, 51.31744271728556, 38.98122395112642, 30.92493701128242, 25.804050294422986, 77.69211196629401, 81.80734582559695, 34.48266030003852, 53.35652988517436, 100.3011313937049, 80.76843998014591, 35.164393012658095, 23.637039180427173, 25.02710417838434, 68.17179350592957, 55.04790746613304, 48.372243927937866, 69.83989478723907, 55.451301032773166, 69.29304959004052, 13.614879474023963, 55.800349006747034, 27.164795821349312, 68.9940821727959, 62.61317179644073], [72.68061820184772, 12.347920230907228, 54.63946165656619, 56.87457294092559, 70.25111509444234, 58.94241643437306, 74.94860979952334, 23.870161903314223, 66.22221943014263, 28.173907005618304, 39.442909750301695, 35.46608829926974, 68.96997382185731, 51.93505766891023, 13.27665140653054, 50.252221694374285, 37.22056760619069, 26.745897163665024, 62.11108080212175, 59.501431624126134, 43.27938143292114, 37.07699709676018, 0.0, 50.60122834735989, 73.4000609744558, 23.15678735932899, 54.985840521877705, 54.77356281391927, 51.01343285637326, 77.93601167027369, 22.925113641184243, 42.855720960171226, 8.620193568677935, 26.822426710993714, 10.904930171902523, 40.597078947952696, 15.602728966740942, 39.344842459175595, 25.299820203970807, 15.262328995259434, 37.1078479526059, 56.40454778775602, 72.19151422038708, 48.45316299453084, 52.95902504549662, 45.5230170013436, 65.4705887900971, 83.0632801182938, 15.943031928028157, 20.03038831001395, 24.116285599658816, 45.80274503780738, 24.547077871246874, 65.89214858383654, 62.84525291342529, 38.6092690547964, 66.66980944433817, 32.14058364354645, 70.1251295986236, 12.304843443056193, 73.36759435468792, 49.204451811061354], [63.84047071208257, 62.62097762502694, 6.083167189137105, 68.25396201512072, 69.84271528470452, 8.975612270743078, 28.7691054958718, 69.5306663519063, 23.663852329760516, 24.543831444118847, 30.70524352394284, 71.43521338168814, 70.31413347088493, 14.48587618972577, 63.4407721491424, 20.696231957087207, 16.332963871536588, 58.16794869828908, 40.1147688782319, 52.759797024415704, 44.91843774771058, 32.857973663589966, 50.60122834735989, 0.0, 37.37709304476416, 69.19042398744064, 51.331193424321945, 37.52622949781902, 57.19589802515878, 41.68500655437997, 28.641015482603684, 63.15816413778825, 51.77623123176825, 47.09243736627953, 57.539089492703255, 29.928632094529764, 35.71303354496133, 18.918109001905567, 73.56117052300483, 60.83502871939588, 62.60274862492882, 18.477465068530176, 49.86057856278178, 78.75687837481657, 2.3580531464059327, 32.686294546845026, 97.96827344714315, 49.124840329543304, 58.26288713016259, 49.50924639793286, 26.500886813322538, 55.29035721605224, 54.24146714382526, 16.383627303182063, 44.035520508221985, 41.721340288596814, 40.80079628611558, 22.868338361160145, 23.087302153218303, 47.961365780425844, 37.26074544652738, 43.38706889098762], [39.1222137817561, 82.8751140217252, 40.651873325270046, 57.53015242072879, 49.53605826096919, 31.58303847217893, 53.69338285092172, 96.4795603540203, 54.721126937121305, 56.31524876598145, 67.37638384133312, 102.8624880581711, 51.18251737881895, 25.020523525339325, 86.44759487869877, 57.89314806586164, 38.90735956340258, 89.94545041134677, 18.037449083582917, 35.32196660299242, 40.8869288433106, 69.09374553853796, 73.4000609744558, 37.37709304476416, 0.0, 95.89757172585557, 37.568650040575044, 23.760592445950483, 47.80470120792761, 4.687522492082171, 51.704090402843676, 61.231860379011934, 70.17807611844975, 55.13529449488854, 83.26543659193763, 66.77868439007514, 62.82225922709025, 34.97577316114439, 98.6863757790574, 87.38492479583762, 96.48379858303437, 54.081209050128344, 19.70316333737418, 78.46587035817635, 36.584648023253436, 30.068018331882925, 95.24209009550056, 11.75567575222216, 86.10004284532349, 80.48122127297887, 52.95431190153938, 49.621094492914224, 63.367586948944655, 27.91044359845311, 21.576776343357825, 42.04452014677912, 13.44378822154676, 56.802532950380794, 20.547024726578766, 76.26367216060096, 0.14680253932222945, 34.33212023919027], [95.20806150312922, 19.764432563551285, 72.03402139906959, 77.03524533266186, 91.81804102930735, 78.0434265087017, 89.36704929194765, 0.8909768665470598, 79.90825109747125, 44.743091600696125, 48.705431472920054, 17.544467083202623, 90.31554474381078, 73.23927782609297, 12.88484824040778, 62.86293252017315, 58.243696863670465, 18.943982115250204, 85.23186153220561, 82.246742923869, 66.0664389265788, 45.63086880700305, 23.15678735932899, 69.19042398744064, 95.89757172585557, 0.0, 77.64547393159563, 77.91674345970688, 72.70114965287601, 100.4981574944891, 44.362101654306926, 62.25772620381618, 29.520477608802917, 48.96979911694352, 12.643344046242303, 50.079236742756414, 34.03984333395434, 61.20607505957987, 6.092812676757503, 8.57132383777208, 27.002401187454122, 70.10436919008299, 95.34821819610413, 62.89311039249543, 71.47811981743571, 68.63210637419245, 76.320446593238, 105.89945843662065, 11.03600550167839, 22.005927763204188, 44.08663434202694, 67.38985713873532, 44.67567756733148, 85.34104729733396, 86.00191143525407, 61.54931974366683, 89.7272927377347, 47.35816421365741, 90.60518238473499, 21.23794535716755, 95.85578357405647, 72.21983947169001], [17.743658384982048, 59.82084757933195, 57.244379219285214, 20.09982396145795, 18.971132933976257, 52.30062810680737, 78.31911652126924, 78.43699681497071, 74.8683296230828, 54.039375663334326, 70.59073411477597, 90.05278264447212, 19.098442758996377, 38.26854730193209, 65.52923552877147, 68.91210360075313, 39.311063530012675, 79.32916058735283, 19.539759317740128, 4.7346587481597515, 11.773475309835181, 70.68862930247587, 54.985840521877705, 51.331193424321945, 37.568650040575044, 77.64547393159563, 0.0, 15.760440021362081, 10.483317411155824, 39.9934649722305, 42.239922739307325, 25.418006053213308, 48.181329908361576, 28.79616493000153, 65.87917424493686, 70.73188805408087, 52.457628148436484, 34.34382961564742, 78.27474500764492, 70.21936720720969, 88.60276654506421, 69.27266660702016, 23.313465322723545, 41.93081437098531, 52.39247852987503, 18.798533454493665, 57.787615834490474, 40.512357636615675, 70.70396891273907, 70.27412605084905, 46.26941198252186, 13.806995643899974, 34.90877812881782, 54.03413492019674, 16.29153910185011, 16.72896233795703, 24.35399804789253, 57.24707286164864, 50.950601711875024, 63.410261678088446, 37.65086187033785, 8.250092479889869], [26.413771420356802, 62.48411436817695, 43.14349628501309, 35.59611592093455, 32.75282427530859, 37.24073220610699, 63.249639057394695, 78.61010920299033, 60.544585359754805, 45.80093889531872, 60.98389420859308, 87.76651674373166, 33.55022764731654, 23.5434794595937, 67.04633151865664, 56.68842159123853, 28.68323784122023, 75.77751533579247, 7.474843288305065, 15.714105454986074, 17.159539211616273, 61.68421239154263, 54.77356281391927, 37.52622949781902, 23.760592445950483, 77.91674345970688, 15.760440021362081, 0.0, 24.982358375819675, 27.16139215058831, 36.476495915359585, 37.54388204738661, 49.870195793262084, 32.66444715064106, 65.42235542087255, 60.86428129481547, 47.836358266534816, 23.412978058537423, 79.7437268445806, 69.75097956909805, 83.99490906120361, 55.931758523230585, 17.579431913944575, 54.82637832339435, 38.22944624075835, 9.44264369051595, 72.07468183373327, 29.983421114742235, 69.31253609887267, 66.28835576384827, 39.46342488472294, 26.0820243248006, 40.6108085094672, 38.42154129883851, 8.48868700940281, 18.91475851829537, 12.55889319886829, 48.09348171714402, 35.20170481235794, 60.50273891204114, 23.809646370436084, 10.643599824514892], [23.817973595477007, 53.876153225685336, 63.256833953873766, 11.150608094464987, 19.238037637754484, 59.48033347875869, 85.2155407484095, 73.53675920218619, 80.8492489647722, 55.496139006220915, 72.50779539253676, 86.47866002747163, 18.034172264382775, 45.405449859204325, 60.1111643121544, 72.96171769231808, 43.25164197468291, 76.77587624420704, 29.781348505541978, 14.258356607401407, 12.491699469506987, 72.1510748189791, 51.01343285637326, 57.19589802515878, 47.80470120792761, 72.70114965287601, 10.483317411155824, 24.982358375819675, 0.0, 50.39264160078636, 42.69413712823056, 15.423349092313233, 43.31816815518575, 24.2115391579058, 61.67318611594144, 72.84416502084139, 51.506719197369236, 38.86986839355773, 72.59951777609602, 65.90107377450265, 86.57528316717433, 74.32022461459701, 33.62550497537512, 31.489327944403787, 58.57292662463978, 24.902720108351318, 47.43994016654386, 50.98654185949483, 66.95612541506402, 68.22944982288551, 47.14417719445256, 5.321764660886206, 28.323991453391855, 62.10775796555906, 26.74235471066448, 16.846995437189268, 34.73859218266156, 59.228493975343646, 59.87471120293843, 60.86236680433198, 47.88026420601526, 14.917872055055552], [39.52224260609329, 87.27068850149814, 44.6908333439713, 59.67953530911844, 50.441720463203815, 35.48051371206704, 56.49575287049005, 101.08617192195969, 58.124857974164215, 60.98628667080824, 71.86955263534372, 107.54723105741762, 52.24581551364083, 29.643189288653748, 90.94444259210549, 62.07273043382528, 43.59488163465154, 94.63294443851471, 20.745199603043744, 37.3015609448444, 44.310079470482144, 73.63343434049463, 77.93601167027369, 41.68500655437997, 4.687522492082171, 100.4981574944891, 39.9934649722305, 27.16139215058831, 50.39264160078636, 0.0, 56.34794771760405, 64.29974045226281, 74.56061205580258, 59.12889526800771, 87.8613577754946, 71.24725449269351, 67.49059587446841, 39.644361057457225, 103.23110100198079, 91.99519618777089, 101.15553612066564, 57.9975847478803, 19.947203357146375, 81.43027649731603, 40.781637350200526, 34.12822671821894, 97.78094588187408, 7.623368534221938, 90.74305151481516, 85.16798276786253, 57.63473505616525, 52.580856974427405, 67.30599719305545, 31.215178890456798, 23.725511492555086, 45.80784248338772, 15.654269696777035, 61.43005504038759, 23.388025370850027, 80.92787354005151, 4.757979606287396, 37.53275251866473], [59.374819323458304, 34.37541842269987, 33.46982165168902, 52.032328867033065, 60.48337106303728, 36.47094693123717, 55.4384109268876, 44.902918356875404, 47.788909784020085, 13.21156324003377, 30.220671559477665, 51.7542052063342, 59.937589076803405, 29.097692303716236, 36.179999383667365, 34.486332724206015, 14.295465446120554, 39.39789245486295, 43.13967225633009, 45.91695768711714, 31.202870069794812, 29.565866551426673, 22.925113641184243, 28.641015482603684, 51.704090402843676, 44.362101654306926, 42.239922739307325, 36.476495915359585, 42.69413712823056, 56.34794771760405, 0.0, 41.96053509461802, 23.136389600005042, 23.054677569945003, 31.81273175422423, 30.737531413635725, 11.460981787838412, 16.846763531748863, 47.64095309065387, 35.80288824371634, 47.54470333764366, 38.701913683967085, 53.91462605374847, 54.6346406533012, 30.971919803406067, 27.135141629989757, 73.76645123317577, 62.13285932352838, 34.39602025035675, 29.868544033447552, 4.6294441857324795, 38.61228878929553, 28.092297161606837, 43.198346869387734, 44.96254956530079, 26.20708641792885, 46.963314644343, 17.454508762563655, 47.20159450511676, 24.686594379746108, 51.654728592703115, 34.576063001683515], [38.62838966225044, 42.62679139099268, 69.1812392795896, 14.93775245369588, 31.459833974746825, 67.31388342766223, 91.90906453934116, 63.13328740999548, 86.18381994825748, 55.139431170079476, 71.9798856557511, 77.60615816065658, 29.490296417643997, 53.82364569369925, 49.37824300870798, 75.58399269054554, 47.40579938814631, 69.57720655557146, 43.56826895306231, 29.58433591426634, 20.897348003035294, 70.9662552490265, 42.855720960171226, 63.15816413778825, 61.231860379011934, 62.25772620381618, 25.418006053213308, 37.54388204738661, 15.423349092313233, 64.29974045226281, 41.96053509461802, 0.0, 34.35168002850749, 19.10827460180613, 52.6219574564676, 72.5918909065184, 47.878376546590474, 44.25336340788934, 61.172169521752295, 56.530973785793186, 79.86586047053108, 78.40051932271419, 48.7293450629943, 17.30871048879602, 64.9395560173543, 34.11431637865328, 35.49426