instance_id,num_cities,city_coordinates,distance_matrix,best_route,total_distance
1419,93,"[[3.951750687562605, 58.63989799249234], [57.54730556771085, 91.57274286945467], [17.49760310958013, 78.95407929240545], [75.66859265714972, 59.93710015712489], [6.784189835851107, 70.87070124103329], [32.77922856491068, 37.42505128499849], [37.98026463513261, 68.48045857584573], [47.165415551578285, 32.9253059973437], [34.3794987486438, 92.21357557256012], [17.17402946975346, 97.4786525572222], [63.310160184772535, 46.894561354735444], [20.078600111956714, 35.497185318250715], [80.52176378629264, 29.320178485173166], [47.80321087515882, 64.64600543316519], [5.630614098811481, 15.546733792127688], [76.04714629168672, 73.43017098892058], [22.06537830073405, 49.277933260944614], [82.1656278820445, 17.030677668426787], [51.25945179173513, 22.43499376421193], [39.19909157969015, 13.790682266788679], [45.442733510223256, 65.0017522285597], [41.03280307011386, 22.975176629178208], [1.9197816444612603, 30.930503044366418], [18.04188381566103, 10.222860933417998], [23.395036846405393, 99.034632514548], [18.91712171943358, 25.65938396291235], [51.683045059682364, 81.69916390202846], [31.321928487287654, 54.52241000452752], [92.12987760284997, 13.215186498490239], [46.55551763011373, 95.82381381084808], [90.1551727929719, 99.30419325091852], [73.29393425878283, 95.78211422666615], [2.3070624783570026, 14.798073052592486], [7.3357420496529935, 60.252427004281074], [85.16726411892125, 3.9288083578389865], [37.33351910229249, 36.04280940977479], [58.2398068448117, 97.34115447011985], [50.51839043843164, 99.39430916644952], [99.7833636432755, 79.30289335624114], [29.78359642624976, 81.58046324197771], [57.5960123635525, 22.08852793392192], [37.44933405717039, 47.30331777585488], [98.32504280806741, 71.22108382658226], [75.2721945038558, 20.442159635819213], [56.09884883314916, 94.7004166637806], [67.37770697606827, 93.03418052890453], [82.07381366828642, 99.64334217521008], [31.450479099568483, 26.121355069807073], [33.257412952683055, 91.79220631581227], [7.416085440730313, 85.91568089069385], [51.08159338831224, 37.99039268112473], [66.93225734428509, 73.4609679982127], [8.543154790006735, 77.37377622881273], [34.61846509582781, 63.188718695493364], [9.439356644551722, 36.8914140232423], [7.391666092418325, 77.59585139405824], [54.580801803425786, 63.54837435727778], [96.3776432856973, 77.8215252685716], [15.805211217691417, 57.216602072254396], [87.05208853749292, 7.016439925907047], [31.664410173835687, 51.13690403682028], [88.84871253247319, 95.17449914345161], [19.033381353208977, 59.144794702656576], [76.05543830308852, 36.309600466549064], [30.75362777381516, 49.39473250041767], [57.930098600987534, 52.36554309718186], [65.80036667290379, 11.709289029559155], [41.27222991002078, 94.13888608136294], [29.24011179695565, 75.27849936789501], [48.481280933589474, 84.24731890075431], [17.965664718269046, 78.84414173119481], [5.202297908249998, 26.47086946205851], [97.16120715596476, 18.821837689406816], [90.79052483778277, 9.730621850371058], [77.98264536480413, 84.98397424272244], [92.28870880667155, 74.45275439059215], [82.03024128397807, 77.4354180900058], [19.937903728763672, 35.5948320544278], [39.20265182835736, 42.520217590906505], [36.10944910443201, 39.767579423240576], [80.22872397635842, 0.37637357354722845], [23.29984511063712, 21.511873995698593], [7.688486070707523, 79.48921953734391], [7.768599034657198, 63.12431714827763], [9.788626134925572, 28.8325163162791], [47.54588710230525, 87.31239313553979], [65.76228698495974, 64.43369887604567], [84.13002903172804, 42.82432915616897], [51.25943341682814, 65.55986890748225], [79.71305661822905, 36.29467100179109], [18.07127041371246, 30.797456775132815], [48.64909783084496, 11.831596298660774], [55.058771512607905, 53.45406718364618]]","[[0.0, 62.90513313395852, 24.416307659529885, 71.72857279736338, 12.554491611900387, 35.79236233599922, 35.42282306754524, 50.28579394278692, 45.310480888189396, 41.02776513939432, 60.50928615322359, 28.207453310775584, 81.99154138036168, 44.260861798808676, 43.12585515851506, 73.59686299445127, 20.389945780785943, 88.59310245030436, 59.57192018007043, 57.04232806588937, 41.97588408731005, 51.44877836956233, 27.783798634876195, 50.425601921517156, 44.830524799092, 36.21707657689788, 53.00949166634826, 27.678156371398664, 99.19065722436692, 56.54842662074496, 95.31324614946146, 78.66309585320761, 43.872663622879394, 3.748552701051797, 97.92478210815825, 40.31092748759127, 66.67068541930357, 61.88193571490133, 98.03396053968167, 34.54784780899131, 64.91309162195739, 35.36391017141741, 95.20821657112394, 80.90533308576073, 63.40095308311829, 72.15135897754095, 88.22890206281288, 42.58680192373904, 44.24813428791967, 27.49490767381894, 51.455069163315706, 64.7009144823466, 19.288317329544835, 31.00224415080546, 22.430122025970086, 19.2655440451315, 50.86643251807958, 94.39534123843377, 11.938605354725802, 97.82968656560773, 28.710388609368785, 92.42440809524223, 15.09007966257633, 75.48234201026418, 28.351608425668516, 54.34178477760049, 77.63847858461644, 51.50724536148006, 30.271178756840875, 51.3674903952365, 24.58864070079778, 32.193326403822184, 101.35818023936257, 99.66488844452302, 78.57851945786943, 89.74109759304336, 80.30891774610444, 28.04696334982532, 38.76170955320927, 37.28648516084145, 95.98340966967513, 41.86691920491283, 21.181534415718314, 5.888832351960177, 30.37349366436929, 52.17816312860458, 62.08148295627378, 81.72324354705307, 47.811116308628, 78.98787657347168, 31.21798152090002, 64.7214798124073, 51.369450248076355], [62.90513313395852, 0.0, 41.990586295687166, 36.45812578287656, 54.82215287993602, 59.54351469590979, 30.26751864216904, 59.55926033771168, 23.17666799518385, 40.80295567874911, 45.04831180854159, 67.44161951798345, 66.356668864979, 28.635582242034026, 92.06137577346264, 25.91132997846352, 55.207047397946816, 78.50211002264022, 69.42309022542531, 79.91686873337196, 29.198256939985953, 70.55745805251387, 82.29157106797285, 90.43495805723822, 34.957935520963055, 76.39935854766298, 11.483776074620394, 45.392703911667205, 85.64964056547147, 11.785202849924351, 33.51191325456204, 16.29954362420628, 94.58242110487083, 59.17907820186289, 91.89298867186201, 59.09459089718793, 5.809830497826496, 10.515823659271577, 43.98219877222347, 29.507104186031903, 69.4842320066882, 48.618005481059576, 45.57426774223468, 73.30574028652747, 3.4467913014295286, 9.938440113111, 25.82022797656246, 70.46224887560852, 24.290884040188182, 50.44939624664818, 53.9710448823408, 20.398865381073925, 51.01977505934362, 36.488142645153665, 72.8314662352812, 52.06670401024566, 28.180939925591716, 41.19333820898371, 54.06243475097079, 89.55613092119904, 48.010221162467765, 31.507947032946284, 50.347732627288565, 58.28006422091676, 49.96884757940383, 39.20906839608963, 80.28875560651797, 16.47613967674342, 32.6618981454416, 11.655669821494834, 41.57792177672076, 83.53594285109645, 82.83692053402383, 88.33597455363476, 21.47125950286278, 38.73059649073913, 28.271506737464353, 67.43881379367897, 52.370569569361976, 56.06564589326608, 93.97459504453141, 77.983420642496, 51.30217751472567, 57.334392384651686, 78.8493975189877, 10.871014266177037, 28.355134077657507, 55.52521072743507, 26.7620430450911, 59.556576035229966, 72.47063371688141, 80.23608014698411, 38.19981986584825], [24.416307659529885, 41.990586295687166, 0.0, 61.200567974285555, 13.420813116019405, 44.251420811054174, 23.005133211626855, 54.76154733151512, 21.46654704352035, 18.527399022635482, 55.916035948228185, 43.533471942945276, 80.22199784564238, 33.51344267010744, 64.50826994714166, 58.809544886682076, 30.025625946472957, 89.53469214029069, 65.83516883383824, 68.68204214885051, 31.234560083431166, 60.725144549530526, 50.48695274276649, 68.73337339748302, 20.928648842855193, 53.31359660862522, 34.295479743514285, 28.071666077042273, 99.45641468406478, 33.59985623489142, 75.45362529674368, 58.27875538702063, 65.92985409745543, 21.28415416471069, 101.03452033797284, 47.27410122054049, 44.699124139003416, 38.835233913561076, 82.286499851797, 12.563579284098205, 69.58141530612455, 37.414466084425015, 81.19651610190574, 82.22863341120487, 41.68936689402374, 51.829277561641824, 67.80953154797758, 54.6441167663375, 20.327053691076138, 12.251567055712611, 52.97082238203588, 49.73891143757794, 9.092826979587334, 23.273815972092095, 42.827597943811966, 10.196800773707894, 40.15593816505167, 78.88817032231614, 21.803259073182538, 100.06423137548259, 31.216881035679734, 73.17159856133985, 19.868728463876746, 72.4401244951926, 32.39563508665645, 48.391496656617214, 82.79504082581599, 28.210126492417583, 12.304324364001209, 31.4325735035075, 0.4807992688153762, 53.90419134065626, 99.81070228117098, 100.81537301267892, 60.784866288642036, 74.92644004131778, 64.55050520015655, 43.4278641905869, 42.40914309872866, 43.38182319050391, 100.54675211682292, 57.7345040819426, 9.82370358693979, 18.580497566791077, 50.710939659658784, 31.189113184054975, 50.40159875466386, 75.79735502758265, 36.321702293959106, 75.43598458953255, 48.16003931110232, 73.9989415236092, 45.399250977824316], [71.72857279736338, 36.45812578287656, 61.200567974285555, 0.0, 69.74671737586633, 48.43851666450626, 38.644521502612605, 39.269175301271105, 52.40763437733681, 69.50526655652466, 17.967711918498168, 60.725255936109775, 30.999180032303652, 28.26045453906979, 82.92058288842959, 13.49838002599115, 54.652744014006025, 43.39553614707602, 44.746107559127594, 58.817653752494806, 30.647239056308592, 50.65394072728399, 79.24815330244058, 76.1074447967718, 65.27742085544395, 66.30000966127697, 32.386631686355074, 44.67600577987207, 49.536967186016234, 46.21068441815322, 41.94793228142493, 35.92358607035976, 86.13620538494615, 68.33357815281593, 56.80804089046399, 45.17205989076892, 41.26531053974793, 46.79106767800817, 30.928241559200078, 50.73330311277271, 41.94201447002194, 40.25325061643323, 25.31092690704153, 39.49692973228942, 39.8931453745995, 34.11972324789289, 40.21955384387377, 55.666382875139355, 53.042020628043645, 73.0293872236235, 32.957222305329914, 16.100265714640067, 69.3531692230762, 41.178708040926466, 70.12428503873558, 70.52354356081109, 21.394770960192414, 27.362701611914954, 59.92516622585093, 54.131139446401754, 44.87551144868017, 37.62166725770505, 56.640753061512136, 23.630666329622247, 46.135621663529825, 19.2868516791226, 49.22706217348644, 48.50641123232564, 48.89746787646192, 36.471038566472814, 60.72152924460371, 78.00953334416387, 46.393935872956725, 52.43437133066638, 25.153543316868518, 22.06654659545015, 18.61885344835736, 60.81492994994005, 40.41178836496137, 44.404227335458906, 59.73503953972177, 64.95370447593524, 70.73598987617532, 67.97475624144022, 72.85372416617821, 39.246569702058444, 10.879075884920706, 19.090385979654652, 25.048404804285873, 23.985873865620306, 64.54897633614361, 55.174202324505025, 21.605426266223375], [12.554491611900387, 54.82215287993602, 13.420813116019405, 69.74671737586633, 0.0, 42.359810428127716, 31.287510972924157, 55.41206015394416, 34.88580454459668, 28.5645206657295, 61.40065641126702, 37.78924414868303, 84.63850042021116, 41.48863609379873, 55.33599290939535, 69.31023028668517, 26.45302156543207, 92.6342773502925, 65.7576359430957, 65.64186485134974, 39.101503315529364, 58.88080150876798, 40.235331476719466, 61.68384073419111, 32.69751157484771, 46.811016290127355, 46.1861754642136, 29.485034245864703, 102.99536300557253, 46.95121235325596, 88.08623199520304, 71.02200081766533, 56.251082668108246, 10.632589412340982, 103.0782390073208, 46.327568121360464, 57.86506213533425, 52.21375787500477, 93.38066284157178, 25.370685951060644, 70.43821222285295, 38.675219889602126, 91.54152353351553, 85.0508353388339, 54.77034717024269, 64.51971895138483, 80.60020051561087, 51.09725832951918, 33.74227195651721, 15.058243746007237, 55.16678939801003, 60.20381638129331, 6.7367604979418925, 28.874898009830805, 34.08286769934654, 6.7525307835673365, 48.35424062656213, 89.86267776853504, 16.365000790787285, 102.56852465584878, 31.756072114851776, 85.58773555776548, 16.95699197899373, 77.41431102163085, 32.183088546778876, 54.39066888116573, 83.56423770560127, 41.60328513376414, 22.884429541729528, 43.790196460251835, 13.73321279949781, 44.428002926891374, 104.29328576996677, 103.89982496786628, 72.58377604209159, 85.57951781353793, 75.53187251645065, 37.64846791102001, 43.06630470745869, 42.74780717161926, 101.80152173915198, 52.04863779380169, 8.665829983574366, 7.808682858407805, 42.14541053594124, 43.952760964425615, 59.3283317039722, 82.27379794343463, 44.79120707976433, 80.71010765242987, 41.63247662576607, 72.37600730784875, 51.32031155356327], [35.79236233599922, 59.54351469590979, 44.251420811054174, 48.43851666450626, 42.359810428127716, 0.0, 31.4879198773777, 15.073489432415302, 54.81188975276875, 62.0480238570313, 31.96575365195587, 12.846113431140497, 48.4255989376099, 31.091805820750306, 34.86700508715578, 56.28926495616032, 15.977402749474216, 53.431703254937624, 23.79538768311522, 24.49077458998488, 30.3453257097459, 16.640924544082793, 31.5354502280518, 30.937816506370567, 62.32016971647399, 18.182104766209786, 48.14095269200075, 17.159353096795215, 64.09849525695323, 60.001680017801235, 84.38617888315643, 71.04215771384507, 37.95435482176304, 34.18274547606426, 62.181223528035844, 4.759428001399687, 65.10130925900859, 64.4582561535197, 79.01460481546243, 44.2569115167419, 29.173304691218096, 10.926574677052756, 73.74568177425846, 45.76101794165109, 61.840699937240615, 65.4937398812496, 79.3792910135442, 11.381525524593789, 54.369257917073405, 54.72321434907125, 18.311094151444387, 49.64893420977421, 46.72566635864183, 25.829234395453067, 23.34597160081146, 47.52074820219835, 34.02552871026426, 75.34343677655451, 26.07341073715195, 62.21114831275649, 13.757097293132805, 80.49090482995544, 25.70399909929094, 43.29058280770933, 12.139865195447829, 29.253795636832272, 41.85326737932695, 57.3462302959607, 38.018533365475356, 49.38500980328127, 43.988438563203395, 29.67290352918468, 67.0158095032967, 64.28290532457677, 65.61402322128717, 70.08872260157491, 63.45464290124851, 12.971095789461922, 8.198846632682448, 4.071585307998061, 60.200158928095746, 18.522632699318027, 48.9789710965026, 35.86061705284911, 24.543827274536927, 52.026926502271664, 42.63037869216913, 51.633873669452704, 33.661341833314616, 46.94743843196472, 16.132236111729828, 30.114409983520186, 27.446445756006106], [35.42282306754524, 30.26751864216904, 23.005133211626855, 38.644521502612605, 31.287510972924157, 31.4879198773777, 0.0, 36.72241648146868, 24.004715314892508, 35.69026023915487, 33.279942418760356, 37.528201495482264, 57.821334183915845, 10.544823551764992, 62.03611133283991, 38.38733035815648, 24.9403405250659, 67.81907018444711, 47.92203711508395, 54.70335612972459, 8.233458541970364, 45.6075506461676, 52.06109482076392, 61.5750494337542, 33.85685181356254, 46.872676996633906, 19.03944226766833, 15.464816849124892, 77.3720290695398, 28.656483375240985, 60.599700169210806, 44.63670757979681, 64.45444800465961, 31.729911251603514, 79.95954268347812, 32.44409596837846, 35.26171887539714, 33.359717579702725, 62.74351075279597, 15.453009156122004, 50.368529734647595, 21.183795215712703, 60.40698038725063, 60.81419405356879, 31.871135773198862, 38.30267455330969, 53.99413283465779, 42.859441771630195, 23.785350758528903, 35.187441324934554, 33.18567361623567, 29.377259163119767, 30.751171277051892, 6.269306748260264, 42.57289236912579, 31.91790636989937, 17.317716044990753, 59.13974433674347, 24.871820548561928, 78.65029872609684, 18.457759929754058, 57.44711301109431, 21.122002889214993, 49.8465942801863, 20.408067526143352, 25.645396782846998, 63.221228784682886, 25.86874441148916, 11.072652358177729, 18.94373848546355, 22.538636568714207, 53.28415036629423, 77.25517837657942, 78.99662586428326, 43.273045806927435, 54.635843780726944, 44.95099267718207, 37.50988161514052, 25.989004260384394, 28.773762006071056, 80.14423691512391, 49.20937568063248, 32.230182539097875, 30.682780013340718, 48.64902678105992, 21.122094887701778, 28.075203114389396, 52.80187241623606, 13.596549839709649, 52.70247478502853, 42.61897084188066, 57.644753439124045, 22.747919364977967], [50.28579394278692, 59.55926033771168, 54.76154733151512, 39.269175301271105, 55.41206015394416, 15.073489432415302, 36.72241648146868, 0.0, 60.65128669463736, 71.18017835878787, 21.34930618336513, 27.20864079481793, 33.55060225889455, 31.727110734709314, 45.02393256494445, 49.74734624610638, 29.95697395292175, 38.44026629580143, 11.260896211417261, 20.726701207259175, 32.12267168589341, 11.688199617179828, 45.28958629175216, 36.926699184378016, 70.25292845387776, 29.167785782222474, 48.98263152668375, 26.78527550452786, 49.09472128670592, 62.90146469391693, 79.08398005093542, 68.07112332414206, 48.38252178912396, 48.30294435950844, 47.801018502674914, 10.314311189604378, 65.36087267611488, 66.55351848615119, 70.13935464924599, 51.66673942301467, 15.04104745853247, 17.353082213514167, 63.905195880846065, 30.754186156610167, 62.41771005128917, 63.416192901178114, 75.29868930137947, 17.124630679668186, 60.487556483919825, 66.24189818837439, 6.402464522599263, 45.0984248982888, 58.88417047265435, 32.7612593451104, 37.93396279759782, 59.8114434876802, 31.508098467557268, 66.61466702915334, 39.6677385398022, 47.56275878240174, 23.91533965621798, 74.91634864660003, 38.45611701805383, 29.08757232285075, 23.250565313610984, 22.221638545619513, 28.237931568574787, 61.49660172487986, 45.99031967032627, 51.3388791284093, 54.41658684518669, 42.45660129280056, 51.94696330356781, 49.407929858587565, 60.496335367058236, 61.324061870028295, 56.53942121964065, 27.35806589346112, 12.46867814165275, 13.001965225117273, 46.39628612207023, 26.454335798271355, 61.04609738057183, 49.639595346478984, 37.60020364931859, 54.38841793965557, 36.587189683116634, 38.26713092506189, 32.89035844463809, 32.72157636081621, 29.17185327701456, 21.145824693260845, 21.993978816297908], [45.310480888189396, 23.17666799518385, 21.46654704352035, 52.40763437733681, 34.88580454459668, 54.81188975276875, 24.004715314892508, 60.65128669463736, 0.0, 17.993032228094787, 53.76612521660178, 58.49157738765403, 78.00441025991007, 30.662142303596553, 81.87980823863246, 45.70567951058097, 44.66662000998751, 89.0841303197005, 71.79124803150665, 78.57085127135561, 29.374793498761935, 69.55733136511924, 69.34874341312472, 83.60260132756429, 12.930012416373309, 68.3267555515931, 20.247606468806843, 37.81497980668475, 97.85628101508082, 12.69997070623034, 56.224573579172514, 39.07771435484192, 83.79618844989743, 41.867407302074675, 101.850857794443, 56.24838848859654, 24.405047998206346, 17.664279207516927, 66.66596776801498, 11.583842022048234, 73.86832075221771, 45.015054639398144, 67.30317462616927, 82.60356355323299, 21.861256750385735, 33.00841012098039, 48.26954637681918, 66.15709158577936, 1.198594420155997, 27.689151930625204, 56.73723229265323, 37.56783708205159, 29.794904156779683, 29.025840584715123, 60.68403617642061, 30.69236015100807, 35.06831056415133, 63.64668913612014, 39.62060463273616, 100.16463266771649, 41.16630479438387, 54.54963170014231, 36.456104939175354, 69.72903534682833, 42.97208701428017, 46.287108848620186, 86.41881214707476, 7.156574838449181, 17.69774291532671, 16.196342369582762, 21.169688443983585, 71.92643780705717, 96.58100279066973, 99.92818180656695, 44.19843357200303, 60.5716384011744, 49.8897504779077, 58.43151362313214, 49.92687285543856, 52.47451991517342, 102.64610623393953, 71.56458153725052, 29.568892341186842, 39.42492789165938, 67.98433413921418, 14.049034541931642, 41.911823472130116, 70.1028738713834, 31.54920400565104, 71.98649427156325, 63.54445656045821, 81.63874110957579, 43.93098920576132], [41.02776513939432, 40.80295567874911, 18.527399022635482, 69.50526655652466, 28.5645206657295, 62.0480238570313, 35.69026023915487, 71.18017835878787, 17.993032228094787, 0.0, 68.4638067896814, 62.04948679651787, 93.05113127130167, 44.90133038940026, 82.74110073570539, 63.59538780501258, 48.44826760643648, 103.42042606706264, 82.42188265205786, 86.53773588602289, 43.05657537572574, 78.23048640443115, 68.27406740703852, 87.26010739772472, 6.412644260206341, 71.84041837303369, 37.945545446143534, 45.22611879054273, 112.77726225433432, 29.428053584868497, 73.00397166996116, 56.14554261770712, 84.0065767350668, 38.5043344089851, 115.64883617134097, 64.65885744027813, 41.06600756272519, 33.39934353627306, 84.58522515856231, 20.29171265156585, 85.54301603160441, 54.11702316771331, 85.29329915930963, 96.48843465389604, 39.023840881602005, 50.400025463967346, 64.93587506269837, 72.77142927509469, 17.059041447731396, 15.130095354441293, 68.47317689414781, 55.251519551863005, 21.879169315084447, 38.47217044246386, 61.07895412403764, 22.15898046707343, 50.50277611328725, 81.60646478525695, 40.28531212068829, 114.30815829689392, 48.55439000623334, 71.71170974879564, 38.37892452167664, 84.90390591645259, 49.96467610351182, 60.796791166833074, 98.5946468614544, 24.328528615034934, 25.267313754263938, 33.98841250409678, 18.651318454522848, 72.0099133221983, 112.18218717494914, 114.53866283138447, 62.0790202343323, 78.564667874739, 67.88268894791499, 61.94551025652866, 59.20886569564338, 60.73811059801866, 115.77887148847464, 76.21336537826983, 20.337040934016713, 35.618569357284656, 69.04227837512468, 32.02815272039492, 58.76042658248068, 86.43032421419032, 46.697146721337916, 87.49062530153216, 66.68723200314174, 91.24745571298178, 58.081131161237785], [60.50928615322359, 45.04831180854159, 55.916035948228185, 17.967711918498168, 61.40065641126702, 31.96575365195587, 33.279942418760356, 21.34930618336513, 53.76612521660178, 68.4638067896814, 0.0, 44.70870124311955, 24.598744516373674, 23.570728536906696, 65.64766811987684, 29.434153525209176, 41.3135872843937, 35.31827021404416, 27.26701339511554, 40.953759777929896, 25.438460985513633, 32.68665791516861, 63.43208758238667, 58.258308053196274, 65.6643289135538, 49.2105133385871, 36.69536979793413, 32.885118855739464, 44.32692638527194, 51.71836997671512, 58.884838604073565, 49.89657874610944, 68.93157833031302, 57.54622542162527, 48.20569388545814, 28.152200663588403, 50.70076172939812, 54.035663163664225, 48.79133687085414, 48.24046296612098, 25.455663012329325, 25.86405632946766, 42.63592031018429, 29.031359281815384, 48.34669392253635, 46.31856425275649, 55.986682077935775, 38.03373999762706, 54.027457271712954, 68.16740688431777, 15.126865691993219, 26.812190320440834, 62.67700869737228, 32.99565017577848, 54.79166387877471, 63.79221889568722, 18.80295682262864, 45.27621379441604, 48.61342099604903, 46.41059933461418, 31.928842214946478, 54.61840393950147, 45.94019330366073, 16.56754391325581, 32.652391311869025, 7.673115656074866, 35.27328333101906, 52.131531625973224, 44.344290887137525, 40.18860729283657, 55.46980219311759, 61.59262008450614, 43.976939355027476, 46.22043748112376, 40.81770688696018, 39.990127327045435, 35.82157682856997, 44.82004587621518, 24.501160023941246, 28.118900311498923, 49.4992888354555, 47.38255090113023, 64.46846029875644, 57.8642375574933, 56.48709656213668, 43.38333126536044, 17.709722494596814, 21.21399841978583, 22.217419329757423, 19.52978973008013, 48.01743353788068, 38.00471375854929, 10.54099291995971], [28.207453310775584, 67.44161951798345, 43.533471942945276, 60.725255936109775, 37.78924414868303, 12.846113431140497, 37.528201495482264, 27.20864079481793, 58.49157738765403, 62.04948679651787, 44.70870124311955, 0.0, 60.757974360395266, 40.228196032915825, 24.632596613678892, 67.61205190913684, 13.923228843607488, 64.77507948358425, 33.80630650737733, 28.926898705025355, 38.90833755906258, 24.410639549607236, 18.724242978717804, 25.3562553698559, 63.6239416323436, 9.906127778471033, 55.97735046882514, 22.099131370233497, 75.41799559437726, 65.88117535796664, 94.77373212044112, 80.41234010928335, 27.281510193696644, 27.84245719274422, 72.34014519010987, 17.263543524210252, 72.67017421036665, 70.77727934296297, 90.9493781523167, 47.094112770662804, 39.84154006695154, 21.003027434203222, 86.01571204860952, 57.21002237542078, 69.29993448545892, 74.48295998423696, 89.20838493893139, 14.73858285441707, 57.817043309103845, 51.98426659661067, 31.10308143975505, 60.30351558090041, 43.43633692044327, 31.27664775087229, 10.73020853667543, 43.968806899647255, 44.46651693197976, 87.25189821120604, 22.135828802548275, 72.77775078957124, 19.463601834858608, 91.0533368291464, 23.670697324985554, 55.98273334028392, 17.524212771534124, 41.44004623577451, 51.53973173480129, 62.35398152810922, 40.8226192676413, 56.42063277000259, 43.39842308475705, 17.40053864659816, 78.8656802877129, 75.26016271159105, 76.1696838295855, 82.04776754703624, 74.81190554934959, 0.17126107943616414, 20.372833292262793, 16.589888041559483, 69.65277322913833, 14.351493027912744, 45.70354472783295, 30.245570579455133, 12.25974621898102, 58.64526933827676, 54.076991994664795, 64.46915994090556, 43.31292313123683, 59.639788616442445, 5.110461906369176, 37.098968227554984, 39.319994882333134], [81.99154138036168, 66.356668864979, 80.22199784564238, 30.999180032303652, 84.63850042021116, 48.4255989376099, 57.821334183915845, 33.55060225889455, 78.00441025991007, 93.05113127130167, 24.598744516373674, 60.757974360395266, 0.0, 48.14995071812787, 76.14717381640038, 44.33636927403603, 61.769417835414735, 12.39895638713646, 30.061415001769, 44.14440498059903, 50.03711692248189, 39.99546308016061, 78.61847582986279, 65.33332181067414, 90.13083840438995, 61.7133157488725, 59.79322546151597, 55.27907621337712, 19.85243242701686, 74.67556085810466, 70.64393032541459, 66.85379886128452, 79.55143648536196, 79.45437543699997, 25.81283305419479, 43.70833153339849, 71.57750190588314, 76.22720120132794, 53.56567011559738, 72.83885631939877, 24.039277193640494, 46.67576996170748, 45.5262848512471, 10.313932147371753, 69.79293889140875, 65.05567066643007, 70.34028867023453, 49.17543545356993, 78.3369205483256, 92.4526424657409, 30.690328236527566, 46.18532217243727, 86.54518131674189, 57.04551556997365, 71.48448931507548, 87.62734609424881, 42.94767631962994, 51.02734124470052, 70.47299216944309, 23.240092406792044, 53.50710715230784, 66.37868351198958, 68.33980470236453, 8.294581541925973, 53.66428124057404, 32.271847885507725, 22.953495602804168, 75.77592469871259, 68.86200032757324, 63.58917593165784, 79.78651807292812, 75.37334079144185, 19.67450723948576, 22.117824998871836, 55.72167693543064, 46.64129503960011, 48.13888019669213, 60.90792540289329, 43.37637658202077, 45.62457541458709, 28.945288305568283, 57.75220858048359, 88.43991758753477, 80.2230812929359, 70.7348186991259, 66.71210836970857, 38.08938788808902, 13.977899106316853, 46.57895598396861, 7.021221627896161, 62.46796357833884, 36.35543070851936, 35.08288128475214], [44.260861798808676, 28.635582242034026, 33.51344267010744, 28.26045453906979, 41.48863609379873, 31.091805820750306, 10.544823551764992, 31.727110734709314, 30.662142303596553, 44.90133038940026, 23.570728536906696, 40.228196032915825, 48.14995071812787, 0.0, 64.7245424436571, 29.578395026165946, 29.976885560706616, 58.71963164648237, 42.352273934110364, 51.5780453604753, 2.3871340919199735, 42.217252339035575, 56.93877570950684, 62.02914835448539, 42.17032881019934, 48.521776558338075, 17.48894871236006, 19.342178097398588, 67.8968520586862, 31.202763878689414, 54.725484567051154, 40.239709857566865, 67.48863520298778, 40.70527686374387, 71.2927099743495, 30.459108138146807, 34.320479396163044, 34.85422230378116, 54.007042553599966, 24.728169486757075, 43.66964451526577, 20.19830637308736, 50.947886685677574, 52.043491858917044, 31.178281600322236, 34.48259536158603, 48.98252540284556, 41.85164897758976, 30.797669709939573, 45.64558023428839, 26.856460732741606, 21.06238314724099, 41.27163860614, 13.265036973238372, 47.350846410165, 42.43573331684394, 6.865896355879576, 50.32961163111791, 32.84917071066478, 69.72547036993171, 21.046536736806743, 51.15390634662806, 29.291063658111153, 40.01424997512174, 22.87552425626089, 15.917399605370385, 55.912373947133716, 30.207345485756157, 21.392488743931917, 19.613038231208108, 33.04339926523834, 57.20296139210472, 67.35032402493813, 69.73957639509018, 36.3927361078185, 45.553615129082985, 36.53845490320017, 40.2547639049641, 23.738578381153335, 27.489637048928188, 71.98610615422179, 49.60814679722049, 42.77279685827607, 40.06352056991493, 52.227527757856706, 22.66784830985143, 17.960330976677973, 42.37715508288005, 3.5749993996130955, 42.685318546148345, 45.052331014700854, 52.821182654013185, 13.338014917698478], [43.12585515851506, 92.06137577346264, 64.50826994714166, 82.92058288842959, 55.33599290939535, 34.86700508715578, 62.03611133283991, 45.02393256494445, 81.87980823863246, 82.74110073570539, 65.64766811987684, 24.632596613678892, 76.14717381640038, 64.7245424436571, 0.0, 91.15360830919037, 37.52193081356436, 76.54939858828203, 46.1458443919947, 33.6143778366327, 63.48861079419158, 36.17314953032333, 15.825000281528737, 13.504933846564832, 85.35692091822632, 16.697214684776625, 80.60378655405145, 46.68133429135625, 86.53068068334811, 90.10692151759726, 118.99459247139578, 104.9573302277926, 3.406829651853316, 44.738199191607144, 80.38068728132474, 37.75133509406057, 97.2525290953102, 95.10693119257053, 113.70834678750397, 70.31230319343506, 52.37554474568032, 44.95455000446547, 108.12904496708691, 69.8134293349305, 93.87410840773087, 99.0808148966156, 113.64771138019498, 27.9013985997775, 81.09631369718491, 70.39159483683842, 50.69032790089529, 84.33237805417671, 61.895606223265325, 55.76786019705026, 21.68183327000433, 62.07410329036091, 68.55857621963014, 110.05986080165684, 42.89405960053944, 81.86710214251471, 44.09556390525183, 115.17739761672041, 45.611677071049876, 73.42174403229008, 42.152732208847645, 63.95983738124494, 60.291998699108106, 86.29629875659901, 64.22843762973763, 80.96882142190779, 64.48810220179577, 10.93252920847468, 91.58916841489592, 85.35828931737446, 100.28133819265123, 104.78332234255204, 98.32147414555413, 24.629753967309096, 43.0656538967776, 38.930820006596825, 76.12501445953266, 18.648984481668666, 63.97559159812354, 47.62559624400832, 13.921245683182116, 83.10956606764402, 77.49679631573781, 83.10370240641852, 67.70009480364796, 76.93299154523334, 19.681323152924612, 43.178608004411075, 62.29051830077168], [73.59686299445127, 25.91132997846352, 58.809544886682076, 13.49838002599115, 69.31023028668517, 56.28926495616032, 38.38733035815648, 49.74734624610638, 45.70567951058097, 63.59538780501258, 29.434153525209176, 67.61205190913684, 44.33636927403603, 29.578395026165946, 91.15360830919037, 0.0, 59.13849729827185, 56.730403345824804, 56.700422386454704, 70.10454871900674, 31.743791904846645, 61.41425475473703, 85.44640404920557, 85.78912821194228, 58.54769917815061, 74.47071773999821, 25.72908223470834, 48.55768253421771, 62.32574591298396, 37.030141775966484, 29.470348484117554, 22.520869055201373, 94.20893200335126, 69.96363347794961, 70.09718936419452, 53.81969654326556, 29.81336058237003, 36.41227604417116, 24.45193002945762, 46.97598652462782, 54.556472162529325, 46.609050281120936, 22.387155676534146, 52.99367790057473, 29.160897149491085, 21.43539988176037, 26.897045624192433, 65.0152811907564, 46.563135854118116, 69.75751193265826, 43.35039467267751, 9.114940975082924, 67.61908673552895, 42.67578904609332, 75.97156311590467, 68.78174070659948, 23.631628178308777, 20.799353365739112, 62.385659878492504, 67.3193317520593, 49.66706168784706, 25.232833869963454, 58.77619729193228, 37.12057144850831, 51.27577520684968, 27.78391558518139, 62.565675592910615, 40.47401252818662, 46.84351391588239, 29.612288359517816, 58.33326307486542, 84.995108932002, 58.54804550052223, 65.38348240502313, 11.714799455799524, 16.273722061702255, 7.199960418469913, 67.67392387968117, 48.09305554158219, 52.23207565795794, 73.17337568227501, 74.01207566715556, 68.62666024599648, 69.05194160134172, 79.8695329626016, 31.702332202984472, 13.664363923611827, 31.655182003594078, 26.007159868380903, 37.31600538396821, 71.96353594045236, 67.416893011575, 28.975103090518417], [20.389945780785943, 55.207047397946816, 30.025625946472957, 54.652744014006025, 26.45302156543207, 15.977402749474216, 24.9403405250659, 29.95697395292175, 44.66662000998751, 48.44826760643648, 41.3135872843937, 13.923228843607488, 61.769417835414735, 29.976885560706616, 37.52193081356436, 59.13849729827185, 0.0, 68.20502542324121, 39.659013197799354, 39.40696783371816, 28.17337785067605, 32.42835501242723, 27.248362523084506, 39.261777626334606, 49.774462452763984, 23.82745035553074, 43.91289537853847, 10.638997023693895, 78.80073455564431, 52.595493348178714, 84.49169664872191, 69.18817668387796, 39.73980125924512, 18.36849740756419, 77.70708541239344, 20.20605421382458, 60.15531991015169, 57.630070567454965, 83.31616574487592, 33.21181016157628, 44.74024719358449, 15.510164442388964, 79.3538801037308, 60.5183206230333, 56.75807532820047, 62.99060489435202, 78.34338983196272, 24.986140768965292, 43.96276894184752, 39.45790583241022, 31.134375059565286, 50.96916719167142, 31.180553567073996, 18.737394148899437, 17.687348068276226, 31.89392289082984, 35.509129173260675, 79.60558631084419, 10.11000269056706, 77.51971572641301, 9.777381308222612, 81.03399589626248, 10.322207137998326, 55.52570787053534, 8.689034524550797, 35.99738180362904, 57.65546146982291, 48.799674555236116, 26.972323567384805, 43.82531054007748, 29.84909269583487, 28.364161180085006, 81.03676492134139, 79.2914598575641, 66.34502331378695, 74.59951585805287, 66.24672629268588, 13.847505431743384, 18.42153264627179, 16.961213248397456, 75.98906052875151, 27.79348764415698, 33.457687437543406, 19.90276976047104, 23.848138664933554, 45.78074340526962, 46.25058983340037, 62.399277850800885, 33.42744804078727, 59.0916230466497, 18.90716554525852, 45.92300399525825, 33.25663979077956], [88.59310245030436, 78.50211002264022, 89.53469214029069, 43.39553614707602, 92.6342773502925, 53.431703254937624, 67.81907018444711, 38.44026629580143, 89.0841303197005, 103.42042606706264, 35.31827021404416, 64.77507948358425, 12.39895638713646, 58.71963164648237, 76.54939858828203, 56.730403345824804, 68.20502542324121, 0.0, 31.37512315495149, 43.08852297334141, 60.413532966528045, 41.56015333108568, 81.44078206812277, 64.48411371639153, 100.88920150879889, 63.83438026736319, 71.49266373039751, 63.172080555465485, 10.669781879984034, 86.46639957412822, 82.6605358934131, 79.2495785965542, 79.88976775348442, 86.41545827767257, 13.441309442545172, 48.69680822179098, 83.79867299916492, 88.23443449897832, 64.71640796600371, 83.12973016332528, 25.084813254929614, 53.99981178213808, 56.54844657757829, 7.691399934561316, 81.92719527477011, 77.42877405579954, 82.61271552709171, 51.52345807149055, 89.33811982166657, 101.64958319696926, 37.49035681106613, 58.45026299893445, 95.19221653085025, 66.26686532857391, 75.38938503970476, 96.22518189191639, 54.08159331069658, 62.43002910280995, 77.57972299548831, 11.142820796412021, 60.9393769832282, 78.42907914265821, 75.88991636146709, 20.224027317691725, 60.75052098786221, 42.84756229240119, 17.208688255915245, 87.28084441818326, 78.7014547871006, 75.18452026780062, 89.12092688964383, 77.54012755828899, 15.102173750198478, 11.299542576752055, 68.08192019951935, 58.307560937607334, 60.404892144008315, 64.93779701656109, 49.955319605116955, 51.36281052477033, 16.766557238281923, 59.03610337593494, 97.20038119666647, 87.51880656074695, 73.33289696563472, 78.34568259104373, 50.16090122990155, 25.868346080644248, 57.53499160196852, 19.419488792241612, 65.55616573787069, 33.91737362713113, 45.40313828372065], [59.57192018007043, 69.42309022542531, 65.83516883383824, 44.746107559127594, 65.7576359430957, 23.79538768311522, 47.92203711508395, 11.260896211417261, 71.79124803150665, 82.42188265205786, 27.26701339511554, 33.80630650737733, 30.061415001769, 42.352273934110364, 46.1458443919947, 56.700422386454704, 39.659013197799354, 31.37512315495149, 0.0, 14.838342552615556, 42.962345579921454, 10.240905311691991, 50.0657240851561, 35.391284386442635, 81.5103077955635, 32.50266153192961, 59.26568394425829, 37.7770713064771, 41.897452810390476, 73.53941735174689, 86.14958468810596, 76.58536738649495, 49.544515109587046, 57.96076719966505, 38.62924585221314, 19.470599577684105, 75.23070030490422, 76.96288325621933, 74.75645808480479, 62.923754842067154, 6.346025405863813, 28.445612860168733, 67.78829132888929, 24.095294155120644, 72.42728153519192, 72.41576708164617, 83.13034321000448, 20.14906099038844, 71.65539990322156, 77.14945502749005, 15.556415688581996, 53.37871186547077, 69.59132020757042, 44.020319557994064, 44.248259229320844, 70.47767615792506, 41.247320272842465, 71.43751868429689, 49.666522438925156, 38.97235748166227, 34.752917996969295, 81.87788569480547, 48.848020439410654, 28.413828644090852, 33.8720582689977, 30.66488728541385, 18.06872844547577, 72.39608258976574, 57.2475974892587, 61.87472644062904, 65.50166587235981, 46.2336426911778, 46.04374053374122, 41.52236508072659, 68.01840952010569, 66.25139509309295, 63.022917752142405, 33.97382399562438, 23.426110251711137, 23.02044975783178, 36.41155662180332, 27.97484148067189, 71.78867412366995, 59.55732793696263, 41.96138314524084, 64.98359417490967, 44.43223446679903, 38.6807425706391, 43.12487514327424, 31.64961738713673, 34.225519291744156, 10.919981026246873, 31.250883925765446], [57.04232806588937, 79.91686873337196, 68.68204214885051, 58.817653752494806, 65.64186485134974, 24.49077458998488, 54.70335612972459, 20.726701207259175, 78.57085127135561, 86.53773588602289, 40.953759777929896, 28.926898705025355, 44.14440498059903, 51.5780453604753, 33.6143778366327, 70.10454871900674, 39.40696783371816, 43.08852297334141, 14.838342552615556, 0.0, 51.59027768083941, 9.365758619720934, 41.030725140245096, 21.45592667393205, 86.69659278111872, 23.499454916315074, 69.04644069388594, 41.48642359719131, 52.933914501091465, 82.36231951056445, 99.54437590063769, 88.79782211373934, 36.9057806774079, 56.33796914448747, 47.01414088965726, 22.33019308147699, 85.69264987854586, 86.34875485512136, 89.23174224065956, 68.4405285897805, 20.18169807135337, 33.55828348040375, 82.42650745955204, 36.68120643828627, 82.6558341281341, 84.1044968029353, 95.96312316471068, 14.563189456372347, 78.22749707664842, 78.81735155235476, 26.959596313180064, 65.80023922902018, 70.58750808915586, 49.609960108795654, 37.6734074791931, 71.29384211478451, 52.08094595510814, 85.8448346187207, 49.32630281444424, 48.33011149517943, 38.09871000944929, 95.33315535619934, 49.63518292283966, 43.19134138554691, 36.59199710230532, 42.88205349695948, 26.68257923051693, 80.37494484455371, 62.289107636664845, 71.0654394552817, 68.43106753928694, 36.284557696705605, 58.18005987418675, 51.75094275671881, 81.07187469507156, 80.61261967992937, 76.71479507238627, 29.093200329122965, 28.72953554471608, 26.159989994298506, 43.16682073448662, 17.674921216183176, 72.86436755392351, 58.4951569981946, 33.033804643881105, 73.99399275998412, 57.18669846584969, 53.49525018182609, 53.155437451568275, 46.34448049260092, 27.122227165172088, 9.650939642199647, 42.71666595881979], [41.97588408731005, 29.198256939985953, 31.234560083431166, 30.647239056308592, 39.101503315529364, 30.3453257097459, 8.233458541970364, 32.12267168589341, 29.374793498761935, 43.05657537572574, 25.438460985513633, 38.90833755906258, 50.03711692248189, 2.3871340919199735, 63.48861079419158, 31.743791904846645, 28.17337785067605, 60.413532966528045, 42.962345579921454, 51.59027768083941, 0.0, 42.257313486509425, 55.27293514986179, 61.24976322818679, 40.55043611035689, 47.44923625966487, 17.825404478653596, 17.58447462803899, 69.72472885311562, 30.842142738140907, 56.35476631755196, 41.510481421817325, 66.18984452446485, 38.40180