instance_id,num_cities,city_coordinates,distance_matrix,best_route,total_distance
1571,21,"[[3.585245560863315, 19.479088605343186], [53.89864156550277, 80.5572766199519], [97.04360936992158, 24.44665708541962], [94.29020906128905, 15.68034834878257], [13.841608322229293, 17.307136343264283], [43.406990400662714, 43.98185339157654], [2.362739845270967, 18.933527244542837], [20.214456386605328, 54.418316944131476], [93.36507659360943, 16.877024650893723], [9.75427585438876, 37.69743762942724], [51.23787605388378, 82.7115349021556], [2.3719669359754003, 70.53152172036326], [51.97136373681492, 82.02473116660295], [95.71758747259156, 75.26197592790993], [23.199519631463662, 45.05516368804074], [64.68374774205094, 38.583697274566674], [23.0728003433586, 7.535850318921867], [92.75326871709095, 42.58087341512392], [5.4814337353833675, 10.24990175643733], [51.50679988210277, 24.338791676163176], [41.280737128870115, 94.3388975144933]]","[[0.0, 79.13269152927609, 93.5902906420882, 90.78447461515862, 10.483813891971012, 46.7563561909562, 1.3387148400814444, 38.69470673873834, 89.81753056665212, 19.234478831665264, 79.17774597438103, 51.06684807176969, 79.07701205494567, 107.70375547854297, 32.23127927886834, 64.01572495245804, 22.8561968001458, 92.11204489634872, 9.421964735935202, 48.16733418510973, 83.8149215502117], [79.13269152927609, 0.0, 70.78057552318555, 76.42312834913989, 74.86752404930577, 38.050444524334665, 80.33327861602949, 42.63648137570009, 74.91844889391733, 61.527967805952095, 3.4235218495380306, 52.49298962417558, 2.4223589072304215, 42.15286996396756, 46.934380896643084, 43.337049718488764, 79.26134736483858, 54.331291641784134, 85.36599424984013, 56.26934294989991, 18.685411069945822], [93.5902906420882, 70.78057552318555, 0.0, 9.188546246584211, 83.50775853037761, 57.0833670097827, 94.8412444803751, 82.46829174185757, 8.416111844565116, 88.28935910182706, 74.11451404157724, 105.29261431630445, 73.1214191691418, 50.83261711869801, 76.66589941878792, 35.31312149732014, 75.8792196423901, 18.634828274224724, 92.65624570853825, 45.536937240842406, 89.41153836484008], [90.78447461515862, 76.42312834913989, 9.188546246584211, 0.0, 80.46504707046182, 58.2243688583432, 91.98501383045921, 83.59334510124086, 1.5125819828324691, 87.35603140913274, 79.66607400979174, 107.04024689642203, 78.69219657039868, 59.59872275566719, 76.92051676778702, 37.43134974675316, 71.68160260942247, 26.944395232895523, 88.97464990141579, 43.650758777450164, 94.85342097894224], [10.483813891971012, 74.86752404930577, 83.50775853037761, 80.46504707046182, 0.0, 39.820250464446765, 11.59351408655155, 37.65438776612631, 79.52463141679512, 20.795929246926242, 75.34066757806099, 54.44619244997042, 75.11488086720203, 100.31171114636898, 29.283502618333735, 55.11456418994897, 13.442207285281343, 82.860195099043, 10.94061603092125, 38.31593443937717, 81.7728440181011], [46.7563561909562, 38.050444524334665, 57.0833670097827, 58.2243688583432, 39.820250464446765, 0.0, 48.083772173384524, 25.432526525632806, 56.83733031312817, 34.23447206843636, 39.51342809760643, 48.87492239498717, 38.994987370771035, 60.94952528042957, 20.235954879385606, 21.950865414099937, 41.73476279144904, 49.366161776836734, 50.75620562538817, 21.247512494199515, 50.40191311620218], [1.3387148400814444, 80.33327861602949, 94.8412444803751, 91.98501383045921, 11.59351408655155, 48.083772173384524, 0.0, 39.72221146280986, 91.02557056440614, 20.167278882042012, 80.35180894158493, 51.59799530084475, 80.2590529270539, 109.03220490568356, 33.41423771904076, 65.34552170944356, 23.639239521086175, 93.4325676123621, 9.226678882344395, 49.440423951251354, 84.85623358430752], [38.69470673873834, 42.63648137570009, 82.46829174185757, 83.59334510124086, 37.65438776612631, 25.432526525632806, 39.72221146280986, 0.0, 82.2214197378984, 19.723163585577907, 41.98760234012343, 24.04141838487528, 42.07867952624549, 78.32739574133478, 9.827473809318786, 47.204375366434824, 46.96951997880116, 73.49832898522155, 46.5608296385916, 43.40493752773461, 45.138020973306595], [89.81753056665212, 74.91844889391733, 8.416111844565116, 1.5125819828324691, 79.52463141679512, 56.83733031312817, 91.02557056440614, 82.2214197378984, 0.0, 86.16412012462234, 78.15934854729642, 105.63404309664536, 77.18589980253995, 58.43232703782458, 75.61225365907903, 35.96940729401243, 70.91023648488185, 25.71112891671986, 88.13315743742793, 42.51815255154508, 93.34409550161524], [19.234478831665264, 61.527967805952095, 88.28935910182706, 87.35603140913274, 20.795929246926242, 34.23447206843636, 20.167278882042012, 19.723163585577907, 86.16412012462234, 0.0, 61.21403465538107, 33.65376001366776, 61.2143076543665, 93.81250173589025, 15.326797218550638, 54.93662110119326, 32.97126694036079, 83.14253280539336, 27.77812818159306, 43.837503172392175, 64.8241678573888], [79.17774597438103, 3.4235218495380306, 74.11451404157724, 79.66607400979174, 75.34066757806099, 39.51342809760643, 80.35180894158493, 41.98760234012343, 78.15934854729642, 61.21403465538107, 0.0, 50.36099477798583, 1.004840062985538, 45.09923122185441, 46.948394263125614, 46.130873817233386, 80.27860887146377, 57.74078125005761, 85.6991265520887, 58.3733626901263, 15.308173532162833], [51.06684807176969, 52.49298962417558, 105.29261431630445, 107.04024689642203, 54.44619244997042, 48.87492239498717, 51.59799530084475, 24.04141838487528, 105.63404309664536, 33.65376001366776, 50.36099477798583, 0.0, 50.91359372880943, 93.46540574124543, 32.90640925221748, 70.02443512120496, 66.30972115066247, 94.60453716567858, 60.36176347036105, 67.43886207210342, 45.61451019277113], [79.07701205494567, 2.4223589072304215, 73.1214191691418, 78.69219657039868, 75.11488086720203, 38.994987370771035, 80.2590529270539, 42.07867952624549, 77.18589980253995, 61.2143076543665, 1.004840062985538, 50.91359372880943, 0.0, 44.265866641907024, 46.846215778594114, 45.2628780868564, 79.89818731451699, 56.73607043265487, 85.51572795922621, 57.68781010291328, 16.30730480839837], [107.70375547854297, 42.15286996396756, 50.83261711869801, 59.59872275566719, 100.31171114636898, 60.94952528042957, 109.03220490568356, 78.32739574133478, 58.43232703782458, 93.81250173589025, 45.09923122185441, 93.46540574124543, 44.265866641907024, 0.0, 78.5577600820259, 48.045762907806726, 99.31814127870094, 32.81526545885986, 111.21660500735548, 67.43711466031644, 57.68274969664134], [32.23127927886834, 46.934380896643084, 76.66589941878792, 76.92051676778702, 29.283502618333735, 20.235954879385606, 33.41423771904076, 9.827473809318786, 75.61225365907903, 15.326797218550638, 46.948394263125614, 32.90640925221748, 46.846215778594114, 78.5577600820259, 0.0, 41.985962647913205, 37.51952736200338, 69.59774510873933, 39.05556075577972, 35.07805844859044, 52.49587456234195], [64.01572495245804, 43.337049718488764, 35.31312149732014, 37.43134974675316, 55.11456418994897, 21.950865414099937, 65.34552170944356, 47.204375366434824, 35.96940729401243, 54.93662110119326, 46.130873817233386, 70.02443512120496, 45.2628780868564, 48.045762907806726, 41.985962647913205, 0.0, 51.91762459895371, 28.35269695931678, 65.63320769402661, 19.40487800557427, 60.46770426893159], [22.8561968001458, 79.26134736483858, 75.8792196423901, 71.68160260942247, 13.442207285281343, 41.73476279144904, 23.639239521086175, 46.96951997880116, 70.91023648488185, 32.97126694036079, 80.27860887146377, 66.30972115066247, 79.89818731451699, 99.31814127870094, 37.51952736200338, 51.91762459895371, 0.0, 77.99693145628261, 17.79950151947143, 33.027733316475015, 88.69215277814483], [92.11204489634872, 54.331291641784134, 18.634828274224724, 26.944395232895523, 82.860195099043, 49.366161776836734, 93.4325676123621, 73.49832898522155, 25.71112891671986, 83.14253280539336, 57.74078125005761, 94.60453716567858, 56.73607043265487, 32.81526545885986, 69.59774510873933, 28.35269695931678, 77.99693145628261, 0.0, 93.06806600262624, 45.100385115058344, 72.99530510088503], [9.421964735935202, 85.36599424984013, 92.65624570853825, 88.97464990141579, 10.94061603092125, 50.75620562538817, 9.226678882344395, 46.5608296385916, 88.13315743742793, 27.77812818159306, 85.6991265520887, 60.36176347036105, 85.51572795922621, 111.21660500735548, 39.05556075577972, 65.63320769402661, 17.79950151947143, 93.06806600262624, 0.0, 48.13347222162284, 91.39228266684921], [48.16733418510973, 56.26934294989991, 45.536937240842406, 43.650758777450164, 38.31593443937717, 21.247512494199515, 49.440423951251354, 43.40493752773461, 42.51815255154508, 43.837503172392175, 58.3733626901263, 67.43886207210342, 57.68781010291328, 67.43711466031644, 35.07805844859044, 19.40487800557427, 33.027733316475015, 45.100385115058344, 48.13347222162284, 0.0, 70.74310692081929], [83.8149215502117, 18.685411069945822, 89.41153836484008, 94.85342097894224, 81.7728440181011, 50.40191311620218, 84.85623358430752, 45.138020973306595, 93.34409550161524, 64.8241678573888, 15.308173532162833, 45.61451019277113, 16.30730480839837, 57.68274969664134, 52.49587456234195, 60.46770426893159, 88.69215277814483, 72.99530510088503, 91.39228266684921, 70.74310692081929, 0.0]]",Route_1,1119.0405577041638
