instance_id,num_cities,city_coordinates,distance_matrix,best_route,total_distance
2644,100,"[[51.45650454397062, 2.3939647863923996], [91.50291931770585, 14.481163521544415], [65.72429405767393, 91.99484601149872], [66.4092408319617, 28.469300676233633], [30.934979769738824, 14.43040845915764], [23.75748933587225, 36.54690884568771], [2.479956275592543, 97.21198389680605], [46.5953444923369, 72.64753375363654], [16.50835289351531, 88.15462775052663], [28.174354225844, 46.25696639300709], [71.21998944659731, 98.50713127372096], [43.20184117559806, 53.31342404867117], [59.29620725656836, 19.689605923464715], [58.9036355862865, 47.919110669410884], [93.24670481359382, 14.01378759575531], [20.035223822693727, 73.39010737070943], [95.53570017035973, 60.97109415184705], [65.82786396723999, 48.43342978639027], [46.05814462880124, 99.72540743337372], [63.55854115933071, 24.89404367426945], [30.76567861771068, 82.41942469902817], [52.404329788351674, 77.57914792183264], [60.13720634016075, 21.870244729520227], [3.639244353667437, 67.4862306860352], [16.835168321504646, 19.045387036599482], [43.555914036498564, 46.02367077223991], [86.77147980398993, 16.433948638713602], [97.50018599749501, 64.31160406761293], [55.84123674776139, 21.1341456531124], [69.88948714689695, 17.458577824751444], [5.534986104141337, 64.53983830008976], [93.32221687803366, 28.736569668320588], [34.57352246006506, 23.076439065913966], [29.714749614659887, 16.27804761211874], [8.470445174971875, 70.28863786496522], [15.387059182612662, 18.081582838496157], [44.654242267889934, 19.906571476190305], [80.91300473786845, 98.63300804862531], [11.162900902982953, 91.38284424374194], [34.409302820098645, 19.315168608768406], [19.747940133521613, 73.24365945676085], [82.23936569282621, 30.131896848969763], [78.70924480916732, 54.67572977162073], [7.360000542619794, 39.291517798147204], [31.81416279430971, 86.52569844504285], [5.728384773229034, 90.29502690007392], [73.27199664700179, 11.911216928802414], [46.800385212663265, 28.663975472381264], [9.19647530935206, 21.72109323184097], [76.03728034984655, 0.9029488591863921], [96.33264336204174, 88.44924222368684], [92.62859187560234, 77.15174280582622], [46.63768557319313, 57.60333057734973], [4.254951691871245, 37.809634362349186], [68.89291883291789, 79.20888407405829], [16.82868529279332, 31.143445176198593], [71.6579183004031, 30.11643003768192], [78.20065796246361, 49.242563804232944], [68.78542721576902, 1.5193319420381046], [41.43314283559148, 23.306811801357863], [13.437368986875642, 41.11219178512059], [88.39310099075341, 99.98466585711537], [48.69642468208255, 78.69583062682672], [59.93015448794352, 58.95000896000764], [95.96031753897229, 47.74535406053073], [71.93787326525889, 10.941831200962493], [65.25548617679961, 30.335422636121876], [99.3089897703139, 92.08966398487422], [17.199194430257492, 44.708457252060995], [95.24125191774574, 95.61283229749523], [13.022627135192133, 29.894359550012727], [10.793131019700619, 90.81923580424925], [93.4951661543598, 39.614397143660916], [24.49871733936211, 25.547291326878707], [90.9782088528893, 80.77169641318355], [57.26302938359347, 81.80502988456955], [75.73034459727548, 68.04440488419242], [17.309795258502003, 87.10191908959321], [55.18282155770884, 30.363093895865546], [6.879158726633994, 28.95641493049449], [94.5937689253877, 28.878119873714947], [55.853735909669325, 25.876009015535473], [75.81145968571028, 68.12204779607913], [46.02910413389639, 21.706251212400428], [92.5048732749728, 35.84395610084903], [92.00018500915405, 63.31101110997345], [58.63235859479744, 43.80926460895449], [63.794202781355935, 45.43123892364365], [5.09391385039788, 71.58281407652709], [45.265862585229655, 24.464001413464132], [52.45459306703041, 97.02283531984757], [85.59847211712517, 85.7325210760127], [53.709089992667266, 44.471756159282606], [71.9114387891551, 13.893634168401036], [17.127360514679268, 59.649939109357305], [9.738920932884454, 77.32357393160038], [92.21855712611598, 57.644961270440895], [30.085122729003167, 61.94166398860806], [58.50291058616127, 40.87894739629018], [53.40321734880797, 77.1139065961406]]","[[0.0, 41.83079857584719, 90.72975109589441, 30.05840089336503, 23.7909427166529, 43.97339003779239, 106.72000294371966, 70.42155088950348, 92.60812391918456, 49.65905187755528, 98.12408525799, 51.58421075181842, 18.98947447836039, 46.13023594597733, 43.375582079047724, 77.6385802550379, 73.30931435886363, 48.23036708505153, 97.4810341426286, 25.548245344841337, 82.65702941516628, 75.19115729794012, 21.323228275696483, 80.76814627102044, 38.41753225786016, 44.33926673703858, 38.00353436444058, 77.16096588271152, 19.24630498086161, 23.805827304155642, 77.27156948451383, 49.46383225351535, 26.69831130181359, 25.79673745491543, 80.35849633063927, 39.33327152455894, 18.78728732798178, 100.64610698731988, 97.68620763163908, 24.019455143961444, 77.62159681336135, 41.43642619263733, 58.958415870280305, 57.497226745264896, 86.39427178824165, 99.08409387222848, 23.8011298899784, 26.67944730816857, 46.46986082244795, 24.62595516348387, 97.05348324521128, 85.34556901003386, 55.41926639096601, 59.01064516816336, 78.76903178550837, 45.006871572861584, 34.302072785292935, 53.94479559703883, 17.350981055190857, 23.190837634901225, 54.26376111581105, 104.34681160700454, 76.35176993086432, 57.187313942350094, 63.54004941915381, 22.193523490845273, 31.16307046603978, 101.6620814121073, 54.44336110908506, 102.98961774197363, 47.25922814464885, 97.32696697707031, 56.148104641695696, 35.53588075254843, 87.77832264541684, 79.62306820727323, 69.99428259485381, 91.33145831124928, 28.216265196323434, 51.89126629574892, 50.61851488340633, 23.890208137706043, 70.09525473300187, 20.060435743309462, 52.95158632575176, 73.17565550408288, 42.03236777474568, 44.7708137402225, 83.28617341379497, 22.92183597754796, 94.63413400637893, 90.06102883159035, 42.13804300183094, 23.465863096641637, 66.75879511686715, 85.76014872306133, 68.66015979583737, 63.266613952057504, 39.12474568090578, 74.74529680720168], [41.83079857584719, 0.0, 81.68787237681371, 28.729091196978295, 60.567960813969506, 71.24844138739788, 121.52973540973944, 73.48480729152743, 105.12832313250054, 70.85343184857201, 86.4393457914052, 61.97530643197054, 32.62514634516051, 46.69913927756157, 1.8053332411708647, 92.61692698849305, 46.664515120334016, 42.56718045358977, 96.60128708575652, 29.821407474049384, 91.12968637973657, 74.22974699245539, 32.22431491417315, 102.61365661206294, 74.80711981573737, 57.39202975236454, 5.1185827712160465, 50.19003897830503, 36.27695928495721, 21.81754904051091, 99.48043255633772, 14.37102807813549, 57.57460367434932, 61.81429209889381, 100.04431995298563, 76.200965763978, 47.161781060433704, 84.81556005897885, 111.2132503651288, 57.29789393999707, 92.74593234346746, 18.186777599322074, 42.18152751456735, 87.72448038786706, 93.55833831173173, 114.477127220681, 18.411169623756592, 46.89849368844692, 82.62425374858348, 20.580425216725775, 74.12558870748192, 62.680687987090984, 62.22869507340278, 90.3129304507885, 68.56303617727586, 76.51060617421894, 25.26431523725505, 37.219687085955854, 26.155181614682952, 50.841661897776966, 82.48297894008664, 85.56003670917654, 77.17460368820737, 54.537305522233204, 33.56150728315008, 19.882602956099237, 30.664071460888973, 78.0000902568564, 80.21678638801568, 81.21774934704305, 79.97951533276952, 111.09262444891779, 25.212070120520547, 67.91187132864677, 66.29260948348147, 75.53060998539993, 55.837218220330826, 103.81904351774149, 39.64070147853748, 85.85286110507533, 14.725002665657161, 37.426017440969524, 55.88887520013775, 46.04421526654373, 21.386276406117897, 48.83237951070068, 44.05236969371515, 41.541306424899766, 103.57178535659511, 47.30245731099569, 91.31209868488394, 71.4955834307206, 48.24737486965381, 19.60028826424214, 87.01690660650186, 103.12380897745673, 43.16972982982945, 77.61858567634047, 42.25924241843204, 73.31062539064318], [90.72975109589441, 81.68787237681371, 0.0, 63.529237853341414, 85.00904870327479, 69.53910004092347, 63.45915843444755, 27.207263792532174, 49.36553596352243, 59.17728967576735, 8.521298442396594, 44.760622078917145, 72.5904128939269, 44.60035681392112, 82.69539627728474, 49.331809604240476, 43.02549376665794, 43.561539346805795, 21.130996504096338, 67.13574427915873, 36.246289283050096, 19.62737373028862, 70.34682120835062, 66.74747652099293, 87.8166850887545, 51.03710440103249, 78.43744794178667, 42.14343594315613, 71.5465839650785, 74.65255594202536, 66.15534929511526, 69.0163377028108, 75.63145765515577, 83.84343057655593, 61.23040653126452, 89.42599000150136, 75.10437009856467, 16.57595027012942, 54.564825383615926, 79.13889172571452, 49.65311790179443, 64.02946251687463, 39.51361009758833, 78.63861368485361, 34.34834169799558, 60.01998430422076, 80.4385197615659, 66.09775706645974, 90.18755247915084, 91.67383167005721, 30.81302246385997, 30.72716963617106, 39.33287374826765, 81.94215772328306, 13.172737211072167, 78.06198524318117, 62.16225752080284, 44.535573311841766, 90.52728418739157, 72.85675034852679, 72.95866661665653, 24.035640805575415, 21.605835917037446, 33.548968823394766, 53.59323328444, 81.29083451685028, 61.661205565680746, 33.584829559768394, 67.7546150144724, 29.73786519034132, 81.4489786010937, 54.94374151860969, 59.28686836565629, 78.19735097382123, 27.635471759862533, 13.244823614735978, 25.956592179899612, 48.66111823456308, 62.52675836240333, 86.2356871908778, 69.40581890223294, 66.85154092354117, 25.9164311787248, 72.9958016941077, 62.21030349525649, 38.89967647618723, 48.704679484735564, 46.6035916788295, 63.97416706603653, 70.56176294875713, 14.190336178750524, 20.837458269577482, 49.01845772589708, 78.34590002858297, 58.37683575092466, 57.87580002353578, 43.3804167483874, 46.61914073312963, 51.62347789991406, 19.31971244996463], [30.05840089336503, 28.729091196978295, 63.529237853341414, 0.0, 38.15119516598948, 43.409902780625984, 93.87496961519182, 48.41804174064388, 77.7974092435649, 42.169984650629836, 70.20285618858787, 33.99726260973204, 11.299481695921767, 20.847762922544103, 30.482967890041177, 64.56336676210695, 43.64306603256445, 19.972592475335727, 74.1053295442051, 4.572630671028695, 64.66126668567587, 51.06774549385844, 9.104172453012646, 73.90800555606157, 50.461855034861095, 28.817190270527636, 23.653128220618584, 47.44805142137957, 12.86418320519787, 11.547646172479157, 70.75845230883431, 26.914303118798642, 32.28925394930606, 38.66668251828608, 71.45460800457344, 52.06887460024097, 23.379484465574496, 71.64708647025986, 83.7273673285446, 33.283541979057354, 64.66854093821523, 15.917194449530282, 28.949387277986133, 60.03276740399595, 67.58228130450634, 86.62901774305124, 17.923938037267714, 19.609821951632984, 57.60936419070833, 29.199364675608546, 67.02986951362135, 55.29407328865175, 35.20946031437667, 62.8521876459201, 50.80033444572228, 49.65261862559972, 5.501059016323081, 23.886522956064358, 27.0545204449221, 25.50405384458526, 54.45972734382163, 74.81802967491313, 53.25831547126931, 31.161709473868278, 35.28218202744688, 18.378736702751556, 2.193982901821555, 71.62362813855515, 51.820255433103746, 73.07214723700221, 53.405629991620174, 83.55038049654375, 29.289256150315367, 42.01226152043543, 57.78559326889255, 54.11426054233024, 40.657986281597175, 76.4757445052205, 11.385031509839568, 59.532075016446065, 28.18749291769932, 10.869399514323922, 40.75220329656055, 21.472978598277486, 27.117661684454703, 43.230096111722325, 17.198674099705993, 17.162335887491153, 74.95561593752247, 21.519406726690296, 69.95941184984676, 60.39290527760004, 20.429694388996502, 15.579609639130762, 58.31754402153899, 74.82155553564623, 38.95304838751489, 49.394743259513646, 14.714258040155093, 50.35329514487998], [23.7909427166529, 60.567960813969506, 85.00904870327479, 38.15119516598948, 0.0, 23.25200976852605, 87.53557901785702, 60.28665441702541, 75.12248713366483, 31.946061467891155, 93.2297019404304, 40.772107991676265, 28.844728851703028, 43.631856296879306, 62.31311780744732, 59.95874227705236, 79.61964896321072, 48.72082539325934, 86.62532519630678, 34.26053735211108, 67.98922703006305, 66.69854785485603, 30.13504936780524, 59.6655465413182, 14.83585892848819, 34.0209083557317, 55.87243425273343, 83.18088936452105, 25.792668125281462, 39.07202905793079, 56.179307909547006, 64.00651218859811, 9.380449784647515, 2.2142113880383643, 60.206287934993206, 15.970876899278874, 14.771815219609666, 97.91772442892659, 79.45195073686854, 5.994314170736046, 59.8677571713637, 53.65330141380391, 62.466521334239154, 34.261558679141956, 72.1006504890183, 79.94255914407472, 42.411900735905036, 21.31444392397569, 22.928511958452336, 47.08725603437984, 98.77065432198488, 87.97765373602172, 45.939919174649376, 35.47410466901547, 75.08033058607491, 21.870371285724946, 43.63953477678457, 58.702048471819744, 39.9919025390842, 13.747798516513695, 31.907427733400954, 103.05807417745014, 66.67468343954062, 53.12922910879189, 73.06285070010168, 41.15103214126418, 37.826797855575, 103.46963425260226, 33.24803810148422, 103.56583692434978, 23.664026712390054, 78.99966464629854, 67.43893687284597, 12.845643571550198, 89.47824230577326, 72.3360616061392, 69.86476452902242, 73.93777187794312, 29.013932801319942, 28.101377013648374, 65.27769758410363, 27.421637071070002, 69.9763573239894, 16.756207151099876, 65.1873592719389, 78.21938766341019, 40.376502850658845, 45.17499337481956, 62.7228678848476, 17.494204464451627, 85.34988418974793, 89.84480318437704, 37.6980459451932, 40.97997462675055, 47.28061232383775, 66.36884188653178, 74.98782853419782, 47.51885582560276, 38.20361267482528, 66.58860742348229], [43.97339003779239, 71.24844138739788, 69.53910004092347, 43.409902780625984, 23.25200976852605, 0.0, 64.28829398956793, 42.71794408550199, 52.114361069869936, 10.667422979732228, 78.04971543889145, 25.674868072084113, 39.33407089608695, 36.94020263310693, 73.05130129555103, 37.03075124953261, 75.8198679665808, 43.71733982869258, 66.99882021564473, 41.471833730338936, 46.404767295236454, 50.04284276009634, 39.22866654489948, 36.90508660204731, 18.820780904626307, 21.949638658504597, 66.14600640252857, 78.79634262892222, 35.59382133489333, 49.92520008173453, 33.40155271045903, 70.00180509158793, 17.27541978162712, 21.126184836238085, 37.04319095849698, 20.27393315325031, 26.71282671063625, 84.38860500745841, 56.263695832867626, 20.2581835833179, 36.915145810593344, 58.83266304654317, 57.864925280875994, 16.625598245680084, 50.6240002077325, 56.691346832818844, 55.3046449268738, 24.353966595949434, 20.780470112495035, 63.27454805831595, 89.22446520995902, 79.94986745435187, 31.094634199487235, 19.543373564615305, 62.10677198397033, 8.786679981362456, 48.33013710601572, 55.90383050319446, 57.047754850273726, 22.084585039918878, 11.284799171223685, 90.56550838283607, 48.97430043926132, 42.54833250476583, 73.06609046442966, 54.56161101704664, 41.960294359563825, 93.77114090351608, 10.470057519354265, 92.72923824811915, 12.629080671172249, 55.79928368758056, 69.80510763904041, 11.024563688112446, 80.4640103883445, 56.31091132151503, 60.7722793773476, 50.96451529914461, 32.027973282529835, 18.506583748259274, 71.2501847743615, 33.823618187756374, 60.88189574018159, 26.763219998722423, 68.75097774600428, 73.30336065126414, 35.623002639577976, 41.010605268026055, 39.69689792976723, 24.66995686760228, 66.93923696506289, 79.01602117180487, 30.98227859354305, 53.21629169299489, 24.035569798730528, 43.119098733599905, 71.63829715381279, 26.171215736506113, 35.014437820189855, 50.24490517358164], [106.72000294371966, 121.52973540973944, 63.45915843444755, 93.87496961519182, 87.53557901785702, 64.28829398956793, 0.0, 50.49336281483267, 16.6982517656877, 57.06676699129139, 68.75223317884857, 59.877837858005336, 96.11350301687496, 74.92275313927061, 123.12815481403483, 29.591708633921378, 99.86377502034847, 79.9518902216342, 43.650610511445386, 94.65980144406804, 31.92024273145748, 53.64598138781409, 94.87220955453436, 29.748350421420344, 79.4738257389762, 65.63137745403768, 116.74824160943923, 100.5548559210757, 92.92611971595007, 104.42533520359596, 32.81466600692975, 113.759389349295, 80.78413209170677, 85.39341901315072, 27.58174249034723, 80.17614157030368, 88.06132629299641, 78.44592022996336, 10.45812585969648, 84.18667948540208, 29.54088426200148, 104.2175679476891, 87.2939708418476, 58.12568472830263, 31.220063562384276, 7.641765620515875, 110.85005108378117, 81.62799691356481, 75.78909025262517, 121.18626223645268, 94.26087478363844, 92.3536126698441, 59.319056588090234, 59.428862844089466, 68.80983359134447, 67.60871122189407, 96.37117711000919, 89.63643192346444, 116.41949628277447, 83.54235575823735, 57.159877259312886, 85.95787456714596, 49.7876479047309, 69.02538663928371, 105.76164432009874, 110.75622546253345, 91.72372430528203, 96.9644258932215, 54.52775698659535, 92.77507884690009, 68.1381718022272, 10.48694915125295, 107.70910095744988, 74.97102106764703, 90.0123533842948, 56.90834148955445, 78.84394114156396, 17.948190289415383, 85.12559017888066, 68.39719056452657, 114.6929442171918, 89.09310671813087, 78.8906444056105, 87.16446493493395, 108.95191836911664, 95.72432976209724, 77.49156543492278, 80.25386205376786, 25.762125686355542, 84.39729103551646, 49.97499474357452, 83.90748323214734, 73.52520495182424, 108.45588119367225, 40.316915303102256, 21.171712704453203, 98.07428695700447, 44.78884550138722, 79.44798556950657, 54.745878653231806], [70.42155088950348, 73.48480729152743, 27.207263792532174, 48.41804174064388, 60.28665441702541, 42.71794408550199, 50.49336281483267, 0.0, 33.84814659174038, 32.183768082903946, 35.70842929931445, 19.629662830633475, 54.45965511295062, 27.622254395430204, 74.92840321487304, 26.570499159082036, 50.31399065533979, 30.92268805083313, 27.08320192867133, 50.676876935376754, 18.60290768538437, 7.620047799933307, 52.552022824475465, 43.265061983996155, 61.309527957681574, 26.79679491185577, 69.09478272672214, 51.58285192188968, 52.336561572137505, 59.90357200143757, 41.853169014239825, 64.12155152404765, 51.00801538498409, 58.84278588988647, 38.19780540519063, 62.8601628318497, 52.77667079114369, 43.0458671542723, 40.08079238080758, 54.70686230796894, 26.854021796737626, 55.480407611610026, 36.80065667793606, 51.49792243649701, 20.275275277832623, 44.51451910373445, 66.33659587005965, 43.984036203804344, 63.183682706739994, 77.55071275439495, 52.187095046829356, 46.25308383053763, 15.044262759488287, 54.830539815828764, 23.24291589928067, 51.074880014989624, 49.366257597493195, 39.327960255745, 74.50919986299836, 49.61003092840176, 45.75947041533602, 49.943680680782556, 6.402845697811541, 19.11646785080886, 55.29031666904043, 66.70710226149434, 46.244087567008286, 56.18473837636688, 40.555217102528026, 53.79432355230434, 54.359555325886674, 40.14983493062532, 57.36533261668465, 52.02589516958782, 45.12029108689316, 14.05913355535101, 29.496390058844163, 32.658423865332004, 43.14763743745121, 59.04480735673324, 64.95852784236386, 47.679066034931246, 29.564529594507537, 50.94442948046011, 58.840361666873136, 46.35482927843909, 31.24956760923188, 32.195146073885994, 41.51508609311197, 48.201870408914274, 25.069625452004225, 41.13952913855805, 29.05993492921083, 63.97597476332289, 32.20713502074475, 37.1518681810174, 48.02660421204646, 19.677476212670406, 33.92688033732204, 8.142212180859287], [92.60812391918456, 105.12832313250054, 49.36553596352243, 77.7974092435649, 75.12248713366483, 52.114361069869936, 16.6982517656877, 33.84814659174038, 0.0, 43.49148898710276, 55.68247034313662, 43.89136352472859, 80.73573988497228, 58.44875387366904, 106.70350900633572, 15.17991701548863, 83.5719218190267, 63.32604314385482, 31.734415609362646, 78.83921431316953, 15.367624762718549, 37.42141005950657, 79.35424554202723, 24.347414479280207, 69.11001345955228, 50.06583765093384, 100.40300202432752, 84.42847154773611, 77.709849908885, 88.58598630305616, 26.0398360110543, 97.1126939513702, 67.53903311373537, 73.07976249789834, 19.590853863035232, 70.08201568754674, 73.82403588195048, 65.25147992853437, 6.244616778486387, 71.12886294046773, 15.258830261304434, 87.67669784439681, 70.63842838699495, 49.71212995793337, 15.392245690656052, 10.990405870293014, 95.05350570022621, 66.75885656977287, 66.83470702001459, 105.62456472553482, 79.82483414634493, 76.91134025484381, 42.90872226816442, 51.814710269035395, 53.14291183765423, 57.012082503355295, 80.06189454618125, 72.93894176145301, 101.18580423912609, 69.47290397726216, 47.1425680644804, 72.8516767865141, 33.549080590878674, 52.32936663485832, 89.1376692884436, 95.04865953629182, 75.62634120066825, 82.89408891693718, 43.4516627185961, 79.08536023705075, 58.364450951397195, 6.305862125585472, 91.01166630398458, 63.1151685258091, 74.83493249640726, 41.24634588506352, 62.54330791614615, 1.3230666609055264, 69.53830535562486, 59.97624347514038, 98.03589435987368, 73.66604045437933, 62.595229329700615, 72.71080730090308, 92.25983675754942, 79.47466265394624, 61.163249492481626, 63.72785538889903, 20.122485609755117, 69.88197369047587, 37.02400961679586, 69.13256233552572, 57.3767209866278, 92.6509422216749, 28.51140903156255, 12.772507032610607, 81.6264342824564, 29.52030061414465, 63.2339531324502, 38.51140800832041], [49.65905187755528, 70.85343184857201, 59.17728967576735, 42.169984650629836, 31.946061467891155, 10.667422979732228, 57.06676699129139, 32.183768082903946, 43.49148898710276, 0.0, 67.69790574028079, 16.601775768610082, 40.91936434482591, 30.774201151692317, 72.62254050889828, 28.327597551422446, 68.94966630202202, 37.716359696398854, 56.379997751543655, 41.33297898809967, 36.25518380643789, 39.60013600335761, 40.20368277625897, 32.4446186425887, 29.47960630746681, 15.383328932822467, 65.74979478290338, 71.63826416373134, 37.371279218277515, 50.69023080189469, 29.099903678891433, 67.4626438078065, 24.04758202505971, 30.01846746962585, 31.076764078989413, 30.941350212401105, 31.079414765252135, 74.32775388332753, 48.22586853500227, 27.65384334626575, 28.271647581500176, 56.41846623867897, 51.23134531801352, 21.948913261890315, 40.4328948690757, 49.428456559878576, 56.68710486702003, 25.62113111974517, 31.01884846266639, 65.93820291462183, 80.16071679910112, 71.47612161141377, 21.671054073250303, 25.367207887712063, 52.3815843834379, 18.89822021009682, 46.3825102647955, 50.115315597633824, 60.42114849671053, 26.504812226812092, 15.609210092106679, 80.7029314934831, 38.38535252659537, 34.19859909256588, 67.80230173185576, 56.235259156027865, 40.354750679029, 84.62134803105008, 11.08386273364354, 83.27046454294481, 22.300442518658674, 47.83202666856074, 65.65768955143709, 21.033329452701633, 71.66303610914562, 45.93273168921294, 52.30931748947665, 42.265219771594815, 31.338035844191044, 27.437099559840885, 68.65539276248498, 34.37341405826892, 52.41541377645881, 30.356707828062763, 65.16783305032409, 66.064946199842, 30.556198620948273, 35.62941813966749, 34.265219812710654, 27.695721341003843, 56.27347017984767, 69.68392019054843, 25.597064407077585, 54.40880295300064, 17.36109985673184, 36.124774112181555, 65.04879977724158, 15.800657421073215, 30.801695070726044, 39.85782599662215], [98.12408525799, 86.4393457914052, 8.521298442396594, 70.20285618858787, 93.2297019404304, 78.04971543889145, 68.75223317884857, 35.70842929931445, 55.68247034313662, 67.69790574028079, 0.0, 53.17412721690141, 79.71435807966805, 52.06573154268067, 87.31724523678868, 57.015306030209075, 44.72368355599068, 50.36318693080729, 25.191320557605337, 74.01070500801205, 43.535796391861126, 28.14266397397103, 77.4341039889596, 74.36029438206016, 96.2905891871788, 59.328026214481056, 83.53356307601962, 43.12751803266088, 78.88653204710454, 81.05947355207765, 73.94793206070707, 73.187702000841, 83.86151006000259, 92.11029873653337, 68.80253393994056, 97.90600054628757, 82.96858998228299, 9.693832596000224, 60.478172508939636, 87.32922535235, 57.33772640011142, 69.25748577226605, 44.466624602325034, 87.08953474502366, 41.187059943364076, 66.00446152296392, 86.62022347456153, 73.98907678321294, 98.70669655146048, 97.72298970281388, 27.05192264552896, 30.238731365219206, 47.72222307408616, 90.37976771821155, 19.438045236605927, 86.58106127899532, 68.39210332515111, 49.75668136928089, 97.0183503903182, 80.88475925520865, 81.44329503459657, 17.236556168595687, 29.996643195913155, 41.13667827056188, 56.46983141430402, 87.56824272537007, 68.43213541769047, 28.81277191783478, 76.24003948507789, 24.19499984028901, 89.97024743555316, 60.913947139335335, 62.96457441034588, 86.6372639941218, 26.55057219344884, 21.765957939263266, 30.79482103647507, 55.103429134339, 70.00571822394903, 94.74726719853679, 73.44748324936185, 74.23881510533852, 30.730032491032652, 80.82670277223359, 66.17945151127707, 40.87277091413129, 56.1275784987893, 53.59284146557889, 71.3973159879935, 78.4601923311358, 18.82400689972641, 19.233601576669454, 56.80187816827637, 84.61632227050113, 66.60250661697697, 65.02818532955357, 45.94188483256087, 55.037356928298216, 59.01467335971218, 27.840751248664215], [51.58421075181842, 61.97530643197054, 44.760622078917145, 33.99726260973204, 40.772107991676265, 25.674868072084113, 59.877837858005336, 19.629662830633475, 43.89136352472859, 16.601775768610082, 53.17412721690141, 0.0, 37.277201676966705, 16.602558975928776, 63.631358636107585, 30.655592846808513, 52.891140171985995, 23.14630102992257, 46.49979216210203, 34.957923495148144, 31.65149938035767, 25.952093398344157, 35.713864520006304, 42.024606069239304, 43.23771268297505, 7.298347102054451, 57.082476441744554, 55.40099470340467, 34.572536477506205, 44.6967610149809, 39.30425356012475, 55.82180426845996, 31.443968335823993, 39.414727533883486, 38.65782911987187, 44.888135764100205, 33.43841006585634, 58.95758264336496, 49.75715473960564, 35.11680657021373, 30.77823512668305, 45.4016687330288, 35.53352768414625, 38.48702891700391, 35.1103174223126, 52.64882604768251, 51.16988376448498, 24.91073732955045, 46.41594848904079, 61.84677821320503, 63.69778536026797, 54.87503189910784, 5.496210035040903, 41.919299792522, 36.477476901793246, 34.45361105057928, 36.71306111561284, 35.234770889142006, 57.76805217267776, 30.05869379029227, 32.16821215769285, 64.96502732719462, 25.97031019469204, 17.652409346565133, 53.051486610438616, 51.1967911173153, 31.848890196585177, 68.20270454329147, 27.38947044639115, 67.06221148001787, 38.19996782837597, 49.56823992652784, 52.12563549313844, 33.47782799940539, 55.10479134956835, 31.772450596843605, 35.708617044497444, 42.56830321851488, 25.889409901334222, 43.733295707861124, 56.905310191248695, 30.213940227361295, 35.81455788736401, 31.7333702990599, 52.30651283130965, 49.811947441816315, 18.122635417614376, 22.049358241171014, 42.2609126381892, 28.923163221961286, 44.678026492194654, 53.37107987721663, 13.732347533107626, 48.766390366081104, 26.833374086218274, 41.185608270012686, 49.2077296496936, 15.700153733908625, 19.71646354510568, 25.894614214537572], [18.98947447836039, 32.62514634516051, 72.5904128939269, 11.299481695921767, 28.844728851703028, 39.33407089608695, 96.11350301687496, 54.45965511295062, 80.73573988497228, 40.91936434482591, 79.71435807966805, 37.277201676966705, 0.0, 28.23223424948343, 34.42166756650168, 66.52194131172443, 54.931431048160434, 29.476600035434046, 81.12321385072363, 6.727084256989709, 68.91314263642104, 58.29834515505323, 2.337191703964066, 73.36357991720999, 42.465925698366576, 30.67963171410753, 27.667488247234346, 58.742375760719305, 3.744798558969024, 10.825666963845155, 70.0129434036124, 35.20819341802112, 24.953592572654706, 29.77753123299074, 71.71833883039986, 43.938582394319, 14.643572405009452, 81.84953678819663, 86.35239198410298, 24.889721085874243, 66.57403459520091, 25.20773609041706, 40.01118454803767, 55.51220151441316, 72.26566287925763, 88.62639040878717, 15.994562339683918, 15.384566206216705, 50.14090228413345, 25.163505557955986, 78.09984112361327, 66.43000104981532, 39.971098162786184, 57.94717633124398, 60.28798673572843, 43.985007165751185, 16.17190653695745, 35.08212616125318, 20.498881725455195, 18.225620671764094, 50.61581010362129, 85.40448392635489, 59.95072930640646, 39.265520952662236, 46.16689275152445, 15.373200124597686, 12.200263059811581, 82.72116519844101, 48.970413625994475, 84.00227698542653, 47.38545361002647, 86.0928141682963, 39.57986981864942, 35.287076711218795, 68.80967231242627, 62.14869030101078, 51.07119983577454, 79.4183779668129, 11.4386750720775, 53.22988564483548, 36.47391737088365, 7.079702832167709, 51.1708411943995, 13.41949639476083, 36.92937216329958, 54.519511656719665, 24.128792554752042, 26.131659596300235, 75.03861447885116, 14.820439396033072, 77.63527583252385, 71.08780330437519, 25.404150244226443, 13.882987978323209, 58.09509328565089, 76.01051832562645, 50.24430435828658, 51.36656373572991, 21.204186182432945, 57.7258836034482], [46.13023594597733, 46.69913927756157, 44.60035681392112, 20.847762922544103, 43.631856296879306, 36.94020263310693, 74.92275313927061, 27.622254395430204, 58.44875387366904, 30.774201151692317, 52.06573154268067, 16.602558975928776, 28.23223424948343, 0.0, 48.2598936662793, 46.470690827464125, 38.88781851065316, 6.943303451937868, 53.37507866349821, 23.490888787457774, 44.51984153731493, 30.363774232959177, 26.078058086429856, 58.62614710226967, 51.023992929130834, 15.46432181421521, 42.04678548285765, 41.93337028495394, 26.959462857604073, 32.38105921201998, 55.89688125934474, 39.403154916771804, 34.77229841603694, 43.048204790213475, 55.171572770916754, 52.763344179054776, 31.42845147305358, 55.283919161362824, 64.56217069090859, 37.658436492628525, 46.63154787986929, 29.34180081554906, 20.926396211049067, 52.26070868508182, 47.162571556530146, 67.9950408148987, 38.76877882015411, 22.74310667130812, 56.188414290279326, 50.0407958994367, 55.16903286160146, 44.63092491019256, 15.628104329989105, 55.575895517704105, 32.845634405436755, 45.295964444308666, 21.8999352790585, 19.34235251428198, 47.44037596560198, 30.182501097862172, 45.97298710314581, 59.83686661954445, 32.42520078241765, 11.078558487138546, 37.057089317722166, 39.207276732255686, 18.695777351483216, 59.863431466387645, 41.827846077739004, 59.95926486698727, 49.294610145589324, 64.45961050329323, 35.5744606956553, 41.03896563355914, 45.913730411355225, 33.92561141333453, 26.23291069195366, 57.14315382358539, 17.9459795494218, 55.372646877381946, 40.45176075580148, 22.25309458391157, 26.344509566912908, 29.203896333050572, 35.70507711889519, 36.50057784299455, 4.118789366641644, 5.486998570518883, 58.78313544064936, 27.131734235701813, 49.525406853059536, 46.286804858256325, 6.234385057300419, 36.427132679986386, 43.39204414113315, 57.286923697191995, 34.705563921632944, 32.04900442907911, 7.051558653086777, 29.70842826523443], [43.375582079047724, 1.8053332411708647, 82.69539627728474, 30.482967890041177, 62.31311780744732, 73.05130129555103, 123.12815481403483, 74.92840321487304, 106.70350900633572, 72.62254050889828, 87.31724523678868, 63.631358636107585, 34.42166756650168, 48.2598936662793, 0.0, 94.26276199485422, 47.01306349033289, 44.005733738787036, 97.84294551730449, 31.619092863274133, 92.64561415412656, 75.55563930698072, 34.02885257920038, 104.34940891121757, 76.57701941192917, 59.10843686839678, 6.912721490039408, 50.477345849583585, 38.07713933699563, 23.60987498593001, 101.22365039230255, 14.722975719199074, 59.368964780935904, 63.57229117171293, 101.75398258120926, 77.96583467082765, 48.94846594242918, 85.51334765759881, 112.79947602287425, 59.07575233536418, 94.3941000813492, 19.518067538005354, 43.18253448900057, 89.52926680541209, 95.03649001286891, 116.09601118251409, 20.085063349415886, 48.7020390670886, 84.40286511655722, 21.634656982483893, 74.49939544984007, 63.14098076299601, 63.81574203828009, 92.11826337386543, 69.59531231633207, 78.3143593238474, 26.932708677826334, 38.30731260468953, 27.46753581595101, 52.64034102980531, 84.28436150741187, 86.10777769225429, 78.53976158907983, 55.93975791955733, 33.84054181290391, 21.529124878796694, 32.40222355277084, 78.3108790196193, 82.00845432523028, 81.62341768381934, 81.78077527722866, 112.6839327761178, 25.601815214202503, 69.7087332410578, 66.79644050097129, 76.74944578635292, 56.7990359055273, 105.39586897994974, 41.426549759936144, 87.6506424890772, 14.925245585613517, 39.22940759763976, 56.84796913325342, 47.84010671435394, 21.84276930685481, 49.31298062208005, 45.67191056435875, 43.063977102669114, 105.28583648594298, 49.105683884648286, 92.4905313251294, 72.12539216802584, 49.90902558400403, 21.335604354685486, 88.75141070129045, 104.79350654767508, 43.64328589712102, 79.28724227110598, 43.918880318451315, 74.6265938604954], [77.6385802550379, 92.61692698849305, 49.331809604240476, 64.56336676210695, 59.95874227705236, 37.03075124953261, 29.591708633921378, 26.570499159082036, 15.17991701548863, 28.327597551422446, 57.015306030209075, 30.655592846808513, 66.52194131172443, 46.470690827464125, 94.26276199485422, 0.0, 76.51505615272562, 52.15171758873881, 37.02351194405399, 65.16246884545404, 14.023952065069938, 32.639042292244845, 65.28755814393914, 17.426528703576384, 54.43885545640461, 36.08524241614329, 87.73671910839496, 77.995125405167, 63.34631872982896, 74.92518647924318, 16.987764906452426, 85.8191224636567, 52.37200918004171, 57.92651024726219, 11.973438030317961, 55.50349827219666, 58.87770954262085, 65.90378019348464, 20.061323340542838, 55.952776062777346, 0.3224576089414382, 75.76693238704281, 61.5862701228319, 36.378222826820135, 17.64333177631599, 22.14637550213526, 81.32532170680292, 52.12293870089986, 52.79361222172675, 91.60031923713522, 77.76936267504989, 72.69076273098102, 30.93401514045896, 38.9228345322057, 49.20297271543172, 42.36817621659973, 67.36106987765191, 62.97873918206674, 86.84463536445251, 54.4628996030285, 32.94534144586951, 73.34895985636335, 29.148158329004843, 42.42784386338576, 80.13908676897688, 81.20142988723039, 62.43859387405271, 81.44939155748445, 28.821521754468968, 78.42063609156291, 44.05742378740728, 19.727919234728308, 80.85271627294443, 48.05057566124643, 71.3259769073409, 38.16700705837998, 55.951076961660014, 13.980047978194879, 55.55787536530565, 46.34042590097091, 86.83486441955814, 59.50256591635324, 56.02446732213264, 57.85242260291184, 81.61840213404973, 72.66735044022126, 48.62885019318889, 51.92828289424726, 15.050217697409689, 55.04860558184171, 40.11884011930826, 66.71487617458438, 44.386938389809224, 78.93650614740629, 14.044496889115148, 11.022069333130782, 73.88060119213804, 15.23375606671645, 50.36604459171413, 33.57513473733388], [73.30931435886363, 46.664515120334016, 43.02549376665794, 43.64306603256445, 79.61964896321072, 75.8198679665808, 99.86377502034847, 50.31399065533979, 83.5719218190267, 68.94966630202202, 44.72368355599068, 52.891140171985995, 54.931431048160434, 38.88781851065316, 47.01306349033289, 76.51505615272562, 0.0, 32.245132339815825, 62.848431168094564, 48.20884016006107, 68.22892770073237, 46.21842231250105, 52.74400241728068, 92.1271165060993, 89.17140029407508, 54.08626103005432, 45.39128648857965, 3.875333671097958, 56.23729093847634, 50.508091624615886, 90.0714409078972, 32.31043294300578, 71.78016435801315, 79.56045463079133, 87.56240773447118, 90.90277681611725, 65.38514954376363, 40.40102696813215, 89.68636351121013, 73.97061974779254, 76.77499873373318, 33.58345724942922, 17.965556287018313, 90.80175128111415, 68.65473127286394, 94.47352502506848, 53.875263783263236, 58.47119668174203, 94.84210205293913, 63.153546649393896, 27.489702433979186, 16.439728388904882, 49.0138517466076, 94.17339466310857, 32.28706828811575, 84.16936992963629, 39.01485312835586, 20.92993340802701, 65.19270766732099, 65.92180879753874, 84.46604043237856, 39.66201583685108, 50.08077486794907, 35.66286119614213, 13.232554586049485, 55.315319632556154, 43.07476905005074, 31.34650064772958, 80.0067590301179, 34.64298950040432, 88.17125753452623, 89.84550398520845, 21.45395735452831, 79.37946041838335, 20.318331058934504, 43.575798412277, 21.030545263796938, 82.47491867959702, 50.64784785158696, 94.25986434537853, 32.10679417953626, 52.97474198438033, 20.980510020450904, 63.18726882985986, 25.309266648872175, 4.239702681325984, 40.698710209316516, 35.341332134055946, 91.0622057305087, 62.12748498888593, 56.17570498438837, 26.681018809310633, 44.96324580309486, 52.67250672125295, 78.41946938233419, 87.34123265944505, 4.697509757386981, 65.45777335973966, 42.1321951200546, 45.119136763905324], [48.23036708505153, 42.56718045358977, 43.561539346805795, 19.972592475335727, 48.72082539325934, 43.71733982869258, 79.9518902216342, 30.92268805083313, 63.32604314385482, 37.716359696398854, 50.36318693080729, 23.14630102992257, 29.476600035434046, 6.943303451937868, 44.005733738787036, 52.15171758873881, 32.245132339815825, 0.0, 54.9700716177384, 23.64852055715122, 48.83036649142209, 32.088380381104265, 27.165904818248904, 65.04178373601951, 57.13091355211455, 22.401935010702356, 38.24397780092805, 35.42954136441873, 29.06860226103532, 31.24001019364378, 62.40711110302016, 33.821675601514364, 40.24687368536144, 48.354168703597686, 61.38015648945056, 58.86857736067071, 35.52610168478118, 52.41716445760814, 69.51913685486865, 42.8368896929371, 52.33456674911739, 24.582178437811553, 14.314198597909018, 59.17825283193837, 51.06811920410193, 73.24165967739756, 37.27314238656104, 27.438590919169993, 62.61519867831027, 48.614594516921834, 50.317062821098965, 39.28129986520783, 21.268521982295383, 62.482706049611295, 30.92770841724229, 51.96020668349015, 19.222435155874912, 12.399222923517096, 47.00723090034658, 35.020698885896785, 52.89956984852351, 56.27361604115173, 34.7749783121181, 12.057421557577971, 30.140308665591327, 37.9862103678786, 18.107056059618177, 55.0168389625771, 48.771127947983295, 55.59715291300279, 55.965079845543, 69.46494354989822, 29.038852371726573, 47.242710491424646, 40.96710065763354, 34.453157831438716, 21.969284624558075, 62.04236501148018, 20.972695751788866, 62.08304081825111, 34.78343619946087, 24.664153387907113, 22.075186581347452, 33.26158392897671, 29.498435098896312, 30.10536189386948, 8.553256757110669, 3.6261450323078175, 64.99620519543814, 31.580522436442237, 50.39617748068958, 42.2149162932712, 12.749883943569902, 35.07146081853888, 49.9754851694817, 63.09207525071749, 27.952119735139945, 38.2101549654738, 10.522601684816781, 31.25606490951061], [97.4810341426286, 96.60128708575652, 21.130996504096338, 74.1053295442051, 86.62532519630678, 66.99882021564473, 43.650610511445386, 27.08320192867133, 31.734415609362646, 56.379997751543655, 25.191320557605337, 46.49979216210203, 81.12321385072363, 53.37507866349821, 97.84294551730449, 37.02351194405399, 62.848431168094564, 54.9700716177384, 0.0, 76.85048393323981, 23.09451352814833, 23.037597019477133, 79.11792678221397, 53.27971112813844, 85.80937032446238, 53.76000072878365, 92.70945350518372, 62.45335130325011, 79.19782395761656, 85.64907553540135, 53.66703505922254, 85.28368901972813, 77.50458630400186, 85.03274911306973, 47.74262825667419, 87.21484722755945, 79.83118134788391, 34.87197455892688, 35.87863424459269, 81.2496278349276, 37.329744661332356, 78.43683747541961, 55.637827064113026, 71.76211655293898, 19.419663639670677, 41.41764849687828, 91.93435590486105, 71.06530822722921, 86.27546406173579, 103.26968043539122, 51.52355892904481, 51.75303750973534, 42.12606350433207, 74.70655857891461, 30.697795420947198, 74.55096806963631, 74.16709611486195, 59.84696035964519, 100.8016003702213, 76.55842474840209, 67.07923711633482, 42.33575020120319, 21.194424321080334, 43.0704745526901, 72.05659449210887, 92.47855839551707, 71.99658264579887, 53.79551176721591, 62.12651457964686, 49.35474968879968, 77.25102371204416, 36.37225698162644, 76.5741769088396, 77.24766542852456, 48.75505441831723, 21.135027179066032, 43.40651303076941, 31.397771409486165, 69.95991901319303, 80.8903160841