instance_id,num_cities,city_coordinates,distance_matrix,best_route,total_distance
1373,27,"[[64.90283856346724, 14.604056567591584], [84.41294793083486, 69.83632894927302], [86.10511152248168, 33.57719949470703], [15.108111009085889, 80.40442566648764], [33.241847214922, 64.04943534022833], [90.5463011734694, 80.42939102844868], [37.781965364929725, 74.42017567108591], [62.59317807026783, 54.920166572188876], [8.628372880135583, 60.81595580545787], [12.870297945484776, 70.2980754139175], [38.089441196864016, 32.964505638930206], [98.0398671149088, 27.739090025511114], [38.655222095635565, 69.43035801768019], [54.98647943170059, 3.155705160724054], [29.56791918820274, 69.14884256355231], [84.48064568033364, 12.79429767463176], [53.65352204974597, 26.23907440034603], [34.14068840278885, 29.83765611014305], [12.433117820692186, 65.1731750305556], [91.16651252736888, 49.209938500377405], [59.9601064351165, 21.024310231728393], [92.27805099977506, 26.020729096134755], [64.83624564059507, 70.83777585126201], [89.68572703995851, 45.88271825713017], [77.94899189553225, 18.80154572501811], [43.76495246415697, 57.831848431503076], [42.18501059062234, 39.58878409165701]]","[[0.0, 58.57685788748741, 28.452003992009168, 82.51789785110877, 58.713404390668515, 70.64390866532145, 65.67731623364774, 40.38221461852527, 72.81727212080372, 76.21816724650955, 32.49714400436728, 35.645361060869035, 60.785365845229364, 15.145921179159018, 64.98992388518081, 19.66127561364907, 16.18396620097793, 34.32742981248305, 72.87185558873938, 43.44361442638074, 8.102484680916882, 29.660456293809347, 56.23375871389022, 39.906719212769325, 13.704781355076921, 48.11914606658214, 33.76886609371962], [58.57685788748741, 0.0, 36.29859344966235, 70.10595615904987, 51.497278434112424, 12.24054681017988, 46.85573802460936, 26.430933710855733, 76.31951878300028, 71.54414005859546, 59.206407004321605, 44.24782990671494, 45.75952672402287, 72.88499596734944, 54.84933741906729, 57.042071446629976, 53.35600139382764, 64.24324016538212, 72.13072124382683, 21.703884852943958, 54.594456023452175, 44.515914421422174, 19.60230008081152, 24.527080232354425, 51.44250991517634, 42.383570967541004, 51.9433601331528], [28.452003992009168, 36.29859344966235, 0.0, 85.04918102393589, 61.01706212753926, 47.06221432349367, 63.27144029898783, 31.75426362446162, 82.12548250093191, 81.92533581213776, 48.01957924200614, 13.286154945103023, 59.47218663117546, 43.518232738864164, 66.796675872835, 20.846292172355106, 33.270914312766664, 52.098804735689505, 80.16151399554808, 16.43168612625257, 29.002350247298153, 9.757326820129894, 42.903557035802336, 12.815872951006646, 16.877269675241674, 48.79525657409188, 44.32961104308268], [82.51789785110877, 70.10595615904987, 85.04918102393589, 0.0, 24.4196252500911, 75.43819429537658, 23.450264803568512, 53.89136345826013, 20.632381290491995, 10.351141132032172, 52.713257814526386, 98.24110010058115, 25.97877212808398, 86.93474039661804, 18.32414264198841, 96.86938615366881, 66.48032784273818, 54.0299656266016, 15.46436498833796, 82.20691255042345, 74.41572147565329, 94.40755314498294, 50.639985807824424, 82.18010157760548, 87.99938140502834, 36.47925170847702, 48.98035410359598], [58.713404390668515, 51.497278434112424, 61.01706212753926, 24.4196252500911, 0.0, 59.59952509739773, 11.320995001593532, 30.73831763807312, 24.82495737621656, 21.30834396211077, 31.460642427458577, 74.27802205116323, 7.632755495878037, 64.65968918435377, 6.285037881731663, 72.4741581896494, 42.96812613981163, 34.22358475626275, 20.83905011976075, 59.795296788450955, 50.64609329809734, 70.22432524365229, 32.315438706196055, 59.29537232601288, 63.60896399190342, 12.222689190764374, 26.04426291275492], [70.64390866532145, 12.24054681017988, 47.06221432349367, 75.43819429537658, 59.59952509739773, 0.0, 53.10542159259737, 37.84306572653152, 84.23321089165626, 78.33393283600104, 70.74346262125786, 53.22049746384248, 53.04397058133921, 85.0630557286191, 62.01301349886143, 67.90653893065776, 65.55659820129368, 75.77015767490566, 79.58907927648717, 31.225612536441965, 66.8167563791996, 54.43621451502424, 27.440955471898565, 34.55738976554548, 62.90217418966987, 51.95328207614086, 63.299048980249985], [65.67731623364774, 46.85573802460936, 63.27144029898783, 23.450264803568512, 11.320995001593532, 53.10542159259737, 0.0, 31.557037737509493, 32.17152083632035, 25.250403643252575, 41.45681028736047, 76.22426438057386, 5.065654699242977, 73.31180028751136, 9.759995252252079, 77.32086123443106, 50.727949212053, 44.73097303118803, 26.982792529072405, 59.037834766716024, 57.818581678791475, 72.88573096485997, 27.290431834313818, 59.23163809714808, 68.6062826378733, 17.634305635238537, 35.10858366011089], [40.38221461852527, 26.430933710855733, 31.75426362446162, 53.89136345826013, 30.73831763807312, 37.84306572653152, 31.557037737509493, 0.0, 54.28591465465103, 52.04656461523721, 32.9011271505587, 44.668542470779435, 27.992345239873025, 52.320372030376575, 35.96001869708387, 47.47262441403308, 30.04201221514627, 37.92988926106477, 51.19722479479136, 29.13832779398059, 33.997972634981835, 41.42908600576837, 16.074875964880377, 28.560141486387014, 39.247366665011555, 19.052033243842196, 25.525371469219], [72.81727212080372, 76.31951878300028, 82.12548250093191, 20.632381290491995, 24.82495737621656, 84.23321089165626, 32.17152083632035, 54.28591465465103, 0.0, 10.387710071482186, 40.54205005597908, 95.33359508126973, 31.23811132710031, 73.98498866296987, 22.5366723655227, 89.77553641493658, 56.76992853129934, 40.13145020230588, 5.784586712830254, 83.35012977861528, 64.94860989447625, 90.59788326044094, 57.09432403738995, 82.4214550166748, 81.05898392581251, 35.26307022486216, 39.70693583494008], [76.21816724650955, 71.54414005859546, 81.92533581213776, 10.351141132032172, 21.30834396211077, 78.33393283600104, 25.250403643252575, 52.04656461523721, 10.387710071482186, 0.0, 45.0533086296382, 95.21093818357159, 25.799520284469676, 79.25825273242391, 16.73712314914438, 91.84076631319638, 60.037212948739416, 45.71077597726182, 5.143513429640936, 81.0864152391549, 68.15683383799238, 90.91795555376297, 51.96875019098505, 80.60223205384331, 82.98872800714348, 33.31495899750126, 42.45483424749709], [32.49714400436728, 59.206407004321605, 48.01957924200614, 52.713257814526386, 31.460642427458577, 70.74346262125786, 41.45681028736047, 32.9011271505587, 40.54205005597908, 45.0533086296382, 0.0, 60.17772458383534, 36.47024126235252, 34.264770348844195, 37.17421923885785, 50.586373093454135, 16.955000387495442, 5.036847883785344, 41.17821405988521, 55.507563357431664, 24.917749985218748, 54.631689201858144, 46.365678519002515, 53.18887975931937, 42.30098362240273, 25.5067866597989, 7.78811618290011], [35.645361060869035, 44.24782990671494, 13.286154945103023, 98.24110010058115, 74.27802205116323, 53.22049746384248, 76.22426438057386, 44.668542470779435, 95.33359508126973, 95.21093818357159, 60.17772458383534, 0.0, 72.55823792554472, 49.57758568557838, 80.0198429024911, 20.179179971513822, 44.411683993285415, 63.93362980228021, 93.43353918635295, 22.54418633521122, 38.667252825992804, 6.012594217824953, 54.40567248841144, 19.9745563605076, 21.98915562735036, 62.059169095531686, 57.09798811525568], [60.785365845229364, 45.75952672402287, 59.47218663117546, 25.97877212808398, 7.632755495878037, 53.04397058133921, 5.065654699242977, 27.992345239873025, 31.23811132710031, 25.799520284469676, 36.47024126235252, 72.55823792554472, 0.0, 68.25715770149547, 9.091662393773204, 72.8533649044327, 45.72128587459529, 39.84925418126346, 26.565435430119848, 56.26989415541463, 52.88708310140113, 68.99133034511577, 26.218825656768228, 56.2014570377424, 64.08804084423929, 12.67417725375625, 30.049608004126235], [15.145921179159018, 72.88499596734944, 43.518232738864164, 86.93474039661804, 64.65968918435377, 85.0630557286191, 73.31180028751136, 52.320372030376575, 73.98498866296987, 79.25825273242391, 34.264770348844195, 49.57758568557838, 68.25715770149547, 0.0, 70.71914443148262, 31.02915255612313, 23.121823259311395, 33.859614736264476, 75.2127326551343, 58.566092607471184, 18.547884320122066, 43.743235243677674, 68.39503335278708, 55.04212416612983, 27.786135132740814, 55.8157980364884, 38.61666537748551], [64.98992388518081, 54.84933741906729, 66.796675872835, 18.32414264198841, 6.285037881731663, 62.01301349886143, 9.759995252252079, 35.96001869708387, 22.5366723655227, 16.73712314914438, 37.17421923885785, 80.0198429024911, 9.091662393773204, 70.71914443148262, 0.0, 78.68444738597924, 49.20736193928801, 39.57625043715705, 17.589978687791685, 64.74524381454175, 56.91797306482578, 76.10909803093989, 35.30874320055658, 64.46288359313841, 69.82534278655122, 18.15571838356688, 32.140131491935115], [19.66127561364907, 57.042071446629976, 20.846292172355106, 96.86938615366881, 72.4741581896494, 67.90653893065776, 77.32086123443106, 47.47262441403308, 89.77553641493658, 91.84076631319638, 50.586373093454135, 20.179179971513822, 72.8533649044327, 31.02915255612313, 78.68444738597924, 0.0, 33.631437265449186, 53.146847182747806, 89.07521015272836, 37.02431244798474, 25.864840064578054, 15.353762335772139, 61.27762896655052, 33.49531980149793, 8.874093210203561, 60.713661166590626, 50.068605432887466], [16.18396620097793, 53.35600139382764, 33.270914312766664, 66.48032784273818, 42.96812613981163, 65.55659820129368, 50.727949212053, 30.04201221514627, 56.76992853129934, 60.037212948739416, 16.955000387495442, 44.411683993285415, 45.72128587459529, 23.121823259311395, 49.20736193928801, 33.631437265449186, 0.0, 19.841886685895265, 56.70084581988068, 43.98732831255312, 8.183322793590495, 38.62514610048105, 45.97931576282175, 41.038914951894995, 25.408397978303064, 33.10418673571044, 17.599474535631238], [34.32742981248305, 64.24324016538212, 52.098804735689505, 54.0299656266016, 34.22358475626275, 75.77015767490566, 44.73097303118803, 37.92988926106477, 40.13145020230588, 45.71077597726182, 5.036847883785344, 63.93362980228021, 39.84925418126346, 33.859614736264476, 39.57625043715705, 53.146847182747806, 19.841886685895265, 0.0, 41.47068263184899, 60.22648870799723, 27.282181237955573, 58.262525362051704, 51.21744871550642, 57.81604739607637, 45.17702056737447, 29.602386093830926, 12.64102908680835], [72.87185558873938, 72.13072124382683, 80.16151399554808, 15.46436498833796, 20.83905011976075, 79.58907927648717, 26.982792529072405, 51.19722479479136, 5.784586712830254, 5.143513429640936, 41.17821405988521, 93.43353918635295, 26.565435430119848, 75.2127326551343, 17.589978687791685, 89.07521015272836, 56.70084581988068, 41.47068263184899, 0.0, 80.33537429150225, 64.86861267038738, 88.92765248796324, 52.708400732397735, 79.62466548571533, 80.26616821700462, 32.180412339797265, 39.23947225827354], [43.44361442638074, 21.703884852943958, 16.43168612625257, 82.20691255042345, 59.795296788450955, 31.225612536441965, 59.037834766716024, 29.13832779398059, 83.35012977861528, 81.0864152391549, 55.507563357431664, 22.54418633521122, 56.26989415541463, 58.566092607471184, 64.74524381454175, 37.02431244798474, 43.98732831255312, 60.22648870799723, 80.33537429150225, 0.0, 42.05079573674002, 23.215834048542277, 34.074129523805254, 3.641856697729793, 33.15679723425576, 48.179302893324746, 49.91747333485485], [8.102484680916882, 54.594456023452175, 29.002350247298153, 74.41572147565329, 50.64609329809734, 66.8167563791996, 57.818581678791475, 33.997972634981835, 64.94860989447625, 68.15683383799238, 24.917749985218748, 38.667252825992804, 52.88708310140113, 18.547884320122066, 56.91797306482578, 25.864840064578054, 8.183322793590495, 27.282181237955573, 64.86861267038738, 42.05079573674002, 0.0, 32.70189203017066, 50.05155432730999, 38.74987703077737, 18.12569121882661, 40.21290688909419, 25.702017858077344], [29.660456293809347, 44.515914421422174, 9.757326820129894, 94.40755314498294, 70.22432524365229, 54.43621451502424, 72.88573096485997, 41.42908600576837, 90.59788326044094, 90.91795555376297, 54.631689201858144, 6.012594217824953, 68.99133034511577, 43.743235243677674, 76.10909803093989, 15.353762335772139, 38.62514610048105, 58.262525362051704, 88.92765248796324, 23.215834048542277, 32.70189203017066, 0.0, 52.551121407848015, 20.03044575001112, 16.044891503487676, 58.01265416179159, 51.89802321663634], [56.23375871389022, 19.60230008081152, 42.903557035802336, 50.639985807824424, 32.315438706196055, 27.440955471898565, 27.290431834313818, 16.074875964880377, 57.09432403738995, 51.96875019098505, 46.365678519002515, 54.40567248841144, 26.218825656768228, 68.39503335278708, 35.30874320055658, 61.27762896655052, 45.97931576282175, 51.21744871550642, 52.708400732397735, 34.074129523805254, 50.05155432730999, 52.551121407848015, 0.0, 35.2172063818774, 53.66296078393162, 24.761937407550406, 38.59505065783661], [39.906719212769325, 24.527080232354425, 12.815872951006646, 82.18010157760548, 59.29537232601288, 34.55738976554548, 59.23163809714808, 28.560141486387014, 82.4214550166748, 80.60223205384331, 53.18887975931937, 19.9745563605076, 56.2014570377424, 55.04212416612983, 64.46288359313841, 33.49531980149793, 41.038914951894995, 57.81604739607637, 79.62466548571533, 3.641856697729793, 38.74987703077737, 20.03044575001112, 35.2172063818774, 0.0, 29.515095418521543, 47.449965748835794, 47.915881192768914], [13.704781355076921, 51.44250991517634, 16.877269675241674, 87.99938140502834, 63.60896399190342, 62.90217418966987, 68.6062826378733, 39.247366665011555, 81.05898392581251, 82.98872800714348, 42.30098362240273, 21.98915562735036, 64.08804084423929, 27.786135132740814, 69.82534278655122, 8.874093210203561, 25.408397978303064, 45.17702056737447, 80.26616821700462, 33.15679723425576, 18.12569121882661, 16.044891503487676, 53.66296078393162, 29.515095418521543, 0.0, 51.88364945920504, 41.36631041910083], [48.11914606658214, 42.383570967541004, 48.79525657409188, 36.47925170847702, 12.222689190764374, 51.95328207614086, 17.634305635238537, 19.052033243842196, 35.26307022486216, 33.31495899750126, 25.5067866597989, 62.059169095531686, 12.67417725375625, 55.8157980364884, 18.15571838356688, 60.713661166590626, 33.10418673571044, 29.602386093830926, 32.180412339797265, 48.179302893324746, 40.21290688909419, 58.01265416179159, 24.761937407550406, 47.449965748835794, 51.88364945920504, 0.0, 18.311352020850652], [33.76886609371962, 51.9433601331528, 44.32961104308268, 48.98035410359598, 26.04426291275492, 63.299048980249985, 35.10858366011089, 25.525371469219, 39.70693583494008, 42.45483424749709, 7.78811618290011, 57.09798811525568, 30.049608004126235, 38.61666537748551, 32.140131491935115, 50.068605432887466, 17.599474535631238, 12.64102908680835, 39.23947225827354, 49.91747333485485, 25.702017858077344, 51.89802321663634, 38.59505065783661, 47.915881192768914, 41.36631041910083, 18.311352020850652, 0.0]]",Route_3,1143.3144630394572
