instance_id,num_cities,city_coordinates,distance_matrix,best_route,total_distance
2586,28,"[[50.54120348335721, 96.08170041672078], [51.7844476631129, 70.58720811075368], [90.81572266114813, 26.047151573461058], [92.4071412123601, 88.06531414522189], [44.183448811452244, 58.363452234359734], [66.71139435934576, 69.56321813199973], [63.84040283720106, 12.490518059614764], [26.172522926708254, 63.77686957430914], [57.10246732932585, 87.0006118899349], [22.272866242964305, 72.23032671619035], [63.7544367308346, 21.773308001471825], [72.06979950363625, 1.3094900980511137], [66.94302584639516, 20.86872185104459], [12.93318748916079, 20.9668047174151], [40.07953452983911, 93.84283070351593], [48.25044763140994, 57.56887449858728], [13.769465751714948, 6.984660428627675], [63.84353207731348, 57.8748656230648], [9.098150688397165, 54.24763505107622], [92.70739656682841, 55.22395696118269], [92.82954791216008, 97.25200799583259], [71.90699602357556, 36.90135626569315], [65.20391025064932, 62.529783981805245], [47.07220569097576, 5.970120693484093], [12.885277062913591, 56.564612241728476], [16.715214030440773, 3.3852353644930666], [30.170510322798037, 52.42019657179091], [8.931853556374492, 15.89464265781142]]","[[0.0, 25.524787835151777, 80.78907677824509, 42.626508076344045, 38.250324056330705, 31.059700186108806, 84.6425098358516, 40.46522813266757, 11.203408056825266, 36.98630716547597, 75.47401351585108, 97.18668785019136, 76.98059444788355, 84.00363339128437, 10.69855386889791, 38.58089323193135, 96.38694533205492, 40.456324239496944, 58.88646406418768, 58.71407871568062, 42.304535151196134, 62.91907679476646, 36.615926400941284, 90.17832747340564, 54.58542893860944, 98.67538799339826, 48.17978889371017, 90.33992602042998], [25.524787835151777, 0.0, 59.22209945887999, 44.223154814510515, 14.394283284298044, 14.962028376819957, 59.334403595702604, 26.501913132531353, 17.25343898440737, 29.557288046598455, 50.26009831029307, 72.18654800128176, 51.97797964999758, 63.02067002199964, 26.035148811452554, 13.489483543180517, 74.09738808744223, 17.52213367239034, 45.706690945485896, 43.71175165628695, 48.946009105601625, 39.23841952788779, 15.652605525344653, 64.78868119274408, 41.34946998801089, 75.80208630751594, 28.234776351298827, 69.48108762462807], [80.78907677824509, 59.22209945887999, 0.0, 62.038577528683696, 56.73545851404244, 49.74602186716279, 30.19023338487088, 74.84834595587405, 69.65563803182478, 82.64991731531116, 27.396695696379496, 31.03806582729216, 24.427889544516997, 78.04805704816476, 84.6783023849731, 52.96623126602157, 79.36941648016087, 41.71932941112599, 86.44668205022666, 29.238064279264684, 71.23332836721978, 21.802607700807712, 44.57518819245687, 48.13088868777832, 83.69271029652847, 77.48837219603868, 66.13153016562902, 82.51085659990477], [42.626508076344045, 44.223154814510515, 62.038577528683696, 0.0, 56.63678230398777, 31.663843152982672, 80.79361574268032, 70.54752440107524, 35.32072463695803, 71.89967560678146, 72.21916333403917, 89.1076903184066, 71.85960748098377, 104.01114982457747, 52.64558973648199, 53.66420053557821, 112.95112398273872, 41.56131553246042, 89.91119686355178, 32.84272971248782, 9.196399911100228, 55.11811443309211, 37.310575920011495, 93.78100642777476, 85.53374245416705, 113.57809464339248, 71.7214935100163, 110.34821916185719], [38.250324056330705, 14.394283284298044, 56.73545851404244, 56.63678230398777, 0.0, 25.158360176505845, 49.907133071043944, 18.806874767547264, 31.416364407806057, 25.92997949064697, 41.49532772643386, 63.50435536542993, 43.86175045899327, 48.73487537911743, 35.715940544642706, 4.1438910675502285, 59.70586749202081, 19.666153434195863, 35.325884213560236, 48.62540422800387, 62.27971360667188, 35.060185872169654, 21.429375150632445, 52.472908307631556, 31.349822648941934, 61.458182955362915, 15.221193545759244, 55.19306799659665], [31.059700186108806, 14.962028376819957, 49.74602186716279, 31.663843152982672, 25.158360176505845, 0.0, 57.14486578751094, 40.94974879853356, 19.90965041726056, 44.51849334097335, 47.88130228701747, 68.46374147110704, 48.695047193752124, 72.48245947078253, 36.038251131282955, 22.015240931865048, 81.9690410394665, 12.035041272959097, 59.61420075281366, 29.688491738320828, 38.06346055118846, 33.072518761458724, 7.193170669676507, 66.55659075836425, 55.37341111309533, 82.94060194293742, 40.36235119992656, 78.85931351990627], [84.6425098358516, 59.334403595702604, 30.19023338487088, 80.79361574268032, 49.907133071043944, 57.14486578751094, 0.0, 63.6330026687418, 74.81412872921395, 72.7784641005667, 9.283187990991372, 13.883024013910036, 8.934235742799142, 51.60806148264969, 84.75126922489622, 47.69805994542784, 50.37274271738047, 45.38434767133022, 68.85035213970822, 51.56985677060179, 89.58169851250074, 25.70912187449816, 50.05783941100756, 17.991331727999523, 67.37173458244402, 47.996766485159064, 52.230650848110194, 55.01396957505437], [40.46522813266757, 26.501913132531353, 74.84834595587405, 70.54752440107524, 18.806874767547264, 40.94974879853356, 63.6330026687418, 0.0, 38.67820662713826, 9.309578932513075, 56.36221633314217, 77.51602089768183, 59.189045011435105, 44.81050831980568, 33.12653000772327, 22.9341222227201, 58.130808070531565, 38.13054656132648, 19.55352904033393, 67.08235032014407, 74.59050792326933, 53.04653848320053, 39.05130495779287, 61.468829139798885, 15.118450928461286, 61.127654740646214, 12.039847378825828, 50.891535001610464], [11.203408056825266, 17.25343898440737, 69.65563803182478, 35.32072463695803, 31.416364407806057, 19.90965041726056, 74.81412872921395, 38.67820662713826, 0.0, 37.832029233822695, 65.56561499350492, 86.9884439817589, 66.86002895634839, 79.44425071266227, 18.346558243680573, 30.734108391257116, 90.99616208381265, 29.895669411114703, 58.11343999428493, 47.72281199246915, 37.16874236629947, 52.24087943327507, 25.777020695122225, 81.64892315316749, 53.67969811429387, 92.85828676278554, 43.830758968751496, 85.88636033563503], [36.98630716547597, 29.557288046598455, 82.64991731531116, 71.89967560678146, 25.92997949064697, 44.51849334097335, 72.7784641005667, 9.309578932513075, 37.832029233822695, 0.0, 65.31945673164779, 86.65736915453074, 68.06935884316341, 52.10737267357818, 28.003174178670477, 29.829396841410908, 65.79745275633832, 43.979535253426306, 22.292382767804757, 72.45853762109314, 74.86207225443486, 60.92358321841112, 44.013351030470496, 70.74900804413568, 18.263116946698048, 69.0690531377035, 21.326369553906172, 57.893798612884616], [75.47401351585108, 50.26009831029307, 27.396695696379496, 72.21916333403917, 41.49532772643386, 47.88130228701747, 9.283187990991372, 56.36221633314217, 65.56561499350492, 65.31945673164779, 0.0, 22.08875508551031, 3.3144195044405653, 50.82764820480607, 75.85853344698376, 39.008925374130634, 52.12678218360714, 36.10166756101388, 63.575872162931496, 44.24047693109192, 80.88508047251455, 17.184937221481693, 40.78224255506481, 22.97906790012542, 61.628777823826276, 50.50554115698645, 45.46550221895685, 55.13686908179816], [97.18668785019136, 72.18654800128176, 31.03806582729216, 89.1076903184066, 63.50435536542993, 68.46374147110704, 13.883024013910036, 77.51602089768183, 86.9884439817589, 86.65736915453074, 22.08875508551031, 0.0, 20.21997415675622, 62.318126565191804, 97.90707929818312, 61.094024722064454, 58.57590352582255, 57.16041623409679, 82.2671000192501, 57.729369905433664, 98.1627928216762, 35.592238511625844, 61.60409741606077, 25.42835374085094, 80.96873606305775, 55.39349105554243, 66.0897476928479, 64.80067047207791], [76.98059444788355, 51.97797964999758, 24.427889544516997, 71.85960748098377, 43.86175045899327, 48.695047193752124, 8.934235742799142, 59.189045011435105, 66.86002895634839, 68.06935884316341, 3.3144195044405653, 20.21997415675622, 0.0, 54.00992741731154, 77.76160832008954, 41.186328856506194, 54.95629768028423, 37.1357178266424, 66.78458975287352, 42.942810551858194, 80.6505947091396, 16.783514715151586, 41.69734549007246, 24.83581708140654, 64.77991042230393, 53.18369467745125, 48.45320892352833, 58.22402918282981], [84.00363339128437, 63.02067002199964, 78.04805704816476, 104.01114982457747, 48.73487537911743, 72.48245947078253, 51.60806148264969, 44.81050831980568, 79.44425071266227, 52.10737267357818, 50.82764820480607, 62.318126565191804, 54.00992741731154, 0.0, 77.7678553206901, 50.86276021040441, 14.007131049750747, 62.881381552090566, 33.501062296010105, 86.81864381467898, 110.4665589582263, 61.08862435919263, 66.78105796811339, 37.287707029227214, 35.59783976517402, 17.983751156823583, 35.86699259229781, 6.460456733122676], [10.69855386889791, 26.035148811452554, 84.6783023849731, 52.64558973648199, 35.715940544642706, 36.038251131282955, 84.75126922489622, 33.12653000772327, 18.346558243680573, 28.003174178670477, 75.85853344698376, 97.90707929818312, 77.76160832008954, 77.7678553206901, 0.0, 37.182841737426465, 90.7555037593374, 43.10941998525288, 50.27549764533157, 65.27717266939995, 52.860064336372965, 65.23280475564808, 40.146496115557504, 88.15049979707966, 46.14318162916581, 93.42627053948485, 42.59135333781349, 83.94103912647996], [38.58089323193135, 13.489483543180517, 52.96623126602157, 53.66420053557821, 4.1438910675502285, 22.015240931865048, 47.69805994542784, 22.9341222227201, 30.734108391257116, 29.829396841410908, 39.008925374130634, 61.094024722064454, 41.186328856506194, 50.86276021040441, 37.182841737426465, 0.0, 61.21846800160351, 15.596086467615457, 39.292912686406325, 44.51874826299177, 59.682889222970516, 31.413032195855987, 17.664385573311876, 51.61220445117461, 35.379426677369885, 62.692405505622766, 18.79875042329188, 57.294794175004675], [96.38694533205492, 74.09738808744223, 79.36941648016087, 112.95112398273872, 59.70586749202081, 81.9690410394665, 50.37274271738047, 58.130808070531565, 90.99616208381265, 65.79745275633832, 52.12678218360714, 58.57590352582255, 54.95629768028423, 14.007131049750747, 90.7555037593374, 61.21846800160351, 0.0, 71.39485347777077, 47.49326220194813, 92.51068398475613, 119.99454415945297, 65.38333974277391, 75.70180203569609, 33.318189901857245, 49.58783531700897, 4.651160469596442, 48.30509504844542, 10.138553894756237], [40.456324239496944, 17.52213367239034, 41.71932941112599, 41.56131553246042, 19.666153434195863, 12.035041272959097, 45.38434767133022, 38.13054656132648, 29.895669411114703, 43.979535253426306, 36.10166756101388, 57.16041623409679, 37.1357178266424, 62.881381552090566, 43.10941998525288, 15.596086467615457, 71.39485347777077, 0.0, 54.86541337710191, 28.98534095025833, 48.89528050255159, 22.470147876158368, 4.849628202349885, 54.54704332007283, 50.975097038023534, 72.04302997267011, 34.111959904687325, 69.12041346953401], [58.88646406418768, 45.706690945485896, 86.44668205022666, 89.91119686355178, 35.325884213560236, 59.61420075281366, 68.85035213970822, 19.55352904033393, 58.11343999428493, 22.292382767804757, 63.575872162931496, 82.2671000192501, 66.78458975287352, 33.501062296010105, 50.27549764533157, 39.292912686406325, 47.49326220194813, 54.86541337710191, 0.0, 83.61494603736897, 94.12928860570054, 65.1601445673549, 56.713757122659615, 61.422693248394594, 4.43967447889603, 51.42959610802363, 21.15145082392931, 38.35335292062412], [58.71407871568062, 43.71175165628695, 29.238064279264684, 32.84272971248782, 48.62540422800387, 29.688491738320828, 51.56985677060179, 67.08235032014407, 47.72281199246915, 72.45853762109314, 44.24047693109192, 57.729369905433664, 42.942810551858194, 86.81864381467898, 65.27717266939995, 44.51874826299177, 92.51068398475613, 28.98534095025833, 83.61494603736897, 0.0, 42.028228546089146, 27.719566356747123, 28.457281458345758, 67.14544685502337, 79.83337722205239, 91.9894823521839, 62.59970617678582, 92.5480230489543], [42.304535151196134, 48.946009105601625, 71.23332836721978, 9.196399911100228, 62.27971360667188, 38.06346055118846, 89.58169851250074, 74.59050792326933, 37.16874236629947, 74.86207225443486, 80.88508047251455, 98.1627928216762, 80.6505947091396, 110.4665589582263, 52.860064336372965, 59.682889222970516, 119.99454415945297, 48.89528050255159, 94.12928860570054, 42.028228546089146, 0.0, 63.87452028612891, 44.37125980502896, 102.10836065976785, 89.70256749318145, 120.84851189187822, 77.0457416551098, 116.86677891069414], [62.91907679476646, 39.23841952788779, 21.802607700807712, 55.11811443309211, 35.060185872169654, 33.072518761458724, 25.70912187449816, 53.04653848320053, 52.24087943327507, 60.92358321841112, 17.184937221481693, 35.592238511625844, 16.783514715151586, 61.08862435919263, 65.23280475564808, 31.413032195855987, 65.38333974277391, 22.470147876158368, 65.1601445673549, 27.719566356747123, 63.87452028612891, 0.0, 26.490520305935643, 39.66746960530359, 62.210987330619126, 64.57138034641646, 44.528290368005045, 66.38637349161223], [36.615926400941284, 15.652605525344653, 44.57518819245687, 37.310575920011495, 21.429375150632445, 7.193170669676507, 50.05783941100756, 39.05130495779287, 25.777020695122225, 44.013351030470496, 40.78224255506481, 61.60409741606077, 41.69734549007246, 66.78105796811339, 40.146496115557504, 17.664385573311876, 75.70180203569609, 4.849628202349885, 56.713757122659615, 28.457281458345758, 44.37125980502896, 26.490520305935643, 0.0, 59.39490063572419, 52.65759824110337, 76.48026733923771, 36.46289714361011, 73.08475060443564], [90.17832747340564, 64.78868119274408, 48.13088868777832, 93.78100642777476, 52.472908307631556, 66.55659075836425, 17.991331727999523, 61.468829139798885, 81.64892315316749, 70.74900804413568, 22.97906790012542, 25.42835374085094, 24.83581708140654, 37.287707029227214, 88.15049979707966, 51.61220445117461, 33.318189901857245, 54.54704332007283, 61.422693248394594, 67.14544685502337, 102.10836065976785, 39.66746960530359, 59.39490063572419, 0.0, 61.0618429466847, 30.466843860856734, 49.429514011561366, 39.41043766785391], [54.58542893860944, 41.34946998801089, 83.69271029652847, 85.53374245416705, 31.349822648941934, 55.37341111309533, 67.37173458244402, 15.118450928461286, 53.67969811429387, 18.263116946698048, 61.628777823826276, 80.96873606305775, 64.77991042230393, 35.59783976517402, 46.14318162916581, 35.379426677369885, 49.58783531700897, 50.975097038023534, 4.43967447889603, 79.83337722205239, 89.70256749318145, 62.210987330619126, 52.65759824110337, 61.0618429466847, 0.0, 53.31711303349303, 17.775136289036983, 40.86166887657422], [98.67538799339826, 75.80208630751594, 77.48837219603868, 113.57809464339248, 61.458182955362915, 82.94060194293742, 47.996766485159064, 61.127654740646214, 92.85828676278554, 69.0690531377035, 50.50554115698645, 55.39349105554243, 53.18369467745125, 17.983751156823583, 93.42627053948485, 62.692405505622766, 4.651160469596442, 72.04302997267011, 51.42959610802363, 91.9894823521839, 120.84851189187822, 64.57138034641646, 76.48026733923771, 30.466843860856734, 53.31711303349303, 0.0, 50.84754093283497, 14.733158897513585], [48.17978889371017, 28.234776351298827, 66.13153016562902, 71.7214935100163, 15.221193545759244, 40.36235119992656, 52.230650848110194, 12.039847378825828, 43.830758968751496, 21.326369553906172, 45.46550221895685, 66.0897476928479, 48.45320892352833, 35.86699259229781, 42.59135333781349, 18.79875042329188, 48.30509504844542, 34.111959904687325, 21.15145082392931, 62.59970617678582, 77.0457416551098, 44.528290368005045, 36.46289714361011, 49.429514011561366, 17.775136289036983, 50.84754093283497, 0.0, 42.25158730704648], [90.33992602042998, 69.48108762462807, 82.51085659990477, 110.34821916185719, 55.19306799659665, 78.85931351990627, 55.01396957505437, 50.891535001610464, 85.88636033563503, 57.893798612884616, 55.13686908179816, 64.80067047207791, 58.22402918282981, 6.460456733122676, 83.94103912647996, 57.294794175004675, 10.138553894756237, 69.12041346953401, 38.35335292062412, 92.5480230489543, 116.86677891069414, 66.38637349161223, 73.08475060443564, 39.41043766785391, 40.86166887657422, 14.733158897513585, 42.25158730704648, 0.0]]",Route_1,1629.3302774946346
