instance_id,num_cities,city_coordinates,distance_matrix,best_route,total_distance
1335,44,"[[60.32036959170639, 25.824107371710237], [62.47785960706055, 81.42127549146734], [36.80130675107256, 88.0070372663822], [88.35553181190087, 44.66785801804304], [49.262277888665764, 43.17949159639205], [3.440782857302216, 78.72654784530657], [62.143191966716046, 57.25199619484681], [87.81200608079108, 85.26927656271867], [93.00989815427538, 39.13934274129046], [62.09596255413382, 56.055702157416846], [67.86840266232193, 91.50280065346024], [1.3023382175451181, 0.3942074125060424], [62.884434954470194, 67.70595214153181], [31.808928491590848, 99.8595212815478], [63.75477030993191, 1.7496213659608406], [31.69026872348254, 89.53818164847253], [66.28162654689295, 8.960730386435344], [79.96435226680045, 45.31439065288703], [93.42529716392379, 73.84231657471636], [37.662092285542435, 94.32380916870234], [18.698311721215976, 69.97381238200188], [62.246022552431704, 75.53189814976318], [81.15969373230364, 41.6801456248681], [92.10061298705034, 64.14444447708098], [73.8305386899777, 71.12398917668861], [9.414371505139085, 9.6567165083146], [58.44672570478574, 61.76647881102004], [88.67781428344037, 55.935980727386], [32.02092032558315, 77.21031487009262], [95.17596871943188, 67.49893758230291], [71.55530302852273, 81.14709735317386], [78.56980532210027, 63.438528743385746], [4.820314011824656, 46.95891986019669], [93.95307045978271, 98.95984253548657], [67.83710616987962, 34.61603475192121], [53.5536542308678, 78.35228706909295], [4.9772773283255916, 95.74535137995458], [87.7395973136949, 59.5676302470534], [79.09576708902682, 1.3134254717788507], [82.6933037879112, 58.860551005039085], [53.399007926256594, 37.482768733758206], [12.112499414158851, 87.82404204036898], [47.78733202897837, 34.709279229585], [56.48359883769074, 19.69574116289693]]","[[0.0, 55.639013885068884, 66.48205086478131, 33.77953906041034, 20.578890973499764, 77.67854011977188, 31.48070642933968, 65.4944136319701, 35.29731959498248, 30.28369286687779, 66.11099420242671, 64.26358097100268, 41.96025920448962, 79.3356463792054, 24.31822330546316, 69.8510267402667, 17.886029962886095, 27.672318257058173, 58.32396286797925, 72.14989034475289, 60.67612507296608, 49.74507617201762, 26.1857094561611, 49.78385386986986, 47.27159782161901, 53.41165760879738, 35.99117400275112, 41.362659324963715, 58.663456681589196, 54.32958920914483, 56.45225371779959, 41.80773372958328, 59.38801620102699, 80.49841194475535, 11.56716541960695, 52.96223276161172, 89.1730801583837, 43.47918335145073, 30.875379809518304, 39.89930817051625, 13.558378666303287, 78.53655611225405, 15.363050136373348, 7.2303307122284926], [55.639013885068884, 0.0, 26.50768991674444, 44.949611952907624, 40.460914913447155, 59.09854472187821, 24.17159622671915, 25.624716384709203, 52.153304928250634, 25.368448039328847, 11.432195940523528, 101.52748484401496, 13.721348261246344, 35.78480464639769, 79.68188609739006, 31.839596699333438, 72.56031449663747, 40.11838180043704, 31.861960228425186, 27.969584963812203, 45.2514444491171, 5.8939387418667115, 43.913190835522336, 34.29280402229247, 15.327016272198378, 89.25181060118148, 20.063924668114947, 36.55048391275372, 30.74666388001095, 35.538680791237844, 9.081583161616978, 24.13151254068887, 67.17176877024215, 36.031794739935954, 47.11106116834938, 9.437167558814226, 59.257878062353115, 33.40265262561475, 81.81333927823809, 30.29274620732845, 44.86666829550962, 50.770709339544005, 48.96756268482743, 62.01590723611749], [66.48205086478131, 26.50768991674444, 0.0, 67.3507429769131, 46.52724634541554, 34.627330800417155, 39.850767841971106, 51.08411474986593, 74.48125479427617, 40.751778212008645, 31.26315419175107, 94.5313954300296, 33.05243764265049, 12.86099599624779, 90.37052061174055, 5.335458072019502, 84.36473129585949, 60.71005331127274, 58.368789627227784, 6.375151684649849, 25.552213774576277, 28.338360188813567, 64.13928113676704, 60.22820439634957, 40.696453540623644, 82.99889749302115, 34.01604135890954, 60.98954583601443, 11.807680080335192, 61.872314588775076, 35.4245540955119, 48.45842634591525, 52.03587069685504, 58.191821060000855, 61.75613325867807, 19.335339341626735, 32.75134125528569, 58.33960333301203, 96.46037373591382, 54.36536630440257, 53.180686297352395, 24.689485514525973, 54.418230062689155, 71.09026513609999], [33.77953906041034, 44.949611952907624, 67.3507429769131, 0.0, 39.12157636025976, 91.49048553140517, 29.076576377083228, 40.60505643464012, 7.226867040032993, 28.622508131645887, 51.11980352519312, 97.66480764798315, 34.34429437276798, 79.01669469711194, 49.46890441278127, 72.27930536176413, 41.97923602626025, 8.41605005962002, 29.611679330960296, 70.96152686977094, 74.11153511453452, 40.426420160864325, 7.791438314721664, 19.83338229109798, 30.18115804728792, 86.35674160360668, 34.45140803762646, 11.272730609052633, 65.05843488189575, 23.828062314824844, 40.161954504774826, 21.168337733804773, 83.56662956749389, 54.579776673753976, 22.848302821008467, 48.433577646715584, 97.77956662239795, 14.912497704357529, 44.332268880935416, 15.280489534657606, 35.68730965190237, 87.6096810208324, 41.772624110929875, 40.48983491865107], [20.578890973499764, 40.460914913447155, 46.52724634541554, 39.12157636025976, 0.0, 57.993125582889284, 19.077560985609363, 57.075665061375815, 43.93378064400281, 18.1796661274215, 51.78156117111371, 64.27080484911806, 28.055488411320574, 59.30636702991099, 43.89153089026203, 49.57724931302813, 38.217559413106656, 30.77621102575717, 53.76412472232912, 52.443355403370575, 40.64593035283088, 34.860519722007616, 31.93263496556909, 47.69331403132933, 37.208794441858515, 52.073333797214595, 20.73234611431556, 41.42840238576632, 38.14919846214212, 51.95673641372033, 44.02860498345032, 35.62807531125961, 44.60237921043782, 71.47527188841708, 20.453778105858497, 35.43362036646637, 68.73376818867482, 41.82194637470888, 51.40821501101303, 36.92599513694299, 7.040254738115755, 58.07961712210006, 8.59767194232369, 24.568964379304006], [77.67854011977188, 59.09854472187821, 34.627330800417155, 91.49048553140517, 57.993125582889284, 0.0, 62.50703323496689, 84.62452722052535, 97.9273875023219, 62.883999152977815, 65.68219568161545, 78.3615243800008, 60.45660678796985, 35.37448590418081, 97.79173938857295, 30.24772515739461, 93.89483969486352, 83.49987379284623, 90.11697137666798, 37.608145125406814, 17.589842669101763, 58.89195193130271, 86.09683516294268, 89.85100565534817, 70.79912869868846, 69.32766664365738, 57.56125163847976, 88.23129533162769, 28.62032879162924, 92.41971411650968, 68.1575154922452, 76.6687259876987, 31.797567422786205, 92.74621513061227, 78.05526133157022, 50.11426891048238, 17.088021799214594, 86.4485641424424, 108.2426355680666, 81.70446685655646, 64.78328154271358, 12.568335954757725, 62.48308859062969, 79.36105130796453], [31.48070642933968, 24.17159622671915, 39.850767841971106, 29.076576377083228, 19.077560985609363, 62.50703323496689, 0.0, 37.99810544270432, 35.78857032626115, 1.197225977584578, 34.72600817213596, 83.27315071585367, 10.480202102160309, 52.302664698771984, 55.525766959155796, 44.3821845474531, 48.46826790956177, 21.449945932722844, 35.40916316260364, 44.42570830913202, 45.269219417233195, 18.280191180912578, 24.57864661803701, 30.740086491629132, 18.13908108802657, 71.03266259762788, 5.834759302432219, 26.567236932014602, 36.13427366317005, 34.585606078146505, 25.681972159599944, 17.552971580374045, 58.239675114669964, 52.453911351948605, 23.341109857900978, 22.78162490897776, 68.91792357471753, 25.700936320503704, 58.4509495031284, 20.61297029641817, 21.616732152239976, 58.63207470718746, 26.725732968954176, 37.980301294368], [65.4944136319701, 25.624716384709203, 51.08411474986593, 40.60505643464012, 57.075665061375815, 84.62452722052535, 37.99810544270432, 0.0, 46.421857743706646, 38.91976135845436, 20.895074536910126, 121.19282155747719, 30.493510243683744, 57.87244543318783, 86.91538067062713, 56.28386051643842, 79.28777624837049, 40.71828309803724, 12.73123919150775, 50.96075366773623, 70.78597299276429, 27.357559323328434, 44.09382718135181, 21.555757463907465, 19.888956373670265, 108.91945806438044, 37.61251379153824, 29.34607074902737, 56.37013494136926, 19.23571920210371, 16.77118825740247, 23.70653549583436, 91.4073540977126, 15.004808174769517, 54.449495244621424, 34.949669742761095, 83.49455330182236, 25.701748313394997, 84.40709540415196, 26.90022116533566, 58.88806986539204, 75.74260449850726, 64.48478784395846, 72.67294988660647], [35.29731959498248, 52.153304928250634, 74.48125479427617, 7.226867040032993, 43.93378064400281, 97.9273875023219, 35.78857032626115, 46.421857743706646, 0.0, 35.2396740930626, 58.08637120780994, 99.55632607320739, 41.51619811144529, 86.21194099203173, 47.47476982265066, 79.37342071954468, 40.31313863720635, 14.43320768965538, 34.70545993385853, 78.15820461961174, 80.45480965251247, 47.65326988995057, 12.119530689581795, 25.021628890473327, 37.29430837350617, 88.64218705187622, 41.3110176162633, 17.346296385681192, 71.89613574748466, 28.44219543635156, 47.16938731361878, 28.265999387360395, 88.53557780653446, 59.827934692961726, 25.5759608119881, 55.62778251376532, 104.66127528119445, 21.09717993875801, 40.303883939154694, 22.256643383543796, 39.64551503131956, 94.41710156936138, 45.439035527557195, 41.37903072939286], [30.28369286687779, 25.368448039328847, 40.751778212008645, 28.622508131645887, 18.1796661274215, 62.883999152977815, 1.197225977584578, 38.91976135845436, 35.2396740930626, 0.0, 35.91403425669164, 82.42612909275798, 11.676900848190112, 53.25484956476, 54.33140946173624, 45.22811791565364, 47.28061071062666, 20.848384200246194, 36.02625236576614, 45.40332620557168, 45.57488222737996, 19.476774074147304, 23.876399897263173, 31.07582339883278, 19.098522214639296, 70.20125287143469, 6.777160140499796, 26.58212133332564, 36.769903509152826, 35.003349052419615, 26.815242588499373, 18.052524032449575, 57.99354588318548, 53.4381940721547, 22.195046034529657, 23.876949767784883, 69.55438488932997, 25.88299910343752, 57.32111487882553, 20.787439547925903, 20.508312357651747, 59.22477527508234, 25.698378923956962, 36.79056115376139], [66.11099420242671, 11.432195940523528, 31.26315419175107, 51.11980352519312, 51.78156117111371, 65.68219568161545, 34.72600817213596, 20.895074536910126, 58.08637120780994, 35.91403425669164, 0.0, 112.83535216416806, 24.31316378451351, 37.01513821567503, 89.8473993131946, 36.231438049453146, 82.55732082866407, 47.746007322237276, 31.06521454072985, 30.337753305434546, 53.67676572921678, 16.931653341675947, 51.56505960827615, 36.54695158143157, 21.233064385954048, 100.57661382458232, 31.19321774696151, 41.20716311117438, 38.59167189628566, 36.35778604786455, 10.992444002761797, 30.03536876299852, 77.19597657006119, 27.129640022200487, 56.88677451048655, 19.438313460494637, 63.03406128787287, 37.61275695504116, 90.88551648987932, 35.85099936533638, 55.92429912510037, 55.87713317585214, 60.239135730067616, 72.70397204284396], [64.26358097100268, 101.52748484401496, 94.5313954300296, 97.66480764798315, 64.27080484911806, 78.3615243800008, 83.27315071585367, 121.19282155747719, 99.55632607320739, 82.42612909275798, 112.83535216416806, 0.0, 91.23171387725611, 104.0384578567728, 62.467138731011225, 94.18107274296858, 65.54153818496617, 90.58440989836302, 117.8187773851865, 100.72140687045074, 71.72127523860341, 96.74608637892283, 89.89842002997334, 110.9433162786658, 101.30667249583446, 12.312561017471907, 83.85724010426746, 103.53435372234351, 82.73056056659934, 115.39195515618067, 107.0350797566016, 99.7238583530778, 46.69741533559703, 135.27506278771168, 74.81984237433105, 93.84914602097804, 95.42193580812035, 104.75158103824046, 77.79885948664528, 100.21378452865977, 63.95017103666618, 88.09560470393647, 57.77870544984782, 58.45956490383684], [41.96025920448962, 13.721348261246344, 33.05243764265049, 34.34429437276798, 28.055488411320574, 60.45660678796985, 10.480202102160309, 30.493510243683744, 41.51619811144529, 11.676900848190112, 24.31316378451351, 91.23171387725611, 0.0, 44.71620635034064, 65.96207283740785, 38.07521834592973, 58.8433682735029, 28.162130624222996, 31.151231644249364, 36.66983613854452, 44.2442841105451, 7.851942518818452, 31.80137871601785, 29.43245480206095, 11.467352098989325, 78.922502766171, 7.4142165350491, 28.35190724268749, 32.29379888033584, 32.29219732259472, 15.995259852783624, 16.255514326799137, 61.65939903473703, 44.06887537615753, 33.45850542118101, 14.156550296656256, 64.33853288652782, 26.153611206897747, 68.34306758677697, 21.694063836126634, 31.676712916707235, 54.61251669431857, 36.286401585179235, 48.43501895536845], [79.3356463792054, 35.78480464639769, 12.86099599624779, 79.01669469711194, 59.30636702991099, 35.37448590418081, 52.302664698771984, 57.87244543318783, 86.21194099203173, 53.25484956476, 37.01513821567503, 104.0384578567728, 44.71620635034064, 0.0, 103.17988791876525, 10.32202169935027, 97.21603312934245, 72.76067697779955, 66.88401774057853, 8.056279227728497, 32.63500985947503, 38.96472689639459, 76.29113829040041, 70.07605818287009, 50.90723454495012, 92.94117586719815, 46.482815373347655, 71.85643733180432, 22.65019848933739, 71.15187393591722, 43.93095831080001, 59.271142214596544, 59.38736348987132, 62.15065408190729, 74.53014236776896, 30.584215225272036, 27.145237116782184, 68.93240310640165, 109.30406261383024, 65.34627160772696, 66.00750554598585, 23.082505907443302, 67.08102130284647, 83.87533010128845], [24.31822330546316, 79.68188609739006, 90.37052061174055, 49.46890441278127, 43.89153089026203, 97.79173938857295, 55.525766959155796, 86.91538067062713, 47.47476982265066, 54.33140946173624, 89.8473993131946, 62.467138731011225, 65.96207283740785, 103.17988791876525, 0.0, 93.46102705654162, 7.641014052299452, 46.482681401136325, 77.95958482608778, 96.18112129634231, 81.75955418389907, 73.79770109696766, 43.55890410616187, 68.53174992763516, 70.10223974728962, 54.91266789962188, 60.25112874553289, 59.64327004575575, 81.86179511196703, 72.871560244074, 79.77974369370884, 63.442939369423, 74.27752560158712, 101.79275235383209, 33.11897635692036, 77.27891796657323, 110.86023156238844, 62.595479688029684, 15.34719678098583, 60.169147696608505, 37.20348955885547, 100.37793601039716, 36.623737271655145, 19.363190603428848], [69.8510267402667, 31.839596699333438, 5.335458072019502, 72.27930536176413, 49.57724931302813, 30.24772515739461, 44.3821845474531, 56.28386051643842, 79.37342071954468, 45.22811791565364, 36.231438049453146, 94.18107274296858, 38.07521834592973, 10.32202169935027, 93.46102705654162, 0.0, 87.68858356680872, 65.46854841806457, 63.699088823590316, 7.652771224775679, 23.48521857559696, 33.61294496918649, 68.83033940596249, 65.53053930475845, 45.98787706816871, 82.92927148974883, 38.56391407370491, 66.15654355911694, 12.3323002634324, 67.20239864010715, 40.73857208829047, 53.65522186578995, 50.348664338203385, 62.97161403302057, 65.7497990651121, 24.558743114938462, 27.424676212366776, 63.55911568546799, 100.15432530711128, 59.51828801031047, 56.40066818305849, 19.652667140242464, 57.14301346202379, 74.11258807472096], [17.886029962886095, 72.56031449663747, 84.36473129585949, 41.97923602626025, 38.217559413106656, 93.89483969486352, 48.46826790956177, 79.28777624837049, 40.31313863720635, 47.28061071062666, 82.55732082866407, 65.54153818496617, 58.8433682735029, 97.21603312934245, 7.641014052299452, 87.68858356680872, 0.0, 38.84334689357762, 70.33064112371791, 90.03295485834138, 77.37420774649144, 66.6933765599947, 35.943247164364266, 60.9250552862708, 62.619939459951674, 56.871513894618005, 53.38382468394506, 52.04097779371235, 76.36623450828755, 65.280967450629, 72.37874853497767, 55.84648468285182, 72.25894644829255, 94.15704432405312, 25.702415430135062, 70.54919856468949, 106.25344076358583, 54.968198287114625, 14.922582561047811, 52.529375092724905, 31.296462004688685, 95.67505557535765, 31.70215603462056, 14.534159878061088], [27.672318257058173, 40.11838180043704, 60.71005331127274, 8.41605005962002, 30.77621102575717, 83.49987379284623, 21.449945932722844, 40.71828309803724, 14.43320768965538, 20.848384200246194, 47.746007322237276, 90.58440989836302, 28.162130624222996, 72.76067697779955, 46.482681401136325, 65.46854841806457, 38.84334689357762, 0.0, 31.544248206682198, 64.74105577437152, 66.0425226967258, 35.02908744444892, 3.825778109461079, 22.402226480685393, 26.528457266773657, 79.04915882456497, 27.086518004817478, 13.738362203192992, 57.58404855488938, 26.898836360806076, 36.80618125479143, 18.177710051170887, 75.16203138273313, 55.43932489101013, 16.17173203089303, 42.29689788096958, 90.3678217491352, 16.236048610051917, 44.009537342264146, 13.818308025615476, 27.69570042110949, 80.06837326074368, 33.87962543603253, 34.751416996859525], [58.32396286797925, 31.861960228425186, 58.368789627227784, 29.611679330960296, 53.76412472232912, 90.11697137666798, 35.40916316260364, 12.73123919150775, 34.70545993385853, 36.02625236576614, 31.06521454072985, 117.8187773851865, 31.151231644249364, 66.88401774057853, 77.95958482608778, 63.699088823590316, 70.33064112371791, 31.544248206682198, 0.0, 59.40561048575998, 74.8270517797121, 31.225019634862882, 34.42165405306717, 9.787926817797208, 19.782412984647507, 105.72429657335121, 37.004409453700795, 18.52499547038734, 61.49667395414651, 6.580524898262857, 23.05767693640881, 18.136274124026365, 92.59352060643347, 25.12307017547392, 46.83435388674677, 40.12589866957824, 91.11967485959248, 15.365345832100907, 73.93088310570316, 18.429025514322387, 54.07513799646116, 82.50611931784852, 60.11837051612377, 65.54800305161292], [72.14989034475289, 27.969584963812203, 6.375151684649849, 70.96152686977094, 52.443355403370575, 37.608145125406814, 44.42570830913202, 50.96075366773623, 78.15820461961174, 45.40332620557168, 30.337753305434546, 100.72140687045074, 36.66983613854452, 8.056279227728497, 96.18112129634231, 7.652771224775679, 90.03295485834138, 64.74105577437152, 59.40561048575998, 0.0, 30.863365286440306, 30.943586526306245, 68.28906678918452, 62.244249448108754, 42.96961906943493, 89.25497358046954, 38.6261666023382, 63.845354282099045, 18.01928156698758, 63.46195488699921, 36.36448086715336, 51.25759975683418, 57.63692513820489, 56.48156362204159, 66.89954998895855, 22.530673741378095, 32.715713518825744, 60.95693958097232, 101.82180946717568, 57.318868524716166, 58.97927086366792, 26.363396378615896, 60.468278127659396, 76.96491176615275], [60.67612507296608, 45.2514444491171, 25.552213774576277, 74.11153511453452, 40.64593035283088, 17.589842669101763, 45.269219417233195, 70.78597299276429, 80.45480965251247, 45.57488222737996, 53.67676572921678, 71.72127523860341, 44.2442841105451, 32.63500985947503, 81.75955418389907, 23.48521857559696, 77.37420774649144, 66.0425226967258, 74.8270517797121, 30.863365286440306, 0.0, 43.90097306485329, 68.57080881321703, 73.63341199001465, 55.144223244090526, 61.027400408105805, 40.586903534941044, 71.37360504009662, 15.161097199256444, 76.51769092968598, 54.02502963541732, 60.22711746578855, 26.875343685469687, 80.64408631052007, 60.53753842704748, 35.84820413280653, 29.19655813848403, 69.82111244378709, 91.44452605579094, 64.95277967915675, 47.53741930802087, 19.02639279002285, 45.71387536539997, 62.8936592033555], [49.74507617201762, 5.8939387418667115, 28.338360188813567, 40.426420160864325, 34.860519722007616, 58.89195193130271, 18.280191180912578, 27.357559323328434, 47.65326988995057, 19.476774074147304, 16.931653341675947, 96.74608637892283, 7.851942518818452, 38.96472689639459, 73.79770109696766, 33.61294496918649, 66.6933765599947, 35.02908744444892, 31.225019634862882, 30.943586526306245, 43.90097306485329, 0.0, 38.7771595982359, 31.952631678256264, 12.394784211755157, 84.44360786155893, 14.280105955768537, 32.90348908149474, 30.271668062902098, 33.89557213029308, 10.871667998817546, 20.315399762506125, 64.14146154966215, 39.42341265212335, 41.29610264429512, 9.138482406505242, 60.73131705333511, 30.079564554321685, 76.10713223871481, 26.382288102867278, 39.06412570519979, 51.618474829106454, 43.307504513133615, 56.13271732359108], [26.1857094561611, 43.913190835522336, 64.13928113676704, 7.791438314721664, 31.93263496556909, 86.09683516294268, 24.57864661803701, 44.09382718135181, 12.119530689581795, 23.876399897263173, 51.56505960827615, 89.89842002997334, 31.80137871601785, 76.29113829040041, 43.55890410616187, 68.83033940596249, 35.943247164364266, 3.825778109461079, 34.42165405306717, 68.28906678918452, 68.57080881321703, 38.7771595982359, 0.0, 24.986965343162822, 30.342320885827665, 78.56774957870817, 30.32061505781436, 16.116791588017946, 60.6383705133253, 29.377984659538804, 40.61877151656965, 21.911977498836094, 76.52167244340029, 58.691005837892384, 15.079555755516859, 45.9014092927447, 93.41738083723466, 19.059308414769962, 40.41944939143345, 17.248718469198476, 28.07621144649123, 83.04681944308355, 34.09263122668091, 33.04880782714376], [49.78385386986986, 34.29280402229247, 60.22820439634957, 19.83338229109798, 47.69331403132933, 89.85100565534817, 30.740086491629132, 21.555757463907465, 25.021628890473327, 31.07582339883278, 36.54695158143157, 110.9433162786658, 29.43245480206095, 70.07605818287009, 68.53174992763516, 65.53053930475845, 60.9250552862708, 22.402226480685393, 9.787926817797208, 62.244249448108754, 73.63341199001465, 31.952631678256264, 24.986965343162822, 0.0, 19.55785415208875, 99.02488086134326, 33.737795569899575, 8.893504826303893, 61.48403402041324, 4.55087210034225, 26.668332645984513, 13.549209316006236, 88.9561287689742, 34.8646459992571, 38.21838227821528, 41.082001174117934, 92.67735933542185, 6.321841994184507, 64.16278489962836, 10.789670828718306, 46.99637419763085, 83.41955198698362, 53.19864493026508, 56.95839642430287], [47.27159782161901, 15.327016272198378, 40.696453540623644, 30.18115804728792, 37.208794441858515, 70.79912869868846, 18.13908108802657, 19.888956373670265, 37.29430837350617, 19.098522214639296, 21.233064385954048, 101.30667249583446, 11.467352098989325, 50.90723454495012, 70.10223974728962, 45.98787706816871, 62.619939459951674, 26.528457266773657, 19.782412984647507, 42.96961906943493, 55.144223244090526, 12.394784211755157, 30.342320885827665, 19.55785415208875, 0.0, 89.0374539397512, 18.006240646146974, 21.23951960860508, 42.25029642762886, 21.651059609272764, 10.278102686424278, 9.029227557339233, 73.11881895380986, 34.347503796336, 36.99664808673703, 21.526735325855373, 73.12306802152375, 18.08345496603349, 70.0088382626895, 15.13078058036065, 39.35961333954794, 63.937533090519196, 44.76918263403082, 54.27504966379054], [53.41165760879738, 89.25181060118148, 82.99889749302115, 86.35674160360668, 52.073333797214595, 69.32766664365738, 71.03266259762788, 108.91945806438044, 88.64218705187622, 70.20125287143469, 100.57661382458232, 12.312561017471907, 78.922502766171, 92.94117586719815, 54.91266789962188, 82.92927148974883, 56.871513894618005, 79.04915882456497, 105.72429657335121, 89.25497358046954, 61.027400408105805, 84.44360786155893, 78.56774957870817, 99.02488086134326, 89.0374539397512, 0.0, 71.55137375064204, 91.7848770644035, 71.23583860105487, 103.44454599213402, 94.72259457984075, 87.6068339440511, 37.58403569545242, 122.9708906171246, 63.530964835207, 81.65388964533588, 86.20290516448074, 92.87594041621911, 70.17910939758774, 88.26561757379912, 52.04745357412802, 78.21387776505901, 45.82701166634494, 48.12789396699942], [35.99117400275112, 20.063924668114947, 34.01604135890954, 34.45140803762646, 20.73234611431556, 57.56125163847976, 5.834759302432219, 37.61251379153824, 41.3110176162633, 6.777160140499796, 31.19321774696151, 83.85724010426746, 7.4142165350491, 46.482815373347655, 60.25112874553289, 38.56391407370491, 53.38382468394506, 27.086518004817478, 37.004409453700795, 38.6261666023382, 40.586903534941044, 14.280105955768537, 30.32061505781436, 33.737795569899575, 18.006240646146974, 71.55137375064204, 0.0, 30.78820268469276, 30.60776473640313, 37.17389374269784, 23.397503596086228, 20.192426408460758, 55.63322598182728, 51.42029582763175, 28.728485130362717, 17.292518151571475, 63.35255078320706, 29.37528318337194, 63.88234942552788, 24.42009347145652, 24.802782704531104, 53.158791628502414, 29.081174713643374, 42.116514971606016], [41.362659324963715, 36.55048391275372, 60.98954583601443, 11.272730609052633, 41.42840238576632, 88.23129533162769, 26.567236932014602, 29.34607074902737, 17.346296385681192, 26.58212133332564, 41.20716311117438, 103.53435372234351, 28.35190724268749, 71.85643733180432, 59.64327004575575, 66.15654355911694, 52.04097779371235, 13.738362203192992, 18.52499547038734, 63.845354282099045, 71.37360504009662, 32.90348908149474, 16.116791588017946, 8.893504826303893, 21.23951960860508, 91.7848770644035, 30.78820268469276, 0.0, 60.519426023116004, 13.263784614606275, 30.47590512509609, 12.588092464504443, 84.33663482507025, 43.346061096812164, 29.814010315141676, 41.66770223331239, 92.68530562245628, 3.7508838046544195, 55.45664226301323, 6.660891620498757, 39.81350538284012, 82.94031525942485, 46.07173097984511, 48.47496747661521], [58.663456681589196, 30.74666388001095, 11.807680080335192, 65.05843488189575, 38.14919846214212, 28.62032879162924, 36.13427366317005, 56.37013494136926, 71.89613574748466, 36.769903509152826, 38.59167189628566, 82.73056056659934, 32.29379888033584, 22.65019848933739, 81.86179511196703, 12.3323002634324, 76.36623450828755, 57.58404855488938, 61.49667395414651, 18.01928156698758, 15.161097199256444, 30.271668062902098, 60.6383705133253, 61.48403402041324, 42.25029642762886, 71.23583860105487, 30.60776473640313, 60.519426023116004, 0.0, 63.89734725679285, 39.72990903616045, 48.54339077092506, 40.68193559653762, 65.64017956947384, 55.651342007344574, 21.56299445668632, 32.78576222973982, 58.44514766867784, 89.31057618301192, 53.892525267020496, 45.114305397253396, 22.560949173993077, 45.33120082809032, 62.50079062465671], [54.32958920914483, 35.538680791237844, 61.872314588775076, 23.828062314824844, 51.95673641372033, 92.41971411650968, 34.585606078146505, 19.23571920210371, 28.44219543635156, 35.003349052419615, 36.35778604786455, 115.39195515618067, 32.29219732259472, 71.15187393591722, 72.871560244074, 67.20239864010715, 65.280967450629, 26.898836360806076, 6.580524898262857, 63.46195488699921, 76.51769092968598, 33.89557213029308, 29.377984659538804, 4.55087210034225, 21.651059609272764, 103.44454599213402, 37.17389374269784, 13.263784614606275, 63.89734725679285, 0.0, 27.28017802018368, 17.09536728818755, 92.6608691177931, 31.48466326049413, 42.76328687151674, 43.0140937190049, 94.51806081959255, 10.872224047095667, 68.11090146082937, 15.180205744681722, 51.442053278021966, 85.51403279146255, 57.62676966712398, 61.49995995915589], [56.45225371779959, 9.081583161616978, 35.4245540955119, 40.161954504774826, 44.02860498345032, 68.1575154922452, 25.681972159599944, 16.77118825740247, 47.16938731361878, 26.815242588499373, 10.992444002761797, 107.0350797566016, 15.995259852783624, 43.93095831080001, 79.77974369370884, 40.73857208829047, 72.37874853497767, 36.80618125479143, 23.05767693640881, 36.36448086715336, 54.02502963541732, 10.871667998817546, 40.61877151656965, 26.668332645984513, 10.278102686424278, 94.72259457984075, 23.397503596086228, 30.47590512509609, 39.72990903616045, 27.28017802018368, 0.0, 19.0472214413068, 74.9825995771694, 28.617370194251166, 46.67938275814406, 18.21730836205271, 68.15968402777797, 26.974150257110818, 80.18898779953513, 24.91475885983442, 47.28873698487721, 59.81662387573955, 52.16691861241854, 63.27262792740815], [41.80773372958328, 24.13151254068887, 48.45842634591525, 21.168337733804773, 35.62807531125961, 76.6687259876987, 17.552971580374045, 23.70653549583436, 28.265999387360395, 18.052524032449575, 30.03536876299852, 99.7238583530778, 16.255514326799137, 59.271142214596544, 63.442939369423, 53.65522186578995, 55.84648468285182, 18.177710051170887, 18.136274124026365, 51.25759975683418, 60.22711746578855, 20.315399762506125, 21.911977498836094, 13.549209316006236, 9.029227557339233, 87.6068339440511, 20.192426408460758, 12.588092464504443, 48.54339077092506, 17.09536728818755, 19.0472214413068, 0.0, 75.5682802336225, 38.7092828635862, 30.755926111565667, 29.124354118451663, 80.37158058284797, 9.953338150491076, 62.12732967292325, 6.161259592838365, 36.15619613869787, 70.79001883951615, 42.10618054001079, 49.002367107964695], [59.38801620102699, 67.17176877024215, 52.03587069685504, 83.56662956749389, 44.60237921043782, 31.797567422786205, 58.239675114669964, 91.4073540977126, 88.53557780653446, 57.99354588318548, 77.19597657006119, 46.69741533559703, 61.65939903473703, 59.38736348987132, 74.27752560158712, 50.348664338203385, 72.25894644829255, 75.16203138273313, 92.59352060643347, 57.63692513820489, 26.875343685469687, 64.14146154966215, 76.52167244340029, 88.9561287689742, 73.11881895380986, 37.58403569545242, 55.63322598182728, 84.33663482507025, 40.68193559653762, 92.6608691177931, 74.9825995771694, 75.5682802336225, 0.0, 103.19275280315225, 64.2141955231675, 57.96966408060005, 48.786684022535844, 83.87244554032897, 87.18000967989592, 78.7772261543548, 49.49431222477152, 41.510651389040206, 44.67905922090957, 58.415545120108774], [80.49841194475535, 36.031794739935954, 58.191821060000855, 54.579776673753976, 71.47527188841708, 92.74621513061227, 52.453911351948605, 15.004808174769517, 59.827934692961726, 53.4381940721547, 27.129640022200487, 135.27506278771168, 44.06887537615753, 62.15065408190729, 101.79275235383209, 62.97161403302057, 94.15704432405312, 55.43932489101013, 25.12307017547392, 56.48156362204159, 80.64408631052007, 39.42341265212335, 58.691005837892384, 34.8646459992571, 34.347503796336, 122.9708906171246, 51.42029582763175, 43.346061096812164, 65.64017956947384, 31.48466326049413, 28.617370194251166, 38.7092828635862, 103.19275280315225, 0.0, 69.44184034773198, 45.35178247806367, 89.03384028986308, 39.87923817620066, 98.77024971533798, 41.6501563832455, 73.64823549275503, 82.5947039569782, 79.11643501818766, 87.67416421068936], [11.56716541960695, 47.11106116834938, 61.75613325867807, 22.848302821008467, 20.453778105858497, 78.05526133157022, 23.341109857900978, 54.449495244621424, 25.5759608119881, 22.195046034529657, 56.88677451048655, 74.81984237433105, 33.45850542118101, 74.53014236776896, 33.11897635692036, 65.7497990651121, 25.702415430135062, 16.17173203089303, 46.83435388674677, 66.89954998895855, 60.53753842704748, 41.29610264429512, 15.079555755516859, 38.21838227821528, 36.99664808673703, 63.530964835207, 28.728485130362717, 29.814010315141676, 55.651342007344574, 42.76328687151674, 46.67938275814406, 30.755926111565667, 64.2141955231675, 69.44184034773198, 0.0, 46.00952907871771, 87.68210440791111, 31.91694332924672, 35.154249110998755, 28.4341902647799, 14.719947167538653, 77.04754271024633, 20.049990963433554, 18.748794348564008], [52.96223276161172, 9.437167558814226, 19.335339341626735, 48.433577646715584, 35.43362036646637, 50.11426891048238, 22.78162490897776, 34.949669742761095, 55.62778251376532, 23.876949767784883, 19.438313460494637, 93.84914602097804, 14.156550296656256, 30.584215225272036, 77.27891796657323, 24.558743114938462, 70.54919856468949, 42.29689788096958, 40.12589866957824, 22.530673741378095, 35.84820413280653, 9.138482406505242, 45.9014092927447, 41.082001174117934, 21.526735325855373, 81.65388964533588, 17.292518151571475, 41.66770223331239, 21.56299445668632, 43.0140937190049, 18.21730836205271, 29.124354118451663, 57.96966408060005, 45.35178247806367, 46.00952907871771, 0.0, 51.596347536425526, 39.00694856540423, 81.16271142260496, 35.057765917097996, 40.86981091761733, 42.509804219477786, 44.02229668037954, 58.72967693632182], [89.1730801583837, 59.257878062353115, 32.75134125528569, 97.77956662239795, 68.73376818867482, 17.088021799214594, 68.91792357471753, 83.49455330182236, 104.66127528119445, 69.55438488932997, 63.03406128787287, 95.42193580812035, 64.33853288652782, 27.145237116782184, 110.86023156238844, 27.424676212366776, 106.25344076358583, 90.3678217491352, 91.11967485959248, 32.715713518825744, 29.19655813848403, 60.73131705333511, 93.41738083723466, 92.67735933542185, 73.12306802152375, 86.20290516448074, 63.35255078320706, 92.68530562245628, 32.78576222973982, 94.51806081959255, 68.15968402777797, 80.37158058284797, 48.786684022535844, 89.03384028986308, 87.68210440791111, 51.596347536425526, 0.0, 90.32402291600295, 120.04557116001557, 86.02481774095413, 75.75745858134016, 10.661075736883632, 74.55268531057754, 91.85011905050798], [43.47918335145073, 33.40265262561475, 58.33960333301203, 14.912497704357529, 41.82194637470888, 86.4485641424424, 25.700936320503704, 25.701748313394997, 21.09717993875801, 25.88299910343752, 37.61275695504116, 104.75158103824046, 26.153611206897747, 68.93240310640165, 62.595479688029684, 63.55911568546799, 54.968198287114625, 16.236048610051917, 15.365345832100907, 60.95693958097232, 69.82111244378709, 30.079564554321685, 19.059308414769962, 6.321841994184507, 18.08345496603349, 92.87594041621911, 29.37528318337194, 3.7508838046544195, 58.44514766867784, 10.872224047095667, 26.974150257110818, 9.953338150491076, 83.87244554032897, 39.87923817620066, 31.91694332924672, 39.00694856540423, 90.32402291600295, 0.0, 58.892004338046654, 5.095590191808402, 40.82912180708848, 80.73340537930649, 47.05444842613755, 50.66265863405957], [30.875379809518304, 81.81333927823809, 96.46037373591382, 44.332268880935416, 51.40821501101303, 108.2426355680666, 58.4509495031284, 84.40709540415196, 40.303883939154694, 57.32111487882553, 90.88551648987932, 77.79885948664528, 68.34306758677697, 109.30406261383024, 15.34719678098583, 100.15432530711128, 14.922582561047811, 44.009537342264146, 73.93088310570316, 101.82180946717568, 91.44452605579094, 76.10713223871481, 40.41944939143345, 64.16278489962836, 70.0088382626895, 70.17910939758774, 63.88234942552788, 55.45664226301323, 89.31057618301192, 68.11090146082937, 80.18898779953513, 62.12732967292325, 87.18000967989592, 98.77024971533798, 35.154249110998755, 81.16271142260496, 120.04557116001557, 58.892004338046654, 0.0, 57.659465202520146, 44.36828623546674, 109.41135648313951, 45.77664419900225, 29.14137407869878], [39.89930817051625, 30.29274620732845, 54.36536630440257, 15.280489534657606, 36.92599513694299, 81.70446685655646, 20.61297029641817, 26.90022116533566, 22.256643383543796, 20.787439547925903, 35.85099936533638, 100.21378452865977, 21.694063836126634, 65.34627160772696, 60.169147696608505, 59.51828801031047, 52.529375092724905, 13.818308025615476, 18.429025514322387, 57.318868524716166, 64.95277967915675, 26.382288102867278, 17.248718469198476, 10.789670828718306, 15.13078058036065, 88.26561757379912, 24.42009347145652, 6.660891620498757, 53.892525267020496, 15.180205744681722, 24.91475885983442, 6.161259592838365, 78.7772261543548, 41.6501563832455, 28.4341902647799, 35.057765917097996, 86.02481774095413, 5.095590191808402, 57.659465202520146, 0.0, 36.26520846304962, 76.2924226840355, 42.44656396938699, 47.12569324210272], [13.558378666303287, 44.86666829550962, 53.180686297352395, 35.68730965190237, 7.040254738115755, 64.78328154271358, 21.616732152239976, 58.88806986539204, 39.64551503131956, 20.508312357651747, 55.92429912510037, 63.95017103666618, 31.676712916707235, 66.00750554598585, 37.20348955885547, 56.40066818305849, 31.296462004688685, 27.69570042110949, 54.07513799646116, 58.97927086366792, 47.53741930802087, 39.06412570519979, 28.07621144649123, 46.99637419763085, 39.35961333954794, 52.04745357412802, 24.802782704531104, 39.81350538284012, 45.114305397253396, 51.442053278021966, 47.28873698487721, 36.15619613869787, 49.49431222477152, 73.64823549275503, 14.719947167538653, 40.86981091761733, 75.75745858134016, 40.82912180708848, 44.36828623546674, 36.26520846304962, 0.0, 65.10621770038865, 6.259644591017313, 18.052508160847935], [78.53655611225405, 50.770709339544005, 24.689485514525973, 87.6096810208324, 58.07961712210006, 12.568335954757725, 58.63207470718746, 75.74260449850726, 94.41710156936138, 59.22477527508234, 55.87713317585214, 88.09560470393647, 54.61251669431857, 23.082505907443302, 100.37793601039716, 19.652667140242464, 95.67505557535765, 80.06837326074368, 82.50611931784852, 26.363396378615896, 19.02639279002285, 51.618474829106454, 83.04681944308355, 83.41955198698362, 63.937533090519196, 78.21387776505901, 53.158791628502414, 82.94031525942485, 22.560949173993077, 85.51403279146255, 59.81662387573955, 70.79001883951615, 41.510651389040206, 82.5947039569782, 77.04754271024633, 42.509804219477786, 10.661075736883632, 80.73340537930649, 109.41135648313951, 76.2924226840355, 65.10621770038865, 0.0, 63.983370578152815, 81.30350450321505], [15.363050136373348, 48.96756268482743, 54.418230062689155, 41.772624110929875, 8.59767194232369, 62.48308859062969, 26.725732968954176, 64.48478784395846, 45.439035527557195, 25.698378923956962, 60.239135730067616, 57.77870544984782, 36.286401585179235, 67.08102130284647, 36.623737271655145, 57.14301346202379, 31.70215603462056, 33.87962543603253, 60.11837051612377, 60.468278127659396, 45.71387536539997, 43.307504513133615, 34.09263122668091, 53.19864493026508, 44.76918263403082, 45.82701166634494, 29.081174713643374, 46.07173097984511, 45.33120082809032, 57.62676966712398, 52.16691861241854, 42.10618054001079, 44.67905922090957, 79.11643501818766, 20.049990963433554, 44.02229668037954, 74.55268531057754, 47.05444842613755, 45.77664419900225, 42.44656396938699, 6.259644591017313, 63.983370578152815, 0.0, 17.350255954544423], [7.2303307122284926, 62.01590723611749, 71.09026513609999, 40.48983491865107, 24.568964379304006, 79.36105130796453, 37.980301294368, 72.67294988660647, 41.37903072939286, 36.79056115376139, 72.70397204284396, 58.45956490383684, 48.43501895536845, 83.87533010128845, 19.363190603428848, 74.11258807472096, 14.534159878061088, 34.751416996859525, 65.54800305161292, 76.96491176615275, 62.8936592033555, 56.13271732359108, 33.04880782714376, 56.95839642430287, 54.27504966379054, 48.12789396699942, 42.116514971606016, 48.47496747661521, 62.50079062465671, 61.49995995915589, 63.27262792740815, 49.002367107964695, 58.415545120108774, 87.67416421068936, 18.748794348564008, 58.72967693632182, 91.85011905050798, 50.66265863405957, 29.14137407869878, 47.12569324210272, 18.052508160847935, 81.30350450321505, 17.350255954544423, 0.0]]",Route_0,2304.6743006713723
