instance_id,num_cities,city_coordinates,distance_matrix,best_route,total_distance
1299,76,"[[28.163818456170898, 60.53673684123889], [76.04006192818959, 29.172915794799348], [78.8021597287573, 82.99625743776991], [76.47207524514072, 92.91152059183413], [79.04730548910177, 15.232064556662262], [41.72131596430525, 93.20928953446561], [82.17747354123222, 34.835045951117394], [71.81451985220703, 68.54708356735179], [73.05335906463945, 27.6968445193165], [18.109692192557535, 87.50045771238742], [24.831047488578307, 79.92708465037435], [90.37092140980792, 30.86057372916231], [2.3310920756128173, 31.675423383685654], [62.35499044267515, 43.06504572343193], [8.705017718129682, 85.72193385084559], [36.580105582406, 78.18436509658764], [94.03354279973152, 40.50047655881198], [86.50377235683297, 15.529171311778223], [18.252880356589717, 24.40284051659207], [34.29698994131722, 54.43538214941556], [49.96501652155159, 66.94524977856612], [36.22752847915014, 79.91227175137283], [95.91555719894512, 60.43896827361043], [87.5348880757301, 30.329200983471672], [61.66848260972231, 23.277342714480497], [23.584912585580632, 96.45160144753333], [42.32309226433604, 11.955503347686902], [8.448339168488605, 12.454092062079791], [70.67078674248428, 56.83370253680929], [15.531908051129918, 37.56234517902559], [95.97461032474338, 16.68212219771178], [85.66475268833915, 40.086748675779916], [6.514227495463021, 67.31929376899423], [71.63232952820371, 6.581802517773527], [88.00106480675825, 48.04659199148096], [65.43563894440031, 82.60538063591537], [40.566108314084936, 97.23512888148288], [66.73198852923879, 15.382938951443847], [39.290505537505105, 40.20741463623091], [37.13582197251939, 39.056630768895495], [44.59419488918902, 8.893469863240465], [57.76670344620162, 88.3800653418923], [12.092261140648253, 44.84927460060716], [54.4823733732646, 91.51307128338547], [56.026126653701546, 73.67103658310118], [97.3970456242108, 12.934409813142322], [21.574693056411654, 7.986861781157229], [94.76074030575616, 5.325838856689669], [34.63970100147334, 99.94920605308654], [14.779844070802872, 84.75664514893981], [99.89776333116254, 56.68024873535658], [43.134678212266074, 75.81922086006901], [5.257182735377263, 75.1327706278943], [3.435350899222245, 57.17066421869901], [13.473566151088356, 94.40855508903275], [95.02044481532904, 24.927865966059382], [80.08959378871147, 23.1145437457414], [91.29202402501907, 5.785200395035273], [45.068814353293696, 34.08187252935132], [41.705223435520644, 13.926953727987035], [32.566903946194216, 22.416490301021764], [91.75629336228275, 51.78585803586828], [1.532304357330616, 76.49123053071223], [27.544295229217543, 92.7476243344352], [33.37074090699694, 49.74782131042325], [36.8215429830991, 67.57755743361594], [45.812311006887064, 14.63012111781966], [45.184574318054196, 58.306666042767134], [26.99354460113842, 41.60016681807587], [3.9762561970529076, 85.79836513550151], [55.469965808255374, 14.706285095224336], [72.81345412729351, 46.61252114874066], [60.06254054826321, 23.264053579735254], [44.15950769015461, 84.62659399542432], [65.19039886846873, 57.17614939936209], [51.33923346100768, 32.119427805406445]]","[[0.0, 57.23481422722621, 55.39559253464962, 58.15336874925522, 68.12960137446372, 35.37373938636889, 59.81681912522033, 44.37960553045124, 55.619505425298456, 28.77720796293293, 19.674677900328444, 68.92313338015742, 38.733772947492795, 38.396565371485615, 31.82670379689822, 19.55179459871176, 68.84963551974563, 73.68331680930271, 37.46845550078165, 8.651145677980839, 22.723584117692553, 20.986537884761145, 67.75180928478552, 66.61395597297039, 50.108132780372, 36.205578004779696, 50.6025817773126, 51.96769046726846, 42.66796006318364, 26.218082171084877, 80.75599494387471, 61.02916887472375, 22.687174069156477, 69.28669708298196, 61.12691525988215, 43.3152818465159, 38.737433730942485, 59.38324011585717, 23.17508374787371, 23.27856962909219, 54.19395071307774, 40.63965725407, 22.458660380739005, 40.64725855941325, 30.802890250807106, 84.0191721132223, 52.96136273137187, 86.50660816434817, 39.94095372065359, 27.671912271862013, 71.83753439420893, 21.393479371585823, 27.161703966178653, 24.956513230322752, 36.920232721348924, 75.7482684497361, 64.00552069909422, 83.56375459230345, 31.394883851387654, 48.53701196694267, 38.37369356889416, 64.19174981686315, 31.04486128305574, 32.216844695408724, 11.979680285382882, 11.159271866847533, 49.18217824060221, 17.166226896905187, 18.972696833553446, 34.9741051653391, 53.34843943788345, 46.77043669044794, 49.05895829123272, 28.916834055256484, 37.17877358094075, 36.669378416935544], [57.23481422722621, 0.0, 53.89416749404178, 63.740068849810704, 14.261516296611525, 72.6528284807952, 8.350301743948943, 39.60025623170898, 3.3315432468218305, 82.20723741773, 72.09957569983708, 14.429889908980883, 73.75143917891029, 19.500575774003426, 87.93065234532133, 62.9222561378159, 21.26214915611646, 17.194214127213538, 57.98372161347369, 48.79217422107079, 45.898335563933635, 64.4943413216908, 37.04863492580522, 11.552836171249202, 15.533836424154101, 85.3109854339686, 37.858596575773944, 69.62873008054956, 28.177087131333924, 61.08698069967814, 23.524585957240337, 14.55150921322187, 79.30313869019969, 23.01709156269092, 22.344602100693443, 54.47460037316674, 76.75197870591195, 16.63741842175451, 38.37043210068989, 40.140100999094884, 37.417889853992605, 61.962909774340574, 65.84124429999406, 65.96232956902172, 48.79180626766851, 26.82927187063464, 58.44078448316551, 30.317435204984132, 81.99556785331565, 82.71859078132809, 36.41213096944591, 57.084516760102005, 84.39504868831716, 77.8159236943688, 90.38946303609373, 19.44930288187475, 7.287151718894592, 27.921453748390054, 31.35787034489424, 37.567545749760406, 43.995053703575536, 27.53806615011115, 88.26340605077962, 79.95988340174573, 47.37085278297661, 54.89088018653323, 33.54414707183795, 42.43626419903361, 50.59641716473862, 91.64951505322566, 25.147808218236808, 17.735580982928695, 17.03513551817586, 63.96467903853468, 30.031588050271054, 24.875949428992573], [55.39559253464962, 53.89416749404178, 0.0, 10.185368776589993, 67.76463630295505, 38.46160421630694, 48.27934377344782, 16.05010082778078, 55.59742600338054, 60.85937426351447, 54.05830905643358, 53.403799140107225, 92.09588587998192, 43.18577365869839, 70.15011496759568, 42.495366385531376, 45.14295540576809, 67.90524683266318, 84.2579594993124, 52.88131744809125, 33.003267644715265, 42.686182703000384, 28.314301464244846, 53.386134716256244, 62.128187381790376, 56.83300682254748, 79.85932071312305, 99.6285961123497, 27.397052863176164, 77.89329323173844, 68.50151525410443, 43.45481704396187, 73.9683198162393, 76.75008394669631, 36.13999127616933, 13.372234762853797, 40.80123880197822, 68.6822383846002, 58.24135888888509, 60.553897428794436, 81.61744902152343, 21.713493697786227, 76.84661911375531, 25.7679670610174, 24.61112404227776, 72.4874628749101, 94.34719062327557, 79.29293926064778, 47.3046004907834, 64.04651330947218, 33.7276860364791, 36.38240085215515, 73.96416744455308, 79.66879651572881, 66.31791369243508, 60.290719511887886, 59.89555176432391, 78.2147303248912, 59.41847895385105, 78.40122063653529, 76.20765751301941, 33.7919903086731, 77.54318747757758, 52.1771772847723, 56.29806676141244, 44.72257251281433, 75.90954297062989, 41.70992654150944, 66.3156762766969, 74.87835232485835, 72.16586170544593, 36.87330824770986, 62.602791509386805, 34.6809938952004, 29.188319801467436, 57.81577736767352], [58.15336874925522, 63.740068849810704, 10.185368776589993, 0.0, 77.7221313444865, 34.75203500426656, 58.356049184389256, 24.805616576860405, 65.30422341293269, 58.61268938601755, 53.248392693788624, 63.58850471007481, 96.15999681068023, 51.80697964682227, 68.14737150745744, 42.52362111290284, 55.274973354153076, 78.0298848329363, 89.90502710706978, 57.088974853512205, 37.106217566922346, 42.291890650764685, 37.848588408918154, 63.55259676274355, 71.19034403323488, 53.005510530921725, 87.86369993722066, 105.35951060747458, 36.54126303102467, 82.32396489790709, 78.68462400025152, 53.618670689955, 74.49203001340997, 86.46527257431967, 46.32255842056518, 15.100312811703134, 36.165343215520444, 78.13802058155781, 64.49954969225148, 66.69100373640114, 89.86229523120868, 19.246428780913394, 80.34139626525183, 22.034124645247257, 28.07548821826758, 82.66917583883429, 101.12329229848714, 89.47472779902375, 42.420237523071094, 62.22887899325411, 43.14473226990251, 37.463699110579256, 73.40057810029464, 81.31280291237508, 63.01629361013864, 70.46856966044444, 69.8906604437752, 88.37774919556018, 66.686522519899, 86.29771600350507, 83.04946334861164, 43.87399507817295, 76.71763282589505, 48.92805452161123, 60.99860619214608, 47.05288936893419, 84.0713901797486, 46.65194178835992, 71.28099340487091, 72.84394799843736, 80.97621539612176, 46.4433295308974, 71.55447218846233, 33.357788156642506, 37.47389726371838, 65.78250741268454], [68.12960137446372, 14.261516296611525, 67.76463630295505, 77.7221313444865, 0.0, 86.45043151566207, 19.851318132203012, 53.80338688390775, 13.831056838026196, 94.53101799721416, 84.40881622499593, 19.299600422666472, 78.45866077125095, 32.454710324372265, 99.58342794845585, 75.93717937337645, 29.378222441817258, 7.462383705861591, 61.48223531150962, 59.4936202622144, 59.32986648718356, 77.56972673622532, 48.25144618993357, 17.31942800598599, 19.150717618656234, 98.34983578711314, 36.8700920846995, 70.65359988507117, 42.43656853403261, 67.32642233460068, 16.989300049181008, 25.72053518291977, 89.2979666635769, 11.393370960437286, 34.0141590619111, 68.73457052778528, 90.58313913021115, 12.31624110290512, 46.950732198638676, 48.209775002190604, 35.03133758076182, 76.18066711564228, 73.21309373664337, 80.13880381624172, 62.809936526622835, 18.493030588479836, 57.92749039183721, 18.57539612918238, 95.65055880471796, 94.67826521269089, 46.39712883287628, 70.43096128023785, 95.04249998733128, 86.46394519402057, 102.80482451612998, 18.685549092963132, 7.951090684036308, 15.465328141105482, 38.856828492215364, 37.36488199327694, 47.03236865038948, 38.700105820024646, 98.79909319571048, 93.06568687486936, 57.2510787348849, 67.2537407416461, 33.24044515550909, 54.79147612128537, 58.35127110397534, 103.03040919647131, 23.583201446539956, 31.993654976079796, 20.613930909112366, 77.6708384870888, 44.173749154724746, 32.44873330361427], [35.37373938636889, 72.6528284807952, 38.46160421630694, 34.75203500426656, 86.45043151566207, 0.0, 71.02290475485508, 38.90790823731303, 72.61940082859493, 24.291964472049894, 21.487162115205276, 79.08316175124487, 73.06166177595072, 54.22355309143549, 33.85463697949592, 15.880188870252498, 74.26161890090685, 89.66420226399907, 72.69865814664479, 39.47830430502374, 27.527411487043466, 14.387229853447558, 63.33174352990764, 77.7996717588806, 72.72115677856937, 18.42394404185582, 81.2560145737042, 87.34124400109596, 46.489301863554644, 61.50176829116484, 93.80739464214892, 68.94222202976854, 43.701612775606, 91.64600503702752, 64.66439825962694, 25.977143767801298, 4.188303614008893, 81.74640412410646, 53.05758741272696, 54.34645532625824, 84.36474903742439, 16.756367916297734, 56.714829931388174, 12.873295714386963, 24.21509730005162, 97.69259535622855, 87.57139148580848, 102.64833869822527, 9.776284834219185, 28.236325980844946, 68.69403067175261, 17.447409015214575, 40.69881506772206, 52.57944118773962, 28.273195917343095, 86.62072466105406, 79.90868620116773, 100.49988288301425, 59.22210049602225, 79.28233743968903, 71.38223646471174, 64.95690602495708, 43.52757919754464, 14.184535652605122, 44.25642692284572, 26.09585150473319, 78.68558921104956, 35.07402578872397, 53.66944006491117, 38.46571638850124, 79.69784864423309, 56.01767470664279, 72.31000312544653, 8.922300241971218, 43.002151578246725, 61.842344255768175], [59.81681912522033, 8.350301743948943, 48.27934377344782, 58.356049184389256, 19.851318132203012, 71.02290475485508, 0.0, 35.268857217087195, 11.584618451331663, 82.93567509175836, 72.95138473715075, 9.10653707059716, 79.90887214772734, 21.46307835434791, 89.37380558529024, 62.91489040877704, 13.140147724928166, 19.78468238389861, 64.770244125294, 51.73696829973753, 45.48304713940211, 64.36888795882352, 29.056768245669986, 7.000323518731644, 23.541436089052056, 85.02757264902164, 45.954816686680445, 77.05123199753078, 24.826291157957634, 66.70134601770839, 22.801088224465836, 6.304085767030348, 82.341685424066, 30.157019527123357, 14.438114974073219, 50.6191060921199, 75.001840415976, 24.838427365323717, 43.2221513791424, 45.23905563129082, 45.66692680879932, 58.84687585752451, 70.79704635561593, 63.082621449009096, 46.820157116347794, 26.669706365780648, 66.28364802660946, 32.08008581361646, 80.62067764430365, 83.87256121462674, 28.128660738180194, 56.60426185427277, 86.83684558862447, 81.84865131182349, 90.93530602400119, 16.22017652196209, 11.905016329565015, 30.44615833489873, 37.11630176795405, 45.55382913685956, 51.14126650737769, 19.470074974090036, 90.76828205066673, 79.61564486629698, 51.03418481123066, 55.939543213863864, 41.60125038587845, 43.81086101257245, 55.59705813808747, 93.3417928711517, 33.44335483920162, 15.046387660008373, 24.959129106242727, 62.64634054836905, 28.065737282729874, 30.957577960151884], [44.37960553045124, 39.60025623170898, 16.05010082778078, 24.805616576860405, 53.80338688390775, 38.90790823731303, 35.268857217087195, 0.0, 40.86901947534205, 56.95119757682325, 48.34202209251758, 42.00729772969079, 78.66044787747482, 27.181187415724914, 65.40477613960267, 36.528634579049196, 35.78124013270214, 55.015208434435266, 69.4086696312717, 40.083726966482224, 21.908141575296124, 37.3577496303543, 25.428360835993086, 41.32476891984275, 46.39279586974696, 55.720347587020605, 63.814976713381355, 84.62680751660295, 11.769087500437276, 64.24785135818753, 57.216118266755856, 31.65153411377553, 65.31183391748536, 61.96554888700159, 26.120382700451742, 15.437805482126153, 42.42012691637639, 53.40653890105712, 43.13871048453435, 45.52250973846489, 65.57057052559205, 24.304080148116917, 64.25211541602876, 28.772206959851484, 16.59904377662224, 61.21466414975562, 78.6865977105669, 67.25663399151269, 48.662721391163, 59.29337339161252, 30.48754390284911, 29.587451686419694, 66.88236238458329, 69.31907142985428, 63.81600573541709, 49.40800641133931, 46.18000133495915, 65.71474072183058, 43.625491796981635, 62.369289833835275, 60.56737561930088, 26.050201765906007, 70.72976237655344, 50.453136290910706, 42.794116429632666, 35.00640528654605, 59.85944958500615, 28.531038365782745, 52.297764242358504, 69.99740517683342, 56.26700655812337, 21.95729715110424, 46.78313609004534, 31.989847659683534, 13.159677908670776, 41.787695044264204], [55.619505425298456, 3.3315432468218305, 55.59742600338054, 65.30422341293269, 13.831056838026196, 72.61940082859493, 11.584618451331663, 40.86901947534205, 0.0, 81.21132113379734, 71.08719517526829, 17.60417984718483, 70.83408881214731, 18.725295709857434, 86.6465234500431, 62.28393013948005, 24.578468279390744, 18.137416823138317, 54.899389149619665, 47.085088321244854, 45.53579775057481, 63.89516913928102, 39.93403024331189, 14.718830899682198, 12.212592193988767, 84.70149819991195, 34.527367688537616, 66.37883772901303, 29.234109290379173, 58.36133505983476, 25.4304515719024, 17.67928092820075, 77.44284676148894, 21.162805193790987, 25.249675822351367, 55.43443873891156, 76.75281397683683, 13.841676046646834, 36.0061750668543, 37.671132374803186, 34.10998276197166, 62.57903106790816, 63.3282031782997, 66.46346596403411, 49.02604388989445, 28.470064168608943, 55.12292148938774, 31.171658517064298, 81.82916883972646, 81.55748523360229, 39.50518649968499, 56.664720670159404, 82.74351098815461, 75.60008669698604, 89.44385977113926, 22.140914583786902, 8.396789831342915, 28.509104646868998, 28.70371622961457, 34.2390931513492, 40.829342251970495, 30.49721829187994, 86.58032901690173, 79.38941268035406, 45.3977506192453, 53.88149737265415, 30.212811185588148, 41.396018370720206, 48.11246074932478, 90.2631311139388, 21.86161825116162, 18.917197908990286, 13.726288691392785, 63.84239204997897, 30.509925585901463, 22.159929910825507], [28.77720796293293, 82.20723741773, 60.85937426351447, 58.61268938601755, 94.53101799721416, 24.291964472049894, 82.93567509175836, 56.95119757682325, 81.21132113379734, 0.0, 10.125838066637822, 91.81373375275183, 58.01205632841486, 62.70687566662902, 9.57136610395969, 20.686849746108095, 89.29406094168256, 99.28552899428922, 63.09777966487764, 36.81477733726009, 37.911452904208645, 19.642722771721605, 82.37764769667344, 89.93559039323907, 77.6013963962045, 10.492902959592167, 79.33050405109428, 75.66570385303606, 60.85325408953236, 50.004600333114404, 105.25294352559064, 82.53330238877389, 23.275183772672527, 97.01804711427623, 80.25840445847628, 47.578430150046565, 24.475588814032935, 86.97737759490738, 51.819482604100784, 52.046114008011635, 82.94870355710097, 39.66676507044073, 43.07357539488789, 36.593346443629876, 40.359743445881534, 108.841995174236, 79.58905809784065, 112.37460193892161, 20.693296655508842, 4.3146721656791005, 87.40236759928969, 27.617045817512224, 17.8366668177338, 33.69321394232181, 8.319583765886534, 99.14934748576913, 89.3703201246883, 109.69520030920945, 59.835938286574724, 77.26454285880573, 66.67033662501785, 81.84958456770927, 19.90007212492621, 10.795577428692113, 40.72052508457379, 27.33231266331782, 77.95845717160933, 39.81616146941753, 46.75210730865367, 14.235558723819588, 81.82164512925137, 68.29586317080317, 76.72259837264538, 26.207861036767685, 56.00139833760052, 64.5852993061854], [19.674677900328444, 72.09957569983708, 54.05830905643358, 53.248392693788624, 84.40881622499593, 21.487162115205276, 72.95138473715075, 48.34202209251758, 71.08719517526829, 10.125838066637822, 0.0, 81.87183622951237, 53.239748389532245, 52.60091452316902, 17.135609513921512, 11.877602347918899, 79.64573298611693, 89.1662281081844, 55.91255645598966, 27.192479896396975, 28.28859197608386, 11.39649061731031, 73.70749080437841, 79.94824381194721, 67.5735886845435, 16.571436497058976, 70.1862343713136, 69.43340594210534, 51.328218284966944, 43.37332296184331, 95.19102798405986, 72.71858124922387, 22.236507944567187, 87.00511715791995, 70.75886446342189, 40.69282635404401, 23.391462850544478, 76.95216438864911, 42.26970680169334, 42.682566412749104, 73.73165144566607, 34.00309274066262, 37.319290393920376, 31.83451292198735, 31.81620815776667, 98.76154396964296, 72.01388415201976, 102.25217753903637, 22.295628028852956, 11.151293411743968, 78.58388643641294, 18.758929675992405, 20.15245960975372, 31.23508449495461, 18.403949804244995, 89.17099053491323, 79.25384371274717, 99.5694752577788, 50.113378274590204, 68.12308783122381, 58.02854416189177, 72.6010824342501, 23.55072238865425, 13.10450117679658, 31.3642200512415, 17.212867416022828, 68.58503382952065, 29.693577675422734, 38.38787600643712, 21.665508402715098, 72.05897591843018, 58.41379535818063, 66.72298849217441, 19.891575147487217, 46.33014459939895, 54.66494284781709], [68.92313338015742, 14.429889908980883, 53.403799140107225, 63.58850471007481, 19.299600422666472, 79.08316175124487, 9.10653707059716, 42.00729772969079, 17.60417984718483, 91.81373375275183, 81.87183622951237, 0.0, 88.04360016011202, 30.558820733366993, 98.38235949691126, 71.64490977567823, 10.3122510641961, 15.811601496423307, 72.40658922776572, 60.828096981449576, 54.17324981417705, 73.05871663878126, 30.09359416655344, 2.88538421477338, 29.68729333729655, 93.60851399216783, 51.63327969169686, 83.96492153540294, 32.59906020070683, 75.13848322309006, 15.245649126392173, 10.357138995906416, 91.4395066762008, 30.66909775719338, 17.34864386722398, 57.43947556730321, 82.98253418140678, 28.25519998238364, 51.92853089227016, 53.86233529189537, 50.77462302370873, 66.11752373164971, 79.51875505568029, 70.47491283950853, 54.884430001663965, 19.2539287996044, 72.49915678084093, 25.909326408586825, 88.76490322527681, 92.83747889595668, 27.521197910337634, 65.21152216639865, 95.93943886316706, 90.82958924033855, 99.75745175524565, 7.537578477261149, 12.872710598641476, 25.09228522621242, 45.41649116477378, 51.52763962834657, 58.417522883764555, 20.97109388570799, 99.87220193796442, 88.18838920093309, 60.047886711764306, 64.92821283725574, 47.42254055834974, 52.868648051405266, 64.28087391179058, 102.38261132551004, 38.45825975223163, 23.58788894508631, 31.245880829784607, 70.89626007936567, 36.422084486049144, 39.05198301901959], [38.733772947492795, 73.75143917891029, 92.09588587998192, 96.15999681068023, 78.45866077125095, 73.06166177595072, 79.90887214772734, 78.66044787747482, 70.83408881214731, 58.01205632841486, 53.239748389532245, 88.04360016011202, 0.0, 61.09494146180579, 54.42106413672157, 57.75877929321755, 92.12611482285155, 85.70730168249426, 17.504108192735682, 39.24072309958586, 59.27015616688056, 58.95559296034851, 97.9050235026524, 85.21443051256306, 59.92873830078441, 68.17388158840033, 44.58963248694727, 20.171273875743292, 72.82343631762865, 14.45397490809763, 94.83621455187135, 83.75708557660349, 35.888495621654066, 73.70448643483331, 87.22017765024367, 81.09281337596411, 75.89460752724221, 66.42981644567067, 37.9314265244614, 35.5788061303369, 48.012365757569555, 79.30021076667681, 16.39605981331457, 79.3744306887001, 68.16735484333442, 96.89561968301497, 30.51989727218927, 96.11212450410898, 75.53248050152186, 54.521441014795634, 100.71989193181294, 60.11328885735026, 43.555746303477456, 25.519143653047056, 63.71499464084627, 92.93463101778423, 78.22834044539955, 92.65177310612535, 42.80541908421007, 43.18947088662388, 31.621703959502863, 91.65858501559546, 44.82292529563813, 66.07207687241015, 35.91756348080971, 49.78508243581489, 46.70287709642885, 50.454375686060374, 26.584527394939258, 54.14793983945212, 55.782538090576814, 72.04776367124111, 58.340991461656664, 67.4792028848615, 67.83494289674739, 49.010152641849224], [38.396565371485615, 19.500575774003426, 43.18577365869839, 51.80697964682227, 32.454710324372265, 54.22355309143549, 21.46307835434791, 27.181187415724914, 18.725295709857434, 62.70687566662902, 52.60091452316902, 30.558820733366993, 61.09494146180579, 0.0, 68.54144496623307, 43.56272813763897, 31.782191466902987, 36.624964812978604, 47.88814067415229, 30.274344626667844, 26.903077881182472, 45.170370096000006, 37.791068068812955, 28.21752976522749, 19.79960816216248, 65.9791123699596, 37.00108878743464, 61.99159245941505, 16.085035857730688, 47.14531533383612, 42.73567005182854, 23.499261036326978, 60.880697719247614, 37.64433629792264, 26.125407815167087, 39.66016238220083, 58.38795504009156, 28.026008413356514, 23.24083732078848, 25.535736699258358, 38.51158858657421, 45.546716463247456, 50.2943876548366, 49.08349295006913, 31.253498897908045, 46.214725485544356, 53.79137146048749, 49.743143840325786, 63.27673320596951, 63.25807470167015, 39.93536714758568, 37.97705084805701, 65.48662936453397, 60.58458877523591, 70.89111083027032, 37.36293884216253, 26.6934202567426, 47.19257124013141, 19.480998034699134, 35.7133208002949, 36.24490223678599, 30.66739605442998, 69.40251417208759, 60.664183161753364, 29.74468373831784, 35.395199808912494, 32.896887090454314, 22.959315753118933, 35.391774781879654, 72.34786244316379, 29.18257816891003, 11.043733269852654, 19.933254034229503, 45.37001088122446, 14.393150728520524, 15.529116313768668], [31.82670379689822, 87.93065234532133, 70.15011496759568, 68.14737150745744, 99.58342794845585, 33.85463697949592, 89.37380558529024, 65.40477613960267, 86.6465234500431, 9.57136610395969, 17.135609513921512, 98.38235949691126, 54.42106413672157, 68.54144496623307, 0.0, 28.876209345519896, 96.57089309008576, 104.78392117209134, 62.05798005331623, 40.42025927228395, 45.331571404580394, 28.12900233389974, 90.80146774647713, 96.34574881702012, 81.88073995458743, 18.344945843523337, 81.06578319717653, 73.26829139717577, 68.3687533836396, 48.641056862055386, 111.27658058560442, 89.47273848858889, 18.53258545864268, 101.108886647308, 87.7911981243108, 56.81616221340614, 33.87746675560555, 91.1849962711595, 54.83651634163763, 54.64394881669593, 84.79767636386285, 49.13364091438565, 41.012774743846535, 46.142210215152, 48.83145989881921, 114.7357811218118, 78.79321019600881, 117.767225832945, 29.580788889480335, 6.15104035860273, 95.70546654601574, 35.82548319728837, 11.136334398292618, 29.0335045419913, 9.909411823776264, 105.57590466082652, 94.94968665851076, 114.93691733433367, 63.15870200543432, 79.01602842608439, 67.6532984960898, 89.71717576830525, 11.689897379383039, 20.106683065861024, 43.618054444241274, 33.46277616316051, 80.19349757234365, 45.632827643219294, 47.76191517982228, 4.729379162690435, 85.03048122910937, 75.09619018786086, 80.86149862083957, 35.471405787976465, 63.2887043132472, 68.49018182456231], [19.55179459871176, 62.9222561378159, 42.495366385531376, 42.52362111290284, 75.93717937337645, 15.880188870252498, 62.91489040877704, 36.528634579049196, 62.28393013948005, 20.686849746108095, 11.877602347918899, 71.64490977567823, 57.75877929321755, 43.56272813763897, 28.876209345519896, 0.0, 68.70933636277289, 80.11270693476813, 56.81847912982593, 23.85847455424706, 17.477801749094343, 1.7635112762302454, 61.9321800596716, 69.90355206450693, 60.367273987931476, 22.418005373495003, 66.47739483902654, 71.49730816442084, 40.224685625864595, 45.75123081949189, 85.49990102438636, 62.13478058592458, 31.968841081475105, 79.7219252865819, 59.60201687264776, 29.192245271718036, 19.463294134468292, 69.66459051127377, 38.07354769633361, 39.13168044340415, 69.75280488737201, 23.512214539134646, 41.36281885678168, 22.319175627016246, 19.96291235706655, 89.19785233143281, 71.78336768914602, 93.23814188765132, 21.85116637160123, 22.769415167299112, 66.86967027932793, 6.96823719599499, 31.471220575031317, 39.24474980929053, 28.233605958183823, 79.06660451353075, 70.1837644159157, 90.74708297875834, 44.912003153278306, 64.46147491953528, 55.912088555041514, 61.16610885903296, 35.08867446015249, 17.138681056824066, 28.617076093168713, 10.609555165874237, 64.2213013315098, 21.660096996481894, 37.81938279677532, 33.48109901624154, 66.22909828777382, 48.05868159908783, 59.72993695822742, 9.947343841244784, 35.49498568383541, 48.371585702531746], [68.84963551974563, 21.26214915611646, 45.14295540576809, 55.274973354153076, 29.378222441817258, 74.26161890090685, 13.140147724928166, 35.78124013270214, 24.578468279390744, 89.29406094168256, 79.64573298611693, 10.3122510641961, 92.12611482285155, 31.782191466902987, 96.57089309008576, 68.70933636277289, 0.0, 26.081862062806877, 77.47156050105859, 61.340340243800085, 51.39417320061547, 69.96302517710066, 20.027117367707554, 12.07010190724587, 36.66242573156713, 89.96409214438539, 59.0659478057995, 90.06345964896005, 28.50601061949512, 78.55659917669388, 23.897316744931775, 8.379010603271542, 91.53621965037192, 40.64838009981074, 9.660985915468032, 50.898556485040366, 77.95888226912477, 37.09805333224659, 54.743821696918246, 56.9160375113766, 58.679229664963785, 60.06445420322752, 82.0566004922306, 64.54904974927729, 50.44650368878376, 27.770509305322342, 79.4192675113208, 35.182153909167255, 84.03439701717357, 90.77310846552301, 17.20970976298391, 61.95246657971513, 95.29238111603293, 92.11909428700086, 96.93291891019469, 15.603851327858163, 22.286865499718246, 34.823358889104654, 49.38363200009094, 58.68905454276139, 64.07166496137842, 11.512849346840518, 99.25630199057267, 84.56112873644078, 61.36357973938869, 63.29598116562396, 54.72259575588967, 51.99309671160604, 67.04901697365656, 100.8078051528907, 46.39493273664405, 22.082781806996337, 38.09361194587498, 66.59229398467222, 33.316737783351506, 43.50914878640586], [73.68331680930271, 17.194214127213538, 67.90524683266318, 78.0298848329363, 7.462383705861591, 89.66420226399907, 19.78468238389861, 55.015208434435266, 18.137416823138317, 99.28552899428922, 89.1662281081844, 15.811601496423307, 85.70730168249426, 36.624964812978604, 104.78392117209134, 80.11270693476813, 26.081862062806877, 0.0, 68.82533155739485, 65.10945685477412, 63.076888024800326, 81.68772441844102, 45.88541769524612, 14.835905024930675, 26.01587547841881, 102.50474434869189, 44.32497711396056, 78.11598276032899, 44.23514138311009, 74.31329809456366, 9.540758227719033, 24.57190590884329, 95.29188880100209, 17.355553005914782, 32.55187448276001, 70.30707007676769, 93.73437192453343, 19.7723245883817, 53.27389846194794, 54.6876208447062, 42.43165348216559, 78.31393165051341, 79.97963152168171, 82.45558227166968, 65.6457415590248, 11.198044012798478, 65.36567732270579, 13.125757612366924, 99.07887849222729, 99.68332369385804, 43.27597679246261, 74.26821932331262, 100.76506029648048, 92.92134617501178, 107.495898542842, 12.683421106693526, 9.933758687711196, 10.856902102543776, 45.39888178384575, 44.82719137578244, 54.37481895883567, 36.63517857362646, 104.57783244169515, 97.15404999470732, 63.19837845055072, 71.95386308901152, 40.70139208977253, 59.474281685679934, 64.97048571639301, 108.39073080360124, 31.04471437491303, 33.96467945252912, 27.549358309290568, 81.04005535341246, 46.783871935552725, 38.88163327691345], [37.46845550078165, 57.98372161347369, 84.2579594993124, 89.90502710706978, 61.48223531150962, 72.69865814664479, 64.770244125294, 69.4086696312717, 54.899389149619665, 63.09777966487764, 55.91255645598966, 72.40658922776572, 17.504108192735682, 47.88814067415229, 62.05798005331623, 56.81847912982593, 77.47156050105859, 68.82533155739485, 0.0, 34.04947884027039, 53.06143765446219, 58.3471073073783, 85.61596742454223, 69.53501522239296, 43.4301883982187, 72.2457923991074, 27.098178977197364, 15.45644259001342, 61.63925471040978, 13.43786639491883, 78.1042687732373, 69.21232192621429, 44.49289753162473, 56.27570514191943, 73.64669862187336, 74.92495168031176, 76.17363303893124, 49.311079418933566, 26.31285306377556, 23.901862957290827, 30.568045887304788, 75.19592749281146, 21.354388211227246, 76.26505908879606, 62.081988365952455, 79.97076840138745, 16.748695395610582, 78.85039395166766, 77.30317740313929, 60.45364930789531, 87.79361023020103, 57.12046946722184, 52.36806245947616, 35.96233375898058, 70.16866763073772, 76.76935980356542, 61.850132066602185, 75.37461795268528, 28.509261246472217, 25.685727552466737, 14.451188826620815, 78.43839220653666, 54.70628881591304, 68.9734721863631, 29.51131577990433, 46.998419256420455, 29.240866304124634, 43.29879357376256, 19.291118250522405, 63.03358184827977, 38.459519453007196, 58.907776430369935, 41.82516612077904, 65.55954410213184, 57.247012316612974, 33.97429147364401], [8.651145677980839, 48.79217422107079, 52.88131744809125, 57.088974853512205, 59.4936202622144, 39.47830430502374, 51.73696829973753, 40.083726966482224, 47.085088321244854, 36.81477733726009, 27.192479896396975, 60.828096981449576, 39.24072309958586, 30.274344626667844, 40.42025927228395, 23.85847455424706, 61.340340243800085, 65.10945685477412, 34.04947884027039, 0.0, 20.049534783076634, 25.549929213921054, 61.91034547822713, 58.44126768111237, 41.47314832907579, 43.36025006135007, 43.23145176268227, 49.300927619799296, 36.452778143965645, 25.23544481378488, 72.31484974154995, 53.33413852491733, 30.624778656243063, 60.69507941859899, 54.082754153565595, 41.99004973165201, 43.256446519575334, 50.76536666989889, 15.078801595803608, 15.638572867280033, 46.691521761666124, 41.26825619091466, 24.18560396286558, 42.21616675883833, 29.020092759287618, 75.52448432157871, 48.159338475815744, 77.89488013055356, 45.515114162277186, 36.05964465739026, 65.63917195801994, 23.13813501511537, 35.660794892812284, 30.982616615823535, 45.071826379768694, 67.5131948817946, 55.47934287131974, 74.93513258103019, 23.0281904416413, 41.1802707212888, 32.065598898970514, 57.52035750628511, 39.49664630365781, 38.902786367025406, 4.778196719771336, 13.382456398636888, 41.43743989481787, 11.555359472707476, 14.767635776888488, 43.62320021016438, 45.018841164597866, 39.30286462365656, 40.44150495317975, 31.76127404681229, 31.014746819192062, 28.079171684156403], [22.723584117692553, 45.898335563933635, 33.003267644715265, 37.106217566922346, 59.32986648718356, 27.527411487043466, 45.48304713940211, 21.908141575296124, 45.53579775057481, 37.911452904208645, 28.28859197608386, 54.17324981417705, 59.27015616688056, 26.903077881182472, 45.331571404580394, 17.477801749094343, 51.39417320061547, 63.076888024800326, 53.06143765446219, 20.049534783076634, 0.0, 18.8907976686633, 46.40887724957938, 52.46170296475524, 45.209039204948624, 39.57947286770498, 55.518206192972535, 68.50489593978901, 23.042836371947427, 45.265815375860896, 68.14150509156622, 44.67493977462765, 43.45239896595393, 64.13437625902918, 42.472346712984056, 22.01317461475404, 31.714606281044972, 54.21995249112025, 28.789876916152753, 30.69793646230117, 58.29969876718113, 22.81047209296786, 43.847208796076416, 24.979679069563375, 9.053908778760078, 71.88162643239322, 65.4377718271969, 76.18141946504947, 36.3885480001663, 39.43655874222161, 50.976950187018886, 11.1982536216431, 45.451357510093956, 47.54526586099756, 45.671206341806716, 61.60724114244384, 53.18478115834438, 73.81377371322773, 33.22610961121784, 53.657840973439235, 47.80695286037173, 44.455798024410804, 49.36449489362393, 34.182616576117766, 23.898149072442703, 13.158674311139226, 52.47968797431994, 9.873082427559785, 34.20616541596652, 49.70317932331992, 52.52822001397545, 30.585469663838833, 44.833100415103736, 18.610047450408423, 18.089985899076332, 34.85292453012946], [20.986537884761145, 64.4943413216908, 42.686182703000384, 42.291890650764685, 77.56972673622532, 14.387229853447558, 64.36888795882352, 37.3577496303543, 63.89516913928102, 19.642722771721605, 11.39649061731031, 73.05871663878126, 58.95559296034851, 45.170370096000006, 28.12900233389974, 1.7635112762302454, 69.96302517710066, 81.68772441844102, 58.3471073073783, 25.549929213921054, 18.8907976686633, 0.0, 62.78431588217, 71.35072568339764, 62.08669208524245, 20.817904876106844, 68.2295996597626, 72.95402227259659, 41.46032316306924, 47.13623855998578, 86.99290546729866, 63.48315859938136, 32.27171129351299, 81.43007832086936, 60.79408367946785, 29.332005598224246, 17.85790172820725, 71.376164610824, 39.82282645661712, 40.865736224362564, 71.50993866898968, 23.143888751739624, 42.56671115667215, 21.629098730416892, 20.75903432491553, 90.70691163068302, 73.40279412467518, 94.81177594946423, 20.099749558391444, 21.987976716722187, 67.77629157402404, 8.028809565214916, 31.336974111712877, 39.90623539753771, 26.979344547867935, 80.49777568900238, 71.76254371064276, 92.34133081989116, 46.67540925110566, 66.212289921754, 57.61219538047315, 62.245794058248975, 34.863478023524074, 15.496606583515662, 30.299427480348736, 12.349009293525475, 65.98202215335581, 23.388691032119848, 39.40918475025, 32.784000047899234, 67.98596980382318, 49.47123756011139, 61.45834705193604, 9.227195046413932, 36.820906028967705, 50.12503925087933], [67.75180928478552, 37.04863492580522, 28.314301464244846, 37.848588408918154, 48.25144618993357, 63.33174352990764, 29.056768245669986, 25.428360835993086, 39.93403024331189, 82.37764769667344, 73.70749080437841, 30.09359416655344, 97.9050235026524, 37.791068068812955, 90.80146774647713, 61.9321800596716, 20.027117367707554, 45.88541769524612, 85.61596742454223, 61.91034547822713, 46.40887724957938, 62.78431588217, 0.0, 31.25433891828652, 50.53561647112628, 80.79994986572929, 72.26893294487307, 99.76503683667609, 25.500909325597593, 83.57554028859607, 43.756885924178306, 22.787975681770774, 89.66569372771919, 59.0785024299089, 14.70408717819195, 37.68786613513001, 66.46441850598029, 53.68171437816977, 60.130792762468346, 62.54807455433183, 72.7380274389037, 47.28678407364326, 85.26067974685029, 51.79100887021554, 42.026828347745216, 47.52765387096472, 90.9823475018878, 55.12522685833638, 72.9094605803937, 84.70155461043868, 5.475941768017735, 54.97611623450427, 91.84143230592201, 92.53794015772479, 89.16621959209333, 35.522381863786386, 40.541013605960146, 54.8489872498624, 57.272050374365385, 71.42918019853064, 73.88342642374715, 9.600822488177009, 95.73856871989943, 75.62062364057695, 63.45198711137432, 59.523625320858606, 67.88803839208039, 50.7757750986128, 71.45029223742388, 95.37260653833171, 61.05181548191073, 26.923554862425473, 51.64700461257139, 57.129063521249215, 30.897918076126004, 52.81140984976304], [66.61395597297039, 11.552836171249202, 53.386134716256244, 63.55259676274355, 17.31942800598599, 77.7996717588806, 7.000323518731644, 41.32476891984275, 14.718830899682198, 89.93559039323907, 79.94824381194721, 2.88538421477338, 85.21443051256306, 28.21752976522749, 96.34574881702012, 69.90355206450693, 12.07010190724587, 14.835905024930675, 69.53501522239296, 58.44126768111237, 52.46170296475524, 71.35072568339764, 31.25433891828652, 0.0, 26.8104389516072, 91.98788620421962, 48.80265612958409, 81.08145125125182, 31.41474998100191, 72.36537505863318, 16.04592381339347, 9.93514687032063, 89.06522556612323, 28.580243215307792, 17.72352292506319, 56.755403013485406, 81.74637276473986, 25.615451943532925, 49.245299790580496, 51.149133861047005, 47.99368395944933, 65.23839106613104, 76.82722497079386, 69.54088519017695, 53.58466907143896, 19.996022388725788, 69.6414204910971, 26.02654525850808, 87.43480955268227, 90.86056959178744, 29.107016374123653, 63.56666220821154, 93.68554130150797, 88.27908190455362, 97.93489177923924, 9.230816847499439, 10.367433919646944, 24.829902042227353, 42.63156062274354, 48.67639957992084, 55.5345862468522, 21.867976460054454, 97.60828539709435, 86.57326841292381, 57.53987881390159, 62.92283710006474, 44.57840896548089, 50.75714360085377, 61.58156331689947, 100.29393368076217, 35.66839975202767, 21.951472230874103, 28.366286089413244, 69.49554310520791, 34.92899708235122, 36.23989962820331], [50.108132780372, 15.533836424154101, 62.128187381790376, 71.19034403323488, 19.150717618656234, 72.72115677856937, 23.541436089052056, 46.39279586974696, 12.212592193988767, 77.6013963962045, 67.5735886845435, 29.68729333729655, 59.92873830078441, 19.79960816216248, 81.88073995458743, 60.367273987931476, 36.66242573156713, 26.01587547841881, 43.4301883982187, 41.47314832907579, 45.209039204948624, 62.08669208524245, 50.53561647112628, 26.8104389516072, 0.0, 82.49139619933379, 22.414909642085142, 54.30954264758803, 34.74292394465879, 48.29746170776073, 34.9343288537814, 29.298073425699688, 70.58105489362553, 19.442718633843096, 36.151356750609544, 59.44751929607423, 76.90945543713872, 9.378736747069173, 28.060669862288044, 29.16911670661917, 22.325480943625692, 65.21953981854365, 54.0661629898994, 68.61308052614733, 50.70858470179089, 37.195516881498754, 42.910497176302734, 37.64776235285426, 81.29655382019769, 77.31913768182594, 50.766445957129605, 55.714907022349415, 76.62388764345319, 67.37844515422398, 85.92089004618354, 33.39277781150024, 18.421830543485676, 34.402459925236876, 19.806232623694907, 22.044534267139447, 29.114308296562214, 41.44890591694422, 80.29992398079791, 77.39883844564864, 38.748528005234284, 50.79251355239828, 18.060803394099512, 38.71398617303276, 39.21832746345044, 85.07215309971014, 10.577553556975118, 25.860025960664345, 1.6059970441647118, 63.798862336772416, 34.08127035180166, 13.596906145568443], [36.205578004779696, 85.3109854339686, 56.83300682254748, 53.005510530921725, 98.34983578711314, 18.42394404185582, 85.02757264902164, 55.720347587020605, 84.70149819991195, 10.492902959592167, 16.571436497058976, 93.60851399216783, 68.17388158840033, 65.9791123699596, 18.344945843523337, 22.418005373495003, 89.96409214438539, 102.50474434869189, 72.2457923991074, 43.36025006135007, 39.57947286770498, 20.817904876106844, 80.79994986572929, 91.98788620421962, 82.49139619933379, 0.0, 86.5488877558354, 85.35043900162654, 61.5358225688104, 59.43732317231204, 107.71925621055438, 83.85048106698913, 33.765361542904174, 101.90748272101378, 80.575961