instance_id,num_cities,city_coordinates,distance_matrix,best_route,total_distance
1388,60,"[[14.319139459188134, 10.119968001990298], [41.012929165366586, 8.812230623144268], [74.37411959116321, 40.37277025313812], [72.32502521159498, 74.37361215764146], [35.61372518508463, 22.562365424200614], [78.74093770998972, 67.99830525321401], [49.62149104614855, 89.56032381731391], [52.31503975008176, 55.66322295081195], [86.94776119671943, 32.20271223810972], [15.347847099773304, 11.348632102112077], [25.524855695522632, 81.86389803377591], [65.89763274924212, 31.680024127255646], [48.06463283671414, 56.14691046475295], [35.514503454409216, 1.39482273559689], [81.41284599674562, 63.866455985594165], [82.42135497199553, 27.17161947707637], [8.27654749108686, 62.75473372373739], [68.57860906966977, 53.82855755336673], [7.018494735842829, 72.87136549415627], [91.4933030925988, 24.25272713162101], [84.02130248476018, 23.521972822672854], [9.600920371562005, 25.587136720672486], [98.04898895260342, 74.79105924211315], [43.36954810877028, 69.29655351041227], [43.87318643871845, 98.83219953192544], [92.79200055665021, 75.56930749973816], [49.15032332023465, 69.96465721650817], [54.442172231844424, 15.896052722306065], [74.22477923256534, 7.580059481862578], [7.625765752585623, 84.98684330906373], [8.746375941523976, 74.03299368525046], [30.585558711615523, 1.7613317500291492], [62.968964677988694, 10.786561106593663], [91.30924826980652, 51.7017972545325], [23.119506838767002, 55.517069931129306], [91.68502196751004, 50.1396694166982], [89.96552402715552, 58.31923347686132], [12.872828819106152, 8.040529742233737], [76.70193122947201, 91.40015219320485], [78.43987049317626, 24.673962845520116], [86.5465421439939, 97.47606607695883], [92.41528947382068, 57.822866745525225], [4.363795627433731, 78.91673360065778], [42.767705826872756, 11.42364939011059], [91.50499551296251, 22.751821205987643], [21.342120281732193, 20.51217893721705], [75.06532944461681, 95.63360425522457], [81.4212755264954, 63.52583137928666], [40.24681566163321, 15.85852849324616], [98.04354120864141, 40.872180160499326], [47.77264613555388, 90.23530690678021], [66.14218932245896, 34.46320675450198], [88.47969778938459, 23.00144795371081], [25.68988949395741, 22.28627396984766], [48.42946308409688, 88.22663382473837], [68.27639497487526, 38.2089373922895], [49.87340760453252, 15.423184797723867], [10.765571563091436, 89.72738730689902], [25.204777422803424, 70.23060675106434], [88.97783747248015, 54.942155184118455]]","[[0.0, 26.725803747122548, 67.24457363013744, 86.56335003454014, 24.66318379386126, 86.60294459678246, 86.93115758825823, 59.311689490764785, 75.91155569800469, 1.602452770201471, 72.6137698565155, 55.90328246352566, 57.072215269455896, 22.920986340242457, 85.96656575389969, 70.20449113682592, 52.98048206911829, 69.67446334907412, 63.17465710707358, 78.45754529127586, 70.97890717429384, 16.17080392346096, 105.79715373476864, 65.92264038358365, 93.50562397999974, 102.18417670810406, 69.24303716868765, 40.53666135206396, 59.95945973696102, 75.16548589493132, 64.1555184314871, 18.288334951228872, 48.6543917872472, 87.50157357818448, 46.242224531051626, 87.10370989581237, 89.69696031929905, 2.532958338337555, 102.46014372043581, 65.75170655000933, 113.34851375062932, 91.5127051050505, 69.51333561012913, 28.478421893396547, 78.21265939808795, 12.542739244521833, 104.89366798332613, 85.76061396625997, 26.555140176068345, 89.19346389139625, 86.81937938487576, 57.25575752789269, 75.27098337070565, 16.65271621258007, 85.23007347023966, 60.830712836480174, 35.947602030366376, 79.68669307468922, 61.088345899169546, 87.08013351407808], [26.725803747122548, 0.0, 45.92424945889346, 72.65495239500292, 14.772190449216167, 70.18827579346384, 81.205676477384, 48.19494979514251, 51.54729308051622, 25.790109924080355, 74.67547476434834, 33.79621949573689, 47.85706259661255, 9.233126505640824, 68.28704862740639, 45.2959698745151, 63.09884567788555, 52.78575943258917, 72.52030289929638, 52.78898639168466, 45.45433632951777, 35.61055701674639, 87.21420722556917, 60.53021533065698, 90.06539776189128, 84.4841970267287, 61.691461823241326, 15.183053213076615, 33.23469919538158, 83.17015269074345, 72.76591503822695, 12.587502909578879, 22.044624657485116, 66.10018639371556, 50.0151634741181, 65.38821137012378, 69.6225529211648, 28.150679738635166, 89.96927062944435, 40.649360219438435, 99.67239150471168, 71.02284912899911, 79.10625971947753, 3.146227758480089, 52.3809216191098, 22.887322095178465, 93.26047868277091, 68.01773712307326, 7.087823613409485, 65.42423919594539, 81.70318919728798, 35.908944464218294, 49.542184167233785, 20.40454333917869, 79.75996747261772, 40.09317818304453, 11.054989519186156, 86.38382500836886, 63.42014339077582, 66.54774503250265], [67.24457363013744, 45.92424945889346, 0.0, 34.06253129160263, 42.65651995516521, 27.968540979524292, 55.06458068047134, 26.8402858989059, 14.99487616467386, 65.77614643347282, 64.09184244235101, 12.14144408175181, 30.67592855478404, 55.03953269220288, 24.525434526386107, 15.460542651758226, 69.78424841125704, 14.65080728402823, 74.78595384355393, 23.51429850102689, 19.41693878614971, 66.43931288099326, 41.774610186210715, 42.401281710823135, 65.93793896363034, 39.724231564753424, 38.88341127486347, 31.56568115246044, 32.79305082286851, 80.28547972578492, 73.7564327909267, 58.38048687002551, 31.70837949590896, 20.37511806494701, 53.445160128255765, 19.87610777678972, 23.7732503988649, 69.48224624380012, 51.080450415798936, 16.21674703566353, 58.38625064814011, 25.09959518256276, 79.91922529680386, 42.86043618282139, 24.575694398538495, 56.62893287157662, 55.26515670535699, 24.20179014635195, 42.01929226630244, 23.674689648684208, 56.514696774779644, 10.133489857557551, 22.377001021958215, 51.93530213605346, 54.43452452257656, 6.470271875723024, 34.96808119197917, 80.51040682273876, 57.52490425551475, 20.628513112296123], [86.56335003454014, 72.65495239500292, 34.06253129160263, 0.0, 63.49901446250912, 9.044803553018616, 27.314587213348556, 27.394856861115603, 44.63417085276499, 84.96203232377464, 47.39578303224166, 43.17468972411282, 30.34434531811028, 81.7368840704328, 13.89204151472373, 48.269700513333106, 65.09382331969958, 20.883843099417984, 65.32380628697547, 53.66121497613467, 52.17942242977099, 79.46340990383828, 25.727350672330235, 29.39721379246016, 37.519723158670075, 20.501872283433297, 23.590372854755046, 61.150808565451996, 66.82056378385505, 65.56397524569213, 63.57956168416414, 83.75396306860128, 64.27168062278334, 29.570456812919957, 52.69489750515648, 31.01763135960511, 23.852259291054192, 89.0766045526003, 17.580112965279007, 50.074409378099716, 27.12885771558935, 26.029711712248176, 68.11291125063639, 69.54374840087353, 55.06977902459378, 74.1640787959081, 21.435870201109484, 14.156839958358296, 66.73100137254377, 42.234914596213784, 29.230338325248248, 40.38648188534046, 53.852323079800385, 69.9137088337622, 27.620718649198427, 36.39059092234373, 63.08112252560728, 63.44528938255554, 47.30203214953922, 25.590968647360015], [24.66318379386126, 14.772190449216167, 42.65651995516521, 63.49901446250912, 0.0, 62.644880782982234, 68.44665027058467, 37.07560757689626, 52.23140377145023, 23.16146864055949, 60.15361217268617, 31.626677940938254, 35.8182462849634, 21.167775235619334, 61.67323053177057, 47.03402416541093, 48.608103787319436, 45.43410987113217, 57.867803591323934, 55.90513884987549, 48.41708775198346, 26.18807468414557, 81.40023722106035, 47.37337992270527, 76.71574998017124, 77.96852623120418, 49.29722868717485, 19.97373633630118, 41.41597500973862, 68.41155832454757, 58.06100265206107, 21.400127569688316, 29.782187546261753, 62.857758304566886, 35.2436950563423, 62.48598257495398, 65.05898593049484, 26.982069585230477, 80.16783371902302, 42.87817120190064, 90.58815810502398, 66.85596950967467, 64.43890835454796, 13.238218683462415, 55.89159142802408, 14.418112607023271, 83.04116462906381, 61.45190974521765, 8.149046383517149, 65.05944392947674, 68.75657326819308, 32.766097524056164, 52.867795990246414, 9.927675524293553, 66.90320831226289, 36.21691886604224, 15.946988515734624, 71.61404124140411, 48.79146876979641, 62.41938212701434], [86.60294459678246, 70.18827579346384, 27.968540979524292, 9.044803553018616, 62.644880782982234, 0.0, 36.23344889141634, 29.163030336275078, 36.72433023276697, 85.01687717883895, 54.992781782038065, 38.522305567799386, 32.88603410431415, 79.4011870309667, 4.9204951237823105, 40.992240030107524, 70.65921971906108, 17.4371635672547, 71.88779828518611, 45.56641776620105, 44.78868605604148, 81.11133838036287, 20.468081237407223, 35.39520660850241, 46.545559563786455, 15.960966203136836, 29.65587631493514, 57.48977928776914, 60.586798145145764, 73.11619593363845, 70.25422508028483, 81.89186275411419, 59.34592489481072, 20.58005352954877, 57.00460338716044, 22.05629595392373, 14.821463100628527, 89.0704362461889, 23.490508458318896, 43.32538847521328, 30.49370170645162, 17.04486564877361, 75.17427313880052, 67.04300931599867, 47.012397197266395, 74.49534505364251, 27.87866293513739, 5.21413783511265, 64.81013618912593, 33.29289960895215, 38.12504853216557, 35.823613612401346, 46.03868606634936, 70.02859073886358, 36.44133327409543, 31.57393057901596, 59.978976194153034, 71.36388028758428, 53.58268030131199, 16.59087614847451], [86.93115758825823, 81.205676477384, 55.06458068047134, 27.314587213348556, 68.44665027058467, 36.23344889141634, 0.0, 34.00395053187598, 68.43351554190576, 85.39175247245296, 25.29590490697147, 60.125218344303256, 33.44966366577372, 89.28696814151398, 40.87621672499469, 70.4853282804844, 49.274171914260364, 40.44912167277637, 45.75518139542248, 77.57790167898575, 74.46080062088673, 75.46002083501875, 50.62957366571411, 21.206300420938653, 10.909201855635686, 45.38106905963086, 19.6013302751593, 73.82183825300567, 85.59255534270694, 42.24402522122798, 43.72497016404235, 89.83890987693503, 79.89656277936822, 56.312850539139575, 43.14276650943382, 57.64831850926024, 51.02594166532254, 89.42002572981472, 27.14286663149811, 70.99816077980327, 37.763982497872476, 53.27828230387935, 46.492418815472035, 78.43668951692655, 78.85178480915454, 74.61480498007197, 26.158624729233683, 41.09770175450456, 74.29562014382688, 68.66753435711514, 1.9682046830798068, 57.52065524809403, 77.0716821376477, 71.40391680945949, 1.7887592511596426, 54.63488197445113, 74.13756702214073, 38.85627863143059, 31.14183466056082, 52.41507038577533], [59.311689490764785, 48.19494979514251, 26.8402858989059, 27.394856861115603, 37.07560757689626, 29.163030336275078, 34.00395053187598, 0.0, 41.83086130718817, 57.70923924756498, 37.472514413636596, 27.562305026812844, 4.277839704844687, 56.809482322416606, 30.23202541331514, 41.450713923234396, 44.605810445367666, 16.366724905540117, 48.45510458165404, 50.21509301139474, 45.14805706118547, 52.24047240603038, 49.572857803899616, 16.306119184284942, 43.98665054753886, 45.106945786713126, 14.647404279850212, 39.82401939254668, 52.839637521201894, 53.45096744997384, 47.282945581879375, 58.116987372214076, 46.12397310130378, 39.19491282841331, 29.19589873048654, 39.755567452180074, 37.74405063334702, 61.835337078097446, 43.26486551121306, 40.53197531861441, 54.038038513959606, 40.15836263129097, 53.2920966978433, 45.25805402217338, 51.176293315418754, 46.84994808576156, 45.9913803098516, 30.149520267687567, 41.59393866309343, 48.06111518130173, 34.86921749635087, 25.310684542712313, 48.73062730009713, 42.69565960890043, 32.79441162410748, 23.651996638137934, 40.31404517157964, 53.72825699667014, 30.776208249842973, 36.6698878585368], [75.91155569800469, 51.54729308051622, 14.99487616467386, 44.63417085276499, 52.23140377145023, 36.72433023276697, 68.43351554190576, 41.83086130718817, 0.0, 74.57506524977819, 78.98738313705948, 21.056616787046334, 45.664234361012035, 59.9541996659613, 32.143863401546206, 6.767588025385517, 84.39541387288509, 28.374335859471966, 89.68069465963316, 9.157740677731972, 9.160753101766323, 77.62924465083474, 44.01141395389856, 57.22773555081031, 79.34045353802412, 43.75861878855476, 53.42855789349286, 36.366474375690494, 27.71550646867048, 95.27929184326905, 88.68612688452747, 64.0575952951088, 32.150182142168795, 19.98091304135998, 67.95296409297782, 18.55198297856562, 26.290294294947046, 77.91602318979066, 60.07756593733503, 11.360733763267872, 65.27458692400793, 26.197064386009835, 94.88050991120127, 48.82260486008315, 10.492269817069566, 66.63909279638737, 64.53425637930805, 31.806914917916146, 49.47838574728314, 14.081051385827335, 70.01765266012394, 20.928011288071726, 9.32792014091574, 62.05531881700636, 67.987786251926, 19.613634471788377, 40.69471999413639, 95.46106148133826, 72.51425243629323, 22.829881190671863], [1.602452770201471, 25.790109924080355, 65.77614643347282, 84.96203232377464, 23.16146864055949, 85.01687717883895, 85.39175247245296, 57.70923924756498, 74.57506524977819, 0.0, 71.24587169353201, 54.485285452930455, 55.473181026632616, 22.489383038022684, 84.39612493896502, 68.91460213737967, 51.8901778960978, 68.10328983419177, 62.08401432600072, 77.23112155657148, 69.74405851979542, 15.354549182317127, 104.23253055153307, 64.3675176077201, 92.01668084998867, 100.60761429026908, 67.66421357591004, 39.35791269654747, 58.99741754486796, 74.0419927479819, 63.03101306927276, 18.002893745359955, 47.624434518450904, 86.01460576863235, 44.846957481577896, 85.62773407447514, 88.1704888471465, 4.1314956992679095, 100.85915678949917, 64.4838573233249, 111.7460919186506, 89.99580634545221, 68.45507816710736, 27.41996134584421, 77.00612947140814, 10.94997267481129, 103.2963417961045, 84.19119947162622, 25.304106403966372, 87.80784540178279, 85.29053320415002, 55.806350563320414, 74.05441041935902, 15.052901730561574, 83.69361065815231, 59.35408309837237, 34.76515939611246, 78.512588268035, 59.70130663522305, 85.5673462074542], [72.6137698565155, 74.67547476434834, 64.09184244235101, 47.39578303224166, 60.15361217268617, 54.992781782038065, 25.29590490697147, 37.472514413636596, 78.98738313705948, 71.24587169353201, 0.0, 64.40793683463913, 34.19656420168349, 81.08677538101162, 58.71435412390444, 78.92057376654897, 25.742266732812332, 51.377096020058936, 20.57549604374288, 87.58357759704786, 82.61727739585736, 58.486285401739224, 72.86820262133314, 21.8259294347878, 24.991688554273566, 67.561014259402, 26.45287607262481, 72.02754897051436, 88.82438416628922, 18.169485627771397, 18.515951117107043, 80.26226909488129, 80.33709679936773, 72.36945923374537, 26.456399116151548, 73.37298060243725, 68.60722239039521, 74.89968951865048, 52.057979250070645, 77.91461658683049, 62.98718923736893, 71.07954217952958, 21.365304617559357, 72.51995938797535, 88.58677371494718, 61.49413558742688, 51.41851173176535, 58.827667287976475, 67.62724978457763, 83.30234500152397, 23.770668185445707, 62.422698793907394, 86.18642684605999, 59.57785264053572, 23.77194662559894, 61.1019615017698, 70.76171532248954, 16.723364842350282, 11.637693765049837, 68.92794160897296], [55.90328246352566, 33.79621949573689, 12.14144408175181, 43.17468972411282, 31.626677940938254, 38.522305567799386, 60.125218344303256, 27.562305026812844, 21.056616787046334, 54.485285452930455, 64.40793683463913, 0.0, 30.276136030415692, 42.89904391801597, 35.73077438129458, 17.127729230241613, 65.46622826185477, 22.310203202979878, 71.85735520324596, 26.65151179552769, 19.875140396242195, 56.625463366621034, 53.77983873525371, 43.8465264348517, 70.6717121404645, 51.474034373752154, 41.787384506446585, 19.50285438026761, 25.49803256064903, 78.97611952076404, 71.13395943627899, 46.28250994060211, 21.0977224758349, 32.351531687466284, 48.9711426155081, 31.713529398451996, 35.90140478223071, 58.055624418387275, 60.689591874251974, 14.366371229673824, 68.96010872555067, 37.237539369918075, 77.57396362703045, 30.74596293703932, 27.11917836358823, 45.933805170387316, 64.60732987736705, 35.42793988661038, 30.137752758939254, 33.43434107649764, 61.29629908188963, 2.793906486285714, 24.19229930943408, 41.29049720822814, 59.183241037727456, 6.94875659009827, 22.826752210390218, 80.05648345226562, 56.05404441477503, 32.76923238913662], [57.072215269455896, 47.85706259661255, 30.67592855478404, 30.34434531811028, 35.8182462849634, 32.88603410431415, 33.44966366577372, 4.277839704844687, 45.664234361012035, 55.473181026632616, 34.19656420168349, 30.276136030415692, 0.0, 56.172029144528814, 34.23002635136638, 44.943874373505736, 40.33305175278578, 20.644562991451316, 44.3225997548241, 53.88217080520969, 48.551711075185914, 49.125929486283404, 53.34829088126798, 13.962697906594846, 42.890583181572, 48.76235156079925, 13.860333658380993, 40.75296992538255, 55.164230021333985, 49.66934363882986, 43.19533884861573, 57.12538143772968, 47.74620824242582, 43.47247169655445, 24.953076166101315, 44.03209389674185, 41.95716470189738, 59.60442044205864, 45.41900385962372, 43.74015883063901, 56.470845996422206, 44.382311494531045, 49.277053670368865, 45.03584702099215, 54.793221259977905, 44.54129284485048, 47.83551613408678, 34.163051464947934, 41.03988288561535, 52.26096696309002, 34.08964693601961, 28.23085289340806, 52.26852934796876, 40.585364892955546, 32.081797829339294, 27.023808145374833, 40.763874918414466, 50.18832928918206, 26.850018447479034, 40.930938773185765], [22.920986340242457, 9.233126505640824, 55.03953269220288, 81.7368840704328, 21.167775235619334, 79.4011870309667, 89.28696814151398, 56.809482322416606, 59.9541996659613, 22.489383038022684, 81.08677538101162, 42.89904391801597, 56.172029144528814, 0.0, 77.52008003772836, 53.522854646818274, 67.13378375700577, 61.98815715180855, 76.94750598690499, 60.46577380891071, 53.315291644582075, 35.45111908168922, 96.42390476351979, 68.35456655365108, 97.79524517164363, 93.71534487117385, 69.9125009147349, 23.844125408069154, 39.20130870810637, 88.1215501120811, 77.41341311075995, 4.942552491898663, 29.01641243686549, 75.12552984348358, 55.52345074467273, 74.37195189044506, 78.77374041934166, 23.59683987124098, 98.98163232387392, 48.83139870688023, 108.79280442583175, 80.13628142366764, 83.54647366760632, 12.376845669321211, 59.92542519351191, 23.797683772434738, 102.20183843166325, 77.25085085072348, 15.218198417371811, 73.94824076151978, 89.68218156223439, 45.07297597511963, 57.20278021440692, 23.086268086136887, 87.78701270265901, 49.28103665665825, 20.07418916266736, 91.73413537775535, 69.6035603390434, 75.66799122931909], [85.96656575389969, 68.28704862740639, 24.525434526386107, 13.89204151472373, 61.67323053177057, 4.9204951237823105, 40.87621672499469, 30.23202541331514, 32.143863401546206, 84.39612493896502, 58.71435412390444, 35.73077438129458, 34.23002635136638, 77.52008003772836, 0.0, 36.70869265909656, 73.1447474908235, 16.293466249881618, 74.93735980662771, 40.8761926918034, 40.42871958067811, 81.37726307380156, 19.90246740381912, 38.42887551467339, 51.301357306414296, 16.323047879005312, 32.83380008017813, 55.03250705333359, 56.74351712029842, 76.75027017314974, 73.37420772372916, 80.2524740371293, 56.19298887286682, 15.681763293502415, 58.88824702496768, 17.1447446374209, 10.194114922505465, 88.39834837620118, 27.933799326219685, 39.30509002507913, 33.99942244547447, 12.553036818591295, 78.5052037708536, 65.14364759790793, 42.3351470402325, 74.0816132810012, 32.39510264784218, 0.34072889427512154, 63.24083455855037, 28.378103247953604, 42.743178936581906, 33.1322202789016, 41.47154778525894, 69.52668133798876, 41.00392435751902, 28.82489559071764, 57.80559399813957, 75.23180945390915, 56.567211242721015, 11.699241036202139], [70.20449113682592, 45.2959698745151, 15.460542651758226, 48.269700513333106, 47.03402416541093, 40.992240030107524, 70.4853282804844, 41.450713923234396, 6.767588025385517, 68.91460213737967, 78.92057376654897, 17.127729230241613, 44.943874373505736, 53.522854646818274, 36.70869265909656, 0.0, 82.24117275350552, 30.036876697145715, 88.17061935712138, 9.529961974072878, 3.984940745557026, 72.8376707549147, 50.1182001608978, 57.441741674461326, 81.37075660866972, 49.49632810402624, 54.20521770218167, 30.165759934867392, 21.237068462908834, 94.53560320546703, 87.31546786119253, 57.728957173319465, 25.43355315237131, 26.090693150372147, 65.72802867468086, 24.765840269063094, 32.04821905523664, 72.13179662591068, 64.48268157275508, 4.700053968225863, 70.42536745321067, 32.239380979453756, 93.65115806273968, 42.666268320354256, 10.101838557144823, 61.44120000986463, 68.85604164721381, 36.367965050688774, 43.66552179523012, 20.778788844699374, 71.9552756666521, 17.837558108366917, 7.354852019401795, 56.94142407782607, 69.8796357396903, 17.94163537924058, 34.60338993870622, 95.11979491526697, 71.60875038362401, 28.534016826154367], [52.98048206911829, 63.09884567788555, 69.78424841125704, 65.09382331969958, 48.608103787319436, 70.65921971906108, 49.274171914260364, 44.605810445367666, 84.39541387288509, 51.8901778960978, 25.742266732812332, 65.46622826185477, 40.33305175278578, 67.13378375700577, 73.1447474908235, 82.24117275350552, 0.0, 60.95912771399947, 10.19455418903768, 91.69205486006484, 85.30227099539437, 37.19118484948788, 90.57573835164537, 35.69753630818323, 50.682385929522106, 85.4814313634137, 41.504801496971815, 65.77994293778573, 85.98496349667629, 22.241632437506155, 11.288041749227764, 64.94526207479673, 75.44502278421925, 83.76512880191059, 16.513546541301032, 84.35705934866904, 81.80930601068815, 54.90692050530505, 74.17946575054427, 79.83130341773713, 85.62571449832673, 84.28316091799022, 16.62888652821035, 61.84270548908869, 92.3428804512443, 44.21699477847657, 74.44300855192826, 73.14879240950103, 56.75695650681951, 92.39566716862572, 48.115732464569646, 64.41151296785083, 89.5146303532821, 44.05588172493122, 47.55075525556625, 64.82652092795655, 63.01249316630138, 27.087253130361155, 18.505503131279067, 81.07857046161237], [69.67446334907412, 52.78575943258917, 14.65080728402823, 20.883843099417984, 45.43410987113217, 17.4371635672547, 40.44912167277637, 16.366724905540117, 28.374335859471966, 68.10328983419177, 51.377096020058936, 22.310203202979878, 20.644562991451316, 61.98815715180855, 16.293466249881618, 30.036876697145715, 60.95912771399947, 0.0, 64.43815803593118, 37.41407418740064, 34.01420082776022, 65.39071505053485, 36.16531166041732, 29.57626841671416, 51.33892966071861, 32.541489448585885, 25.25533605994062, 40.481029745156754, 46.59187495023457, 68.4550062425728, 63.15152698477017, 64.45516176665286, 43.40600843575857, 22.829916071144257, 45.490450093283606, 23.39902161822868, 21.853290407821476, 72.10878895222947, 38.4397331766526, 30.77718098594371, 47.201182392821856, 24.169026430789344, 68.94170612046852, 49.64251164620114, 38.61842484296466, 57.80369328258868, 42.30531256198527, 16.09258218484983, 47.37524273860836, 32.18772966676292, 41.93255885464274, 19.518016106861122, 36.69283333975667, 53.2386881929601, 39.86496877107806, 15.622543561642665, 42.71834756110362, 68.05198956246709, 46.37150514717413, 20.429601540735973], [63.17465710707358, 72.52030289929638, 74.78595384355393, 65.32380628697547, 57.867803591323934, 71.88779828518611, 45.75518139542248, 48.45510458165404, 89.68069465963316, 62.08401432600072, 20.57549604374288, 71.85735520324596, 44.3225997548241, 76.94750598690499, 74.93735980662771, 88.17061935712138, 10.19455418903768, 64.43815803593118, 0.0, 97.4667391633558, 91.45925299422134, 47.35469578476004, 91.05073366773948, 36.52640636636104, 45.080297297717586, 85.81592621336415, 42.231977610288666, 74.12955856266058, 93.69972954414213, 12.130687563831277, 2.0820551182163514, 74.91357289256108, 83.57618095240342, 86.9084676586551, 23.673068352611327, 87.66499210077285, 84.2138599905186, 65.09462721186146, 72.10476584873216, 86.16265163715062, 83.24723187783778, 86.71257040422611, 6.602567901907087, 71.09027998281067, 98.23409557386856, 54.28306057770894, 71.75298758448382, 74.98741759304751, 65.98927863251471, 96.4857862453992, 44.29906678127212, 70.50388584568898, 95.51406324945658, 53.920983547558066, 44.166192557705, 70.38475874514548, 71.6717309844888, 17.26748551761266, 18.377009678107566, 83.89749962998391], [78.45754529127586, 52.78898639168466, 23.51429850102689, 53.66121497613467, 55.90513884987549, 45.56641776620105, 77.57790167898575, 50.21509301139474, 9.157740677731972, 77.23112155657148, 87.58357759704786, 26.65151179552769, 53.88217080520969, 60.46577380891071, 40.8761926918034, 9.529961974072878, 91.69205486006484, 37.41407418740064, 97.4667391633558, 0.0, 7.507649095661494, 81.90325388334774, 50.96175065287166, 65.91541616789087, 88.4860057502707, 51.33301117001183, 62.30977843074432, 37.98184178320009, 24.00374476751172, 103.54900621123127, 96.5667069496298, 64.92777673531022, 31.543232386754568, 27.4496871892979, 75.18267848943444, 25.887652211004273, 34.10074725637409, 80.27461815033053, 68.75726415437364, 13.060227492441742, 73.3902432901436, 33.58279816489656, 102.8576913719589, 50.386199148173965, 1.5009514683344432, 70.25083736553098, 73.24689711594463, 40.54408041305611, 51.929423690164406, 17.86370169802301, 79.15299538577707, 27.33007251208531, 3.2630532488196415, 65.8327895449624, 77.11779985099118, 27.088754629676227, 42.546169254865255, 103.94179988324404, 80.67300694640768, 30.792345826120748], [70.97890717429384, 45.45433632951777, 19.41693878614971, 52.17942242977099, 48.41708775198346, 44.78868605604148, 74.46080062088673, 45.14805706118547, 9.160753101766323, 69.74405851979542, 82.61727739585736, 19.875140396242195, 48.551711075185914, 53.315291644582075, 40.42871958067811, 3.984940745557026, 85.30227099539437, 34.01420082776022, 91.45925299422134, 7.507649095661494, 0.0, 74.44903072438235, 53.153506092487916, 61.21990992303223, 85.34343248923994, 52.781153754486084, 58.076743379757175, 30.546351728089142, 18.71139943448108, 98.05206951669015, 90.65140812292634, 57.69665685706232, 24.604707653383475, 29.106986425533794, 68.79473055318897, 27.698995799159725, 35.30131893825795, 72.81332559913153, 68.27166637947879, 5.699075722379564, 73.99719416572627, 35.313033592135454, 97.02524372747119, 42.99103007710499, 7.52321705476101, 62.751404294033996, 72.66565103926308, 40.08826311529682, 44.440230373146576, 22.308134693314944, 75.92518707083029, 20.961232965199876, 4.488678517281548, 58.34450011062283, 73.84762817663697, 21.53158240269408, 35.095143427889504, 98.7398552758516, 75.10712418819051, 31.808726769724522], [16.17080392346096, 35.61055701674639, 66.43931288099326, 79.46340990383828, 26.18807468414557, 81.11133838036287, 75.46002083501875, 52.24047240603038, 77.62924465083474, 15.354549182317127, 58.486285401739224, 56.625463366621034, 49.125929486283404, 35.45111908168922, 81.37726307380156, 72.8376707549147, 37.19118484948788, 65.39071505053485, 47.35469578476004, 81.90325388334774, 74.44903072438235, 0.0, 101.21307636472937, 55.23434923445136, 80.86672645533731, 97.05139472542092, 59.44341510171495, 45.87651880276745, 67.0857508325825, 59.43253636313895, 48.453393103220925, 31.749394147951495, 55.382354514780125, 85.78010458565429, 32.841331916560634, 85.67745675849237, 86.77476406638709, 17.84905603512147, 93.98882201486057, 68.84500664806676, 105.30264419253334, 88.8671031374396, 53.5861304720475, 36.06438729275184, 81.95313623550959, 12.791050458599377, 95.87542161238885, 81.22504519531108, 32.153020327377575, 89.75371710123646, 75.0764047901426, 57.23372881285221, 78.92114617344322, 16.424086651049294, 73.69777694496234, 60.017673831281485, 41.5352759304881, 64.15082351507161, 47.29185734595409, 84.63103495429608], [105.79715373476864, 87.21420722556917, 41.774610186210715, 25.727350672330235, 81.40023722106035, 20.468081237407223, 50.62957366571411, 49.572857803899616, 44.01141395389856, 104.23253055153307, 72.86820262133314, 53.77983873525371, 53.34829088126798, 96.42390476351979, 19.90246740381912, 50.1182001608978, 90.57573835164537, 36.16531166041732, 91.05073366773948, 50.96175065287166, 53.153506092487916, 101.21307636472937, 0.0, 54.95480728953512, 59.27051547319208, 5.31428239235394, 49.13627638658598, 73.28148645794506, 71.30856510656177, 90.99622688122909, 89.30583045913137, 99.42160488268479, 72.98755979403117, 24.05281945224893, 77.36868845862422, 25.459597328157617, 18.34839091696491, 108.21557856242991, 27.047344455467496, 53.816734181676665, 25.434539855910245, 17.878985609326378, 93.77599179580653, 84.09190743097022, 52.44908145543252, 93.96882753574998, 31.02676726638854, 20.08447690586377, 82.54777051880629, 33.91887951909753, 52.595013385159085, 51.423531081604196, 52.66626216820659, 89.4012961368734, 51.4063421357781, 47.166290835701716, 76.45541939110248, 88.55218149345995, 72.9868267588156, 21.823491505229427], [65.92264038358365, 60.53021533065698, 42.401281710823135, 29.39721379246016, 47.37337992270527, 35.39520660850241, 21.206300420938653, 16.306119184284942, 57.22773555081031, 64.3675176077201, 21.8259294347878, 43.8465264348517, 13.962697906594846, 68.35456655365108, 38.42887551467339, 57.441741674461326, 35.69753630818323, 29.57626841671416, 36.52640636636104, 65.91541616789087, 61.21990992303223, 55.23434923445136, 54.95480728953512, 0.0, 29.53993969993033, 49.818934639086336, 5.819254643644663, 54.53637767024332, 68.99978929590162, 39.03592154787644, 34.94564230991614, 68.73453690198758, 61.70539960934265, 51.066528168986366, 24.49363874863359, 51.974717145690754, 47.871562820799326, 68.42770152007317, 39.995210203663035, 56.75476288200566, 51.55907041836472, 50.36993382987672, 40.17457643341182, 57.87603342878562, 66.95844533807744, 53.52684167007416, 41.20998418374624, 38.48681843680401, 53.52918807222535, 61.62134793900566, 21.39669754956067, 41.61676626150665, 64.63870669121991, 50.2248614853078, 19.59465948324622, 39.83454401294647, 54.2645376354935, 38.47646366560786, 18.18876987402209, 47.8138558369203], [93.50562397999974, 90.06539776189128, 65.93793896363034, 37.519723158670075, 76.71574998017124, 46.545559563786455, 10.909201855635686, 43.98665054753886, 79.34045353802412, 92.01668084998867, 24.991688554273566, 70.6717121404645, 42.890583181572, 97.79524517164363, 51.301357306414296, 81.37075660866972, 50.682385929522106, 51.33892966071861, 45.080297297717586, 88.4860057502707, 85.34343248923994, 80.86672645533731, 59.27051547319208, 29.53993969993033, 0.0, 54.168371956391326, 29.34592259579966, 83.60686519851129, 96.16741781310229, 38.801667429833806, 42.998760753439974, 97.97609107606031, 90.09263672624776, 66.86893733918384, 48.03036195232352, 68.24173287405976, 61.36614704334326, 95.9382586653743, 33.65949809758626, 81.8187002766337, 42.69489881820362, 63.546055287926414, 44.24497424045258, 87.41554052499663, 89.76086676220916, 81.49646966664284, 31.355713945699705, 51.54026218669537, 83.05287864154899, 79.33341781012216, 9.439933725165675, 68.11222886248868, 87.97751837710591, 78.67598749260482, 11.542862766172146, 65.35056617436588, 83.62455616007142, 34.336740794749716, 34.154949930979306, 62.93461319282009], [102.18417670810406, 84.4841970267287, 39.724231564753424, 20.501872283433297, 77.96852623120418, 15.960966203136836, 45.38106905963086, 45.106945786713126, 43.75861878855476, 100.60761429026908, 67.561014259402, 51.474034373752154, 48.76235156079925, 93.71534487117385, 16.323047879005312, 49.49632810402624, 85.4814313634137, 32.541489448585885, 85.81592621336415, 51.33301117001183, 52.781153754486084, 97.05139472542092, 5.31428239235394, 49.818934639086336, 54.168371956391326, 0.0, 44.00009200904905, 70.93381893197629, 70.47892985661566, 85.68534023636127, 84.05966498317309, 96.52594827966891, 71.3177235984044, 23.9135233633427, 72.50068008216478, 25.453720644165386, 17.480103642899678, 104.62891491665908, 22.57223902633638, 52.88023964422357, 22.77963612845585, 17.750438605361737, 88.4915402086811, 81.34553163836885, 52.83316420935814, 90.20184475303205, 26.773323906575776, 16.563173149347755, 79.53850379038852, 35.092297229091045, 47.34800746704811, 48.9890187419133, 52.744438687006856, 85.68415822786261, 46.13288025585701, 44.685704331549914, 73.88884690584449, 83.23933131195417, 67.79774669285317, 20.976826563720763], [69.24303716868765, 61.691461823241326, 38.88341127486347, 23.590372854755046, 49.29722868717485, 29.65587631493514, 19.6013302751593, 14.647404279850212, 53.42855789349286, 67.66421357591004, 26.45287607262481, 41.787384506446585, 13.860333658380993, 69.9125009147349, 32.83380008017813, 54.20521770218167, 41.504801496971815, 25.25533605994062, 42.231977610288666, 62.30977843074432, 58.076743379757175, 59.44341510171495, 49.13627638658598, 5.819254643644663, 29.34592259579966, 44.00009200904905, 0.0, 54.32695147763914, 67.23515727514113, 44.15829430795949, 40.60825439986948, 70.68482220151583, 60.77007411685878, 45.94460802852025, 29.771398775678794, 46.92793123798604, 42.44403966191443, 71.76805815075114, 34.908044105626125, 53.936301043010175, 46.4257988601313, 44.93640364016904, 45.672450496614175, 58.887922389883244, 63.426888152499956, 56.73485493234593, 36.47577805206068, 32.907033206608546, 54.83379992345025, 56.89392741530172, 20.317412071691507, 39.35830909914482, 61.25636881497237, 53.137747264374795, 18.276198431829076, 37.07064011441834, 54.54626535787036, 43.17354129652962, 23.94702272686348, 42.56649446290437], [40.53666135206396, 15.183053213076615, 31.56568115246044, 61.150808565451996, 19.97373633630118, 57.48977928776914, 73.82183825300567, 39.82401939254668, 36.366474375690494, 39.35791269654747, 72.02754897051436, 19.50285438026761, 40.75296992538255, 23.844125408069154, 55.03250705333359, 30.165759934867392, 65.77994293778573, 40.481029745156754, 74.12955856266058, 37.98184178320009, 30.546351728089142, 45.87651880276745, 73.28148645794506, 54.53637767024332, 83.60686519851129, 70.93381893197629, 54.32695147763914, 0.0, 21.459433434274864, 83.45845229534505, 73.94599179898357, 27.72955725607052, 9.940477553450755, 51.392923998308774, 50.50677550575326, 50.59303450817929, 55.33204124291006, 42.30507715459943, 78.7169988474144, 25.55271468891618, 87.66977327677682, 56.56691053266459, 80.49503103735182, 12.501822163454625, 37.691569761277265, 33.420383904619, 82.3613485676841, 54.740002096240474, 14.19540616619353, 50.248246919267395, 74.63784087882605, 21.946061349954377, 34.77124943792887, 29.453839991280045, 72.58006361192407, 26.253581492813, 4.593170396782073, 85.78293194173202, 61.70145068573177, 52.12782645642926], [59.95945973696102, 33.23469919538158, 32.79305082286851, 66.82056378385505, 41.41597500973862, 60.586798145145764, 85.59255534270694, 52.839637521201894, 27.71550646867048, 58.99741754486796, 88.82438416628922, 25.49803256064903, 55.164230021333985, 39.20130870810637, 56.74351712029842, 21.237068462908834, 85.98496349667629, 46.59187495023457, 93.69972954414213, 24.00374476751172, 18.71139943448108, 67.0857508325825, 71.30856510656177, 68.99978929590162, 96.16741781310229, 70.47892985661566, 67.23515727514113, 21.459433434274864, 0.0, 102.11385204259788, 93.2920884201016, 44.0254376479473, 11.703632511166031, 47.31391789277971, 70.06929311230016, 46.00196163391892, 53.124710111050724, 61.35367839336319, 83.85668860713373, 17.605923052806435, 90.73652981567592, 53.43439289980534, 99.84727389672516, 31.69101845371836, 22.995395811138582, 54.44093433545838, 88.05755658552789, 56.406727897540335, 34.97191812869333, 40.93529920928733, 86.78482166978488, 28.07190529581797, 21.000522028302136, 50.71398492038909, 84.67153174733778, 31.20114480798699, 25.583274123670453, 103.80392336916472, 79.54905185204628, 49.6066612133891], [75.16548589493132, 83.17015269074345, 80.28547972578492, 65.56397524569213, 68.41155832454757, 73.11619593363845, 42.24402522122798, 53.45096744997384, 95.27929184326905, 74.0419927479819, 18.169485627771397, 78.97611952076404, 49.66934363882986, 88.1215501120811, 76.75027017314974, 94.53560320546703, 22.241632437506155, 68.4550062425728, 12.130687563831277, 103.54900621123127, 98.05206951669015, 59.43253636313895, 90.99622688122909, 39.03592154787644, 38.801667429833806, 85.68534023636127, 44.15829430795949, 83.45845229534505, 102.11385204259788, 0.0, 11.01102124131393, 86.33445353382692, 92.56647096126616, 90.0600884802046, 33.29449738008426, 90.99606630888542, 86.55054712061144, 77.12500789205124, 69.37324533156564, 93.01763800495604, 79.90287624090122, 89.03451552975594, 6.891058044267776, 81.52606608773843, 104.44579053922885, 65.91752974309273, 68.27479966734597, 76.85279627860817, 76.43858192328895, 100.60555463359381, 40.48849681849051, 77.30982911704227, 101.88006460132773, 65.25085410939411, 40.93211402440674, 76.59419891230822, 81.38774986158963, 5.686047653959493, 22.951430645109934, 86.72279318405334], [64.1555184314871, 72.76591503822695, 73.7564327909267, 63.57956168416414, 58.06100265206107, 70.25422508028483, 43.72497016404235, 47.282945581879375, 88.68612688452747, 63.03101306927276, 18.515951117107043, 71.13395943627899, 43.19533884861573, 77.41341311075995, 73.37420772372916, 87.31546786119253, 11.288041749227764, 63.15152698477017, 2.0820551182163514, 96.5667069496298, 90.65140812292634, 48.453393103220925, 89.30583045913137, 34.94564230991614, 42.998760753439974, 84.05966498317309, 40.60825439986948, 73.94599179898357, 93.2920884201016, 11.01102124131393, 0.0, 75.49929153935408, 83.30786495409885, 85.52958681721543, 23.43984480020527, 86.31170227278571, 82.72528196169839, 66.1213498850505, 70.13968697630304, 85.40197367894163, 81.25542138402103, 85.22473412734678, 6.561853836439366, 71.25574278775774, 97.35886073808584, 54.98300088915844, 69.74804635788063, 73.43052151121866, 66.15546918385475, 95.25556822761702, 42.25594300197292, 69.71404041801011, 94.66584005143962, 54.450028951378464, 42.145068816817904, 69.47795459994776, 71.59987731304082, 15.823752466131419, 16.891924867114785, 82.47149528212523], [18.288334951228872, 12.587502909578879, 58.38048687002551, 83.75396306860128, 21.400127569688316, 81.89186275411419, 89.83890987693503, 58.116987372214076, 64.0575952951088, 18.002893745359955, 80.26226909488129, 46.28250994060211, 57.12538143772968, 4.942552491898663, 80.2524740371293, 57.728957173319465, 64.94526207479673, 64.45516176665286, 74.91357289256108, 64.92777673531022, 57.69665685706232, 31.749394147951495, 99.42160488268479, 68.73453690198758, 97.97609107606031, 96.52594827966891, 70.68482220151583, 27.72955725607052, 44.0254376479473, 86.33445353382692, 75.49929153935408, 0.0, 33.61755117377718, 78.6219852736246, 54.27173590335078, 77.933355923819, 82.00473479389309, 18.792794567873646, 100.80594201062556, 53.05679805458376, 110.87354072993999, 83.4614360778558, 81.48948946934782, 15.548797076159914, 64.43429543181189, 20.90539222890392, 103.87710791964717, 79.99452180327859, 17.090080218396675, 77.97588002681232, 90.12791051697307, 48.308245768234364, 61.667445835724116, 21.10073056118232, 88.28733423388077, 52.43116530535617, 23.63614485513246, 90.17127492057533, 68.68037875875041, 78.98011268676632], [48.6543917872472, 22.044624657485116, 31.70837949590896, 64.27168062278334, 29.782187546261753, 59.34592489481072, 79.89656277936822, 46.12397310130378, 32.150182142168795, 47.624434518450904, 80.33709679936773, 21.0977224758349, 47.74620824242582, 29.01641243686549, 56.19298887286682, 25.43355315237131, 75.44502278421925, 43.40600843575857, 83.57618095240342, 31.543232386754568, 24.604707653383475, 55.382354514780125, 72.98755979403117, 61.70539960934265, 90.09263672624776, 71.3177235984044, 60.77007411685878, 9.940477553450755, 11.703632511166031, 92.56647096126616, 83.30786495409885, 33.61755117377718, 0.0, 49.77176130203009, 59.906574846019765, 48.716312257003715, 54.66414875722747, 50.171341583075744, 81.77496828604409, 20.789633325307637, 89.83859099057845, 55.49324366209471, 89.86816034344453, 20.21130229972291, 30.94305261380535, 42.74788669136161, 85.70497518600047, 55.874130011536444, 23.281342510532575, 46.21006808760777, 80.88900609146961, 23.888342424305822, 28.284288298784297, 39.012470346210414, 78.79315940606978, 27.9