instance_id,num_cities,city_coordinates,distance_matrix,best_route,total_distance
2015,23,"[[17.33141261902501, 71.04406658157443], [29.220309886243378, 26.4401500432913], [47.87772836534122, 64.34454021846221], [65.72100238345307, 0.8033730498372083], [2.860298153222518, 26.763491521717796], [12.762864973675859, 10.290721175863759], [96.16164071891275, 21.237534868061715], [91.98673296007124, 19.83858483756451], [52.4929439337248, 24.24951882431734], [27.349540836324625, 43.47468259024142], [44.51603135328146, 40.40834065988912], [41.08092473763891, 99.67322562236254], [71.33678147499731, 45.0784570169562], [15.828758662811705, 0.12357647341451061], [37.59928118959559, 72.12034146289609], [97.43324439318866, 95.60191757453325], [20.577920809631635, 86.34484234575423], [57.489222354172966, 77.64733702817769], [84.38660928188074, 84.9185876616719], [90.82531872494263, 95.52842194156908], [13.322550995717918, 86.83393989398121], [32.6414133873807, 87.12234143848863], [11.246531541670823, 92.79371271848363]]","[[0.0, 46.1611876881932, 31.272368940706766, 85.2954126866684, 46.58521741404622, 60.92487673827014, 93.24642332877694, 90.52854917571786, 58.53258053597867, 29.333152347468953, 40.957919850445386, 37.197689084873645, 59.92322375616833, 70.93640733850096, 20.296424907211776, 83.78180887859119, 15.64140512925191, 40.69708666864654, 68.4755557458012, 77.46507530558488, 16.290827810049443, 22.20150999147426, 22.584793220357643], [46.1611876881932, 0.0, 42.24739114851679, 44.6043146723269, 26.36199477043929, 23.057570249145865, 67.14319755798363, 63.112633669085724, 23.375507708829236, 17.13695060187888, 20.713991510542364, 74.18731389815314, 46.05630972983922, 29.527879853259563, 46.44229805074395, 97.14090035661786, 60.52489610734, 58.4919431291574, 80.3930858674795, 92.56547103486577, 62.45116964693758, 60.77855132930412, 68.74483244339535], [31.272368940706766, 42.24739114851679, 0.0, 65.99895721022094, 58.64217120852581, 64.45827320139207, 64.72673406288034, 62.660867778098726, 40.35976901989883, 29.273835427710495, 24.171112016386964, 35.97655558723357, 30.356368931890014, 71.7737322656164, 12.888349829886403, 58.58986949947974, 35.06127188609831, 16.411740299490635, 41.906918449982776, 53.07475856767364, 41.229035652211905, 27.403896119469238, 46.381030569301224], [85.2954126866684, 44.6043146723269, 65.99895721022094, 0.0, 68.01026310340669, 53.80124619725145, 36.66316177696138, 32.438062373192494, 26.920313557378933, 57.386494222558575, 44.924428274421906, 101.89397025390974, 44.62981105831015, 49.89687472041904, 76.66121044266319, 99.96214452123772, 96.72249367797033, 77.28361406116399, 86.1613266499631, 97.99521205913365, 100.73160447127592, 92.44037814629534, 106.90973092214351], [46.58521741404622, 26.36199477043929, 58.64217120852581, 68.01026310340669, 0.0, 19.220119471553538, 93.4648421680493, 89.39505419184937, 49.696273360243886, 29.647713472046608, 43.83357179648891, 82.32038400743838, 70.88347289184605, 29.628804258180757, 57.13178431475759, 116.97337757770555, 62.159886732617274, 74.65577735767319, 100.14267129098408, 111.65330492121643, 60.974728389596514, 67.30605907246, 66.56064168665556], [60.92487673827014, 23.057570249145865, 64.45827320139207, 53.80124619725145, 19.220119471553538, 0.0, 84.11413986849064, 79.7971362846326, 42.11089177353285, 36.24839869391317, 43.76453562549773, 93.7611039286748, 68.12554777213468, 10.619347226342343, 66.63144539396546, 120.1959790592706, 76.45459073622386, 80.85394698840703, 103.43732017483204, 115.5820588045246, 76.54526491020091, 79.36154332682926, 82.51692481278384], [93.24642332877694, 67.14319755798363, 64.72673406288034, 36.66316177696138, 93.4648421680493, 84.11413986849064, 0.0, 4.403057572035959, 43.772447113103304, 72.3159445009835, 55.08891686587553, 95.84384621411051, 34.41893672660243, 83.06124956037162, 77.57970069939898, 74.37525389011452, 99.75901063222035, 68.39314089819891, 64.76054238690146, 74.48229477259648, 105.66552483422396, 91.51845178471979, 111.0444161367159], [90.52854917571786, 63.112633669085724, 62.660867778098726, 32.438062373192494, 89.39505419184937, 79.7971362846326, 4.403057572035959, 0.0, 39.73934712967808, 68.82319174970186, 51.73569720831962, 94.683531725516, 32.61091295820982, 78.66840918602935, 75.4412154323896, 75.95885119065268, 97.58227677443487, 67.31961131676108, 65.52227596405378, 75.69874717494541, 103.32681705760722, 89.71605685448489, 108.81833857032156], [58.53258053597867, 23.375507708829236, 40.35976901989883, 26.920313557378933, 49.696273360243886, 42.11089177353285, 43.772447113103304, 39.73934712967808, 0.0, 31.65118704164116, 18.020506580831366, 76.28217176568404, 28.08798461112226, 43.889902892338775, 50.13418843494055, 84.32553238964282, 69.8168883884359, 53.63105245086241, 68.54153341538128, 80.93239763366059, 73.8317644618009, 65.93235236593247, 79.9973315293482], [29.333152347468953, 17.13695060187888, 29.273835427710495, 57.386494222558575, 29.647713472046608, 36.24839869391317, 72.3159445009835, 68.82319174970186, 31.65118704164116, 0.0, 17.438200867710112, 57.85176870916258, 44.01646772988812, 44.85584491949651, 30.424183630098778, 87.34399882850552, 43.401675488961246, 45.56501633196167, 70.50407395628139, 82.08998817773775, 45.57171971651274, 43.96728372357785, 51.881341936520585], [40.957919850445386, 20.713991510542364, 24.171112016386964, 44.924428274421906, 43.83357179648891, 43.76453562549773, 55.08891686587553, 51.73569720831962, 18.020506580831366, 17.438200867710112, 0.0, 59.364354178884476, 27.224302082515653, 49.45525088377613, 32.45754808602713, 76.46281690170498, 51.799568758199975, 39.4340783493544, 59.756381019270414, 71.99148183896551, 55.93182887285409, 48.19963091745713, 62.05712548476714], [37.197689084873645, 74.18731389815314, 35.97655558723357, 101.89397025390974, 82.32038400743838, 93.7611039286748, 95.84384621411051, 94.683531725516, 76.28217176568404, 57.85176870916258, 59.364354178884476, 0.0, 62.41799120437486, 102.70250501886166, 27.771987096724075, 56.49919893044129, 24.45442640586881, 27.465833303145917, 45.750209345930195, 49.916772038227975, 30.583893977242095, 15.124484970674315, 30.617294380239795], [59.92322375616833, 46.05630972983922, 30.356368931890014, 44.62981105831015, 70.88347289184605, 68.12554777213468, 34.41893672660243, 32.61091295820982, 28.08798461112226, 44.01646772988812, 27.224302082515653, 62.41799120437486, 0.0, 71.42885888212285, 43.237511953106726, 56.86515139831758, 65.41694347912353, 35.39049079611736, 41.922953326039945, 54.083288038331915, 71.47846730587106, 57.14035114249225, 76.73059209801389], [70.93640733850096, 29.527879853259563, 71.7737322656164, 49.89687472041904, 29.628804258180757, 10.619347226342343, 83.06124956037162, 78.66840918602935, 43.889902892338775, 44.85584491949651, 49.45525088377613, 102.70250501886166, 71.42885888212285, 0.0, 75.21628693334871, 125.60018196937803, 86.35196135424765, 88.00867960338618, 109.0429860372655, 121.3530739617059, 86.74657458019509, 88.60841079906456, 92.78335495696085], [20.296424907211776, 46.44229805074395, 12.888349829886403, 76.66121044266319, 57.13178431475759, 66.63144539396546, 77.57970069939898, 75.4412154323896, 50.13418843494055, 30.424183630098778, 32.45754808602713, 27.771987096724075, 43.237511953106726, 75.21628693334871, 0.0, 64.27664870958611, 22.182496129855146, 20.64358107279336, 48.50617667658022, 58.14593109934868, 28.38749033813243, 15.800014443408513, 33.49411430501711], [83.78180887859119, 97.14090035661786, 58.58986949947974, 99.96214452123772, 116.97337757770555, 120.1959790592706, 74.37525389011452, 75.95885119065268, 84.32553238964282, 87.34399882850552, 76.46281690170498, 56.49919893044129, 56.86515139831758, 125.60018196937803, 64.27664870958611, 0.0, 77.41081452177423, 43.79374223846303, 16.862628079710785, 6.608334377521274, 84.56646011516615, 65.34435382289853, 86.23245031114175], [15.64140512925191, 60.52489610734, 35.06127188609831, 96.72249367797033, 62.159886732617274, 76.45459073622386, 99.75901063222035, 97.58227677443487, 69.8168883884359, 43.401675488961246, 51.799568758199975, 24.45442640586881, 65.41694347912353, 86.35196135424765, 22.182496129855146, 77.41081452177423, 0.0, 37.922167401947526, 63.82462633633198, 70.84514837351043, 7.271836600772326, 12.088521746376173, 11.342960581544894], [40.69708666864654, 58.4919431291574, 16.411740299490635, 77.28361406116399, 74.65577735767319, 80.85394698840703, 68.39314089819891, 67.31961131676108, 53.63105245086241, 45.56501633196167, 39.4340783493544, 27.465833303145917, 35.39049079611736, 88.00867960338618, 20.64358107279336, 43.79374223846303, 37.922167401947526, 0.0, 27.862887670051627, 37.8289375864715, 45.11195552289618, 26.593031399703456, 48.660036478948115], [68.4755557458012, 80.3930858674795, 41.906918449982776, 86.1613266499631, 100.14267129098408, 103.43732017483204, 64.76054238690146, 65.52227596405378, 68.54153341538128, 70.50407395628139, 59.756381019270414, 45.750209345930195, 41.922953326039945, 109.0429860372655, 48.50617667658022, 16.862628079710785, 63.82462633633198, 27.862887670051627, 0.0, 12.410703555361218, 71.0898653415025, 51.79210199315159, 73.56282054478591], [77.46507530558488, 92.56547103486577, 53.07475856767364, 97.99521205913365, 111.65330492121643, 115.5820588045246, 74.48229477259648, 75.69874717494541, 80.93239763366059, 82.08998817773775, 71.99148183896551, 49.916772038227975, 54.083288038331915, 121.3530739617059, 58.14593109934868, 6.608334377521274, 70.84514837351043, 37.8289375864715, 12.410703555361218, 0.0, 77.98892885381862, 58.78800072935494, 79.62576218847323], [16.290827810049443, 62.45116964693758, 41.229035652211905, 100.73160447127592, 60.974728389596514, 76.54526491020091, 105.66552483422396, 103.32681705760722, 73.8317644618009, 45.57171971651274, 55.93182887285409, 30.583893977242095, 71.47846730587106, 86.74657458019509, 28.38749033813243, 84.56646011516615, 7.271836600772326, 45.11195552289618, 71.0898653415025, 77.98892885381862, 0.0, 19.32101497227506, 6.311002209891832], [22.20150999147426, 60.77855132930412, 27.403896119469238, 92.44037814629534, 67.30605907246, 79.36154332682926, 91.51845178471979, 89.71605685448489, 65.93235236593247, 43.96728372357785, 48.19963091745713, 15.124484970674315, 57.14035114249225, 88.60841079906456, 15.800014443408513, 65.34435382289853, 12.088521746376173, 26.593031399703456, 51.79210199315159, 58.78800072935494, 19.32101497227506, 0.0, 22.13380720498483], [22.584793220357643, 68.74483244339535, 46.381030569301224, 106.90973092214351, 66.56064168665556, 82.51692481278384, 111.0444161367159, 108.81833857032156, 79.9973315293482, 51.881341936520585, 62.05712548476714, 30.617294380239795, 76.73059209801389, 92.78335495696085, 33.49411430501711, 86.23245031114175, 11.342960581544894, 48.660036478948115, 73.56282054478591, 79.62576218847323, 6.311002209891832, 22.13380720498483, 0.0]]",Route_0,1316.144752725151
