instance_id,num_cities,city_coordinates,distance_matrix,best_route,total_distance
934,33,"[[90.02464469243017, 46.98901331900095], [24.373594711658185, 97.88806830933231], [51.54727369404378, 70.43240226619506], [84.16172561232723, 38.50111958003038], [58.65642306901532, 5.839226635514317], [10.70449182313129, 47.760800374187276], [89.55662749505643, 55.93076181423993], [13.64119916557639, 7.9167390427163475], [7.908766249557486, 53.52160513291595], [55.2830487359817, 18.875490296861464], [6.768142747798644, 9.680203728252646], [38.71305864928597, 94.61864991994551], [36.12173966241811, 2.4376576357813318], [73.0569804937349, 9.111859627610109], [63.64077008016499, 71.40897212726234], [80.18823318915274, 12.139675086038116], [15.585744933486012, 40.30661220799764], [22.893047975508253, 30.759159889582833], [8.206839988921566, 4.308894736456137], [92.0203849420583, 30.328488975957203], [83.2002965917496, 87.06268081050148], [68.59820633179224, 11.478695539035899], [1.3784698638603876, 40.87741148232369], [16.680173240122652, 25.868605872994877], [93.38062071356514, 7.5626206432156895], [88.36040587582933, 94.7268130868007], [25.873985362595498, 76.51328222797224], [14.673750183424229, 21.39967232446497], [34.45100020519503, 65.69376896199029], [81.09438077544034, 25.824026965852276], [41.015843821255324, 67.10571438702706], [96.85424771847032, 42.07940834675167], [80.7141570876931, 3.6680186174007368]]","[[0.0, 83.07089840904935, 45.05663729437528, 10.315917810058924, 51.74234505617353, 79.32390753403098, 8.953988287302266, 85.79669788328133, 82.37531334235926, 44.69170690762978, 91.2337239683613, 70.01043597208225, 69.9310121754808, 41.50398053344917, 35.9505664455084, 36.21092882732026, 74.7382384187002, 69.06561677205117, 92.28079804987364, 16.77963201411577, 40.65059105620248, 41.47378605404043, 88.85660351795715, 76.3248524617222, 39.56896529452907, 47.76680036918135, 70.61862039902616, 79.57745708328446, 58.63700065025105, 22.971858021415244, 52.9768272425859, 8.411165108166141, 44.31019929287202], [83.07089840904935, 0.0, 38.6292949367449, 84.26998443082967, 98.22576837913573, 51.95755348762059, 77.51930940846088, 90.60918498783323, 47.32307715132977, 84.8432780617213, 89.94764762241341, 14.707458061248664, 96.17068060242477, 101.24864087535792, 47.36088677421887, 102.31354166849128, 58.248179288915566, 67.14523336965206, 94.96539203756078, 95.60536066653565, 59.81446203543917, 97.0690268597957, 61.473496391638186, 72.42921857619136, 113.6690641015058, 64.06485415218926, 21.427380897564785, 77.10098380831325, 33.73465594825941, 91.70863441600329, 34.99311029937105, 91.47705497616796, 109.78012904345638], [45.05663729437528, 38.6292949367449, 0.0, 45.64328305362995, 64.98321585526239, 46.71332104769076, 40.68179632425707, 73.11004468901065, 46.80058110392868, 51.69208050540798, 75.47185035160156, 27.380497646749177, 69.7225386623007, 64.98366283997227, 12.132862132846963, 64.94879985727742, 46.91262918902552, 48.9390520157696, 79.06144092908713, 56.977158539936646, 35.75583900601282, 61.36997507485991, 58.22719603403675, 56.583095028801914, 75.51581532484974, 44.10697335063896, 26.383609208355516, 61.35034915651944, 17.740834613885315, 53.50643591023183, 11.044359076508892, 53.44730263957251, 72.85732640511957], [10.315917810058924, 84.26998443082967, 45.64328305362995, 0.0, 41.44055632523411, 74.03854998830182, 18.245476007405685, 76.86708647514955, 77.71826553535956, 34.91623265601189, 82.58578484911253, 72.21328506700642, 60.07007189501079, 31.41725584292546, 38.781907833722435, 26.65922725524616, 68.59974438505182, 61.755880685267186, 83.29617572144697, 11.338007649115545, 48.57107755550007, 31.183882590961968, 82.81735443444794, 68.65377129569087, 32.282793301554804, 56.38224477858608, 69.58724863503215, 71.56142974705517, 56.66212492409285, 13.042901575064715, 51.7666877402989, 13.187276743625832, 35.0032948649809], [51.74234505617353, 98.22576837913573, 64.98321585526239, 41.44055632523411, 0.0, 63.693061277795266, 58.855624456228796, 45.06313838248306, 69.63428675469387, 13.465653516964192, 52.030248314995596, 90.9918885565869, 22.78996770281854, 14.767741223477612, 65.75891756241253, 22.434671776679952, 55.16415487666419, 43.58924261175125, 50.4727881999455, 41.386929359942854, 84.85075860365784, 11.42990218496284, 67.14490539669484, 46.510015935671625, 34.76693815916984, 93.71941965101156, 77.90706229772195, 46.65407789464596, 64.56367967463021, 30.047532182839817, 63.75556883600649, 52.65381827003635, 22.164335638512956], [79.32390753403098, 51.95755348762059, 46.71332104769076, 74.03854998830182, 63.693061277795266, 0.0, 79.27425540461188, 39.95213978501261, 6.403354820008455, 53.11881846102663, 38.28350408404696, 54.59063912163044, 51.96367726989353, 73.35920844890697, 57.9783199391724, 78.08235960198807, 8.910193777034777, 20.91928966880537, 43.52362999837241, 83.16345323766699, 82.4638073028402, 68.32329991210358, 11.591191837832474, 22.693103544368157, 91.93060394662446, 90.75377313082575, 32.50874877623068, 26.658283590370395, 29.757150782804338, 73.72895289021154, 35.958361449297755, 86.33689047096792, 82.73769777741944], [8.953988287302266, 77.51930940846088, 40.68179632425707, 18.245476007405685, 58.855624456228796, 79.27425540461188, 0.0, 89.82482196560595, 81.68339661081325, 50.47545292695389, 94.83167893701038, 63.88913193223239, 75.60951945578059, 49.64119210020474, 30.186199827787817, 44.781983974672016, 75.60294648924659, 71.25757768695568, 96.34627697991073, 25.72054578043644, 31.774192718968077, 49.14510772998561, 89.45384753853497, 78.8334370975108, 48.519068462567695, 38.81448879613734, 66.92622098664167, 82.46115119145384, 55.96379604330055, 31.27339288876045, 49.810513394973135, 15.656157057416051, 53.005505462771104], [85.79669788328133, 90.60918498783323, 73.11004468901065, 76.86708647514955, 45.06313838248306, 39.95213978501261, 89.82482196560595, 0.0, 45.96373133506129, 43.05970116819777, 7.095682646447028, 90.25419374042332, 23.13860484329082, 59.427799757756354, 80.81596843263894, 66.68088876253086, 32.44819165849623, 24.644936529583482, 6.522944135825994, 81.52044711637924, 105.36862973890042, 55.07231764461319, 35.167889581239514, 18.207275636893588, 79.74020785431097, 114.53797975758485, 69.67873990758342, 13.522412931298293, 61.41036562015561, 69.78970318073704, 65.2127746099958, 89.95276217795181, 67.20739029061113], [82.37531334235926, 47.32307715132977, 46.80058110392868, 77.71826553535956, 69.63428675469387, 6.403354820008455, 81.68339661081325, 45.96373133506129, 0.0, 58.69136149670234, 43.85623671836855, 51.360213399820324, 58.35701809281199, 78.84488134971905, 58.53216337164792, 83.28736684201712, 15.28306381976906, 27.251745123907213, 49.21361308134084, 87.25070221002713, 82.42462192135767, 73.82963080372497, 14.230966374731068, 29.010790210942737, 97.04466065086226, 90.38990807096997, 29.178182147330602, 32.82656812668839, 29.20020129447097, 78.25145372356809, 35.785564262227936, 89.67843966656659, 88.23834213964835], [44.69170690762978, 84.8432780617213, 51.69208050540798, 34.91623265601189, 13.465653516964192, 53.11881846102663, 50.47545292695389, 43.05970116819777, 58.69136149670234, 0.0, 49.37863301187142, 77.53444912528354, 25.24595230935651, 20.27908119158295, 53.19415587535981, 25.79998874419971, 45.112846458161115, 34.50121377940842, 49.27834348085578, 38.48120385671003, 73.68083657223102, 15.231742989253293, 58.221887286758744, 39.23118226627838, 39.741741411109935, 82.74983217107201, 64.7070944116166, 40.68767164435959, 51.24378462950124, 26.73026418671342, 50.296199179126674, 47.6086798568043, 29.631207651361176], [91.2337239683613, 89.94764762241341, 75.47185035160156, 82.58578484911253, 52.030248314995596, 38.28350408404696, 94.83167893701038, 7.095682646447028, 43.85623671836855, 49.37863301187142, 0.0, 90.74699605723707, 30.23389035052434, 66.29127412204262, 83.93412052166153, 73.46127333348083, 31.870472300755672, 26.539309739589996, 5.560648346817908, 87.71713904830276, 108.76544442335604, 61.85621501186559, 31.65934846844656, 18.981904869655622, 86.63836042707884, 117.85679091906104, 69.51038486277477, 14.136639385081073, 62.48087777232894, 76.05927088835728, 66.86250296868836, 95.73512818552155, 74.19002228442194], [70.01043597208225, 14.707458061248664, 27.380497646749177, 72.21328506700642, 90.9918885565869, 54.59063912163044, 63.88913193223239, 90.25419374042332, 51.360213399820324, 77.53444912528354, 90.74699605723707, 0.0, 92.21740764402803, 92.14616733079593, 34.059946277428956, 92.31994038540505, 59.03109418038156, 65.78987159629081, 95.32303634618314, 83.5158417947638, 45.124350509810654, 88.3480280847566, 65.43693321501357, 72.19429753042115, 102.79734712278646, 49.64746505012745, 22.195633402148232, 77.06430452319889, 29.237200286838814, 80.80146417334721, 27.60913691491946, 78.36306382132504, 100.18038532748915], [69.9310121754808, 96.17068060242477, 69.7225386623007, 60.07007189501079, 22.78996770281854, 51.96367726989353, 75.60951945578059, 23.13860484329082, 58.35701809281199, 25.24595230935651, 30.23389035052434, 92.21740764402803, 0.0, 37.533411615454064, 74.25859719800569, 45.12189041193678, 43.078820781206495, 31.258691169967456, 27.97754728471242, 62.47044914953932, 96.83896462617838, 33.71144099107979, 51.81418215197593, 30.446409316165784, 57.48777874519918, 106.0479441649795, 74.78111143138173, 28.628207309310973, 63.27817151631092, 50.68984828467314, 64.85298620341153, 72.52520895667357, 44.609387800944546], [41.50398053344917, 101.24864087535792, 64.98366283997227, 31.41725584292546, 14.767741223477612, 73.35920844890697, 49.64119210020474, 59.427799757756354, 78.84488134971905, 20.27908119158295, 66.29127412204262, 92.14616733079593, 37.533411615454064, 0.0, 63.00472398437239, 7.747414501380434, 65.39155530627185, 54.63538902877146, 65.02775711371022, 28.45621319107367, 78.60799822251772, 5.048027264072787, 78.40190795351558, 58.81439399367439, 20.382602709562605, 86.97192124039059, 82.27506790090017, 59.66231576413847, 68.49769469086641, 18.544442305708927, 66.25648367609666, 40.65918341426004, 9.39509224731182], [35.9505664455084, 47.36088677421887, 12.132862132846963, 38.781907833722435, 65.75891756241253, 57.9783199391724, 30.186199827787817, 80.81596843263894, 58.53216337164792, 53.19415587535981, 83.93412052166153, 34.059946277428956, 74.25859719800569, 63.00472398437239, 0.0, 61.53590908651778, 57.24196218156251, 57.55679014396937, 87.0364348489358, 49.93003740889908, 25.052218921626434, 60.13496675088689, 69.34529705496121, 65.41576732062246, 70.43305554582577, 33.98208499907877, 38.11015625141741, 69.99070727127905, 29.74401137328386, 48.812045149440245, 23.03053007205859, 44.30980036498982, 69.8594111507824], [36.21092882732026, 102.31354166849128, 64.94879985727742, 26.65922725524616, 22.434671776679952, 78.08235960198807, 44.781983974672016, 66.68088876253086, 83.28736684201712, 25.79998874419971, 73.46127333348083, 92.31994038540505, 45.12189041193678, 7.747414501380434, 61.53590908651778, 0.0, 70.47593799060768, 60.2446965550932, 72.40609151120978, 21.69868120015361, 74.98352694245072, 11.608859397714012, 83.88585273197735, 64.97505074290169, 13.963828843366434, 82.99047999365871, 84.22587971300003, 66.16566354510142, 70.42680918445139, 13.714320610905528, 67.49623371143032, 34.26577983957321, 8.48796555540027], [74.7382384187002, 58.248179288915566, 46.91262918902552, 68.59974438505182, 55.16415487666419, 8.910193777034777, 75.60294648924659, 32.44819165849623, 15.28306381976906, 45.112846458161115, 31.870472300755672, 59.03109418038156, 43.078820781206495, 65.39155530627185, 57.24196218156251, 70.47593799060768, 0.0, 12.022916597912161, 36.74620934656855, 77.0831832274318, 82.20618922629878, 60.34376391127347, 14.218736818563627, 14.479426792796303, 84.40504535412829, 90.8719403279269, 37.64001653908365, 18.928922583804358, 31.629188805888454, 67.09043631673437, 36.94430682857354, 81.2878364274913, 74.72681319329226], [69.06561677205117, 67.14523336965206, 48.9390520157696, 61.755880685267186, 43.58924261175125, 20.91928966880537, 71.25757768695568, 24.644936529583482, 27.251745123907213, 34.50121377940842, 26.539309739589996, 65.78987159629081, 31.258691169967456, 54.63538902877146, 57.55679014396937, 60.2446965550932, 12.022916597912161, 0.0, 30.253945721111997, 69.12867851711619, 82.50485260730709, 49.605421134647244, 23.77511486021046, 7.9067901873489275, 74.20631606211907, 91.53051734808598, 45.85112538054043, 12.4561978017593, 36.79691795226408, 58.41019325993829, 40.61413243074768, 74.82250391794146, 63.853039038032584], [92.28079804987364, 94.96539203756078, 79.06144092908713, 83.29617572144697, 50.4727881999455, 43.52362999837241, 96.34627697991073, 6.522944135825994, 49.21361308134084, 49.27834348085578, 5.560648346817908, 95.32303634618314, 27.97754728471242, 65.02775711371022, 87.0364348489358, 72.40609151120978, 36.74620934656855, 30.253945721111997, 0.0, 87.75949864259564, 111.6790385113926, 60.81548464254385, 37.20057869923025, 23.16502796624477, 85.23590590359196, 120.8304352520359, 74.33439041708444, 18.273357820240577, 66.75970887550422, 75.99667437957294, 70.85105003241958, 96.35857302572708, 72.5101493245034], [16.77963201411577, 95.60536066653565, 56.977158539936646, 11.338007649115545, 41.386929359942854, 83.16345323766699, 25.72054578043644, 81.52044711637924, 87.25070221002713, 38.48120385671003, 87.71713904830276, 83.5158417947638, 62.47044914953932, 28.45621319107367, 49.93003740889908, 21.69868120015361, 77.0831832274318, 69.12867851711619, 87.75949864259564, 0.0, 57.41569891263296, 30.06514865198252, 91.25369326821006, 75.47210118040023, 22.806468431079143, 64.50224488380604, 80.67453938546741, 77.86029588488285, 67.56431815293853, 11.818110891738641, 62.881058546118034, 12.706310849341532, 28.958789132736396], [40.65059105620248, 59.81446203543917, 35.75583900601282, 48.57107755550007, 84.85075860365784, 82.4638073028402, 31.774192718968077, 105.36862973890042, 82.42462192135767, 73.68083657223102, 108.76544442335604, 45.124350509810654, 96.83896462617838, 78.60799822251772, 25.052218921626434, 74.98352694245072, 82.20618922629878, 82.50485260730709, 111.6790385113926, 57.41569891263296, 0.0, 76.98155538489118, 93.95685409806485, 90.3860698236893, 80.14922685732706, 9.239353406611164, 58.28889919697326, 94.90794616937863, 53.2271011024796, 61.27485296702188, 46.6669965218863, 47.00984134113653, 83.4317120280713], [41.47378605404043, 97.0690268597957, 61.36997507485991, 31.183882590961968, 11.42990218496284, 68.32329991210358, 49.14510772998561, 55.07231764461319, 73.82963080372497, 15.231742989253293, 61.85621501186559, 88.3480280847566, 33.71144099107979, 5.048027264072787, 60.13496675088689, 11.608859397714012, 60.34376391127347, 49.605421134647244, 60.81548464254385, 30.06514865198252, 76.98155538489118, 0.0, 73.36741422411131, 53.87533461174119, 25.089912418730705, 85.56163629842996, 77.81295858162396, 54.82948797202366, 64.0726608820693, 19.024797225497295, 62.089869927206614, 41.651020385891684, 14.415371541988733], [88.85660351795715, 61.473496391638186, 58.22719603403675, 82.81735443444794, 67.14490539669484, 11.591191837832474, 89.45384753853497, 35.167889581239514, 14.230966374731068, 58.221887286758744, 31.65934846844656, 65.43693321501357, 51.81418215197593, 78.40190795351558, 69.34529705496121, 83.88585273197735, 14.218736818563627, 23.77511486021046, 37.20057869923025, 91.25369326821006, 93.95685409806485, 73.36741422411131, 0.0, 21.433767098523205, 97.84820412059356, 102.30158965309636, 43.242867196213325, 23.58276492435449, 41.347839867846844, 81.12478559517858, 47.52941497114436, 95.48334385328636, 87.62813580496844], [76.3248524617222, 72.42921857619136, 56.583095028801914, 68.65377129569087, 46.510015935671625, 22.693103544368157, 78.8334370975108, 18.207275636893588, 29.010790210942737, 39.23118226627838, 18.981904869655622, 72.19429753042115, 30.446409316165784, 58.81439399367439, 65.41576732062246, 64.97505074290169, 14.479426792796303, 7.9067901873489275, 23.16502796624477, 75.47210118040023, 90.3860698236893, 53.87533461174119, 21.433767098523205, 0.0, 78.85472552649716, 99.39571646408334, 51.47241420842558, 4.898683552101233, 43.61015829010055, 64.41422296109718, 47.882397404802866, 81.79653009329184, 67.77327763863985], [39.56896529452907, 113.6690641015058, 75.51581532484974, 32.282793301554804, 34.76693815916984, 91.93060394662446, 48.519068462567695, 79.74020785431097, 97.04466065086226, 39.741741411109935, 86.63836042707884, 102.79734712278646, 57.48777874519918, 20.382602709562605, 70.43305554582577, 13.963828843366434, 84.40504535412829, 74.20631606211907, 85.23590590359196, 22.806468431079143, 80.14922685732706, 25.089912418730705, 97.84820412059356, 78.85472552649716, 0.0, 87.308642191706, 96.49528252398875, 79.91392536897388, 82.77638901353384, 22.00978538508734, 79.29344154194402, 34.69113313139511, 13.251687655729794], [47.76680036918135, 64.06485415218926, 44.10697335063896, 56.38224477858608, 93.71941965101156, 90.75377313082575, 38.81448879613734, 114.53797975758485, 90.38990807096997, 82.74983217107201, 117.85679091906104, 49.64746505012745, 106.0479441649795, 86.97192124039059, 33.98208499907877, 82.99047999365871, 90.8719403279269, 91.53051734808598, 120.8304352520359, 64.50224488380604, 9.239353406611164, 85.56163629842996, 102.30158965309636, 99.39571646408334, 87.308642191706, 0.0, 65.08675329821105, 103.95476323627722, 61.23023494087056, 69.28484001560982, 54.81270518339745, 53.32817805916809, 91.37926006895931], [70.61862039902616, 21.427380897564785, 26.383609208355516, 69.58724863503215, 77.90706229772195, 32.50874877623068, 66.92622098664167, 69.67873990758342, 29.178182147330602, 64.7070944116166, 69.51038486277477, 22.195633402148232, 74.78111143138173, 82.27506790090017, 38.11015625141741, 84.22587971300003, 37.64001653908365, 45.85112538054043, 74.33439041708444, 80.67453938546741, 58.28889919697326, 77.81295858162396, 43.242867196213325, 51.47241420842558, 96.49528252398875, 65.08675329821105, 0.0, 56.24015704694218, 13.806775544019398, 74.95793932986213, 17.826334740043283, 78.89163019342816, 91.18046317787515], [79.57745708328446, 77.10098380831325, 61.35034915651944, 71.56142974705517, 46.65407789464596, 26.658283590370395, 82.46115119145384, 13.522412931298293, 32.82656812668839, 40.68767164435959, 14.136639385081073, 77.06430452319889, 28.628207309310973, 59.66231576413847, 69.99070727127905, 66.16566354510142, 18.928922583804358, 12.4561978017593, 18.273357820240577, 77.86029588488285, 94.90794616937863, 54.82948797202366, 23.58276492435449, 4.898683552101233, 79.91392536897388, 103.95476323627722, 56.24015704694218, 0.0, 48.50883028231112, 66.56782317481797, 52.75365559133278, 84.74246666848434, 68.37943321839285], [58.63700065025105, 33.73465594825941, 17.740834613885315, 56.66212492409285, 64.56367967463021, 29.757150782804338, 55.96379604330055, 61.41036562015561, 29.20020129447097, 51.24378462950124, 62.48087777232894, 29.237200286838814, 63.27817151631092, 68.49769469086641, 29.74401137328386, 70.42680918445139, 31.629188805888454, 36.79691795226408, 66.75970887550422, 67.56431815293853, 53.2271011024796, 64.0726608820693, 41.347839867846844, 43.61015829010055, 82.77638901353384, 61.23023494087056, 13.806775544019398, 48.50883028231112, 0.0, 61.36123595446354, 6.714965494074402, 66.7218354623854, 77.37876576001958], [22.971858021415244, 91.70863441600329, 53.50643591023183, 13.042901575064715, 30.047532182839817, 73.72895289021154, 31.27339288876045, 69.78970318073704, 78.25145372356809, 26.73026418671342, 76.05927088835728, 80.80146417334721, 50.68984828467314, 18.544442305708927, 48.812045149440245, 13.714320610905528, 67.09043631673437, 58.41019325993829, 75.99667437957294, 11.818110891738641, 61.27485296702188, 19.024797225497295, 81.12478559517858, 64.41422296109718, 22.00978538508734, 69.28484001560982, 74.95793932986213, 66.56782317481797, 61.36123595446354, 0.0, 57.53665649590316, 22.640910536029676, 22.159270655628053], [52.9768272425859, 34.99311029937105, 11.044359076508892, 51.7666877402989, 63.75556883600649, 35.958361449297755, 49.810513394973135, 65.2127746099958, 35.785564262227936, 50.296199179126674, 66.86250296868836, 27.60913691491946, 64.85298620341153, 66.25648367609666, 23.03053007205859, 67.49623371143032, 36.94430682857354, 40.61413243074768, 70.85105003241958, 62.881058546118034, 46.6669965218863, 62.089869927206614, 47.52941497114436, 47.882397404802866, 79.29344154194402, 54.81270518339745, 17.826334740043283, 52.75365559133278, 6.714965494074402, 57.53665649590316, 0.0, 61.19022261611768, 74.83513426699984], [8.411165108166141, 91.47705497616796, 53.44730263957251, 13.187276743625832, 52.65381827003635, 86.33689047096792, 15.656157057416051, 89.95276217795181, 89.67843966656659, 47.6086798568043, 95.73512818552155, 78.36306382132504, 72.52520895667357, 40.65918341426004, 44.30980036498982, 34.26577983957321, 81.2878364274913, 74.82250391794146, 96.35857302572708, 12.706310849341532, 47.00984134113653, 41.651020385891684, 95.48334385328636, 81.79653009329184, 34.69113313139511, 53.32817805916809, 78.89163019342816, 84.74246666848434, 66.7218354623854, 22.640910536029676, 61.19022261611768, 0.0, 41.66458191929674], [44.31019929287202, 109.78012904345638, 72.85732640511957, 35.0032948649809, 22.164335638512956, 82.73769777741944, 53.005505462771104, 67.20739029061113, 88.23834213964835, 29.631207651361176, 74.19002228442194, 100.18038532748915, 44.609387800944546, 9.39509224731182, 69.8594111507824, 8.48796555540027, 74.72681319329226, 63.853039038032584, 72.5101493245034, 28.958789132736396, 83.4317120280713, 14.415371541988733, 87.62813580496844, 67.77327763863985, 13.251687655729794, 91.37926006895931, 91.18046317787515, 68.37943321839285, 77.37876576001958, 22.159270655628053, 74.83513426699984, 41.66458191929674, 0.0]]",Route_4,1983.5464355398833
