instance_id,num_cities,city_coordinates,distance_matrix,best_route,total_distance
2329,46,"[[10.15933408201779, 73.62900825106432], [44.46402065723779, 2.322075736807483], [69.01396762589287, 45.46156587599862], [75.7369435096116, 63.27597644642581], [84.22412480980756, 86.03424213950397], [67.95074369973848, 82.74145233792008], [81.3112046699425, 84.44262435847422], [17.291517985649186, 1.0690407650913891], [71.5163043803574, 19.139648833841193], [31.840186852432673, 33.63965102218126], [7.8608648053014925, 76.09376796602248], [40.880387296129136, 6.503444673026005], [71.3745844270537, 64.56398039911048], [37.6983177021627, 31.682893584820746], [62.83911715764123, 5.242998863252146], [62.454668859172735, 63.397290794085514], [90.87113167812888, 60.99460381264408], [14.717358268666159, 76.26248212618249], [74.7248236101433, 15.876411958738746], [62.27597266916541, 86.73412996781413], [25.702297257400165, 44.69443536954325], [43.63065353202282, 75.55625645731186], [14.378744184914783, 73.15513298720664], [40.99008117753969, 24.462916524464628], [61.15390270292718, 64.35172622762259], [63.3720841472218, 81.37368527532861], [4.077467097062626, 6.103538936693786], [56.01558201224126, 93.65597014691622], [70.87829860271714, 60.051862462625714], [84.5858474204602, 89.80985939276862], [38.36183664354851, 68.5147781481688], [71.72571554319238, 36.38269646752725], [37.02276036227909, 77.60072539065894], [58.357654102434445, 99.6786745366559], [27.435301697622705, 76.5247534086046], [92.43995029578275, 16.973354319410706], [95.59973254502371, 34.71983820388094], [63.64865577484407, 32.44065883603477], [71.98562873254902, 95.33479106909827], [82.25915068775267, 54.57492944629796], [85.28348185062966, 71.70467890034853], [30.69553274803829, 96.38692017180497], [18.07132319536423, 86.99855598868476], [65.41568211956161, 97.37194055264057], [35.06286812290668, 58.556889047785255], [56.01266468484462, 10.844290977263194]]","[[0.0, 79.1295781968845, 65.2477792690025, 66.38981944384167, 75.09649161830521, 58.505415671023584, 71.96890287811271, 72.90964907884737, 82.05953993223854, 45.48854876154688, 3.370163418662273, 73.82157134776747, 61.882805404749696, 50.178403266985924, 86.32384273701373, 53.28686593874852, 81.69469044380531, 5.2641019307191845, 86.62600542857106, 53.73907547431563, 32.84498762531883, 33.52675813992115, 4.245936808541244, 58.03309006193317, 51.83159259153737, 53.77338367363575, 67.7988061262784, 50.03873176866125, 62.21841801449521, 76.16512214516129, 28.662458029249855, 71.95628581089572, 27.155445283625582, 54.78743620923673, 17.51697454108008, 99.89976439882219, 93.8828269881018, 67.5099078853854, 65.5258095559144, 74.57507273666482, 75.14878988653281, 30.65384169467918, 15.535262419355018, 60.141423600737994, 29.109359062053656, 77.74605231472063], [79.1295781968845, 0.0, 49.63582885006703, 68.50820181152424, 92.67466043129559, 83.77888929907529, 90.00833003444544, 27.201378606199967, 31.85367827284997, 33.76613246562886, 82.3532245433241, 5.506929657043398, 67.81027310371596, 30.130256573426752, 18.605804559592098, 63.6698148027662, 74.80698833742169, 79.69973412932814, 33.1577475979858, 86.27085564646742, 46.3402538380824, 73.23892221059022, 76.95742888022207, 22.411717611396664, 64.23573540259116, 81.28143598369846, 40.563199730802694, 92.0614948708487, 63.48576497758766, 96.24901699160512, 66.4733819077679, 43.6271233594059, 75.64553819284149, 98.34297321204059, 76.13156141226958, 50.163231442837336, 60.53491590102, 35.709652371603276, 96.99899032740908, 64.48901127175807, 80.49952815928948, 95.06716687629884, 88.69431090639664, 97.33164397841007, 57.01522513411907, 14.352676805426734], [65.2477792690025, 49.63582885006703, 0.0, 19.040788552599693, 43.33002354883507, 37.29504497558492, 40.87474720816912, 68.16089848666957, 26.440593904202718, 39.0083022932835, 68.39615332363279, 48.05448522080716, 19.24772070388381, 34.21288851081263, 40.68982564307749, 19.097503204565232, 26.81437838077968, 62.42450023462038, 30.131299480453983, 41.81895650001209, 43.31846349217507, 39.370077921856414, 61.25309216511918, 35.01830216128235, 20.4601754318799, 36.35259507846221, 75.9328873775113, 49.916516621152816, 14.708925333853886, 47.00270820054986, 38.35366644565462, 9.475201660284359, 45.34713790849734, 55.25442868614028, 51.900935252272106, 36.882988785385734, 28.67381400716038, 14.082989434150155, 49.96167892389569, 16.077570398124106, 30.877144853721756, 63.73142209022003, 65.7303169716734, 52.03493689488268, 36.389073173621796, 36.97823142849761], [66.38981944384167, 68.50820181152424, 19.040788552599693, 0.0, 24.2893166593697, 20.964962655860205, 21.888338706174046, 85.35555407551823, 44.337672579701234, 52.96448838298456, 69.07573987814786, 66.61906540192045, 4.54853063607433, 49.4475473407869, 59.448973176790176, 13.28282865434314, 15.305172740425254, 62.3862093154197, 47.41036912230597, 27.045936896331874, 53.37358423767145, 34.37468739160817, 62.14842200994711, 52.09412694757162, 14.622664489113063, 21.918412622893687, 91.67206864975219, 36.21983043239985, 5.831066910251234, 27.97052099324668, 37.74047769331785, 27.19077891164594, 41.27937026022216, 40.3385191665096, 50.08571345930128, 49.22319830665239, 34.78481593443641, 33.12013756753167, 32.27754571784364, 10.874162283736096, 12.73496836875893, 55.90226540828196, 62.3545070252804, 35.62391338713396, 40.946919230137006, 56.0190040637492], [75.09649161830521, 92.67466043129559, 43.33002354883507, 24.2893166593697, 0.0, 16.603174317911865, 3.3193901400892285, 108.16218979325379, 68.09093415130368, 74.08960881441833, 77.00753538004868, 90.57498179579498, 25.02164717297858, 71.54522916820132, 83.5735816057067, 31.406062768221563, 25.90687530072783, 70.19029768253361, 70.79800745045749, 21.95930839896811, 71.6504286368993, 41.92395609119633, 71.02287411245013, 75.23437157835534, 31.660174420394178, 21.36652498836304, 113.19189042073478, 29.220072289114924, 29.20950411806606, 3.792905072659609, 49.0946137003712, 51.200451382895075, 47.94885828110462, 29.2445694496575, 57.57951724693534, 69.5478685145383, 52.56017981907781, 57.4075090673218, 15.371434436149753, 31.520619892845676, 14.368667995499601, 54.520529257847414, 66.1598296751104, 21.961350635594034, 56.31903845026423, 80.30825137034505], [58.505415671023584, 83.77888929907529, 37.29504497558492, 20.964962655860205, 16.603174317911865, 0.0, 13.468329650697637, 96.10795993086404, 63.701668988642965, 60.950465201446946, 60.4564740375791, 80.90140918754679, 18.497112515531523, 59.34800502698044, 77.66684631727456, 20.109784297377928, 31.59540482192374, 53.626209818126114, 67.20730454007288, 6.938623848119141, 56.85513808780244, 25.359294659129016, 54.42294231948631, 64.21265498479333, 19.6055878245895, 4.778588707491195, 99.76555134141144, 16.17327374125583, 22.877676158627104, 18.074541601163833, 32.83141299550149, 46.51219902637964, 31.352308158546524, 19.46527327913103, 40.98961315021843, 70.17951237131814, 55.41247159444573, 50.48443113904355, 13.223935784258455, 31.59245989692677, 20.54833763883695, 39.67555337309449, 50.060758297747995, 14.848492267444662, 40.82285464652988, 72.88154459316968], [71.96890287811271, 90.00833003444544, 40.87474720816912, 21.888338706174046, 3.3193901400892285, 13.468329650697637, 0.0, 105.11743301830518, 66.03346639434987, 70.91067411686669, 73.9233104595097, 87.80186059278716, 22.223791474780715, 68.45197660384055, 81.3252648052593, 28.257300076603716, 25.321964219221297, 67.09437461857222, 68.8818256023352, 19.17266427184924, 68.35399850423147, 38.714228244047284, 67.87754951407894, 72.27280506208922, 28.459813953954395, 18.19973714713368, 110.00937471051041, 26.92126048791568, 26.52837716234303, 6.287328292436724, 45.80769038890495, 49.0065125333569, 44.81381350296798, 27.55000378742659, 54.454619652161796, 68.38092847284784, 51.73507023105686, 54.91966907828855, 14.338956106220534, 29.88273416238082, 13.342947219201344, 52.00588857602755, 63.291511242954364, 20.48987199565677, 52.99981062176486, 77.82500113632814], [72.90964907884737, 27.201378606199967, 68.16089848666957, 85.35555407551823, 108.16218979325379, 96.10795993086404, 105.11743301830518, 0.0, 57.15657736014376, 35.67223595899987, 75.61512355992109, 24.20676560760396, 83.40614746427929, 36.79192111235763, 45.73844899575905, 76.97090975492921, 94.8948505331072, 75.23749013605108, 59.311405620023926, 96.75799021932902, 44.428777412306246, 79.00693237247994, 72.14491626628691, 33.300079885865415, 76.99744848003834, 92.5864704354078, 14.140626320146612, 100.35881937872038, 79.6901268182257, 111.37082052670338, 70.6603553592286, 64.88556189788159, 79.03430063809414, 106.81894685927404, 76.13449230497133, 76.8129811184596, 85.23234500906028, 55.97466073497491, 108.98384022767559, 84.16456155937067, 98.04234047079763, 96.25573097921567, 85.93305349355894, 107.65771538110253, 60.17203325362232, 39.93598275254008], [82.05953993223854, 31.85367827284997, 26.440593904202718, 44.337672579701234, 68.09093415130368, 63.701668988642965, 66.03346639434987, 57.15657736014376, 0.0, 42.24268416603711, 85.41537726672108, 33.139599743894195, 45.42455264167919, 36.06922804621039, 16.383237119175842, 45.17579119617026, 46.11341015370883, 80.55518830431359, 4.576386189007034, 68.22314570513356, 52.45922572386744, 62.93205176200655, 78.62806950072158, 30.98689209866458, 46.38438649789051, 62.764668524626174, 68.68723997492702, 76.11146126548127, 40.91718801896832, 71.86857182190444, 59.473709533857686, 17.244319201774434, 67.87858315484503, 81.60689148776181, 72.36148854585424, 21.035488830006962, 28.683685484416788, 15.453697345887468, 76.19658762437211, 37.02793349442918, 54.33799371885929, 87.36976780224924, 86.37822233707958, 78.46979711675215, 53.68958782724814, 17.583395740782546], [45.48854876154688, 33.76613246562886, 39.0083022932835, 52.96448838298456, 74.08960881441833, 60.950465201446946, 70.91067411686669, 35.67223595899987, 42.24268416603711, 0.0, 48.75817809682164, 28.60242855224262, 50.19245699306828, 6.17629312138149, 42.03930938898011, 42.69383601101485, 65.06109351358029, 45.93361503332027, 46.4179354545826, 61.19935255205141, 12.644443271551657, 43.54327635498902, 43.20156588550073, 12.95889741460315, 42.45615974612184, 57.208378521767024, 39.10250729812276, 64.70245970915575, 47.13363005543327, 77.0532089997086, 35.47966189314314, 39.97974108541286, 44.26550720161, 71.16409695977497, 43.11072975398442, 62.849795347119226, 63.768695072685254, 31.831058377792782, 73.60670356128239, 54.59265332370823, 65.61350568008051, 62.757708839265526, 55.10675408360841, 72.03553714124224, 25.12477712131333, 33.22554926763279], [3.370163418662273, 82.3532245433241, 68.39615332363279, 69.07573987814786, 77.00753538004868, 60.4564740375791, 73.9233104595097, 75.61512355992109, 85.41537726672108, 48.75817809682164, 0.0, 77.02663150849867, 64.5517511887065, 53.503264934724236, 89.67965050205997, 56.05072678966798, 84.3723246356807, 6.858568879948709, 89.98288143621284, 55.445660491738366, 36.114191108858066, 35.77382708316622, 7.149708186066625, 61.34565834693432, 54.571269295702585, 55.761752121143914, 70.09241226977848, 51.25727006701517, 65.02722271934712, 77.94135052283393, 31.428496141824336, 75.20431077625592, 29.200806036062367, 55.73305614502535, 19.579180986527078, 103.19324111661876, 97.0046956400106, 70.83693639603561, 66.94925181641929, 77.44782342638761, 77.5469260059608, 30.548880282296867, 14.93880391311169, 61.36218399555024, 32.36496727456891, 81.09309513729389], [73.82157134776747, 5.506929657043398, 48.05448522080716, 66.61906540192045, 90.57498179579498, 80.90140918754679, 87.80186059278716, 24.20676560760396, 33.139599743894195, 28.60242855224262, 77.02663150849867, 0.0, 65.58141403979957, 25.379720534366157, 21.99487532972714, 60.84701596141163, 73.94836677199586, 74.50387502863698, 35.118348269137066, 83.03453460052759, 41.09654714942887, 69.10755949738281, 71.7271541518612, 17.95980684557145, 61.29795352024044, 78.17563146587389, 36.80509285108257, 88.45697720118922, 61.37839791431053, 94.07510817499622, 62.06245706346938, 42.94419591130196, 71.20185819908541, 94.80020208395682, 71.30044883304998, 52.61185745360745, 61.565993928107694, 34.51279658411684, 94.11983928671444, 63.42767304676154, 78.88495262584675, 90.45866696953567, 83.66430750847756, 94.12260215004831, 52.37751999290312, 15.742578111797307], [61.882805404749696, 67.81027310371596, 19.24772070388381, 4.54853063607433, 25.02164717297858, 18.497112515531523, 22.223791474780715, 83.40614746427929, 45.42455264167919, 50.19245699306828, 64.5517511887065, 65.58141403979957, 0.0, 47.066514748968395, 59.93190345621317, 8.995891193906171, 19.82059040314948, 57.852365713261726, 48.80269893376585, 23.964562750433686, 49.80719461071161, 29.84218213281255, 57.63968865026401, 50.31215918242979, 10.22288544097057, 18.617362561712692, 89.1432847549788, 32.89745921290349, 4.539329013431935, 28.49371643087965, 33.24831302594602, 28.183471345688268, 36.742407876347634, 37.44972923065479, 45.53812312515214, 52.04437846531761, 38.438660547769686, 33.039336582077404, 30.776877106547264, 14.773453273403307, 15.634801010090952, 51.647698315419134, 57.83206584428791, 33.34472621188923, 36.80524266264282, 55.873013250994475], [50.178403266985924, 30.130256573426752, 34.21288851081263, 49.4475473407869, 71.54522916820132, 59.34800502698044, 68.45197660384055, 36.79192111235763, 36.06922804621039, 6.17629312138149, 53.503264934724236, 25.379720534366157, 47.066514748968395, 0.0, 36.48462457184151, 40.23282133974963, 60.71675635771881, 50.15440370497016, 40.25924739919253, 60.28847112817879, 17.697590969585107, 44.272616572092545, 47.578872938260524, 7.934971677951637, 40.21712438714985, 55.931360275831736, 42.24529535492813, 64.62340435458832, 43.65443308246053, 74.68055032685935, 36.837860658205635, 34.350428686815654, 45.92280104118994, 71.06500128579147, 46.00132487184825, 56.68347981921651, 57.98100441889847, 25.961399312487067, 72.29926521786668, 50.09703726022929, 62.17789918354222, 65.08187192823262, 58.69447521315913, 71.29728733821034, 27.002911447253936, 27.742794813028034], [86.32384273701373, 18.605804559592098, 40.68982564307749, 59.448973176790176, 83.5735816057067, 77.66684631727456, 81.3252648052593, 45.73844899575905, 16.383237119175842, 42.03930938898011, 89.67965050205997, 21.99487532972714, 59.93190345621317, 36.48462457184151, 0.0, 58.15556267865342, 62.402205830482416, 85.78735735236455, 15.948024703213726, 81.49307688641908, 54.180801348013105, 72.88977478594171, 83.42940554699969, 29.099580893263035, 59.13274556786496, 76.13255195634721, 58.767950849590605, 88.6758936977041, 55.395306365806746, 87.31823507688699, 67.84139824063764, 32.38290286172283, 76.8252879356819, 94.54195021791907, 79.58968953445492, 31.84039198251061, 44.069739936528364, 27.209705267934176, 90.55489880095543, 53.016762230082506, 70.14915836861653, 96.64587114924744, 93.21012014335547, 92.16496397118445, 60.11564602537386, 8.830341256703123], [53.28686593874852, 63.6698148027662, 19.097503204565232, 13.28282865434314, 31.406062768221563, 20.109784297377928, 28.257300076603716, 76.97090975492921, 45.17579119617026, 42.69383601101485, 56.05072678966798, 60.84701596141163, 8.995891193906171, 40.23282133974963, 58.15556267865342, 0.0, 28.517858683146336, 49.44050940702325, 49.07943177030958, 23.337523325083094, 41.237526834015014, 22.409462265665642, 49.05619244856636, 44.45912756801948, 1.6133628203305523, 17.999789147543186, 81.79530357832587, 30.936216892175896, 9.06363220664099, 34.458857271995115, 24.63033172714941, 28.561173176986014, 29.129358457293737, 36.51197524364551, 37.39901537595669, 55.26571252266048, 43.82911741984486, 30.97964923850822, 33.32931322311261, 21.680672504548575, 24.293361227853847, 45.792558052644914, 50.26829110979317, 34.10343715440841, 27.816186594155788, 52.946361608036746], [81.69469044380531, 74.80698833742169, 26.81437838077968, 15.305172740425254, 25.90687530072783, 31.59540482192374, 25.321964219221297, 94.8948505331072, 46.11341015370883, 65.06109351358029, 84.3723246356807, 73.94836677199586, 19.82059040314948, 60.71675635771881, 62.402205830482416, 28.517858683146336, 0.0, 77.66920440365543, 47.92029320018926, 38.473449617113715, 67.1764279418742, 49.433839656825, 77.45297808488324, 61.827852745859296, 29.90625300624802, 34.22724903304119, 102.6945432563309, 47.76687338870615, 20.015047730003342, 29.492774578659024, 53.04506656669677, 31.181612244149633, 56.35077965062635, 50.53299468511176, 65.30918826465843, 44.04919521172432, 26.69687198819069, 39.451121251900474, 39.19069637446934, 10.74143545102435, 12.080047143079346, 69.81202449336395, 77.3047064796253, 44.399217791801924, 55.861478089323356, 61.07508983708871], [5.2641019307191845, 79.69973412932814, 62.42450023462038, 62.3862093154197, 70.19029768253361, 53.626209818126114, 67.09437461857222, 75.23749013605108, 80.55518830431359, 45.93361503332027, 6.858568879948709, 74.50387502863698, 57.852365713261726, 50.15440370497016, 85.78735735236455, 49.44050940702325, 77.66920440365543, 0.0, 85.13150631215227, 48.69781527147315, 33.42469836237225, 28.92191898338377, 3.1257444184079946, 58.08141669736647, 47.93974097833839, 48.922456479097946, 70.96114848006246, 44.81156892925975, 58.45370312547639, 71.16977734374034, 24.881484572894923, 69.57262466890487, 22.345510904713468, 49.52568512865952, 12.72064743980126, 97.75480544454747, 90.92716718690804, 65.6857981005866, 60.36064753080821, 70.93830886358751, 70.71316261934808, 25.696207236581756, 11.247771455298384, 54.91747696634138, 26.970869424006082, 77.36176100117301], [86.62600542857106, 33.1577475979858, 30.131299480453983, 47.41036912230597, 70.79800745045749, 67.20730454007288, 68.8818256023352, 59.311405620023926, 4.576386189007034, 46.4179354545826, 89.98288143621284, 35.118348269137066, 48.80269893376585, 40.25924739919253, 15.948024703213726, 49.07943177030958, 47.92029320018926, 85.13150631215227, 0.0, 71.94296415358718, 56.86551295214941, 67.29436270759201, 83.20156960450349, 34.81035632755485, 50.33910992197786, 66.47388588928024, 71.32010957220507, 79.9980961843265, 44.342600079992174, 74.58816554969088, 63.97706164107005, 20.72443855820055, 72.32797827803482, 85.38561618254126, 76.905917869396, 17.749056201130568, 28.1218160099177, 19.926258267113983, 79.50557967478169, 39.425135893834586, 56.81796065983916, 91.76339349951074, 90.92842504224825, 82.0254917455003, 58.264001215331604, 19.376974305031258], [53.73907547431563, 86.27085564646742, 41.81895650001209, 27.045936896331874, 21.95930839896811, 6.938623848119141, 19.17266427184924, 96.75799021932902, 68.22314570513356, 61.19935255205141, 55.445660491738366, 83.03453460052759, 23.964562750433686, 60.28847112817879, 81.49307688641908, 23.337523325083094, 38.473449617113715, 48.69781527147315, 71.94296415358718, 0.0, 55.722254576076224, 21.739199201964272, 49.78487376173467, 65.80876233679263, 22.410511779030703, 5.47136433383147, 99.44022456156192, 9.332971801218264, 28.034682282585084, 22.520893031005485, 30.063776918074044, 51.23050356886056, 26.85412093118437, 13.52458703565916, 36.305698223213334, 76.00283787679213, 61.7734531976919, 54.310820896447275, 12.971075215584259, 37.86213916177525, 27.48144607047643, 33.022727693729074, 44.20544034643411, 11.091473728569735, 39.17282176344917, 76.14786069823761], [32.84498762531883, 46.3402538380824, 43.31846349217507, 53.37358423767145, 71.6504286368993, 56.85513808780244, 68.35399850423147, 44.428777412306246, 52.45922572386744, 12.644443271551657, 36.114191108858066, 41.09654714942887, 49.80719461071161, 17.697590969585107, 54.180801348013105, 41.237526834015014, 67.1764279418742, 33.42469836237225, 56.86551295214941, 55.722254576076224, 0.0, 35.69142697572123, 30.63060827129399, 25.35804984551549, 40.5367168446638, 52.577373631398075, 44.236755836683564, 57.585823953330596, 47.715004605170314, 74.18001054597545, 26.975408570782754, 46.767938101698256, 34.79909205514855, 63.950284498685164, 31.87745991853217, 72.26598555101532, 70.6055525323948, 39.875821798021306, 68.60460915868525, 57.413429031396134, 65.41766438146425, 51.93308565545694, 42.98686295246885, 65.97023942298071, 16.726861896649194, 45.43732660450981], [33.52675813992115, 73.23892221059022, 39.370077921856414, 34.37468739160817, 41.92395609119633, 25.359294659129016, 38.714228244047284, 79.00693237247994, 62.93205176200655, 43.54327635498902, 35.77382708316622, 69.10755949738281, 29.84218213281255, 44.272616572092545, 72.88977478594171, 22.409462265665642, 49.433839656825, 28.92191898338377, 67.29436270759201, 21.739199201964272, 35.69142697572123, 0.0, 29.350291214400524, 51.16152859183101, 20.79917688692562, 20.580732756328363, 79.92580639666696, 21.931395056078333, 31.349966428068026, 43.36465269180833, 8.79447827801083, 48.20684921963596, 6.916943353979936, 28.262618417187902, 16.22428449530735, 76.25158276043646, 66.09385923993753, 47.53604076943589, 34.57159310781163, 43.958808851620745, 41.83052422115505, 24.52007138004636, 28.00367093479161, 30.83036722303288, 19.036424011371956, 65.88590650874899], [4.245936808541244, 76.95742888022207, 61.25309216511918, 62.14842200994711, 71.02287411245013, 54.42294231948631, 67.87754951407894, 72.14491626628691, 78.62806950072158, 43.20156588550073, 7.149708186066625, 71.7271541518612, 57.63968865026401, 47.578872938260524, 83.42940554699969, 49.05619244856636, 77.45297808488324, 3.1257444184079946, 83.20156960450349, 49.78487376173467, 30.63060827129399, 29.350291214400524, 0.0, 55.48959542643622, 47.596380376661806, 49.67788202384221, 67.83828251330866, 46.410242280212394, 57.9990978192813, 72.15550745695477, 24.42788605081405, 68.1240575095242, 23.07628133946995, 51.35798646616386, 13.484362642221983, 96.17662997714477, 89.85611184151078, 63.91551136841425, 61.72916960330895, 70.37736532871995, 70.91957163225064, 28.38932061188054, 14.327438715495004, 56.49090902442844, 25.316826602026225, 74.94013856527496], [58.03309006193317, 22.411717611396664, 35.01830216128235, 52.09412694757162, 75.23437157835534, 64.21265498479333, 72.27280506208922, 33.300079885865415, 30.98689209866458, 12.95889741460315, 61.34565834693432, 17.95980684557145, 50.31215918242979, 7.934971677951637, 29.099580893263035, 44.45912756801948, 61.827852745859296, 58.08141669736647, 34.81035632755485, 65.80876233679263, 25.35804984551549, 51.16152859183101, 55.48959542643622, 0.0, 44.69560199888159, 61.153819641533225, 41.22630014522982, 70.80568017421398, 46.47449422902883, 78.55452740956916, 44.130195805643496, 32.96604880403668, 53.28570507698475, 77.19483689114223, 53.79746189644987, 51.992139543470536, 55.56454323411495, 24.02197692054973, 77.35338757743668, 51.08688109919657, 64.75870177486857, 72.65700260835136, 66.60312057737578, 76.89171454792796, 34.60535821250741, 20.276710212182785], [51.83159259153737, 64.23573540259116, 20.4601754318799, 14.622664489113063, 31.660174420394178, 19.6055878245895, 28.459813953954395, 76.99744848003834, 46.38438649789051, 42.45615974612184, 54.571269295702585, 61.29795352024044, 10.22288544097057, 40.21712438714985, 59.13274556786496, 1.6133628203305523, 29.90625300624802, 47.93974097833839, 50.33910992197786, 22.410511779030703, 40.5367168446638, 20.79917688692562, 47.596380376661806, 44.69560199888159, 0.0, 17.165879492225088, 81.55103202381638, 29.751320158974263, 10.632624512009485, 34.600181755300525, 23.16914492484012, 29.900331978937874, 27.529039385469968, 35.43744182450067, 35.848663078333146, 56.77611204243617, 45.4374733162203, 32.00843662162053, 32.82189201968518, 23.259777466783728, 25.225037222025776, 44.20368707868448, 48.672246252376866, 33.2941033497851, 26.72680720543796, 53.75386456274545], [53.77338367363575, 81.28143598369846, 36.35259507846221, 21.918412622893687, 21.36652498836304, 4.778588707491195, 18.19973714713368, 92.5864704354078, 62.764668524626174, 57.208378521767024, 55.761752121143914, 78.17563146587389, 18.617362561712692, 55.931360275831736, 76.13255195634721, 17.999789147543186, 34.22724903304119, 48.922456479097946, 66.47388588928024, 5.47136433383147, 52.577373631398075, 20.580732756328363, 49.67788202384221, 61.153819641533225, 17.165879492225088, 0.0, 95.81986506442456, 14.31686576485241, 22.604499187289793, 22.829647083403696, 28.12230382987705, 45.75994133959803, 26.618078259240924, 18.979387253843935, 36.262438873825694, 70.65651753138145, 56.70275802655785, 48.93380803058184, 16.40443919517667, 32.785585193655535, 23.949927632381538, 35.96045374296962, 45.648637584919385, 16.12825051239567, 36.35956410630602, 70.91231567841511], [67.7988061262784, 40.563199730802694, 75.9328873775113, 91.67206864975219, 113.19189042073478, 99.76555134141144, 110.00937471051041, 14.140626320146612, 68.68723997492702, 39.10250729812276, 70.09241226977848, 36.80509285108257, 89.1432847549788, 42.24529535492813, 58.767950849590605, 81.79530357832587, 102.6945432563309, 70.96114848006246, 71.32010957220507, 99.44022456156192, 44.236755836683564, 79.92580639666696, 67.83828251330866, 41.22630014522982, 81.55103202381638, 95.81986506442456, 0.0, 101.79880152419788, 85.86485137182423, 116.13934469675607, 71.20801061054834, 74.11553749792499, 78.72255089340142, 108.17876272119882, 74.19390733022479, 89.02854218450646, 95.8916975367329, 65.13348144446219, 112.13266595345037, 91.98832179689614, 104.39313385796771, 94.12550316595433, 82.09647856237126, 109.96498422532547, 60.921662933714444, 52.15112154491138], [50.03873176866125, 92.0614948708487, 49.916516621152816, 36.21983043239985, 29.220072289114924, 16.17327374125583, 26.92126048791568, 100.35881937872038, 76.11146126548127, 64.70245970915575, 51.25727006701517, 88.45697720118922, 32.89745921290349, 64.62340435458832, 88.6758936977041, 30.936216892175896, 47.76687338870615, 44.81156892925975, 79.9980961843265, 9.332971801218264, 57.585823953330596, 21.931395056078333, 46.410242280212394, 70.80568017421398, 29.751320158974263, 14.31686576485241, 101.79880152419788, 0.0, 36.74420223254546, 28.827983513059692, 30.720258147686877, 59.388855633986616, 24.86962320604393, 6.462063899548778, 33.321329652299006, 84.89380528050243, 70.99558170625018, 61.689368240836004, 16.05804570729479, 47.074968285381395, 36.58509461982536, 25.46689974810647, 38.52386196159948, 10.107933423003102, 40.87739856365234, 82.81167922103948], [62.21841801449521, 63.48576497758766, 14.708925333853886, 5.831066910251234, 29.20950411806606, 22.877676158627104, 26.52837716234303, 79.6901268182257, 40.91718801896832, 47.13363005543327, 65.02722271934712, 61.37839791431053, 4.539329013431935, 43.65443308246053, 55.395306365806746, 9.06363220664099, 20.015047730003342, 58.45370312547639, 44.342600079992174, 28.034682282585084, 47.715004605170314, 31.349966428068026, 57.9990978192813, 46.47449422902883, 10.632624512009485, 22.604499187289793, 85.86485137182423, 36.74420223254546, 0.0, 32.76332211307644, 33.59972083578481, 23.684330988536065, 38.13345066495638, 41.557800397193354, 46.46127544756125, 48.17325697498686, 35.39577304155768, 28.54200940942465, 35.30030072203172, 12.630146058015265, 18.528287436706133, 54.17463512070322, 59.28491328879657, 37.71774658548478, 35.84661777581277, 51.40400921394424], [76.16512214516129, 96.24901699160512, 47.00270820054986, 27.97052099324668, 3.792905072659609, 18.074541601163833, 6.287328292436724, 111.37082052670338, 71.86857182190444, 77.0532089997086, 77.94135052283393, 94.07510817499622, 28.49371643087965, 74.68055032685935, 87.31823507688699, 34.458857271995115, 29.492774578659024, 71.16977734374034, 74.58816554969088, 22.520893031005485, 74.18001054597545, 43.36465269180833, 72.15550745695477, 78.55452740956916, 34.600181755300525, 22.829647083403696, 116.13934469675607, 28.827983513059692, 32.76332211307644, 0.0, 50.893414677324955, 54.95311392579137, 49.10509345867887, 28.02341230242937, 58.674346331498306, 73.2587428453249, 56.18021092990996, 61.07037879794105, 13.758284086734689, 35.31166671255672, 18.118616240244915, 54.29018091684527, 66.57390900135498, 20.607773026998007, 58.560000289364105, 83.97611426368064], [28.662458029249855, 66.4733819077679, 38.35366644565462, 37.74047769331785, 49.0946137003712, 32.83141299550149, 45.80769038890495, 70.6603553592286, 59.473709533857686, 35.47966189314314, 31.428496141824336, 62.06245706346938, 33.24831302594602, 36.837860658205635, 67.84139824063764, 24.63033172714941, 53.04506656669677, 24.881484572894923, 63.97706164107005, 30.063776918074044, 26.975408570782754, 8.79447827801083, 24.42788605081405, 44.130195805643496, 23.16914492484012, 28.12230382987705, 71.20801061054834, 30.720258147686877, 33.59972083578481, 50.893414677324955, 0.0, 46.320827803068475, 9.184092910046829, 37.02730281780523, 13.548020873815158, 74.7058280623382, 66.47010375398955, 44.05411792244781, 43.010144007235745, 46.05750277779435, 47.02995062455369, 28.907239861392174, 27.447312787384046, 39.5556111958601, 10.490126244985003, 60.31116663664361], [71.95628581089572, 43.6271233594059, 9.475201660284359, 27.19077891164594, 51.200451382895075, 46.51219902637964, 49.0065125333569, 64.88556189788159, 17.244319201774434, 39.97974108541286, 75.20431077625592, 42.94419591130196, 28.183471345688268, 34.350428686815654, 32.38290286172283, 28.561173176986014, 31.181612244149633, 69.57262466890487, 20.72443855820055, 51.23050356886056, 46.767938101698256, 48.20684921963596, 68.1240575095242, 32.96604880403668, 29.900331978937874, 45.75994133959803, 74.11553749792499, 59.388855633986616, 23.684330988536065, 54.95311392579137, 46.320827803068475, 0.0, 53.88154606724455, 64.69223992420957, 59.77478978693715, 28.386653272410896, 23.931857124107783, 8.987689090615765, 58.952667562872676, 21.02166969340281, 37.834580349616886, 72.69100881509874, 73.7615011593462, 61.31479769093972, 42.84692751586184, 29.985165036433813], [27.155445283625582, 75.64553819284149, 45.34713790849734, 41.27937026022216, 47.94885828110462, 31.352308158546524, 44.81381350296798, 79.03430063809414, 67.87858315484503, 44.26550720161, 29.200806036062367, 71.20185819908541, 36.742407876347634, 45.92280104118994, 76.8252879356819, 29.129358457293737, 56.35077965062635, 22.345510904713468, 72.32797827803482, 26.85412093118437, 34.79909205514855, 6.916943353979936, 23.07628133946995, 53.28570507698475, 27.529039385469968, 26.618078259240924, 78.72255089340142, 24.86962320604393, 38.13345066495638, 49.10509345867887, 9.184092910046829, 53.88154606724455, 0.0, 30.702011813510666, 9.647646311544628, 82.13856014769705, 72.5949871273714, 52.42489788010019, 39.203306622835036, 50.759415762496225, 48.61954959470567, 19.82309066814683, 21.153633036448188, 34.59853977983087, 19.14442164820104, 69.4048845670836], [54.78743620923673, 98.34297321204059, 55.25442868614028, 40.3385191665096, 29.2445694496575, 19.46527327913103, 27.55000378742659, 106.81894685927404, 81.60689148776181, 71.16409695977497, 55.73305614502535, 94.80020208395682, 37.44972923065479, 71.06500128579147, 94.54195021791907, 36.51197524364551, 50.53299468511176, 49.52568512865952, 85.38561618254126, 13.52458703565916, 63.950284498685164, 28.262618417187902, 51.35798646616386, 77.19483689114223, 35.43744182450067, 18.979387253843935, 108.17876272119882, 6.462063899548778, 41.557800397193354, 28.02341230242937, 37.02730281780523, 64.69223992420957, 30.702011813510666, 0.0, 38.63024646376706, 89.4526293970624, 74.87738526706323, 67.44587054856966, 14.30353159533571, 51.04536570731928, 38.82711207114976, 27.857289972713694, 42.23474712064183, 7.425414544896688, 47.26148850411608, 88.86532888447502], [17.51697454108008, 76.13156141226958, 51.900935252272106, 50.08571345930128, 57.57951724693534, 40.98961315021843, 54.454619652161796, 76.13449230497133, 72.36148854585424, 43.11072975398442, 19.579180986527078, 71.30044883304998, 45.53812312515214, 46.00132487184825, 79.58968953445492, 37.39901537595669, 65.30918826465843, 12.72064743980126, 76.905917869396, 36.305698223213334, 31.87745991853217, 16.22428449530735, 13.484362642221983, 53.79746189644987, 35.848663078333146, 36.262438873825694, 74.19390733022479, 33.321329652299006, 46.46127544756125, 58.674346331498306, 13.548020873815158, 59.77478978693715, 9.647646311544628, 38.63024646376706, 0.0, 88.15879691131632, 79.96274487549968, 57.05098077864644, 48.358547907356325, 59.05462886234088, 58.048643957287126, 20.1279600315401, 14.049364180533322, 43.325679553974204, 19.51983399675625, 71.62812869605271], [99.89976439882219, 50.163231442837336, 36.882988785385734, 49.22319830665239, 69.5478685145383, 70.17951237131814, 68.38092847284784, 76.8129811184596, 21.035488830006962, 62.849795347119226, 103.19324111661876, 52.61185745360745, 52.04437846531761, 56.68347981921651, 31.84039198251061, 55.26571252266048, 44.04919521172432, 97.75480544454747, 17.749056201130568, 76.00283787679213, 72.26598555101532, 76.25158276043646, 96.17662997714477, 51.992139543470536, 56.77611204243617, 70.65651753138145, 89.02854218450646, 84.89380528050243, 48.17325697498686, 73.2587428453249, 74.7058280623382, 28.386653272410896, 82.13856014769705, 89.4526293970624, 88.15879691131632, 0.0, 18.02559053469206, 32.68296420463439, 80.9869992041158, 38.95545061582283, 55.19721850773317, 100.5926813426443, 102.1480375025561, 84.8188878656306, 70.86127235083282, 36.939309068158224], [93.8828269881018, 60.53491590102, 28.67381400716038, 34.78481593443641, 52.56017981907781, 55.41247159444573, 51.73507023105686, 85.23234500906028, 28.683685484416788, 63.768695072685254, 97.0046956400106, 61.565993928107694, 38.438660547769686, 57.98100441889847, 44.069739936528364, 43.82911741984486, 26.69687198819069, 90.92716718690804, 28.1218160099177, 61.7734531976919, 70.6055525323948, 66.09385923993753, 89.85611184151078, 55.56454323411495, 45.4374733162203, 56.70275802655785, 95.8916975367329, 70.99558170625018, 35.39577304155768, 56.18021092990996, 66.47010375398955, 23.931857124107783, 72.5949871273714, 74.87738526706323, 79.96274487549968, 18.02559053469206, 0.0, 32.032264443287936, 65.05227443924502, 23.92061396651964, 38.396659616855615, 89.52867780619606, 93.50785309005619, 69.54396328083618, 65.06087109005426, 46.22961926229632], [67.5099078853854, 35.709652371603276, 14.082989434150155, 33.12013756753167, 57.4075090673218, 50.48443113904355, 54.91966907828855, 55.97466073497491, 15.453697345887468, 31.831058377792782, 70.83693639603561, 34.51279658411684, 33.039336582077404, 25.961399312487067, 27.209705267934176, 30.97964923850822, 39.451121251900474, 65.6857981005866, 19.926258267113983, 54.310820896447275, 39.875821798021306, 47.53604076943589, 63.91551136841425, 24.02197692054973, 32.00843662162053, 48.93380803058184, 65.13348144446219, 61.689368240836004, 28.54200940942465, 61.07037879794105, 44.05411792244781, 8.987689090615765, 52.42489788010019, 67.44587054856966, 57.05098077864644, 32.68296420463439, 32.032264443287936, 0.0, 63.44428254340639, 28.918444915862217, 44.83000079121486, 71.93769982451772, 71.09048731567148, 64.95532100963055, 38.71956528881497, 22.906581251202308], [65.5258095559144, 96.99899032740908, 49.96167892389569, 32.27754571784364, 15.371434436149753, 13.223935784258455, 14.338956106220534, 108.98384022767559, 76.19658762437211, 73.60670356128239, 66.94925181641929, 94.11983928671444, 30.776877106547264, 72.29926521786668, 90.55489880095543, 33.32931322311261, 39.19069637446934, 60.36064753080821, 79.50557967478169, 12.971075215584259, 68.60460915868525, 34.57159310781163, 61.72916960330895, 77.35338757743668, 32.82189201968518, 16.40443919517667, 112.13266595345037, 16.05804570729479, 35.30030072203172, 13.758284086734689, 43.010144007235745, 58.952667562872676, 39.203306622835036, 14.30353159533571, 48.358547907356325, 80.9869992041158, 65.05227443924502, 63.44428254340639, 0.0, 42.034647290941805, 27.114850150014508, 41.30349866607999, 54.554973713428105, 6.8785301130257, 52.114338987712934, 85.98709313750314], [74.57507273666482, 64.48901127175807, 16.077570398124106, 10.874162283736096, 31.520619892845676, 31.59245989692677, 29.88273416238082, 84.16456155937067, 37.02793349442918, 54.59265332370823, 77.44782342638761, 63.42767304676154, 14.773453273403307, 50.09703726022929, 53.016762230082506, 21.680672504548575, 10.74143545102435, 70.93830886358751, 39.425135893834586, 37.86213916177525, 57.413429031396134, 43.958808851620745, 70.37736532871995, 51.08688109919657, 23.259777466783728, 32.785585193655535, 91.98832179689614, 47.074968285381395, 12.630146058015265, 35.31166671255672, 46.05750277779435, 21.02166969340281, 50.759415762496225, 51.04536570731928, 59.05462886234088, 38.95545061582283, 23.92061396651964, 28.918444915862217, 42.034647290941805, 0.0, 17.394680087351265, 66.38561036446617, 71.9122295326239, 45.99224492285686, 47.36396404661103, 51.00241924076025], [75.14878988653281, 80.49952815928948, 30.877144853721756, 12.73496836875893, 14.368667995499601, 20.54833763883695, 13.342947219201344, 98.04234047079763, 54.33799371885929, 65.61350568008051, 77.5469260059608, 78.88495262584675, 15.634801010090952, 62.17789918354222, 70.14915836861653, 24.293361227853847, 12.080047143079346, 70.71316261934808, 56.81796065983916, 27.48144607047643, 65.41766438146425, 41.83052422115505, 70.91957163225064, 64.75870177486857, 25.225037222025776, 23.949927632381538, 104.39313385796771, 36.58509461982536, 18.528287436706133, 18.118616240244915, 47.02995062455369, 37.834580349616886, 48.61954959470567, 38.82711207114976, 58.048643957287126, 55.19721850773317, 38.396659616855615, 44.83000079121486, 27.114850150014508, 17.394680087351265, 0.0, 59.90874077636329, 68.93023246365638, 32.458246823897454, 51.91314304871478, 67.5334550848781], [30.65384169467918, 95.06716687629884, 63.73142209022003, 55.90226540828196, 54.520529257847414, 39.67555337309449, 52.00588857602755, 96.25573097921567, 87.36976780224924, 62.757708839265526, 30.548880282296867, 90.45866696953567, 51.647698315419134, 65.08187192823262, 96.64587114924744, 45.792558052644914, 69.81202449336395, 25.696207236581756, 91.76339349951074, 33.022727693729074, 51.93308565545694, 24.52007138004636, 28.38932061188054, 72.65700260835136, 44.20368707868448, 35.96045374296962, 94.12550316595433, 25.46689974810647, 54.17463512070322, 54.29018091684527, 28.907239861392174, 72.69100881509874, 19.82309066814683, 27.857289972713694, 20.1279600315401, 100.5926813426443, 89.52867780619606, 71.93769982451772, 41.30349866607999, 66.38561036446617, 59.90874077636329, 0.0, 15.732515655950307, 34.73411921341252, 38.081292954952005, 89.21041743552448], [15.535262419355018, 88.69431090639664, 65.7303169716734, 62.3545070252804, 66.1598296751104, 50.060758297747995, 63.291511242954364, 85.93305349355894, 86.37822233707958, 55.10675408360841, 14.93880391311169, 83.66430750847756, 57.83206584428791, 58.69447521315913, 93.21012014335547, 50.26829110979317, 77.3047064796253, 11.247771455298384, 90.92842504224825, 44.20544034643411, 42.98686295246885, 28.00367093479161, 14.327438715495004, 66.60312057737578, 48.672246252376866, 45.648637584919385, 82.09647856237126, 38.52386196159948, 59.28491328879657, 66.57390900135498, 27.447312787384046, 73.7615011593462, 21.153633036448188, 42.23474712064183, 14.049364180533322, 102.1480375025561, 93.50785309005619, 71.09048731567148, 54.554973713428105, 71.9122295326239, 68.93023246365638, 15.732515655950307, 0.0, 48.4674677413102, 33.130665815853284, 85.0824157711286], [60.141423600737994, 97.33164397841007, 52.03493689488268, 35.62391338713396, 21.961350635594034, 14.848492267444662, 20.48987199565677, 107.65771538110253, 78.46979711675215, 72.03553714124224, 61.36218399555024, 94.12260215004831, 33.34472621188923, 71.29728733821034, 92.16496397118445, 34.10343715440841, 44.399217791801924, 54.91747696634138, 82.0254917455003, 11.091473728569735, 65.97023942298071, 30.83036722303288, 56.49090902442844, 76.89171454792796, 33.2941033497851, 16.12825051239567, 109.96498422532547, 10.107933423003102, 37.71774658548478, 20.607773026998007, 39.5556111958601, 61.31479769093972, 34.