instance_id,num_cities,city_coordinates,distance_matrix,best_route,total_distance
660,75,"[[13.40423200925076, 43.67807299697417], [15.268955704553477, 89.30288926787074], [2.7400666736539403, 2.558758282966378], [65.52321851351175, 4.497017212543552], [97.29438869459992, 86.54262928565782], [35.86768783455527, 7.142623699783746], [76.54034946607432, 68.5413138220767], [89.1411859221752, 95.4181942295033], [65.22847389366397, 16.864283305904603], [66.42525075172094, 82.57607513633086], [24.5599568593569, 33.054783590580904], [89.07644616448628, 41.499732902652376], [53.87425143898129, 19.66664270148659], [68.36006730721563, 5.917587306565164], [68.029475130426, 30.78518444942371], [30.786022919892563, 8.501926081529765], [31.31257608468543, 73.8626066129876], [50.4454344309791, 74.50151387181396], [91.33693917107243, 9.043061622956793], [32.45251926169017, 99.65654450885485], [93.58173261098392, 31.75935426959786], [35.96853910689438, 30.49772613888565], [55.12151620253992, 53.810875068226075], [42.76750550265981, 36.82208131201499], [8.392021483580002, 56.66421224955063], [84.55845207704549, 49.28000467080559], [86.13745141390217, 35.987097588954676], [32.44097347905777, 33.48620470731325], [55.90884185398121, 75.89342242101283], [50.5493207136218, 39.06537917851569], [56.89716615131953, 91.38529995454871], [21.689021548192244, 20.15452987638071], [70.37677781256939, 40.39831706995126], [42.55068733880299, 43.884881256575206], [81.5917653982496, 77.05068670383747], [87.71429659706425, 77.32078562735303], [77.32375995744171, 20.795279310934013], [35.64703586752006, 1.935471828550639], [86.79203460730778, 39.34339795701468], [60.35812232164787, 88.6554849228904], [10.116696455841346, 79.19843354502048], [33.524939747034054, 81.44199789791855], [5.8628206754727135, 83.30106102900785], [24.18261228944891, 28.67600638945662], [62.8492037211371, 20.235601416131775], [77.36459032564905, 4.677331421643927], [16.26958256658956, 57.755186996499184], [81.60105262341337, 11.91890329778592], [18.440617848329765, 10.084094765530482], [48.623394825196655, 61.31420499630864], [75.3844877115886, 90.25042488716332], [15.97540470964236, 66.70750735179337], [30.795493044941814, 20.2167344275217], [77.59129328607398, 91.3475729823915], [84.48446055419106, 25.804870814643067], [82.61516999046523, 20.985836605973674], [24.225692798651867, 64.64867715011783], [42.394315525441726, 16.35746486773437], [35.651257369634834, 43.38397102704767], [47.296907482264274, 37.65013947505413], [89.0451071587606, 37.61952148740841], [30.38961429090715, 21.72241875405543], [4.527903925269328, 9.918211930942288], [95.6399640932679, 0.23920787901255958], [7.646466887960024, 36.19813060756466], [58.374974104573965, 28.571130680205957], [24.76787644799331, 93.69504047615713], [15.49242545385342, 2.5200886912125298], [41.43664187914593, 17.421699308806794], [94.56704628933385, 93.13756839092862], [85.83179788625041, 83.11020651488576], [6.061968795643802, 75.70506412073995], [8.082503622484527, 97.33737390841954], [60.356402639596716, 82.37702482198284], [60.5435357687281, 60.64820882851687]]","[[0.0, 45.66290676482271, 42.47967119522658, 65.2038640466499, 94.20683931922439, 42.888761965845774, 67.8553614082842, 91.72309596369527, 58.35007595959989, 65.75928070563705, 15.404690024251158, 75.70356108349434, 47.05710634407757, 66.678318161698, 56.12614151308693, 39.23630929481262, 35.09722007710013, 48.188537892451116, 85.28241822584866, 59.13058870041699, 81.05854340440143, 26.131771813183548, 42.930239671807335, 30.153050463144982, 13.919844361233059, 71.37439787440898, 73.13871962026626, 21.593325473906646, 53.33357850890623, 37.4303961923787, 64.55706641621704, 24.93982394987932, 57.066871074661876, 29.147189022851286, 75.9162107543794, 81.57093730107106, 67.89203414243414, 47.29891199365492, 73.51570565446157, 65.02026913987798, 35.6721726767257, 42.78968221187743, 40.33427903771084, 18.472560297938063, 54.72069719409507, 74.91318495023258, 14.365770858957232, 75.22932408218294, 33.969406172831285, 39.38810202782123, 77.52764705258883, 23.172521998223793, 29.20428680659783, 79.95223614267684, 73.29290720288991, 72.83605926094961, 23.598098486199937, 39.835167513482496, 22.248969264985888, 34.42454695800221, 75.88312091485034, 27.75885380358135, 34.907268862691815, 93.00349796717707, 9.43935365058633, 47.440355719221124, 51.291611894576, 41.210923600125774, 38.40850377672221, 95.04548440871802, 82.46602605098376, 32.85782995786024, 53.92254971092849, 60.8450096495634, 50.10089289692633], [45.66290676482271, 0.0, 87.6442657603727, 98.57751703880744, 82.0718629761382, 84.70311094394438, 64.69332816041182, 74.1249172147873, 87.99605156710759, 51.5966719015203, 57.01028060571289, 87.93570040927968, 79.62145247731216, 98.85228735029068, 78.79082552751157, 82.27742720093879, 22.266568738008786, 38.163665563015165, 110.58018829000922, 20.06173056770811, 97.1810138190264, 62.34195989585998, 53.365809749252826, 59.2486746239808, 33.3552913611291, 80.0179079895468, 88.68436912137082, 58.39846290597612, 42.795024796761474, 61.38820387624273, 41.68026318616802, 69.44575474405418, 73.6785534558751, 52.98196233320653, 67.44502615713287, 73.42954599263297, 92.43425421820665, 89.71249512272361, 87.24392006191103, 45.093814194521165, 11.34221322410142, 19.876482749457818, 11.157836635930469, 61.27864392483235, 83.86996037029337, 104.96357882514145, 31.563567173564685, 101.92265874804927, 79.2822605830477, 43.541762209468274, 60.12299902897969, 22.606422851264803, 70.80939310859227, 62.355869756723216, 93.92967826558677, 95.93087231466397, 26.230770376028843, 77.8255747574579, 50.2392801856652, 60.776609449974124, 90.07824947524591, 69.25138490278539, 80.10803448602084, 119.96598822980974, 53.649023552423074, 74.47466229163648, 10.465203654330056, 86.78308829868224, 76.49609970229197, 79.39075471595449, 70.8340597201529, 16.421615531754988, 10.779519329130018, 45.616285134183755, 53.580577741088675], [42.47967119522658, 87.6442657603727, 0.0, 62.81306394870996, 126.46663750348337, 33.443252023983725, 98.99585534613556, 126.83859133444436, 64.10498485356435, 102.26716808178959, 37.49820218728895, 94.71203686921766, 53.9201684056354, 65.70590700658812, 71.12972649157092, 28.66874439608076, 76.81553931799317, 86.32243158402281, 88.8338449360875, 101.5421583814557, 95.41951098304757, 43.413330960670486, 73.28434846348249, 52.689383790311496, 54.39985976180098, 94.21848573422889, 89.8475244526485, 42.879491687683625, 90.58085679886375, 60.15362118002158, 104.03434975606432, 25.858732931156847, 77.50197999330581, 57.38234883458703, 108.47413420541591, 113.18118431841671, 76.78084398503076, 32.91287145677678, 91.74880396751524, 103.59771558661477, 76.99386008777947, 84.67746986237889, 80.80266731543763, 33.791913398643416, 62.654442298592436, 74.6545904980471, 56.83039277556777, 79.41452902124777, 17.410858576314514, 74.54852326335212, 113.87291293261252, 65.4998945039014, 33.14982760734119, 116.12992612204964, 84.98545568938117, 81.97310135278232, 65.7022842442532, 41.98647109977251, 52.438959454080674, 56.7161096762838, 93.15480196755213, 33.64139364072086, 7.5735011741578, 92.92885049677135, 33.99529575479365, 61.41568563957999, 93.76057985876248, 12.752417409897513, 41.45276768289311, 128.983390504021, 115.72714291887607, 73.22169822819728, 94.92906621488291, 98.44083422764085, 81.94891887089878], [65.2038640466499, 98.57751703880744, 62.81306394870996, 0.0, 87.9823261520609, 29.77330572065951, 64.98499136443561, 93.93864388347332, 12.370777866202559, 78.0842682518374, 49.93530640588194, 43.86291715357811, 19.126316199892887, 3.172653537713774, 26.407367511813927, 34.96729976361116, 77.34308662229616, 71.60983958477547, 26.210965147587075, 100.74227903051354, 39.12179999911151, 39.36389131552289, 50.39892843678859, 39.53140831879372, 77.36530173212032, 48.660621476766366, 37.63737185543608, 43.986451642824825, 72.04084199426923, 37.672128481571335, 87.31541935540317, 46.54669189547896, 36.22789490601092, 45.59759886796768, 74.31172959660495, 76.12979175489795, 20.121782371294536, 29.98579337371133, 40.824414129542205, 84.31681864269251, 93.00636692509372, 83.3331860466762, 98.84047952140013, 47.8922670228744, 15.96412815794446, 11.842744597739294, 72.54207953132162, 17.708222460987727, 47.41293832890011, 59.27728796387163, 86.31854701051493, 79.53069178693599, 38.11986917001738, 87.6849899711896, 28.52285618330902, 23.749020406738666, 72.9637432113724, 25.992621491744075, 49.03599942442968, 37.832894808099844, 40.624863505960576, 39.12907619580278, 61.23575551827097, 30.416234228392995, 65.98999143210878, 25.112951586458227, 98.0677585193705, 50.06983623457149, 27.33515284853269, 93.2774959198601, 81.19403874931163, 92.7697480997472, 109.17310822088818, 78.05121121110973, 56.37156694764168], [94.20683931922439, 82.0718629761382, 126.46663750348337, 87.9823261520609, 0.0, 100.38725250541647, 27.473214277156288, 12.051986081998804, 76.70263874532006, 31.122937347815256, 90.2842578276854, 45.78642914661959, 79.73522371513741, 85.65974753802918, 62.97084897461889, 102.53640365556552, 67.18915515370989, 48.371613328525065, 77.7282071884522, 66.15468845090055, 54.90893403336538, 83.07762031007482, 53.38463176216459, 73.79237007595569, 93.7888623467977, 39.37902074345876, 51.77199083116063, 83.79110724985726, 42.73369974789273, 66.62725161885633, 40.686447970038586, 100.61586000486783, 53.421487488247784, 69.401414287069, 18.348551778373626, 13.297389407529648, 68.71346331583226, 104.68413061948884, 48.35356118622113, 36.99664758484819, 87.48649744476288, 63.973112005199496, 91.48901242880919, 93.24096682536037, 74.72009577580968, 84.25629862147254, 85.98683644391916, 76.25602453154895, 109.83544363110475, 54.820972595886275, 22.221420056060854, 83.70310160607583, 93.9213897435331, 20.280519041835607, 62.073904042244386, 67.1801498078927, 76.27830268200684, 89.1065392569472, 75.24988652636222, 69.93013433032887, 49.61371909559565, 93.15529255694645, 120.32008157995935, 86.31927749497495, 102.81691704869361, 69.82417548809461, 72.87833672975228, 117.26614395461993, 88.86951580921381, 7.136639152836053, 11.965471746528554, 91.87386603013549, 89.86260039410705, 37.17212765429765, 44.95715962547302], [42.888761965845774, 84.70311094394438, 33.443252023983725, 29.77330572065951, 100.38725250541647, 0.0, 73.64824881098936, 103.10500448978767, 30.92840803381309, 81.38777701268447, 28.271979237642658, 63.337057997596034, 21.933704310837552, 32.51546459702014, 39.91680399111692, 5.260325205720111, 66.87529561050192, 68.91829061313966, 55.50179734146945, 92.5769351396349, 62.74467617577154, 23.355320184490648, 50.484013237973954, 30.47093185331421, 56.63302900183352, 64.39215323014751, 57.95733606944418, 26.565515834902243, 71.61229069955316, 35.13705538815963, 86.82780350118503, 19.244331113567178, 47.92513362152763, 37.34509302094954, 83.5333977641846, 87.2527664415565, 43.646316237394366, 5.211824814845848, 60.25096644035426, 85.11244283971656, 76.5189733950967, 74.33629984627999, 81.85596880902179, 24.499542047857673, 29.99046956982591, 41.57006834697293, 54.27446262800113, 45.982099796649756, 17.67356840978717, 55.65310666078852, 92.02436683141325, 62.79871250590364, 14.023534907609228, 93.97517084613652, 52.07561864297723, 48.75409348437548, 58.67267022940647, 11.292039973627595, 36.241993574326536, 32.578145750394526, 61.291754949093175, 15.574970740716738, 31.462452948072624, 60.16961159208472, 40.505058861636655, 31.076660802772484, 87.26125522044875, 20.89304063529075, 11.690707614459239, 104.11889931917094, 90.92571656042799, 74.76087963570052, 94.3774836859773, 79.11960733609975, 58.92151653885471], [67.8553614082842, 64.69332816041182, 98.99585534613556, 64.98499136443561, 27.473214277156288, 73.64824881098936, 0.0, 29.68413346938921, 52.900605024281866, 17.29999269217182, 62.93850207479797, 29.80605339614269, 53.87472020270393, 63.155745098036206, 38.703491924653356, 75.48633305409908, 45.53973695581551, 26.76693062944884, 61.3105299410153, 53.961971357818534, 40.53789940304996, 55.61821967332203, 25.99523502975174, 46.33265263725465, 69.17557479756651, 20.863556736589832, 33.93937772484739, 56.33485277776293, 21.902342504819124, 39.29840071456208, 30.12809906312767, 73.14334580098516, 28.81003092185138, 41.99091328350915, 9.895768275413483, 14.210426442081184, 47.752461125445805, 78.15754144505995, 30.94536054238547, 25.815583557739323, 67.27314382435972, 44.908274548479184, 72.20223828634975, 65.80710735896159, 50.20845867834397, 63.86930108461638, 61.22830942096532, 56.84811421699067, 82.41859786406813, 28.83725816370751, 21.73986015667417, 60.592700711555246, 66.54214350808574, 22.830460788171532, 43.46852265614697, 47.94191128495875, 52.45927870729989, 62.36269498317442, 48.00843414419709, 42.53755460294596, 33.3545530046671, 65.74115372123309, 92.85720428758198, 70.92230224100784, 76.10813725965507, 43.90440071813864, 57.559525076186326, 89.92024907651306, 62.01197686200536, 30.494877228372047, 17.279573144015394, 70.84152355975773, 74.26768970448032, 21.29194762710021, 17.83813765242781], [91.72309596369527, 74.1249172147873, 126.83859133444436, 93.93864388347332, 12.051986081998804, 103.10500448978767, 29.68413346938921, 0.0, 82.11293879743425, 26.09470700106642, 89.77711364141234, 53.9185001932671, 83.55868732061114, 91.88151898212884, 67.99360474181616, 104.68888535939914, 61.715407097660005, 43.98714244701686, 86.40303736054963, 56.846886817433244, 63.81352803235646, 83.91661067063836, 53.74483171079296, 74.72631855437805, 89.5672857511814, 46.36522387791975, 59.506954794329886, 83.96716868676296, 38.543552073472064, 68.30059900503046, 32.495246532628315, 101.06638239590013, 58.131660000003755, 69.47198647090039, 19.858476350225356, 18.153572961246446, 75.55283573351821, 107.70628337085788, 56.123981406358254, 29.56685623122198, 80.67186976931056, 57.345452326343235, 84.15527930653984, 93.1350413436017, 79.64728865567822, 91.50187094786028, 82.02909660265142, 83.83904338828467, 110.81732200920422, 52.96011213164348, 14.69532529863784, 78.5972969091821, 95.18129770954741, 12.24622297865359, 69.76890344569532, 74.71790110367087, 71.83859985250825, 91.84698590102924, 74.62394281220233, 71.3308614014287, 57.79875259792863, 94.24868429888899, 120.28987681156782, 95.40059517856257, 100.73929305813165, 73.58729302515009, 64.39636815470627, 118.55040249245738, 91.42853352355355, 5.885678800230051, 12.745140672252242, 85.38596967325708, 81.08139877186476, 31.60120010601903, 45.019745435572624], [58.35007595959989, 87.99605156710759, 64.10498485356435, 12.370777866202559, 76.70263874532006, 30.92840803381309, 52.900605024281866, 82.11293879743425, 0.0, 65.72268908385638, 43.77282921217028, 34.28747815549883, 11.694938466380536, 11.385825864194228, 14.199897766391627, 35.44307333497903, 66.32568871868453, 59.50284533585846, 27.254787978545274, 89.04393138858339, 32.02765084898887, 32.28025011065081, 38.304062925776066, 30.046776903927515, 69.38599762547925, 37.74158248108979, 28.334914276310244, 36.76014763997023, 59.76031129458649, 26.615149746488584, 74.98528262962766, 43.663596199100844, 24.09057447319812, 35.27597931510361, 62.37115088598854, 64.50272006351399, 12.718045233296392, 33.13504018136946, 31.149602664380076, 71.95621553448835, 83.20369161514868, 71.94022031738672, 89.09616274706543, 42.7115857471353, 4.126343702870831, 17.19904410948419, 63.78901978091342, 17.103161043694296, 47.27657379677526, 47.450228546900625, 74.08556129809928, 70.07290351722756, 34.595795967881685, 75.50231615229302, 21.230335072056853, 17.86853107470881, 62.96488189923305, 22.839782251902566, 39.72537695398558, 27.451646410570884, 31.59132684859977, 35.17595227500147, 61.096702873674325, 34.65908061548165, 60.741132540386886, 13.56542423974434, 86.83331844986071, 51.76321506196599, 23.79836093531101, 81.72126925028337, 69.37592739094531, 83.44406996553765, 98.69944391613917, 65.69365554798415, 44.033859465235786], [65.75928070563705, 51.5966719015203, 102.26716808178959, 78.0842682518374, 31.122937347815256, 81.38777701268447, 17.29999269217182, 26.09470700106642, 65.72268908385638, 0.0, 64.84644284039935, 46.90780899728275, 64.14923439155471, 76.68290077618184, 51.81573017916853, 82.20178902336531, 36.177678974477764, 17.90399590200702, 77.63823990960191, 38.02484607305411, 57.61782386223846, 60.33047089585672, 30.906490414093348, 51.50841544005221, 63.55533288050585, 37.91360308319398, 50.58758428563298, 59.70549790834164, 12.460044278332512, 46.31658253053707, 12.976395418231977, 76.79700199871515, 42.362457927021495, 45.46430756096789, 16.14165678774333, 21.92809934372566, 62.73471316365886, 86.31457242726063, 47.78985520705371, 8.588903931231085, 56.40976643819197, 32.91985108392512, 60.566769282214786, 68.48107705908248, 62.44295617620758, 78.66310076929453, 55.96130394430634, 72.26853322622877, 86.93452831271196, 27.730365960078785, 11.796761038571608, 52.88665624901892, 71.8203801708201, 14.199284501073555, 59.574362764736776, 63.68257977801588, 45.849692365276674, 70.44423463814408, 49.83030898151818, 48.82861058104504, 50.32643062907934, 70.72294246019452, 95.44865965390503, 87.36623595747969, 74.87228573521737, 54.60165729906681, 43.115753781061564, 94.88473880727112, 69.78196946819992, 30.058373140403386, 19.413896260520996, 60.75307894160788, 60.18116054069488, 6.072111530240183, 22.702993017541235], [15.404690024251158, 57.01028060571289, 37.49820218728895, 49.93530640588194, 90.2842578276854, 28.271979237642658, 62.93850207479797, 89.77711364141234, 43.77282921217028, 64.84644284039935, 0.0, 65.06684686645212, 32.226854999630895, 51.52549948716481, 43.528727284178096, 25.329956779472067, 41.36274031335863, 48.86603524040227, 70.96286464419013, 67.06777988490187, 69.03393125871908, 11.691633406419207, 36.94352775406366, 18.59320735430453, 28.6148083327196, 62.15365819876709, 61.64727326492317, 7.8928161729489075, 53.08391062506954, 26.675349910939726, 66.69440939148731, 13.215854700004385, 46.40160090149222, 20.998985657384633, 72.02962360007147, 77.12295095511631, 54.16931200002585, 33.03535811029884, 62.54900615898482, 66.12825900558886, 48.35125853792858, 49.210704390412516, 53.612230861045916, 4.395006109384247, 40.37818540826295, 59.94671890195298, 26.054562639378098, 60.83101217073097, 23.77180798822788, 37.11662625997035, 76.51453665596345, 34.73039522032023, 14.272260431860957, 78.8059130921128, 60.36147263222543, 59.29643541576233, 31.595661770465075, 24.43081663724887, 15.156155848596782, 23.196685524735873, 64.64651143877308, 12.743916138979733, 30.603661429895595, 78.28939543548995, 17.20310360027293, 34.11097381657465, 60.640613335486755, 31.852593589648315, 23.004691291521915, 92.2547212874316, 79.1187959144724, 46.48894483322391, 66.3608158716, 60.94316213149966, 45.345507688066576], [75.70356108349434, 87.93570040927968, 94.71203686921766, 43.86291715357811, 45.78642914661959, 63.337057997596034, 29.80605339614269, 53.9185001932671, 34.28747815549883, 46.90780899728275, 65.06684686645212, 0.0, 41.423161893131876, 41.17350407943341, 23.617293203607346, 66.98230137161606, 66.21193458423654, 50.80819436558325, 32.53529374680735, 81.16947599986416, 10.731848949750468, 54.23554134391754, 36.11788324558417, 46.54458518049074, 82.09712430987668, 8.996938332592478, 6.247146408224152, 57.19959265973329, 47.78091516896273, 38.6039567086182, 59.36392728126264, 70.68721729315328, 18.73207712209746, 46.58685616110909, 36.33030088433717, 35.846942264993984, 23.807562487849847, 66.48332602255428, 3.1413876806833354, 55.21238151842685, 87.49762342015204, 68.42042383821006, 93.12281406912619, 66.14875385588293, 33.76435300813942, 38.64009340074476, 74.5994582739037, 30.510768405696677, 77.3069373437606, 45.04511812626853, 50.63694002647214, 77.32524913934371, 62.04543110185435, 51.153845380926626, 16.35282935172964, 21.507394799646477, 68.85850587900197, 53.022211977061865, 53.45840580371758, 41.956515847447264, 3.880337969851264, 61.92968908601138, 90.25435425320607, 41.77930938667902, 81.60238055271903, 33.312597348027715, 82.82476846737212, 83.27076778073614, 53.37885961775401, 51.928920108599, 41.73678541387477, 89.7853447760888, 98.37611946801934, 49.957921241077585, 34.362641137371526], [47.05710634407757, 79.62145247731216, 53.9201684056354, 19.126316199892887, 79.73522371513741, 21.933704310837552, 53.87472020270393, 83.55868732061114, 11.694938466380536, 64.14923439155471, 32.226854999630895, 41.423161893131876, 0.0, 19.971864850859767, 17.99978689750126, 25.645997608859012, 58.704613950603246, 54.94196831513014, 38.939869633118555, 82.80866500933344, 41.508044209459875, 20.926703097892638, 34.16700562391026, 20.43694887241249, 58.629799540675876, 42.643538501429354, 36.156207217511295, 25.502268490082038, 56.263578945752606, 19.68161937528665, 71.78233634774136, 32.18892755309451, 26.49784328640778, 26.734737377465063, 63.727459435834845, 66.85169296896922, 23.47665372989798, 25.428838117652386, 38.35042563131355, 69.29286350464122, 73.88340638560717, 65.04067185985515, 79.71472059689573, 31.02840745910361, 8.992968502443702, 27.865309502220033, 53.52427792614641, 28.78893832340262, 36.70650643116891, 41.97726694628426, 73.78862088519101, 60.40832335417368, 23.085313294766, 75.5026743891413, 31.21958914601561, 28.771177795506908, 53.874116722104134, 11.947367346590314, 29.909683645165792, 19.148566780045865, 39.487908893274344, 23.57444372949274, 50.30003892078138, 46.06300009011478, 49.09478747162927, 9.977294757384756, 79.54485993576742, 42.037707839270716, 12.638587832477352, 83.98738282859154, 71.03781080716251, 73.66355304170594, 90.16444229467214, 63.044510545219524, 41.5206950290474], [66.678318161698, 98.85228735029068, 65.70590700658812, 3.172653537713774, 85.65974753802918, 32.51546459702014, 63.155745098036206, 91.88151898212884, 11.385825864194228, 76.68290077618184, 51.52549948716481, 41.17350407943341, 19.971864850859767, 0.0, 24.869794507531843, 37.662814798210576, 77.38890265686399, 70.88504111727505, 23.18847192788947, 100.38099473513108, 36.1099615129537, 40.6619517997889, 49.68929711690808, 40.125639801165704, 78.5581724775322, 46.289166214375, 34.931516346980985, 45.279244327007476, 71.07496405381883, 37.6297595023854, 86.23298677529458, 48.79423168753742, 34.53965614012485, 45.90903510465417, 72.3532698931741, 73.97974670030844, 17.36932656450957, 32.95450909442824, 38.17096064014333, 83.12394856791614, 93.60754602891181, 83.17104488525712, 99.46913009522542, 49.69500146895379, 15.341940734669615, 9.089536261525064, 73.48847081091867, 14.537519931895057, 50.09302564912479, 58.80749520363952, 84.62487799939755, 80.24691429934755, 40.19406483415983, 85.9272831273318, 25.60273623880413, 20.742711719037967, 73.4655288381811, 27.985912689867718, 49.735260697247995, 38.08689497632117, 37.85344772232143, 41.12843297947622, 63.95740832307591, 27.86461486511016, 67.845800006137, 24.75651658951367, 98.00592017244048, 52.97669819813895, 29.278241575288465, 91.07211893727907, 79.14519460881478, 93.54862371112945, 109.50325139508601, 76.87720229876834, 55.285975594822354], [56.12614151308693, 78.79082552751157, 71.12972649157092, 26.407367511813927, 62.97084897461889, 39.91680399111692, 38.703491924653356, 67.99360474181616, 14.199897766391627, 51.81573017916853, 43.528727284178096, 23.617293203607346, 17.99978689750126, 24.869794507531843, 0.0, 43.40067206908901, 56.60207571982683, 47.12022862303141, 31.874092693082268, 77.51763686621119, 25.570820659323132, 32.06222467305231, 26.39692846065233, 25.973279215450358, 65.01038345802496, 24.804545025521325, 18.84034780449025, 35.69085261272093, 46.708274255463294, 19.342115271784564, 61.614140442278234, 47.54417372148264, 9.895562069000855, 28.64909568851786, 48.21236787549299, 50.527758441917044, 13.644850131889225, 43.36967017309164, 20.622236943771142, 58.37654778081748, 75.48332678018191, 61.29172628323789, 81.37942134866577, 43.897562723733344, 11.75282579000544, 27.726600322221877, 58.36495108889535, 23.240574006267675, 53.73629946921074, 36.1748123473382, 59.918369724044084, 63.24586571527038, 38.70480019077217, 61.31257025488189, 17.192151383614057, 17.571844317176954, 55.36702524480986, 29.41633050366546, 34.74303395781275, 21.839573457133508, 22.098980797745696, 38.71553752781289, 66.84220289316205, 41.175184096823685, 60.62514058145058, 9.905121107344685, 76.3493019343608, 59.65783458138169, 29.761745839817188, 67.76475829074386, 55.27052224878678, 76.53605314514724, 89.57027026173374, 52.15931397628945, 30.787002341789147], [39.23630929481262, 82.27742720093879, 28.66874439608076, 34.96729976361116, 102.53640365556552, 5.260325205720111, 75.48633305409908, 104.68888535939914, 35.44307333497903, 82.20178902336531, 25.329956779472067, 66.98230137161606, 25.645997608859012, 37.662814798210576, 43.40067206908901, 0.0, 65.36280148349401, 68.86536175356717, 60.55333423133357, 91.16985066724888, 66.96423763122351, 22.59809049879465, 51.430701838384664, 30.750400276418098, 53.11400106619631, 67.48574539037251, 61.799800073463196, 25.039030328750005, 71.9219702877331, 36.39660155694871, 86.89905330569911, 14.783051415607407, 50.84100344267676, 37.287542769789106, 85.32383050257167, 89.31329001358482, 48.13405761203784, 8.16993074226886, 63.93645073490721, 85.43478248326473, 73.65607391120523, 72.99147718717545, 78.84209915398812, 21.227306664410783, 34.14274007678857, 46.73532353461382, 51.347938140582215, 50.92978477341246, 12.446376345169746, 55.74323851966738, 93.12271537466476, 60.06033718502632, 11.71481217376492, 95.15321615412483, 56.41732092896488, 53.31142943164602, 56.52871471082332, 14.016488391805286, 35.21970422692517, 33.49966646201717, 65.13029447631854, 13.226434376106013, 26.29628640593648, 65.37817829990247, 36.09042530232778, 34.116318686139905, 85.40541450759021, 16.42183004471293, 13.892373398424596, 105.97740745639007, 92.71695018101707, 71.60684754027314, 91.6907115202616, 79.57347278257487, 60.03952344312317], [35.09722007710013, 22.266568738008786, 76.81553931799317, 77.34308662229616, 67.18915515370989, 66.87529561050192, 45.53973695581551, 61.715407097660005, 66.32568871868453, 36.177678974477764, 41.36274031335863, 66.21193458423654, 58.704613950603246, 77.38890265686399, 56.60207571982683, 65.36280148349401, 0.0, 19.14352295124177, 88.3430675075359, 25.819115062733193, 75.1673580245296, 43.614112970428806, 31.12776200562395, 38.771328614618916, 28.655481009792105, 58.646633564438766, 66.63573469763621, 40.392166462424, 24.67996156074714, 39.760525412087766, 31.009934389161522, 54.56345213292606, 51.43802612131402, 32.01498340003341, 50.38016209476602, 56.50763734975911, 70.23653086788862, 72.05761763968869, 65.3417637059023, 32.59559793737669, 21.857181023385767, 7.89567762922017, 27.14358989065455, 45.74565797409186, 62.21265602000778, 83.1107112167371, 22.03952405763587, 79.7869240727321, 65.06447481010443, 21.38052451649178, 47.020144430201086, 16.924073718374746, 53.648364163405155, 49.47164556334549, 71.67143969603191, 73.6743438914525, 11.624130541963192, 58.56318191640956, 30.78589583677718, 39.58335036910767, 68.16602059412764, 52.148356143195095, 69.32751455187605, 97.76716058651084, 44.48255250403704, 52.7606972921758, 20.88440868857702, 73.0755227788417, 57.34171889235355, 66.12603233532042, 55.29795339606906, 25.317737223797767, 33.02576215886297, 30.266139139134342, 32.079110225446605], [48.188537892451116, 38.163665563015165, 86.32243158402281, 71.60983958477547, 48.371613328525065, 68.91829061313966, 26.76693062944884, 43.98714244701686, 59.50284533585846, 17.90399590200702, 48.86603524040227, 50.80819436558325, 54.94196831513014, 70.88504111727505, 47.12022862303141, 68.86536175356717, 19.14352295124177, 0.0, 77.18111252583101, 30.92766662132295, 60.72587939367861, 46.32400925080986, 21.212455653102964, 38.45374143899083, 45.679961358215614, 42.42431495377841, 52.50981182520697, 44.793037405704425, 5.6379278178287695, 35.43628697199099, 18.074486844134604, 61.48598174612801, 39.5004617833949, 31.618115445831435, 31.25047543398789, 37.37534455207381, 60.056673349551644, 74.05959126181865, 50.568453200155915, 17.279938591688374, 40.6013320112022, 18.288615553562977, 45.442727464846854, 52.81773341268287, 55.66545380441293, 74.83353131395161, 38.0582226919701, 69.90890995583601, 71.92991150282059, 13.312585913451267, 29.49550095696753, 35.34019647121336, 57.73177180539461, 31.948198079669623, 59.41395748857516, 62.44052849863493, 28.0098775922066, 58.69881557765803, 34.45532103490359, 36.985632573702844, 53.38741515502682, 56.461215032447875, 79.24280722771364, 86.93351254127472, 57.43605829299547, 46.609845521767845, 32.05820405888681, 80.01898779405765, 57.786361485987754, 47.89592008740123, 36.41846108241588, 44.399781024287485, 48.12581854157639, 12.659026959385907, 17.143095147903967], [85.28241822584866, 110.58018829000922, 88.8338449360875, 26.210965147587075, 77.7282071884522, 55.50179734146945, 61.3105299410153, 86.40303736054963, 27.254787978545274, 77.63823990960191, 70.96286464419013, 32.53529374680735, 38.939869633118555, 23.18847192788947, 31.874092693082268, 60.55333423133357, 88.3430675075359, 77.18111252583101, 0.0, 108.06561982784993, 22.826936921008667, 59.379814374566116, 57.58223668337437, 55.95233526632661, 95.64326090836526, 40.803914923934904, 27.441132394162434, 63.76677833039153, 75.65791973309571, 50.64552666166467, 89.25436784330941, 70.52869739297863, 37.71578460433722, 59.950402527616205, 68.70229603880895, 68.37376056967703, 18.28889860704949, 56.14163484121708, 30.639297306739223, 85.427308497213, 107.3242937840456, 92.6489786837987, 113.22577183834474, 69.9653924388935, 30.607581055799027, 14.638515377211565, 89.48731298900593, 10.151746263947535, 72.90375444647884, 67.50347620785615, 82.75938953310366, 94.89230304716632, 61.5639315101517, 83.44444481756165, 18.108415462798366, 14.788479703294838, 87.1544827752089, 49.48616881660028, 65.42318561787506, 52.51561000680831, 28.668215018680037, 62.252249014042505, 86.8134464721258, 9.799176711632274, 87.98575408854104, 38.312355998421154, 107.69121429156569, 76.12449958370624, 50.59882646162254, 84.1565188238196, 74.27145166891414, 108.23882459424935, 121.35562047337072, 79.60944543365572, 60.09430015573055], [59.13058870041699, 20.06173056770811, 101.5421583814557, 100.74227903051354, 66.15468845090055, 92.5769351396349, 53.961971357818534, 56.846886817433244, 89.04393138858339, 38.02484607305411, 67.06777988490187, 81.16947599986416, 82.80866500933344, 100.38099473513108, 77.51763686621119, 91.16985066724888, 25.819115062733193, 30.92766662132295, 108.06561982784993, 0.0, 91.36087328331163, 69.24813754811214, 51.144000906887, 63.675495336796686, 49.26711059545561, 72.47636856667755, 83.28187324546435, 66.17034080882898, 33.38989429326347, 63.235935502522054, 25.806089359602808, 80.22732211441816, 70.35472198676334, 56.67849169163996, 54.08965074734756, 59.60495079334477, 90.73327609092965, 97.77327335286583, 81.18163939574245, 29.995766270489923, 30.28899609796991, 18.246089826024537, 31.217205364437135, 71.46067557089613, 85.03907706381072, 105.06257680982279, 44.917827212097855, 100.56575966446373, 90.66177327980134, 41.61288521342606, 43.95030149294365, 36.83930446600104, 79.4570900652753, 45.89714509914495, 90.34042628913477, 93.30258201184749, 35.96152736828446, 83.89026154451824, 56.36341412431122, 63.75852983608441, 83.97209792693712, 77.96142337132751, 93.98272434629203, 117.79838711508347, 68.13450322146412, 75.66445482702969, 9.725906924599576, 98.60596245046949, 82.7241453523779, 62.45567642331615, 55.88495940312652, 35.63894732849433, 24.48011876051771, 32.82085477523104, 48.07031787858914], [81.05854340440143, 97.1810138190264, 95.41951098304757, 39.12179999911151, 54.90893403336538, 62.74467617577154, 40.53789940304996, 63.81352803235646, 32.02765084898887, 57.61782386223846, 69.03393125871908, 10.731848949750468, 41.508044209459875, 36.1099615129537, 25.570820659323132, 66.96423763122351, 75.1673580245296, 60.72587939367861, 22.826936921008667, 91.36087328331163, 0.0, 57.627005572733594, 44.333484136899024, 51.06580932211261, 88.75550029700774, 19.707683325938966, 8.561024244539382, 61.165140722984106, 58.02639631738991, 43.64821272027024, 70.00721973595468, 72.82330570054793, 24.760888624246736, 52.45184445072733, 46.85151126091077, 45.93768423358841, 19.609503168171447, 65.16051757479008, 10.179278836625443, 65.8860984121401, 96.00457542679457, 77.94346314478267, 101.74062633394283, 69.46758190374028, 32.8220232739092, 31.56630585671841, 81.56562918075224, 23.177147963661252, 78.20488477290294, 53.80280046558082, 61.25638794376957, 85.11237004212205, 63.838420654517456, 61.696433925854706, 10.872728824477992, 15.373164233760727, 76.75915462007697, 53.454371804712956, 59.085291540671456, 46.65818671501262, 7.410973641463172, 63.98424722009113, 91.69307445081127, 31.58727505370782, 86.04982643948341, 35.35082197325297, 92.58172619852223, 83.38389858866053, 54.08029989937475, 61.38612230601205, 51.93237443594332, 97.93331645877048, 107.75247012193056, 60.548089349353894, 43.88722329236629], [26.131771813183548, 62.34195989585998, 43.413330960670486, 39.36389131552289, 83.07762031007482, 23.355320184490648, 55.61821967332203, 83.91661067063836, 32.28025011065081, 60.33047089585672, 11.691633406419207, 54.23554134391754, 20.926703097892638, 40.6619517997889, 32.06222467305231, 22.59809049879465, 43.614112970428806, 46.32400925080986, 59.379814374566116, 69.24813754811214, 57.627005572733594, 0.0, 30.171831973347746, 9.285656272263976, 38.01511961849643, 52.09370047613703, 50.468336221685284, 4.623280589867481, 49.58210276485471, 16.911648969587873, 64.38403587165425, 17.631968994811068, 35.804309679297134, 14.91779465912771, 65.18172224323446, 69.7855451944887, 42.47813279849731, 28.56406370986417, 51.587533424215806, 63.06486086695082, 55.13689028511456, 51.00284308633889, 60.782780931695115, 11.925885031797016, 28.772927100466454, 48.78858308928354, 33.63061196560586, 49.2696554483209, 26.906214328546326, 33.313672004464564, 71.58213472725105, 41.3627087908085, 11.509091889815512, 73.72352084876664, 48.74235863163101, 47.60655643159276, 36.11345863235181, 15.531825114827294, 12.890150310158539, 13.397348490633563, 53.552236602691266, 10.398577873954398, 37.57698691565067, 66.90483455765715, 28.8900395617775, 22.48911068420994, 64.18220456982138, 34.670151823805035, 14.17330679795111, 85.77607406130942, 72.48736212204182, 54.20430199889471, 72.42354236705853, 57.32564451918288, 38.89707016404822], [42.930239671807335, 53.365809749252826, 73.28434846348249, 50.39892843678859, 53.38463176216459, 50.484013237973954, 25.99523502975174, 53.74483171079296, 38.304062925776066, 30.906490414093348, 36.94352775406366, 36.11788324558417, 34.16700562391026, 49.68929711690808, 26.39692846065233, 51.430701838384664, 31.12776200562395, 21.212455653102964, 57.58223668337437, 51.144000906887, 44.333484136899024, 30.171831973347746, 0.0, 21.00573001977863, 46.8165271005831, 29.783585751852883, 35.77254926149383, 30.454872245856944, 22.096578451640127, 15.438089927913653, 37.61635732335739, 47.4392376676274, 20.31304307206393, 16.01721235016546, 35.22446503982236, 40.18712764485462, 39.7865453509223, 55.41040376678376, 34.818524236247654, 35.23590327450751, 51.67167430851728, 35.06980272867333, 57.41158552966293, 39.86197936433243, 34.4531008067213, 53.93384334271682, 39.051636890658095, 49.559087439940996, 57.0746845782971, 9.926003296611636, 41.69446972181476, 41.21578786426284, 41.47676081917951, 43.74808078628162, 40.577318482741944, 42.818035319928555, 32.74156162693671, 39.55678921147955, 22.086450753895726, 17.955330031437132, 37.589492602907455, 40.513405198687785, 66.97969453906055, 67.16895223915209, 50.63683515839386, 25.448569411519006, 50.120755148301555, 64.81673858456679, 38.87734427268658, 55.700436726529006, 42.44493166815168, 53.72331622337462, 64.08763379773022, 29.04184821534158, 8.726249430639701], [30.153050463144982, 59.2486746239808, 52.689383790311496, 39.53140831879372, 73.79237007595569, 30.47093185331421, 46.33265263725465, 74.72631855437805, 30.046776903927515, 51.50841544005221, 18.59320735430453, 46.54458518049074, 20.43694887241249, 40.125639801165704, 25.973279215450358, 30.750400276418098, 38.771328614618916, 38.45374143899083, 55.95233526632661, 63.675495336796686, 51.06580932211261, 9.285656272263976, 21.00573001977863, 0.0, 39.69110809348008, 43.608291298750274, 43.37798296557671, 10.851973846092465, 41.22213503876559, 8.098705655560405, 56.363038763707756, 26.87209996777812, 27.83992420390332, 7.066127169323948, 55.90763676110153, 60.500901488368044, 38.09190339593818, 35.60585077029745, 44.09666881421259, 54.73693022046795, 53.496079856261915, 45.567115092795355, 59.34855784032707, 20.291791256327933, 26.04584263706076, 47.225451017048236, 33.7688441247802, 46.13255528570002, 36.14854613267845, 25.182445519141684, 62.5975672498674, 40.136708316480934, 20.47111690753843, 64.69718260852295, 43.14722778945225, 42.87916757030541, 33.438275288770996, 20.46801888240815, 9.67984421997757, 4.60447202339428, 46.2844717575352, 19.52465109071682, 46.75559128565679, 64.29466156712112, 35.12658064567084, 17.654213731805957, 59.65333293447881, 43.82415645995234, 19.445976958095905, 76.51553117273379, 63.222810862030016, 53.47132668125694, 69.75062719041469, 48.832593425806394, 29.72661441289243], [13.919844361233059, 33.3552913611291, 54.39985976180098, 77.36530173212032, 93.7888623467977, 56.63302900183352, 69.17557479756651, 89.5672857511814, 69.38599762547925, 63.55533288050585, 28.6148083327196, 82.09712430987668, 58.629799540675876, 78.5581724775322, 65.01038345802496, 53.11400106619631, 28.655481009792105, 45.679961358215614, 95.64326090836526, 49.26711059545561, 88.75550029700774, 38.01511961849643, 46.8165271005831, 39.69110809348008, 0.0, 76.52353671201556, 80.44808851512921, 33.40018152209367, 51.26022573039686, 45.68322234511742, 59.65151289495104, 38.855721814271476, 64.0834562360513, 36.47088912594261, 75.985596331466, 81.96778240804015, 77.70562990661516, 61.139764778235595, 80.29055153352233, 61.02390649222822, 22.600124626938484, 35.29309057129922, 26.75665467930179, 32.13537653841001, 65.51815309139282, 86.37042914614311, 7.952747607904212, 85.8003782836764, 47.65166978949197, 40.49920781320846, 74.94013751421735, 12.58473192658695, 42.7824050000469, 77.40461697934953, 82.11186417023339, 82.35303432684994, 17.732930583017552, 52.7331952816324, 30.32211648317852, 43.3027149038541, 82.87110760182735, 41.28950256419665, 46.90543625521221, 103.9037275935692, 20.479656965669257, 57.33687107590002, 40.49013293339424, 54.60770872726357, 51.302258809837014, 93.57585483706835, 81.83098179771356, 19.182887830280727, 40.6743393386398, 57.97797546752398, 52.30346710281471], [71.37439787440898, 80.0179079895468, 94.21848573422889, 48.660621476766366, 39.37902074345876, 64.39215323014751, 20.863556736589832, 46.36522387791975, 37.74158248108979, 37.91360308319398, 62.15365819876709, 8.996938332592478, 42.643538501429354, 46.289166214375, 24.804545025521325, 67.48574539037251, 58.646633564438766, 42.42431495377841, 40.803914923934904, 72.47636856667755, 19.707683325938966, 52.09370047613703, 29.783585751852883, 43.608291298750274, 76.52353671201556, 0.0, 13.386359385303983, 54.458017708125574, 39.103377990661556, 35.509992819519795, 50.37859297356334, 69.28822827164065, 16.733327809580295, 42.35279984792395, 27.928695107897624, 28.21780911565613, 29.389119566478474, 68.07225151023569, 10.184549273485178, 46.217793168349175, 80.22896837345307, 60.32257611440587, 85.73467605012678, 63.794723725676256, 36.2611200130197, 45.17908927667407, 68.81277798832006, 37.4779682924968, 76.86278264803047, 37.89657395026615, 41.984961056116354, 70.76264717981724, 61.115705355676035, 42.640609813516484, 23.475250463204908, 28.360823185319884, 62.259440536523954, 53.49493469691404, 49.26131247619071, 39.03429863671461, 12.493876175653751, 60.775682050142684, 89.18654251157916, 50.277228031581