instance_id,num_cities,city_coordinates,distance_matrix,best_route,total_distance
664,80,"[[93.88047364356743, 65.19505456419924], [9.196523810219093, 68.41095435439209], [59.259444057673896, 60.1185224672655], [90.42239451779007, 9.615995780934739], [46.59788476109914, 56.39451938239536], [70.51209990726026, 23.018512132494706], [82.0834814239102, 40.26546291355801], [70.25570433519096, 64.78357268687161], [36.97608420242895, 43.219557655753704], [0.32007384115729787, 61.191720114695215], [75.9701712328178, 70.52542249673216], [41.522723199096475, 51.81931133947859], [65.02815356528369, 63.52071173162494], [75.22495326518573, 52.781231783587735], [43.43761345223742, 94.514919629323], [51.88235730646497, 68.47118936258741], [33.37095748046496, 0.07852975447631971], [76.74517728811072, 42.519892012476014], [67.03481232327319, 87.0215999771532], [23.276689959013186, 28.1664385735378], [36.37175126485642, 27.366985073830197], [56.3729512642705, 24.429282091634484], [21.594984141013228, 32.30658543060581], [39.17058475338361, 87.0791248816677], [51.662149033939144, 2.254759471702328], [25.264689517150828, 43.77799875234435], [57.65523803022159, 57.272466647728294], [39.60188677876666, 79.0213800161198], [9.110367425491251, 29.131068642325697], [81.54017335805045, 49.46639181361429], [5.311639112602073, 21.745471665683034], [46.847742868968076, 60.077067864002444], [83.06654413787821, 26.22283989361076], [20.07691903906832, 54.07450170328991], [54.250140394647026, 23.57858567109612], [66.03475376478774, 22.84624618977076], [80.79712353992686, 86.22170249867273], [95.05432758097587, 48.957034527762765], [69.32118164034891, 99.54089442011414], [47.8389245141243, 54.59851268529795], [18.218931185087474, 0.8976580430636316], [11.283621748955142, 26.648621810704178], [1.9836270286943014, 12.681290458452466], [54.84370732579321, 28.76557756413167], [44.95313116465077, 64.80662073180316], [28.830064426564128, 41.24229205430492], [95.10108529814644, 26.127086457165362], [0.6374589514334339, 71.27463439131066], [77.50692411824043, 59.46309354754914], [30.4740570774511, 74.98057722087749], [45.90947397716768, 39.4338246770329], [94.66035762483105, 10.035241240895598], [94.72505010206052, 1.0785057910638662], [71.958412019059, 18.111595791645307], [2.2117102092212404, 65.71813670806178], [19.548373902669024, 35.767645570128], [76.47745298864689, 18.503076889623628], [76.28276343822627, 29.82226864029175], [36.68163887106817, 24.935372728401717], [58.84049419595521, 45.14042467158116], [40.48843753343628, 30.890343797408292], [85.95991785066059, 22.581710503864162], [29.156631067639125, 73.69926858698459], [20.814467025254036, 38.603535407783276], [13.171487979330653, 8.985724214359191], [11.15631358008864, 59.765472551150175], [36.005625454978095, 50.68363587214596], [51.800857700367374, 0.1983814080717683], [53.897331504075176, 7.239561378305415], [18.843405666408554, 77.04037386552078], [87.41270188827637, 91.01609417628035], [49.574780693354235, 49.447806376835814], [94.73726218576807, 89.02695173726133], [43.105152184188434, 33.461037399798435], [93.17444245154064, 85.475343343249], [76.11883305317426, 34.58167296357465], [99.78918553678096, 5.319571913459087], [79.50462088688039, 31.85748528051985], [99.51890530594243, 39.78667213202084], [79.63894978136739, 92.83348643508639]]","[[0.0, 84.74499024035356, 34.99123987112365, 55.68653415749366, 48.094621642286384, 48.21764845544734, 27.57994860942228, 23.628352507303084, 61.00026231125446, 93.64600951402794, 18.686673185473094, 54.039286990292155, 28.900861541150082, 22.40828946208621, 58.34497949026232, 42.12570278442845, 88.89073826663844, 28.421494998264944, 34.59895397823009, 79.72460519036262, 68.83470048601828, 55.395509207140414, 79.41563696511665, 58.9243962721398, 75.7883083277001, 71.88056838208162, 37.08146564709425, 56.01189398281537, 92.12264644916043, 19.991844413619493, 98.65244398507596, 47.31037467595597, 40.44471025590921, 74.6366623596712, 57.467328079101655, 50.68338668934358, 24.764772829459385, 16.28039396851568, 42.223163537417534, 47.24522140947415, 99.29161196492133, 91.14860076227299, 105.84293003461089, 53.39453079714217, 48.92888434137194, 69.32020319614612, 39.08703141482492, 93.4410032039026, 17.3478673373626, 64.15707377538531, 54.45050756690113, 55.16532629184692, 64.12211113159086, 51.93677768071033, 91.67025583312918, 79.94519029932452, 49.8297692858261, 39.508396430249554, 69.94675604237352, 40.37311407135914, 63.46276625533062, 43.34319203834721, 65.28014593993252, 77.75442247353816, 98.3535926406729, 82.90215328352144, 59.66640030459635, 77.4290746379658, 70.40945139515736, 75.96626330127751, 26.618755758434737, 47.020955469588145, 23.847293546091368, 59.8763819439164, 20.292574824446653, 35.392866646935545, 60.16632196583142, 36.30507771959825, 26.02648284788217, 31.09186257205064], [84.74499024035356, 0.0, 50.74505306239865, 100.27207600253224, 39.284303613711174, 76.28940741007456, 78.13243422949311, 61.16683271302322, 37.500805900841705, 11.441534296625992, 66.80711762710988, 36.3354618088691, 56.04538655425746, 67.85308927329555, 43.056581644941744, 42.685875995760455, 72.48257373314148, 72.34063654592256, 60.758733928673024, 42.63651169142566, 49.22499772996422, 64.49808371072739, 38.17390828771847, 35.312107275833625, 78.6127944230319, 29.410345983647865, 49.722358072072296, 32.20352822241958, 39.279980199532005, 74.78301999625906, 46.82691110551691, 38.56252015421971, 85.0683072887004, 17.997690822804454, 63.55918225631618, 72.84728556710631, 73.7825767448713, 88.03418350253894, 67.70559539421862, 41.03679662234008, 68.11350096463487, 41.81445201476938, 56.194495441593986, 60.46007991845711, 35.93781003848068, 33.52032410806686, 95.74716271923263, 9.025422683217972, 68.89394025065455, 22.268663330923406, 46.77087506450292, 103.49778148250742, 108.85213566663474, 80.43059171336914, 7.485912630873573, 34.24538521788546, 83.77063724331433, 77.39283049849006, 51.434985638437425, 54.82737771750924, 48.856730150820695, 89.40323403836823, 20.648780815107518, 31.99154308260904, 59.55802479382266, 8.864825522945862, 32.14009569945312, 80.42440160909068, 75.7634577294221, 12.943307562069515, 81.41721476140955, 44.609467718626135, 87.98998391819713, 48.695911258923495, 85.69413160124469, 74.98677052539888, 110.39725040512258, 79.2425682059571, 94.7495758924806, 74.55598869261442], [34.99123987112365, 50.74505306239865, 0.0, 59.3433625865876, 13.197851446231732, 38.76896994387818, 30.25030008674967, 11.944891529115974, 27.966464526984026, 58.94914006760449, 19.68633970410463, 19.58234337761131, 6.6972308586243505, 17.570808713088017, 37.860830173638874, 11.143987311508788, 65.38359474830139, 24.80851991736401, 28.004141321753004, 48.1216610028841, 39.956347218082634, 35.805777735387075, 46.82003185117308, 33.62196232665547, 58.36038005089044, 37.718113043315334, 3.2670339310199865, 27.271552608639595, 58.95042138622339, 24.696128960205773, 66.20314710202487, 12.41177041690077, 41.420952564648076, 39.64593868013494, 36.88170419403728, 37.88307538378066, 33.84150772693671, 37.49469961835165, 40.68613982145962, 12.684588075204324, 72.05160983624606, 58.497126221361, 74.36941708118401, 31.6623733315149, 15.054861471665582, 35.80864727042025, 49.39677083412918, 59.674081233464335, 18.25924740041533, 32.39566599254507, 24.618660073685255, 61.331555823971954, 68.87330964329942, 43.88445825135838, 57.32189474266896, 46.58255358517031, 45.03670882927324, 34.75135103389092, 41.80444130223045, 14.983955838286438, 34.73668254583426, 46.0643848666811, 33.024476000101366, 44.05577064577327, 68.837945587094, 48.10442605402189, 25.094962934219442, 60.382562176534655, 53.15013430731116, 43.81558186294995, 41.800309376727036, 14.41030486709946, 45.76431865535069, 31.170220661008933, 42.346138914813665, 30.60015816749571, 68.15852790489076, 34.76425474127785, 45.10219903791415, 38.54339270170537], [55.68653415749366, 100.27207600253224, 59.3433625865876, 0.0, 64.10006182326742, 24.000984897122958, 31.763616089813127, 58.73803652313719, 63.13245961469158, 103.8194756867266, 62.60051933271633, 64.59332550047485, 59.586792792350785, 45.76242803644809, 97.03296822416773, 70.35103609602444, 57.84314761689339, 35.633308271389474, 80.86165074920815, 69.6610692460013, 56.890857410768476, 37.1321698423, 72.47120309352542, 92.88317594808937, 39.4530661668868, 73.57016357171517, 57.83446861308871, 86.02227250942522, 83.62107281447742, 40.82827349633986, 85.97072100942523, 66.67135863388971, 18.163034058063417, 83.21685327609747, 38.773520407490416, 27.745207647051515, 77.2080315972463, 39.61277740302058, 92.36746494391723, 61.94173669348014, 72.72791438057685, 80.9509462874108, 88.49187322263192, 40.4048198211217, 71.50845399212989, 69.23754575400204, 17.161184770781464, 108.91796164976533, 51.49313091467694, 88.69234278493073, 53.57707546267106, 4.2586497921686695, 9.560417376035371, 20.324710803734273, 104.53982515191622, 75.54492428250369, 16.53606981370232, 24.66217001670685, 55.88159023810305, 47.53316185511865, 54.277048037281155, 13.712164536682888, 88.65754127351185, 75.40252663819872, 77.2534776127355, 93.79808957302176, 68.17430467483089, 39.75317052280852, 36.60229048332691, 98.33411618090338, 81.4557196794436, 57.053489731110915, 79.5280957202535, 52.985917297543544, 75.90925095408105, 28.772850184850114, 10.305145901075973, 24.776634884825288, 31.51215987521259, 83.91324943748334], [48.094621642286384, 39.284303613711174, 13.197851446231732, 64.10006182326742, 0.0, 41.05907385709404, 38.9791486963306, 25.101168147033032, 16.31436981588006, 46.52578767100958, 32.594687226655225, 6.832993013050695, 19.75999558685974, 28.854200706471904, 38.25117291968412, 13.182245935090009, 57.84844244280972, 33.1868126122911, 36.81964250151462, 36.615606961352334, 30.776152363768688, 33.42646137711966, 34.71849077197435, 31.570711110942455, 54.37610114574829, 24.784709240273962, 11.092152754036457, 23.683724578427043, 46.35309808679143, 35.622499687724584, 53.89907779751942, 3.6910150898437815, 47.331737343071204, 26.62224830589061, 33.6963280139773, 38.77213575331549, 45.37894650279153, 49.02390265695778, 48.76430969426313, 2.183075748710408, 62.331906954515986, 46.17267151071535, 62.46021434457684, 28.83317561014426, 8.57138632344491, 23.351347550889788, 57.17235309325935, 48.30919750196987, 31.06098616252161, 24.605271084614735, 16.97465976966676, 66.77712158799527, 73.32179350911026, 45.92100370698502, 45.35484903938321, 34.01681879523024, 48.25505166972374, 39.8406391963907, 32.98499417536762, 16.629375620702152, 26.225718630715303, 51.89099819043577, 24.569323870089793, 31.32576800217348, 58.00791205600346, 35.60152093723767, 12.033708808000396, 56.43648510171387, 49.69398171949385, 34.59136333184927, 53.52104948834143, 7.557693495577012, 58.157332299802306, 23.197926129288177, 54.90965350949853, 36.70540364788858, 73.7425571645278, 41.04776881839497, 55.46580032596211, 49.18851794413709], [48.21764845544734, 76.28940741007456, 38.76896994387818, 24.000984897122958, 41.05907385709404, 0.0, 20.76906790032446, 41.7658475527571, 39.15030765635789, 79.9006528816681, 47.81942152463333, 40.864042835833466, 40.8717731429585, 30.133543897173272, 76.4510569041118, 49.12243048501239, 43.65440702003966, 20.47327699365711, 64.09747875379205, 47.515103910455146, 34.41616803693306, 14.20935593987886, 49.79108876575706, 71.31656664436521, 28.043788483105885, 49.78237069215065, 36.58732427025707, 63.96688586166803, 61.70523558701162, 28.65499509096104, 65.21288768231247, 43.969743539632276, 12.956920403412042, 59.22990762637213, 16.271601321274858, 4.480658883974118, 64.03456085261965, 35.70893282133078, 76.53164886039654, 38.87633364044196, 56.779465307904495, 59.339618478927356, 69.3037498769485, 16.689136800999876, 48.98476195199163, 45.49173811201969, 24.784701670288783, 84.91830653141585, 37.10977068456562, 65.59802650911811, 29.57620138880139, 27.41721491761812, 32.674620661882265, 5.115627693727385, 80.54937102050125, 52.53419621238749, 7.481616992213053, 8.921415818411988, 33.884722936235626, 25.012104954744597, 31.038460594850868, 15.453992198626713, 65.41264310318145, 52.08404424164807, 59.03274441379796, 69.81008860134104, 44.227320183979245, 29.510488833714053, 22.913441819041687, 74.7530301035136, 70.06640786512524, 33.717635298445245, 70.31338838710705, 29.328946749814747, 66.44123369175915, 12.850764373176872, 34.21111263661683, 12.609237878651413, 33.50471532794638, 70.409019489665], [27.57994860942228, 78.13243422949311, 30.25030008674967, 31.763616089813127, 38.9791486963306, 20.76906790032446, 0.0, 27.221940006485347, 45.204025925158064, 84.39883328572452, 30.871308936743308, 42.17424001948277, 28.839050018255545, 14.271786114990007, 66.60710671722367, 41.323974911361184, 63.149818571973945, 5.794820239519257, 49.1182124553629, 60.03853023164613, 47.49666309032769, 30.196290899949968, 61.00985194484312, 63.50618589964076, 48.685429447893355, 56.92726079623349, 29.765370001318196, 57.50397372403867, 73.81768150256075, 9.216955911705288, 78.9740833925518, 40.42347043766417, 14.076990927749671, 63.52561161517147, 32.45222249640627, 23.685243734168154, 45.97423923688299, 15.613656431314062, 60.63376184976416, 37.12311939622988, 75.02336194498639, 72.0974236128705, 84.71642841956802, 29.567763797189595, 44.50765481841637, 53.2623752480439, 19.218524903051442, 87.14943082042394, 19.735599781390835, 62.19864823887367, 36.18356584021859, 32.742084804599685, 41.17556152822431, 24.35797321019174, 83.82922187555504, 62.69665089578592, 22.472850292557805, 11.94607198114168, 47.92013117968359, 23.748720121746917, 42.6384865431742, 18.10364213792325, 62.602482781784005, 61.29155022037856, 75.67882724775755, 73.5589118612546, 47.24094768830009, 50.22358330454883, 43.4185354372947, 73.15532282301362, 51.029669451434124, 33.78063135387571, 50.376591387997934, 39.56779444058578, 46.55043184529412, 8.239083588728473, 39.175339895440906, 8.794578417816268, 17.441996633373847, 52.62483094425438], [23.628352507303084, 61.16683271302322, 11.944891529115974, 58.73803652313719, 25.101168147033032, 41.7658475527571, 27.221940006485347, 0.0, 39.655262708034314, 70.02780745888208, 8.100862371566912, 31.52231395774539, 5.3779275603381445, 12.990366510876257, 40.039517849479275, 18.739754475046126, 74.47970952830265, 23.19018620835402, 22.470069050088487, 59.56376669109327, 50.47893921505322, 42.675515254921, 58.50316564990058, 38.25410183347845, 65.23475132809381, 49.653051776059016, 14.669303495187613, 33.79898945719147, 70.78031697051834, 19.025122102944714, 77.91026727682244, 23.8764287038884, 40.63308664134905, 51.308816933600845, 44.20440059569937, 42.149208503152515, 23.88964061424137, 29.418548995287175, 34.76988275412082, 24.622093021955642, 82.39681941526172, 70.2280642114356, 85.8820374301524, 39.17685061971422, 25.30258366773866, 47.64740848840024, 45.95233272448592, 69.92019717051656, 8.993758203001326, 41.067728936547944, 35.147527036880646, 59.941362165920005, 68.24283427919708, 46.703026034350714, 68.05041180275623, 58.42223366182725, 46.69683551961384, 35.47700976786068, 52.10659182598112, 22.719161218529166, 45.109213442493065, 45.029096080789955, 42.05500513416786, 55.944886260246825, 79.82485609836152, 59.31205034895018, 37.03884611431704, 67.17014438598463, 59.82398849259535, 52.85313263696884, 31.344979641545, 25.746579015385905, 34.45414492585804, 41.45182383097578, 30.877466375043472, 30.765744347564965, 66.39423092306345, 34.20043405091272, 38.48610097689409, 29.577744274800253], [61.00026231125446, 37.500805900841705, 27.966464526984026, 63.13245961469158, 16.31436981588006, 39.15030765635789, 45.204025925158064, 39.655262708034314, 0.0, 40.82476845073639, 47.60408677883994, 9.727676474202747, 34.6273800965461, 39.42590007478337, 51.700730364721444, 29.32306057882903, 43.2913989963389, 39.775247288609094, 53.12387455531181, 20.353618762763183, 15.864087612106408, 27.005793963338483, 18.859247118751377, 43.91443350326415, 43.51775718595088, 11.724701357933261, 25.002232983680305, 35.89798495031597, 31.224728888718772, 44.99978865801478, 38.25929236088418, 19.535232152443633, 49.12452454474444, 20.085108749859515, 26.15646761001974, 35.489126459019936, 61.395992945060556, 58.36095436843513, 64.94842802711267, 15.731558003000968, 46.29226691514015, 30.572839935208975, 46.44413657793003, 22.98193848585422, 23.013790876055825, 8.382554350999067, 60.58604066987487, 45.90841987882264, 43.66464751431281, 32.419727336147105, 9.702434078806244, 66.54828514839332, 71.48993855599045, 43.06010924788382, 41.40951289876002, 18.954051810213368, 46.59680844700923, 41.527128308007015, 18.286555621843217, 21.948625343230606, 12.819755859089318, 53.15389631948335, 31.466754293675887, 16.8079008557081, 41.69669235608367, 30.66639618077042, 7.526902005534903, 45.50379670971742, 39.76039162745586, 38.37501322456447, 69.48641095168446, 14.054118094071717, 73.72022134096939, 11.523636227811018, 70.31221013425073, 40.084508722795945, 73.36139733201455, 44.020144492956675, 62.636963325221515, 65.43441012439301], [93.64600951402794, 11.441534296625992, 58.94914006760449, 103.8194756867266, 46.52578767100958, 79.9006528816681, 84.39883328572452, 70.02780745888208, 40.82476845073639, 0.0, 76.22371832654296, 42.25518146172187, 64.74997902343773, 75.3755747938013, 54.49364961171855, 52.07359934446388, 69.47793135480795, 78.6729534310004, 71.54047123444273, 40.22033620515016, 49.4351711400616, 67.03284207617885, 35.87440332583806, 46.6853287844274, 78.16376407859947, 30.42156378144649, 57.468962060622715, 43.1388177847493, 33.24386611288663, 82.06209776323146, 39.760812876000024, 46.541018841463675, 89.83207072355991, 20.99970785725045, 65.75104532352388, 76.08412796367097, 84.27962711332111, 95.52102576423383, 78.94182698305801, 47.974071679260206, 62.89469783150346, 36.24120614943392, 48.53894513317157, 63.43722352906359, 44.779206251493804, 34.7965406774391, 101.05923345418114, 10.08790828753912, 77.20620444954857, 33.15713023332087, 50.51533844920283, 107.31763357039515, 111.91915867777304, 83.59395078940129, 4.905785902960534, 31.876497450366816, 87.30559351503163, 82.18499070162146, 51.34867220503397, 60.681823340308256, 50.31571174530907, 93.94102258396234, 31.432241432370514, 30.499938366133154, 53.76453155470382, 10.929696875582275, 37.20051650758602, 79.81515190325453, 76.0352416383041, 24.37813872349411, 92.05769467197831, 50.635418996766866, 98.43477827670264, 50.985818544508895, 95.97722712778953, 80.33396857784498, 114.08681398889773, 84.4434119641247, 101.48194047769995, 85.39722159586154], [18.686673185473094, 66.80711762710988, 19.68633970410463, 62.60051933271633, 32.594687226655225, 47.81942152463333, 30.871308936743308, 8.100862371566912, 47.60408677883994, 76.22371832654296, 0.0, 39.198791699023815, 12.992063867586156, 17.75983259728882, 40.42107480537084, 24.175248778865043, 82.32531633317632, 28.016251927949625, 18.760717211981227, 67.60833149663019, 58.57205463995256, 50.08897274592591, 66.46307604945669, 40.351389414819124, 72.4690511397683, 57.32774679838445, 22.60702583161277, 37.34746856618287, 78.63667017478559, 21.78319758409211, 85.86100258244792, 30.940005629263286, 44.86733036089924, 58.26395485843879, 51.72779936884988, 48.703350742781, 16.42171350603903, 28.799312198400248, 29.767543962129757, 32.32697786817635, 90.46121439526512, 78.16343980768528, 93.91460128505395, 46.79970220001033, 31.53983938159537, 55.4949673232917, 48.34463895880582, 75.33643778499763, 11.16855994346574, 45.71372667869284, 43.24734644435169, 63.311808501512246, 71.93482968162222, 52.567132714844305, 73.91495497680673, 66.26856170797703, 52.02481885836068, 40.70435416202967, 60.18339815114377, 30.623911408736458, 53.19673758620375, 48.97340663200567, 46.92100640226516, 63.72722010218137, 87.92501966481046, 65.7009335295905, 44.619070089869126, 74.36429536354136, 67.02470045581373, 57.49706023282549, 23.46911020213905, 33.77843310499345, 26.35356308119385, 49.536634117394115, 22.792259244850946, 35.944056961328016, 69.42008637779512, 38.829134717555064, 38.722262981788404, 22.6077343561003], [54.039286990292155, 36.3354618088691, 19.58234337761131, 64.59332550047485, 6.832993013050695, 40.864042835833466, 42.17424001948277, 31.52231395774539, 9.727676474202747, 42.25518146172187, 39.198791699023815, 0.0, 26.2569615118924, 33.71595471536296, 42.73852795688459, 19.611401289429757, 52.37900116800974, 36.42939022097605, 43.474910198988226, 29.872665081642914, 24.988973001487015, 31.156748479028387, 27.89016415085884, 35.33818057424212, 50.59103436493227, 18.137981346535856, 17.02923772787155, 27.269802948359764, 39.56408931695094, 40.086563179194584, 47.07099365261294, 9.825801611208918, 48.79619256327984, 21.56405341412668, 30.976212401557945, 37.95099664860723, 52.21113903758485, 53.6080711856427, 55.22774468898798, 6.900605710556384, 56.00072764413404, 39.34421009330208, 55.633845853544486, 26.625612839675213, 13.432717672239692, 16.52201330573481, 59.419957124019106, 45.27818931508174, 36.787091788203874, 25.661591148961268, 13.139401137591024, 67.598200466923, 73.51950037637556, 45.41520936205439, 41.69572027098838, 27.212644137833113, 48.28876279817268, 41.135511239509, 27.316336736744756, 18.56105383382796, 20.95450856534751, 53.19305942624206, 25.132703073015875, 24.566005113535667, 51.366416309605285, 31.388856480465254, 5.632772522058502, 52.63421373792362, 46.26537622566542, 33.918334845493455, 60.351287714917746, 8.394025594354108, 64.93223901525887, 18.42634807923693, 61.649238373009354, 38.65264536631166, 74.54667262887403, 42.90803015256479, 59.23125480071554, 55.991153655235486], [28.900861541150082, 56.04538655425746, 6.6972308586243505, 59.586792792350785, 19.75999558685974, 40.8717731429585, 28.839050018255545, 5.3779275603381445, 34.6273800965461, 64.74997902343773, 12.992063867586156, 26.2569615118924, 0.0, 14.809157763837067, 37.772904913162144, 14.04703484914279, 70.90196413340256, 24.048348670906407, 23.586403449865436, 54.70931679158835, 46.13329973078527, 40.038136796931354, 53.48609059347446, 34.98017574298699, 62.70699309843393, 44.39490724046407, 9.66439083003159, 29.77861245869397, 65.64637353719512, 21.683420071439663, 72.87820511610046, 18.50367574763785, 41.43084331864846, 45.93304223900518, 41.370750562947165, 40.68691916423662, 27.640466636198212, 33.37172185726896, 36.27511062650858, 19.366859094739656, 78.18407864213209, 65.17688022061824, 80.98925287724184, 36.21660249396027, 20.11616480203552, 42.50446612549659, 47.986085839294354, 64.85587767863844, 13.121889339614285, 36.40486370146448, 30.752268813434195, 61.145425593754226, 69.14430379025787, 45.93491365711529, 62.85486641806242, 53.278917401955574, 46.45076860562799, 35.52817628547739, 47.87852630671746, 19.393867094534073, 40.82815908715531, 45.97978444517958, 37.287654068830996, 50.75150986338648, 75.25409377038366, 54.002564427006924, 31.73480194574241, 64.6890939301457, 57.37127403894082, 48.12288647512063, 35.45509920169818, 20.90103820970953, 39.15609038513505, 37.204865414230085, 35.69621026482719, 30.99146876677249, 67.79160729660528, 34.81562889575913, 41.86784674844563, 32.752314832448334], [22.40828946208621, 67.85308927329555, 17.570808713088017, 45.76242803644809, 28.854200706471904, 30.133543897173272, 14.271786114990007, 12.990366510876257, 39.42590007478337, 75.3755747938013, 17.75983259728882, 33.71595471536296, 14.809157763837067, 0.0, 52.46080130525191, 28.125638746931532, 67.30031028395581, 10.373339625119646, 35.20626680975025, 57.484868489898744, 46.42688059198912, 34.0474820034839, 57.40544165442308, 49.76206345954868, 55.75060670094788, 50.76500919716338, 18.134665258631127, 44.24418882928118, 70.2172961410694, 7.132332637213149, 76.49241728363656, 29.30009034087582, 27.69185308346642, 55.163196300524724, 35.95465637334805, 31.313944647060126, 33.90153629582538, 20.194765916127295, 47.130887635180315, 27.446258044215863, 77.08172142268914, 69.07537318077519, 83.50028241365091, 31.498362396011668, 32.57289045575014, 47.808292590554586, 33.24912160755124, 76.84595140939675, 7.060783781343305, 49.954515786358286, 32.21103230811341, 46.95694464186151, 55.25781077554102, 34.823181237882864, 74.15050350856849, 58.218069405927984, 34.30102999170529, 22.983318972189625, 47.549752375854446, 18.078507469207203, 41.05893936776171, 32.050749603962096, 50.59500542351222, 56.22728952555241, 75.9518204997693, 64.44819788169472, 39.275381379335116, 57.56426327717261, 50.288280874259, 61.37902641932821, 40.13036155690337, 25.865867043405213, 41.1640913220779, 37.48268310180367, 37.297306775780044, 18.221497257867988, 53.44165664274136, 21.35693617251377, 27.550947103443043, 40.294744916841935], [58.34497949026232, 43.056581644941744, 37.860830173638874, 97.03296822416773, 38.25117291968412, 76.4510569041118, 66.60710671722367, 40.039517849479275, 51.700730364721444, 54.49364961171855, 40.42107480537084, 42.73852795688459, 37.772904913162144, 52.46080130525191, 0.0, 27.378633730885724, 94.97141304123082, 61.748495573232034, 24.758385124414026, 69.3439526888216, 67.5186753685216, 71.26934511678682, 65.93161077212385, 8.573131134311451, 92.62602300565698, 53.89332337523114, 39.86403332236707, 15.961283433968326, 73.84719215833888, 59.00148243678927, 82.15219094022655, 34.606280020381334, 78.95733216058025, 46.70277770644578, 71.75565632278354, 75.14671984118978, 38.26892269672978, 68.84624951567712, 26.367015848333786, 40.15832519396818, 96.95449242918855, 75.09802635262935, 91.73426760855973, 66.73136413604854, 29.74692954442554, 55.23905626713789, 85.70886797266604, 48.702813914976886, 48.88096194760848, 23.444494603481132, 55.13653158839343, 98.79567592350944, 106.5868875099749, 81.55307378838802, 50.2874716486798, 63.41875097826217, 82.88203202912243, 72.55303556427332, 69.90677034078251, 51.72126726538385, 63.69289040694497, 83.56155184317218, 25.243569204563986, 60.31492054065372, 90.7264108155547, 47.4300157460898, 44.456899142805476, 94.68660536947465, 87.8999081886176, 30.17009788289961, 44.114058785247884, 45.483068483315236, 51.59236137034176, 61.05478741090995, 50.55161815746041, 68.26460408221888, 105.5050223001416, 72.29649441338887, 78.36001767551102, 36.24036381717857], [42.12570278442845, 42.685875995760455, 11.143987311508788, 70.35103609602444, 13.182245935090009, 49.12243048501239, 41.323974911361184, 18.739754475046126, 29.32306057882903, 52.07359934446388, 24.175248778865043, 19.611401289429757, 14.04703484914279, 28.125638746931532, 27.378633730885724, 0.0, 70.85356597793073, 35.93924945785071, 23.95234074167683, 49.4242566009896, 43.93329614301516, 44.27024994459706, 47.17206324531953, 22.53540382872076, 66.21679605038126, 36.30776640136498, 12.599108789712957, 16.190011711161578, 58.112719921398295, 35.22454233665977, 65.97063352267428, 9.788187690643168, 52.51072786763926, 34.912039741907776, 44.955002646579594, 47.76950664426309, 33.928519315320635, 47.37743404090984, 35.62918980989836, 14.449931035779612, 75.49442623942579, 58.287086781725925, 74.84915566035001, 39.81589132779326, 7.838573733411531, 35.67661777194863, 60.50521878386958, 51.32152483555596, 27.16181537570813, 22.37604632157454, 29.645301198457833, 72.42042076734424, 79.8578119218732, 54.21380486051078, 49.74688414340659, 45.989218946860376, 55.693186259419946, 45.70688014285365, 46.113221216454306, 24.346257413409333, 39.2701077307926, 57.158764879662385, 23.319336299702677, 43.096294031961584, 70.9721915116304, 41.64612998591415, 23.84256012804274, 68.27285659894397, 61.264772803157776, 34.13214391917536, 42.07942631691561, 19.162828863400073, 47.52980369219062, 36.09362921924164, 44.656215113086205, 41.66420620124404, 79.26658171972632, 45.86450448784064, 55.60613485989824, 36.93169295424327], [88.89073826663844, 72.48257373314148, 65.38359474830139, 57.84314761689339, 57.84844244280972, 43.65440702003966, 63.149818571973945, 74.47970952830265, 43.2913989963389, 69.47793135480795, 82.32531633317632, 52.37900116800974, 70.90196413340256, 67.30031028395581, 94.97141304123082, 70.85356597793073, 0.0, 60.68436515476397, 93.23278705811055, 29.846689240559794, 27.452951700187274, 33.49702759075561, 34.31211332394407, 87.19368801117577, 18.420197182115693, 44.44496789276242, 62.135921166170675, 79.1883709098293, 37.85004948009301, 68.98865324844277, 35.45111731740896, 61.493481928477834, 56.15315027561426, 55.608420628340056, 31.435535739798194, 39.81573180768771, 98.3355858147808, 78.7016288003545, 105.76001419263437, 56.407008508377174, 15.174151442798202, 34.55170316486371, 33.82298168775685, 35.833304312517654, 65.75615947437736, 41.41346443372922, 67.00101481828838, 78.36049541324489, 73.98993153088037, 74.95804657676183, 41.3044021186543, 62.09288746450769, 61.36224110552903, 42.593228551836255, 72.65986988380652, 38.27240264822883, 46.878928018163705, 52.212192957815205, 25.07634849615212, 51.76168152235691, 31.623194129003863, 57.201327752576034, 73.74126208140346, 40.519643546545865, 22.076156397195213, 63.68690245281162, 50.673644436891756, 18.430289919977618, 21.73965051408648, 78.32097554731301, 105.78350893030999, 51.96045959120859, 108.06315341693346, 34.772781930987165, 104.25484442365862, 54.934941133011, 66.62469167698292, 56.0197903746764, 77.15106980850905, 103.65427680698089], [28.421494998264944, 72.34063654592256, 24.80851991736401, 35.633308271389474, 33.1868126122911, 20.47327699365711, 5.794820239519257, 23.19018620835402, 39.775247288609094, 78.6729534310004, 28.016251927949625, 36.42939022097605, 24.048348670906407, 10.373339625119646, 61.748495573232034, 35.93924945785071, 60.68436515476397, 0.0, 45.5488001985097, 55.36154588598147, 43.12335930266157, 27.245141960989724, 56.08792593328294, 58.287007454849004, 47.43879430303475, 51.49585860731767, 24.126007527947632, 52.07669974510367, 68.94728490948555, 8.44072549002463, 74.3930569140501, 34.671472549177345, 17.480091150058392, 57.834250216348565, 29.407478143429625, 22.400123035514746, 43.88925276419114, 19.40777648801727, 57.50226453758025, 31.328334248592267, 71.81735057432954, 67.35809135822957, 80.49615854120633, 25.862241829629355, 38.825667717697876, 47.93214268304586, 24.610230247746916, 81.35858897306512, 16.960316520964962, 56.521789159122065, 30.989746857297703, 37.09725356746441, 45.173712691764216, 24.873239558706832, 78.06020927307443, 57.59398535898585, 24.0183072872714, 12.706040526867724, 43.75274195917127, 18.095437768895128, 38.07620739155588, 21.964574330167505, 56.893086178840534, 56.06765733970649, 71.87596526128573, 67.81820618849628, 41.5494620587415, 49.12564848970624, 42.032437314858, 67.41126630095408, 49.65559087764156, 28.039729823168017, 49.86603777331079, 34.838400306072494, 45.9901245142987, 7.962890729438566, 43.75945762499925, 11.013693580831772, 22.93715716354335, 50.39674297973688], [34.59895397823009, 60.758733928673024, 28.004141321753004, 80.86165074920815, 36.81964250151462, 64.09747875379205, 49.1182124553629, 22.470069050088487, 53.12387455531181, 71.54047123444273, 18.760717211981227, 43.474910198988226, 23.586403449865436, 35.20626680975025, 24.758385124414026, 23.95234074167683, 93.23278705811055, 45.5488001985097, 0.0, 73.33964341808031, 67.07381301771923, 63.493885843625165, 71.12320860353671, 27.86428694909012, 86.14949811742251, 60.1228093665693, 31.19274511438155, 28.57567012959374, 81.89355856808777, 40.259150002899645, 89.83720297588313, 33.667871687256245, 62.87690873978755, 57.36335961533615, 64.71834284467708, 64.18314537989006, 13.785537566598949, 47.265255506847325, 12.726359180991945, 37.67942008997347, 98.99658390855672, 82.17719722125146, 98.78328971828111, 59.517956857120424, 31.322610773407654, 59.62673725558069, 67.05115551231077, 68.23910506408089, 29.481119416956005, 38.492532433733906, 52.06607607888437, 81.79284922703312, 90.29376892413343, 69.08567514912954, 68.23395133616647, 69.87080703864275, 69.16611503353136, 57.942109947849, 69.10871690751648, 42.675282009000824, 62.0920923693077, 67.16143964026126, 40.152722559051206, 66.93750291213287, 94.82012241843486, 62.171561859539864, 47.78344978132461, 88.1495584569046, 80.85645976211694, 49.21419053747435, 20.76570169848171, 41.43238672870562, 27.77493769688443, 58.66312724339572, 26.185323614966467, 53.22091109527079, 88.02312397506928, 56.55595172814556, 57.32673639273006, 13.879564303768344], [79.72460519036262, 42.63651169142566, 48.1216610028841, 69.6610692460013, 36.615606961352334, 47.515103910455146, 60.03853023164613, 59.56376669109327, 20.353618762763183, 40.22033620515016, 67.60833149663019, 29.872665081642914, 54.70931679158835, 57.484868489898744, 69.3439526888216, 49.4242566009896, 29.846689240559794, 55.36154588598147, 73.33964341808031, 0.0, 13.119441927993257, 33.30658870187856, 4.468663162108441, 61.01901752547832, 38.43370136703975, 15.73762858437236, 45.044926881281, 53.41102058875241, 14.199126920109599, 62.03484106386778, 19.078046753950012, 39.67219173422806, 59.82143627963607, 26.104908907623976, 31.311388122264855, 43.08777631090958, 81.72523446741144, 74.7280278257203, 84.93767221667586, 36.082653840729, 27.733865858087462, 12.088732473532684, 26.328394199051548, 31.5727026553737, 42.571951469627635, 14.206263133820107, 71.8533417656177, 48.691388635753746, 62.613088963306446, 47.36418130539062, 25.28234368126626, 73.65031110687275, 76.41089104020723, 49.7092539282187, 43.05651407912113, 8.466326737198697, 54.071265437100514, 53.0319299940489, 13.788852085304597, 39.406856965001715, 17.425955188576847, 62.931520294113376, 45.91091718180274, 10.723596975965968, 21.67982726819059, 33.84379517555757, 25.866000329484304, 39.947970748808835, 37.08851409500674, 49.07459180211277, 89.79703355664896, 33.83025556880828, 93.86487865824478, 20.52317448510932, 90.38808754150325, 53.23013544095963, 79.85074386454612, 56.34894890077479, 77.12266352351446, 85.78188276909279], [68.83470048601828, 49.22499772996422, 39.956347218082634, 56.890857410768476, 30.776152363768688, 34.41616803693306, 47.49666309032769, 50.47893921505322, 15.864087612106408, 49.4351711400616, 58.57205463995256, 24.988973001487015, 46.13329973078527, 46.42688059198912, 67.5186753685216, 43.93329614301516, 27.452951700187274, 43.12335930266157, 67.07381301771923, 13.119441927993257, 0.0, 20.215788389972904, 15.580516625482954, 59.77769742409985, 29.40102274800889, 19.816361689869396, 36.70592100817296, 51.75529240852822, 27.318401118547115, 50.28488970495365, 31.564726830888247, 34.34670167904541, 46.70880805209897, 31.28598730709085, 18.27535958362655, 30.005512782966708, 73.7393481455909, 62.52819362911771, 79.33938588365201, 29.547456039105217, 32.095952241834674, 25.098412068982494, 37.39268263735373, 18.524827169803963, 38.41049855425409, 15.792440728693007, 58.74242099686874, 56.61114126855246, 52.17530665779085, 47.977462978710314, 15.381052387478539, 60.8107800943101, 64.00149707768155, 36.770540578015506, 51.35873087016954, 18.804178329419713, 41.073545976159565, 39.98646408592053, 2.4512790389761503, 28.648552564461326, 5.41859414691005, 49.81852183727884, 46.89070755494751, 19.190861270908137, 29.599374441052564, 41.05460130670454, 23.31952513580108, 31.244045041341682, 26.688183665069218, 52.6753116124535, 81.58668843676642, 25.72708019781969, 84.9027935582481, 9.08163871182399, 81.25962728696794, 40.396562131370196, 67.14059425338723, 43.36598936882217, 64.35690864322207, 78.47237264127119], [55.395509207140414, 64.49808371072739, 35.805777735387075, 37.1321698423, 33.42646137711966, 14.20935593987886, 30.196290899949968, 42.675515254921, 27.005793963338483, 67.03284207617885, 50.08897274592591, 31.156748479028387, 40.038136796931354, 34.0474820034839, 71.26934511678682, 44.27024994459706, 33.49702759075561, 27.245141960989724, 63.493885843625165, 33.30658870187856, 20.215788389972904, 0.0, 35.65892462092109, 64.96864024428062, 22.669387090858404, 36.634639145810354, 32.86820699605886, 57.11011959165838, 47.49588011486784, 35.499942692180525, 51.13179477636754, 36.89843120576509, 26.75378010844356, 46.86406940414153, 2.286921596406038, 9.790629715477483, 66.44428802471359, 45.80239637096046, 76.21949210310848, 31.353023573267226, 44.827074169144474, 45.14391548070824, 55.6436330429273, 4.598048004117522, 41.96119358133819, 32.26899315689217, 38.76533123048836, 72.80750054379764, 40.914700948692214, 56.799526048585086, 18.292639370379312, 40.903714963697766, 44.90147257165298, 16.817245527259317, 68.10440182660459, 38.530611002565315, 20.959744695052795, 20.627285927048078, 19.69781489148751, 20.857617195801332, 17.14826798341096, 29.644596683984417, 56.28729567404661, 38.279436495940445, 45.87886125296439, 57.38632833396595, 33.2282869413114, 24.65847901825586, 17.36707204451355, 64.6250243359512, 73.46611234029206, 25.92569537197567, 75.1310806266413, 16.05014318864396, 71.2809325692544, 22.20294773308299, 47.435750457849544, 24.295109428544254, 45.797628530510444, 72.25262527312263], [79.41563696511665, 38.17390828771847, 46.82003185117308, 72.47120309352542, 34.71849077197435, 49.79108876575706, 61.00985194484312, 58.50316564990058, 18.859247118751377, 35.87440332583806, 66.46307604945669, 27.89016415085884, 53.48609059347446, 57.40544165442308, 65.93161077212385, 47.17206324531953, 34.31211332394407, 56.08792593328294, 71.12320860353671, 4.468663162108441, 15.580516625482954, 35.65892462092109, 0.0, 57.523324093828975, 42.51054749309425, 12.044088223930185, 43.859287904634705, 50.06516329517262, 12.882141180958216, 62.35290422561514, 19.408360293180966, 37.53533692343644, 61.77187586763962, 21.820785973661177, 33.80143798348289, 45.43557133750862, 80.0732986573662, 75.32272295773299, 82.45145379580809, 34.433623495587796, 31.589847312025928, 11.761664282935481, 27.744504510459894, 33.436751189799494, 40.02318486773563, 11.497531891809976, 73.76539239294706, 44.2462055082214, 62.158032185089866, 43.58792850694741, 25.337560168024638, 76.38430188426368, 79.51854818494049, 52.32563997198041, 38.62697330986414, 4.020889299282526, 56.591715249252225, 54.74417808658122, 16.791126455512863, 39.39461192747027, 18.94645933823162, 65.09545209757796, 42.07769864343004, 6.345138767833874, 24.795520874813594, 29.37611827621735, 23.353427286174984, 44.0832344892745, 40.887618419302946, 44.818333434451134, 88.19738310526472, 32.81296193027792, 92.5580509277146, 21.54112551829195, 89.1657763382442, 54.571293950930226, 82.72020327886378, 57.91137814784842, 78.28211281498977, 83.86064447918825], [58.9243962721398, 35.312107275833625, 33.62196232665547, 92.88317594808937, 31.570711110942455, 71.31656664436521, 63.50618589964076, 38.25410183347845, 43.91443350326415, 46.6853287844274, 40.351389414819124, 35.33818057424212, 34.98017574298699, 49.76206345954868, 8.573131134311451, 22.53540382872076, 87.19368801117577, 58.287007454849004, 27.86428694909012, 61.01901752547832, 59.77769742409985, 64.96864024428062, 57.523324093828975, 0.0, 85.73921008137746, 45.47924192847381, 35.07305635156116, 8.069279630509957, 65.2808845506712, 56.655976978403196, 73.58610223712044, 28.072225417963033, 75.03560936537268, 38.1296895024957, 65.2664651897994, 69.62432248662267, 41.63536843226502, 67.64825559740443, 32.6244416453314, 33.61741041274002, 88.69169641910852, 66.55470236594927, 83.17395981725276, 60.38308183526482, 23.010916628943566, 46.98873912197441, 82.72467515372742, 41.64833374492555, 47.24743487793267, 14.899813727650159, 48.11951017581336, 94.94669504399643, 102.38361736207837, 76.36466254483713, 42.68782289276492, 54.93540814273128, 78.06712993142779, 68.23240720787506, 62.19357509656158, 46.32234787648916, 56.204233432053144, 79.68160486028151, 16.71226564193517, 51.83463931474325, 82.3075468037491, 39.125886482012014, 36.532842588591166, 87.79400538328395, 81.18640877798711, 22.670922601388476, 48.40249572990464, 39.04309702840444, 55.600806382048425, 53.762255589594965, 54.02766663021611, 64.19622660496078, 101.78034811543047, 68.38321395676927, 76.67134980285644, 40.875435715422086], [75.7883083277001, 78.6127944230319, 58.36038005089044, 39.4530661