instance_id,num_cities,city_coordinates,distance_matrix,best_route,total_distance
2327,41,"[[96.14989511787842, 9.644877716414523], [5.305398982818598, 12.766070317719713], [69.44794429395881, 9.15732886344186], [54.501244419366614, 19.684703182414275], [79.35150302263114, 34.9060245645778], [65.8190112814807, 35.5268169457385], [51.58441506658027, 37.83274763041585], [16.390654181712648, 43.07973323560537], [87.87111820910593, 11.651612948672518], [27.50021763937507, 54.338578490466915], [20.804881292498766, 70.43075282222289], [92.10313685150102, 86.07867825986962], [98.40603549682531, 59.35188188001762], [57.13694772469, 48.54258281110143], [7.982208224888487, 6.444172998960274], [10.924452597804047, 45.428282672400854], [19.0412767579738, 54.80128137429835], [40.029107093597226, 35.066476346753205], [8.738420037468298, 19.04131250918223], [0.7306371461259342, 97.21853587798968], [23.38073920174345, 71.80587544242319], [26.66571426013786, 60.011024253622594], [16.593176602343142, 38.09078427082858], [97.25474964347683, 35.869888342902776], [96.45229011798429, 81.15235038814464], [38.46675399741688, 39.510155942661115], [57.8375668796473, 3.1840116391077644], [0.014201371804023477, 35.95706839189097], [57.05621785234018, 49.36475009881921], [71.13198922927093, 42.042418325024855], [35.38359127407374, 6.241059949448468], [52.71410947630704, 39.68470520536263], [51.19383367758049, 70.08171298301954], [22.197932756241034, 46.90866107829164], [93.39898693395993, 89.99421305250902], [5.07422062510936, 39.82462288465336], [35.76571049438873, 61.0581577605559], [90.77661741376714, 16.725596787963937], [41.27327759122774, 37.45421940640191], [90.41891585775946, 18.86241969239254], [85.67151033222578, 73.33142729516942]]","[[0.0, 90.8980985570509, 26.706401511380296, 42.84166430467407, 30.336636548406872, 39.87276379394175, 52.73175535188748, 86.48367521273889, 8.518517089118859, 81.9164519909344, 96.80802508431613, 76.5408526081541, 49.75817955200904, 55.09121096814735, 88.22576450645607, 92.43283033093063, 89.35793091095587, 61.610068376754306, 87.91506675506704, 129.51440227125426, 95.70443924416263, 85.81841356305019, 84.48929553891764, 26.24827396005606, 71.50811206173967, 64.95598211907968, 38.85327895432835, 99.6714753085437, 55.73135440859638, 40.93282610006028, 60.861561417928684, 52.81153955213104, 75.32369160673548, 82.8099166016845, 80.39641276069794, 95.94579460681254, 79.30684155570056, 8.888683583956789, 61.52074964105017, 10.853902678706417, 64.54280087634407], [90.8980985570509, 0.0, 64.24398130467553, 49.67996265027937, 77.28520620097815, 64.65252400716973, 52.6316030648878, 32.27694288999197, 82.57324025725003, 47.12624970195019, 59.71138551577281, 113.61595742852273, 104.10555392596079, 62.97990386758374, 6.8652526120579545, 33.14202587999664, 44.22254297103586, 41.26795383856955, 7.152922348465656, 84.57628145686617, 61.74476911603804, 51.849288723685156, 27.72643252195684, 94.80753922688567, 113.94928286512533, 42.60189646387142, 53.398918645052746, 23.786953647641, 63.38462443988677, 72.04335178293117, 30.777807131369308, 54.51787537009882, 73.42228090213328, 38.09296786980648, 117.15232079805533, 27.059540100500314, 57.0960268930197, 85.56288348308209, 43.62560024818289, 85.33156643657091, 100.63237212364234], [26.706401511380296, 64.24398130467553, 0.0, 18.28194320068013, 27.58760239313953, 26.618021273780627, 33.78439459156744, 62.97464213827366, 18.591255745795984, 61.65190256064469, 78.23413616699895, 80.18822695874147, 57.9488067059829, 41.264498846468285, 61.52558756531776, 68.85187848215568, 68.00148919616869, 39.201427340510925, 61.50885682695357, 111.69979625097196, 77.76263738754638, 66.45613245972159, 60.2558819497806, 38.55877666225578, 76.89289835690926, 43.37197555901194, 13.056851931659535, 74.42627691193883, 42.0736450358533, 32.92818118634048, 34.188956858056926, 34.81295641030389, 63.60026049274346, 60.47914247333884, 84.31046369781042, 71.30539405666883, 61.87235985427103, 22.63163662727431, 39.931514599502044, 23.107800335123155, 66.19304347530084], [42.84166430467407, 49.67996265027937, 18.28194320068013, 0.0, 29.141447755185926, 19.469576657834, 18.38095238990398, 44.71850309941155, 34.323155674363164, 43.93115660940286, 60.914747327914434, 76.30243928645773, 59.170226849175535, 28.97799421246215, 48.36664520102798, 50.6129298738678, 49.90574486423113, 21.119699440453807, 45.76734695136773, 94.35450926690552, 60.705044623635956, 49.00029500302537, 42.14030643758222, 45.714575658397145, 74.41882751169653, 25.498106993272593, 16.834603320729606, 56.864995643871524, 29.789814940734338, 27.86483625163223, 23.371268796515817, 20.07968954497661, 50.505421121471564, 42.24509235309504, 80.35210980991447, 53.37271818795358, 45.41787065884469, 36.39586510218654, 22.152535142527192, 35.92708270503331, 62.044794182174655], [30.336636548406872, 77.28520620097815, 27.58760239313953, 29.141447755185926, 0.0, 13.546723437968753, 27.92090402302858, 63.48919593291301, 24.765934315659532, 55.373097691735225, 68.48148095500517, 52.73750706588095, 30.99476000386135, 26.066111867636035, 76.83523432950759, 69.23134510848014, 63.507043984261266, 39.322723282780224, 72.37331398568195, 100.31993629062723, 67.03972999274994, 58.361402886779565, 62.839082022750596, 17.929173794405294, 49.3067903179684, 41.14317353585415, 38.32930409501422, 79.34426334878451, 26.573191093640226, 10.885243355267091, 52.48673603793198, 27.062640736047182, 45.05755651005169, 58.400290046159256, 56.85103618335272, 74.43995761548665, 50.82967028237712, 21.472335527166482, 38.16339278623791, 19.49063580691943, 38.94167520024643], [39.87276379394175, 64.65252400716973, 26.618021273780627, 19.469576657834, 13.546723437968753, 0.0, 14.420161085223498, 50.00209025694753, 32.50108899481573, 42.68737891463937, 56.961009807891365, 56.976714009354225, 40.367658667974204, 15.645714706145574, 64.73712973821213, 55.78038720385409, 50.593096625523, 25.794012318506862, 59.41351490438637, 89.6792318901082, 55.831684754444545, 46.17853478767964, 49.29256260635991, 31.43761034728033, 54.955318888885536, 27.64078450583533, 33.313068154137035, 65.80621645069407, 16.37910078822761, 8.407187163817843, 42.23707321622817, 13.748690341365757, 37.522482061997515, 45.08153577200825, 61.05204579408611, 60.89663970840222, 39.434125475301, 31.24688757741242, 24.621290027904518, 29.712917072871612, 42.70023749620292], [52.73175535188748, 52.6316030648878, 33.78439459156744, 18.38095238990398, 27.92090402302858, 14.420161085223498, 0.0, 35.58274389591539, 44.74568848701923, 29.197448828505745, 44.83313107329113, 63.003465280775444, 51.52996486090713, 12.06363081815859, 53.72518086391269, 41.36332554977069, 36.70132134392942, 11.881809591358637, 46.785652971292606, 78.18426040174946, 44.154509912575925, 33.35892090365743, 34.992189873869044, 45.71249585122486, 62.36757326300124, 13.224474680358169, 35.208476442365864, 51.60431293148588, 12.764313795011114, 19.995724117994357, 35.50354097956473, 2.1693216264009054, 32.251330517280465, 30.756097728567802, 66.8526506238345, 46.55282756194166, 28.100731130265732, 44.51449810464967, 10.318083138451373, 43.22027063515735, 49.214696195242134], [86.48367521273889, 32.27694288999197, 62.97464213827366, 44.71850309941155, 63.48919593291301, 50.00209025694753, 35.58274389591539, 0.0, 78.08446377059514, 15.81720571696362, 27.704939512894345, 87.07059954555673, 83.61402749401071, 41.11086429369949, 37.58811297819676, 5.949373430286362, 12.01750767877775, 24.95974242723913, 25.227016439104894, 56.35819448053588, 29.564379490758455, 19.805188086762477, 4.993057891112962, 81.18487419603568, 88.65319918443964, 22.36282775328826, 57.528385809923975, 17.858347099075242, 41.148383997682636, 54.751162407868065, 41.44658621501409, 36.48177106260784, 44.04961081895459, 6.955945145461871, 90.1734535757143, 11.775288184918951, 26.4313555369132, 78.91648771873635, 25.510612567759086, 77.88877840887955, 75.59763238634895], [8.518517089118859, 82.57324025725003, 18.591255745795984, 34.323155674363164, 24.765934315659532, 32.50108899481573, 44.74568848701923, 78.08446377059514, 0.0, 73.9379649623025, 89.17885073507553, 74.54728722513501, 48.84977111903121, 48.015964977867334, 80.05844970580092, 84.0336406823085, 81.2369433166305, 53.264564726722746, 79.4769877355584, 122.12764527116404, 88.19038655477317, 78.00470584726084, 76.02351438798003, 25.97262793725141, 70.02848717457893, 56.71763060027396, 31.204398366207432, 91.1569690175077, 48.70152767319703, 34.695813730576745, 52.76565708406503, 44.96520348569766, 68.98767854211559, 74.53875991952553, 78.53738169603606, 87.45881738502808, 71.8051542952562, 5.846985345430363, 53.26474678679734, 7.647679828141512, 61.71902277766846], [81.9164519909344, 47.12624970195019, 61.65190256064469, 43.93115660940286, 55.373097691735225, 42.68737891463937, 29.197448828505745, 15.81720571696362, 73.9379649623025, 0.0, 17.42944644908233, 71.97896292737282, 71.08282645554826, 30.19816776006509, 51.718727448467334, 18.81885645513068, 8.471586320975996, 22.98666987612285, 39.97376683536931, 50.549986996440595, 17.946491729748537, 5.733501271117077, 19.569219738845273, 72.15807128019699, 73.98220503929355, 18.44307552846131, 59.473897372514756, 33.06600979503317, 29.971588504087578, 45.331303167756474, 48.73929492378686, 29.162927559152863, 28.44703366990143, 9.127863809986271, 74.92644440091104, 26.7129228915778, 10.652282276737294, 73.61140645960725, 21.789418581434802, 72.23102123438598, 61.19336237922865], [96.80802508431613, 59.71138551577281, 78.23413616699895, 60.914747327914434, 68.48148095500517, 56.961009807891365, 44.83313107329113, 27.704939512894345, 89.17885073507553, 17.42944644908233, 0.0, 72.99519721364514, 78.38801257333743, 42.41592905582659, 65.2587414993392, 26.883942880159683, 15.72865787966937, 40.25174416450892, 52.78706340484114, 33.474775564460636, 2.9199325658660213, 11.954919762084158, 32.613065208628456, 83.89896140262887, 76.40342345978827, 35.609339488862986, 76.76942100566781, 40.257760615400464, 41.927745862583, 57.78161756825712, 65.82442902014404, 44.31160443207379, 30.390956810737556, 23.56330605816071, 75.18399530528829, 34.412045489740095, 17.654233163694983, 88.20593880509699, 38.81245938054659, 86.6337508725235, 64.93145212742095], [76.5408526081541, 113.61595742852273, 80.18822695874147, 76.30243928645773, 52.73750706588095, 56.976714009354225, 63.003465280775444, 87.07059954555673, 74.54728722513501, 71.97896292737282, 72.99519721364514, 0.0, 27.4599376558524, 51.29905304770209, 115.83602661155743, 90.78784851828536, 79.47522227879384, 72.89684025560784, 106.97515793994091, 92.04906371148356, 70.18889398613652, 70.43847571313601, 89.46838584848194, 50.47238551212495, 6.571441275328911, 71.03160449038329, 89.69757543915695, 104.84535189287912, 50.75627106425876, 48.77480109280387, 97.9344277973295, 60.85964355257185, 43.925778129072356, 80.13131601069003, 4.124395731325801, 98.55693734179178, 61.643588917255855, 69.36576650962255, 70.34211108014718, 67.23735580884852, 14.27789294120441], [49.75817955200904, 104.10555392596079, 57.9488067059829, 59.170226849175535, 30.99476000386135, 40.367658667974204, 51.52996486090713, 83.61402749401071, 48.84977111903121, 71.08282645554826, 78.38801257333743, 27.4599376558524, 0.0, 42.66120663911747, 104.76494737051979, 88.58269560931568, 79.49511239465454, 63.22694593059772, 98.31186736690567, 104.75861266726446, 76.05193646329633, 71.74334923748535, 84.53033864853442, 23.510199480081486, 21.887840189913224, 63.13803572204707, 69.28658090382757, 101.13491148278095, 42.53880840417603, 32.30311329216303, 82.41715769152961, 49.74484839474946, 48.4161261990264, 77.217282179833, 31.048719699780385, 95.35272157164836, 62.66355953655512, 43.30367422096113, 61.18545290923341, 41.26973017081493, 18.910204154955874], [55.09121096814735, 62.97990386758374, 41.264498846468285, 28.97799421246215, 26.066111867636035, 15.645714706145574, 12.06363081815859, 41.11086429369949, 48.015964977867334, 30.19816776006509, 42.41592905582659, 51.29905304770209, 42.66120663911747, 0.0, 64.71834766126473, 46.31731394636749, 38.6063654610126, 21.77805446997773, 56.68105884435881, 74.50516948544804, 40.99588269442626, 32.55796704298011, 41.869290291903646, 42.0717864593284, 51.079282384649275, 20.740319885373783, 45.36398181338481, 58.49276300613866, 0.826121275166559, 15.430921069754518, 47.56708266524779, 9.900681484100387, 22.344008886942902, 34.977199247430455, 55.07425112777301, 52.7875968227818, 24.76629558632513, 46.30278583829209, 19.354788376471134, 44.5937381878198, 37.79825490758385], [88.22576450645607, 6.8652526120579545, 61.52558756531776, 48.36664520102798, 76.83523432950759, 64.73712973821213, 53.72518086391269, 37.58811297819676, 80.05844970580092, 51.718727448467334, 65.2587414993392, 115.83602661155743, 104.76494737051979, 64.71834766126473, 0.0, 39.0949818900175, 49.605573550193625, 42.96789471261449, 12.61981696164728, 91.06355055237006, 67.15107521516649, 56.73165739786136, 32.79720691446554, 93.99712429024787, 115.79407221004415, 44.974067627806285, 49.96183982487944, 30.56959482369485, 65.19535535220402, 72.49227483805527, 27.402135827687932, 55.730386423669565, 76.92191540443127, 42.888945189566606, 119.48487468288228, 33.50687730081299, 61.2748751928482, 83.43034141165052, 45.49635455447058, 83.36680164361825, 102.51601069691931], [92.43283033093063, 33.14202587999664, 68.85187848215568, 50.6129298738678, 69.23134510848014, 55.78038720385409, 41.36332554977069, 5.949373430286362, 84.0336406823085, 18.81885645513068, 26.883942880159683, 90.78784851828536, 88.58269560931568, 46.31731394636749, 39.0949818900175, 0.0, 12.39902976498111, 30.894140927524198, 26.477366423974985, 52.78393885039156, 29.17081548912568, 21.457951224353966, 9.272179605287715, 86.85783263559067, 92.68883430617412, 28.170952954708063, 63.13017287126347, 14.447750058807404, 46.299411889341314, 60.3026661484238, 46.1940243919413, 42.182509457628065, 47.21667797112361, 11.370262754540907, 93.74524502400324, 8.101000996861899, 29.349294525694486, 84.85406532851793, 31.37892387338374, 83.81595769816734, 79.78538788394849], [89.35793091095587, 44.22254297103586, 68.00148919616869, 49.90574486423113, 63.507043984261266, 50.593096625523, 36.70132134392942, 12.01750767877775, 81.2369433166305, 8.471586320975996, 15.72865787966937, 79.47522227879384, 79.49511239465454, 38.6063654610126, 49.605573550193625, 12.39902976498111, 0.0, 28.808879736500273, 37.214570128342736, 46.20068184156912, 17.549562778673252, 9.234363437350483, 16.888869346912198, 80.47201366264231, 81.77312411542201, 24.721805818875453, 64.57162427971346, 26.779356987749324, 38.401713747141656, 53.63050355979763, 51.236377199930715, 36.910303959031395, 35.598855411618985, 8.500466588860494, 82.26549399792816, 20.478744017493884, 17.856516623256653, 81.21401883739495, 28.198979058963157, 79.91476173054893, 69.1589063968492], [61.610068376754306, 41.26795383856955, 39.201427340510925, 21.119699440453807, 39.322723282780224, 25.794012318506862, 11.881809591358637, 24.95974242723913, 53.264564726722746, 22.98666987612285, 40.25174416450892, 72.89684025560784, 63.22694593059772, 21.77805446997773, 42.96789471261449, 30.894140927524198, 28.808879736500273, 0.0, 35.155553934842025, 73.53399380005595, 40.335488088945, 28.298599581948487, 23.63026187773885, 57.23128197133232, 72.85247675105136, 4.710332848985578, 36.51893749529988, 40.024815228990896, 22.234278335028545, 31.875586953495034, 29.19735343669778, 13.499530482199985, 36.75211444786314, 21.405329183758703, 76.5859016646771, 35.27724544945377, 26.339021494329643, 53.96014887568201, 2.6924481696171467, 52.931127697665495, 59.56035127903687], [87.91506675506704, 7.152922348465656, 61.50885682695357, 45.76734695136773, 72.37331398568195, 59.41351490438637, 46.785652971292606, 25.227016439104894, 79.4769877355584, 39.97376683536931, 52.78706340484114, 106.97515793994091, 98.31186736690567, 56.68105884435881, 12.61981696164728, 26.477366423974985, 37.214570128342736, 35.155553934842025, 0.0, 78.58627641319627, 54.75853003911303, 44.72029917798735, 20.605328803278198, 90.1018400006949, 107.47792345827835, 36.09359211187637, 51.59631974776806, 19.03299210344291, 57.04489857061231, 66.49818302212363, 29.56030473153138, 48.57994363551596, 66.38964247443057, 30.947497457775953, 110.46142169439318, 21.10384674642747, 49.958880234855386, 82.07087405440534, 37.383848069040425, 81.68069172141296, 94.16006024730959], [129.51440227125426, 84.57628145686617, 111.69979625097196, 94.35450926690552, 100.31993629062723, 89.6792318901082, 78.18426040174946, 56.35819448053588, 122.12764527116404, 50.549986996440595, 33.474775564460636, 92.04906371148356, 104.75861266726446, 74.50516948544804, 91.06355055237006, 52.78393885039156, 46.20068184156912, 73.53399380005595, 78.58627641319627, 0.0, 34.04159857502722, 45.3544611497828, 61.218552483035644, 114.37027956504075, 97.06058501708604, 68.95122645591242, 110.01678586662226, 61.26565660114203, 73.90910536118668, 89.44693579633423, 97.3536252849474, 77.53981601325364, 57.29695769414972, 54.698521764060125, 92.94952335911742, 57.558039978143434, 50.34907457058112, 120.77827538804743, 72.21827481722961, 119.09520679669042, 88.23574045739369], [95.70443924416263, 61.74476911603804, 77.76263738754638, 60.705044623635956, 67.03972999274994, 55.831684754444545, 44.154509912575925, 29.564379490758455, 88.19038655477317, 17.946491729748537, 2.9199325658660213, 70.18889398613652, 76.05193646329633, 40.99588269442626, 67.15107521516649, 29.17081548912568, 17.549562778673252, 40.335488088945, 54.75853003911303, 34.04159857502722, 0.0, 12.243756600824117, 34.39154516374212, 82.15086480106116, 73.66687279378552, 35.64549537350533, 76.78693355946396, 42.79172883986202, 40.467789277821204, 56.26762176217022, 66.65443337466805, 43.49961136680275, 27.8664845380298, 24.925294665881896, 72.34203923382655, 36.85009006176929, 16.39819957461094, 87.0404589637647, 38.73214688648547, 85.42322070794722, 62.309449335438266], [85.81841356305019, 51.849288723685156, 66.45613245972159, 49.00029500302537, 58.361402886779565, 46.17853478767964, 33.35892090365743, 19.805188086762477, 78.00470584726084, 5.733501271117077, 11.954919762084158, 70.43847571313601, 71.74334923748535, 32.55796704298011, 56.73165739786136, 21.457951224353966, 9.234363437350483, 28.298599581948487, 44.72029917798735, 45.3544611497828, 12.243756600824117, 0.0, 24.123700706379488, 74.60299162506908, 72.91859735821293, 23.65481220352897, 64.81507354329426, 35.90119680226771, 32.20133323275446, 47.95957056362982, 54.472106998924424, 33.040552952234336, 26.51504127171461, 13.843156877852367, 73.15956049832693, 29.558135895563495, 9.160044762157137, 77.35525925274138, 26.87359952420591, 75.87936723038393, 60.49063652574732], [84.48929553891764, 27.72643252195684, 60.2558819497806, 42.14030643758222, 62.839082022750596, 49.29256260635991, 34.992189873869044, 4.993057891112962, 76.02351438798003, 19.569219738845273, 32.613065208628456, 89.46838584848194, 84.53033864853442, 41.869290291903646, 32.79720691446554, 9.272179605287715, 16.888869346912198, 23.63026187773885, 20.605328803278198, 61.218552483035644, 34.39154516374212, 24.123700706379488, 0.0, 80.69214177472813, 90.7291380317263, 21.919580379219887, 54.03316115969187, 16.715716052471702, 42.00428564670113, 54.68178393627462, 36.979516260809845, 36.15608352173879, 47.12350782684431, 10.448360777473718, 92.69896666086017, 11.648714227082735, 29.91799292830764, 77.19879614864472, 24.688308966961774, 76.28872643431644, 77.54817284543888], [26.24827396005606, 94.80753922688567, 38.55877666225578, 45.714575658397145, 17.929173794405294, 31.43761034728033, 45.71249585122486, 81.18487419603568, 25.97262793725141, 72.15807128019699, 83.89896140262887, 50.47238551212495, 23.510199480081486, 42.0717864593284, 93.99712429024787, 86.85783263559067, 80.47201366264231, 57.23128197133232, 90.1018400006949, 114.37027956504075, 82.15086480106116, 74.60299162506908, 80.69214177472813, 0.0, 45.28957175960956, 58.900594057097706, 51.206257751693094, 97.24058735186902, 42.40322218858278, 26.84210755581981, 68.5996188760588, 44.70370738759155, 57.37644921763166, 75.86422256075394, 54.26149123773686, 92.26532314689958, 66.44810645710206, 20.210643144791458, 56.00388663347852, 18.329828516493098, 39.21145666273956], [71.50811206173967, 113.94928286512533, 76.89289835690926, 74.41882751169653, 49.3067903179684, 54.955318888885536, 62.36757326300124, 88.65319918443964, 70.02848717457893, 73.98220503929355, 76.40342345978827, 6.571441275328911, 21.887840189913224, 51.079282384649275, 115.79407221004415, 92.68883430617412, 81.77312411542201, 72.85247675105136, 107.47792345827835, 97.06058501708604, 73.66687279378552, 72.91859735821293, 90.7291380317263, 45.28957175960956, 0.0, 71.38903807605959, 87.00665892940567, 106.50313833750174, 50.6211619988496, 46.590819085704254, 96.64930115463295, 60.27100499285784, 46.592777250596285, 81.77004246516701, 9.354207380053863, 100.28924491114444, 63.92681380896162, 64.67626952835013, 70.3864338827128, 62.581443504009584, 13.31886071761592], [64.95598211907968, 42.60189646387142, 43.37197555901194, 25.498106993272593, 41.14317353585415, 27.64078450583533, 13.224474680358169, 22.36282775328826, 56.71763060027396, 18.44307552846131, 35.609339488862986, 71.03160449038329, 63.13803572204707, 20.740319885373783, 44.974067627806285, 28.170952954708063, 24.721805818875453, 4.710332848985578, 36.09359211187637, 68.95122645591242, 35.64549537350533, 23.65481220352897, 21.919580379219887, 58.900594057097706, 71.38903807605959, 0.0, 41.1681570109832, 38.616359675258934, 21.039990313592952, 32.76324076652817, 33.41165426290968, 14.248424670361668, 33.114931029025605, 17.872112992572692, 74.60690475864155, 33.39401405159729, 21.716629995219048, 57.056620531811326, 3.479001253771333, 55.90488470808154, 58.0703660788244], [38.85327895432835, 53.398918645052746, 13.056851931659535, 16.834603320729606, 38.32930409501422, 33.313068154137035, 35.208476442365864, 57.528385809923975, 31.204398366207432, 59.473897372514756, 76.76942100566781, 89.69757543915695, 69.28658090382757, 45.36398181338481, 49.96183982487944, 63.13017287126347, 64.57162427971346, 36.51893749529988, 51.59631974776806, 110.01678586662226, 76.78693355946396, 64.81507354329426, 54.03316115969187, 51.206257751693094, 87.00665892940567, 41.1681570109832, 0.0, 66.46514009294488, 46.187347953598135, 41.06966563996228, 22.66112452786599, 36.85851932160978, 67.226792545528, 56.4094716251605, 93.81164994665941, 64.23787901560469, 61.9401617174044, 35.61398009817244, 38.06340526074827, 36.15738901412594, 75.46779665092667], [99.6714753085437, 23.786953647641, 74.42627691193883, 56.864995643871524, 79.34426334878451, 65.80621645069407, 51.60431293148588, 17.858347099075242, 91.1569690175077, 33.06600979503317, 40.257760615400464, 104.84535189287912, 101.13491148278095, 58.49276300613866, 30.56959482369485, 14.447750058807404, 26.779356987749324, 40.024815228990896, 19.03299210344291, 61.26565660114203, 42.79172883986202, 35.90119680226771, 16.715716052471702, 97.24058735186902, 106.50313833750174, 38.616359675258934, 66.46514009294488, 0.0, 58.59656622123908, 71.3776662097351, 46.195615590768924, 52.831577587993834, 61.512975309485064, 24.73975182789189, 107.89222019016202, 6.368812495144383, 43.68335028401509, 92.77750624923615, 41.286230533199166, 92.00673570693824, 93.45596439913409], [55.73135440859638, 63.38462443988677, 42.0736450358533, 29.789814940734338, 26.573191093640226, 16.37910078822761, 12.764313795011114, 41.148383997682636, 48.70152767319703, 29.971588504087578, 41.927745862583, 50.75627106425876, 42.53880840417603, 0.826121275166559, 65.19535535220402, 46.299411889341314, 38.401713747141656, 22.234278335028545, 57.04489857061231, 73.90910536118668, 40.467789277821204, 32.20133323275446, 42.00428564670113, 42.40322218858278, 50.6211619988496, 21.039990313592952, 46.187347953598135, 58.59656622123908, 0.0, 15.866438871439968, 48.26339601499169, 10.609296597256197, 21.530445869925853, 34.944705079849854, 54.51192644206578, 52.85018508003828, 24.290357887494114, 46.92951816747961, 19.77275763925858, 45.204665449747864, 37.32608443894765], [40.93282610006028, 72.04335178293117, 32.92818118634048, 27.86483625163223, 10.885243355267091, 8.407187163817843, 19.995724117994357, 54.751162407868065, 34.695813730576745, 45.331303167756474, 57.78161756825712, 48.77480109280387, 32.30311329216303, 15.430921069754518, 72.49227483805527, 60.3026661484238, 53.63050355979763, 31.875586953495034, 66.49818302212363, 89.44693579633423, 56.26762176217022, 47.95957056362982, 54.68178393627462, 26.84210755581981, 46.590819085704254, 32.76324076652817, 41.06966563996228, 71.3776662097351, 15.866438871439968, 0.0, 50.59333175330124, 18.568174540036633, 34.4054078848261, 49.175422737780316, 52.86959243617643, 66.0949877795305, 40.154352414568855, 32.044545077852085, 30.20917459979118, 30.15456641010671, 34.502170311982646], [60.861561417928684, 30.777807131369308, 34.188956858056926, 23.371268796515817, 52.48673603793198, 42.23707321622817, 35.50354097956473, 41.44658621501409, 52.76565708406503, 48.73929492378686, 65.82442902014404, 97.9344277973295, 82.41715769152961, 47.56708266524779, 27.402135827687932, 46.1940243919413, 51.236377199930715, 29.19735343669778, 29.56030473153138, 97.3536252849474, 66.65443337466805, 54.472106998924424, 36.979516260809845, 68.5996188760588, 96.64930115463295, 33.41165426290968, 22.66112452786599, 46.195615590768924, 48.26339601499169, 50.59333175330124, 0.0, 37.66728380387109, 65.76923858925578, 42.75178794066489, 101.88413413421073, 45.23840899677143, 54.81842963393837, 56.37652754144179, 31.763969024661783, 56.46402105582325, 83.84504871358256], [52.81153955213104, 54.51787537009882, 34.81295641030389, 20.07968954497661, 27.062640736047182, 13.748690341365757, 2.1693216264009054, 36.48177106260784, 44.96520348569766, 29.162927559152863, 44.31160443207379, 60.85964355257185, 49.74484839474946, 9.900681484100387, 55.730386423669565, 42.182509457628065, 36.910303959031395, 13.499530482199985, 48.57994363551596, 77.53981601325364, 43.49961136680275, 33.040552952234336, 36.15608352173879, 44.70370738759155, 60.27100499285784, 14.248424670361668, 36.85851932160978, 52.831577587993834, 10.609296597256197, 18.568174540036633, 37.66728380387109, 0.0, 30.43500156627445, 31.359569194495062, 64.70166793496375, 47.64009431887648, 27.277696057024084, 44.450817425679375, 11.656230141946091, 43.07226483767088, 47.098749225073966], [75.32369160673548, 73.42228090213328, 63.60026049274346, 50.505421121471564, 45.05755651005169, 37.522482061997515, 32.251330517280465, 44.04961081895459, 68.98767854211559, 28.44703366990143, 30.390956810737556, 43.925778129072356, 48.4161261990264, 22.344008886942902, 76.92191540443127, 47.21667797112361, 35.598855411618985, 36.75211444786314, 66.38964247443057, 57.29695769414972, 27.8664845380298, 26.51504127171461, 47.12350782684431, 57.37644921763166, 46.592777250596285, 33.114931029025605, 67.226792545528, 61.512975309485064, 21.530445869925853, 34.4054078848261, 65.76923858925578, 30.43500156627445, 0.0, 37.11808999422449, 46.66671855200336, 55.15895402679708, 17.87320714949027, 66.43547172803093, 34.10235725217093, 64.5137433205752, 34.630489898539764], [82.8099166016845, 38.09296786980648, 60.47914247333884, 42.24509235309504, 58.400290046159256, 45.08153577200825, 30.756097728567802, 6.955945145461871, 74.53875991952553, 9.127863809986271, 23.56330605816071, 80.13131601069003, 77.217282179833, 34.977199247430455, 42.888945189566606, 11.370262754540907, 8.500466588860494, 21.405329183758703, 30.947497457775953, 54.698521764060125, 24.925294665881896, 13.843156877852367, 10.448360777473718, 75.86422256075394, 81.77004246516701, 17.872112992572692, 56.4094716251605, 24.73975182789189, 34.944705079849854, 49.175422737780316, 42.75178794066489, 31.359569194495062, 37.11808999422449, 0.0, 83.22232215542564, 18.531193007434574, 19.603388715045764, 74.92698685594172, 21.28979210562703, 73.7610614837787, 68.75360081367617], [80.39641276069794, 117.15232079805533, 84.31046369781042, 80.35210980991447, 56.85103618335272, 61.05204579408611, 66.8526506238345, 90.1734535757143, 78.53738169603606, 74.92644440091104, 75.18399530528829, 4.124395731325801, 31.048719699780385, 55.07425112777301, 119.48487468288228, 93.74524502400324, 82.26549399792816, 76.5859016646771, 110.46142169439318, 92.94952335911742, 72.34203923382655, 73.15956049832693, 92.69896666086017, 54.26149123773686, 9.354207380053863, 74.60690475864155, 93.81164994665941, 107.89222019016202, 54.51192644206578, 52.86959243617643, 101.88413413421073, 64.70166793496375, 46.66671855200336, 83.22232215542564, 0.0, 101.57879759636685, 64.48945533200758, 73.3155300821156, 74.01040809788833, 71.1941911271244, 18.36742561779817], [95.94579460681254, 27.059540100500314, 71.30539405666883, 53.37271818795358, 74.43995761548665, 60.89663970840222, 46.55282756194166, 11.775288184918951, 87.45881738502808, 26.7129228915778, 34.412045489740095, 98.55693734179178, 95.35272157164836, 52.7875968227818, 33.50687730081299, 8.101000996861899, 20.478744017493884, 35.27724544945377, 21.10384674642747, 57.558039978143434, 36.85009006176929, 29.558135895563495, 11.648714227082735, 92.26532314689958, 100.28924491114444, 33.39401405159729, 64.23787901560469, 6.368812495144383, 52.85018508003828, 66.0949877795305, 45.23840899677143, 47.64009431887648, 55.15895402679708, 18.531193007434574, 101.57879759636685, 0.0, 37.32064514075618, 88.76072229278037, 36.27658387839172, 87.8813459559397, 87.28475840567717], [79.30684155570056, 57.0960268930197, 61.87235985427103, 45.41787065884469, 50.82967028237712, 39.434125475301, 28.100731130265732, 26.4313555369132, 71.8051542952562, 10.652282276737294, 17.654233163694983, 61.643588917255855, 62.66355953655512, 24.76629558632513, 61.2748751928482, 29.349294525694486, 17.856516623256653, 26.339021494329643, 49.958880234855386, 50.34907457058112, 16.39819957461094, 9.160044762157137, 29.91799292830764, 66.44810645710206, 63.92681380896162, 21.716629995219048, 61.9401617174044, 43.68335028401509, 24.290357887494114, 40.154352414568855, 54.81842963393837, 27.277696057024084, 17.87320714949027, 19.603388715045764, 64.48945533200758, 37.32064514075618, 0.0, 70.65108521800002, 24.23797023582803, 69.04674624924643, 51.39282053481332], [8.888683583956789, 85.56288348308209, 22.63163662727431, 36.39586510218654, 21.472335527166482, 31.24688757741242, 44.51449810464967, 78.91648771873635, 5.846985345430363, 73.61140645960725, 88.20593880509699, 69.36576650962255, 43.30367422096113, 46.30278583829209, 83.43034141165052, 84.85406532851793, 81.21401883739495, 53.96014887568201, 82.07087405440534, 120.77827538804743, 87.0404589637647, 77.35525925274138, 77.19879614864472, 20.210643144791458, 64.67626952835013, 57.056620531811326, 35.61398009817244, 92.77750624923615, 46.92951816747961, 32.044545077852085, 56.37652754144179, 44.450817425679375, 66.43547172803093, 74.92698685594172, 73.3155300821156, 88.76072229278037, 70.65108521800002, 0.0, 53.668020731562606, 2.1665554523392663, 56.835571306396474], [61.52074964105017, 43.62560024818289, 39.931514599502044, 22.152535142527192, 38.16339278623791, 24.621290027904518, 10.318083138451373, 25.510612567759086, 53.26474678679734, 21.789418581434802, 38.81245938054659, 70.34211108014718, 61.18545290923341, 19.354788376471134, 45.49635455447058, 31.37892387338374, 28.198979058963157, 2.6924481696171467, 37.383848069040425, 72.21827481722961, 38.73214688648547, 26.87359952420591, 24.688308966961774, 56.00388663347852, 70.3864338827128, 3.479001253771333, 38.06340526074827, 41.286230533199166, 19.77275763925858, 30.20917459979118, 31.763969024661783, 11.656230141946091, 34.10235725217093, 21.28979210562703, 74.01040809788833, 36.27658387839172, 24.23797023582803, 53.668020731562606, 0.0, 52.544731203334045, 57.082196142209455], [10.853902678706417, 85.33156643657091, 23.107800335123155, 35.92708270503331, 19.49063580691943, 29.712917072871612, 43.22027063515735, 77.88877840887955, 7.647679828141512, 72.23102123438598, 86.6337508725235, 67.23735580884852, 41.26973017081493, 44.5937381878198, 83.36680164361825, 83.81595769816734, 79.91476173054893, 52.931127697665495, 81.68069172141296, 119.09520679669042, 85.42322070794722, 75.87936723038393, 76.28872643431644, 18.329828516493098, 62.581443504009584, 55.90488470808154, 36.15738901412594, 92.00673570693824, 45.204665449747864, 30.15456641010671, 56.46402105582325, 43.07226483767088, 64.5137433205752, 73.7610614837787, 71.1941911271244, 87.8813459559397, 69.04674624924643, 2.1665554523392663, 52.544731203334045, 0.0, 54.67550318428934], [64.54280087634407, 100.63237212364234, 66.19304347530084, 62.044794182174655, 38.94167520024643, 42.70023749620292, 49.214696195242134, 75.59763238634895, 61.71902277766846, 61.19336237922865, 64.93145212742095, 14.27789294120441, 18.910204154955874, 37.79825490758385, 102.51601069691931, 79.78538788394849, 69.1589063968492, 59.56035127903687, 94.16006024730959, 88.23574045739369, 62.309449335438266, 60.49063652574732, 77.54817284543888, 39.21145666273956, 13.31886071761592, 58.0703660788244, 75.46779665092667, 93.45596439913409, 37.32608443894765, 34.502170311982646, 83.84504871358256, 47.098749225073966, 34.630489898539764, 68.75360081367617, 18.36742561779817, 87.28475840567717, 51.39282053481332, 56.835571306396474, 57.082196142209455, 54.67550318428934, 0.0]]",Route_2,2138.5730194152143
