instance_id,num_cities,city_coordinates,distance_matrix,best_route,total_distance
533,24,"[[76.76186099477322, 47.700903116378434], [53.84232278065595, 27.01291838560419], [1.5415099039843394, 88.98789198574912], [76.60630039188861, 60.287673018227316], [6.9466834155311075, 39.494432429089855], [4.085420962076746, 54.47585684960535], [13.843345238771398, 70.59424799623955], [30.631548252219186, 40.30844809806873], [13.974447052284289, 18.974014970379617], [0.8539206107145536, 16.799218455722354], [79.41491023217831, 38.2715673084999], [13.276096187107422, 54.37870330560588], [28.366529721730828, 79.91842560868528], [23.31771089212443, 74.63065871863684], [36.685373551873845, 36.16257263119606], [66.49558338794597, 81.28512692994548], [50.36395279517565, 47.64947513482704], [88.60186192555678, 81.46251027094945], [94.28173353064233, 90.71697309322902], [39.6488629803003, 32.19780877558136], [39.903753114936706, 48.46599205103129], [9.272229138124832, 78.95661258238992], [93.62057013145298, 97.37575809503849], [49.577572576297435, 78.1217976043997]]","[[0.0, 30.87552338291822, 85.80627406035693, 12.587731156298927, 70.29584042859462, 72.99154015304438, 66.9540503982135, 46.71888424313636, 69.0470379678823, 81.95687602767953, 9.795460378861025, 63.83600354487664, 58.13842829462981, 59.84554216474124, 41.704411231261375, 35.118322070682794, 26.39795829513462, 35.77753121304678, 46.44704737576337, 40.22089700344741, 36.866047761586735, 74.37586827976968, 52.4576714209283, 40.797259200468346], [30.87552338291822, 0.0, 81.09421915463074, 40.316348700570295, 48.52823079694516, 56.83275699507498, 59.15446301866856, 26.749040441573904, 40.670277638740004, 53.96378814335701, 27.941267053138084, 48.93367883499989, 58.71974733011597, 56.561480933313646, 19.444204268955936, 55.7277096629358, 20.92764994498392, 64.5986348001763, 75.45563284472651, 15.11083682197612, 25.58355123942629, 68.44443450064574, 80.82844904040121, 51.28650533334284], [85.80627406035693, 81.09421915463074, 0.0, 80.36432877699323, 49.78773382648173, 34.60566503782157, 22.128291660610337, 56.70906971830518, 71.10921811450933, 72.19194806251599, 92.93229830066251, 36.54444494494088, 28.31672489161102, 26.083195290495926, 63.44765966536485, 65.40920616904624, 63.972616310451414, 87.38498877995896, 92.75634102204968, 68.39067121691953, 55.80041288821746, 12.6645405106292, 92.4603138121495, 49.24972410240269], [12.587731156298927, 40.316348700570295, 80.36432877699323, 0.0, 72.69677497310721, 72.75338590368949, 63.6035692970889, 50.12830799772045, 75.03044311509959, 87.34797492069457, 22.194530854624173, 63.605272483371714, 52.08110906631297, 55.18509771375357, 46.64440875871562, 23.304928000501164, 29.127046762874702, 24.336541027584186, 35.19038561449777, 46.42082133269237, 38.55942319987495, 69.87421882251918, 40.80455157743361, 32.38221930449534], [70.29584042859462, 48.52823079694516, 49.78773382648173, 72.69677497310721, 0.0, 15.25220969221069, 31.85533664262342, 23.69884899824307, 21.690481654721506, 23.498819031872465, 72.4785437012374, 16.174145589752076, 45.74832281477863, 38.76293253237719, 29.924755316263315, 72.74980161339627, 44.17650961672976, 91.808974154189, 101.2480106011885, 33.50631679291754, 34.156365808170065, 39.530644130337464, 104.2238480353324, 57.527958863706296], [72.99154015304438, 56.83275699507498, 34.60566503782157, 72.75338590368949, 15.25220969221069, 0.0, 18.841964317597103, 30.090070535602962, 36.8534070857818, 37.81496628564241, 77.05265052693727, 9.191188710014842, 35.16954005469307, 27.858517805750697, 37.39162055489515, 67.92470343154984, 46.77929024625115, 88.72039368723038, 97.20490372172705, 41.965102575498044, 36.319022469082796, 25.024195897238815, 99.28214574459182, 51.27052147843326], [66.9540503982135, 59.15446301866856, 22.128291660610337, 63.6035692970889, 31.85533664262342, 18.841964317597103, 0.0, 34.62763976786146, 51.62039950765188, 55.34103681205374, 73.10530639102859, 16.225463355496238, 17.258713036449382, 10.298359872004836, 41.31946909025231, 53.72665143569392, 43.130237397337645, 75.54439054013376, 82.91717781209637, 46.26241769227005, 34.18778392713899, 9.530175437907333, 84.15256915121228, 36.518474865652664], [46.71888424313636, 26.749040441573904, 56.70906971830518, 50.12830799772045, 23.69884899824307, 30.090070535602962, 34.62763976786146, 0.0, 27.066899661112117, 37.93930661375717, 48.82586701143806, 22.342421488943817, 39.67468496831455, 35.09282489074591, 7.3373758351031375, 54.45472637253282, 21.053704353422116, 71.09299614388524, 81.19338321664699, 12.128249466627366, 12.349870702186257, 44.15768484674964, 84.99585135518579, 42.29422228362292], [69.0470379678823, 40.670277638740004, 71.10921811450933, 75.03044311509959, 21.690481654721506, 36.8534070857818, 51.62039950765188, 27.066899661112117, 0.0, 13.299547134549204, 68.22645929140363, 35.41157508563267, 62.620709287061004, 56.43543720483863, 28.48214698594491, 81.49321711422806, 46.33009976089771, 97.33479899602644, 107.68617507244832, 28.87982610486521, 39.26965272339936, 60.1666258784435, 111.76018184723522, 69.03653190594038], [81.95687602767953, 53.96378814335701, 72.19194806251599, 87.34797492069457, 23.498819031872465, 37.81496628564241, 55.34103681205374, 37.93930661375717, 13.299547134549204, 0.0, 81.44256169570745, 39.57939018773985, 68.85475997862618, 62.04109409649552, 40.728767533517974, 92.0177172282906, 58.33508056112563, 109.00019501530358, 119.13265999570253, 41.739239778634385, 50.27597804662143, 62.724871965437735, 122.87485504996457, 78.32274876630062], [9.795460378861025, 27.941267053138084, 92.93229830066251, 22.194530854624173, 72.4785437012374, 77.05265052693727, 73.10530639102859, 48.82586701143806, 68.22645929140363, 81.44256169570745, 0.0, 68.07189253515531, 65.8816966919884, 66.84967690249846, 42.781551671981006, 44.911861656089876, 30.52709097188313, 44.157192340569395, 54.5118613047899, 40.22721785998624, 40.805120175959395, 81.08803006609897, 60.78738472500206, 49.78260311622221], [63.83600354487664, 48.93367883499989, 36.54444494494088, 63.605272483371714, 16.174145589752076, 9.191188710014842, 16.225463355496238, 22.342421488943817, 35.41157508563267, 39.57939018773985, 68.07189253515531, 0.0, 29.664770344320857, 22.60477214960168, 29.661788271912062, 59.63446528789068, 37.69338960023407, 80.04688366088803, 88.78278624029761, 34.460338223531835, 27.27622165634654, 24.901899039305327, 91.12618292213874, 43.37662636623941], [58.13842829462981, 58.71974733011597, 28.31672489161102, 52.08110906631297, 45.74832281477863, 35.16954005469307, 17.258713036449382, 39.67468496831455, 62.620709287061004, 68.85475997862618, 65.8816966919884, 29.664770344320857, 0.0, 7.311022517930081, 44.53962092853913, 38.153539887966474, 39.05344781906507, 60.25511964264539, 66.79388236168255, 49.03619392539907, 33.501688021999364, 19.118509331918318, 67.54885822375337, 21.286996292667602], [59.84554216474124, 56.561480933313646, 26.083195290495926, 55.18509771375357, 38.76293253237719, 27.858517805750697, 10.298359872004836, 35.09282489074591, 56.43543720483863, 62.04109409649552, 66.84967690249846, 22.60477214960168, 7.311022517930081, 0.0, 40.724538698622645, 43.68764837389098, 38.20318662967281, 65.64064725297003, 72.76442825445886, 45.46705711630119, 30.9788085381575, 14.696579007825457, 73.89067304381, 26.490911392241358], [41.704411231261375, 19.444204268955936, 63.44765966536485, 46.64440875871562, 29.924755316263315, 37.39162055489515, 41.31946909025231, 7.3373758351031375, 28.48214698594491, 40.728767533517974, 42.781551671981006, 29.661788271912062, 44.53962092853913, 40.724538698622645, 0.0, 54.08043562060351, 17.862039615990405, 68.90142317267693, 79.33172941878769, 4.949911314678694, 12.717393460623894, 50.82135714434862, 83.5982696243534, 43.89516324194802], [35.118322070682794, 55.7277096629358, 65.40920616904624, 23.304928000501164, 72.74980161339627, 67.92470343154984, 53.72665143569392, 54.45472637253282, 81.49321711422806, 92.0177172282906, 44.911861656089876, 59.63446528789068, 38.153539887966474, 43.68764837389098, 54.08043562060351, 0.0, 37.303975354699894, 22.106990198398737, 29.343310341546523, 55.94918408908269, 42.24004085543589, 57.27071023365517, 31.538441894400766, 17.211209784466476], [26.39795829513462, 20.92764994498392, 63.972616310451414, 29.127046762874702, 44.17650961672976, 46.77929024625115, 43.130237397337645, 21.053704353422116, 46.33009976089771, 58.33508056112563, 30.52709097188313, 37.69338960023407, 39.05344781906507, 38.20318662967281, 17.862039615990405, 37.303975354699894, 0.0, 51.04369735608827, 61.510818927449556, 18.80338115920353, 10.492019692362314, 51.65913867137183, 65.90780045196581, 30.482467592671462], [35.77753121304678, 64.5986348001763, 87.38498877995896, 24.336541027584186, 91.808974154189, 88.72039368723038, 75.54439054013376, 71.09299614388524, 97.33479899602644, 109.00019501530358, 44.157192340569395, 80.04688366088803, 60.25511964264539, 65.64064725297003, 68.90142317267693, 22.106990198398737, 51.04369735608827, 0.0, 10.858454014232954, 69.45075175375717, 58.824110842140094, 79.36920159239556, 16.685888899510402, 39.16702082537248], [46.44704737576337, 75.45563284472651, 92.75634102204968, 35.19038561449777, 101.2480106011885, 97.20490372172705, 82.91717781209637, 81.19338321664699, 107.68617507244832, 119.13265999570253, 54.5118613047899, 88.78278624029761, 66.79388236168255, 72.76442825445886, 79.33172941878769, 29.343310341546523, 61.510818927449556, 10.858454014232954, 0.0, 80.05774876304152, 68.8629810066266, 85.81912325587086, 6.691528580283466, 46.444595511494995], [40.22089700344741, 15.11083682197612, 68.39067121691953, 46.42082133269237, 33.50631679291754, 41.965102575498044, 46.26241769227005, 12.128249466627366, 28.87982610486521, 41.739239778634385, 40.22721785998624, 34.460338223531835, 49.03619392539907, 45.46705711630119, 4.949911314678694, 55.94918408908269, 18.80338115920353, 69.45075175375717, 80.05774876304152, 0.0, 16.270179964105004, 55.75953386664217, 84.62334341243856, 46.98501914643728], [36.866047761586735, 25.58355123942629, 55.80041288821746, 38.55942319987495, 34.156365808170065, 36.319022469082796, 34.18778392713899, 12.349870702186257, 39.26965272339936, 50.27597804662143, 40.805120175959395, 27.27622165634654, 33.501688021999364, 30.9788085381575, 12.717393460623894, 42.24004085543589, 10.492019692362314, 58.824110842140094, 68.8629810066266, 16.270179964105004, 0.0, 43.21999770394845, 72.64751643976146, 31.193742737770314], [74.37586827976968, 68.44443450064574, 12.6645405106292, 69.87421882251918, 39.530644130337464, 25.024195897238815, 9.530175437907333, 44.15768484674964, 60.1666258784435, 62.724871965437735, 81.08803006609897, 24.901899039305327, 19.118509331918318, 14.696579007825457, 50.82135714434862, 57.27071023365517, 51.65913867137183, 79.36920159239556, 85.81912325587086, 55.75953386664217, 43.21999770394845, 0.0, 86.3360153686912, 40.3139879659222], [52.4576714209283, 80.82844904040121, 92.4603138121495, 40.80455157743361, 104.2238480353324, 99.28214574459182, 84.15256915121228, 84.99585135518579, 111.76018184723522, 122.87485504996457, 60.78738472500206, 91.12618292213874, 67.54885822375337, 73.89067304381, 83.5982696243534, 31.538441894400766, 65.90780045196581, 16.685888899510402, 6.691528580283466, 84.62334341243856, 72.64751643976146, 86.3360153686912, 0.0, 48.067667180949364], [40.797259200468346, 51.28650533334284, 49.24972410240269, 32.38221930449534, 57.527958863706296, 51.27052147843326, 36.518474865652664, 42.29422228362292, 69.03653190594038, 78.32274876630062, 49.78260311622221, 43.37662636623941, 21.286996292667602, 26.490911392241358, 43.89516324194802, 17.211209784466476, 30.482467592671462, 39.16702082537248, 46.444595511494995, 46.98501914643728, 31.193742737770314, 40.3139879659222, 48.067667180949364, 0.0]]",Route_3,1044.5382194837987
