instance_id,num_cities,city_coordinates,distance_matrix,best_route,total_distance
1423,100,"[[0.9974482789587902, 25.155444314713304], [81.23442530217997, 35.643032492282664], [37.801002073969684, 78.57627295293678], [9.804417732345538, 13.560895978310795], [4.133493869575966, 3.020114466231527], [22.589832066875935, 74.5824349380895], [15.935257480783138, 63.5140852678128], [95.47663420632013, 50.76596982140965], [88.92971039913505, 17.45854015270022], [78.53844772314339, 26.26352441558649], [77.11777346449769, 63.933338563361154], [1.7608477302967773, 35.61234716400503], [53.0898845448641, 73.92661495248326], [24.578086133147693, 89.83094619474527], [52.36798614242446, 40.14544096544477], [44.97916574071626, 17.402058313288947], [75.43382815512646, 84.92565951597794], [17.1323715641427, 3.0914232453015167], [57.834127429970295, 57.004678654136555], [56.53446904660315, 10.68239978783695], [68.21953310078035, 4.2085799531395685], [40.95193126801221, 49.103071083732075], [13.602469783853167, 28.852687511981255], [94.21937360806558, 26.45479448252891], [37.75871488862261, 75.04403456179118], [53.604317495414556, 20.417709263205243], [34.473186445795726, 96.9511803166519], [84.81393237792356, 14.230172959198772], [30.286598075751968, 32.046564203396365], [51.262291294679585, 33.13506900103903], [80.67106895610246, 79.68372759554462], [78.28729654199195, 27.692495789499183], [92.07707333307407, 46.67335778932742], [94.74037018605063, 71.62625961960367], [20.777284520972984, 88.33366820504679], [0.9369232453312559, 18.623820418877745], [38.41965113163045, 52.04310281446162], [69.13336891859204, 92.67321816687421], [34.28273869221393, 38.78324612848986], [67.04437504609986, 88.44988531958569], [43.357803815487074, 59.863777011424915], [34.72114139115313, 28.977883865844124], [65.22259938800367, 35.8191821586247], [11.707180040309295, 93.81380395148797], [1.2890801096446802, 33.25998024177272], [8.450567519009722, 5.306708341361855], [33.42184622293382, 38.67078027166768], [26.898663868664173, 69.36887880948824], [59.72433658344202, 67.79615373510748], [13.92375532406913, 28.38461779765984], [91.00526752872699, 5.212114655936551], [71.82690367099218, 63.34076440311425], [32.715776820255826, 94.03027688812307], [92.34070850052396, 20.025073086137958], [93.42015256224259, 14.225504844367432], [67.35452228867173, 39.706571909088005], [67.95384796179134, 96.50687781600045], [39.68262554728298, 87.44317846161113], [20.065818897156284, 84.13641384954752], [39.62848166433703, 1.2419724157329504], [10.41136645506089, 51.91917643509038], [71.56732435814513, 65.43062255619813], [37.492069059708875, 73.22038033122072], [33.36957651847933, 9.15376190079682], [9.477160782915972, 13.282227545035996], [62.760837311564075, 12.309853190677112], [59.03825600737653, 40.52004085828512], [99.47080687035577, 78.96476847451082], [27.161099758508357, 55.56819145748327], [37.44060424707748, 64.03688560501995], [36.72592949946405, 85.61607823163473], [29.941594740081044, 4.471104539534377], [25.455136161720326, 34.18799305930156], [51.909681916489845, 13.763043765445005], [83.44241254742106, 47.2775112741028], [81.10759544837836, 44.39686431987534], [37.28719698400689, 56.93083137199905], [74.20364840766507, 59.12527868745116], [60.543007038981344, 35.96922560047125], [70.80720419875414, 3.505264255009255], [56.90251506974161, 80.63350520624871], [40.17004190023407, 10.065363710862552], [40.73939283412249, 43.6767534301042], [34.46693562106514, 10.478098443491813], [78.90780951567123, 41.558362980826146], [51.11193315655762, 33.59366613400806], [44.29411583637586, 95.86971224846587], [92.2273520824519, 18.67569710344118], [90.26739848644421, 73.70141753719636], [64.74975136941553, 22.90836666860653], [81.40483379487733, 34.05789767757902], [80.53668759897033, 37.574602092846675], [45.28026016667251, 58.02057571713053], [42.130710326878365, 3.0200807755867864], [88.78759535161913, 6.081560713425649], [69.87137284364692, 11.327689662714413], [53.98745466057186, 91.36572953960149], [69.39317831966987, 72.99947416895513], [69.46595746070268, 35.32208250631588], [50.15285662622966, 77.05396491722925]]","[[0.0, 80.919478419026, 64.87130725009861, 14.560091417228858, 22.356377377551976, 53.93754202527239, 41.164590117222225, 97.88879195406416, 88.2684827968092, 77.54891640966358, 85.42850220337182, 10.484731561743894, 71.35999580644523, 68.84015561461511, 53.51291582385229, 44.659897731331014, 95.46336089974324, 27.334168638724268, 65.15199018389632, 57.391895713791385, 70.41008318681594, 46.581643796572735, 13.136063885296608, 93.23098022076228, 61.96984879429364, 52.81977680921767, 79.21649294102008, 84.52552609066471, 30.088898769133994, 50.894290971873005, 96.5464629562366, 77.3314766101644, 93.58695796049363, 104.62921237771195, 66.20218950833879, 6.53190431622706, 46.08001134923465, 95.92264314207539, 35.96703407525155, 91.47886530507124, 54.76374786084954, 33.93963054082223, 65.10441874238121, 69.48862282714177, 8.109781237349505, 21.20191751107039, 35.12841994822136, 51.24159207956122, 72.57463406591687, 13.32354964742633, 92.19080173193846, 80.46695235552099, 75.82740222023226, 91.48722258789785, 93.06674939988369, 67.93376616527523, 97.84777218299772, 73.32328937954357, 61.986752821082504, 45.433587561247364, 28.371098188784465, 81.25390693508275, 60.349775643341935, 36.11105823472648, 14.590366705793045, 63.085065079770374, 60.04003821379443, 112.21606711520425, 40.11822338431002, 53.290431540082196, 70.22828934240094, 35.57534998138381, 26.07231162352014, 52.17127872917739, 85.3613377342678, 82.38851815223474, 48.23506073092334, 80.70376313775857, 60.51951283461812, 73.08989203849605, 78.76034365825734, 41.978597209152774, 43.84587835103281, 36.54628660708061, 79.61834040472169, 50.81992898478611, 82.91627772026455, 91.45973142272284, 101.61611843681577, 63.791892175143175, 80.89871025784988, 80.5029569116827, 55.1460269718571, 46.71102188683215, 89.83831564914162, 70.24830448956209, 84.80414285802576, 83.46871917368453, 69.21919734935895, 71.48223982582469], [80.919478419026, 0.0, 61.07147771073813, 74.7654113507596, 83.71862641198526, 70.39506643629777, 70.99842886278071, 20.773631072344372, 19.745712809917787, 9.759275939713799, 28.58825353091709, 79.47358349579757, 47.515764335925326, 78.39815533200992, 29.21545809709422, 40.58542823314571, 49.62281988782042, 71.89353627414891, 31.684284231340744, 35.11582298670577, 34.022231341428686, 42.471778447529935, 67.97198093467955, 15.906998467039756, 58.67347237078196, 31.547318821785215, 77.1057873900431, 21.709984437785305, 51.07460898770468, 30.076879788917136, 44.044298104875594, 8.47918638735077, 15.467097092876772, 38.43440101917191, 80.19581637001954, 82.08131587742216, 45.84830633564962, 58.299894028009696, 47.05658101904012, 54.6801721997519, 44.958680144192016, 46.988400551628736, 16.012794815735322, 90.65250402423207, 79.98085493405459, 78.85291698339697, 47.90834974015216, 63.951604204833764, 38.68471432418456, 67.70089273252805, 31.961071918484247, 29.251766036353505, 75.91527882219835, 19.16429446898064, 24.64147802802922, 14.462505324331806, 62.2959180210348, 66.40637910106824, 78.05899336395409, 53.98599337222337, 72.66924057749254, 31.316982014204925, 57.666721774796535, 54.705805958376, 75.16056551926971, 29.76089228447127, 22.72564942890814, 47.003600087801615, 57.6275671457715, 52.19300391042883, 66.92018753027934, 60.022025618630366, 55.79826374329697, 36.587900750427316, 11.842141031070787, 8.754750566269143, 48.831641975187445, 24.512195130402944, 20.693989264674403, 33.78702542711371, 51.148650916574155, 48.37872181521586, 41.28423823562476, 53.10811610999938, 6.3564357785415995, 30.19212538947048, 70.65295052496552, 20.21719341040819, 39.115665362799945, 20.83065501395163, 1.5942683071456134, 2.053728079445591, 42.34921996178058, 50.92501844456709, 30.511161753166736, 26.83942730564142, 62.02754529539218, 39.18824906580334, 11.77284350653559, 51.77769052073787], [64.87130725009861, 61.07147771073813, 0.0, 70.78706080881166, 82.71779853188212, 15.726742672071277, 26.551464827319172, 64.0303951427261, 79.68388844453403, 66.30356806048545, 41.95502401515768, 56.07844188556418, 15.980276803923136, 17.364134754082173, 41.09897653350329, 61.593916667186406, 38.164699770619464, 78.26336833114222, 29.43908612917977, 70.43096476815727, 80.34824697490998, 29.64115354045387, 55.299221640994325, 76.80938200832287, 3.532491508542861, 60.267431575953495, 18.673820644962593, 79.69087902745555, 47.13257964259422, 47.3931358329618, 42.884368833690104, 65.02537057310619, 62.95782641784763, 57.36195887813253, 19.62176652164904, 70.37937817807621, 26.540381388627676, 34.35754759075135, 39.94825604547157, 30.86524070785705, 19.52013191440131, 49.69392057244217, 50.79481088109378, 30.217046501207705, 58.1952474916368, 78.9295705482726, 40.145053893381224, 14.270146644504907, 24.430382034770414, 55.58169806313832, 90.6255680545374, 37.28113061941622, 16.26916572875704, 80.0176391987201, 85.05593017068247, 48.82892806850239, 35.08134412889629, 9.064354372766056, 18.5863360860953, 77.35589002287915, 38.22032095755314, 36.23496439838293, 5.3647949991265005, 69.56380217640744, 71.17269385944168, 70.81124037323352, 43.580933398379614, 61.67102846876033, 25.34914861260609, 14.54385337681842, 7.121421164517498, 74.52077743299995, 46.073200421057585, 66.33106002928847, 55.3421252992196, 55.16967467914028, 21.651538903834517, 41.273403518634865, 48.29657621326645, 82.00649806952151, 19.211975517153636, 68.55185653849323, 35.02300105907436, 68.17974311062783, 55.31812792161732, 46.910721615764324, 18.472237790795635, 80.93396420753766, 52.6923805481902, 61.84780415398568, 62.31516571351485, 59.22394642888054, 21.8740940490662, 75.68014633902308, 88.62909227082253, 74.50423233512673, 20.62938310082252, 32.080621637000775, 53.60591749831675, 12.445309664117046], [14.560091417228858, 74.7654113507596, 70.78706080881166, 0.0, 11.969438263457539, 62.346571972526334, 50.32800727441769, 93.40206740342529, 79.22123181139791, 69.89795167235863, 84.07419837207759, 23.47265468098814, 74.28089703582215, 77.6877199950822, 50.18361672869363, 35.38385826243423, 96.95436548824901, 12.779231849691728, 64.76276142060719, 46.8186227494116, 59.15903581484593, 47.259007719999445, 15.756398309740614, 85.39401263634845, 67.53975910215327, 44.333363369800836, 86.96256477282093, 75.01250041854577, 27.590571602410904, 45.84652145838523, 96.92425453286018, 69.92572347341354, 88.6861036847494, 102.88684305592055, 75.57361491970796, 10.211055888992032, 47.955310711910144, 98.88722855317103, 35.14761932354125, 94.25907615629383, 57.18204709181961, 29.30062513691016, 59.72106966309526, 80.27546164645739, 21.460775746639683, 8.36447989692785, 34.471571152673356, 58.36732132498493, 73.7120172159617, 15.385436970461127, 81.6289174081301, 79.52876248503031, 83.6675064721283, 82.78903840153387, 83.61837606703745, 63.210844831573795, 101.29852979696955, 79.69503728071639, 71.31760004836418, 32.268106036148936, 38.363082075779104, 80.65435617579519, 65.77127115451509, 23.973726022312082, 0.4298292761711058, 52.97119483933442, 56.13168734281335, 110.98525973546339, 45.45181277387986, 57.546366817312645, 76.92019946273429, 22.09366891761811, 25.89251091231187, 42.1057494381044, 80.98990324348786, 77.68526305526763, 51.344468557462356, 78.88836342096357, 55.46654560438076, 61.82601140313769, 81.95709658990182, 30.56615574353811, 43.17334310201493, 24.85444485906093, 74.55961986569366, 45.9088522033879, 89.24281770036902, 82.58148277568996, 100.45483365776498, 55.734772779611056, 74.47648393276542, 74.69747038448045, 56.87880553337607, 34.001440823078745, 79.3365162005635, 60.10845453670486, 89.47476112122992, 84.16510539207326, 63.50628757741211, 75.22875995558981], [22.356377377551976, 83.71862641198526, 82.71779853188212, 11.969438263457539, 0.0, 73.90400619026019, 61.63442323634887, 103.06908358075049, 86.01666393223785, 77.95096704996847, 95.0637993028726, 32.67848041032588, 86.16530623840582, 89.18577161307752, 60.86752921297748, 43.303685979657374, 108.5921543166323, 12.999073284672145, 76.14519824221215, 52.95821764233677, 64.09705823637337, 58.98505084403171, 27.51333013339456, 93.08410151966801, 79.48648032534399, 52.44081134897244, 98.7093819118301, 81.45550054670959, 39.07070058193553, 55.92883007331707, 108.329635733564, 78.1505780589007, 98.18186605212809, 113.6503813835858, 86.92190873878259, 15.927765166916268, 59.823022043265546, 110.73690784713962, 46.77583296604548, 106.09441417182767, 69.06336555862828, 40.11745222602888, 69.3372746402091, 91.10902684453349, 30.373346403721047, 4.885246815097351, 46.13867744035732, 70.14564487524794, 85.35969222648798, 27.188366052364614, 86.89942418404412, 90.66961199514655, 95.39285383471763, 89.83140503529295, 89.98704458991395, 73.09442245530526, 113.19369469220204, 91.602371680033, 82.66615393513969, 35.53949841657854, 49.30040512646809, 91.88249569101215, 77.72304591452215, 29.872565331840146, 11.57003634060388, 59.3587790022107, 66.48892678347197, 121.88844786379843, 57.37221477731634, 69.51553755745799, 88.7939192209928, 25.848857667892958, 37.76306510370301, 48.96911959819143, 90.82192331182168, 87.3902039264974, 63.28928367025207, 89.76422455121924, 65.32746053954493, 66.67547539670572, 93.85311939720552, 36.7187735482124, 54.70789824916763, 31.23682463849451, 84.12131049213714, 56.05101086887571, 101.16285565899622, 89.47415896526095, 111.4221527720468, 63.79555822274879, 83.27186776172417, 83.85380508473818, 68.68847876113958, 37.997216457317336, 84.70944074220134, 66.26073149049003, 101.44143684531588, 95.68666155180148, 72.88173940122813, 87.17105460603985], [53.93754202527239, 70.39506643629777, 15.726742672071277, 62.346571972526334, 73.90400619026019, 0.0, 12.9147871583463, 76.67926666817124, 87.54495309605898, 73.92539961295027, 55.55807454061672, 44.187264337287374, 30.507102468336, 15.377589205607087, 45.52631122789411, 61.40747294354816, 53.84672893726853, 71.69901413546243, 39.38448770288985, 72.35642937492823, 83.87221877288249, 31.40644312072135, 46.6045328317102, 86.29635564275426, 15.175904594866264, 62.41566961775305, 25.329328477201063, 86.68468253092918, 43.226618028176965, 50.39835375575114, 58.30483054910162, 72.80710090585474, 74.88252991240603, 72.21107341260137, 13.870174655296578, 60.00179163444926, 27.542778803201205, 49.93573130032175, 37.66040340695036, 46.567290790585254, 25.454813723798427, 47.19050481211588, 57.62067871434788, 22.09700588905288, 46.48943209023578, 70.70392561561985, 37.50972502641648, 6.763667570348022, 37.74950381471012, 47.003608315243135, 97.43158186893605, 50.50410257163077, 21.92608751378109, 88.55332007049094, 93.05854776330229, 56.74683526568697, 50.384274666019735, 21.39070622821156, 9.881758726132853, 75.29368514754906, 25.72816181991873, 49.82519865504475, 14.964352981089794, 66.31073929510079, 62.686980902198194, 74.10522316177801, 49.88721577913875, 77.00577338068715, 19.556020644505853, 18.214116642990184, 17.932387876488168, 70.49572373313498, 40.495936861056926, 67.51778978769265, 66.69779162339157, 65.84449335153776, 22.96936315969011, 53.87865733866575, 54.142621157586916, 85.88876042658752, 34.8421535821962, 66.86939701779863, 35.84086641694088, 65.1953337766557, 65.28632255351441, 49.93585303811742, 30.40105440993523, 89.30256171707418, 67.6833006592893, 66.69083990411156, 71.4243834306136, 68.7562197765326, 28.09182635940394, 74.18231902853742, 95.26024161971306, 78.9728237945057, 35.60182133286591, 46.83010767930754, 61.145289311645605, 27.673611677866027], [41.164590117222225, 70.99842886278071, 26.551464827319172, 50.32800727441769, 61.63442323634887, 12.9147871583463, 0.0, 80.55647124116486, 86.30934707608246, 72.84753744860951, 61.183952433814824, 31.29570067897764, 38.586099656548356, 27.699741084740094, 43.283221394246745, 54.49649196843909, 63.23397365399803, 60.43451967224697, 42.40150560394136, 66.62944522072284, 79.06192786503861, 28.870595719354498, 34.7398099135115, 86.61289668021773, 24.682038488615486, 57.23858582386901, 38.232108699585915, 84.69460353546216, 34.585630814144366, 46.59274565235546, 66.72467774650443, 71.90940861836745, 77.98196088384027, 79.22154480445181, 25.287485502441047, 47.329545825476316, 25.241461849333408, 60.66542748530385, 30.793578410747813, 56.86770632377714, 27.664431999331523, 39.31486540192198, 56.53538476482294, 30.593293238102003, 33.61281574806716, 58.68661953530639, 30.380431020125442, 12.428792662261088, 43.99794948651035, 35.18700933104432, 95.05065063336744, 55.891914924912435, 34.82561959692765, 87.91522692951362, 91.83285428398283, 56.66337870008839, 61.59917301196976, 33.712593954830915, 21.031927485312973, 66.62720849078333, 12.84349185008498, 55.66506965975205, 23.641241281016608, 57.087653979426406, 50.64530129479234, 69.38665800496527, 48.85278457049141, 84.95240799042408, 13.753427328829568, 21.511700530900633, 30.343864881738376, 60.681554501356125, 30.832576511246447, 61.39483157441427, 69.43228586359749, 67.91834636484249, 22.34378106780663, 58.43344080582422, 52.426811983378045, 81.31413859819547, 44.40034609536949, 58.6863750109824, 31.761058941196318, 56.18041467561943, 66.69029952646765, 46.18040702225537, 43.024544675612034, 88.49273841332314, 75.02698797934184, 63.49550532566266, 71.79089364326124, 69.61466483938118, 29.854779011379268, 65.92212321609082, 92.76830282988219, 75.0501460803907, 47.15595189211836, 54.29292682313779, 60.50061867488967, 36.799081947776145], [97.88879195406416, 20.773631072344372, 64.0303951427261, 93.40206740342529, 103.06908358075049, 76.67926666817124, 80.55647124116486, 0.0, 33.9447651703928, 29.787111175879666, 22.59263967145386, 94.9330338420858, 48.301677297485924, 80.9486040517884, 44.39764826065901, 60.523920168445514, 39.605535906422986, 91.70979162654324, 38.155993032642826, 55.88546156168885, 53.94942179508243, 54.55005465370767, 84.7559481184056, 24.343663458274442, 62.61615317074658, 51.71371022898132, 76.51466726818371, 38.059921999894186, 67.82445692666097, 47.59996620635233, 32.48755880428686, 28.772530879982348, 5.320384138015764, 20.87327897509591, 83.61414237590257, 99.85426739404782, 57.0712746157589, 49.499344338163326, 62.356062378025506, 47.20668224126328, 52.90692371490821, 64.54417554528774, 33.744823072943866, 94.18299992335201, 95.80060030018872, 98.18391282371852, 63.22254599355528, 71.05635959188422, 39.601186212653126, 84.56829767941477, 45.7727740081633, 26.784981111915883, 76.22811479891635, 30.900433040993306, 36.598288177056546, 30.21859462138844, 53.38290388159531, 66.76967152743514, 82.4644020182521, 74.64343548759051, 85.07308424576637, 28.048300077687013, 62.18046595663881, 74.75869489677504, 93.81332722030702, 50.48956597927371, 37.85147904754373, 28.48026791917994, 68.4841118766399, 59.53400691340863, 68.30940901337561, 80.23749715256885, 71.95720604591934, 57.16026476957166, 12.529638221903843, 15.71734009675006, 58.51509311440484, 22.85646450148535, 37.93813314603796, 53.311866104387924, 48.78557509272148, 68.66846794765063, 55.19440716305393, 73.11153056548137, 18.9553679827171, 47.57220525860814, 68.22021524164164, 32.25435532504224, 23.519585428081363, 41.47514173926267, 21.844341179878384, 19.930232993636462, 50.717898945347066, 71.59230067072312, 45.182293635110895, 47.02134995219235, 58.04905260686215, 34.273537701310524, 30.250106779420108, 52.39564390564684], [88.2684827968092, 19.745712809917787, 79.68388844453403, 79.22123181139791, 86.01666393223785, 87.54495309605898, 86.30934707608246, 33.9447651703928, 0.0, 13.620061962822788, 47.95235908127381, 89.03915615044028, 66.88151156230218, 96.84470404717777, 43.028538774992676, 43.95058095144872, 68.8037138003677, 73.22070685275827, 50.307378689084906, 33.0963402891184, 24.586030363180377, 57.473851691006736, 76.18411758862594, 10.436145305182118, 77.03609509753419, 35.449119391414975, 96.35659210098768, 5.230868327148364, 60.43033235616542, 40.799362969579505, 62.77084602569648, 14.764647665375586, 29.383863989940412, 54.478487491893794, 98.32617621729678, 88.00050266443573, 61.21566843310728, 77.77623624726343, 58.66033243760995, 74.288215701541, 62.249520341230586, 55.418988022830995, 29.985668032642277, 108.59763121174528, 89.05372303518637, 81.3913966896421, 59.4229090188989, 80.88593198528322, 58.19647069098022, 75.7975756170769, 12.421065769328461, 48.966156681380355, 94.9907216263228, 4.268723385990159, 5.53322583355681, 30.99134813194026, 81.78402345398212, 85.57525907430603, 95.85496540883537, 51.89979021083342, 85.74768678341773, 51.0173807556244, 75.86312521019885, 56.177378175291125, 79.56223493287936, 26.670562350769863, 37.75356751948446, 62.402971381099135, 72.57896928894412, 69.43104721530193, 85.85269207894568, 60.400921125526395, 65.64218284895213, 37.20402132033684, 30.31965495272771, 28.05100339094241, 65.0000843532747, 44.19246544265114, 33.888794658466146, 22.871797901781317, 70.82949562282788, 49.31697811122312, 54.86074566095689, 54.908290840112876, 26.100573895319474, 41.11601349841546, 90.22554079307476, 3.515097682040408, 56.25878301124542, 24.78650898638995, 18.225324088971796, 21.796760761725434, 59.586518900891775, 48.97566249626069, 11.37786701664274, 20.020178773165043, 81.75104818392509, 58.87674784743085, 26.418626456872335, 71.1003448753234], [77.54891640966358, 9.759275939713799, 66.30356806048545, 69.89795167235863, 77.95096704996847, 73.92539961295027, 72.84753744860951, 29.787111175879666, 13.620061962822788, 0.0, 37.69659418670422, 77.34468532124822, 54.03146830660159, 83.3818789340499, 29.624325586333853, 34.70952302550738, 58.7442316929815, 65.63270878069041, 37.063289691022085, 26.961945817449845, 24.34954977459, 43.9817133731537, 64.98757570852847, 15.682092361892622, 63.580852307741765, 25.610240237240085, 83.29761069939727, 13.571413151375573, 48.59716600360416, 28.12839907459878, 53.462755083434274, 1.4508742548049056, 24.491951366719224, 48.16928520005085, 84.7882935582032, 77.97667393802972, 47.68757178107247, 67.07237085014697, 45.992512581928324, 63.239680495616035, 48.648275203356, 43.901299313536, 16.389704444758276, 95.0234634470511, 77.5655541513966, 73.15394105226233, 46.791534798582674, 67.2661791241423, 45.59528567922094, 64.64949737594608, 24.465965113470922, 37.67978965780852, 81.80495039634448, 15.146639150541489, 19.14103064401501, 17.487015584037188, 71.03634597192807, 72.47568548246608, 82.26979794102535, 46.260820606414214, 72.79774503824821, 39.78263613344808, 62.36787248947719, 48.300837458744255, 70.27072948448587, 21.06271423517017, 24.155863429664418, 56.706126519329395, 59.1472348830917, 55.81988493297538, 72.60173775256636, 53.25939995823767, 53.67154897720332, 29.416886049855155, 21.578612436568964, 18.31443518426256, 51.40184241349662, 33.14642332032051, 20.44594142874003, 24.035609665035082, 58.51673600739806, 41.64750863626208, 41.61717308053559, 46.81322304738386, 15.299297855474336, 28.38916481482479, 77.57380776394291, 15.65123719957096, 48.86636869898577, 14.191026412575926, 8.304722973073478, 11.486228311432717, 45.984968706201094, 43.194687341862284, 22.635297346967363, 17.26839155022552, 69.57764276236844, 47.622315691401525, 12.820591025580699, 58.184281625470824], [85.42850220337182, 28.58825353091709, 41.95502401515768, 84.07419837207759, 95.0637993028726, 55.55807454061672, 61.183952433814824, 22.59263967145386, 47.95235908127381, 37.69659418670422, 0.0, 80.50307329507535, 26.023163122949448, 58.5756333803156, 34.328064970470045, 56.55130545030647, 21.059753340973085, 85.43996196579825, 20.490615718485383, 57.09058504897584, 60.38398357693641, 39.08842508081431, 72.5592577128045, 41.19594632836303, 40.8972255483021, 49.46203195379864, 53.93272361044817, 50.29548223345209, 56.656203255908096, 40.21242800761028, 16.146227532020728, 36.25970861974176, 22.840481362659663, 19.228545176067477, 61.39728643041443, 88.63675521249827, 40.48360629012646, 29.828365620280042, 49.67260163737479, 26.505365882136463, 34.004365630417446, 54.94868719335079, 30.527052865615428, 71.91236294209448, 81.79758949155462, 90.28990499245805, 50.47307112650521, 50.51241497261446, 17.817210432229317, 72.50652023653195, 60.34106916992687, 5.3239503479297525, 53.64105706005231, 46.47228774581026, 52.312869327553805, 26.12005543720894, 33.83804057658163, 44.205235794248296, 60.52346463127587, 73.04556378818344, 67.77967857516747, 5.74885594161271, 40.699454472678966, 70.1049695482237, 84.50318059890085, 53.5827011051434, 29.581268750830606, 26.93700034556952, 50.65219574578838, 39.677304332548026, 45.843671956091704, 75.90355139347858, 59.613871474969656, 56.14718478786409, 17.816218516252125, 19.9397217966912, 40.44143827478574, 5.622238399178334, 32.50714530471249, 60.75669057045031, 26.221217322370265, 65.32146341329398, 41.637913234807336, 68.38535417046305, 22.44646434037082, 39.95997313866125, 45.79655515694177, 47.71324215065255, 16.380720529234466, 42.848760653137305, 30.181465411675717, 26.579540292881795, 32.381908798972304, 70.2461355614358, 59.0170563758938, 53.10239748086693, 35.882415228696026, 11.910675252500019, 29.61679019268873, 29.98762371400123], [10.484731561743894, 79.47358349579757, 56.07844188556418, 23.47265468098814, 32.67848041032588, 44.187264337287374, 31.29570067897764, 94.9330338420858, 89.03915615044028, 77.34468532124822, 80.50307329507535, 0.0, 64.051956539035, 58.824168920510225, 50.809756914168574, 46.898162348606625, 88.65388214737459, 35.97074140882553, 60.015369222070866, 60.18016175020338, 73.50478526060162, 41.448047731328494, 13.63513885042874, 92.91092389274823, 53.391988265892486, 54.024275823217685, 69.51654160533148, 85.76136801153852, 28.747751927644778, 49.56339195469258, 90.38312667222287, 76.93517669781012, 90.99102462982412, 99.71054852150577, 56.04607533562342, 17.00849471666528, 40.17259760163195, 88.28929499590181, 32.6761073566268, 83.98657260024159, 48.150167239559806, 33.62137804231903, 63.46208871585826, 59.04522926203643, 2.3992071241784094, 31.03520735068472, 31.808376862468357, 42.088160199025964, 66.29904558464496, 14.14837068102804, 94.28011774336659, 75.35328339011372, 66.11249615780959, 91.91123049079633, 94.12133226150492, 65.72132696722774, 89.94252132875445, 64.2222415195995, 51.86190333108237, 51.13981188955564, 18.45925662327225, 75.90832448789136, 51.87566227430576, 41.22097123716688, 23.625742936963636, 65.2993488044996, 57.487276473461165, 106.89559648851582, 32.30183469343831, 45.61797245254868, 61.015818144218876, 41.99918444714865, 23.73706150489309, 54.70189785772166, 82.510327139635, 79.83153584329106, 41.43186286209057, 76.16309683046757, 58.78324263946305, 76.14633355910456, 71.18643233396853, 46.12932429961532, 39.804040333057586, 41.248256252395514, 77.37576375589396, 49.39235473077757, 73.75655186290642, 92.03824490380345, 96.3544851506375, 64.25724163147414, 79.65915408451782, 78.80027532579224, 48.94964724792697, 51.8843100985307, 91.90061017172334, 72.31036039995439, 76.39409740136294, 77.27825959889704, 67.70573193739071, 63.71180586820935], [71.35999580644523, 47.515764335925326, 15.980276803923136, 74.28089703582215, 86.16530623840582, 30.507102468336, 38.586099656548356, 48.301677297485924, 66.88151156230218, 54.03146830660159, 26.023163122949448, 64.051956539035, 0.0, 32.64767068159603, 33.788886534569485, 57.103496064404354, 24.904433287435516, 79.43907806584828, 17.574406636873537, 63.33795003141245, 71.34080648265235, 27.632195713602894, 59.924242668720844, 62.81089562593092, 15.371837548313003, 53.51137850331144, 29.609323840991877, 67.60236976298853, 47.68572663322313, 40.832466472121254, 28.17562917685486, 52.65456624197007, 47.56827635734377, 41.713961557303485, 35.37891043723887, 76.0153303981293, 26.345850752892712, 24.674450813095426, 39.85931644449122, 20.140833828445, 17.10195328842825, 48.55717404612838, 39.99223929218501, 45.913271702128064, 65.85665128770377, 81.8618360889478, 40.37085100012033, 26.584826485395116, 9.03318928119738, 60.06712231320853, 78.4809455716298, 21.520597519271295, 28.622744256909318, 66.67835778397348, 72.04688103238719, 37.074131626430386, 27.033417827668128, 19.03817435902158, 34.566297247790516, 73.92067794742576, 48.01857199499468, 20.33710079758562, 15.613795670791196, 67.70829373947376, 74.69813517056865, 62.3710883136323, 33.93202492877757, 46.653755976071324, 31.770010917828163, 18.512339679380606, 20.110260477738827, 73.21141473574646, 48.40286549543247, 60.175145834653705, 40.391220370361125, 40.70624395221095, 23.207360764652407, 25.78508444206989, 38.68219798993526, 72.61590769090986, 7.714825234266929, 65.15505923646607, 32.673976917727764, 66.12509715539316, 41.40373154075501, 40.381419639337146, 23.640327115210997, 67.7082364887562, 37.17819598571501, 52.33368085966786, 48.90041889572188, 45.549926858756635, 17.719828359355656, 71.74845007747241, 76.66340679583308, 64.80928789113676, 17.462197733826386, 16.32963496040563, 41.9343020632519, 4.290273976896452], [68.84015561461511, 78.39815533200992, 17.364134754082173, 77.6877199950822, 89.18577161307752, 15.377589205607087, 27.699741084740094, 80.9486040517884, 96.84470404717777, 83.3818789340499, 58.5756333803156, 58.824168920510225, 32.64767068159603, 0.0, 56.929148706233505, 75.24724479274255, 51.091763856877655, 87.05850622966243, 46.72823689573138, 85.35632845453175, 96.10289014509581, 43.89604327907943, 61.958148666894374, 94.16180503268838, 19.808627666510503, 75.23775361086983, 12.190600647553454, 96.66350959196963, 58.06566895094711, 62.66154559110831, 57.00341013725637, 82.13322288518046, 80.11673177300283, 72.48556212667029, 4.085086813464969, 75.0290566643916, 40.24313642026513, 44.64584789265921, 51.96198575253416, 42.48873995753723, 35.36536476681833, 61.692598946486925, 67.59620634338684, 13.473061254262527, 61.17721790352302, 86.04907693487885, 51.91892400466831, 20.59323390595499, 41.482417955733055, 62.363178546893735, 107.57749336712808, 54.168076300328224, 9.157313360991385, 97.28634493369883, 102.25171329622471, 65.89595122385201, 43.886498803469095, 15.292107299537331, 7.265552576336149, 89.85833673546253, 40.472190856767, 52.94680634968839, 21.040006020293827, 81.15478032004707, 78.02399806050455, 86.41436424633488, 60.15869590393431, 75.6769016125076, 34.35998139659811, 28.823218660267504, 12.858274005441473, 85.52818127365579, 55.649864783176284, 80.82909072888023, 72.63472824862411, 72.5247628002542, 35.269520183429094, 58.35695715277228, 64.76542658809954, 97.9247400787168, 33.60746385572388, 81.27519445461742, 48.901915545698394, 79.96664173534046, 72.67710184759895, 62.18260774920517, 20.620099968480844, 98.18091798677186, 67.64057548663853, 78.05379131270391, 79.62356554882527, 76.5642904813125, 37.95365172993835, 88.56760678097599, 105.53113589162035, 90.63246166343123, 29.44938907851053, 47.87160889547621, 70.61258537203484, 28.588811383823053], [53.51291582385229, 29.21545809709422, 41.09897653350329, 50.18361672869363, 60.86752921297748, 45.52631122789411, 43.283221394246745, 44.39764826065901, 43.028538774992676, 29.624325586333853, 34.328064970470045, 50.809756914168574, 33.788886534569485, 56.929148706233505, 0.0, 23.913513363600124, 50.371629328307854, 51.13265848666498, 17.723221942390122, 29.756182134545206, 39.27759565440206, 14.510873379353828, 40.376868862101865, 44.03376470300261, 37.83308924169571, 19.76643400641433, 59.55766851900556, 41.5251796257699, 23.519768361058198, 7.097032913524891, 48.62448566722169, 28.755634146097936, 40.24208373797439, 52.78693846659971, 57.62011518064763, 55.75243834735099, 18.333314131571875, 55.13842070058252, 18.13647568049463, 50.484806978082254, 21.67939487132551, 20.883617053765217, 13.563096879290095, 67.33197114651774, 51.54089842913856, 56.057800076319396, 19.00344289887198, 38.764619132777945, 28.612546347388374, 40.202933286004004, 52.08816372239377, 30.27659988773011, 57.35664629017542, 44.750952350942754, 48.55021582115957, 14.992960738673446, 58.47675309481174, 48.969320453576124, 54.57687884105448, 40.93622893654991, 43.577273692823596, 31.748306978467447, 36.26630010218281, 36.35139253846198, 50.60884443741318, 29.712477213969915, 6.680780280102294, 61.037823591472915, 29.550775859718627, 28.171401406664497, 48.08588971221189, 42.13788450741376, 27.564337097748183, 26.386377636615165, 31.88238390219889, 29.05236210013688, 22.565006818990536, 28.93147743402243, 9.179964130310237, 41.01837773365513, 40.74119903193993, 32.459218896597314, 12.15295643261114, 34.64965832563342, 26.57740719680317, 6.671088557735727, 56.30614346359218, 45.27382195751823, 50.61984808062918, 21.22321465874213, 29.668109223093357, 28.2857730008722, 19.229048387745888, 38.51096188554964, 49.867182322388686, 33.71692951854526, 51.24588412644629, 37.00330615511943, 17.765286657577885, 36.97493663379244], [44.659897731331014, 40.58542823314571, 61.593916667186406, 35.38385826243423, 43.303685979657374, 61.40747294354816, 54.49649196843909, 60.523920168445514, 43.95058095144872, 34.70952302550738, 56.55130545030647, 46.898162348606625, 57.103496064404354, 75.24724479274255, 23.913513363600124, 0.0, 74.07376851595626, 31.30875631451308, 41.63673351613339, 13.367080653221187, 26.724194024712183, 31.955794907495797, 33.40080774794786, 50.065458181960494, 58.0924464654433, 9.137143615118793, 80.23988043642153, 39.96084946219557, 20.744471488927964, 16.941230534637242, 71.78383023857647, 34.86150715225437, 55.45287975023664, 73.59647732845715, 74.94681004826744, 44.05918549706689, 35.256619180503336, 79.051711157078, 23.90750392644176, 74.39534383284384, 42.49266253475078, 15.46695835577957, 27.367627894404052, 83.34134570502755, 46.47899816411982, 38.47903297883484, 24.20599446787792, 55.022313477619946, 52.50699873887787, 32.94017499914261, 47.61298953195178, 53.208699938827, 77.60331558488352, 47.43412209673198, 48.54502751244667, 31.59347887449748, 82.37359098470789, 70.24109801001374, 71.23306156404684, 17.022872739394092, 48.850426721654635, 54.89693217203318, 56.31821809688477, 14.241381801546172, 35.740248482386356, 18.49644281650533, 27.05733054232899, 82.21500006322466, 42.12050800413836, 47.24020560838989, 68.71148682625339, 19.832753391753823, 25.747919067351866, 7.827801820567454, 48.70281351757091, 45.099700492073275, 40.27021582858973, 50.94013648923308, 24.227522717516834, 29.329310521867388, 64.3458012258699, 8.772386209143257, 26.61456890090617, 12.587620997117025, 41.6494888755993, 17.31412717975636, 78.47064424013686, 47.26534955282945, 72.25400939915926, 20.523047722148153, 40.053043306607364, 40.881155600574566, 40.61963335555262, 14.661342917331684, 45.24745485529481, 25.622644847054225, 74.51022701976989, 60.721632554083946, 30.343536969454732, 59.87584687387779], [95.46336089974324, 49.62281988782042, 38.164699770619464, 96.95436548824901, 108.5921543166323, 53.84672893726853, 63.23397365399803, 39.605535906422986, 68.8037138003677, 58.7442316929815, 21.059753340973085, 88.65388214737459, 24.904433287435516, 51.091763856877655, 50.371629328307854, 74.07376851595626, 0.0, 100.47836616225035, 33.0050092849915, 76.61101350180094, 81.0388362841221, 49.721816689655, 83.4703244716218, 61.4144834361102, 38.949463043527324, 68.10141835128452, 42.689428665275045, 71.31506274785349, 69.53036102967583, 57.15355159639708, 7.409894835007135, 57.30425212823883, 41.71613833326362, 23.443903318251447, 54.76269063200686, 99.72824428814955, 49.51072445395175, 9.986012799927181, 61.8266486007973, 9.099620375783312, 40.70588768359142, 69.1930376825524, 50.15690691602466, 64.34349066887977, 90.37027208984719, 104.04775149704989, 62.486162306358715, 50.96739740524029, 23.24237711030649, 83.54865922487664, 81.2201881204393, 21.884186100186003, 43.677522449674385, 67.06659915301147, 72.95217430801956, 45.93518332698061, 13.786758901404713, 35.83973199605009, 55.373634140379934, 91.02187827120025, 72.92015119913982, 19.874765852086206, 39.706304840010155, 86.6647663930196, 97.38102133076754, 73.71336395250603, 47.33575555987788, 24.765067489603776, 56.49882509981243, 43.35695951551797, 38.714055539816044, 92.42553065872305, 71.21924213891006, 74.9500055818194, 38.49052467829857, 40.924013431549014, 47.316761010410936, 25.82969208310615, 51.17097786085788, 81.55174071524195, 19.021886165338152, 82.75021757711646, 53.8996854863232, 84.9748529480274, 43.506217432238365, 56.80253621879931, 33.006877669752775, 68.3452995132817, 18.601570277059746, 62.93086769527012, 51.2170098970841, 47.62522245189309, 40.41189424732917, 88.41731440097347, 79.96696201760294, 73.80787272109997, 22.392441536757637, 13.368745167970825, 49.961288341863614, 26.478124882643414], [27.334168638724268, 71.89353627414891, 78.26336833114222, 12.779231849691728, 12.999073284672145, 71.69901413546243, 60.43451967224697, 91.70979162654324, 73.22070685275827, 65.63270878069041, 85.43996196579825, 35.97074140882553, 79.43907806584828, 87.05850622966243, 51.13265848666498, 31.30875631451308, 100.47836616225035, 0.0, 67.55199508038021, 40.12665212656844, 51.09937487856752, 51.811612224422774, 26.00197960148807, 80.54969273490914, 74.85068011849427, 40.37824943193828, 95.44819463066165, 68.59202154316756, 31.803048014645796, 45.469463061588215, 99.51656722348949, 65.91765787231253, 86.69540554051191, 103.53755476613514, 85.32013663983484, 22.439873177115135, 53.37991386304504, 103.5808945087276, 39.598501402862624, 98.88010487084807, 62.53697665314274, 31.29654401825313, 58.17023479099476, 90.88444896718309, 34.075676300867485, 8.959978210627213, 39.13103156152454, 66.99314577955046, 77.46468635425849, 25.4958998436908, 73.90332935838165, 81.37244590362081, 92.26438977875902, 77.09113075878645, 77.09600056208305, 62.15250224301912, 106.3450497949344, 87.31398835682832, 81.09806172343386, 22.572005626684067, 49.28814655918034, 82.76073861686449, 73.02457055039531, 17.33201588687959, 12.745773588939068, 46.55036344779064, 56.187227795902274, 111.96598789340544, 53.42645965429035, 64.23996962128855, 84.8187844358673, 12.88331164121446, 32.19107119596473, 36.37780641915369, 79.68332266222984, 76.15096016074365, 57.488249713644166, 79.98077016546975, 54.455790876957465, 53.676427999028256, 87.14607730296404, 24.070108020771613, 46.95168239212237, 18.84277266028296, 72.77300451898104, 45.6617720555649, 96.67249485900774, 76.69501737877587, 101.658759862725, 51.57641036522489, 71.34333844141376, 72.1747664719193, 61.72127205472896, 24.998440564252753, 71.7175851385949, 53.37825718827987, 95.65903147003208, 87.28303103514853, 61.46234301743005, 80.9988271785904], [65.15199018389632, 31.684284231340744, 29.43908612917977, 64.76276142060719, 76.14519824221215, 39.38448770288985, 42.40150560394136, 38.155993032642826, 50.307378689084906, 37.063289691022085, 20.490615718485383, 60.015369222070866, 17.574406636873537, 46.72823689573138, 17.723221942390122, 41.63673351613339, 33.0050092849915, 67.55199508038021, 0.0, 46.340507456011785, 53.8078496967934, 18.639848428769632, 52.43066033716629, 47.50980490740034, 26.98963783136657, 36.830661428969904, 46.27587447838699, 50.572405642562316, 37.17221879922917, 24.75777241959299, 32.184859160088955, 35.742638277201884, 35.76752067077801, 39.69712060465396, 48.52540770218368, 68.63222364825097, 20.038441175691425, 37.41547232349096, 29.777315439166316, 32.766288825303775, 14.755961127893146, 36.327831613456, 22.43690664142432, 59.013616908681925, 61.32824047004753, 71.49416846107077, 30.530170383247466, 33.31480678669017, 10.955766749392064, 52.41401207603872, 61.50442440149316, 15.360461241437537, 44.74177535522175, 50.57860580466256, 55.64551101895958, 19.744933912998615, 40.77784303105942, 35.439798124803566, 46.503507224119495, 58.659397753251916, 47.69465998729118, 16.112021242188064, 26.014386781535194, 53.74220395030318, 65.19239951322557, 44.965541178401224, 16.528557374778355, 47.07290749189308, 30.706646218700254, 21.571919766475105, 35.55514316743347, 59.47915424004397, 39.610607380889256, 43.64559591171949, 27.393467321532025, 26.4690629960916, 20.54706315200148, 16.506306720174663, 21.209156369574746, 55.049868863588664, 