instance_id,num_cities,city_coordinates,distance_matrix,best_route,total_distance
293,61,"[[21.90341191629598, 81.01668252504159], [61.90207581607263, 24.638674516841675], [12.285444763198106, 9.810727846351208], [14.174696038177458, 89.83275805963072], [56.7488043301148, 28.427450333752123], [79.21705551439048, 17.365182322283644], [2.052705036201463, 20.35074480497554], [63.70830618863354, 47.37618681051483], [43.05628163614609, 84.10392659513775], [59.50208386205244, 66.91153867209013], [70.95506722818445, 37.21037110336021], [24.40951127294343, 61.569560944064804], [91.61710059182107, 73.8616440412526], [89.83819403137484, 87.28394461404069], [95.68092687585029, 24.689932109668256], [35.15177230926733, 99.42008568315191], [23.006242909517248, 35.175304744638346], [46.904263208023714, 23.184107421683077], [94.14988290643079, 96.77582134623009], [16.585713032981953, 1.316691348464083], [41.66327584678925, 74.5170952437153], [47.50610804202494, 25.845620441223748], [37.412601364801624, 90.93913719799], [67.74721931958675, 79.24810166908946], [77.75768654404561, 42.960838112257235], [55.12753165131022, 20.88026277604381], [98.58499725248913, 91.54559421866628], [13.313590503899665, 40.0486351710598], [16.850335130342266, 47.10401755392135], [22.993846596583033, 19.77941383323978], [0.32963012504356737, 73.64728446596234], [93.23004252728317, 65.08173425546073], [79.76866663952349, 94.87772612791703], [86.34511955718826, 76.43690708563024], [76.39555720390598, 46.52286035254954], [64.83207460084842, 50.72640231437651], [23.27228093142014, 82.30151787674535], [56.14398069072227, 51.631347683681504], [92.52563241446481, 15.103687360811213], [75.39962901083807, 74.48335895113722], [13.70345999724869, 89.47916175998859], [9.038947762553207, 70.48912684337458], [56.63875715019486, 91.52776367159112], [83.96519553703389, 18.735098289287322], [96.04568620722861, 32.92217892437843], [31.35239209037558, 68.7375322913919], [53.565747606521576, 19.277832711299414], [10.230041026807058, 48.56336318812986], [68.5438662045055, 90.87234569471406], [50.39183857895946, 12.99019382837222], [74.17020239479366, 47.905155972504375], [69.35200541774495, 69.41216082490148], [93.39552580185534, 10.476195518928222], [95.05755623314, 36.10069958342017], [76.93151523010717, 43.45174734291548], [4.107052273012157, 68.89386776569395], [87.4668715175461, 28.19618213089997], [54.81371707640111, 11.605597572724314], [69.86214744384411, 83.11815796214391], [46.04060417464139, 19.979371238473366], [22.4416673472419, 86.50247339398295]]","[[0.0, 69.1257759503642, 71.8525801475617, 11.724173188598947, 63.08588364239958, 85.6525961109825, 63.83107834820249, 53.659408653473015, 21.376972969372805, 40.157380581868985, 65.76517170364302, 19.607933898569776, 70.07990414129101, 68.22325992735502, 92.8214658684241, 22.676073313120085, 45.85464156446169, 63.005153030499706, 73.94527048374277, 79.8771964640731, 20.801366719020827, 60.822233931046135, 18.41168281516805, 45.8779092317213, 67.5865910381795, 68.70393811415917, 77.40105626620363, 41.858881206918994, 34.28705922718059, 61.24697645291482, 22.797721125799725, 73.08495611731892, 59.50223721798044, 64.60424155386139, 64.49199691522584, 52.53923443603545, 1.877392942767902, 45.1211087378742, 96.60238588985179, 53.893687574220706, 11.783580367468813, 16.622992107124762, 36.29086710713166, 87.9241759762504, 88.37509894549534, 15.493894177729773, 69.3843575864499, 34.48891885674493, 47.67038989482466, 73.75088893099554, 61.872373298286796, 48.84704647319803, 100.4344694558867, 85.84273035232319, 66.62744561779938, 21.533068853337138, 84.19366066855788, 76.81788138180491, 48.00475510211516, 65.63655550994247, 5.512133921332394], [69.1257759503642, 0.0, 51.78492135264842, 80.79709963512053, 6.396173011949525, 18.78063392586778, 60.002779301965674, 22.80914144512457, 62.380126346517194, 42.34093769943518, 15.492069215287287, 52.626825558085514, 57.49681231359205, 68.59195701020899, 33.77888995007776, 79.42189996298848, 40.297721946184446, 15.068183316527218, 79.01701724832252, 50.96555341399497, 53.82811420070075, 14.44647384712969, 70.67875006417272, 54.92135501308513, 24.23018923521199, 7.7472645142452485, 76.30316264150989, 50.97359897334892, 50.34233781409001, 39.21049241449976, 78.69567915406648, 51.15742936544237, 72.47578518978546, 57.27581762472187, 26.248401711937976, 26.25175107525323, 69.4065166765997, 27.60000116239886, 32.07363713083683, 51.639873243454296, 80.79229760799777, 69.97695539354694, 67.09584764596536, 22.839296488640244, 35.1340657455515, 53.64692379587228, 9.911255868022293, 56.941987208747264, 66.56585143496928, 16.375978248772576, 26.302777212268246, 45.38905735139134, 34.53133654194892, 35.08081955019597, 24.079363742825336, 72.79276664501889, 25.811134025496806, 14.835967250353486, 59.01874892225885, 16.531648123273772, 73.37747234702456], [71.8525801475617, 51.78492135264842, 0.0, 80.04432890489512, 48.20345112281714, 67.35659062169096, 14.690164049749201, 63.68260660783129, 80.41345523100144, 74.09395120216145, 64.75233625743081, 53.159851320048865, 101.96093115462104, 109.61992626975302, 84.71243802601366, 92.48084097459278, 27.53719800784462, 37.112125670482705, 119.43497695377953, 9.52055477477801, 71.06314755862336, 38.69900389324768, 84.93051749994567, 88.86820196415799, 73.38626747867399, 44.24905662822918, 118.86210977747324, 30.25538172031198, 37.571633997961854, 14.630262134713453, 64.9464969394865, 98.01485630589555, 108.58351362635712, 99.61868896254416, 73.87751478164971, 66.59760299341455, 73.31865525374863, 60.60144732004701, 80.41457041315465, 90.36564317958889, 79.68105251222278, 60.76518614813225, 92.97790201850148, 72.23317145745412, 86.89025962496794, 61.934778295247234, 42.35197135152537, 38.80710541192737, 98.67115014664506, 38.23880559814498, 72.66986088730303, 82.51619936737085, 81.11281090753045, 86.84690582357194, 72.87545965262099, 59.64648796410534, 77.39684656411154, 42.56613094093237, 93.21510608135003, 35.253540181492376, 77.36131263312001], [11.724173188598947, 80.79709963512053, 80.04432890489512, 0.0, 74.72058962403506, 97.37585973680054, 70.53150240688245, 65.2390908640565, 29.444277824415284, 50.79325137405299, 77.41528377168454, 30.059270684484865, 79.07213482661408, 75.70641570268009, 104.34008548065846, 23.064140561569907, 55.366356418146594, 74.25137843154614, 80.2760029050635, 88.54889648643251, 31.467309185649064, 72.14802011675151, 23.264228308004206, 54.60815142122068, 78.9922373478705, 80.19714053873336, 84.4276776821353, 49.791569512574064, 42.812431719720955, 70.60629188587266, 21.299187909175277, 82.83936858684491, 65.7876940016921, 73.40312564346982, 75.81017612169687, 63.99591442050134, 11.810403447048909, 56.751815908902984, 108.27420393865842, 63.11969954379223, 0.5891466280908606, 20.01379471717187, 42.49787677225447, 99.6272605521169, 99.70793874496998, 27.20444434048727, 80.80626482252815, 41.457487336048125, 54.379108185277865, 84.94975627660395, 73.19415686899588, 58.83482184719809, 112.13119051683194, 97.10391949560412, 78.03599496509679, 23.233479673174035, 95.76434868319606, 88.1533814937884, 56.09080226318442, 76.77845890448569, 8.912553538641061], [63.08588364239958, 6.396173011949525, 48.20345112281714, 74.72058962403506, 0.0, 25.04388318207191, 55.28920735702581, 20.18636371872169, 57.335461859214895, 38.58245201401785, 16.702023912516808, 46.305824376030856, 57.27184336167988, 67.5203275300668, 39.11111361737894, 74.20502722836478, 34.41066681093691, 11.153817050592462, 77.91238989230854, 48.45685870235714, 48.49565483162096, 9.596524384787607, 65.43393416055858, 51.99715121454796, 25.545889927720665, 7.719363000291238, 75.72428359327576, 44.96298185343027, 44.053399501226885, 34.84516762632531, 72.30460992859847, 51.71476839561174, 70.32462736385251, 56.39902315316069, 26.710274469428725, 23.71882201341201, 63.42785486275212, 23.21177855875822, 38.177271871314304, 49.689032792397995, 74.70082420433833, 63.603577293242125, 63.100409299110495, 28.89071889866889, 39.55309735491305, 47.64326250460197, 9.687484335094906, 50.689745765275504, 63.54910259997533, 16.694906467969687, 26.13208999444701, 42.87874965176305, 40.807226615564886, 39.06967143981465, 25.160908566508994, 66.39792918019083, 30.718937753659283, 16.93278751396781, 56.24085053155423, 13.639486462831611, 67.45137471844401], [85.6525961109825, 18.78063392586778, 67.35659062169096, 97.37585973680054, 25.04388318207191, 0.0, 77.22208601209144, 33.781380907858086, 75.90560950674816, 53.3246803534208, 21.496324527648277, 70.41231422923094, 57.84125953577805, 70.72087318329855, 18.019739722162676, 93.13837205743472, 58.964870171988316, 32.83255146873017, 80.8024685520931, 64.65476876116917, 68.38587220984789, 32.82532589760989, 84.62115115500114, 62.936895770437424, 25.637225924627923, 24.34462878226571, 76.66714209025514, 69.69796075590475, 69.09418305759574, 56.27501874547814, 96.90666079414386, 49.73161100763865, 77.51450652654381, 59.50023498705532, 29.2938737764864, 36.330409786345456, 85.71199145032747, 41.31025139590964, 13.499354746281663, 57.24560111060883, 97.4292421602744, 88.017727129871, 77.52333861112592, 4.9418117559534585, 22.91774321946911, 70.21498661997143, 25.722515990759923, 75.71350379719655, 74.27799160657091, 29.155336658946624, 30.95417123695869, 52.97364613334907, 15.763475469239932, 24.534487360918078, 26.186495927609986, 91.08632175275159, 13.615065954308461, 25.073805921846123, 66.41511959263818, 33.27928645852054, 89.46177797396643], [63.83107834820249, 60.002779301965674, 14.690164049749201, 70.53150240688245, 55.28920735702581, 77.22208601209144, 0.0, 67.31855367625296, 75.800801330573, 73.94821602318794, 70.93505843062647, 46.89155136072244, 104.33214887233221, 110.39178101109677, 93.72871743131718, 85.71761149994903, 25.667456570785003, 44.940963654088584, 119.67741013239414, 23.947933364276373, 67.10432802579095, 45.78433687482693, 78.94962576858444, 88.23076477345474, 79.0092434115592, 53.07746800202079, 119.94661322258689, 22.689522392304596, 30.57298577474088, 20.948933837577627, 53.324385856609744, 101.55869381388298, 107.67563156554546, 101.24657399215936, 78.81522251865266, 69.74187990055148, 65.48411017462836, 62.484735883163204, 90.62495351841497, 91.15981116061148, 70.10333887817686, 50.622770971766826, 89.69841191531852, 81.92842250228317, 94.82996079950446, 56.56635806491485, 51.52421464915665, 29.37380908116533, 96.92456193123058, 48.89631419998614, 77.20219556499536, 83.2839622840164, 91.87501090627934, 94.32901685954185, 78.3612948738908, 48.586573550198196, 85.77371813404072, 53.48085630970996, 92.40058784487293, 43.98946679535295, 69.22254675634758], [53.659408653473015, 22.80914144512457, 63.68260660783129, 65.2390908640565, 20.18636371872169, 33.781380907858086, 67.31855367625296, 0.0, 42.13588717237977, 19.983049782657876, 12.484364403372105, 41.78333580651976, 38.47570986688395, 47.7011548243763, 39.20350272565353, 59.36365080643765, 42.49140475864046, 29.455603298009713, 58.02597250652303, 65.89397474679862, 34.96587298141158, 26.945806964431693, 50.884130518696296, 32.12680774729442, 14.72685955994161, 27.8507393456769, 56.278949264808496, 50.92465397009629, 46.85876148388792, 49.185862792391596, 68.60777763195317, 34.424109672930925, 50.14310935049019, 36.83681286961836, 12.715915396399705, 3.533666561322259, 53.43080467939639, 8.679021505612205, 43.26606651334395, 29.520938514795475, 65.36929816221122, 59.354416412612565, 44.713982856891825, 35.08067156931472, 35.42067885345402, 38.77128135472486, 29.872880639075785, 53.4914407402735, 43.764123187224975, 36.874446747950806, 10.475260407398158, 22.74720843865014, 47.35969135966607, 33.315343170397675, 13.793276713289025, 63.366553180706084, 30.534275920647826, 36.85985309105529, 36.26786820311082, 32.599588922924724, 56.866526033137724], [21.376972969372805, 62.380126346517194, 80.41345523100144, 29.444277824415284, 57.335461859214895, 75.90560950674816, 75.800801330573, 42.13588717237977, 0.0, 23.791650076238508, 54.56507843090621, 29.248926138822075, 49.629199968964464, 46.88986928916954, 79.36860857621306, 17.235602597764665, 52.877349490386564, 61.04122648099336, 52.641552098599824, 86.91615109956783, 9.687507444631876, 58.42800005960868, 8.864041459205076, 25.163891579006254, 53.823240635362424, 64.36572646710677, 56.025143239618515, 53.15539839234249, 45.34032312768998, 67.38059247121728, 43.987590454227494, 53.658644069419644, 38.26060596761014, 43.96255994267653, 50.23787251977172, 39.85278266764299, 19.86593468912887, 35.01080187176391, 84.9014115361025, 33.74385042037711, 29.840933149658248, 36.64071200383666, 15.478921087319302, 77.11434983600655, 73.67121752374626, 19.31598054455919, 65.67245482863194, 48.38071640467684, 26.370977688299355, 71.4910720557763, 47.73287189731438, 30.121637914390213, 89.19126799527812, 70.770349463956, 52.91626525937218, 41.81373407837616, 71.40011473865023, 73.44552402409475, 26.823985190461695, 64.19396218262031, 20.753682782256824], [40.157380581868985, 42.34093769943518, 74.09395120216145, 50.79325137405299, 38.58245201401785, 53.3246803534208, 73.94821602318794, 19.983049782657876, 23.791650076238508, 0.0, 31.832847546687848, 35.49683615434767, 32.85845803131639, 36.541955394708815, 55.60191311932509, 40.61703216002018, 48.36460431690397, 45.50597025655148, 45.74216171389981, 78.3868540033857, 19.392461477842595, 42.78215838429483, 32.63848538027118, 14.838229183161403, 30.114831671280783, 46.23867502061932, 46.19860183767659, 53.432129877086034, 47.026689897542674, 59.61785454087377, 59.55459304418193, 33.777557341030885, 34.537545053036645, 28.48299859115966, 26.47805969420004, 17.040171366316546, 39.363054763472974, 15.644842394589405, 61.43784026546768, 17.608645720096316, 51.056944285250935, 50.589793853305004, 24.782194678536733, 54.03159483839402, 49.90702804637569, 28.20885321203509, 48.00218778032726, 52.57746426700755, 25.610039068765985, 54.68553738305277, 24.008254509931774, 10.162384848273895, 65.83094533228221, 47.0478418301954, 29.22579146955901, 55.430489384328176, 47.758854474624144, 55.50430527448587, 19.235005230867742, 48.82458167144516, 41.91991406871807], [65.76517170364302, 15.492069215287287, 64.75233625743081, 77.41528377168454, 16.702023912516808, 21.496324527648277, 70.93505843062647, 12.484364403372105, 54.56507843090621, 31.832847546687848, 0.0, 52.53435931728832, 42.07416583472471, 53.51574760754903, 27.71514979051768, 71.77690795200157, 47.99199150511273, 27.84200508016825, 63.922158419312076, 65.14892878590118, 47.43206413825706, 26.05784420336236, 63.33938207977436, 42.15994638660659, 8.907496863706466, 22.741664855922657, 60.956783905797266, 57.7113124255051, 55.00187519956002, 51.03054924088035, 79.47075576212599, 35.67894909511384, 58.33698115356874, 42.13757036016435, 10.785239320116796, 14.838266017684752, 65.62666856059246, 20.672030619906902, 30.886805411836466, 37.5370450693759, 77.52272574691744, 70.29282632876458, 56.172376393209966, 22.59644096239818, 25.454425016398464, 50.61949990514482, 24.979278814391012, 61.777174072911535, 53.71611869280669, 31.77205312396654, 11.16761019810605, 32.24166665106583, 34.90401588894721, 24.128019958466744, 8.64133716986967, 73.97635476420187, 18.81210471269511, 30.26793042607354, 45.92079450452176, 30.29253745710472, 69.16112575889329], [19.607933898569776, 52.626825558085514, 53.159851320048865, 30.059270684484865, 46.305824376030856, 70.41231422923094, 46.89155136072244, 41.78333580651976, 29.248926138822075, 35.49683615434767, 52.53435931728832, 0.0, 68.32243678999664, 70.30037023394814, 80.24787663860725, 39.345373237482036, 26.431532729313197, 44.491087947360036, 78.12298129924382, 60.75870401353283, 21.571533010204053, 42.54001301556071, 32.11934559221447, 46.80478331220483, 56.50055194586398, 50.982504463510566, 80.00353299187353, 24.21300691446826, 16.321552914076328, 41.81411845322452, 26.939043813179048, 68.91009275497193, 64.6070425790868, 63.69503555876656, 54.11979462476602, 41.85161544154625, 20.763124309896188, 33.25424231638422, 82.4553416536571, 52.599983706193534, 29.892563483616094, 17.771124850697245, 44.002479481046215, 73.35987131318838, 77.15188951540564, 9.979148625066648, 51.36804837691956, 19.24106432938557, 52.97635773973122, 55.091163008219205, 51.602735820409656, 45.62164127742905, 85.84638717528995, 75.0986628090387, 55.55912228754441, 21.583218292489505, 71.34432769621279, 58.48771979066772, 50.30193006567279, 46.87907912778335, 25.010448475611224], [70.07990414129101, 57.49681231359205, 101.96093115462104, 79.07213482661408, 57.27184336167988, 57.84125953577805, 104.33214887233221, 38.47570986688395, 49.629199968964464, 32.85845803131639, 42.07416583472471, 68.32243678999664, 0.0, 13.539669907980256, 49.33935486353142, 61.98037784024018, 78.76599926411211, 67.58291607157624, 23.05373088715024, 104.36704115861309, 49.95812469394907, 65.20213329398585, 56.83105233030939, 24.4700869987633, 33.86654934901268, 64.33129411284769, 19.00720068161007, 85.29219929715113, 79.41057733581408, 87.37298560291646, 91.28772214405558, 8.926835807486107, 24.1259423317593, 5.867347252146004, 31.29064519449668, 35.39317769144316, 68.86396622887591, 41.863209524153426, 58.764980246175384, 16.22938427387694, 79.46346487786214, 82.64699145730535, 39.18642995622065, 55.65507791307994, 41.178297373844295, 60.48215945210006, 66.53794348577199, 85.22826103331344, 28.66597488024919, 73.51772357090681, 31.27512637161531, 22.705337786592345, 63.41039252838544, 37.91735303746016, 33.770227044242986, 87.65094042783726, 45.85366738718752, 72.32084319250322, 23.642356829181125, 70.57277341906237, 70.32091531898655], [68.22325992735502, 68.59195701020899, 109.61992626975302, 75.70641570268009, 67.5203275300668, 70.72087318329855, 110.39178101109677, 47.7011548243763, 46.88986928916954, 36.541955394708815, 53.51574760754903, 70.30037023394814, 13.539669907980256, 0.0, 62.86611112904507, 56.01687817807737, 84.7456195905926, 77.14992899563195, 10.425276248347556, 112.94376745286877, 49.837889049759056, 74.61014127699971, 52.552860999827715, 23.507146478311302, 45.93992197555255, 74.92849287490542, 9.729759706256921, 89.92880185575379, 83.31658949761177, 95.00014978893063, 90.5413801119023, 22.459803672913772, 12.611934806988764, 11.395604083371738, 42.92051345274895, 44.29175891704333, 66.75211879051658, 49.05514937826677, 72.23026970879516, 19.295780708890685, 76.16637515836625, 82.52626310187303, 33.46957737140823, 68.79997415529445, 54.71503018377151, 61.35599757744545, 77.07477944030731, 88.5253717911383, 21.59455996110964, 84.11644526655483, 42.38130433102275, 27.186110051255184, 76.89008343332071, 51.448676500545226, 45.692930255061654, 87.68137540937971, 59.13532654622483, 83.39020444198111, 20.405788779077362, 80.30027692683113, 67.40105716049877], [92.8214658684241, 33.77888995007776, 84.71243802601366, 104.34008548065846, 39.11111361737894, 18.019739722162676, 93.72871743131718, 39.20350272565353, 79.36860857621306, 55.60191311932509, 27.71514979051768, 80.24787663860725, 49.33935486353142, 62.86611112904507, 0.0, 96.16846887447954, 73.42719338842093, 48.799901911327844, 72.10214644975666, 82.47642836914245, 73.4891339497504, 48.18867901480167, 88.22785803076056, 61.2934407870321, 25.59430698704444, 40.731946242099795, 66.91870576143106, 83.78703873952139, 81.9551915454368, 72.85276130159914, 107.1853168199765, 40.46609092406748, 71.96892701004168, 52.58238029467684, 29.130778208663646, 40.36767849908574, 92.53165308208386, 47.84359922473844, 10.092173775903738, 53.76538291229842, 104.48899154702457, 98.0020345856399, 77.40534054435041, 13.14223750476597, 8.240323840003702, 77.96378306249005, 42.46150191391632, 88.72313454699554, 71.52993729776577, 46.77590613354698, 31.648979236328056, 51.89691557698502, 14.396296952340188, 11.42778216882995, 26.524444346829124, 101.68462242275565, 8.931097056950687, 42.91070550651503, 63.87853276043909, 49.863323411114386, 95.83725474117027], [22.676073313120085, 79.42189996298848, 92.48084097459278, 23.064140561569907, 74.20502722836478, 93.13837205743472, 85.71761149994903, 59.36365080643765, 17.235602597764665, 40.61703216002018, 71.77690795200157, 39.345373237482036, 61.98037784024018, 56.01687817807737, 96.16846887447954, 0.0, 65.38276349495936, 77.13653754096369, 59.05733813776784, 99.84475217575435, 25.740213890832987, 74.60450084970334, 8.77711998472838, 38.33238976200326, 70.7312559202285, 81.04032788415356, 63.920119231128105, 63.26037717619216, 55.424846299438975, 80.56334011410239, 43.32226758699346, 67.47005150649055, 44.84752267412636, 56.11582041538546, 67.0758245578222, 57.02626714188987, 20.83669069547477, 52.19613292488682, 101.98536585913877, 47.3469144631131, 23.640052230907006, 38.972810845464636, 22.89059335815515, 94.30173634648064, 90.16673640046453, 30.91689461582307, 82.23050040983753, 56.63478536245052, 34.46876547859442, 87.76323732596423, 64.62372528284068, 45.4986977722727, 106.31721600216423, 87.16678039012696, 69.84269335512947, 43.53877148558046, 88.37258648694478, 89.98875704287867, 38.34792027482084, 80.18350061498528, 18.12212667980754], [45.85464156446169, 40.297721946184446, 27.53719800784462, 55.366356418146594, 34.41066681093691, 58.964870171988316, 25.667456570785003, 42.49140475864046, 52.877349490386564, 48.36460431690397, 47.99199150511273, 26.431532729313197, 78.76599926411211, 84.7456195905926, 73.42719338842093, 65.38276349495936, 0.0, 26.737692260662225, 94.10654152392074, 34.461992179893976, 43.54149007206476, 26.21614770923537, 57.59468876404853, 62.80259866335392, 55.302216138987085, 35.158575274284296, 94.28551131229545, 10.84881837350084, 13.423464153193077, 15.395895901968789, 44.65783235956398, 76.32677484894754, 82.37931698388466, 75.5932081786124, 54.58191915918364, 44.62327679916703, 47.12696404821631, 36.99879747326303, 72.35893408241559, 65.49954223247008, 55.09492405527391, 37.9756680644804, 65.62580011903307, 63.13694872052643, 73.07418732494747, 34.58440868439426, 34.44724871999247, 18.505983989891266, 71.94327978310878, 35.24414840136164, 52.72380735962274, 57.62023964484784, 74.59689767437489, 72.0572557572553, 54.55670900019866, 38.653860077873986, 64.83734103894007, 39.58846434312349, 67.03725057283626, 27.595256730388268, 51.330273592917685], [63.005153030499706, 15.068183316527218, 37.112125670482705, 74.25137843154614, 11.153817050592462, 32.83255146873017, 44.940963654088584, 29.455603298009713, 61.04122648099336, 45.50597025655148, 27.84200508016825, 44.491087947360036, 67.58291607157624, 77.14992899563195, 48.799901911327844, 77.13653754096369, 26.737692260662225, 0.0, 87.45220945773113, 37.381791963946846, 51.59984096155266, 2.7287119227574137, 68.41663324465999, 59.81304431678561, 36.64768489767503, 8.539897191511875, 85.69825639106594, 37.58650807038454, 38.41094497188015, 24.151603693416416, 68.67116341097261, 62.46190009789338, 78.8672554112493, 66.26795471118693, 37.608959170915504, 32.86311654868999, 63.665837033954176, 29.910163116973298, 46.331441987386405, 58.68218707340759, 74.14396511894606, 60.593291512110454, 69.0334391575254, 37.32701953485722, 50.09700081819661, 48.1349687090388, 7.722328438004524, 44.59938559953451, 71.06314106730689, 10.773999086497337, 36.80437040880744, 51.390018989731, 48.19676879726261, 49.855571225645, 36.22724240091217, 62.617756703053345, 40.87109107624246, 14.022173541160631, 64.18064243034533, 3.3190722995916255, 67.87955557934983], [73.94527048374277, 79.01701724832252, 119.43497695377953, 80.2760029050635, 77.91238989230854, 80.8024685520931, 119.67741013239414, 58.02597250652303, 52.641552098599824, 45.74216171389981, 63.922158419312076, 78.12298129924382, 23.05373088715024, 10.425276248347556, 72.10214644975666, 59.05733813776784, 94.10654152392074, 87.45220945773113, 0.0, 122.9985607561634, 57.01135683651097, 84.89249162338176, 57.03670746616087, 31.69103345680735, 56.25616874668745, 85.33978971241133, 6.857515225540288, 98.75464455274974, 91.88312238038829, 104.84096657907558, 96.62902798944685, 31.707432296551282, 14.505934881052724, 21.78498942477851, 53.29705592041376, 54.59013534526282, 72.3404445843041, 59.01247415164475, 81.68828348908346, 29.129467911134586, 80.77665628138162, 89.07784005549186, 37.87646584432718, 78.70249241328251, 63.88177925428353, 68.77259996477665, 87.48148535833843, 96.7831647692284, 26.277730421543623, 94.52405948712828, 52.79706021567646, 36.928371817213794, 86.30292273482706, 60.681910581324225, 56.035069855832596, 94.26088628877666, 68.9044959064995, 93.81524907943613, 27.864419301568066, 90.62117550134832, 72.44038829845572], [79.8771964640731, 50.96555341399497, 9.52055477477801, 88.54889648643251, 48.45685870235714, 64.65476876116917, 23.947933364276373, 65.89397474679862, 86.91615109956783, 78.3868540033857, 65.14892878590118, 60.75870401353283, 104.36704115861309, 112.94376745286877, 82.47642836914245, 99.84475217575435, 34.461992179893976, 37.381791963946846, 122.9985607561634, 0.0, 77.37689116983417, 39.46820479769611, 92.01055416438535, 93.2244841234103, 74.00165743361845, 43.222738337709806, 121.92267026960943, 38.8699145628343, 45.78809087414942, 19.543190561389732, 74.13484290290803, 99.70122336542383, 112.89708966775177, 102.51547010577409, 74.97209598094581, 69.05817071333635, 81.26039821509758, 64.00329040145091, 77.18129705252815, 93.87458634119447, 88.20957188210885, 69.58289659352005, 98.70300863065857, 69.5945081372802, 85.51487696163326, 69.01901624795617, 41.1111366434442, 47.6722410483831, 103.53678045207175, 35.76485404106683, 74.07063150187163, 86.14681987891784, 77.35401640663615, 85.83564180525293, 73.60012762536569, 68.71966055567955, 75.8066333036691, 39.588405934506795, 97.62099366265369, 34.86956026169479, 85.38682371207716], [20.801366719020827, 53.82811420070075, 71.06314755862336, 31.467309185649064, 48.49565483162096, 68.38587220984789, 67.10432802579095, 34.96587298141158, 9.687507444631876, 19.392461477842595, 47.43206413825706, 21.571533010204053, 49.95812469394907, 49.837889049759056, 73.4891339497504, 25.740213890832987, 43.54149007206476, 51.59984096155266, 57.01135683651097, 77.37689116983417, 0.0, 49.02092560847106, 16.963245429450662, 26.509517703817753, 47.943757129879934, 55.30095823342156, 59.41424193851184, 44.629355796617716, 36.975111296987215, 57.83391180547252, 41.34279670559165, 52.422871562507666, 43.20388984188466, 44.72306826313329, 44.60951193872985, 33.20828670323395, 19.970626672860387, 27.082249798690995, 78.21081991564657, 33.7363700321606, 31.71142911912999, 32.87204454216403, 22.663359870764577, 70.00773952716742, 68.46593036119395, 11.820222999509967, 56.5070345985028, 40.76327340709114, 31.465224539072388, 62.142959417320775, 42.01066037771809, 28.155392035521484, 82.32534556850442, 65.77817748694915, 46.99898455708107, 37.97486822087872, 65.14289192210585, 64.27122718402521, 29.481428717644093, 54.71310942508897, 22.65214168052955], [60.822233931046135, 14.44647384712969, 38.69900389324768, 72.14802011675151, 9.596524384787607, 32.82532589760989, 45.78433687482693, 26.945806964431693, 58.42800005960868, 42.78215838429483, 26.05784420336236, 42.54001301556071, 65.20213329398585, 74.61014127699971, 48.18867901480167, 74.60450084970334, 26.21614770923537, 2.7287119227574137, 84.89249162338176, 39.46820479769611, 49.02092560847106, 0.0, 65.87142628489656, 57.1097853878229, 34.75757007891628, 9.096201106799047, 83.21982622747726, 37.02504399742078, 37.30544009409093, 25.25172912456583, 67.16114317211567, 60.25073287567501, 76.1991095931955, 63.78046017246576, 35.52672970071174, 30.319010930716, 61.43733988118968, 27.19405400666737, 46.28333070366445, 56.068512726808954, 72.05446964349935, 58.930171252470075, 66.3140197776266, 37.145990177163085, 49.05270969499468, 45.832942750920616, 8.936166253878538, 43.65319011982538, 68.34517002463255, 13.175334308100409, 34.60631496575712, 48.73691283978821, 48.39481258129136, 48.64470036175587, 34.29038192646612, 61.1279775499782, 40.02983584532316, 16.005605302352144, 61.48118453495264, 6.046534651689812, 65.63139490727703], [18.41168281516805, 70.67875006417272, 84.93051749994567, 23.264228308004206, 65.43393416055858, 84.62115115500114, 78.94962576858444, 50.884130518696296, 8.864041459205076, 32.63848538027118, 63.33938207977436, 32.11934559221447, 56.83105233030939, 52.552860999827715, 88.22785803076056, 8.77711998472838, 57.59468876404853, 68.41663324465999, 57.03670746616087, 92.01055416438535, 16.963245429450662, 65.87142628489656, 0.0, 32.50952719128327, 62.68686530111773, 72.2638543140752, 61.17540199097915, 56.30813015033315, 48.418224945846575, 72.60583115985798, 40.91643834542366, 61.51578679379311, 42.53879110077581, 51.03632054605898, 59.09717839934805, 48.671260096303975, 16.56976552330915, 43.54270189081872, 93.74679537716688, 41.398151010526185, 23.754050447580035, 34.975236128499006, 19.23516434579216, 85.91022790619289, 82.48518706689842, 23.013852282451975, 73.4592859633183, 50.34478929803414, 31.131336489535634, 79.02213848726987, 56.59544834697858, 38.51670083255683, 98.02230772723605, 79.56252297269006, 61.780229429335016, 39.9406247403333, 80.26274584808823, 81.21951328025841, 33.37874708468604, 71.4823811684808, 15.614507711353347], [45.8779092317213, 54.92135501308513, 88.86820196415799, 54.60815142122068, 51.99715121454796, 62.936895770437424, 88.23076477345474, 32.12680774729442, 25.163891579006254, 14.838229183161403, 42.15994638660659, 46.80478331220483, 24.4700869987633, 23.507146478311302, 61.2934407870321, 38.33238976200326, 62.80259866335392, 59.81304431678561, 31.69103345680735, 93.2244841234103, 26.509517703817753, 57.1097853878229, 32.50952719128327, 0.0, 37.6427277238907, 59.71650637712645, 33.19935045819268, 67.07919289745628, 60.19746642323386, 74.42707305142282, 67.64983729579126, 29.155792637701236, 19.718021107352406, 18.80916553794582, 33.84870998113699, 28.670287804830657, 44.5796309447307, 29.95530416084803, 68.76391235562792, 9.014551971730825, 55.003659080777446, 59.358072654120946, 16.558624057103707, 62.648594003645655, 54.28530506812962, 37.88212662572581, 61.62424278494743, 65.1903288410811, 11.651510435412217, 68.49320836463363, 31.99429568725457, 9.965995721010888, 73.39898296935024, 51.064202814439476, 36.95578810439573, 64.47698055463006, 54.72808393633252, 68.8678723404554, 4.410244515011053, 63.11861490802702, 45.88266501241807], [67.5865910381795, 24.23018923521199, 73.38626747867399, 78.9922373478705, 25.545889927720665, 25.637225924627923, 79.0092434115592, 14.72685955994161, 53.823240635362424, 30.114831671280783, 8.907496863706466, 56.50055194586398, 33.86654934901268, 45.93992197555255, 25.59430698704444, 70.7312559202285, 55.302216138987085, 36.64768489767503, 56.25616874668745, 74.00165743361845, 47.943757129879934, 34.75757007891628, 62.68686530111773, 37.6427277238907, 0.0, 31.617648831742567, 52.86071695754132, 64.5098631249693, 61.04810719521269, 59.4681141234117, 83.28722537486156, 26.994959637873556, 51.95582067656104, 34.55996527291714, 3.813580834282428, 15.078973157458645, 67.20378344337709, 23.287980095794985, 31.529558722259672, 31.610595618677287, 79.16374405940806, 74.02750664572427, 52.95994181481256, 25.00839134907043, 20.862061498590332, 53.08379523109151, 33.85461053355494, 67.7596575871485, 48.78941528726431, 40.5848389628366, 6.108708670766092, 27.754782442770043, 36.0526562276543, 18.61040010033319, 0.9610155632039727, 78.08289156743336, 17.6709744806979, 38.8532732755449, 40.92615148299328, 39.16785842624533, 70.39698844970556], [68.70393811415917, 7.7472645142452485, 44.24905662822918, 80.19714053873336, 7.719363000291238, 24.34462878226571, 53.07746800202079, 27.8507393456769, 64.36572646710677, 46.23867502061932, 22.741664855922657, 50.982504463510566, 64.33129411284769, 74.92849287490542, 40.731946242099795, 81.04032788415356, 35.158575274284296, 8.539897191511875, 85.33978971241133, 43.222738337709806, 55.30095823342156, 9.096201106799047, 72.2638543140752, 59.71650637712645, 31.617648831742567, 0.0, 82.958666722491, 45.99817577418831, 46.39858929057064, 32.15253619220839, 76.07344207873567, 58.357273891087004, 77.99237216561096, 63.7265919503242, 33.314737300127156, 31.384234883155234, 69.19051652193755, 30.76787921918676, 37.841600973253406, 57.3083750503405, 80.13590115678667, 67.71408242693609, 70.66366241071034, 28.91734062913138, 42.653289636152884, 53.43758514946746, 2.2376218435993853, 52.74598290678626, 71.26632938588372, 9.202172399739233, 33.06006898548188, 50.573518585883505, 39.65707997062744, 42.73252344190392, 31.38288730274786, 70.05994276398958, 33.156531468033144, 9.279972748941178, 63.95830282105343, 9.131476141824226, 73.31193798890554], [77.40105626620363, 76.30316264150989, 118.86210977747324, 84.4276776821353, 75.72428359327576, 76.66714209025514, 119.94661322258689, 56.278949264808496, 56.025143239618515, 46.19860183767659, 60.956783905797266, 80.00353299187353, 19.00720068161007, 9.729759706256921, 66.91870576143106, 63.920119231128105, 94.28551131229545, 85.69825639106594, 6.857515225540288, 121.92267026960943, 59.41424193851184, 83.21982622747726, 61.17540199097915, 33.19935045819268, 52.86071695754132, 82.958666722491, 0.0, 99.61500690174272, 93.035524014593, 104.23246473434978, 99.87225170863451, 27.000211559562995, 19.10909209766584, 19.44446021055593, 50.193802550203756, 52.96665191653024, 75.87791633323278, 58.26136767405751, 76.68168638146449, 28.786822902596846, 84.90668707421725, 91.98842208441657, 41.94624389200693, 74.26376585981441, 58.67838546987404, 70.99599204013589, 85.14318640955133, 98.25512950479789, 30.04867415073633, 92.16035738543673, 50.00570025767487, 36.66683358849579, 81.23532494841166, 55.55699039057578, 52.74363839366586, 97.15545686602151, 64.31765489913042, 91.13905876190958, 29.933656358482626, 88.78421884304703, 76.31015500385038], [41.858881206918994, 50.97359897334892, 30.25538172031198, 49.791569512574064, 44.96298185343027, 69.69796075590475, 22.689522392304596, 50.92465397009629, 53.15539839234249, 53.432129877086034, 57.7113124255051, 24.21300691446826, 85.29219929715113, 89.92880185575379, 83.78703873952139, 63.26037717619216, 10.84881837350084, 37.58650807038454, 98.75464455274974, 38.8699145628343, 44.629355796617716, 37.02504399742078, 56.30813015033315, 67.07919289745628, 64.5098631249693, 45.99817577418831, 99.61500690174272, 0.0, 7.89221028109767, 22.46216133103562, 36.02016742828329, 83.74541989730062, 86.15396891233092, 81.59479498589387, 63.41332757742131, 52.613391021815495, 43.41061635097582, 44.36892553021218, 83.04696264702976, 70.99596030264868, 49.43206405846958, 30.739162379908976, 67.28425325515225, 73.79645078300632, 83.0384611978127, 33.888806126171595, 45.29527995538324, 9.055874920865238, 75.05619831404424, 45.901587425832446, 61.361650319580164, 63.2654770382718, 85.36770787625099, 81.83924564991646, 63.70888100511291, 30.278834020406695, 75.09453860406902, 50.31169738096665, 71.08250899793741, 38.390529803595186, 47.34216801646791], [34.28705922718059, 50.34233781409001, 37.571633997961854, 42.812431719720955, 44.053399501226885, 69.09418305759574, 30.57298577474088, 46.85876148388792, 45.34032312768998, 47.026689897542674, 55.00187519956002, 16.321552914076328, 79.41057733581408, 83.31658949761177, 81.9551915454368, 55.424846299438975, 13.423464153193077, 38.41094497188015, 91.88312238038829, 45.78809087414942, 36.975111296987215, 37.30544009409093, 48.418224945846575, 60.19746642323386, 61.04810719521269, 46.39858929057064, 93.035524014593, 7.89221028109767, 0.0, 28.006726006945495, 31.264655959021066, 78.46692296657949, 79.00027639706265, 75.43171395913812, 59.54805803284206, 48.11828128651631, 35.77856085489154, 39.55360033585572, 82.16308022164456, 64.63472866230632, 42.49183062175924, 24.65524506244718, 59.63713395156637, 72.86425781995607, 80.45513146534333, 26.04455060023893, 46.06862355434278, 6.779231792569604, 67.73394793717245, 47.84125231190586, 57.32546559758635, 57.04453207070523, 84.85731295513321, 78.97748058137742, 60.19208652202204, 25.242599514182565, 73.10404538539126, 51.974572532574, 64.08799071671005, 39.847437114784604, 39.79323206954951], [61.24697645291482, 39.21049241449976, 14.630262134713453, 70.60629188587266, 34.84516762632531, 56.27501874547814, 20.948933837577627, 49.185862792391596, 67.38059247121728, 59.61785454087377, 51.03054924088035, 41.81411845322452, 87.37298560291646, 95.00014978893063, 72.85276130159914, 80.56334011410239, 15.395895901968789, 24.151603693416416, 104.84096657907558, 19.543190561389732, 57.83391180547252, 25.25172912456583, 72.60583115985798, 74.42707305142282, 59.4681141234117, 32.15253619220839, 104.23246473434978, 22.46216133103562, 28.006726006945495, 0.0, 58.441545109387164, 83.57884573534906, 94.14423349529775, 84.99091320472901, 59.72398703636128, 52.0399213929893, 62.522724026594936, 45.97256878261567, 69.68882017274187, 75.75544628547955, 70.31618692888158, 52.59481148400707, 79.245225160176, 60.98029178819628, 74.22468285375383, 49.666514330424434, 30.576015354904705, 31.486988949213952, 84.43346047001951, 28.22664473402492, 58.3958625560874, 67.91530360107636, 71.0137050570227, 73.88885311818716, 58.90374751586836, 52.620723910870254, 65.02009636286017, 32.85293639255196, 78.79361733120368, 23.047624993167904, 66.72534435332562], [22.797721125799725, 78.69567915406648, 64.9464969394865, 21.299187909175277, 72.30460992859847, 96.90666079414386, 53.324385856609744, 68.60777763195317, 43.987590454227494, 59.55459304418193, 79.47075576212599, 26.939043813179048, 91.28772214405558, 90.5413801119023, 107.1853168199765, 43.32226758699346, 44.65783235956398, 68.67116341097261, 96.62902798944685, 74.13484290290803, 41.34279670559165, 67.16114317211567, 40.91643834542366, 67.64983729579126, 83.28722537486156, 76.07344207873567, 99.87225170863451, 36.02016742828329, 31.264655959021066, 58.441545109387164, 0.0, 93.29445468469612, 82.2270768999515, 86.06071354928193, 80.75741232760683, 68.45386900651543, 24.520623604460887, 59.99952667704859, 109.21289118122104, 75.07465453305761, 20.724566680724344, 9.264241646251769, 59.07985547509021, 100.05126682099099, 104.01969819847173, 31.40887496191721, 76.09284781504994, 26.96703993204027, 70.35541726291453, 78.64799654091738, 78.19902360322594, 69.15218408193329, 112.48043126198134, 101.89762519844574, 82.33844341374609, 6.07156391799955, 98.27869321967793, 82.56928389832186, 70.17455671017788, 70.4963691175389, 25.577296035566153], [73.08495611731892, 51.15742936544237, 98.01485630589555, 82.83936858684491, 51.71476839561174, 49.73161100763865, 101.55869381388298, 34.424109672930925, 53.658644069419644, 33.777557341030885, 35.67894909511384, 68.91009275497193, 8.926835807486107, 22.459803672913772, 40.46609092406748, 67.47005150649055, 76.32677484894754, 62.46190009789338, 31.707432296551282, 99.70122336542383, 52.422871562507666, 60.25073287567501, 61.51578679379311, 29.155792637701236, 26.994959637873556, 58.357273891087004, 27.000211559562995, 83.74541989730062, 78.46692296657949, 83.57884573534906, 93.29445468469612, 0.0, 32.695714894386995, 13.27938681969768, 25.05656992980404, 31.820121581941358, 72.04588368163354, 39.44982739474937, 49.98301076376679, 20.157236742316204, 83.18480508930149, 84.36456799085484, 45.1476980302025, 47.263601800262, 32.282578094467006, 61.98555059747109, 60.590871327522414, 84.62775450050103, 35.70102155190819, 67.44360830786839, 25.657598238856764, 24.26753490731605, 54.605789486290874, 29.038598055125036, 27.083174221159346, 89.20448281203545, 37.33306973209091, 65.84459928998578, 29.518995591950933, 65.2768430743544, 73.95838103873625], [59.50223721798044, 72.47578518978546, 108.58351362635712, 65.7876940016921, 70.32462736385251, 77.51450652654381, 107.67563156554546, 50.14310935049019, 38.26060596761014, 34.537545053036645, 58.33698115356874, 64.6070425790868, 24.1259423317593, 12.611934806988764, 71.96892701004168, 44.84752267412636, 82.37931698388466, 78.8672554112493, 14.505934881052724, 112.89708966775177, 43.20388984188466, 