instance_id,num_cities,city_coordinates,distance_matrix,best_route,total_distance
1096,92,"[[91.44506942164512, 79.85111651952485], [35.953649009008494, 68.05145668835176], [45.64921945261785, 38.938710346557684], [38.03382214144906, 88.64664092940232], [97.39743438433132, 94.25950718056232], [21.685776275328227, 89.52249222915894], [70.79962578880327, 58.25355687506285], [66.71368211595463, 38.42855075878886], [45.82002262056372, 16.57207442491435], [16.944793321726316, 82.56973937695773], [98.02529265380593, 33.38198682400323], [89.10083100531158, 0.9971615861237626], [26.020476746691934, 72.25626117867489], [0.5719534450609909, 46.22665662823175], [95.01005427599, 7.301802061864149], [44.08676681544568, 73.93818320033641], [75.4415602067499, 0.7713190110347101], [8.87612257785092, 91.9528379978176], [48.138451871369206, 95.03322347161762], [19.830813766707255, 54.66454413524689], [83.52478280756912, 82.8741366120399], [38.3509578736846, 74.39530935026664], [68.61582517414031, 28.99950339442522], [8.86281062326999, 1.3240015722617904], [15.464421474108747, 5.946338250966043], [32.150016408001456, 68.77841066542379], [77.21855277056918, 78.63260252088503], [28.530639179371065, 20.039740029685728], [65.0044161044573, 90.02983382233941], [67.0525731385382, 92.4601780705383], [90.17786931243013, 37.97402403033856], [69.18091365399086, 69.6945885685106], [37.33699562096421, 74.46300591475395], [97.76032039864737, 45.64152176022763], [75.24602335932214, 26.080198938243658], [38.49263152129655, 8.220426218547983], [78.76295190668688, 79.05969728705793], [82.14807849111033, 17.62888923716912], [45.785154444301924, 95.30780766970722], [3.7784439963241656, 15.088128558752844], [43.06272581809003, 57.759262630168905], [62.41222214217416, 33.71633787606674], [50.48370592866647, 7.080610049004554], [75.21575317498575, 20.1306911586257], [35.760631395410556, 30.8260815171856], [89.31014208237305, 36.73996480432049], [40.6895130042493, 26.749939677573042], [53.39120060930406, 22.232328020258063], [48.645342741788454, 60.11939845637207], [87.22111428703721, 48.82343085101516], [68.90250472967041, 86.85707313567187], [15.358939380791004, 4.99835612212004], [66.12687174388775, 38.76392303587316], [44.66047985652505, 5.771497759790433], [43.365068206673264, 26.140452962837113], [60.56665135506696, 67.4383673771575], [61.874288168146066, 63.25607808552478], [9.339673853652819, 32.73819456166166], [76.0586857632333, 93.32081563754066], [79.23660633678959, 71.67093840099118], [37.69612082007797, 92.00818847349083], [82.97929351425249, 31.108686284340227], [66.74905132103167, 69.83750766882604], [98.07712476959767, 60.015762615275406], [90.54999545690679, 87.33665984096419], [29.7491906921156, 75.24175158395047], [44.24759711217041, 77.80484387152657], [56.56795422591859, 0.2908934134024377], [26.700059718857716, 91.83075782553736], [32.456920574099534, 4.15428360020933], [92.81995376537516, 32.902917750717066], [41.22893027108873, 94.03039475930086], [56.006492847698766, 96.93475901662822], [64.67950344510763, 54.67711499600151], [42.699468368207825, 30.13693246615293], [2.650954750214385, 1.0419310873928223], [66.7211308626374, 86.8902887176804], [34.290993800366664, 98.57449721000842], [65.23995655100016, 0.42984479298053824], [20.910983165886332, 18.948248189474015], [68.48581655602382, 13.844629007450038], [4.972998484907354, 55.921928166405024], [77.3037716878096, 85.44545521191633], [15.650568055044179, 96.20671442199745], [75.30557708128427, 6.571788542308954], [39.231289145331274, 78.50845070525851], [80.38058841346671, 46.32432316901481], [80.8410345311566, 83.29559065768214], [3.354030174817524, 59.98671150081633], [2.982704046318896, 12.923969253791611], [61.13712674642382, 7.220079383300826], [85.32040878590735, 17.295474502457374]]","[[0.0, 56.73208714249269, 61.409159359557236, 54.130606736586664, 15.589495504668719, 70.4265183605627, 29.877900284205776, 48.24386460749767, 78.01206358001534, 74.54986283827147, 46.932710900226915, 78.88879300883912, 65.86394426643437, 96.89441423670866, 72.63685115207187, 47.726005554388536, 80.6828772489866, 83.45107935570086, 45.89073430607369, 75.91419525674544, 8.477593439700978, 53.3736874586664, 55.74101676805902, 113.95761163775973, 105.99516551924575, 60.32004747032495, 14.278604707331253, 86.80798517601504, 28.332215475855946, 27.45873828344323, 41.89626082915583, 24.471364736485505, 54.37568745596855, 34.787623783435734, 56.15799739006188, 89.07814812053925, 12.706787519460967, 62.91295262773462, 48.20515674749264, 108.99395314911112, 53.18741562476145, 54.509852518915906, 83.50676566111252, 61.886346726243325, 74.19036794138539, 43.16398170877356, 73.45652788717753, 69.0508632799772, 47.129155536612195, 31.313879908485024, 23.606157056988305, 106.73347611553302, 48.26146083587844, 87.61613856113688, 72.086905166829, 33.279919524628085, 33.90909029402338, 94.66215398343837, 20.44929329863793, 14.695641698994203, 55.106659073725496, 49.47215243898359, 26.64893379181652, 20.914717847609847, 7.5388670381893235, 61.86782441073966, 47.24181012782615, 86.86910995901795, 65.84396773611654, 95.96672453759669, 46.96832629117328, 52.179618267950445, 39.341371996364025, 36.74405904021406, 69.62495039964772, 118.72355498703432, 25.70647939926576, 60.142774666651256, 83.63280662051723, 93.1891447259944, 69.88550411801597, 89.72193214218747, 15.207660142249688, 77.5390999442155, 75.03561235704646, 52.23104060070008, 35.30536237383983, 11.149437566403622, 90.30296663085555, 110.9271523520137, 78.7009462756837, 62.8547517381976], [56.73208714249269, 0.0, 30.684785900974376, 20.699969424705557, 66.79970562697858, 25.779401846030133, 36.19725042719742, 42.70475608702332, 52.416334538652244, 23.91897001892422, 71.09754626878268, 85.56226648356646, 10.786486545427879, 41.571459905132954, 84.72413788463999, 10.039977802778676, 78.01225581047794, 36.11742607288786, 29.605492050312936, 20.956031207145774, 49.826946635336434, 6.7817074832772875, 50.910439085840984, 72.01712845366721, 65.39766189320993, 3.8724776368914524, 42.5999170137713, 48.58215733623738, 36.42795808548432, 39.53389383209622, 62.00740296780154, 33.26786735219571, 6.5590861658761455, 65.7439716761131, 57.49327925254565, 59.88487821876482, 44.20201099117752, 68.3839207968214, 28.97528546784381, 61.970621621634805, 12.508726218473063, 43.34693156495399, 62.67827928403346, 61.95088855290964, 37.225875576448615, 61.86537704638803, 41.57215071623144, 49.02510334222964, 14.966517216847844, 54.75463426628986, 37.93782154084116, 66.33125624987005, 42.04976810463645, 62.88562782981936, 42.56126605029057, 24.620636933080757, 26.360485396947208, 44.219115273806814, 47.40205137713637, 43.43403093090314, 24.020016774296067, 59.80116659612165, 30.84715192143702, 62.641029843167374, 57.902332475440645, 9.49713871077675, 12.803051850354343, 70.82685588753985, 25.516349216213307, 63.99277958022713, 66.85204863049742, 26.509127026144473, 35.16193537627755, 31.686712180150447, 38.509962682696155, 74.82877766047157, 36.076855902955884, 30.56829116960119, 73.69104562138014, 51.35568985567319, 63.21963375830369, 33.27049998213444, 44.859601315545234, 34.71215398489762, 72.99536860892694, 10.958633524890661, 49.4552451800059, 47.40528451015607, 33.582365358539214, 64.23490548432599, 65.83816534336569, 70.80428446446491], [61.409159359557236, 30.684785900974376, 0.0, 50.28789754042078, 75.7513584760566, 55.97290057213194, 31.711295074388616, 21.07063952755354, 22.36728808267838, 52.22653323508482, 52.67001253353109, 57.685385227686325, 38.66971339001821, 45.662611310793515, 58.62922462624198, 35.034331137982356, 48.418316048467354, 64.51944191005586, 56.14971665798576, 30.23064538695361, 58.00758554348347, 36.199931422370796, 25.025043720345156, 52.612794933694744, 44.71709567377315, 32.75112514035997, 50.71713598072191, 25.49935037622726, 54.63448119501962, 57.64244145014765, 44.5390983072902, 38.725504221256166, 36.483813406003485, 52.540408474378104, 32.26936809312584, 31.540921524075138, 52.021273245850644, 42.26434888680868, 56.36926122762891, 48.18726064976233, 18.997450817980724, 17.557660248182664, 32.22283063382315, 35.04171089044506, 12.790579357022956, 43.71625151863981, 13.159210404697118, 18.413079119554684, 21.39154747953366, 42.730903800121816, 53.26241422020929, 45.491193781983924, 20.478398227550112, 33.18194685012761, 13.00048995131754, 32.167689152720065, 29.23332393991094, 36.835166588493465, 62.30689381742613, 46.89894786788372, 53.662102889506144, 38.142413482395575, 37.41575311066115, 56.50599426843545, 66.01849135697098, 39.63233172131864, 38.891398539599365, 40.16058419331532, 56.18397761937292, 37.20205765508449, 47.55532533654611, 55.2687311947871, 58.91362129017059, 24.695122792657816, 9.282905004143934, 57.315064735511065, 52.37727864975076, 60.707794926107965, 43.20566752500664, 31.80564276715618, 33.92967853542147, 44.07929944691035, 56.257337256415234, 64.64938805942198, 43.89894275357566, 40.086833018887695, 35.50796060966976, 56.62152134531081, 47.24300359454963, 49.97197505642136, 35.2979719321777, 45.19107125219595], [54.130606736586664, 20.699969424705557, 50.28789754042078, 0.0, 59.62837182144664, 16.37149104816283, 44.691581388345554, 57.830709389917665, 72.49391736353351, 21.947115278259233, 81.5668960278886, 101.44097112828537, 20.32154068831367, 56.593698185725394, 99.31401632516351, 15.905246555592367, 95.50607870402229, 29.344546050267137, 11.953743285988507, 38.55038801903645, 45.855744552023694, 14.254859762590808, 67.03014191845347, 92.06623299174873, 85.72466336818079, 20.721142433066362, 40.44408584359355, 69.26194725442147, 27.006039348570322, 29.268258830307712, 72.70980510748727, 36.45986284094655, 14.200741861903216, 73.59819881506631, 72.79634319739212, 80.42752339071171, 41.842221497371156, 83.6037598957327, 10.22028839179181, 81.14361141857376, 31.294089064692212, 60.09695982432591, 82.51070839531813, 77.95467508991531, 57.86522692351218, 72.96275771267243, 61.95364654172477, 68.16678100511027, 30.43695011932846, 63.287263881153805, 30.920512893881913, 86.66709790577852, 57.24949764330247, 83.1396532820317, 62.733130949439705, 30.94380809527036, 34.8288458307046, 62.84193282527658, 38.311071019451944, 44.56280850418775, 3.378467710904348, 73.01172249482076, 34.32707212755073, 66.52011262418142, 52.53250907915269, 15.758368462981613, 12.496221942288257, 90.2787470628369, 11.772543100791612, 84.67620845394495, 78.15934296126119, 6.260472926308099, 19.791659701578528, 43.17315166021738, 58.695436272062125, 94.48032859451948, 28.741023898886915, 10.609952606830035, 92.31672042531387, 71.77086849908075, 80.76301722569052, 46.51800604357012, 39.40020973765925, 23.625511099445024, 90.14136181941282, 10.208664371322618, 59.870085972112186, 43.14036591856873, 44.9897713452777, 83.44161962360928, 84.64069711959668, 85.59795690885068], [15.589495504668719, 66.79970562697858, 75.7513584760566, 59.62837182144664, 0.0, 75.85970263759536, 44.764627547723926, 63.70705100879399, 93.25002205046687, 81.29746690549804, 60.88075796809542, 93.63065060868291, 74.69145142668565, 108.0848208182052, 86.9904711062779, 57.052462566917654, 96.03177462758246, 88.55136004974034, 49.26505856193974, 87.08812624346857, 17.94650731348078, 62.29825634609269, 71.3249544191567, 128.35648720334763, 120.46673570299026, 70.04649764400573, 25.522292460217436, 101.24825587501385, 32.66799305126522, 30.398160952146718, 56.746609883600435, 37.411325404781614, 63.23889441487195, 48.619339697195215, 71.68753784863866, 104.27127722014845, 24.047414788461392, 78.13318412521284, 51.62292489314706, 122.60759582565709, 65.45630914752908, 69.92453378508576, 99.00029304343795, 77.3764069086124, 88.44713095452092, 58.085299792198654, 88.16649052610765, 84.40653498902154, 59.517337501121716, 46.56172809236173, 29.440737861219223, 121.23476296312028, 63.69935594187888, 103.01123329093056, 86.94654761561216, 45.5618274315521, 47.149830675703356, 107.41992876571287, 21.359385162671536, 28.983773303036212, 59.74374676246971, 64.77583628187412, 39.18874129831169, 34.250489352306204, 9.737208796785136, 70.27061905642972, 55.638665931804226, 102.45558463708988, 70.73908119292958, 111.0685448288682, 61.5271029326062, 56.168971388311235, 41.47730721340656, 51.35395579696068, 84.2826914277541, 132.9150551884322, 31.549025000921514, 63.25379025901674, 99.1872417419134, 107.34040688768766, 85.45428179469182, 100.06021345166862, 21.94180468119204, 81.77005424175428, 90.42779527932593, 60.26106729931572, 50.86604872620883, 19.857538659634763, 100.09388792039009, 124.6178600146735, 94.29035953516346, 77.90582053596121], [70.4265183605627, 25.779401846030133, 55.97290057213194, 16.37149104816283, 75.85970263759536, 0.0, 58.22298972236752, 68.10362075080826, 76.83895694546068, 8.415324805979626, 94.76010821039719, 111.27229560724157, 17.802032548704666, 48.169730068689695, 110.16665391988911, 27.288735131630247, 103.76152973850755, 13.038167371395838, 27.020588539408095, 34.90726903133867, 62.19536446799079, 22.506886491863956, 76.58630208551786, 89.12576620859222, 83.80739089930712, 23.23396740716371, 56.59044939854035, 69.81908765795025, 43.32161068263713, 45.461810959643906, 85.72287548984706, 51.467794184266225, 21.71977889065543, 87.82298009556526, 83.02785463751904, 83.0210595021087, 58.02821775699661, 93.93817190259993, 24.784065503420788, 76.55812853230499, 38.286769598804504, 69.08668653674371, 87.32688411780806, 87.6394915702409, 60.36033612497504, 85.78490573614239, 65.58609123513733, 74.38548333820458, 39.89185565338852, 77.14463121546997, 47.29190104949274, 84.76059491138152, 67.46438551558298, 86.8450694009283, 66.98712264459523, 44.714997679134854, 48.010842526705005, 58.11095169240852, 54.5054175921493, 60.255920994066436, 16.20215474128931, 84.67034888600168, 49.175170309672176, 81.89191179402124, 68.89890091081115, 16.399945287486897, 25.423198903892693, 95.80733043871314, 5.520065988326423, 86.04503817199932, 90.91670595278586, 20.056322028808513, 35.11201055151371, 55.34131269197067, 62.99380893183003, 90.50488456682739, 45.112211851454475, 15.518708162307192, 99.16887841794379, 70.57849691042905, 88.97967606188737, 37.52752119188284, 55.767227334185854, 9.005696229910209, 98.77197112852407, 20.716035638163145, 72.87772486898972, 59.482088753629114, 34.762267738545546, 78.84883406120484, 91.26936076385813, 96.26062821553637], [29.877900284205776, 36.19725042719742, 31.711295074388616, 44.691581388345554, 44.764627547723926, 58.22298972236752, 0.0, 20.241684791735914, 48.59348262560279, 59.08992901943939, 36.87589908122743, 60.11013985892894, 46.91745854956357, 71.25006871833354, 56.41122375979358, 30.97715831857331, 57.66936123278311, 70.49937445188631, 43.20037821906101, 51.09501748106483, 27.71466340652708, 36.24185732597599, 29.335450059145316, 84.12575907428186, 76.14479599249083, 40.05702001643456, 21.36605075889661, 56.982129013229994, 32.300406064251845, 34.41123853008795, 28.049523604889224, 11.554974477940867, 37.181902263331224, 29.764785965686247, 32.47915350322115, 59.55716616741095, 22.278017005636343, 42.17998339764764, 44.707284401954915, 79.71883723807711, 27.741303984958734, 25.931132951265027, 55.05821543263177, 38.37779398981252, 44.497163197300225, 28.3808713263145, 43.57862765650768, 40.00727678111125, 22.23271513184547, 18.936540373760224, 28.666360263973694, 76.87513327876445, 20.04196740716744, 58.6312329654416, 42.23631603969048, 13.750436710188126, 10.231660183168724, 66.54591952821102, 35.45941833884517, 15.849566801001924, 47.27808367055515, 29.752114299481764, 12.271718278680044, 27.33436152021989, 35.15542604139456, 44.42675974111148, 32.9736720742902, 59.68425949145657, 55.42743139661118, 66.30908242502643, 33.57900755246656, 46.41560257495782, 41.413429963356485, 7.08850012457547, 39.75126935349303, 88.97983754533492, 28.925707104386355, 54.393551448322775, 58.09037442627932, 63.512077226512986, 44.46916445714415, 65.86790838216326, 27.95895650837734, 66.94670071559861, 51.87782546570986, 37.50760726183523, 15.300374558444979, 26.98023990814121, 67.46786044245114, 81.57148023997576, 51.940155108029515, 43.45592767954819], [48.24386460749767, 42.70475608702332, 21.07063952755354, 57.830709389917665, 63.70705100879399, 68.10362075080826, 20.241684791735914, 0.0, 30.236576605868514, 66.52358096522634, 31.715686371604196, 43.61528781046557, 52.91739747452302, 66.59984029053788, 42.06612843916979, 42.1059531675773, 38.65543893001148, 78.80376017532251, 59.57455960026747, 49.61462310219892, 47.51866168467196, 45.80449595859224, 9.618995915022364, 68.72751197881762, 60.67603188854075, 45.997401921451, 41.55379748662558, 42.38033893125163, 51.62958458193063, 54.032690078146, 23.468589121166207, 31.363232482976464, 46.491630083405454, 31.873510935006188, 15.009418369051888, 41.33955109704209, 42.38012471302467, 25.900704833640496, 60.60736867115571, 67.12391157888909, 30.545771479172277, 6.380243581410335, 35.300219741300374, 20.176641897007976, 31.873011898439994, 22.659464370094415, 28.524504110342292, 20.971555604941386, 28.230440336271666, 22.99148334456295, 48.47796121994583, 61.27713696673827, 0.6758853282931796, 39.40592392616498, 26.384751636647277, 29.65392802659838, 25.294779045129154, 57.65550257983066, 55.68204231784876, 35.522949866181165, 60.93272061215282, 17.83677465476123, 31.408976824424574, 38.07457486072811, 54.407471616332394, 52.16881617610993, 45.33450600478066, 39.46411917441921, 66.72994602828133, 48.4587566967334, 26.684640517968965, 61.164022373055786, 59.47789763211141, 16.37539992292569, 25.405381237707225, 74.17406802913523, 48.46173853134137, 68.32836594067456, 38.02727339840128, 49.77317971862599, 24.647711235521022, 64.17110150491703, 48.19480575222219, 77.1087401913043, 32.995059600076466, 48.59712237479484, 15.783774887493195, 47.03863683773366, 66.92682413413274, 68.64489233335163, 31.70278624007831, 28.157009596657304], [78.01206358001534, 52.416334538652244, 22.36728808267838, 72.49391736353351, 93.25002205046687, 76.83895694546068, 48.59348262560279, 30.236576605868514, 0.0, 72.0379805809589, 54.844902899984966, 45.9978943471675, 59.09949806249825, 54.09974130958843, 50.05594034624634, 57.39228704032914, 33.57230049637777, 83.94707420273735, 78.49539492174033, 46.113720577307284, 76.27327442181208, 58.30363132280488, 25.96323563914727, 39.979235164428935, 32.161604285250014, 53.96638410629918, 69.55125335413855, 17.633703085940322, 75.92156063355685, 78.802445878458, 49.251010243976125, 58.03216986131261, 58.50915907648337, 59.52165405679309, 30.924002833371762, 11.110386495731024, 70.63950453472901, 36.34342445176234, 78.73574096549099, 42.06775996593845, 41.27937933050825, 23.858475522284515, 10.575341034569094, 29.61034832428743, 17.44614771252403, 47.93885994846133, 11.39785374640208, 9.45310567489794, 43.63888018829279, 52.48047620305227, 73.97825372424262, 32.58571078698144, 30.080662660406276, 10.862642207163676, 9.878292819068543, 52.96076677821705, 49.36735399083262, 39.90187071342902, 82.4908845047653, 64.4403047689701, 75.87229456932072, 39.90143478250057, 57.2296306209172, 67.95703619637841, 83.71616940021445, 60.830935031593526, 61.25295565180029, 19.508841301394664, 77.64948427747491, 18.242094870665035, 49.75630584507788, 77.59426214602368, 81.00571122134288, 42.51675121520385, 13.919167809924968, 45.87759554378141, 73.35875944337015, 82.80891164700964, 25.252829769208017, 25.02211918111766, 22.82930514119926, 56.71763720586041, 75.72825784580469, 85.15792315601628, 31.135247543418608, 62.28584201524475, 45.6029496113618, 75.35581526137392, 60.730480212447326, 42.99237762639923, 17.946406048588234, 39.5070096930084], [74.54986283827147, 23.91897001892422, 52.22653323508482, 21.947115278259233, 81.29746690549804, 8.415324805979626, 59.08992901943939, 66.52358096522634, 72.0379805809589, 0.0, 94.83397267408999, 108.90628641927258, 13.738117126325974, 39.860877427719345, 108.44098558905735, 28.481405989942527, 100.56268348826538, 12.37521665676416, 33.5914091620097, 28.054037775101985, 66.58068531948035, 22.91386451663674, 74.42893063800798, 81.6467289961303, 76.63770025856623, 20.528018821429768, 60.40221125687718, 63.59428152441806, 48.635176067866865, 51.07455702912729, 85.74299531936637, 53.79945887931474, 21.944499129400462, 88.8529272059685, 81.17944076472673, 77.408847673907, 61.91772869145154, 92.02598770868202, 31.528159056806988, 68.75405844877947, 36.02368879345313, 66.73785973306119, 82.60428139962487, 85.40573461209361, 55.0585315017052, 85.65694331826685, 60.660215555840395, 70.49073565653566, 38.845110901943954, 77.9588008344632, 52.13429778475791, 77.5875920027867, 65.86217718260207, 81.64636670167283, 62.30806761730792, 46.17168956056584, 48.904775018751025, 50.408537975253076, 60.08359110728092, 63.23807264154511, 22.79697160351989, 83.71854753325535, 51.40597085097144, 84.20888951846926, 73.75940151649102, 14.753033488516705, 27.715470842061595, 91.3225239091319, 13.451084907320055, 79.93503485061481, 90.68535241593462, 26.85267080139738, 41.619348374349585, 55.28653584210495, 58.41662885938897, 82.77135582801873, 49.96349593045239, 23.601757229913627, 95.28580730417877, 63.744998257110225, 85.90470226558851, 29.21351936908909, 60.42744418689857, 13.698251984102004, 95.82102907032244, 22.653519853886586, 73.06045643854333, 63.90036385479684, 26.357199983495093, 71.0314946554227, 87.35292550727385, 94.53017743034222], [46.932710900226915, 71.09754626878268, 52.67001253353109, 81.5668960278886, 60.88075796809542, 94.76010821039719, 36.87589908122743, 31.715686371604196, 54.844902899984966, 94.83397267408999, 0.0, 33.592006808219146, 81.82849577268092, 98.29617930171226, 26.25390827481435, 67.48458812300152, 39.66712273971976, 106.66826675472262, 79.30682103975889, 81.03902624125794, 51.57264465239561, 72.40938375717131, 29.734204856495417, 94.7505283375587, 87.00007047453325, 74.78274427448179, 49.80500622945007, 70.76384960594115, 65.56948114507409, 66.70488764051417, 9.092241681958184, 46.37459698304852, 73.28519309028974, 12.262398099413938, 23.920936769266323, 64.63158572726024, 49.57308749921453, 22.36618011973481, 81.01752481754986, 96.00590467307384, 60.12599545039074, 35.6146399938631, 54.33198771078044, 26.379384527450785, 62.31709792312332, 9.339693014175712, 57.718070631085595, 46.005619918407774, 56.15397255860076, 18.84591371677945, 60.8910636507081, 87.40341214895328, 32.3492580121236, 60.08446014781066, 55.13782684576294, 50.62595050296694, 46.897296873315824, 88.68795549815727, 63.83725415322544, 42.65042258154267, 84.12277036563798, 15.216766589886142, 48.03340787382515, 26.63382622658606, 54.47005423670095, 80.08661564107486, 69.7526398499264, 53.044616811072274, 92.21468258804776, 71.78767340512572, 5.2273377660515665, 83.09065028626992, 76.1874949746571, 39.56544125638908, 55.4209095077506, 100.70820987186461, 61.99265212097763, 91.17085203489601, 46.4835662122285, 78.45348646662268, 35.41594271770092, 95.74329431252171, 56.03557951626317, 103.5979809189543, 35.14217135579482, 74.11567034697028, 21.88240521049852, 52.78888685027641, 98.3384935541243, 97.21946375142743, 45.22369052771377, 20.498535381047017], [78.88879300883912, 85.56226648356646, 57.685385227686325, 101.44097112828537, 93.63065060868291, 111.27229560724157, 60.11013985892894, 43.61528781046557, 45.9978943471675, 108.90628641927258, 33.592006808219146, 0.0, 95.16822141941118, 99.41362775717377, 8.64103067874842, 85.71265139414604, 13.661137713132192, 121.28041438657701, 102.57045110189028, 87.62718321337545, 82.06662752238599, 89.23473380967293, 34.695339898206335, 80.23868605109045, 73.80254167917822, 88.53074612837791, 78.53948195132584, 63.49305419973465, 92.23586036133406, 94.08299027660642, 36.99254475882112, 71.52719469742833, 89.87060106962863, 45.47642963017663, 28.655094795083286, 51.12108573733435, 78.74408691652602, 18.026511925003085, 103.78220367982622, 86.4781190541003, 73.08517800596826, 42.22352827680207, 39.09335869921871, 23.640798215289006, 61.1141665956248, 35.743416079352514, 54.83485470052243, 41.546479953238496, 71.63857496615776, 47.86319428056235, 88.20372325266933, 73.8503631546753, 44.20555479289723, 44.69607472839907, 52.19142745727134, 72.30928872059889, 67.95187501859972, 85.8448330683087, 93.24030593000631, 71.35885129112413, 104.52488337386897, 30.727465578953012, 72.37814106372731, 59.697312478711645, 86.35165914159009, 95.05196658571762, 88.94511031376715, 32.54054219393043, 110.20253383170976, 56.73182535712205, 32.12178622895848, 104.62744073407332, 101.48525912085933, 58.97405054673981, 54.79245113627063, 86.44988784741055, 88.76080366306832, 111.91717777843039, 23.867617771118116, 70.51309707143027, 24.290661577782995, 100.47000641226, 85.26831125833756, 120.24890884606997, 14.879028749519149, 92.16816774914442, 46.15836010975845, 82.7118834596383, 104.07824389276763, 86.94009737783091, 28.64774793572717, 16.7310070251522], [65.86394426643437, 10.786486545427879, 38.66971339001821, 20.32154068831367, 74.69145142668565, 17.802032548704666, 46.91745854956357, 52.91739747452302, 59.09949806249825, 13.738117126325974, 81.82849577268092, 95.16822141941118, 0.0, 36.40285224108275, 94.75570466641291, 18.144412322676644, 86.90535338560494, 26.11290903478672, 31.748934390148868, 18.648872253887845, 58.47635842168606, 12.514643099326179, 60.70840799807695, 72.97787993408964, 67.14488946745327, 7.04746058180444, 51.593611207775446, 52.27682083238484, 42.84445602840055, 45.736541103182326, 72.74230409279741, 43.236390698005735, 11.529671364005711, 76.51764189727007, 67.49357868230435, 65.23912019457578, 53.179464353108465, 78.32277729253254, 30.364720978771178, 61.34250898127193, 22.374119431319613, 53.00646018270339, 69.61548019073278, 71.6746138655193, 42.5597274352672, 72.57402459870539, 47.81219427392114, 57.02236765867512, 25.67465672674318, 65.53331650778563, 45.2995809443811, 68.0976811029645, 52.25188641516079, 69.04834163685342, 49.26969271584295, 34.88051434189346, 36.96618845858225, 42.89436762913189, 54.29123148477665, 53.21934846749012, 22.944700834573755, 70.26684657251539, 40.80033278539477, 73.08892070196077, 66.26822171135684, 4.776657895096686, 19.052944305724864, 78.1803206563824, 19.586289898653288, 68.40546147232105, 77.52970894391633, 26.559554811605576, 38.8354144711719, 42.46818486562167, 45.30150784139612, 74.95075295615068, 43.251566532071415, 27.58715280952543, 81.83643251591361, 53.55232183116903, 72.2165068251608, 26.642199161030675, 52.952159344677874, 26.09902712427595, 82.11864015257643, 14.615588873130116, 60.22862400355064, 55.92101886720151, 25.774205118549755, 63.647936620550574, 73.91132558495087, 80.85276749700196], [96.89441423670866, 41.571459905132954, 45.662611310793515, 56.593698185725394, 108.0848208182052, 48.169730068689695, 71.25006871833354, 66.59984029053788, 54.09974130958843, 39.860877427719345, 98.29617930171226, 99.41362775717377, 36.40285224108275, 0.0, 102.1454805244245, 51.589414491888476, 87.5879314434546, 46.474109863775126, 68.1516891909355, 21.026213317421732, 90.68742850257146, 47.12458139647042, 70.19076355493259, 45.661655071020846, 42.945193591019, 38.804067707463865, 83.21566269256385, 38.30721484171251, 77.91187699351681, 80.97660958440387, 89.9851437917718, 72.5116076949345, 46.356873786164925, 97.19012837690214, 77.34401382792622, 53.6884659467512, 84.80472156271793, 86.44360287078509, 66.7322480675864, 31.303186930232293, 44.02802219101472, 63.09300205103516, 63.43182165733318, 79.0739922598574, 38.41120630290582, 89.24384261333128, 44.595527669948, 58.013797292927, 50.04057387738544, 86.68806325546083, 79.49776716629657, 43.79985976787743, 65.97832754652372, 59.83659449037177, 47.272679728234486, 63.63411388719864, 63.62371757191868, 16.08762039844731, 88.97250456668887, 82.67731907547392, 58.94194144568659, 83.78259201408225, 70.2629388094957, 98.47536686374505, 98.92461982962764, 41.1483524416262, 53.89567477366716, 72.42683512054542, 52.55865279351161, 52.78954158759987, 93.20523365548138, 62.75497704513951, 75.12855520116635, 64.66210802033824, 45.095529015765436, 45.232528877211486, 77.6482108469219, 62.26772917055701, 79.24202546618281, 34.02627950476375, 75.23887635715772, 10.647416946925157, 86.17358117883826, 52.205084001700044, 84.60273674481583, 50.36525057634234, 79.80869472854083, 88.41510758058227, 14.038484997562641, 33.3898293619653, 72.0392482289264, 89.55062245375046], [72.63685115207187, 84.72413788463999, 58.62922462624198, 99.31401632516351, 86.9904711062779, 110.16665391988911, 56.41122375979358, 42.06612843916979, 50.05594034624634, 108.44098558905735, 26.25390827481435, 8.64103067874842, 94.75570466641291, 102.1454805244245, 0.0, 83.86649209917493, 20.629424834809516, 120.76776090832259, 99.46732837747581, 88.85464276143571, 76.44010210659724, 87.81680890003152, 34.16790267192224, 86.3543958791595, 79.55718056840867, 87.92472784240061, 73.51612489748113, 67.6887560475197, 88.00150885662782, 89.63018328657877, 31.05052675890408, 67.52780400201809, 88.52575330148547, 38.438237086194746, 27.262522027901653, 56.52488783866788, 73.57420650301641, 16.49482193347899, 100.83723412751577, 91.56327645151728, 72.41878389558177, 41.95648176508879, 44.526897747920344, 23.588021356913888, 63.748614381598834, 29.98490327925518, 57.69706457675673, 44.21594266690797, 70.28075813864602, 42.24586658426552, 83.72959631420994, 79.6844148327985, 42.709522232939044, 50.372824771678076, 54.97362416530903, 69.30190829041862, 65.02968553580543, 89.36679554013185, 88.08192246448034, 66.27357975042383, 102.2744291947138, 26.674087442470142, 68.6250592989235, 52.803111259085455, 80.15903308043612, 94.20624744026641, 86.87638322192991, 39.07618067745075, 108.68026370455891, 62.6322713015666, 25.694623265590536, 102.05027236861467, 97.75144385913221, 56.25266739730821, 57.077496253745515, 92.5709957266808, 84.46650458051151, 109.62440049846786, 30.552946097893855, 75.00874646855203, 27.319293019131397, 102.32589153263208, 80.12454661792577, 119.17219262485469, 19.717995366046, 90.45251489331297, 41.67467366375834, 77.3034088878062, 105.71909211029624, 92.19892599281475, 33.87302611251959, 13.919867764219303], [47.726005554388536, 10.039977802778676, 35.034331137982356, 15.905246555592367, 57.052462566917654, 27.288735131630247, 30.97715831857331, 42.1059531675773, 57.39228704032914, 28.481405989942527, 67.48458812300152, 85.71265139414604, 18.144412322676644, 51.589414491888476, 83.86649209917493, 0.0, 79.60221783284116, 39.55145073317636, 21.480616281647272, 30.981033248004294, 40.43770973696606, 5.753995875331888, 51.19726210123407, 80.70654535626787, 73.77079118769144, 13.004201740270657, 33.462707800374716, 56.09844278809979, 26.391083181989675, 29.504110799032418, 58.462043021027476, 25.45042830589945, 6.770144020581864, 60.675789264787994, 57.107669589975615, 65.95542382857263, 35.052356825504695, 67.96616829792949, 21.437009364642808, 71.33084760331874, 16.211296394183112, 44.199764187395786, 67.16290581640989, 62.163172309585306, 43.90874448866761, 58.556478056411784, 47.31037581991193, 52.53634882752634, 14.55126888887198, 49.91315174748768, 27.977107881065955, 74.68592790271586, 41.508972564664646, 68.16909967576107, 47.80317839577886, 17.715366216211716, 20.74857309688204, 53.896192195018784, 37.388367728474904, 35.22288485283948, 19.166779771519728, 57.85321459603371, 23.03029914757624, 55.756547121972986, 48.35649689626141, 14.396714195365654, 3.8700040220228855, 74.6974118168493, 24.948783745524093, 70.74634949591372, 63.70884177896739, 20.294437539494577, 25.902169174770464, 28.196623029551994, 43.82321488504144, 83.84980675958055, 26.07818001995572, 26.512358192852467, 76.49139331584122, 59.67419794408679, 64.85791303901613, 43.06358459838986, 35.153758288967325, 36.117930210785225, 74.24853697976506, 6.668058823340304, 45.6044597821134, 37.92673555212654, 43.05577077253734, 73.56818795949141, 68.86232751451728, 70.06147071522977], [80.6828772489866, 78.01225581047794, 48.418316048467354, 95.50607870402229, 96.03177462758246, 103.76152973850755, 57.66936123278311, 38.65543893001148, 33.57230049637777, 100.56268348826538, 39.66712273971976, 13.661137713132192, 86.90535338560494, 87.5879314434546, 20.629424834809516, 79.60221783284116, 0.0, 112.89387446386934, 98.13646802952303, 77.44052449401237, 82.49976451868407, 82.43909712570188, 29.041712282819788, 66.58104350423783, 60.1999833445836, 80.61713390940807, 77.88155861545889, 50.713968097447925, 89.8666592420789, 92.07183054368006, 40.014998023384805, 69.20702841295136, 82.96036741112047, 50.11449043198092, 25.30963527648279, 37.69234045786681, 78.35880177691665, 18.142631050305635, 99.07900933425947, 73.07922591690894, 65.5439900700734, 35.42792568607875, 25.742992125389268, 19.360689005418067, 49.778156460758105, 38.54972170384266, 43.38886396877339, 30.77000594849858, 65.1170623130342, 49.47487591305715, 86.33374954060439, 60.231131220112765, 39.117788559021946, 31.184558599513743, 40.896140361841894, 68.30635586237076, 63.94072244795604, 73.42574828973167, 92.55155411862138, 71.0011155177848, 98.7364397970789, 31.259770896320763, 69.61104888192617, 63.42139135224728, 87.87390425325393, 87.37069279489019, 83.10973039288483, 18.87971958145914, 103.28385772725255, 43.1175566766071, 36.53009992111197, 99.33659575672675, 98.10774198278257, 54.969598020302755, 43.98163061505273, 72.79110847916034, 86.55936015983377, 106.1076377146639, 10.207317071130989, 57.480297378906755, 14.808571976966217, 89.48412083355096, 84.6946112392379, 112.61828199600696, 5.802063270393752, 85.75689694937957, 45.81997585599207, 82.70072390124275, 93.29027116384451, 73.47089725871604, 15.690867629286986, 19.251996362835595], [83.45107935570086, 36.11742607288786, 64.51944191005586, 29.344546050267137, 88.55136004974034, 13.038167371395838, 70.49937445188631, 78.80376017532251, 83.94707420273735, 12.37521665676416, 106.66826675472262, 121.28041438657701, 26.11290903478672, 46.474109863775126, 120.76776090832259, 39.55145073317636, 112.89387446386934, 0.0, 39.3829820635749, 38.86414952401036, 75.19870539406935, 34.30791057359943, 86.78683312565211, 90.62883740321446, 86.25847019888312, 32.8439981762501, 69.62841688425424, 74.55061154821979, 56.1612257635799, 58.178662701968996, 97.58937636561355, 64.28139306513302, 33.4053217417521, 100.22543905568355, 93.51025776039353, 88.81584534513176, 71.06618036045904, 104.36871601552895, 37.061198777400534, 77.03356336086503, 48.35208824372116, 79.10501819095813, 94.52241040774588, 97.77201728692495, 66.77766971229175, 97.5607137116936, 72.5500500329435, 82.71965717819036, 50.94073758286783, 89.43200482348095, 60.24228891540022, 87.19580742198272, 78.14543463889252, 93.3152915178986, 74.30179940338179, 57.209003094612704, 60.2686451266338, 59.21645782260522, 67.19648918642014, 73.22535849040017, 28.820051394075055, 95.88164965498979, 61.954529429846296, 94.74595282122709, 81.80422123484819, 26.738462589207842, 38.096022738989134, 103.3267772213187, 17.82435521344392, 90.91006648578397, 102.63264527248872, 32.4194449016761, 47.392946087056295, 67.10809818139859, 70.46435196007798, 91.12379332401697, 58.06612083376014, 26.26332138133809, 107.48646456798821, 73.9899182487584, 98.25582897647527, 36.241700304542825, 68.73637460208295, 7.999285977864359, 108.1794621531635, 33.19921214444405, 84.82246164736685, 72.48376703756036, 32.439586121433884, 79.24830898478713, 99.55326684310043, 106.85247221256787], [45.89073430607369, 29.605492050312936, 56.14971665798576, 11.953743285988507, 49.26505856193974, 27.020588539408095, 43.20037821906101, 59.57455960026747, 78.49539492174033, 33.5914091620097, 79.30682103975889, 102.57045110189028, 31.748934390148868, 68.1516891909355, 99.46732837747581, 21.480616281647272, 98.13646802952303, 39.3829820635749, 0.0, 49.30469193116649, 37.417052401077974, 22.841158859282295, 69.13591689284264, 101.60705814278899, 94.88975382368028, 30.739962004767587, 33.38611441718337, 77.5144430239926, 17.592460245636804, 19.088335337194533, 70.87358365190403, 32.93678212312256, 23.233710583247685, 70.01335611214051, 74.09008047150813, 87.34702981285884, 34.54002810048055, 84.54635214539076, 2.3692625988019986, 91.42772281589986, 37.61796315296442, 62.95634183211085, 87.9838759345193, 79.64652906929236, 65.38935324417612, 71.36674352163814, 68.68837991934386, 72.99014829292827, 34.91750442900667, 60.52106604758506, 22.315808867668505, 95.81635443785991, 59.07467664776584, 89.3294574392429, 69.05793958688518, 30.264438294482645, 34.61878345148388, 73.3894801900128, 27.97269742385608, 38.895906916748466, 10.871665673881486, 72.80268333648205, 31.323769037119693, 60.992570167699256, 43.10424713446056, 27.016056081506836, 17.662270929923288, 95.1165895877535, 21.676264537488706, 92.22197208896746, 76.52850122978121, 6.981916224861866, 8.094560286645581, 43.614468682545805, 65.12381383037713, 104.4197080938455, 20.288502776188256, 14.29310024866508, 96.13667728666852, 80.81001494735942, 83.69948100602173, 58.249032494199895, 30.700833542381, 32.50907067071677, 92.53906289737061, 18.77247087647023, 58.41328904871013, 34.74522897744382, 56.86741094875067, 93.70683640934163, 88.77000519985826, 86.17224341275295], [75.91419525674544, 20.956031207145774, 30.23064538695361, 38.55038801903645, 87.08812624346857, 34.90726903133867, 51.09501748106483, 49.61462310219892, 46.113720577307284, 28.054037775101985, 81.03902624125794, 87.62718321337545, 18.648872253887845, 21.026213317421732, 88.85464276143571, 30.981033248004294, 77.44052449401237, 38.86414952401036, 49.30469193116649, 0.0, 69.66134365546654, 27.061020559347742, 55.124147651019605, 54.45650166755183, 48.9134845031106, 18.73403272520142, 62.19180340489198, 35.70103670146452, 57.37035874753747, 60.48474603353853, 72.29994249876945, 51.588124549655326, 26.428119341885022, 78.45013025277713, 62.353109341354255, 50.05316704231348, 63.78181874993812, 72.49193897572918, 48.223465976018744, 42.70797636423985, 23.43712909308639, 47.45528089386299, 56.60239024119525, 65.26927695837888, 28.67108978878292, 71.75421665231077, 34.846957914725095, 46.6706353840837, 29.326310980423226, 67.64296865617011, 58.688923805159035, 49.86710230481293, 48.95053355758553, 54.836505195028465, 36.9795201328655, 42.691673945171026, 42.912331506959845, 24.306970652435183, 68.23401582580911, 61.79211629974806, 41.39706473377643, 67.39887931945347, 49.31064629058659, 78.42908086151495, 77.90166752784712, 22.84284717852516, 33.64004727737689, 65.6209675480403, 37.79568732042679, 52.06443116398229, 76.16418410673752, 44.80568697487421, 55.63677581500422, 44.84869144017467, 33.5347446310928, 56.30747895179166, 56.89640103951322, 46.22965266615791, 70.73466520137299, 35.73262601624676, 63.51043038327596, 14.910925174176757, 65.19666693099144, 41.751962425055645, 73.4190881537656, 30.739393706383346, 61.12147327690107, 67.39424205892294, 17.315018423354303, 45.01260259732401, 62.90618989874489, 75.40115662905383], [8.477593439700978, 49.826946635336434, 58.00758554348347, 45.855744552023694, 17.94650731348078, 62.19536446799079, 27.71466340652708, 47.51866168467196, 76.27327442181208, 66.58068531948035, 51.57264465239561, 82.06662752238599, 58.47635842168606, 90.68742850257146, 76.44010210659724, 40.43770973696606, 82.49976451868407, 75.19870539406935, 37.417052401077974, 69.66134365546654, 0.0, 45.962647561821726, 55.89949125034938, 110.56597404018609, 102.71367457901225, 53.2734090571671, 7.599943994924528, 83.50160014794591, 19.85467162617456, 19.058485832420324, 45.39034776128752, 19.479401143943605, 46.94740466524141, 39.86123604719745, 57.39415662327474, 87.18412197748569, 6.1012278184449045, 65.25977030133525, 39.73506920804085, 104.66337201522876, 47.62284064338366, 53.499807424106, 82.68235259218923, 63.29123099451228, 70.64286375339407, 46.49550720577992, 70.60301566266149, 67.71603743118688, 41.64556936620499, 34.250743484339, 15.155025553877458, 103.49502112178254, 47.41727798086697, 86.34379515547681, 69.50908960152786, 27.664756851686068, 29.216641464779272, 89.53794210156563, 12.840