instance_id,num_cities,city_coordinates,distance_matrix,best_route,total_distance
703,94,"[[1.2494016688303633, 79.31250632407716], [19.159133440001376, 38.22938175444334], [82.01176606429205, 55.35062479311914], [76.43988883026027, 12.283698756848448], [91.84950888740379, 71.89254519580422], [32.891076289997436, 66.19358378304442], [17.12059202545587, 95.80971334016695], [49.266704219144174, 21.2543505191384], [76.43159768840276, 55.55728341214432], [49.4223312673123, 58.817188440504964], [44.00834383472505, 81.12708848530815], [76.72274983393156, 35.362659800546034], [64.04578871688554, 7.56781465084666], [63.95689019990643, 81.88231615535435], [65.27118996717991, 48.46099080663638], [64.20037091346772, 73.78430537273437], [78.48171438255108, 64.15776486351277], [1.2431775733847017, 8.701955739022438], [27.58144553731884, 44.58869589080615], [93.54437231540753, 44.9319117275219], [49.32628808175724, 99.7798695062365], [24.343022839060925, 41.78768951794542], [51.12754293705473, 68.93189656368384], [14.137305725390137, 18.69866831725526], [53.32372864031674, 39.93760190022165], [13.2559695617134, 84.5020772214405], [25.31740555701656, 65.64789810426268], [13.019160524644546, 52.14058842744773], [75.4581161090305, 40.23937766966432], [39.3362757899313, 10.444849327166983], [68.52869156329461, 42.39595004532376], [47.35340889631032, 3.85536620525353], [83.87358588064909, 0.5249493340596989], [52.56609477991796, 33.820442645875005], [44.5376421975075, 5.121279275419177], [80.8105327459638, 30.79936863734989], [50.866897840405656, 51.778067240468374], [84.90087130695487, 91.18710652347124], [69.89633765980152, 1.2762887481792218], [11.016161537147017, 45.1004645347751], [32.36827691578779, 0.6442675955787402], [91.27456212737302, 83.02765740619888], [40.43770306872714, 21.739426287918874], [64.36631613647322, 65.42360104243767], [14.966476276058593, 68.21648882948463], [5.8793849022991225, 69.36242433484801], [71.10220173212696, 84.74395300406816], [27.66335759752273, 11.180520709162156], [35.82018490371923, 81.72040271652321], [87.09150918200861, 80.44624424199141], [14.280330713375522, 26.95042765172484], [54.652263194220964, 85.10237315067982], [47.97018735639358, 7.896476437610356], [2.6207614533927504, 33.526104703522144], [82.10826378778002, 65.58713596129476], [39.32893131538609, 81.51745070618253], [33.86138567240372, 42.55454185664076], [67.79436765284976, 47.340624869251116], [8.464183493790811, 6.229071465400615], [24.525605122320194, 23.943814101995965], [8.333009883146236, 57.4664520564761], [72.67078804496684, 0.18741405385573895], [68.9607516992049, 66.57968763154935], [51.11323021628914, 47.16021577140891], [42.905982641523835, 43.84021373417385], [28.731716834367326, 78.86492506060776], [4.97153461057388, 28.55360145202236], [52.888033682027334, 25.1353345688242], [37.696765194924964, 83.72948367086644], [47.79850549183606, 25.64833046558993], [6.614004007930275, 25.87536235754804], [36.54011612665635, 91.09794468191727], [24.712595708484443, 52.2599343285827], [83.38532656788477, 56.07507401368057], [69.90148110883203, 57.44728226284595], [64.49361549270942, 55.637111007613015], [13.664482779336684, 30.9836297482038], [14.421977379216033, 18.839827689273157], [10.310880244900368, 9.109276218417184], [70.60234952974763, 63.84786719210594], [6.987976288280084, 11.610811209138827], [7.307403174792226, 57.120926388098106], [38.477266498038496, 32.848014162553575], [90.00838651876937, 52.47702436826239], [52.49423351278833, 20.169314752988733], [16.66362431827375, 33.89192921027426], [67.85182166695672, 23.194139831834313], [81.79699116886721, 88.99011401125317], [13.862912480833467, 43.873883220009425], [21.636444883257056, 87.82201487574497], [80.51368457905224, 43.32585027626963], [55.640392769859545, 54.266088739552686], [17.6684329146796, 83.24756223286873], [5.011447257445867, 26.407111462359577]]","[[0.0, 44.817202238865185, 84.24209915030018, 100.72968978140325, 90.90343916025445, 34.25349181425779, 22.892193487474387, 75.34195909105972, 78.84588266942687, 52.351592155816725, 42.79742800176413, 87.33736481422213, 95.34509431311116, 62.760123011701985, 71.06761137565816, 63.19323962733439, 78.70512255149913, 70.61055085937183, 43.57888875703168, 98.49054214220382, 52.25227232180323, 44.06162973708381, 50.94689426619173, 61.9688262668282, 65.28490352233838, 13.08011156929368, 27.676530291255215, 29.611490095994615, 83.86681513990779, 78.69792983656343, 76.74200268552892, 88.42714219821484, 114.16757400034304, 68.57791809000288, 85.89650714117616, 93.1852891098384, 56.74540740875205, 84.49008523201711, 103.93292584403353, 35.578833619419164, 84.59950461604204, 90.10178612629909, 69.64468760400207, 64.6269802933581, 17.64312160646661, 10.97455586047035, 70.06364456492736, 73.07300822898897, 34.65453820945285, 85.84959396508856, 53.95917340595188, 53.715809376475356, 85.3409698797004, 45.80693398403214, 82.01549472366095, 38.14331340918214, 49.139489745403765, 73.82705264044982, 73.43869230537945, 60.06224875570183, 22.965791786848847, 106.59171946572786, 68.89812475526956, 59.331030542150245, 54.71338300560729, 27.48595961296079, 50.89519326465241, 74.84460071102357, 36.71402997336768, 71.03986794255468, 53.70574749089929, 37.206600009007225, 35.81009810254462, 85.35975878248117, 72.0499551331168, 67.5304000105981, 49.89804154539988, 61.89072315068005, 70.78561938171354, 71.0562202800093, 67.94446820822911, 23.00359976832288, 59.53875167964205, 92.72702132276527, 78.25567008166242, 47.96485260310438, 87.09278619589861, 81.12687757342405, 37.61644138560535, 22.09170131107627, 87.050938873598, 59.88073936392747, 16.88399396047893, 53.038983705243396], [44.817202238865185, 0.0, 65.14284604615807, 62.88293412596424, 80.10679905953113, 31.153857699039047, 57.61640596757748, 34.563239195143034, 59.83637135508278, 36.6021710678151, 49.57516011077047, 57.634954906796835, 54.35939218933739, 62.54932207889914, 47.233542964323846, 57.38349646582803, 64.74140607320818, 34.53766584050971, 10.553493134956026, 74.68659632485102, 68.54574940624147, 6.287627807168704, 44.32407496364615, 20.165999131230677, 34.20727380642682, 46.64771901771172, 28.101589889052846, 15.205950759500618, 56.3348518516455, 34.33798648161692, 49.54506595627661, 44.45773401200479, 74.89716001849557, 33.696643898610205, 41.71588614085024, 62.09750503283851, 34.48114269670845, 84.41858036285221, 62.767786122909506, 10.654565687293273, 39.83870326326893, 84.89711747835763, 26.920181216561126, 52.75618380849496, 30.278787373743228, 33.8469800948016, 69.72580356035236, 28.354236233203313, 46.573163304640644, 79.98169260678218, 12.288918654485524, 58.79489418462735, 41.83493722635679, 17.194143275696028, 68.63701426186984, 47.75644103055001, 15.325248142030853, 49.481317262536066, 33.7402106239271, 15.260290346837458, 22.074189114747675, 65.6558335952996, 57.305680561013375, 33.178669307658396, 24.40070250022762, 41.74783506517739, 17.17290554930907, 36.18138724863599, 49.131487515503146, 31.280928423820313, 17.60687558104168, 55.65234501052108, 15.089643756668142, 66.65937755418645, 54.25968620343602, 48.56175759524121, 9.093520111522668, 19.959846051269857, 30.434719171267478, 57.469220264208026, 29.269187967677706, 22.301434234699904, 20.05366255842229, 72.26764131940676, 37.91299140083449, 5.004104350385248, 50.96112622812467, 80.6235273360647, 7.740177856038397, 49.6544694049882, 61.565858532699544, 39.85044859494832, 45.04285472352164, 18.437003530377662], [84.24209915030018, 65.14284604615807, 0.0, 43.42586710849573, 19.24620259849863, 50.30319993359958, 76.47092463280656, 47.27361837863778, 5.583993811609417, 32.77328674252815, 45.92043316034252, 20.675890240309958, 51.048734432304805, 32.09219825782087, 18.102871168157293, 25.63291588817183, 9.488254902525298, 93.27198513665381, 55.48404190726808, 15.54189785343201, 55.157032704133336, 59.24219069595749, 33.73849701867169, 77.1382413580047, 32.56631336114651, 74.68043071236727, 57.621908602312956, 69.06724225433018, 16.471190526559432, 61.94938369633365, 18.698045240629153, 62.07224322202748, 54.8572790299582, 36.47733955047877, 62.66815068852436, 24.580625303503965, 31.34909861782712, 35.9527516598249, 55.4149566825187, 71.7317338943965, 73.87328023488966, 29.18591312896871, 53.46134471667521, 20.318138538618562, 68.2685970281391, 77.41104564461436, 31.352612925149003, 70.03390320165225, 53.18860176620019, 25.60456806244942, 73.44466306250881, 40.41916535047505, 58.40141502628753, 82.33614813840308, 10.236965991289736, 50.065229057370544, 49.82167069058179, 16.31853291108142, 88.4430545791618, 65.50607954712554, 73.70912994608672, 55.948491395406734, 17.21687626101568, 31.965642766777478, 40.76459076029518, 58.23818303323703, 81.56762668109053, 41.96612385260459, 52.622988638570334, 45.307543382067685, 80.95439221409507, 57.84065894578784, 57.382465013377015, 1.552898943976064, 12.290442394307965, 17.520492966801353, 72.5610197003382, 76.82068627428056, 85.31869282456532, 14.225959160839544, 86.84319388827535, 74.72533574674164, 49.006327526912, 8.497265330369647, 45.923951311585355, 68.78121288386026, 35.13607192616962, 33.640174837724324, 69.108478798738, 68.55341407698951, 12.11773288686839, 26.393664919555853, 70.13061841534922, 82.26041612029327], [100.72968978140325, 62.88293412596424, 43.42586710849573, 0.0, 61.568425057723616, 69.30205463912756, 102.44693302187827, 28.615634799005814, 43.27358544957989, 53.80812279578404, 76.10004875229723, 23.080694383053313, 13.260968310104502, 70.70921296824781, 37.86206933528359, 62.706701499580056, 51.91423490743716, 75.2819650839141, 58.5726926206623, 36.85741669558687, 91.60091288494506, 59.871269545048726, 62.0462180102835, 62.63197023885003, 36.042963543390776, 95.95677069487749, 73.90024403216574, 74.90500939876486, 27.97291299011615, 37.14915164403502, 31.134140743838234, 30.283000256717425, 13.911435577426728, 32.15259522495319, 32.696385014936176, 19.02452520725772, 47.050855572318085, 79.35575581932846, 12.805511978025853, 73.1929245832338, 45.58270872269231, 72.28260660223228, 37.223220746595565, 54.494223294897324, 83.11111511927072, 90.75662856329781, 72.65658503624638, 48.78900491814849, 80.44511298931319, 68.98977912076514, 63.86645130083693, 76.00828883306761, 28.80575674564909, 76.81473411452696, 53.60398205793473, 78.55275664579007, 52.24225180001188, 36.10724449303094, 68.24481685541303, 53.207622976136015, 81.73143921192052, 12.669894409408272, 54.80868453180367, 43.10233260063269, 46.047111763813575, 81.90927524586037, 73.2968989015292, 26.830102943652747, 81.27441055463274, 31.606047210128356, 71.13640074290993, 88.3384243833706, 65.37440067941661, 44.33873760327314, 45.63441739120641, 44.96923170836057, 65.5014429149449, 62.36348424621688, 66.20515640745141, 51.89354807203525, 69.45517211403862, 82.39949972275313, 43.17466574791546, 42.421781589511546, 25.210659416638748, 63.561918019639236, 13.884978287781058, 76.8932551440468, 70.0986285418856, 93.32445912262587, 31.30832130213273, 46.852322301317045, 92.14094610910118, 72.81135249376402], [90.90343916025445, 80.10679905953113, 19.24620259849863, 61.568425057723616, 0.0, 59.23322492931677, 78.46299731341928, 66.16284466017963, 22.462251963705256, 44.39628762729088, 48.72426360001114, 39.53797372719676, 70.07651400435013, 29.627583449724643, 35.432256175943145, 27.71377973623901, 15.444246718852071, 110.4651884988268, 69.82753148751985, 27.013854205770958, 50.85201239755412, 73.91500520178441, 40.82944955769383, 94.17417404821934, 50.053512810498525, 79.59864773753627, 66.82451938370542, 81.26723582830292, 35.645487395360234, 80.82981490708745, 37.601989922553535, 81.29551426376254, 71.81190073306075, 54.7053161631714, 81.83406798084336, 42.5500664384391, 45.65267387180322, 20.50764884260336, 73.9499655282216, 85.15776905247314, 92.81343662347594, 11.149945637309191, 71.82276180797979, 28.234254412755046, 76.9708652278609, 86.0073469512071, 24.40511087558728, 88.35050613705688, 56.88472492256812, 9.787968561927663, 89.64804142835465, 39.473214231380005, 77.59440491765662, 97.1275096184925, 11.603880458949117, 53.39522333113739, 64.987236238563, 34.372177870128525, 106.1357822477515, 82.65342601294016, 84.75327586112954, 74.22566379114542, 23.497269226835403, 47.656400606083544, 56.412782787364044, 63.501730327838075, 97.08782858459759, 60.862412832510486, 55.431333755248154, 63.867192643566916, 96.86419569907268, 58.54892225296562, 69.94858483670343, 17.939754093503353, 26.275112646214392, 31.82112575111852, 88.24079368760265, 93.85954117871658, 102.90911924794133, 22.719124651993585, 104.09306973814935, 85.82288949063977, 66.12920429942912, 19.502619838908732, 64.99330940375638, 84.24348077876567, 54.29018029923957, 19.833808809215245, 82.86709019867378, 71.99737746011695, 30.733645592014906, 40.271479451566385, 75.04510939683614, 98.02945286783944], [34.25349181425779, 31.153857699039047, 50.30319993359958, 69.30205463912756, 59.23322492931677, 0.0, 33.55329050752579, 47.82986385535305, 44.8208421298061, 18.102309227676873, 18.61728230310716, 53.588818603106084, 66.38973499528257, 34.80260216327309, 36.91770057051515, 32.2163154949701, 45.63606951041386, 65.62679931498376, 22.247772013529218, 64.2719302444124, 37.39190788552914, 25.859560952948524, 18.440907587584896, 51.06340084142838, 33.26965384100241, 26.846570511238443, 7.593303709956461, 24.33885195833408, 49.85552821835271, 56.120067623140685, 42.852852809144984, 63.993846854143854, 83.1359479079614, 37.883065077496106, 62.17289502114308, 59.57369195219454, 23.04207624328598, 57.70350904998901, 74.7237884725557, 30.388016965017353, 65.55140099059687, 60.76197374405163, 45.0901729242511, 31.484656530030765, 18.038387690883287, 27.196930379493384, 42.47594973382541, 55.26089170017615, 15.800689335089617, 56.04306608171468, 43.43253566239113, 28.82865884549872, 60.21571485416222, 44.53600958458442, 49.22092364180492, 16.62127777296223, 23.65894764134397, 39.669557695610116, 64.74886739681418, 43.069991246329266, 26.062644797030647, 77.06646423462618, 36.07174185297151, 26.34987650027639, 24.49431570327262, 13.336534814321906, 46.86436895412891, 45.66900626766116, 18.182475923995064, 43.198946885131186, 48.125289678425176, 25.170273806830764, 16.15655073776598, 51.49809269360019, 38.02982849206976, 33.319057632492736, 40.11736234051002, 50.828002427447466, 61.38797458434327, 37.78415694028521, 60.41729596360358, 27.14474981044673, 33.810243038987686, 58.741221726731396, 50.025164795854515, 36.14868027512432, 55.41846170208841, 53.95804203809559, 29.32984915017331, 24.3814634432243, 52.82845876977315, 25.686504984396876, 22.859725551702937, 48.582271403438035], [22.892193487474387, 57.61640596757748, 76.47092463280656, 102.44693302187827, 78.46299731341928, 33.55329050752579, 0.0, 81.19036060114773, 71.68021699088591, 49.11058191979606, 30.63544793185462, 84.88971372933376, 99.94301760916382, 48.8631887930942, 67.5305975666055, 51.977150520934956, 69.0437048491112, 88.54294847125088, 52.27831371366505, 91.81037463567215, 32.449483793334, 54.5026840137803, 43.34616182517307, 77.1687324094006, 66.57597117212745, 11.949809261272328, 31.255765074558703, 43.86130653547067, 80.56878379828001, 88.20825705726848, 74.13381689492235, 96.79682418837294, 116.34065686736952, 71.40765607921031, 94.74221188706173, 91.00963392608998, 55.47611210606971, 67.93772702453154, 108.26748215577096, 51.075355955624325, 96.37921953554624, 75.24753973237337, 77.65368691444516, 56.17360828133244, 27.677179291949546, 28.73715075153718, 55.10413086456716, 85.28335213441879, 23.413317741454716, 71.63773747446076, 68.91783738513121, 39.02913622735865, 93.16885077517942, 63.94914378958699, 71.67148431914536, 26.40982970818717, 55.82443427093078, 70.12192291670934, 89.99791557231882, 72.2463957043926, 39.33735229749487, 110.58683646170084, 59.51299486604788, 59.348741055438495, 58.0147848269777, 20.541277203893763, 68.34459877986498, 79.20970709055467, 23.860235773416573, 76.57515276852995, 70.71917589402568, 19.982959745892757, 44.20658064000136, 77.26484715822926, 65.24950858507565, 62.1131333181516, 64.91814696210379, 77.01717872085788, 86.96745351932941, 62.30455838010723, 84.80639729258468, 39.91391876578096, 66.48520969253345, 84.7959463632273, 83.50308024559047, 61.91947037113123, 88.58148326192531, 65.03494092535782, 52.03789894187997, 9.175851665749638, 82.29969663138961, 56.65375357684012, 12.574091222927379, 70.45106482106608], [75.34195909105972, 34.563239195143034, 47.27361837863778, 28.615634799005814, 66.16284466017963, 47.82986385535305, 81.19036060114773, 0.0, 43.75640115752477, 37.563160310135984, 60.10320378730283, 30.86873550343678, 20.14305345932973, 62.38230343082536, 31.56493053679015, 54.61145079429752, 51.90587424611049, 49.63689883757699, 31.855017156202464, 50.21094299870901, 78.52554159271865, 32.29253635092539, 47.71384618288307, 35.222239424119394, 19.11866442309033, 72.7808212620398, 50.44160954609281, 47.62188694301544, 32.34843601616445, 14.678512349926702, 28.600548718019603, 17.503866834136666, 40.34035611921823, 12.992022529620048, 16.81190100373561, 32.95634216666627, 30.565632696044837, 78.48811519206944, 28.717672747284873, 45.07483964601573, 26.652061148114342, 74.70342408351105, 8.842316428149545, 46.67891356751909, 58.154518926973495, 64.78307065707553, 67.13954554012021, 23.83666571260101, 61.94313803834095, 70.24525715645335, 35.44702562677897, 64.07475508678793, 13.420646629479345, 48.233182844051434, 55.172129739212785, 61.077005283824995, 26.287297132660026, 31.996375135037088, 43.48108448722941, 24.88684790973701, 54.652389057966765, 31.489156097907582, 49.419041780477535, 25.97159049282367, 23.46444110044594, 61.160967993411795, 44.89255077218509, 5.308113061405271, 63.53743582605691, 4.63278180715295, 42.902291147657934, 70.9936172486711, 39.55060646965767, 48.750006929838925, 41.66200097801197, 37.603630752107435, 36.90768274717626, 34.92828236608764, 40.80513510922746, 47.63840282157074, 43.36460176083178, 55.19958522212279, 15.837455698888789, 51.329718866289966, 3.4050327392192745, 34.96668720649974, 18.686074310208543, 75.14221998910486, 42.01275674191651, 72.07416436464739, 38.25604374659675, 33.62140339240291, 69.58167178225844, 44.554222180214666], [78.84588266942687, 59.83637135508278, 5.583993811609417, 43.27358544957989, 22.462251963705256, 44.8208421298061, 71.68021699088591, 43.75640115752477, 0.0, 27.20528355668023, 41.292642467389044, 20.196722317890323, 49.56205580754777, 29.131180474787257, 13.225432667664123, 21.950563500095377, 8.841451218830441, 88.59300339613775, 50.06642864632252, 20.143127335918674, 51.868438666702744, 53.87783724173277, 28.62124147923274, 72.38187838047754, 27.8917203212242, 69.49072656019949, 52.10068274129484, 63.504417103584494, 15.34880785992446, 58.40543310191819, 15.351762804800503, 59.31803525317372, 55.533242137799306, 32.280837590946184, 59.67423992088181, 25.142183998895593, 25.842529930145, 36.62257351102389, 54.67299155296737, 66.24593835015942, 70.40607604163681, 31.223949793544136, 49.38833779716462, 15.5857384332334, 62.75521199097831, 71.89017071137997, 29.669245745837568, 65.93662343158397, 48.30937445365154, 27.075710225978792, 68.41879992442543, 36.70492798886238, 55.51220045675351, 77.02864649598041, 11.524863563683459, 45.282868039931316, 44.51173147661556, 11.921208843802663, 83.98119959946277, 60.775352784610895, 68.1253446668913, 55.49744248096578, 13.315665006685599, 26.674528607195047, 35.514174439368986, 53.08978049212828, 76.3920117190973, 38.46809557994629, 47.89634762396112, 41.405306847024974, 75.86509622232636, 53.427229992616056, 51.824006761130114, 6.972980168936482, 6.7981260799162895, 11.938249090620006, 67.40604697208703, 72.06500236349477, 80.80449645602657, 10.134787294647426, 82.18095261222707, 69.14187766116649, 44.2294264710528, 13.921824259836926, 42.723596869848954, 63.573565366942724, 33.481123323119576, 33.86062032906248, 63.65015482034179, 63.588691348049686, 12.89462639785216, 20.831259819016818, 64.96045778312525, 77.13994044775073], [52.351592155816725, 36.6021710678151, 32.77328674252815, 53.80812279578404, 44.39628762729088, 18.102309227676873, 49.11058191979606, 37.563160310135984, 27.20528355668023, 0.0, 22.9574149226197, 35.99205145077539, 53.29487612905761, 27.26267631519996, 18.932436491907595, 21.033426849811455, 29.54605732696346, 69.51810842785383, 26.06672763711369, 46.25532851084197, 40.962793659445786, 30.31460942834028, 10.257439605268287, 53.42778943933289, 19.278477361921837, 44.35898139846359, 25.05406230553101, 37.01037459759327, 31.984326557884653, 49.41266746886444, 25.193453002541407, 55.0007485694205, 67.71169828379692, 25.19366089603774, 53.9176302184528, 42.073951782385365, 7.185819358493729, 48.026434388183226, 61.074872698696495, 40.78213319639234, 60.62119670094614, 48.350346798163166, 38.15080589070901, 16.339136183920054, 35.714881925894375, 44.80167606478306, 33.796655220680925, 52.37084157915503, 26.637860459688092, 43.43711569191557, 47.43891489170286, 26.800431399664237, 50.9414137300856, 53.19798730815164, 33.3796700727676, 24.843080113385472, 22.508147451964476, 21.662022813129504, 66.65643191789432, 42.848561358492674, 41.11151688505821, 63.07092188300295, 21.023945078513762, 11.778970713254338, 16.33317393426327, 28.80995087121465, 53.775068766373145, 33.859686552899724, 27.53382198973859, 33.20858246762703, 54.015893850107965, 34.7562755548926, 25.56498802807315, 34.07351231259417, 20.524917080636545, 15.403132820367835, 45.31369238946209, 53.133926496411924, 63.250155245321814, 21.76926508403312, 63.47532224255785, 42.149074404885475, 28.181420395044157, 41.07828576434612, 38.769765590882415, 41.16310761673841, 40.10795069018483, 44.255214847961795, 38.57168178009708, 40.16634709163909, 34.736922846938185, 7.7056341294839585, 40.06436351951624, 54.9794480534965], [42.79742800176413, 49.57516011077047, 45.92043316034252, 76.10004875229723, 48.72426360001114, 18.61728230310716, 30.63544793185462, 60.10320378730283, 41.292642467389044, 22.9574149226197, 0.0, 56.25491349849892, 76.23953019568596, 19.962837246178076, 38.976692563697284, 21.485679449041772, 38.423576370620964, 84.10861607871806, 40.06116724539221, 61.35070446348905, 19.39605039252186, 43.980827197494236, 14.121108379439008, 69.20683898581333, 42.22973122362098, 30.93701783295231, 24.26842616557075, 42.432848924272264, 51.58384506654568, 70.8364817888625, 45.840468339527284, 77.34409172258815, 89.92186808078071, 48.074461430342694, 76.00765218323014, 62.34805926212199, 30.13975466188957, 42.11178891943724, 83.94247103192916, 48.850810904525865, 81.3202042314553, 47.30441368319985, 59.494906477370186, 25.71082562087683, 31.782285235144336, 39.90269203755237, 27.33420649500681, 71.83091896082995, 8.209626572285291, 43.08854470999261, 61.79696872193854, 11.3620379995048, 73.3377034339814, 63.07761593755286, 41.14722378092823, 4.695666533052807, 39.88486070388888, 41.31948756646846, 82.90416327215662, 60.41112461238415, 42.80835396010978, 85.8648158745754, 28.88337808905493, 34.701986289795684, 37.30316647292898, 15.443209377202361, 65.48163111317434, 56.691493175152644, 6.827040766554549, 55.608074205078196, 66.71648890026228, 12.457624107068876, 34.722305292988096, 46.67065671548019, 35.08828551851896, 32.70145725674657, 58.60986570423449, 68.95691363099822, 79.51153586805322, 31.714549143986673, 78.75925608848226, 43.854929756658315, 48.594874564777584, 54.19252809054706, 61.54559693454043, 54.579244747167515, 62.647729207227925, 38.59804448111111, 47.92231561653371, 23.352171249544703, 52.55067566640707, 29.2714514462614, 26.425126606887307, 67.19400142907868], [87.33736481422213, 57.634954906796835, 20.675890240309958, 23.080694383053313, 39.53797372719676, 53.588818603106084, 84.88971372933376, 30.86873550343678, 20.196722317890323, 35.99205145077539, 56.25491349849892, 0.0, 30.549284116961946, 48.23946102067362, 17.39840505698453, 40.410800812437955, 28.848778689410626, 80.04972810504265, 49.99987529895519, 19.352973036493104, 70.00102158401155, 52.772310987170584, 42.213839827164904, 64.76593569476589, 23.842069709541157, 80.26652192905163, 59.66326406878075, 65.87599092154679, 5.038022988547665, 44.929341417718824, 10.7986000300909, 43.07281900236151, 35.564034173779646, 24.205834361797205, 44.16358510847737, 6.126466793838581, 30.626633568346605, 56.42030239858911, 34.76320748565559, 66.4242469783822, 56.326601398844254, 49.83680605506783, 38.758187652322434, 32.50140984739193, 69.95149323365133, 78.57968149098357, 49.700127559362656, 54.69551917333674, 61.82281250585473, 46.260574537150646, 63.00651835606252, 54.41640804635235, 39.76306172254759, 74.1247436189422, 30.700532890143204, 59.40170356935009, 43.46055343982495, 14.939466374625908, 74.21588676350312, 53.43156326678262, 71.87304197422951, 35.40785658126292, 32.16755262131603, 28.19627319225103, 34.86319928008719, 64.7733458385626, 72.0735746416271, 25.936304197731378, 62.14802594086618, 30.51196658999928, 70.74775653027288, 68.71001406243968, 54.68614101057598, 21.75762007371836, 23.114070526896448, 23.67710071954331, 63.2101332709236, 64.45455941538621, 71.41271995814807, 29.13531087913142, 73.6687786852234, 72.74553262368399, 38.32806332546361, 21.66586293407704, 28.59822961055523, 60.07713047553703, 15.058759735534775, 53.86698218989681, 63.43343027264069, 76.06894851399294, 8.819500484404893, 28.316168614929197, 76.02878552069942, 72.26833859480843], [95.34509431311116, 54.35939218933739, 51.048734432304805, 13.260968310104502, 70.07651400435013, 66.38973499528257, 99.94301760916382, 20.14305345932973, 49.56205580754777, 53.29487612905761, 76.23953019568596, 30.549284116961946, 0.0, 74.31455467679125, 40.911532167992334, 66.2166711574762, 58.40221241439959, 62.812850933942364, 51.96339068325312, 47.60506469562037, 93.37947718637628, 52.41478278376484, 62.709103191111794, 51.13465143965869, 34.09935041691191, 92.18723603133012, 69.80819261471675, 67.75285194594585, 34.607401615811554, 24.87644181984369, 35.11545860424396, 17.100228581382577, 21.04147077173434, 28.652815734789417, 19.660959182215386, 28.648939648586108, 46.13273890386651, 86.18074287866051, 8.591403908406972, 64.96800109385863, 32.42530273929908, 80.22215386102616, 27.53500107795137, 57.8566742633563, 78.01948852236151, 84.86403430617476, 77.49805994834487, 36.561358552698344, 79.34287004801216, 76.43540234360015, 53.40680197354014, 78.10151140348695, 16.078960714907215, 66.68483183438092, 60.76590039661802, 77.97096711291127, 46.207891833802336, 39.949071036863586, 55.59772542552914, 42.778712806396996, 74.79162881175695, 11.351692665918456, 59.2161972251525, 41.65104195410778, 41.983072019137126, 79.56356971444487, 62.69107389319057, 20.81137317637741, 80.59076168194387, 24.308008234369094, 60.27915226584507, 87.94228020496426, 59.53558291916872, 52.22041684229905, 50.22201133612219, 48.07138235016522, 55.556965221711984, 50.887925184812495, 53.75701342389587, 56.660681285523424, 57.20087219884227, 75.33097156394408, 35.95605395211468, 51.87382386199432, 17.094918322635884, 54.20358392611086, 16.083156576959524, 83.33484278275742, 61.93909655679253, 90.77052989895449, 39.3678638729127, 47.448703711378606, 88.75969426086922, 61.967512261684334], [62.760123011701985, 62.54932207889914, 32.09219825782087, 70.70921296824781, 29.627583449724643, 34.80260216327309, 48.8631887930942, 62.38230343082536, 29.131180474787257, 27.26267631519996, 19.962837246178076, 48.23946102067362, 74.31455467679125, 0.0, 33.44715790531556, 8.101670290335553, 22.91572028180353, 96.3762154375559, 52.09594117431119, 47.33657661170141, 23.116594348806323, 56.363441808284584, 18.229248991419365, 80.46219206150418, 43.27150538977201, 50.76855819898502, 41.911407789833696, 58.98493598124003, 43.20199674940581, 75.56114292910772, 39.75015064476675, 79.77393377485156, 83.75975109164311, 49.39325769314292, 79.17931532831945, 53.7913821554854, 32.82702701587827, 22.91788533890077, 80.82455499719822, 64.46414010891812, 87.16341562269147, 27.341671604303603, 64.578009917602, 16.463806751953978, 50.86074609097306, 59.411651321864355, 7.69704114230919, 79.47304189519545, 28.137171159982714, 23.17914791331623, 74.06262847748538, 9.846057625673124, 75.69332299844211, 78.10533832961234, 24.392729668559575, 24.630661493626672, 49.52184592738333, 34.75420363216956, 93.82352545971071, 70.08349494037014, 60.746608804016, 82.15831695590892, 16.099971106860156, 37.02139728383514, 43.4780664893824, 35.354172139238976, 79.51870211409, 57.8164293587505, 26.3250107902659, 58.509439776250055, 80.15600707704657, 28.92416480597561, 49.169097563617186, 32.30290833134946, 25.147744280601287, 26.25069270108815, 71.55419290391046, 80.175201528586, 90.4091241289045, 19.21987198481262, 90.46292920128269, 61.824677948328734, 55.25915305096501, 39.28551444916748, 62.76851950153925, 67.37752026372976, 58.817280890173734, 19.203905668978773, 62.88121800601187, 42.735232685554905, 41.96103551151161, 28.841292380634606, 46.30858640358652, 80.94481811340701], [71.06761137565816, 47.233542964323846, 18.102871168157293, 37.86206933528359, 35.432256175943145, 36.91770057051515, 67.5305975666055, 31.56493053679015, 13.225432667664123, 18.932436491907595, 38.976692563697284, 17.39840505698453, 40.911532167992334, 33.44715790531556, 0.0, 25.345944726116315, 20.516010117021906, 75.36821107474788, 37.888144624716155, 28.492582179275598, 53.73887984616004, 41.46863651673255, 24.881734944064643, 59.16476956445176, 14.676170842794273, 63.28145908391049, 43.49361644139301, 52.38142819277328, 13.090774873686835, 46.02006938682605, 6.88447790940413, 48.069830710988604, 51.41899654584915, 19.38466131158757, 48.04384038278381, 23.524541900899475, 14.781293168777022, 47.01962732465531, 47.410843691332204, 54.35900336436962, 58.043438095191846, 43.25540201531846, 36.4793651515978, 16.986728427251915, 54.0448325159441, 62.962341382758694, 36.74852437885383, 52.95453244277494, 44.424657340710105, 38.7192816044011, 55.34231703391833, 38.14908263499717, 44.09993783820284, 64.40595481688125, 24.016492306304148, 42.020594058709754, 31.96031828744897, 2.7607327772016306, 70.7853868797248, 47.5530718031572, 57.64594247303286, 48.8374064034874, 18.490539213542004, 14.217589106459435, 22.837558526974277, 47.53453812695929, 63.50080776684392, 26.40887726706874, 44.76846535715731, 28.735207927051363, 62.855199284532226, 51.41385455101034, 40.7361208281351, 19.649330977740387, 10.109056839903872, 7.218124631939585, 54.48587318139084, 58.84773339085698, 67.59580671758832, 16.284263175940076, 68.95555621636389, 58.60712468282712, 31.01095571824387, 25.061073775879517, 31.043027400077438, 50.743994660563686, 25.398295575741873, 43.76884660455078, 51.61252319083504, 58.76462536516229, 16.084256596422865, 11.245061879183364, 58.958697667025625, 64.16860747729581], [63.19323962733439, 57.38349646582803, 25.63291588817183, 62.706701499580056, 27.71377973623901, 32.2163154949701, 51.977150520934956, 54.61145079429752, 21.950563500095377, 21.033426849811455, 21.485679449041772, 40.410800812437955, 66.2166711574762, 8.101670290335553, 25.345944726116315, 0.0, 17.222864264041977, 90.55009899003599, 46.83299380485106, 41.15253378997874, 29.95008672280611, 51.11156054830796, 13.944343030456382, 74.43613306609687, 35.551380888712316, 52.05960682227196, 39.72513207214572, 55.56947705415869, 35.38359791615902, 68.04491104014046, 31.6853784861015, 71.92966468917243, 75.85491832667297, 41.62291082088018, 71.42292386480712, 46.082559198103525, 25.730449295029207, 27.043820078399616, 72.73139976655271, 60.42617687891316, 79.76683104098396, 28.608589386784857, 57.21305639495702, 8.36235102801122, 49.547724087255396, 58.4883786852409, 12.951800834339403, 72.48577237122097, 29.46890902286707, 23.840839765561423, 68.45014620850195, 14.807600050126515, 67.85738618662293, 73.57153676781472, 19.69482707610519, 26.045921838730415, 43.54023604355666, 26.68679544518204, 87.57986193387111, 63.70370170320529, 58.201669781400646, 74.08272658443686, 8.635261549125984, 29.666738929770396, 36.74370144575545, 35.830686828411366, 74.52430225743886, 49.94688512727832, 28.30808519602853, 50.85364558780969, 74.90965541378193, 32.63206706599821, 44.97313575330952, 26.108990765451722, 17.303207262028476, 18.14956351289878, 66.22517514829003, 74.14030004497687, 84.18394502890314, 11.820242549150825, 84.49142841293931, 59.28303279438045, 48.34726506030925, 33.467206236658384, 54.87805455734557, 62.05758577920109, 50.72176990268406, 23.25634667706836, 58.55333530048823, 44.81902595099719, 34.552014262776424, 21.3127662765503, 47.484465715894316, 75.81508548026333], [78.70512255149913, 64.74140607320818, 9.488254902525298, 51.91423490743716, 15.444246718852071, 45.63606951041386, 69.0437048491112, 51.90587424611049, 8.841451218830441, 29.54605732696346, 38.423576370620964, 28.848778689410626, 58.40221241439959, 22.91572028180353, 20.516010117021906, 17.222864264041977, 0.0, 95.08490066289627, 54.53242914977718, 24.423699408749144, 46.03230628545761, 58.57830821223444, 27.767661568093665, 78.7828178236961, 34.92192063124313, 68.32487711478129, 53.18518806934873, 66.55643084702507, 24.108740997291626, 66.46384474301183, 23.92988189318515, 67.86273415052146, 63.860844736484694, 39.89952955518598, 68.09924131072702, 33.43958722459723, 30.262765998737777, 27.78112463869827, 63.46486218305996, 70.10550275517403, 78.48830135889648, 22.797583161263322, 56.97948968146416, 14.172043214626926, 63.64478542627345, 72.78864421165997, 21.868889983630012, 73.41044737992074, 46.13515303788678, 18.42398238578972, 74.20379779653047, 31.72568927919257, 64.00223321736922, 81.81187434276966, 3.898071616035409, 42.82871833782409, 49.57492287927682, 19.925751622145956, 90.87457372978967, 67.29356256248937, 70.46711580607251, 64.23373449840369, 9.824176317229057, 32.21724073686962, 40.96871456127021, 51.87834632201863, 81.67865683482141, 46.666760739354835, 45.237863093998655, 49.238560554500125, 81.42794444242757, 49.84847994580016, 55.06974209512675, 9.453851270149867, 10.892703051368265, 16.37890267032711, 72.81343799981917, 78.4688813139628, 87.62190781495401, 7.885456679884665, 88.7273178060012, 71.52132319544978, 50.80016082160467, 16.410480463814984, 51.091417137150806, 68.82947818328965, 42.32036383209624, 25.052676989997895, 67.72758237041297, 61.574194213881505, 20.93078040230852, 24.89118778917011, 63.739121161917744, 82.60140424743585], [70.61055085937183, 34.53766584050971, 93.27198513665381, 75.2819650839141, 110.4651884988268, 65.62679931498376, 88.54294847125088, 49.63689883757699, 88.59300339613775, 69.51810842785383, 84.10861607871806, 80.04972810504265, 62.812850933942364, 96.3762154375559, 75.36821107474788, 90.55009899003599, 95.08490066289627, 0.0, 44.51474450181248, 99.1570484722767, 102.99112530868106, 40.3518107522816, 78.20547090503538, 16.31541612010363, 60.72931244912093, 76.74611122463594, 61.825632264240916, 45.00653935050209, 80.63787003561674, 38.13294913582034, 75.25041956826173, 46.36424120766509, 83.03401598605254, 57.140005382204784, 43.44228252551221, 82.57880881896105, 65.71198517184327, 117.48365767524044, 69.05358006729321, 37.68769902913203, 32.15117645268139, 116.74742024141793, 41.30601006050319, 84.86386550223433, 61.076252146464675, 60.83738052104003, 103.26019854943605, 26.536186553818652, 80.79147872720303, 111.88019919888193, 22.427083830588874, 93.21777838765146, 46.733951685754235, 24.86234319524469, 98.86903406720423, 82.17433264352616, 47.010053035937695, 76.95458175539892, 7.632698286534469, 27.827786094628088, 49.27719374391657, 71.93330909800072, 89.08143293924488, 62.976661671802795, 54.50216969148643, 75.3555708274067, 20.198724804086673, 54.19637536077647, 83.4145910380489, 49.543699639487784, 17.99365642317404, 89.63801015814151, 49.47839009515911, 94.82375744769556, 84.20255044997029, 78.76247010520339, 25.510033705795806, 16.62700249599609, 9.076846462948831, 88.61019289259926, 6.4392664505120205, 48.79724941900739, 44.37802964803198, 98.97231407122129, 52.51829260037948, 29.535147558363917, 68.16696316958895, 113.73260413585241, 37.36739476953255, 81.70599188168747, 86.50218120869556, 70.95877139030524, 76.33371771741578, 18.101723553281666], [43.57888875703168, 10.553493134956026, 55.48404190726808, 58.5726926206623, 69.82753148751985, 22.247772013529218, 52.27831371366505, 31.855017156202464, 50.06642864632252, 26.06672763711369, 40.06116724539221, 49.99987529895519, 51.96339068325312, 52.09594117431119, 37.888144624716155, 46.83299380485106, 54.53242914977718, 44.51474450181248, 0.0, 65.96381967595616, 59.32034914201865, 4.281707401656319, 33.867537875638995, 29.172562846652873, 26.159086655771116, 42.406335271658165, 21.18055416885166, 16.40400029490798, 48.07381984012668, 36.110639601495116, 41.00591532272715, 45.27841298390685, 71.4871934338618, 27.206395860581736, 42.95566993391579, 54.986191640887824, 24.370050253593554, 73.87102574116112, 60.55175231011921, 16.573187416767432, 44.204372327183634, 74.39332539506536, 26.217789363318204, 42.275524570063155, 26.7845113566704, 32.935042991093866, 59.215714920957495, 33.4082755998124, 38.03472726520434, 69.47813648013751, 22.091359442857044, 48.72563199929221, 41.97641911080991, 27.302319932828695, 58.43037218701185, 38.75224321662007, 6.601168891564679, 40.30697480799273, 42.859427132185125, 20.8698180326491, 23.158991320765107, 63.2812976837256, 46.859904995427996, 23.671873704330135, 15.34280492598901, 34.29552463744464, 27.718808159371786, 31.91953430502212, 40.426735705709284, 27.703193961080913, 28.103780105446507, 47.364205913767115, 8.19012811313862, 56.97376607224771, 44.23040418378911, 38.53019293241244, 19.462262899047662, 28.91670478917054, 39.45962044684655, 47.13505977018152, 38.87971005278271, 23.834714073275105, 16.01756916177301, 62.92335565169546, 34.88485602470921, 15.28462095011742, 45.60076997796196, 70.07718115929939, 13.737143312065047, 43.64015241987895, 52.94730124394783, 29.680910568031337, 39.90959491287858, 28.98231934614964], [98.49054214220382, 74.68659632485102, 15.54189785343201, 36.85741669558687, 27.013854205770958, 64.2719302444124, 91.81037463567215, 50.21094299870901, 20.143127335918674, 46.25532851084197, 61.35070446348905, 19.352973036493104, 47.60506469562037, 47.33657661170141, 28.492582179275598, 41.15253378997874, 24.423699408749144, 99.1570484722767, 65.96381967595616, 0.0, 70.45237714789936, 69.27274285496894, 48.73588705100479, 83.62813691727058, 40.529536245677534, 89.50991908138174, 71.30267235252755, 80.84723095883548, 18.68508869250732, 64.24854241086969, 25.143893595567288, 61.813329417103574, 45.44779883867946, 42.45802603664004, 63.13910082575697, 19.023129195163964, 43.223103461827954, 47.05585144585465, 49.649198994417375, 82.52838290133782, 75.52423499182905, 38.16330537445808, 57.950062116813186, 35.65484950690551, 81.95521506766958, 91.00549414401954, 45.70174669631881, 74.02340505497142, 68.45052871663991, 36.09580663410482, 81.27805399157145, 55.9129870677976, 58.72503556228501, 91.63621252570304, 23.609804454995228, 65.40501284447471, 59.730317110592544, 25.862417503413827, 93.46950504992112, 72.13938221798269, 86.12834021865493, 49.37384522562432, 32.756382648155366, 42.48961236287735, 50.65015610314317, 73.15825110243816, 90.07439495532198, 45.21993297509799, 68.00152064316481, 49.64414202829444, 88.9946122412132, 73.35385349372653, 69.22075834680679, 15.07900116837747, 26.751089776725404, 30.96042253584411, 81.0885400193483, 83.31356570149724, 90.61498450625784, 29.734656221921664, 92.74861418350741, 87.09412681091175, 56.37736002565184, 8.332581851712513, 47.9405893230096, 77.66936736307258, 33.654685941368626, 45.59743580812713, 79.68848389630429, 83.72759984409342, 13.129290013843045, 39.03637439467508, 85.00145442044402, 90.45024623616463], [52.25227232180323, 68.54574940624147, 55.157032704133336, 91.60091288494506, 50.85201239755412, 37.39190788552914, 32.449483793334, 78.52554159271865, 51.868438666702744, 40.962793659445786, 19.39605039252186, 70.00102158401155, 93.379