instance_id,num_cities,city_coordinates,distance_matrix,best_route,total_distance
356,85,"[[33.22564693990324, 61.02813455892072], [32.10586152541586, 67.88427854395862], [8.876874596693618, 76.00158451722704], [50.77967157269484, 99.94168123724641], [90.87041421083887, 85.1074982620798], [26.080728075348446, 1.8553980533245973], [89.84785621481863, 62.43203912386234], [51.81181786723966, 32.73956959489086], [13.0884644076107, 87.04383649232845], [73.23896736823995, 88.67719964241336], [14.432153797340607, 68.6065271245046], [68.5078847422287, 63.46185894131872], [22.619905741633396, 91.02404231540628], [78.64342798808201, 3.137990612414232], [45.22439290775814, 30.487142697183156], [23.158370525713124, 53.694477204222146], [54.949575292457055, 79.20672966320315], [68.0555805111638, 1.3500064353295094], [77.01299833522283, 12.37072597458887], [54.83005245278769, 23.672742094722686], [61.55765122010733, 12.061912626606352], [76.40062190679474, 9.627845158754821], [34.23960017578904, 57.05830960347894], [97.1919742054183, 1.7014341104470643], [84.4710849214922, 59.11036705675469], [60.63728890972625, 0.49725017603960975], [32.556097737087065, 18.386374794337545], [62.10481420183388, 68.32031857801734], [86.41070750487657, 86.89781979185732], [19.832470791261038, 95.8751548550197], [93.43895924130892, 30.194421072950238], [35.018804540454205, 90.64311981870293], [5.496132077637239, 46.01846846457713], [51.512240678183296, 14.582976532620417], [47.18412946408975, 5.461171197081393], [51.06748937616407, 85.62763702453944], [34.773721988483786, 40.73257037863124], [95.25810789301784, 29.441493184670787], [27.946219806968188, 66.07609306969859], [68.75290463967342, 62.02568663556244], [86.44172291390633, 50.551735278178626], [31.69269428007673, 17.816658440280452], [50.26969453622156, 57.56631160386853], [14.441947402478528, 74.20413525002711], [46.30057691078431, 31.599379686322926], [36.1207076814512, 93.19505752958915], [35.74917747989975, 66.95293060418386], [36.04081087755063, 3.9701069057864857], [97.0644783641336, 19.934476546170966], [10.598895228351113, 33.853468300143305], [29.243897318514843, 16.628013928379616], [91.42416574593169, 0.05524831605314695], [96.78617776961858, 2.661517476909425], [46.643141670045495, 13.112069434396801], [53.059945449399606, 9.093146152426135], [92.19937983888596, 95.88839469250865], [11.444021154928773, 67.65893053010815], [17.705405240330872, 44.79741837303139], [10.62992151291785, 99.50292727613423], [79.26657134428046, 92.07167167694197], [94.8332546607951, 24.362584692239007], [53.53732780134951, 76.92928105619332], [63.80265964782572, 27.747490149698372], [31.96409846024212, 73.77812656982805], [13.851992909001842, 21.953610688587666], [88.6776535344879, 23.032487145780177], [76.54182039079626, 40.50412963750455], [75.68787708494949, 84.87254270486774], [65.99284510418882, 57.60229062183083], [11.3935995062869, 42.19304933849855], [33.565691655056185, 85.02703850386155], [77.50190064643488, 14.081446940926822], [75.67317976749041, 0.6751063358545584], [95.2521065154793, 85.12136908138017], [75.28165477685626, 34.015895483148284], [2.7034081931945453, 94.04188230198571], [43.22506282215649, 50.29685211865028], [52.9301919212495, 67.83828486260894], [81.18179267907823, 15.327942266102601], [50.59689088460725, 1.1108504459150126], [30.643275773698985, 89.86738994764791], [76.65197072105288, 93.2158934693427], [19.69767859964908, 41.33877614181573], [17.407448758111688, 20.352092526425047], [16.540771682664445, 38.26675102104174]]","[[0.0, 6.946987096437563, 28.584382418995055, 42.68966966251773, 62.471873271651994, 59.60253863000953, 56.63961097323832, 33.848022947645006, 32.89867577010939, 48.636782497323566, 20.263943801186524, 35.36607581721955, 31.81566011416813, 73.5801848427112, 32.81344371899777, 12.455223185307966, 28.326496130519434, 69.09850395568772, 65.45896082554172, 43.152933662955235, 56.57201920435727, 67.12725388255141, 4.097268766069858, 87.24304218642251, 51.28130991030987, 66.44837153501568, 42.64701597949634, 29.78560473636442, 59.142973220418156, 37.332184383789986, 67.64880535265593, 29.66922253982283, 31.531192028851663, 49.91545066046095, 57.29333863228791, 30.388597583243936, 20.354519442921934, 69.61136491410842, 7.304398399492292, 35.54125982307734, 54.23749334141837, 43.23865876977553, 17.392060735798115, 22.944157481247498, 32.20256833072313, 32.296939639819875, 6.439830321076856, 57.12743358196359, 75.92157220764159, 35.36145329722978, 44.57830236846204, 84.2897410602341, 86.2937023713395, 49.759204795203594, 55.59354655125482, 68.50648807683822, 22.76854578246446, 22.456937687940332, 44.619238924529625, 55.528982673983336, 71.69281607049216, 25.795558519732953, 45.19463461998067, 12.812251981784309, 43.61372359937052, 67.22048986514122, 47.93251151819779, 48.699042995949924, 32.945799158904244, 28.833985683637977, 24.00131290089773, 64.53199300026816, 73.78537157759193, 66.54145803358085, 49.98368588918329, 44.96125663450494, 14.667949440842614, 20.848195127653685, 66.24424118183816, 62.38462191650328, 28.954641980454074, 54.0545781670775, 23.888841794698674, 43.64350798398071, 28.2217228904978], [6.946987096437563, 0.0, 24.606431882709206, 37.09970686031728, 61.2365246382952, 66.30320725227062, 57.99883503489591, 40.292372509701494, 26.995370971950837, 46.08989004199873, 17.688459171717803, 36.6696753383391, 25.00863899795984, 79.73598242438304, 39.63132139068387, 16.77522152613635, 25.495747841908642, 75.62533742192062, 71.4031193669219, 49.70964502494224, 63.11532660797302, 73.18358988194319, 11.034239626196587, 92.82440929574702, 53.095180045897486, 73.17823406481531, 49.49995139647161, 30.00212146821071, 57.53721445845719, 30.563463101788024, 71.9880144997222, 22.944500281720366, 34.44112878103094, 56.72421306571693, 64.21836571316805, 25.968636870669002, 27.282462054321755, 73.93276653456552, 4.53565363924267, 37.11238160193142, 57.033348918763174, 50.069324840853, 20.88983655803048, 18.76044911316741, 38.96259526751866, 25.627222294194663, 3.760473391624986, 64.03518690999185, 80.73911947269666, 40.25724338741594, 51.33610329450258, 90.10792727199855, 91.85614770204258, 56.668575107770344, 62.413707476579646, 66.29827648252137, 20.66306921110309, 27.209855820466775, 38.22244035993939, 53.00153334752348, 76.34699526034558, 23.26198222815101, 51.143413982823134, 5.8955526728791465, 49.4249933647513, 72.19453471519448, 52.194127968818265, 46.77598956122961, 35.41252506809998, 33.00056145032288, 17.204805231395582, 70.3956323672235, 80.09484407691164, 65.4565928424355, 54.87455233571305, 39.35383712314983, 20.807551651817963, 20.82438118777038, 71.90699202129159, 69.28642628052826, 22.03171223641366, 51.244966183982974, 29.302332693856716, 49.752909919757094, 33.45848111292056], [28.584382418995055, 24.606431882709206, 0.0, 48.259430429459684, 82.49762544210047, 76.11589545985001, 82.10013657957778, 60.950892436333085, 11.818156261323148, 65.59840093123452, 9.24921622835146, 60.93522863250779, 20.360381709311365, 100.87851747938667, 58.246944139270774, 26.4871320199926, 46.18405249442901, 95.26267550215557, 93.22777224081564, 69.64195793020976, 82.8465199457783, 94.68331282345792, 31.65620813139722, 115.41260403166152, 77.45836211750705, 91.54258568645858, 62.29139587410998, 53.77932131439856, 78.29574182925998, 22.693256398093517, 96.17194176189734, 29.962894672725646, 30.173111675908213, 74.76643530133977, 80.27076483286194, 43.274806323578225, 43.75557179539698, 98.1303193243045, 21.497797729618313, 61.485483614480394, 81.6333297174782, 62.4983779821876, 45.31252398549646, 5.848150066631696, 58.06969337562617, 32.21555455640886, 28.35487259510789, 76.98320077236282, 104.50155048840689, 42.18327933796342, 62.76971004409715, 112.16907442989273, 114.48498162565916, 73.35790370511738, 80.18031475612702, 85.66285717148858, 8.728695034210405, 32.42904466801648, 23.566634994460337, 72.20081100332649, 100.2750496217747, 44.670087321536194, 73.1115550834034, 23.19404386840413, 54.27647075117128, 95.78042386325366, 76.41082509865197, 67.39735864744702, 60.00640051579686, 33.90207892153355, 26.28681242384004, 92.43104260904781, 100.67683298395414, 86.85534617696587, 78.56457798806078, 19.06735512854104, 42.90141375356141, 44.803283680430205, 94.38904620197081, 85.7273690766476, 25.8076883976971, 69.92707692564467, 36.312533424987876, 56.29952623564242, 38.505233118748684], [42.68966966251773, 37.09970686031728, 48.259430429459684, 0.0, 42.747171015385604, 101.1481920684775, 54.15991416818562, 67.21003745844041, 39.83693633583408, 25.12585348266051, 47.989935733432404, 40.55942525390242, 29.538055040921932, 100.73402325016237, 69.67635212077505, 53.867802557744724, 21.150090160800875, 100.0938328264894, 91.41586097961303, 76.37641431227188, 88.53823228605637, 93.87769747514615, 45.96256655686836, 108.65195806429867, 52.93682603958747, 99.93181419673344, 83.56654026785255, 33.58823353492752, 37.94355074326774, 31.213232338604772, 81.75876176178053, 18.299403653190318, 70.41528118900757, 85.36184818960902, 94.54890110680543, 14.31693755002528, 61.33440495154483, 83.35830980142025, 40.84414990511763, 41.960216318732925, 60.919197858333966, 84.3138901461147, 42.37843824568262, 44.52922042114539, 68.48892224489822, 16.136980938747737, 36.25152991259724, 97.09674090436715, 92.43070995183614, 77.34433836328328, 86.05205827392824, 107.83911344367742, 107.61054257685704, 86.92808732204496, 90.87714771058016, 41.617560772709076, 50.886829209609196, 64.3023858053633, 40.15214732615124, 29.554026951934123, 87.48095802778856, 23.1770410097659, 73.359385528986, 32.22665642577652, 86.28900624871943, 85.7396126220268, 64.78048202891038, 29.11181268744241, 44.98960598387243, 69.9011241611847, 22.776471905661264, 89.92250752780603, 102.34031289232017, 46.87685059960314, 70.33175959857863, 48.43691493077964, 50.216343670047515, 32.17534454448987, 89.90980920035402, 98.83099981121671, 22.515900620705764, 26.732229318203363, 66.33544130252335, 86.30300045041244, 70.54147207744704], [62.471873271651994, 61.2365246382952, 82.49762544210047, 42.747171015385604, 0.0, 105.49225383270556, 22.698503738885407, 65.32973213800905, 77.80604809996348, 17.989182463584797, 78.19903901919042, 31.122603134039686, 68.50647706487351, 82.87641025297891, 71.18245923566448, 74.64381254998827, 36.40227655872394, 86.80918196741617, 74.04502696030359, 71.2259569328052, 78.70765944290355, 76.8541015295895, 63.196567016557, 83.64528473280095, 26.77316279897425, 89.84951834402922, 88.61302287247958, 33.30569239068702, 4.805646167082013, 71.84936905628763, 54.97311588361037, 56.12526533381519, 93.89739240399363, 80.76369226945744, 90.84067860776219, 39.80632323798552, 71.52603094643862, 55.838660237569805, 65.7392472193948, 31.968019294173164, 34.83839924570417, 89.61060015493022, 49.06052792866473, 77.20229182899453, 69.63899159573316, 55.343825129453705, 58.03394752723059, 97.9263073836139, 65.46670291314094, 95.2391324356484, 92.12636625249793, 85.05405258801022, 82.65794581352762, 84.49493125909733, 84.89884142089446, 10.862498675910814, 81.32038139217698, 83.53455020718062, 81.52156184043457, 13.533250925925062, 60.874039039965446, 38.21835393531565, 63.42581389100169, 59.985904162979814, 99.60045549831862, 62.11372798723703, 46.848362762422205, 15.184355030519875, 37.08678864487136, 90.32283211899609, 57.304779041262535, 72.27321164301965, 85.78918778674735, 4.381714259530529, 53.41686339734583, 88.61853174301555, 59.00729271771484, 41.68556343411851, 70.44895898578923, 93.15252828271139, 60.41493832807208, 16.36796285764975, 83.55393067008409, 97.9289020927829, 87.85756290988847], [59.60253863000953, 66.30320725227062, 76.11589545985001, 101.1481920684775, 105.49225383270556, 0.0, 87.95326073855574, 40.198520292260255, 86.17348176143267, 98.80245323057882, 67.75988868783358, 74.80253769746017, 89.23577987983975, 52.578345978061286, 34.44207752977109, 51.9213857756217, 82.56293866781971, 41.977894869752745, 52.00642532530576, 36.090444070140656, 36.91591818651869, 50.916624487634074, 55.80258629817718, 71.11141280460599, 81.77753510716587, 34.583239616274064, 17.753974323178348, 75.59973836993197, 104.26849914102414, 94.22714782979502, 73.07688780670563, 89.23647655069263, 48.724761472358566, 28.438584479801065, 21.409230489173734, 87.41925567376025, 39.837202100365886, 74.47484490103872, 64.24778383560685, 73.7656985380516, 77.5550317968932, 16.919101566667734, 60.7355907774134, 73.27892595766328, 35.965910669855404, 91.88979586292989, 65.81160732043058, 10.182104053554179, 73.24988658155797, 35.5466404576116, 15.107475614835241, 65.36822917661145, 70.7100448662992, 23.441960315230293, 27.933191147134476, 114.9516444770267, 67.41170577798317, 43.75115017606826, 98.86236587675369, 104.72683491235091, 72.34281831862425, 79.93718019571533, 45.753082461029436, 72.16296088953462, 23.526158099037126, 66.08210180803016, 63.561358471434005, 96.70943872733416, 68.56160089123084, 42.92828737334439, 83.50776284288153, 52.85464274770468, 49.606495072477784, 108.24925647113143, 58.77949287992233, 95.10440033458596, 51.38582183709498, 71.2364728246646, 56.72421676876342, 24.527466033607787, 88.13017394006525, 104.42313299930711, 39.99600562416161, 20.42923103168672, 37.640369192052255], [56.63961097323832, 57.99883503489591, 82.10013657957778, 54.15991416818562, 22.698503738885407, 87.95326073855574, 0.0, 48.25332071378506, 80.60859011494307, 31.059034746149383, 75.66804129347922, 21.364805435748256, 73.05545818985948, 60.34337909635202, 54.87922999849611, 67.25944164038945, 38.72054046661431, 64.8530492552748, 51.68044747309221, 52.235329868865406, 57.770973178512044, 54.4895495562185, 55.86729909938828, 61.1730533352334, 6.320061302087374, 68.47755343392956, 72.26594035712743, 28.361033392040937, 24.706040049928948, 77.59250083491901, 32.437016486467456, 61.661089687751485, 85.93380398133495, 61.31192550746799, 71.17494905225838, 45.1879697940781, 59.19482413695989, 33.431227087670074, 62.00880356150956, 21.098865000337558, 12.35893860852747, 73.29771519765801, 39.87613554691572, 76.31928544620038, 53.35745892351757, 61.91098279754258, 54.287249890198055, 79.45436203631434, 43.1059446050168, 84.24448069613211, 75.96610137431891, 62.396704906742215, 60.17188350007559, 65.56757406725622, 64.79496802918233, 33.53889370999345, 78.57787058626049, 74.26650039978999, 87.46274593695804, 31.47175570877891, 38.394499064144455, 39.097627770874844, 43.37476457289974, 58.98527877464001, 86.10385826538811, 39.41692619150624, 25.649245676862837, 26.534528635863232, 24.33902269363229, 81.0227566997091, 60.64829795232794, 49.90192765151514, 63.362766667570256, 23.324056577561862, 31.931981519175896, 92.70025354193534, 48.17621433224417, 37.31141152355918, 47.894640597781915, 72.80746156974485, 65.25243918837975, 33.49294078351926, 73.25280310452027, 83.77550082295478, 77.18736808375269], [33.848022947645006, 40.292372509701494, 60.950892436333085, 67.21003745844041, 65.32973213800905, 40.198520292260255, 48.25332071378506, 0.0, 66.69671286073621, 59.90109507406112, 51.804226935739685, 34.96595074897493, 65.18625233787891, 39.95233134540076, 6.961867172412679, 35.49828442994456, 46.57298021893878, 35.34352133249086, 32.40353819273712, 9.555998165090037, 22.859281822487617, 33.74553437875192, 30.003065680043974, 54.97930923200313, 41.976739788788144, 33.428372688915054, 24.01659756737816, 37.03964729508403, 64.26662608659798, 70.77274027155441, 41.7048759736255, 60.28952168590426, 48.18165527825434, 18.1590643514772, 27.66814990392857, 52.89330488205177, 18.819797360825973, 43.57129129382881, 40.998665443656094, 33.83307660191494, 38.9423107926333, 25.049399418827022, 24.874590713183743, 55.8195075535617, 5.627948996544928, 62.4586019719062, 37.79632902498884, 32.808636742305964, 47.02949808400596, 41.22797306155828, 27.72892467963095, 51.35565170378817, 54.105288723383744, 20.296649383128138, 23.6793404486209, 74.95951756263572, 53.3752824772894, 36.175117130888026, 78.44293796264736, 65.37630936325496, 43.829418201034144, 44.22338729186038, 12.98850044439933, 45.58612863848028, 39.46245329916167, 38.12239878494512, 25.92028968724055, 57.34032690047345, 28.62265589281569, 41.509043047707806, 55.37960388678764, 31.75068336543748, 39.96866767637904, 68.05080157709496, 23.50451557333266, 78.54686145195294, 19.54457806716147, 35.11652850110656, 34.14323046644295, 31.65204452445244, 60.9236820343525, 65.37904054946355, 33.24551539884558, 36.56651749782696, 35.701490633754005], [32.89867577010939, 26.995370971950837, 11.818156261323148, 39.83693633583408, 77.80604809996348, 86.17348176143267, 80.60859011494307, 66.69671286073621, 0.0, 60.17267553962283, 18.486207775012108, 60.2280816184726, 10.32910510634774, 106.47837443753937, 65.04903929808967, 34.83651495420572, 42.588412132463034, 101.80774215441231, 98.29760664561974, 75.88317190051774, 89.283542586916, 100.00832466030732, 36.6947185175991, 119.81955601912766, 76.65348802329187, 98.74817625929006, 71.3641071846487, 52.470683912420775, 73.32238848872402, 11.111876804839232, 98.42793329916667, 22.223740882347503, 41.72198859140346, 82.01806391881874, 88.42084399235236, 38.00542011995876, 51.136911965844135, 100.34879304232894, 25.698232619080528, 61.02817159807824, 81.92907899223076, 71.68346776068744, 47.44858635856809, 12.91084211850455, 64.63073732703714, 23.839499794974927, 30.28452437055756, 86.1861633668309, 107.49714932224508, 53.2485983206933, 72.24531874036026, 117.06193479123881, 118.85151654248583, 81.19003970004219, 87.60153777840564, 79.60378854131731, 19.45453090607469, 42.49795273378837, 12.699345507708607, 66.36882524472568, 103.01043665941489, 41.69430154728575, 78.02554894678914, 23.070947545274002, 65.09470386256012, 99.0513925092659, 78.69099503540296, 62.637057595797316, 60.54484387735328, 44.882799326154924, 20.57630457273142, 97.32728834783978, 106.66022757110059, 82.18613000607874, 81.73099446341216, 12.522860604935483, 47.52426143096757, 44.22913592500836, 98.89322949400052, 93.76225331994397, 17.780434646374335, 63.86245862935841, 46.18045315802186, 66.83144723132581, 48.89910523306738], [48.636782497323566, 46.08989004199873, 65.59840093123452, 25.12585348266051, 17.989182463584797, 98.80245323057882, 31.059034746149383, 59.90109507406112, 60.17267553962283, 0.0, 62.1375346926771, 25.65534153907185, 50.67343555049305, 85.70976884853505, 64.58249847668495, 61.08892738697607, 20.595913772611112, 87.48089032890246, 76.3997462911896, 67.56084405507289, 77.50067968390412, 79.11255591689773, 50.206621562358116, 90.21380341396481, 31.62843742391401, 89.07584289729733, 81.21512137064288, 23.202844080046646, 13.29138558915694, 53.889372197767784, 61.87305601695222, 38.270689681817835, 80.0553500954972, 77.21401783943246, 87.19955257010118, 22.38022047508557, 61.467573381144355, 63.19581844550919, 50.618603299185374, 27.026429737554636, 40.34679401126137, 82.14200573991002, 38.67136988753528, 60.5521192838063, 63.11540549959425, 37.392194935101145, 43.329299684131435, 92.51483343873737, 72.75449781904969, 83.24313879221447, 84.41949627151031, 90.4685121847804, 89.18053989567333, 80.1088437560001, 82.1024633948226, 20.28542765404633, 65.27160955563532, 70.7771977889994, 63.538090951124225, 6.9176910949518575, 67.84307584317355, 22.9383563650955, 61.6560897418981, 43.881626927390045, 89.32440908453462, 67.43575690466834, 48.28616273619652, 4.524662773401833, 31.90856089677281, 77.36682593629675, 39.840839375591614, 74.71746061822282, 88.03575305715822, 22.298480353927683, 54.69945835418307, 70.73927429776367, 48.72253628605798, 29.098225536211533, 73.77805928306037, 90.44627764089444, 42.61231624049463, 5.678761620363968, 71.46744673292568, 88.23535987757049, 75.8676395059696], [20.263943801186524, 17.688459171717803, 9.24921622835146, 47.989935733432404, 78.19903901919042, 67.75988868783358, 75.66804129347922, 51.804226935739685, 18.486207775012108, 62.1375346926771, 0.0, 54.319906921302916, 23.86596466174326, 91.70178300465854, 49.00254542930441, 17.27761821593255, 41.881090464245986, 86.01692547252665, 84.1357678638963, 60.423797074318536, 73.60778448003389, 85.5486760052398, 22.92806707832202, 106.42123540533142, 70.67976322149063, 82.30302617277518, 53.39045836098671, 47.67351954045582, 74.26630178803433, 27.79822803597818, 87.84967386266679, 30.156617953426657, 24.29141573065132, 65.524627901612, 71.13387298099471, 40.396361162882876, 34.50705523723731, 89.81500286135305, 13.748930017215647, 54.71792607195289, 74.2384910472163, 53.64267907848102, 37.4995424632494, 5.597616692987941, 48.837745169579534, 32.78702787789305, 21.381063587548777, 68.1527760219701, 95.90135333149209, 34.963823716896975, 54.04769727025182, 103.08757311221385, 105.50322062310684, 64.16527545374294, 70.95032630398983, 82.41384437213763, 3.1347848402017755, 24.033057120319, 31.129479800894945, 68.95008852436467, 91.77071135174346, 39.98103133851419, 64.08516014212157, 18.27879986448538, 46.65652364496315, 87.11708989171477, 68.17151479076556, 63.37859968750277, 52.721894019912355, 26.587677990593985, 25.213596826161602, 83.37132202762784, 91.46114580651829, 82.49002825931599, 69.99409665681868, 28.009297857165052, 34.121486030525254, 38.50570263691997, 85.405631520154, 76.57385049017596, 26.73620698073844, 66.90983881249994, 27.771496090373947, 48.346073661507674, 30.41296242385084], [35.36607581721955, 36.6696753383391, 60.93522863250779, 40.55942525390242, 31.122603134039686, 74.80253769746017, 21.364805435748256, 34.96595074897493, 60.2280816184726, 25.65534153907185, 54.319906921302916, 0.0, 53.529249659470324, 61.16942313812979, 40.36648242523883, 46.389440454397764, 20.778082423183825, 62.11349934469315, 51.794216135141994, 42.07442115549716, 51.86771854600251, 54.40952434905309, 34.86145107778267, 68.0964541193006, 16.545671385128653, 63.45461555886433, 57.65700529812332, 8.037657767453254, 29.491614466806674, 58.48006220317487, 41.572597922242544, 43.13165236395775, 65.38159408570371, 51.74936775145256, 61.79629695998362, 28.20441647258877, 40.6769504174301, 43.27770470846529, 40.64582244706494, 1.4569233480060406, 22.097371892727235, 58.641645419825224, 19.16739576464708, 55.1227909373104, 38.837895223551556, 43.96580871831745, 32.94420256819435, 67.77447488244903, 52.05873661029471, 65.03927938468283, 61.11521698485215, 67.42072534484274, 67.05477894029399, 54.89233364509043, 56.5207551145243, 40.15927241295756, 57.21800361277382, 54.122576299247605, 68.18223547441298, 30.565842408947262, 47.135743848528676, 20.13675826791193, 36.022982682904875, 37.97201197733062, 68.63090546609264, 45.18134213273308, 24.322858729856005, 22.582508037510603, 6.376516703628858, 60.9459091320618, 41.06109871040912, 50.19280238653308, 63.19428578233004, 34.414935388058424, 30.215041361247987, 72.56284836354844, 28.505060759152755, 16.18077926026209, 49.774510312893945, 64.87258250880458, 46.16254629096918, 30.84847981870945, 53.58980328602431, 66.85586375265474, 57.75269952876608], [31.81566011416813, 25.00863899795984, 20.360381709311365, 29.538055040921932, 68.50647706487351, 89.23577987983975, 73.05545818985948, 65.18625233787891, 10.32910510634774, 50.67343555049305, 23.86596466174326, 53.529249659470324, 0.0, 104.2237647028705, 64.61949439163325, 37.33344848408501, 34.42174329672125, 100.52777353937486, 95.62924601450902, 74.65715767808695, 88.04070619853793, 97.55873278595884, 35.89830493771591, 116.35945054658892, 69.59921719713283, 98.18564822820944, 73.31410951700798, 45.54686671609904, 63.9241120541477, 5.594916127570811, 93.3572769477054, 12.404748823410122, 48.15314426014364, 81.71905258930732, 89.01913278109353, 28.95489949398742, 51.73922495486027, 95.22982079802965, 25.51018998535664, 54.48998274418238, 75.57269337589246, 73.76744909310165, 43.4042689692052, 18.70262752355788, 63.969248202568636, 13.674244406123568, 27.418902155108043, 88.08239531807446, 102.9355174573147, 58.42070888815973, 74.69033608288206, 114.05852741656727, 115.36278300371862, 81.53153612365773, 87.40290477712637, 69.74930207320257, 25.900363801205945, 46.48712807097304, 14.685067653303685, 56.656352257953124, 98.2777578832867, 33.97865921093461, 75.49795542448518, 19.614676838176138, 69.62471415062076, 94.79703380300823, 73.89069262372915, 53.423314479293346, 54.75605313766618, 50.10484833626973, 12.480956853469479, 94.51029757487552, 104.77394770409201, 72.8716552615621, 77.60920445860197, 20.143838581103864, 45.64292409164611, 38.16140454634989, 95.70472383507652, 94.16524714484709, 8.106313056580607, 54.07650374627803, 49.77112703375212, 70.86391320539214, 53.10638055474454], [73.5801848427112, 79.73598242438304, 100.87851747938667, 100.73402325016237, 82.87641025297891, 52.578345978061286, 60.34337909635202, 39.95233134540076, 106.47837443753937, 85.70976884853505, 91.70178300465854, 61.16942313812979, 104.2237647028705, 0.0, 43.18342304004788, 75.0636392543689, 79.67340658173839, 10.737755892736095, 9.375590814496576, 31.444441048063222, 19.275895618114507, 6.866468608456372, 69.85055994393986, 18.604092597060593, 56.27493678504208, 18.19875145611353, 48.544363522697495, 67.24776297384264, 84.11919885056861, 109.81306988772461, 30.83760973764074, 97.77655858311131, 84.7895175115415, 29.446375457066473, 31.544962064498286, 86.97685988540692, 57.7745924458982, 31.111442202382477, 80.81714953079462, 59.712504511367804, 48.050770930136366, 49.19181522286872, 61.38005275287737, 95.77174438756836, 43.08260302981548, 99.59145065717475, 76.89124327783921, 42.610742802634135, 24.929040027243698, 74.6558705533294, 51.20834267420492, 13.147264266785621, 18.149005380028484, 33.51866006843704, 26.267440992848957, 93.73580579267515, 93.15960480052667, 73.81700710369877, 117.94930301298929, 88.93586416811564, 26.69445413462926, 77.94530654211587, 28.73805616955924, 84.6698802009934, 67.46819708912905, 22.281756542792003, 37.42519338808213, 81.78797152940648, 55.91419518170665, 77.76784067292054, 93.47629901465692, 11.002832411965123, 3.8585195932705116, 83.64880481879067, 31.06036909519616, 118.45000688373659, 58.97812144847612, 69.62254365570419, 12.451434319939054, 28.119700225130796, 99.12619896704591, 90.09991390200463, 70.24173535745875, 63.60951545924012, 71.34963018849906], [32.81344371899777, 39.63132139068387, 58.246944139270774, 69.67635212077505, 71.18245923566448, 34.44207752977109, 54.87922999849611, 6.961867172412679, 65.04903929808967, 64.58249847668495, 49.00254542930441, 40.36648242523883, 64.61949439163325, 43.18342304004788, 0.0, 32.02326839481745, 49.68075408601648, 37.01669673166058, 36.588522652462096, 11.777298113991638, 24.622437536759264, 37.510899061433506, 28.752262208851484, 59.40746186102728, 48.57562976183908, 33.71870425442274, 17.518969329552085, 41.42822492330101, 69.84609509752428, 70.14514839048837, 48.21545491522052, 61.015535868888826, 42.656263182316316, 17.102032948572603, 25.102585860706224, 55.44921902970598, 14.635071268659718, 50.044640253769614, 39.56145414817594, 39.34807006794559, 45.84164229472001, 18.53774633160175, 27.54517121382569, 53.467133728589964, 1.5476573032748997, 63.365287558157284, 37.67669564973399, 28.06227656601941, 52.90324397443913, 34.78875159605136, 21.1530539050063, 55.3219595271452, 58.59081051700782, 17.432900474037165, 22.783743585940822, 80.52312189511592, 50.2280332728183, 31.017393058714454, 77.20075111122044, 70.36706702970345, 49.985491646955516, 47.18026178289531, 18.779182387581233, 45.276314928408475, 32.51228460480265, 44.088068096533405, 32.88040893173199, 62.33615004321205, 34.15493893437597, 35.79875462174937, 55.77208575535874, 36.207517990980605, 42.61321547640571, 74.07881492988301, 30.26369255877406, 76.46724179235451, 19.910346761273527, 38.1377393076487, 39.022249499794384, 29.86352760380402, 61.144278067563114, 70.1611631933679, 27.737539396718084, 29.60577010969878, 29.719899600390562], [12.455223185307966, 16.77522152613635, 26.4871320199926, 53.867802557744724, 74.64381254998827, 51.9213857756217, 67.25944164038945, 35.49828442994456, 34.83651495420572, 61.08892738697607, 17.27761821593255, 46.389440454397764, 37.33344848408501, 75.0636392543689, 32.02326839481745, 0.0, 40.76218500095185, 68.96160587278335, 67.88205471396276, 43.63943188304282, 56.63722443019454, 69.11299003774106, 11.580544847631797, 90.46685030415732, 61.55144847583313, 65.07391402646311, 36.537369534851535, 41.60217194941468, 71.43752579924303, 42.31159623701428, 74.1054234748285, 38.80556771998901, 19.25813535023048, 48.30788173174064, 53.88588777169274, 42.41044224148721, 17.404810201751374, 76.06956922637941, 13.275086145868602, 46.34944003607749, 63.36134086571993, 36.87889045514441, 27.386401574888513, 22.28501974912993, 31.996172438194943, 41.57304451901254, 18.284283040812692, 51.366042002422205, 81.25177179764053, 23.48203683833203, 37.56269873325518, 86.81811834384686, 89.58469165027705, 46.887805409275096, 53.697140654868576, 80.91345771866351, 18.227230669293796, 10.435156263767848, 47.49080050554078, 67.97749079433308, 77.44448937214293, 38.24574689026893, 48.220373033081195, 21.929291285801888, 33.07705052612991, 72.33902183695821, 54.98888968172259, 61.08535690097426, 43.012361224663344, 16.452740807840332, 33.01578002538985, 67.24887681309289, 74.62478728262991, 78.64576467948345, 55.7143010337422, 45.236252963168724, 20.352297067953945, 32.960713649512485, 69.56082605565842, 59.31197351751501, 36.93918546631504, 66.50945500798957, 12.831201711089884, 33.834711720055644, 16.787118562478476], [28.326496130519434, 25.495747841908642, 46.18405249442901, 21.150090160800875, 36.40227655872394, 82.56293866781971, 38.72054046661431, 46.57298021893878, 42.588412132463034, 20.595913772611112, 41.881090464245986, 20.778082423183825, 34.42174329672125, 79.67340658173839, 49.68075408601648, 40.76218500095185, 0.0, 78.95211665670837, 70.38356360279373, 55.53411618964819, 67.46920128728107, 72.8104976616274, 30.322525958023387, 88.26942338455498, 35.71250930398304, 78.91471502408335, 64.81190788271553, 13.027332427090231, 32.38758569968472, 38.87219349256106, 62.31885003839782, 22.978830313088274, 59.55756649821778, 64.71510440332291, 74.15328409715572, 7.503242126197376, 43.44336530700701, 64.04183446915555, 30.02656864888765, 22.039059430596534, 42.57774142691155, 65.64772166023386, 22.140663442529437, 40.815363138599004, 48.38661948129188, 23.456333302762744, 22.777420124748048, 77.57635448795115, 72.71083172613446, 63.434226868581774, 67.6526240667712, 87.15132097792285, 87.23228081092897, 66.614570105082, 70.13904257734401, 40.81453034027354, 45.01205289288318, 50.70630045995896, 48.745946997482505, 27.510416754408823, 67.8128904969588, 2.6797789337388576, 52.21523181899631, 23.61782963673189, 70.47645642401697, 65.52197176754379, 44.318351696965884, 21.498339439584434, 24.263256055753903, 57.15886246125674, 22.16182470868649, 68.91958958473342, 81.21997072682422, 40.73422372440324, 49.554060883535485, 54.31154325168856, 31.19687824618476, 11.54640404559216, 69.05525836851906, 78.21708389012976, 26.54139924713685, 25.831195053392076, 51.73662266072616, 69.80887892827545, 56.1366016602025], [69.09850395568772, 75.62533742192062, 95.26267550215557, 100.0938328264894, 86.80918196741617, 41.977894869752745, 64.8530492552748, 35.34352133249086, 101.80774215441231, 87.48089032890246, 86.01692547252665, 62.11349934469315, 100.52777353937486, 10.737755892736095, 37.01669673166058, 68.96160587278335, 78.95211665670837, 0.0, 14.201816547110568, 25.946466421114792, 12.528687853174599, 11.75424731005068, 65.16851669262466, 29.138512983977623, 60.04771472889369, 7.467144268173538, 39.3757682349282, 67.23417529915346, 87.4947944568055, 106.11537115245011, 38.42286001256248, 95.20865855706, 76.8697345407502, 21.184749005482093, 21.272497373573202, 85.97275299850756, 51.562277388338245, 39.10382492479393, 76.14609055689677, 60.67968711769318, 52.524854626920934, 39.91754154888721, 58.96279086607039, 90.45521400373372, 37.2599619394658, 97.2386215099591, 73.12624246002882, 32.121805695953775, 34.451395965109974, 66.01322380315621, 41.71048147893099, 23.404426386092954, 28.76051599049842, 24.430281683162384, 16.87676756917896, 97.57269034029176, 87.18796973981925, 66.5042686892199, 113.71764234701713, 91.41174355448769, 35.30754297447242, 76.96107076933103, 26.737884776477472, 80.92235576680498, 57.987390156568715, 29.923232872441726, 40.063220427541346, 83.87053127223263, 56.29009107789838, 69.84793658360378, 90.506343032435, 15.85315556744435, 7.647438039909776, 88.07549163234651, 33.45558931744753, 113.41380109297612, 54.8848641343943, 68.18701158006077, 19.17498724813957, 17.460327576071016, 96.0989475990023, 92.26721587425703, 62.750206214179634, 54.09540207714453, 63.37682194180731], [65.45896082554172, 71.4031193669219, 93.22777224081564, 91.41586097961303, 74.04502696030359, 52.00642532530576, 51.68044747309221, 32.40353819273712, 98.29760664561974, 76.3997462911896, 84.1357678638963, 51.794216135141994, 95.62924601450902, 9.375590814496576, 36.588522652462096, 67.88205471396276, 70.38356360279373, 14.201816547110568, 0.0, 24.896157462604762, 15.458432007567948, 2.810409233539629, 61.85906336742011, 22.825968896241264, 47.33093178903173, 20.22729064227418, 44.862055698720134, 57.901734573712446, 75.1172726507381, 101.20574278593436, 24.238322933891684, 88.82612200563914, 79.03690741658573, 25.596536750399874, 30.618676740751365, 77.71579280767178, 50.87780148842222, 24.985898341199395, 72.74486380467891, 50.33730491496428, 39.32798391249516, 45.64633764138987, 52.515190740006126, 87.96878376703826, 36.235258427643295, 90.58008614604621, 68.42455680387836, 41.82452086761732, 21.43063634283677, 69.80215834282173, 47.95843526081668, 18.9566013857276, 22.028330726503576, 30.378903600834846, 24.176254301311705, 84.88714373361258, 85.7675715608345, 67.59349804983084, 109.5387301005862, 79.73279963199958, 21.479436934267625, 68.69435305204878, 20.272097196212133, 76.15951830080215, 63.88383430800713, 15.803079832401792, 28.13734902786457, 72.51392539036121, 46.55467986865658, 72.078266304709, 84.65582205679536, 1.7792109752855998, 11.77211249217354, 75.00214090052908, 21.714302051214254, 110.41781089539097, 50.793854259451386, 60.47008891814935, 5.1111617540589505, 28.715771446431603, 90.30993354767747, 80.84597360532555, 64.21988638172775, 60.13754029243484, 65.78369334056053], [43.152933662955235, 49.70964502494224, 69.64195793020976, 76.37641431227188, 71.2259569328052, 36.090444070140656, 52.235329868865406, 9.555998165090037, 75.88317190051774, 67.56084405507289, 60.423797074318536, 42.07442115549716, 74.65715767808695, 31.444441048063222, 11.777298113991638, 43.63943188304282, 55.53411618964819, 25.946466421114792, 24.896157462604762, 0.0, 13.419088870400978, 25.74001935725965, 39.224518389052015, 47.7207584717164, 46.19974100317478, 23.891994913354157, 22.89267869672886, 45.23635976000977, 70.67353269313583, 80.23726771621482, 39.15584222181635, 69.83922276440745, 54.1587221652994, 9.676348120323283, 19.75149242231875, 62.06904129008442, 26.33047915951799, 40.83755815197696, 50.207416101960675, 40.80188926962327, 41.494312669312066, 23.8669449025245, 34.19899002015247, 64.68864447312801, 11.64403437517272, 71.99577713448066, 47.29962480977493, 27.225529055666186, 42.39954435335899, 45.38769057225281, 26.538265382137247, 43.55358929063083, 46.92321399416092, 13.362384338250978, 14.686657095611432, 81.31154351882337, 61.782946553656956, 42.71406534752594, 87.77168427089003, 72.63302983854987, 40.009149824809796, 53.272226151899034, 9.854504126945017, 55.0763234556133, 41.014104607630024, 33.85365601209948, 27.471739544652962, 64.65651121973352, 35.718653432507246, 47.21998755799745, 64.93475747237815, 24.617181870454043, 31.037512895760134, 73.55186070516866, 22.91830839390959, 87.57284359477896, 29.04339888672225, 44.20638684648732, 27.641452514902987, 22.955579096046723, 70.47504218158997, 72.88652838501885, 39.32394247160053, 37.5696417449543, 40.976262865649545], [56.57201920435727, 63.11532660797302, 82.8465199457783, 88.53823228605637, 78.70765944290355, 36.91591818651869, 57.770973178512044, 22.859281822487617, 89.283542586916, 77.50067968390412, 73.60778448003389, 51.86771854600251, 88.04070619853793, 19.275895618114507, 24.622437536759264, 56.63722443019454, 67.46920128728107, 12.528687853174599, 15.458432007567948, 13.419088870400978, 0.0, 15.041225456854068, 52.63982953772066, 37.10989746287721, 52.33146766768065, 11.601227709941668, 29.68314212039467, 56.261066711557525, 78.85485024993686, 93.62505142673336, 36.677045460334796, 82.94164519017781, 65.54343302680115, 10.356931793441793, 15.816697350906033, 74.309886971417, 39.235003262627146, 37.91794562389911, 63.618079274519786, 50.47920745207688, 45.83321363172797, 30.41435109302649, 46.88356100360915, 77.98426366139074, 24.78892768132004, 85.02720328481458, 60.65559472475496, 26.769132613721762, 36.36910827204032, 55.42261912703342, 32.63476631310142, 32.18957405414973, 36.461164433134385, 14.951435531073074, 9.001365326645498, 89.25130042913614, 74.8492105373989, 54.72323833569288, 101.19073424018376, 81.94612495571164, 35.47636280128147, 65.36131175796008, 15.845422211902596, 68.44464499459718, 48.72038100677531, 29.254880461433327, 32.14786204758959, 74.16907128571097, 45.75584085925337, 58.517668134483856, 78.15023604938857, 16.071639885701277, 18.135807224248147, 80.4549594190365, 25.89064767229654, 100.91846882631063, 42.402764005769036, 56.43967357951824, 19.894066391961406, 15.493999806945915, 83.72210526734625, 82.54578782602928, 51.08220869415997, 44.9217927091803, 52.08851119553255], [67.12725388255141, 73.18358988194319, 94.68331282345792, 93.87769747514615, 76.8541015295895, 50.916624487634074, 54.4895495562185, 33.74553437875192, 100.00832466030732, 79.11255591689773, 85.5486760052398, 54.40952434905309, 97.55873278595884, 6.866468608456372, 37.510899061433506, 69.11299003774106, 72.8104976616274, 11.75424731005068, 2.810409233539629, 25.74001935725965, 15.041225456854068, 0.0, 63.46022936331521, 22.251029695549253, 50.13633758719953, 18.216762388384286, 44.71078327479246, 60.408414596048246, 77.91566462195667, 103.14336697273986, 26.70747056460164, 90.97213604597835, 79.6977047506348, 25.37685652544392, 29.51210942236297, 80.110773104852, 51.96443714515815, 27.352978371933908, 74.3924308990306, 52.95301097035452, 42.13773240151504, 45.45168264911153, 54.597819831523154, 89.49287451123668, 37.266084289310164, 92.76826220983747, 70.27592301292579, 40.75443961650553, 23.09159185170171, 70.1195268841225, 47.67346260445231, 17.814080941754245, 21.542994434552423, 29.960765157844264, 23.34680022007659, 87.6953998683056, 87.10319655795998, 68.42534135535969, 111.37017291854588, 82.49362519091498, 23.598188476310398, 71.07892438134604, 22.068760447207573, 78.03757570001714, 63.75151359301169, 18.177181640389175, 30.876607330219514, 75.24807315796916, 49.09041897827433, 72.70767142914512, 86.7171817275221, 4.587742767042306, 8.982243845337381, 77.81163554512574, 24.413706929981583, 112.05806073623987, 52.48414853727122, 62.763973537551124, 7.439805171302029, 27.172996404591498, 92.3694715426732, 83.5884262120038, 64.96773755877472, 59.9600196777276, 66.35803340850484], [4.097268766069858, 11.034239626196587, 31.65620813139722, 45.96256655686836, 63.196567016557, 55.80258629817718, 55.86729909938828, 30.003065680043974, 36.6947185175991, 50.206621562358116, 22.92806707832202, 34.86145107778267, 35.89830493771591, 69.85055994393986, 28.752262208851484, 11.580544847631797, 30.322525958023387, 65.16851669262466, 61.85906336742011, 39.224518389052015, 52.63982953772066, 63.46022936331521, 0.0, 83.82949994075697, 50.27338261495196, 62.417877359360425, 38.70856135719328, 30.05499956512842, 60.10175378660349, 41.40426128292344, 65.00948100661182, 33.59384819627735, 30.790664992521016, 45.85300458427254, 53.196104464750235, 33.15696494300794, 16.334474198716258, 66.97721129718423, 10.996683823329839, 34.868940614759886, 52.60605599943907, 39.32421538512588, 16.038141763831934, 26.190196494764955, 28.171