instance_id,num_cities,city_coordinates,distance_matrix,best_route,total_distance
1544,27,"[[38.743051069332736, 43.74502493291567], [20.331787875335717, 9.997492714237898], [58.324047144798186, 63.97949421343837], [23.015271865388275, 21.050670393491544], [15.45338273264486, 1.6890436049619928], [88.68400251662008, 89.97206054339182], [85.18056563808703, 1.743466443122077], [10.913255979705072, 73.04497406766272], [97.54811745006839, 19.89909523025095], [37.11582421672275, 17.44652346883704], [4.255691711075238, 60.66374927889048], [35.64736305858139, 6.546918659008627], [64.62666605625779, 60.17660414469299], [58.744273038323236, 42.442334812268555], [81.80015875135486, 6.325727850009444], [10.802296645191367, 97.61953967219746], [41.752204530009294, 78.07879217773977], [42.30531529247013, 66.665570899929], [7.024099380732052, 95.50848127020362], [92.59911238453297, 70.62425609174736], [2.007565555768509, 99.41730821978086], [23.794289276404236, 61.24474114057297], [28.095378743884257, 6.732574440596895], [46.84630490050038, 92.55678669762766], [82.96124784906128, 8.09910955932297], [57.358771142639384, 93.32328861806958], [78.83121498371415, 23.261113788669206]]","[[0.0, 38.44308186461282, 28.157577210616157, 27.61153321800708, 48.074049306149675, 68.05172630280984, 62.61448454546935, 40.41020309314751, 63.45600204414988, 26.348795920990412, 38.41381508000308, 37.3266981479047, 30.658739703130063, 20.043599522123262, 57.04487984140244, 60.68895365866235, 34.46538230995934, 23.19571412613579, 60.70870866857654, 60.191099076827925, 66.70006763332596, 23.01533285638647, 38.513561473803875, 49.47980203302487, 56.796832739793935, 52.95799527816705, 45.018346280063376], [38.44308186461282, 0.0, 66.01112217087162, 11.37426143246318, 9.634789221236767, 105.20435706674961, 65.37195826198706, 63.747106978116754, 77.8485920577813, 18.36278669189305, 53.155530494556736, 15.699468287310628, 66.93264866276213, 50.28107790374903, 61.57793821954434, 88.13872200235416, 71.37154605512507, 60.77916577587386, 86.54030122947289, 94.33011517723354, 91.27803968459372, 51.36408655104171, 8.422175164870724, 86.71249411770788, 62.658224641329866, 91.18215698745122, 59.984219724979155], [28.157577210616157, 66.01112217087162, 0.0, 55.58411217511622, 75.6174193168909, 39.96674110552481, 67.78344737624332, 48.26972181282402, 59.00516304383685, 51.138107963483236, 54.1699291468835, 61.74732978810792, 7.361044628179516, 21.541258665012737, 62.25017744595073, 58.223443981048206, 21.758128842698923, 16.242375999911403, 60.214297848779935, 34.913220384368785, 66.53859601851877, 34.637884647008406, 64.73779589058127, 30.79610710387662, 61.07052519533493, 29.359666684443297, 45.590903009149685], [27.61153321800708, 11.37426143246318, 55.58411217511622, 0.0, 20.78592694960242, 95.19737499289991, 65.09448420739734, 53.38413999550109, 74.54174130181265, 14.553880982996278, 43.8305585904051, 19.233526517221517, 57.11695736304004, 41.643304761043616, 60.601046683244135, 77.53675584101194, 60.02732144546839, 49.526002500008936, 76.15565112311921, 85.43682613707088, 81.13355439390067, 40.2016192627617, 15.19260865069723, 75.37269269716484, 61.32913634379886, 80.01754362414631, 55.859695364291724], [48.074049306149675, 9.634789221236767, 75.6174193168909, 20.78592694960242, 0.0, 114.70228748240477, 69.72720414425278, 71.50022072085191, 84.09013883042311, 26.787301893089683, 60.02836157635017, 20.770069606167436, 76.41208366948914, 59.45529352114753, 66.50859740563729, 96.04318131704501, 80.7899852391479, 70.30629688378556, 94.19734445115208, 103.45785192106231, 98.64889104383303, 60.13694231439529, 13.61092452547559, 96.13772566995604, 67.81150933370773, 100.76158214773494, 66.94851628569126], [68.05172630280984, 105.20435706674961, 39.96674110552481, 95.19737499289991, 114.70228748240477, 0.0, 88.2981250473192, 79.59155277707484, 70.63138821607589, 88.99005866456444, 89.37067066244147, 98.8566609967758, 38.29523024573478, 56.17350113095496, 83.92911460295879, 78.2562716110936, 48.41532293265701, 51.90544372352837, 81.84736852597577, 19.739949908165986, 87.1895488455859, 70.96431331640585, 102.95529795659628, 41.91746355768988, 82.07271180986288, 31.503981498247697, 67.4346189955873], [62.61448454546935, 65.37195826198706, 67.78344737624332, 65.09448420739734, 69.72720414425278, 88.2981250473192, 0.0, 102.95405904298491, 21.9677762752188, 50.56486297672987, 100.10212260261866, 49.76556350502473, 61.9426700237459, 48.53118021385259, 5.694231319582627, 121.34392574911433, 87.82428196998701, 77.80209983862821, 122.06683097123431, 69.27913119004428, 128.28845353384355, 85.4907984298568, 57.30279017078076, 98.5726873020345, 6.731981199409127, 95.71267459716047, 22.434870202867607], [40.41020309314751, 63.747106978116754, 48.26972181282402, 53.38413999550109, 71.50022072085191, 79.59155277707484, 102.95405904298491, 0.0, 101.63701913864799, 61.463503733562305, 14.05766300851763, 70.9490480987712, 55.233371855485224, 56.78316407402474, 97.34685819485482, 24.57481610562931, 31.247081022931578, 32.033703698958234, 22.797690560448046, 81.7217168940367, 27.835433004678986, 17.46901588310703, 68.50226045163039, 40.888810655864376, 96.99937344716432, 50.67934411331311, 84.20974943288103], [63.45600204414988, 77.8485920577813, 59.00516304383685, 74.54174130181265, 84.09013883042311, 70.63138821607589, 21.9677762752188, 101.63701913864799, 0.0, 60.482040091964144, 101.80979186684753, 63.324434568536255, 52.02018537287225, 44.87689819922017, 20.790250244174345, 116.4701889384813, 80.61055163863139, 72.38004170201985, 117.9465010280344, 50.96601412277972, 124.30262770076766, 84.55228918256503, 70.68974595720289, 88.59917564616524, 18.762100804304698, 83.7036183881572, 19.016456208299335], [26.348795920990412, 18.36278669189305, 51.138107963483236, 14.553880982996278, 26.787301893089683, 88.99005866456444, 50.56486297672987, 61.463503733562305, 60.482040091964144, 0.0, 54.29103899361165, 10.998079977132578, 50.82033267585986, 33.05420371367326, 46.04738698339625, 84.38076949401466, 60.80927586477261, 49.49187254135108, 83.66110900165809, 76.85223817707595, 89.17286234550303, 45.779331192000704, 14.005611029447461, 75.7379290490279, 46.78864194250952, 78.5306334480836, 42.1186809792315], [38.41381508000308, 53.155530494556736, 54.1699291468835, 43.8305585904051, 60.02836157635017, 89.37067066244147, 100.10212260261866, 14.05766300851763, 101.80979186684753, 54.29103899361165, 0.0, 62.56251582481974, 60.372939747609294, 57.45455108362207, 94.68772328748086, 37.53116677852468, 41.3433452051143, 38.52006902196059, 34.95453373415037, 88.90315895544144, 38.81871200587726, 19.547233726622842, 58.96526347995804, 53.208327991435745, 94.64462961963349, 62.342461893659596, 83.42940616474665], [37.3266981479047, 15.699468287310628, 61.74732978810792, 19.233526517221517, 20.770069606167436, 98.8566609967758, 49.76556350502473, 70.9490480987712, 63.324434568536255, 10.998079977132578, 62.56251582481974, 0.0, 60.95853646147158, 42.68428459548095, 46.1533257266784, 94.4007395272817, 71.79190775074177, 60.486202354036614, 93.45293385334274, 85.72868203673194, 98.77522580687857, 55.96737569611837, 7.554266023821817, 86.73588472137321, 47.339338721171664, 89.45123601306086, 46.305608579567995], [30.658739703130063, 66.93264866276213, 7.361044628179516, 57.11695736304004, 76.41208366948914, 38.29523024573478, 61.9426700237459, 55.233371855485224, 52.02018537287225, 50.82033267585986, 60.372939747609294, 60.95853646147158, 0.0, 18.684401418627647, 56.522966385831715, 65.56703564609124, 29.047019235824973, 23.24541652607245, 67.57512285464651, 29.85985908866659, 73.89847497613869, 40.84634512577461, 64.73638284389614, 36.940729080386895, 55.2107084885373, 33.93412718861331, 39.55404705536699], [20.043599522123262, 50.28107790374903, 21.541258665012737, 41.643304761043616, 59.45529352114753, 56.17350113095496, 48.53118021385259, 56.78316407402474, 44.87689819922017, 33.05420371367326, 57.45455108362207, 42.68428459548095, 18.684401418627647, 0.0, 42.84837411709666, 73.09553362986124, 39.48021638431434, 29.274639166494932, 74.10122983504661, 44.04964056789125, 80.4064771691169, 39.68667091975672, 47.0589174043975, 51.50747454087242, 42.02283890646228, 50.89981410271556, 27.774169234626523], [57.04487984140244, 61.57793821954434, 62.25017744595073, 60.601046683244135, 66.50859740563729, 83.92911460295879, 5.694231319582627, 97.34685819485482, 20.790250244174345, 46.04738698339625, 94.68772328748086, 46.1533257266784, 56.522966385831715, 42.84837411709666, 0.0, 115.65144400599105, 82.17262851907803, 72.11615158292028, 116.38308538016193, 65.19906543521232, 122.60872833782244, 79.87977788122662, 53.706321041373585, 93.0460499376964, 2.119672281212471, 90.3656849021341, 17.193659412317306], [60.68895365866235, 88.13872200235416, 58.223443981048206, 77.53675584101194, 96.04318131704501, 78.2562716110936, 121.34392574911433, 24.57481610562931, 116.4701889384813, 84.38076949401466, 37.53116677852468, 94.4007395272817, 65.56703564609124, 73.09553362986124, 115.65144400599105, 0.0, 36.60242629554589, 44.165465769596096, 4.327972059267094, 86.13631290393572, 8.976595495283338, 38.62535230578177, 92.51751800325333, 36.39782958900571, 114.9818318102322, 46.754284196762356, 100.78248473909326], [34.46538230995934, 71.37154605512507, 21.758128842698923, 60.02732144546839, 80.7899852391479, 48.41532293265701, 87.82428196998701, 31.247081022931578, 80.61055163863139, 60.80927586477261, 41.3433452051143, 71.79190775074177, 29.047019235824973, 39.48021638431434, 82.17262851907803, 36.60242629554589, 0.0, 11.426615923002867, 38.85659981417841, 51.39044800956482, 45.11062617686862, 24.614467180453, 72.64152859038947, 15.348035180522004, 81.21170624143942, 21.816498187236384, 66.18029072309616], [23.19571412613579, 60.77916577587386, 16.242375999911403, 49.526002500008936, 70.30629688378556, 51.90544372352837, 77.80209983862821, 32.033703698958234, 72.38004170201985, 49.49187254135108, 38.52006902196059, 60.486202354036614, 23.24541652607245, 29.274639166494932, 72.11615158292028, 44.165465769596096, 11.426615923002867, 0.0, 45.570579048750034, 50.44935296300153, 51.928652315560946, 19.28842864121876, 61.59453191078856, 26.286415543075467, 71.29470699853383, 30.614383008204847, 56.72819621121414], [60.70870866857654, 86.54030122947289, 60.214297848779935, 76.15565112311921, 94.19734445115208, 81.84736852597577, 122.06683097123431, 22.797690560448046, 117.9465010280344, 83.66110900165809, 34.95453373415037, 93.45293385334274, 67.57512285464651, 74.10122983504661, 116.38308538016193, 4.327972059267094, 38.85659981417841, 45.570579048750034, 0.0, 89.11962473738774, 6.359602168276308, 38.14764942703242, 91.24231719667699, 39.931448174445684, 115.78794747464858, 50.38208261183624, 101.86237754554872], [60.191099076827925, 94.33011517723354, 34.913220384368785, 85.43682613707088, 103.45785192106231, 19.739949908165986, 69.27913119004428, 81.7217168940367, 50.96601412277972, 76.85223817707595, 88.90315895544144, 85.72868203673194, 29.85985908866659, 44.04964056789125, 65.19906543521232, 86.13631290393572, 51.39044800956482, 50.44935296300153, 89.11962473738774, 0.0, 95.05718388252347, 69.44119082835627, 90.79030035083987, 50.738104925675195, 63.26359444186873, 41.91810740570405, 49.32364795573321], [66.70006763332596, 91.27803968459372, 66.53859601851877, 81.13355439390067, 98.64889104383303, 87.1895488455859, 128.28845353384355, 27.835433004678986, 124.30262770076766, 89.17286234550303, 38.81871200587726, 98.77522580687857, 73.89847497613869, 80.4064771691169, 122.60872833782244, 8.976595495283338, 45.11062617686862, 51.928652315560946, 6.359602168276308, 95.05718388252347, 0.0, 43.952317434874104, 96.28620811235757, 45.360547853622016, 122.03488060154866, 55.68566274029687, 108.17411456377711], [23.01533285638647, 51.36408655104171, 34.637884647008406, 40.2016192627617, 60.13694231439529, 70.96431331640585, 85.4907984298568, 17.46901588310703, 84.55228918256503, 45.779331192000704, 19.547233726622842, 55.96737569611837, 40.84634512577461, 39.68667091975672, 79.87977788122662, 38.62535230578177, 24.614467180453, 19.28842864121876, 38.14764942703242, 69.44119082835627, 43.952317434874104, 0.0, 54.68158455031501, 38.88238188821051, 79.53104515161657, 46.4285219581114, 66.87166169701663], [38.513561473803875, 8.422175164870724, 64.73779589058127, 15.19260865069723, 13.61092452547559, 102.95529795659628, 57.30279017078076, 68.50226045163039, 70.68974595720289, 14.005611029447461, 58.96526347995804, 7.554266023821817, 64.73638284389614, 47.0589174043975, 53.706321041373585, 92.51751800325333, 72.64152859038947, 61.59453191078856, 91.24231719667699, 90.79030035083987, 96.28620811235757, 54.68158455031501, 0.0, 87.84869174478776, 54.88288449869532, 91.40184853955793, 53.36026322963195], [49.47980203302487, 86.71249411770788, 30.79610710387662, 75.37269269716484, 96.13772566995604, 41.91746355768988, 98.5726873020345, 40.888810655864376, 88.59917564616524, 75.7379290490279, 53.208327991435745, 86.73588472137321, 36.940729080386895, 51.50747454087242, 93.0460499376964, 36.39782958900571, 15.348035180522004, 26.286415543075467, 39.931448174445684, 50.738104925675195, 45.360547853622016, 38.88238188821051, 87.84869174478776, 0.0, 91.85525750753695, 10.540373413032071, 76.32119467707923], [56.796832739793935, 62.658224641329866, 61.07052519533493, 61.32913634379886, 67.81150933370773, 82.07271180986288, 6.731981199409127, 96.99937344716432, 18.762100804304698, 46.78864194250952, 94.64462961963349, 47.339338721171664, 55.2107084885373, 42.02283890646228, 2.119672281212471, 114.9818318102322, 81.21170624143942, 71.29470699853383, 115.78794747464858, 63.26359444186873, 122.03488060154866, 79.53104515161657, 54.88288449869532, 91.85525750753695, 0.0, 88.98678278115341, 15.714437429305594], [52.95799527816705, 91.18215698745122, 29.359666684443297, 80.01754362414631, 100.76158214773494, 31.503981498247697, 95.71267459716047, 50.67934411331311, 83.7036183881572, 78.5306334480836, 62.342461893659596, 89.45123601306086, 33.93412718861331, 50.89981410271556, 90.3656849021341, 46.754284196762356, 21.816498187236384, 30.614383008204847, 50.38208261183624, 41.91810740570405, 55.68566274029687, 46.4285219581114, 91.40184853955793, 10.540373413032071, 88.98678278115341, 0.0, 73.27874307282825], [45.018346280063376, 59.984219724979155, 45.590903009149685, 55.859695364291724, 66.94851628569126, 67.4346189955873, 22.434870202867607, 84.20974943288103, 19.016456208299335, 42.1186809792315, 83.42940616474665, 46.305608579567995, 39.55404705536699, 27.774169234626523, 17.193659412317306, 100.78248473909326, 66.18029072309616, 56.72819621121414, 101.86237754554872, 49.32364795573321, 108.17411456377711, 66.87166169701663, 53.36026322963195, 76.32119467707923, 15.714437429305594, 73.27874307282825, 0.0]]",Route_4,1582.7699628243129
