instance_id,num_cities,city_coordinates,distance_matrix,best_route,total_distance
1661,72,"[[94.76296590829666, 79.36232097156952], [24.486414875204098, 67.45374967896171], [44.67059036676289, 25.395052822182507], [19.285295144991444, 82.17263186809237], [30.084988067641017, 99.79766879913183], [66.55739622755678, 12.601517311996313], [58.696093377205706, 91.3692675225916], [9.023371402292547, 51.544431806954385], [95.05125325040645, 32.08900094086159], [47.166614374208336, 28.11403682281508], [68.2797008940342, 44.437469061269816], [3.669716847134419, 29.448241429961296], [9.96959027631803, 87.8682074882339], [49.00583170481732, 14.663045099099648], [1.140792358398257, 29.22787903339913], [90.7889516720102, 23.56945640714866], [85.7749015345863, 96.83741459375393], [61.49356891009492, 23.051659351576824], [51.88974407941831, 39.266885629315276], [15.118005202719665, 21.414382061532645], [37.01563745374131, 93.8558069954186], [26.59390369252077, 82.18234486494403], [77.9994335901248, 83.9242516041075], [74.15281577568281, 41.6507805628729], [99.09165379580838, 17.211064704167477], [74.33242375565146, 6.199381590501341], [97.87039160147863, 99.8222583324501], [53.2452817027192, 3.965992471190982], [41.68791639185764, 28.969359359080073], [52.378966260852266, 10.725880490137364], [66.88349455540788, 21.44866411762516], [47.81048021263916, 66.55759799829556], [70.62743093154145, 16.14950113223035], [39.25112645408807, 32.95936697197106], [8.724566862314564, 3.8497921559772275], [64.85191402981592, 88.66687929045017], [47.88868210511426, 73.64105249797106], [60.55705339211664, 67.52577990293773], [22.357813329981923, 41.98127735546182], [36.176762275991614, 42.3334548059194], [62.25058608387981, 4.678775162956594], [76.08668789052435, 12.16691720429498], [83.23956088512998, 75.02312607355123], [41.3499867241408, 80.1315005141721], [66.1468600773813, 92.56926732937684], [86.55948391792064, 9.792360743267437], [97.84373165927681, 34.20059917142765], [29.714471467729673, 10.129619955152624], [6.931125532232962, 64.01013008658548], [35.65514653906048, 52.80122270120017], [88.20981292126993, 8.538169442764287], [14.791477349969352, 4.698024521812549], [1.3374943657117222, 99.55385276629207], [89.07185275872455, 38.695108290858514], [55.23093430063027, 85.10918366845647], [9.75879547894557, 68.54659575148763], [5.690238083561827, 84.81007102915788], [14.065052014571112, 53.804173956830994], [26.064660359948245, 69.30060404684254], [80.92356857715671, 56.94856071535954], [26.837577134661238, 94.58319747111008], [75.77321458985705, 61.77248737482339], [17.78968023682692, 92.1817216769023], [41.01532213177652, 78.45890732843813], [10.827292951952995, 40.31518669968723], [32.81236494390757, 14.062635084031982], [4.221388092386724, 73.95153799859327], [57.77960373278883, 18.47614613519183], [40.02852183739321, 22.333957679117578], [22.086142426127587, 62.58472157784918], [61.50999858117052, 81.67967748535702], [77.2124403596115, 45.52161055747038]]","[[0.0, 71.27838168293377, 73.63227633926506, 75.52997174095204, 67.82952350112595, 72.47454081460023, 38.01297225491667, 90.13940882671034, 47.27419905527064, 69.94139909630053, 43.830452961063756, 103.87201433015981, 85.21893367380397, 79.24463154647879, 106.20062922911085, 55.934216052913584, 19.651060996548555, 65.40446000622032, 58.70057142203219, 98.49509322658804, 59.53834966441215, 68.22736678296714, 17.373175497832314, 42.97602318136987, 62.301815338269016, 75.96198227751081, 20.694567674870733, 86.07162397173094, 73.18750891545831, 80.66823654993175, 64.2748517937845, 48.66720500936141, 67.6637616501989, 72.35190708943809, 114.47597179548777, 31.324843654623688, 47.222149411142645, 36.19596877462969, 81.48526579522449, 69.30714382774363, 81.45358713030589, 69.74256697343581, 12.31330482408891, 53.41851722479599, 31.516740710678636, 70.05195559678513, 45.26667906491287, 94.99722900702446, 89.16345635301113, 64.80143711303377, 71.12667751165199, 109.40839157291303, 95.5825124652603, 41.06349907277039, 39.94756505578789, 85.68949120177155, 89.23916641715815, 84.64852146154787, 69.43122735979522, 26.342087375757096, 69.60986655254975, 25.884607416327523, 78.03347833786198, 53.755235723958094, 92.57362415656354, 90.01069901328417, 90.70310846809565, 71.2382998394174, 79.04488337373103, 74.58825988635563, 33.33361632452909, 38.12105229877539], [71.27838168293377, 0.0, 46.65120493153946, 15.610802008401585, 32.824885770451345, 69.12839407645438, 41.740317403432506, 22.18585379465312, 78.93074095830714, 45.409299233953185, 49.473235934183656, 43.33305405872841, 25.04971624752221, 58.20704675297133, 44.79101781951907, 79.51010993363248, 67.96821581314359, 57.802033486750126, 39.312106995527344, 46.98287422459673, 29.224134700004406, 14.878609655060389, 55.99036172101127, 55.969139654035295, 89.94592301976151, 78.97292074645732, 80.20553841608044, 69.69768817167176, 42.15376558174173, 63.21428292328713, 62.561811537993734, 23.34127485163783, 69.00086435441203, 37.5214491503722, 65.52785106629887, 45.60011392436181, 24.206379896098635, 36.070710436182715, 25.561255657924754, 27.707281296794445, 73.2586517249892, 75.62553814907668, 59.23873416158247, 21.09752169672846, 48.64547174498284, 84.72249804140138, 80.54233634825543, 57.562039786014736, 17.88984907181817, 18.423819197258155, 86.78546567890942, 63.50017994949187, 39.57637096768769, 70.69892673227508, 35.4533471488633, 14.76811042819242, 25.583943261232168, 17.173110413293244, 2.4293476215387053, 57.40654416648692, 27.23113845356451, 51.60050936123935, 25.61872077110359, 19.857448728026515, 30.382119944044167, 54.03640034491067, 21.28127260186866, 59.22197289180347, 47.721616893535014, 5.428511994941088, 39.662611769593205, 57.105625728353864], [73.63227633926506, 46.65120493153946, 0.0, 62.19410499244309, 75.8187909336567, 25.35166309413402, 67.44858590090392, 44.209888500086976, 50.823421116753906, 3.690936174121676, 30.33156303442949, 41.20072775161622, 71.4636583250916, 11.574554299301814, 43.698213595230804, 46.15448029987898, 82.42314876344717, 16.985408444529302, 15.637900298825016, 29.819473999095294, 68.8873948271296, 59.59499256370965, 67.35338818991607, 33.666753621960865, 55.03298834575499, 35.33126312524047, 91.48566976024644, 23.080943633945324, 4.655320747304716, 16.571170020002118, 22.560742370351647, 41.28212729038785, 27.554270053059135, 9.30534457489221, 41.90841040837845, 66.41242240291706, 48.35320671013076, 45.02641304622225, 27.80220968486959, 18.948735509216363, 27.170211803885373, 34.08745745208515, 62.85309174169468, 54.837077917129285, 70.52379212252971, 44.70037363434074, 53.897315345222474, 21.370983438761414, 53.99436450346029, 28.85093369109624, 46.688525548770556, 36.347329683714534, 85.89112188222238, 46.35044312053216, 60.64073125158944, 55.50575717408682, 71.06062378460855, 41.75855770342904, 47.68519749104256, 48.06144285691052, 71.44939272588142, 47.86116356916821, 71.99335015210566, 53.18960087207616, 36.9862024926856, 16.402475483023924, 63.19707443640406, 14.822870881645402, 5.560494915586209, 43.510099413118745, 58.7496778075071, 38.26291059536556], [75.52997174095204, 15.610802008401585, 62.19410499244309, 0.0, 20.670638452743354, 84.11177992016168, 40.4696074191721, 32.301605500130485, 90.82318258289878, 60.82515647518531, 61.84168745077416, 54.98824995077576, 10.918879926300876, 73.76214882393342, 55.967578419111945, 92.45055473516655, 68.08761715785121, 72.64177699869758, 53.88833965362065, 60.900995271171666, 21.233502288629168, 7.308615001717257, 58.74026068254961, 68.20898220441102, 102.90315879260436, 93.81962015495495, 80.54270109331293, 85.26170965185965, 57.72751202328717, 78.73899510654219, 77.1556144844531, 32.51946287838183, 83.63652730290318, 53.10913162158754, 79.03161520828365, 46.02707905328822, 29.84864472868414, 43.79370161676564, 40.308626192876446, 43.272181489137196, 88.60764105030356, 90.15097505529984, 64.35264982474641, 22.158899604604485, 48.001003081471424, 98.81659841928823, 92.04750875835192, 72.793978351638, 21.965927655895754, 33.62516484885841, 100.85942299735599, 77.60482705241401, 24.9846031132121, 82.22200848911326, 36.06538937518374, 16.625975343966708, 13.848525619424231, 28.844762828002395, 14.548157716659382, 66.59977865741371, 14.527873273067094, 60.05872907875988, 10.120214560687279, 22.045086137342214, 42.70343683034757, 69.44028570843776, 17.161226066357553, 74.42482172215244, 63.33204861921527, 19.78714165893757, 42.227580848264694, 68.54816931054648], [67.82952350112595, 32.824885770451345, 75.8187909336567, 20.670638452743354, 0.0, 94.51669371677669, 29.826721159279067, 52.64946891262367, 93.83538413060906, 73.69073924580505, 67.25762263793317, 75.14524924985693, 23.386775653590473, 87.2118253248294, 76.27490867142784, 97.44594174083329, 55.768535635394905, 82.92435659479766, 64.33834856354711, 79.79943744079617, 9.129053762985437, 17.957931601957345, 50.4753351962556, 72.95912588885398, 107.62187087603247, 103.53006777431328, 67.78540799383266, 98.5906151166847, 71.77239973578028, 91.81941481103928, 86.56036399133828, 37.670882371229354, 92.95539590256551, 67.46389170554971, 98.2968088312076, 36.5052546347225, 31.640797994142144, 44.38492512179564, 58.33047530231513, 57.786205991250505, 100.4103063550365, 98.97123325325731, 58.64457842521638, 22.66403251284505, 36.779184339172694, 106.25593705659132, 94.30918765877963, 89.66881434499427, 42.62451498152884, 47.325390766823276, 108.19792736942739, 96.32151271519879, 28.74852762143366, 84.92922410308125, 29.1216449979471, 37.27980246436308, 28.630960754055387, 48.70359246455237, 30.760916653808742, 66.48764796409412, 6.142995116260264, 59.44180738417108, 14.462961149884718, 23.975298618719282, 62.5221920431421, 85.77840398815135, 36.56430337143758, 85.90798440902893, 78.0992983599419, 38.06290809292856, 36.27385966534936, 71.88106327666682], [72.47454081460023, 69.12839407645438, 25.35166309413402, 84.11177992016168, 94.51669371677669, 0.0, 79.15907121577204, 69.4745608259292, 34.52045634437487, 24.832250853631457, 31.882505502959468, 65.10508683168791, 94.1661002296516, 17.67221870657122, 67.49642928233563, 26.598194811915178, 86.40022512174681, 11.612399224470407, 30.433236552116327, 52.188864081331694, 86.45793834812282, 80.24071471859486, 72.23470527322372, 30.025823777721477, 32.859182014742984, 10.071662963933615, 92.67125413764681, 15.867724550122418, 29.77242483534939, 14.301954055591764, 8.853154619669533, 57.12009719089079, 5.399386231812104, 34.05986511599223, 58.49127153341531, 76.08447911657163, 63.83060192968052, 55.25105189316765, 53.07328356651023, 42.50848181765074, 9.017674687736818, 9.539196866168407, 64.61231970795518, 72.0812883150617, 79.96880380981614, 20.1983878713287, 38.01782637022422, 36.92575498755648, 78.72825175526054, 50.70468764511773, 22.03038684600387, 52.36578611579748, 108.69380957453409, 34.464129802825454, 73.38699081064613, 79.72410456443505, 94.43985477779124, 66.73159008720465, 69.67386952516364, 46.61595399214942, 91.09698079784849, 50.02714867955546, 93.33434014184002, 70.6370537953846, 62.24059673589016, 33.7766487603229, 87.46200860072825, 10.562239577453454, 28.25777011564515, 66.90301281222769, 69.26231613176982, 34.601481250760656], [38.01297225491667, 41.740317403432506, 67.44858590090392, 40.4696074191721, 29.826721159279067, 79.15907121577204, 0.0, 63.66629287287359, 69.54025924172961, 64.29738017184297, 47.9003052166762, 82.83788738490004, 48.85211894897695, 77.31588277813026, 84.70044178592151, 75.01177201493203, 27.62539562822736, 68.37485982117563, 52.54507198316793, 82.41805487157019, 21.822581139709598, 33.39086896846337, 20.689301713740388, 52.06571052878566, 84.44667161464392, 86.59332709504336, 40.07591165520537, 87.57307712774234, 64.67632196700424, 80.89043186354228, 70.39832610628915, 27.094566218182294, 76.16016065933701, 61.561540112106684, 100.78101026818439, 6.722873646315159, 20.762700844623048, 23.916000377272216, 61.31593732088722, 53.95953300419361, 86.76333260057346, 81.08911809527126, 29.48861030270111, 20.668208034443246, 7.546782357848291, 86.20417769520772, 69.28776388446414, 86.25436073257697, 58.550271538510685, 44.926376579277935, 87.93207862001017, 97.15719053059917, 57.93959195725112, 60.805047560000325, 7.155136426845859, 53.99753209503747, 53.410146545859504, 58.335804680466595, 39.393353860335644, 40.97371975881453, 32.020218657755194, 34.170125314767475, 40.91448053885337, 21.892625977163586, 69.98529290375461, 81.52473745188809, 57.191527498739255, 72.89888269971304, 71.51469941472507, 46.570791209569684, 10.089906718427873, 49.44555343773874], [90.13940882671034, 22.18585379465312, 44.209888500086976, 32.301605500130485, 52.64946891262367, 69.4745608259292, 63.66629287287359, 0.0, 88.20039821598519, 44.76483434044388, 59.68099784941938, 22.735506290212395, 36.336097890410244, 54.39516354729796, 23.667775140010903, 86.41880215244467, 89.11931141662686, 59.707283548171176, 44.5899545485112, 30.740274215154578, 50.73282398047714, 35.3186257024659, 76.19809633472354, 65.87661845697647, 96.39022559332894, 79.50752101799189, 101.11647507849766, 64.95602543448837, 39.70650318779149, 59.547138782171515, 65.21923860414, 41.59128477162611, 71.04830235798575, 35.48410644770252, 47.695575639567174, 67.04403238975186, 44.707639414193345, 53.954831724260906, 16.409182325333045, 28.673136090310724, 70.91915224699794, 77.76938391605914, 77.84145338967377, 43.15356944029011, 70.32872875329689, 88.06295578813662, 90.49787249802965, 46.295877382744045, 12.640060378794832, 26.661413508800127, 90.11121530073811, 47.20017925547545, 48.620748725953746, 81.07320446542333, 57.111570075844035, 17.018061798257378, 33.43220798245663, 5.52494144585755, 24.610712747722133, 72.10300245511975, 46.579837652886525, 67.52891740775848, 41.57207594716201, 41.807581896999, 11.373217602614163, 44.39370787962499, 22.915877718123642, 58.91249195488702, 42.59778341975373, 17.1033325713578, 60.52255005130085, 68.4545360152944], [47.27419905527064, 78.93074095830714, 50.823421116753906, 90.82318258289878, 93.83538413060906, 34.52045634437487, 69.54025924172961, 88.20039821598519, 0.0, 48.04933901776028, 29.48220955916836, 91.41968500392538, 101.73597818614019, 49.23255815321849, 93.95403495070748, 9.526271768489337, 65.40953884351772, 34.75329799149147, 43.754290104149, 80.64286472882738, 84.75418002127911, 84.8277773726682, 54.567918826434116, 22.981999878706034, 15.416803275336298, 33.15934688348486, 67.79189994326511, 50.38494678404653, 53.45444681481358, 47.721137793550426, 30.110453294688018, 58.47884079146564, 29.16488900738083, 55.80691433427687, 90.82813273179329, 64.13311475284155, 62.85603475911785, 49.45316094114392, 73.36343326294937, 59.75913756480888, 42.74580966322882, 27.505347838120713, 44.529262035670236, 72.05489429439587, 67.03228003825164, 23.858967087808256, 3.5009688303863666, 68.92829221003986, 93.72361172620904, 62.90384426022817, 24.524415793835082, 84.80505419358732, 115.47196558527092, 8.910324604615095, 66.30835224712987, 92.75753108008116, 103.75404697121016, 83.84696494044792, 78.382736647497, 28.593516510016954, 92.51286510094211, 35.39423881753684, 97.8799558131922, 71.20428407230797, 84.6247340940825, 64.79682927144749, 100.01268126359778, 39.6797892348784, 55.880782395981996, 79.08158050246901, 59.868614189133446, 22.33065709881827], [69.94139909630053, 45.409299233953185, 3.690936174121676, 60.82515647518531, 73.69073924580505, 24.832250853631457, 64.29738017184297, 44.76483434044388, 48.04933901776028, 0.0, 26.687391450590976, 43.517355117406886, 70.38593264034392, 13.57615183845089, 46.039297743352975, 43.85842590059126, 78.82577300417282, 15.19504168913866, 12.111729468283613, 32.7413915975971, 66.52084393532058, 57.84996421201112, 63.76082507884742, 30.191033390146444, 53.05737008140081, 34.903199184316605, 87.82335712774555, 24.901370293594486, 5.545061606768347, 18.15259190418384, 20.813038158300436, 38.44895263945181, 26.335527863099912, 9.280742064505924, 45.45926293021993, 63.08261689894344, 45.532741385665695, 41.62438407599464, 28.421417439006984, 17.971329859498688, 27.870014201722295, 33.025464059063744, 59.17533374906595, 52.34166300473435, 67.19171427048744, 43.44516066550802, 51.0413210795737, 25.060258220896596, 53.9205348077523, 27.239145330086618, 45.47261517281424, 39.95571460278181, 84.87611880140994, 43.220459015088835, 57.5628354047289, 55.08299861138059, 70.24763401659943, 41.901033121075855, 46.27770286994894, 44.39551469652843, 69.50841008378583, 44.17271634685761, 70.48171750088588, 50.71927032676787, 38.332940661367, 20.086970093370642, 62.812172183712356, 14.33612500056824, 9.184861456306388, 42.62931128483553, 55.452777478653836, 34.72427511802931], [43.830452961063756, 49.473235934183656, 30.33156303442949, 61.84168745077416, 67.25762263793317, 31.882505502959468, 47.9003052166762, 59.68099784941938, 29.48220955916836, 26.687391450590976, 0.0, 66.32591487136703, 72.70693254815302, 35.46827252351173, 68.84013849617382, 30.694304401930555, 55.243428000627155, 22.436676318979217, 17.18620427586548, 57.93296491440256, 58.47746392391164, 56.235054350115966, 40.66545461775637, 6.5007008237681525, 41.117557513033184, 38.71416778728022, 62.79397948176788, 43.17376724124825, 30.763377915456132, 37.27337609962612, 23.03116464438916, 30.137835016707726, 28.385224428976766, 31.215460297549008, 72.07061471990171, 44.36203841132225, 35.618014161298454, 24.345623466248583, 45.987526951784865, 32.17181287867577, 40.21323122920853, 33.201469291539915, 34.048198569470706, 44.713235027594855, 48.179030858568865, 39.17185211049491, 31.286185773113484, 51.616910320084166, 64.39516098694465, 33.67957722136789, 41.060553801883835, 66.63492710436813, 86.71259866709003, 21.570542097543694, 42.713682570080216, 63.2925458515197, 74.48078842601645, 55.01784541150261, 48.99270485087888, 17.787490108650612, 65.05415973971724, 18.88532783514023, 69.48924984334302, 43.59821798030961, 57.600107553822596, 46.69649300048032, 70.53047358575438, 28.004326959734197, 35.870521790340945, 49.63030946738498, 37.85248945192302, 8.998288567481385], [103.87201433015981, 43.33305405872841, 41.20072775161622, 54.98824995077576, 75.14524924985693, 65.10508683168791, 82.83788738490004, 22.735506290212395, 91.41968500392538, 43.517355117406886, 66.32591487136703, 0.0, 58.758666079766115, 47.686112663239186, 2.5385071706709983, 87.31735904054986, 106.21940506451828, 58.17657715683049, 49.209519406266374, 13.985928736566533, 72.52782171808838, 57.50133918104553, 92.15499159343928, 71.53159578718888, 96.20340194221313, 74.38902897251607, 117.5851579884363, 55.741202379810964, 38.02121545479845, 52.18350100950316, 63.71793255691096, 57.66724664317917, 68.26559872231176, 35.75422649407434, 26.092759798624257, 85.14756791683627, 62.516569312297, 68.45486100594368, 22.501598602368325, 34.96765257002184, 63.60223816568837, 74.45039866979744, 91.69749282563545, 63.15532827403616, 88.8124841269935, 85.18842134127584, 94.2938490567677, 32.42743250604273, 34.715427897753514, 39.60340196033643, 87.08765098872412, 27.134236559793447, 70.14439394950621, 85.90127685316948, 75.87291767267014, 39.569662485747784, 55.39868845593127, 26.481586857603066, 45.713721146823254, 82.0025924463557, 69.13257010110898, 79.0175376903048, 64.30289970148775, 61.61768906643942, 13.012355482059684, 32.954678282821334, 44.50671574760879, 55.211110602267524, 37.04828921296078, 37.91030265901291, 77.93344021330999, 75.27871795362758], [85.21893367380397, 25.04971624752221, 71.4636583250916, 10.918879926300876, 23.386775653590473, 94.1661002296516, 48.85211894897695, 36.336097890410244, 101.73597818614019, 70.38593264034392, 72.70693254815302, 58.758666079766115, 0.0, 82.96278650867268, 59.301229278712, 103.2768055615338, 76.33408079661827, 82.80039424184815, 64.18245695912384, 66.65296010003519, 27.700902797234686, 17.569770355103202, 68.14407068349406, 79.09195273290067, 113.7329065503033, 103.9825536183958, 88.70992168405664, 94.40533434716066, 66.89638646827532, 88.03120915947278, 87.46855573204337, 43.42896531124614, 93.93054069009261, 62.22852342592137, 84.02763948990237, 54.8881347581735, 40.50024029851727, 54.524359551995694, 47.52976359542762, 52.537886958460966, 98.25367256867392, 100.50948187897336, 74.38739617412342, 32.32005439390572, 56.37362509127351, 109.3702411672183, 102.96638726418618, 80.206909458609, 24.050782218133683, 43.46770321262171, 111.42166475074451, 83.30984293358769, 14.528158361420388, 93.14054763909463, 45.3453578145023, 19.32276156640584, 5.259757959448074, 34.30934548017547, 24.572488245062544, 77.39826608700744, 18.155441914846538, 70.78914875201454, 8.930857273873292, 32.44028970182238, 47.56075525047666, 77.25965876462413, 15.057075347863785, 84.2677611280392, 72.0990794992354, 28.0368595919671, 51.91061155320186, 79.46593709848788], [79.24463154647879, 58.20704675297133, 11.574554299301814, 73.76214882393342, 87.2118253248294, 17.67221870657122, 77.31588277813026, 54.39516354729796, 49.23255815321849, 13.57615183845089, 35.46827252351173, 47.686112663239186, 82.96278650867268, 0.0, 50.03195358136604, 42.72181265560926, 90.02550470833472, 15.04368404297756, 24.772281272031808, 34.55380349276453, 80.09530757132782, 71.14176240506215, 75.08490978094764, 36.8877848795908, 50.150593001860095, 26.703368044053054, 98.18267063192798, 11.506514294475018, 16.069303414677595, 5.1845252329583875, 19.12211950762679, 51.908318079064124, 21.67263492654985, 20.734263155567344, 41.70739426676994, 75.68134380460968, 58.98858686194684, 54.11006794867336, 38.16284445528283, 30.499780257452596, 16.58641506533178, 27.19565086954472, 69.39227326463187, 65.91457059560867, 79.76963279257578, 37.8681972192613, 52.60091720769644, 19.816874711539594, 64.84917652731959, 40.40744220071992, 39.67954441554916, 35.63598853721978, 97.35871615352693, 46.720724569989585, 70.72065003703953, 66.66158476531555, 82.44298573920047, 52.46795263415422, 59.258418730529094, 52.979304997185956, 82.9377011126581, 54.18295246702661, 83.56789653237952, 64.29432541695724, 45.996012761983614, 16.204593729028893, 74.30189620708398, 9.566546665869694, 11.808259493508247, 54.9650502355373, 68.17318538594517, 41.807461462677466], [106.20062922911085, 44.79101781951907, 43.698213595230804, 55.967578419111945, 76.27490867142784, 67.49642928233563, 84.70044178592151, 23.667775140010903, 93.95403495070748, 46.039297743352975, 68.84013849617382, 2.5385071706709983, 59.301229278712, 50.03195358136604, 0.0, 89.82655629008613, 108.32350499653249, 60.667976124617475, 51.732366601725, 16.012907725482904, 73.91734291273488, 58.75403244111413, 94.33421385892285, 74.06135325456259, 98.68523234483438, 76.72891632930137, 119.75049794612634, 57.905446397677714, 40.547948157789065, 54.47636565477711, 66.20135253052231, 59.76259434136397, 70.70669634992439, 38.29257848618718, 26.48699547484057, 87.13266767514867, 64.48174294298558, 70.68961229374487, 24.755022675606913, 37.40688846182982, 65.8563997650394, 76.86327911068136, 94.00751270549834, 64.86877516494259, 90.76298976756347, 87.60189632049563, 96.83071008208375, 34.368570491989736, 35.260926626946336, 41.79644932513348, 89.49345464737954, 28.072316667826133, 70.32624882047405, 88.43924362487009, 77.77186935548667, 40.25209885388655, 55.768069031118486, 27.76744064230047, 47.19133910117131, 84.4613969460905, 70.22565340338373, 81.41959211535911, 65.11813703701486, 63.35354979505852, 14.722658898305944, 35.115141094448155, 44.8296301714754, 57.65027939410344, 39.49407114581266, 39.387645702617995, 79.97269672089604, 77.79705210738389], [55.934216052913584, 79.51010993363248, 46.15448029987898, 92.45055473516655, 97.44594174083329, 26.598194811915178, 75.01177201493203, 86.41880215244467, 9.526271768489337, 43.85842590059126, 30.694304401930555, 87.31735904054986, 103.2768055615338, 42.72181265560926, 89.82655629008613, 0.0, 73.43932458577447, 29.299958446350768, 41.94708137065664, 75.701628020759, 88.49712086296294, 86.92798673876504, 61.69500041359688, 24.57021165528392, 10.457724781474354, 23.927741435367853, 76.58091533100088, 42.35354711298024, 49.39707094021936, 40.50042495605938, 23.999346655461583, 60.78757542824409, 21.483543814979395, 52.3862372060492, 84.40040528559524, 70.07427764665141, 65.93631673057571, 53.34909604550286, 70.86477154001525, 57.74581254546234, 34.22420412970117, 18.60576417600217, 52.004551948769894, 75.12307294487842, 73.26804614196641, 14.411688395695284, 12.75896222830129, 62.5357604581527, 93.09985549148719, 62.40378697729905, 15.250952248998804, 78.3054726359029, 117.36776262792073, 15.222804392922553, 71.07397998409479, 92.67593687831018, 104.84371194158578, 82.46632600009443, 79.2500583614431, 34.80647049079587, 95.56531653856248, 41.048068593265924, 100.182516316544, 74.0963293291177, 81.69630559758099, 58.75086603881574, 100.1613558694127, 33.39998294758545, 50.7754635045515, 79.00801804004584, 65.0696157039047, 25.81121328522115], [19.651060996548555, 67.96821581314359, 82.42314876344717, 68.08761715785121, 55.768535635394905, 86.40022512174681, 27.62539562822736, 89.11931141662686, 65.40953884351772, 78.82577300417282, 55.243428000627155, 106.21940506451828, 76.33408079661827, 90.02550470833472, 108.32350499653249, 73.43932458577447, 0.0, 77.67831609065465, 66.80246777632394, 103.34907273705295, 48.850341018011655, 60.96852937654677, 15.073409705588281, 56.3971404686949, 80.73222087571733, 91.35744810588857, 12.458337453397409, 98.4036443099191, 80.93043420315945, 92.36062363629726, 77.71968190879939, 48.56093676366747, 82.09741314100235, 79.02446846206274, 120.76196420951257, 22.461724182869645, 44.42338164904578, 38.66667548658044, 83.85059850148305, 73.69299186807953, 95.11365958241782, 85.22296997753226, 21.9611278365077, 47.46220202592492, 20.086739220594463, 87.04858970339687, 63.788927776136894, 103.2521838527921, 85.40475175553085, 66.7171345098795, 88.33281093509689, 116.31127938339701, 84.48109117280349, 58.235707856898756, 32.71827218888681, 81.10991807805226, 80.98277788076109, 83.63110855356719, 65.75400243506043, 40.182783567042016, 58.98041795594554, 36.46344556688607, 68.14444798691481, 48.38583963948233, 93.87175442253341, 98.26848123891031, 84.7038305054497, 83.21192879296915, 87.42709161141549, 72.31531660455545, 28.610181921580974, 52.02525814701169], [65.40446000622032, 57.802033486750126, 16.985408444529302, 72.64177699869758, 82.92435659479766, 11.612399224470407, 68.37485982117563, 59.707283548171176, 34.75329799149147, 15.19504168913866, 22.436676318979217, 58.17657715683049, 82.80039424184815, 15.04368404297756, 60.667976124617475, 29.299958446350768, 77.67831609065465, 0.0, 18.845875267988493, 46.40445653276542, 74.91592922705352, 68.66166762888511, 63.07072265622391, 22.498529752772303, 38.04902801529445, 21.18573717107125, 84.95291694228297, 20.791751300080882, 20.67082594024638, 15.329736005381472, 5.623245698177703, 45.60694699094093, 11.448459438357435, 24.349310394752333, 56.15406735861697, 65.70110782604715, 52.386827007338184, 44.48397981445002, 43.473414894615225, 31.823392875236976, 18.38847324847434, 18.20540395568808, 56.337567574502025, 60.52992789050219, 69.67317229495605, 28.356817430097088, 38.02148328246369, 34.30583239646117, 68.22504343943618, 39.403814410755025, 30.403932038436206, 50.179091936330295, 97.32080405469269, 31.706138755002932, 62.3727257428419, 68.89322187272334, 83.23528785481, 56.52593537001718, 58.25952665856806, 39.07076668211204, 79.48458159722026, 41.26997460073589, 81.78627881416776, 59.070480948466205, 53.52663725628153, 30.05684644523692, 76.62180069599816, 5.89311959250413, 21.477042196819173, 55.81942557099287, 58.62802043587137, 27.422283399484897], [58.70057142203219, 39.312106995527344, 15.637900298825016, 53.88833965362065, 64.33834856354711, 30.433236552116327, 52.54507198316793, 44.5899545485112, 43.754290104149, 12.111729468283613, 17.18620427586548, 49.209519406266374, 64.18245695912384, 24.772281272031808, 51.732366601725, 41.94708137065664, 66.80246777632394, 18.845875267988493, 0.0, 40.87630932036063, 56.57905428536802, 49.81582260973224, 51.7300321104871, 22.39033980106723, 52.10066715078059, 39.964155119393986, 76.03402599996609, 35.3269095734327, 14.495390144899982, 28.5451977169083, 23.287369348552314, 27.593901052609862, 29.75759356121209, 14.125135294645975, 55.835499767469955, 51.07227450920077, 34.60623996964153, 29.558202859608347, 29.656413408105827, 16.0094235895524, 36.10657049173246, 36.330433226634106, 47.55333578685828, 42.20193401724367, 55.17616561051004, 45.50536757051512, 46.23241539183482, 36.615884071935845, 51.317692153326135, 21.136235172631622, 47.5752183300344, 50.70786480023739, 78.67686037007239, 37.18650474519638, 45.96389715422062, 51.30612297586047, 64.87353921766267, 40.522093747952354, 39.6100895113979, 33.99418477936945, 60.72483367129684, 32.81649392531772, 62.9507285741144, 40.67268884103767, 41.07583021351632, 31.61013508717471, 58.95165199113619, 21.608917035541285, 20.67396048272554, 37.84146065931881, 43.49016221747632, 26.08372156778621], [98.49509322658804, 46.98287422459673, 29.819473999095294, 60.900995271171666, 79.79943744079617, 52.188864081331694, 82.41805487157019, 30.740274215154578, 80.64286472882738, 32.7413915975971, 57.93296491440256, 13.985928736566533, 66.65296010003519, 34.55380349276453, 16.012907725482904, 75.701628020759, 103.34907273705295, 46.40445653276542, 40.87630932036063, 0.0, 75.67870469724502, 61.842069414153734, 88.66542632994039, 62.40689612287, 84.07878171597325, 61.13790644023784, 113.99891453871396, 41.930126551249046, 27.623139983809523, 38.76368512947903, 51.76550070445226, 55.73784950451009, 55.758544779641745, 26.752461903822983, 18.692000223702685, 83.64424708697831, 61.65664902926114, 64.73768694699153, 21.803944683268178, 29.682972458229756, 50.01560475274461, 61.66600258628785, 86.68589148839541, 64.31031685446335, 87.56118847582728, 72.38063456848612, 83.70802330569327, 18.450004965396776, 43.37537029874005, 37.50877150225962, 74.21731069615264, 16.719546340567337, 79.3453171960945, 75.94600099642983, 75.27333414004849, 47.43592200199101, 64.09287146425063, 32.406902496800996, 49.12147712719616, 74.7866968359289, 74.10144340502936, 72.85486318891928, 70.81775345014087, 62.64781629913873, 19.381708582799533, 19.160859852098532, 53.655279501687666, 42.762661510944795, 24.92748399503656, 41.75585937629613, 76.05342123893608, 66.6098892298193], [59.53834966441215, 29.224134700004406, 68.8873948271296, 21.233502288629168, 9.129053762985437, 86.45793834812282, 21.822581139709598, 50.73282398047714, 84.75418002127911, 66.52084393532058, 58.47746392391164, 72.52782171808838, 27.700902797234686, 80.09530757132782, 73.91734291273488, 88.49712086296294, 48.850341018011655, 74.91592922705352, 56.57905428536802, 75.67870469724502, 0.0, 15.64871409098486, 42.16998148255845, 64.06664341557529, 98.62985514433689, 95.2690477262697, 61.14654237108356, 91.34319956980062, 65.05444855917901, 84.53766351638107, 78.32549538669237, 29.35508209220234, 84.6641756098626, 60.93745825516532, 94.34758811165675, 28.31577765746702, 22.953418032677085, 35.31952138795724, 53.90564565432658, 51.52918092404184, 92.67872268656744, 90.55176253138305, 49.91313422432766, 14.392469280460434, 29.159617896336936, 97.57692205770012, 85.19859661520871, 84.04392554525816, 42.37737943410179, 41.07712048208852, 99.49845666826295, 91.88592638662868, 36.130286738647435, 75.84558150251092, 20.20644597261084, 37.19531702014259, 32.605306084632055, 46.16126819161637, 26.886462972182475, 57.358968291937785, 10.20401924552081, 50.31390646073142, 19.298704426989246, 15.90792245639804, 59.60224332519732, 79.90380331043087, 38.361995718063056, 78.18718288210816, 71.58528062341394, 34.65213709098569, 27.353827097623974, 62.86475569948189], [68.22736678296714, 14.878609655060389, 59.59499256370965, 7.308615001717257, 17.957931601957345, 80.24071471859486, 33.39086896846337, 35.3186257024659, 84.8277773726682, 57.84996421201112, 56.235054350115966, 57.50133918104553, 17.569770355103202, 71.14176240506215, 58.75403244111413, 86.92798673876504, 60.96852937654677, 68.66166762888511, 49.81582260973224, 61.842069414153734, 15.64871409098486, 0.0, 51.43503419986619, 62.48726128825669, 97.35086551114406, 89.73503778225782, 73.4268634477663, 82.63228020347887, 55.31230465109034, 75.96641200294236, 72.88230998682799, 26.349114480013938, 79.36805385379284, 50.82427412849143, 80.34489412933735, 38.80366660103342, 22.94387201279611, 36.990680366852814, 40.423635294979846, 40.98493891134928, 85.31238078795526, 85.74203052280563, 57.096277396040726, 14.897917605731267, 40.89406457011603, 94.00096070203462, 85.89985975011606, 72.12026837280729, 26.774133691521826, 30.746649598367753, 96.02075215128363, 78.37804007889181, 30.65380072437877, 76.12249249971808, 28.786210369403378, 21.664591444287936, 21.06817933959332, 31.020843129388584, 12.892608153892468, 59.903725668648235, 12.403246434150214, 53.24628534558906, 13.32298342284184, 14.894337745880712, 44.73751163262454, 68.4029540368739, 23.838532588005663, 70.92973737154436, 61.33774053095803, 20.109369710104712, 34.919713010958354, 62.49996555423679], [17.373175497832314, 55.99036172101127, 67.35338818991607, 58.74026068254961, 50.4753351962556, 72.23470527322372, 20.689301713740388, 76.19809633472354, 54.567918826434116, 63.76082507884742, 40.66545461775637, 92.15499159343928, 68.14407068349406, 75.08490978094764, 94.33421385892285, 61.69500041359688, 15.073409705588281, 63.07072265622391, 51.7300321104871, 88.66542632994039, 42.16998148255845, 51.43503419986619, 0.0, 42.44811918665516, 69.9680717152572, 77.81132552371857, 25.448017412431444, 83.70239685475782, 65.86779533962425, 77.55262651844112, 63.456781610830625, 34.82777000458487, 68.17450568008083, 64.02226777829424, 105.88166137753095, 13.976758850318934, 31.818257948047833, 23.940478297350968, 69.6792866926499, 58.98245683386028, 80.79524573983275, 71.7828227104358, 10.329035278213496, 36.84517494072718, 14.67037135743819, 74.62447121566692, 53.53725597285781, 88.18778388964122, 73.80566811584355, 52.55170381590057, 76.07439273318364, 101.35107690475108, 78.23897595276004, 46.564727757129546, 22.799311917091604, 69.95181905670889, 72.31462114164842, 70.67407038600837, 53.954348650956426, 27.133714532803346, 52.26039306171691, 22.263349018217003, 60.773351157131906, 37.38575247892063, 80.08649711251122, 83.2016624571651, 74.44900949054941, 68.50033597676675, 72.3543671460153, 59.84706902206246, 16.64150173178765, 38.41070420731351], [42.97602318136987, 55.969139654035295, 33.666753621960865, 68.20898220441102, 72.95912588885398, 30.025823777721477, 52.06571052878566, 65.87661845697647, 22.981999878706034, 30.191033390146444, 6.5007008237681525, 71.53159578718888, 79.09195273290067, 36.8877848795908, 74.06135325456259, 24.57021165528392, 56.3971404686949, 22.498529752772303, 22.39033980106723, 62.40689612287, 64.06664341557529, 62.48726128825669, 42.44811918665516, 0.0, 34.917693982396926, 35.4518539448184, 62.82073088518462, 43.096035020951824, 34.85381092147454, 37.82128986699376, 21.470177918938834, 36.252837098321955, 25.743806845511692, 35.96760469796722, 75.5630232349655, 47.927239779143996, 41.39060540686764, 29.22944312912492, 51.79605686227546, 37.98218903030112, 38.84060059947423, 29.547217464659095, 34.58731532756126, 50.56472487569773, 51.544035748414224, 34.188950375725916, 24.834747797571122, 54.48256611880435, 70.84275651264471, 40.079956294045054, 35.9728256318931, 69.92334859488787, 93.03137536676412, 15.208999410905431, 47.39905483280581, 69.78520419570846, 80.93113676331787, 61.30452124272298, 55.470563634981396, 16.729171261376962, 70.99698984748758, 20.186846641887186, 75.69794619169629, 49.52708027927599, 63.33960571290372, 49.70048939332607, 77.03079584650101, 28.375090369164102, 39.21233330355594, 56.11745147552399, 41.97801109443745, 4.934027507184811], [62.301815338269016, 89.94592301976151, 55.03298834575499, 102.90315879260436, 107.62187087603247, 32.859182014742984, 84.44667161464392, 96.39022559332894, 15.416803275336298, 53.05737008140081, 41.117557513033184, 96.20340194221313, 113.7329065503033, 50.150593001860095, 98.68523234483438, 10.457724781474354, 80.73222087571733, 38.04902801529445, 52.10066715078059, 84.07878171597325, 98.62985514433689, 97.35086551114406, 69.9680717152572, 34.917693982396926, 0.0, 27.09753931959891, 82.62022024926405, 47.7212926538537, 58.59561895853204, 47.16071236769383, 32.48573179788218, 71.16768306061132, 28.4840113130844, 61.878087695510466, 91.34951562516711, 79.2356814663198, 76.1976891537194, 63.37575241214547, 80.63278308123346, 67.74524381367975, 38.914297517745965, 23.55147299647627, 59.94600311468792, 85.39953956981392, 82.24486692828815, 14.563394189120569, 17.035304255371162, 69.73765329803425, 103.36206020822688, 72.73822790795208, 13.915228098527374, 85.22379904348797, 127.81318567240518, 23.70570694279305, 80.83264979897316, 103.03250129435399, 115.2972250888025, 92.56661739116575, 89.70095807299525, 43.693797154192204, 105.86358449939394, 50.293836575016776, 110.59208973298584, 84.40473046979093, 91.23813812413191, 66.35402579939405, 110.54342415681393, 41.331415550844085, 59.284884997526625, 89.37906644956995, 74.6229377778902, 35.77970076871276], [75.96198227751081, 78.97292074645732, 35.33126312524047, 93.81962015495495, 103.53006777431328, 10.071662963933615, 86.59332709504336, 79.50752101799189, 33.15934688348486, 34.903199184316605, 38.71416778728022, 74.38902897251607, 103.9825536183958, 26.703368044053054, 76.72891632930137, 23.927741435367853, 91.35744810588857, 21.18573717107125, 39.964155119393986, 61.13790644023784, 95.2690477262697, 89.73503778225782, 77.81132552371857, 35.4518539448184, 27.09753931959891, 0.0, 96.53641271431897, 21.20508398754408, 39.80120285376258, 22.41525124249918, 16.971363051395883, 65.92820168356522, 10.617525640251786, 44.122491293864535, 65.64991589215786, 83.01065137410215, 72.44066846234787, 62.854498316573604, 63.10074637779345, 52.55022121825551, 12.177152599624062, 6.220042118570961, 69.39772976482352, 80.95553940948922, 86.7569052887286, 12.74403779827892, 36.562956463522646, 44.790718234587864, 88.79762183684703, 60.56123651145052, 14.073089876495407, 59.559872161817225, 118.50450204593001, 35.68225078552274, 81.18881550670841, 89.76039540049989, 104.36182322986953, 76.80086166716444, 79.44520916146074, 51.17540788215565, 100.33672989074705, 55.59177965080251, 102.90794260585082, 79.57052419386942, 72.08876331747415, 42.25808844746995, 97.49826675239991, 20.608609812286016, 37.908867463653266, 76.86989318486505, 76.56167223702816, 39.42755618307867], [20.694567674870733, 80.20553841608044, 91.48566976024644, 80.54270109331293, 67.78540799383266, 92.67125413764681, 40.07591165520537, 101.11647507849766, 67.79189994326511, 87.82335712774555, 62.79397948176788, 117.5851579884363, 88.70992168405664, 98.18267063192798, 119.75049794612634, 76.58091533100088, 12.458337453397409, 84.95291694228297, 76.03402599996609, 113.99891453871396, 61.14654237108356, 73.4268634477663, 25.448017412431444, 62.82073088518462, 82.62022024926405, 96.53641271431897, 0.0, 105.73468748873638, 90.42457527470205, 100.03816433812617, 84.27697229192462, 60.10434556174066, 87.99607493263932, 88.9205515474533, 130.98737470619062, 34.852006294058384, 56.423637095868955, 49.349242418442365, 95.1195487667453, 84.32713934589884, 101.59258306950984, 90.3215842180588, 28.793370213380896, 59.85216880745651, 32.54210089793003, 90.73763878647434, 65.6216645765552, 112.64989493274561, 97.73668012937267, 77.98534804700189, 91.79385417802526, 126.29618304315642, 96.53327038010822, 61.757127183627176, 45.106517100959174, 93.49770286557097, 93.39457409408664, 95.60857196338877, 78.02329408235107, 46.101504942674104, 71.22575720753082, 44.000798876961206, 80.44437912653329, 60.73624692492344, 105.43999524287652, 107.64413505754898, 97.15672919998153, 90.68881541591122, 96.69601147899883, 84.43865564196265, 40.635346933237564, 58.09742936046112], [86.0