instance_id,num_cities,city_coordinates,distance_matrix,best_route,total_distance
2084,90,"[[56.13803357401055, 24.858855417500525], [65.73704409580962, 88.31866673225389], [62.7449227489301, 23.429633273084317], [55.24169630899487, 2.472524480902638], [34.565687430257, 98.77531835022307], [9.691512074571374, 70.94043325610049], [63.069286110394415, 86.61550811234537], [58.502289480768944, 61.88319365292369], [22.82569768788728, 69.91277993859677], [2.424905523246157, 97.79318044550425], [99.3295175225588, 78.82184526147716], [69.9168675156851, 42.94315687762883], [89.79123081261939, 43.384904994449535], [49.4140978616168, 2.156388486824201], [81.39081385506131, 9.373753129495476], [20.754576043552152, 30.784356440236216], [0.8658042773725616, 18.106558799146512], [62.390382563162575, 7.424233892541265], [77.73417719975558, 28.31392831979067], [49.93749601268569, 17.778286894723273], [44.57151040295281, 28.757484518740128], [53.94346747202354, 24.948704394466237], [3.027931586676924, 54.75466945720597], [1.565676970454144, 3.9996192487106064], [67.44044734545425, 1.8295481047588824], [71.83858182305703, 41.23027305364566], [63.49611881770218, 31.190246839896453], [27.217484087389444, 76.05696249572307], [0.8041867072321351, 14.639092847951307], [75.85436687323697, 32.15135968696299], [27.499521304271855, 5.232978515721321], [75.05012998324258, 50.26257324428772], [68.84544374056443, 69.20190213473406], [36.030922030033175, 43.63687442886912], [69.06969374566714, 77.65564821640082], [11.061176796999195, 99.74596219334056], [37.56699378854221, 6.407777944381943], [41.59407362742655, 8.747298649066371], [52.39004864248991, 32.611154107928705], [0.9932218369267498, 11.533683757309166], [55.78751135643167, 92.51175822770625], [70.66029249467968, 71.08373650642662], [10.949065706156524, 45.407553288361704], [22.574250702677645, 46.31532002219105], [35.02320341829781, 21.25816855074185], [90.5681773540943, 25.087947191797955], [25.611028088046574, 94.1741301833414], [83.82244850331526, 71.33401947854483], [93.93478663018129, 58.024502940394825], [63.28939881922271, 56.00310672046144], [23.052797778644596, 45.554197833282], [3.6423186139449393, 1.7919138988435335], [90.27176038511105, 74.55209223437672], [90.30918377431064, 0.44749748456066607], [65.12504246081933, 99.062225336229], [35.634486066310664, 21.485791430028044], [4.011975246453292, 46.26030949662072], [40.89804440502316, 88.00994569708214], [88.62420850769125, 12.480195311799559], [12.836510268862188, 96.07096097505867], [57.61126730762838, 21.8495773018461], [80.64810417184057, 29.7841339085841], [37.517176921210016, 39.79449381525868], [20.93223216334935, 32.96405871974834], [25.328821168492166, 28.845346662462145], [74.91374687019152, 80.43779622446525], [14.944567010260046, 18.696627240640197], [61.97467561097388, 93.87472510749683], [21.761629381391845, 94.38088437023559], [15.83173143928347, 67.28226025183154], [3.5210219395520936, 6.978880205320781], [98.55425312284099, 61.302787548635365], [7.004897873731686, 58.54080333664551], [70.08125720746179, 91.10301602639551], [11.179085828728997, 33.20808140504092], [28.286571565851006, 61.996319908595545], [96.15097929594472, 11.19453099536354], [30.06880751948132, 42.29825717758189], [63.66751432342708, 23.285274443261915], [16.29042946018828, 62.34217831413192], [37.474624750297735, 42.2133055953709], [76.52089329391572, 86.1398555201701], [59.229715108343385, 36.28355807992083], [30.85743084150816, 43.79552578061041], [34.2513577557818, 26.485515545299208], [41.48991928957578, 67.96915788208334], [94.65632614759193, 78.7802831975661], [88.81731166409838, 88.6903424490177], [63.01223645468931, 60.83840106726469], [55.810819203769924, 13.36881208766929]]","[[0.0, 64.18168473249754, 6.759708611157645, 22.40426819370665, 77.00006240666605, 65.42775539091046, 62.144399697758885, 37.099748351756496, 56.031846631558864, 90.57878279314811, 69.11952371493041, 22.735395842013425, 38.415520266010745, 23.677274256190387, 29.622479720526528, 35.87618470768868, 55.68314683135609, 18.521822145802048, 21.87077841010574, 9.411754175239835, 12.205890673590677, 2.1964046108702813, 60.94622736643859, 58.42302490295312, 25.65333413741021, 22.683265433744772, 9.707107488692051, 58.8017376529065, 56.2696912738469, 21.02176056581163, 34.71799863453774, 31.670432109699938, 46.12790983025128, 27.511996158644482, 54.35742051132687, 87.40710370531254, 26.178727597659744, 21.7050462434503, 8.610779641386735, 56.73191748294766, 67.65381086437156, 48.45240588293126, 49.641633747791566, 39.83600625020431, 21.419640482908306, 34.43090593868089, 75.7397212815316, 54.09591208657909, 50.2847364237103, 31.95475573513919, 39.02473607010569, 57.34007220254957, 60.28705575289757, 41.99502234957822, 74.74561148339907, 20.77914870884007, 56.34845333696917, 64.96397057885795, 34.76467730087793, 83.34378140261643, 3.350548076244569, 25.000038578477078, 23.87068488403158, 36.12675979848847, 31.066053523009703, 58.6646918597931, 41.65182761467403, 69.26223111721278, 77.55675131746575, 58.5178884574063, 55.57196619635568, 55.9222305527359, 59.56961171075411, 67.69565938868982, 45.72763449987301, 46.42084881623017, 42.281787891004086, 31.364586412571654, 7.6921542781148, 54.706773337357745, 25.485285360325598, 64.58190105551805, 11.835637947928632, 31.586490133594957, 21.947040837971965, 45.53092828701911, 66.265973445086, 71.71048705136538, 36.630347669769606, 11.49470160402136], [64.18168473249754, 0.0, 64.95798221481083, 86.48533092152353, 32.87848900771855, 58.677974217719374, 3.165072187694193, 27.40758857082914, 46.69218691817327, 64.01713286874107, 34.90908032267043, 45.56761808991683, 50.96711530503681, 87.69479326737248, 80.48192276171497, 73.03163213875571, 95.59298016063467, 80.96363015498301, 61.192318428557144, 72.28811041418943, 63.21008023389026, 64.45805284271113, 71.12646978982218, 105.96068198756168, 86.50589126523003, 47.482055366934304, 57.17235438128783, 40.424075673123816, 98.2087347256737, 57.07124145226416, 91.46223119762729, 39.17907375515051, 19.36782995145557, 53.65553328063775, 11.17168373872626, 55.85726046300606, 86.61954419375053, 83.15338623091263, 57.28410992954579, 100.43752352160206, 10.79700041776366, 17.92431852780214, 69.5922857292364, 60.22713564784518, 73.75940906430961, 67.93165000568209, 40.5510001465103, 24.810483568764855, 41.38658048066665, 32.4081222269319, 60.42139260125962, 106.50180227846955, 28.133092201215902, 91.24216368180069, 10.760975675015652, 73.29936712606884, 74.69196434569061, 24.840918145600973, 79.21676616858055, 53.46554540265193, 66.9639313221595, 60.40390091274139, 56.13337920195519, 71.2151936072723, 71.90201861052078, 12.09628016250786, 86.18064812623479, 6.710082062448447, 44.391300746827504, 54.15783072608414, 102.40602660583497, 42.5067869450014, 65.8497239801281, 5.15992137064486, 77.54835540087574, 45.77558120900424, 82.90440137604459, 58.22457553340058, 65.06631283615738, 55.854683326113914, 54.078356787387364, 11.001755397453424, 52.44042203311511, 56.55879684867381, 69.38794585525218, 31.654787502244428, 30.451693464327086, 23.083260035407346, 27.61502449210378, 75.604303130521], [6.759708611157645, 64.95798221481083, 0.0, 22.259802693112125, 80.44278440536803, 71.2175575206587, 63.186707390028026, 38.68690014635523, 61.27175085960683, 95.7519797506638, 66.38320362650234, 20.78976659807657, 33.61124290099226, 25.105016150410155, 23.350310956230068, 42.62958091869172, 62.10765190113165, 16.009325659565178, 15.76496391035741, 13.998853363489546, 18.93829229874637, 8.931583961605178, 67.43424149057476, 64.19054104002028, 22.10456130565535, 19.988932236459107, 7.796885177244001, 63.496729671358196, 62.561396902188804, 15.745667241716777, 39.665558956779854, 29.519905023180236, 46.17701758572679, 33.49582704662282, 54.5936207335065, 92.17044892745436, 30.39196712234357, 25.747414793960257, 13.839210331550971, 62.88709072939681, 69.43158907536586, 48.30700397650399, 56.265795782103424, 46.232429642252285, 27.806635569351606, 27.87262997775399, 79.89812247963633, 52.336338328628656, 46.5791006378309, 32.57802367575578, 45.441843510525814, 62.93892845652172, 58.062316527139124, 35.88825784678677, 75.6700333819999, 27.18003491964523, 63.01427536005351, 68.17552967271055, 28.1003135756817, 88.13405769954214, 5.371312229078877, 18.997462551304416, 30.070713661515644, 42.88596929770281, 37.80601286824011, 58.29246026361724, 48.03410616266904, 70.44930265242049, 81.93723431688865, 64.21760204019341, 61.46623222205487, 52.1218184315128, 65.87673820340571, 68.06987980423938, 52.48479384688618, 51.7181523674051, 35.57614849542635, 37.73265793099648, 0.9338172653578986, 60.59873025307805, 31.486732235192616, 64.20552420730792, 13.325917142780316, 37.836248727562925, 28.65696533969366, 49.35123528801274, 63.89078269934295, 70.27609569326931, 37.40972286045693, 12.218916273544833], [22.40426819370665, 86.48533092152353, 22.259802693112125, 0.0, 98.49733727462113, 82.23547784161492, 84.50628885769517, 59.50007629658261, 74.82636582650993, 108.97541393556388, 88.16436220499895, 43.04918973147594, 53.548979576667875, 5.836167032448198, 27.044469033393103, 44.6197410693591, 56.57880047596161, 8.696156694646024, 34.2591571552152, 16.198793283812556, 28.368151005312495, 22.51364167832525, 73.88978217453868, 53.697738038592135, 12.215684404477617, 42.16182732276734, 29.88047972239581, 78.74024376771087, 55.780532782253694, 36.13468481913825, 27.879174673419318, 51.73260872441863, 68.10192204519335, 45.42639711704929, 76.44419930731073, 106.83651056050722, 18.107493725204527, 15.0209984927738, 30.273237194078476, 55.00001445435296, 90.04088808856534, 70.32234014840961, 61.68673945360406, 54.67497346425432, 27.598693409106392, 41.94541223330925, 96.36991744120914, 74.55712500695994, 67.6991694880179, 54.1321415667189, 53.7787668828349, 51.60386622415832, 80.1409350875348, 35.12590798066283, 97.09403093124838, 27.31203056492733, 67.393281836757, 86.731717256471, 34.850331363642695, 102.75634830631547, 19.521399610253308, 37.3016027808925, 41.31692126142235, 45.90068616262762, 39.87863900625825, 80.40878789864848, 43.44053567898854, 91.64985155288062, 97.81646844485812, 75.85148107802186, 51.91661968141735, 73.05461950055783, 73.96242706354053, 89.86421200486316, 53.723254757810246, 65.34264283020914, 41.82873213647102, 47.114364209193816, 22.453618198589204, 71.42532211504296, 43.531580666912866, 86.33091281549984, 34.04541506543715, 47.98106750380315, 31.8938560296069, 66.92473651857348, 85.88589573191955, 92.52477550179135, 58.880869931160966, 10.911140383971498], [77.00006240666605, 32.87848900771855, 80.44278440536803, 98.49733727462113, 0.0, 37.32968561116482, 30.988967758535082, 43.97715068539184, 31.158842769165066, 32.155784183532525, 67.76794800293014, 66.08279797446689, 78.21737999703548, 97.75322450071151, 100.92191203408167, 69.37951930635764, 87.42500152718026, 95.49468200289299, 82.63368558886879, 82.44277775340939, 70.7291562781155, 76.32736919034637, 54.152078192914786, 100.3565335716989, 102.36812105322726, 68.56165761270631, 73.51674470023572, 23.877181263704987, 90.65728527173056, 78.38052639596742, 93.8088484389049, 63.186046929203, 45.27348715692896, 55.157908866278426, 40.45450430267718, 23.524543982383825, 92.41628839377276, 90.30195204893649, 68.52302155119443, 93.47841062223328, 22.126861416882935, 45.49334258733166, 58.3597735547122, 53.81306513634641, 77.51849994623556, 92.55326869381223, 10.06761423983301, 56.38486849477541, 72.00915842013671, 51.521972823812895, 54.45212849107894, 101.794083707893, 60.74480428407802, 113.02963213622043, 30.56070181626355, 77.29691651076375, 60.75652625936286, 12.48967546483351, 101.82913120171484, 21.896819150823895, 80.30360133721436, 82.96609345633449, 59.05462685547563, 67.20857829670648, 70.53737051087724, 44.3196414502774, 82.44746895059913, 27.84364285113088, 13.537169295062288, 36.64387828083154, 96.90385601987487, 74.15340251175313, 48.76897906822403, 36.33483066628647, 69.61318621564632, 37.31115144843262, 107.06606599608985, 56.65580612461703, 80.90527212484339, 40.759768728023815, 56.63676547272086, 43.816597540106116, 67.18284277243959, 55.104707221122545, 72.29048618399958, 31.574744807050788, 63.32997941112297, 55.181024554984646, 47.41746349535641, 88.00924346936274], [65.42775539091046, 58.677974217719374, 71.2175575206587, 82.23547784161492, 37.32968561116482, 0.0, 55.63177808382781, 49.64398835938468, 13.174327423668007, 27.81858375959844, 89.98382452358823, 66.41491491089191, 84.7069777509093, 79.43002352027216, 94.505269575942, 41.652153481222946, 53.565953816344106, 82.53168199161283, 80.29211169488073, 66.67798009009758, 54.735869843884494, 63.8237783289283, 17.50377829704924, 67.4322013292705, 90.06250036126328, 68.88361124083632, 66.89553816889381, 18.257561897854682, 56.9984691368044, 76.69495148613935, 68.07785837689134, 68.55160705337113, 59.179473823319306, 37.937433247835365, 59.756694775804775, 28.838073423965724, 70.29584683583376, 69.89820760135683, 57.37855579448086, 60.040171044646826, 50.893646075162344, 60.968948832474844, 25.56382992791318, 27.791386369574354, 55.76757133484612, 92.97034723508914, 28.164439689263787, 74.13198126258979, 85.22763967030906, 55.64042763607032, 28.68771347822332, 69.41261031559775, 80.66114615081783, 107.09090990358322, 62.158760290734996, 55.84621292156859, 25.32519787415663, 35.56987370042744, 98.22408048288024, 25.326555965535814, 68.60185915787886, 82.0285251485154, 41.765262692937135, 39.60503517281045, 44.905698424862834, 65.91008887179464, 52.507236197865225, 57.09212670849838, 26.365554806120894, 7.1473438126305, 64.25850307293251, 89.38384060552804, 12.687344797222018, 63.66671863057227, 37.761663785990905, 20.634277333050576, 105.09430198233045, 35.15122217166867, 72.00293730289997, 10.838620701421561, 39.96434928267896, 68.53603892348863, 60.457692288016716, 34.4215356877273, 50.78804710322089, 31.93692500475719, 85.32574569007673, 81.09224030102264, 54.26924269569991, 73.76640193230722], [62.144399697758885, 3.165072187694193, 63.186707390028026, 84.50628885769517, 30.988967758535082, 55.63177808382781, 0.0, 25.150444066352566, 43.572095859234096, 61.6658840493376, 37.088348071823255, 44.205923058686714, 50.82270530585512, 85.55587095008529, 79.38492987796371, 70.05463714184079, 92.53512461843627, 79.19418427247454, 60.117661605974384, 70.07857687006866, 60.743053926197994, 62.338393038318436, 67.97115044525549, 102.99552917465397, 84.89856338567188, 46.22466991368947, 55.42690477808817, 37.374250411681, 95.17114561671609, 55.944631143787944, 88.81623889755895, 38.27631765761702, 18.346598325359167, 50.77633391099251, 10.783505049119912, 53.64002478305906, 84.16440395063718, 80.77526104077728, 55.050125924744705, 97.42031669094592, 9.369632276153766, 17.287547748153397, 66.44255350121497, 57.13101655645601, 71.12077466495049, 67.3930988489512, 38.21326813661631, 25.772420223407792, 42.0728499044154, 30.613192721152178, 57.335421340028404, 103.56933233887764, 29.757362270729686, 90.37111308538057, 12.615343983563587, 70.67211790075193, 71.52837214556726, 22.215049289518138, 78.41618877991097, 51.11494260570599, 64.99550571387014, 59.48798146117725, 53.33964439161549, 68.2203000379109, 69.00532043238786, 13.358719057605363, 83.24039264282526, 7.3412807825431585, 42.03122140585159, 51.040778247811396, 99.43836417682216, 43.588033979647314, 62.70091447972629, 8.324990447127904, 74.46439493319909, 42.61386697894062, 82.35728391164429, 55.25441446295588, 63.33305908903801, 52.70157463485671, 51.25077832088445, 13.460014160772825, 50.478188354439496, 53.583155065316646, 66.67899969829041, 28.51938725318342, 32.54430591941847, 25.831487712457193, 25.777170175889438, 73.60546053361708], [37.099748351756496, 27.40758857082914, 38.68690014635523, 59.50007629658261, 43.97715068539184, 49.64398835938468, 25.150444066352566, 0.0, 36.56902320099596, 66.58979008048263, 44.2015889747446, 22.113741989195585, 36.34810219200189, 60.41429038113115, 57.281112874280126, 48.908358648798185, 72.37650299456494, 54.597578389524834, 38.6879965912167, 44.928815778968335, 35.93576507266058, 37.214773341920676, 55.9304947320399, 81.19289396220465, 60.71516293018285, 24.584544387054528, 31.096548289379864, 34.345811559937516, 74.5726231571346, 34.424940679885765, 64.57877754879642, 20.220530259538542, 12.670609057328248, 28.946338634309008, 18.98526681020678, 60.69800996918532, 59.294252282632655, 55.76119709263932, 29.90337417732113, 76.435371445376, 30.74864205417868, 15.246869386382452, 50.32649219626526, 39.15587644048454, 46.92185148608088, 48.80687786818226, 46.0927289061502, 27.026441898874907, 35.64198855644941, 7.582337248607751, 39.0295089184691, 81.36693619641765, 34.202343089457806, 69.18109053991525, 37.76428542873527, 46.420755480288385, 56.685702383544, 31.50423173263963, 57.86178575672875, 57.04530502594456, 40.04353079660052, 38.99726586315977, 30.46777986095836, 47.411238879799335, 46.81856825695101, 24.771136635864924, 61.33803636651933, 32.179427438134795, 49.050749295969176, 43.010771252224984, 77.70085852544678, 40.05616884865246, 51.60574498401221, 31.43040746081792, 55.33306124118856, 30.215929683920287, 63.14082963353627, 34.52582559745737, 38.94199423489749, 42.21435529907238, 28.79352670677492, 30.216812014457677, 25.609968557462256, 33.03637295835948, 42.90807971630734, 18.06819581808899, 39.90771858156821, 40.46756474698819, 4.6293858398951215, 48.588982608314254], [56.031846631558864, 46.69218691817327, 61.27175085960683, 74.82636582650993, 31.158842769165066, 13.174327423668007, 43.572095859234096, 36.56902320099596, 0.0, 34.54720036950099, 77.02081468163804, 54.26729073577553, 72.02854139667072, 72.7864795574303, 84.23091236991128, 39.18319882721021, 56.26829895554681, 73.9606833137028, 68.88690425841988, 58.762700528024034, 46.54716652745233, 54.68165767308798, 24.934310817912806, 69.25700854813498, 81.39903159096849, 56.788634535907285, 56.15619043753267, 7.552401411084242, 59.49896999499825, 65.099651419879, 64.84844901229076, 55.79894220951879, 46.025236273211235, 29.407501768809578, 46.887729530863226, 32.069030469237795, 65.19348962137565, 63.980215979533625, 47.596871083907146, 62.32797022787445, 39.964921869452986, 47.848924748773136, 27.231608847235975, 23.598799547704658, 50.16024676321459, 81.22997711500945, 24.420712134092692, 61.01330618700584, 72.09600308053878, 42.78773326879267, 24.35964073283067, 70.77043466519459, 67.60543315396784, 96.84754184178095, 51.37046559268192, 50.092297568910546, 30.22243388795594, 25.575713564912856, 87.33811197305609, 28.00061250095655, 59.33049217283818, 70.3828027560538, 33.51045689140052, 36.99720545393657, 41.14364717728515, 53.14076434749449, 51.81897835675885, 45.9000793975315, 24.49123059052916, 7.472295344073914, 65.82815690406649, 76.21644230230147, 19.483828129885374, 51.789130239507756, 38.50816098227885, 9.617249238614624, 93.93843559406575, 28.54863407154786, 61.98530676546288, 10.001186917777401, 31.334516798107, 56.09360046475666, 49.55983300182638, 27.324342667369486, 44.90515561349776, 18.765149471706884, 72.37590620478588, 68.61115047146511, 41.198328242249836, 65.4617334153646], [90.57878279314811, 64.01713286874107, 95.7519797506638, 108.97541393556388, 32.155784183532525, 27.81858375959844, 61.6658840493376, 66.58979008048263, 34.54720036950099, 0.0, 98.74419165400076, 86.96947751358124, 102.9229577505739, 106.55693394969771, 118.54792197908655, 69.47056438486706, 79.70187241279, 108.45462155997329, 102.46391011665902, 93.05820460851366, 80.88426061341445, 89.22152159888478, 43.042735374544314, 93.79749674528956, 115.91393104569028, 89.54116902338777, 90.36395220512405, 32.97173217499509, 83.16988044756401, 98.49230643378321, 95.89644069436703, 86.79620872354506, 72.3128556518283, 63.735938267368994, 69.62074404579084, 8.854294893922077, 97.90943855389014, 97.27997119077868, 82.12924013041214, 86.27137698610363, 53.62332628577394, 73.27661585168907, 53.07461954146318, 55.28079435863774, 83.1880825081691, 114.2597361782471, 23.466866096477563, 85.58999475562354, 99.77778335236157, 73.83018898879027, 56.16423455599111, 96.00898537739268, 90.86923621533839, 131.14811609338147, 62.71297829735965, 83.22075377095251, 51.557303833119555, 39.697532638178345, 121.27912131701764, 10.553082643631488, 93.87739549773507, 103.65374676140962, 67.78875395448553, 67.41910829354205, 72.65255078287717, 74.53751727340068, 80.08125031890616, 59.67855066719692, 19.63549474985223, 33.32655446048383, 90.82091498830147, 102.82217778131131, 39.518672025089145, 67.98632379510585, 65.17569095059415, 44.16153297608805, 127.60839702556291, 61.99896633081914, 96.44731820787437, 38.066078155813216, 65.70848732280811, 75.00676893138797, 83.72705677112884, 61.02585685824281, 78.08781041385274, 49.148220948748104, 94.17072375290341, 86.8706480832061, 70.96816461125768, 99.88758557560465], [69.11952371493041, 34.90908032267043, 66.38320362650234, 88.16436220499895, 67.76794800293014, 89.98382452358823, 37.088348071823255, 44.2015889747446, 77.02081468163804, 98.74419165400076, 0.0, 46.393795496511615, 36.698169557212125, 91.48301144143724, 71.7275023268098, 92.0957206426019, 115.67821245261847, 80.38730372849989, 54.93094207681125, 78.5231673260004, 74.19487556623928, 70.44294745442225, 99.26340919472662, 123.11025150247588, 83.3350263588409, 46.5712126392555, 59.60538256681145, 72.16501883089444, 117.58684671189002, 52.24190771563851, 102.83418529673743, 37.484939341502525, 31.96595157519714, 72.42026210818257, 30.28228773650503, 90.71448971262407, 95.1756611923435, 90.79550409961331, 65.86912566317848, 119.1542014692854, 45.64340059629629, 29.695164434704864, 94.48607924628905, 83.35493487324847, 86.30688796459948, 54.443483386997066, 75.30012175839022, 17.22024170919587, 21.485636342018235, 42.656593684374194, 83.21582986606775, 122.8399379709575, 10.01367840872769, 78.891728402836, 39.74442224790252, 85.69994224721083, 100.72580343150997, 59.149456804775944, 67.19983749347436, 88.19621475261022, 70.61339616149012, 52.47563567514024, 73.10198090013569, 90.82439616204493, 89.29587601398018, 24.469187850514814, 103.6140034696869, 40.273730965707735, 79.11296334146803, 84.29141298497282, 119.75257598039018, 17.536203067806657, 94.52595439802431, 31.722041025393747, 99.2527786057362, 73.00820826186715, 67.70196998688992, 78.30082015312773, 66.00067553003923, 84.65854693370038, 71.876372587609, 23.953843394114845, 58.4593878688417, 76.91079060075418, 83.51202480356135, 58.84895875975841, 4.673376192028773, 14.418519644926976, 40.52590738341322, 78.60010594785068], [22.735395842013425, 45.56761808991683, 20.78976659807657, 43.04918973147594, 66.08279797446689, 66.41491491089191, 44.205923058686714, 22.113741989195585, 54.26729073577553, 86.96947751358124, 46.393795496511615, 0.0, 19.87927206557734, 45.650016859284115, 35.47613722777713, 50.643531974648994, 73.38191833451555, 36.30760066103418, 16.586882133002867, 32.131697230482644, 29.04514464494312, 24.061376293214057, 67.92379243779361, 78.66692044312805, 41.188123084065566, 2.5742876439165023, 13.392419803668036, 54.034817179940006, 74.68388506985417, 12.317336774862982, 56.75639886132462, 8.940035766670537, 26.280594578194762, 33.893045680455934, 34.72282762594266, 81.79578853283499, 48.79905986756333, 44.40199740580054, 20.345507146465586, 75.74314447755063, 51.54303973649527, 28.150397910937283, 59.01927566411735, 47.462562625471456, 41.082922399441344, 27.29991045712358, 67.73197201645854, 31.613387383000138, 28.36031448442328, 14.645327965596822, 46.93675070976147, 78.01115709197097, 37.59583032881272, 47.13520584068204, 56.32327611225658, 40.443790744591496, 65.98831962185986, 53.60137637435339, 35.74851933090915, 77.97904046370289, 24.420624394155116, 16.979968364819225, 32.55232756191255, 49.990768154189375, 46.76368387886355, 37.826138886130394, 60.08201080436742, 51.547095501152725, 70.46110110815872, 59.30930700541869, 75.51051255508746, 34.017288145716485, 64.81668380355897, 48.1601397132505, 59.53905182282884, 45.783234511722405, 41.18499564539496, 39.853278172368405, 20.62733034410844, 57.02733459678739, 32.45045143819331, 43.69860329683389, 12.592278694667762, 39.068735915701296, 39.279543590237424, 37.87336942661503, 43.54699112764245, 49.497795675265984, 19.181076473836495, 32.766178732551225], [38.415520266010745, 50.96711530503681, 33.61124290099226, 53.548979576667875, 78.21737999703548, 84.7069777509093, 50.82270530585512, 36.34810219200189, 72.02854139667072, 102.9229577505739, 36.698169557212125, 19.87927206557734, 0.0, 57.7070484322537, 35.03320505237563, 70.17715814686757, 92.44850604982848, 45.2103566773077, 19.30043729430978, 47.37107839186981, 47.52667191905635, 40.31073838428406, 87.50509491743317, 96.61754025036191, 47.18479848241023, 18.081483471849506, 28.985213511920982, 70.5899222311496, 93.51478885489665, 17.90052280354434, 73.04674234701119, 16.26660303249224, 33.24520021611125, 53.760899257684464, 40.048295087331695, 96.82453291330219, 63.98967774277219, 59.35258826767299, 38.922000666564145, 94.3376207689406, 59.74697185177727, 33.663304473175366, 78.86810575128337, 67.2808274869975, 59.068852116106505, 18.313446173790513, 81.84524309362904, 28.579352034308396, 15.214692991716154, 29.35244647051679, 66.77367950960128, 95.66405793867455, 31.17089137510698, 42.940531423595424, 60.896509327280874, 58.41681415846183, 85.82743522054439, 66.19620785815128, 30.926736355928004, 93.26226197535446, 38.7210587408243, 16.388341554270603, 52.39721140173044, 69.64305946798379, 66.08177520025117, 39.928138911807224, 78.81328657525104, 57.64531792204868, 85.02127135833287, 77.72445648476418, 93.63731937614038, 19.945953856234564, 84.16221346915339, 51.628491939752934, 79.26813405989917, 64.25891279945209, 32.81259786990647, 59.73230823836178, 32.96124559997593, 75.90616583102245, 52.32972305518225, 44.76703756467617, 31.375713061908176, 58.93523045229379, 58.05399954287118, 54.19780608926192, 35.728167469939336, 45.31590428820377, 31.96465335313094, 45.33910240063531], [23.677274256190387, 87.69479326737248, 25.105016150410155, 5.836167032448198, 97.75322450071151, 79.43002352027216, 85.55587095008529, 60.41429038113115, 72.7864795574303, 106.55693394969771, 91.48301144143724, 45.650016859284115, 57.7070484322537, 0.0, 32.78110306427609, 40.508378639260656, 51.10131840700451, 14.004790604436227, 38.55183243156805, 15.63066394915014, 27.03828699074745, 23.238004507733194, 70.13027579245353, 47.883910464992475, 18.029312253904614, 45.05136996893855, 32.26868830730328, 77.16206646978138, 50.18706377747629, 39.984823654781785, 22.129484221139045, 54.51065175596642, 69.80457078859064, 43.5860081829854, 78.01590010549879, 104.85547887644393, 12.58682593977106, 10.227065844613982, 30.59982078520376, 49.32053225167246, 90.57987216036128, 72.12752658591157, 57.88110188490152, 51.67580313706243, 23.91601648454506, 47.111725117138455, 95.0465723609874, 77.26240498139272, 71.43765072442298, 55.60569252510808, 50.77684509829269, 45.773230355993974, 83.12933602517907, 40.93077522188197, 98.17115154505764, 23.738229069795356, 63.29698718265122, 86.27488888506663, 40.54643960000445, 100.7862433060856, 21.331087000683517, 41.699585936513486, 39.47358231243546, 41.95627746636663, 35.94997972023523, 82.32989066522141, 38.23255229703965, 92.5744099946668, 96.28092570181906, 73.27451472153223, 46.145756510901016, 76.89636780158239, 70.55311815624583, 91.31612139206185, 49.255697926659266, 63.46014308162702, 47.602774144067396, 44.5601826792435, 25.487049703603496, 68.6986659659753, 41.798416553942474, 88.24965208741392, 35.5107032649343, 45.586924062344515, 28.66731781915633, 66.28810769297274, 88.983596583433, 95.08279784637755, 60.2369319743908, 12.908775578417389], [29.622479720526528, 80.48192276171497, 23.350310956230068, 27.044469033393103, 100.92191203408167, 94.505269575942, 79.38492987796371, 57.281112874280126, 84.23091236991128, 118.54792197908655, 71.7275023268098, 35.47613722777713, 35.03320505237563, 32.78110306427609, 0.0, 64.30526627006373, 80.99715465589365, 19.10018362564662, 19.289925553718422, 32.55683324748214, 41.609976559340154, 31.55845259794388, 90.5547838833009, 80.00583599722505, 15.859626578442107, 33.257826123651355, 28.216653031428987, 85.915074751158, 80.75845638330384, 23.440810687118713, 54.050138086751005, 41.37752871236006, 61.1293196813341, 56.84611919519085, 69.38463228560964, 114.51372852107326, 43.92407328585716, 39.801670542351516, 37.16209341717957, 80.42660071538135, 86.99113167758226, 62.63598116934646, 79.12316118661361, 69.45550709300046, 47.866424845816695, 18.19779920268068, 101.50117461728459, 62.007962820171144, 50.24188203228134, 50.019574594462654, 68.64654906618401, 78.11730153030985, 65.78059820144914, 12.618056976226644, 91.15150775400127, 47.33226177254963, 85.72107503433514, 88.44950626917324, 7.872228479451899, 110.52646012790575, 26.853547675883302, 20.423889473382395, 53.38836466566333, 64.89794001364699, 59.3471985750128, 71.35860577204555, 67.09709160203977, 86.70294510303837, 103.83569715071651, 87.47221549918808, 77.90661017710659, 54.69193965478804, 89.16649215066073, 82.50805103282867, 74.1468944514207, 74.76091949362312, 14.872044778008304, 60.97516954565826, 22.53099579582323, 83.9268378702585, 54.83673833885764, 76.92041733198937, 34.860463280509045, 61.14312088239777, 50.14918478211599, 70.89078110195703, 70.66286317772067, 79.66350614295972, 54.64780045546205, 25.89008733935405], [35.87618470768868, 73.03163213875571, 42.62958091869172, 44.6197410693591, 69.37951930635764, 41.652153481222946, 70.05463714184079, 48.908358648798185, 39.18319882721021, 69.47056438486706, 92.0957206426019, 50.643531974648994, 70.17715814686757, 40.508378639260656, 64.30526627006373, 0.0, 23.58579647575214, 47.74134172791712, 57.033130398201955, 31.949971251122783, 23.903024328861587, 33.69803182754389, 29.81291380982367, 32.948990789652974, 54.935885402548976, 52.141085723014925, 42.74346997765896, 45.73158688957121, 25.664909334246868, 55.11674561647831, 26.426638083787584, 57.68369013407055, 61.55192420258175, 19.96381640235171, 67.31469818201357, 69.6395365938033, 29.612074726310578, 30.330126535174006, 31.688173129368444, 27.588032166591823, 70.97590216452454, 64.14530823232207, 17.60641698460535, 15.637200697345765, 17.156397724035497, 70.04561375470291, 63.575534143745436, 74.97887508572876, 78.08565042857421, 49.44892834282724, 14.947576322580856, 33.665874099050264, 82.14775477956759, 75.88259660736604, 81.42853106291561, 17.546368100962003, 22.799557110927225, 60.66735022582429, 70.29458958862408, 65.76500967306715, 37.924213494642764, 59.901879409304854, 19.03069530260082, 2.186930205610534, 4.968246912276093, 73.47570936734917, 13.411539888085263, 75.36239929115196, 63.60450079339075, 36.828404549182444, 29.388706773633658, 83.57131320590652, 30.97537722267199, 77.9195878384695, 9.877472123938977, 32.10790588154462, 77.899800284455, 14.809619109775879, 43.5632471541057, 31.872005367442593, 20.2529234321023, 78.57552683919312, 38.866149085405084, 16.472953671775933, 14.164856145671209, 42.575390988222445, 88.11967801651863, 89.36240370425122, 51.85513920400182, 39.14385481278691], [55.68314683135609, 95.59298016063467, 62.10765190113165, 56.57880047596161, 87.42500152718026, 53.565953816344106, 92.53512461843627, 72.37650299456494, 56.26829895554681, 79.70187241279, 115.67821245261847, 73.38191833451555, 92.44850604982848, 51.10131840700451, 80.99715465589365, 23.58579647575214, 0.0, 62.44506224398037, 77.54313089026985, 49.07278973330162, 44.984785946138324, 53.51685049171299, 36.71183473087406, 14.124289903077395, 68.53556869821455, 74.64476748890668, 63.982335000906986, 63.660508303074714, 3.4680133863132765, 76.2924698261387, 29.58181792897014, 80.85371633654657, 85.04096361240931, 43.45552350060628, 90.54205977901924, 82.27355472674012, 38.52062804553679, 41.789803478928036, 53.52691885834522, 6.574109943565824, 92.47987678669192, 87.62335272827991, 29.103547226091887, 35.59481501481757, 34.30248620871134, 89.97363791402691, 79.99125900828123, 98.56453414695636, 101.2683452054552, 73.02638906503472, 35.29356271579401, 16.549219621606753, 105.73326454965131, 91.16995438380775, 103.35893592902474, 34.93251274263062, 28.328996983695273, 80.55472518381747, 87.93857787765144, 78.8780438942426, 56.8687766883523, 80.63238268144745, 42.587435259012025, 24.968116308480106, 26.716301394251754, 96.78988046898739, 14.091122767706919, 97.34017249520608, 79.0848167988158, 51.40261266880538, 11.440079183337742, 106.81267348031257, 40.897635646857694, 100.59454106484601, 18.28714743676249, 51.751421322833195, 95.53554682253196, 37.92167808512444, 63.0148703119455, 46.84772241961087, 43.83310367195255, 101.74586948290289, 61.12895705260137, 39.489500991242046, 34.42095433327816, 64.31638599789642, 111.70480215757725, 112.77206287875163, 75.4200860248592, 55.14889762419682], [18.521822145802048, 80.96363015498301, 16.009325659565178, 8.696156694646024, 95.49468200289299, 82.53168199161283, 79.19418427247454, 54.597578389524834, 73.9606833137028, 108.45462155997329, 80.38730372849989, 36.30760066103418, 45.2103566773077, 14.004790604436227, 19.10018362564662, 47.74134172791712, 62.44506224398037, 0.0, 25.919324202490213, 16.195085582084534, 27.796039058508185, 19.453982649569493, 75.92147730831205, 60.92103738363617, 7.536820507969975, 35.10152066530443, 23.791721755233638, 77.12058235455082, 62.00736818920381, 28.15509942364057, 34.959602393528506, 44.66981669041873, 62.11399285383637, 44.790361621792044, 70.54831504580642, 105.63138208426389, 24.844190728427776, 20.838353238692655, 27.099587237839042, 61.53453439682692, 85.34333427784486, 64.19442096726694, 63.9448327256222, 55.65825129013093, 30.664967674440557, 33.25650142149948, 94.22454787405889, 67.40767125566646, 59.627482385712995, 48.58719085787838, 54.78448436191883, 59.017438493150244, 72.68782975720053, 28.777322877120532, 91.67878620809309, 30.22590606963344, 70.11618364658328, 83.40250323910149, 26.71659352464034, 101.55702083953702, 15.196396780225703, 28.867101119915382, 40.82291129220387, 48.69354050362281, 42.806814940060555, 74.07978764794291, 48.76650761818312, 86.45149069609619, 95.97997003232051, 75.83331269372701, 58.87104517621053, 64.89009229404583, 75.36879716445735, 84.03147108196647, 57.335884974159434, 64.35202014454539, 33.97047294338262, 47.54872988198395, 15.912374834847284, 71.70206618772816, 42.79105627738063, 79.97387336959464, 29.031886113585944, 48.1372819952198, 33.98730903375784, 64.05089527828613, 78.3120481651113, 85.4550348523649, 53.4177868994187, 8.867280525519304], [21.87077841010574, 61.192318428557144, 15.76496391035741, 34.2591571552152, 82.63368558886879, 80.29211169488073, 60.117661605974384, 38.6879965912167, 68.88690425841988, 102.46391011665902, 54.93094207681125, 16.586882133002867, 19.30043729430978, 38.55183243156805, 19.289925553718422, 57.033130398201955, 77.54313089026985, 25.919324202490213, 0.0, 29.726338914390404, 33.16563298321609, 24.02753839694736, 79.24730863251722, 79.9551502580359, 28.41449048791306, 14.19823954332131, 14.525684655804161, 69.50779521271862, 78.13593643363868, 4.273121383888367, 55.28336907963937, 22.11214877577757, 41.84299206796808, 44.4292040128191, 50.09669246449017, 97.71296969193973, 45.75239936287576, 41.096959533400245, 25.70585539913908, 78.55412680169245, 67.84554153755559, 43.350851631107986, 68.93796582274975, 58.02299194617845, 43.289849009657, 13.233235212892255, 83.99040935028894, 43.44876627446706, 33.8404785752756, 31.230469464400986, 57.334807475854646, 78.69574802773458, 47.90781558704003, 30.5723528346243, 71.86314639361976, 42.64982352738165, 75.87513201430076, 70.14638386959835, 19.217176766012386, 93.82282583316402, 21.135736008236655, 3.2638129345849247, 41.82356387851548, 56.991970247180646, 52.40805039512922, 52.20011908595505, 63.52186731981224, 67.42833207017443, 86.58965752935184, 73.14672709488721, 77.21901768166838, 39.009491084396025, 76.91745528333132, 63.25374865915983, 66.7347954355714, 59.82950113503993, 25.14462893346807, 49.67442924040557, 14.938486010510104, 70.2371407017752, 42.59136358558579, 57.83865415463738, 20.14770745782416, 49.36708629313991, 43.52124400877287, 53.72321158584771, 53.227925938010465, 61.38523643889164, 35.70121660115272, 26.53281223337937], [9.411754175239835, 72.28811041418943, 13.998853363489546, 16.198793283812556, 82.44277775340939, 66.67798009009758, 70.07857687006866, 44.928815778968335, 58.762700528024034, 93.05820460851366, 78.5231673260004, 32.131697230482644, 47.37107839186981, 15.63066394915014, 32.55683324748214, 31.949971251122783, 49.07278973330162, 16.195085582084534, 29.726338914390404, 0.0, 12.220334775736617, 8.213567705549737, 59.73072996410593, 50.29596961540428, 23.67943357320397, 32.08820989820928, 19.071363924471765, 62.55080312587659, 49.23349086311733, 29.635610617861637, 25.706953754571458, 41.05938680228514, 54.78958561289603, 29.360847215229857, 62.859680153025174, 90.71972216458508, 16.80231528889192, 12.29517977876031, 15.034259681359247, 49.34102798823374, 74.96208653045787, 57.19182854516882, 47.78570978041155, 39.53617904671455, 15.314884914060169, 41.28296743120242, 80.17544457917022, 63.37512522971477, 59.628176960856656, 40.48963026832126, 38.65602446711507, 48.97762317573475, 69.6427875318727, 43.93437645285912, 82.69062955182233, 14.775712619207521, 54.04053172522122, 70.81099902909311, 39.04781041354644, 86.6384785058753, 8.68689653824752, 32.97395663285468, 25.278008099965202, 32.74008242035048, 26.982710936633993, 67.45388955680082, 35.00497720553094, 77.04259601903294, 81.62007963987675, 60.115277220334136, 47.65622992038916, 65.25313194843777, 59.20127304069481, 76.04135070673895, 41.716818174669875, 49.23410375967498, 46.6801015306781, 31.559368262249187, 14.79325233588116, 55.83964099122624, 27.429788533706468, 73.34835428244716, 20.707254703591406, 32.26368866359982, 17.940757068421455, 50.89680818050038, 75.6374068934588, 80.87125378045758, 45.00135853702716, 7.344344312528629], [12.205890673590677, 63.21008023389026, 18.93829229874637, 28.368151005312495, 70.7291562781155, 54.735869843884494, 60.743053926197994, 35.93576507266058, 46.54716652745233, 80.88426061341445, 74.19487556623928, 29.04514464494312, 47.52667191905635, 27.03828699074745, 41.609976559340154, 23.903024328861587, 44.984785946138324, 27.796039058508185, 33.16563298321609, 12.220334775736617, 0.0, 10.116342488249826, 49.007372563614574, 49.62311560102564, 35.32848760413505, 29.984389899838465, 19.080333753968787, 50.382564903509625, 45.98812462860159, 31.46641856960972, 29.066392869971832, 37.30167680699753, 47.16963807340197, 17.156278554899327, 54.69178549011239, 78.50035936821914, 23.421627547236415, 20.23048858261084, 8.71666848662611, 46.85858029233608, 64.73334607098731, 49.720580832837655, 37.51924276184492, 28.14528418558945, 12.141248134400573, 46.14280956777614, 68.10901129528948, 57.90852675506394, 57.38720595375886, 33.055760102028515, 27.29806900091048, 49.013679104491025, 64.69666872614691, 53.79024197101575, 73.24755464497115, 11.521628546787866, 44.1749337783051, 59.366223630351236, 46.96371316488518, 74.4191799615266, 14.756505082513637, 36.09119874616273, 13.098824187043448, 24.01063810476468, 19.24288982274562, 59.92917429628694, 31.28860214142073, 67.40270900454743, 69.47460888905401, 48.06384545753242, 46.46988496784002, 63.03438157759104, 47.94055127686404, 67.36254508999943, 33.687710393993484, 37.01377326080187, 54.48760361538582, 19.841393981388727, 19.864602911735584, 43.90616353795247, 15.212656139319073, 65.67723782909194, 16.477401143185098, 20.352362595319175, 10.567279388621703, 39.33257596119994, 70.78678659069647, 74.49589511464123, 37.00331855264593, 19.056056819576412], [2.1964046108702813, 64.45805284271113, 8.931583961605178, 22.51364167832525, 76.32736919034637, 63.8237783289283, 62.338393038318436, 37.214773341920676, 54.68165767308798, 89.22152159888478, 70.44294745442225, 24.061376293214057, 40.31073