instance_id,num_cities,city_coordinates,distance_matrix,best_route,total_distance
1601,76,"[[79.01957758524605, 32.43713394096339], [80.0544120929958, 44.54597006097525], [72.05040530224419, 70.73705519890929], [34.37093387234758, 57.666089553194624], [52.780314745927114, 21.186889208202587], [3.7415837237091076, 44.05476355507118], [85.62544075622712, 35.38063855825967], [34.93790451388189, 18.366063095492468], [52.633940937717604, 75.13566976065165], [75.11790173549946, 88.87926296784808], [52.793816042386524, 37.52565397187736], [34.997760150668135, 38.58402033195232], [40.84397163155041, 2.6858839740724116], [58.168429885823215, 70.72830802072974], [92.14419462660008, 93.45914179013432], [68.53712701252212, 44.06138179344749], [2.079316019147448, 16.32374241271084], [19.973819639502267, 10.806121924280433], [12.47909593938915, 53.53498602615557], [75.78182490156496, 50.87304802053379], [17.04059175391769, 99.72435045729007], [91.00456140770527, 2.496425678586489], [48.75613139600237, 18.631101158359964], [83.49244550303646, 97.65580042139729], [49.83577158562393, 12.031514130603139], [80.65178188059735, 68.85282634021162], [36.306764556466675, 39.3232581224093], [54.425173443727715, 62.34143004691155], [47.57581647425609, 7.126907263286175], [40.04556047811246, 65.04445402719288], [73.53610171592082, 82.45614252585582], [56.797245743703996, 70.08948711585231], [45.63071941812442, 74.41485281486703], [84.62870791736789, 43.664695571572544], [11.756164346594577, 1.4453135210721002], [36.15374884137916, 90.75343099711507], [83.66189035133705, 89.82527118760167], [33.11229044601105, 30.498265196785844], [66.97644658932653, 19.815625787809445], [52.77306651010595, 73.969720904809], [95.02188014995876, 2.616468370769498], [34.318297306488574, 10.241157959212499], [48.085015362925866, 43.16946618160681], [23.729468684414602, 21.742190573490795], [31.578783591489234, 0.43914624581005146], [44.413554137693055, 95.7388377286754], [31.78509488005168, 14.327182958014772], [97.89993541950388, 6.04312671883942], [69.27185085725645, 38.87358556097852], [77.11956340715669, 96.47014171015121], [26.283314734836015, 51.759075093974516], [41.76374097561715, 66.54950257395747], [63.419243294685636, 56.541875968800625], [44.98830652797481, 67.39504043437408], [82.0924304446818, 86.32317860297898], [2.15399806617933, 39.69244090478101], [22.899277648906423, 55.13811059511304], [26.444847562047734, 48.422814586801536], [31.629376229933857, 65.9862535805004], [63.74415994858348, 57.47503824045393], [96.40438697060813, 14.208825588695062], [52.529276843511106, 86.76981738635364], [44.97493169749228, 89.62320164580346], [66.71285909856653, 31.611574608328517], [21.298728699788416, 27.77226322035016], [46.79809531804718, 61.782439818654346], [64.60323627998422, 69.40333594918535], [83.0294276122683, 77.08315944315777], [69.46974365597046, 85.98566821298603], [37.001219525476856, 28.545947219939915], [52.53117942741006, 2.144146986974216], [35.885062469101435, 55.028286595557674], [95.40900937284555, 14.377127013726465], [49.877670273634266, 17.249794498054648], [23.69899487858518, 78.18481596395462], [88.20513735770533, 19.001404447886628]]","[[0.0, 12.152974723899227, 38.92882390562316, 51.28354108956676, 28.5493768915869, 76.16919113177052, 7.231987808740315, 46.27298278162857, 50.19329419793642, 56.576823908063226, 26.714857375773928, 44.448899002641596, 48.39952235843111, 43.600279503577916, 62.417473630598664, 15.652632626672787, 78.60944750093613, 62.88324269829959, 69.80512202031645, 18.71806534848049, 91.4820429985854, 32.25036198986569, 33.26383496296795, 65.37186707518816, 35.61016501602523, 36.45225293145032, 43.26433985482454, 38.71887964118488, 40.36480753429166, 50.815463519217914, 50.31868169402905, 43.721067371259146, 53.63715812345627, 12.550716443767506, 74.05983859996176, 72.37589223104507, 57.57559695267781, 45.94821241888872, 17.445328092214524, 49.13079608073586, 33.84295764885153, 49.908574497199325, 32.74339773466024, 56.31498873212395, 57.223248346255716, 72.14348592409311, 50.58721855401924, 32.45167991323643, 11.68101390378242, 64.06119057468264, 56.16449794441292, 50.51386992932381, 28.71252371711372, 48.78711547299669, 53.97358830032039, 77.20723278256507, 60.53777668528115, 54.95128954558678, 58.0635394467561, 29.329763648637, 25.18933946634466, 60.44647652067527, 66.55286810622891, 12.334377492280678, 57.90904432727129, 43.58177252648927, 39.67784000600929, 44.82573468870088, 54.39342653996645, 42.19814863399626, 40.24053050796681, 48.69236667659615, 24.388057006088502, 32.86192388027068, 71.78591283449155, 16.275544087512245], [12.152974723899227, 0.0, 27.38680458558295, 47.53017691768626, 35.909929607056455, 76.31440923935433, 10.725654381958034, 52.16212021052804, 41.0805545981773, 44.607286338402716, 28.15004325086093, 45.44938645156232, 57.35612825482096, 34.12493279424116, 50.38512886076654, 11.527475066723298, 82.92532629514545, 68.90613138066898, 68.17056374478767, 7.63458687911208, 83.75795614081109, 43.45192691677683, 40.634502640336684, 53.22099355180587, 44.38869313870241, 24.314195706265746, 44.058295302628565, 31.201542747950736, 49.54841505056461, 44.95437745598347, 38.46647301857649, 34.545145102190936, 45.57565988924053, 4.658414646050725, 80.76086452855428, 63.736941251496624, 45.42278073720407, 48.998987710683224, 27.97540186636232, 40.1251658006926, 44.52087389107691, 57.17177913185677, 31.999017019504254, 60.76603993098195, 65.53852657542814, 62.37772403536961, 56.948240343121, 42.4373850304893, 12.183577993277348, 52.00704700578433, 54.25273997981833, 44.16255130389459, 20.509280813760192, 41.85345596752708, 41.82688934601614, 78.05146539828354, 58.12833073826271, 53.74956123239812, 52.95913382728666, 20.813099937393154, 34.46250155212988, 50.40323752954059, 57.11853247564008, 18.58213179451199, 61.10308971057077, 37.45768939941591, 29.268199003439644, 32.672915545324734, 42.77012729524576, 45.93014392715879, 50.551389064622676, 45.39614968396546, 33.85148074214628, 40.69050192851137, 65.63158540744449, 26.81341370848113], [38.92882390562316, 27.38680458558295, 0.0, 39.8822355209415, 53.1653584560026, 73.3351197777366, 37.87291624953245, 64.18768206332379, 19.908462986421192, 18.399707527549907, 38.39027743303978, 49.05829352805051, 74.86523497268594, 13.881978172265015, 30.332385143122647, 26.90603419264709, 88.63837737589607, 79.39576523629528, 62.00525851110681, 20.21143917213093, 62.17992339186492, 70.82403229836704, 57.075858673302996, 29.249600481199174, 62.76806913778837, 8.805339143644131, 47.58607464927871, 19.52268730885482, 68.15611798430818, 32.50716536883796, 11.81288709885143, 15.266899519564543, 26.674444652504047, 29.851739521667415, 91.85173355558433, 41.10018546386818, 22.34248362819762, 55.99408012810098, 51.17359700363086, 19.54650655418962, 71.8895194481735, 71.29842604601673, 36.528234000160424, 68.81431301181019, 81.1156468696187, 37.267743048879005, 69.30634104921111, 69.66708397419481, 31.984387787967698, 26.227621037518084, 49.5458404698986, 30.574787538436368, 16.61324986195147, 27.267677802751805, 18.541022402452302, 76.48055845233489, 51.567047834319624, 50.77196303955, 40.69925929647901, 15.648476145668871, 61.55125641258761, 25.26111477471855, 33.01163126134712, 39.48787954449196, 66.49590985708156, 26.792989682868054, 7.56565486149036, 12.68116595439377, 15.465445786837789, 54.85011409384125, 71.31610782792163, 39.429651701129636, 61.00873617086392, 57.90092603689629, 48.921651958723444, 54.19919673219831], [51.28354108956676, 47.53017691768626, 39.8822355209415, 0.0, 40.86119628643517, 33.51753699117956, 55.88976473342237, 39.30411600945188, 25.272982801690222, 51.32813638399471, 27.295415967820116, 19.09236174357369, 55.35994240743578, 27.146682445650782, 67.96243261254814, 36.775220283770345, 52.45891964824839, 49.02176521114354, 22.27820873486089, 41.9643576037829, 45.48887851133273, 79.06364259159115, 41.601252706852954, 63.34113892413326, 48.18376987636153, 47.61365321317738, 18.44469856993556, 20.592021113006325, 52.235791092533304, 9.308149624174202, 46.35145195786872, 25.63747786251976, 20.181770024763253, 52.171667458390864, 60.598708388521025, 33.13533752718356, 58.854153243491815, 27.196964233813638, 49.95775281967567, 24.585501436151244, 81.90847377834717, 47.4249608044324, 19.955653843156533, 37.466882699925215, 57.295018487626876, 39.37497143398968, 43.415980792328085, 81.8588072804375, 39.638771583955005, 57.73387039601763, 10.015108743038125, 11.557189267447853, 29.070055666944118, 14.400732181276872, 55.66480025932526, 36.89150306609079, 11.746896361223225, 12.176246396269736, 8.76020934384277, 29.37384739406407, 75.74089446642603, 34.3038247611691, 33.67048831209966, 41.53116752934582, 32.62703481611143, 13.09116805733671, 32.430773376948466, 52.38961362855826, 45.099057459053995, 29.238691696552888, 58.41644139235841, 3.0414782344817204, 74.83034771099202, 43.288979888686704, 23.128087154068883, 66.28030883449118], [28.5493768915869, 35.909929607056455, 53.1653584560026, 40.86119628643517, 0.0, 54.108565102150116, 35.780788465945406, 18.064015689949436, 53.94897912276039, 71.282713596862, 16.338770341972083, 24.87728721686325, 22.01734501745023, 49.833562613152566, 82.29698373893535, 27.77624063542694, 50.93369678952644, 34.40968541807417, 51.67772832696992, 37.55446038050421, 86.28708257321884, 42.549106451397634, 4.767190387380173, 82.40588181539735, 9.617235945655974, 55.216485245908586, 24.501137386596476, 41.187398458517556, 14.992327856313782, 45.669026244420394, 64.689443457542, 49.06729885329096, 53.70598498364715, 38.98168706600357, 45.527032921087205, 71.52584449167156, 75.26552459541186, 21.760811167391108, 14.262206094545371, 52.78283219427696, 46.14336764760947, 21.462877731312055, 22.478423581017715, 29.05615281650322, 29.664351692327763, 75.01996875015828, 22.087435954753015, 47.593210776976356, 24.182431457290996, 79.11995407395861, 40.45676160324692, 46.681169533417275, 36.92102232479014, 46.86052317046162, 71.42783997054119, 53.902498867425855, 45.22788754360005, 37.88604575594817, 49.541348874139814, 37.90825321502819, 44.17864924759561, 65.58340863700947, 68.87998885445408, 17.400857962464467, 32.16298199577121, 41.033957628396685, 49.644810503480606, 63.55628887356297, 66.91351730296468, 17.410789206585424, 19.044371864440322, 37.82445936991654, 43.16918422602378, 4.8914271628234545, 63.98817718673294, 35.49217379526825], [76.16919113177052, 76.31440923935433, 73.3351197777366, 33.51753699117956, 54.108565102150116, 0.0, 82.34200924790552, 40.411876498689416, 57.93518209604851, 84.28412970735512, 49.4848539191019, 31.731334611807462, 55.56951849936353, 60.61154640426113, 101.27099388887777, 64.79554362680754, 27.78079674018845, 36.999427740422114, 12.892584605904721, 72.36218178037203, 57.236059616742075, 96.65362239116376, 51.69789272110722, 96.08991158124056, 56.12630985866779, 80.8091733556753, 32.907113916743135, 53.8816150304626, 57.315848865177344, 41.935019188021556, 79.66141254473828, 59.099154843924964, 51.7342701609669, 80.88806471508717, 43.3566457969317, 56.84464784373035, 92.09883159081662, 32.348370300614306, 67.72136798185441, 57.43684338009326, 100.24582197500963, 45.58832456798139, 44.352268047771275, 29.95607548162389, 51.74197299820192, 65.76817391823046, 40.867683640382594, 101.54151726775875, 65.734774024108, 90.17593786351482, 23.821965772506676, 44.178023106705766, 60.97008305966528, 47.392622494376205, 89.0251318030788, 4.642228680841665, 22.132731827353503, 23.119646596109874, 35.47843324620954, 61.48506262705588, 97.35078386261864, 64.84454351571405, 61.4546298919454, 64.18889680856388, 23.945211564345325, 46.563222572968236, 65.92943860143505, 85.89200849576581, 77.9640415416753, 36.69777592420371, 64.31892746345075, 33.965003073392715, 96.35185019406796, 53.357706550130125, 39.53680231680228, 88.10086659639904], [7.231987808740315, 10.725654381958034, 37.87291624953245, 55.88976473342237, 35.780788465945406, 82.34200924790552, 0.0, 53.467018885451814, 51.661412738889304, 54.520740915639834, 32.90162112229618, 50.728923685472765, 55.44661355109622, 44.75874420005009, 58.44319198741096, 19.166788195171257, 85.69200808293566, 70.1002298359122, 75.36556303809358, 18.355149796199346, 94.04251577672204, 33.321260415818934, 40.495592054081584, 62.31167991500569, 42.73268106355382, 33.83969026928858, 49.476015109590556, 41.23519077276086, 47.39248083913443, 54.38260231307607, 48.60303686226444, 45.11949684863478, 55.88602345437736, 8.343804704802157, 81.29130508647444, 74.25358202399528, 54.48002893112811, 52.73962955069153, 24.291039623313182, 50.67934263539702, 34.0849515381039, 57.13507201152299, 38.33991881128901, 63.38074330700013, 64.35797569613023, 73.08578388273935, 57.81030043839666, 31.8017738525217, 16.722457395595843, 61.678824119971644, 61.56087315895627, 53.80842677196038, 30.67430805162929, 51.732954736515424, 51.06490524880387, 83.58273376860438, 65.76419420515425, 60.600668035710825, 62.066727440853796, 31.095867042092582, 23.757763908052095, 61.124493996786484, 67.7843605637794, 19.284490867439324, 64.77509752423755, 46.953358384349144, 39.9934622006581, 41.78324463704284, 53.12132881574948, 49.102218849936385, 46.90303300286843, 53.48023284863207, 23.17036279555028, 40.08279681873021, 75.28002591932818, 16.58113821780899], [46.27298278162857, 52.16212021052804, 64.18768206332379, 39.30411600945188, 18.064015689949436, 40.411876498689416, 53.467018885451814, 0.0, 59.46375321177269, 81.15752295978461, 26.190141257050065, 20.21804583812625, 16.755585518812012, 57.28404666804665, 94.40090092949407, 42.2984297049265, 32.92199738226118, 16.76533765361807, 41.72830241800677, 52.20086111887673, 83.303569710264, 58.26933504849506, 13.820768406298022, 92.97529723468743, 16.188667452136887, 68.10779578599961, 21.00185232812603, 48.099756224497604, 16.912582373451603, 46.95700511554791, 74.81550045704279, 56.15285737513042, 57.059645280908114, 55.7601717002707, 28.70025859367593, 72.39757806137972, 86.48956709939006, 12.268789449307349, 32.07131756443744, 58.394004531348266, 62.113878177342144, 8.148496583112884, 28.07232317299935, 11.705864790393804, 18.23891556827553, 77.95084470504825, 5.123744856263281, 64.15662161229764, 39.99222860984542, 88.76676992677712, 34.49630668019885, 48.66452386880257, 47.62960578552752, 50.04848848408361, 82.71468348398817, 39.11008709318132, 38.692531761419545, 31.233640943658944, 47.73498613421947, 48.572752537389604, 61.606907804977176, 70.62952627282837, 71.96055662001756, 34.42515525158083, 16.568153719609956, 45.00717602425995, 59.0324921474201, 75.89790509245722, 75.92666798155206, 10.386881612122588, 23.93060560066927, 36.67445623538091, 60.60252580485563, 14.98141036544608, 60.86539480302838, 53.2710217047896], [50.19329419793642, 41.0805545981773, 19.908462986421192, 25.272982801690222, 53.94897912276039, 57.93518209604851, 51.661412738889304, 59.46375321177269, 0.0, 26.351752264338835, 37.61035559099308, 40.58396171780213, 73.40282580910345, 7.074984482190095, 43.55237965685785, 34.90734449938273, 77.55393541940204, 72.14550746960002, 45.596064683670974, 33.5335555184323, 43.260718030577685, 82.15086302690725, 56.63747593045532, 38.20214115707208, 63.166163485717405, 28.713647148111914, 39.358677771634994, 12.919020231551297, 68.19660108473833, 16.133814105008597, 22.147000851220305, 6.541946666873974, 7.0402193660299615, 44.87858431915833, 84.26898137363419, 22.70487167044543, 34.32955046161804, 48.71953123869907, 57.14905715340918, 1.1742200216880934, 83.99864261335975, 67.42967049877454, 32.28824701252661, 60.71517220556772, 77.60728236497988, 22.182544702098944, 64.28332948099931, 82.60018014756253, 39.89685196848084, 32.476228245901396, 35.22528466164763, 13.852202502631584, 21.49539286696333, 10.87993878173363, 31.511314763574553, 61.68020025943, 35.833679318180444, 37.409159886031205, 22.91077377569531, 20.864680015797195, 75.0195460308316, 11.634618410126015, 16.387464802865242, 45.74453842163412, 56.79073696561739, 14.572777497117007, 13.271159780384117, 30.45781223670302, 20.029146751261987, 49.14248900059126, 72.99159511031576, 26.16929092857464, 74.30549775326058, 57.95145885040881, 29.095161041211302, 66.45574284404051], [56.576823908063226, 44.607286338402716, 18.399707527549907, 51.32813638399471, 71.282713596862, 84.28412970735512, 54.520740915639834, 81.15752295978461, 26.351752264338835, 0.0, 55.99605306576968, 64.33690381569926, 92.7577536766336, 24.834286006955928, 17.63150417974512, 45.29844444257737, 102.95114650392118, 95.58391675705116, 71.92244367437662, 38.01201347721395, 59.08121408155378, 87.8315463468766, 75.03164114588199, 12.130976588384998, 80.89970708394145, 20.776958234088255, 62.94523004462572, 33.6518287808647, 86.26710916556098, 42.40480206901274, 6.615025889161564, 26.243134579122867, 32.84376778160168, 46.204031632114194, 107.9787260565799, 39.00920040911259, 8.59620108067533, 71.92226554098785, 69.54185266753511, 26.86235480704397, 88.52930638167811, 88.59209491209111, 53.10520189088775, 84.54677723681135, 98.57641226259855, 31.46125756078894, 86.23076471749586, 85.91185324181663, 50.34624200266501, 7.850356012827139, 61.34105668569003, 40.13873738976649, 34.388445839278454, 37.00492298650443, 7.428163837418833, 87.99474247550049, 62.17113530358793, 63.2913139236345, 49.14612629147306, 33.400409173603144, 77.64527462800625, 22.68690669025291, 30.152148969331463, 57.88119618469985, 81.42830468816429, 39.19501575839271, 22.13300528346032, 14.203531253318452, 6.346225673320628, 71.3651907573758, 89.62778792784292, 51.81799183932532, 77.21591358571615, 75.94636289851978, 52.519283878201456, 71.09283260334253], [26.714857375773928, 28.15004325086093, 38.39027743303978, 27.295415967820116, 16.338770341972083, 49.4848539191019, 32.90162112229618, 26.190141257050065, 37.61035559099308, 55.99605306576968, 0.0, 17.827499674752573, 36.832164679029404, 33.63484368707301, 68.38864930846371, 17.046042897401072, 54.96800493350504, 42.321218752865505, 43.37712957085981, 26.581976585644927, 71.74239256887137, 51.83732146047593, 19.321154813479566, 67.51326064413567, 25.665174717009613, 41.92204657740658, 16.584759491213056, 24.869339942530637, 30.843335113863628, 30.328243872939268, 49.48728338332683, 32.809003008351716, 37.578224339717615, 32.421415337004376, 54.643204735366226, 55.768163709256775, 60.72963010305742, 20.898484222475684, 22.689030554686017, 36.44407283983351, 54.789238337522335, 32.951305212777854, 7.350198643409601, 33.07346374653036, 42.72571423871432, 58.81329401329255, 31.29753060958258, 55.00646805150316, 16.5330744548303, 63.76672031382937, 30.089814828552846, 31.049095697862683, 21.783397423959578, 30.87241853864958, 56.917547522862876, 50.68615324007139, 34.69700353149554, 28.513439803807284, 35.46743918944932, 22.757151938661284, 49.45256699642823, 49.2448739604376, 52.68101580299905, 15.123362533449596, 32.97073183703783, 24.986803049223255, 33.99483805807241, 49.78944111069281, 51.248995522077756, 18.167037130382553, 35.38248174611663, 24.336147931864645, 48.49648443881925, 20.484491293337452, 49.99676061957977, 39.963852388425], [44.448899002641596, 45.44938645156232, 49.05829352805051, 19.09236174357369, 24.87728721686325, 31.731334611807462, 50.728923685472765, 20.21804583812625, 40.58396171780213, 64.33690381569926, 17.827499674752573, 0.0, 36.37106518440365, 39.624931129208534, 79.22748215336779, 33.98368164389935, 39.73844406971565, 31.580538760920327, 27.030013189963107, 42.595306538820296, 63.72283628860643, 66.6263932305426, 24.23657902576907, 76.42780718011576, 30.41713610642142, 54.7767315315772, 1.503318012011999, 30.689393992449364, 33.878569383818395, 26.937610129444845, 58.39492166615933, 38.31203478533088, 37.375237513654426, 49.890322078649376, 43.811588867609565, 52.1822165014428, 70.6672721805451, 8.302676201867122, 37.079495952704725, 39.59936011103891, 69.97542265516962, 28.35100557716941, 13.867319951269629, 20.26380078320556, 38.29779131699193, 57.92521323274395, 24.468661130651967, 70.82085434878107, 34.27531388310404, 71.58945004530979, 15.796316877291405, 28.77232513286827, 33.619418245703706, 30.494030502038697, 67.05919178254378, 32.862460407412804, 20.50393092278422, 13.03664781060819, 27.60848415334126, 34.3980531274797, 66.06757098739963, 51.275970154833566, 52.005211097186496, 32.47248836544353, 17.451577422470198, 26.027189182535235, 42.73540021993626, 61.55667950308633, 58.61086817841332, 10.236052035263171, 40.4386592375671, 16.46818746409715, 65.0806631550724, 26.010784632519194, 41.18112566894257, 56.696594554830206], [48.39952235843111, 57.35612825482096, 74.86523497268594, 55.35994240743578, 22.01734501745023, 55.56951849936353, 55.44661355109622, 16.755585518812012, 73.40282580910345, 92.7577536766336, 36.832164679029404, 36.37106518440365, 0.0, 70.21330588961877, 104.26647214652978, 49.78797721092668, 41.0936699205674, 22.39422935801073, 58.2254012655553, 59.520218161206756, 99.91528847485478, 50.160947570170755, 17.800343344787244, 104.10656729322457, 12.968934784196161, 77.21868957000058, 36.91725115074813, 61.18196809446163, 8.06476427687766, 62.36368109276318, 86.20945144745889, 69.26581170672925, 71.88851038473365, 59.96971011737503, 29.114249907830136, 88.19235243759672, 97.09092113809427, 28.867065026295382, 31.246348619064065, 72.2750905374004, 54.17795298786219, 9.983315600906636, 41.12606403090244, 25.613454127441635, 9.533705462058819, 93.12139454349061, 14.750697950686318, 57.15465057735502, 46.01841004874349, 100.55548497112272, 51.18779948341474, 63.870241555186475, 58.39615367813693, 64.8417337949682, 93.25573659191761, 53.53876455760713, 55.43688410828789, 47.94999057187112, 63.967535209087785, 59.382405223946, 56.742734654778516, 84.8920150307296, 87.03540678954678, 38.805861895464126, 31.801618590091717, 59.395744810263075, 70.82175551824325, 85.525243604003, 88.08114939215785, 26.144016807464766, 11.699756622545308, 52.57678092343699, 55.80348114160282, 17.138121277040497, 77.42117901112445, 50.09267638359686], [43.600279503577916, 34.12493279424116, 13.881978172265015, 27.146682445650782, 49.833562613152566, 60.61154640426113, 44.75874420005009, 57.28404666804665, 7.074984482190095, 24.834286006955928, 33.63484368707301, 39.624931129208534, 70.21330588961877, 0.0, 40.87839763949806, 28.611795373875584, 78.13990947874301, 71.05981028996537, 48.81726700336552, 26.541722507326792, 50.321660807121916, 75.72186805193343, 52.94063019762829, 36.96478883977114, 59.285300094777995, 22.56143941451594, 38.26499144242406, 9.184317663223885, 64.47745061023934, 18.993277542035315, 19.33151415842022, 1.5126923349140244, 13.068465720620178, 37.84951033111025, 83.39203630637319, 29.759901406220422, 31.8529516482159, 47.39479369343927, 51.66896912460623, 6.294180124615612, 77.4428789293955, 65.01941361329203, 29.345613163714436, 59.88056238201855, 75.15035298039938, 28.54335654961644, 62.26690352319428, 75.91287909196514, 33.73439343246952, 31.965410421848855, 37.10111003758794, 16.928562644318376, 15.126992292544184, 13.595084572386835, 28.557972463348452, 64.03781398296135, 38.561215687274675, 38.78041661437348, 26.959385179641487, 14.378383970444688, 68.2381147788726, 17.003825150889345, 23.045290181474027, 40.039057224520754, 56.60915694867496, 14.467655859608573, 6.5698009346332515, 25.660345760637032, 18.987014851407434, 47.19536372534027, 68.81544693915014, 27.258744215012545, 67.54492106304718, 54.11735492004433, 35.26671887808082, 59.81535211787713], [62.417473630598664, 50.38512886076654, 30.332385143122647, 67.96243261254814, 82.29698373893535, 101.27099388887777, 58.44319198741096, 94.40090092949407, 43.55237965685785, 17.63150417974512, 68.38864930846371, 79.22748215336779, 104.26647214652978, 40.87839763949806, 0.0, 54.74881125673801, 118.5814158951132, 109.72731983751153, 89.10929335546038, 45.62129465032701, 75.36447441666789, 90.96985482160369, 86.49716582462584, 9.615857037437577, 91.76307103880869, 27.157803864554122, 77.77218331333187, 48.89822638018969, 97.15757844619762, 59.34359410082452, 21.617749988890726, 42.37390181379643, 50.261200926191236, 50.358409572680976, 122.1833867799856, 56.055783734804955, 9.227919666647328, 86.30664917947574, 77.8253364300622, 43.930891814425415, 90.88824119735578, 101.33640626033493, 66.86002355817344, 99.11556798785332, 110.99949812912685, 47.78505053940502, 99.52430773847183, 87.60529803054126, 59.183841192924966, 15.323369857789595, 77.95223577667, 57.11671202742367, 46.7761407636828, 53.87963587343006, 12.327202998950396, 104.82887770589846, 79.14139219837797, 79.65346805176881, 66.45903123098121, 45.84122247482791, 79.36473937987859, 40.17572366417206, 47.32498074026225, 66.8720748373146, 96.61183187699426, 55.3143938798131, 36.56755640328549, 18.74171218309679, 23.874327930390425, 85.1731796536387, 99.53702451385824, 68.13237543269292, 79.14937824407272, 87.1454169510059, 70.12881289448696, 74.56185903191242], [15.652632626672787, 11.527475066723298, 26.90603419264709, 36.775220283770345, 27.77624063542694, 64.79554362680754, 19.166788195171257, 42.2984297049265, 34.90734449938273, 45.29844444257737, 17.046042897401072, 33.98368164389935, 49.78797721092668, 28.611795373875584, 54.74881125673801, 0.0, 72.01400752941683, 58.85836501273406, 56.852898122737116, 9.944065782803827, 75.83046369443227, 47.24861040424553, 32.21780502703562, 55.64191998143713, 37.08979802186171, 27.59312568898022, 32.57677209256253, 23.093449237322332, 42.46801088231891, 35.3844412694516, 38.71882487607424, 28.553232371837424, 38.026789398118225, 16.09646967430506, 70.99441524701234, 56.822800358773, 48.1984651055979, 37.932534552527045, 24.295933973985836, 33.80849526264122, 49.184580890399324, 48.111701764209926, 20.471550610205274, 50.058690969315364, 57.173582908547615, 57.03074802406691, 47.274035645914424, 48.03709229817184, 5.2395657146027315, 53.10683882961439, 42.94926232366414, 34.96469327936315, 13.489087019154386, 33.15126802679987, 44.382493403458604, 66.52674239127778, 46.96282801835645, 42.31763326732454, 42.928802344211206, 14.244251912765302, 40.8382086963844, 45.60988640445094, 51.293824933632635, 12.58275217782373, 49.968006354475534, 28.04677158865409, 25.64547010150266, 36.06195468662658, 41.934658286328514, 35.14601216406026, 44.86919803070219, 34.44459783313282, 40.04064239512712, 32.66552523822169, 56.34595684562755, 31.856445117091408], [78.60944750093613, 82.92532629514545, 88.63837737589607, 52.45891964824839, 50.93369678952644, 27.78079674018845, 85.69200808293566, 32.92199738226118, 77.55393541940204, 102.95114650392118, 54.96800493350504, 39.73844406971565, 41.0936699205674, 78.13990947874301, 118.5814158951132, 72.01400752941683, 0.0, 18.725848329868494, 38.63718511548938, 81.39849097830732, 84.73193727171213, 89.99385509845114, 46.73381001059215, 115.07823995998903, 47.94895485720797, 94.51421612546513, 41.23707017060623, 69.69731963794128, 46.41673545637816, 61.76684756841179, 97.36306572227322, 76.71249661446883, 72.6037316243175, 86.95935730213887, 17.748494015999402, 81.85869236023854, 109.80979540511561, 34.11689607708521, 64.99100557575765, 76.76532534387513, 93.94790891164557, 32.80776962976104, 53.265535356231986, 22.317900683093697, 33.504312893076374, 89.99413914873266, 29.772798783269955, 96.37054612957758, 70.87546940925307, 109.79291438156827, 42.912659624647915, 64.0115658916476, 73.3490623314558, 66.7042648419438, 106.31095685313473, 23.368817826784294, 44.04572600904329, 40.29925013949456, 57.789022088558696, 74.13489141520428, 94.34877785732361, 86.64783913273273, 84.92846736099781, 66.41696096811783, 22.37083933319743, 63.767251719270746, 82.01636333550043, 101.21574642721598, 96.92395804586668, 36.998940996401984, 52.40659736906756, 51.38939806458642, 93.3499918211399, 47.80732414496954, 65.53016812810426, 86.16743570059292], [62.88324269829959, 68.90613138066898, 79.39576523629528, 49.02176521114354, 34.40968541807417, 36.999427740422114, 70.1002298359122, 16.76533765361807, 72.14550746960002, 95.58391675705116, 42.321218752865505, 31.580538760920327, 22.39422935801073, 71.05981028996537, 109.72731983751153, 58.85836501273406, 18.725848329868494, 0.0, 43.38117922299429, 68.70147027635613, 88.96659592946838, 71.51515453270613, 29.827030862325866, 107.59871043206883, 29.887083499260946, 83.97163208656984, 32.8632339644659, 61.99019085499292, 27.84612809328139, 57.83313453028597, 89.45749556878958, 69.7888393547914, 68.58824353897195, 72.5254468470054, 12.456106633881612, 81.56814535690447, 101.48988275337946, 23.67276751455908, 47.85831275809136, 71.17184015783091, 75.49358788471822, 14.355599040809624, 42.867532895174286, 11.562979600811925, 15.561149476979953, 88.37910859616191, 12.32493787454111, 78.07154183110046, 56.72810940745369, 102.97553261155038, 41.43614486987415, 59.85085762199956, 63.08140799474288, 61.87107767313888, 97.78316653585696, 33.940616746728296, 44.42840897528988, 38.16922542102383, 56.39768549356013, 63.983048074460974, 76.50627434911812, 82.64587601336592, 82.68728838198221, 51.16057731245934, 17.01779464255668, 57.60318352093782, 73.6574390075452, 91.48035526326856, 90.01005874022981, 24.589301502836708, 33.68993152521679, 46.997526494444706, 75.51966583251246, 30.59021410494681, 67.48159260905082, 68.72172417223025], [69.80512202031645, 68.17056374478767, 62.00525851110681, 22.27820873486089, 51.67772832696992, 12.892584605904721, 75.36556303809358, 41.72830241800677, 45.596064683670974, 71.92244367437662, 43.37712957085981, 27.030013189963107, 58.2254012655553, 48.81726700336552, 89.10929335546038, 56.852898122737116, 38.63718511548938, 43.38117922299429, 0.0, 63.358672713405745, 46.41405639047415, 93.65459609313446, 50.34187601177278, 83.60348126213488, 55.83958626926691, 69.87239326318748, 27.744026415345367, 42.860551493076784, 58.184959970453185, 29.87269356505355, 67.56027862343062, 47.30908906760372, 39.179062985096614, 72.82162551214252, 52.0946889017941, 44.11011036129976, 79.8997810847609, 30.926028230576414, 64.0855403561957, 45.17944725109688, 96.98456921312031, 48.49026979758666, 37.08403294739022, 33.72466055569713, 56.42664503927117, 52.9242356482123, 43.70324263171983, 97.73533914584549, 58.654698658856255, 77.60037131393416, 13.917985349597428, 32.046342628619605, 51.028815386078676, 35.340485017777944, 76.94856667541394, 17.269154626925218, 10.542779294045445, 14.872004411347449, 22.842226225048762, 51.416250342845785, 92.6822602736235, 52.04393342161697, 48.562729003092606, 58.49732502090206, 27.23056753718281, 35.29609344405883, 54.48605817570004, 74.37651356732488, 65.58186259588965, 35.01123541993214, 65.15510516362048, 23.453554438092926, 91.7099147558095, 52.10823818231647, 27.0832097094895, 83.2286104985028], [18.71806534848049, 7.63458687911208, 20.21143917213093, 41.9643576037829, 37.55446038050421, 72.36218178037203, 18.355149796199346, 52.20086111887673, 33.5335555184323, 38.01201347721395, 26.581976585644927, 42.595306538820296, 59.520218161206756, 26.541722507326792, 45.62129465032701, 9.944065782803827, 81.39849097830732, 68.70147027635613, 63.358672713405745, 0.0, 76.40014542835429, 50.71517816148112, 42.07055082738813, 47.413917706305774, 46.71041037709137, 18.627638320581152, 41.13001380913906, 24.24108800764698, 52.05097254186842, 38.44358650215261, 31.662835172464305, 27.012696594475255, 38.25317940835833, 11.411734492343744, 80.8850180642223, 56.22125361987818, 39.741302459151385, 47.284468335475616, 32.28154523815982, 32.6015223730388, 51.95071900806851, 58.053204998371626, 28.74819006074461, 59.6494312073221, 67.06330821904587, 54.74401790927268, 57.19538885044646, 49.989325428533945, 13.651624862112444, 45.61671291587209, 49.50643950740791, 37.45639146205073, 13.600332139098741, 34.94591545728385, 36.00743674066835, 74.47189308711278, 53.054260551766625, 49.39778311705714, 46.66741589159213, 13.729226212141738, 42.06608221385591, 42.76983799472435, 49.50392989318262, 21.289680569352033, 59.178155007708995, 30.96887808712779, 21.640989216975832, 27.1937067322305, 35.67546028337112, 44.748572977199544, 53.99165038136251, 40.112562373996994, 41.438853994829515, 42.44465106965363, 58.809470762776584, 34.20731436995242], [91.4820429985854, 83.75795614081109, 62.17992339186492, 45.48887851133273, 86.28708257321884, 57.236059616742075, 94.04251577672204, 83.303569710264, 43.260718030577685, 59.08121408155378, 71.74239256887137, 63.72283628860643, 99.91528847485478, 50.321660807121916, 75.36447441666789, 75.83046369443227, 84.73193727171213, 88.96659592946838, 46.41405639047415, 76.40014542835429, 0.0, 122.16357134481478, 87.07462625040128, 66.48404143811705, 93.62455534320605, 70.70667939200614, 63.399348338168835, 52.86860776047327, 97.50223810143204, 41.61638862760015, 59.075660394362444, 49.58645643448706, 38.183321892777435, 87.81137940170278, 98.4210052485432, 21.113743623785084, 67.35272227010638, 71.0672243678057, 94.22841331809576, 44.046687680087395, 124.54325394510981, 91.13594707254292, 64.51520109750469, 78.26850154905081, 100.34396243532206, 27.66158674721193, 86.66069806628525, 123.75138439291506, 80.1930172520419, 60.16704005916072, 48.847677209675815, 41.37396088750358, 63.36959382613257, 42.734752224037365, 66.41786750655258, 61.85014823057775, 44.96951173254747, 52.156376503508845, 36.75720083677884, 62.97799349701051, 116.66840611214361, 37.77918337489994, 29.70455445541953, 84.30115288066438, 72.07797574850449, 48.21926587246428, 56.405399343623685, 69.76496247027417, 54.19932987573259, 73.92422977923786, 103.83389582750948, 48.50620786319499, 115.86957076653151, 88.77120088397525, 22.54519634778481, 107.61313378686933], [32.25036198986569, 43.45192691677683, 70.82403229836704, 79.06364259159115, 42.549106451397634, 96.65362239116376, 33.321260415818934, 58.26933504849506, 82.15086302690725, 87.8315463468766, 51.83732146047593, 66.6263932305426, 50.160947570170755, 75.72186805193343, 90.96985482160369, 47.24861040424553, 89.99385509845114, 71.51515453270613, 93.65459609313446, 50.71517816148112, 122.16357134481478, 0.0, 45.22452422404642, 95.45542670172229, 42.25857507302499, 67.15915390103592, 65.93985568853458, 70.13897754932012, 43.67490407775192, 80.67884249318597, 81.84560710446826, 75.75593969715258, 85.03555549681523, 41.65906808501589, 79.25536747453218, 103.9129954672707, 87.63699034186118, 64.30877120195358, 29.61933480259981, 81.05602465332187, 4.019111857712812, 57.21287805950212, 59.13022625062643, 69.97383487645428, 59.46137795011816, 104.23468407086433, 60.38966826887385, 7.7540486864294875, 42.374620576221105, 94.9939601988274, 81.33663626136638, 80.79266709664593, 60.678336104976516, 79.55706071981574, 84.2991730929149, 96.32219969879118, 86.07831705323571, 79.22871859358703, 86.92738844523797, 61.36592969181203, 12.897225583980862, 92.64098484054708, 98.53832706972926, 37.91805240616763, 74.14695595195882, 73.95297909315362, 71.92749551081006, 75.01188980903066, 86.22181855289426, 59.95780605544437, 38.47499475345342, 76.14299425845265, 12.670841570015195, 43.69305512180377, 101.28559477929731, 16.740701872584864], [33.26383496296795, 40.634502640336684, 57.075858673302996, 41.601252706852954, 4.767190387380173, 51.69789272110722, 40.495592054081584, 13.820768406298022, 56.63747593045532, 75.03164114588199, 19.321154813479566, 24.23657902576907, 17.800343344787244, 52.94063019762829, 86.49716582462584, 32.21780502703562, 46.73381001059215, 29.827030862325866, 50.34187601177278, 42.07055082738813, 87.07462625040128, 45.22452422404642, 0.0, 86.32215597027236, 6.687314249830216, 59.49415265449939, 24.1485422858231, 44.07642101264831, 11.564584752162526, 47.223652656718436, 68.46665491039121, 52.08286671548579, 55.871237223694244, 43.743829227977436, 40.79643193186407, 73.21509753748373, 79.29074255170339, 19.63566505070642, 18.25877828174305, 55.48421940653934, 48.95904381302381, 16.698568803380947, 24.5475407066361, 25.21929269088482, 25.020161892710867, 77.22992306251216, 17.50827782224723, 50.730371321234635, 28.821049942761196, 82.84564267041915, 40.03111472049152, 48.42588892335825, 40.64767763699728, 48.9092862138768, 75.45545827195859, 51.14038387424148, 44.73632331466107, 37.2201501249212, 50.35708692371519, 41.63523084997441, 47.85303313810948, 68.2431042360113, 71.09272679240323, 22.157092786946883, 28.939070590909203, 43.19573976051331, 53.18787981165089, 67.75914662432893, 70.46766234218657, 15.377975338406841, 16.913623073984148, 38.60595191250685, 46.84642269742088, 1.7792856835943032, 64.61040966901994, 39.45074392065008], [65.37186707518816, 53.22099355180587, 29.249600481199174, 63.34113892413326, 82.40588181539735, 96.08991158124056, 62.31167991500569, 92.97529723468743, 38.20214115707208, 12.130976588384998, 67.51326064413567, 76.42780718011576, 104.10656729322457, 36.96478883977114, 9.615857037437577, 55.64191998143713, 115.07823995998903, 107.59871043206883, 83.60348126213488, 47.413917706305774, 66.48404143811705, 95.45542670172229, 86.32215597027236, 0.0, 92.00157662774544, 28.942713862685753, 75.02782135617895, 45.738507408049806, 97.39345325648807, 54.32431989460847, 18.170260915813294, 38.373627916189136, 44.425802725200064, 54.003060053843164, 120.01063212796491, 47.83926112821633, 7.832362328055526, 83.95412176310852, 79.57305452918796, 38.79059948721396, 95.73610865241568, 100.29664285332612, 64.98035647806941, 96.6151621556539, 110.20937411201533, 39.125880134632105, 98.0678774972061, 92.73865293729713, 60.47788104733849, 6.4822382544564565, 73.34435246857082, 52.04696482322773, 45.75246693667093, 48.972260650322106, 11.418772238857835, 99.8783964523404, 74.02219895925069, 75.35459723882948, 60.767903958705055, 44.771513619507495, 84.44001327091105, 32.821067016132666, 39.34617532683397, 68.14245580511971, 93.55088017508311, 51.31640416507233, 33.98534939979049, 20.577850771805867, 18.243578400453845, 83.29229197484904, 100.40456134450802, 63.90280005063904, 84.12693943681025, 87.14974986922132, 62.88382918780207, 78.79545336169386], [35.61016501602523, 44.38869313870241, 62.76806913778837, 48.18376987636153, 9.617235945655974, 56.12630985866779, 42.73268106355382, 16.188667452136887, 63.166163485717405, 80.89970708394145, 25.665174717009613, 30.41713610642142, 12.968934784196161, 59.285300094777995, 91.76307103880869, 37.08979802186171, 47.94895485720797, 29.887083499260946, 55.83958626926691, 46.71041037709137, 93.62455534320605, 42.25857507302499, 6.687314249830216, 92.00157662774544, 0.0, 64.63967830769047, 30.46101313661898, 50.5188108423109, 5.400237552953607, 53.909368666393014, 74.30567900836711, 58.47384329432724, 62.524902312014596, 47.02346846694829, 39.52371605535052, 79.90205217334562, 84.82968199749094, 24.913765599911784, 18.82538535792588, 62.00781531289155, 46.156554180826966, 15.620415590632149, 31.187132046437352, 27.853837942878606, 21.626386748469116, 83.88275428242108, 18.196071688533166, 48.435778396175515, 33.13997549978813, 88.73718005254817, 46.18438398210607, 55.11232840371201, 46.536899495326786, 55.57533591687472, 80.99224315220383, 55.124208801270235, 50.83063411326793, 43.26039846753633, 56.94371555276309, 47.524279588201, 46.61948759971655, 74.78682333220733, 77.74379548153374, 25.849852054333045, 32.590397336859624, 49.84357615505325, 59.24191043747933, 73.03105749121804, 76.51607520841603, 20.91535863538579, 10.248182886076679, 45.20337075105015, 45.63356113879475, 5.2184485714996605, 71.12939223758423, 38.99727683809132], [36.45225293145032, 24.314195706265746, 8.805339143644131, 47.61365321317738, 55.216485245908586, 80.8091733556753, 33.83969026928858, 68.10779578599961, 28.713647148111914, 20.776958234088255, 41.92204657740658, 54.7767315315772, 77.21868957000058, 22.56143941451594, 27.157803864554122, 27.59312568898022, 94.51421612546513, 83.97163208656984, 69.87239326318748, 18.627638320581152, 70.70667939200614, 67.15915390103592, 59.49415265449939, 28.942713862685753, 64.63967830769047, 0.0, 53.27734941424255, 27.022828715537603, 70.02934080407036, 40.784420018705546, 15.351974317741044, 23.88656995427262, 35