instance_id,num_cities,city_coordinates,distance_matrix,best_route,total_distance
1502,41,"[[36.946236929891676, 33.36131075916765], [60.10739236995977, 41.98317876741295], [76.35726022708418, 26.47309541876528], [33.49636896365368, 16.72581628091304], [68.70097183998442, 86.22344150156013], [84.09830836577456, 26.715366716532174], [78.98671067634517, 75.48591671886464], [55.63190404833579, 21.162522595609378], [73.80549682119936, 59.92535549297402], [93.98509226499408, 55.503807819802], [41.90413863956609, 57.673664979066544], [98.13906998012402, 4.4925782864360775], [54.39011836285417, 53.30968902686912], [66.88477802858608, 47.25107371489891], [6.36231967831079, 27.61884923753928], [70.03201804083477, 84.32710823345624], [43.10086990259799, 20.33763553120448], [62.454097809754515, 32.439735791742855], [79.0140251896393, 69.76452206656548], [46.19772892297805, 29.092197861126046], [38.73546291452419, 69.52892836543204], [46.23179139592867, 98.55133640916324], [64.84790853291115, 75.59887875124558], [29.345520472641084, 75.99609579940658], [66.2215828235422, 65.21600299434651], [47.863654561644545, 24.9058113372539], [41.27397452221668, 76.253998584011], [99.4022839455586, 44.1736254095645], [67.88636043010303, 62.80215041101253], [90.00384322543084, 57.89334503111593], [18.825375818724755, 31.660293172158493], [53.46644142580538, 54.64254156631817], [0.7570047194880858, 65.96889334589466], [54.43665608866992, 64.78234073503613], [71.2495773794619, 59.79691480643616], [94.92522172687826, 52.7802982967694], [50.92624254692648, 35.86554569004533], [89.2740051729466, 27.988398177394313], [33.475995532112314, 32.2625157286667], [94.79833132904437, 56.47621400170687], [15.17364527466677, 77.58243437852502]]","[[0.0, 24.713877260976265, 40.00845245579495, 16.989445709631458, 61.66658784006181, 47.6181311362851, 59.51372833293159, 22.315120172669317, 45.43405674551447, 61.1859558560536, 24.812725708326123, 67.66067196899358, 26.49956216541243, 33.00366279800802, 31.11835244319547, 60.7633230157094, 14.404708378588763, 25.52450326817392, 55.63175893820019, 10.188985672497852, 36.21184741126928, 65.84801413853589, 50.621294216250035, 43.306994655493014, 43.26392601915417, 13.808891274106411, 43.11046255269697, 63.385045215116655, 42.70894849576576, 58.45451472155493, 18.20052384525006, 26.94082295057112, 48.712575071830635, 35.96103289804372, 43.30773980875797, 61.144580749848416, 14.202526171120146, 52.602885081621196, 3.6400447631746564, 62.29898537119546, 49.29050133183528], [24.713877260976265, 0.0, 22.463768402830432, 36.688975544506874, 45.06717713473966, 28.43712599998921, 38.45597625802081, 21.29623720616989, 22.573430647740167, 36.47610121915875, 24.03226589256999, 53.403685512028964, 12.68767341674159, 8.58391947443018, 55.63152704603239, 43.49145384247623, 27.527283709502672, 9.827732711619154, 33.60452053048146, 18.964601918694548, 34.864418675275274, 58.24507499671062, 33.94831039822524, 45.860345481170626, 24.023893241152017, 21.01298631473939, 39.10481707832703, 39.35589613298343, 22.224804259604458, 33.86637217495062, 42.55310632079818, 14.29551313933748, 64.01392831331047, 23.493808469421307, 21.01136545905497, 36.453518777461056, 11.032630989128867, 32.35035063429944, 28.350001542288474, 37.596666290582455, 57.32668338643922], [40.00845245579495, 22.463768402830432, 0.0, 43.955266470433585, 60.23887954535838, 7.744838388710468, 49.083303285950436, 21.394919313847065, 33.54944411688684, 33.96354994502886, 46.48110506443992, 30.94495709355951, 34.68080273248771, 22.835330106557766, 70.00431739714028, 58.19875847023831, 33.81761915697861, 15.129399278989702, 43.372871950887976, 30.273041242778003, 57.17695675496048, 78.12052672996263, 50.45599830000356, 68.28346243008247, 40.04678318964834, 28.536677157821526, 60.90135676482858, 29.058249777648875, 37.30357060658162, 34.25582159623653, 57.765255509775415, 36.29748313110513, 85.29546697635492, 44.137412276834766, 33.7129850748047, 32.1999707689666, 27.110049471496033, 13.005323619455654, 43.27031603033354, 35.2173285200568, 79.72201244041253], [16.989445709631458, 36.688975544506874, 43.955266470433585, 0.0, 77.90560939360964, 51.57855551643233, 74.31097222224723, 22.575789607631865, 59.08490481307691, 71.85136236993885, 41.80211602215926, 65.79005172922643, 42.12990041584361, 45.239111411458666, 29.238926068061435, 76.84262051195226, 10.261173255673935, 32.94658292322799, 69.89249845100694, 17.727152568976212, 53.062385465000766, 82.81066796486532, 66.70049863380629, 59.415448979164466, 58.4998959800706, 16.53273161265242, 60.03412060266608, 71.39307988569313, 57.4952178874994, 69.91323244453935, 20.935057675432756, 42.8541929163585, 59.13329527381226, 52.420655923861275, 57.274988204998984, 71.22801152101351, 25.886864139630248, 56.90334306586189, 15.536712805691609, 73.06178692592366, 63.555095544429456], [61.66658784006181, 45.06717713473966, 60.23887954535838, 77.90560939360964, 0.0, 61.46778779742208, 14.869124448629098, 66.36055832969919, 26.788906341969987, 39.78671435552073, 39.15558720100323, 86.87079845378314, 35.89032779467359, 39.01466404903868, 85.56053872999088, 2.316843510579799, 70.68454320123975, 54.1452715851513, 19.423055845063942, 61.4033789109723, 34.302164567475764, 25.62891068072235, 11.301656094736114, 40.662638286745306, 21.153246619117738, 64.76145119069552, 29.182699908594973, 52.06493636195602, 23.43545323003746, 35.4458276146791, 73.9236919674077, 35.06343048904815, 70.89872628659317, 25.752504847750927, 26.549137525802134, 42.49888362706004, 53.40279648112889, 61.762205040677124, 64.4405188228483, 39.57233523851295, 54.2203070198842], [47.6181311362851, 28.43712599998921, 7.744838388710468, 51.57855551643233, 61.46778779742208, 0.0, 49.03768936714485, 29.002935241026265, 34.76845300014848, 30.438837642497155, 52.333203515513226, 26.286789692159108, 39.872729181681365, 26.795911788779954, 77.7412388496817, 59.304074768251525, 41.490546099253145, 22.38839547405213, 43.348353045605236, 37.975034540993384, 62.37618783236256, 81.20517008853707, 52.53737376928045, 73.66449647564372, 42.44851363603743, 36.27981018384507, 65.482819246319, 23.21642662296386, 39.56113260867461, 31.7323442840782, 65.45997266225572, 41.45163889785899, 92.12281067306074, 48.25876217572641, 35.48913512588411, 28.22415120444358, 34.4109245144229, 5.329957461379564, 50.9253317985459, 31.62591536297395, 85.66252246316633], [59.51372833293159, 38.45597625802081, 49.083303285950436, 74.31097222224723, 14.869124448629098, 49.03768936714485, 0.0, 59.13102520422114, 16.400489098726467, 24.98471785577578, 41.13871000535688, 73.53140124247861, 33.117630170096916, 30.719100463221416, 86.98021796418502, 12.58384629571383, 65.79609780216427, 46.111831243261875, 5.721459853043977, 56.81104183055907, 40.689662773564855, 40.06118224111983, 14.13925339160219, 49.64381177482798, 16.38351662517702, 59.388481057639886, 37.72055696808408, 37.37987719280382, 16.85513878143554, 20.75754774034497, 74.4316565119193, 32.95042382686205, 78.80647579975886, 26.781928965244926, 17.493084709733854, 27.741327337345567, 48.55062998667913, 48.598793150212316, 62.76533745706264, 24.726021618116803, 63.84749566158529], [22.315120172669317, 21.29623720616989, 21.394919313847065, 22.575789607631865, 66.36055832969919, 29.002935241026265, 59.13102520422114, 0.0, 42.81164197391749, 51.48097626533287, 39.00660279059555, 45.65902100158869, 32.17114143526432, 28.411963542127406, 49.690804961303506, 64.78524648249673, 12.558154937357205, 13.180207327253529, 53.93401469982936, 12.324098754572912, 51.232791550719696, 77.95762067525439, 55.2109736389695, 60.80867299805792, 45.30839250959996, 8.62310330976044, 56.931721095164825, 49.45055115023107, 43.40541793161232, 50.30490552205255, 38.27432177576781, 33.54997613484393, 70.8439513025861, 43.63619085348478, 41.67166881440868, 50.434596800963156, 15.437685651721333, 34.32759160699375, 24.780922697373146, 52.73581161469042, 69.42677544427042], [45.43405674551447, 22.573430647740167, 33.54944411688684, 59.08490481307691, 26.788906341969987, 34.76845300014848, 16.400489098726467, 42.81164197391749, 0.0, 20.65831929517389, 31.980724882392526, 60.53854616284084, 20.511556827104062, 14.440698293243209, 74.78163203327065, 24.691793756499212, 50.099517821851194, 29.737409938959676, 11.132742996572007, 41.38686334904403, 36.36118658861338, 47.45814611441766, 18.05263746021776, 47.275344429323376, 9.246983427455627, 43.581505856200685, 36.39951274788822, 30.055157822083572, 6.5811947712290895, 16.32530222533659, 61.82012175211511, 21.013931030641885, 73.29806646913313, 19.96853266926993, 2.5591446232305506, 22.295618906605604, 33.20142653411051, 35.48582806142805, 48.905024057372835, 21.27429617403474, 61.23288700155503], [61.1859558560536, 36.47610121915875, 33.96354994502886, 71.85136236993885, 39.78671435552073, 30.438837642497155, 24.98471785577578, 51.48097626533287, 20.65831929517389, 0.0, 52.12613558116113, 51.18008469476716, 39.65571983445316, 28.329042552092872, 91.95282046197454, 37.47709182319041, 61.85356706655724, 39.066034222222356, 20.67609296270973, 54.600414245599715, 57.001978471661474, 64.2920481983842, 35.394736212845366, 67.81008854247133, 29.413248572948092, 55.34821049112589, 56.64832169132645, 12.558622502218649, 27.099992766940613, 4.643299688721067, 78.8511012417455, 40.52780336247546, 93.81361480329475, 40.622284242172654, 23.137294671351327, 2.881205915437473, 47.32574223950603, 27.915803935734292, 64.81904384897013, 1.2676480418097957, 81.84564696688959], [24.812725708326123, 24.03226589256999, 46.48110506443992, 41.80211602215926, 39.15558720100323, 52.333203515513226, 41.13871000535688, 39.00660279059555, 31.980724882392526, 52.12613558116113, 0.0, 77.3989372322795, 13.226638868651339, 27.067743772693, 46.545814466306226, 38.750272733585845, 37.35520392994182, 32.54307920475992, 39.029892452703834, 28.9021656651491, 12.271421099879511, 41.10611389959645, 29.11580096265744, 22.21329244908924, 25.460262260580333, 33.305375877127716, 18.59101674696204, 59.06172857280041, 26.483527181973596, 48.10020624251758, 34.77534767770248, 11.953014467655768, 41.97496210236126, 14.408235999441489, 29.422150918422034, 53.24641104561956, 23.600686978123893, 55.90276666209595, 26.772375734435993, 52.90774526583832, 33.329842101812325], [67.66067196899358, 53.403685512028964, 30.94495709355951, 65.79005172922643, 86.87079845378314, 26.286789692159108, 73.53140124247861, 45.65902100158869, 60.53854616284084, 51.18008469476716, 77.3989372322795, 0.0, 65.55212482180819, 52.963380714394034, 94.645635420051, 84.63780798543618, 57.27363535575312, 45.32616078410426, 68.01613031534814, 57.47211666568604, 88.08243504809515, 107.43098039954285, 78.5137401751831, 99.2235126901189, 68.60073100665788, 54.261565394740366, 91.56058390247472, 39.70114872784423, 65.69043032641143, 54.016884427648925, 83.83762170791752, 67.16146632501145, 115.1633793691231, 74.46312131551151, 61.494832711687884, 48.39455263137822, 56.686101982274444, 25.112604930269665, 70.37387741637168, 52.09087172348716, 110.56847995753206], [26.49956216541243, 12.68767341674159, 34.68080273248771, 42.12990041584361, 35.89032779467359, 39.872729181681365, 33.117630170096916, 32.17114143526432, 20.511556827104062, 39.65571983445316, 13.226638868651339, 65.55212482180819, 0.0, 13.886084389089241, 54.46731768284574, 34.738297594631334, 34.85116127933712, 22.373705829754456, 29.615845721141884, 25.56564341254563, 22.54178258096538, 45.97134930326827, 24.620588006995067, 33.79208392111234, 16.7852275402114, 29.14403879964342, 26.42866947657874, 45.92997614700271, 16.5001628194158, 35.9074825203965, 41.635889003408714, 1.6216272617194167, 55.1068628491321, 11.472746095718822, 18.064480525267115, 40.53856015298562, 17.78472862946811, 43.10514272407688, 29.671266195157948, 40.53209290842571, 46.12047190112933], [33.00366279800802, 8.58391947443018, 22.835330106557766, 45.239111411458666, 39.01466404903868, 26.795911788779954, 30.719100463221416, 28.411963542127406, 14.440698293243209, 28.329042552092872, 27.067743772693, 52.963380714394034, 13.886084389089241, 0.0, 63.62697700417839, 37.2093732185313, 35.916673573884644, 15.45984017625881, 25.572915230318884, 27.526328723071174, 35.8982833742929, 55.30156244943948, 28.420888228926497, 47.280779947991626, 17.977166403400368, 29.34474209582411, 38.69215562882513, 32.66280574495014, 15.583297267120226, 25.450915785958156, 50.52502923008672, 15.319450191964755, 68.72582611040731, 21.501187482610653, 13.283433368956635, 28.580392007001137, 19.6037012608363, 29.535202064400163, 36.616985381149796, 29.398463755251107, 59.95025179597191], [31.11835244319547, 55.63152704603239, 70.00431739714028, 29.238926068061435, 85.56053872999088, 77.7412388496817, 86.98021796418502, 49.690804961303506, 74.78163203327065, 91.95282046197454, 46.545814466306226, 94.645635420051, 54.46731768284574, 63.62697700417839, 0.0, 85.2622843226874, 37.45313265428929, 56.29856588862286, 83.99123794727709, 39.86264649840433, 52.957295394483864, 81.36948144970896, 75.6481813119488, 53.55917758573413, 70.68717956534313, 41.58991911205166, 59.86820020589918, 94.50129927655281, 70.87363594378036, 88.95195083211344, 13.10194784891852, 54.305416237087215, 38.75752106237452, 60.764026541868525, 72.42778552276619, 92.06783443757321, 45.320538653238714, 82.91250905611498, 27.508454278382118, 93.02513454879228, 50.73459666643196], [60.7633230157094, 43.49145384247623, 58.19875847023831, 76.84262051195226, 2.316843510579799, 59.304074768251525, 12.58384629571383, 64.78524648249673, 24.691793756499212, 37.47709182319041, 38.750272733585845, 84.63780798543618, 34.738297594631334, 37.2093732185313, 85.2622843226874, 0.0, 69.42578308349051, 52.43781358841817, 17.109803280262867, 60.15786450326286, 34.61878810964639, 27.726872444317898, 10.151698443328366, 41.53067363459111, 19.48727174351276, 63.4218169415866, 29.86971989206959, 49.748514572826714, 21.631635533183147, 33.13031298133881, 73.45688270246785, 33.99399692304765, 71.66625094513212, 25.004264655980794, 24.56039169700063, 40.18548005108677, 52.09178151467422, 59.534060163685886, 63.616543244253776, 37.26986159617229, 55.271436456466695], [14.404708378588763, 27.527283709502672, 33.81761915697861, 10.261173255673935, 70.68454320123975, 41.490546099253145, 65.79609780216427, 12.558154937357205, 50.099517821851194, 61.85356706655724, 37.35520392994182, 57.27363535575312, 34.85116127933712, 35.916673573884644, 37.45313265428929, 69.42578308349051, 0.0, 22.8256053839206, 61.0964142585356, 9.286166990776714, 49.384613685582785, 78.27634172867435, 59.38635105319126, 57.33300827069208, 50.48400966771084, 6.59942027025287, 55.94619918979416, 61.13921521182753, 49.16864412068408, 60.08594030689799, 26.78623133384797, 35.83673605506935, 62.251221742196435, 45.86754701433072, 48.4704492813795, 61.14155550300429, 17.388284875847805, 46.80269853077111, 15.324521994876664, 63.07633765373169, 63.69377418939091], [25.52450326817392, 9.827732711619154, 15.129399278989702, 32.94658292322799, 54.1452715851513, 22.38839547405213, 46.111831243261875, 13.180207327253529, 29.737409938959676, 39.066034222222356, 32.54307920475992, 45.32616078410426, 22.373705829754456, 15.45984017625881, 56.29856588862286, 52.43781358841817, 22.8256053839206, 0.0, 40.83345277206233, 16.597455816475975, 44.02478673499099, 68.07280632955684, 43.22547802832368, 54.71137350135554, 32.99208443044463, 16.42075064856246, 48.66505159254673, 38.76664319088316, 30.84454082473715, 37.50832835223768, 43.63568394522754, 23.952923653271572, 70.21919753229979, 33.32151656616077, 28.736313342235047, 38.31595452891782, 12.026122418303384, 27.186795278721604, 28.978644180917932, 40.29766403513271, 65.3705165010936], [55.63175893820019, 33.60452053048146, 43.372871950887976, 69.89249845100694, 19.423055845063942, 43.348353045605236, 5.721459853043977, 53.93401469982936, 11.132742996572007, 20.67609296270973, 39.029892452703834, 68.01613031534814, 29.615845721141884, 25.572915230318884, 83.99123794727709, 17.109803280262867, 61.0964142585356, 40.83345277206233, 0.0, 52.26037941819462, 40.279251275841006, 43.627463053685524, 15.320528027979393, 50.057895201559454, 13.577024984887354, 54.61363857643521, 38.29392549543731, 32.71964374512081, 13.126292015290247, 16.17717356854385, 71.23626725715106, 29.687595564814107, 78.34901435404818, 25.07726465836184, 12.63486621572034, 23.272946360724315, 44.02344980984737, 43.0175745069529, 58.992479388966245, 20.633066944326213, 64.31729052599711], [10.188985672497852, 18.964601918694548, 30.273041242778003, 17.727152568976212, 61.4033789109723, 37.975034540993384, 56.81104183055907, 12.324098754572912, 41.38686334904403, 54.600414245599715, 28.9021656651491, 57.47211666568604, 25.56564341254563, 27.526328723071174, 39.86264649840433, 60.15786450326286, 9.286166990776714, 16.597455816475975, 52.26037941819462, 0.0, 41.11951590010268, 69.4591469000843, 50.10689141124376, 49.83946800938234, 41.30234887187439, 4.505678679269602, 47.41812738630796, 55.300760682377586, 40.08438146669414, 52.42596425996354, 27.492559502353938, 26.564153381995993, 58.52136435537019, 36.628762184950915, 39.62795419622677, 54.18020540015767, 8.26057394515608, 43.090415979721186, 13.11081293625669, 55.78443236441624, 57.565586974604095], [36.21184741126928, 34.864418675275274, 57.17695675496048, 53.062385465000766, 34.302164567475764, 62.37618783236256, 40.689662773564855, 51.232791550719696, 36.36118658861338, 57.001978471661474, 12.271421099879511, 88.08243504809515, 22.54178258096538, 35.8982833742929, 52.957295394483864, 34.61878810964639, 49.384613685582785, 44.02478673499099, 40.279251275841006, 41.11951590010268, 0.0, 29.974907995821265, 26.808657442316168, 11.401546986305783, 27.82243901798456, 45.547189332131566, 7.188227224233192, 65.75222096625622, 29.91695786024783, 52.57217533290377, 42.78370133080535, 20.942928158036057, 38.144949026213645, 16.402974157904044, 33.939353667262885, 58.63280314437842, 35.80277141780117, 65.41987390624979, 37.635721169658986, 57.56230161420582, 24.900164850796095], [65.84801413853589, 58.24507499671062, 78.12052672996263, 82.81066796486532, 25.62891068072235, 81.20517008853707, 40.06118224111983, 77.95762067525439, 47.45814611441766, 64.2920481983842, 41.10611389959645, 107.43098039954285, 45.97134930326827, 55.30156244943948, 81.36948144970896, 27.726872444317898, 78.27634172867435, 68.07280632955684, 43.627463053685524, 69.4591469000843, 29.974907995821265, 0.0, 29.552920833588615, 28.175965372258037, 38.86947665195003, 73.66360254908014, 22.841874315437167, 76.05285485454266, 41.796227815272964, 59.74165033092068, 72.28778098769698, 44.500813763411706, 55.94257608690287, 34.75147296828449, 46.12802628857852, 66.82842275021348, 62.86132538922603, 82.65446399757819, 67.50494852475913, 64.25748770903948, 37.474034915660724], [50.621294216250035, 33.94831039822524, 50.45599830000356, 66.70049863380629, 11.301656094736114, 52.53737376928045, 14.13925339160219, 55.2109736389695, 18.05263746021776, 35.394736212845366, 29.11580096265744, 78.5137401751831, 24.620588006995067, 28.420888228926497, 75.6481813119488, 10.151698443328366, 59.38635105319126, 43.22547802832368, 15.320528027979393, 50.10689141124376, 26.808657442316168, 29.552920833588615, 0.0, 35.50461011425637, 10.473351423491104, 53.46262214669226, 23.583035146813902, 46.70708091656994, 13.152507218978155, 30.762102895754122, 63.62918214246602, 23.847554627644776, 64.81034308294255, 15.013050060324957, 17.04944071029766, 37.753574439056635, 42.101669087787855, 53.5106723704853, 53.499881171404795, 35.534548439376394, 49.713850415914074], [43.306994655493014, 45.860345481170626, 68.28346243008247, 59.415448979164466, 40.662638286745306, 73.66449647564372, 49.64381177482798, 60.80867299805792, 47.275344429323376, 67.81008854247133, 22.21329244908924, 99.2235126901189, 33.79208392111234, 47.280779947991626, 53.55917758573413, 41.53067363459111, 57.33300827069208, 54.71137350135554, 50.057895201559454, 49.83946800938234, 11.401546986305783, 28.175965372258037, 35.50461011425637, 0.0, 38.41945308555621, 54.34278661020238, 11.931241756797288, 76.94556341994439, 40.73667315256143, 63.301988156458876, 45.56683923799875, 32.214796383249855, 30.29600670075171, 27.48296543580486, 44.926200040656575, 69.56774015503487, 45.56521279800527, 76.78647217733938, 43.92820107881416, 68.30150975198332, 14.260382768865604], [43.26392601915417, 24.023893241152017, 40.04678318964834, 58.4998959800706, 21.153246619117738, 42.44851363603743, 16.38351662517702, 45.30839250959996, 9.246983427455627, 29.413248572948092, 25.460262260580333, 68.60073100665788, 16.7852275402114, 17.977166403400368, 70.68717956534313, 19.48727174351276, 50.48400966771084, 32.99208443044463, 13.577024984887354, 41.30234887187439, 27.82243901798456, 38.86947665195003, 10.473351423491104, 38.41945308555621, 0.0, 44.293623485785396, 27.280405176496533, 39.290464254945064, 2.93226342155245, 24.884075821088963, 58.07224896725106, 16.567791604382972, 65.46890735473792, 11.792902997203772, 7.392377563592616, 31.281714109339475, 33.09677896939625, 43.787084129712056, 46.4564937337072, 29.883347650197848, 52.52447575343786], [13.808891274106411, 21.01298631473939, 28.536677157821526, 16.53273161265242, 64.76145119069552, 36.27981018384507, 59.388481057639886, 8.62310330976044, 43.581505856200685, 55.34821049112589, 33.305375877127716, 54.261565394740366, 29.14403879964342, 29.34474209582411, 41.58991911205166, 63.4218169415866, 6.59942027025287, 16.42075064856246, 54.61363857643521, 4.505678679269602, 45.547189332131566, 73.66360254908014, 53.46262214669226, 54.34278661020238, 44.293623485785396, 0.0, 51.76929801098391, 55.02253154751769, 42.86071937669837, 53.51609925829035, 29.813497902956026, 30.259946222049997, 62.491704756710675, 40.41462539584486, 42.00345804023869, 54.697149169805954, 11.379596752580904, 41.52492600087292, 16.159388350204118, 56.56460207281582, 61.99567180227075], [43.11046255269697, 39.10481707832703, 60.90135676482858, 60.03412060266608, 29.182699908594973, 65.482819246319, 37.72055696808408, 56.931721095164825, 36.39951274788822, 56.64832169132645, 18.59101674696204, 91.56058390247472, 26.42866947657874, 38.69215562882513, 59.86820020589918, 29.86971989206959, 55.94619918979416, 48.66505159254673, 38.29392549543731, 47.41812738630796, 7.188227224233192, 22.841874315437167, 23.583035146813902, 11.931241756797288, 27.280405176496533, 51.76929801098391, 0.0, 66.39315250406119, 29.81897555214917, 52.074117397435835, 49.925325698582114, 24.813531059135666, 41.80201229312232, 17.46010079649584, 34.196087102436216, 58.56168484419615, 41.52581612911322, 68.07033953993624, 44.67727655242832, 57.06152411711966, 26.134114266426852], [63.385045215116655, 39.35589613298343, 29.058249777648875, 71.39307988569313, 52.06493636195602, 23.21642662296386, 37.37987719280382, 49.45055115023107, 30.055157822083572, 12.558622502218649, 59.06172857280041, 39.70114872784423, 45.92997614700271, 32.66280574495014, 94.50129927655281, 49.748514572826714, 61.13921521182753, 38.76664319088316, 32.71964374512081, 55.300760682377586, 65.75222096625622, 76.05285485454266, 46.70708091656994, 76.94556341994439, 39.290464254945064, 55.02253154751769, 66.39315250406119, 0.0, 36.60977162946554, 16.630135130651787, 81.54275937791121, 47.11369051026151, 101.02437734530137, 49.46338884397764, 32.19723681583789, 9.701489797823982, 49.18283011689933, 19.093025204318096, 66.99365669825225, 13.135831369297481, 90.61242789527356], [42.70894849576576, 22.224804259604458, 37.30357060658162, 57.4952178874994, 23.43545323003746, 39.56113260867461, 16.85513878143554, 43.40541793161232, 6.5811947712290895, 27.099992766940613, 26.483527181973596, 65.69043032641143, 16.5001628194158, 15.583297267120226, 70.87363594378036, 21.631635533183147, 49.16864412068408, 30.84454082473715, 13.126292015290247, 40.08438146669414, 29.91695786024783, 41.796227815272964, 13.152507218978155, 40.73667315256143, 2.93226342155245, 42.86071937669837, 29.81897555214917, 36.60977162946554, 0.0, 22.65567071307587, 58.110201198439, 16.568442310275245, 67.20400775949227, 13.594693839558182, 4.510284834405505, 28.836392631985184, 31.83121537900929, 40.85864280944537, 46.00806993282822, 27.645463445564538, 54.74565857872628], [58.45451472155493, 33.86637217495062, 34.25582159623653, 69.91323244453935, 35.4458276146791, 31.7323442840782, 20.75754774034497, 50.30490552205255, 16.32530222533659, 4.643299688721067, 48.10020624251758, 54.016884427648925, 35.9074825203965, 25.450915785958156, 88.95195083211344, 33.13031298133881, 60.08594030689799, 37.50832835223768, 16.17717356854385, 52.42596425996354, 52.57217533290377, 59.74165033092068, 30.762102895754122, 63.301988156458876, 24.884075821088963, 53.51609925829035, 52.074117397435835, 16.630135130651787, 22.65567071307587, 0.0, 75.85873207615765, 36.68173187615349, 89.61145386550847, 36.22820810680543, 18.850625064193228, 7.096704394443983, 44.85847543774883, 29.913851472299054, 62.06719725886055, 4.999537631642115, 77.37712042122526], [18.20052384525006, 42.55310632079818, 57.765255509775415, 20.935057675432756, 73.9236919674077, 65.45997266225572, 74.4316565119193, 38.27432177576781, 61.82012175211511, 78.8511012417455, 34.77534767770248, 83.83762170791752, 41.635889003408714, 50.52502923008672, 13.10194784891852, 73.45688270246785, 26.78623133384797, 43.63568394522754, 71.23626725715106, 27.492559502353938, 42.78370133080535, 72.28778098769698, 63.62918214246602, 45.56683923799875, 58.07224896725106, 29.813497902956026, 49.925325698582114, 81.54275937791121, 58.110201198439, 75.85873207615765, 0.0, 41.571470597573516, 38.775586134332265, 48.633664443696965, 59.497616643621086, 78.97620631372654, 32.37514159723416, 70.54425696497981, 14.662991850023905, 79.923212495441, 46.06710528070841], [26.94082295057112, 14.29551313933748, 36.29748313110513, 42.8541929163585, 35.06343048904815, 41.45163889785899, 32.95042382686205, 33.54997613484393, 21.013931030641885, 40.52780336247546, 11.953014467655768, 67.16146632501145, 1.6216272617194167, 15.319450191964755, 54.305416237087215, 33.99399692304765, 35.83673605506935, 23.952923653271572, 29.687595564814107, 26.564153381995993, 20.942928158036057, 44.500813763411706, 23.847554627644776, 32.214796383249855, 16.567791604382972, 30.259946222049997, 24.813531059135666, 47.11369051026151, 16.568442310275245, 36.68173187615349, 41.571470597573516, 0.0, 53.91262340613731, 10.18611033093451, 18.515061108315997, 41.50058329767919, 18.948039066927873, 44.63882818021656, 30.008056976795707, 41.37254497337303, 44.63828983404489], [48.712575071830635, 64.01392831331047, 85.29546697635492, 59.13329527381226, 70.89872628659317, 92.12281067306074, 78.80647579975886, 70.8439513025861, 73.29806646913313, 93.81361480329475, 41.97496210236126, 115.1633793691231, 55.1068628491321, 68.72582611040731, 38.75752106237452, 71.66625094513212, 62.251221742196435, 70.21919753229979, 78.34901435404818, 58.52136435537019, 38.144949026213645, 55.94257608690287, 64.81034308294255, 30.29600670075171, 65.46890735473792, 62.491704756710675, 41.80201229312232, 101.02437734530137, 67.20400775949227, 89.61145386550847, 38.775586134332265, 53.91262340613731, 0.0, 53.69276374163692, 70.76225066596756, 95.08728691954956, 58.50781113898387, 96.32121979357433, 46.975017316353956, 94.51921535654435, 18.51253251756258], [35.96103289804372, 23.493808469421307, 44.137412276834766, 52.420655923861275, 25.752504847750927, 48.25876217572641, 26.781928965244926, 43.63619085348478, 19.96853266926993, 40.622284242172654, 14.408235999441489, 74.46312131551151, 11.472746095718822, 21.501187482610653, 60.764026541868525, 25.004264655980794, 45.86754701433072, 33.32151656616077, 25.07726465836184, 36.628762184950915, 16.402974157904044, 34.75147296828449, 15.013050060324957, 27.48296543580486, 11.792902997203772, 40.41462539584486, 17.46010079649584, 49.46338884397764, 13.594693839558182, 36.22820810680543, 48.633664443696965, 10.18611033093451, 53.69276374163692, 0.0, 17.536498909985507, 42.23000083032749, 29.129092655076988, 50.66986382609291, 38.68964085400794, 41.20748196043509, 41.29680878061419], [43.30773980875797, 21.01136545905497, 33.7129850748047, 57.274988204998984, 26.549137525802134, 35.48913512588411, 17.493084709733854, 41.67166881440868, 2.5591446232305506, 23.137294671351327, 29.422150918422034, 61.494832711687884, 18.064480525267115, 13.283433368956635, 72.42778552276619, 24.56039169700063, 48.4704492813795, 28.736313342235047, 12.63486621572034, 39.62795419622677, 33.939353667262885, 46.12802628857852, 17.04944071029766, 44.926200040656575, 7.392377563592616, 42.00345804023869, 34.196087102436216, 32.19723681583789, 4.510284834405505, 18.850625064193228, 59.497616643621086, 18.515061108315997, 70.76225066596756, 17.536498909985507, 0.0, 24.69350203007011, 31.396629858956075, 36.56038467279271, 46.74384043007474, 23.78173388154249, 58.82886084117853], [61.144580749848416, 36.453518777461056, 32.1999707689666, 71.22801152101351, 42.49888362706004, 28.22415120444358, 27.741327337345567, 50.434596800963156, 22.295618906605604, 2.881205915437473, 53.24641104561956, 48.39455263137822, 40.53856015298562, 28.580392007001137, 92.06783443757321, 40.18548005108677, 61.14155550300429, 38.31595452891782, 23.272946360724315, 54.18020540015767, 58.63280314437842, 66.82842275021348, 37.753574439056635, 69.56774015503487, 31.281714109339475, 54.697149169805954, 58.56168484419615, 9.701489797823982, 28.836392631985184, 7.096704394443983, 78.97620631372654, 41.50058329767919, 95.08728691954956, 42.23000083032749, 24.69350203007011, 0.0, 47.13829679384385, 25.427830423937113, 64.7841554814713, 3.69809330210392, 83.5192187513201], [14.202526171120146, 11.032630989128867, 27.110049471496033, 25.886864139630248, 53.40279648112889, 34.4109245144229, 48.55062998667913, 15.437685651721333, 33.20142653411051, 47.32574223950603, 23.600686978123893, 56.686101982274444, 17.78472862946811, 19.6037012608363, 45.320538653238714, 52.09178151467422, 17.388284875847805, 12.026122418303384, 44.02344980984737, 8.26057394515608, 35.80277141780117, 62.86132538922603, 42.101669087787855, 45.56521279800527, 33.09677896939625, 11.379596752580904, 41.52581612911322, 49.18283011689933, 31.83121537900929, 44.85847543774883, 32.37514159723416, 18.948039066927873, 58.50781113898387, 29.129092655076988, 31.396629858956075, 47.13829679384385, 0.0, 39.14843996071427, 17.8183317339369, 48.472258275836126, 54.94130516796446], [52.602885081621196, 32.35035063429944, 13.005323619455654, 56.90334306586189, 61.762205040677124, 5.329957461379564, 48.598793150212316, 34.32759160699375, 35.48582806142805, 27.915803935734292, 55.90276666209595, 25.112604930269665, 43.10514272407688, 29.535202064400163, 82.91250905611498, 59.534060163685886, 46.80269853077111, 27.186795278721604, 43.0175745069529, 43.090415979721186, 65.41987390624979, 82.65446399757819, 53.5106723704853, 76.78647217733938, 43.787084129712056, 41.52492600087292, 68.07033953993624, 19.093025204318096, 40.85864280944537, 29.913851472299054, 70.54425696497981, 44.63882818021656, 96.32121979357433, 50.66986382609291, 36.56038467279271, 25.427830423937113, 39.14843996071427, 0.0, 55.961468536134134, 29.01850840272289, 89.16519367877615], [3.6400447631746564, 28.350001542288474, 43.27031603033354, 15.536712805691609, 64.4405188228483, 50.9253317985459, 62.76533745706264, 24.780922697373146, 48.905024057372835, 64.81904384897013, 26.772375734435993, 70.37387741637168, 29.671266195157948, 36.616985381149796, 27.508454278382118, 63.616543244253776, 15.324521994876664, 28.978644180917932, 58.992479388966245, 13.11081293625669, 37.635721169658986, 67.50494852475913, 53.499881171404795, 43.92820107881416, 46.4564937337072, 16.159388350204118, 44.67727655242832, 66.99365669825225, 46.00806993282822, 62.06719725886055, 14.662991850023905, 30.008056976795707, 46.975017316353956, 38.68964085400794, 46.74384043007474, 64.7841554814713, 17.8183317339369, 55.961468536134134, 0.0, 65.92975088417613, 48.876078518800924], [62.29898537119546, 37.596666290582455, 35.2173285200568, 73.06178692592366, 39.57233523851295, 31.62591536297395, 24.726021618116803, 52.73581161469042, 21.27429617403474, 1.2676480418097957, 52.90774526583832, 52.09087172348716, 40.53209290842571, 29.398463755251107, 93.02513454879228, 37.26986159617229, 63.07633765373169, 40.29766403513271, 20.633066944326213, 55.78443236441624, 57.56230161420582, 64.25748770903948, 35.534548439376394, 68.30150975198332, 29.883347650197848, 56.56460207281582, 57.06152411711966, 13.135831369297481, 27.645463445564538, 4.999537631642115, 79.923212495441, 41.37254497337303, 94.51921535654435, 41.20748196043509, 23.78173388154249, 3.69809330210392, 48.472258275836126, 29.01850840272289, 65.92975088417613, 0.0, 82.37452984905595], [49.29050133183528, 57.32668338643922, 79.72201244041253, 63.555095544429456, 54.2203070198842, 85.66252246316633, 63.84749566158529, 69.42677544427042, 61.23288700155503, 81.84564696688959, 33.329842101812325, 110.56847995753206, 46.12047190112933, 59.95025179597191, 50.73459666643196, 55.271436456466695, 63.69377418939091, 65.3705165010936, 64.31729052599711, 57.565586974604095, 24.900164850796095, 37.474034915660724, 49.713850415914074, 14.260382768865604, 52.52447575343786, 61.99567180227075, 26.134114266426852, 90.61242789527356, 54.74565857872628, 77.37712042122526, 46.06710528070841, 44.63828983404489, 18.51253251756258, 41.29680878061419, 58.82886084117853, 83.5192187513201, 54.94130516796446, 89.16519367877615, 48.876078518800924, 82.37452984905595, 0.0]]",Route_2,1603.106951956637
