instance_id,num_cities,city_coordinates,distance_matrix,best_route,total_distance
890,53,"[[6.751265711767762, 28.44738205708207], [71.03725742806922, 5.178143591196815], [32.382133172480735, 26.848617902243564], [79.89136728943612, 8.304517673364554], [37.38175222099653, 85.53017044540455], [47.39057464870415, 14.05561009860936], [81.03104536869398, 87.66570682714845], [97.88309006247617, 14.760622122987154], [46.86858835563873, 28.42041401453074], [28.78155894542882, 9.174196520688904], [76.33550402815659, 27.56331425469568], [28.24224063192219, 63.572574309374886], [66.05914277442628, 48.359366051927644], [45.226861979852764, 41.69119770248029], [29.337143513203813, 59.15341183688787], [43.53232847359896, 28.16227677228339], [15.266139772475684, 87.59795712248453], [69.29742017630184, 94.99036095733085], [44.485494302173755, 25.272924552969123], [43.74545441698593, 25.44813533185287], [97.50979752578807, 94.75751415757112], [35.08979622911653, 57.12762767223578], [39.490106091168755, 52.1079425067021], [50.13839231507448, 43.28049901306089], [80.95542402816217, 79.30364883845186], [96.25734083559114, 97.5339927974097], [34.33948400251185, 43.555429470751925], [13.220803684613102, 53.159374184190746], [15.064272257019319, 35.52347016812797], [39.55936963114836, 52.084704980665684], [96.38010166907611, 22.284947870708827], [82.32398914145035, 19.57704733819492], [95.44130301504869, 65.90428077436992], [17.471269467254892, 8.988169199657891], [66.09881732602774, 72.02002906093843], [79.1459178197078, 66.18645460132387], [69.89867103788846, 61.94554685014156], [79.2669186540963, 99.1724836237135], [14.94578667235803, 39.69139788681903], [49.32206312014864, 98.71878508191139], [96.65128704037302, 67.72009489929084], [34.30621363275078, 11.72689828865977], [37.36279518021003, 26.7843511222137], [64.4663573248707, 56.24318716471893], [16.330033699650325, 46.98042589317419], [23.642923306036522, 9.067950861800911], [9.339707800580467, 81.8116730898238], [5.062123588199574, 28.611658539311247], [12.009832309885516, 3.58984559450396], [41.31281010115971, 15.459475031283477], [85.39324304504089, 21.15395851395383], [21.87731147933787, 46.54322678428991], [52.05881853017841, 83.7755820658516]]","[[0.0, 68.36772769173051, 25.68068172014582, 75.86309672279718, 64.78172144963462, 43.1123709737291, 94.9962928458504, 92.15387570244627, 40.11733170822507, 29.270966855936393, 69.5898541308373, 41.178163312358144, 62.56126108296093, 40.69115580852885, 38.1180028451088, 36.782167729936546, 59.76030129473519, 91.32354285298129, 37.86752154232479, 37.11556922473491, 112.40171135806094, 40.31908729656775, 40.39373454111442, 45.85263475004585, 89.95897388466803, 113.06766676489379, 31.45413939549838, 25.544813103101163, 10.916826497507433, 40.43630445254175, 89.84043538498393, 76.09151966286645, 96.27534460273057, 22.216647936810823, 73.62545381544297, 81.640818530495, 71.48231840059712, 101.29442192570416, 13.913233475828997, 82.16047027046157, 98.10382158137506, 32.23119191680879, 30.656669882549842, 64.05964862134819, 20.862083069439542, 25.70778967034416, 53.427030517092156, 1.6971116275089393, 25.40766895359037, 36.92134991425284, 78.97945698639933, 23.585098196824223, 71.5121252558157], [68.36772769173051, 0.0, 44.315100000797955, 9.389860293891738, 87.11567740838969, 25.25816735351463, 83.09075692282083, 28.504782487274163, 33.5309960956134, 42.44422803245597, 23.003636292319257, 72.39698199153474, 43.467224419186685, 44.7144231062733, 68.20725095403756, 35.8439882668821, 99.51604507357743, 89.82906780037487, 33.29859376903579, 33.99580969416731, 93.40909490136997, 63.17411545036725, 56.547579821978786, 43.457474060340914, 74.78609868730976, 95.73742993042531, 53.09936577657633, 75.13282114154411, 63.669568194068795, 56.48967092787452, 30.576175478327347, 18.295320218163972, 65.44632287761424, 53.70131619760576, 67.02406913782173, 61.54481607459169, 56.778820450336546, 94.35392563133524, 65.85907540812495, 96.02812751649977, 67.58383080592561, 37.310263552823436, 40.00996890221067, 51.48606999307606, 68.84991745619955, 47.55369078708106, 98.38335973859284, 70.01319809873148, 59.0487900520331, 31.4523217755245, 21.478384145016197, 64.24772675553355, 80.85628285902166], [25.68068172014582, 44.315100000797955, 0.0, 51.00010764379217, 58.89414911097745, 19.720911850344777, 77.88090242912351, 66.60701911558843, 14.571476479487114, 18.03744177917886, 43.95918107122543, 36.95656483549647, 39.96064641229756, 19.628785832580885, 32.44798411588823, 11.227312896678049, 63.114494735876036, 77.49861651126439, 12.205497129028036, 11.449297844662405, 94.09160884337084, 30.399833418615216, 26.240365060078847, 24.192797597197796, 71.4905228339337, 95.27048009785433, 16.8210812689752, 32.54861661992179, 19.369082800230526, 26.236859839038125, 64.16047892470833, 50.46845268178177, 74.1741444414091, 23.26648843924488, 56.367288176547135, 61.109057844936046, 51.37397234962829, 86.19120989146356, 21.655557647046486, 73.8395704014135, 76.16430772228537, 15.243637679026545, 4.98107661597906, 43.513654656754184, 25.748001679146686, 19.812266641978134, 59.597741589531594, 27.376837581670504, 30.919267968361936, 14.473063453864215, 53.3161037161314, 22.321041593561525, 60.231646130174354], [75.86309672279718, 9.389860293891738, 51.00010764379217, 0.0, 88.15253155374833, 33.0057053607337, 79.3693719896221, 19.11500387147135, 38.66721109828062, 51.11720698804505, 19.58431538997493, 75.64516090805255, 42.37595206792784, 48.12793712309606, 71.7031350728165, 41.4283755419187, 102.29305729760038, 87.33079148437994, 39.261974912400504, 40.00538268537363, 88.22998178108978, 66.26369171299427, 59.59028388538249, 45.9190460538955, 71.00710417233265, 90.71793825383178, 57.59861850368249, 80.35497622419882, 70.30948460381562, 59.526253332210494, 21.61783499671365, 11.532023851838748, 59.66182372642175, 62.42384153142192, 65.19126341675832, 57.88673697354324, 54.563852407244276, 90.8701115441813, 72.13227218952089, 95.44224488358722, 61.734153652154774, 45.71344356947485, 46.37007321481008, 50.35917955058694, 74.40342064945114, 56.253624601325456, 101.8864002409101, 77.53577034536029, 68.04506539045386, 39.236443385235, 13.97779548948672, 69.48258447990519, 80.43961916227215], [64.78172144963462, 87.11567740838969, 58.89414911097745, 88.15253155374833, 0.0, 72.17194263117108, 43.70150235325302, 93.10607311216506, 57.89235130342597, 76.83877978188471, 69.8394673267784, 23.78374865658921, 46.94743260511765, 44.53539354584573, 27.576242020142143, 57.69666205881941, 22.212070045699924, 33.2882121111249, 60.674532005589576, 60.41810696327135, 60.83194641105547, 28.49486792828484, 33.48866190859905, 44.13350884113831, 44.01629750536079, 60.086826224834674, 42.084846153958836, 40.39331485237108, 54.76075222788578, 33.51628227799194, 86.4914066027401, 79.80989354089473, 61.28692343221959, 79.089223527551, 31.736315924739365, 46.02634974460951, 40.169447089480535, 44.0508782657455, 51.03494508449506, 17.790744233974394, 61.88761223915138, 73.86732646204496, 58.74582238187137, 39.89114216609955, 43.923315650622335, 77.6867198664338, 28.287514522489403, 65.45437642026691, 85.77850055023664, 70.18087753708785, 80.3081559605894, 41.9567570094083, 14.781571493781842], [43.1123709737291, 25.25816735351463, 19.720911850344777, 33.0057053607337, 72.17194263117108, 0.0, 80.9328586585657, 50.49743711085269, 14.374284720744136, 19.238598284788164, 31.94161874967893, 53.090379922058226, 39.05461699171492, 27.72016152053542, 48.57713554121248, 14.624777201375048, 80.25245243540614, 83.84714531534956, 11.587391224420863, 11.961460307745524, 94.99859904516845, 44.79406040526552, 38.863831580591615, 29.353783980768966, 73.37510254344923, 96.729526079534, 32.25787206317499, 51.929544706257964, 38.80539707673509, 38.82705023016085, 49.67590721715163, 35.3670710875624, 70.69057325683319, 30.345407886615444, 60.908720309279566, 61.04118911419082, 52.91559737100741, 90.88995250212574, 41.35042783759527, 84.68520441002987, 72.84569111661507, 13.289973735474385, 16.204234295848117, 45.51235011194877, 45.263679690828006, 24.26577196289919, 77.70941088415906, 44.761326112946996, 36.89619431731769, 6.23779277024976, 38.65991923772675, 41.308253841878276, 69.87608311897544], [94.9962928458504, 83.09075692282083, 77.88090242912351, 79.3693719896221, 43.70150235325302, 80.9328586585657, 0.0, 74.82742001487266, 68.38916719497074, 94.29170706739812, 60.28553476095175, 58.02703628530427, 42.06122076723435, 58.2717344635971, 59.035671035880405, 70.33357631368324, 65.76494049341174, 13.832155229115147, 72.30792890595598, 72.53441593747283, 17.939983385353788, 55.16495854232502, 54.68093122403317, 54.077746674496765, 8.362399918293091, 18.14450720290049, 64.2325343674853, 76.08492537763252, 84.08583708670838, 54.643458719956044, 67.15829934589142, 68.10093431519256, 26.100099411398276, 101.14346266450615, 21.627729124488933, 21.5618176890664, 28.025994852707814, 11.641222243008894, 81.66269488122357, 33.5802039026638, 25.33415451635113, 89.1622820647691, 74.92299745068146, 35.52131236208696, 76.4297912837274, 97.31908238709815, 71.92994920965077, 96.22191899808008, 108.77811495939947, 82.40921139608962, 66.65464299090706, 72.04319952589597, 29.23222534534203], [92.15387570244627, 28.504782487274163, 66.60701911558843, 19.11500387147135, 93.10607311216506, 50.49743711085269, 74.82742001487266, 0.0, 52.811639805228545, 69.3269770993246, 25.064065706220042, 85.0438391987056, 46.27784799010315, 59.143336538717946, 81.66557761332685, 55.978653365635495, 110.14008282659596, 85.17013277122638, 54.42252966704204, 55.18248392265008, 79.9977629844162, 75.74932943368349, 69.3149544969714, 55.614202689741994, 66.72591831486817, 82.78933478023646, 69.76339155530515, 92.96325561524341, 85.38180392588966, 69.24408657870026, 7.67296892138386, 16.28752815268037, 51.20191543520754, 80.61874536477299, 65.4895386781037, 54.73296876422035, 54.859318530682955, 86.4402926876349, 86.60334793650284, 96.99044522596408, 52.9737963093954, 63.64921599567066, 61.70312918874772, 53.26801319082645, 87.68703870645653, 74.45810141355945, 111.06652951332148, 93.84872416301202, 86.59678195690752, 56.57459651017545, 14.031073684041282, 82.38332560103233, 82.84279423933586], [40.11733170822507, 33.5309960956134, 14.571476479487114, 38.66721109828062, 57.89235130342597, 14.374284720744136, 68.38916719497074, 52.811639805228545, 0.0, 26.41131425556217, 29.479378203238756, 39.78209651236619, 27.673799653283258, 13.371946948193413, 35.381756788101214, 3.3462314379527127, 67.08722952056668, 70.24678165444175, 3.9478889521238494, 4.311427393133998, 83.45743179371497, 31.02972864768476, 24.81009888320738, 15.215575707040552, 61.24553822370995, 84.94666352307912, 19.648082571884643, 41.76349558578318, 32.58784941081656, 24.76738470836872, 49.89021843396431, 36.541628029613825, 61.354289798300464, 35.23938842219714, 47.65215775228367, 49.67997402309474, 40.67332344420123, 77.81713924393904, 33.85410380972227, 70.3411722474628, 63.42540505175371, 20.89226474004566, 9.645558857922316, 32.92093829861623, 35.73621918183535, 30.231595179118138, 65.26134706976937, 41.80690219113813, 42.79824764075005, 14.101510959482338, 39.20395891334879, 30.87070233402013, 55.59795966809102], [29.270966855936393, 42.44422803245597, 18.03744177917886, 51.11720698804505, 76.83877978188471, 19.238598284788164, 94.29170706739812, 69.3269770993246, 26.41131425556217, 0.0, 50.985658218426984, 54.40105118730601, 54.08415449389825, 36.4390361803198, 49.98230324659846, 24.04438382063856, 79.57985161049486, 94.89967908215564, 22.489611600606814, 22.10790021945088, 109.76372367997661, 48.366573341859294, 44.249062434858885, 40.24120029621371, 87.4085366543832, 111.17749205550716, 34.82757111982762, 46.656542503456315, 29.706029284299234, 44.243337797582015, 68.85822230730922, 54.543662660543106, 87.53184528419911, 11.311819227881156, 73.09019387524886, 76.0721119482698, 66.8986720527225, 103.19139124167282, 33.5071361595289, 91.87026533296994, 89.63214941436607, 6.085893174411635, 19.589669737050876, 59.06686647884078, 39.80391262566067, 5.139733881677653, 75.19433873816607, 30.666374800278607, 17.676984742997753, 14.019164792659682, 57.86533914192109, 38.0014875487125, 78.1485606971352], [69.5898541308373, 23.003636292319257, 43.95918107122543, 19.58431538997493, 69.8394673267784, 31.94161874967893, 60.28553476095175, 25.064065706220042, 29.479378203238756, 50.985658218426984, 0.0, 60.08018636609823, 23.19653790914335, 34.16642651498227, 56.62843946592469, 32.80864341237843, 85.63659028041685, 67.7933717360708, 31.93225648980943, 32.65861778358361, 70.45148121729893, 50.74699044962505, 44.27213711991075, 30.550262827613963, 51.94618257047853, 72.7514634733204, 44.93788431911288, 68.10744220251992, 61.786146707158984, 44.20161382034031, 20.727929136070465, 9.982104648506525, 42.83761511324256, 61.72547386822194, 45.620053112651505, 38.72525527243273, 34.979576000745716, 71.66914489115838, 62.57625595713292, 76.11062355764261, 45.00331177966344, 44.91384332019103, 38.98049279458353, 31.038874876502984, 63.068856765652434, 55.844306157318954, 86.20511091850486, 71.28108995433455, 68.64779123619329, 37.05525622432418, 11.096056827061071, 57.67089227084373, 61.230519442846955], [41.178163312358144, 72.39698199153474, 36.95656483549647, 75.64516090805255, 23.78374865658921, 53.090379922058226, 58.02703628530427, 85.0438391987056, 39.78209651236619, 54.40105118730601, 60.08018636609823, 0.0, 40.762234888928646, 27.699675170393842, 4.552780389792194, 38.57040261484886, 27.305644340154153, 51.697244465036334, 41.601760314432525, 41.156074703695815, 75.96377367785624, 9.403528848907635, 16.06089224670187, 29.853136826184443, 55.01042091826788, 76.02257428839516, 20.925163421359688, 18.277809081208765, 30.990500054314307, 16.126020913375484, 79.67079893949436, 69.71686966093412, 67.23950356903468, 55.6369580495896, 38.787625485151956, 50.97074377933802, 41.68819272312259, 62.216326719404385, 27.33324487184145, 40.98310685883512, 68.53465953484672, 52.19909856117951, 37.90195088035282, 36.958172926980566, 20.42547583442053, 54.69833358545782, 26.26728900672707, 41.947389163595915, 62.140315609233326, 49.856896297239004, 71.17286029677214, 18.17996150291677, 31.231248857385843], [62.56126108296093, 43.467224419186685, 39.96064641229756, 42.37595206792784, 46.94743260511765, 39.05461699171492, 42.06122076723435, 46.27784799010315, 27.673799653283258, 54.08415449389825, 23.19653790914335, 40.762234888928646, 0.0, 21.87346319722892, 38.27553597468024, 30.25524380853473, 64.18408044958305, 46.7433003370455, 31.59756461326027, 31.981638188521035, 56.05293776353371, 32.186687267963094, 26.832173518251803, 16.71122932603815, 34.34309002350811, 57.70680273328977, 32.081374024231664, 53.05591537086012, 52.585521222355936, 26.76034616329103, 39.990446756445714, 33.060052901981045, 34.22185519552358, 62.53696965870599, 23.66069627242647, 22.114899213738628, 14.118296142512435, 52.501602461750885, 51.84311761582412, 53.06788972995934, 36.20382731548724, 48.4787190786135, 35.90211183851808, 8.043108903080302, 49.74822374047526, 57.81825820304109, 65.84945823550866, 64.1140257791441, 70.18288910895585, 41.16775206331095, 33.37576414977524, 44.21914266951711, 38.08303343601975], [40.69115580852885, 44.7144231062733, 19.628785832580885, 48.12793712309606, 44.53539354584573, 27.72016152053542, 58.2717344635971, 59.143336538717946, 13.371946948193413, 36.4390361803198, 34.16642651498227, 27.699675170393842, 21.87346319722892, 0.0, 23.60957592641741, 13.634630370469765, 54.81856834717381, 58.48241253193864, 16.435002867218078, 16.310476496516323, 74.4952299910019, 18.46736235215834, 11.891969577939257, 5.16226780491059, 51.87703370949176, 75.64738948741214, 11.0458299510413, 33.99862996377849, 30.786728987113676, 11.838304906713452, 54.71066133064254, 43.1883374301207, 55.74731814467308, 42.89360079291308, 36.81679686695348, 41.83921557113074, 31.92078980212644, 66.80436879085286, 30.347038094036225, 57.174438298055286, 57.63657677280284, 31.892315683909597, 16.854009066001147, 24.122988588482798, 29.376906227660164, 39.11703775981711, 53.82880623228884, 42.24074519691636, 50.54783964277283, 26.522124281582, 45.112263979550505, 23.84834784186992, 42.6353261691465], [38.1180028451088, 68.20725095403756, 32.44798411588823, 71.7031350728165, 27.576242020142143, 48.57713554121248, 59.035671035880405, 81.66557761332685, 35.381756788101214, 49.98230324659846, 56.62843946592469, 4.552780389792194, 38.27553597468024, 23.60957592641741, 0.0, 34.087442389425256, 31.734607336092, 53.67597817695133, 37.11280035542274, 36.655764722358626, 76.91009593792744, 6.098919146180995, 12.358045443845269, 26.165651400837262, 55.411902462739256, 77.14519949118302, 16.380490354847698, 17.194909038798958, 27.60595945017331, 12.428214812497815, 76.51171069526211, 66.1354249745553, 66.44798066801134, 51.54949597936415, 38.94830548702599, 50.302859644782004, 40.657515087225725, 63.98834700395994, 24.204981692065637, 44.32624247231059, 67.85707021002305, 47.68611795054446, 33.34917054786194, 35.249554191057626, 17.81478297616028, 50.408109911547676, 30.220758396949623, 39.013783293207865, 58.20262543140493, 45.30537168811259, 67.72181884418838, 14.65147982404022, 33.50411590179743], [36.782167729936546, 35.8439882668821, 11.227312896678049, 41.4283755419187, 57.69666205881941, 14.624777201375048, 70.33357631368324, 55.978653365635495, 3.3462314379527127, 24.04438382063856, 32.80864341237843, 38.57040261484886, 30.25524380853473, 13.634630370469765, 34.087442389425256, 0.0, 65.8147211676749, 71.6228510064524, 3.0425123408162156, 2.722496359300935, 85.72335042264073, 30.170646387780597, 24.284449123946256, 16.498506696037364, 63.371350133133866, 87.13416042427329, 17.929237001834903, 39.289227710069454, 29.404377105481498, 24.25009223382483, 53.17358485881761, 39.730329747003964, 64.17943988567049, 32.35467814302534, 49.322903958909585, 52.097656815712654, 42.854327172071805, 79.49471939978774, 30.823870714557028, 70.79365714613184, 66.23024033013967, 18.847887440147694, 6.321536217989615, 35.02529218170595, 33.0769946836903, 27.57139314389431, 63.61912474818755, 38.47282947610097, 39.96838923922298, 12.89524849999975, 42.443523576248886, 28.404208919905145, 56.26313853990523], [59.76030129473519, 99.51604507357743, 63.114494735876036, 102.29305729760038, 22.212070045699924, 80.25245243540614, 65.76494049341174, 110.14008282659596, 67.08722952056668, 79.57985161049486, 85.63659028041685, 27.305644340154153, 64.18408044958305, 54.81856834717381, 31.734607336092, 65.8147211676749, 0.0, 54.534639418761536, 68.83444169834854, 68.36425755633049, 82.55470003326667, 36.351318162036634, 42.969078203257126, 56.39247370594154, 66.21085723606781, 81.59840350508937, 47.99517373727368, 34.49926657930648, 52.07487822408468, 43.02734124547677, 104.14059723319089, 95.51753414883868, 83.05824699853697, 78.6407105400414, 53.16608834543031, 67.37268351177136, 60.35527835448124, 65.03898339597374, 47.90763033076341, 35.82567137634334, 83.77751251010983, 78.2236663751478, 64.7036077430334, 58.34194894162689, 40.63146211314921, 78.97551763471478, 8.282733777209453, 59.86238691225266, 84.07119804539806, 76.69673808991935, 96.60546342982605, 41.583632290595936, 36.99069830702144], [91.32354285298129, 89.82906780037487, 77.49861651126439, 87.33079148437994, 33.2882121111249, 83.84714531534956, 13.832155229115147, 85.17013277122638, 70.24678165444175, 94.89967908215564, 67.7933717360708, 51.697244465036334, 46.7433003370455, 58.48241253193864, 53.67597817695133, 71.6228510064524, 54.534639418761536, 0.0, 74.00103110348834, 74.08794840667501, 28.213338216913684, 51.02693512185787, 52.224302629567, 55.145064791717715, 19.54435956767515, 27.07964890638423, 62.19010756189317, 69.96011986532442, 80.48319969639478, 52.203897986779175, 77.58575081118573, 76.53012067168014, 39.10885667333877, 100.4107906772992, 23.191964289904483, 30.441056604490456, 33.05028353853042, 10.811153957622546, 77.5375739962301, 20.320335528075407, 38.625140042381986, 90.31715645961532, 75.31188519263816, 39.04718485613719, 71.48774646770944, 97.29847707493417, 61.388965516930725, 92.37047938850087, 107.86993062083023, 84.31073607340709, 75.57042966400385, 67.79226739394774, 20.56552095859714], [37.86752154232479, 33.29859376903579, 12.205497129028036, 39.261974912400504, 60.674532005589576, 11.587391224420863, 72.30792890595598, 54.42252966704204, 3.9478889521238494, 22.489611600606814, 31.93225648980943, 41.601760314432525, 31.59756461326027, 16.435002867218078, 37.11280035542274, 3.0425123408162156, 68.83444169834854, 74.00103110348834, 0.0, 0.7604984212382437, 87.40529117204382, 33.211462676260865, 27.296008718415575, 18.87400312281436, 65.18722989230626, 88.89311602878716, 20.909125067051413, 41.89433079124723, 31.155769803340338, 27.260562613003742, 51.98055673440491, 38.264797254758136, 65.17209180296015, 31.543011909910348, 51.501723388761086, 53.621468643002075, 44.61738201588861, 81.67553067350678, 32.87075752297069, 73.60493751622812, 67.25349212059116, 16.944396787736263, 7.281294737630202, 36.856370594139165, 35.55201226618901, 26.40102153441179, 66.5721893505784, 39.56449548626891, 39.04900171523453, 10.313569535036663, 41.11459337559, 31.041193397846378, 58.990814335217536], [37.11556922473491, 33.99580969416731, 11.449297844662405, 40.00538268537363, 60.41810696327135, 11.961460307745524, 72.53441593747283, 55.18248392265008, 4.311427393133998, 22.10790021945088, 32.65861778358361, 41.156074703695815, 31.981638188521035, 16.310476496516323, 36.655764722358626, 2.722496359300935, 68.36425755633049, 74.08794840667501, 0.7604984212382437, 0.0, 87.71769823204393, 32.84068594913343, 26.997283344332583, 18.94367571058172, 65.45989744510852, 89.18446648259477, 20.40456763743279, 41.22701858083688, 30.399384568708715, 26.963496592435423, 52.72961071605122, 39.02272435025497, 65.64419598365053, 31.00424615831965, 51.658630632804865, 53.97039434753839, 44.900465333392305, 81.83552989141015, 32.12929178196528, 73.48256037607796, 67.71961083205485, 16.654477253227213, 6.521028413617774, 37.11726060348332, 34.86036187313152, 25.931104880811002, 66.0348679776564, 38.812471746765375, 38.53484839423367, 10.280617343695498, 41.86858311610897, 30.384511826390906, 58.91691663169395], [112.40171135806094, 93.40909490136997, 94.09160884337084, 88.22998178108978, 60.83194641105547, 94.99859904516845, 17.939983385353788, 79.9977629844162, 83.45743179371497, 109.76372367997661, 70.45148121729893, 75.96377367785624, 56.05293776353371, 74.4952299910019, 76.91009593792744, 85.72335042264073, 82.55470003326667, 28.213338216913684, 87.40529117204382, 87.71769823204393, 0.0, 72.88528602383131, 72.00882276617948, 69.95665171965965, 22.646616418360953, 3.04589582853697, 81.31507847198586, 93.9948920527205, 101.51815898737759, 71.96680301514319, 72.4813705508686, 76.69883550266685, 28.92728376820809, 117.31388028825114, 38.77683465201008, 33.963767783124624, 42.8835575076814, 18.769512111778177, 99.2425969498446, 48.35027832892454, 27.051045828240966, 104.34929893628858, 90.76349918436514, 50.74664840187917, 94.19556368476955, 113.13273781190131, 89.11542808684999, 113.674300666168, 124.98715071216647, 97.19197706023931, 74.59419746781904, 89.6933133097436, 46.758895668380475], [40.31908729656775, 63.17411545036725, 30.399833418615216, 66.26369171299427, 28.49486792828484, 44.79406040526552, 55.16495854232502, 75.74932943368349, 31.02972864768476, 48.366573341859294, 50.74699044962505, 9.403528848907635, 32.186687267963094, 18.46736235215834, 6.098919146180995, 30.170646387780597, 36.351318162036634, 51.02693512185787, 33.211462676260865, 32.84068594913343, 72.88528602383131, 0.0, 6.675325163851793, 20.4500175125121, 50.94537985102331, 73.3085455851767, 13.59292214565191, 22.226107861182715, 29.457787286545095, 6.738557387846671, 70.50187144094313, 60.34165280718471, 60.98634282368157, 51.26226631052793, 34.39975302979539, 44.97781892150991, 35.140718698649145, 60.986785927216744, 26.642132612698852, 43.958864811707585, 62.46613092597182, 45.40749090454162, 30.42829203262635, 29.38987201101621, 21.32825342373245, 49.40408317984045, 35.67028388245564, 41.41040472900473, 58.30076195313152, 42.130284192743616, 61.84287860596446, 16.929243793503687, 31.592106470100465], [40.39373454111442, 56.547579821978786, 26.240365060078847, 59.59028388538249, 33.48866190859905, 38.863831580591615, 54.68093122403317, 69.3149544969714, 24.81009888320738, 44.249062434858885, 44.27213711991075, 16.06089224670187, 26.832173518251803, 11.891969577939257, 12.358045443845269, 24.284449123946256, 42.969078203257126, 52.224302629567, 27.296008718415575, 26.997283344332583, 72.00882276617948, 6.675325163851793, 0.0, 13.83147707729182, 49.58809367679627, 72.70519228736178, 9.983706081924593, 26.290335819450792, 29.523991621093682, 0.07305765248623236, 64.23303360353458, 53.78662173468051, 57.627036942833584, 48.41636103964746, 33.23423994201627, 42.080730823593676, 31.96027661546329, 61.621959139750885, 27.506257397729637, 47.63651986229315, 59.25487245650848, 40.71242406391362, 25.412786787765317, 25.31626698529336, 23.720884886579988, 45.86473681401166, 42.324438893336655, 41.68166670733094, 55.75994238766512, 36.69376538602783, 55.36467382030944, 18.470966274394, 34.07069015477564], [45.85263475004585, 43.457474060340914, 24.192797597197796, 45.9190460538955, 44.13350884113831, 29.353783980768966, 54.077746674496765, 55.614202689741994, 15.215575707040552, 40.24120029621371, 30.550262827613963, 29.853136826184443, 16.71122932603815, 5.16226780491059, 26.165651400837262, 16.498506696037364, 56.39247370594154, 55.145064791717715, 18.87400312281436, 18.94367571058172, 69.95665171965965, 20.4500175125121, 13.83147707729182, 0.0, 47.40629459204777, 71.20673423522834, 15.80130028274024, 38.21649545595118, 35.92165634193375, 13.763348563014432, 50.784927407165625, 39.9720685525871, 50.6378239962301, 47.36142733475993, 32.873937304544434, 36.96105162618386, 27.181843682204573, 63.02685927761684, 35.37514860489138, 55.44429596997505, 52.54277517231967, 35.30279876304359, 20.864773600234898, 19.32153889934962, 34.01021274833943, 43.272489286048405, 56.11759112655335, 47.40300500160044, 55.037578588281846, 29.187330758553493, 41.62317016339382, 28.44879755830092, 40.54059432593552], [89.95897388466803, 74.78609868730976, 71.4905228339337, 71.00710417233265, 44.01629750536079, 73.37510254344923, 8.362399918293091, 66.72591831486817, 61.24553822370995, 87.4085366543832, 51.94618257047853, 55.01042091826788, 34.34309002350811, 51.87703370949176, 55.411902462739256, 63.371350133133866, 66.21085723606781, 19.54435956767515, 65.18722989230626, 65.45989744510852, 22.646616418360953, 50.94537985102331, 49.58809367679627, 47.40629459204777, 0.0, 23.80113650318798, 58.74505130167327, 72.6051092574219, 79.10972080682163, 49.54295332712658, 59.06820583338393, 59.742278975946384, 19.732809088912287, 94.73386172402566, 16.5459928612728, 13.241415988215861, 20.580463826758344, 19.94045250545414, 76.98313223882171, 37.11626378945939, 19.507404685389123, 82.11434737842215, 68.25389309396328, 28.34914837082943, 72.25809170385443, 90.65194983722625, 71.65961900844142, 91.26593522316305, 102.40153621429005, 75.15061788225893, 58.31878533081421, 67.55345021165368, 29.240588162628114], [113.06766676489379, 95.73742993042531, 95.27048009785433, 90.71793825383178, 60.086826224834674, 96.729526079534, 18.14450720290049, 82.78933478023646, 84.94666352307912, 111.17749205550716, 72.7514634733204, 76.02257428839516, 57.70680273328977, 75.64738948741214, 77.14519949118302, 87.13416042427329, 81.59840350508937, 27.07964890638423, 88.89311602878716, 89.18446648259477, 3.04589582853697, 73.3085455851767, 72.70519228736178, 71.20673423522834, 23.80113650318798, 0.0, 82.14320601006334, 94.14973860343105, 102.16466758112281, 72.66565696220643, 75.24914506227219, 79.192320554228, 31.640237046915157, 118.52260509396827, 39.5031503278265, 35.71370813264231, 44.28675827429627, 17.06924421564451, 99.7864451036867, 46.95022925378669, 29.816500490361335, 105.83383027055218, 92.05476253362669, 52.111392827054104, 94.57292187906658, 114.45127438744132, 88.32817370123941, 114.31034864956014, 126.18694657717202, 98.76805113076317, 77.14880593984934, 90.18008086956803, 46.29042276584131], [31.45413939549838, 53.09936577657633, 16.8210812689752, 57.59861850368249, 42.084846153958836, 32.25787206317499, 64.2325343674853, 69.76339155530515, 19.648082571884643, 34.82757111982762, 44.93788431911288, 20.925163421359688, 32.081374024231664, 11.0458299510413, 16.380490354847698, 17.929237001834903, 47.99517373727368, 62.19010756189317, 20.909125067051413, 20.40456763743279, 81.31507847198586, 13.59292214565191, 9.983706081924593, 15.80130028274024, 58.74505130167327, 82.14320601006334, 0.0, 23.199879577885604, 20.881718273949126, 9.99978733274166, 65.58560534100891, 53.64210606532656, 65.06076729667454, 38.463387061685175, 42.648431190183686, 50.1974083979974, 40.03313877083116, 71.49637121578866, 19.774889031679706, 57.161818369428076, 66.83331394673189, 31.828548570849357, 17.04140485552768, 32.68956548322838, 18.332236653088582, 36.10820670618017, 45.70042654055247, 32.870657469556505, 45.78057709644365, 28.948401212204626, 55.75223953708841, 12.815329757136077, 43.95037532122404], [25.544813103101163, 75.13282114154411, 32.54861661992179, 80.35497622419882, 40.39331485237108, 51.929544706257964, 76.08492537763252, 92.96325561524341, 41.76349558578318, 46.656542503456315, 68.10744220251992, 18.277809081208765, 53.05591537086012, 33.99862996377849, 17.194909038798958, 39.289227710069454, 34.49926657930648, 69.96011986532442, 41.89433079124723, 41.22701858083688, 93.9948920527205, 22.226107861182715, 26.290335819450792, 38.21649545595118, 72.6051092574219, 94.14973860343105, 23.199879577885604, 0.0, 17.731990492926293, 26.360481217477645, 88.70568776270966, 76.83113247032959, 83.2024227660382, 44.37523869406258, 56.14097103757129, 67.19989209753031, 57.35483831231135, 80.49407147644907, 13.57799513383974, 58.128829802252085, 84.69155885162864, 46.48918768396345, 35.75580505167371, 51.33825737591209, 6.917131867288981, 45.30644753230429, 28.913960950357463, 25.868018948065505, 49.584318249565406, 47.01535090421717, 78.95066583290652, 10.895344584607928, 49.45445967956199], [10.916826497507433, 63.669568194068795, 19.369082800230526, 70.30948460381562, 54.76075222788578, 38.80539707673509, 84.08583708670838, 85.38180392588966, 32.58784941081656, 29.706029284299234, 61.786146707158984, 30.990500054314307, 52.585521222355936, 30.786728987113676, 27.60595945017331, 29.404377105481498, 52.07487822408468, 80.48319969639478, 31.155769803340338, 30.399384568708715, 101.51815898737759, 29.457787286545095, 29.523991621093682, 35.92165634193375, 79.10972080682163, 102.16466758112281, 20.881718273949126, 17.731990492926293, 0.0, 29.56829879928966, 82.38642233760356, 69.1242209102195, 85.92706632120955, 26.64424577760405, 62.74172137754139, 71.03995996882634, 60.86819716280078, 90.4056232667936, 4.169611528908394, 71.88354513985912, 87.71011130615732, 30.602763619022767, 23.949871111442818, 53.57119264558187, 11.526664153835693, 27.811647840217017, 46.64084441705589, 12.157965207443993, 32.079370034335305, 33.03860832127452, 71.7819406068256, 12.955791728964144, 60.80183185190518], [40.43630445254175, 56.48967092787452, 26.236859839038125, 59.526253332210494, 33.51628227799194, 38.82705023016085, 54.643458719956044, 69.24408657870026, 24.76738470836872, 44.243337797582015, 44.20161382034031, 16.126020913375484, 26.76034616329103, 11.838304906713452, 12.428214812497815, 24.25009223382483, 43.02734124547677, 52.203897986779175, 27.260562613003742, 26.963496592435423, 71.96680301514319, 6.738557387846671, 0.07305765248623236, 13.763348563014432, 49.54295332712658, 72.66565696220643, 9.99978733274166, 26.360481217477645, 29.56829879928966, 0.0, 64.1609001895891, 53.71741325921223, 57.565364185772424, 48.4272192591509, 33.19276171298105, 42.02325713041378, 31.901558147272848, 61.59503508357216, 27.557621936437897, 47.64501664444634, 59.1941927165932, 40.69825805772058, 25.395528044941322, 25.251752613439024, 23.783517671307337, 45.866920526050535, 42.39010018998287, 41.72581807209689, 55.77390423396279, 36.66717908875725, 55.29425855465224, 18.530061011365177, 34.066815425099904], [89.84043538498393, 30.576175478327347, 64.16047892470833, 21.61783499671365, 86.4914066027401, 49.67590721715163, 67.15829934589142, 7.67296892138386, 49.89021843396431, 68.85822230730922, 20.727929136070465, 79.67079893949436, 39.990446756445714, 54.71066133064254, 76.51171069526211, 53.17358485881761, 104.14059723319089, 77.58575081118573, 51.98055673440491, 52.72961071605122, 72.4813705508686, 70.50187144094313, 64.23303360353458, 50.784927407165625, 59.06820583338393, 75.24914506227219, 65.58560534100891, 88.70568776270966, 82.38642233760356, 64.1609001895891, 0.0, 14.314573856153276, 43.629434397814684, 80.02129793050155, 58.22829623527788, 47.16311467844406, 47.68888004222561, 78.7689925482976, 83.2738383956693, 89.75851192450193, 45.43595632331811, 62.9653872133195, 59.1885723330138, 46.6009559345788, 83.77278804401676, 73.92824985179965, 105.4488557552659, 91.5368799373436, 86.41671829490019, 55.48868064846785, 11.044917353680388, 78.35259945850713, 75.79890654092048], [76.09151966286645, 18.295320218163972, 50.46845268178177, 11.532023851838748, 79.80989354089473, 35.3670710875624, 68.10093431519256, 16.28752815268037, 36.541628029613825, 54.543662660543106, 9.982104648506525, 69.71686966093412, 33.060052901981045, 43.1883374301207, 66.1354249745553, 39.730329747003964, 95.51753414883868, 76.53012067168014, 38.264797254758136, 39.02272435025497, 76.69883550266685, 60.34165280718471, 53.78662173468051, 39.9720685525871, 59.742278975946384, 79.192320554228, 53.64210606532656, 76.83113247032959, 69.1242209102195, 53.71741325921223, 14.314573856153276, 0.0, 48.148483684414686, 65.71148749931452, 54.89556022495803, 46.717630320322336, 44.15289663055557, 79.65412203675777, 70.31649355562986, 85.74696364426362, 50.2297172354615, 48.65523204038581, 45.53519726821665, 40.78358522585685, 71.45731111007316, 59.61466762744157, 95.91586920467621, 77.7883029016827, 72.1087461444683, 41.2173653691914, 3.4506475306729163, 66.18893921423975, 70.97487170335386], [96.27534460273057, 65.44632287761424, 74.1741444414091, 59.66182372642175, 61.28692343221959, 70.69057325683319, 26.100099411398276, 51.20191543520754, 61.354289798300464, 87.53184528419911, 42.83761511324256, 67.23950356903468, 34.22185519552358, 55.74731814467308, 66.44798066801134, 64.17943988567049, 83.05824699853697, 39.10885667333877, 65.17209180296015, 65.64419598365053, 28.92728376820809, 60.98634282368157, 57.627036942833584, 50.6378239962301, 19.732809088912287, 31.640237046915157, 65.06076729667454, 83.2024227660382, 85.92706632120955, 57.565364185772424, 43.629434397814684, 48.148483684414686, 0.0, 96.5337758933585, 29.97305195529919, 16.29782809865022, 25.847584463610612, 36.99167514834782, 84.65602979441475, 56.601907931031775, 2.1820271029028024, 81.68652230805573, 70.02486678538608, 32.44663295696358, 81.34313256973846, 91.57169719280012, 87.55872217405812, 97.77083280323114, 104.13404407691185, 73.99035188175993, 45.86452715958124, 76.06912160839592, 46.91932831926439], [22.216647936810823, 53.70131619760576, 23.26648843924488, 62.42384153142192, 79.089223527551, 30.345407886615444, 101.14346266450615, 80.61874536477299, 35.23938842219714, 11.311819227881156, 61.72547386822194, 55.6369580495896, 62.53696965870599, 42.89360079291308, 51.54949597936415, 32.35467814302534, 78.6407105400414, 100.4107906772992, 31.543011909910348, 31.00424615831965, 117.31388028825114, 51.26226631052793, 48.41636103964746, 47.36142733475993, 94.73386172402566, 118.52260509396827, 38.463387061685175, 44.37523869406258, 26.64424577760405, 48.4272192591509, 80.02129793050155, 65.71148749931452, 96.5337758933585, 0.0, 79.6093824139426, 84.11543319920048, 74.5192343161443, 109.32480426033288, 30.806919923345713, 95.21584155447948, 98.58455395885555, 17.0562593225569, 26.690389397868618, 66.64514240080271, 38.00939341456654, 6.172169490492166, 73.27608760011644, 23.21784303743921, 7.679140158237577, 24.704187073542126, 69.0029051876897, 37.81263752235841, 82.39815333730883], [73.62545381544297, 67.02406913782173, 56.367288176547135, 65.19126341675832, 31.736315924739365, 60.908720309279566, 21.627729124488933, 65.4895386781037, 47.65215775228367, 73.09019387524886, 45.620053112651505, 38.787625485151956, 23.66069627242647, 36.81679686695348, 38.94830548702599, 49.322903958909585, 53.16608834543031, 23.191964289904483, 51.501723388761086, 51.658630632804865, 38.77683465201008, 34.39975302979539, 33.23423994201627, 32.873937304544434, 16.5459928612728, 39.5031503278265, 42.648431190183686, 56.14097103757129, 62.74172137754139, 33.19276171298105, 58.22829623527788, 54.89556022495803, 29.97305195529919, 79.6093824139426, 0.0, 14.291865597886574, 10.76726892239644, 30.17705554506347, 60.51258496087832, 31.532254197122068, 30.85357093499048, 68.1618021176147, 53.59128219534361, 15.861073919305854, 55.71277726382235, 75.93067289723601, 57.59750695047595, 74.89836188988585, 87.22561727684327, 61.753076249630894, 54.402499912387576, 51.03537041692036, 18.3115972170309], [81.640818530495, 61.54481607459169, 61.109057844936046, 57.88673697354324, 46.02634974460951, 61.04118911419082, 21.5618176890664, 54.73296876422035, 49.67997402309474, 76.0721119482698, 38.72525527243273, 50.97074377933802, 22.114899213738628, 41.83921557113074, 50.302859644782004, 52.097656815712654, 67.37268351177136, 30.441056604490456, 53.621468643002075, 53.97039434753839, 33.963767783124624, 44.97781892150991, 42.080730823593676, 36.96105162618386, 13.241415988215861, 35.71370813264231, 50.1974083979974, 67.19989209753031, 71.03995996882634, 42.02325713041378, 47.16311467844406, 46.717630320322336, 16.29782809865022, 84.11543319920048, 14.291865597886574, 0.0, 10.173341220951276, 32.98625095199292, 69.45246482049244, 44.134055282044734, 17.572421691826126, 70.54390367243681, 57.431307629948826, 17.730145618054873, 65.68642809989564, 79.64361788258067, 71.53358938322522, 83.06788709747161, 91.79100956376315, 63.28167583070599, 45.463774330010054, 60.54378309323061, 32.296878376775474], [71.48231840059712, 56.778820450336546, 51.37397234962829, 54.563852407244276, 40.169447089480535, 52.91559737100741, 28.025994852707814, 54.859318530682955, 40.67332344420123, 66.8986720527225, 34.979576000745716, 41.68819272312259, 14.118296142512435, 31.92078980212644, 40.657515087225725, 42.854327172071805, 60.35527835448124, 33.05028353853042, 44.61738201588861, 44.900465333392305, 42.8835575076814, 35.140718698649145, 31.96027661546329, 27.181843682204573, 20.580463826758344, 44.28675827429627, 40.03313877083116, 57.35483831231135, 60.86819716280078, 31.901558147272848, 47.68888004222561, 44.15289663055557, 25.847584463610612, 74.5192343161443, 10.76726892239644, 10.173341220951276, 0.0, 38.38761369168585, 59.287997488303716, 42.138673964078315, 27.368738884872403, 61.552706581255684, 47.90504047429576, 7.875718269375441, 55.61972448270797, 70.2540700297065, 63.73422157796086, 72.90353897524227, 82.19796541468625, 54.57202872023383, 43.6352545618086, 50.43096704667218, 28.19238860075515], [101.29442192570416, 94.35392563133524, 86.19120989146356, 90.8701115441813, 44.0508782657455, 90.88995250212574, 11.641222243008894, 86.4402926876349, 77.81713924393904, 103.19139124167282, 71.66914489115838, 62.216326719404385, 52.501602461750885, 66.80436879085286, 63.98834700395994, 79.49471939978774, 65.03898339597374, 10.811153957622546, 81.67553067350678, 81.83552989141015, 18.769512111778177, 60.986785927216744, 61.621959139750885, 63.02685927761684, 19.94045250545414, 17.06924421564451, 71.49637121578866, 80.49407147644907, 90.4056232667936, 61.59503508357216, 78.768992548297