instance_id,num_cities,city_coordinates,distance_matrix,best_route,total_distance
2036,25,"[[75.9328174501548, 7.6715914777259915], [57.49217202671356, 87.43946367540141], [56.90852995994178, 42.06588046994572], [84.47527107175041, 47.79865265353423], [13.078246177192554, 23.581934537992687], [63.033350967014826, 75.71810510459001], [79.04851754454447, 10.81618884887382], [56.38202309195353, 75.0803410003964], [24.006929840886926, 9.19834236716971], [14.123710185449934, 93.55245074091202], [6.805437148918337, 99.00299543243983], [5.30652968948252, 94.87862921035462], [19.946660848229524, 91.49884358691465], [78.17487280048213, 59.33168069245871], [66.30149221358845, 43.79573870908805], [73.42130612663152, 94.58682949558813], [18.96337043444014, 53.61919475159277], [45.18934658244258, 47.21091812550693], [27.77268236867103, 66.31201658953397], [24.86170998694267, 54.86878315248408], [61.867970916050055, 61.774162696619705], [95.54030654865271, 77.94682707791272], [61.653065075423626, 53.272807244672], [18.961218106755297, 65.39386951675132], [41.6208129907107, 63.31907856551777]]","[[0.0, 81.87167299242006, 39.30509674063407, 41.02626661645158, 64.83699673954114, 69.25838759544321, 4.426745949883459, 70.18670153417094, 51.94832790657208, 105.8106220029112, 114.54265605289103, 112.21916036467836, 100.80405709708698, 51.70871908941543, 37.38604604669559, 86.95151688630747, 73.18948107405171, 50.085121071569645, 75.88213273465844, 69.54015328932499, 55.90087763643237, 72.95931994892403, 47.78474868938003, 81.10255553161926, 65.37550358667124], [81.87167299242006, 0.0, 45.37733675486604, 47.95290953159834, 77.78419400432041, 12.965142143222812, 79.59775296593294, 12.408881656022507, 85.10543171744617, 43.797169923868815, 51.98904076118291, 52.7132094451271, 37.764321454511354, 34.89730040437871, 44.523913249961375, 17.459156661784743, 51.26674499337273, 42.067747633693635, 36.46391484605878, 46.10418942628615, 26.03565421208716, 39.21441941647943, 34.41908544134064, 44.39192079410232, 28.873742665245295], [39.30509674063407, 45.37733675486604, 0.0, 28.15652486430821, 47.56837219930584, 34.20505306572763, 38.297810337647924, 33.018658567523985, 46.505809866420165, 66.9433172273596, 75.84296255739422, 73.83734056309206, 61.723557988461415, 27.392794584253934, 9.550924009013979, 55.05562517386689, 39.665024925068145, 12.798854304686662, 37.90478507512422, 34.509607176558276, 20.32270756871136, 52.724344395012174, 12.169873507810884, 44.54428751086799, 26.180388068570405], [41.02626661645158, 47.95290953159834, 28.15652486430821, 0.0, 75.3922051679198, 35.20300786786022, 37.37850027633612, 39.1601979196949, 71.73844328821029, 83.92110675246948, 93.02949973540639, 92.1097921213764, 77.93361421744142, 13.141756127824717, 18.60939434887704, 48.07622731882386, 65.76996149784556, 39.29032062550562, 59.648371393168496, 60.03135356198696, 26.578278749654054, 32.114598412993665, 23.469543136295794, 67.83570440677848, 45.57837423503563], [64.83699673954114, 77.78419400432041, 47.56837219930584, 75.3922051679198, 0.0, 72.20590540884764, 67.19405455307269, 67.28523584896118, 18.064436065309657, 69.97832616385989, 75.6814677417735, 71.71902291839554, 68.26332584084116, 74.26718755844152, 56.93251968530923, 93.18250904542518, 30.6083597839343, 39.86792739301939, 45.18613025162569, 33.43227356285828, 61.96033837717565, 98.77010145577148, 56.93031664306972, 42.22377606742395, 48.925644970387665], [69.25838759544321, 12.965142143222812, 34.20505306572763, 35.20300786786022, 72.20590540884764, 0.0, 66.84866710840254, 6.681833996304108, 77.12289141724764, 52.05974304256134, 60.85856069539667, 60.82361037307588, 45.885668486355875, 22.310997029444017, 32.08922285590956, 21.539228689571377, 49.30035520086362, 33.631357420375366, 36.493687826188484, 43.49446402674816, 13.992556611998372, 32.58326814211475, 22.487698529706538, 45.26524864977064, 24.74333529868769], [4.426745949883459, 79.59775296593294, 38.297810337647924, 37.37850027633612, 67.19405455307269, 66.84866710840254, 0.0, 68.14434108950925, 55.0653593848055, 105.16900514164556, 113.99989263352919, 111.822961203608, 100.01360027781045, 48.523357303094556, 35.35728162303192, 83.95942914707575, 73.7720964698108, 49.70935301691482, 75.55791268692091, 69.83438392484784, 53.77626131595078, 69.12670752751157, 45.88209032086345, 81.17392919411594, 64.47779847953205], [70.18670153417094, 12.408881656022507, 33.018658567523985, 39.1601979196949, 67.28523584896118, 6.681833996304108, 68.14434108950925, 0.0, 73.40697791711453, 46.119235119086916, 55.04662813326645, 54.77844687785909, 39.96376920430422, 26.88770350761343, 32.81954003608833, 25.90058415844926, 43.136253488407775, 30.032994170178416, 29.922865664822215, 37.44378732016067, 14.392706645402285, 39.26306032020168, 22.435516755772834, 38.654163754293094, 18.873807716386235], [51.94832790657208, 85.10543171744617, 46.505809866420165, 71.73844328821029, 18.064436065309657, 77.12289141724764, 55.0653593848055, 73.40697791711453, 0.0, 84.93111108590702, 91.43723018008244, 87.69730052489125, 82.40059638931002, 73.80730083204406, 54.64256436092768, 98.65583772787718, 44.70625927143829, 43.516096961886, 57.23768579597596, 45.6784392314689, 64.78946916443904, 99.21380011489526, 57.96369512319939, 56.42159585232695, 56.91487473645908], [105.8106220029112, 43.797169923868815, 66.9433172273596, 83.92110675246948, 69.97832616385989, 52.05974304256134, 105.16900514164556, 46.119235119086916, 84.93111108590702, 0.0, 9.12499631077007, 8.916356948400017, 6.174468136132413, 72.61964290084617, 72.0988996420458, 59.30661703226512, 40.22545518989384, 55.79078248147097, 30.468601779765134, 40.14636693187627, 57.35306464119887, 82.89871924993682, 62.30159914834656, 28.571089924018434, 40.867437597419574], [114.54265605289103, 51.98904076118291, 75.84296255739422, 93.02949973540639, 75.6814677417735, 60.85856069539667, 113.99989263352919, 55.04662813326645, 91.43723018008244, 9.12499631077007, 0.0, 4.38829355283233, 15.132879938598505, 81.654207230377, 81.16416551148868, 66.7620889520217, 46.98408992429302, 64.46505856018673, 38.83716608884537, 47.68498382482029, 66.46704906740025, 91.19889951727546, 71.41087032695388, 35.73984269007793, 49.85431092664569], [112.21916036467836, 52.7132094451271, 73.83734056309206, 92.1097921213764, 71.71902291839554, 60.82361037307588, 111.822961203608, 54.77844687785909, 87.69730052489125, 8.916356948400017, 4.38829355283233, 0.0, 15.025191885820506, 81.07638976099211, 79.56033657094142, 68.11540146072933, 43.46090462691727, 62.151828318931145, 36.342528432026285, 44.53305354498693, 65.53703027133172, 91.80860749255858, 70.0426760728, 32.49310034395513, 48.11166603419467], [100.80405709708698, 37.764321454511354, 61.723557988461415, 77.93361421744142, 68.26332584084116, 45.885668486355875, 100.01360027781045, 39.96376920430422, 82.40059638931002, 6.174468136132413, 15.132879938598505, 15.025191885820506, 0.0, 66.52256035237156, 66.51583725621882, 53.563731615927274, 37.892408948563194, 50.976597814599685, 26.37466335395388, 36.95834189281224, 51.390202294135946, 76.79880481974553, 56.574322868246234, 26.12356730235409, 35.55092161613485], [51.70871908941543, 34.89730040437871, 27.392794584253934, 13.141756127824717, 74.26718755844152, 22.310997029444017, 48.523357303094556, 26.88770350761343, 73.80730083204406, 72.61964290084617, 81.654207230377, 81.07638976099211, 66.52256035237156, 0.0, 19.55358432287756, 35.574174807766674, 59.48642288849102, 35.141966721932256, 50.8832574582303, 53.49963349066308, 16.48880733737722, 25.457454001018693, 17.59772934102857, 59.52316385684902, 36.7708937935213], [37.38604604669559, 44.523913249961375, 9.550924009013979, 18.60939434887704, 56.93251968530923, 32.08922285590956, 35.35728162303192, 32.81954003608833, 54.64256436092768, 72.0988996420458, 81.16416551148868, 79.56033657094142, 66.51583725621882, 19.55358432287756, 0.0, 51.28768520257914, 48.346644787373805, 21.386587937233994, 44.62568719532803, 42.8936809359753, 18.517014882836275, 44.95781467660134, 10.55569528202584, 52.03441944420088, 31.46898037833839], [86.95151688630747, 17.459156661784743, 55.05562517386689, 48.07622731882386, 93.18250904542518, 21.539228689571377, 83.95942914707575, 25.90058415844926, 98.65583772787718, 59.30661703226512, 66.7620889520217, 68.11540146072933, 53.563731615927274, 35.574174807766674, 51.28768520257914, 0.0, 68.14700181499013, 55.14998202946679, 53.69601378005822, 62.734022528151705, 34.787219735819455, 27.679231566819503, 42.957419987570574, 61.79101956966428, 44.597574058603946], [73.18948107405171, 51.26674499337273, 39.665024925068145, 65.76996149784556, 30.6083597839343, 49.30035520086362, 73.7720964698108, 43.136253488407775, 44.70625927143829, 40.22545518989384, 46.98408992429302, 43.46090462691727, 37.892408948563194, 59.48642288849102, 48.346644787373805, 68.14700181499013, 0.0, 26.997552374836335, 15.450297827689267, 6.029252080337813, 43.67274029266974, 80.34837172740218, 42.691099925457124, 11.774674961873727, 24.646449017948697], [50.085121071569645, 42.067747633693635, 12.798854304686662, 39.29032062550562, 39.86792739301939, 33.631357420375366, 49.70935301691482, 30.032994170178416, 43.516096961886, 55.79078248147097, 64.46505856018673, 62.151828318931145, 50.976597814599685, 35.141966721932256, 21.386587937233994, 55.14998202946679, 26.997552374836335, 0.0, 25.84941304687065, 21.72223990131098, 22.141919566732444, 58.9908066451839, 17.544244820144808, 31.914486438504923, 16.498704941796163], [75.88213273465844, 36.46391484605878, 37.90478507512422, 59.648371393168496, 45.18613025162569, 36.493687826188484, 75.55791268692091, 29.922865664822215, 57.23768579597596, 30.468601779765134, 38.83716608884537, 36.342528432026285, 26.37466335395388, 50.8832574582303, 44.62568719532803, 53.69601378005822, 15.450297827689267, 25.84941304687065, 0.0, 11.807681893665748, 34.395941898463434, 68.75914268008093, 36.302910526501265, 8.859170191743555, 14.167865038200874], [69.54015328932499, 46.10418942628615, 34.509607176558276, 60.03135356198696, 33.43227356285828, 43.49446402674816, 69.83438392484784, 37.44378732016067, 45.6784392314689, 40.14636693187627, 47.68498382482029, 44.53305354498693, 36.95834189281224, 53.49963349066308, 42.8936809359753, 62.734022528151705, 6.029252080337813, 21.72223990131098, 11.807681893665748, 0.0, 37.645021113046894, 74.35092550437408, 36.825954819189825, 12.066202691959116, 18.768991077264776], [55.90087763643237, 26.03565421208716, 20.32270756871136, 26.578278749654054, 61.96033837717565, 13.992556611998372, 53.77626131595078, 14.392706645402285, 64.78946916443904, 57.35306464119887, 66.46704906740025, 65.53703027133172, 51.390202294135946, 16.48880733737722, 18.517014882836275, 34.787219735819455, 43.67274029266974, 22.141919566732444, 34.395941898463434, 37.645021113046894, 0.0, 37.35480237057326, 8.504071321472809, 43.059165274092706, 20.30601312654962], [72.95931994892403, 39.21441941647943, 52.724344395012174, 32.114598412993665, 98.77010145577148, 32.58326814211475, 69.12670752751157, 39.26306032020168, 99.21380011489526, 82.89871924993682, 91.19889951727546, 91.80860749255858, 76.79880481974553, 25.457454001018693, 44.95781467660134, 27.679231566819503, 80.34837172740218, 58.9908066451839, 68.75914268008093, 74.35092550437408, 37.35480237057326, 0.0, 41.91840156060454, 77.60111809841572, 55.86844200518592], [47.78474868938003, 34.41908544134064, 12.169873507810884, 23.469543136295794, 56.93031664306972, 22.487698529706538, 45.88209032086345, 22.435516755772834, 57.96369512319939, 62.30159914834656, 71.41087032695388, 70.0426760728, 56.574322868246234, 17.59772934102857, 10.55569528202584, 42.957419987570574, 42.691099925457124, 17.544244820144808, 36.302910526501265, 36.825954819189825, 8.504071321472809, 41.91840156060454, 0.0, 44.37920625923609, 22.4102363003502], [81.10255553161926, 44.39192079410232, 44.54428751086799, 67.83570440677848, 42.22377606742395, 45.26524864977064, 81.17392919411594, 38.654163754293094, 56.42159585232695, 28.571089924018434, 35.73984269007793, 32.49310034395513, 26.12356730235409, 59.52316385684902, 52.03441944420088, 61.79101956966428, 11.774674961873727, 31.914486438504923, 8.859170191743555, 12.066202691959116, 43.059165274092706, 77.60111809841572, 44.37920625923609, 0.0, 22.754384144518138], [65.37550358667124, 28.873742665245295, 26.180388068570405, 45.57837423503563, 48.925644970387665, 24.74333529868769, 64.47779847953205, 18.873807716386235, 56.91487473645908, 40.867437597419574, 49.85431092664569, 48.11166603419467, 35.55092161613485, 36.7708937935213, 31.46898037833839, 44.597574058603946, 24.646449017948697, 16.498704941796163, 14.167865038200874, 18.768991077264776, 20.30601312654962, 55.86844200518592, 22.4102363003502, 22.754384144518138, 0.0]]",Route_1,1119.0121595087364
