instance_id,num_cities,city_coordinates,distance_matrix,best_route,total_distance
1360,89,"[[12.845259106842011, 24.631264600658163], [89.84680030423793, 14.87559059887582], [29.667274399375355, 55.150930687911924], [26.324504074992696, 64.56484183775952], [38.67593795711649, 50.5958495603086], [8.390726538740845, 59.92451267290573], [63.741953690919864, 87.84848696473755], [22.869544554641465, 99.52400644434856], [9.008745334666024, 64.88999165511046], [6.235637388944715, 49.1000969063494], [55.828689482928695, 48.464132864777845], [79.45363391670361, 35.33424285938551], [30.181579200950925, 21.975618574224278], [10.46703178001489, 54.7538570088854], [87.80940530863012, 30.034190401416293], [5.4130866769584784, 45.7724784751626], [64.2702777775164, 17.216091636132326], [90.6737273771414, 45.053994953140865], [71.50069261456106, 12.13884546836972], [63.22395712216523, 72.59733361323832], [20.96541147979316, 10.081308975864257], [14.162674474818083, 79.70092977200927], [41.63443477491345, 99.29156461124077], [65.22623635518029, 38.71727721579725], [81.40588016180833, 32.00800052905741], [45.48041471768373, 69.95866906677051], [97.21863991275282, 84.3162602193404], [92.30498494012971, 53.57950337708828], [10.7304799967757, 20.11147602368608], [19.034801655749522, 52.249671904123794], [66.63443882332787, 37.13386976456108], [93.63900331321268, 20.54353454943837], [32.8006733420323, 58.924230906289424], [18.97556073084227, 60.77580928537268], [77.03614649591873, 94.85138802322109], [66.91058762729874, 42.39033861007924], [7.036503487959922, 54.3372623070293], [69.2478840150212, 70.58980877623121], [71.0583269825494, 64.45265001143336], [26.774707633562123, 99.55813445716642], [81.91577564474218, 86.72834016804887], [42.370023672507806, 89.36782085983661], [33.627976650360424, 9.82822229308411], [33.80976216560151, 69.77816202198517], [8.833139669210288, 64.61284336456947], [68.35125345807708, 70.21608172798601], [25.008954429323882, 6.438096383118397], [10.865381236867822, 31.50714411138068], [25.352273169972474, 69.4343926863406], [14.954886286265934, 45.92458145858739], [60.84405126497832, 13.323101947225203], [53.802647843987195, 84.85877356368962], [35.6747516616071, 48.87389910457494], [92.3976062369615, 63.11732303972283], [36.630047112715644, 83.51298857915087], [59.80938676907759, 62.05902334716505], [50.384080862442715, 51.7945608329997], [68.78598833456054, 88.83015246638922], [37.02541891343433, 78.09792607483692], [8.648903058238144, 57.3072604885811], [42.11640294347935, 77.47144955462664], [81.95886768508493, 65.95850518452094], [18.575768325131904, 74.54994541529933], [40.011346943425366, 44.07764087968017], [67.50387764946511, 5.804112746782309], [62.05408045914527, 91.44768353687314], [85.76784040302394, 64.34597202240731], [12.672004078630184, 85.08743737608248], [63.84529678732407, 54.44950607669041], [32.04641318567836, 69.15771444100865], [44.790958432649845, 95.60365997793322], [98.73136113902478, 43.75779240980736], [21.027736048035127, 18.16235176253569], [89.98216643143873, 89.84421719392822], [10.683973643678513, 82.25314491909798], [22.101289056903482, 7.209498258597047], [70.86651833332684, 33.75830221278776], [74.90093972139141, 12.556323617296062], [99.15928988393325, 8.948356107771815], [22.376295177813144, 80.7125087870352], [95.25268712570845, 88.49820661737603], [3.5055519766178933, 34.87851586189238], [2.010976362541872, 35.72841791094561], [26.401924058187042, 79.2652164609701], [80.50340203182355, 0.6515706136397847], [27.915868158991152, 39.41613544500574], [28.069144928972413, 41.19042765821517], [16.810360755876186, 13.288204222336908], [71.10147097295327, 12.898712525857924]]","[[0.0, 77.61707622684143, 34.848675965948736, 42.14713081412488, 36.6249046687213, 35.57325146636838, 81.1596619202813, 75.5606318105177, 40.441116972321446, 25.345825172160772, 49.14855945590649, 67.4627996633537, 17.53854184996913, 30.21632900618896, 75.15859779806672, 22.409554014193585, 51.95687957694384, 80.46339781758671, 59.970996454579755, 69.56117444551045, 16.662475303610087, 55.08542098719498, 80.01860429498429, 54.241889060806045, 68.95632670321142, 55.85362098716963, 103.34972709505023, 84.56860267119507, 4.990068082190882, 28.30347785952921, 55.22310196337096, 80.89708672045057, 39.67651818566236, 36.66072433090411, 95.13850827754815, 56.90733219627333, 30.268596623742262, 72.75605733731629, 70.53016381333036, 76.21066436367467, 92.88047722118236, 71.15148233842899, 25.51570908388586, 49.77703019739686, 40.182381000093386, 71.82542002279737, 21.88485443611326, 7.1552522964593805, 46.51607987607521, 21.397566909542242, 49.31286435846597, 72.83447348651366, 33.30001588586063, 88.3728047992488, 63.50412237928931, 60.0538625890249, 46.33581553188312, 85.15199580588603, 58.68018419762138, 32.9443487013207, 60.40600141935161, 80.52721095991744, 50.24652654835884, 33.40894908150018, 57.81026057644856, 82.9815758969585, 83.03590096153229, 60.45642103165517, 59.07733379337255, 48.490092321467706, 77.8306405665736, 87.99003686961761, 10.430712449319213, 101.00906720456095, 57.6623988946513, 19.72795055026772, 58.73473706249292, 63.21955153500094, 87.72722227327674, 56.88538123347862, 104.25915055884282, 13.864930136471136, 15.50898108114983, 56.29077953340057, 71.7819617157979, 21.111979137133467, 22.49383428168759, 12.016116254156957, 59.425911849774266], [77.61707622684143, 0.0, 72.41324711281455, 80.64802419722933, 62.40508035104089, 93.08328170687861, 77.50165559991386, 107.94122054569762, 95.0590944848383, 90.34458144259679, 47.806087848716125, 22.947208106334667, 60.08617982993141, 88.83368608150248, 15.294905241344512, 89.90923021210487, 25.683388593900393, 30.189731660838326, 18.549108907723024, 63.56552049431627, 69.04803301083305, 99.65145007211511, 97.21362485983882, 34.272411498304685, 19.09891627466487, 70.72850700753585, 69.83087151505545, 38.781897014555796, 79.28938538779767, 80.06972652635208, 32.15967532388994, 6.819559537682457, 72.07318027061098, 84.43673770425926, 80.99531483151674, 35.82082090184155, 91.73204888588363, 59.40024797426452, 53.01784180590589, 105.5898769208944, 72.28913315844801, 88.33536488061392, 56.44494715951188, 78.45025170272315, 95.06317647841318, 59.368581696269445, 65.3845361407424, 80.71352507563307, 84.47607303545576, 81.07304495750584, 29.044270912656394, 78.71992647649263, 63.95698425807969, 48.309122945885576, 86.85110950212474, 55.933197099706064, 54.039953635157445, 76.89496096518923, 82.3842341414163, 91.61629291125493, 78.7174211380439, 51.688331793245304, 92.95476653794125, 57.76099161441353, 24.1142676268259, 81.45993305480374, 49.63825694024118, 104.3343308807318, 47.35158890032411, 79.2933396942517, 92.45025728697273, 30.217825909128628, 68.89750651544882, 74.96874880599776, 103.95425893663166, 68.17787959398854, 26.773268414399045, 15.12473959755114, 11.038775787399025, 94.26966032891656, 73.8208182136589, 88.62803270889847, 90.2771974222928, 90.39511181771496, 17.018279461136785, 66.61590424008425, 67.14871073315297, 73.05368777419741, 18.849281648219385], [34.848675965948736, 72.41324711281455, 0.0, 9.98978661327649, 10.094789902500255, 21.805471190353312, 47.225141135816536, 44.89074496072047, 22.839092180738056, 24.200293437078017, 27.0024610786025, 53.58528445834666, 33.179298414365455, 19.204348053211326, 63.335282657363976, 26.004249421605312, 51.346079272638356, 61.836359984724815, 60.00061961763221, 37.820998537727974, 45.9019958121461, 29.03609949441836, 45.734106426245816, 39.17275509606044, 56.67873095419551, 21.66389906326263, 73.57855278135563, 62.65741907851401, 39.82920493071219, 11.02119681225474, 41.12402861908444, 72.73275718485257, 4.904689946556391, 12.081059572987352, 61.80563369411715, 39.368732394757885, 22.645393533321847, 42.48509873087435, 42.42335696661276, 44.50131109415516, 61.04947724479991, 36.4987042528036, 45.495439975491536, 15.202503129216172, 22.882066372060088, 41.5139616475508, 48.935060753509326, 30.208274200472072, 14.921009425313843, 17.36605551333465, 52.1685601956563, 38.276261307013385, 8.688550428836873, 63.23415168685877, 29.20422112783742, 30.92359426548899, 20.986931377196452, 51.6194126230308, 24.09786065146309, 21.12869357161469, 25.55751091141296, 53.396763898740346, 22.345990230651516, 15.153137760003984, 62.1829316325605, 48.645241022444566, 56.84911864816208, 34.42431765432805, 34.185219186606815, 14.207402734859942, 43.1873722950363, 69.99751193439543, 37.98416240807562, 69.58096240659505, 33.08920857038355, 48.534782142058326, 46.42221724351316, 62.131996829043864, 83.44949438995687, 26.581058160404957, 73.576403652253, 33.09692618663593, 33.79504140659661, 24.334364409111124, 74.52846517383631, 15.831967823206302, 14.051678285754432, 43.79255753627493, 59.17805830974603], [42.14713081412488, 80.64802419722933, 9.98978661327649, 0.0, 18.64646519295169, 18.5243901783018, 44.07032636774427, 35.12947388273633, 17.318811251264414, 25.351940764434254, 33.61145319706537, 60.6393630768983, 42.763523787435204, 18.64711374176676, 70.51779185658312, 28.114770110151763, 60.67772150912747, 67.2420678276987, 69.20529680801825, 37.76361422458959, 54.74646314198884, 19.416777723840394, 37.95180170456467, 46.70590295975343, 63.983637811687736, 19.900811157517776, 73.59413715960693, 66.8887248816287, 47.109185082655, 14.310945875638167, 48.758066699733206, 80.43082309080962, 8.588204705034, 8.268236568856745, 59.06729684751082, 46.2486623753506, 21.831865465479314, 43.34416652890811, 44.73396359513138, 34.99618852948969, 59.84655489648821, 29.54059016884798, 55.22171883269924, 9.121830738743146, 17.49143027091975, 42.40500178051489, 58.14163059305149, 36.49377834498459, 4.965657901989745, 21.834090676395622, 61.78442396924017, 34.159801666377454, 18.26561835216827, 66.08895626333218, 21.569341256414386, 33.57851240517411, 27.238636385321, 48.905857986844666, 17.25265044413215, 19.107573324298325, 20.395210041321082, 55.65181678817019, 12.639034740650457, 24.638487591609465, 71.75349532454271, 44.713418639269754, 59.443739264984934, 24.648888084055066, 38.860389901812646, 7.337214908984477, 36.11672975342882, 75.3371505685503, 46.703820365283235, 68.49339234616254, 23.61148572348112, 57.510616256242535, 54.1574917980384, 71.1656944573507, 91.64114528304508, 16.623342064714247, 72.96506265567902, 37.443057097589765, 37.718522965660256, 14.700578489179648, 83.78698719004392, 25.199005394593943, 23.43943279915832, 52.15182152370195, 68.36933291070781], [36.6249046687213, 62.40508035104089, 10.094789902500255, 18.64646519295169, 0.0, 31.689398639356362, 44.90060287293632, 51.41795997959305, 32.9312134049744, 32.47476523325691, 17.284707141755614, 43.54006346878916, 29.854174789721917, 28.513705715864795, 53.262364211032875, 33.610745066286945, 42.062791989105015, 52.29227722194016, 50.560910613326904, 32.96468633945909, 44.21640811816987, 38.052671137281735, 48.78550366392149, 29.08640276778858, 46.597812099119956, 20.523637183134024, 67.55970727645445, 53.71198069709051, 41.35511637673754, 19.710640871209073, 31.03067306242417, 62.642479124401504, 10.192186720294215, 22.175131180253043, 58.566699444161294, 29.402820476142363, 31.859880459119378, 36.52947153868246, 35.22257852197606, 50.38794127105573, 56.34927187436102, 38.947554836267734, 41.078964767309465, 19.78991607388264, 32.970725271994624, 35.57496114397197, 46.2243832236473, 33.73137620682113, 23.07402761703186, 24.176621725322175, 43.36684173719381, 37.45350869094931, 3.4600914080923864, 55.161625618407754, 32.98065661161086, 24.042192328393284, 11.769346583681592, 48.66700167922967, 27.55155940640253, 30.767935606189013, 27.094919715270922, 45.92845734035051, 31.27004201251798, 6.653597640745521, 53.26677945659842, 47.068140882065414, 49.058262746428106, 43.19576607967416, 25.46266467732708, 19.710236592808258, 45.421321799404204, 60.44346845732473, 36.9241223324515, 64.59693059397725, 42.25795091528235, 46.44453106061962, 36.32817729583009, 52.52862349986762, 73.43534279338705, 34.244583771914535, 68.09931877021384, 38.522598933672974, 39.564629817301615, 31.186279285542515, 65.14574238139878, 15.516607546768428, 14.176248428207815, 43.24307883358076, 49.72413228961641], [35.57325146636838, 93.08328170687861, 21.805471190353312, 18.5243901783018, 31.689398639356362, 0.0, 61.99602154576537, 42.16344480817605, 5.003791437983181, 11.036864859680135, 48.80267035358501, 75.19719525694185, 43.760253919042654, 5.571958672747636, 84.8572796114061, 14.461895141390228, 70.3315965558955, 83.6159346310622, 79.16020343754712, 56.278624421717346, 51.40493805220951, 20.601506164707992, 51.52580824797744, 60.66318497925924, 78.1699706337272, 38.42303038215171, 92.1159896149956, 84.1537991181567, 39.88172931903145, 13.122481317292115, 62.54393195878745, 93.9048993981569, 24.430433204348706, 10.619012232626776, 77.01999936921436, 61.09027256355638, 5.7490248496812635, 61.78464337571591, 62.83098099776418, 43.68975551124737, 78.25840539155713, 44.961105754812294, 56.09418065197004, 27.262094154599083, 4.709158529122588, 60.83733378493778, 56.008590642398595, 28.524914580704955, 19.44561343834061, 15.462414662551046, 70.16439806953159, 51.80694898180709, 29.4369510503682, 84.06753163183615, 36.79504616193903, 51.46294546274378, 42.77309813744104, 66.95613234989172, 33.914872284453935, 2.6299551539088593, 38.01731504049482, 73.8151776896773, 17.822411708094133, 35.36929431594697, 80.14600627855927, 62.2371742233327, 77.503335752376, 25.524539505959822, 55.724187375713726, 25.393769425364894, 50.97036819902521, 91.77577623778126, 43.63223685810336, 86.90426791814672, 22.446086524603825, 54.46881923876465, 67.73400276230282, 81.65386575055466, 104.10331709366062, 25.054678457311418, 91.44099836858831, 25.51797183868075, 25.023033669810395, 26.428508453981134, 93.34623520598862, 28.316509174202203, 27.169948319396145, 47.3902469527956, 78.38407585066743], [81.1596619202813, 77.50165559991386, 47.225141135816536, 44.07032636774427, 44.90060287293632, 61.99602154576537, 0.0, 42.50731212064708, 59.35332007437549, 69.34272958818254, 40.171471199054764, 54.81425662611676, 73.9292467559412, 62.71739660196212, 62.62375838675353, 71.92111802208845, 70.63437120975064, 50.56371209094984, 76.10616167692183, 15.259947542379944, 88.75565635999433, 50.24427943355303, 24.893501534446358, 49.153625160528996, 58.5676892470783, 25.56422089744657, 33.662518417016265, 44.611769638447576, 86.01464406979235, 57.14897266631847, 50.79703601590979, 73.64638616893245, 42.35534698433161, 52.31596138261119, 15.025850577301558, 45.56844843591776, 65.86736871000514, 18.115662879074645, 24.513149632147712, 38.77748219601393, 18.208309456272044, 21.425866801525192, 83.630217700507, 34.96387754590441, 59.62275564568214, 18.224910391454294, 90.15484971120843, 77.26757941729585, 42.57753443535803, 64.3256698281087, 74.58170586999691, 10.379218994667927, 48.02901548672212, 37.852039468507, 27.45636582937913, 26.087573982202013, 38.44890578435981, 5.13867226464, 28.440229749146784, 62.992148262169245, 23.98639928253022, 28.47854030334107, 47.08328267908742, 49.78984498475582, 82.13057538265366, 3.9753153348399732, 32.210369356294244, 51.14453194851644, 33.39914076972209, 36.79609035554163, 20.476399335419575, 56.287191970337716, 81.73531567360148, 26.315997108515457, 53.35219863605589, 90.75566897286183, 54.55737812472202, 76.11460326879508, 86.48478682551777, 41.976658856745644, 31.517431006116723, 80.21372656922887, 80.79118244021905, 38.31384013009149, 88.79329012726762, 60.2428508478138, 58.732646655990514, 88.10113607693926, 75.31023292397575], [75.5606318105177, 107.94122054569762, 44.89074496072047, 35.12947388273633, 51.41795997959305, 42.16344480817605, 42.50731212064708, 0.0, 37.3046476385669, 53.09668088207906, 60.77348043649948, 85.5691820577203, 77.89235079212894, 46.45630854467967, 95.11056749083144, 56.51508365611344, 92.13367219137767, 86.9734980329025, 100.00577443539726, 48.51313557608465, 89.46296358385149, 21.650957377085327, 18.766329800593343, 74.1049772941075, 89.35834399242468, 37.220432880072316, 75.88849402784183, 83.25970059773324, 80.33496670910293, 47.42961057526922, 76.20954746796403, 106.04824955520864, 41.796759356827266, 38.943367767706945, 54.36776736977748, 72.13785050252241, 47.880340800278155, 54.663865265821656, 59.599989881952425, 3.90531220188911, 60.41677317930849, 21.986741264984893, 90.33868249907356, 31.693905120300457, 37.6272503604859, 54.10674907954487, 93.11049203252725, 69.06803528826983, 30.191866412719257, 54.18062545144162, 94.19479335937629, 34.23340378275715, 52.243724049715986, 78.48310619378638, 21.111705846057195, 52.61346691959847, 55.09219261020587, 47.14528950273172, 25.680064230112457, 44.54750591967003, 29.27040866155443, 67.95727321514195, 25.340486155395215, 58.03568594810405, 103.80579061643328, 40.008184734591, 72.06725835233314, 17.674964164679523, 60.91570285589921, 31.722651337859737, 22.269205258106396, 94.15352273403728, 81.38249880126297, 67.80709649520851, 21.136953334160705, 92.31770490045226, 81.41767219090057, 101.34418552292624, 118.42328181697218, 18.81796320165515, 73.21808239969056, 67.4833584019659, 67.11897632821676, 20.56444204318961, 114.44396049944164, 60.31932972102271, 58.56485514411159, 86.44840827442184, 99.14766902195096], [40.441116972321446, 95.0590944848383, 22.839092180738056, 17.318811251264414, 32.9312134049744, 5.003791437983181, 59.35332007437549, 37.3046476385669, 0.0, 16.031559620185895, 49.61769852629587, 76.39387811998868, 47.85323720350369, 10.240499251652352, 86.16536945530574, 19.45271372760694, 72.98381814451562, 84.03949105723079, 81.77974626304531, 54.76031692040242, 56.09771441280235, 15.682055779913378, 47.41206421689978, 62.011428606051616, 79.5145928216529, 36.82219654349294, 90.32367027422421, 84.06063690871069, 44.81160376956428, 16.13379957606769, 63.961885935705794, 95.54521873615955, 24.5284760965673, 10.782574169135913, 74.3331190054678, 62.11970482888415, 10.735447573145343, 60.50819567765415, 62.05112287775815, 38.9552248324861, 76.10748014753163, 41.37800158188764, 60.31504783926356, 25.27814560809272, 0.3280983460640212, 59.581041496783946, 60.60223388589483, 33.43443744107638, 16.963563388512515, 19.875698129592198, 73.1166400693732, 49.043306912635565, 31.10612663151394, 83.40770034356758, 33.3129453268081, 50.87946100056726, 43.39825685961118, 64.39293501882273, 30.973916931105904, 7.591264611891787, 35.417652028610156, 72.95794728543025, 13.595684445775056, 37.340530945756534, 83.14337971778312, 59.32215923712618, 76.7610228766786, 20.52696466301924, 55.82160078619396, 23.429630765141006, 47.15608334068777, 92.17764171272638, 48.248611044238345, 84.73138908549453, 17.443780586674354, 59.14773046858119, 69.25002648293413, 84.1462660573252, 106.09706532341355, 20.713363734533186, 89.41680663813294, 30.511863535729507, 29.98943403640003, 22.56479014587431, 96.11483066699786, 31.723755195550336, 30.413289304801786, 52.18821389392064, 80.98518187105259], [25.345825172160772, 90.34458144259679, 24.200293437078017, 25.351940764434254, 32.47476523325691, 11.036864859680135, 69.34272958818254, 53.09668088207906, 16.031559620185895, 0.0, 49.597129617133895, 74.5008305536336, 36.18211511304877, 7.0618483267348635, 83.77224124654626, 3.427773927399991, 66.21638224111965, 84.53497490311665, 75.00441014676609, 61.64242628965329, 41.706498969963945, 31.61089826361885, 61.418712838548, 59.89735980092738, 77.08894315725111, 44.44358874071492, 97.56067295142303, 86.18583218961672, 29.335026005578325, 13.180987390755618, 61.57276838602367, 91.95012576682882, 28.323395701038628, 17.280853749601135, 84.29645739096901, 61.04482322704443, 5.298045672003072, 66.57590360720631, 66.61592882331709, 54.47813286074504, 84.51844779323773, 54.10345150250583, 47.88131562365979, 34.466138950063886, 15.728710079755562, 65.60666562656148, 46.609910119445125, 18.191935469965244, 27.909305768016495, 9.27950428053204, 65.2845482052329, 59.50885177781814, 29.4399832643363, 87.29471635924331, 45.913693553671216, 55.11878443093388, 44.23059118963557, 74.10144207924401, 42.29520945462485, 8.554611929018202, 45.7423544198633, 77.5771457077135, 28.28380491819913, 34.14708802297, 75.02226008969829, 70.06437525740833, 80.98029404939912, 36.558384677780566, 57.85748900936686, 32.687982017798554, 60.40773261045266, 92.64987387678894, 34.29213112834828, 93.1319733747438, 33.45014630716571, 44.79443222004353, 66.42681262913563, 77.78413148327901, 101.22730601060937, 35.49458294967676, 97.34601272080721, 14.481254564527855, 14.023179380729966, 36.28516991514055, 88.67333626849404, 23.744715534772308, 23.222078268650428, 37.34054675414319, 74.28402653069087], [49.14855945590649, 47.806087848716125, 27.0024610786025, 33.61145319706537, 17.284707141755614, 48.80267035358501, 40.171471199054764, 60.77348043649948, 49.61769852629587, 49.597129617133895, 0.0, 27.02835568532895, 36.870254340549245, 45.795639741849755, 36.91109540405279, 50.487404465296954, 32.36820188954664, 35.011508199812006, 39.56182739193858, 25.240866899166367, 51.85257296230603, 52.074891144194645, 52.772196132597706, 13.539390025338314, 30.41376291211778, 23.855856244448216, 54.75858866361578, 36.83323425602534, 53.27026983980509, 36.9881127831288, 15.656917983040943, 47.001911048712714, 25.29235414949386, 38.85525029006106, 51.00523183059106, 12.637224502658881, 49.14438995056371, 25.877022943700634, 22.081090075418622, 58.77695858094673, 46.31075064130985, 43.06097278271483, 44.560130565092344, 30.64508115701476, 49.69268108182299, 25.099041572524378, 52.115677210722, 48.05453730932308, 36.994104236546576, 40.95262029594936, 35.497125344923845, 36.450990608289516, 20.158103037661423, 39.39545221045806, 39.962609471182915, 14.165697939461205, 6.382437894863106, 42.39465923920339, 35.095935435975434, 48.00138699298476, 32.085062313873486, 31.44581491610981, 45.47801393211854, 16.41431195473352, 44.22880662183659, 43.43202874823306, 33.89078890856707, 56.60181912636147, 10.004533230429383, 31.52492639691446, 48.414528017839864, 43.16003794841801, 46.144385335009396, 53.65418312452443, 56.389207334503624, 53.28679401115192, 21.03325347393688, 40.65859680451453, 58.6433077496578, 46.46526051114053, 56.18699717342416, 54.05811417218879, 55.30411088602295, 42.59860648028752, 53.8041127460489, 29.34266265304267, 28.696674045524173, 52.53356957708497, 38.70603284148475], [67.4627996633537, 22.947208106334667, 53.58528445834666, 60.6393630768983, 43.54006346878916, 75.19719525694185, 54.81425662611676, 85.5691820577203, 76.39387811998868, 74.5008305536336, 27.02835568532895, 0.0, 51.05083954945527, 71.66779393898797, 9.894921506073862, 74.77271827566128, 23.638987021403114, 14.844664968432953, 24.52092444184083, 40.644068957045235, 63.707007727211696, 78.93866158255231, 74.30229356753881, 14.624081606388206, 3.8568320473663324, 48.50804585772655, 52.10406378288153, 22.316961139146134, 70.3889516531975, 62.742067479043776, 12.9448993754243, 20.49365163228251, 52.27797113923708, 65.6115130025388, 59.56622208838437, 14.391542567115986, 74.86892230866692, 36.70302792921508, 30.304501540053238, 83.06489948412728, 51.45304053271592, 65.53488918335222, 52.445666637205996, 57.181698083484335, 76.4492685073075, 36.60608603365157, 61.63773524117666, 68.69494224831972, 63.95136787332015, 65.3624029357905, 28.82372097294817, 55.7732214237644, 45.82480575783711, 30.65038276652764, 64.45968605173702, 33.16791127154399, 33.406301539784, 54.54916137711861, 60.24023597658898, 74.1358443377606, 56.299316202111825, 30.726562436968887, 72.4153702327025, 40.39976498228334, 31.856322124716158, 58.749150506099696, 29.690901511749676, 83.27764675136866, 24.678198390709515, 58.23634438452519, 69.52628072550921, 21.037750685057446, 60.89712132442839, 55.5174503995486, 83.25052278848571, 63.87716900252406, 8.730529363324491, 23.228444404117514, 32.93217115174456, 72.91782783458747, 55.46185287891034, 75.94944922429798, 77.4436607026194, 68.879709352576, 34.69855569330435, 51.69916001616835, 51.71712104253592, 66.409393099834, 23.9397503576289], [17.53854184996913, 60.08617982993141, 33.179298414365455, 42.763523787435204, 29.854174789721917, 43.760253919042654, 73.9292467559412, 77.89235079212894, 47.85323720350369, 36.18211511304877, 36.870254340549245, 51.05083954945527, 0.0, 38.25018032495835, 58.18854631103036, 34.34776212587882, 34.419361808702384, 64.74497237050241, 42.473888901569175, 60.451276017793795, 15.047004628368718, 59.90673469240368, 78.15960217655211, 38.83826887399122, 52.19748745501222, 50.362957644863215, 91.544104723366, 69.70023726837184, 19.54022230424703, 32.26095092621738, 39.4789001087678, 63.47358143052515, 37.04132297023263, 40.38600808663693, 86.63849172961174, 42.02119529624386, 39.78656198830309, 62.36598159912788, 58.95088386884513, 77.65728262438529, 82.88149392652224, 68.48552480299116, 12.626832215181853, 47.94003412285027, 47.68321306563573, 61.514765042098325, 16.375916550445577, 21.539858004478877, 47.703851385037325, 28.379658214198425, 31.859900141992846, 67.17325409170046, 27.453459511907653, 74.58869798080686, 61.87431329342006, 49.84462177091281, 36.0181952742605, 77.19992944617083, 56.53805392126162, 41.376092882621094, 56.764665717069164, 67.93660219162753, 53.84008440629959, 24.18933078573818, 40.675195908648725, 76.43444345730596, 69.89334221332561, 65.49570133560503, 46.77391635578439, 47.21893450908253, 75.06345610536378, 71.92729454637536, 9.9163424832601, 90.45582851156503, 63.35248065169921, 16.832391333009383, 42.356769304700336, 45.7005943379596, 70.19710918859164, 59.25322548649697, 93.05645494276214, 29.632670937488406, 31.348402732444008, 57.41414302263208, 54.65346168768308, 17.58707125264668, 19.3305785399105, 15.945552697454096, 41.91452929526055], [30.21632900618896, 88.83368608150248, 19.204348053211326, 18.64711374176676, 28.513705715864795, 5.571958672747636, 62.71739660196212, 46.45630854467967, 10.240499251652352, 7.0618483267348635, 45.795639741849755, 71.66779393898797, 38.25018032495835, 0.0, 81.19670350589526, 10.305703346726245, 65.60391077555911, 80.79109692602636, 74.43888072415315, 55.69275382747126, 45.88956879382609, 25.21932224260298, 54.36004422293377, 57.05911300716913, 74.49626968336072, 38.172284375649404, 91.65029840209819, 81.84637856307182, 34.64338270559926, 8.92623233410691, 58.866302452756074, 89.93288059157457, 22.71967349820019, 10.423961537120041, 77.71266967171297, 57.781758227688684, 3.4557308211439373, 60.87664542212678, 61.36262412924463, 47.679802531123286, 78.27701177959615, 47.07363790028795, 50.54445589681221, 27.759913598223676, 9.993458630089698, 59.91380068514274, 50.45671649230558, 23.250125651892446, 20.906662550831527, 9.90439017872216, 65.22539043323287, 52.766292464183415, 25.884417060951595, 82.35633912999195, 38.87918491911803, 49.880190968926875, 40.02659417569228, 67.54476001673319, 35.35948935836735, 3.1345592001223506, 38.958589632031774, 72.36454063847316, 21.39244550192129, 31.414139321528896, 75.16168738167548, 63.3060857792442, 75.90929093142464, 30.41361538408193, 53.37913267073993, 25.94495732846802, 53.35577141664707, 88.94664284762452, 38.0849935122775, 86.9136929174575, 27.500143624006288, 48.94713465935423, 63.944595526906326, 77.0218171489876, 99.82214463922317, 28.560149803832918, 91.25397790178123, 21.059235189399875, 20.819995343246134, 29.235723594709473, 88.49943814082442, 23.231607644573035, 22.22163367215214, 41.94804147407359, 73.67759724595561], [75.15859779806672, 15.294905241344512, 63.335282657363976, 70.51779185658312, 53.262364211032875, 84.8572796114061, 62.62375838675353, 95.11056749083144, 86.16536945530574, 83.77224124654626, 36.91109540405279, 9.894921506073862, 58.18854631103036, 81.19670350589526, 0.0, 83.88591678907841, 26.802876354649147, 15.290482977465654, 24.211928465333052, 49.15348840722722, 69.75841876197978, 88.82919543829253, 83.23888385982397, 24.194948162914848, 6.700825376470999, 58.18683219723129, 55.09153110554659, 23.970648705145667, 77.71499847424849, 72.2736032449466, 22.333487249266234, 11.1380770959675, 62.133686780571864, 75.38663867666126, 65.70640922307169, 24.278282044493462, 84.34987239220355, 44.60143780750484, 38.27830961540579, 92.51385365097502, 56.99966217773948, 74.73431010486117, 57.82653680315038, 67.04882355232655, 86.21446383927925, 44.645314020840296, 67.08705004368957, 76.95812129325685, 73.8462544417704, 74.56732172962798, 31.723663029721006, 64.51507166682892, 55.434255969706335, 33.39977923463753, 74.02235175864507, 42.53928729325869, 43.29166930509982, 61.7968894728129, 69.9223566613131, 83.72696977983686, 65.8645885215304, 36.3975985900184, 82.31007796387307, 49.818399059172606, 31.613464167451, 66.59544952323166, 34.37246492863699, 93.1476734333799, 34.21090669281099, 68.1187303447513, 78.42156662658121, 17.53928080754189, 67.82869526903136, 59.84947949496121, 93.14049291486934, 69.55949333315257, 17.34734642074972, 21.727961504484934, 23.946446244312277, 82.76342100098196, 58.93592822980267, 84.44292259149043, 85.98717716350058, 78.70560768077446, 30.27731872992957, 60.623895330934616, 60.773023126707194, 72.94718898294748, 23.932815793153964], [22.409554014193585, 89.90923021210487, 26.004249421605312, 28.114770110151763, 33.610745066286945, 14.461895141390228, 71.92111802208845, 56.51508365611344, 19.45271372760694, 3.427773927399991, 50.487404465296954, 74.77271827566128, 34.34776212587882, 10.305703346726245, 83.88591678907841, 0.0, 65.41892825129388, 85.26366794348638, 74.1538463452805, 63.73122935273748, 38.932433612612904, 35.03848019014167, 64.62413356381795, 60.22780702665104, 77.22930476677783, 46.80130972159509, 99.56848254379035, 87.24191436228683, 26.206138947435974, 15.08327397084593, 61.82782156185554, 91.76225791639291, 30.381713173331413, 20.224753097698624, 86.82512343934137, 61.59043345523789, 8.717281928952815, 68.48927824458276, 68.25134711786487, 57.872408272924595, 86.77582627845318, 57.152157174773, 45.69539986359749, 37.18392154355815, 19.14826654388866, 67.51816479844028, 43.94532566190768, 15.271780527447165, 30.942807599510733, 9.543011846463706, 64.23047463790193, 62.203601934976604, 30.42017714550086, 88.69695753549442, 48.97800242718019, 56.78211873098455, 45.37241225629766, 76.61649922855295, 45.21364961987276, 11.980054413500833, 48.49699158150899, 79.16269490394437, 31.64488571099324, 34.63974722686703, 73.84264745111103, 72.7628101028474, 82.47339637074596, 39.9794681708663, 59.07295477948929, 35.442958991855924, 63.511915684930685, 93.34001986564752, 31.719652773461732, 95.3637635803809, 36.85948010498265, 42.01903785020819, 66.54691688469343, 77.0186643890069, 100.71924644203796, 38.84013595287798, 99.48186595592868, 11.059706598835827, 10.60459839923789, 39.525874973257835, 87.60394846318925, 23.38329042596735, 23.114760764665885, 34.425658020766484, 73.45507687769415], [51.95687957694384, 25.683388593900393, 51.346079272638356, 60.67772150912747, 42.062791989105015, 70.3315965558955, 70.63437120975064, 92.13367219137767, 72.98381814451562, 66.21638224111965, 32.36820188954664, 23.638987021403114, 34.419361808702384, 65.60391077555911, 26.802876354649147, 65.41892825129388, 0.0, 38.367838248291406, 8.83500579308331, 55.391125190237666, 43.8886838339104, 80.09448736091221, 85.13967731044232, 21.522426399767294, 22.636904332729497, 55.98962785940025, 74.75310823831758, 45.915602131909104, 53.61803052289683, 57.21538295211125, 20.057595644140576, 29.556622200995324, 52.24849169789173, 62.84154990147692, 78.67786632367836, 25.312327961057495, 68.21793189041836, 53.6053191876229, 47.72179857416494, 90.47723358039417, 71.7169177457119, 75.40220925035743, 31.520330451904464, 60.750425962219055, 72.93646794331704, 53.156874552986245, 40.713839081144364, 55.2839683395438, 65.12574028142016, 57.062993488085645, 5.185980797607723, 68.44781731200787, 42.66053079316562, 53.83372224388234, 71.82799520713782, 45.06426603229564, 37.262541469455726, 71.7562913648325, 66.69992578066027, 68.56412433348744, 64.19892777958239, 51.852763585370006, 73.31547574192614, 36.19445472688818, 11.861257534630852, 74.26466701381005, 51.80126276513157, 85.25785254894134, 37.23583972121999, 61.12535994852841, 80.77162096107641, 43.49744988396598, 43.252893815937334, 77.0450896565814, 84.26927251647236, 43.33999908563119, 17.80884949210727, 11.607084532918751, 35.855245314020884, 76.07168178149942, 77.724189318501, 63.27964231243012, 64.95326655977966, 72.69185721207393, 23.192621235219892, 42.596772692628015, 43.419935596655016, 47.62217995048553, 8.081148609895548], [80.46339781758671, 30.189731660838326, 61.836359984724815, 67.2420678276987, 52.29227722194016, 83.6159346310622, 50.56371209094984, 86.9734980329025, 84.03949105723079, 84.53497490311665, 35.011508199812006, 14.844664968432953, 64.74497237050241, 80.79109692602636, 15.290482977465654, 85.26366794348638, 38.367838248291406, 0.0, 38.09215572282494, 38.886056518960544, 77.98934587307227, 83.99018578718011, 73.12021732287295, 26.224583714437806, 16.002842326286093, 51.60114632294123, 39.80403690497011, 8.680166768190857, 83.74396725892892, 71.99939892317165, 25.31038872037106, 24.689178410358483, 59.51196374466796, 73.40165220441331, 51.63103687577816, 23.91196093766642, 84.15084237637102, 33.33383493367726, 27.587528898231845, 83.9868200806806, 42.58465413313064, 65.55122392506469, 67.04530360495085, 62.00641077201085, 84.14529308024787, 33.63663854686053, 76.17775284595031, 80.94991835310657, 69.72299601543438, 75.7238457621423, 43.550650372978595, 54.257689834483216, 55.1314701190171, 18.14540106712539, 66.3310905024858, 35.238877846097, 40.849612539901635, 48.94308007288517, 63.008272353655734, 82.93500057773528, 58.384117009639745, 22.648340501372395, 77.89818221968562, 50.67178759909045, 45.57845093480167, 54.51108630466922, 19.905981669938253, 87.67522654529323, 28.42604997507374, 63.38888910885204, 68.26783371495183, 8.161225574261943, 74.65738129418128, 44.7955607724777, 88.2164239840281, 78.32231627860716, 22.801714948438317, 36.1231154897521, 37.089377555964646, 77.04588797504948, 43.684853204581835, 87.76007735521242, 89.15183567738126, 72.80983710274397, 45.552286494255505, 63.010589217040625, 62.72368687945574, 80.4043679745116, 37.64353076864091], [59.970996454579755, 18.549108907723024, 60.00061961763221, 69.20529680801825, 50.560910613326904, 79.16020343754712, 76.10616167692183, 100.00577443539726, 81.77974626304531, 75.00441014676609, 39.56182739193858, 24.52092444184083, 42.473888901569175, 74.43888072415315, 24.211928465333052, 74.1538463452805, 8.83500579308331, 38.09215572282494, 0.0, 61.022398667819516, 50.57714993737805, 88.61311166890367, 92.12811629106758, 27.309006490598417, 22.20126264814219, 63.4049435200514, 76.62239890114515, 46.36967443356868, 61.290958383618076, 66.04201777248399, 25.464321422882794, 23.680025319654273, 60.71707982329854, 71.5852200439344, 82.89756296514835, 30.597743398770252, 77.04763502820491, 58.494360909434086, 52.31567483194927, 98.19646541412422, 75.31312418217047, 82.54035687484823, 37.943136322175384, 68.8686942730599, 81.73581006736715, 58.1625681908535, 46.839942993321785, 63.65353075984612, 73.56939817777777, 65.87035880969339, 10.722241755404877, 74.84255962278237, 51.31239821738425, 55.09524638691633, 79.4369575356058, 51.27095466073557, 44.927575640916274, 76.7393392491252, 74.42543121284577, 77.39853464937408, 71.6364825781224, 54.826354956061394, 81.83026950723946, 44.85159465528308, 7.490218189022612, 79.86945772315563, 54.121488976626814, 93.71398858321835, 42.99764047461416, 69.33824041732905, 87.63438344157045, 41.7284928313337, 50.83111225069023, 79.87295956361677, 92.81534514211374, 49.64473321276695, 21.62875601930776, 3.4257799684654477, 27.8420046920011, 84.35374161508932, 79.96817666010617, 71.69680439168626, 73.38452556779036, 80.86933045313043, 14.594733996883173, 51.41680144945165, 52.25221298757504, 54.70240784790376, 0.8583564901506859], [69.56117444551045, 63.56552049431627, 37.820998537727974, 37.76361422458959, 32.96468633945909, 56.278624421717346, 15.259947542379944, 48.51313557608465, 54.76031692040242, 61.64242628965329, 25.240866899166367, 40.644068957045235, 60.451276017793795, 55.69275382747126, 49.15348840722722, 63.73122935273748, 55.391125190237666, 38.886056518960544, 61.022398667819516, 0.0, 75.45884982074139, 49.57288102773322, 34.332046891456955, 33.93917122766481, 44.47556953697262, 17.93866906011757, 35.957915663061996, 34.747432219377686, 74.23159965691532, 48.64883141313492, 35.62707753353344, 60.288249533205146, 33.354608880951865, 45.80031681809594, 26.191974209266903, 30.431131947435976, 59.080116367554744, 6.349633940761765, 11.301027479074921, 45.33687870187347, 23.432230494194307, 26.76071342118997, 69.39656616871878, 29.548986334621823, 54.97374926027654, 5.653275887242084, 76.40308306400442, 66.55692407281919, 38.003534581428326, 55.14833548589205, 59.32198994879778, 15.462987362524967, 36.35601829676741, 30.675273481213143, 28.74695762903536, 11.07769262798938, 24.446222156219203, 17.159271520867986, 26.76975759514696, 56.67647538651225, 21.66300647685486, 19.87639093765631, 44.69086546158041, 36.77224693878125, 66.93020299861026, 18.886617051503908, 24.006491652959664, 52.07209087911092, 18.158461038198865, 31.36670569188832, 29.47993374291285, 45.74379604756132, 68.87443881457901, 31.834835615796127, 53.41988914153627, 77.24404728632086, 39.5838237414166, 61.165961154513624, 73.09268416326206, 41.64597885056226, 35.75859767851061, 70.63283319878217, 71.45870106950437, 37.42088695682905, 73.99170244007308, 48.45258567002318, 47.14079509306485, 75.31131891528315, 60.21611565190814], [16.662475303610087, 69.04803301083305, 45.9019958121461, 54.74646314198884, 44.21640811816987, 51.40493805220951, 88.75565635999433, 89.46296358385149, 56.09771441280235, 41.706498969963945, 51.85257296230603, 63.707007727211696, 15.047004628368718, 45.88956879382609, 69.75841876197978, 38.932433612612904, 43.8886838339104, 77.98934587307227, 50.57714993737805, 75.45884982074139, 0.0, 69.95118891454158, 91.57334893135366, 52.71659412071439, 64.29486804536212, 64.70149639080874, 106.42078195808566, 83.5549379610172, 14.33032007560448, 42.212534706436514, 53.080138505194746, 73.422810583107, 50.25638711695639, 50.733537897862504, 101.63608427592878, 56.16789658808577, 46.396162374653514, 77.41108255415406, 73.9293102197798, 89.66521187179339, 97.92708656145972, 82.1249559503553, 12.66509413971581, 61.06301342179389, 55.86483922891395, 76.56114493618952, 5.442723360657017, 23.687064447971103, 59.51498215938214, 36.34372841870744, 40.01018786241472, 81.66978206302147, 41.487705859428615, 88.96840582818055, 75.08390226188277, 64.88865237881788, 51.043642980712654, 92.13136231391518, 69.88693755171184, 48.80560291585095, 70.63140581301127, 82.71918009752974, 64.51290939623382, 38.967912961810704, 46.7346043206506, 91.15243072840771, 84.52223642276174, 75.46323544555777, 61.702686148698284, 60.106657547130105, 88.7791034451456, 84.74460727904042, 8.081283120385088, 105.4771728454019, 72.90049291599428, 3.0882866877919253, 55.233327565421106, 53.99228559873664, 78.20208566325303, 70.64528986121363, 108.01763355402457, 30.327350085675146, 31.89113995049438, 69.39718095083343, 60.280115167057104, 30.146988108666044, 31.909877688728027, 5.248678275544412, 50.21515930737655], [55.08542098719498, 99.65145007211511, 29.03609949441836, 19.416777723840394, 38.052671137281735, 20.601506164707992, 50.24427943355303, 21.650957377085327, 15.682055779913378, 31.61089826361885, 52.074891144194645, 78.93866158255231, 59.90673469240368, 25.21932224260298, 88.82919543829253, 35.03848019014167, 80.09448736091221, 83.99018578718011, 88.61311166890367, 49.57288102773322, 69.95118891454158, 0.0, 33.74152615679983, 65.47630967577422, 82.43945785142022, 32.79805630778211, 83.18410106483974, 82.39265502314163, 59.688214556632985, 27.880265095517217, 67.56656459761172, 99.07615381689021, 27.911399419073973, 19.52752056834504, 64.6731000432934, 64.6097713569266, 26.345738558788266, 55.833617435088264