instance_id,num_cities,city_coordinates,distance_matrix,best_route,total_distance
2388,23,"[[18.964509824498432, 75.34620785252139], [94.34730931417906, 43.02410962391594], [7.867760343915164, 68.78584370503212], [81.90132185692983, 15.474712288836445], [65.59667430786669, 88.70230865263606], [43.05991954026612, 77.09601625573285], [53.37827218242913, 62.96056766481013], [61.066455438677515, 0.22643949102146843], [31.93800483320235, 75.22065263129501], [33.90601876589137, 29.49117428144863], [2.824944363201043, 73.36270759594612], [20.4030737020943, 68.4433187933589], [6.997306788355296, 37.2129934644882], [97.18690987093814, 76.39407633195582], [80.42655656799424, 49.74675339923144], [24.725796245830402, 9.479002207711595], [1.0742353996542886, 44.27683588505582], [97.70804903267188, 51.70360804988381], [69.98150245190412, 2.740037534823825], [49.87585632885909, 35.29067846694161], [71.46264463907639, 58.64235748631928], [62.288364001888496, 64.76580608372578], [21.254247711147613, 0.9027459856826625]]","[[0.0, 82.02002495001457, 12.890935838118486, 86.86563353730834, 48.507156100793374, 24.15886170370329, 36.57473338915235, 86.11360765398636, 12.974102545241527, 48.22792545040617, 16.26099156101305, 7.051194465693658, 39.96693618570199, 78.22941836275815, 66.58014162049919, 66.11869025233551, 35.85202635066766, 82.2162848373534, 88.73775692988454, 50.596015426826796, 55.09149458914754, 44.59709903539569, 74.47866751163738], [82.02002495001457, 0.0, 90.2351335842443, 30.23031421126963, 53.97311256332696, 61.573461583286985, 45.562312964982794, 54.214903887091175, 70.22491486235685, 61.93779090447069, 96.41977915930157, 78.191343351137, 87.54308660471013, 33.49056597637066, 15.459019902639376, 77.28149399106445, 93.28148605457436, 9.307430600430711, 47.07970909137879, 45.138853420143334, 27.706272639663357, 38.735995398168676, 84.36115770453146], [12.890935838118486, 90.2351335842443, 0.0, 91.23072378961055, 61.06793826114039, 36.16001986619655, 45.88181043450993, 86.77841359442792, 24.915525996686736, 47.138752070439054, 6.81011571790804, 12.539992197081345, 31.584847026765875, 89.64259967189749, 75.01510427347192, 61.65626345196863, 25.43311710129048, 91.44987833046673, 90.66512819894143, 53.727146049341286, 64.39875481082038, 54.56888128755196, 69.19041118542238], [86.86563353730834, 30.23031421126963, 91.23072378961055, 0.0, 75.02081311821894, 72.84119463947287, 55.39377964647225, 25.818626647887413, 77.88395492922862, 50.00010325580326, 98.00047692846525, 81.16469553410934, 77.99464303312719, 62.80778706778404, 34.30375685737721, 57.48903607021419, 85.80547901401047, 39.5270225551227, 17.44287922732121, 37.6603632199884, 44.411840470242794, 53.049788343783284, 62.373149707099564], [48.507156100793374, 53.97311256332696, 61.06793826114039, 75.02081311821894, 0.0, 25.349779854219257, 28.494325392667484, 88.59177335907607, 36.25825533423337, 67.15844014122831, 64.6188319363979, 49.52664137443973, 78.00663723191252, 33.90332676582317, 41.68285850263039, 89.14460700248924, 78.33752455424549, 48.990246304840696, 86.07403077342781, 55.67716189805723, 30.626953358895857, 24.164045032073794, 98.361649035555], [24.15886170370329, 61.573461583286985, 36.16001986619655, 72.84119463947287, 25.349779854219257, 0.0, 17.500837354671102, 78.95040954324831, 11.278917300657278, 48.47695203685635, 40.407806436978014, 24.252872751698025, 53.769578252588346, 54.1315416546883, 46.3060227352338, 70.05855169603403, 53.290677167383194, 60.25937646135428, 79.0796003910773, 42.35732831448452, 33.87111328280399, 22.842223168937885, 79.25214040241516], [36.57473338915235, 45.562312964982794, 45.88181043450993, 55.39377964647225, 28.494325392667484, 17.500837354671102, 0.0, 63.203473001940345, 24.698071734282184, 38.72168574026794, 51.61243521425117, 33.42789665466673, 53.04838855316302, 45.822002261286336, 30.10339807476253, 60.673241392225655, 55.540922723624824, 45.73672764162736, 62.467427548425576, 27.89067380028062, 18.592779950732595, 9.091128751718667, 69.8793687706885], [86.11360765398636, 54.214903887091175, 86.77841359442792, 25.818626647887413, 88.59177335907607, 78.95040954324831, 63.203473001940345, 0.0, 80.45246198348677, 39.926357492394224, 93.49324748167787, 79.41695811352109, 65.50937345603917, 84.2982569827246, 53.17024548847809, 37.50004569859812, 74.42784349745823, 63.1862743318909, 9.262625889770549, 36.806661943147006, 59.333803393376435, 64.55093260925302, 39.81795166272008], [12.974102545241527, 70.22491486235685, 24.915525996686736, 77.88395492922862, 36.25825533423337, 11.278917300657278, 24.698071734282184, 80.45246198348677, 0.0, 45.77180648596172, 29.172285643814927, 13.378598213200044, 45.46009870539649, 65.25945549730503, 54.77279608914373, 66.13607603361729, 43.70459996924865, 69.84805007904127, 81.85809230507985, 43.77407169828008, 42.86066986991697, 32.10059373284973, 75.08191469607716], [48.22792545040617, 61.93779090447069, 47.138752070439054, 50.00010325580326, 67.15844014122831, 48.47695203685635, 38.72168574026794, 39.926357492394224, 45.77180648596172, 0.0, 53.76564536384396, 41.22619419098327, 27.994736501448823, 78.76771800559071, 50.73902760985513, 22.017345812488273, 36.007524047952884, 67.55805858726475, 44.91173388343399, 16.990290185430194, 47.54252443047511, 45.27534836841735, 31.26284605156421], [16.26099156101305, 96.41977915930157, 6.81011571790804, 98.00047692846525, 64.6188319363979, 40.407806436978014, 51.61243521425117, 93.49324748167787, 29.172285643814927, 53.76564536384396, 0.0, 18.253520680840733, 36.389702389453085, 94.41064416101091, 81.11549487862621, 67.53351114310298, 29.138512574553488, 97.32379023067277, 97.45545044215582, 60.52493468645689, 70.19845159624883, 60.08165269645516, 74.76687273419618], [7.051194465693658, 78.191343351137, 12.539992197081345, 81.16469553410934, 49.52664137443973, 24.252872751698025, 33.42789665466673, 79.41695811352109, 13.378598213200044, 41.22619419098327, 18.253520680840733, 0.0, 33.98599427253236, 77.19437830724078, 62.86795728262425, 59.12255543024647, 30.945482485803595, 79.09663157579104, 82.31003441524085, 44.359243415294166, 51.99171690578023, 42.046422478345846, 67.54593601677827], [39.96693618570199, 87.54308660471013, 31.584847026765875, 77.99464303312719, 78.00663723191252, 53.769578252588346, 53.04838855316302, 65.50937345603917, 45.46009870539649, 27.994736501448823, 36.389702389453085, 33.98599427253236, 0.0, 98.332709506355, 74.49127372586928, 32.916160308802226, 9.218494693726251, 91.86085493602441, 71.80106958752624, 42.921618162031486, 67.93377235652206, 61.77587304944398, 39.00890201541302], [78.22941836275815, 33.49056597637066, 89.64259967189749, 62.80778706778404, 33.90332676582317, 54.1315416546883, 45.822002261286336, 84.2982569827246, 65.25945549730503, 78.76771800559071, 94.41064416101091, 77.19437830724078, 98.332709506355, 0.0, 31.47998193011554, 98.63184137409114, 101.33688039379822, 24.695967484872835, 78.51784271084539, 62.67236315403405, 31.2547811333514, 36.784849771883444, 107.07338670334019], [66.58014162049919, 15.459019902639376, 75.01510427347192, 34.30375685737721, 41.68285850263039, 46.3060227352338, 30.10339807476253, 53.17024548847809, 54.77279608914373, 50.73902760985513, 81.11549487862621, 62.86795728262425, 74.49127372586928, 31.47998193011554, 0.0, 68.73184477728856, 79.54062403838216, 17.391930943126756, 48.15319814763295, 33.79827491972735, 12.62867725233366, 23.549224469284553, 76.72743443948102], [66.11869025233551, 77.28149399106445, 61.65626345196863, 57.48903607021419, 89.14460700248924, 70.05855169603403, 60.673241392225655, 37.50004569859812, 66.13607603361729, 22.017345812488273, 67.53351114310298, 59.12255543024647, 32.916160308802226, 98.63184137409114, 68.73184477728856, 0.0, 42.07476154533122, 84.31682252296534, 45.75470018558627, 36.03842606845159, 67.83338779674698, 66.8399370081489, 9.25223324471169], [35.85202635066766, 93.28148605457436, 25.43311710129048, 85.80547901401047, 78.33752455424549, 53.290677167383194, 55.540922723624824, 74.42784349745823, 43.70459996924865, 36.007524047952884, 29.138512574553488, 30.945482485803595, 9.218494693726251, 101.33688039379822, 79.54062403838216, 42.07476154533122, 0.0, 96.91878498025571, 80.45816968958411, 49.622063948015395, 71.8393789375488, 64.5520521775478, 47.8387350532069], [82.2162848373534, 9.307430600430711, 91.44987833046673, 39.5270225551227, 48.990246304840696, 60.25937646135428, 45.73672764162736, 63.1862743318909, 69.84805007904127, 67.55805858726475, 97.32379023067277, 79.09663157579104, 91.86085493602441, 24.695967484872835, 17.391930943126756, 84.31682252296534, 96.91878498025571, 0.0, 56.268931239883486, 50.569782640914134, 27.147145255532767, 37.75149142954759, 91.7927629117737], [88.73775692988454, 47.07970909137879, 90.66512819894143, 17.44287922732121, 86.07403077342781, 79.0796003910773, 62.467427548425576, 9.262625889770549, 81.85809230507985, 44.91173388343399, 97.45545044215582, 82.31003441524085, 71.80106958752624, 78.51784271084539, 48.15319814763295, 45.75470018558627, 80.45816968958411, 56.268931239883486, 0.0, 38.259394024432446, 55.92193807566032, 62.501042737646095, 48.76188055035535], [50.596015426826796, 45.138853420143334, 53.727146049341286, 37.6603632199884, 55.67716189805723, 42.35732831448452, 27.89067380028062, 36.806661943147006, 43.77407169828008, 16.990290185430194, 60.52493468645689, 44.359243415294166, 42.921618162031486, 62.67236315403405, 33.79827491972735, 36.03842606845159, 49.622063948015395, 50.569782640914134, 38.259394024432446, 0.0, 31.800791540057258, 31.98208083847464, 44.74065690399594], [55.09149458914754, 27.706272639663357, 64.39875481082038, 44.411840470242794, 30.626953358895857, 33.87111328280399, 18.592779950732595, 59.333803393376435, 42.86066986991697, 47.54252443047511, 70.19845159624883, 51.99171690578023, 67.93377235652206, 31.2547811333514, 12.62867725233366, 67.83338779674698, 71.8393789375488, 27.147145255532767, 55.92193807566032, 31.800791540057258, 0.0, 11.030142697851208, 76.5163110605634], [44.59709903539569, 38.735995398168676, 54.56888128755196, 53.049788343783284, 24.164045032073794, 22.842223168937885, 9.091128751718667, 64.55093260925302, 32.10059373284973, 45.27534836841735, 60.08165269645516, 42.046422478345846, 61.77587304944398, 36.784849771883444, 23.549224469284553, 66.8399370081489, 64.5520521775478, 37.75149142954759, 62.501042737646095, 31.98208083847464, 11.030142697851208, 0.0, 75.90974341181975], [74.47866751163738, 84.36115770453146, 69.19041118542238, 62.373149707099564, 98.361649035555, 79.25214040241516, 69.8793687706885, 39.81795166272008, 75.08191469607716, 31.26284605156421, 74.76687273419618, 67.54593601677827, 39.00890201541302, 107.07338670334019, 76.72743443948102, 9.25223324471169, 47.8387350532069, 91.7927629117737, 48.76188055035535, 44.74065690399594, 76.5163110605634, 75.90974341181975, 0.0]]",Route_3,1053.0611063705117
