instance_id,num_cities,city_coordinates,distance_matrix,best_route,total_distance
1429,26,"[[29.29327745171849, 34.066403906691775], [82.60004714482479, 49.451508374670624], [64.3367703098359, 59.895404252325925], [73.22286025910351, 94.1613195549902], [37.01789060763091, 97.76734733454798], [10.202517133533684, 30.964487949942022], [99.6661748365844, 73.13773325377547], [5.45097712990783, 44.87489256072161], [44.96581096643217, 94.74687453808916], [91.94103074728879, 46.36417587414622], [42.62121484042088, 33.97692449194931], [77.51865899013688, 19.99836176073738], [19.53108926737365, 3.8321678262256076], [33.96027474312169, 76.49517672823926], [78.0244790575648, 45.70654442565556], [9.739651427062979, 99.33383745159868], [51.05540375486138, 94.53805608931043], [66.0789486420824, 84.32266888924515], [39.79771195957259, 42.89926025629484], [97.4478922072257, 93.92137331438163], [72.63988982023231, 32.48089410796445], [80.27638436964997, 13.025733362976377], [31.10277350105545, 20.7563227536947], [93.94458771992446, 27.514280171504257], [14.19594074159728, 52.83751538484034], [56.73438937081493, 19.379538884954616]]","[[0.0, 55.482548018313814, 43.53370706190428, 74.43928487302253, 64.1675918358125, 19.34112230789926, 80.49169810166232, 26.177828626906862, 62.671746607364504, 63.84337231339011, 13.328237753087757, 50.2354181265208, 31.771203148699364, 42.68467672198597, 50.10212451833615, 68.13356127673737, 64.26827256842641, 62.28063723921095, 13.724521690117987, 90.70649852831433, 43.37559965174032, 55.15421115322388, 13.432517867173452, 64.98247644432337, 24.089088854995207, 31.1242450112947], [55.482548018313814, 0.0, 21.03858935039959, 45.68258803602936, 66.42404149837654, 74.72062818204975, 29.194005607572414, 77.28469716881246, 58.88977779385142, 9.837967098455643, 42.86921714665463, 29.88826443673921, 77.83840748514005, 55.6523805178834, 5.912747102707377, 88.29996612846341, 55.02600577385618, 38.586844019309716, 43.30094517115576, 46.88312479723596, 19.67756292125537, 36.499814984398235, 58.95237798904742, 24.696975160895324, 68.48785889701172, 39.66554677642307], [43.53370706190428, 21.03858935039959, 0.0, 35.399372114711824, 46.696951303127, 61.380088669303255, 37.7296448644467, 60.771312392500505, 39.87303659069921, 30.7423053091531, 33.81320662750418, 42.018283981565325, 71.76792829842368, 34.61623794069335, 19.71489573757758, 67.35158055690407, 37.10132105284287, 24.489312831997427, 29.850197578097386, 47.477499554165426, 28.644321602356438, 49.5059324288692, 51.34555720257135, 43.87664582128757, 50.6351319249484, 41.222949220172815], [74.43928487302253, 45.68258803602936, 35.399372114711824, 0.0, 36.38410729715647, 89.249107404956, 33.78224484560251, 83.79844884446685, 28.263115705220645, 51.33163596138364, 67.51756890939542, 74.28726805805738, 105.08169167017887, 43.05395712097727, 48.692101781707095, 63.693584802578066, 22.17065759700777, 12.15872197701612, 61.19672591232798, 24.22622023935891, 61.68318034812001, 81.44160821778856, 84.63093561992386, 69.79411040728628, 72.05438237067231, 76.57796283798132], [64.1675918358125, 66.42404149837654, 46.696951303127, 36.38410729715647, 0.0, 71.98393068258187, 67.31586296408544, 61.59611837211273, 8.502511037569745, 75.22524416037452, 64.03604679315632, 87.68310759064687, 95.54897262856555, 21.490794705612988, 66.27116639852352, 27.32318107539986, 14.404169441701114, 32.020375896908945, 54.938459992754446, 60.5522634547283, 74.37235913166566, 95.14430314561929, 77.23785676323035, 90.42202325722391, 50.39376146624423, 80.82938102576796], [19.34112230789926, 74.72062818204975, 61.380088669303255, 89.249107404956, 71.98393068258187, 0.0, 98.90565539475452, 14.69954042960714, 72.6407560326315, 83.17652911698653, 32.558358910273014, 68.20351074582513, 28.691201671454653, 51.35634982416583, 69.40566798437901, 68.37091630175733, 75.56822686331851, 77.26105792235145, 31.91103800874685, 107.58868382195402, 62.455784325023, 72.33357301804074, 23.259994688348687, 83.81311544030831, 22.234584801188756, 47.95233235980308], [80.49169810166232, 29.194005607572414, 37.7296448644467, 33.78224484560251, 67.31586296408544, 98.90565539475452, 0.0, 98.36306035778419, 58.813984685383176, 27.865771583802925, 69.19318177280343, 57.570003133956426, 105.94759713375818, 65.7916235836776, 34.94042238891232, 93.66437683381241, 53.11290693065857, 35.40062921206686, 67.07158933911964, 20.901685864842285, 48.820064022013, 63.16182791230041, 86.28297728216606, 45.980822418522834, 87.84793544402812, 68.79739577247656], [26.177828626906862, 77.28469716881246, 60.771312392500505, 83.79844884446685, 61.59611837211273, 14.69954042960714, 98.36306035778419, 0.0, 63.62889814761059, 86.50287474717288, 38.734897437375864, 76.24036039624781, 43.39072264246382, 42.57490365500982, 72.57826690454988, 54.627551710237434, 67.42546654979947, 72.3317218580221, 34.40350732791063, 104.25444670642294, 68.32247936188347, 81.32164847195719, 35.209658711825824, 90.18043012642018, 11.826992466766393, 57.27129673862175], [62.671746607364504, 58.88977779385142, 39.87303659069921, 28.263115705220645, 8.502511037569745, 72.6407560326315, 58.813984685383176, 63.62889814761059, 0.0, 67.43557520675337, 60.81516225090943, 81.52930808537711, 94.40555579208632, 21.31305469670359, 59.142451027127144, 35.52354915634139, 6.093172037078829, 23.546308541262942, 52.104552143343724, 52.48857307677162, 68.13887993892342, 89.02348852424704, 75.27805497703561, 83.1813820366684, 51.99210803852044, 76.28063136283252], [63.84337231339011, 9.837967098455643, 30.7423053091531, 51.33163596138364, 75.22524416037452, 83.17652911698653, 27.865771583802925, 86.50287474717288, 67.43557520675337, 0.0, 50.85162964835129, 30.052636506042557, 83.97720722739665, 65.34252274961624, 13.932081325301095, 97.7898349000421, 63.185102908430075, 45.931410633614895, 52.25831354374372, 47.874967900861, 23.775608376764826, 35.3201886204751, 66.00799713820653, 18.956075768551806, 78.01412144229907, 44.35851925448018], [13.328237753087757, 42.86921714665463, 33.81320662750418, 67.51756890939542, 64.03604679315632, 32.558358910273014, 69.19318177280343, 38.734897437375864, 60.81516225090943, 50.85162964835129, 0.0, 37.592975729688845, 37.971835001943, 43.39140072177643, 37.29577859514535, 73.16230781025064, 61.14561474870755, 55.54240950865796, 9.35843170674862, 81.23608493587633, 30.055930437325717, 43.09134718244183, 17.53450316404612, 51.728661062714, 34.113312598196266, 20.304318798833393], [50.2354181265208, 29.88826443673921, 42.018283981565325, 74.28726805805738, 87.68310759064687, 68.20351074582513, 57.570003133956426, 76.24036039624781, 81.52930808537711, 30.052636506042557, 37.592975729688845, 0.0, 60.19887099174347, 71.33878986696344, 25.71315830218863, 104.34611429914617, 79.09785021253386, 65.333631924224, 44.12846016786064, 76.56230125708956, 13.402089479360354, 7.4981728469056925, 46.422073743019766, 18.06378045131653, 71.33145629476076, 20.793479876159775], [31.771203148699364, 77.83840748514005, 71.76792829842368, 105.08169167017887, 95.54897262856555, 28.691201671454653, 105.94759713375818, 43.39072264246382, 94.40555579208632, 83.97720722739665, 37.971835001943, 60.19887099174347, 0.0, 74.08180786257617, 71.93705626961759, 96.00229766112149, 96.02781143763121, 92.98077206467804, 44.011063453267354, 119.10958452557435, 60.34313725461509, 61.43706148849543, 20.50197297854566, 78.09104428218501, 49.2949074360904, 40.321288241132855], [42.68467672198597, 55.6523805178834, 34.61623794069335, 43.05395712097727, 21.490794705612988, 51.35634982416583, 65.7916235836776, 42.57490365500982, 21.31305469670359, 65.34252274961624, 43.39140072177643, 71.33878986696344, 74.08180786257617, 0.0, 53.754943781281064, 33.29028412998494, 24.855360217993063, 33.05871816266306, 34.09928557676645, 65.83577977610112, 58.594963069284965, 78.57195588779052, 55.81205206533811, 77.44188808907363, 30.827160731451826, 61.48866873921211], [50.10212451833615, 5.912747102707377, 19.71489573757758, 48.692101781707095, 66.27116639852352, 69.40566798437901, 34.94042238891232, 72.57826690454988, 59.142451027127144, 13.932081325301095, 37.29577859514535, 25.71315830218863, 71.93705626961759, 53.754943781281064, 0.0, 86.8257118704921, 55.78393634408161, 40.421538386046834, 38.329708675799814, 51.980176059258916, 14.279762868501694, 32.75830412657425, 53.14282655083135, 24.174539054844665, 64.22564168907672, 33.85822115247568], [68.13356127673737, 88.29996612846341, 67.35158055690407, 63.693584802578066, 27.32318107539986, 68.37091630175733, 93.66437683381241, 54.627551710237434, 35.52354915634139, 97.7898349000421, 73.16230781025064, 104.34611429914617, 96.00229766112149, 33.29028412998494, 86.8257118704921, 0.0, 41.59315940496526, 58.30481620149133, 63.94019476189231, 87.87508332165416, 91.7919169841479, 111.46532880490821, 81.42977834212506, 110.67303241528003, 46.70938321355305, 92.74262910703999], [64.26827256842641, 55.02600577385618, 37.10132105284287, 22.17065759700777, 14.404169441701114, 75.56822686331851, 53.11290693065857, 67.42546654979947, 6.093172037078829, 63.185102908430075, 61.14561474870755, 79.09785021253386, 96.02781143763121, 24.855360217993063, 55.78393634408161, 41.59315940496526, 0.0, 18.167582024738522, 52.85168738689032, 46.39658696981547, 65.7037395578456, 86.59171129116162, 76.43200656827611, 79.5717829350915, 55.65568352532697, 75.37276421880557], [62.28063723921095, 38.586844019309716, 24.489312831997427, 12.15872197701612, 32.020375896908945, 77.26105792235145, 35.40062921206686, 72.3317218580221, 23.546308541262942, 45.931410633614895, 55.54240950865796, 65.333631924224, 92.98077206467804, 33.05871816266306, 40.421538386046834, 58.30481620149133, 18.167582024738522, 0.0, 49.05713183966712, 32.804660446867615, 52.25529218764521, 72.69676881867129, 72.55351947714459, 63.27469375605472, 60.689055026402706, 65.61197240388687], [13.724521690117987, 43.30094517115576, 29.850197578097386, 61.19672591232798, 54.938459992754446, 31.91103800874685, 67.07158933911964, 34.40350732791063, 52.104552143343724, 52.25831354374372, 9.35843170674862, 44.12846016786064, 44.011063453267354, 34.09928557676645, 38.329708675799814, 63.94019476189231, 52.85168738689032, 49.05713183966712, 0.0, 76.98570843669027, 34.45505768144764, 50.30855324026106, 23.788897327145197, 56.29015692655674, 27.46305890642209, 28.983242315482315], [90.70649852831433, 46.88312479723596, 47.477499554165426, 24.22622023935891, 60.5522634547283, 107.58868382195402, 20.901685864842285, 104.25444670642294, 52.48857307677162, 47.874967900861, 81.23608493587633, 76.56230125708956, 119.10958452557435, 65.83577977610112, 51.980176059258916, 87.87508332165416, 46.39658696981547, 32.804660446867615, 76.98570843669027, 0.0, 66.25986317181201, 82.69803652181422, 98.76638800565553, 66.49943730602189, 92.83733519015979, 84.93570741045569], [43.37559965174032, 19.67756292125537, 28.644321602356438, 61.68318034812001, 74.37235913166566, 62.455784325023, 48.820064022013, 68.32247936188347, 68.13887993892342, 23.775608376764826, 30.055930437325717, 13.402089479360354, 60.34313725461509, 58.594963069284965, 14.279762868501694, 91.7919169841479, 65.7037395578456, 52.25529218764521, 34.45505768144764, 66.25986317181201, 0.0, 20.90022317145467, 43.16013908172901, 21.875954986948283, 61.88769840377198, 20.606563353114066], [55.15421115322388, 36.499814984398235, 49.5059324288692, 81.44160821778856, 95.14430314561929, 72.33357301804074, 63.16182791230041, 81.32164847195719, 89.02348852424704, 35.3201886204751, 43.09134718244183, 7.4981728469056925, 61.43706148849543, 78.57195588779052, 32.75830412657425, 111.46532880490821, 86.59171129116162, 72.69676881867129, 50.30855324026106, 82.69803652181422, 20.90022317145467, 0.0, 49.777565410371814, 19.918277321278513, 77.14663322424809, 24.384346887630503], [13.432517867173452, 58.95237798904742, 51.34555720257135, 84.63093561992386, 77.23785676323035, 23.259994688348687, 86.28297728216606, 35.209658711825824, 75.27805497703561, 66.00799713820653, 17.53450316404612, 46.422073743019766, 20.50197297854566, 55.81205206533811, 53.14282655083135, 81.42977834212506, 76.43200656827611, 72.55351947714459, 23.788897327145197, 98.76638800565553, 43.16013908172901, 49.777565410371814, 0.0, 63.20414229130693, 36.2635342264507, 25.66856571599062], [64.98247644432337, 24.696975160895324, 43.87664582128757, 69.79411040728628, 90.42202325722391, 83.81311544030831, 45.980822418522834, 90.18043012642018, 83.1813820366684, 18.956075768551806, 51.728661062714, 18.06378045131653, 78.09104428218501, 77.44188808907363, 24.174539054844665, 110.67303241528003, 79.5717829350915, 63.27469375605472, 56.29015692655674, 66.49943730602189, 21.875954986948283, 19.918277321278513, 63.20414229130693, 0.0, 83.67265345705128, 38.08901254927947], [24.089088854995207, 68.48785889701172, 50.6351319249484, 72.05438237067231, 50.39376146624423, 22.234584801188756, 87.84793544402812, 11.826992466766393, 51.99210803852044, 78.01412144229907, 34.113312598196266, 71.33145629476076, 49.2949074360904, 30.827160731451826, 64.22564168907672, 46.70938321355305, 55.65568352532697, 60.689055026402706, 27.46305890642209, 92.83733519015979, 61.88769840377198, 77.14663322424809, 36.2635342264507, 83.67265345705128, 0.0, 54.119828189375234], [31.1242450112947, 39.66554677642307, 41.222949220172815, 76.57796283798132, 80.82938102576796, 47.95233235980308, 68.79739577247656, 57.27129673862175, 76.28063136283252, 44.35851925448018, 20.304318798833393, 20.793479876159775, 40.321288241132855, 61.48866873921211, 33.85822115247568, 92.74262910703999, 75.37276421880557, 65.61197240388687, 28.983242315482315, 84.93570741045569, 20.606563353114066, 24.384346887630503, 25.66856571599062, 38.08901254927947, 54.119828189375234, 0.0]]",Route_4,1460.8947628497285
