instance_id,num_cities,city_coordinates,distance_matrix,best_route,total_distance
579,83,"[[68.82368564657591, 1.7902821152795734], [26.238353109549262, 80.90482871080346], [54.93614659144141, 14.869761946157766], [68.3055103121806, 12.687300805840994], [97.40996653267317, 99.51843474063821], [88.30204756022783, 29.098588852304495], [89.18492182281722, 57.85231695239287], [59.25201440454939, 78.02470369287863], [90.2843806692056, 56.72701277184882], [25.641538008410535, 14.645262684038585], [42.53676632076194, 36.35291497916254], [75.76590799560645, 78.53936829965407], [77.7064679433558, 95.34240879123101], [31.12740024549773, 79.84027819528318], [65.40979393934843, 79.72903040633695], [33.111299192464394, 23.038747151729353], [83.20455405391027, 94.77407220699855], [10.495224805121307, 40.58095122266958], [0.8521960258346728, 10.227451860674464], [29.57586123493341, 77.98627208950374], [79.80794556984836, 18.981610271195372], [21.852495791235892, 86.33931816050975], [23.15789094083388, 91.19658450776875], [33.53161260206519, 62.93286701056663], [43.73012272463838, 31.442431274559603], [56.72559608602425, 73.17168777296334], [10.42041202508549, 89.12393363297038], [67.6688514672503, 27.026615272481934], [13.916097161418639, 60.50873360029243], [83.14241892997836, 19.286342049063364], [8.824890437385092, 27.54770521529619], [50.68209764777281, 89.53899689197675], [71.36364144548027, 9.006457505265097], [71.07772422388553, 38.68152510157892], [59.56447564262587, 60.857384919201785], [95.99048422098465, 20.99987398322921], [60.00484739670393, 99.16925136936217], [62.77588792282489, 1.7122548624666778], [24.845548645668313, 79.68006519851602], [65.63780427799838, 57.06868801316634], [79.00477521259572, 58.98589837710787], [42.95216547907583, 61.346527828942975], [52.09080960511518, 53.0154223215879], [12.116401194765968, 92.25055406488414], [40.85863119665964, 19.824993892517618], [35.49455881678993, 59.47122985947628], [55.644978784688945, 44.96572575884111], [42.99426510747802, 61.91214046166385], [43.231674150456, 86.16406689920169], [88.658232480149, 85.38440403259251], [30.847907874961322, 56.14834692057854], [50.836502750569714, 27.110781524005034], [4.105708394707841, 16.025017308703728], [13.69810700637436, 84.62875212615054], [75.70314143686048, 6.104275876298882], [19.339284398468692, 25.153878618849003], [57.48624865604105, 40.87203465885919], [34.43471391144479, 77.56667734267909], [66.69224039784763, 88.89118891187337], [12.648662094121566, 85.84053639083356], [86.02228354674601, 87.37733493507545], [27.67341543208802, 38.00289560856894], [11.12671806302209, 88.59970269283878], [62.27196979120671, 54.65727137058076], [81.00624001205165, 91.60895155017043], [24.76413304396301, 5.96312055723992], [15.37204456879765, 94.92169258044338], [17.08621812834804, 34.48191705149837], [58.26707962851702, 44.93151920349289], [99.92616531499692, 24.97068616932916], [37.579089946513754, 47.06066691937396], [32.69479016642619, 55.42173790421471], [95.70142471280128, 95.44747003410032], [94.46114831550643, 79.83988043934733], [45.87427694150451, 53.99281358204414], [6.343778999712368, 73.98447262061289], [24.79075080604869, 6.0485938692271475], [51.02121766774667, 23.304681380811342], [60.675705258960924, 74.5201043933251], [27.22135224983402, 87.92798373360156], [25.920166755715712, 7.021539433116941], [59.17785426764972, 76.75354709261926], [6.658482017680889, 93.83150890334284]]","[[0.0, 89.84777142647702, 19.077120685633762, 10.90933187778338, 101.82321577353684, 33.543258632438295, 59.64504747841502, 76.8329611796691, 58.97970673110166, 45.054948674562745, 43.42323937853341, 77.06242068141854, 93.9728909150147, 86.67647789987846, 78.01348051308489, 41.555647181256084, 94.08929054876504, 70.04944934781518, 68.49313275486193, 85.71009630842327, 20.400875712243153, 96.7203813712706, 100.3934844180846, 70.59706868883768, 38.84503636092299, 72.39937047158585, 105.06240553651975, 25.26274239276191, 80.39091875363276, 22.60836650551675, 65.29395279279458, 89.60443158728519, 7.650134817074833, 36.960039217811726, 59.788423658316695, 33.27226118729675, 97.77747982569898, 6.048301047367724, 89.4477212835756, 55.37013634357578, 58.09469084453101, 64.93290351804401, 53.888812658796226, 106.76505472810334, 33.27604392464391, 66.61773358426952, 45.14196770600397, 65.43544006429748, 88.16964676792769, 85.91499558994218, 66.3095687418953, 31.05907981318256, 66.26495503356371, 99.50397747908883, 8.12018806066666, 54.72260600944802, 40.693007499961716, 83.21456273188427, 87.12698217910022, 101.0944039742264, 87.29796893462222, 54.81512669637581, 104.23442602782067, 53.27141384992168, 90.64109448766587, 44.25671424998827, 107.3803406082252, 61.20055996478043, 44.414054848909586, 38.79040311254242, 55.005749706472706, 64.66552511699018, 97.43757851144188, 82.15241500192874, 57.024377694552285, 95.47638387224949, 44.23836083834847, 27.92484989921977, 73.18481149113556, 95.65802519465231, 43.221267754935475, 75.58130164963767, 111.06799705979071], [89.84777142647702, 0.0, 72.00134299678406, 80.14534814058287, 73.56537831537666, 80.84422463691216, 67.03498199556573, 33.13905478766505, 68.45772731949424, 66.26225379746874, 47.43955406994259, 49.58401048672972, 53.454752483990184, 5.003603671117488, 39.189083662867695, 58.27281341123041, 58.63023081303763, 43.28811828305442, 75.09825943318648, 4.433614015533784, 81.87909512373687, 6.98351057818143, 10.74288064521129, 19.39543867459442, 52.464185540312144, 31.452717737440782, 17.825850495085934, 67.96578608000351, 23.82936607231196, 83.87437394925085, 56.12674326869205, 25.923840518540434, 84.88620282124944, 61.590393484746684, 38.89126438761107, 91.94543705643903, 38.38965057792168, 87.2149941406614, 1.85471020260238, 46.0486520512008, 57.137857927387074, 25.72700249366653, 38.02852213270911, 18.115049260040138, 62.80524462792516, 23.346873534038092, 46.436717741347024, 25.327510612204637, 17.788550989938162, 62.58041175722483, 25.181965486535617, 59.151233955831636, 68.55103128068482, 13.081489897238908, 89.67657435815227, 56.17620123536128, 50.78440287814602, 8.850061296474736, 41.23468134950944, 14.458247203499615, 60.13328259244475, 42.92592768686748, 16.957965661565435, 44.579768925925364, 55.804118858069515, 74.95620685290625, 17.735533091588437, 47.31646966587608, 48.16553040645965, 92.51228010094273, 35.69369131050668, 26.28827678883235, 70.96905475780679, 68.23110654631691, 33.314052035513754, 21.06384123152352, 74.87023071345729, 62.70540126772776, 35.02421915864489, 7.091614328490718, 73.8839744264348, 33.20005836768928, 23.46210588959083], [19.077120685633762, 72.00134299678406, 0.0, 13.546328761934362, 94.70703873665985, 36.27317001013212, 54.95888135427547, 63.30223836494194, 54.78619442068617, 29.295468795560826, 24.804646648086273, 66.99028088733186, 83.63213751137373, 69.19555176630472, 65.69948244817392, 23.303568037480467, 84.75731035565529, 51.34258255318325, 54.28282188420913, 68.02086390247193, 25.209396681999344, 78.75547863956105, 82.67793765296166, 52.61383984974645, 20.005707674858943, 58.32938097226818, 86.57558915119722, 17.6042851673167, 61.364160459411636, 28.549955850072635, 47.82236077025567, 74.79031742016505, 17.44250343689417, 28.767179094135955, 46.21994046422912, 41.50947978218444, 84.45173559416183, 15.316054870637663, 71.45501726538734, 43.53475437451209, 50.25467517850704, 47.99693292518557, 38.251631965753, 88.43821337384453, 14.924167090077187, 48.65456068265603, 30.104310005255552, 48.534461053700554, 72.2486857587002, 78.16325111753838, 47.792936946295804, 12.909285027732455, 50.84356460973839, 81.03636603249115, 22.541114013077358, 37.05266054850874, 26.12702062550517, 65.96371686140029, 74.94916538311679, 82.61405552560721, 78.89040531995751, 35.75469736006947, 85.76345486566976, 40.45812907459715, 81.04660999721057, 31.459158640052728, 89.29518333669873, 42.62925887858271, 30.245732993207863, 46.10998216122108, 36.57214484235047, 46.25084528662578, 90.30268512628794, 76.04828767504523, 40.1588178468525, 76.52298482347808, 31.409519151038158, 9.299168476088507, 59.925836562890225, 78.13842586167782, 30.05863740160956, 62.02898474152074, 92.551015009167], [10.90933187778338, 80.14534814058287, 13.546328761934362, 0.0, 91.57901065360589, 25.868743248494624, 49.75769798281264, 65.96167071999139, 49.21957915524924, 42.708876682176204, 34.98698988332367, 66.27331534490017, 83.1880092348629, 76.75763310835815, 67.10423743056695, 36.68494156722839, 83.4279302361258, 64.18788705031464, 67.49815156762143, 75.92062544757734, 13.111992545089704, 87.07756438081815, 90.56497757019422, 61.105162508474166, 30.91447224159878, 61.58291549020506, 95.88140300212578, 14.353441185236594, 72.42304672822398, 16.238263535939776, 61.30885547702284, 78.84648289718308, 4.78547525663347, 26.141630911429036, 48.95674305529945, 28.905996837344933, 86.87939213707524, 12.289359512523058, 79.85486052224488, 44.46149104485087, 47.51877951373935, 54.86813709897665, 43.46577853908239, 97.40393858859798, 28.359792590595795, 57.14275593396296, 34.67255075712011, 55.351097305781124, 77.6371844891573, 75.4923977444582, 57.37538243647809, 22.6539846652828, 64.2865064978353, 90.31910602898729, 9.902583676990837, 50.52827765321568, 30.189992466866922, 73.18855339893607, 76.22096301079641, 91.91888070533433, 76.762525050126, 47.87323338318346, 95.03739813002824, 42.40143913151246, 79.93707206996703, 44.05753209644104, 97.79799070607069, 55.663463682278014, 33.770693073524434, 33.92266762498327, 46.1046766224712, 55.62693145782984, 87.1767270350078, 72.06654113245226, 47.00325112409581, 87.15847302315578, 44.01825444820299, 20.28485993277229, 62.30176181006861, 85.72670768860588, 42.76234558969154, 64.71319817583884, 101.90553765774229], [101.82321577353684, 73.56537831537666, 94.70703873665985, 91.57901065360589, 0.0, 71.0064002956445, 42.47018639025575, 43.79508859410619, 43.380638169679344, 111.14928100438328, 83.6716857021171, 30.142768596981888, 20.141177954363883, 69.14194413405879, 37.6248796663728, 99.91727195747454, 14.976739282714254, 105.01332912063053, 131.5153324480506, 71.16951503263004, 82.43792354006482, 76.6982431263961, 74.71695872420482, 73.61350329264106, 86.69410521580207, 48.470290636830775, 87.6083800027479, 78.35558573030059, 92.15738172085409, 81.49080691872318, 114.13632907719574, 47.78161686569152, 94.18507882676764, 66.29114993300215, 54.10136739495817, 78.53139062469305, 37.406748944579874, 103.75725624511472, 75.22735971287089, 53.02312034918249, 44.51558796185403, 66.5037335257827, 64.93347479282912, 85.60265403344013, 97.71948650345614, 73.73802500350693, 68.70452866326876, 66.14606512100931, 55.79987908497118, 16.624189393233284, 79.44477434213255, 86.0927161437198, 125.20716968743974, 85.02574947456189, 95.90303088053176, 107.81984333178532, 70.94577853294025, 66.691544408316, 32.50410824494565, 85.85781055554827, 16.645889230576145, 92.99111846898965, 86.97136124039446, 56.98423285364375, 18.21104522271125, 118.44835978274992, 82.16660318303443, 103.35208363091246, 67.17065537160552, 74.59020092051823, 79.571044971509, 78.31074462676175, 4.414959659173374, 19.898266966415655, 68.76415842219781, 94.57818846507514, 118.3645286615755, 89.22136640091172, 44.433348641293634, 71.13916030915526, 116.90366595483658, 44.49645511579863, 90.9294950340855], [33.543258632438295, 80.84422463691216, 36.27317001013212, 25.868743248494624, 71.0064002956445, 0.0, 28.76727909652483, 56.90051967898945, 27.699448601605745, 64.30581695787455, 46.336661667433745, 51.00534744068636, 67.08584043983046, 76.4438312288384, 55.56524892231621, 55.52243138434963, 65.87301081565685, 78.64951565552668, 89.46282101937247, 76.41184811672814, 13.20995928205645, 87.70429876599646, 89.99956781050777, 64.378248842268, 44.63350849809814, 54.217251278287, 98.32899455230161, 20.736968330176566, 80.74569220598494, 11.08611541207315, 79.4922873264103, 71.1920189025266, 26.279333016170728, 19.710656547982467, 42.83070355875696, 11.166970977711486, 75.56870570992949, 37.4378967790276, 81.14932534442815, 35.99992181414464, 31.30000868590051, 55.64657557312391, 43.396643619515395, 98.95667447087176, 48.34125897952053, 60.91902977837757, 36.30771508400182, 55.942151549665965, 72.71731117153035, 56.28694216429527, 63.50328793476975, 37.518241241547315, 85.20529209961622, 93.00186546184385, 26.219665610833477, 69.07549089026304, 32.988293200212105, 72.46271618108236, 63.5778167876093, 94.56787690832678, 58.323319255142344, 61.27901527063701, 97.44954608035123, 36.480285096628954, 62.934682428679764, 67.61890618982324, 98.24187661448322, 71.41900716315533, 33.95262850155316, 12.335302758216068, 53.809429262631404, 61.52296523144499, 66.7602038367326, 51.113728038903375, 49.19185038773987, 93.44463787237697, 67.56468814489783, 37.72836653315833, 53.16322848539153, 84.80418056735616, 66.1732208961118, 55.849921036914594, 104.192239311929], [59.64504747841502, 67.03498199556573, 54.95888135427547, 49.75769798281264, 42.47018639025575, 28.76727909652483, 0.0, 36.09576337076581, 1.5732511730971621, 76.84146774452914, 51.36413823817616, 24.6581431892001, 39.20793146223658, 62.0817706844752, 32.30862574330999, 66.0017863179239, 37.402951885277496, 80.56282325556025, 100.35336676828179, 62.91753534296457, 39.9857414779873, 73.11063420002334, 73.96897312992031, 55.88472793272105, 52.57015144140278, 35.89277015814434, 84.74527723415595, 37.59208916254281, 75.31568571894968, 39.03647347615057, 85.88424847900698, 49.8649491631949, 51.99534613228588, 26.370245828850212, 29.772491756632547, 37.47556847268378, 50.58226777369371, 62.04146712475223, 67.94119173465064, 23.560153203744413, 10.24306554953463, 46.3646122467293, 37.40813696094716, 84.39665626222127, 61.49396445818049, 53.7147648111737, 35.930377281495595, 46.36872798256104, 53.97458806408809, 27.537124407885738, 58.36189433373161, 49.14919374552893, 94.80503970269062, 80.09517271188311, 53.47539768518115, 77.12069071699322, 35.96019837684699, 58.19141922944133, 38.33187042399832, 81.49318671271034, 29.69392139383077, 64.63485859922162, 83.89567869728137, 27.101942796147018, 34.73328685180285, 82.71956678697309, 82.59830178623811, 75.79181133836686, 33.50910294859635, 34.59155900956209, 52.72211674506682, 56.542397270241686, 38.15573803705267, 22.611756103739676, 43.482269102484885, 84.39728307677765, 82.64523571394875, 51.478222953230954, 33.02409071058514, 68.87691693564855, 81.15538908116005, 35.46379286080648, 90.02841507187658], [76.8329611796691, 33.13905478766505, 63.30223836494194, 65.96167071999139, 43.79508859410619, 56.90051967898945, 36.09576337076581, 0.0, 37.63773896704594, 71.7399307650101, 44.899192566271786, 16.52191154782711, 25.307504129990072, 28.183155117362407, 6.389286215642363, 60.883432956301746, 29.227820672708337, 61.4756791836673, 89.48187605692104, 29.67617805470655, 62.51906258793494, 38.312619412576375, 38.42244386833832, 29.821177094923847, 49.10027723931278, 5.471247850274259, 50.077123481776525, 51.68798863057698, 48.60200202214281, 63.41093404917062, 71.34999794607997, 14.353481148936565, 70.07288931100699, 41.08202909299938, 17.170162081423047, 67.83469884850703, 21.157945409636586, 76.39376631026282, 34.44626406058286, 21.907371030687166, 27.434424859867427, 23.32051940119747, 26.01436158908823, 49.23556490453825, 61.037060599921745, 30.143790194517823, 33.25517595812901, 22.88949772464042, 17.96943335949608, 30.313212475752312, 35.85203276486771, 51.604731440211815, 82.97635915287637, 46.03011986678404, 73.77796092298225, 66.2446236350312, 37.19460639703009, 24.821526784275925, 13.169565818430836, 47.25420285363282, 28.35699245509228, 50.97992776967083, 49.273469045815915, 23.561770389225252, 25.647185452412586, 79.88920906327995, 47.020846294521, 60.61294122629984, 33.107838288863846, 66.85144222584098, 37.79533341399, 34.87377555811057, 40.39940963430167, 35.255892803623986, 27.504465127127613, 53.06227323410628, 79.800620762947, 55.335584001216645, 3.782738677118227, 33.526680027024696, 78.43762746656581, 1.2733180389391916, 54.917526709513645], [58.97970673110166, 68.45772731949424, 54.78619442068617, 49.21957915524924, 43.380638169679344, 27.699448601605745, 1.5732511730971621, 37.63773896704594, 0.0, 77.13346094738148, 51.91279742831864, 26.202383526034833, 40.6122235081116, 63.51197817250761, 33.87975620098954, 66.3600820225368, 38.70016377955603, 81.40641680514517, 100.79843657030602, 64.32324959636836, 39.172325720173674, 74.5641435167267, 75.45937316802284, 57.09106156058797, 52.977438540027215, 37.37137084176404, 86.18476645481365, 37.330627810216264, 76.46186067805316, 38.115763689799394, 86.5279176815665, 51.42924384442369, 51.33464490695626, 26.354037206212226, 30.9963310557509, 36.17994007409235, 52.13629975716332, 61.50886733638984, 69.34755476803824, 24.648944597652502, 11.503567422083902, 47.557107924762114, 38.373490514913975, 85.861254364902, 61.681956099765465, 54.8585025865952, 36.58163521658648, 47.57352813278868, 55.50222830154014, 28.70349163088214, 59.439289635630466, 49.328047048401984, 95.30695666989463, 81.51051694446225, 52.680869662022026, 77.65352203929615, 36.429353473762745, 59.61104676465304, 39.88888704075303, 82.91502913334128, 30.945237446024876, 65.35078830027821, 85.33348646383763, 28.088769867439083, 36.09478559277655, 82.88471271380227, 84.08740491715477, 76.50369457068958, 34.12097938880425, 33.187773207036884, 53.584381234676265, 57.60438070804944, 39.09754694054475, 23.487231420209643, 44.49419241108551, 85.69623404250758, 82.81133796239378, 51.56208107215478, 34.54370809567897, 70.35940692173723, 81.32272814243797, 36.99564922624942, 91.48789296102046], [45.054948674562745, 66.26225379746874, 29.295468795560826, 42.708876682176204, 111.14928100438328, 64.30581695787455, 76.84146774452914, 71.7399307650101, 77.13346094738148, 0.0, 27.50765180622441, 81.20904628816136, 96.03533890696862, 65.42541350267281, 76.27195422118581, 11.236009685656375, 98.66167914555915, 30.03449256479971, 25.179923121410265, 63.46307880771294, 54.33970572710556, 71.79411139910331, 76.59160120872646, 48.9279675511743, 24.684848990717715, 66.26885467745753, 76.01812351353794, 43.81315976378475, 47.338609269204014, 57.687875020915634, 21.196052906154037, 78.9689879045043, 46.068501891794426, 51.40222688573114, 57.32648549503561, 70.63536874670825, 91.24221443713586, 39.32203752196732, 65.03967356285453, 58.30478824388138, 69.38102808820018, 49.806284639218106, 46.60293036502389, 78.77506316172489, 16.07449969647419, 45.89607120728064, 42.65603051722124, 50.35151311152105, 73.6502019404056, 94.73716219559843, 41.82836702923817, 28.110058845690855, 21.57998331729473, 70.99531208885975, 50.78496424609724, 12.253546810184243, 41.25444417817974, 63.532860514117274, 84.83877490920777, 72.37113943216289, 94.52930109598434, 23.445842738147732, 75.3653713257108, 54.247113948356834, 94.80854197715905, 8.726364155911051, 80.93063506743688, 21.602924680335622, 44.5161015809728, 74.99880148528395, 34.54364743357468, 41.38199242890789, 106.94570789739268, 94.79703026509512, 44.24470009397594, 62.398279933461545, 8.63866619191031, 26.816294892779986, 69.37138851609973, 73.29974773125393, 7.628813157068937, 70.58415899064644, 81.42983485830887], [43.42323937853341, 47.43955406994259, 24.804646648086273, 34.98698988332367, 83.6716857021171, 46.336661667433745, 51.36413823817616, 44.899192566271786, 51.91279742831864, 27.50765180622441, 0.0, 53.70170109232015, 68.67800442955769, 44.95914138114953, 49.03736108307805, 16.3127709333416, 71.18216469697973, 32.319292584692064, 49.194951202620516, 43.604145272222155, 41.120591312316655, 54.09694585045276, 58.166733605676626, 28.06397412144439, 5.053409712248147, 39.458141367138914, 61.77572842958592, 26.806744860746743, 37.45191952871722, 44.04641796331182, 34.842822712316135, 53.80618674152041, 39.73433610654374, 28.635794089392608, 29.839770974191115, 55.61488852078551, 65.19989243827324, 40.11978784270344, 46.79979838586879, 31.02903812718077, 42.920480076841365, 24.997064622579938, 19.20726149183361, 63.63917558985584, 16.61289598297382, 24.167109248611748, 15.684570237210792, 25.56331966715573, 49.81599896110676, 67.31475736781726, 22.988878561452214, 12.421862002422177, 43.47608120583513, 56.23366183429477, 44.88862446006842, 25.75930090151413, 15.617601120922624, 42.00258874640627, 57.82522940479632, 57.81283116443441, 67.0408952822732, 14.954652644486938, 60.961610526227865, 26.91705256754365, 67.32852280884671, 35.2051998801072, 64.56178294912507, 25.519228760675862, 17.917455377308322, 58.50724954737575, 11.799767228419382, 21.458902636656624, 79.48991973252527, 67.72929654493282, 17.95285492236579, 52.211746396222516, 35.11798605533238, 15.564135526796598, 42.2581998383778, 53.80101881181331, 33.71114018434049, 43.69367097444347, 67.75721396304256], [77.06242068141854, 49.58401048672972, 66.99028088733186, 66.27331534490017, 30.142768596981888, 51.00534744068636, 24.6581431892001, 16.52191154782711, 26.202383526034833, 81.20904628816136, 53.70170109232015, 0.0, 16.914725616231056, 44.657460079062524, 10.424221518861833, 69.99810425971944, 17.857745270326404, 75.50565218010495, 101.38334265872308, 46.19335812831586, 59.69476199071423, 54.47472104885196, 54.10922823857501, 45.025532643992, 56.959749078391226, 19.78245363575492, 66.19718171439486, 52.145239944426635, 64.42439668236436, 59.71041813132864, 84.15016064059989, 27.3895850778198, 69.6721295377055, 40.13261431155181, 23.98205467750411, 60.99038358369311, 25.961569803694584, 77.91755887206509, 50.933134458247366, 23.73959976240542, 19.81990027374524, 37.04504638129761, 34.81353331810322, 65.10957173165008, 68.30736223526488, 44.55755231446126, 39.141298723586566, 36.748405178503404, 33.41575078649104, 14.596799128574018, 50.18948668034466, 57.15220716308101, 95.09588995671876, 62.36579603456784, 72.43511961763372, 77.67866089881062, 41.86853196826369, 41.342638185297524, 13.76559601550862, 63.53812859759224, 13.53893990291835, 62.89748372715054, 65.41739220760341, 27.43065660887125, 14.08101864158834, 88.70452516408822, 62.576347675914846, 73.37823255844506, 37.890586101183445, 58.76497033879072, 49.488803918698224, 48.88298299158176, 26.14017465595704, 18.74042001781986, 38.67871450267149, 69.57139547953244, 88.61929264005192, 60.52413021633812, 15.61629600711331, 49.444109783885935, 87.17452475085503, 16.683904934549183, 70.77913456335453], [93.9728909150147, 53.454752483990184, 83.63213751137373, 83.1880092348629, 20.141177954363883, 67.08584043983046, 39.20793146223658, 25.307504129990072, 40.6122235081116, 96.03533890696862, 68.67800442955769, 16.914725616231056, 0.0, 49.09099307016989, 19.87424907136639, 84.95027111434092, 5.527382504590122, 86.6958386499619, 114.67839816313608, 51.16435070759599, 76.38970977057137, 56.57492241333405, 54.70589650110315, 54.78865067563338, 72.37125921975225, 30.524381310087566, 67.57279596354219, 69.0492678354937, 72.68147172288707, 76.25008099286205, 96.6477808987869, 27.64048081248216, 86.56863134204461, 57.04731355454609, 38.96599486852825, 76.55793709942527, 18.110552009683342, 94.81312116196565, 55.13243868915006, 40.13141344215, 36.37968459535631, 48.616678847703234, 49.47459687256509, 65.66289988824208, 84.02763251392717, 55.394826022503395, 54.995631619646446, 48.19252915448599, 35.67566911705992, 14.802128402443612, 61.089271869976216, 73.3317802115508, 108.20499248061702, 64.89878819343329, 89.26061664157783, 91.28613192989349, 58.102314292527595, 46.780565682014206, 12.764460284557677, 65.74803176544597, 11.51499850992612, 76.09944885227459, 66.92030468891404, 43.5144130162167, 4.982689903673809, 103.88237574205897, 62.33584313674342, 85.9000241119641, 54.029136649424764, 73.79630272622882, 62.78003713826616, 60.16403494084826, 17.995263460115414, 22.826469277439447, 52.18311420317833, 74.4902329888651, 103.79527206708684, 76.8214602355997, 26.90009736137081, 51.02666563203481, 102.38357756432438, 26.246053112681103, 71.06404943827872], [86.67647789987846, 5.003603671117488, 69.19555176630472, 76.75763310835815, 69.14194413405879, 76.4438312288384, 62.0817706844752, 28.183155117362407, 63.51197817250761, 65.42541350267281, 44.95914138114953, 44.657460079062524, 49.09099307016989, 0.0, 34.282574195219354, 56.83616616137637, 54.17608469028934, 44.35066423115958, 75.91135343830128, 2.417563223903426, 77.93313130222954, 11.325253776639986, 13.873671886711293, 17.077493669287357, 50.011800611935875, 26.452556181031067, 22.692853929067414, 64.22274245713113, 25.88315224774885, 79.82694627472189, 56.849935203201646, 21.82776522807906, 81.46401205102046, 57.35914349261726, 34.190897827829076, 87.57518387447992, 34.74933320130003, 84.29480886837011, 6.283894312177163, 41.346261087415364, 52.22210443232654, 21.950942472744664, 34.04463870601979, 22.7031502674524, 60.79910530399793, 20.83195151907878, 42.63034207073123, 21.499781493032145, 13.65663759268954, 57.79735278463462, 23.693579795179026, 56.292526508958254, 69.30050037699037, 18.075113980330745, 86.16260639479641, 55.942488091399696, 47.04585947609047, 4.013425534617807, 36.69845827636206, 19.428506429481256, 55.409885733111885, 41.97971644494951, 21.834715599081562, 40.05206667477363, 51.24841781939804, 74.15069514275925, 21.810096110660368, 47.4819515278908, 44.21745867143409, 87.99967161406218, 33.40849016938525, 24.468792800437914, 66.43334308159992, 63.33374807125772, 29.758390400353846, 25.46602326596917, 74.06325540910805, 59.93361059370854, 30.023433821794857, 8.981547295370348, 73.00468475056734, 28.219778166190743, 28.186565877483883], [78.01348051308489, 39.189083662867695, 65.69948244817392, 67.10423743056695, 37.6248796663728, 55.56524892231621, 32.30862574330999, 6.389286215642363, 33.87975620098954, 76.27195422118581, 49.03736108307805, 10.424221518861833, 19.87424907136639, 34.282574195219354, 0.0, 65.24554374363154, 23.302505666096422, 67.44021060886821, 94.8585940687601, 35.87628659177864, 62.430407843055704, 44.05603393584737, 43.78045344745927, 36.032340337398686, 52.93017853447019, 10.881821298254238, 55.7861661162557, 52.7508094900501, 54.96381188718466, 62.990194196500205, 76.9723457029838, 17.69577578141932, 70.97274559909386, 41.43697775483283, 19.75618256096325, 66.21398970211067, 20.17760239027646, 78.06122422282725, 40.56427484668531, 22.661489494079074, 24.801230659021204, 29.021741454770456, 29.849827480257243, 54.74462772692743, 64.7398886519508, 36.128932663923884, 36.10871037601971, 28.63385234496062, 23.092827718470577, 23.926411043822014, 41.83984466968293, 54.59909277191297, 88.41036245377596, 51.9432944506366, 74.34081975814429, 71.42085859175623, 39.65663485945482, 31.05046462626519, 9.25147649834828, 53.11391097431963, 21.985706492614586, 56.259262241916495, 55.003101307194626, 25.26735129632078, 19.605653686690516, 84.22279504675544, 52.29333940385314, 66.20022089167915, 35.523022867405494, 64.72909822112719, 42.91584856032932, 40.75679011705957, 34.12700161524358, 29.051565858296403, 32.31082296692643, 59.34470545046823, 84.13509014295954, 58.23004628263688, 7.038785821631785, 39.05867271600644, 82.73940958650341, 6.905836156607297, 60.420166768021986], [41.555647181256084, 58.27281341123041, 23.303568037480467, 36.68494156722839, 99.91727195747454, 55.52243138434963, 66.0017863179239, 60.883432956301746, 66.3600820225368, 11.236009685656375, 16.3127709333416, 69.99810425971944, 84.95027111434092, 56.83616616137637, 65.24554374363154, 0.0, 87.49452007639624, 28.62194515333205, 34.70992688194351, 55.061146177126474, 46.872562790633026, 64.29403505820088, 68.88077474067742, 39.8963339502963, 13.541835918506811, 55.41612358429055, 69.87222790711, 34.786887060688194, 42.10054234173431, 50.17164025865582, 24.701424109508277, 68.78238272895423, 40.74489956502693, 41.062707310342084, 46.152138703321974, 62.91223182854123, 80.74104660855447, 36.53501194615121, 57.24125734275148, 47.074519733207765, 58.29587311663323, 39.551595539048314, 35.47989388009967, 72.32606693383502, 8.387452723820381, 36.51035089789222, 31.441359811588523, 40.110020228194614, 63.93143188222022, 83.50115406132304, 33.186872963711515, 18.186926763619635, 29.841526499793, 64.57709147680232, 45.83493583665087, 13.933491041703661, 30.20205795411745, 54.5439877294235, 73.92038756670966, 66.05137582708889, 83.30081718263253, 15.921567725249286, 69.1488300616891, 43.012507292024345, 83.64088884843198, 19.006635849227035, 74.03944217854941, 19.691352428578394, 33.348264684348514, 66.842791109735, 24.433865505587193, 32.38566920482459, 95.71074632509936, 83.60725285630286, 33.482052350398625, 57.549692273896966, 18.918161486085413, 17.91189271979527, 58.396289481742876, 65.15600125211172, 17.55742944807229, 59.70548572934899, 75.57358435924043], [94.08929054876504, 58.63023081303763, 84.75731035565529, 83.4279302361258, 14.976739282714254, 65.87301081565685, 37.402951885277496, 29.227820672708337, 38.70016377955603, 98.66167914555915, 71.18216469697973, 17.857745270326404, 5.527382504590122, 54.17608469028934, 23.302505666096422, 87.49452007639624, 0.0, 90.68374122096482, 118.02559843004317, 56.19490124786357, 75.86853257763836, 61.92915411089796, 60.15313931336775, 59.00223267673616, 74.62658689746422, 34.17306290488053, 73.00311908937768, 69.50594201904855, 77.29814802681172, 75.48775573012396, 100.25826040087912, 32.94110174604156, 86.5811234798064, 57.38844694274361, 41.342411442365936, 74.87397634557226, 23.612369403549906, 95.27765870004556, 60.27937093078638, 41.59671495315457, 36.033755402322775, 52.32260992273166, 52.07542543155298, 71.13292922928626, 86.0845022220749, 59.350942059415175, 56.92452516200336, 51.93047174049749, 40.88964806862818, 10.858566977381285, 65.06277778430334, 75.0067440382994, 111.61559493185968, 70.2429619301092, 88.98653815369488, 94.47615584587302, 59.72320222810474, 51.71645526849501, 17.528970823760755, 71.11920944737842, 7.915258793283561, 79.41456950085495, 72.3418086588023, 45.24964964796961, 3.853644171289415, 106.31400632445215, 67.83267011420493, 89.48060303138553, 55.73291415873042, 71.77830442056151, 66.01705854668512, 64.03001220558566, 12.515000635181625, 18.70136353646924, 55.28707483964424, 79.62277433557723, 106.22797614633457, 78.38138150103795, 30.294755985533385, 56.40024655638932, 104.79507639369668, 30.03367490030262, 76.55187502443697], [70.04944934781518, 43.28811828305442, 51.34258255318325, 64.18788705031464, 105.01332912063053, 78.64951565552668, 80.56282325556025, 61.4756791836673, 81.40641680514517, 30.03449256479971, 32.319292584692064, 75.50565218010495, 86.6958386499619, 44.35066423115958, 67.44021060886821, 28.62194515333205, 90.68374122096482, 0.0, 31.848436814964536, 41.990817040366004, 72.60017072532995, 47.14674696169465, 52.1755253592732, 32.098026452111135, 34.4684056283827, 56.56326844924, 48.543040059712254, 58.75834926843211, 20.219269971192702, 75.7038651197632, 13.13984468662987, 63.33936362665327, 68.57049509675967, 60.612268192289655, 53.093550843805964, 87.70893893123265, 76.70587750127032, 65.14632217376867, 41.64939985191626, 57.55475250051263, 70.93871000231074, 38.53131414451903, 43.41438409517422, 51.69502945891924, 36.77969837272731, 31.333836790332068, 45.36217071689296, 38.87424925222339, 56.1203666285224, 90.09331358373622, 25.62372956766104, 42.53074391522846, 25.373604598992266, 44.16409422628072, 73.76119260417967, 17.78234965391895, 46.99192539282182, 44.05727040224047, 74.10791878818681, 45.310786152437764, 88.84952521381054, 17.370567174557166, 48.02290366573693, 53.65607244534965, 87.03826792242242, 37.44323626916946, 54.55913802764713, 8.979944922321824, 47.96954820532878, 90.78311239165824, 27.84820400864749, 26.703364049459662, 101.34313686280194, 92.69055957427358, 37.83590070311171, 33.66050718658446, 37.37439990192539, 44.05480220305457, 60.58008531290953, 50.214587789685396, 36.93457667064795, 60.65026878222832, 53.38859886267559], [68.49313275486193, 75.09825943318648, 54.28282188420913, 67.49815156762143, 131.5153324480506, 89.46282101937247, 100.35336676828179, 89.48187605692104, 100.79843657030602, 25.179923121410265, 49.194951202620516, 101.38334265872308, 114.67839816313608, 75.91135343830128, 94.8585940687601, 34.70992688194351, 118.02559843004317, 31.848436814964536, 0.0, 73.5955614276241, 79.43957247829013, 78.95586603844399, 83.98538246185326, 62.01455517767819, 47.83923023544123, 84.16539472293746, 79.47455941025744, 68.89613440327018, 51.95067666796219, 82.7873437009483, 19.06711914391507, 93.66611057850284, 70.52201615370623, 75.77109669718388, 77.52755574188595, 95.74622164393706, 106.81610301844569, 62.50641725512397, 73.48024543641239, 79.94545916370944, 92.11520906038727, 66.22361629972684, 66.75481958398832, 82.79294422407024, 41.14155646217601, 60.20832975042107, 64.87678102282082, 66.68778765458667, 86.9620012972605, 115.57883672017276, 54.849533566280755, 52.758674540525476, 6.6480905422981005, 75.5021252026291, 74.96442228899318, 23.760695534111136, 64.39337211387353, 75.24863318395613, 102.5811628407906, 76.52774113917926, 114.91757161858861, 38.611566736288125, 79.04287130154324, 75.80499634636449, 114.22617589263784, 24.28920034551134, 85.92985751651604, 29.1859993030525, 67.08830858834078, 100.16493572398356, 52.014906215634205, 55.285389503808055, 127.51010814830141, 116.65558778468726, 62.78849143417488, 63.99308696837654, 24.300560879905433, 51.84539193051754, 87.82025635723281, 82.05306242488115, 25.27213942283756, 88.47374614059696, 83.80543724015081], [85.71009630842327, 4.433614015533784, 68.02086390247193, 75.92062544757734, 71.16951503263004, 76.41184811672814, 62.91753534296457, 29.67617805470655, 64.32324959636836, 63.46307880771294, 43.604145272222155, 46.19335812831586, 51.16435070759599, 2.417563223903426, 35.87628659177864, 55.061146177126474, 56.19490124786357, 41.990817040366004, 73.5955614276241, 0.0, 77.49072468962298, 11.376456058072295, 14.68682051650767, 15.564477933716073, 48.64845563967889, 27.573326325012243, 22.158040055200704, 63.62360039912884, 23.466839635536925, 79.46733851117183, 54.540368694799, 24.061144317682455, 80.6500675449247, 57.16001895852151, 34.53571730522177, 87.51200897880322, 37.0761622879733, 83.18634188391177, 5.024419597157201, 41.68943582769988, 52.954997292246595, 21.349627731853488, 33.622406788387025, 22.545564645121793, 59.24554987099407, 19.438049538088293, 42.07083752195111, 20.938750442083283, 15.917209376435189, 59.543756584589346, 21.874941790505023, 55.139191306515784, 66.9919829510641, 17.21120624418219, 85.40929316194047, 53.81495428936948, 46.43766085899009, 4.876936444491013, 38.68517562410713, 18.66064142702081, 57.22229157568729, 40.02861095327859, 21.284167659307016, 40.16562945189727, 53.203959033571216, 72.18370373445252, 22.10332271605638, 45.26168459307164, 43.76988349611583, 88.08982707791414, 31.94440052573568, 22.77906759897736, 68.3921309722538, 64.91175812934807, 29.0055926623365, 23.57422414361262, 72.0966492254715, 58.736527603897045, 31.292405097992585, 10.216718796918313, 71.0588304373062, 29.627649289589765, 27.86176232534474], [20.400875712243153, 81.87909512373687, 25.209396681999344, 13.111992545089704, 82.43792354006482, 13.20995928205645, 39.9857414779873, 62.51906258793494, 39.172325720173674, 54.33970572710556, 41.120591312316655, 59.69476199071423, 76.38970977057137, 77.93313130222954, 62.430407843055704, 46.872562790633026, 75.86853257763836, 72.60017072532995, 79.43957247829013, 77.49072468962298, 0.0, 88.85884858101345, 91.7836107017984, 63.82172014224673, 38.16911528092102, 58.90126787549665, 98.6639515629361, 14.562956811803591, 77.88605561119088, 3.3483688634705815, 71.49805660666358, 76.33256070599423, 13.069427869974506, 21.547700783932164, 46.512133654187245, 16.307910522406996, 82.59673408884643, 24.25534217290116, 81.8850872028301, 40.63764751008517, 40.012349962025745, 56.152780570281074, 43.89236822921439, 99.75210927357112, 38.958444348744216, 60.02570732552708, 35.48271722312185, 56.55331547858386, 76.49383053239659, 66.9899887872306, 61.469110976565794, 30.09032941475116, 75.75995086631909, 93.16682879981052, 13.515737423025742, 60.7828584422826, 31.264178111440923, 74.10087877277435, 71.12925493688226, 94.76542280201292, 68.67745735529532, 55.496112733873744, 97.79463075380424, 39.75252496870238, 72.63722606778792, 56.562375938579315, 99.59358131402128, 64.60862638633762, 33.725460398591196, 20.990755008519645, 50.71202687241026, 59.56116447801997, 78.10013052836548, 62.597487158552426, 48.75734020485361, 91.7730823088865, 56.51685264530788, 29.109528459396866, 58.74152661165169, 86.71189197925604, 55.1990579627292, 61.34490485146786, 104.65825979449798], [96.7203813712706, 6.98351057818143, 78.75547863956105, 87.07756438081815, 76.6982431263961, 87.70429876599646, 73.11063420002334, 38.312619412576375, 74.5641435167267, 71.79411139910331, 54.09694585045276, 54.47472104885196, 56.57492241333405, 11.325253776639986, 44.05603393584737, 64.29403505820088, 61.92915411089796, 47.14674696169465, 78.95586603844399, 11.376456058072295, 88.85884858101345, 0.0, 5.029621542900493, 26.158435062435764, 59.09567454565472, 37.27626073244745, 11.76633428752331, 74.94754946837503, 27.02231525857661, 90.84358141198067, 60.21770714628285, 29.006617989538853, 91.82442420793765, 68.51560664180397, 45.51397967686544, 98.821476885369, 40.251821314952615, 94.0024673399948, 7.300959895880015, 52.66804561120077, 63.36081294383927, 32.70834189459333, 44.998196143733985, 11.390094288836059, 69.17650262825454, 30.13303921852756, 53.42009036946892, 32.30574902632953, 21.37989663959897, 66.81256106107658, 31.502574227614907, 65.94006529812124, 72.51930341071856, 8.331872095308405, 96.63102010638059, 61.237033267549435, 57.76710320112542, 15.3385605499076, 44.91230055027054, 9.217338985732187, 64.1781827369044, 48.685653436972885, 10.961370630949379, 51.35645983937724, 59.38799955717586, 80.42891751510365, 10.754227016867945, 52.07597769164433, 55.14188725920707, 99.30562353348577, 42.3100249001061, 32.76357911191523, 74.40848562774818, 72.89896509609397, 40.29072260553411, 19.82832582026009, 80.34446931650511, 69.45631555055122, 40.582451964479205, 5.598971153360051, 79.42201186902103, 38.53659809011174, 16.94080802907503], [100.3934844180846, 10.74288064521129, 82.67793765296166, 90.56497757019422, 74.71695872420482, 89.99956781050777, 73.96897312992031, 38.42244386833832, 75.45937316802284, 76.59160120872646, 58.166733605676626, 54.10922823857501, 54.70589650110315, 13.873671886711293, 43.78045344745927, 68.88077474067742, 60.15313931336775, 52.1755253592732, 83.98538246185326, 14.68682051650767, 91.7836107017984, 5.029621542900493, 0.0, 30.107338438765204, 63.19632544052237, 38.101020078402605, 12.905008747689294, 78.0961622529677, 32.049258112797766, 93.64414860817654, 65.2427370564694, 27.574073901952335, 95.28384626159828, 71.09248825516737, 47.390995361182874, 101.15416359388212, 37.69962356505345, 97.8623060066241, 11.63951912791409, 54.4908832400366, 64.47016972113155, 35.81674452297982, 47.90527036059147, 11.09167920739907, 73.53380278861698, 34.03955789726974, 56.504010275711, 35.370332245662546, 20.694999536782902, 65.75770816902723, 35.88196369229671, 69.80756188113023, 77.54837312887007, 11.516246536076373, 100.00852132655248, 66.15301018892299, 60.91794859414265, 17.690141481612304, 43.595348736980725, 11.795386487245562, 62.9803026747949, 53.38500257690327, 12.30824585294379, 53.52599899909073, 57.84981881426354, 85.24859758787802, 8.631096910709289, 57.03874749165881, 58.078493419821484, 101.38657485643803, 46.432210825363455, 37.02420959786887, 72.66797313729447, 72.20200301609711, 43.59076466437881, 24.061819465379937, 85.16364565423792, 73.38716159173116, 41.05717209230189, 5.214927500035589, 84.2203560963568, 38.807719436222555, 16.708480522890525], [70.59706868883768, 19.39543867459442, 52.61383984974645, 61.105162508474166, 73.61350329264106, 64.378248842268, 55.88472793272105, 29.821177094923847, 57.09106156058797, 48.9279675511743, 28.06397412144439, 45.025532643992, 54.78865067563338, 17.077493669287357