instance_id,num_cities,city_coordinates,distance_matrix,best_route,total_distance
758,74,"[[39.820770609686186, 99.94747097218419], [86.31529121520212, 77.71826910657579], [27.781209757993373, 54.67820070232716], [91.70664855934803, 4.469922176578766], [93.71855418947119, 38.22454587586337], [69.07300368279593, 27.556322401449197], [72.84108318534037, 67.19971413026214], [15.993437051794778, 98.45699371156826], [33.20766704911624, 15.05442662166332], [52.70919681819054, 28.247395918947625], [23.796740155976572, 14.12477570605043], [47.76758326815532, 6.088450366973685], [25.604561646356405, 36.82989417971834], [9.079532595623741, 12.933027075770942], [53.70647329695545, 48.595035262941956], [9.292242840856291, 46.03479408085674], [72.12755265598145, 53.801110606927715], [92.00349487441453, 39.44471684010118], [60.00564037432095, 73.8153305418425], [1.1570834756734372, 53.41172906186055], [13.025301738135198, 91.53782480537902], [52.46749376979585, 60.81489848215281], [13.258244636453064, 34.179093295154814], [87.46036174327544, 27.047565503348647], [16.180847791204013, 43.875021923135115], [97.20026936595542, 27.351812636943706], [62.633551717460655, 36.76769035957675], [39.758070374188925, 36.11337001337686], [58.75762011153808, 14.928597491731955], [22.91498440592393, 1.771085691821872], [64.95004184845192, 84.91465110610855], [93.58206980311911, 88.6741397388688], [75.7971657577212, 69.33690975188279], [18.798565581876183, 51.226386350638165], [17.906151066820662, 80.01975730158591], [24.07635643348187, 31.865523392977945], [73.59177627450784, 89.7136831525905], [35.68949560230408, 80.16620835589512], [18.379247111579765, 4.438067590250549], [89.66777164178313, 57.372935258999114], [82.24380243149655, 97.67426565558118], [71.84384953044707, 33.38402500475516], [8.658685501263896, 17.022797918091083], [26.231824856778886, 90.30030293776964], [84.01774928189359, 29.829430825231473], [8.841258463393176, 78.77598063835312], [27.924042331472855, 53.25748541743807], [63.99636844913472, 75.80002569062874], [40.840442648590745, 70.19347725819458], [50.703067079156895, 36.94487603248688], [94.53357072760161, 9.075059429197063], [43.6390474153051, 16.105553511228187], [20.357542795807802, 25.395359804727846], [43.348161094948686, 93.81695863636345], [62.47177656600075, 91.38383465702832], [78.92059294265425, 73.69672065399577], [14.074998881464252, 80.03199671201783], [84.90088193527713, 89.84003842940132], [17.970441629911814, 42.802929054839964], [89.06616513587505, 27.96332413063263], [90.81265838459993, 17.709448415869534], [70.11460154387025, 70.37598235774638], [3.7855889279332144, 21.739760573370383], [8.243808690793708, 89.64941662783377], [19.189671762618143, 67.72258982019814], [35.07720171123009, 22.890770405206794], [82.79194474352701, 1.9019755512341696], [31.55071472929516, 82.090945662218], [40.91457217060631, 61.29618572603549], [61.98078587356982, 59.11746948888007], [82.4593616437229, 91.23393429722468], [69.52252880214822, 55.03584272560534], [24.213032920759968, 53.76349118780171], [40.410495684933935, 90.49786158011453]]","[[0.0, 51.535209924077286, 46.842906146683255, 108.66511240791324, 81.94321544374112, 78.07798365194738, 46.505447216122526, 23.87390514648643, 85.15023263504526, 72.84924359780148, 87.30581065842681, 94.19483839573236, 64.69875653706092, 92.28508634248162, 53.19666711732131, 61.95617594171618, 56.3312945097744, 79.89755921964047, 33.01995958335451, 60.50170227308546, 28.08414678599154, 41.125391625807225, 70.92987585176687, 87.08574430261656, 60.85199662477805, 92.53397476952816, 67.17222387362531, 63.83413175205518, 87.10231407339839, 99.62132419259173, 29.282519463279403, 54.93054967922546, 47.236717350694235, 53.062954977376904, 29.620336288534826, 69.87873899785005, 35.28755073322432, 20.208062348508715, 97.88659287304246, 65.55390608565706, 42.483892140030754, 73.86589146977192, 88.58655061256641, 16.665152197315425, 82.88493516798593, 37.52282206574845, 48.1818108296901, 34.16955727720895, 29.77146071322429, 63.9355249105302, 106.07207774141594, 83.92881722801822, 77.05085668868126, 7.07288237815183, 24.21577869429877, 47.09456442879091, 32.54951423430249, 46.19931416952614, 61.17953536491985, 87.2171214759238, 96.76396525991645, 42.33425482446517, 86.1102797850621, 33.213768941605835, 38.26336635604764, 77.20256827439884, 107.04877850204738, 19.67865138697907, 38.66675901900525, 46.4559500777045, 43.51982498532939, 53.84467282361724, 48.749989379389376, 9.46799309923001], [51.535209924077286, 0.0, 62.905353064040625, 73.44649114824671, 40.181618649455835, 53.04259964027151, 17.09369125793852, 73.316150139115, 82.14120098671647, 59.805826426588574, 89.17792119929491, 81.34344915627236, 73.19598273772122, 100.80917614251065, 43.72067880918987, 83.28500807817804, 27.808674835778948, 38.6939331674003, 26.597568625894397, 88.55917927778052, 74.58151699490233, 37.83381199894952, 85.04699809603709, 50.683640261531714, 77.87300902311055, 51.52924108358011, 47.30512324635735, 62.438309081798, 68.57089833273038, 98.93216651900877, 22.544662214959423, 13.146755202609857, 13.449094682238211, 72.52811932071695, 68.4478436749666, 77.3056226431111, 17.48650309757208, 50.684944391873266, 99.92644306049604, 20.619692877925168, 20.367101393663148, 46.63633588217543, 98.5621054655502, 61.386729062339555, 47.94392068732031, 77.48125260030855, 63.307723738011624, 22.401204682795655, 46.093213649274894, 54.13594084053665, 69.1334242820107, 74.94923954184885, 84.19092239882825, 45.88400674905457, 27.482009981811654, 8.417506429963165, 72.2773351189437, 12.204009387366597, 76.74698323559242, 49.830932731452755, 60.177112527486, 17.786835596272745, 99.72334319118764, 78.97789985010381, 67.8657674478764, 75.04263074989888, 75.89811815077631, 54.93886727937715, 48.27949991791281, 30.629363307773804, 14.054942134563415, 28.222142654118596, 66.5621654576186, 47.650479918521896], [46.842906146683255, 62.905353064040625, 0.0, 81.28550275704067, 67.95922415554605, 49.40251540251767, 46.76730152376217, 45.33800064756912, 39.99362338083245, 36.33169388248332, 40.7486966287026, 52.53968941419131, 17.98054066836961, 45.742892888369255, 26.629385860878713, 20.409565788792968, 44.35501567423221, 66.00424937953304, 37.47857610743741, 26.654231384773137, 39.7035100527497, 25.437603620472817, 25.12229926603583, 65.76513653282738, 15.851721341725586, 74.6038693470635, 39.18510075012457, 22.092942962158006, 50.39413610521518, 53.13043353777529, 47.91414208758238, 74.06400646504672, 50.20368294823919, 9.623041032504132, 27.197633629188047, 23.111559535795944, 57.672290010773, 26.68669179841638, 51.112306509526, 61.94520268856226, 69.38901643764926, 48.938309557606146, 42.23269222761274, 35.65578159631938, 61.481783822755574, 30.650036751804443, 1.427877118229809, 41.92456570867481, 20.27972806267158, 28.980723712456587, 80.84258895528978, 41.70515707313245, 30.209197311407674, 42.120925281221254, 50.50484124791735, 54.56134724930821, 28.82143627047222, 67.07467317837232, 15.403676443128575, 66.85454648645687, 73.07292358723583, 45.15015403072025, 40.75206322566855, 40.05865678937602, 15.619558655237574, 32.61398815655609, 76.23326639235312, 27.670702086587713, 14.70656091800738, 34.48649175901153, 65.7725014903647, 41.742851164753205, 3.6835552714371436, 37.98087635144969], [108.66511240791324, 73.44649114824671, 81.28550275704067, 0.0, 33.81452920483778, 32.33053905737995, 65.5052391449215, 120.68993335200217, 59.44882313454536, 45.6746045398638, 68.5927974063593, 43.968865031597055, 73.5979190079222, 83.0594030620102, 58.23262766574158, 92.30261559864488, 53.07454331733641, 34.97605437281805, 76.24788247087484, 102.92970512946609, 117.35234980935925, 68.66198091720145, 83.8855585104046, 22.973483190739458, 85.18749008924631, 23.532122314124784, 43.455618619235395, 60.8273176003985, 34.569095519009224, 68.84458421233255, 84.77777076113229, 84.22509994128272, 66.78950306829589, 86.6126752012084, 105.61387701225773, 72.96831763880792, 87.14727410098088, 94.16925807690012, 73.32740836683674, 52.94228756186983, 93.68348360405507, 35.07928345364065, 83.99130227278746, 107.95279894700978, 26.499506618047267, 111.30167653669643, 80.30222403022861, 76.52348195888351, 83.10810186932287, 52.305987440693954, 5.403589368264059, 49.45586109146895, 74.35434643103525, 101.59446950494186, 91.69899630381265, 70.39767642235141, 108.3342057699641, 85.64096688128734, 83.10503973086985, 23.641321623047588, 13.269674957338438, 69.35290378147327, 89.6011163153791, 119.25431612271029, 96.22687715899146, 59.550162886309245, 9.277192139566392, 98.20264590083028, 76.21718476086669, 62.20917407958371, 87.25540736579873, 55.21818079556996, 83.57777274989839, 100.1603796804589], [81.94321544374112, 40.181618649455835, 67.95922415554605, 33.81452920483778, 0.0, 26.85543058446695, 35.713151231710725, 98.33179346654077, 64.79523044766974, 42.205579172287095, 73.95849511700743, 56.07334806454932, 68.1282689749054, 88.33699621098287, 41.33417070024186, 84.78680336559967, 26.623311515290396, 2.104814869800111, 49.02310180973704, 93.79912789480655, 96.71456302642007, 47.03162783302523, 80.56194573091108, 12.809756552768711, 77.74331992566741, 11.416596193913014, 31.11912284561112, 54.00176735164957, 42.01152368955094, 79.63667655975571, 54.841528322310154, 50.449778482466236, 35.9048095563185, 76.03980897328489, 86.56997265421838, 69.93191599850647, 55.28307559045452, 71.59940427197546, 82.56837957669393, 19.572165317532953, 60.546999180753076, 22.403869001205255, 87.66239431888665, 85.2428478500968, 12.829012922599617, 94.06686021691468, 67.49005157719859, 47.909550284811694, 61.79083470756804, 43.03451738134939, 29.160878108551685, 54.74675170245754, 74.47433120175721, 75.01795023213133, 61.66255829569434, 38.43507305252155, 89.94975735107367, 52.36325443979504, 75.88635021444378, 11.266649706581696, 20.719880651727074, 39.885604525246066, 91.43132060296561, 99.75193957974224, 80.15415717439483, 60.612976256424034, 37.93046149168014, 76.0861438986266, 57.62430982167731, 37.997370892907625, 54.19192446840201, 29.462982644568118, 71.22131919757369, 74.660890941908], [78.07798365194738, 53.04259964027151, 49.40251540251767, 32.33053905737995, 26.85543058446695, 0.0, 39.82206587937911, 88.56831028059885, 37.98183473630249, 16.37839301362298, 47.22654429005652, 30.245503281201994, 44.4466487668307, 61.7499582126933, 26.052978619868007, 62.57150535545593, 26.42194499615827, 25.829079515497057, 47.139292649559906, 72.67100020747942, 85.05867118137694, 37.17359065770611, 56.2063023308937, 18.394395070935218, 55.35232704177425, 28.128009155552046, 11.239032043458156, 30.538310017433403, 16.305415499694256, 52.87193183283167, 57.50631866220622, 65.84893255156504, 42.318221075053174, 55.56789589072009, 73.28341427735077, 45.202516266957915, 62.321399224368584, 62.30777408879306, 55.71634105733462, 36.23775475359279, 71.34420723414374, 6.452883413174662, 61.32572852711085, 75.97482278192514, 15.116628027705742, 79.06526748250641, 48.515840718956056, 48.510072483454856, 51.13711447498976, 20.630063259830013, 31.46104822304214, 27.892763211877902, 48.763366257633386, 71.0791069191584, 64.16796334763646, 47.179565122354404, 76.01629382228639, 64.26338780539, 53.32851828817383, 19.997303700660428, 23.86573933155129, 42.832326633946884, 65.54600610924611, 86.92377876036971, 64.04432716340364, 34.314456532481486, 29.09217860764214, 66.1962786152212, 43.9462813260512, 32.348192514079514, 65.06944625711118, 27.483196867879823, 51.95414009072896, 69.16051416022705], [46.505447216122526, 17.09369125793852, 46.76730152376217, 65.5052391449215, 35.713151231710725, 39.82206587937911, 0.0, 64.8742814815606, 65.49762349873119, 43.84718853855213, 72.26545974333636, 66.05502976188332, 56.157055931835885, 83.72818317314113, 26.688337740233802, 66.98066101365714, 13.41758928391523, 33.72740571580341, 14.44004752970438, 72.99797494877508, 64.57763809070484, 21.350620987070357, 68.12103970051173, 42.73076578897517, 61.27335098944854, 46.703588778626816, 32.09831412157522, 45.39654752529336, 54.13514169917706, 82.30140192407127, 19.39297618826705, 29.855309094003008, 3.6477430419107337, 56.3537124711056, 56.41099426336123, 60.220458402790356, 22.526480889222025, 39.349338399055576, 83.09702681166469, 19.48597001421499, 31.892152951648796, 33.830390272584545, 81.46841776443298, 52.01980550898012, 39.00584493806148, 65.03835415127224, 47.03112055382796, 12.336706922847313, 32.1403735576989, 37.489291610274954, 62.04062781669126, 58.850421769755044, 67.09788411264928, 39.72795185417308, 26.31338452991241, 8.897838650970927, 60.15081163765211, 25.65195957932197, 60.04989947302713, 42.45877511780802, 52.65229259608574, 4.185974437833976, 82.67568363509035, 68.38711146373475, 53.653959282026285, 58.21849566951014, 66.05160338163847, 43.893545126525034, 32.46773403231962, 13.53767838823185, 25.88735250150186, 12.60843252522815, 50.450167090843784, 39.93177532012046], [23.87390514648643, 73.316150139115, 45.33800064756912, 120.68993335200217, 98.33179346654077, 88.56831028059885, 64.8742814815606, 0.0, 85.16054198739447, 79.23026339363796, 84.6924703445703, 97.68082804409934, 62.372053939891416, 85.80297747718336, 62.517901461592096, 52.84877499029553, 71.72995769216314, 96.22877798118756, 50.440912016671575, 47.42566029901846, 7.528925925559972, 52.414541367146775, 64.33606888434595, 101.02884618703037, 54.58229353094791, 107.93746518311123, 77.33608759227798, 66.71945153228958, 93.83905545041041, 96.93334115451873, 50.7951198094829, 78.20294217017054, 66.5166539819253, 47.31383537352072, 18.53618518845923, 67.08023184905183, 58.25816818906562, 26.879128545256027, 94.04919222751022, 84.35524545759837, 66.25498906613461, 85.75406596980389, 81.76384790870836, 13.09030898125093, 96.62840908395461, 20.94029450959216, 46.74756563042215, 53.08125490829696, 37.632433477485016, 70.62930721734082, 118.98606125875303, 86.86794273747489, 73.19185588630815, 27.745465448902337, 47.01346214658755, 67.62320659653815, 18.524603084730952, 69.44413494820873, 55.689168245873354, 101.53315242144343, 110.08216000846006, 60.97248268384488, 77.68246530714559, 11.731587864375266, 30.90015370325104, 77.93872066157873, 117.40916557826674, 22.580443252701947, 44.7435875377433, 60.518050346347785, 66.85724881539034, 68.92575727957978, 45.44305143903781, 25.681521305796792], [85.15023263504526, 82.14120098671647, 39.99362338083245, 59.44882313454536, 64.79523044766974, 37.98183473630249, 65.49762349873119, 85.16054198739447, 0.0, 23.54493793181833, 9.456732829731381, 17.099119582747402, 23.064652590866885, 24.221214012495828, 39.30869478390076, 39.137331065974294, 54.91869459032524, 63.65403071763599, 64.58308759926946, 49.98522339538958, 79.10144162576745, 49.64838074101969, 27.63570751710591, 55.56248970135376, 33.474457240899795, 65.16347791585363, 36.56977591764671, 22.05418056733278, 25.5502629039683, 16.804358430236878, 76.7334954431152, 95.2099294578154, 68.99603883581162, 38.936266843751184, 66.74301897358359, 19.130964644097325, 84.88156963486922, 65.15906378681066, 18.23702598911864, 70.55919205818013, 96.07590944263617, 42.76363845156465, 24.627768485946824, 75.56854025896732, 52.91469744519998, 68.221391906559, 38.56670055255329, 68.1026573647974, 55.664837810325935, 28.02286205259863, 61.61671278155958, 10.484205457834026, 16.494259377797803, 79.41263167066198, 81.74696714157322, 74.35449040322065, 67.7358369407245, 90.91246448493455, 31.656791147550944, 57.330719892615264, 57.66614403173548, 66.50260403067392, 30.172046185415468, 78.66134220921391, 54.50173948196315, 8.056267358195457, 51.2990015851817, 67.0569934910954, 46.87959760512494, 52.625508202812696, 90.71409377892346, 54.011876636702596, 39.74034628294603, 75.78649364291115], [72.84924359780148, 59.805826426588574, 36.33169388248332, 45.6746045398638, 42.205579172287095, 16.37839301362298, 43.84718853855213, 79.23026339363796, 23.54493793181833, 0.0, 32.17729870455463, 22.7032687614193, 28.4309782489868, 46.23935005207995, 20.372063892702766, 46.919328917198385, 32.094623814554325, 40.85855914667906, 46.14839926112518, 57.366053137785556, 74.70267677502106, 32.56839946279184, 39.89439386440957, 34.77187163033717, 39.73088190770631, 44.500085459080665, 13.080070241465917, 15.152729939609884, 14.627843856163892, 39.8583754875969, 57.97427099586239, 72.95192331063305, 47.13175635152697, 40.96297001079176, 62.382925522184685, 28.860533517496467, 64.91676664035336, 54.63728868035987, 41.77833843419485, 47.05564041472583, 75.447883801741, 19.812114798370974, 45.458103211237436, 67.46565419136999, 31.348497441139767, 66.9143772985032, 35.21091392811274, 48.87384619230376, 43.5929015466637, 8.92584544204335, 46.009311442255324, 15.155591286537033, 32.477124687705455, 66.23440604976344, 63.88675809477086, 52.465973789356184, 64.6084060282545, 69.49790070281405, 37.66489953393241, 36.35807808498727, 39.53380984575692, 45.582517580713464, 49.354520834373986, 75.81146937274417, 51.78657638319483, 18.427715223172314, 39.988159461156336, 57.85161374812407, 35.09039296289622, 32.23234099200476, 69.65900030882234, 31.627662175948196, 38.250522540724376, 63.4537510679809], [87.30581065842681, 89.17792119929491, 40.7486966287026, 68.5927974063593, 73.95849511700743, 47.22654429005652, 72.26545974333636, 84.6924703445703, 9.456732829731381, 32.17729870455463, 0.0, 25.282085445314323, 22.77697573086416, 14.765380563069803, 45.637604346460186, 35.051814718282536, 62.53062440178572, 72.75479921113764, 69.81437381819535, 45.343343045959834, 78.15883863290452, 54.790324671714124, 22.654702420903227, 64.9619520162067, 30.709590789995275, 74.58573996717759, 44.95552820587364, 27.17098345564634, 34.97011948407267, 12.385118092711158, 81.88284740620375, 102.1156203117722, 75.84473619611013, 37.436763501881, 66.15774814255126, 17.742951100475643, 90.51645458703867, 67.10371419340456, 11.098718169536115, 78.79972140636936, 101.96360311143016, 51.76334033649673, 15.412956610285683, 76.21443817630933, 62.23508763194762, 66.35845637035115, 39.349759752806484, 73.61960727665088, 58.60193758230315, 35.28041110029309, 70.91684449970616, 19.940928716764585, 11.783638844073254, 82.05548172383946, 86.39861475340547, 81.16314293402112, 66.62037251575518, 97.29602844849789, 29.264009192376783, 66.72033617800574, 67.11172158767836, 72.8666078071426, 21.411075825402445, 77.10943563225571, 53.79545293977748, 14.286058797484703, 60.24807887353346, 68.40704919958416, 50.181292292592765, 59.011556844390476, 96.8871792264253, 61.356035986631944, 39.64090141141142, 78.15922926118918], [94.19483839573236, 81.34344915627236, 52.53968941419131, 43.968865031597055, 56.07334806454932, 30.245503281201994, 66.05502976188332, 97.68082804409934, 17.099119582747402, 22.7032687614193, 25.282085445314323, 0.0, 37.89770303198418, 39.288846956394394, 42.91946148651378, 55.462259213849514, 53.57150413931941, 55.40267492335607, 68.82369025237465, 66.42312396552038, 92.24219055197017, 54.92789165830802, 44.49695127664445, 44.886536627086535, 49.24984109679749, 53.81190416504162, 34.09124204923424, 31.07487886656328, 14.104223162098734, 25.224815320339484, 80.67717648647599, 94.44238066405107, 69.18110369966553, 53.63429174113653, 79.7342039414375, 35.01045162119318, 87.52181729647727, 75.05594200547483, 29.434640567902143, 66.22480031216311, 97.85995733637772, 36.39663434906403, 40.60869169167842, 86.92194776786036, 43.33253614944506, 82.45444693743656, 51.17307870841592, 71.57567465665979, 64.47821143523892, 30.995742773096982, 46.861257097389554, 10.83453569336975, 33.52710948968565, 87.8397544140318, 86.55354343831627, 74.44050122737258, 81.25785062832999, 91.61446595860416, 47.284485776323415, 46.73417343294694, 44.5861647535735, 68.0608257023066, 46.68382307952282, 92.43680998006526, 67.93720756814952, 21.0562043760873, 35.27367953786962, 77.713358673463, 55.63144618450371, 54.90074678302723, 91.94168217177739, 53.564212622765496, 53.17637030989988, 84.7294248715067], [64.69875653706092, 73.19598273772122, 17.98054066836961, 73.5979190079222, 68.1282689749054, 44.4466487668307, 56.157055931835885, 62.372053939891416, 23.064652590866885, 28.4309782489868, 22.77697573086416, 37.89770303198418, 0.0, 29.054033153957842, 30.46532427410269, 18.730240975552086, 49.52182225545456, 66.45039978336754, 50.51095644060159, 29.540420392483387, 56.135509734754194, 36.012463865394096, 12.627679479565172, 62.62454758289703, 11.766061692208313, 72.22035304262737, 37.02904231817476, 14.171634210273092, 39.73401668861276, 35.1618241609171, 62.13059359931725, 85.49132945977757, 59.79969539127383, 15.924213301041787, 43.87060293564205, 5.19426496059821, 71.41055877036355, 44.49429198528871, 33.18788333004392, 67.27638078629944, 83.12665719857786, 46.3675075715611, 26.06690968722959, 53.47408785466321, 58.83117351304483, 45.17170024251035, 16.590531773340913, 54.70467968610645, 36.677796358950346, 25.098768810178353, 74.30705985941799, 27.472549446566617, 12.580929345276983, 59.68551613899229, 65.84317700060596, 64.82100035846635, 44.71411947876091, 79.53696620552276, 9.693138503338286, 64.07800856687285, 67.95356742977081, 55.73583841413267, 26.52884661542464, 55.59943969889489, 31.55169498071074, 16.853192024058913, 67.01012076709432, 45.64996733610253, 28.861667385687074, 42.661056036976674, 78.69096430879333, 47.54202773917719, 16.99067567303697, 55.67285162127675], [92.28508634248162, 100.80917614251065, 45.742892888369255, 83.0594030620102, 88.33699621098287, 61.7499582126933, 83.72818317314113, 85.80297747718336, 24.221214012495828, 46.23935005207995, 14.765380563069803, 39.288846956394394, 29.054033153957842, 0.0, 57.12567430063324, 33.10245043055595, 75.13489924822468, 87.05890657580308, 79.37331622669114, 41.246703074753206, 78.70376941569315, 64.6157007563081, 21.653105184213565, 79.64153798676249, 31.7464285021369, 89.29258438417588, 58.618462432534635, 38.45128058902418, 49.718152424681904, 17.77663247788663, 91.1200746389907, 113.47861006351913, 87.3649847232448, 39.50747988345906, 67.66489906906942, 24.152518337117698, 100.28508728654809, 72.30761229817327, 12.595595529347397, 92.02917858969882, 111.95574079365795, 66.01214128163294, 4.1113669040263385, 79.24579802184272, 76.81942970227725, 65.84338469737445, 44.510419990529854, 83.47525606430928, 65.47911546811304, 48.05296570683243, 85.54108105129102, 34.704826588753484, 16.807833028760314, 87.84389155725832, 94.89605327063781, 92.57429539384006, 67.28466697293635, 107.99798799530105, 31.16503341399102, 81.38655426227709, 81.8725720376168, 83.81511052933257, 10.275426728580214, 76.7209414719929, 55.71455016152889, 27.839458537469373, 74.53323958073567, 72.71706628910627, 57.900473740474396, 70.22496222417777, 107.31090989657558, 73.66140696501712, 43.54480028309615, 83.65364785704165], [53.19666711732131, 43.72067880918987, 26.629385860878713, 58.23262766574158, 41.33417070024186, 26.052978619868007, 26.688337740233802, 62.517901461592096, 39.30869478390076, 20.372063892702766, 45.637604346460186, 42.91946148651378, 30.46532427410269, 57.12567430063324, 0.0, 44.48796131447171, 19.14260654244322, 39.37499446277733, 25.995053372199457, 52.769677938581346, 59.15269134269554, 12.282513072044457, 42.94040736405389, 40.04520493501316, 37.82130478349282, 48.404388272443654, 14.818192082336113, 18.717636375836634, 34.04325360985967, 56.041038905121255, 38.02015687457639, 56.53669438793385, 30.30221197719908, 35.00694259130909, 47.63587122104012, 34.026759950814714, 45.674593361976996, 36.35038453324497, 56.54954203174246, 37.017111002703686, 56.77279286829995, 23.671486005527637, 55.01008413232299, 49.94182274146913, 35.649984035728636, 54.07196099472673, 26.200614266330412, 29.08596648580501, 25.140155951524086, 12.031070567662239, 56.82147810917325, 34.01351920012784, 40.62482131575273, 46.393070444473146, 43.677361355577574, 35.57873576982548, 50.58592995583274, 51.71306814042115, 36.20238187790797, 40.938677447988155, 48.27823988761999, 27.26969616467834, 56.685981290241706, 61.25615154697795, 39.46229759532055, 31.745219981775417, 55.010966856713566, 40.16034924131988, 18.02642386921026, 13.386032670463365, 51.42766083672707, 17.077224965269934, 29.94287831641133, 43.961686432921425], [61.95617594171618, 83.28500807817804, 20.409565788792968, 92.30261559864488, 84.78680336559967, 62.57150535545593, 66.98066101365714, 52.84877499029553, 39.137331065974294, 46.919328917198385, 35.051814718282536, 55.462259213849514, 18.730240975552086, 33.10245043055595, 44.48796131447171, 0.0, 63.31344116335715, 82.97337121629997, 57.82393012799613, 10.981802566558914, 45.655903603448394, 45.63500606869805, 12.501472367796127, 80.44109435976911, 7.219244692848738, 89.87143552414823, 54.14032179485335, 32.040619576055924, 58.43303016934995, 46.31257894026349, 67.89281164213142, 94.46104343840184, 70.46909511923664, 10.831565092454838, 35.05962264542576, 20.47775003622316, 77.7320741414128, 43.14821425929533, 42.57770897254156, 81.1712946515214, 89.37877304608466, 63.81806529240844, 29.01891307838529, 47.396041113531865, 76.46250787880474, 32.7442923896898, 19.982773140934835, 62.27768758833034, 39.735763286637926, 42.39673306071477, 92.90912746020554, 45.55724339279186, 23.41852066915616, 58.67657810181969, 69.88990119039397, 74.92188812113775, 34.33197550517882, 87.3817242800008, 9.260458183521761, 81.79521199002754, 86.3012361294185, 65.51223370431731, 24.91128038553209, 43.627222167842575, 23.839454341337657, 34.6483756595589, 85.73162690133704, 42.37317120143976, 35.11241642477345, 54.288479097703636, 86.00226479699059, 60.89914797174202, 16.80365244759161, 54.270710622871896], [56.3312945097744, 27.808674835778948, 44.35501567423221, 53.07454331733641, 26.623311515290396, 26.42194499615827, 13.41758928391523, 71.72995769216314, 54.91869459032524, 32.094623814554325, 62.53062440178572, 53.57150413931941, 49.52182225545456, 75.13489924822468, 19.14260654244322, 63.31344116335715, 0.0, 24.518546471164772, 23.398926406299328, 70.97153734886041, 70.12229076443278, 20.87369482786744, 62.05335599370613, 30.835810514994492, 56.820427856405885, 36.44456730877194, 19.500601507222786, 36.88684793386427, 41.10750992378439, 71.61703963745711, 31.930691564486498, 40.94416279341948, 15.963305277693802, 53.39110475862072, 60.22771641688201, 52.82127833396267, 35.942409736306544, 44.97610900422193, 72.97664259720833, 17.900201490905708, 45.02435167155432, 20.419056588145295, 73.35490019174605, 58.63965271914803, 26.758516538833703, 68.03601374064638, 44.206853013481805, 23.453537504299053, 35.32128164498187, 27.260616762284336, 50.02448700165501, 47.24986725487371, 59.05099998779999, 49.29017622344375, 38.803287991172255, 21.023336925458693, 63.70367638999667, 38.23561506594047, 55.26257931134517, 30.895109689700483, 40.64161974876382, 16.696656723303512, 75.48876851678101, 73.254582024459, 54.737800622288795, 48.251193109760116, 52.98348306902844, 49.46508408548497, 32.10025392144862, 11.455153770175485, 38.8324936926285, 2.882830672088508, 47.91453450340119, 48.50384762977841], [79.89755921964047, 38.6939331674003, 66.00424937953304, 34.97605437281805, 2.104814869800111, 25.829079515497057, 33.72740571580341, 96.22877798118756, 63.65403071763599, 40.85855914667906, 72.75479921113764, 55.40267492335607, 66.45039978336754, 87.05890657580308, 39.37499446277733, 82.97337121629997, 24.518546471164772, 0.0, 46.95957600791863, 91.91380687596447, 94.61102942338981, 44.941963094180586, 78.92110760979133, 13.203386683483854, 75.95196780751535, 13.162248940917118, 29.49169428534296, 52.351525793320484, 41.307726839567785, 78.6925966190679, 52.90939654525457, 49.25472543575125, 34.00276901244586, 74.14694470563877, 84.4792889872535, 68.34866721511507, 53.534664993145675, 69.49465004797229, 81.52297437131048, 18.07972949728964, 59.0417814080395, 21.050968764348557, 86.30816703876877, 83.1396608980703, 12.499034275343702, 91.9940534863547, 65.55126859164649, 45.892348079160804, 59.69207803646711, 41.37601406775069, 30.474864644138517, 53.70136239348836, 73.01045734932364, 72.9635675055876, 59.747755990063254, 36.665543610085834, 87.86454219492956, 50.89337430994512, 74.10918001153834, 11.851172285556649, 21.767865881130266, 37.8928335936891, 89.97702154433138, 97.65345314096679, 78.11204091837871, 59.28436552641996, 38.656307108887844, 73.98134535153093, 55.56585926185832, 35.89401416015543, 52.66130955403994, 27.35830846233054, 69.28617488871971, 72.58278827112181], [33.01995958335451, 26.597568625894397, 37.47857610743741, 76.24788247087484, 49.02310180973704, 47.139292649559906, 14.44004752970438, 50.440912016671575, 64.58308759926946, 46.14839926112518, 69.81437381819535, 68.82369025237465, 50.51095644060159, 79.37331622669114, 25.995053372199457, 57.82393012799613, 23.398926406299328, 46.95957600791863, 0.0, 62.28530807828821, 50.21194102294565, 15.02780383056422, 61.28907171224361, 54.230854429399265, 53.07574328388312, 59.51721534080863, 37.14072644822708, 42.794881920624896, 58.899956569519624, 81.03141351460994, 12.15080338602052, 36.7173095956212, 16.41427813540754, 46.99237611170008, 42.554223190763935, 55.23314009114785, 20.912692424315548, 25.131823363669998, 80.90711483373212, 33.91451597716571, 32.615711496804686, 42.12877476805488, 76.56305595099784, 37.58224220968521, 50.113279159010254, 51.404299681128656, 38.10320103537068, 4.457008570860336, 19.504425781719526, 38.02588967582957, 73.37220644235686, 59.98569604505166, 62.58166830453099, 26.029535961561937, 17.740748703513443, 18.915324447859565, 46.34944191915078, 29.606828861935718, 52.23721833590502, 54.28554679977471, 64.0073618251778, 10.678024717095427, 76.6326247245631, 54.12952522803416, 41.26820547604041, 56.69865853165584, 75.4370352864649, 29.633909615245404, 22.82975847612128, 14.829980420600458, 28.41790554616944, 21.053273569398, 41.02666218210991, 25.73473406198171], [60.50170227308546, 88.55917927778052, 26.654231384773137, 102.92970512946609, 93.79912789480655, 72.67100020747942, 72.99797494877508, 47.42566029901846, 49.98522339538958, 57.366053137785556, 45.343343045959834, 66.42312396552038, 29.540420392483387, 41.246703074753206, 52.769677938581346, 10.981802566558914, 70.97153734886041, 91.91380687596447, 62.28530807828821, 0.0, 39.930612083580286, 51.84173147201715, 22.72294831165027, 90.24037322548656, 17.79500708790043, 99.51589219832636, 63.689717944159504, 42.29975668144702, 69.27317833175704, 56.03715107464078, 71.14756239870073, 98.9232819127151, 76.32007116794847, 17.776321713700064, 31.440712968678696, 31.45682837859401, 81.02232156428856, 43.68397474564777, 51.91360552146029, 88.59928371140796, 92.38088620884248, 73.46923046474146, 37.15411609413334, 44.60391841450395, 86.151115651345, 26.50267539848578, 26.767403263856274, 66.70840698078159, 43.0859149580454, 52.21074352973385, 103.36783177384272, 56.53731506167201, 33.96431339591815, 58.418058917119055, 72.12054070853603, 80.36569099133169, 29.5890383114622, 91.32384958935964, 19.88053444984953, 91.51845689195017, 96.5027199387418, 71.0135563678701, 31.780853179996182, 36.92413403728938, 23.021185372846944, 45.63007055040909, 96.52722559437409, 41.78839893548627, 40.53174760871986, 61.09073781849742, 89.66927926654088, 68.38473411427418, 23.058632687295933, 54.00195917956696], [28.08414678599154, 74.58151699490233, 39.7035100527497, 117.35234980935925, 96.71456302642007, 85.05867118137694, 64.57763809070484, 7.528925925559972, 79.10144162576745, 74.70267677502106, 78.15883863290452, 92.24219055197017, 56.135509734754194, 78.70376941569315, 59.15269134269554, 45.655903603448394, 70.12229076443278, 94.61102942338981, 50.21194102294565, 39.930612083580286, 0.0, 49.99584696877112, 57.35920451728619, 98.48640364442161, 47.767146130836366, 105.85494477458816, 73.89686118653823, 61.53463340217011, 89.22117827848011, 90.30987362603821, 52.34543977630374, 80.60765207618793, 66.58218636922305, 40.722753415011205, 12.509539127852156, 60.686978551679324, 60.59393806755353, 25.357037370063622, 87.26415322454089, 83.91250127750881, 69.48997585655715, 82.71327581257748, 74.64286013660886, 13.264377605303672, 94.0630293785098, 13.430222807845256, 41.077449469550935, 53.34536495922957, 35.06085047575852, 66.3325263864774, 115.94699473098233, 81.40779432573278, 66.54763283010287, 30.408391121409714, 49.44671461147374, 68.26781379441465, 11.553611738616317, 71.89562926391447, 48.98514542557927, 99.11574063849325, 107.24505589702204, 60.88523407270047, 70.40697453626747, 5.140891090734637, 24.60009908919326, 72.10204137362261, 113.5868387963745, 20.7950583562184, 41.13840224730155, 58.717279107455525, 69.43472491782255, 67.26315010222733, 39.396263899851036, 27.40493333350192], [41.125391625807225, 37.83381199894952, 25.437603620472817, 68.66198091720145, 47.03162783302523, 37.17359065770611, 21.350620987070357, 52.414541367146775, 49.64838074101969, 32.56839946279184, 54.790324671714124, 54.92789165830802, 36.012463865394096, 64.6157007563081, 12.282513072044457, 45.63500606869805, 20.87369482786744, 44.941963094180586, 15.02780383056422, 51.84173147201715, 49.99584696877112, 0.0, 47.40075247883995, 48.628526458353726, 40.045974756652036, 55.86411483967327, 26.107794864479978, 27.779397973004194, 46.31542192378882, 66.02668126236078, 27.140598428771273, 49.6643301152832, 24.83743688760162, 35.00766045052847, 39.53875328973909, 40.54778658944505, 35.79629962394445, 25.611997507768773, 65.88137537760976, 37.3591726967101, 47.383979422822655, 33.584162670763725, 61.94319780025801, 39.467700708614295, 44.2212373051317, 47.178902904067115, 25.68064447664895, 18.90685031479613, 14.938074093856208, 23.935145148801475, 66.68257475417249, 45.57265619604879, 47.80787248637529, 34.238840559468024, 32.16435189973604, 29.42291281154989, 42.9334430034076, 43.52451512481376, 38.91629027788145, 49.18016554603822, 57.6925599601306, 20.070743326193288, 62.42430825906311, 52.79359581104853, 33.987198136402874, 41.7212385755603, 66.25937529982141, 29.835915086309804, 11.562942311027257, 9.6635393018775, 42.71802755846438, 18.007545790363853, 29.12107317219833, 32.03825059352213], [70.92987585176687, 85.04699809603709, 25.12229926603583, 83.8855585104046, 80.56194573091108, 56.2063023308937, 68.12103970051173, 64.33606888434595, 27.63570751710591, 39.89439386440957, 22.654702420903227, 44.49695127664445, 12.627679479565172, 21.653105184213565, 42.94040736405389, 12.501472367796127, 62.05335599370613, 78.92110760979133, 61.28907171224361, 22.72294831165027, 57.35920451728619, 47.40075247883995, 0.0, 74.54403310647933, 10.126827793492302, 84.21920966664534, 49.44311665040678, 26.57032537536987, 49.40419777003133, 33.816143774726385, 72.43023350366228, 97.06506568435256, 71.74391063370584, 17.924992515976818, 46.07569327461021, 11.062736937361953, 82.00137627231481, 51.16615845950094, 30.178689108873336, 79.85217669057023, 93.75843480654707, 58.590999602170754, 17.762162461343507, 57.60124960001782, 70.89306779418125, 44.81508816855015, 24.063887217215083, 65.62514168746323, 45.363129294814165, 37.54682785423744, 85.0640414485797, 35.35033264070767, 11.293981068970583, 66.7987878253444, 75.46094459559495, 76.63672003130807, 45.86017705213219, 90.72380223716628, 9.827275498081146, 76.06232047967843, 79.28389681561141, 67.40074256707538, 15.635479037605805, 55.696511008186754, 34.06388097205896, 24.56609699359438, 76.65994899838775, 51.285086129797826, 38.73253354198882, 54.73398059507736, 89.68862512506992, 60.00561364974691, 22.44005408129624, 62.522383177024814], [87.08574430261656, 50.683640261531714, 65.76513653282738, 22.973483190739458, 12.809756552768711, 18.394395070935218, 42.73076578897517, 101.02884618703037, 55.56248970135376, 34.77187163033717, 64.9619520162067, 44.886536627086535, 62.62454758289703, 79.64153798676249, 40.04520493501316, 80.44109435976911, 30.835810514994492, 13.203386683483854, 54.230854429399265, 90.24037322548656, 98.48640364442161, 48.628526458353726, 74.54403310647933, 0.0, 73.23887218413019, 9.744658373521382, 26.66179519984656, 48.55612642370964, 31.156327813862433, 69.31815178785143, 62.09117568483005, 61.92987939255195, 43.868197792574925, 72.79462637911443, 87.42906454225557, 63.56685336980415, 64.18239606101609, 74.17420575565849, 72.68693001248481, 30.405603254613283, 70.81908828449198, 16.853076060659742, 79.4367682102516, 88.03318989000041, 4.426099324275934, 94.11053252910725, 65.05023621023342, 54.1050954681702, 63.52154404256794, 38.066461179561045, 19.314276065164027, 45.16674900705702, 67.12315617107986, 80.02523417890961, 69.01872874645423, 47.4243748238942, 90.51387425619286, 62.84461467028506, 71.25363484062633, 1.848571989166087, 9.921608917454105, 46.67148062793516, 83.84295080013487, 100.96659864395181, 79.4691431538765, 52.547829645293724, 25.575277345972626, 78.45802908907211, 57.788221240154364, 40.9595840816443, 64.38089732940344, 33.24318745989442, 68.65832279018046, 78.9913284376021], [60.85199662477805, 77.87300902311055, 15.851721341725586, 85.18749008924631, 77.74331992566741, 55.35232704177425, 61.27335098944854, 54.58229353094791, 33.474457240899795, 39.73088190770631, 30.709590789995275, 49.24984109679749, 11.766061692208313, 31.7464285021369, 37.82130478349282, 7.219244692848738, 56.820427856405885, 75.95196780751535, 53.07574328388312, 17.79500708790043, 47.767146130836366, 40.045974756652036, 10.126827793492302, 73.23887218413019, 0.0, 82.68713997607232, 46.99327466792256, 24.821939188868136, 51.48472616786943, 42.63906708777999, 63.73919871216981, 89.43103558611942, 64.82602177897861, 7.803525189141048, 36.18588905873512, 14.3724427870189, 73.46562170582784, 41.202397407370405, 39.49818130782545, 74.71627427437284, 85.19784388110116, 56.643011739882205, 27.88592583245642, 47.500830069173496, 69.27570882457306, 35.66435882982149, 15.03107578427198, 57.493737757633056, 36.066004904258165, 35.210943563488534, 85.73322915373818, 39.05247882627788, 18.94578299178946, 56.85296786282953, 66.33202374583063, 69.46660591149634, 36.21824713476002, 82.67542461447597, 2.086151774389929, 74.60195447220758, 79.0856775238895, 60.09285063807566, 25.369513935231037, 46.45741921655772, 24.036628638309224, 28.238466729597093, 78.73229870218144, 41.19089264541407, 30.253166279312417, 48.26972691183394, 81.45985501923774, 54.496778382379425, 12.739616256140362, 52.54298254509867], [92.53397476952816, 51.52924108358011, 74.6038693470635, 23.532122314124784, 11.416596193913014, 28.128009155552046, 46.703588778626816, 107.93746518311123, 65.16347791585363, 44.500085459080665, 74.58573996717759, 53.81190416504162, 72.22035304262737, 89.29258438417588, 48.404388272443654, 89.87143552414823, 36.44456730877194, 13.162248940917118, 59.51721534080863, 99.51589219832636, 105.85494477458816, 55.86411483967327, 84.21920966664534, 9.744658373521382, 82.68713997607232, 0.0, 35.82620161667068, 58.10654965380607, 40.40016777492852, 78.56638691345023, 65.98149397791705, 61.42897662562845, 47.125802102623936, 81.95622262072074, 95.19175170168364, 73.26308911959086, 66.68106058139168, 81.07364358508313, 82.08406216367243, 30.95167726397307, 71.8953635620548, 26.064067467011718, 89.14202498446215, 94.8632307440836, 13.413330222343294, 102.23384890688746, 73.96147317585837, 58.73438842951634, 70.7943380160526, 47.47648560930319, 18.470273128588957, 54.72917723819321, 76.86762865094224, 85.54335273974486, 72.84344895827698, 49.81964541473182, 98.41246052865212, 63.68715171727412, 80.72237980660957, 8.157058166565013, 11.566190462766235, 50.84006866176297, 93.58310557842192, 108.60130459095485, 87.8376513165612, 62.283034870074545, 29.245410342726142, 85.47652723613962, 65.72899035568696, 47.42856705304719, 65.56081015587219, 39.14668369948266, 77.61902761424366, 84.92644989563009], [67.17222387362531, 47.30512324635735, 39.18510075012457, 43.455618619235395, 31.11912284561112, 11.239032043458156, 32.09831412157522, 77.33608759227798, 36.56977591764671, 13.080070241465917, 44.95552820587364, 34.09124204923424, 37.02904231817476, 58.618462432534635, 14.818192082336113, 54.140321794