instance_id,num_cities,city_coordinates,distance_matrix,best_route,total_distance
2591,53,"[[26.934589703938073, 15.032718517001198], [53.92665218648168, 82.85386252206226], [0.31675574360927605, 80.82099894222458], [34.0877987811145, 46.55143684232477], [54.84102868263593, 19.23931377691893], [95.56788870987191, 14.017572322477301], [74.51201581483056, 51.86677731031194], [3.3219642444106134, 26.053066168426685], [44.40574867149639, 70.24253027289092], [89.63883635905803, 49.881550182075344], [2.098625725619696, 11.803010988810048], [94.77770516982585, 52.67495579504222], [1.006894263697078, 12.099245765162525], [78.60354458525136, 36.09604120859507], [19.719299825605475, 90.1362157140603], [44.47819434148651, 56.89637726949993], [11.434933491721699, 33.623363937338], [26.478340754577022, 59.5680142195398], [72.53192140106738, 35.08639076768492], [2.9764630899966726, 42.66317138201653], [78.455786825067, 11.174177855037183], [50.46784000315687, 24.967171016938195], [63.903343948885194, 15.070903447936246], [83.30180634700625, 91.93000510738995], [29.312711034184634, 77.16080002624454], [34.36651709262999, 85.89924377788795], [47.95308728105557, 37.724432943327514], [78.78041519172733, 63.401111528627204], [30.539929842417134, 96.70884994700715], [57.753159357618365, 7.328407474591647], [60.169851510957294, 35.64320339223097], [69.39370328814702, 25.399364878493312], [13.560155077225689, 62.923640568444625], [0.023259657508833964, 26.909223194544285], [41.30654716547387, 72.85503802410318], [34.56422842936345, 16.616858752532483], [21.63204970830361, 46.638657981563206], [87.54165332527774, 16.03748610769855], [53.49832523466513, 82.00869069327238], [80.81386967645692, 55.32980462706746], [88.55080082711689, 66.37714134289797], [34.36791416535464, 69.19611276622105], [62.52526787228522, 97.84574251185481], [64.95476616269129, 74.21214927592766], [47.53222615250934, 43.44465540470808], [43.56096110678794, 39.25838928857473], [11.816802811788651, 30.057692439951943], [52.89458296966588, 56.71849375536851], [84.82637739311707, 39.839451292541426], [89.68597001117573, 14.955853295548815], [33.44229540961587, 95.8144038682572], [37.97487335520435, 97.23600406970058], [98.79643397446608, 98.55516113271997]]","[[0.0, 72.99506155361996, 70.96905611636288, 32.320241412664096, 28.221707605184868, 68.6408060430104, 60.16942215549778, 26.0577079469819, 57.9082438845323, 71.73746313473036, 25.0450817018029, 77.5862509947099, 26.09311505412249, 55.79735174125561, 75.4492922382777, 45.391012192109955, 24.2043681975297, 44.537632698835104, 49.812312018575035, 36.57094142041576, 51.66548256654778, 25.54422079686883, 36.96877396550021, 95.34388180188051, 62.173579381281876, 71.25516084651476, 30.930424245477784, 70.90480282066518, 81.75566599866785, 31.76697411049623, 39.107220742123644, 43.70633458826071, 49.72339405673785, 29.415489936826617, 59.581656526632266, 7.792360833941132, 32.04765732222655, 60.615391764076136, 72.05146004282678, 67.28173570382356, 80.20478307744878, 54.67108549448342, 90.13708069188318, 70.34016521806942, 35.09274547507719, 29.382296546699276, 21.31425161486546, 49.10829978303373, 62.98279981745841, 62.75142738397145, 81.04338913039754, 82.94135288720007, 110.18222670856518], [72.99506155361996, 0.0, 53.648425242030484, 41.36962913385268, 63.62111989288569, 80.4513979222139, 37.20156778459241, 76.07341788115986, 15.801686772007866, 48.60589963596668, 87.94525473513656, 50.78951605485297, 88.35562557654086, 52.87005648230937, 34.973927768469856, 27.62362026030697, 65.03220854726642, 35.99500703751725, 51.262924227480895, 64.89386275513371, 75.76051504630888, 57.98993391209304, 68.51323900799503, 30.74534186155331, 25.263749912276054, 19.79578823596229, 45.523058901850135, 31.561353848235118, 27.182705136607524, 75.6223281660798, 47.62167440649535, 59.49999133828841, 45.01852769684982, 77.68769783961034, 16.101041645876617, 69.00901478875726, 48.52300886315407, 74.79569812968656, 0.9475122151362885, 38.4772169908409, 38.34467381403474, 23.85536336701374, 17.282727138402926, 14.01065686185654, 39.92460757380669, 44.81085625170947, 67.5327697469788, 26.155738709494894, 52.962558390507404, 76.73896316872666, 24.240142420133527, 21.478017678042175, 47.53764924522855], [70.96905611636288, 53.648425242030484, 0.0, 48.113264640428625, 82.25083760867301, 116.3420652193204, 79.6447334564319, 54.850321224661336, 45.34030543328258, 94.52874470262802, 69.04098581111414, 98.56505826785319, 68.72521844931414, 90.16176102656159, 21.522824637117107, 50.22569244138986, 48.48948985597928, 33.706347917102576, 85.47914678921863, 38.250409766210346, 104.67276563605122, 75.065180651989, 91.46764049157149, 83.72531661108269, 29.22605822408466, 34.42636807065489, 64.23810460499898, 80.3741148100099, 34.14475160485167, 93.27433441595684, 74.98950782404398, 88.56174232909466, 22.264390013408025, 53.912574639138924, 41.756670534861875, 72.76716981482181, 40.28367151033087, 108.6512139523243, 53.1948300610831, 84.43687783860173, 89.40845448920409, 35.98081945242268, 64.4960531728515, 64.97498968717939, 60.218698941177465, 59.979261571933655, 52.04963371258261, 57.83907565042411, 93.9221134723139, 111.01834924849142, 36.36074214644354, 41.0802411797179, 100.06371736574596], [32.320241412664096, 41.36962913385268, 48.113264640428625, 0.0, 34.302312133226195, 69.55755744880558, 40.77217393124387, 36.96917330728896, 25.84043339180375, 55.65076307510688, 47.23092516637383, 60.99805096750909, 47.762953360400424, 45.727091776717465, 45.89212036431252, 14.662131916703018, 26.0823192001024, 15.077637018931771, 40.1173010746185, 31.353370102354994, 56.7456501991292, 27.095872040898744, 43.35885972262861, 66.94201220820024, 30.979583236641243, 39.34879406710614, 16.436612273200062, 47.76339077850734, 50.2827352414319, 45.809336646561455, 28.271240361965816, 41.15722344161234, 26.257060210224964, 39.321869013167664, 27.27617574673447, 29.93836920447744, 12.4560544512281, 61.55010767710936, 40.422585120876775, 47.54351104284132, 57.95927148271369, 22.646408375872227, 58.64976932972944, 41.44737250622527, 13.798721616361073, 11.95530623070016, 27.71355022144462, 21.379059328881073, 51.180602864628945, 63.94871025899199, 49.2671959299565, 50.83340145781034, 83.01562990580568], [28.221707605184868, 63.62111989288569, 82.25083760867301, 34.302312133226195, 0.0, 41.06024490300936, 38.09854474094591, 51.96769402468027, 52.05980370541054, 46.36630318447605, 53.26405606820335, 52.08531737454001, 54.305566932395465, 29.134282584746682, 79.11957117042158, 39.056917011796806, 45.72734410328419, 49.30361189502354, 23.750737553312227, 56.908789033127995, 24.954022111955048, 7.2064643056331645, 9.975028955129103, 78.06377182382705, 63.29765849769679, 69.73343453884496, 19.726717095044748, 50.2330429806363, 81.19157862272841, 12.261736989961637, 17.247722958320647, 15.80273924824096, 60.10350183520645, 55.35174171936021, 55.29763174394092, 20.445681667922948, 43.05299463872658, 32.85700157412934, 62.783736198289745, 44.46472758372599, 57.951044215551434, 53.989167277290456, 78.98112540591134, 55.89544103606796, 25.284721824500405, 22.97832258579973, 44.36351348442154, 37.52968935084002, 36.379758148614876, 35.10723529252681, 79.50880585310301, 79.79944167822947, 90.6812069622906], [68.6408060430104, 80.4513979222139, 116.3420652193204, 69.55755744880558, 41.06024490300936, 0.0, 43.311800950586935, 93.02775764578806, 76.01848768445824, 36.350771239307015, 93.49549403431095, 38.66545857702835, 94.5804506620158, 27.843271358333926, 107.45723013138505, 66.6989414034424, 86.3871588755216, 82.7539025888487, 31.217797816781243, 96.92132089380935, 17.346726579196808, 46.41021552328548, 31.68205961392649, 78.87207337832659, 91.52494618237526, 94.40647530257309, 53.19007948482526, 52.15892264654007, 105.19735181859124, 38.4018057172625, 41.48118798565005, 28.541779627048786, 95.48335921427497, 96.41042891181911, 80.0383692761654, 61.05901127241707, 80.81239705913474, 8.276503256124437, 79.95398894555493, 43.86777422695155, 52.827682046049524, 82.40211289615957, 90.10536559559456, 67.53184705524909, 56.332744439209755, 57.80847135004046, 85.27326569617898, 60.36869813086124, 27.966935815577155, 5.95628565151973, 102.71470680402837, 101.20406513628902, 84.59921646431012], [60.16942215549778, 37.20156778459241, 79.6447334564319, 40.77217393124387, 38.09854474094591, 43.311800950586935, 0.0, 75.72563057192554, 35.27117262365306, 15.25653389626716, 82.75750380525098, 20.28179768897102, 83.57307855668212, 16.292842749783627, 66.83406048725584, 30.452049324177942, 65.66232135626532, 48.64712725049729, 16.896808764006124, 72.12518052477127, 40.88326039112596, 36.07923515266346, 38.29465043651872, 41.01612657382568, 51.795412323948504, 52.62955292913757, 30.089576086354946, 12.298784456217254, 62.804106737696436, 47.58703244978449, 21.654145736896055, 26.957764075620084, 61.94661857184315, 78.55860424744324, 39.282441828550866, 53.27647206154485, 53.13778361150449, 38.12492048169178, 36.743844847604386, 7.190682880637274, 20.19005074236718, 43.72476145831883, 47.51575914623279, 24.30342916534704, 28.263778721465172, 33.42064086828578, 66.38016206954727, 22.155192512782126, 15.844324722290075, 39.90820965135367, 60.15077567445929, 58.252291936539685, 52.62640163739611], [26.0577079469819, 76.07341788115986, 54.850321224661336, 36.96917330728896, 51.96769402468027, 93.02775764578806, 75.72563057192554, 0.0, 60.33726941692828, 89.5455139135686, 14.302469358599463, 95.25165382033202, 14.14456266068881, 75.94851997420295, 66.1477336713085, 51.4309742808849, 11.096381316348092, 40.73658694526822, 69.79698505624602, 16.613698151050713, 76.59290184490904, 47.158379630126866, 61.56875396592864, 103.61730659848297, 57.33689369656932, 67.41905692019927, 46.131962302793916, 84.19533426263119, 75.7169560445993, 57.56186102492433, 57.651131980572565, 66.07497276306714, 38.26564788575253, 3.4079989443979253, 60.276472269590116, 32.63619282021363, 27.550423227096513, 84.81313502536494, 75.15782805662927, 82.83793105978, 94.28672029463144, 53.152360965748464, 93.0549275267384, 78.21700299840954, 47.50804809867717, 42.350412361604334, 9.391448975552368, 58.290762358794915, 82.6621665425329, 87.07404679712437, 75.98604205491579, 79.16965806480124, 119.88297687514554], [57.9082438845323, 15.801686772007866, 45.34030543328258, 25.84043339180375, 52.05980370541054, 76.01848768445824, 35.27117262365306, 60.33726941692828, 0.0, 49.6044527437732, 72.1461715277532, 53.34748048881368, 72.55413218594796, 48.32672098101538, 31.70456555534208, 13.346349626958773, 49.27512553743271, 20.86473694041873, 45.0226136216365, 49.769536270947036, 68.17972833342313, 45.6793947756423, 58.51550758656129, 44.533693619478925, 16.60307927769656, 18.59889374322206, 32.71101137454829, 35.048861733463596, 29.878537596297463, 64.31438578967759, 38.02131453445366, 51.33524479841399, 31.70199979005684, 62.02887096685715, 4.053424074171908, 54.52126343625663, 32.7991486415644, 69.27404335860994, 14.870019488730904, 39.34387704966871, 44.31395786208411, 10.092230237710353, 33.01899910622733, 20.928927227230357, 26.979639710160445, 30.995655478880714, 51.73838598088044, 15.967462900193576, 50.57839892420949, 71.46268323934753, 27.822976594944507, 27.748942051053845, 61.318445136285284], [71.73746313473036, 48.60589963596668, 94.52874470262802, 55.65076307510688, 46.36630318447605, 36.350771239307015, 15.25653389626716, 89.5455139135686, 49.6044527437732, 0.0, 95.46341511196732, 5.849024497541202, 96.34896826976242, 17.658366917440315, 80.67948739391436, 45.70220330034114, 79.87602295840938, 63.89894983920125, 22.61732259745061, 86.9624742813086, 40.2904612699291, 46.42298185918524, 43.29083847239613, 42.52329374566202, 66.2072418151741, 65.97199048878086, 43.422311957688784, 17.340237866024637, 75.40210046634937, 53.173925491011204, 32.72845225924169, 31.768582126022284, 77.18848273692684, 92.51313093163205, 53.514402942759745, 64.34090560842519, 68.08406113317105, 33.908978895680384, 48.35586522603608, 10.371283114754707, 16.531435178585554, 58.548502696134726, 55.09727163784968, 34.65950625333442, 42.595777225696075, 47.28659572366111, 80.30724899541926, 37.37491076334834, 11.13568639132963, 34.9257286909048, 72.5801506090923, 70.0828750570265, 49.5275882419126], [25.0450817018029, 87.94525473513656, 69.04098581111414, 47.23092516637383, 53.26405606820335, 93.49549403431095, 82.75750380525098, 14.302469358599463, 72.1461715277532, 95.46341511196732, 0.0, 101.29130090421964, 1.1312084810822007, 80.26925891633864, 80.29059171699932, 61.88246535644343, 23.7338249235497, 53.62710171662077, 74.18197162136065, 30.87264319640815, 76.35975040737809, 50.12859462494907, 61.89105198477127, 114.08019867404012, 70.79722471286317, 80.81750136453367, 52.67401409312838, 92.42543381040488, 89.54277898892495, 55.83412209755542, 62.774374055372206, 68.65484908759231, 52.38974540590874, 15.248107801341778, 72.55763990615971, 32.82054980053852, 39.938414513986444, 85.54789152824523, 87.01015212252948, 89.94815948460125, 102.23656040617227, 65.84280604621183, 105.14147958378717, 88.57649198509408, 55.366106139879456, 49.72849336993497, 20.680337539817945, 67.80582470917952, 87.34942976839521, 87.64407163983019, 89.66794166704334, 92.66013949233385, 129.9092055041603], [77.5862509947099, 50.78951605485297, 98.56505826785319, 60.99805096750909, 52.08531737454001, 38.66545857702835, 20.28179768897102, 95.25165382033202, 53.34748048881368, 5.849024497541202, 101.29130090421964, 0.0, 102.17315313927548, 23.161689909855745, 83.88748540478204, 50.476342863119946, 85.49257712398862, 68.64632134332105, 28.358993550687483, 92.34556770377398, 44.59506237330075, 52.25978844578419, 48.65481408581283, 40.898106928150646, 69.8943633270541, 68.94465140143504, 49.15346349921834, 19.260418050096664, 77.88116340426028, 58.54166411351158, 38.571804790343016, 37.25997063036953, 81.86162704606222, 98.19510130748385, 57.152431768893585, 70.18439387428843, 73.39430362220715, 37.34520894824414, 50.64045034269537, 14.213969326221855, 15.050721792695347, 62.62820033236003, 55.50333038879345, 36.78666054504489, 48.13869267929383, 52.94486877159291, 85.98867321765869, 42.07785788832569, 16.24127766997455, 38.0612199002229, 74.9869620035008, 72.19590518510456, 46.05587283976625], [26.09311505412249, 88.35562557654086, 68.72521844931414, 47.762953360400424, 54.305566932395465, 94.5804506620158, 83.57307855668212, 14.14456266068881, 72.55413218594796, 96.34896826976242, 1.1312084810822007, 102.17315313927548, 0.0, 81.22244968405911, 80.24912959477203, 62.42224700753822, 23.9171834719516, 53.87094360518519, 75.12814613956975, 30.627320328003158, 77.45441697941419, 51.1074226871897, 62.96661125060637, 114.65340244387087, 70.9522734372348, 80.98953106400197, 53.484532873897955, 93.16974824670993, 89.61576485363703, 56.946461699603134, 63.67553259287538, 69.66813343972534, 52.351728378080914, 14.842606526391792, 72.90629819854551, 33.860057640379964, 40.2289452181962, 86.62432835434508, 87.42242741731856, 90.76361905546452, 103.00497815509856, 66.12873709829455, 105.53185299129521, 89.14787211676897, 56.09938692031355, 50.4823502009519, 20.960914335719192, 68.43397935571936, 88.29057002185651, 88.72507358131475, 89.77907854128827, 92.81648071714123, 130.52746599427388], [55.79735174125561, 52.87005648230937, 90.16176102656159, 45.727091776717465, 29.134282584746682, 27.843271358333926, 16.292842749783627, 75.94851997420295, 48.32672098101538, 17.658366917440315, 80.26925891633864, 23.161689909855745, 81.22244968405911, 0.0, 79.92305513113858, 39.96490347174882, 67.21410900340514, 57.16616474293045, 6.15499814001194, 75.91167666574462, 24.922301365827078, 30.25672857520524, 25.654479464688063, 56.031287583223516, 64.15528574412778, 66.6128635290584, 30.693683268680438, 27.305643160221205, 77.35647125681804, 35.52907703268504, 18.439254389622327, 14.11524215976501, 70.35881327954121, 79.1154776548084, 52.36687754118459, 48.154957342259436, 57.93874348771944, 21.959859302469077, 52.32822776804016, 19.360351036243628, 31.873075347148603, 55.248581300931626, 63.80859341107988, 40.48613153449855, 31.928497611885337, 35.18498404467491, 67.05915696284112, 32.95809849483992, 7.262008483280722, 23.868969360240126, 74.87203260133096, 73.40833729609064, 65.64216970500958], [75.4492922382777, 34.973927768469856, 21.522824637117107, 45.89212036431252, 79.11957117042158, 107.45723013138505, 66.83406048725584, 66.1477336713085, 31.70456555534208, 80.67948739391436, 80.29059171699932, 83.88748540478204, 80.24912959477203, 79.92305513113858, 0.0, 41.447433183117596, 57.116837635602444, 31.306542078120316, 76.28667134106401, 50.3389761527531, 98.41228748427562, 72.05884477138106, 87.10356399538794, 63.60780467781917, 16.13675775639293, 15.247718021242825, 59.53269460797162, 64.83040293023264, 12.66039315032635, 91.12468148819781, 67.86556949997812, 81.59905768736432, 27.900883679325897, 66.22376145588689, 27.652275676054707, 75.00311829042325, 43.5395927955887, 100.45144779201152, 34.743045642969065, 70.31381598247462, 72.81668177756721, 25.555230649336956, 43.49468592666556, 47.956473042329606, 54.347591252857356, 56.18699168338231, 60.59602641965035, 47.088677541390034, 82.27208554944829, 102.70064181997647, 14.851344333535295, 19.587571559268817, 79.52403276468861], [45.391012192109955, 27.62362026030697, 50.22569244138986, 14.662131916703018, 39.056917011796806, 66.6989414034424, 30.452049324177942, 51.4309742808849, 13.346349626958773, 45.70220330034114, 61.88246535644343, 50.476342863119946, 62.42224700753822, 39.96490347174882, 41.447433183117596, 0.0, 40.4164599778925, 18.197042977994982, 35.53430895828443, 43.874569476023126, 56.9648690885546, 32.48615192772136, 46.11623030634801, 52.29367006281849, 25.310841819428305, 30.715017214522568, 19.484309846317924, 34.91352063371095, 42.18184678203737, 51.31479636292504, 26.418279743042156, 40.16023375965763, 31.500048489187748, 53.623414916171185, 16.270777451911233, 41.481638493018345, 25.04330508520033, 59.36253436824106, 26.683160360494362, 36.36943018377377, 45.08081110464478, 15.921722850533058, 44.74983102513168, 26.816523893441964, 13.794054205724237, 17.66182144689775, 42.27388673916828, 8.418268235518923, 43.80541746578076, 61.66644575626613, 40.45248891695098, 40.860478144902864, 68.45381968735036], [24.2043681975297, 65.03220854726642, 48.48948985597928, 26.0823192001024, 45.72734410328419, 86.3871588755216, 65.66232135626532, 11.096381316348092, 49.27512553743271, 79.87602295840938, 23.7338249235497, 85.49257712398862, 23.9171834719516, 67.21410900340514, 57.116837635602444, 40.4164599778925, 0.0, 29.990481495665957, 61.11450219956837, 12.379977389871264, 70.68069564801658, 39.98121392111072, 55.65184530734086, 92.54464770331579, 47.06509610160606, 57.08436860953323, 36.74771180867358, 73.63510139204213, 65.91494087561824, 53.26164457413932, 48.77675661383356, 58.539329999880444, 29.377249317232973, 13.240316673422168, 49.309609156066735, 28.708631157079527, 16.53417848555295, 78.11207270878425, 64.11293761947631, 72.69529801536207, 83.78345259789215, 42.32424909930503, 82.06543838234428, 67.17009739750787, 37.409521562372184, 32.61648603134739, 3.586061545049069, 47.45827173576467, 73.6542176656516, 80.44688104538449, 65.97006462232976, 68.92703673136357, 108.84929973876159], [44.537632698835104, 35.99500703751725, 33.706347917102576, 15.077637018931771, 49.30361189502354, 82.7539025888487, 48.64712725049729, 40.73658694526822, 20.86473694041873, 63.89894983920125, 53.62710171662077, 68.64632134332105, 53.87094360518519, 57.16616474293045, 31.306542078120316, 18.197042977994982, 29.990481495665957, 0.0, 52.156324421887724, 28.95016347315266, 71.01843632525959, 42.1036153379806, 58.143131418202216, 65.39269604595978, 17.81964554424456, 27.487396675470123, 30.631793635812357, 52.44234572757158, 37.36225614779141, 60.885883351725894, 41.32208211319707, 54.85640290047407, 13.346900366301888, 42.02937005317569, 19.910316595855438, 43.70564420575786, 13.807780040024321, 74.99089957990168, 35.12354654505916, 54.5005699398655, 62.44481172714919, 12.447716667270942, 52.579135004768375, 41.168993231993284, 26.518461301913415, 26.538590447389033, 32.95177971495076, 26.569486627369635, 61.593096810738025, 77.36568553659755, 36.90931355368297, 39.38334319466928, 82.15780079451044], [49.812312018575035, 51.262924227480895, 85.47914678921863, 40.1173010746185, 23.750737553312227, 31.217797816781243, 16.896808764006124, 69.79698505624602, 45.0226136216365, 22.61732259745061, 74.18197162136065, 28.358993550687483, 75.12814613956975, 6.15499814001194, 76.28667134106401, 35.53430895828443, 61.11450219956837, 52.156324421887724, 0.0, 69.96691636295547, 24.635058513051174, 24.273901546671954, 21.796148317886963, 57.8548780393657, 60.31712906955729, 63.54954065186459, 24.719999053792975, 28.995983970578617, 74.5697983795651, 31.447057796183962, 12.374603519580749, 10.182675655353549, 65.21182177967187, 72.96829515180558, 49.005047818899406, 42.22166887336781, 52.19436575072698, 24.251862220908105, 50.635758247827866, 21.872047730344523, 35.152746260093366, 51.18558960395937, 63.552099463302774, 39.85270706428585, 26.35991939030329, 29.26981571569972, 60.92301233673138, 29.215970638319508, 13.181245483390246, 26.44806084829351, 72.22112180861524, 71.11092745305864, 68.6884956333138], [36.57094142041576, 64.89386275513371, 38.250409766210346, 31.353370102354994, 56.908789033127995, 96.92132089380935, 72.12518052477127, 16.613698151050713, 49.769536270947036, 86.9624742813086, 30.87264319640815, 92.34556770377398, 30.627320328003158, 75.91167666574462, 50.3389761527531, 43.874569476023126, 12.379977389871264, 28.95016347315266, 69.96691636295547, 0.0, 81.78438130135666, 50.68115340073367, 66.883615788467, 94.23047105199042, 43.40143244010278, 53.429331331294705, 45.24696521303423, 78.58944786525659, 60.668608612379394, 65.18459936510108, 57.622596519494735, 68.62425817835768, 22.858284006782707, 16.028359055349924, 48.792869935746715, 40.94138884707896, 19.074469999880154, 88.65776060704619, 64.03536869915946, 78.86130522550685, 88.79932235356475, 41.10255684399969, 81.18605981015936, 69.54601396141464, 44.56261593937782, 40.727067416875926, 15.396418601594554, 51.859143642561975, 81.89860723218594, 91.02875406188255, 61.26353282119437, 64.8311868520834, 110.92962335910686], [51.66548256654778, 75.76051504630888, 104.67276563605122, 56.7456501991292, 24.954022111955048, 17.346726579196808, 40.88326039112596, 76.59290184490904, 68.17972833342313, 40.2904612699291, 76.35975040737809, 44.59506237330075, 77.45441697941419, 24.922301365827078, 98.41228748427562, 56.9648690885546, 70.68069564801658, 71.01843632525959, 24.635058513051174, 81.78438130135666, 0.0, 31.20211255140134, 15.065127414359592, 80.90109727574068, 82.27561123294122, 86.76231430012675, 40.43922260288297, 52.22794256451246, 98.04136616889109, 21.056797806767076, 30.546827021012284, 16.86645498859854, 83.00271026344727, 79.99533092453642, 72.00412848220412, 44.22772517047891, 66.9825831881676, 10.305568262840044, 75.10261711862304, 44.21854735701814, 56.11841485237866, 72.8717053903411, 88.12344497445534, 64.46753756571519, 44.69508167520413, 44.79254172016487, 69.26284222727693, 52.22700310535294, 29.36464413938325, 11.849813649628762, 95.8654383444725, 95.10700440428892, 89.71721220050831], [25.54422079686883, 57.98993391209304, 75.065180651989, 27.095872040898744, 7.2064643056331645, 46.41021552328548, 36.07923515266346, 47.158379630126866, 45.6793947756423, 46.42298185918524, 50.12859462494907, 52.25978844578419, 51.1074226871897, 30.25672857520524, 72.05884477138106, 32.48615192772136, 39.98121392111072, 42.1036153379806, 24.273901546671954, 50.68115340073367, 31.20211255140134, 0.0, 16.68678753004787, 74.57942407456899, 56.317975734706174, 63.02356773790843, 13.002757904068599, 47.73646087703303, 74.45797538934036, 19.084073396403216, 14.425903596509695, 18.93079746381816, 52.942145663037145, 50.48194977325148, 48.75630310999494, 17.962532560949764, 36.07154209604387, 38.13406491343099, 57.121964319550585, 42.927509090043394, 56.25919967006411, 47.068109163680965, 73.86926119813914, 51.331656054331106, 18.70922921930226, 15.872740651086835, 38.984818639140684, 31.843925277287397, 37.4392015429468, 40.475773048139224, 72.86425441460077, 73.3407011588715, 88.03888507088253], [36.96877396550021, 68.51323900799503, 91.46764049157149, 43.35885972262861, 9.975028955129103, 31.68205961392649, 38.29465043651872, 61.56875396592864, 58.51550758656129, 43.29083847239613, 61.89105198477127, 48.65481408581283, 62.96661125060637, 25.654479464688063, 87.10356399538794, 46.11623030634801, 55.65184530734086, 58.143131418202216, 21.796148317886963, 66.883615788467, 15.065127414359592, 16.68678753004787, 0.0, 79.26929955102136, 71.07508102383413, 76.74032795494075, 27.705470332918107, 50.568134846833, 88.19224290959401, 9.88792265361705, 20.908335437860508, 11.697057800862767, 69.45733305916707, 64.9677688049719, 62.0453175798735, 29.3798175159692, 52.75779983158083, 23.658063154286335, 67.74165465756764, 43.66629139890309, 56.91947977185576, 61.659386116357076, 82.78630971199595, 59.15059126296707, 32.75795014965417, 31.604540986787644, 54.19973811668884, 43.078005950987425, 32.423051843386695, 25.78288275591904, 86.29825223165352, 86.15909323752213, 90.48286585156697], [95.34388180188051, 30.74534186155331, 83.72531661108269, 66.94201220820024, 78.06377182382705, 78.87207337832659, 41.01612657382568, 103.61730659848297, 44.533693619478925, 42.52329374566202, 114.08019867404012, 40.898106928150646, 114.65340244387087, 56.031287583223516, 63.60780467781917, 52.29367006281849, 92.54464770331579, 65.39269604595978, 57.8548780393657, 94.23047105199042, 80.90109727574068, 74.57942407456899, 79.26929955102136, 0.0, 55.97277759255716, 49.30550290406629, 64.71302800238051, 28.884957102398552, 52.977853583234655, 88.37513046672272, 60.85467428109883, 67.96882682496975, 75.53321855714788, 105.6551864286493, 46.12435542045604, 89.70742173948867, 76.51447580914962, 76.01085937231387, 31.411462336501472, 36.68466306341742, 26.086410056175207, 53.956979761893294, 21.60232626432042, 25.505613083973305, 60.2519045597888, 65.98207251497824, 94.54252379351465, 46.523647376501, 52.11285938818047, 77.23844633887495, 50.010592724433664, 45.636438066870866, 16.85159273402987], [62.173579381281876, 25.263749912276054, 29.22605822408466, 30.979583236641243, 63.29765849769679, 91.52494618237526, 51.795412323948504, 57.33689369656932, 16.60307927769656, 66.2072418151741, 70.79722471286317, 69.8943633270541, 70.9522734372348, 64.15528574412778, 16.13675775639293, 25.310841819428305, 47.06509610160606, 17.81964554424456, 60.31712906955729, 43.40143244010278, 82.27561123294122, 56.317975734706174, 71.07508102383413, 55.97277759255716, 0.0, 10.094620095724979, 43.61984267880264, 51.34571824572746, 19.586534193366283, 75.40173837734812, 51.72885025464935, 65.46550319532456, 21.23298680364928, 58.1643613909663, 12.743299869472727, 60.77127002051677, 31.473698756240722, 84.41960213555006, 24.666697755758463, 55.93712275059728, 60.21161496683527, 9.433521179674726, 39.127238304754734, 35.76381740014413, 38.324002130352, 40.49204082111036, 50.24748300972258, 31.208854026601742, 66.89282640099422, 86.68555702809742, 19.10524544224845, 21.864283053923526, 72.70286404809693], [71.25516084651476, 19.79578823596229, 34.42636807065489, 39.34879406710614, 69.73343453884496, 94.40647530257309, 52.62955292913757, 67.41905692019927, 18.59889374322206, 65.97199048878086, 80.81750136453367, 68.94465140143504, 80.98953106400197, 66.6128635290584, 15.247718021242825, 30.715017214522568, 57.08436860953323, 27.487396675470123, 63.54954065186459, 53.429331331294705, 86.76231430012675, 63.02356773790843, 76.74032795494075, 49.30550290406629, 10.094620095724979, 0.0, 50.054043677116596, 49.787149939138196, 11.466924413937313, 81.9775051695886, 56.49320014257309, 69.90807621167124, 30.996500498505334, 68.25893245340359, 14.775497323577609, 69.28266712947959, 41.27420812847956, 87.79669867443145, 19.523383059496982, 55.60438087095341, 57.59382855221228, 16.703131070093434, 30.588136220950204, 32.744910430017306, 44.449161622976966, 47.53848028936951, 60.2226574469686, 34.565957198095205, 68.32058244290556, 89.96225055175556, 9.9581416608223, 11.897158014907568, 65.66114858493297], [30.930424245477784, 45.523058901850135, 64.23810460499898, 16.436612273200062, 19.726717095044748, 53.19007948482526, 30.089576086354946, 46.131962302793916, 32.71101137454829, 43.422311957688784, 52.67401409312838, 49.15346349921834, 53.484532873897955, 30.693683268680438, 59.53269460797162, 19.484309846317924, 36.74771180867358, 30.631793635812357, 24.719999053792975, 45.24696521303423, 40.43922260288297, 13.002757904068599, 27.705470332918107, 64.71302800238051, 43.61984267880264, 50.054043677116596, 0.0, 40.120019557383934, 61.501052846652804, 31.9368091236721, 12.392773890189543, 24.73069585689699, 42.63653187714731, 49.13488717737205, 35.75382369550784, 24.995824242670032, 27.78957406903763, 45.13954169560361, 44.63009240888601, 37.279754985253746, 49.69056292495453, 34.27861665030092, 61.86210723389643, 40.254323096563844, 5.735683838672068, 4.652289156943173, 36.94062756897724, 19.626327363316495, 36.933898065405494, 47.539896088897834, 59.8749346788405, 60.3422890772252, 79.28066217583002], [70.90480282066518, 31.561353848235118, 80.3741148100099, 47.76339077850734, 50.2330429806363, 52.15892264654007, 12.298784456217254, 84.19533426263119, 35.048861733463596, 17.340237866024637, 92.42543381040488, 19.260418050096664, 93.16974824670993, 27.305643160221205, 64.83040293023264, 34.91352063371095, 73.63510139204213, 52.44234572757158, 28.995983970578617, 78.58944786525659, 52.22794256451246, 47.73646087703303, 50.568134846833, 28.884957102398552, 51.34571824572746, 49.787149939138196, 40.120019557383934, 0.0, 58.6220936617265, 59.885671306619955, 33.41937379162884, 39.143877028492966, 65.22200784950638, 86.80061901869284, 38.64799491604867, 64.37264542973023, 59.55598648620014, 48.167128901843604, 31.391496857676643, 8.323516819267732, 10.213578653912405, 44.78897505816882, 38.08756250992559, 17.550701075673317, 37.07707457791961, 42.6998944167486, 74.80580846093243, 26.7345037382815, 24.324997266626347, 49.65756912284011, 55.732994049049644, 53.00841629249274, 40.45303711067892], [81.75566599866785, 27.182705136607524, 34.14475160485167, 50.2827352414319, 81.19157862272841, 105.19735181859124, 62.804106737696436, 75.7169560445993, 29.878537596297463, 75.40210046634937, 89.54277898892495, 77.88116340426028, 89.61576485363703, 77.35647125681804, 12.66039315032635, 42.18184678203737, 65.91494087561824, 37.36225614779141, 74.5697983795651, 60.668608612379394, 98.04136616889109, 74.45797538934036, 88.19224290959401, 52.977853583234655, 19.586534193366283, 11.466924413937313, 61.501052846652804, 58.6220936617265, 0.0, 93.4313831494097, 67.87448303476553, 81.20750194230028, 37.81207642843674, 76.17909853731273, 26.171060196988986, 80.19302982561955, 50.85641013618776, 98.77785897512969, 27.26137562691872, 65.11293587319093, 65.46200194958958, 27.777763969687435, 32.00553660835781, 41.11547762139471, 55.90896667020287, 58.90757748417273, 69.23100665767713, 45.814398443870715, 78.62027022972792, 100.90493808103626, 3.037064318293576, 7.453608287763009, 68.2814705562417], [31.76697411049623, 75.6223281660798, 93.27433441595684, 45.809336646561455, 12.261736989961637, 38.4018057172625, 47.58703244978449, 57.56186102492433, 64.31438578967759, 53.173925491011204, 55.83412209755542, 58.54166411351158, 56.946461699603134, 35.52907703268504, 91.12468148819781, 51.31479636292504, 53.26164457413932, 60.885883351725894, 31.447057796183962, 65.18459936510108, 21.056797806767076, 19.084073396403216, 9.88792265361705, 88.37513046672272, 75.40173837734812, 81.9775051695886, 31.9368091236721, 59.885671306619955, 93.4313831494097, 0.0, 28.41774214855175, 21.495621984306386, 71.02007864038627, 60.960230180368015, 67.55908794359922, 24.980028917878737, 53.385675580802356, 31.035502630035136, 74.80139246722761, 53.25345518366954, 66.59765530057227, 66.1398718682929, 90.64304144237387, 67.27033564597886, 37.53466184918867, 34.941983770704326, 51.25201701145181, 49.628483629264274, 42.307530120893404, 32.83111825673295, 91.76486072390718, 92.0573545280448, 100.03434897211461], [39.107220742123644, 47.62167440649535, 74.98950782404398, 28.271240361965816, 17.247722958320647, 41.48118798565005, 21.654145736896055, 57.651131980572565, 38.02131453445366, 32.72845225924169, 62.774374055372206, 38.571804790343016, 63.67553259287538, 18.439254389622327, 67.86556949997812, 26.418279743042156, 48.77675661383356, 41.32208211319707, 12.374603519580749, 57.622596519494735, 30.546827021012284, 14.425903596509695, 20.908335437860508, 60.85467428109883, 51.72885025464935, 56.49320014257309, 12.392773890189543, 33.41937379162884, 67.87448303476553, 28.41774214855175, 0.0, 13.784617118480336, 54.00635197983616, 60.77742115028324, 41.71983805697402, 31.900622623159485, 40.075705725622406, 33.66897213761432, 46.84301095700712, 28.52608900983351, 41.833637494746604, 42.326560198598656, 62.24711928405639, 38.86462395037294, 14.851674255903607, 16.997788371515618, 48.674585268928624, 22.29568111178626, 25.011052857056516, 36.04396905644039, 65.84022799076938, 65.46976516399651, 73.82362290995557], [43.70633458826071, 59.49999133828841, 88.56174232909466, 41.15722344161234, 15.80273924824096, 28.541779627048786, 26.957764075620084, 66.07497276306714, 51.33524479841399, 31.768582126022284, 68.65484908759231, 37.25997063036953, 69.66813343972534, 14.11524215976501, 81.59905768736432, 40.16023375965763, 58.539329999880444, 54.85640290047407, 10.182675655353549, 68.62425817835768, 16.86645498859854, 18.93079746381816, 11.697057800862767, 67.96882682496975, 65.46550319532456, 69.90807621167124, 24.73069585689699, 39.143877028492966, 81.20750194230028, 21.495621984306386, 13.784617118480336, 0.0, 67.27151233528757, 69.38687283374355, 55.14462124960487, 35.919698395047476, 52.271245672923094, 20.420403146589692, 58.7986293434373, 32.035159182993155, 45.23463883004175, 56.07995211495374, 72.77123770596104, 49.01420287461746, 28.347075558644594, 29.31557821718346, 57.76503686603448, 35.39927689784122, 21.134888825716352, 22.82198551707616, 79.06188363793567, 78.40692319331801, 78.84345944593078], [49.72339405673785, 45.01852769684982, 22.264390013408025, 26.257060210224964, 60.10350183520645, 95.48335921427497, 61.94661857184315, 38.26564788575253, 31.70199979005684, 77.18848273692684, 52.38974540590874, 81.86162704606222, 52.351728378080914, 70.35881327954121, 27.900883679325897, 31.500048489187748, 29.377249317232973, 13.346900366301888, 65.21182177967187, 22.858284006782707, 83.00271026344727, 52.942145663037145, 69.45733305916707, 75.53321855714788, 21.23298680364928, 30.996500498505334, 42.63653187714731, 65.22200784950638, 37.81207642843674, 71.02007864038627, 54.00635197983616, 67.27151233528757, 0.0, 38.474482405691255, 29.470238026474487, 50.84770535165256, 18.17570193390769, 87.587519448512, 44.26394214020905, 67.681079126292, 75.07012466743895, 21.732619394391723, 60.142626108101034, 52.61973467687939, 39.16034315673437, 38.21115649339605, 32.91215312777601, 39.82086217797658, 74.91164287147745, 89.9780435173815, 38.433082294309344, 42.11195504408917, 92.38413553186784], [29.415489936826617, 77.68769783961034, 53.912574639138924, 39.321869013167664, 55.35174171936021, 96.41042891181911, 78.55860424744324, 3.4079989443979253, 62.02887096685715, 92.51313093163205, 15.248107801341778, 98.19510130748385, 14.842606526391792, 79.1154776548084, 66.22376145588689, 53.623414916171185, 13.240316673422168, 42.02937005317569, 72.96829515180558, 16.028359055349924, 79.99533092453642, 50.48194977325148, 64.9677688049719, 105.6551864286493, 58.1643613909663, 68.25893245340359, 49.13488717737205, 86.80061901869284, 76.17909853731273, 60.960230180368015, 60.77742115028324, 69.38687283374355, 38.474482405691255, 0.0, 61.76833920235687, 36.041799199060875, 29.26073144120905, 88.19106472581035, 76.78238051222795, 85.64375118008573, 96.92699370403373, 54.47693386113502, 94.5435920818283, 80.33472071833803, 50.30429818415125, 45.25520247114702, 12.206576863360924, 60.69571187610426, 85.78321267209375, 90.45598200178789, 76.58169411992418, 79.91358514371234, 122.02163901410663], [59.581656526632266, 16.101041645876617, 41.756670534861875, 27.27617574673447, 55.29763174394092, 80.0383692761654, 39.282441828550866, 60.276472269590116, 4.053424074171908, 53.514402942759745, 72.55763990615971, 57.152431768893585, 72.90629819854551, 52.36687754118459, 27.652275676054707, 16.270777451911233, 49.309609156066735, 19.910316595855438, 49.005047818899406, 48.792869935746715, 72.00412848220412, 48.75630310999494, 62.0453175798735, 46.12435542045604, 12.743299869472727, 14.775497323577609, 35.75382369550784, 38.64799491604867, 26.171060196988986, 67.55908794359922, 41.71983805697402, 55.14462124960487, 29.470238026474487, 61.76833920235687, 0.0, 56.640901032033646, 32.777803964376375, 73.25243509523536, 15.245616080572193, 43.21992986583162, 47.68629414683048, 7.844256622084176, 32.78367610912166, 23.687127573646052, 30.062097143559903, 33.67220201408391, 51.97362611070137, 19.866319103851865, 54.62604315042563, 75.45120374861148, 24.26888822433409, 24.607550786183687, 62.97287839307328], [7.792360833941132, 69.00901478875726, 72.76716981482181, 29.93836920447744, 20.445681667922948, 61.05901127241707, 53.27647206154485, 32.63619282021363, 54.52126343625663, 64.34090560842519, 32.82054980053852, 70.18439387428843, 33.860057640379964, 48.154957342259436, 75.00311829042325, 41.481638493018345, 28.708631157079527, 43.70564420575786, 42.22166887336781, 40.94138884707896, 44.22772517047891, 17.962532560949764, 29.3798175159692, 89.70742173948867, 60.77127002051677, 69.28266712947959, 24.995824242670032, 64.37264542973023, 80.19302982561955, 24.980028917878737, 31.900622623159485, 35.919698395047476, 50.84770535165256, 36.041799199060875, 56.640901032033646, 0.0, 32.68867809229462, 52.98059287384221, 68.07783564713633, 60.31352662354875, 73.42094880026343, 52.5796205000211, 85.9066428369432, 65.12144250702005, 29.79764484247037, 24.363499417849876, 26.42160824855232, 44.09243730475636, 55.367611676266456, 55.14676177383602, 79.20549151452855, 80.6912578318174, 104.11369567033606], [32.04765732222655, 48.52300886315407, 40.28367151033087, 12.4560544512281, 43.05299463872658, 80.81239705913474, 53.13778361150449, 27.550423227096513, 32.7991486415644, 68.08406113317105, 39.938414513986444, 73.39430362220715, 40.2289452181962, 57.93874348771944, 43.5395927955887, 25.04330508520033, 16.53417848555295, 13.807780040024321, 52.19436575072698, 19.074469999880154, 66.9825831881676, 36.07154209604387, 52.75779983158083, 76.51447580914962, 31.473698756240722, 41.27420812847956, 27.78957406903763, 59.55598648620014, 50.85641013618776, 53.385675580802356, 40.075705725622406, 52.271245672923094, 18.17570193390769, 29.26073144120905, 32.777803964376375, 32.68867809229462, 0.0, 72.6671010086439, 47.60775913597871, 59.8165850308806, 69.76909757698864, 25.90445926535157, 65.53183041773993, 51.35323926635655, 26.096375079729874, 23.137534896857137, 19.26830272576302, 32.84736024621564, 63.55904548634773, 75.06754412768413, 50.57406338270701, 53.17122639093863, 93.00357788074635], [60.615391764076136, 74.79569812968656, 108.6512139523243, 61.55010767710936, 32.85700157412934, 8.276503256124437, 38.12492048169178, 84.81313502536494, 69.27404335860994, 33.908978895680384, 85.54789152824523, 37.34520894824414, 86.62432835434508, 21.959859302469077, 100.45144779201152, 59.36253436824106, 78.11207270878425, 74.99089957990168, 24.251862220908105, 88.65776060704619, 10.305568262840044, 38.13406491343099, 23.658063154286335, 76.01085937231387, 84.41960213555006, 87.79669867443145, 45.13954169560361, 48.1671289018