instance_id,num_cities,city_coordinates,distance_matrix,best_route,total_distance
1773,54,"[[87.14082137611997, 7.217502477086246], [37.34901360065383, 40.9949394846681], [23.44085462010188, 54.46019142645828], [64.95102937801767, 13.046456791175897], [83.90590554990071, 78.0545419664274], [1.7995414096610096, 77.94572079834072], [35.89462535394576, 80.77976443706565], [30.497095042554356, 50.789594692281796], [9.31736662367959, 36.40011614939369], [96.4326017200638, 19.094523202558477], [10.927251763191359, 31.04311429614225], [35.74493393594443, 14.03048479642155], [7.475459762562375, 98.34642720073057], [89.99610819185187, 8.567951833487797], [94.87754001348414, 54.50278633238009], [20.76633357795985, 34.61006961555645], [34.22343097002825, 6.8336197771541425], [16.94526249487248, 4.211986578317672], [21.286149356127403, 65.28082182811735], [16.19264988458673, 62.36284747093682], [50.2929082601529, 61.48581326518533], [30.37950161585419, 80.07350008502652], [66.84447705934497, 31.494738792644718], [41.723407748797726, 49.98868763810943], [46.24157480038645, 51.46913959402127], [33.03943442985322, 98.68049572492137], [98.82256311839458, 71.67225345923359], [30.78159894136352, 93.37978476235105], [12.012316609350027, 25.812876731454747], [1.3647677499137312, 89.98632018128463], [35.319191266366154, 42.542039070599515], [52.82801532189254, 76.92848118867093], [79.03078597292199, 85.71897775090761], [83.85499556499401, 46.12913991308698], [61.4789506572925, 7.089843646677418], [88.12815976961788, 92.76705442786188], [16.1238124556352, 95.6524770777635], [77.09205393331595, 94.11906268470858], [47.02909845849924, 37.9363017031459], [74.77520155298436, 48.546188053188764], [65.52847276423022, 99.92709019302522], [81.43761358801129, 3.706651014401563], [41.16671246972393, 12.664296458097635], [16.148344847637407, 95.53582038012367], [77.56832222416836, 21.718820883103795], [87.98906336104609, 41.548736205839596], [62.193609956460406, 21.103472861403084], [96.16317159470269, 68.54035909031322], [75.39512062175355, 68.75049997766011], [91.73973451316428, 34.399236349773275], [82.21263996577729, 89.20281244415104], [48.34937511296054, 76.90466116265571], [10.759841815663119, 3.7244579102141295], [94.05517342431021, 87.02968393274092]]","[[0.0, 60.167594038237326, 79.30673000373253, 22.94261487526628, 70.91086548630754, 110.84049320177427, 89.65254592822079, 71.46354982060001, 83.11507113846609, 15.079814431000065, 79.85091090085983, 51.84548171101094, 121.04152495035136, 3.158540210967368, 47.91403640426728, 71.80477257748056, 52.9187828026877, 70.25987199296931, 87.79628056427342, 89.85906805928276, 65.59587072976142, 92.35715353114419, 31.643732329587106, 62.38682345394584, 60.25741247341735, 106.2658891806925, 65.5047938268935, 102.95776241768279, 77.39560822262854, 119.19819025403294, 62.71606040543843, 77.69806440473302, 78.91928974849883, 39.05012393337357, 25.662188245876386, 85.55524926082406, 113.4202816458972, 87.48062010318954, 50.52321190612235, 43.138947658220275, 95.19538469369844, 6.697212634176903, 46.295639691106395, 113.31397531138482, 17.375873374504597, 34.3417111367981, 28.55141907386246, 61.9830262787576, 62.64400424315765, 27.568036897241342, 82.13329423814037, 79.75635641662254, 76.46080956255356, 80.11112639925032], [60.167594038237326, 0.0, 19.358457998616313, 39.28089815473006, 59.50595200549159, 51.27499598000012, 39.81139964463793, 11.953412005066252, 28.405732409569925, 63.011892674270435, 28.233815243047932, 27.012124836917877, 64.66546498837701, 61.83224156558094, 59.09308993184362, 17.769407417821895, 34.30400896309133, 42.06303226941048, 29.11734343888442, 30.06957295001322, 24.236755501619786, 39.69518857370691, 30.987677838645894, 10.001141435398509, 13.739960430138222, 57.846312513217484, 68.70294668356078, 52.794914054990585, 29.53715023274336, 60.78668712808189, 2.552194318143155, 39.12568099956116, 61.13599387376993, 46.78852821479547, 41.615013950985016, 72.51809133823288, 58.634082063140866, 66.34517104248573, 10.151813036775408, 38.180373224822674, 65.32289266301811, 57.742714742961546, 28.58671297917732, 58.516459602639976, 44.600017202856364, 50.64307781467656, 31.826473453831227, 64.94501768265215, 47.09434570881214, 54.789176132026874, 65.85395953097313, 37.556837784775915, 45.782888211682966, 73.03962115417518], [79.30673000373253, 19.358457998616313, 0.0, 58.63609830875769, 64.90543707075784, 31.936132003577942, 29.117285741494488, 7.9538549951831135, 22.926823421449473, 81.10811077585123, 26.55088996225266, 42.26051994475909, 46.70005913692365, 80.84367280658734, 71.43669809222067, 20.029488228921405, 48.83189817945123, 50.66630840625793, 11.03307740677586, 10.723266500711315, 27.75593894843004, 26.536510745965632, 49.10485164954987, 18.821426487724153, 22.996069920835623, 45.25006128849816, 77.32177607596505, 39.60582372103128, 30.84282931732699, 41.82653984977233, 16.82668229507667, 36.992286479097494, 63.77579627326367, 60.98585774938103, 60.75233821765156, 75.17887469572088, 41.83710677395498, 66.71789308142677, 28.800072551434305, 51.673887128070625, 61.95648863916682, 77.06844954415557, 45.39937084047798, 41.71795767676893, 63.25962451901297, 65.82687086273012, 51.13166063788621, 74.07284595313304, 53.883751486500366, 71.1841198107818, 68.27277984597649, 33.52892206561735, 52.29648880352944, 77.76344811220224], [22.94261487526628, 39.28089815473006, 58.63609830875769, 0.0, 67.7151273265005, 90.55398887563803, 73.70261582510386, 51.10399250366173, 60.33653815792796, 32.05726913578226, 56.94249932280168, 29.222667949497676, 102.85682308185467, 25.44234618597908, 51.12947582210879, 49.16580865788171, 31.349396289011253, 48.81189934821998, 68.08120620361044, 69.35045753637273, 50.60861359810355, 75.41760447352969, 18.545194874350663, 43.63772251731675, 42.73577242030984, 91.38675241106858, 67.7071992692796, 87.29830215582511, 54.456301634384275, 99.81460437394057, 41.80951092607245, 65.02215400098, 74.02388025775464, 38.10280646019562, 6.8946769899774525, 83.02140122124909, 95.95755155261891, 81.97665462569466, 30.67083284858612, 36.83402338325971, 86.88255234033365, 18.9483358335522, 23.78738693749958, 95.84465098627798, 15.31032258668921, 36.64875088778245, 8.515801184990188, 63.669231298491184, 56.674681024503165, 34.25749432891852, 78.08811501391165, 65.98094565771373, 54.98713006290601, 79.5020068862903], [70.91086548630754, 59.50595200549159, 64.90543707075784, 67.7151273265005, 0.0, 82.10643625426854, 48.08856271057566, 59.965643410802905, 85.43150080207631, 60.27604772689856, 86.80989713229039, 80.11591030069171, 79.07827545927766, 69.75296966096259, 25.981954434729705, 76.64220590931272, 86.83759576283875, 99.68174709839786, 63.90932476516614, 69.50765618934352, 37.47474292875078, 53.56446685999375, 49.58737353116951, 50.66611589532418, 46.101902673442254, 54.88923257483344, 16.224681186536877, 55.290641336413145, 88.87001585054333, 83.39908129401056, 60.18144786224409, 31.098284098955155, 9.083521717057875, 31.92544264523196, 74.42416753560774, 15.306386040597058, 70.02927576679964, 17.44985386073248, 54.49194530459358, 30.888714867217278, 28.568136126052824, 74.38885235183733, 78.11864587141964, 69.97629689614948, 56.69107894888429, 36.73344568564843, 60.94955333833203, 15.516450840743182, 12.609466976122405, 44.35261643588955, 11.276128900596222, 35.575118869456155, 104.28474498035115, 13.54846159908951], [110.84049320177427, 51.27499598000012, 31.936132003577942, 90.55398887563803, 82.10643625426854, 0.0, 34.21266655076773, 39.50955289042088, 42.22031456058969, 111.44002675058069, 47.78252392871284, 72.37020842131437, 21.17557250383831, 112.2136766116589, 95.98481651005343, 47.3045227075741, 78.1552271180267, 75.27321189653073, 23.240644465789927, 21.212909105280545, 51.21069404427566, 28.659057382971177, 79.92832653674805, 48.73921220729286, 51.731070781216935, 37.4948237383377, 97.22563002597737, 32.835498918336484, 53.12376311766355, 12.048446440755724, 48.75435987063423, 51.038612111173, 77.62144459130388, 88.00791087093167, 92.64009507269454, 87.59167927661085, 22.775292730004875, 77.00999564925372, 60.385978895510604, 78.6751517252245, 67.41333170865364, 108.87452421328287, 76.23279163957685, 22.70021505181667, 94.3523842846323, 93.55946869042735, 82.93663042443788, 94.8311949231799, 74.16779196864678, 99.92764704187117, 81.19721997530361, 46.561473591048355, 74.76016886065867, 92.70178005113769], [89.65254592822079, 39.81139964463793, 29.117285741494488, 73.70261582510386, 48.08856271057566, 34.21266655076773, 0.0, 30.472013631910478, 51.72913940665333, 86.42867330153813, 55.65163170349021, 66.7494474888409, 33.41012741015516, 90.23035146088313, 64.57138530377455, 48.585038149317704, 73.96502687577012, 78.87777227452233, 21.298469263642122, 26.969439518323497, 24.074199934163516, 5.560161794536417, 58.19713973519172, 31.33791816068445, 31.083308889770564, 18.127004602333976, 63.583583632079716, 13.59792452153522, 59.930988770530334, 35.736140457891366, 38.24205493420086, 17.365830773848007, 43.41801677996992, 59.16809013887939, 78.00488527855906, 53.591391462404175, 24.740303635015824, 43.30317539502013, 44.266678103837826, 50.50448150475829, 35.281510681103995, 89.52334103434184, 68.31919115848906, 24.650695341682983, 72.28341486340742, 65.21429327497827, 65.21423439209264, 61.4987862418143, 41.29155276610971, 72.59359202203146, 47.07766153189328, 13.043665778722682, 81.05108023625208, 58.495391660776114], [71.46354982060001, 11.953412005066252, 7.9538549951831135, 51.10399250366173, 59.965643410802905, 39.50955289042088, 30.472013631910478, 0.0, 25.6054288898571, 73.15783346681722, 27.801119653962726, 37.131818880670366, 52.83604838745629, 72.95751977305581, 64.48743665870906, 18.880274107894245, 44.11364086293167, 48.509027438389516, 17.170823636060216, 18.39992747692093, 22.500740270163906, 29.284141497835083, 41.15122894473837, 11.254845582582837, 15.759137797426124, 47.95833495106236, 71.4454688903335, 42.591140307264176, 31.072873600929743, 48.83723766293276, 9.55378384329701, 34.37893814231719, 59.796161717794774, 53.561043556968585, 53.568121292241365, 71.29829414107488, 47.10912298331395, 63.628083347987946, 20.940732499351192, 44.33490261066681, 60.34642399649136, 69.36670682001909, 39.59013894251505, 46.99054527735775, 55.32459053845321, 58.22988825938882, 43.427351830905394, 68.02296117096803, 48.35728300453569, 63.39798684440183, 64.42105932657745, 31.63385212812802, 51.03612705973258, 73.16401708311172], [83.11507113846609, 28.405732409569925, 22.926823421449473, 60.33653815792796, 85.43150080207631, 42.22031456058969, 51.72913940665333, 25.6054288898571, 0.0, 88.81749677366416, 5.593674911733805, 34.62393277650826, 61.97368856017861, 85.3445294763028, 87.45427341329527, 11.58805897954891, 38.658630976201344, 33.079608230844265, 31.26254821024035, 26.857642070597834, 48.04463770482191, 48.486884771222186, 57.735874134625746, 35.13973216327618, 39.880729896173186, 66.64519623403105, 96.20448986384025, 60.88838891143323, 10.924852123393945, 54.173103025343366, 26.717374532671727, 59.46196198323942, 85.39502881920357, 75.16988779815746, 59.83245710380903, 96.89361613223296, 59.642015227934344, 89.02182333038076, 37.743007087895194, 66.57518468862307, 84.82549666630005, 79.1845482700327, 39.721152642372545, 59.528932279695404, 69.81212911146511, 78.8399908423498, 55.044385770644, 92.6023166954602, 73.57184860574145, 82.44665092338248, 90.01025281386293, 56.25047425078894, 32.70748195815678, 98.71093675631668], [15.079814431000065, 63.011892674270435, 81.10811077585123, 32.05726913578226, 60.27604772689856, 111.44002675058069, 86.42867330153813, 73.15783346681722, 88.81749677366416, 0.0, 86.33616681535551, 60.8985837770836, 119.13957106093065, 12.338442111014364, 35.442394315028366, 77.24063901241799, 63.405919898808904, 80.86857853006016, 88.20523501252441, 91.16247997697967, 62.65694523154086, 89.8968723316296, 32.081497278320036, 62.8294938795187, 59.72650140219287, 101.74782887813836, 52.632020998905226, 99.13805652147771, 84.68719390978447, 118.58979692473103, 65.45712289479394, 72.4301501537516, 68.85957547910466, 29.817221152837774, 36.95767922715605, 74.13909638815159, 110.95324210980237, 77.47734064357253, 52.87455675067753, 36.55740067990152, 86.53882985566125, 21.48572269111395, 55.638712517598854, 110.8550125873728, 19.045943904552928, 23.989268884585087, 34.29787800607893, 49.446569944043915, 53.928579069461804, 16.008036954608844, 71.53586186435567, 75.19314285169573, 87.04056925783524, 67.97674770638247], [79.85091090085983, 28.233815243047932, 26.55088996225266, 56.94249932280168, 86.80989713229039, 47.78252392871284, 55.65163170349021, 27.801119653962726, 5.593674911733805, 86.33616681535551, 0.0, 30.088983215166188, 67.3917709809479, 82.20107654197018, 87.16654810966811, 10.465691625898655, 33.59779145274246, 27.497742957865533, 35.77048191436622, 31.759252250598117, 49.763569324924305, 52.74816352193928, 55.91904907548628, 36.15712893394132, 40.79612629950253, 71.16012920748511, 96.83136220957525, 65.42213376743456, 5.34160562971824, 59.71383943879738, 26.966497430982137, 62.138079159756366, 87.3357968783711, 74.47176636106114, 55.93955162393045, 98.84242501274863, 64.81800677340672, 91.41310798418796, 36.754038790853805, 66.20361231310976, 87.89934851958029, 75.62402627089476, 35.38652185431559, 64.70370121585985, 67.29022752106975, 77.7746160289639, 52.22102980841864, 93.11930732494635, 74.68569508345965, 80.88214217893551, 92.0008535822406, 59.19203322234125, 27.319169328933533, 100.22348696473708], [51.84548171101094, 27.012124836917877, 42.26051994475909, 29.222667949497676, 80.11591030069171, 72.37020842131437, 66.7494474888409, 37.131818880670366, 34.62393277650826, 60.8985837770836, 30.088983215166188, 0.0, 88.92885534834164, 54.52549105249739, 71.65662769862281, 25.453443382225977, 7.355938919053544, 21.2092091684524, 53.250854428712834, 52.13740589371371, 49.635186682595354, 66.26060467874089, 35.667656919523694, 36.45181066469734, 38.88228828773985, 84.6932351358277, 85.4480005491985, 79.50437786280382, 26.49645042041111, 83.37436510097997, 28.514732752563113, 65.1766033159012, 83.7430893187761, 57.83512505605552, 26.653557289490337, 94.56981413785418, 83.94723361803234, 90.13192908312381, 26.435212330335318, 52.102740442005214, 90.91361836268453, 46.84445023420791, 5.59125683948828, 83.82807425026446, 42.52418511493579, 59.04831259247559, 27.378086554863327, 81.37376627222109, 67.57527185039282, 59.58442524288364, 88.37492035443404, 64.12514320543212, 27.027190354126226, 93.42894146748417], [121.04152495035136, 64.66546498837701, 46.70005913692365, 102.85682308185467, 79.07827545927766, 21.17557250383831, 33.41012741015516, 52.83604838745629, 61.97368856017861, 119.13957106093065, 67.3917709809479, 88.92885534834164, 0.0, 121.94192083306305, 97.78235258358974, 65.1073775005721, 95.34174262231632, 94.60956650933058, 35.83391418345467, 37.024416454468835, 56.49813054915295, 29.300085300100672, 89.40821247400864, 59.2570073229671, 60.83002357790067, 25.566157368066545, 95.16199260362647, 23.829470420728242, 72.67529851144216, 10.355285908657343, 62.36507932035545, 50.15558500444025, 72.66097431688355, 92.5228543716375, 106.03839432382539, 80.84545391651109, 9.058221214389405, 69.74482629332961, 72.2071575172617, 83.7216761908756, 58.07452810025257, 120.11281128629791, 92.06806198446596, 9.116931852271302, 103.84988886864927, 98.53130500894063, 94.66018146881727, 93.5623424579761, 74.08778063500638, 105.78143134299933, 75.29443402765278, 46.15654110635951, 94.67895351072575, 87.31618118048816], [3.158540210967368, 61.83224156558094, 80.84367280658734, 25.44234618597908, 69.75296966096259, 112.2136766116589, 90.23035146088313, 72.95751977305581, 85.3445294763028, 12.338442111014364, 82.20107654197018, 54.52549105249739, 121.94192083306305, 0.0, 46.193477862896074, 73.96589478716137, 55.79963648780654, 73.18060187199981, 89.09213245980088, 91.3282062385781, 66.15621016443431, 93.09770786861739, 32.58274979749608, 63.60763289622641, 61.27781901772786, 106.60362682674679, 63.71859375600965, 103.4379287811274, 79.86776060664032, 120.35142380941019, 64.37238420372003, 77.81149723087698, 77.92636967981596, 38.05990165839603, 28.555438670466827, 84.21982016726264, 114.19645622505082, 86.51882560567444, 52.04482586667638, 42.77774386462348, 94.57884195324084, 9.842767676706432, 49.00091760234431, 114.09163996756311, 18.09406590069516, 33.04179726904135, 30.497839195101218, 60.28865816381476, 61.928409790239115, 25.890065517678078, 81.00964833479654, 80.02722173163085, 79.3841630466879, 78.56665586988109], [47.91403640426728, 59.09308993184362, 71.43669809222067, 51.12947582210879, 25.981954434729705, 95.98481651005343, 64.57138530377455, 64.48743665870906, 87.45427341329527, 35.442394315028366, 87.16654810966811, 71.65662769862281, 97.78235258358974, 46.193477862896074, 0.0, 76.73454956996027, 77.14447733911554, 92.75022597892206, 74.37646689666741, 79.07649774552807, 45.12817361387934, 69.38197430861945, 36.266001574221725, 53.34546713483155, 48.73048455271919, 75.99750857326913, 17.616861488879913, 74.96472949890983, 87.69125476765812, 100.01859702487701, 60.74748044605243, 47.65578995857943, 35.00814505654683, 13.84248678793954, 57.99528347289324, 38.854965532853036, 88.85632590140439, 43.42548637760915, 50.63518314582715, 20.96628423541362, 54.080820349042874, 52.544067082445274, 68.0831273546977, 88.78060629791435, 37.072866237415575, 14.671691288740634, 46.73064759132924, 14.09632212660071, 24.13632137408637, 20.346954201083957, 36.93902415300099, 51.64023745996578, 98.25591985956392, 32.53729174825939], [71.80477257748056, 17.769407417821895, 20.029488228921405, 49.16580865788171, 76.64220590931272, 47.3045227075741, 48.585038149317704, 18.880274107894245, 11.58805897954891, 77.24063901241799, 10.465691625898655, 25.453443382225977, 65.1073775005721, 73.96589478716137, 76.73454956996027, 0.0, 30.86461786325717, 30.637298127623303, 30.675156881873345, 28.12712678566935, 39.92648505921465, 46.46866158796844, 46.18333674419051, 25.994246480434697, 30.548586806587267, 65.23533173332022, 86.4082197555971, 59.61698548848954, 12.410617056649452, 58.6766553520079, 16.574130635865725, 53.09236662949521, 77.50397992150192, 64.13164781785744, 49.14142882361615, 88.99354195858186, 61.218694131395374, 81.93843438615467, 26.47256389303845, 55.77789183046759, 79.18309340792719, 68.08836537394824, 29.963184383609388, 61.1005149416889, 58.246460905757715, 67.57988231375474, 43.573471103642596, 82.67979031639925, 64.41951070278175, 70.9737140846894, 82.19498852274754, 50.49412494991407, 32.466149876480436, 90.10588222300674], [52.9187828026877, 34.30400896309133, 48.83189817945123, 31.349396289011253, 86.83759576283875, 78.1552271180267, 73.96502687577012, 44.11364086293167, 38.658630976201344, 63.405919898808904, 33.59779145274246, 7.355938919053544, 95.34174262231632, 55.79963648780654, 77.14447733911554, 30.86461786325717, 0.0, 17.475928200959974, 59.8619134604257, 58.383252691324735, 56.965694531279354, 73.34068352825295, 40.893806854553375, 43.801935274206066, 46.22515992886466, 91.85450707053894, 91.52647863914018, 86.61457661016688, 29.215506082909023, 89.40952596402683, 35.725227767832806, 72.52185984381109, 90.72264747571346, 63.3042661034607, 27.256724016179252, 101.44099259088884, 90.64428058378846, 97.24436939142781, 33.63572420529544, 58.17546260749075, 98.21608766290477, 47.317618007751435, 9.066749612827886, 90.52507459340364, 45.82956261844309, 63.999082298602175, 31.399993942341776, 87.43141966887028, 74.35595525942621, 63.780783863910116, 95.3291565086492, 71.48071865040193, 23.66869036342473, 100.05621475531902], [70.25987199296931, 42.06303226941048, 50.66630840625793, 48.81189934821998, 99.68174709839786, 75.27321189653073, 78.87777227452233, 48.509027438389516, 33.079608230844265, 80.86857853006016, 27.497742957865533, 21.2092091684524, 94.60956650933058, 73.18060187199981, 92.75022597892206, 30.637298127623303, 17.475928200959974, 0.0, 61.22292003416198, 58.155731001285716, 66.27485723442925, 77.04185883199006, 56.87073221385171, 52.052500825053144, 55.60137071918131, 95.82964880794809, 106.08854775629183, 90.23491807082777, 22.1569946183454, 87.17791074309336, 42.50640166564331, 81.08798023666978, 102.45975715153774, 78.95543124576977, 44.62657776094395, 113.61780188977576, 91.44418014803459, 108.17078558622, 45.19255045829037, 72.86853416859293, 107.33922572876529, 64.49433086367236, 25.653853145055177, 91.32731080020017, 63.10027431253379, 80.25742653649436, 48.29839807753724, 102.04712946570827, 87.07241599295168, 80.65657501567546, 107.16002539793458, 79.18613027263059, 6.204604192131325, 113.15789569727188], [87.79628056427342, 29.11734343888442, 11.03307740677586, 68.08120620361044, 63.90932476516614, 23.240644465789927, 21.298469263642122, 17.170823636060216, 31.26254821024035, 88.20523501252441, 35.77048191436622, 53.250854428712834, 35.83391418345467, 89.09213245980088, 74.37646689666741, 30.675156881873345, 59.8619134604257, 61.22292003416198, 0.0, 5.870120204539961, 29.253959597103943, 17.364111993762062, 56.7191381280923, 25.525103304276413, 28.522549416902013, 35.40731458946185, 77.79939496814053, 29.65999461910268, 40.54284972678134, 31.736778254554117, 26.720376242637524, 33.62376060439678, 61.254887768487016, 65.43429862146688, 70.722353030338, 72.27272887226846, 30.807258314844283, 62.81674236524082, 37.55558825730567, 56.0457551693174, 56.19383500136272, 86.07890078664025, 56.24709354026769, 30.688140584749743, 71.17113817469415, 70.79894508204694, 60.208458662339524, 74.94793554514854, 54.22010178785881, 76.92450833860507, 65.45455593800449, 29.453893278147078, 62.449892627848236, 75.94961399955696], [89.85906805928276, 30.06957295001322, 10.723266500711315, 69.35045753637273, 69.50765618934352, 21.212909105280545, 26.969439518323497, 18.39992747692093, 26.857642070597834, 91.16247997697967, 31.759252250598117, 52.13740589371371, 37.024416454468835, 91.3282062385781, 79.07649774552807, 28.12712678566935, 58.383252691324735, 58.155731001285716, 5.870120204539961, 0.0, 34.111534856679036, 22.69215675210113, 59.316504697397924, 28.371454469049176, 31.962646321963724, 40.03480640910828, 83.15267645050008, 34.2766368467029, 36.78825284447533, 31.35159219527909, 27.544310317591957, 39.42470908357009, 67.03834849331471, 69.5825142118961, 71.45595838999408, 78.09694861580024, 33.28970077893967, 68.6818361591605, 39.338819234917764, 60.189828355350244, 62.00883606789862, 87.7351393194816, 55.62058768821244, 33.173002495552666, 73.613246446602, 74.75260674945432, 61.79340030054952, 80.20876505965953, 59.54607162468186, 80.5563501085614, 71.26726324255664, 35.291915828668124, 58.88952482223671, 81.67634537004813], [65.59587072976142, 24.236755501619786, 27.75593894843004, 50.60861359810355, 37.47474292875078, 51.21069404427566, 24.074199934163516, 22.500740270163906, 48.04463770482191, 62.65694523154086, 49.763569324924305, 49.635186682595354, 56.49813054915295, 66.15621016443431, 45.12817361387934, 39.92648505921465, 56.965694531279354, 66.27485723442925, 29.253959597103943, 34.111534856679036, 0.0, 27.240518818365008, 34.255203659179514, 14.339464310038986, 10.80495507796374, 41.001545854923954, 49.587205653141844, 37.38872302172805, 52.32553963481971, 56.623686106295935, 24.147024275166356, 15.649369329450094, 37.59138034744325, 36.908550780284294, 55.534215176305864, 49.09197801537439, 48.32067905338302, 42.22704318903028, 23.774607236124833, 27.69145329344701, 41.350383282392634, 65.63858819598062, 49.667171783281454, 48.22088961392815, 48.222006283697276, 42.643723466190025, 42.099407565326146, 46.40956447953129, 26.132293019888326, 49.51284737764378, 42.27412111027063, 15.540855561376354, 69.99455346630697, 50.67173947062429], [92.35715353114419, 39.69518857370691, 26.536510745965632, 75.41760447352969, 53.56446685999375, 28.659057382971177, 5.560161794536417, 29.284141497835083, 48.486884771222186, 89.8968723316296, 52.74816352193928, 66.26060467874089, 29.300085300100672, 93.09770786861739, 69.38197430861945, 46.46866158796844, 73.34068352825295, 77.04185883199006, 17.364111993762062, 22.69215675210113, 27.240518818365008, 0.0, 60.741999331571215, 32.15245163777113, 32.70802355402784, 18.796157301907606, 68.9567517557775, 13.312358700590337, 57.28497823846431, 30.661356518786487, 37.85513306964895, 22.667750472171377, 48.97773869492376, 63.339150930422534, 79.33340934178989, 59.1272681629616, 21.117035719366804, 48.77848268194891, 45.307312461638894, 54.451350551300024, 40.36849282504605, 91.86308526898574, 68.2668634963011, 21.014499086814688, 75.04700776955046, 69.30381689647537, 67.00448940379084, 66.78700904434928, 46.41784447726658, 76.49324511987713, 52.63096593596523, 18.24713384666034, 78.8296092321059, 64.05450549322353], [31.643732329587106, 30.987677838645894, 49.10485164954987, 18.545194874350663, 49.58737353116951, 79.92832653674805, 58.19713973519172, 41.15122894473837, 57.735874134625746, 32.081497278320036, 55.91904907548628, 35.667656919523694, 89.40821247400864, 32.58274979749608, 36.266001574221725, 46.18333674419051, 40.893806854553375, 56.87073221385171, 56.7191381280923, 59.316504697397924, 34.255203659179514, 60.741999331571215, 0.0, 31.1944589182756, 28.695927740120727, 75.21108190781938, 51.35007957913938, 71.62604339781062, 55.12575964189863, 87.80009922882492, 33.404887183768366, 47.546673361508034, 55.57674167797103, 22.439327886214205, 24.98775261316592, 64.86364014618087, 81.78509154915592, 63.4572200362265, 20.83609756707813, 18.805539420046422, 68.44500409445469, 31.386899434567315, 31.842317014229646, 81.67838117960632, 14.511010512475996, 23.413167104315814, 11.384593645030852, 47.2436644693936, 38.22440642843599, 25.064116775807438, 59.71936198324895, 49.03192679935776, 62.58334291731251, 61.842963450822985], [62.38682345394584, 10.001141435398509, 18.821426487724153, 43.63772251731675, 50.66611589532418, 48.73921220729286, 31.33791816068445, 11.254845582582837, 35.13973216327618, 62.8294938795187, 36.15712893394132, 36.45181066469734, 59.2570073229671, 63.60763289622641, 53.34546713483155, 25.994246480434697, 43.801935274206066, 52.052500825053144, 25.525103304276413, 28.371454469049176, 14.339464310038986, 32.15245163777113, 31.1944589182756, 0.0, 4.754531680389263, 49.460120980109465, 61.07774202310024, 44.749418874705114, 38.30429179205499, 56.82103863551234, 9.821739338927996, 29.138716270613394, 51.65746898080262, 42.30799925020782, 47.22914663013297, 63.11410044762111, 52.349985149594566, 56.554673853529884, 13.16853676884109, 33.083256773282855, 55.3220134315969, 60.985613545144076, 37.32854251899323, 52.23624358064975, 45.651322654359184, 47.02917891490603, 35.403175155896015, 57.513932236184424, 38.54594466430022, 52.3895403155181, 56.365996042155615, 27.719543183195263, 55.66975271735133, 64.11434398959136], [60.25741247341735, 13.739960430138222, 22.996069920835623, 42.73577242030984, 46.101902673442254, 51.731070781216935, 31.083308889770564, 15.759137797426124, 39.880729896173186, 59.72650140219287, 40.79612629950253, 38.88228828773985, 60.83002357790067, 61.27781901772786, 48.73048455271919, 30.548586806587267, 46.22515992886466, 55.60137071918131, 28.522549416902013, 31.962646321963724, 10.80495507796374, 32.70802355402784, 28.695927740120727, 4.754531680389263, 0.0, 49.02253214677861, 56.3287328310272, 44.67116555438436, 42.77716610975702, 59.139673751528385, 14.106437743793247, 26.297514581731782, 47.41501643034658, 37.99059118002495, 46.92227117037872, 58.821796725429905, 53.47192646480186, 52.638085094091906, 13.555732916105994, 28.682947919741896, 52.15512831278654, 59.32972662720009, 39.135279205325936, 53.36173577099304, 43.20239076202372, 42.90998956544564, 34.300745498269485, 52.75976081811652, 33.89062777034018, 48.594898230343354, 52.13202083070839, 25.522707137491416, 59.48535958273492, 59.58768771345076], [106.2658891806925, 57.846312513217484, 45.25006128849816, 91.38675241106858, 54.88923257483344, 37.4948237383377, 18.127004602333976, 47.95833495106236, 66.64519623403105, 101.74782887813836, 71.16012920748511, 84.6932351358277, 25.566157368066545, 106.60362682674679, 75.99750857326913, 65.23533173332022, 91.85450707053894, 95.82964880794809, 35.40731458946185, 40.03480640910828, 41.001545854923954, 18.796157301907606, 75.21108190781938, 49.460120980109465, 49.02253214677861, 0.0, 71.1116387825177, 5.761541269642761, 75.84081738493026, 32.84620522478724, 56.18472752236858, 29.406429060768907, 47.782898247687065, 73.10175272277164, 95.90439839427968, 55.40520235080635, 17.18450359196283, 44.28814690746509, 62.334322864610435, 65.23283730668305, 32.512945262779944, 106.5946289684574, 86.39930083425035, 17.181323880848595, 88.91524752626157, 79.26852884608103, 82.87436531885515, 69.95022537497536, 51.863366630192964, 87.05059182294991, 50.078245007675996, 26.619189593288297, 97.53475977579679, 62.11812795357334], [65.5047938268935, 68.70294668356078, 77.32177607596505, 67.7071992692796, 16.224681186536877, 97.22563002597737, 63.583583632079716, 71.4454688903335, 96.20448986384025, 52.632020998905226, 96.83136220957525, 85.4480005491985, 95.16199260362647, 63.71859375600965, 17.616861488879913, 86.4082197555971, 91.52647863914018, 106.08854775629183, 77.79939496814053, 83.15267645050008, 49.587205653141844, 68.9567517557775, 51.35007957913938, 61.07774202310024, 56.3287328310272, 71.1116387825177, 0.0, 71.41981322725404, 98.17892509506012, 99.16363707521234, 69.86592607920387, 46.29391274183266, 24.26983530851325, 29.60538343100707, 74.60183006362465, 23.65081163284608, 86.10536850844984, 31.242187404976242, 61.81162853674787, 33.36301094658922, 43.6672904055711, 70.15382802002277, 82.4993097151105, 86.04938229219661, 54.28709038185546, 32.01235712514771, 62.441026424064226, 4.108664699675482, 23.608932744630984, 37.94000877033623, 24.149742140642456, 50.743677417060766, 111.22924886563742, 16.08038168837648], [102.95776241768279, 52.794914054990585, 39.60582372103128, 87.29830215582511, 55.290641336413145, 32.835498918336484, 13.59792452153522, 42.591140307264176, 60.88838891143323, 99.13805652147771, 65.42213376743456, 79.50437786280382, 23.829470420728242, 103.4379287811274, 74.96472949890983, 59.61698548848954, 86.61457661016688, 90.23491807082777, 29.65999461910268, 34.2766368467029, 37.38872302172805, 13.312358700590337, 71.62604339781062, 44.749418874705114, 44.67116555438436, 5.761541269642761, 71.41981322725404, 0.0, 70.12540923313341, 29.61191583145551, 51.03984846301098, 27.50799637372811, 48.8535772822512, 71.0591927046774, 91.58756105562517, 57.34983415225785, 14.832930763060096, 46.31635535540483, 57.775090257789245, 62.81312334718772, 35.358343412336986, 102.9917605250975, 81.38083702685174, 14.7912343959744, 85.58207300389802, 77.19554119116398, 78.80723125459797, 69.94102594572487, 50.96045511700263, 84.82098433429356, 51.60037866723403, 24.084361258720776, 91.86374906002932, 63.59142244355931], [77.39560822262854, 29.53715023274336, 30.84282931732699, 54.456301634384275, 88.87001585054333, 53.12376311766355, 59.930988770530334, 31.072873600929743, 10.924852123393945, 84.68719390978447, 5.34160562971824, 26.49645042041111, 72.67529851144216, 79.86776060664032, 87.69125476765812, 12.410617056649452, 29.215506082909023, 22.1569946183454, 40.54284972678134, 36.78825284447533, 52.32553963481971, 57.28497823846431, 55.12575964189863, 38.30429179205499, 42.77716610975702, 75.84081738493026, 98.17892509506012, 70.12540923313341, 0.0, 65.05075818868367, 28.689288573391295, 65.41197352488017, 89.89002266764051, 74.66003662729531, 52.8913967666456, 101.37299192092811, 69.96051868465635, 94.34567954939375, 37.05607162281412, 66.75315101250848, 91.4160577066237, 72.85984542962342, 31.982244467646467, 69.8455123871489, 65.68372070353132, 77.58919589974461, 50.40179249590239, 94.37692590613669, 76.55729445655608, 80.18844515953987, 94.58524910897427, 62.69571163212937, 22.12389972702276, 102.3646806192424], [119.19819025403294, 60.78668712808189, 41.82653984977233, 99.81460437394057, 83.39908129401056, 12.048446440755724, 35.736140457891366, 48.83723766293276, 54.173103025343366, 118.58979692473103, 59.71383943879738, 83.37436510097997, 10.355285908657343, 120.35142380941019, 100.01859702487701, 58.6766553520079, 89.40952596402683, 87.17791074309336, 31.736778254554117, 31.35159219527909, 56.623686106295935, 30.661356518786487, 87.80009922882492, 56.82103863551234, 59.139673751528385, 32.84620522478724, 99.16363707521234, 29.61191583145551, 65.05075818868367, 0.0, 58.34263180937529, 53.09400163683093, 77.78316397546932, 93.4242470992463, 102.39892972328603, 86.80794132863048, 15.809324292992414, 75.83997252967929, 69.24186250121849, 84.29932586888853, 64.9291918137793, 117.71084041904777, 86.96487886571175, 15.790855083283315, 102.31047441458676, 99.2470056550984, 91.89665227353532, 97.19396390020916, 77.01592826194975, 106.10164233578156, 80.85166866680458, 48.771745219331116, 86.7719787671922, 92.73754904023717], [62.71606040543843, 2.552194318143155, 16.82668229507667, 41.80951092607245, 60.18144786224409, 48.75435987063423, 38.24205493420086, 9.55378384329701, 26.717374532671727, 65.45712289479394, 26.966497430982137, 28.514732752563113, 62.36507932035545, 64.37238420372003, 60.74748044605243, 16.574130635865725, 35.725227767832806, 42.50640166564331, 26.720376242637524, 27.544310317591957, 24.147024275166356, 37.85513306964895, 33.404887183768366, 9.821739338927996, 14.106437743793247, 56.18472752236858, 69.86592607920387, 51.03984846301098, 28.689288573391295, 58.34263180937529, 0.0, 38.58738552100745, 61.4406343195876, 48.66817842665654, 44.05895109699188, 72.87893606533149, 56.47283588593961, 66.37139007345117, 12.58311341228111, 39.9102311787698, 64.85094279145527, 60.29175932839494, 30.444589139001852, 56.35478870417452, 47.10196898616419, 52.67923762784618, 34.37799443010872, 66.16572062663906, 47.884898838933815, 57.005113247972, 66.15302942981704, 36.75017670865704, 45.93436896905033, 73.68219693683366], [77.69806440473302, 39.12568099956116, 36.992286479097494, 65.02215400098, 31.098284098955155, 51.038612111173, 17.365830773848007, 34.37893814231719, 59.46196198323942, 72.4301501537516, 62.138079159756366, 65.1766033159012, 50.15558500444025, 77.81149723087698, 47.65578995857943, 53.09236662949521, 72.52185984381109, 81.08798023666978, 33.62376060439678, 39.42470908357009, 15.649369329450094, 22.667750472171377, 47.546673361508034, 29.138716270613394, 26.297514581731782, 29.406429060768907, 46.29391274183266, 27.50799637372811, 65.41197352488017, 53.09400163683093, 38.58738552100745, 0.0, 27.637981467559186, 43.71810753012644, 70.37239498481784, 38.690575083390655, 41.20420524779151, 29.736503861559754, 39.421028624579876, 35.878037113123455, 26.27237399588771, 78.61262956432795, 65.31363887654129, 41.129445630663646, 60.49949897870982, 49.88011281324294, 56.605175713874175, 44.13951020940121, 24.0032001679497, 57.64424131678105, 31.845178178670228, 4.478703552893615, 84.43080152588313, 42.44658834439524], [78.91928974849883, 61.13599387376993, 63.77579627326367, 74.02388025775464, 9.083521717057875, 77.62144459130388, 43.41801677996992, 59.796161717794774, 85.39502881920357, 68.85957547910466, 87.3357968783711, 83.7430893187761, 72.66097431688355, 77.92636967981596, 35.00814505654683, 77.50397992150192, 90.72264747571346, 102.45975715153774, 61.254887768487016, 67.03834849331471, 37.59138034744325, 48.97773869492376, 55.57674167797103, 51.65746898080262, 47.41501643034658, 47.782898247687065, 24.26983530851325, 48.8535772822512, 89.89002266764051, 77.78316397546932, 61.4406343195876, 27.637981467559186, 0.0, 39.882681181349554, 80.56430756189737, 11.50815340708646, 63.686432825063044, 8.620911136096057, 57.50906132129181, 37.415588899094566, 19.600584714581082, 82.04763589466903, 82.28410855717904, 63.64410264181337, 64.01686402284881, 45.069512665572816, 66.77315305072011, 24.261565822912583, 17.353596183122423, 52.869965296733724, 4.718188105798208, 31.92242392544296, 106.69593759853014, 15.081451156454671], [39.05012393337357, 46.78852821479547, 60.98585774938103, 38.10280646019562, 31.92544264523196, 88.00791087093167, 59.16809013887939, 53.561043556968585, 75.16988779815746, 29.817221152837774, 74.47176636106114, 57.83512505605552, 92.5228543716375, 38.05990165839603, 13.84248678793954, 64.13164781785744, 63.3042661034607, 78.95543124576977, 65.43429862146688, 69.5825142118961, 36.908550780284294, 63.339150930422534, 22.439327886214205, 42.30799925020782, 37.99059118002495, 73.10175272277164, 29.60538343100707, 71.0591927046774, 74.66003662729531, 93.4242470992463, 48.66817842665654, 43.71810753012644, 39.882681181349554, 0.0, 44.99726701354177, 46.83326811794293, 83.90514936116688, 48.46411112503447, 37.72624147238114, 9.39599813814881, 56.83380061450776, 42.49130852282297, 54.24191424617004, 83.81652955195646, 25.206862891677087, 6.170138950114534, 33.09833285625311, 25.568612441584865, 24.15150958483407, 14.133638805538817, 43.104971838845, 46.98703855178058, 84.50478422789499, 42.15326949911874], [25.662188245876386, 41.615013950985016, 60.75233821765156, 6.8946769899774525, 74.42416753560774, 92.64009507269454, 78.00488527855906, 53.568121292241365, 59.83245710380903, 36.95767922715605, 55.93955162393045, 26.653557289490337, 106.03839432382539, 28.555438670466827, 57.99528347289324, 49.14142882361615, 27.256724016179252, 44.62657776094395, 70.722353030338, 71.45595838999408, 55.534215176305864, 79.33340934178989, 24.98775261316592, 47.22914663013297, 46.92227117037872, 95.90439839427968, 74.60183006362465, 91.58756105562517, 52.8913967666456, 102.39892972328603, 44.05895109699188, 70.37239498481784, 80.56430756189737, 44.99726701354177, 0.0, 89.72605415126621, 99.50089749112999, 88.41862903414291, 34.06320893862526, 43.536407516381864, 92.92552381128634, 20.243374678376476, 21.063274777091753, 99.38588744587257, 21.74568583422639, 43.47644594455255, 14.03184028136366, 70.56317049512164, 63.21152051364786, 40.76172186480467, 84.69017367484643, 71.03868311535392, 50.830638623218555, 86.32258310968054], [85.55524926082406, 72.51809133823288, 75.17887469572088, 83.02140122124909, 15.306386040597058, 87.59167927661085, 53.591391462404175, 71.29829414107488, 96.89361613223296, 74.13909638815159, 98.84242501274863, 94.56981413785418, 80.84545391651109, 84.21982016726264, 38.854965532853036, 88.99354195858186, 101.44099259088884, 113.61780188977576, 72.27272887226846, 78.09694861580024, 49.09197801537439, 59.1272681629616, 64.86364014618087, 63.11410044762111, 58.821796725429905, 55.40520235080635, 23.65081163284608, 57.34983415225785, 101.37299192092811, 86.80794132863048, 72.87893606533149, 38.690575083390655, 11.50815340708646, 46.83326811794293, 89.72605415126621, 0.0, 72.0621377422375, 11.11861314897857, 68.52404165702748, 46.19292712160441, 23.706791535336585, 89.31135910048903, 92.85380642097202, 72.03304672926842, 71.82869662479456, 51.218507097564036, 76.2120055958616, 25.524384067155367, 27.18317813649743, 58.479446469037896, 6.90631562181148, 42.82484359411924, 117.9594871878852, 8.249055161725725], [113.4202816458972, 58.634082063140866, 41.83710677395498, 95.95755155261891, 70.02927576679964, 22.775292730004875, 24.740303635015824, 47.10912298331395, 59.642015227934344, 110.95324210980237, 64.81800677340672, 83.94723361803234, 9.058221214389405, 114.19645622505082, 88.85632590140439, 61.218694131395374, 90.64428058378846, 91.44418014803459, 30.807258314844283, 33.28970077893967, 48.32067905338302, 21.117035719366804, 81.78509154915592, 52.349985149594566, 53.47192646480186, 17.18450359196283, 86.10536850844984, 14.832930763060096, 69.96051868465635, 15.809324292992414, 56.47283588593961, 41.20420524779151, 63.686432825063044, 83.90514936116688, 99.50089749112999, 72.0621377422375, 0.0, 60.98752190884312, 65.46979152855491, 75.22624481333239, 49.589240541601676, 112.78265624125716, 86.6843986175017, 0.11920