instance_id,num_cities,city_coordinates,distance_matrix,best_route,total_distance
123,38,"[[13.659102946033686, 78.25282863844527], [95.3131664065578, 32.03904568210254], [18.892974383600226, 1.8687690840906712], [40.64718709180581, 10.87909286003661], [41.53235947019762, 25.73672145988455], [42.065599029805156, 47.12526003393202], [68.55888801774557, 34.84278451137699], [76.29393794540684, 36.087725894159384], [69.10395533536439, 89.65201865411122], [70.89703242493428, 93.1457809567148], [62.689713447173546, 87.88262931174903], [36.91400848406382, 24.128764067578622], [39.712675768473574, 70.63293575615629], [0.4940825327936271, 67.53788420814566], [7.3529073513807885, 99.23560527326913], [19.515268434450974, 98.76474558158496], [10.822328961767258, 8.762963812632973], [37.765127632715334, 11.073472155996388], [62.17205171508174, 78.44116328468765], [66.2764623181575, 0.33928708499342264], [74.67214069537387, 75.96572866153231], [13.489186679906862, 99.86543099040153], [13.362377666317505, 23.84184754238181], [8.660709907338815, 95.6943712699992], [18.634236603233045, 93.76288736936887], [43.290362353627074, 32.348316576315604], [60.95488628012836, 44.60165289092595], [45.77677462296034, 25.718210068562453], [3.548450341852971, 14.467344169402974], [64.14218269474456, 21.425280919815016], [62.70709278764003, 56.48448062620376], [22.401913773778826, 6.28018380103843], [41.867543256971764, 89.37289135758253], [61.64120927558325, 42.52971499699713], [46.06586872447734, 82.46437277436988], [70.95720855048054, 26.919089599977998], [12.689866751067235, 76.72032169737645], [22.574099179659022, 16.76103588631559]]","[[0.0, 93.82483580988166, 76.5631632329031, 72.57807491658966, 59.45468814527517, 42.14088925243513, 69.98870145983689, 75.50508886714117, 56.60453329449797, 59.14372832165595, 49.96732759636088, 58.908445890670436, 27.145007355897633, 16.974327575059817, 21.909929670926147, 21.331512157134828, 69.54774331455677, 71.37342897459006, 48.51331433954247, 94.016522296332, 61.05588916482017, 21.613270274562343, 54.41179017205551, 18.143630902815083, 16.288458390642663, 54.63731107715953, 58.04560922564307, 61.57459689051917, 64.58183432694415, 76.01257475331236, 53.66159038534339, 72.50171271122663, 30.32114608080148, 59.81992457417527, 32.67928353296241, 76.93000500148042, 1.8132832999995192, 62.134674166011536], [93.82483580988166, 0.0, 82.16015663827723, 58.61836655752997, 54.14881794949916, 55.343448528359325, 26.90078741466216, 19.44538152664934, 63.29437099496107, 65.80410849278435, 64.67453529477021, 58.93245456688077, 67.68236779430693, 101.24636390191012, 110.69049098248254, 100.98336676931358, 87.63833407428663, 61.24811866493728, 57.021837930723606, 42.988427273305966, 48.534579631280224, 106.28067652352058, 82.35973429103167, 107.52045709096558, 98.43521173044695, 52.023723338642654, 36.582926524943, 49.938032338003254, 93.43194212092192, 32.92844101975225, 40.75212051474831, 77.32767761861632, 78.38114884197171, 35.268326295766556, 70.48411126877885, 24.888283053876886, 93.93096439574163, 74.3262368505191], [76.5631632329031, 82.16015663827723, 0.0, 23.546373502117692, 32.89712613150901, 50.844080344588555, 59.61533922165755, 66.82669842954385, 101.12883621010842, 105.05196309047065, 96.52221766964266, 28.640269669033852, 71.84685507284864, 68.19788781563594, 98.04832449664008, 96.89797475328723, 10.61438827629807, 20.997255223005613, 87.95686492978234, 47.40816642763035, 92.74521450219156, 98.1455381885819, 22.65841294052689, 94.38189901596876, 91.89448253659025, 39.041456877155674, 59.960852152381726, 35.93792635338914, 19.853929390627222, 49.2945028169081, 70.0182327595786, 5.6367752703873375, 90.46989681530265, 58.99766189360778, 85.05302770072926, 57.77718440121873, 75.10814518359695, 15.340478814978667], [72.57807491658966, 58.61836655752997, 23.546373502117692, 0.0, 14.883973184284068, 36.27390973170431, 36.787519162613115, 43.65966131187657, 83.75536697445955, 87.65193159921992, 80.0963020007621, 13.765551555432504, 59.76115002464049, 69.44415340945213, 94.42130241245027, 90.39051908487782, 29.899835528346845, 2.8886069369906866, 70.90806129852841, 27.711861258380285, 73.44363571938348, 93.03830050159097, 30.207512879081552, 90.64637981978042, 85.75717685113925, 21.631318555380304, 39.36513306671694, 15.700702779434549, 37.27186359576713, 25.75338620403779, 50.660545127461546, 18.81594969653254, 78.50328446468467, 37.98040085504094, 71.79007181393328, 34.29254869855335, 71.53096654908018, 19.00615059512521], [59.45468814527517, 54.14881794949916, 32.89712613150901, 14.883973184284068, 0.0, 21.395184662943368, 28.519355350869706, 36.26996871912776, 69.60860660851071, 73.52731002821906, 65.64866708501773, 4.890265105962488, 44.93307586746177, 58.57881341490007, 81.05751580794897, 76.27479665522559, 35.08866515694712, 15.139448994772458, 56.60172333089854, 35.458430571266376, 60.17639291379741, 79.25582071246164, 28.233639899845873, 77.29565390070796, 71.7766207004432, 6.84132765782792, 27.076192228235715, 4.244455519923664, 39.62040152731375, 23.017224545453292, 37.333550926944696, 27.286091882380767, 63.63705262989165, 26.19867310443532, 56.90851544203617, 29.448594836021208, 58.576589858316886, 20.975666014679643], [42.14088925243513, 55.343448528359325, 50.844080344588555, 36.27390973170431, 21.395184662943368, 0.0, 29.20194456471501, 35.963958970168164, 50.39442340621986, 54.30598399460279, 45.678411158325595, 23.566453103542752, 23.625136311457915, 46.31270030498106, 62.61356917253844, 56.34850377415557, 49.475324111268314, 36.30737478024065, 37.214986712290425, 52.67915304886841, 43.53112897741184, 59.984472785122065, 36.95933189186528, 58.947817462105725, 52.19288293095584, 14.827612860773375, 19.057118508249197, 21.726357552591736, 50.4986159381074, 33.880148653468446, 22.664206905372605, 45.33189572827234, 42.24809556119954, 20.107798255430883, 35.564800673017835, 35.25640969102184, 41.69893669837593, 36.08191616994502], [69.98870145983689, 26.90078741466216, 59.61533922165755, 36.787519162613115, 28.519355350869706, 29.20194456471501, 0.0, 7.834594847851207, 54.81194437067344, 58.34986130038307, 53.363586335509744, 33.40940937477584, 45.96780272380035, 75.5101800414089, 88.84034801262649, 80.56856538931359, 63.35351055232148, 38.900332755624426, 44.06370739756347, 34.578906890279185, 41.574852902654065, 85.20925161374765, 56.28210523044701, 85.38563902664275, 77.22725775046612, 25.39135206162257, 12.371594661766366, 24.54144554616368, 68.12866926588585, 14.1257455923503, 22.4188875313115, 54.27972393717973, 60.71211112946971, 10.341333544109327, 52.66641800632885, 8.278700527659424, 69.82174201537315, 49.41204749677268], [75.50508886714117, 19.44538152664934, 66.82669842954385, 43.65966131187657, 36.26996871912776, 35.963958970168164, 7.834594847851207, 0.0, 54.0446973236648, 57.31272316613924, 53.55172214070963, 41.15574822974268, 50.314612856176645, 82.06540402963887, 93.49075018120791, 84.57083485654071, 70.94486736698165, 45.93671858316139, 44.645731369254584, 37.12547232339567, 39.91096755322799, 89.50995726099165, 64.11195532634447, 90.15101612189648, 81.55406433808291, 33.21474347166779, 17.543473398855568, 32.23079452489775, 75.89036086752382, 19.0434358322671, 24.50775315977183, 61.58603603860631, 63.43883282113798, 16.00630129269565, 55.358193112465685, 10.608702660064074, 75.47506683801105, 57.09064742737843], [56.60453329449797, 63.29437099496107, 101.12883621010842, 83.75536697445955, 69.60860660851071, 50.39442340621986, 54.81194437067344, 54.0446973236648, 0.0, 3.9270218329205067, 6.653813766937495, 73.00335314149017, 35.00818231297385, 72.08571001439314, 62.490295723473324, 50.419040655406434, 99.69848126174865, 84.59734092471653, 13.180840865249111, 89.35747723106134, 14.775629325493702, 56.544816598439404, 86.2444323002331, 60.74451368648253, 50.63686157824686, 62.849469802437916, 45.78146766830199, 68.05651504626684, 99.75098752556708, 68.40692164979828, 33.778771873577135, 95.56120307315155, 27.23784233289559, 47.70958059662699, 24.13329003644749, 62.760297443449474, 57.87726822317852, 86.47614054018433], [59.14372832165595, 65.80410849278435, 105.05196309047065, 87.65193159921992, 73.52731002821906, 54.30598399460279, 58.34986130038307, 57.31272316613924, 3.9270218329205067, 0.0, 9.749915386331178, 76.92980265437501, 38.46156911907854, 74.91555065138778, 63.835270748778896, 51.68808793357778, 103.58296107641934, 88.50755327677487, 17.098276792349345, 92.9214451721103, 17.58993005440177, 57.79977897587575, 90.07370140552416, 62.28848331031289, 52.26643901611598, 66.77169989982222, 49.551777360982605, 71.95487938920085, 103.56702141075876, 72.03789364230735, 37.564957782306266, 99.48572009189004, 29.27363894837971, 51.45538256985903, 27.03107788225907, 66.22671869590523, 60.48032612069143, 90.38658726214419], [49.96732759636088, 64.67453529477021, 96.52221766964266, 80.0963020007621, 65.64866708501773, 45.678411158325595, 53.363586335509744, 53.55172214070963, 6.653813766937495, 9.749915386331178, 0.0, 68.76730545773273, 28.731449463092808, 65.43856017798959, 56.48939875822914, 44.52474768785145, 94.60521678030753, 80.75197583340855, 9.455646694384605, 87.6167879786423, 16.899440341784967, 50.63871414487578, 80.83568385848564, 54.59080999517923, 44.44617502970509, 58.82511975208895, 43.315730921218005, 64.42408338124993, 94.27350154855144, 66.47321883436993, 31.39815349540611, 91.00585649205262, 20.875431789426045, 45.36503276576652, 17.484556536245535, 61.52157873032753, 51.23067226683653, 81.65502776579451], [58.908445890670436, 58.93245456688077, 28.640269669033852, 13.765551555432504, 4.890265105962488, 23.566453103542752, 33.40940937477584, 41.15574822974268, 73.00335314149017, 76.92980265437501, 68.76730545773273, 0.0, 46.58830886616871, 56.663592523543606, 80.71490752068989, 76.6371051898041, 30.28008516779828, 13.083006179843599, 59.89829260153077, 37.79011656854519, 64.13070595589586, 79.27650971842242, 23.55337842577682, 76.94078901802817, 71.9934801771948, 10.402832888871123, 31.576937501576193, 9.004163604844939, 34.73619876425912, 27.36205935190956, 41.37844356562338, 23.003754267758335, 65.43190087855191, 30.82254781959121, 59.049130298861485, 34.1573621250066, 57.902339992686414, 16.121923502223076], [27.145007355897633, 67.68236779430693, 71.84685507284864, 59.76115002464049, 44.93307586746177, 23.625136311457915, 45.96780272380035, 50.314612856176645, 35.00818231297385, 38.46156911907854, 28.731449463092808, 46.58830886616871, 0.0, 39.340531255571065, 43.188740610407386, 34.63140174856506, 68.28283508250172, 59.591296747762314, 23.77797268583671, 75.14540437952306, 35.363863874678636, 39.27098365967357, 53.700504153142866, 39.90363559696767, 31.29369360226276, 38.45142269210611, 33.59849989257098, 45.322244852928335, 66.80138381049757, 54.938093370203724, 26.99855545423888, 66.64037188547114, 18.863440562008126, 35.6462003418382, 13.429294942481933, 53.73193812372611, 27.699972469094302, 56.53240135600826], [16.974327575059817, 101.24636390191012, 68.19788781563594, 69.44415340945213, 58.57881341490007, 46.31270030498106, 75.5101800414089, 82.06540402963887, 72.08571001439314, 74.91555065138778, 65.43856017798959, 56.663592523543606, 39.340531255571065, 0.0, 32.43129659163259, 36.563949244322664, 59.675488617995065, 67.65619433012249, 62.63428276169722, 94.03708282132945, 74.65529368304445, 34.84168498728588, 45.55147242339431, 29.316916044137326, 31.88755212469981, 55.406021663878896, 64.66513354823245, 61.6393328003619, 53.15836136222417, 78.59677370129577, 63.18731182535707, 65.05735107465098, 46.781735640216155, 66.0634515915738, 47.95401711658948, 81.3322728294552, 15.266116432882422, 55.36980639865006], [21.909929670926147, 110.69049098248254, 98.04832449664008, 94.42130241245027, 81.05751580794897, 62.61356917253844, 88.84034801262649, 93.49075018120791, 62.490295723473324, 63.835270748778896, 56.48939875822914, 80.71490752068989, 43.188740610407386, 32.43129659163259, 0.0, 12.171472218439028, 90.53913926681342, 93.26019975438685, 58.630601279406704, 115.11936014901849, 71.22756724435031, 6.1685171987810605, 75.63287934655031, 3.775008051817314, 12.538701326069132, 75.930297386933, 76.53783964807239, 82.95300460977282, 84.85359146029455, 96.32999724911302, 69.94100731259662, 94.16572080848437, 35.89614488323486, 78.50336118815528, 42.18966245192062, 96.3077648486931, 23.139168743426467, 83.8673910184206], [21.331512157134828, 100.98336676931358, 96.89797475328723, 90.39051908487782, 76.27479665522559, 56.34850377415557, 80.56856538931359, 84.57083485654071, 50.419040655406434, 51.68808793357778, 44.52474768785145, 76.6371051898041, 34.63140174856506, 36.563949244322664, 12.171472218439028, 0.0, 90.42061666601153, 89.5701780491577, 47.25091699882086, 108.96871171897858, 59.68312768386567, 6.125779108132382, 75.17512032180203, 11.280453857524929, 5.078858401524183, 70.54358321405022, 68.19737925325799, 77.62385624113487, 85.79621882605699, 89.2914008769308, 60.4413310215284, 92.52960006967926, 24.245228716314664, 70.2636005097953, 31.155040192799383, 88.3632926408279, 23.07688740983498, 82.06073878118481], [69.54774331455677, 87.63833407428663, 10.61438827629807, 29.899835528346845, 35.08866515694712, 49.475324111268314, 63.35351055232148, 70.94486736698165, 99.69848126174865, 103.58296107641934, 94.60521678030753, 30.28008516779828, 68.28283508250172, 59.675488617995065, 90.53913926681342, 90.42061666601153, 0.0, 27.04168724447484, 86.55544759580245, 56.09027755253213, 92.69849007267308, 91.14149250459528, 15.291323747693381, 86.95827849868634, 85.35814492858744, 40.1303134465989, 61.62535953752577, 38.84962866078015, 9.2438771861135, 54.802746980684546, 70.49377195365925, 11.842760700298827, 86.38151277580862, 61.014359636865095, 81.69458230477048, 62.815990374704285, 67.98301396723721, 14.215247452997419], [71.37342897459006, 61.24811866493728, 20.997255223005613, 2.8886069369906866, 15.139448994772458, 36.30737478024065, 38.900332755624426, 45.93671858316139, 84.59734092471653, 88.50755327677487, 80.75197583340855, 13.083006179843599, 59.591296747762314, 67.65619433012249, 93.26019975438685, 89.5701780491577, 27.04168724447484, 0.0, 71.6526604612358, 30.465044472047637, 74.65341631558142, 92.05071027860102, 27.5413437567992, 89.486108966674, 84.8736141560582, 21.98061017874518, 40.76645446343561, 16.692957677537308, 34.38458044051724, 28.335648544333583, 51.809857325326846, 16.093599762924214, 78.40681642089456, 39.49129636120983, 71.87185119206926, 36.78040004992452, 70.27287928490837, 16.220842353219787], [48.51331433954247, 57.021837930723606, 87.95686492978234, 70.90806129852841, 56.60172333089854, 37.214986712290425, 44.06370739756347, 44.645731369254584, 13.180840865249111, 17.098276792349345, 9.455646694384605, 59.89829260153077, 23.77797268583671, 62.63428276169722, 58.630601279406704, 47.25091699882086, 86.55544759580245, 71.6526604612358, 0.0, 78.20964935550475, 12.742841170191868, 53.18853818971855, 73.23571232858062, 56.223988544477294, 46.15513594000804, 49.81032735110214, 33.861393287718556, 55.21335804637467, 86.77197802379747, 57.04991023588048, 21.963200639130246, 82.39460438590567, 23.06026327657986, 35.91537152550483, 16.60106457805353, 52.26569675604837, 49.512098769710455, 73.29690280548692], [94.016522296332, 42.988427273305966, 47.40816642763035, 27.711861258380285, 35.458430571266376, 52.67915304886841, 34.578906890279185, 37.12547232339567, 89.35747723106134, 92.9214451721103, 87.6167879786423, 37.79011656854519, 75.14540437952306, 94.03708282132945, 115.11936014901849, 108.96871171897858, 56.09027755253213, 30.465044472047637, 78.20964935550475, 0.0, 76.09103811187825, 112.65855400274162, 57.89879707381912, 111.40990533069444, 104.87016144340852, 39.407343992658504, 44.58111930253334, 32.62402377706567, 64.29934279197369, 21.193732222358808, 56.25853852194664, 44.27493945522404, 92.31889307992982, 42.44429028935076, 84.57539708979397, 26.98879928835269, 93.30372807626152, 46.68586914241735], [61.05588916482017, 48.534579631280224, 92.74521450219156, 73.44363571938348, 60.17639291379741, 43.53112897741184, 41.574852902654065, 39.91096755322799, 14.775629325493702, 17.58993005440177, 16.899440341784967, 64.13070595589586, 35.363863874678636, 74.65529368304445, 71.22756724435031, 59.68312768386567, 92.69849007267308, 74.65341631558142, 12.742841170191868, 76.09103811187825, 0.0, 65.6852314715211, 80.47226867438484, 68.89650451115904, 58.796135528722424, 53.733552356996995, 34.232562241773685, 57.96339625323587, 94.02462775595177, 55.547641312318675, 22.86222641057424, 87.11057217662471, 35.438589484543236, 35.885542819389954, 29.335152486022952, 49.1871276257879, 61.98686710874181, 78.86318264171784], [21.613270274562343, 106.28067652352058, 98.1455381885819, 93.03830050159097, 79.25582071246164, 59.984472785122065, 85.20925161374765, 89.50995726099165, 56.544816598439404, 57.79977897587575, 50.63871414487578, 79.27650971842242, 39.27098365967357, 34.84168498728588, 6.1685171987810605, 6.125779108132382, 91.14149250459528, 92.05071027860102, 53.18853818971855, 112.65855400274162, 65.6852314715211, 0.0, 76.02368920806163, 6.380589873545548, 7.982015870701163, 73.8015637391289, 72.84969326199352, 80.87211327529673, 85.97471414101656, 93.37335352430745, 65.60723387044014, 94.00869744733215, 30.255983044041393, 74.8732369310347, 36.93287207990685, 92.86410641343056, 23.158907498729647, 83.59949832830443], [54.41179017205551, 82.35973429103167, 22.65841294052689, 30.207512879081552, 28.233639899845873, 36.95933189186528, 56.28210523044701, 64.11195532634447, 86.2444323002331, 90.07370140552416, 80.83568385848564, 23.55337842577682, 53.700504153142866, 45.55147242339431, 75.63287934655031, 75.17512032180203, 15.291323747693381, 27.5413437567992, 73.23571232858062, 57.89879707381912, 80.47226867438484, 76.02368920806163, 0.0, 72.00618616302101, 70.11950019172873, 31.11341001672929, 51.923177813622914, 32.468659756640264, 13.571826812182033, 50.837273657881866, 59.16453671794872, 19.75158845263114, 71.46231292688738, 51.769508125508665, 67.1276306148684, 57.676979491443376, 52.88275049476499, 11.618679225628108], [18.143630902815083, 107.52045709096558, 94.38189901596876, 90.64637981978042, 77.29565390070796, 58.947817462105725, 85.38563902664275, 90.15101612189648, 60.74451368648253, 62.28848331031289, 54.59080999517923, 76.94078901802817, 39.90363559696767, 29.316916044137326, 3.775008051817314, 11.280453857524929, 86.95827849868634, 89.486108966674, 56.223988544477294, 111.40990533069444, 68.89650451115904, 6.380589873545548, 72.00618616302101, 0.0, 10.15883186257697, 72.19373569642917, 73.1105105567709, 79.21026067665518, 81.38774557306459, 92.704323545903, 66.77145368151358, 90.46390221758912, 33.80317868771194, 75.05607230554372, 39.675921745180794, 92.79489809243671, 19.39713025309953, 80.15019548220825], [16.288458390642663, 98.43521173044695, 91.89448253659025, 85.75717685113925, 71.7766207004432, 52.19288293095584, 77.22725775046612, 81.55406433808291, 50.63686157824686, 52.26643901611598, 44.44617502970509, 71.9934801771948, 31.29369360226276, 31.88755212469981, 12.538701326069132, 5.078858401524183, 85.35814492858744, 84.8736141560582, 46.15513594000804, 104.87016144340852, 58.796135528722424, 7.982015870701163, 70.11950019172873, 10.15883186257697, 0.0, 66.17910578660153, 64.86805349722577, 73.25841575630217, 80.71780546138318, 85.46170174012715, 57.724312568971136, 87.56379854075442, 23.64442012505614, 66.8912374663336, 29.66733680141659, 84.88690531305564, 18.049503528449534, 77.10257874377042], [54.63731107715953, 52.023723338642654, 39.041456877155674, 21.631318555380304, 6.84132765782792, 14.827612860773375, 25.39135206162257, 33.21474347166779, 62.849469802437916, 66.77169989982222, 58.82511975208895, 10.402832888871123, 38.45142269210611, 55.406021663878896, 75.930297386933, 70.54358321405022, 40.1303134465989, 21.98061017874518, 49.81032735110214, 39.407343992658504, 53.733552356996995, 73.8015637391289, 31.11341001672929, 72.19373569642917, 66.17910578660153, 0.0, 21.498364039826033, 7.080999807741961, 43.57922377198067, 23.539564980929963, 30.976827400336507, 33.40471269839698, 57.04232238580501, 20.986053858544363, 50.19285332057907, 28.19451868787508, 53.900511774803526, 25.925409913865437], [58.04560922564307, 36.582926524943, 59.960852152381726, 39.36513306671694, 27.076192228235715, 19.057118508249197, 12.371594661766366, 17.543473398855568, 45.78146766830199, 49.551777360982605, 43.315730921218005, 31.576937501576193, 33.59849989257098, 64.66513354823245, 76.53783964807239, 68.19737925325799, 61.62535953752577, 40.76645446343561, 33.861393287718556, 44.58111930253334, 34.232562241773685, 72.84969326199352, 51.923177813622914, 73.1105105567709, 64.86805349722577, 21.498364039826033, 0.0, 24.22724677512761, 64.8349863056928, 23.394509530612556, 12.011320603133274, 54.35868543556354, 48.67022146571633, 2.18265111513232, 40.68498987027802, 20.31549889464601, 57.975175687867555, 47.41502687596996], [61.57459689051917, 49.938032338003254, 35.93792635338914, 15.700702779434549, 4.244455519923664, 21.726357552591736, 24.54144554616368, 32.23079452489775, 68.05651504626684, 71.95487938920085, 64.42408338124993, 9.004163604844939, 45.322244852928335, 61.6393328003619, 82.95300460977282, 77.62385624113487, 38.84962866078015, 16.692957677537308, 55.21335804637467, 32.62402377706567, 57.96339625323587, 80.87211327529673, 32.468659756640264, 79.21026067665518, 73.25841575630217, 7.080999807741961, 24.22724677512761, 0.0, 43.70141136246325, 18.86047333232447, 35.11693433634647, 30.401003024498262, 63.77460732830545, 23.11508132813134, 56.746899097955136, 25.209053223538234, 60.794398287351655, 24.871572468549065], [64.58183432694415, 93.43194212092192, 19.853929390627222, 37.27186359576713, 39.62040152731375, 50.4986159381074, 68.12866926588585, 75.89036086752382, 99.75098752556708, 103.56702141075876, 94.27350154855144, 34.73619876425912, 66.80138381049757, 53.15836136222417, 84.85359146029455, 85.79621882605699, 9.2438771861135, 34.38458044051724, 86.77197802379747, 64.29934279197369, 94.02462775595177, 85.97471414101656, 13.571826812182033, 81.38774557306459, 80.71780546138318, 43.57922377198067, 64.8349863056928, 43.70141136246325, 0.0, 60.99191162995792, 72.56159267861956, 20.554383432160755, 84.13794555013868, 64.51562056585914, 80.19555327465365, 68.54915497288833, 62.92057457672349, 19.163411371458484], [76.01257475331236, 32.92844101975225, 49.2945028169081, 25.75338620403779, 23.017224545453292, 33.880148653468446, 14.1257455923503, 19.0434358322671, 68.40692164979828, 72.03789364230735, 66.47321883436993, 27.36205935190956, 54.938093370203724, 78.59677370129577, 96.32999724911302, 89.2914008769308, 54.802746980684546, 28.335648544333583, 57.04991023588048, 21.193732222358808, 55.547641312318675, 93.37335352430745, 50.837273657881866, 92.704323545903, 85.46170174012715, 23.539564980929963, 23.394509530612556, 18.86047333232447, 60.99191162995792, 0.0, 35.08855892016545, 44.40297305734958, 71.5055055662527, 21.25210591356718, 63.65943654463542, 8.75365702027353, 75.53067158817122, 41.8289463033633], [53.66159038534339, 40.75212051474831, 70.0182327595786, 50.660545127461546, 37.333550926944696, 22.664206905372605, 22.4188875313115, 24.50775315977183, 33.778771873577135, 37.564957782306266, 31.39815349540611, 41.37844356562338, 26.99855545423888, 63.18731182535707, 69.94100731259662, 60.4413310215284, 70.49377195365925, 51.809857325326846, 21.963200639130246, 56.25853852194664, 22.86222641057424, 65.60723387044014, 59.16453671794872, 66.77145368151358, 57.724312568971136, 30.976827400336507, 12.011320603133274, 35.11693433634647, 72.56159267861956, 35.08855892016545, 0.0, 64.38151035078863, 38.935002055695925, 13.995413228174483, 30.8526357763924, 30.694897892547232, 53.95564997524703, 56.46777167501117], [72.50171271122663, 77.32767761861632, 5.6367752703873375, 18.81594969653254, 27.286091882380767, 45.33189572827234, 54.27972393717973, 61.58603603860631, 95.56120307315155, 99.48572009189004, 91.00585649205262, 23.003754267758335, 66.64037188547114, 65.05735107465098, 94.16572080848437, 92.52960006967926, 11.842760700298827, 16.093599762924214, 82.39460438590567, 44.27493945522404, 87.11057217662471, 94.00869744733215, 19.75158845263114, 90.46390221758912, 87.56379854075442, 33.40471269839698, 54.35868543556354, 30.401003024498262, 20.554383432160755, 44.40297305734958, 64.38151035078863, 0.0, 85.3423035794928, 53.42050938922907, 79.77476677141065, 52.759653935842856, 71.10651787442889, 10.482266369800794], [30.32114608080148, 78.38114884197171, 90.46989681530265, 78.50328446468467, 63.63705262989165, 42.24809556119954, 60.71211112946971, 63.43883282113798, 27.23784233289559, 29.27363894837971, 20.875431789426045, 65.43190087855191, 18.863440562008126, 46.781735640216155, 35.89614488323486, 24.245228716314664, 86.38151277580862, 78.40681642089456, 23.06026327657986, 92.31889307992982, 35.438589484543236, 30.255983044041393, 71.46231292688738, 33.80317868771194, 23.64442012505614, 57.04232238580501, 48.67022146571633, 63.77460732830545, 84.13794555013868, 71.5055055662527, 38.935002055695925, 85.3423035794928, 0.0, 50.84565900216554, 8.084155227709354, 68.89619714372148, 31.802898064320814, 75.13134192428984], [59.81992457417527, 35.268326295766556, 58.99766189360778, 37.98040085504094, 26.19867310443532, 20.107798255430883, 10.341333544109327, 16.00630129269565, 47.70958059662699, 51.45538256985903, 45.36503276576652, 30.82254781959121, 35.6462003418382, 66.0634515915738, 78.50336118815528, 70.2636005097953, 61.014359636865095, 39.49129636120983, 35.91537152550483, 42.44429028935076, 35.885542819389954, 74.8732369310347, 51.769508125508665, 75.05607230554372, 66.8912374663336, 20.986053858544363, 2.18265111513232, 23.11508132813134, 64.51562056585914, 21.25210591356718, 13.995413228174483, 53.42050938922907, 50.84565900216554, 0.0, 42.864532250787505, 18.179094250703077, 59.70955971611676, 46.800255494562634], [32.67928353296241, 70.48411126877885, 85.05302770072926, 71.79007181393328, 56.90851544203617, 35.564800673017835, 52.66641800632885, 55.358193112465685, 24.13329003644749, 27.03107788225907, 17.484556536245535, 59.049130298861485, 13.429294942481933, 47.95401711658948, 42.18966245192062, 31.155040192799383, 81.69458230477048, 71.87185119206926, 16.60106457805353, 84.57539708979397, 29.335152486022952, 36.93287207990685, 67.1276306148684, 39.675921745180794, 29.66733680141659, 50.19285332057907, 40.68498987027802, 56.746899097955136, 80.19555327465365, 63.65943654463542, 30.8526357763924, 79.77476677141065, 8.084155227709354, 42.864532250787505, 0.0, 60.86753881386166, 33.86667433487062, 69.77672760005306], [76.93000500148042, 24.888283053876886, 57.77718440121873, 34.29254869855335, 29.448594836021208, 35.25640969102184, 8.278700527659424, 10.608702660064074, 62.760297443449474, 66.22671869590523, 61.52157873032753, 34.1573621250066, 53.73193812372611, 81.3322728294552, 96.3077648486931, 88.3632926408279, 62.815990374704285, 36.78040004992452, 52.26569675604837, 26.98879928835269, 49.1871276257879, 92.86410641343056, 57.676979491443376, 92.79489809243671, 84.88690531305564, 28.19451868787508, 20.31549889464601, 25.209053223538234, 68.54915497288833, 8.75365702027353, 30.694897892547232, 52.759653935842856, 68.89619714372148, 18.179094250703077, 60.86753881386166, 0.0, 76.65015224243594, 49.437954322954425], [1.8132832999995192, 93.93096439574163, 75.10814518359695, 71.53096654908018, 58.576589858316886, 41.69893669837593, 69.82174201537315, 75.47506683801105, 57.87726822317852, 60.48032612069143, 51.23067226683653, 57.902339992686414, 27.699972469094302, 15.266116432882422, 23.139168743426467, 23.07688740983498, 67.98301396723721, 70.27287928490837, 49.512098769710455, 93.30372807626152, 61.98686710874181, 23.158907498729647, 52.88275049476499, 19.39713025309953, 18.049503528449534, 53.900511774803526, 57.975175687867555, 60.794398287351655, 62.92057457672349, 75.53067158817122, 53.95564997524703, 71.10651787442889, 31.802898064320814, 59.70955971611676, 33.86667433487062, 76.65015224243594, 0.0, 60.76852808547291], [62.134674166011536, 74.3262368505191, 15.340478814978667, 19.00615059512521, 20.975666014679643, 36.08191616994502, 49.41204749677268, 57.09064742737843, 86.47614054018433, 90.38658726214419, 81.65502776579451, 16.121923502223076, 56.53240135600826, 55.36980639865006, 83.8673910184206, 82.06073878118481, 14.215247452997419, 16.220842353219787, 73.29690280548692, 46.68586914241735, 78.86318264171784, 83.59949832830443, 11.618679225628108, 80.15019548220825, 77.10257874377042, 25.925409913865437, 47.41502687596996, 24.871572468549065, 19.163411371458484, 41.8289463033633, 56.46777167501117, 10.482266369800794, 75.13134192428984, 46.800255494562634, 69.77672760005306, 49.437954322954425, 60.76852808547291, 0.0]]",Route_3,2094.9755612639433
