instance_id,num_cities,city_coordinates,distance_matrix,best_route,total_distance
202,55,"[[78.33970436917431, 75.7598569978174], [86.51346960468108, 7.24607823532285], [85.4923750289221, 70.16351790842987], [46.53483322158471, 21.831031307451244], [19.890060741611304, 57.72573846490134], [93.7079495964789, 55.258726290252405], [96.04394751902265, 42.59123433131633], [74.3073320438869, 44.12649749032518], [49.0669092776099, 96.4715830468529], [96.79526812133061, 90.15051588377118], [53.75950674355021, 81.74117229423557], [95.30529679636112, 78.91831537476403], [33.73568802856701, 22.282910024982083], [84.02896426055071, 62.79113387040217], [74.23589794513423, 55.78079977047526], [73.66346307674617, 41.11611485753718], [42.541172919889846, 10.534507218196243], [60.397584781563495, 61.21684455778708], [75.97203799204769, 3.445688746378839], [41.02759495664836, 17.1706799222472], [6.635138675800412, 95.85448097932064], [17.185546760443327, 43.57037247865038], [49.786054986487784, 76.09523877054284], [8.76081139379269, 44.09175129729535], [72.0369227845683, 95.41197952993844], [98.86381166938037, 46.07006895744846], [3.921382205303614, 14.493633127300342], [49.65244498606918, 63.4967368186875], [0.23871869435849735, 67.06022152852577], [41.231423330344654, 58.220985847745], [28.94439594645668, 27.063706301232017], [40.71673532159702, 9.044657202277783], [94.69752268220005, 95.2666470791527], [76.07717900083458, 24.033936355426043], [20.447624197299596, 60.04983042204266], [17.598596822346167, 58.552492884801396], [4.609056437584336, 10.760008859330739], [61.2816614828535, 1.3976798279149882], [82.52855208748697, 40.62987435679811], [78.50663563410171, 71.5903887164693], [47.64716828930335, 27.71319925440504], [63.19191302093364, 11.855149183668], [79.92058874715333, 96.74124524611555], [21.18298511657165, 13.330538817310856], [46.964777434036584, 39.1650372150345], [93.83396324814429, 18.889397537251828], [6.269101296874291, 50.937420362440264], [78.35711574830243, 13.84740325030631], [31.57980980436008, 33.743439338651605], [20.859686454710026, 23.45174965157204], [24.35249836692901, 21.77540805403517], [19.47409669461123, 50.233576807892454], [6.468936036031659, 78.94629891329448], [79.65156048767847, 18.305096308671477], [91.07146684662082, 66.07109987038145]]","[[0.0, 68.99962549493458, 9.081833998164887, 62.608849766280436, 61.16853988324703, 25.621852424351257, 37.597842426151, 31.889331449561496, 35.85905922361898, 23.402967687491813, 25.29747513073, 17.25709088242635, 69.63693080003313, 14.161760401418272, 20.39617500560839, 34.95791901854625, 74.40350198612518, 23.095862532648663, 72.3529182132327, 69.46139344416312, 74.46703065272162, 69.10856608585655, 28.555618956746, 76.44665634505571, 20.63809525418342, 36.09324721263529, 96.39313700174905, 31.19844495229428, 78.58401631805505, 41.0443238813311, 69.36289776847528, 76.59246492778338, 25.457672305991405, 51.77537916177291, 59.985814003298465, 63.131414729382186, 98.29134602007646, 76.29357915683019, 35.37883725570315, 4.172808622064765, 57.01327118598605, 65.67546926776878, 21.040861394970555, 84.6422490497728, 48.20339070148063, 58.94337297325605, 76.22548909467444, 61.91245619577551, 62.863877486375294, 77.7180194909357, 76.3474894131608, 64.16191040820195, 71.94137024603417, 57.46973544677828, 15.999055923914879], [68.99962549493458, 0.0, 62.92572485996252, 42.55598927493078, 83.58752721207544, 48.548686033701365, 36.60751382880156, 38.84784573921412, 96.7648468670382, 83.53957841970734, 81.37776798336627, 72.20945784272762, 54.87805151758317, 55.600593272995475, 50.06353923116199, 36.22570977300665, 44.09508635790051, 59.95734364970134, 11.205567398017054, 46.5560147686703, 119.29793287742369, 78.26758740482819, 78.03274883624933, 86.04114993564995, 89.34649718330772, 40.74105060877513, 82.90946841524575, 67.25229904617512, 104.98125729166145, 68.18287850249591, 60.88461730211316, 45.832038546149995, 88.40022208324501, 19.767355458650748, 84.57500915984903, 85.91628410720305, 81.9797572860327, 25.90073174696991, 33.6207883771197, 64.84057126156891, 43.925987988291034, 23.772642606488088, 89.73767879932728, 65.61320647571547, 50.822426100658674, 13.753418176971758, 91.36789382484292, 10.493026264329522, 60.990303528492156, 67.62427839137996, 63.83641413959248, 79.63794669441246, 107.46184904184588, 13.014902130890388, 59.00134328320536], [9.081833998164887, 62.92572485996252, 0.0, 62.07833216754634, 66.77096672459493, 17.01906221436361, 29.522305188968758, 28.337812527255622, 44.932492102347574, 22.961608835722153, 33.7789433033943, 13.150662047608467, 70.50749790299757, 7.516223618357221, 18.26392228886473, 31.363590068315528, 73.48758179792647, 26.6419117482591, 67.39366101787549, 69.17627877173993, 82.93665841328531, 73.30087429184492, 36.19567105827398, 81.03992764136319, 28.61003336860823, 27.555210037002748, 98.75709058986628, 36.45471924970946, 85.31011878337412, 45.84382092806283, 71.10040575754047, 75.76524958856935, 26.737648316197227, 47.0806139563042, 65.82633428438926, 68.8794673416037, 100.35381464445807, 72.90335477414864, 29.681986925794188, 7.129973015038739, 56.870811731438586, 62.42736955144373, 27.15548550120347, 85.82356985857842, 49.44978849026791, 51.94821954463042, 81.52281844778726, 56.76633417077932, 65.06140800906076, 79.74568155087442, 77.97110806910915, 68.96097176300106, 79.51000661830237, 52.18631051648977, 6.9191148934279845], [62.608849766280436, 42.55598927493078, 62.07833216754634, 0.0, 44.703175529582325, 57.81620620883473, 53.68555139056384, 35.61459677079682, 74.68348795494083, 84.81546609602292, 60.3441869657332, 75.08339443232876, 12.807119584329078, 55.529630507816385, 43.81707162181448, 33.284786394870444, 11.981685152951234, 41.754259258236445, 34.70691351569812, 7.214467987339916, 84.09195399186935, 36.5236850596422, 54.3615181407034, 43.84536896312715, 77.87498002181944, 57.67020835394862, 43.240532137926685, 41.782179441277535, 64.72256073713547, 36.77437896034615, 18.35223068514431, 14.047833495998292, 87.82046640646266, 29.624364715402002, 46.27330850974714, 46.75223542601382, 43.362867720996185, 25.199023720248018, 40.60719514804716, 59.14549686378016, 5.986417046869293, 19.415883487224992, 82.0131015408483, 26.739008487873807, 17.339337150824196, 47.390514984618676, 49.68411266444263, 32.80847424317498, 19.119576107004672, 25.726249035790765, 22.182404593514967, 39.229938214161265, 69.76696862391539, 33.30390130949312, 62.774958391889534], [61.16853988324703, 83.58752721207544, 66.77096672459493, 44.703175529582325, 0.0, 73.8591014300841, 77.64320760167169, 56.09080825830608, 48.50287582052582, 83.46123119617205, 41.51963914209018, 78.33634625940938, 38.05122183045955, 64.3386134077032, 54.3806289764737, 56.28017763897513, 52.34582303768806, 40.65768470534308, 78.04813879756351, 45.73300915192402, 40.366991028581836, 14.411411522784427, 35.088588078870465, 17.599596504816972, 64.33931913332063, 79.82924255727517, 46.08702231775625, 30.316727031692533, 21.755638770746714, 21.347108167477884, 31.97094309537325, 52.94901365425783, 83.69872269978919, 65.51434795264305, 2.3900377470592473, 2.436047980668324, 49.389157210092804, 69.90074965073103, 64.92957082631975, 60.23397196537217, 40.880429661094816, 63.08059425709187, 71.5952097700617, 44.414022618862, 32.82590310809286, 83.52222515321463, 15.218797549588835, 73.10064857687527, 26.679597158333458, 34.28770163192225, 36.22622815323589, 7.5036999129196795, 25.10853986409062, 71.59206576086984, 71.66894468369381], [25.621852424351257, 48.548686033701365, 17.01906221436361, 57.81620620883473, 73.8591014300841, 0.0, 12.881080654348798, 22.367621229712153, 60.75625105938448, 35.02811037884113, 47.929093802486946, 23.713449216107584, 68.44031425944002, 12.264579939264555, 19.479049161378146, 24.53150826949934, 67.95803710435735, 33.83902447460158, 54.764527022179685, 65.007069162589, 96.07127406464032, 77.4099202339448, 48.613712864504244, 85.67798795092936, 45.62803029731729, 10.53633414876709, 98.60740593116839, 44.819106460799055, 94.2113178726043, 52.56006840412438, 70.6348145998881, 70.31222491142303, 40.020157180387294, 35.85849380928137, 73.41682338807156, 76.1805912163771, 99.59291448259317, 62.868724234279746, 18.411470271409186, 22.311502499533024, 53.668907519252244, 53.05750648048996, 43.71373580595761, 83.77256936239894, 49.43613022737024, 36.36954706047685, 87.54556457572828, 44.16498359280903, 65.74810511823729, 79.48932762117163, 77.01500642967103, 74.40374348093104, 90.39771337689791, 39.53672778055362, 11.12917174485917], [37.597842426151, 36.60751382880156, 29.522305188968758, 53.68555139056384, 77.64320760167169, 12.881080654348798, 0.0, 21.790766055403395, 71.4838030580563, 47.56521569837694, 57.625442073747784, 36.334589883846306, 65.53432106050387, 23.503101159007112, 25.48638190663851, 22.429045038362695, 62.37131266063477, 40.219106562912714, 43.99153658604672, 60.60531029317408, 104.07165100184584, 78.8644792141067, 57.116643240085935, 87.29603314596038, 58.020413303754246, 4.478160803549661, 96.31221227549678, 50.88429562757562, 98.8806007496084, 56.99738538213586, 68.87273733462679, 64.70296165256653, 52.6926177751318, 27.258854583875827, 77.58612425699336, 80.05270027010808, 96.8171793749584, 53.90107107549105, 13.656970623839594, 33.88964831925711, 50.63204684347643, 44.988477423303834, 56.49943698975496, 80.37631488059479, 49.198615457252544, 23.80464446048291, 90.16197555220556, 33.74954582360177, 65.06849105002516, 77.58216925036888, 74.65227729368459, 76.95029209692383, 96.67147150497799, 29.300628877898458, 24.00061769559249], [31.889331449561496, 38.84784573921412, 28.337812527255622, 35.61459677079682, 56.09080825830608, 22.367621229712153, 21.790766055403395, 0.0, 58.11270879369332, 51.2241889941017, 42.86113490304576, 40.6372380391447, 46.0782010441156, 21.04468541358053, 11.654521202845531, 3.078468912079265, 46.233220479801176, 22.035449434672692, 40.714855347346905, 42.827059219134135, 85.17810769843081, 57.12449237408102, 40.29011600339742, 65.54652985956737, 51.335712970994116, 24.633273465885356, 76.36942179326088, 31.353941179248622, 77.53783064918878, 35.95372497091258, 48.465810779787155, 48.570193598086234, 55.05519752243569, 20.17035872786293, 56.16422937220858, 58.51486984987887, 77.2733601317711, 44.670123711403235, 8.933914726658644, 27.783078877695818, 31.30751811310615, 34.131985901576485, 52.91332849313313, 61.4051081510631, 27.789051452972164, 31.909254773944394, 68.3782824700477, 30.548720039446714, 43.971002414208094, 57.30703287749493, 54.7271103447054, 55.17227670361368, 76.25264942317483, 26.368646848925298, 27.615245595558367], [35.85905922361898, 96.7648468670382, 44.932492102347574, 74.68348795494083, 48.50287582052582, 60.75625105938448, 71.4838030580563, 58.11270879369332, 0.0, 48.14511530773566, 15.45980180720871, 49.45812052941568, 75.75622449497577, 48.546039440490475, 47.845771330297325, 60.57407297889213, 86.18448953837782, 37.03080870448704, 96.83854068264058, 79.70736359414552, 42.436257744602514, 61.7653572444319, 20.389030791514134, 66.09257371847318, 22.994440200250775, 70.85226962010427, 93.58687347939885, 32.98004450932464, 57.00193314262294, 39.04488476251649, 72.26595946292929, 87.82478447299779, 45.646519586551385, 77.30955522258121, 46.320703176559654, 49.27587733871309, 96.55555203533604, 95.85534541547214, 65.09975398540873, 38.545704290509875, 68.77303982101877, 85.78727534122793, 30.854857875398437, 87.69233981481621, 57.34508831157266, 89.57167314305842, 62.490097930203895, 87.66225688486384, 65.1200327170072, 78.27862727753532, 78.67859089498002, 54.89706529065674, 46.06216352118266, 83.93700339321056, 51.851443894372665], [23.402967687491813, 83.53957841970734, 22.961608835722153, 84.81546609602292, 83.46123119617205, 35.02811037884113, 47.56521569837694, 51.2241889941017, 48.14511530773566, 0.0, 43.84967294030958, 11.3305932247068, 92.64190502402037, 30.191295076879747, 41.11207326875174, 54.21672148537018, 96.34425609222328, 46.49675998284219, 89.17025267398408, 91.8481890250089, 90.3403794515277, 92.23566281433517, 49.06543522976963, 99.35529863346567, 25.31123591439816, 44.12895504806942, 119.78949283459535, 54.15597577011085, 99.27904577832719, 64.08459827663957, 92.64818615706751, 98.60508178300536, 5.529496752485627, 69.28666037075827, 82.06713104536155, 85.26750730661011, 121.65997793111013, 95.59436261846288, 51.53477586672227, 26.056715040836234, 79.4603940650601, 85.2018187640792, 18.116084497179635, 107.78926763682574, 71.29233364967583, 71.32262133817429, 98.65421298806412, 78.49923859813056, 86.22536916626973, 101.06897634756945, 99.61480944326135, 87.01681203070783, 91.01857363145845, 73.86251434489799, 24.750357100014924], [25.29747513073, 81.37776798336627, 33.7789433033943, 60.3441869657332, 41.51963914209018, 47.929093802486946, 57.625442073747784, 42.86113490304576, 15.45980180720871, 43.84967294030958, 0.0, 41.64158008889733, 62.739447463377005, 35.711958986287215, 33.063931076215304, 45.238951904844285, 72.08495103022767, 21.57109429472467, 81.38537515093348, 65.81375284019639, 49.19239319066775, 52.86458651505166, 6.903975971833907, 58.67164122968721, 22.824436632964492, 57.505007921971554, 83.7022710653556, 18.700999494711503, 55.497793368670955, 26.648678100159394, 60.04510813786655, 73.85727582899715, 43.114494281512535, 61.87247832987612, 39.75167708401176, 42.95726084241114, 86.3370854723038, 80.69485481496163, 50.17765227770465, 26.748061529169135, 54.37262686473699, 70.51968884214114, 30.156332670949375, 75.77100061387031, 43.11491185972597, 74.54064431061232, 56.60573948430714, 72.2122305689353, 52.87458108760646, 66.9332127351813, 66.78821020639771, 46.564126917133486, 47.3730872443237, 68.51667084392737, 40.46892062437503], [17.25709088242635, 72.20945784272762, 13.150662047608467, 75.08339443232876, 78.33634625940938, 23.713449216107584, 36.334589883846306, 40.6372380391447, 49.45812052941568, 11.3305932247068, 41.64158008889733, 0.0, 83.65635578336735, 19.678456716236866, 31.2931972845663, 43.55887200895002, 86.37359542386709, 39.13937182930167, 77.90951332271433, 82.21216090687358, 90.27308927089072, 85.74480982929049, 45.60670056536673, 93.28899998948114, 28.521188376650088, 33.04043463385711, 111.81037308171526, 48.1872178442968, 95.80328105910758, 57.899596209030456, 84.21798883718179, 88.66926835318735, 16.359625267424803, 58.15509929745622, 77.19903413488642, 80.33117667844934, 113.45202846255667, 84.65847090240857, 40.36396810203376, 18.327398231984514, 69.95184865101622, 74.35548182267704, 23.544555017210946, 98.97410531298709, 62.58697098169956, 60.04694662639309, 93.3293876263716, 67.24183553076666, 78.11342469285174, 92.83689359444404, 91.10220338736617, 81.07518199499401, 88.83636516775003, 62.601931168102915, 13.526871857874841], [69.63693080003313, 54.87805151758317, 70.50749790299757, 12.807119584329078, 38.05122183045955, 68.44031425944002, 65.53432106050387, 46.0782010441156, 75.75622449497577, 92.64190502402037, 62.739447463377005, 83.65635578336735, 0.0, 64.57809096944007, 52.55830686663362, 44.146538081292114, 14.68201391777736, 47.18800691565803, 46.24662326847958, 8.905436725456504, 78.40418246440052, 26.964110104195687, 56.15497310572073, 33.15674924601552, 82.55207683938096, 69.33614799692499, 30.815023386521, 44.18056893053489, 55.92007314070942, 36.711460629576855, 6.768492657239009, 14.966173829852439, 95.09453800681305, 42.37768222737675, 40.03639490091169, 39.69746028933323, 31.323121158502055, 34.56838865103115, 52.12825225600003, 66.6007898182071, 14.933764567584552, 31.247518092875275, 87.61899758778549, 15.418018700104032, 21.447960857830154, 60.19400810190693, 39.692497393954646, 45.41177805694436, 11.661541196046432, 12.928944373097695, 9.396904090006736, 31.37885850355382, 62.882552465135795, 46.08785464352901, 72.1442797636065], [14.161760401418272, 55.600593272995475, 7.516223618357221, 55.529630507816385, 64.3386134077032, 12.264579939264555, 23.503101159007112, 21.04468541358053, 48.546039440490475, 30.191295076879747, 35.711958986287215, 19.678456716236866, 64.57809096944007, 0.0, 12.043626200224871, 24.026028885346662, 66.72324826770841, 23.683759898287096, 59.88986490103779, 62.69245234034416, 84.16049643798198, 69.55199588489404, 36.7365763612459, 77.55618443805152, 34.7552676626863, 22.353225929750536, 93.54075732411016, 34.383760017622116, 83.8989294417726, 43.04086154599673, 65.65636867098569, 69.02632055888229, 34.18299426568532, 39.564520065729475, 63.64040814478462, 66.56545497012456, 94.94608853726528, 65.47210079818133, 22.211993605221128, 10.388599487155814, 50.53807055099789, 55.03323759665285, 34.19778957450944, 79.9747932636986, 43.95391209300394, 44.983335338902606, 78.65816430643785, 49.27127593799863, 59.95566996355918, 74.4173690023251, 72.41250130879328, 65.76490831616944, 79.22466368342172, 44.70088591666244, 7.768849312209904], [20.39617500560839, 50.06353923116199, 18.26392228886473, 43.81707162181448, 54.3806289764737, 19.479049161378146, 25.48638190663851, 11.654521202845531, 47.845771330297325, 41.11207326875174, 33.063931076215304, 31.2931972845663, 52.55830686663362, 12.043626200224871, 0.0, 14.675853136165555, 55.24294148714632, 14.86773332228941, 52.36390004733219, 50.926738969519874, 78.58602025435943, 58.34241257392005, 31.787910478512728, 66.51030606690978, 39.692139031345604, 26.473239834443756, 81.53993655349618, 25.765904678907326, 74.85190640369434, 33.09455926115334, 53.62827249331704, 57.5134878540505, 44.47257834401659, 31.800214663109927, 53.95741853977095, 56.705080558917935, 82.91422479033659, 55.90470442643964, 17.271903589804115, 16.376272562743466, 38.66200645906218, 45.29274094686975, 41.353038619640294, 67.94583294497767, 31.934269668016487, 41.77391198289346, 68.1391500586564, 42.13542666093306, 48.01236413962136, 62.403424863232054, 60.371518278633815, 55.042043555798216, 71.61704739044829, 37.864993737379244, 19.731362253601034], [34.95791901854625, 36.22570977300665, 31.363590068315528, 33.284786394870444, 56.28017763897513, 24.53150826949934, 22.429045038362695, 3.078468912079265, 60.57407297889213, 54.21672148537018, 45.238951904844285, 43.55887200895002, 44.146538081292114, 24.026028885346662, 14.675853136165555, 0.0, 43.632919572430076, 24.083663787412146, 37.74109857351531, 40.47818847469119, 86.5394996384936, 56.53121626059445, 42.351738179561664, 64.97082889805547, 54.32022232875883, 25.68266400540077, 74.65061538765522, 32.82409525209708, 77.87354980078027, 36.66624897236996, 46.87499494652406, 45.978965472322365, 58.09226973849454, 17.251865027879905, 56.48372413997517, 58.71368244994877, 75.43211681811046, 41.60364277215208, 8.878413878217005, 30.856728401590406, 29.265777644405883, 31.078247581527783, 55.975947981267936, 59.38214212046886, 26.769880818100418, 30.014597115407767, 68.1062261583836, 27.66971283044937, 42.72458562768265, 55.680055887899414, 52.968237466163266, 54.95102857375313, 77.1117843777317, 23.583890218526484, 30.426795300248962], [74.40350198612518, 44.09508635790051, 73.48758179792647, 11.981685152951234, 52.34582303768806, 67.95803710435735, 62.37131266063477, 46.233220479801176, 86.18448953837782, 96.34425609222328, 72.08495103022767, 86.37359542386709, 14.68201391777736, 66.72324826770841, 55.24294148714632, 43.632919572430076, 0.0, 53.735935488067966, 34.174172803437436, 6.806592863452407, 92.56749547080054, 41.644641569408286, 65.9598198742065, 47.615138926795716, 89.8564664679746, 66.59591416768612, 38.8221961357492, 53.43751448799218, 70.60208220581153, 47.704461930449696, 21.402961626651415, 2.3554671765908193, 99.49784091097214, 36.151048268234916, 54.22077210017247, 54.109694601430306, 37.932786765769634, 20.84916128620922, 50.04719388637507, 70.86137998782219, 17.92145777517487, 20.69292540753538, 93.96181356807556, 21.540426619383783, 28.970252411696983, 51.968784206499585, 54.29602720610871, 35.9688342987049, 25.667216668785905, 25.237710027305965, 21.381902010688606, 45.91411691267029, 77.33937882307235, 37.915206978790096, 73.7529833432496], [23.095862532648663, 59.95734364970134, 26.6419117482591, 41.754259258236445, 40.65768470534308, 33.83902447460158, 40.219106562912714, 22.035449434672692, 37.03080870448704, 46.49675998284219, 21.57109429472467, 39.13937182930167, 47.18800691565803, 23.683759898287096, 14.86773332228941, 24.083663787412146, 53.735935488067966, 0.0, 59.833686470010925, 48.11716039957471, 63.95440929400747, 46.67631312323721, 18.274878356419876, 54.40243730827263, 36.12175860768466, 41.340965422592866, 73.29815784733412, 10.984349682435884, 60.441990563849096, 19.3988895090601, 46.42994659342451, 55.760855166722706, 48.33088858826745, 40.35366572278418, 39.9670022978615, 42.881839281572, 75.22135443800506, 59.82569732642768, 30.225867331679027, 20.86979015687377, 35.847836327189015, 49.44072451447966, 40.535548942938334, 61.89412818964287, 25.820970553363196, 53.94074690098985, 55.095909885763334, 50.65973472421781, 39.815225090052564, 54.67584290507126, 53.43103188333499, 42.3717364249897, 56.768236781346076, 47.03332561372991, 31.05560876204001], [72.3529182132327, 11.205567398017054, 67.39366101787549, 34.70691351569812, 78.04813879756351, 54.764527022179685, 43.99153658604672, 40.714855347346905, 96.83854068264058, 89.17025267398408, 81.38537515093348, 77.90951332271433, 46.24662326847958, 59.88986490103779, 52.36390004733219, 37.74109857351531, 34.174172803437436, 59.833686470010925, 0.0, 37.54316824446138, 115.52917591994856, 71.1747272277057, 77.22475525814879, 78.54585528043474, 92.05044145566264, 48.382549441632825, 72.89275735176858, 65.56561103645018, 98.9057350861748, 64.86326756813804, 52.62518284613928, 35.69712613299896, 93.710896730477, 20.588516076763927, 79.29053778408262, 80.27588988197559, 71.73684140703024, 14.83244762377376, 37.75780100315438, 68.19182003158996, 37.298931753263474, 15.29871298912508, 93.37907643397, 55.673607534598595, 46.01405241994667, 23.612634649095583, 84.34431786328797, 10.67165687813267, 53.745917188371536, 58.63116718024113, 54.777326340436396, 73.35614384702419, 102.62077429587502, 15.308196461313546, 64.41998812623815], [69.46139344416312, 46.5560147686703, 69.17627877173993, 7.214467987339916, 45.73300915192402, 65.007069162589, 60.60531029317408, 42.827059219134135, 79.70736359414552, 91.8481890250089, 65.81375284019639, 82.21216090687358, 8.905436725456504, 62.69245234034416, 50.926738969519874, 40.47818847469119, 6.806592863452407, 48.11716039957471, 37.54316824446138, 0.0, 85.87189061514337, 35.57227894390199, 59.5719250785179, 42.02248690252172, 84.16222060188238, 64.65448669852705, 37.20265587683754, 47.12209233047939, 64.44143688982264, 41.05081196009262, 15.616519114552595, 8.131966487766867, 94.75991361455752, 35.715229672200685, 47.562135612688365, 47.55388940607228, 36.97846199264464, 25.67128245381885, 47.672457942650375, 66.07710038545984, 12.44843222961506, 22.792802861596098, 88.5671487175028, 20.212749031507094, 22.781612947563474, 52.83433090687563, 48.459732164467475, 37.47715691421643, 19.076608685975074, 21.12336077160065, 17.299201352783584, 39.467815214456046, 70.78508323169905, 38.64062129262403, 69.9688515329776], [74.46703065272162, 119.29793287742369, 82.93665841328531, 84.09195399186935, 40.366991028581836, 96.07127406464032, 104.07165100184584, 85.17810769843081, 42.436257744602514, 90.3403794515277, 49.19239319066775, 90.27308927089072, 78.40418246440052, 84.16049643798198, 78.58602025435943, 86.5394996384936, 92.56749547080054, 63.95440929400747, 115.52917591994856, 85.87189061514337, 0.0, 53.337970644395156, 47.45976433903873, 51.80635741526746, 65.40328105028516, 104.80751787214616, 81.406093367639, 53.828544930700815, 29.496161884195697, 51.119300344552656, 72.3178652946828, 93.26039209722425, 88.06434593855097, 99.90188984486983, 38.37652613005001, 38.87975990582653, 85.11858900742982, 109.12529376206949, 93.85929562856055, 75.85682730227568, 79.53125705113153, 101.26478394013617, 73.29081486124728, 83.79642513868356, 69.57135040139717, 116.30674561710948, 44.918552045043455, 108.94587093066494, 66.93293741799265, 73.78680954772763, 76.16832596226986, 47.3930980252127, 16.908998908727703, 106.51434136775393, 89.53515122705048], [69.10856608585655, 78.26758740482819, 73.30087429184492, 36.5236850596422, 14.411411522784427, 77.4099202339448, 78.8644792141067, 57.12449237408102, 61.7653572444319, 92.23566281433517, 52.86458651505166, 85.74480982929049, 26.964110104195687, 69.55199588489404, 58.34241257392005, 56.53121626059445, 41.644641569408286, 46.67631312323721, 71.1747272277057, 35.57227894390199, 53.337970644395156, 0.0, 46.05062501097976, 8.440853148267992, 75.47334412493004, 81.71650653950284, 31.959268337247217, 38.09408715542414, 28.96494415474286, 28.157497262818364, 20.26673536789125, 41.78207570772087, 93.16979778268028, 62.047535683009315, 16.79921674698204, 14.987813123269342, 35.13812843156191, 61.01641860208898, 65.40913448727686, 67.41956133511064, 34.34181603863185, 55.87880747783523, 82.2364104513824, 30.502902374635248, 30.103314739342824, 80.5240974747933, 13.169744723461044, 68.0104091458469, 17.42881015776676, 20.45136393865269, 22.94309633854921, 7.045264560994872, 36.963521430295664, 67.38202320290206, 77.2360791349354], [28.555618956746, 78.03274883624933, 36.19567105827398, 54.3615181407034, 35.088588078870465, 48.613712864504244, 57.116643240085935, 40.29011600339742, 20.389030791514134, 49.06543522976963, 6.903975971833907, 45.60670056536673, 56.15497310572073, 36.7365763612459, 31.787910478512728, 42.351738179561664, 65.9598198742065, 18.274878356419876, 77.22475525814879, 59.5719250785179, 47.45976433903873, 46.05062501097976, 0.0, 52.031661729088356, 29.46587163708808, 57.53379027432801, 76.80056007055326, 12.599210414272575, 50.364373025074954, 19.815918861370854, 53.277255258036625, 67.66116351221385, 48.83219048044477, 58.323257891650805, 33.43947742178553, 36.65761034601226, 79.43332717089578, 75.57694278486427, 48.268656387024606, 29.071728994777416, 48.429294688695514, 65.62397534262475, 36.52872442834656, 68.97494593113171, 37.03781032888466, 72.19921393918223, 50.26570486404254, 68.49159466686204, 46.09926549036211, 60.06722686336884, 59.97924483844684, 39.84520516898942, 43.41084355441106, 65.05112592880339, 42.484921950623175], [76.44665634505571, 86.04114993564995, 81.03992764136319, 43.84536896312715, 17.599596504816972, 85.67798795092936, 87.29603314596038, 65.54652985956737, 66.09257371847318, 99.35529863346567, 58.67164122968721, 93.28899998948114, 33.15674924601552, 77.55618443805152, 66.51030606690978, 64.97082889805547, 47.615138926795716, 54.40243730827263, 78.54585528043474, 42.02248690252172, 51.80635741526746, 8.440853148267992, 52.031661729088356, 0.0, 81.47166439068506, 90.12471580774624, 29.991143260559255, 45.262337112995326, 24.498503806164727, 35.41152225640364, 26.407033187817486, 47.42868202453693, 100.01993953882916, 70.24107977564606, 19.779835258563423, 16.947551402541283, 33.58931561028316, 67.68473559607186, 73.84892794755564, 74.97102813001347, 42.194854184209426, 63.260914790860156, 88.51939406732693, 33.174728231556834, 38.52032622982905, 88.727672129274, 7.285039749827525, 75.8838992711429, 25.05582265372435, 23.92472456842813, 27.223517010468598, 12.34894742637428, 34.92981795216607, 75.4350706408802, 85.19469328996617], [20.63809525418342, 89.34649718330772, 28.61003336860823, 77.87498002181944, 64.33931913332063, 45.62803029731729, 58.020413303754246, 51.335712970994116, 22.994440200250775, 25.31123591439816, 22.824436632964492, 28.521188376650088, 82.55207683938096, 34.7552676626863, 39.692139031345604, 54.32022232875883, 89.8564664679746, 36.12175860768466, 92.05044145566264, 84.16222060188238, 65.40328105028516, 75.47334412493004, 29.46587163708808, 81.47166439068506, 0.0, 56.163209543095476, 105.7710057290881, 38.98265721612056, 77.1932917574454, 48.292326592256096, 80.79883862184703, 91.87093397133661, 22.661065933485986, 71.49229831048679, 62.54548199714684, 65.74308396563234, 108.22418074776152, 94.62750231370397, 55.77771358375018, 24.684516872723567, 71.9582168701688, 84.02367580172991, 7.994944424686489, 96.55819947472656, 61.581904746884206, 79.5664283966436, 79.39390881157371, 81.80907616380203, 73.75491061629519, 88.30279838436323, 87.72769796801558, 69.31045201900247, 67.60384252707534, 77.48196014200806, 34.9742917990747], [36.09324721263529, 40.74105060877513, 27.555210037002748, 57.67020835394862, 79.82924255727517, 10.53633414876709, 4.478160803549661, 24.633273465885356, 70.85226962010427, 44.12895504806942, 57.505007921971554, 33.04043463385711, 69.33614799692499, 22.353225929750536, 26.473239834443756, 25.68266400540077, 66.59591416768612, 41.340965422592866, 48.382549441632825, 64.65448669852705, 104.80751787214616, 81.71650653950284, 57.53379027432801, 90.12471580774624, 56.163209543095476, 0.0, 100.0556655681059, 52.20581733471139, 100.83399957003002, 58.89938002166333, 72.45665267216425, 68.93448776508662, 49.37267729027512, 31.698923773925728, 79.65257176176718, 82.21828294994235, 100.65167275280857, 58.3784237812492, 17.217329145392593, 32.645081355910165, 54.40697771808778, 49.42818111473746, 54.09633814925338, 84.29820666968267, 52.3563675012422, 27.64214669654485, 92.72255118722715, 38.194564572381104, 68.40382083430028, 81.21718979827209, 78.37197431778723, 79.49881534586406, 98.0696667650688, 33.763949734237855, 21.465364553552035], [96.39313700174905, 82.90946841524575, 98.75709058986628, 43.240532137926685, 46.08702231775625, 98.60740593116839, 96.31221227549678, 76.36942179326088, 93.58687347939885, 119.78949283459535, 83.7022710653556, 111.81037308171526, 30.815023386521, 93.54075732411016, 81.53993655349618, 74.65061538765522, 38.8221961357492, 73.29815784733412, 72.89275735176858, 37.20265587683754, 81.406093367639, 31.959268337247217, 76.80056007055326, 29.991143260559255, 105.7710057290881, 100.0556655681059, 0.0, 67.02711596396762, 52.695428897378704, 57.48148001478765, 28.002820505940683, 37.1966308902325, 121.50961880751404, 72.7837646517583, 48.46115750098731, 46.13295267822978, 3.7964254271767848, 58.83626119680108, 82.83833812005727, 93.93082309789122, 45.68042575603471, 59.32922905859601, 111.98459311100707, 17.300743436055775, 49.612619891285505, 90.01996986520928, 36.51932930617802, 74.43853868217887, 33.69782866041707, 19.161263071830334, 21.689968964787717, 38.977307529866856, 64.50299339907814, 75.8260321674768, 101.26881222085302], [31.19844495229428, 67.25229904617512, 36.45471924970946, 41.782179441277535, 30.316727031692533, 44.819106460799055, 50.88429562757562, 31.353941179248622, 32.98004450932464, 54.15597577011085, 18.700999494711503, 48.1872178442968, 44.18056893053489, 34.383760017622116, 25.765904678907326, 32.82409525209708, 53.43751448799218, 10.984349682435884, 65.56561103645018, 47.12209233047939, 53.828544930700815, 38.09408715542414, 12.599210414272575, 45.262337112995326, 38.98265721612056, 52.20581733471139, 67.02711596396762, 0.0, 49.542050515792646, 9.937160260033153, 41.90690883032103, 55.180393997864535, 55.12155860104537, 47.49293829775421, 29.407528305034052, 32.43292663607123, 69.35466334565382, 63.17856879886005, 40.04662054399672, 29.96784141368002, 35.839680456792664, 53.3869906262988, 44.95951364642407, 57.68151841945785, 24.47968877401542, 62.783925281167235, 45.16470900496281, 57.34992979378957, 34.81205040423014, 49.321637655897, 48.79299716987621, 32.96428550829663, 45.863977304122756, 54.242338655937544, 41.49894838434803], [78.58401631805505, 104.98125729166145, 85.31011878337412, 64.72256073713547, 21.755638770746714, 94.2113178726043, 98.8806007496084, 77.53783064918878, 57.00193314262294, 99.27904577832719, 55.497793368670955, 95.80328105910758, 55.92007314070942, 83.8989294417726, 74.85190640369434, 77.87354980078027, 70.60208220581153, 60.441990563849096, 98.9057350861748, 64.44143688982264, 29.496161884195697, 28.96494415474286, 50.364373025074954, 24.498503806164727, 77.1932917574454, 100.83399957003002, 52.695428897378704, 49.542050515792646, 0.0, 41.93487714055675, 49.231464906386535, 70.74090425042655, 98.58026218851586, 87.19365388291655, 21.390311944725365, 19.332532562854585, 56.469582950349945, 89.65383565059514, 86.43020265790712, 78.39891094165316, 61.609652286282056, 83.72995096451754, 85.03036859872248, 57.66750471636928, 54.419352010360214, 105.26394485806269, 17.21366410076174, 94.52030463021394, 45.741359484092044, 48.238191620504615, 51.30486040831493, 25.556520486306894, 13.419927113110385, 93.18509364106761, 90.83813350431043], [41.0443238813311, 68.18287850249591, 45.84382092806283, 36.77437896034615, 21.347108167477884, 52.56006840412438, 56.99738538213586, 35.95372497091258, 39.04488476251649, 64.08459827663957, 26.648678100159394, 57.899596209030456, 36.711460629576855, 43.04086154599673, 33.09455926115334, 36.66624897236996, 47.704461930449696, 19.3988895090601, 64.86326756813804, 41.05081196009262, 51.119300344552656, 28.157497262818364, 19.815918861370854, 35.41152225640364, 48.292326592256096, 58.89938002166333, 57.48148001478765, 9.937160260033153, 41.93487714055675, 0.0, 33.492493348091735, 49.179021978820884, 65.04617433773254, 48.81578680342812, 20.864107430697878, 23.635151484024252, 59.94782809679376, 60.25695110935809, 44.88763802062785, 39.600282642380414, 31.175099457791266, 51.30354682680654, 54.595438497798874, 49.16393097997441, 19.899761997843644, 65.68105544850681, 35.71294286600881, 57.85613079047475, 26.311669022694065, 40.29773503554952, 40.16439030581656, 23.177143169595194, 40.47183124782357, 55.40203224507077, 50.45447678722569], [69.36289776847528, 60.88461730211316, 71.10040575754047, 18.35223068514431, 31.97094309537325, 70.6348145998881, 68.87273733462679, 48.465810779787155, 72.26595946292929, 92.64818615706751, 60.04510813786655, 84.21798883718179, 6.768492657239009, 65.65636867098569, 53.62827249331704, 46.87499494652406, 21.402961626651415, 46.42994659342451, 52.62518284613928, 15.616519114552595, 72.3178652946828, 20.26673536789125, 53.277255258036625, 26.407033187817486, 80.79883862184703, 72.45665267216425, 28.002820505940683, 41.90690883032103, 49.231464906386535, 33.492493348091735, 0.0, 21.523803213976915, 94.73708252993274, 47.23006187139247, 34.06287590135043, 33.47044723738011, 29.291966463334987, 41.284908347972, 55.27479267313606, 66.6261288817156, 18.714046446575146, 37.47255843100118, 86.33383847524422, 15.774643806174709, 21.706597127216053, 65.4024102642183, 32.926026339686246, 51.14965830335162, 7.180824441080843, 8.854872015165514, 7.0036862959571025, 25.030570653001853, 56.541575095980136, 51.45803906885999, 73.35768324921762], [76.59246492778338, 45.832038546149995, 75.76524958856935, 14.047833495998292, 52.94901365425783, 70.31222491142303, 64.70296165256653, 48.570193598086234, 87.82478447299779, 98.60508178300536, 73.85727582899715, 88.66926835318735, 14.966173829852439, 69.02632055888229, 57.5134878540505, 45.978965472322365, 2.3554671765908193, 55.760855166722706, 35.69712613299896, 8.131966487766867, 93.26039209722425, 41.78207570772087, 67.66116351221385, 47.42868202453693, 91.87093397133661, 68.93448776508662, 37.1966308902325, 55.180393997864535, 70.74090425042655, 49.179021978820884, 21.523803213976915, 0.0, 101.72589120965498, 38.406242548881764, 54.885012170421696, 54.639492325956894, 36.14840114995862, 21.94065748745802, 52.40089659502556, 73.07561218542321, 19.91344680038879, 22.650220259287035, 96.0605729628087, 19.998404393611185, 30.761588423741916, 54.021836463265835, 54.236916349426636, 37.945547937392625, 26.33463967719312, 24.532971743032878, 20.73307185050116, 46.34411283123777, 77.84055029224628, 40.02094880380218, 76.07637051237224], [25.457672305991405, 88.40022208324501, 26.737648316197227, 87.82046640646266, 83.69872269978919, 40.020157180387294, 52.6926177751318, 55.05519752243569, 45.646519586551385, 5.529496752485627, 43.114494281512535, 16.359625267424803, 95.09453800681305, 34.18299426568532, 44.47257834401659, 58.09226973849454, 99.49784091097214, 48.33088858826745, 93.710896730477, 94.75991361455752, 88.06434593855097, 93.16979778268028, 48.83219048044477, 100.01993953882916, 22.661065933485986, 49.37267729027512, 121.50961880751404, 55.12155860104537, 98.58026218851586, 65.04617433773254, 94.73708252993274, 101.72589120965498, 0.0, 73.62619286546256, 82.17829154027557, 85.39422396713871, 123.52045844119564, 99.63936366972611, 55.97553732523898, 28.682922331255124, 82.32377640456053, 89.16322908742444, 14.850327143694354, 110.08139293533878, 73.66006786768389, 76.38213130361018, 98.91747090379145, 83.04277310173661, 88.14165172953307, 103.00196867677612, 101.73192546768705, 87.67292190503585, 89.72534349800658, 78.41850084869215, 29.419861620040454], [51.77537916177291, 19.767355458650748, 47.0806139563042, 29.624364715402002, 65.51434795264305, 35.85849380928137, 27.258854583875827, 20.17035872786293, 77.30955522258121, 69.28666037075827, 61.87247832987612, 58.15509929745622, 42.37768222737675, 39.564520065729475, 31.800214663109927, 17.251865027879905, 36.151048268234916, 40.35366572278418, 20.588516076763927, 35.715229672200685, 99.90188984486983, 62.047535683009315, 58.323257891650805, 70.24107977564606, 71.49229831048679, 31.698923773925728, 72.7837646517583, 47.49293829775421, 87.19365388291655, 48.81578680342812, 47.23006187139247, 38.406242548881764, 73.62619286546256, 0.0, 66.27059674589668, 67.9063717075055, 72.69036864597228, 27.042696762789245, 17.80576796570618, 47.61846722334837, 28.667097595284798, 17.730001025035804, 72.80882202456127, 55.92794686971782, 32.809787232015786, 18.487013454238834, 74.81286763944975, 10.438561599863966, 45.544377409166806, 55.22056160923632, 51.77396582035907, 62.37251066298044, 88.66044806075494, 6.75246705247728, 44.63128705723588], [59.985814003298465, 84.57500915984903, 65.82633428438926, 46.27330850974714, 2.3900377470592473, 73.41682338807156, 77.58612425699336, 56.16422937220858, 46.320703176559654, 82.06713104536155, 39.75167708401176, 77.19903413488642, 40.03639490091169, 63.64040814478462, 53.95741853977095, 56.48372413997517, 54.22077210017247, 39.9670022978615, 79.29053778408262, 47.562135612688365, 38.37652613005001, 16.79921674698204, 33.43947742178553, 19.779835258563423, 62.54548199714684, 79.65257176176718, 48.46115750098731, 29.407528305034052, 21.390311944725365, 20.864107430697878, 34.06287590135043, 54.885012170421696, 82.17829154027557, 66.27059674589668, 0.0, 3.2185364195027786, 51.7720652317741, 71.4667291147023, 65.04749265946131, 59.19487557859868, 42.254856692274906, 64.41895316369855, 69.8805654967127, 46.725078531015406, 33.754022028198136, 84.14116706196144, 16.854273307746844, 74.08220763621499, 28.56486947672545, 36.600400426578304, 38.47310034147588, 9.864410312624248, 23.5048983012232, 72.44120994621291, 70.88005951130108], [63.131414729382186, 85.91628410720305, 68.8794673416037, 46.75223542601382, 2.436047980668324, 76.1805912163771, 80.05270027010808, 58.51486984987887, 49.27587733871309, 85.26750730661011, 42.95726084241114, 80.33117667844934, 39.69746028933323, 66.56545497012456, 56.705080558917935, 58.71368244994877, 54.109694601430306, 42.881839281572, 80.27588988197559, 47.55388940607228, 38.87975990582653, 14.987813123269342, 36.65761034601226, 16.947551402541283, 65.74308396563234, 82.21828294994235, 46.13295267822978, 32.43292663607123, 19.332532562854585, 23.635151484024252, 33.47044723738011, 54.639492325956894, 85.39422396713871, 67.9063717075055, 3.2185364195027786, 0.0, 49.52625252057969, 71.93665820499099, 67.35814238556102, 62.28784728670388, 43.05785269642041, 65.26402064480982, 73.09180175908587, 45.36378477514861, 35.188719798617264, 85.93597748687401, 13.65089002162521, 75.43303428408555, 28.477420078092784, 35.251906063579135, 37.392100164651005, 8.527711560877297, 23.233094360119747, 73.96230952861954, 73.85656423506018], [98.29134602007646, 81.9797572860327, 100.35381464445807, 43.362867720996185, 49.389157210092804, 99.59291448259317, 