instance_id,num_cities,city_coordinates,distance_matrix,best_route,total_distance
877,57,"[[41.139081755492576, 91.75804598485323], [68.5865850405672, 55.113853311612104], [42.51053482018228, 23.409638597505143], [50.23150765173432, 12.425153378044218], [31.79847160297784, 43.734260562131325], [65.29729814214019, 55.7980272420841], [20.586708903412365, 3.232717501579785], [20.99513847509288, 68.24372021303627], [63.0315392307706, 59.90214288737666], [44.54226614104001, 14.08351902248468], [99.08238846373533, 57.6701932614491], [40.1625343603394, 4.75803203744608], [92.689576581853, 4.054110065514327], [9.072286341340552, 56.30068344497523], [2.7035074966374917, 90.12523017791759], [82.45539825374402, 0.8161008786283785], [46.20166241915182, 10.372833570320717], [66.11301063317548, 12.599058101856453], [45.91903714356561, 46.8577885891067], [19.42685829169112, 15.638700874071043], [39.234105582371726, 19.968228115964227], [18.119081935322235, 91.30158235025739], [70.2568514490995, 75.64569035320064], [76.95623593518161, 18.31313200030594], [26.71721083379075, 51.51724540699926], [31.08057396612576, 9.69157751311316], [50.841855417316616, 60.653477218355434], [99.72453331280984, 22.81484248130511], [29.805268197167635, 70.1679488473252], [80.54098783532493, 2.2459901708409613], [51.898258643517224, 76.50883179871524], [39.18140037774221, 22.406540874011462], [69.20941606333656, 66.93342326801039], [2.7475666156835277, 93.22373554598377], [67.4058525084293, 39.31270096713328], [35.57727722857038, 86.44788117812978], [74.35275410133063, 44.631765805590774], [42.58962117219637, 16.981575621576916], [78.19437354846907, 74.8395410877824], [93.26060698970038, 46.419147154918086], [11.765409972661999, 77.14007584298248], [58.36864013534917, 9.8074133948021], [84.2370600270772, 12.10304575408231], [41.95780842216781, 79.51538968487239], [62.190402397295266, 90.48051894908265], [5.869210238557665, 78.613132086738], [95.15262204260821, 18.673394436226864], [32.02823518103342, 49.501496541006794], [57.84846558213903, 65.73258211580459], [59.74006953833434, 49.5361774191306], [29.81767873620217, 66.5617711818435], [13.190056936566119, 36.84200573132777], [7.815406129954116, 45.645732040506516], [47.626804457433856, 6.451756591906621], [91.84178771887466, 5.41618094263876], [31.40916297033941, 30.426780251896567], [44.955803552940445, 54.55681697439868]]","[[0.0, 45.78386498820082, 68.36216552959353, 79.85223890437975, 48.92372598595591, 43.32138463812527, 90.87977669934267, 30.962912772978825, 38.65330848016342, 77.74904374196349, 67.22654606312881, 87.00549449123324, 101.73216744268314, 47.80694433256977, 38.470241175060785, 99.88731345214616, 81.5425197227473, 83.00507506320318, 45.153970896436775, 79.1553873582614, 71.81508813521302, 23.024524984684287, 33.278409155648966, 81.71305846515088, 42.74707466048222, 82.68058312791378, 32.58278709506565, 90.47331343278204, 24.384167490049066, 97.80040050416346, 18.662754903885865, 69.3791307059688, 37.472730901119455, 38.41948308631696, 58.65541287737232, 7.68970219646096, 57.65443880770181, 74.79053806859095, 40.734880112930746, 69.08161216887787, 32.81002354577153, 83.74224658960635, 90.56685261651802, 12.270001900333414, 21.09004921974135, 37.639774151952075, 90.87809871653346, 43.22757795902486, 30.92779134476547, 46.13765199572454, 27.622933049804484, 61.61914852913659, 56.892994775262956, 85.55263617125097, 100.12832791461743, 62.098272729378074, 37.396507927444226], [45.78386498820082, 0.0, 41.0501842350827, 46.4675582311815, 38.507926735166855, 3.359687822893828, 70.6798441008554, 49.36941554285924, 7.333911030978923, 47.55646752251165, 30.602759685421272, 57.824176546388536, 56.462833630599185, 59.52613136620109, 74.60815248170891, 56.04096625876091, 50.02842800106136, 42.58669254680815, 24.12426853533718, 63.047334551044, 45.79064337544021, 62.10089051416511, 20.599663156901823, 37.740484166610045, 42.02356582783761, 58.90572133019871, 18.589321193374143, 44.86421651183878, 41.600677019809716, 54.20257096532063, 27.13384127612751, 43.98219153186508, 11.835968588886878, 76.07325069345893, 15.845205733150875, 45.51302785540488, 11.963396847099652, 46.15097758664852, 21.941111144505086, 26.16114053892832, 60.940958436005744, 46.44437421283213, 45.769716342296, 36.11823253660343, 35.940397754041804, 66.97525815558178, 45.09613470179518, 36.98663938468366, 15.101808200360013, 10.458073670271006, 40.42379150451128, 58.33211585374325, 61.5043210399896, 52.98407363775519, 54.86950966158687, 44.62748355042656, 23.63734594232059], [68.36216552959353, 41.0501842350827, 0.0, 13.42655342975703, 22.97473735158575, 39.601064400887225, 29.79534003397226, 49.7293389680015, 41.86662741809611, 9.544864508610594, 66.1374344115999, 18.798817341276038, 53.78264326780718, 46.90348912917939, 77.68892832483817, 45.89183000687819, 13.549269658129024, 25.960460611395725, 23.6945906509725, 24.356592437644164, 4.751662304166778, 72.14055031922908, 59.147807985552824, 34.820693628920736, 32.24076058495286, 17.855789118388866, 38.164308170176156, 57.21709015612586, 48.45372408164637, 43.52258461149128, 53.92266385484536, 3.4769729907951508, 51.060259416502795, 80.34364799511877, 29.54122941806972, 63.41837342982963, 38.266246379608546, 6.428549468859531, 62.59689462382145, 55.722592449247685, 61.90494801289948, 20.89258324506508, 43.231261230371, 56.108473616278964, 69.898499118281, 66.25716837076381, 52.85471933412136, 28.118742089019033, 45.01648218277106, 31.296212189367413, 44.980163874145084, 32.25087456397768, 41.209171387415466, 17.71287602612474, 52.51035165500432, 13.133192069953097, 31.243016179898973], [79.85223890437975, 46.4675582311815, 13.42655342975703, 0.0, 36.332313587761114, 45.91496738893232, 31.03731576943182, 63.011726576450386, 49.17220089942679, 5.926014307919589, 66.5846993697443, 12.65578811430879, 43.275420083633634, 60.1593187921218, 91.0835480943134, 34.25126604177548, 4.522352174669957, 15.882455093671402, 34.70163929070102, 30.971814762852212, 13.335697536202133, 85.16277903403972, 66.31629279166465, 27.365660855902945, 45.61922636392074, 19.345043242130792, 48.23218577714349, 50.571782930309055, 61.24917703008355, 31.973112963838105, 64.10535000132661, 14.890700692424941, 57.717523284324635, 93.71838419789592, 31.904519062543706, 75.45933143263822, 40.23804685046678, 8.897157558878256, 68.39208771736894, 54.83698571893508, 75.28387516791962, 8.547835262554162, 34.00707787613635, 67.59847562369565, 78.96616527326027, 79.67974621770355, 45.35357796733503, 41.30392658065742, 53.84886263186026, 38.30980102440358, 57.85756474504655, 44.36498337570164, 53.87701286239624, 6.516590204626803, 42.19645840430367, 26.044946331498522, 42.460689244693256], [48.92372598595591, 38.507926735166855, 22.97473735158575, 36.332313587761114, 0.0, 35.60485705643581, 42.024738108845824, 26.78480201628144, 35.169659258020346, 32.27337560713583, 68.71197630926679, 39.86356652154409, 72.67902729799408, 25.969106272968325, 54.75983015169091, 66.39346841610072, 36.33781386678385, 46.33452731060568, 14.461908536612151, 30.698815776986656, 24.902067201495225, 49.49520990737079, 49.97385648215398, 51.8213996032499, 9.29484072482814, 34.05025177870064, 25.473718993513124, 71.0744110932219, 26.50872943344757, 64.00866713751694, 38.44702795817836, 22.569432079435657, 44.02022166765968, 57.38608903521966, 35.88085512077477, 42.8804472700957, 42.56374601244176, 28.847097957226335, 55.858018170313606, 61.52075017676505, 38.95217648427854, 43.09297871526092, 61.24001392998721, 37.19544765027056, 55.75735046239372, 43.461043173564434, 68.13072279748559, 5.7718109929065236, 34.0958698010938, 28.53760912194031, 22.913288316480056, 19.84379684057116, 24.059117870279128, 40.50334829666891, 71.22833029012604, 13.313173679432436, 17.036522865250877], [43.32138463812527, 3.359687822893828, 39.601064400887225, 45.91496738893232, 35.60485705643581, 0.0, 69.00832252844147, 46.01713403387658, 4.688009030962493, 46.592612605108556, 33.8369226384789, 56.89321102606529, 58.54715947759095, 56.22725864968311, 71.38865098018674, 57.596984522423455, 49.2756686791999, 43.206669874527144, 21.34115429167476, 60.966127861348184, 44.30648385762146, 59.044783933691875, 20.457930002249665, 39.25618679582993, 38.81685497099756, 57.41592914816912, 15.249105509593937, 47.67730066247749, 38.290714756394976, 55.67935658699646, 24.667218831247094, 42.39140806707969, 11.802614595231034, 72.89137504588861, 16.619626467137607, 42.69301101356007, 14.376601722832683, 44.970607176004336, 22.998126088280603, 29.49423729126551, 57.62938564198501, 46.50959969538414, 47.62316650008619, 33.2752920592935, 34.82137320921389, 63.6571020464212, 47.640095782561026, 33.859664044105564, 12.41694354685955, 8.372189257307836, 37.07642885703694, 55.44813195746213, 58.37154278550977, 52.41469998141565, 56.94682048569787, 42.333271539763395, 20.37932788516467], [90.87977669934267, 70.6798441008554, 29.79534003397226, 31.03731576943182, 42.024738108845824, 69.00832252844147, 0.0, 65.01228567174073, 70.80245331254157, 26.2984527341691, 95.52492071047881, 19.635160471801537, 72.1075461598771, 54.302770981850706, 88.71368356551767, 61.91586838468929, 26.591485499847234, 46.479807286926466, 50.44674103902691, 12.460083341616931, 25.055991667196867, 88.10342864263733, 87.81094292694083, 58.35188496731492, 48.67215517077094, 12.322259395217326, 64.9039100288226, 81.52456605817788, 67.56705580947671, 59.9623981597701, 79.68564534226925, 26.709512420535162, 80.13705489161121, 91.7421295056425, 59.108353172642296, 84.55460132024889, 67.85771007558702, 25.94531263854064, 91.90310228693511, 84.53734777752915, 74.4319348924248, 38.34971908245425, 64.26546445388041, 79.21975744764832, 96.65943394079979, 76.80372171959074, 76.14781616357914, 47.66244262898003, 72.76449400347026, 60.638239167578845, 63.99828000885335, 34.413583301204284, 44.29413027490835, 27.23102973146012, 71.28852481007154, 29.268456756359953, 56.81563130630044], [30.962912772978825, 49.36941554285924, 49.7293389680015, 63.011726576450386, 26.78480201628144, 46.01713403387658, 65.01228567174073, 0.0, 42.8560485902737, 59.05755340612612, 78.79986093252118, 66.31607398022018, 96.23096438431297, 16.875737917098036, 28.519892043890863, 91.23512142352362, 63.122170195236876, 71.63763542678147, 32.84141891361711, 52.62839121982123, 51.60603703400277, 23.236538200839057, 49.814711954294154, 74.99805376279303, 17.678152378434945, 59.414387346803004, 30.79672549066746, 90.8960975151173, 9.017818004196053, 88.88986751454823, 31.98929361001584, 49.313153739643106, 48.23207896660024, 30.935013250338205, 54.68965397304082, 23.32445598655421, 58.348603550184606, 55.624896863465615, 57.578271474498834, 75.48913781998617, 12.819244584727318, 69.36555759816237, 84.56545376389572, 23.800925696122007, 46.81372648750945, 18.338986003137684, 89.19949308536076, 21.748567104409847, 36.93878088679038, 43.02489791366325, 8.981434696217786, 32.357178032297455, 26.1605507230886, 67.28664355687529, 94.69185498153885, 39.224646004929596, 27.59428910547637], [38.65330848016342, 7.333911030978923, 41.86662741809611, 49.17220089942679, 35.169659258020346, 4.688009030962493, 70.80245331254157, 42.8560485902737, 0.0, 49.40849635699396, 36.11987443985142, 59.69811006383065, 63.23449967849838, 54.079307341170036, 67.47522818254286, 62.19683801933916, 52.310584348856864, 47.40334688848407, 21.517269964923273, 62.13389170705623, 46.486937920456526, 54.8001242598827, 17.322367720983912, 43.858214793522116, 37.26978605626998, 59.51441049481823, 12.212816822866433, 52.17129158948206, 34.7760241949214, 60.256225707457126, 19.9933002086321, 44.43815133028613, 9.35975779331068, 68.88022859691094, 21.048984185422743, 38.189170238257475, 19.009321985944723, 47.53995275903736, 21.284675462488476, 33.099663313929106, 54.08661887834236, 50.31127657800288, 52.29175651095209, 28.788566830131206, 30.589942689448485, 60.1467619463642, 52.26445885927756, 32.70135022323553, 7.801171325097932, 10.875983303825736, 33.87493436116322, 54.917604490174966, 57.026893697989884, 55.62597997853001, 61.634004145355746, 43.22929195405978, 18.84952862569077], [77.74904374196349, 47.55646752251165, 9.544864508610594, 5.926014307919589, 32.27337560713583, 46.592612605108556, 26.2984527341691, 59.05755340612612, 49.40849635699396, 0.0, 69.81706893151683, 10.302754873285263, 49.18081482356893, 55.13989879267724, 86.79184040191137, 40.16752383206209, 4.064822570877186, 21.62176316052567, 32.80317429790906, 25.163511321567178, 7.925046979765007, 81.6138099077675, 66.71687070387739, 32.688760511186075, 41.461023476720854, 14.160024944677469, 46.99410421973089, 55.86876246668736, 57.98829517389833, 37.895053145972454, 62.85722154937104, 9.900079518523619, 58.323071455902344, 89.49844009702713, 34.04783698232903, 72.91756946301805, 42.683258708212335, 3.494503459132992, 69.45328322088226, 58.47281061968262, 71.06652980369316, 14.472515233006568, 39.74416857882213, 65.48289181213725, 78.40891729327706, 75.23081958252733, 50.81805860909166, 37.56373387152216, 53.33554782679226, 38.57284297912302, 54.50486605748112, 38.741576365420194, 48.42556697519284, 8.231535362378303, 48.08708237024152, 20.966177202939594, 40.475410563642804], [67.22654606312881, 30.602759685421272, 66.1374344115999, 66.5846993697443, 68.71197630926679, 33.8369226384789, 95.52492071047881, 78.79986093252118, 36.11987443985142, 69.81706893151683, 0.0, 79.19119908777964, 53.99585559124454, 90.02052011192423, 101.69669669030232, 59.235501383186254, 70.94653917390382, 55.84252052968669, 54.25172825256614, 90.06469807477103, 70.73369168705304, 87.67056139923247, 33.97101823433775, 45.15024802623126, 72.62628794529576, 83.22376069424989, 48.33269092208865, 34.8612654390812, 70.39540671885334, 58.443355700132365, 50.80586982651674, 69.5100967729173, 31.27621956358287, 102.68618344000362, 36.611479804340874, 69.7212627167677, 27.956312457473846, 69.62037317983646, 27.038780887495673, 12.668037654771288, 89.46133835657311, 62.83673288380194, 47.924406186726756, 61.15905698834311, 49.37140982041118, 95.53692103830083, 39.19430293728251, 67.5498858516478, 42.01474158250014, 40.17437332617714, 69.83308794227756, 88.38159316827824, 92.05568821082532, 72.60168992731148, 52.753275751946056, 72.95114119113606, 54.216052106458804], [87.00549449123324, 57.824176546388536, 18.798817341276038, 12.65578811430879, 39.86356652154409, 56.89321102606529, 19.635160471801537, 66.31607398022018, 59.69811006383065, 10.302754873285263, 79.19119908777964, 0.0, 52.53175868637221, 60.19342518914278, 93.22412355141807, 42.476171644427964, 8.24603322600066, 27.10920339164895, 42.49149121885913, 23.417028341704988, 15.238505331650062, 89.30677407431139, 77.01122010804661, 39.21118731410297, 48.65388740556055, 10.335466876853717, 56.90649075641583, 62.238895576797844, 66.22484563553236, 40.456518132077896, 72.70422608646976, 17.675759900104254, 68.62580135300166, 96.05238419005609, 44.002540023938785, 81.81843334843377, 52.52509657820868, 12.462173492029235, 79.73605647888617, 67.49113889825944, 77.75317960672614, 18.893346436850685, 44.68235713618412, 74.7789110069295, 88.5074671006308, 81.42854464260365, 56.72342597192993, 45.47685607998706, 63.48769896948917, 48.87087258755366, 62.66353173986418, 41.91534213585345, 52.13579112561022, 7.654020574100976, 51.68344403846442, 27.1202165475891, 50.02893573472851], [101.73216744268314, 56.462833630599185, 53.78264326780718, 43.275420083633634, 72.67902729799408, 58.54715947759095, 72.1075461598771, 96.23096438431297, 63.23449967849838, 49.18081482356893, 53.99585559124454, 52.53175868637221, 0.0, 98.59794955809927, 124.52200747985445, 10.734202790421529, 46.91537519757106, 27.91648248917103, 63.4006171460455, 74.1729643162879, 55.77406685100199, 114.77316799629294, 75.02387303365447, 21.233410334684127, 81.27178021207739, 61.86639024969393, 70.3897728989581, 20.036359374480636, 91.2440459399269, 12.282406363810889, 83.1481708793523, 56.567982439458135, 67.12023515150177, 126.65222960959557, 43.38703649004794, 100.25242269180846, 44.52847632742838, 51.74094024805471, 72.25432966948966, 42.368885320636444, 109.04255653192175, 34.79981577198002, 11.67177800626204, 90.92918685658084, 91.65000697463002, 114.44135518572527, 14.825318494167561, 75.79751498564819, 70.8388094913574, 56.163052491560435, 88.65711047032721, 85.99546340373789, 94.51712981469888, 45.12651261069094, 1.6043637463183469, 66.71436745677707, 69.49126918326083], [47.80694433256977, 59.52613136620109, 46.90348912917939, 60.1593187921218, 25.969106272968325, 56.22725864968311, 54.302770981850706, 16.875737917098036, 54.079307341170036, 55.13989879267724, 90.02052011192423, 60.19342518914278, 98.59794955809927, 0.0, 34.41890912945585, 91.99793484915894, 59.05893634359111, 71.85733285731838, 38.03749870772606, 41.95967095761718, 47.220574437031345, 36.15117473467589, 64.16993298815952, 77.79000371012042, 18.28181172114581, 51.543898571439215, 41.995758290883536, 96.63918162950506, 24.943086945550018, 89.60851052325879, 47.35433626938053, 45.336206818368225, 61.06987413892822, 37.460830957974046, 60.75686373108463, 40.14184939802917, 66.3151800859942, 51.66627501757527, 71.56502066352073, 84.76625562712302, 21.012691174899626, 67.76248709531251, 87.1961832919506, 40.253945748625654, 63.16482730461405, 22.541185880772122, 93.9448618743506, 23.941690201105107, 49.67973806158093, 51.11734339606524, 23.144356270168558, 19.889599619864267, 10.72882739619594, 63.01877795996009, 97.15978053287226, 34.181792287472604, 35.92586641602937], [38.470241175060785, 74.60815248170891, 77.68892832483817, 91.0835480943134, 54.75983015169091, 71.38865098018674, 88.71368356551767, 28.519892043890863, 67.47522818254286, 86.79184040191137, 101.69669669030232, 93.22412355141807, 124.52200747985445, 34.41890912945585, 0.0, 119.73506026027053, 90.8434601185935, 100.15524172398398, 61.15270643483971, 76.34077226192574, 79.09797427761585, 15.460392611702945, 69.08770768157821, 103.29784666312804, 45.4668498582898, 85.2926162244784, 56.443642361578796, 118.08373191210829, 33.65707223121481, 117.39435322747399, 51.04439092813792, 76.91851240165998, 70.43362678457326, 3.0988186010004, 82.26971845595286, 33.07880941107747, 84.87207927001849, 83.31204154260595, 77.02287418822968, 100.55252339851953, 15.834529029531097, 97.72184343580238, 112.85026118933416, 40.66286827610605, 59.48795588211802, 11.939433667940094, 116.84264466020772, 50.10216949760414, 60.29898574382347, 70.0045756603947, 35.922345161028964, 54.3053379197822, 44.7722822982396, 94.9702732004956, 122.96851639067201, 66.24137362513335, 55.230141588137656], [99.88731345214616, 56.04096625876091, 45.89183000687819, 34.25126604177548, 66.39346841610072, 57.596984522423455, 61.91586838468929, 91.23512142352362, 62.19683801933916, 40.16752383206209, 59.235501383186254, 42.476171644427964, 10.734202790421529, 91.99793484915894, 119.73506026027053, 0.0, 37.49219254331301, 20.14725078181474, 58.77705921873404, 64.74802174872215, 47.27456100165841, 111.02605079248988, 75.81735952325245, 18.340852877629487, 75.34820232327105, 52.135848090089965, 67.67516307991255, 27.967260462719548, 87.07304411611923, 2.3894666011760397, 81.62798720597957, 48.36099659194842, 67.43112311188408, 122.03486948104965, 41.333727699236086, 97.62356287348308, 44.558560740361465, 43.01863266051767, 74.14597785407624, 46.865662968798475, 104.03087809654816, 25.71022398614144, 11.426698705054426, 88.50781231493177, 91.92593717213381, 109.16877877622822, 21.911239698993462, 70.09398352472259, 69.42370396141041, 53.755297569276934, 84.22127213255847, 78.07402467044274, 87.06792896554653, 35.28160372130185, 10.4529920973098, 59.01279920114951, 65.53078794895359], [81.5425197227473, 50.02842800106136, 13.549269658129024, 4.522352174669957, 36.33781386678385, 49.2756686791999, 26.591485499847234, 63.122170195236876, 52.310584348856864, 4.064822570877186, 70.94653917390382, 8.24603322600066, 46.91537519757106, 59.05893634359111, 90.8434601185935, 37.49219254331301, 0.0, 20.035415228163217, 36.48604965968824, 27.287716916675045, 11.8582648292373, 85.66267393513272, 69.56434396919781, 31.763062372984546, 45.524789719102415, 15.136427115396822, 50.49430182427391, 54.94998903039199, 62.002399586410945, 35.287885367042044, 66.38088181253437, 13.931769112390453, 61.06109264254854, 93.55495925004686, 35.87664424506992, 76.81334798853817, 44.3413847415624, 7.531421742921419, 71.96867334851942, 59.277997495977296, 75.12469715915458, 12.180108649816152, 38.074730536063065, 69.27267399777233, 81.68770447767149, 79.26818428921945, 49.649730701645005, 41.61656287522765, 56.571634084022826, 41.43737405706166, 58.528895694646074, 42.312919675046224, 52.13139206263349, 4.1720348152823075, 45.90848987546755, 24.919446571916534, 44.20154469887172], [83.00507506320318, 42.58669254680815, 25.960460611395725, 15.882455093671402, 46.33452731060568, 43.206669874527144, 46.479807286926466, 71.63763542678147, 47.40334688848407, 21.62176316052567, 55.84252052968669, 27.10920339164895, 27.91648248917103, 71.85733285731838, 100.15524172398398, 20.14725078181474, 20.035415228163217, 0.0, 39.76753927384891, 46.78500025259124, 27.870776871607806, 92.18190991146125, 63.18266577902479, 12.2566788106325, 55.37738116732661, 35.15288127884781, 50.422568144145494, 35.12971259960665, 68.0619522381132, 17.758168310103542, 65.47150791077898, 28.66179249936535, 54.422522585753896, 102.54520031919328, 26.744908959425633, 79.91295066700913, 33.0754854122186, 23.92814893683922, 63.40218491670746, 43.368080560405524, 84.37537951686492, 8.232165849764392, 18.13083546562965, 71.14259783268253, 77.98018209179959, 89.37098774248815, 29.668107332856753, 50.23506624239911, 53.77242861394131, 37.48286490727279, 65.03326472248223, 58.21133513104425, 67.0126357429811, 19.48150750394484, 26.71261302474938, 39.015185757142866, 46.990221759876206], [45.153970896436775, 24.12426853533718, 23.6945906509725, 34.70163929070102, 14.461908536612151, 21.34115429167476, 50.44674103902691, 32.84141891361711, 21.517269964923273, 32.80317429790906, 54.25172825256614, 42.49149121885913, 63.4006171460455, 38.03749870772606, 61.15270643483971, 58.77705921873404, 36.48604965968824, 39.76753927384891, 0.0, 40.94468192670199, 27.70806331046311, 52.42221202375988, 37.697115183390004, 42.16758386015087, 19.759065551502363, 40.018836005230625, 14.6477016801804, 58.93296764597221, 28.33755672110299, 56.470275613056735, 30.24789997939619, 25.362556338293764, 30.748542371750105, 63.35279713436282, 22.773045069709035, 40.91854627606927, 28.52071944160992, 30.06115619851644, 42.716224235609005, 47.343601909912216, 45.645231626702625, 39.0860962068581, 51.73164435072596, 32.89696402881857, 46.55856453198969, 51.11154933841914, 56.730115069300915, 14.140140412924755, 22.328660809518354, 14.078164055800864, 25.44603451575998, 34.22721215121592, 38.122903581685115, 40.44210542191236, 61.857140773930354, 21.92064058143205, 7.759050008064151], [79.1553873582614, 63.047334551044, 24.356592437644164, 30.971814762852212, 30.698815776986656, 60.966127861348184, 12.460083341616931, 52.62839121982123, 62.13389170705623, 25.163511321567178, 90.06469807477103, 23.417028341704988, 74.1729643162879, 41.95967095761718, 76.34077226192574, 64.74802174872215, 27.287716916675045, 46.78500025259124, 40.94468192670199, 0.0, 20.27490693868826, 75.6741826006578, 78.64176365475632, 57.59150869612913, 36.61173579590855, 13.083476804390132, 54.892915150582084, 80.61770042716593, 55.50811000831082, 62.564379081522645, 68.9895983434597, 20.881704702786056, 71.48042811678256, 79.35764850255605, 53.50179591804472, 72.62765346043756, 62.10838787647523, 23.201657200424297, 83.41678686850155, 79.99286418205624, 61.97674494043553, 39.375960773356816, 64.90657213340529, 67.73385480846326, 86.19755470571705, 64.41730208019858, 75.78654669976657, 36.131476995659796, 63.131741973767085, 52.670617208642476, 51.97237957877631, 22.1015345171564, 32.17526597757564, 29.658673419328487, 73.13290584745353, 19.033205644263532, 46.544030841241565], [71.81508813521302, 45.79064337544021, 4.751662304166778, 13.335697536202133, 24.902067201495225, 44.30648385762146, 25.055991667196867, 51.60603703400277, 46.486937920456526, 7.925046979765007, 70.73369168705304, 15.238505331650062, 55.77406685100199, 47.220574437031345, 79.09797427761585, 47.27456100165841, 11.8582648292373, 27.870776871607806, 27.70806331046311, 20.27490693868826, 0.0, 74.39281988156256, 63.73688541410273, 37.75842239165254, 33.94131915788014, 13.11829354108993, 42.30873846800786, 60.55736999206886, 51.077538467933785, 44.948150565322564, 57.94152774622048, 2.4388823146373744, 55.715785860921144, 81.83909148198863, 34.17390751370775, 66.58015218422877, 42.91397866856211, 4.492168518186529, 67.29608805303123, 60.15408525047469, 63.428301341122555, 21.665007924228245, 45.685085119083396, 59.60942046416125, 74.15507212584414, 67.47177930842601, 55.93350585625687, 30.399646578644624, 49.40516668551622, 35.98274841862215, 47.53553775840986, 31.0325126420313, 40.57670369899743, 15.910135036137477, 54.58324190362843, 13.061816093545875, 35.05864097314991], [23.024524984684287, 62.10089051416511, 72.14055031922908, 85.16277903403972, 49.49520990737079, 59.044783933691875, 88.10342864263733, 23.236538200839057, 54.8001242598827, 81.6138099077675, 87.67056139923247, 89.30677407431139, 114.77316799629294, 36.15117473467589, 15.460392611702945, 111.02605079248988, 85.66267393513272, 92.18190991146125, 52.42221202375988, 75.6741826006578, 74.39281988156256, 0.0, 54.4376153417402, 93.75033106763142, 40.70284125917223, 82.63288186420276, 44.833985463373985, 106.53583074440745, 24.149480623458587, 108.75381756340937, 36.87625588320503, 72.04268178089673, 56.604146653490346, 15.491228360905684, 71.6381849364893, 18.12034762264523, 73.07734027444448, 78.24494035204135, 62.28996279443471, 87.52532077382848, 15.521514551250608, 90.89183961741367, 103.16973987520504, 26.59321751989044, 44.07896814094757, 17.63678334269032, 105.87265927111005, 44.05350970891413, 47.24613950308957, 58.96317204926375, 27.366319148879615, 54.68217966532999, 46.80408531964392, 89.8342842107868, 113.18718798077816, 62.30864935490031, 45.50150997174096], [33.278409155648966, 20.599663156901823, 59.147807985552824, 66.31629279166465, 49.97385648215398, 20.457930002249665, 87.81094292694083, 49.814711954294154, 17.322367720983912, 66.71687070387739, 33.97101823433775, 77.01122010804661, 75.02387303365447, 64.16993298815952, 69.08770768157821, 75.81735952325245, 69.56434396919781, 63.18266577902479, 37.697115183390004, 78.64176365475632, 63.73688541410273, 54.4376153417402, 0.0, 57.72264720004127, 49.77833022944938, 76.71196593717272, 24.52974776867406, 60.49332823778347, 40.82078195714978, 74.11666106936265, 18.3788721894501, 61.644875671508736, 8.775005336239845, 69.76024090783241, 36.444674682150556, 36.322998151795936, 31.283221291634778, 64.86103598031947, 7.978354073122772, 37.193596173169404, 58.51052823196509, 66.90297662354922, 65.06238478978175, 28.56239501788448, 16.88608124386923, 64.45598537839139, 62.174286449430525, 46.31356142492824, 15.881994671630945, 28.14799046846804, 41.44688501220918, 69.00974551590147, 69.27432130528027, 72.80054598838761, 73.4717188162796, 59.61453456073115, 32.937571328664724], [81.71305846515088, 37.740484166610045, 34.820693628920736, 27.365660855902945, 51.8213996032499, 39.25618679582993, 58.35188496731492, 74.99805376279303, 43.858214793522116, 32.688760511186075, 45.15024802623126, 39.21118731410297, 21.233410334684127, 77.79000371012042, 103.29784666312804, 18.340852877629487, 31.763062372984546, 12.2566788106325, 42.16758386015087, 57.59150869612913, 37.75842239165254, 93.75033106763142, 57.72264720004127, 0.0, 60.22020250931353, 46.678769937464196, 49.74601193076138, 23.20906639076312, 70.08663060005915, 16.462183717651932, 63.361200280425116, 37.99597607114363, 49.23358549895823, 105.44441723367025, 23.069280881521273, 79.71550833538228, 26.447090634621297, 34.392401088862194, 56.53996736003813, 32.49277771066544, 87.8091858039063, 20.44128094357012, 9.569512560348267, 70.50252672118748, 73.66248420385396, 93.2172475071871, 18.199952098653547, 54.692223711313716, 51.12446710842938, 35.65494286392731, 67.45350070731436, 66.40365009412977, 74.34732928029767, 31.637126566533833, 19.695456290446025, 47.13041830525085, 48.34906796569779], [42.74707466048222, 42.02356582783761, 32.24076058495286, 45.61922636392074, 9.29484072482814, 38.81685497099756, 48.67215517077094, 17.678152378434945, 37.26978605626998, 41.461023476720854, 72.62628794529576, 48.65388740556055, 81.27178021207739, 18.28181172114581, 45.4668498582898, 75.34820232327105, 45.524789719102415, 55.37738116732661, 19.759065551502363, 36.61173579590855, 33.94131915788014, 40.70284125917223, 49.77833022944938, 60.22020250931353, 0.0, 42.05265072018974, 25.796689865024938, 78.44677857799121, 18.904624754236522, 72.97023751679541, 35.477662820010195, 31.666846060106224, 45.202279202626165, 48.10379573023166, 42.47960059030448, 36.03678803521876, 48.13060161409866, 38.00849770088867, 56.51396072631385, 66.73840107277219, 29.66623987872408, 52.359555606567724, 69.72813051773592, 31.877451244656378, 52.69235243198298, 34.188100324236835, 75.90865598803767, 5.680688612109834, 34.22324969887087, 33.08222827127592, 15.360685434050009, 19.958620996892602, 19.79274842650418, 49.680070326531705, 79.79046722014058, 21.60606709492184, 18.49013952593012], [82.68058312791378, 58.90572133019871, 17.855789118388866, 19.345043242130792, 34.05025177870064, 57.41592914816912, 12.322259395217326, 59.414387346803004, 59.51441049481823, 14.160024944677469, 83.22376069424989, 10.335466876853717, 61.86639024969393, 51.543898571439215, 85.2926162244784, 52.135848090089965, 15.136427115396822, 35.15288127884781, 40.018836005230625, 13.083476804390132, 13.11829354108993, 82.63288186420276, 76.71196593717272, 46.678769937464196, 42.05265072018974, 0.0, 54.65915720316544, 69.88714644492643, 60.489816453332395, 50.01768998048464, 69.9851517508829, 15.076262196583372, 68.77817608152662, 88.20646649281834, 46.871492571223285, 76.8879086238319, 55.61742830774729, 13.623591303799701, 80.39880141526764, 72.21683237726826, 70.15964286574429, 27.28831202561642, 53.21115662551725, 70.66596759125868, 86.57178803375446, 73.38796594707394, 64.6985346043897, 39.82119680252827, 62.10566977696574, 49.08114534242298, 56.884214262663946, 32.51486355526327, 42.82486733458629, 16.860432469927378, 60.91144484037517, 20.737806136429693, 46.9618111661519], [32.58278709506565, 18.589321193374143, 38.164308170176156, 48.23218577714349, 25.473718993513124, 15.249105509593937, 64.9039100288226, 30.79672549066746, 12.212816822866433, 46.99410421973089, 48.33269092208865, 56.90649075641583, 70.3897728989581, 41.995758290883536, 56.443642361578796, 67.67516307991255, 50.49430182427391, 50.422568144145494, 14.6477016801804, 54.892915150582084, 42.30873846800786, 44.833985463373985, 24.52974776867406, 49.74601193076138, 25.796689865024938, 54.65915720316544, 0.0, 61.81649033226048, 23.08816086762664, 65.52459850764416, 15.890508382215579, 39.984926553117944, 19.411465850671803, 58.085130135546166, 27.014713225187435, 29.972631231181047, 28.450968235261968, 44.44473376132476, 30.81241074993135, 44.74334182104066, 42.41198560311251, 51.4001429428019, 58.9269385450734, 20.849413250894145, 31.913037100271815, 48.426108839818724, 61.03909721904005, 21.87050478208132, 8.653894646983215, 14.239823361591382, 21.83858838564677, 44.54934458791259, 45.56871463626359, 54.29698952559202, 68.79064870012236, 35.9344228455243, 8.47436562111696], [90.47331343278204, 44.86421651183878, 57.21709015612586, 50.571782930309055, 71.0744110932219, 47.67730066247749, 81.52456605817788, 90.8960975151173, 52.17129158948206, 55.86876246668736, 34.8612654390812, 62.238895576797844, 20.036359374480636, 96.63918162950506, 118.08373191210829, 27.967260462719548, 54.94998903039199, 35.12971259960665, 58.93296764597221, 80.61770042716593, 60.55736999206886, 106.53583074440745, 60.49332823778347, 23.20906639076312, 78.44677857799121, 69.88714644492643, 61.81649033226048, 0.0, 84.44536882993096, 28.126252904651523, 71.90547293190396, 60.544509708113004, 53.64346699629081, 119.84132965037105, 36.286036757323714, 90.35504455717225, 33.461998202346024, 57.43191784689437, 56.303792452843155, 24.473363941954013, 103.38296938358873, 43.353236464489505, 18.83094309644695, 80.94409526194659, 77.37864534498476, 109.1891514403515, 6.168789554902895, 72.76651898812082, 59.96280033419401, 48.091445020832936, 82.46673321724926, 87.6640000830071, 94.70236099263207, 54.60699526353842, 19.101075923512063, 68.73813658844881, 63.30218561969094], [24.384167490049066, 41.600677019809716, 48.45372408164637, 61.24917703008355, 26.50872943344757, 38.290714756394976, 67.56705580947671, 9.017818004196053, 34.7760241949214, 57.98829517389833, 70.39540671885334, 66.22484563553236, 91.2440459399269, 24.943086945550018, 33.65707223121481, 87.07304411611923, 62.002399586410945, 68.0619522381132, 28.33755672110299, 55.50811000831082, 51.077538467933785, 24.149480623458587, 40.82078195714978, 70.08663060005915, 18.904624754236522, 60.489816453332395, 23.08816086762664, 84.44536882993096, 0.0, 84.77915850992939, 22.984930355903252, 48.67303099521257, 39.53667948604368, 35.54839680163775, 48.64000680814493, 17.272877147544666, 51.34759142085017, 54.70127949050845, 48.61408531239119, 67.75386042950166, 19.34029574757937, 66.77769430426747, 79.58864826746525, 15.331630185068123, 38.228228069047184, 25.38219830009203, 83.19835207862464, 20.78566412556238, 28.391783980855205, 36.356049339833156, 3.6061990206446235, 37.23820255873149, 32.93771623618883, 66.16162263884893, 89.67341412676066, 39.773520837030404, 21.754221657426047], [97.80040050416346, 54.20257096532063, 43.52258461149128, 31.973112963838105, 64.00866713751694, 55.67935658699646, 59.9623981597701, 88.88986751454823, 60.256225707457126, 37.895053145972454, 58.443355700132365, 40.456518132077896, 12.282406363810889, 89.60851052325879, 117.39435322747399, 2.3894666011760397, 35.287885367042044, 17.758168310103542, 56.470275613056735, 62.564379081522645, 44.948150565322564, 108.75381756340937, 74.11666106936265, 16.462183717651932, 72.97023751679541, 50.01768998048464, 65.52459850764416, 28.126252904651523, 84.77915850992939, 0.0, 79.59507260001696, 46.01155593235836, 65.67243348258457, 119.70282594241823, 39.325218744615206, 95.45519221462663, 42.83512825831033, 40.71171465530735, 72.63146861617108, 45.96799440232602, 101.68187733814362, 23.426227261351308, 10.527226340197778, 86.36678664212808, 90.12256129647442, 106.80737209511258, 21.98543756912448, 67.72422057430599, 67.42030794202633, 51.662752655819396, 81.91076713729633, 75.71678932436866, 84.69089578424689, 33.18180131671583, 11.737043389952579, 56.64003128668037, 63.26711579709538], [18.662754903885865, 27.13384127612751, 53.92266385484536, 64.10535000132661, 38.44702795817836, 24.667218831247094, 79.68564534226925, 31.98929361001584, 19.9933002086321, 62.85722154937104, 50.80586982651674, 72.70422608646976, 83.1481708793523, 47.35433626938053, 51.04439092813792, 81.62798720597957, 66.38088181253437, 65.47150791077898, 30.24789997939619, 68.9895983434597, 57.94152774622048, 36.87625588320503, 18.3788721894501, 63.361200280425116, 35.477662820010195, 69.9851517508829, 15.890508382215579, 71.90547293190396, 22.984930355903252, 79.59507260001696, 0.0, 55.57676103780334, 19.782937591360422, 51.91510891922897, 40.299350073161484, 19.109137524061122, 38.99168760896321, 60.25068430774153, 26.349045344604754, 51.14912494534156, 40.13781273912654, 67.01451375443773, 72.06874045626421, 10.385178906785352, 17.35327821698754, 46.077124224155774, 72.221034110368, 33.52930047170561, 12.309854582441453, 28.089465683608125, 24.21767998713019, 55.423658934126514, 53.812905630691425, 70.18717195753258, 81.54538932850781, 50.43172132961839, 23.02365387013298], [69.3791307059688, 43.98219153186508, 3.4769729907951508, 14.890700692424941, 22.569432079435657, 42.39140806707969, 26.709512420535162, 49.313153739643106, 44.43815133028613, 9.900079518523619, 69.5100967729173, 17.675759900104254, 56.567982439458135, 45.336206818368225, 76.91851240165998, 48.36099659194842, 13.931769112390453, 28.66179249936535, 25.362556338293764, 20.881704702786056, 2.4388823146373744, 72.04268178089673, 61.644875671508736, 37.99597607114363, 31.666846060106224, 15.076262196583372, 39.984926553117944, 60.544509708113004, 48.67303099521257, 46.01155593235836, 55.57676103780334, 0.0, 53.705911981301576, 79.63980979264925, 32.900424726311854, 64.14267667958894, 41.60510480709154, 6.406732160303876, 65.35466002541177, 59.17065022611038, 61.21598141082951, 22.9540450194135, 46.21876759632517, 57.17629801002267, 71.85736333112334, 65.33668883272041, 56.09557947809711, 28.023283086174047, 47.17632004545036, 34.03933102640159, 45.13716480371728, 29.731003675018798, 39.03697735769481, 18.052146452922766, 55.33343225858755, 11.168344281746075, 32.66472080641237], [37.472730901119455, 11.835968588886878, 51.060259416502795, 57.717523284324635, 44.02022166765968, 11.802614595231034, 80.13705489161121, 48.23207896660024, 9.35975779331068, 58.323071455902344, 31.27621956358287, 68.62580135300166, 67.12023515150177, 61.06987413892822, 70.43362678457326, 67.43112311188408, 61.06109264254854, 54.422522585753896, 30.748542371750105, 71.48042811678256, 55.715785860921144, 56.604146653490346, 8.775005336239845, 49.23358549895823, 45.202279202626165, 68.77817608152662, 19.411465850671803, 53.64346699629081, 39.53667948604368, 65.67243348258457, 19.782937591360422, 53.705911981301576, 0.0, 71.47277769665774, 27.679543744772232, 38.883606187271376, 22.887067346957604, 56.602125077940975, 11.968131014897656, 31.611632501669295, 58.34371939233598, 58.1455366021737, 56.85244393533861, 30.01592907013292, 24.57096391795907, 64.40805285067712, 54.79124308981768, 41.06473281561888, 11.424238062516617, 19.807389700234015, 39.39349051459016, 63.58979482858117, 64.97992192591346, 64.21714045058816, 65.54841988997826, 52.55087171684798, 27.22899379616353], [38.41948308631696, 76.07325069345893, 80.34364799511877, 93.71838419789592, 57.38608903521966, 72.89137504588861, 91.7421295056425, 30.935013250338205, 68.88022859691094, 89.49844009702713, 102.68618344000362, 96.05238419005609, 126.65222960959557, 37.460830957974046, 3.0988186010004, 122.03486948104965, 93.55495925004686, 102.54520031919328, 63.35279713436282, 79.35764850255605, 81.83909148198863, 15.491228360905684, 69.76024090783241, 105.44441723367025, 48.10379573023166, 88.20646649281834, 58.085130135546166, 119.84132965037105, 35.54839680163775, 119.70282594241823, 51.91510891922897, 79.63980979264925, 71.47277769665774, 0.0, 84.18487740651561, 33.5216661480342, 86.53601792378674, 86.02474214563492, 77.65435778003692, 101.89838061620748, 18.43924098906862, 100.2595961527363, 114.98305896417733, 41.53747475197328, 59.50610021718089, 14.94036118544512, 118.7284617437375, 52.621209937079556, 61.578182693492906, 71.81050149160313, 37.99541174894853, 57.34060569085921, 47.847146361194916, 97.69095311677127, 125.0917538425444, 69.02857886270593, 57.24216852263034], [58.65541287737232, 15.845205733150875, 29.54122941806972, 31.904519062543706, 35.88085512077477, 16.619626467137607, 59.108353172642296, 54.68965397304082, 21.048984185422743, 34.04783698232903, 36.611479804340874, 44.002540023938785, 43.38703649004794, 60.75686373108463, 82.26971845595286, 41.333727699236086, 35.87664424506992, 26.744908959425633, 22.773045069709035, 53.50179591804472, 34.17390751370775, 71.6381849364893, 36.444674682150556, 23.069280881521273, 42.47960059030448, 46.871492571223285, 27.014713225187435, 36.286036757323714, 48.64000680814493, 39.325218744615206, 40.299350073161484, 32.900424726311854, 27.679543744772232, 84.18487740651561, 0.0, 56.87515642060919, 8.749393835984858, 33.38449485812807, 37.12881031206823, 26.81361