instance_id,num_cities,city_coordinates,distance_matrix,best_route,total_distance
1082,70,"[[54.46119641335112, 72.9499358527748], [63.82570592722443, 58.237756799957516], [61.23966165789207, 23.1645934634074], [39.11924640244362, 50.096936621770894], [96.81954839644949, 29.229211111401888], [2.946977989690114, 98.74732023585403], [99.48392525713197, 18.538585791578633], [61.65523276377884, 93.55424252431894], [89.39543965400779, 89.40832710957822], [38.91569289438051, 8.17675793390732], [20.67401834569058, 9.491861713210525], [71.86651856123439, 68.93552035134194], [61.61673100296148, 16.365164333538996], [51.017796300517624, 45.803989156886416], [42.25258593989763, 46.054573174472935], [62.946313948271126, 45.83126407876704], [39.55346881777761, 52.01564957878115], [68.64555005384743, 51.72315711454964], [34.82499911495989, 1.110859893538929], [69.97073396505013, 44.14490212807956], [79.09273631995953, 59.000726643344905], [83.99420563699749, 28.64059436304699], [59.04562524051412, 81.21925895041264], [56.33396186377506, 97.44690994961206], [6.3626395582188415, 30.401807474236463], [11.448221225659728, 27.478474360362213], [98.93233856298977, 6.503278996189843], [26.83136729621427, 26.21816849822507], [13.850538360149667, 38.11086633097478], [35.75338828909692, 35.56658431124683], [40.752935083865914, 66.63410151988951], [1.9301582519260396, 7.4946562988941645], [72.73895933726169, 71.68233544914794], [1.9903862360085234, 70.24221370425846], [40.09475440433498, 26.03469980296298], [78.68985803622876, 52.389239996765994], [95.15043355306102, 10.268020868928573], [49.73165486233398, 95.27173820262465], [34.87582667528826, 71.24462183112765], [42.09610382223923, 30.550728802212525], [50.22707773816899, 72.38863615673962], [0.8828175969713858, 77.87748480740017], [89.08987513143613, 62.080752867128396], [28.753106795682005, 45.95931241251582], [84.85963432571018, 5.102219645114559], [55.87068407885013, 25.010986055039687], [57.369965392094954, 54.84486688647371], [11.399698984589968, 87.84065123307188], [53.424166197973264, 37.09163830483663], [90.66590818991519, 77.82259793797648], [92.43818490782527, 8.170359451705533], [71.5234337740449, 66.38797760943123], [60.50809914855999, 20.567870926959408], [34.8008858253662, 54.02226927357483], [21.858343996085562, 52.09834374078303], [34.638009709303276, 90.41867158341225], [38.31361414643237, 54.63245258540592], [22.639778170034962, 66.67461476953778], [87.1414234733963, 28.133112574107464], [99.03379072902318, 35.80171799523838], [88.92579235715321, 35.08997778211553], [70.16054881216145, 91.20463515051782], [39.72138855965765, 37.40547613635131], [68.08247721196847, 20.618486612623133], [51.934621294624904, 74.535152649562], [8.138154741498472, 99.39578602248747], [34.12181664387462, 22.448266519004022], [70.14390817379254, 72.37434452820548], [44.21763461047, 13.146852644139695], [36.74565075062402, 25.77952621668239]]","[[0.0, 17.439674621895318, 50.244680394027704, 27.525170371669812, 60.8747218033475, 57.612669967716265, 70.62323362762886, 21.824106222851686, 38.61709457687605, 66.61251577119415, 71.89228453233515, 17.862272276777674, 57.03541043200469, 27.36346882895287, 29.536599386014483, 28.415129392064575, 25.699896573047578, 25.52982616079139, 74.47437867493899, 32.715068744362924, 28.307122703293008, 53.24956691896467, 9.455088162701063, 24.568455188176106, 64.21693234702956, 62.592090912134545, 79.95524180133606, 54.288723848714135, 53.50688098421427, 41.80307473489687, 15.093249881914497, 83.92796668449535, 18.321665543447597, 52.54062884949404, 49.06560943887263, 31.776882448081675, 74.73042543070174, 22.817349176198356, 19.6594710938279, 44.16546471286382, 4.271161236045213, 53.80449251960024, 36.29441456389425, 37.27465124563829, 74.34633563335015, 47.9596660037261, 18.337242411175712, 45.56342793671499, 35.873289989964334, 36.53113727521549, 75.090912724586, 18.280570005884375, 52.729932283110465, 27.290737889426797, 38.70057983217921, 26.421874633159334, 24.418734740302323, 32.434276833525566, 55.46661058229002, 58.0233250858693, 51.19750773896731, 24.07703703101881, 38.4794822222994, 54.07513171661584, 2.982699133902485, 53.340483508598695, 54.44363116935271, 15.693270963505572, 60.67404156365701, 50.387380397922335], [17.439674621895318, 0.0, 35.16837231654701, 26.013113912471205, 43.93278233675917, 73.12485381222479, 53.36227866697881, 35.38311910604069, 40.31644498570788, 55.916118935090026, 65.10169298061646, 13.382705736008061, 41.93081885767069, 17.850521751695965, 24.77558211707396, 12.437620025294214, 25.057057141033592, 8.103758786270637, 64.06655403381319, 15.374326729594904, 15.286083212995267, 35.81564469418334, 23.473359633057093, 39.91846590019829, 63.85016892219512, 60.74153735181091, 62.521451108008634, 48.92683441382952, 53.87586744830777, 36.08375090797515, 24.553031565288734, 80.03699813515092, 16.130802255492682, 62.98979081471927, 40.00243667745014, 15.973358028818838, 57.291658434064374, 39.62521992308477, 31.737580982815324, 35.19583962613895, 19.62575030908055, 65.93577259394958, 25.554781633802502, 37.159755198566224, 57.14727861067683, 34.16578210349413, 7.293030085083566, 60.206457816145196, 23.565872700769734, 33.22593053480353, 57.666439378923634, 11.21075881673019, 37.81569537140025, 29.329345663180447, 42.41405262610927, 43.44574647545631, 25.76557869544213, 42.04118477896764, 38.07771380555657, 41.749072716139636, 34.14431156501388, 33.57000599579152, 31.859096556613824, 37.85933955047666, 20.174315483266092, 69.24656472739625, 46.51030695585624, 15.484275644245981, 49.16976813400768, 42.27133923789001], [50.244680394027704, 35.16837231654701, 0.0, 34.85202833513891, 36.093045417987945, 95.45043507286586, 38.52302746706137, 70.39087578843107, 71.9790252917569, 26.88856253527854, 42.80788491441266, 46.98837979569803, 6.809876488093898, 24.84006378313486, 29.739875848662283, 22.73082969945146, 36.092580939454535, 29.503198822325846, 34.41077682395049, 22.72454565657452, 40.03699184728509, 23.40418461621546, 58.0961098577939, 74.44412960755652, 55.35218894647766, 49.97796623222731, 41.21088802789377, 34.54352387022972, 49.69024129102627, 28.34359728790349, 48.05521924194575, 61.344634035929246, 49.86186051997705, 75.67548457433227, 21.33880533586378, 34.03805691637322, 36.2803257318735, 73.01968599527827, 54.83375714676816, 20.51903511011498, 50.440889996747046, 81.46440390878617, 47.855008653826374, 39.6859604745082, 29.734701222313046, 5.677595075970955, 31.915737079844572, 81.65178704658658, 15.970114191801885, 62.07577174796473, 34.614663172914156, 44.429910037852956, 2.6978049663304313, 40.63502213519695, 48.86767935858677, 72.3239857181943, 38.933659116754654, 58.16418966456994, 26.373991872685956, 39.8508859208716, 30.145258735752464, 68.6223688049526, 25.803852744013895, 7.301149553510078, 52.20649506776186, 92.90298572043497, 27.127304372081454, 50.008851275302476, 19.751064171967823, 24.633197998423114], [27.525170371669812, 26.013113912471205, 34.85202833513891, 0.0, 61.35785865050689, 60.624193420793105, 68.11625327593376, 48.95312163270003, 63.820694370662366, 41.92067288645372, 44.59818994528173, 37.77930744174609, 40.545890976221834, 12.649303839074104, 5.114539949694706, 24.205889987306048, 1.9672337221025695, 29.57105342063477, 49.17393896150979, 31.42039145904703, 40.95311188339693, 49.74069349563165, 36.95483081717702, 50.38220323250933, 38.22163528795143, 35.73906083551968, 74.01359995961802, 26.85493511493513, 27.967364679972913, 14.915097690163947, 16.617664143175293, 56.55070791931731, 39.952653733594516, 42.24197493002534, 24.082002752805863, 39.63695194934728, 68.74471953215406, 46.40458933326594, 21.569218824400146, 19.771593770436336, 24.905898601340354, 47.26291723211779, 51.38750419482645, 11.161397065058011, 64.16157450671169, 30.164806978713013, 18.858196770574345, 46.82906471103147, 19.33309376869075, 58.530083178250486, 67.8288071289634, 36.268848557342885, 36.46160641830722, 5.83579253409291, 17.37654690489022, 40.569986352188955, 4.6065115204798905, 23.375035529254585, 52.806619447098214, 61.5963139923326, 52.01827403474387, 51.5112156100193, 12.70573667405637, 41.32611467181052, 27.594568962898048, 58.22546343944734, 28.096677074762162, 38.19440457784718, 37.30016445370905, 24.432977819493136], [60.8747218033475, 43.93278233675917, 36.093045417987945, 61.35785865050689, 0.0, 116.81107383724898, 11.017639211037286, 73.30919969681057, 60.635331226452145, 61.6121925173507, 78.66196481131979, 46.89610529047037, 37.479621822295734, 48.70855943583504, 57.10206826629112, 37.72299265318773, 61.632991557593904, 36.0520705286322, 68.07323861714042, 30.71378639758891, 34.649430059727024, 12.838842882980993, 64.26378719693648, 79.32677449433709, 90.4645087246822, 85.38927673937441, 22.82393201867407, 70.05292193290505, 83.44303701234146, 61.394121944457616, 67.39874594392498, 97.3467371558877, 48.80719757857033, 103.31813189238794, 56.81467377313342, 29.41211672981699, 19.034512858796386, 81.11032672893809, 74.84864326503124, 54.73939892868562, 63.51058409656501, 107.56630908463993, 33.74865396593032, 70.09234453017123, 26.928632750174486, 41.16555491581868, 47.036490302789694, 103.59465037674903, 44.10189290182327, 48.98147130363265, 21.509801934107745, 44.95183358490396, 37.33015082038503, 66.79079457633947, 78.37205747186535, 87.23929061126518, 63.7829837797973, 83.0951055475856, 9.739996613432794, 6.9354679615321855, 9.831580258354927, 67.46595766505726, 57.680596100474204, 29.999397271541945, 63.77526965521423, 113.08288029289567, 63.06335525868415, 50.72565740177662, 55.0054868882836, 60.17286352031097], [57.612669967716265, 73.12485381222479, 95.45043507286586, 60.624193420793105, 116.81107383724898, 0.0, 125.51025164849739, 58.937485819615304, 86.95144229246361, 97.45139920794215, 90.99881777182935, 75.09092145490646, 101.13831880030241, 71.51083749201773, 65.73778524722371, 80.0001832166068, 59.36231307107213, 80.79340498164635, 102.70874655568345, 86.45003139537212, 85.89510005756954, 107.16158883629609, 58.77321801465846, 53.40281934583951, 68.43081074047825, 71.77408675129017, 133.12457544950598, 76.36060439994966, 61.60898612143202, 71.19035010946341, 49.60392331364562, 91.25832892383491, 74.85608901034311, 28.521152959879167, 81.65220427379857, 88.80346547966508, 127.7891373876846, 46.91359782139295, 42.1408329050241, 78.63478324901641, 54.1312115013942, 20.971666336693826, 93.62177038797509, 58.75823392434681, 124.4149835537209, 90.76323950056279, 69.92343647087743, 13.798692726264681, 79.68293194777176, 90.18012374528686, 127.32973706309794, 75.82781378331958, 97.0840304236908, 54.90903047752909, 50.33653516349269, 32.767176866940304, 56.541316759162434, 37.635951095622154, 109.88662782161005, 114.86872691832819, 106.97950162674725, 67.63546555620006, 71.5204803556033, 101.71896530274931, 54.64447141109715, 5.231522144170825, 82.42218247050486, 72.18698825857301, 95.03003288345458, 80.4154788857528], [70.62323362762886, 53.36227866697881, 38.52302746706137, 68.11625327593376, 11.017639211037286, 125.51025164849739, 0.0, 84.01403889113412, 71.58420060491437, 61.44817530326077, 79.32745201971498, 57.46800993272408, 37.92951570370165, 55.60906290086274, 63.50240752680179, 45.605781741412585, 68.64672904692384, 45.30144764869998, 66.96642710967987, 39.07316082131019, 45.30988223974585, 18.492755097291457, 74.59304857611444, 89.93577131640848, 93.87390414226142, 88.48845569869127, 12.04793997081187, 73.05730742925536, 87.8416251953542, 65.96615856497864, 75.911183892128, 98.17691090855013, 59.494128531489736, 110.35513259561681, 59.860382055700114, 39.72732084732886, 9.337097755138979, 91.4508889425024, 83.37944973051498, 58.631507133546, 72.97989416158909, 115.07946544983793, 44.76557373306599, 75.86003512157615, 19.859653080270856, 44.09089215751287, 55.60334218781713, 112.07857597457861, 49.65598818015267, 59.93622878670274, 12.535652137192018, 55.41979232471161, 39.02861794896558, 73.77660458154641, 84.56942839894631, 96.80774502423601, 71.02516583233246, 90.67579736241818, 15.633051348415039, 17.26899981395651, 19.632186509862393, 78.3595248554331, 62.66993173602985, 31.470254634471654, 73.46122655659576, 121.99154323261946, 65.47893436641783, 61.31170786398748, 55.52867428792541, 63.154748881567464], [21.824106222851686, 35.38311910604069, 70.39087578843107, 48.95312163270003, 73.30919969681057, 58.937485819615304, 84.01403889113412, 0.0, 28.048309983649464, 88.35384286185818, 93.51975087014044, 26.652426513688145, 77.18908779308073, 48.920770140748196, 51.309660806878924, 47.74043948624228, 47.05255225192191, 42.41113347194632, 96.2581966892743, 50.10419621768018, 38.70415985405882, 68.64991934908448, 12.60800821676517, 6.59308605094498, 83.93748218853378, 82.98645158124175, 94.69663599062653, 75.80797102779252, 73.20694482589104, 63.5096374751634, 34.0822540334124, 104.75369638699004, 24.519977851960732, 64.05735397977125, 70.87836677286703, 44.55037476010981, 89.7692775594476, 12.046638592438264, 34.85478110570135, 65.96970718658241, 24.053806771417406, 62.76182898642917, 41.7521275271397, 57.860411902854054, 91.44509064608475, 68.786910171207, 38.94585059693297, 50.579282328583986, 57.05940879519016, 33.001574660485964, 90.76341570952677, 28.903068013705308, 72.99538584375736, 47.79051013105197, 57.466371901651534, 27.19856883552413, 45.384324295141, 47.378477026938, 70.2101855919029, 68.79324592605863, 64.51165532198218, 8.82389119911932, 60.28082189603277, 73.2183990647655, 21.359215037035636, 53.834944696580116, 76.25056607593298, 22.817661785168564, 82.27647401717839, 72.20733651541718], [38.61709457687605, 40.31644498570788, 71.9790252917569, 63.820694370662366, 60.635331226452145, 86.95144229246361, 71.58420060491437, 28.048309983649464, 0.0, 95.63876130344802, 105.40054643161993, 26.951788275303027, 78.14704269930294, 58.08770780173932, 64.04683158889007, 50.97564784276067, 62.309183831613424, 43.02011106416446, 103.799690256731, 49.25542439324202, 32.10557369217192, 61.00730015383695, 31.43520434558948, 34.02469878999869, 101.86370919627471, 99.5543847465102, 83.45177915109649, 88.92277152292989, 91.31517723703504, 76.00265088927758, 53.709948818317685, 119.8333213944538, 24.323838448891944, 89.48174822872474, 80.29180658127625, 38.53598692703885, 79.34927867751509, 40.09483026084877, 57.465714898466, 75.50790719280758, 42.70632804749511, 89.26054328542632, 27.329282530905594, 74.60100141851665, 84.4280361360248, 72.60114855337083, 47.11967512934029, 78.01149383408098, 63.48990818658497, 11.655179566975116, 81.29493027158088, 29.14352561517473, 74.65578911851878, 65.05949889848078, 77.15759294383872, 54.76675022406414, 61.79574699044715, 70.52049359528392, 61.31665764953619, 54.46619458143624, 54.32037962168259, 19.318585566124874, 71.91528253068158, 72.01586300012173, 40.30538711726705, 81.86877113338006, 86.82639641813826, 25.70560302572629, 88.63885466427598, 82.58707268476498], [66.61251577119415, 55.916118935090026, 26.88856253527854, 41.92067288645372, 61.6121925173507, 97.45139920794215, 61.44817530326077, 88.35384286185818, 95.63876130344802, 0.0, 18.289018242941847, 69.11862355852915, 24.132698369075396, 39.52555421952194, 38.024515021176086, 44.66914574120452, 43.843530637705875, 52.72715892518914, 8.16459985019918, 47.519711411936655, 64.7863458901546, 49.50596845315588, 75.76556692196064, 90.95359330338304, 39.41641927645218, 33.571092577979314, 60.03997242726198, 21.714590033265008, 39.042448915920446, 27.57177468712163, 58.48620758770737, 36.991823899730704, 71.95117600435984, 72.21910461779642, 17.89682300976425, 59.470394171298516, 56.27361226731805, 87.76400527152619, 63.1971199947155, 22.59888462039251, 65.20055775825949, 79.40208391523186, 73.64162703877469, 39.12543391634755, 46.04669955528521, 23.892738698185404, 50.184385685474986, 84.28206105942299, 32.35067394145317, 86.76766571140767, 53.52249239590616, 66.72189192002456, 24.895214179679463, 46.0298006427444, 47.117500477305775, 82.35308697410508, 46.45959604185131, 60.719886812115234, 52.19173479014906, 66.16134903133252, 56.79200164525289, 88.71228447300541, 29.239820677680758, 31.709587192889696, 67.62343562648466, 96.27132459968172, 15.055138883439547, 71.38999617642317, 7.267215931117623, 17.736023627711806], [71.89228453233515, 65.10169298061646, 42.80788491441266, 44.59818994528173, 78.66196481131979, 90.99881777182935, 79.32745201971498, 93.51975087014044, 105.40054643161993, 18.289018242941847, 0.0, 78.44884084934046, 41.51563571290298, 47.321405939147745, 42.45546429868942, 55.744947213157936, 46.52640309076169, 63.91205023860418, 16.446624219990202, 60.25777444322478, 76.57593823406582, 66.15224924899454, 81.34617219091663, 94.90902002434066, 25.338535761317043, 20.214686913693388, 78.31536445608751, 17.82364398109822, 29.421205013131075, 30.121064995359166, 60.56730526862316, 18.849963413269357, 81.1074170711662, 63.55850356833588, 25.511379443755985, 72.1527734643699, 74.48045948552978, 90.56783894116337, 63.36477524628053, 30.039667595311503, 69.4937950816872, 71.1918890959965, 86.29206761068058, 37.351661685781096, 64.33554426769501, 38.46619943624431, 58.33941727407423, 78.89579088163843, 42.82896043863367, 97.81591975228068, 71.7763329418895, 76.30747704833084, 41.34527752370976, 46.71750830556427, 42.622939105744955, 82.12272286383853, 48.46471174271522, 57.21653134180637, 69.03196490083019, 82.65871076631097, 72.89422612243646, 95.5295453795613, 33.7930789102102, 48.69665033375284, 72.1654695305295, 90.7736937802528, 18.673824047586777, 80.0092284963596, 23.825633790696116, 22.881988181470685], [17.862272276777674, 13.382705736008061, 46.98837979569803, 37.77930744174609, 46.89610529047037, 75.09092145490646, 57.46800993272408, 26.652426513688145, 26.951788275303027, 69.11862355852915, 78.44884084934046, 0.0, 53.56025090333573, 31.140599790379365, 37.42355874328019, 24.76644318924192, 36.474857240067, 17.511141776619176, 77.28039032707456, 24.862999640563853, 12.2848829508861, 42.08042126939557, 17.75571850169936, 32.46782490996486, 75.99740253809274, 73.2738515108092, 68.04662646300245, 62.072030728873614, 65.69637169713401, 49.16954413557573, 31.198583388367815, 93.09175188395999, 2.8820385301397593, 69.88834893064102, 53.384692575361456, 17.89797069958609, 63.11906362475271, 34.40274061290933, 37.06269331612247, 48.57643272207107, 21.91322449801573, 71.54470302487333, 18.537309643174837, 48.853581294663, 65.14223926394239, 46.74645905236957, 20.216245171957365, 63.35329702051668, 36.79882042243238, 20.794162604967127, 64.15292850240088, 2.5705410311961097, 49.68342985738998, 39.953300086711046, 52.76654280463662, 42.98241103286689, 36.474307974049324, 49.27863293144787, 43.567868900088655, 42.84751492924701, 37.90170938426708, 22.33436380834758, 45.027248095098294, 48.464984455186254, 20.70353618399388, 70.63378893912879, 59.88094264206734, 3.8461536976964155, 62.2642451834716, 55.64094881938244], [57.03541043200469, 41.93081885767069, 6.809876488093898, 40.545890976221834, 37.479621822295734, 101.13831880030241, 37.92951570370165, 77.18908779308073, 78.14704269930294, 24.132698369075396, 41.51563571290298, 53.56025090333573, 0.0, 31.288685236142552, 35.44617202671547, 29.496081519486392, 41.92546525052993, 36.04985368558517, 30.830029216767976, 29.00867452028809, 46.078215409378494, 25.52327473907437, 64.90503966115489, 81.25365912946643, 57.00913937293977, 51.384677025622246, 38.59677901044416, 36.153882492479376, 52.483185068662635, 32.211908131855964, 54.42668487055704, 60.34213187779618, 56.424226918530934, 80.36191535274953, 23.594393251496747, 39.8650936796088, 34.08349109387995, 79.79663172481645, 61.04777489386006, 24.130584842138518, 57.16951632309961, 86.44289333244984, 53.33562302323271, 44.22478260611004, 25.828017305344027, 10.381102470068516, 38.71333784002574, 87.35270764126001, 22.28687598939811, 67.97698758023095, 31.892269405938567, 50.994358588273, 4.346470671587822, 46.22928839008482, 53.45642569363209, 78.81480405766366, 44.80424762654233, 63.64152461492729, 28.106841364745534, 42.16415511768009, 33.11198379334891, 75.32558141111309, 30.366111727863768, 7.739290952602939, 58.97025342569351, 98.76255493356982, 28.15980198460796, 56.65457630749137, 17.694238763092756, 26.593248063841195], [27.36346882895287, 17.850521751695965, 24.84006378313486, 12.649303839074104, 48.70855943583504, 71.51083749201773, 55.60906290086274, 48.920770140748196, 58.08770780173932, 39.52555421952194, 47.321405939147745, 31.140599790379365, 31.288685236142552, 0.0, 8.768791536796272, 11.928548830185939, 13.039000338539813, 18.595006095698388, 47.536117679538094, 19.02541499901671, 31.02186547230452, 37.17560616286264, 36.31373530825624, 51.91582498910808, 47.23674654614383, 43.60706094387058, 61.97055090409725, 31.12214193871386, 37.9550945410548, 18.37951604130668, 23.22199295608486, 62.267175889179214, 33.78605822659729, 54.78059653436886, 22.586226905459707, 28.44483308668101, 56.66122759901454, 49.484465799391515, 30.129536575385586, 17.67083891965618, 26.596403740950517, 59.51659611275294, 41.405509577672426, 22.26523128243847, 52.9330146724402, 21.351803150612284, 11.049322254751097, 57.7639558326966, 9.038565895793056, 50.962379111170684, 55.96372644103548, 29.05480595031095, 26.96159326639313, 18.180437657972703, 29.831066999392906, 47.52649047419216, 15.470553018973968, 35.22633853351015, 40.21413084139634, 49.04672414493564, 39.392971514835224, 49.27132665517628, 14.076357796101194, 30.422243063533745, 28.74578792993286, 68.6348625081584, 28.826444603790222, 32.73823361067624, 33.35761928290096, 24.590104811508066], [29.536599386014483, 24.77558211707396, 29.739875848662283, 5.114539949694706, 57.10206826629112, 65.73778524722371, 63.50240752680179, 51.309660806878924, 64.04683158889007, 38.024515021176086, 42.45546429868942, 37.42355874328019, 35.44617202671547, 8.768791536796272, 0.0, 20.69493285412559, 6.543673672863095, 26.99484022190051, 45.55333587697824, 27.783854546295384, 39.04868204773576, 45.228414442495186, 38.96872200461065, 53.286559535391966, 39.15478674882903, 35.97193812681478, 69.11511577500258, 25.12562307558074, 29.492012225985977, 12.338455353054867, 20.634096530010734, 55.79216221032523, 39.82714102381393, 46.968997002213825, 20.135827937960784, 36.983818104294365, 63.86595030235531, 49.78218361376762, 26.24795475027782, 15.504634048323025, 27.515003045514746, 52.19344247646899, 49.50323317070403, 13.499815249768465, 59.09700357670026, 25.065617003682924, 17.487264653025594, 51.94205380032944, 14.322653627731409, 57.9055884061169, 62.879312918971834, 35.64028435416005, 31.35021138628984, 10.909262840565866, 21.270925394089925, 45.01283149069368, 9.439042005321458, 28.457834492451983, 48.334113058576875, 57.699447628473635, 47.94382702064837, 53.07902116769252, 9.011872155805252, 36.25159007145641, 30.081310075311766, 63.31729150940919, 24.9673211069427, 38.34913584512331, 32.966338692372766, 21.009613616615404], [28.415129392064575, 12.437620025294214, 22.73082969945146, 24.205889987306048, 37.72299265318773, 80.0001832166068, 45.605781741412585, 47.74043948624228, 50.97564784276067, 44.66914574120452, 55.744947213157936, 24.76644318924192, 29.496081519486392, 11.928548830185939, 20.69493285412559, 0.0, 24.196525108205908, 8.197298075110362, 52.82729312054876, 7.224008111903809, 20.836067278754346, 27.175961249150525, 35.60232511270068, 52.03746822006063, 58.649640566593, 54.67063603539533, 53.30745143248316, 41.09699368484741, 49.69909176215697, 29.065767779900703, 30.418811795019128, 72.0601606439261, 27.643693579387058, 65.66216250536425, 30.23404919484158, 17.05480074907121, 47.97759463668155, 51.17604611875926, 37.86543289059508, 25.850068097351503, 29.446102992692445, 69.84867817171684, 30.782002488807862, 34.19344691246625, 46.24985049103103, 21.989736584014526, 10.599089526703018, 66.49693318713481, 12.924873556319666, 42.32991078437075, 47.83423658869886, 22.274322788526565, 25.380778651419096, 29.31309759003602, 41.563175555794075, 52.81474223047251, 26.15780607499221, 45.376889431302864, 29.97712280414328, 37.45527699861455, 28.11242660647074, 45.94331275698522, 24.706093615892037, 25.730610576289248, 30.743626887258753, 76.63610328490252, 37.11625277059964, 27.501645084987558, 37.67007008974337, 32.9931347902302], [25.699896573047578, 25.057057141033592, 36.092580939454535, 1.9672337221025695, 61.632991557593904, 59.36231307107213, 68.64672904692384, 47.05255225192191, 62.309183831613424, 43.843530637705875, 46.52640309076169, 36.474857240067, 41.92546525052993, 13.039000338539813, 6.543673672863095, 24.196525108205908, 0.0, 29.09355156194784, 51.12392823941846, 31.419081534510283, 40.151525203994346, 50.21326812082426, 35.11118001918008, 48.4312333700991, 39.60794513045799, 37.30922017294975, 74.81461119504662, 28.76389920067537, 29.222998327997335, 16.88230908969689, 14.667578412198063, 58.28921290052097, 38.5753200134808, 41.75156060394558, 25.986587720202916, 39.13817229839059, 69.52616047698919, 44.4374242524407, 19.789737489282263, 21.61499055540578, 22.999663247342, 46.521541109828696, 50.548608830283015, 12.3825296155435, 65.21900444788484, 31.551598468329153, 18.0397344979578, 45.563861769499304, 20.374551732928744, 57.25801290810408, 68.69645305437814, 35.05199669527499, 37.789672060415135, 5.158833947637013, 17.695318046864582, 38.71632520443106, 2.8956687623996396, 22.38209533960911, 53.24461477074304, 61.65063075152764, 52.192956396866656, 49.72494279458143, 14.61113839020065, 42.42270809695318, 25.698656681037814, 56.84891633035313, 30.06215205772635, 36.74576764795835, 39.147641278729864, 26.38594344285416], [25.52982616079139, 8.103758786270637, 29.503198822325846, 29.57105342063477, 36.0520705286322, 80.79340498164635, 45.30144764869998, 42.41113347194632, 43.02011106416446, 52.72715892518914, 63.91205023860418, 17.511141776619176, 36.04985368558517, 18.595006095698388, 26.99484022190051, 8.197298075110362, 29.09355156194784, 0.0, 60.872278549417025, 7.693247756212535, 12.732113694327841, 27.71977509625973, 31.01900352901835, 47.35226263953823, 65.8313063085563, 62.123578993253645, 54.425425448376906, 48.97887630405165, 56.46049740206928, 36.64599773927488, 31.62806084670341, 80.04438635959625, 20.374611636883788, 69.17995606066673, 38.4063116072011, 10.066369218884775, 49.20403611950844, 47.47856722880545, 39.006176456364, 33.95798603931201, 27.68216296618829, 72.63495554543397, 22.91833802115589, 40.306685982044115, 49.359987229577385, 29.60974980292243, 11.699738516927372, 67.68722808658289, 21.113310237072074, 34.14786938794637, 49.62797253117803, 14.944536622260214, 32.20046528649259, 33.922665188018684, 46.78871034444071, 51.51558638214024, 30.471139394979634, 48.374343743706675, 29.976449672568304, 34.306521172545914, 26.228817788564292, 39.51053440719741, 32.2738765371536, 31.10976660244623, 28.27794688949737, 77.03132112640168, 45.264858200860836, 20.70547315686224, 45.66020498752243, 41.117825328202436], [74.47437867493899, 64.06655403381319, 34.41077682395049, 49.17393896150979, 68.07323861714042, 102.70874655568345, 66.96642710967987, 96.2581966892743, 103.799690256731, 8.16459985019918, 16.446624219990202, 77.28039032707456, 30.830029216767976, 47.536117679538094, 45.55333587697824, 52.82729312054876, 51.12392823941846, 60.872278549417025, 0.0, 55.562140610284935, 72.87571083400286, 56.35154966785213, 83.68986993280133, 98.70800382408788, 40.84195785846192, 35.23811625437292, 64.3337326360251, 26.349100459495936, 42.53149985981412, 34.46822959781496, 65.79084752514267, 33.50855729435912, 80.11118237695786, 76.53271119340725, 25.474852632360715, 67.4803535423004, 61.01648660218677, 95.33351661146865, 70.1337803555409, 30.324492494089757, 72.92287305737763, 83.93560857505913, 81.62110400070863, 45.25761338917277, 50.19358199351139, 31.845515950208267, 58.27194017667441, 89.83763906067898, 40.503647135347634, 94.88360174506359, 58.04408420515376, 74.88576102118208, 32.22106307511526, 52.91141487460419, 52.61043293915008, 89.30800744542283, 53.635168677947924, 66.68647211329072, 58.88302299971098, 72.98098763630465, 63.88643269051996, 96.77545873029186, 36.62340505478932, 38.55654742821423, 75.39141819765076, 101.84357793590237, 21.348990306056237, 79.53558687393617, 15.26717796595136, 24.743322349033317], [32.715068744362924, 15.374326729594904, 22.72454565657452, 31.42039145904703, 30.71378639758891, 86.45003139537212, 39.07316082131019, 50.10419621768018, 49.25542439324202, 47.519711411936655, 60.25777444322478, 24.862999640563853, 29.00867452028809, 19.02541499901671, 27.783854546295384, 7.224008111903809, 31.419081534510283, 7.693247756212535, 55.562140610284935, 0.0, 17.432912808573658, 20.905533167244485, 38.65056189025728, 55.01877489683705, 65.07581981606418, 60.84943970053177, 47.493855738301704, 46.71587241210446, 56.44365281174696, 35.276256627854714, 36.87063683672842, 77.28363644855936, 27.676222748482914, 72.81756209092401, 34.93642201154731, 11.99967630653693, 42.209718729092366, 54.98703201591632, 44.34013222421369, 31.012844984170943, 34.46041893371224, 76.88320572335574, 26.21519217312043, 41.25754323942837, 41.78528939011054, 23.768006880751738, 16.53083828667051, 73.07451422027194, 17.98714639487694, 39.52818527660317, 42.41407870790386, 22.297203492051654, 25.405075436393503, 36.53054338352139, 48.765349399060035, 58.220813657470664, 33.34909218862318, 52.419531933968685, 23.477861548972452, 30.236897822700207, 21.00680588664468, 47.06011582879232, 30.991010957255355, 23.602070683977438, 35.33933625605802, 82.92121576864473, 41.903327670406824, 28.229973565850198, 40.300138934942396, 37.96305028540866], [28.307122703293008, 15.286083212995267, 40.03699184728509, 40.95311188339693, 34.649430059727024, 85.89510005756954, 45.30988223974585, 38.70415985405882, 32.10557369217192, 64.7863458901546, 76.57593823406582, 12.2848829508861, 46.078215409378494, 31.02186547230452, 39.04868204773576, 20.836067278754346, 40.151525203994346, 12.732113694327841, 72.87571083400286, 17.432912808573658, 0.0, 30.753244276710905, 29.925738763008596, 44.67740844729661, 78.15091267933703, 74.62863265084628, 56.12122438638912, 61.69235617784624, 68.50496813003677, 49.26924105952177, 39.09231089138922, 92.77358857149414, 14.184275936729446, 77.91754243948424, 51.06467976137872, 6.6237501907449, 51.310098933112435, 46.66539814353594, 45.880802825304094, 46.67068880284296, 31.819213794488117, 80.45572313664601, 10.460848242619994, 52.001507533739684, 54.20614512439541, 41.16510871538052, 22.116734548826592, 73.58049030842942, 33.74735017644919, 22.095274294817187, 52.55308960325982, 10.576663834476966, 42.69043379153075, 44.570764611099335, 57.64909847011227, 54.43629287787048, 41.01242035638371, 56.972142691410674, 31.89970161649296, 30.5914964197595, 25.853682564295806, 33.41969025608747, 44.90498712751664, 39.930216070052026, 31.287083646002227, 81.6474951803112, 57.95227310170336, 16.091462970155735, 57.6094651943778, 53.82307882316938], [53.24956691896467, 35.81564469418334, 23.40418461621546, 49.74069349563165, 12.838842882980993, 107.16158883629609, 18.492755097291457, 68.64991934908448, 61.00730015383695, 49.50596845315588, 66.15224924899454, 42.08042126939557, 25.52327473907437, 37.17560616286264, 45.228414442495186, 27.175961249150525, 50.21326812082426, 27.71977509625973, 56.35154966785213, 20.905533167244485, 30.753244276710905, 0.0, 58.197488206884785, 74.1579270893684, 77.65154166831977, 72.55529186152243, 26.705964632761425, 57.214143655612595, 70.78008272241317, 48.73546752782895, 57.561393877547545, 84.74466691085782, 44.48901038448335, 91.95282012076126, 43.97672685622692, 24.333809255966106, 21.494484830112533, 74.92417310158908, 65.02090670182208, 41.94162072757246, 55.26400354044683, 96.60110870258701, 33.82617401324958, 57.89228788079622, 23.55427882948335, 28.356772053623008, 37.35657997060631, 93.6728836404678, 31.716674715511335, 49.632460049840226, 22.143425734327376, 39.75405756406785, 24.83477524886794, 55.355326169693505, 66.41634819626283, 79.07316170166938, 52.557522133174224, 72.18692733508003, 3.1878704295896445, 16.65745513023557, 8.11881112383904, 64.07518443831158, 45.13208929867525, 17.819576713022315, 55.98327811516601, 103.73252915177908, 50.25534904872788, 45.874520633220385, 42.687605169189276, 47.33509955401793], [9.455088162701063, 23.473359633057093, 58.0961098577939, 36.95483081717702, 64.26378719693648, 58.77321801465846, 74.59304857611444, 12.60800821676517, 31.43520434558948, 75.76556692196064, 81.34617219091663, 17.75571850169936, 64.90503966115489, 36.31373530825624, 38.96872200461065, 35.60232511270068, 35.11118001918008, 31.01900352901835, 83.68986993280133, 38.65056189025728, 29.925738763008596, 58.197488206884785, 0.0, 16.45265252840909, 73.19774829142253, 71.78847259349845, 84.69608940316652, 63.74071199658507, 62.457420634823656, 51.251292704774755, 23.395498080619657, 93.26035387799458, 16.68713002748299, 58.10159911910664, 58.34784549362483, 34.8864712316946, 79.60926685117248, 16.85889134372323, 26.147132698347864, 53.428327914016016, 12.47985091959255, 58.258730224771114, 35.622175208822874, 46.485487021067506, 80.37516244247894, 56.29787023734331, 26.427568799834177, 48.10381611209054, 44.48424109285029, 31.80219489018938, 80.31939217341692, 19.382017748799964, 60.669017621049385, 36.43464884955596, 47.23263267063001, 26.083728428113908, 33.7146045015434, 39.20372909899481, 60.0625741658591, 60.51286148870601, 54.961213305585694, 14.941528163517559, 47.88604898898524, 61.27086013343188, 9.759285535300384, 54.05512638973308, 63.837495144582626, 14.191701631702491, 69.6686572746381, 59.756613256083966], [24.568455188176106, 39.91846590019829, 74.44412960755652, 50.38220323250933, 79.32677449433709, 53.40281934583951, 89.93577131640848, 6.59308605094498, 34.02469878999869, 90.95359330338304, 94.90902002434066, 32.46782490996486, 81.25365912946643, 51.91582498910808, 53.286559535391966, 52.03746822006063, 48.4312333700991, 47.35226263953823, 98.70800382408788, 55.01877489683705, 44.67740844729661, 74.1579270893684, 16.45265252840909, 0.0, 83.61924909313282, 83.12828454526873, 100.4259214963968, 77.09693051585388, 72.97675893667255, 65.21299494558475, 34.528213953852685, 105.12460123244095, 30.54402136744716, 60.77268884797461, 73.23534404193036, 50.29890371820381, 95.42995952921312, 6.951390499041911, 33.86755775681862, 68.39455865576312, 25.7916870173732, 58.80299142811111, 48.20492631237438, 58.40955629371921, 96.65017235804166, 72.43740537019728, 42.614638053891596, 45.9496266255213, 60.42537319811399, 39.54486263057429, 96.3006614225457, 34.57422934824155, 76.99227274940506, 48.470328877766505, 56.96543412066217, 22.805930685268073, 46.4522409711885, 45.63148217444974, 75.85184373132137, 74.98936642093368, 70.36060264274928, 15.170382371868419, 62.29728217295556, 77.72151726088678, 23.330298326848887, 48.23519401966901, 78.21876956141303, 28.624258137046596, 85.16633752730657, 74.29613599231516], [64.21693234702956, 63.85016892219512, 55.35218894647766, 38.22163528795143, 90.4645087246822, 68.43081074047825, 93.87390414226142, 83.93748218853378, 101.86370919627471, 39.41641927645218, 25.338535761317043, 75.99740253809274, 57.00913937293977, 47.23674654614383, 39.15478674882903, 58.649640566593, 39.60794513045799, 65.8313063085563, 40.84195785846192, 65.07581981606418, 78.15091267933703, 77.65154166831977, 73.19774829142253, 83.61924909313282, 0.0, 5.865919995267967, 95.60485781198511, 20.891903941330604, 10.74700967360747, 29.841096339406334, 49.954695056140686, 23.332048034851574, 78.16583535853246, 40.07960288833654, 34.01363258171735, 75.59546098608413, 91.0419778208855, 78.03191270982953, 49.81101609247185, 35.73377458189868, 60.720529639130596, 47.790881839213256, 88.58527579001161, 27.26479383777728, 82.47331284634451, 49.80067698164835, 56.56156329304703, 57.65928147329535, 47.53463080961462, 96.72524215629493, 88.90015066584897, 74.43744718779932, 55.03123751348081, 36.968365751882025, 26.661893068409316, 66.3439562784743, 40.09973740113652, 39.75753753026387, 80.81063610295865, 92.82834315529334, 82.69614949280204, 88.13147609455922, 34.086031004939315, 62.490413081419845, 63.43940160300818, 69.01682063151401, 28.876127271491175, 76.35276087319154, 41.60209269489504, 30.732602446616106], [62.592090912134545, 60.74153735181091, 49.97796623222731, 35.73906083551968, 85.38927673937441, 71.77408675129017, 88.48845569869127, 82.98645158124175, 99.5543847465102, 33.571092577979314, 20.214686913693388, 73.2738515108092, 51.384677025622246, 43.60706094387058, 35.97193812681478, 54.67063603539533, 37.30922017294975, 62.123578993253645, 35.23811625437292, 60.84943970053177, 74.62863265084628, 72.55529186152243, 71.78847259349845, 83.12828454526873, 5.865919995267967, 0.0, 89.9634904105934, 15.434686711888743, 10.90040763602034, 25.615594245677585, 48.90735519906238, 22.134735306432212, 75.56808793016826, 43.79712371108599, 28.68289295258648, 71.70762836376831, 85.45326241801521, 77.85594334025019, 49.64200198960807, 30.801484623459135, 59.33567514568768, 51.49454347673879, 85.00320052259313, 25.31798648592526, 76.74589466823552, 44.49093957740143, 53.45770316035603, 60.362196375050544, 43.062662218469924, 93.86145485109884, 83.25969924618023, 71.5749998660354, 49.544203108170336, 35.354207561492245, 26.730294132394445, 67.07633499523183, 38.19800872079131, 40.76258541622452, 75.69603303811667, 87.98015895549415, 77.85055563562149, 86.64964500606715, 29.965269152082342, 57.048211041380405, 62.07640100841502, 71.99344592972908, 23.224877181939124, 73.89738036250708, 35.766322631792654, 25.35441510596228], [79.95524180133606, 62.521451108008634, 41.21088802789377, 74.01359995961802, 22.82393201867407, 133.12457544950598, 12.04793997081187, 94.69663599062653, 83.45177915109649, 60.03997242726198, 78.31536445608751, 68.04662646300245, 38.59677901044416, 61.97055090409725, 69.11511577500258, 53.30745143248316, 74.81461119504662, 54.425425448376906, 64.3337326360251, 47.493855738301704, 56.12122438638912, 26.705964632761425, 84.69608940316652, 100.4259214963968, 95.60485781198511, 89.9634904105934, 0.0, 74.74775532208204, 90.76316600296653, 69.54319142480625, 83.66934209472043, 97.00724619355213, 70.24530244337127, 116.01893775882513, 61.994658708295475, 50.15256159781566, 5.3362989864208785, 101.49160865064881, 91.07512386645541, 61.71415900487407, 81.93340417794826, 121.27648501192094, 56.44226863155244, 80.5102673228684, 14.142276049320442, 46.87047372800518, 63.75217630285854, 119.48946026308408, 54.832850347204555, 71.79679049534997, 6.704713934393382, 65.85913140733182, 40.917415861176856, 79.81790317479064, 89.55060339027774, 105.71449208038435, 77.40185463069619, 97.16555161198664, 24.634840759753565, 29.298614648528368, 30.28746134040929, 89.45465678123293, 66.78983746339334, 33.925698687458954, 82.68688687588589, 129.8945790918216, 66.74313731411497, 71.8872102574356, 55.116566469870165, 65.10574358670812], [54.288723848714135, 48.92683441382952, 34.54352387022972, 26.85493511493513, 70.05292193290505, 76.36060439994966, 73.05730742925536, 75.80797102779252, 88.92277152292989, 21.714590033265008, 17.82364398109822, 62.072030728873614, 36.153882492479376, 31.12214193871386, 25.12562307558074, 41.09699368484741, 28.76389920067537, 48.97887630405165, 26.349100459495936, 46.71587241210446, 61.69235617784624, 57.214143655612595, 63.74071199658507, 77.09693051585388, 20.891903941330604, 15.434686711888743, 74.74775532208204, 0.0, 17.605061249778764, 12.922667557845552, 42.74643484172506, 31.15509783239069, 64.61035121053459, 50.54889609414208, 13.264655982798942, 58.08810588419896, 70.15626859806449, 72.75176052530514, 45.73942311006584, 15.867679729457876, 51.759746433785075, 57.81013918877451, 71.84877699366282, 19.834461065240802, 61.75081432996379, 29.064397613805998, 41.85801995165902, 63.525323810953395, 28.729937331374177, 82.08450370753214, 68.04394115939218, 60.09154990586925, 34.14744691625785, 28.92371424129863, 26.35364170905291, 64.67339686576675, 30.6