instance_id,num_cities,city_coordinates,distance_matrix,best_route,total_distance
594,47,"[[48.5155119889431, 91.00749419289384], [83.95223981824044, 14.589883268823245], [83.31823477576819, 59.358776870095284], [65.2497641712027, 37.64670008632051], [93.9194426164988, 41.632920690809094], [92.53063738354493, 69.26247555051762], [88.3966864871962, 0.28807598908464627], [10.302396231619115, 10.412185618879754], [18.127371408446848, 93.50670813179164], [98.07670601057576, 11.685576629350647], [10.539162602092588, 48.03420837255027], [69.28589392437827, 5.7144486280024225], [13.200673531116902, 5.417389013372686], [17.57928654844969, 36.815202688200486], [73.73156402418054, 21.61646992564722], [14.009760268100013, 58.495550190767574], [58.70944314531934, 68.77048545834701], [74.86535372061458, 54.004421121159766], [46.176552425294524, 85.43160516840685], [18.828216738061144, 9.104964947160965], [49.218862815046826, 83.48051851462736], [35.37813038668875, 41.06571736700169], [51.97254485103953, 2.7005852278486953], [1.9629211459725737, 30.197461663542814], [22.23419693133263, 87.25817689858178], [23.785317540682005, 32.60556259703471], [53.860785051515016, 96.70991456410596], [25.815777502640003, 80.30370946146249], [52.348747191493906, 25.16678184372746], [90.66984468211007, 15.324807994856315], [57.6844119178424, 2.4382659724778266], [26.93188267270451, 87.84306389521535], [62.44969404510064, 87.33088164991484], [42.88762074119437, 53.21978353129986], [87.47193226848053, 92.42780506419534], [66.94397724098356, 77.90797917816677], [96.28238391371929, 95.44678098060527], [34.83698337925064, 1.4806053758928073], [20.97395263222166, 4.864466112974797], [70.33404212567872, 40.645920685490886], [18.52993940229736, 75.12119111556935], [11.230059537143989, 92.96257687799992], [19.572023576591658, 49.64242959678787], [30.175237281706536, 48.97420284841346], [19.73104995582625, 71.5636711596228], [70.95628875060282, 80.52782342115012], [21.092661263293454, 80.62982872722367]]","[[0.0, 84.23427413226952, 47.041160929073634, 55.923246899510154, 67.07730931503335, 49.093554559227144, 99.09854145545101, 89.19554910433139, 30.490738893184997, 93.53223272651765, 57.34898784589911, 87.78560467114467, 92.58943741023516, 62.40075723126036, 73.83064085528048, 47.40963409074005, 24.462231907192162, 45.42622123879806, 6.046591622871327, 87.11693174211985, 7.559766216345315, 51.64079654585578, 88.37455090222743, 76.58331261060567, 26.5474085614926, 63.42214228151091, 7.815979925989563, 25.096791693869584, 65.9522031077336, 86.63057632820427, 89.04255675499388, 21.81436851182403, 14.411068987598847, 38.204505453425654, 38.982303215267976, 22.609856814379043, 47.97271433493752, 90.56581013924537, 90.43870177406093, 54.884755109858986, 33.93389439503829, 37.33667517121703, 50.48558299669265, 45.86025793197058, 34.73625639997936, 24.76715488607415, 29.320789253337416], [84.23427413226952, 0.0, 44.773382680738976, 29.688371411777787, 28.82136368440148, 55.34149665114605, 14.976474807509808, 73.76823583350853, 102.76564867512427, 14.419970259140898, 80.67219340012934, 17.14278396124416, 71.34366673326728, 69.99524090284406, 12.403029216007624, 82.58122082823994, 59.77237185765564, 40.448452295044554, 80.28419595230133, 65.3545921197817, 77.15132599389597, 55.32100774807548, 34.118269271789515, 83.46163717355422, 95.34043065169675, 62.80623566184097, 87.45967750864449, 87.73913154032032, 33.32643889875775, 6.757686694425809, 28.942366619227446, 92.829680603174, 75.8525696348116, 56.37882700297859, 77.91745827712003, 65.56265907879074, 81.7916276949472, 50.83464942282777, 63.72478635303479, 29.400210785851137, 89.12977404521709, 106.91489423085156, 73.30411480534748, 63.829831856004176, 85.85088079903473, 67.2064483192221, 91.1734666021538], [47.041160929073634, 44.773382680738976, 0.0, 28.246838907257903, 20.65409366133277, 13.525960570708863, 59.28860239843014, 87.90381944727325, 73.59300154247208, 49.90537540568928, 73.6548654069551, 55.44926097176578, 88.4655058133214, 69.49692116150655, 38.94080109073616, 69.31384997877403, 26.347160834917688, 10.006014372302973, 45.37947711572625, 81.75822918391418, 41.76871542292369, 51.31169101500706, 64.75108460116152, 86.4237777488251, 67.15382491958256, 65.26793016834465, 47.5694106679266, 61.19822541303668, 46.132436366570545, 44.64343829859589, 62.42625597580962, 63.172583537639944, 34.898920299068486, 40.894031232277065, 33.328873796801915, 24.742457761532417, 38.34596723974013, 75.5004269688897, 82.80361961223527, 22.776308861629104, 66.67815924458343, 79.5356547983723, 64.48245378849603, 54.14810763328329, 64.74789199614143, 24.514204890426864, 65.76077589311917], [55.923246899510154, 29.688371411777787, 28.246838907257903, 0.0, 28.945473167048508, 41.75887093098208, 43.94822871449099, 61.32643819565276, 73.08119045641995, 41.85197775104078, 55.687972242221264, 32.186317381485665, 61.2195747183587, 47.677728812355106, 18.13585420514111, 55.3191879067985, 31.80355035221041, 18.974577724850207, 51.450797467174894, 54.493951139932456, 48.55644869643785, 30.066662337574346, 37.38335855132894, 63.723744814468546, 65.66306158306449, 41.7697665969201, 60.15124395918647, 58.091821742886765, 17.949501342726524, 33.82968163793423, 36.01205891734357, 63.150098829438726, 49.76302131457953, 27.250438285806613, 59.11678456699599, 40.29690995643901, 65.60390872097098, 47.253821455020486, 55.09103694539202, 5.902982849446439, 59.89223242072775, 77.31736359953824, 47.22661868392522, 36.858306463363355, 56.76543200406686, 43.259162743078676, 61.62304021208396], [67.07730931503335, 28.82136368440148, 20.65409366133277, 28.945473167048508, 0.0, 27.664437130018083, 41.71207281679324, 89.25550260103138, 91.84404107768046, 30.234520920019598, 83.62563948494025, 43.55397061685302, 88.470811103655, 76.49202465124553, 28.42901235168628, 81.66949006008834, 44.45437531079222, 22.71810569898875, 64.7897239211401, 81.83373454014716, 61.232044537235694, 58.54405996511213, 57.22996572379172, 92.66483456049353, 84.9731631338244, 70.7127194661862, 68.1041210208884, 78.31691455927717, 44.713045598011924, 26.50804935030368, 53.377883137323636, 81.3800376148547, 55.48557209732066, 52.33070068704551, 51.202447873060535, 45.20570318540396, 53.86571312870379, 71.43490333632118, 81.68821066156696, 23.60604340678196, 82.49267513498373, 97.32557566405404, 74.77760995652709, 64.16555257676598, 79.99854641929768, 45.16768639051045, 82.61052547144433], [49.093554559227144, 55.34149665114605, 13.525960570708863, 41.75887093098208, 27.664437130018083, 0.0, 69.09817179110912, 101.117952253678, 78.25361845445933, 57.84339345676405, 84.69498960515138, 67.66586897563045, 101.8304386701887, 81.67331576596602, 51.22057214807294, 79.25562960876174, 33.824772489265584, 23.342460707068582, 49.0931965237221, 95.13660121633946, 45.58577148630557, 63.72963382983906, 77.94513527605349, 98.6335973919585, 72.5633158507806, 77.90794739676271, 47.42066414323665, 67.62234375711165, 59.657476504534614, 53.96975570467919, 75.36401273111963, 68.17943152335698, 35.09031848107723, 52.17084500538751, 23.711241825734195, 27.007812022202636, 26.45171928028106, 89.0108961685979, 96.26766202686194, 36.215964068137325, 74.23225612753527, 84.68458396362131, 75.55068187553715, 65.57293596519293, 72.83594875387716, 24.338458899077708, 72.33672062238922], [99.09854145545101, 14.976474807509808, 59.28860239843014, 43.94822871449099, 41.71207281679324, 69.09817179110912, 0.0, 78.74779848553503, 116.73684088664503, 14.95345441086685, 91.33174247269623, 19.866250587251052, 75.37075173163643, 79.68271530876466, 25.88370539100702, 94.45382387846902, 74.6402895489797, 55.39442842730824, 95.03662599921697, 70.12495642875915, 91.95588268866629, 66.88634634459164, 36.50394902963136, 91.46238102348525, 109.27613406612566, 72.2429853881857, 102.42021012555361, 101.58184763686484, 43.7995882682529, 15.207582240201829, 30.78745079067218, 106.97568889797648, 90.82783953226685, 69.80573564119585, 92.14436957513917, 80.52992055804488, 95.48488550323513, 53.572977547917525, 67.57786906262116, 44.215548734239455, 102.37850100367233, 120.59540385047053, 84.69171414484744, 75.89516516979242, 98.97060223709185, 82.11324217915298, 104.80758104438823], [89.19554910433139, 73.76823583350853, 87.90381944727325, 61.32643819565276, 89.25550260103138, 101.117952253678, 78.74779848553503, 0.0, 83.4621465585854, 87.78354619083119, 37.62276776623284, 59.170277444906255, 5.774773106812865, 27.387450466336304, 64.41114277579453, 48.22607693615632, 75.82172083946881, 77.90159482200654, 83.15568767171726, 8.625453100715136, 82.78570313467681, 39.603427276548246, 42.37770718851523, 21.471003536575495, 77.76679396566199, 25.96796389247491, 96.66763293723997, 71.59252826586285, 44.560001557442234, 80.5174554308025, 48.04829658808711, 79.196469175961, 92.92914757148432, 53.79858079327798, 112.61305042109143, 88.11328417122066, 120.9274190998323, 26.109750901562446, 12.027439782740112, 67.21515636244399, 65.2299613597615, 82.55560342122297, 40.31052013657054, 43.38155119648091, 61.87409550765741, 92.70974782687952, 71.04186950766801], [30.490738893184997, 102.76564867512427, 73.59300154247208, 73.08119045641995, 91.84404107768046, 78.25361845445933, 116.73684088664503, 83.4621465585854, 0.0, 114.3966505788649, 46.101292251335416, 101.61040918524898, 88.22698280413503, 56.69415478225673, 90.8847214100577, 35.25245951525143, 47.52667944015131, 69.13486324515435, 29.188419682900854, 84.40465293323818, 32.66810854833829, 55.205490648287686, 96.90845021052175, 65.34026431432216, 7.477309572822648, 61.16340312540595, 35.8766969220221, 15.278441090567448, 76.42936664360477, 106.65280088999947, 99.28857240985111, 10.468824415422386, 44.750520853302746, 47.28748503341591, 69.35295345333307, 51.24823265223799, 78.17908839554215, 93.53082230288622, 88.68793657981928, 74.29535191935268, 18.38992378840849, 6.918741928368791, 43.88806160316627, 46.13344880793285, 22.001560318425, 54.39987091782914, 13.213892958664491], [93.53223272651765, 14.419970259140898, 49.90537540568928, 41.85197775104078, 30.234520920019598, 57.84339345676405, 14.95345441086685, 87.78354619083119, 114.3966505788649, 0.0, 94.78419982040685, 29.403490102217805, 85.10717399516479, 84.32871780075337, 26.29274766927511, 96.2207097837514, 69.34311935236995, 48.26646324572175, 90.17817179040098, 79.29049507116297, 86.84240048518438, 69.24091315853987, 46.97152059183898, 97.88028161237774, 107.0668207003835, 77.1806725396505, 95.83415731095765, 99.64983663907506, 47.67377803144813, 8.252611687871958, 41.43730416494992, 104.21875433158493, 83.6151670048102, 69.07188629134849, 81.43567202857525, 73.1754972649892, 83.78042101923279, 64.05781729633657, 77.40388961286058, 40.10432554326762, 101.74362517168373, 118.94658790020071, 87.19924226306293, 77.46645145379117, 98.60744407612093, 73.99170207325996, 103.34337445132432], [57.34898784589911, 80.67219340012934, 73.6548654069551, 55.687972242221264, 83.62563948494025, 84.69498960515138, 91.33174247269623, 37.62276776623284, 46.101292251335416, 94.78419982040685, 0.0, 72.4026277554142, 42.6998469870571, 13.244977679314653, 68.49216380097276, 11.022010742005216, 52.44396166378079, 64.60264935805866, 51.65838596508413, 39.80193980376124, 52.464846433133964, 25.797949288627915, 61.4154911403725, 19.79144892813459, 40.93034980174508, 20.33479115022947, 65.16200844738408, 35.70288032283858, 47.65459641618438, 86.54958742638303, 65.58707568107403, 43.05190180860615, 65.10707953336156, 32.761454999805196, 88.822533603596, 63.8274650647678, 97.97883466447578, 52.513065483642144, 44.41296533368446, 60.24960092969026, 28.24105430027895, 44.933680409424994, 9.17490887642578, 19.658560945247984, 25.261164109596372, 68.60075911366866, 34.26150610084103], [87.78560467114467, 17.14278396124416, 55.44926097176578, 32.186317381485665, 43.55397061685302, 67.66586897563045, 19.866250587251052, 59.170277444906255, 101.61040918524898, 29.403490102217805, 72.4026277554142, 0.0, 56.08600708710993, 60.3392919202849, 16.511761383541874, 76.42836930201814, 63.936883657491705, 48.61123136691469, 82.99919705279454, 50.57146218915435, 80.3134320220118, 48.984167131684636, 17.57371414158275, 71.6365869582045, 94.14479173162721, 52.85295130590213, 92.29360110358823, 86.33196889566123, 25.792638620095754, 23.444239317349894, 12.055196287922312, 92.4065566657301, 81.90223298549164, 54.3472692168471, 88.59987683447082, 72.23150577863844, 93.70539974399856, 34.70810951967335, 48.31941785341209, 34.94719380372316, 85.98524770088747, 104.7984531828881, 66.34106131914467, 58.3185201992586, 82.41239390265518, 74.83202033097506, 89.07806604173805], [92.58943741023516, 71.34366673326728, 88.4655058133214, 61.2195747183587, 88.470811103655, 101.8304386701887, 75.37075173163643, 5.774773106812865, 88.22698280413503, 85.10717399516479, 42.6998469870571, 56.08600708710993, 0.0, 31.701655406536105, 62.660984083284866, 53.08432739822058, 78.00424950581073, 78.50625753349958, 86.54295682346427, 6.72810960177365, 85.97186834553884, 41.983841022337394, 38.8669400449492, 27.209172703658716, 82.33783520772229, 29.175871394434136, 99.93783012594629, 75.94143690019521, 43.84757904931551, 78.10012438976351, 44.58338429226101, 83.56158198728198, 95.57869164988416, 56.27062960640729, 114.3985680669547, 90.23983796578486, 122.50657948897367, 21.99154767752325, 7.7929193321538, 67.12131740911748, 69.90723211676975, 87.56736399918704, 44.68163287086419, 46.74753304703074, 66.46786033881132, 94.74855379532897, 75.62535658147003], [62.40075723126036, 69.99524090284406, 69.49692116150655, 47.677728812355106, 76.49202465124553, 81.67331576596602, 79.68271530876466, 27.387450466336304, 56.69415478225673, 84.32871780075337, 13.244977679314653, 60.3392919202849, 31.701655406536105, 0.0, 58.17284369273159, 21.972232151016748, 52.08483347965167, 59.8093865742642, 56.40353008233057, 27.738368774739694, 56.38008945993243, 18.299336518374787, 48.44278420089832, 16.960700594407104, 50.65729797237377, 7.4990592992520195, 70.02659240835344, 44.26160869880933, 36.66880283808232, 76.18442591741243, 52.82229509261697, 51.87787267829897, 67.56616971442513, 30.159941184449156, 89.31821465287052, 64.22996938208725, 98.14193552169989, 39.32380789199818, 32.13056684093476, 52.89365402756688, 38.31778295056025, 56.50522375896276, 12.981092058363824, 17.507120259217185, 34.81502760117756, 68.99201095367027, 43.955264267506706], [73.83064085528048, 12.403029216007624, 38.94080109073616, 18.13585420514111, 28.42901235168628, 51.22057214807294, 25.88370539100702, 64.41114277579453, 90.8847214100577, 26.29274766927511, 68.49216380097276, 16.511761383541874, 62.660984083284866, 58.17284369273159, 0.0, 70.19088548437742, 49.489042186702406, 32.40779013938843, 69.51007229363559, 56.31088083174441, 66.54346721044794, 43.003012659818616, 28.831677184609408, 72.27981405472474, 83.4314839363183, 51.14086131002031, 77.67801030310827, 75.76354454691257, 21.675552367030686, 18.06904428845513, 25.006291160292346, 81.09359976847576, 66.67581644413083, 44.16014343388501, 72.1321211638251, 56.699253507131154, 77.19750195545369, 43.79773332846133, 55.35336657805685, 19.330368627424416, 76.87635885307395, 94.85096225341945, 60.98122856242254, 51.43538810945791, 73.55799365639183, 58.976687966655376, 79.0786355529338], [47.40963409074005, 82.58122082823994, 69.31384997877403, 55.3191879067985, 81.66949006008834, 79.25562960876174, 94.45382387846902, 48.22607693615632, 35.25245951525143, 96.2207097837514, 11.022010742005216, 76.42836930201814, 53.08432739822058, 21.972232151016748, 70.19088548437742, 0.0, 45.865411194896346, 61.021090573486234, 41.955376001682495, 49.62506859903451, 43.17325033288197, 27.57546579460486, 67.48519192018361, 30.75561976499693, 29.91538155465499, 27.67404881099208, 55.212696191606426, 24.798747019118768, 50.800440134341656, 87.98000638843453, 71.06260838624249, 32.06645923815618, 56.372897075448364, 29.35582632713064, 80.92026097219876, 56.38150162706851, 90.18967822549075, 60.69989419072213, 54.08135681215633, 59.08497271089845, 17.22916003656814, 34.578933829892215, 10.455453953059138, 18.761095444861276, 14.26565600831298, 61.06003742143248, 23.2399176598613], [24.462231907192162, 59.77237185765564, 26.347160834917688, 31.80355035221041, 44.45437531079222, 33.824772489265584, 74.6402895489797, 75.82172083946881, 47.52667944015131, 69.34311935236995, 52.44396166378079, 63.936883657491705, 78.00424950581073, 52.08483347965167, 49.489042186702406, 45.865411194896346, 0.0, 21.887213219752063, 20.84865127035868, 71.76689039952721, 17.505890080833257, 36.22021990596225, 66.41248011552852, 68.61520184111447, 40.893010663929864, 50.27520457256394, 28.357030593246968, 34.856971975752884, 44.06519513094884, 62.27284886629463, 66.34013891256807, 37.061794314646825, 18.93350954211291, 22.184553063145962, 37.24177159445052, 12.300461099178438, 46.079828784149655, 71.39903568532026, 74.21554118131304, 30.43225994100261, 40.67829867853612, 53.28742023281963, 43.561681918189926, 34.72885989259355, 39.07834466807074, 16.977049898354615, 39.441935828873326], [45.42622123879806, 40.448452295044554, 10.006014372302973, 18.974577724850207, 22.71810569898875, 23.342460707068582, 55.39442842730824, 77.90159482200654, 69.13486324515435, 48.26646324572175, 64.60264935805866, 48.61123136691469, 78.50625753349958, 59.8093865742642, 32.40779013938843, 61.021090573486234, 21.887213219752063, 0.0, 42.5524995376523, 71.80614100425045, 39.07150897160943, 41.55298859842936, 56.17974969067313, 76.6911728552696, 62.2563325155153, 55.38123547085909, 47.59150213200293, 55.65530966915268, 36.58697867660769, 41.783901279709376, 54.35304147927861, 58.67428219834459, 35.56404893361909, 31.98735785666769, 40.43862332371663, 25.181904080445463, 46.649312674595095, 66.03803186519218, 72.93160007484053, 14.106109267270186, 60.16308570388704, 74.61359504668746, 55.46511812368748, 44.972320411500114, 57.86293039192896, 26.80991716710267, 60.00345643626445], [6.046591622871327, 80.28419595230133, 45.37947711572625, 51.450797467174894, 64.7897239211401, 49.0931965237221, 95.03662599921697, 83.15568767171726, 29.188419682900854, 90.17817179040098, 51.65838596508413, 82.99919705279454, 86.54295682346427, 56.40353008233057, 69.51007229363559, 41.955376001682495, 20.84865127035868, 42.5524995376523, 0.0, 81.07827990482477, 3.6141930825775246, 45.661120430084914, 82.93380003716413, 70.75065935819786, 24.011929345321704, 57.37558865415073, 13.647259573957928, 20.996582336949402, 60.58007030853232, 83.03382482930529, 83.7873807980101, 19.395165559421088, 16.38360123206969, 32.37929160441087, 41.88382992725049, 22.08825211546429, 51.096948007641934, 84.71337670234075, 84.41702986902062, 50.885575984039605, 29.506606880227782, 35.748746832193255, 44.59446202565551, 39.81437265920785, 29.861081603562884, 25.260293105515064, 25.53935498046529], [87.11693174211985, 65.3545921197817, 81.75822918391418, 54.493951139932456, 81.83373454014716, 95.13660121633946, 70.12495642875915, 8.625453100715136, 84.40465293323818, 79.29049507116297, 39.80193980376124, 50.57146218915435, 6.72810960177365, 27.738368774739694, 56.31088083174441, 49.62506859903451, 71.76689039952721, 71.80614100425045, 81.07827990482477, 0.0, 80.34497082856942, 35.99151757038573, 33.757407567079376, 27.006140285851682, 78.22739443059997, 24.017721337974507, 94.34992337052682, 71.54080811572834, 37.169986869762845, 72.11037340902566, 39.423961991006145, 79.15401207477674, 89.56632920040181, 50.24910088446826, 107.95672914177241, 83.95821089117237, 115.9916255978333, 17.731651593803946, 4.752474396587854, 60.396042401361356, 66.01690000967538, 84.20113462176762, 40.54428799267285, 41.452515075017814, 62.46523104538811, 88.42262495730499, 71.56070044210286], [7.559766216345315, 77.15132599389597, 41.76871542292369, 48.55644869643785, 61.232044537235694, 45.58577148630557, 91.95588268866629, 82.78570313467681, 32.66810854833829, 86.84240048518438, 52.464846433133964, 80.3134320220118, 85.97186834553884, 56.38008945993243, 66.54346721044794, 43.17325033288197, 17.505890080833257, 39.07150897160943, 3.6141930825775246, 80.34497082856942, 0.0, 44.61593023288914, 80.82685436519078, 71.21943674606572, 27.24780533770656, 56.87817125084245, 14.02014129327439, 23.61771618721976, 58.397671706438636, 79.77082658590442, 81.48320206470403, 22.709938046213384, 13.779702148876376, 30.915962024962127, 39.28550953226014, 18.58044337654382, 48.5609560821228, 83.25157182219318, 83.53597217040839, 47.756188797934875, 31.807049136916877, 39.15429229718761, 44.98834669603248, 39.41250428874685, 31.804753702911984, 21.937048448203488, 28.27029617803573], [51.64079654585578, 55.32100774807548, 51.31169101500706, 30.066662337574346, 58.54405996511213, 63.72963382983906, 66.88634634459164, 39.603427276548246, 55.205490648287686, 69.24091315853987, 25.797949288627915, 48.984167131684636, 41.983841022337394, 18.299336518374787, 43.003012659818616, 27.57546579460486, 36.22021990596225, 41.55298859842936, 45.661120430084914, 35.99151757038573, 44.61593023288914, 0.0, 41.80021477778941, 35.138229759573974, 48.02610023992677, 14.35156884853827, 58.6334819464907, 40.386366713088265, 23.25463363522991, 60.98990150042464, 44.60549514334965, 47.533769560877104, 53.60349788060841, 14.286839038449006, 73.15619076410132, 48.515512395431074, 81.64942239496621, 39.588810684741354, 38.9616597328639, 34.95843238415968, 37.99522116906162, 57.23996290057254, 17.98313112794214, 9.466479771888402, 34.27763573449506, 53.13250574550956, 42.06415975387511], [88.37455090222743, 34.118269271789515, 64.75108460116152, 37.38335855132894, 57.22996572379172, 77.94513527605349, 36.50394902963136, 42.37770718851523, 96.90845021052175, 46.97152059183898, 61.4154911403725, 17.57371414158275, 38.8669400449492, 48.44278420089832, 28.831677184609408, 67.48519192018361, 66.41248011552852, 56.17974969067313, 82.93380003716413, 33.757407567079376, 80.82685436519078, 41.80021477778941, 0.0, 57.070488668332125, 89.63456725029673, 41.09534590312257, 94.02829070714607, 81.89274307859029, 22.469346198416318, 40.70444711191647, 5.717887440354656, 88.74838835693009, 85.27636089633162, 51.32957474307642, 96.49445832053594, 76.68308739614626, 102.787249522347, 17.17893529275415, 31.074026131699927, 42.15439556154945, 79.7693676566688, 99.03119329890438, 57.0379744697658, 51.15046729958919, 76.03708698474034, 80.10906026936705, 83.82442485801872], [76.58331261060567, 83.46163717355422, 86.4237777488251, 63.723744814468546, 92.66483456049353, 98.6335973919585, 91.46238102348525, 21.471003536575495, 65.34026431432216, 97.88028161237774, 19.79144892813459, 71.6365869582045, 27.209172703658716, 16.960700594407104, 72.27981405472474, 30.75561976499693, 68.61520184111447, 76.6911728552696, 70.75065935819786, 27.006140285851682, 71.21943674606572, 35.138229759573974, 57.070488668332125, 0.0, 60.5545196091946, 21.95486129570651, 84.36406029114433, 55.494097206444756, 50.636342736606025, 89.94506162316438, 62.25317244329332, 62.82089219659038, 83.203830290978, 46.95591912785598, 105.75635500012436, 80.61532815002494, 114.6892964846168, 43.650450201148935, 31.67301661882324, 69.16487894845868, 47.88118170831078, 63.445563610430625, 26.23332358541257, 33.889538079858994, 45.02076953448409, 85.40041035076625, 53.938581781523304], [26.5474085614926, 95.34043065169675, 67.15382491958256, 65.66306158306449, 84.9731631338244, 72.5633158507806, 109.27613406612566, 77.76679396566199, 7.477309572822648, 107.0668207003835, 40.93034980174508, 94.14479173162721, 82.33783520772229, 50.65729797237377, 83.4314839363183, 29.91538155465499, 40.893010663929864, 62.2563325155153, 24.011929345321704, 78.22739443059997, 27.24780533770656, 48.02610023992677, 89.63456725029673, 60.5545196091946, 0.0, 54.67462139913194, 33.00873249644024, 7.822553082128558, 69.00889418929829, 99.28669319152465, 91.93005510768484, 4.733956497848256, 40.21556283440963, 39.814270533259624, 65.44224298792379, 45.677025436734645, 74.4995787383434, 86.69845444171337, 82.40334818874588, 66.97982932939505, 12.689678787836218, 12.394806126574407, 37.70983442078616, 39.09888477847198, 15.892868059957054, 49.1847526086751, 6.7259276804134664], [63.42214228151091, 62.80623566184097, 65.26793016834465, 41.7697665969201, 70.7127194661862, 77.90794739676271, 72.2429853881857, 25.96796389247491, 61.16340312540595, 77.1806725396505, 20.33479115022947, 52.85295130590213, 29.175871394434136, 7.4990592992520195, 51.14086131002031, 27.67404881099208, 50.27520457256394, 55.38123547085909, 57.37558865415073, 24.017721337974507, 56.87817125084245, 14.35156884853827, 41.09534590312257, 21.95486129570651, 54.67462139913194, 0.0, 70.80890965911932, 47.74134457634845, 29.516181536788512, 69.08085444284211, 45.37856746555172, 55.32704963936327, 67.00592925939439, 28.104165034581627, 87.37668790522333, 62.56979187448894, 95.94187490677977, 33.0288098457286, 27.883188605079653, 47.238026193740154, 42.83920713205891, 61.64903629780472, 17.55011917894344, 17.571666340327305, 39.16849892993107, 67.24316773756071, 48.09969371182496], [7.815979925989563, 87.45967750864449, 47.5694106679266, 60.15124395918647, 68.1041210208884, 47.42066414323665, 102.42021012555361, 96.66763293723997, 35.8766969220221, 95.83415731095765, 65.16200844738408, 92.29360110358823, 99.93783012594629, 70.02659240835344, 77.67801030310827, 55.212696191606426, 28.357030593246968, 47.59150213200293, 13.647259573957928, 94.34992337052682, 14.02014129327439, 58.6334819464907, 94.02829070714607, 84.36406029114433, 33.00873249644024, 70.80890965911932, 0.0, 32.491322138171924, 71.55910911921576, 89.32212739392644, 94.34915924689696, 28.351134441357225, 12.717531840163653, 44.85311396360278, 33.8828227721622, 22.90595320268517, 42.440400050842335, 97.11089721823163, 97.55577967380547, 58.434062055045196, 41.404608854887606, 42.795108337464875, 58.2328713411326, 53.28886700014911, 42.39306989425751, 23.539675454102053, 36.50094652364119], [25.096791693869584, 87.73913154032032, 61.19822541303668, 58.091821742886765, 78.31691455927717, 67.62234375711165, 101.58184763686484, 71.59252826586285, 15.278441090567448, 99.64983663907506, 35.70288032283858, 86.33196889566123, 75.94143690019521, 44.26160869880933, 75.76354454691257, 24.798747019118768, 34.856971975752884, 55.65530966915268, 20.996582336949402, 71.54080811572834, 23.61771618721976, 40.386366713088265, 81.89274307859029, 55.494097206444756, 7.822553082128558, 47.74134457634845, 32.491322138171924, 0.0, 61.18888189559433, 91.8058149875384, 84.13463703627708, 7.621519272979218, 37.30180947629926, 32.01541621394777, 62.836892942709106, 41.19791666222193, 72.07534414852164, 79.33765747205261, 75.59446213227625, 59.62060126874334, 8.941025289636727, 19.31295142743507, 31.290550427068958, 31.631359031543074, 10.649515427313062, 45.14106758589549, 4.734361708391079], [65.9522031077336, 33.32643889875775, 46.132436366570545, 17.949501342726524, 44.713045598011924, 59.657476504534614, 43.7995882682529, 44.560001557442234, 76.42936664360477, 47.67377803144813, 47.65459641618438, 25.792638620095754, 43.84757904931551, 36.66880283808232, 21.675552367030686, 50.800440134341656, 44.06519513094884, 36.58697867660769, 60.58007030853232, 37.169986869762845, 58.397671706438636, 23.25463363522991, 22.469346198416318, 50.636342736606025, 69.00889418929829, 29.516181536788512, 71.55910911921576, 61.18888189559433, 0.0, 39.564769203512, 23.346407684730558, 67.63381797417738, 62.979396885434, 29.605469383063284, 75.87940019937278, 54.7234377252361, 82.8821012904476, 29.4566941030591, 37.37060017805048, 23.72919242520072, 60.325407300583585, 79.29070751825255, 40.90685692961, 32.53394898584866, 56.71494962661189, 58.404499205207514, 63.66390246561978], [86.63057632820427, 6.757686694425809, 44.64343829859589, 33.82968163793423, 26.50804935030368, 53.96975570467919, 15.207582240201829, 80.5174554308025, 106.65280088999947, 8.252611687871958, 86.54958742638303, 23.444239317349894, 78.10012438976351, 76.18442591741243, 18.06904428845513, 87.98000638843453, 62.27284886629463, 41.783901279709376, 83.03382482930529, 72.11037340902566, 79.77082658590442, 60.98990150042464, 40.70444711191647, 89.94506162316438, 99.28669319152465, 69.08085444284211, 89.32212739392644, 91.8058149875384, 39.564769203512, 0.0, 35.41329891355153, 96.54752839893098, 77.33855148109006, 60.98499893947258, 77.1692866422889, 66.92959062472627, 80.31831143491151, 57.52365033113992, 70.47649339258831, 32.47620072462256, 93.70044486607011, 111.07791239049641, 78.94681322488994, 69.22340137944362, 90.5269149329809, 68.1179675867254, 95.42394974717081], [89.04255675499388, 28.942366619227446, 62.42625597580962, 36.01205891734357, 53.377883137323636, 75.36401273111963, 30.78745079067218, 48.04829658808711, 99.28857240985111, 41.43730416494992, 65.58707568107403, 12.055196287922312, 44.58338429226101, 52.82229509261697, 25.006291160292346, 71.06260838624249, 66.34013891256807, 54.35304147927861, 83.7873807980101, 39.423961991006145, 81.48320206470403, 44.60549514334965, 5.717887440354656, 62.25317244329332, 91.93005510768484, 45.37856746555172, 94.34915924689696, 84.13463703627708, 23.346407684730558, 35.41329891355153, 0.0, 90.77277985826309, 85.02625541742617, 52.893360213757255, 94.79142110222547, 76.03563086686701, 100.69949009906438, 22.86749012559771, 36.79054590629181, 40.247211370029525, 82.55834497691204, 101.74801088979443, 60.66949157974657, 54.05874684158417, 78.85923742027173, 79.20935359661416, 86.33004518702651], [21.81436851182403, 92.829680603174, 63.172583537639944, 63.150098829438726, 81.3800376148547, 68.17943152335698, 106.97568889797648, 79.196469175961, 10.468824415422386, 104.21875433158493, 43.05190180860615, 92.4065566657301, 83.56158198728198, 51.87787267829897, 81.09359976847576, 32.06645923815618, 37.061794314646825, 58.67428219834459, 19.395165559421088, 79.15401207477674, 22.709938046213384, 47.533769560877104, 88.74838835693009, 62.82089219659038, 4.733956497848256, 55.32704963936327, 28.351134441357225, 7.621519272979218, 67.63381797417738, 96.54752839893098, 90.77277985826309, 0.0, 35.52150412549436, 38.122921195372115, 60.71340425841365, 41.22709812824373, 69.7660987578827, 86.72349657781531, 83.1922149018413, 64.11955842284505, 15.245940369181497, 16.51534628644896, 38.90316165450861, 39.003944777359735, 17.800860081920984, 44.628030134715694, 9.280477803264034], [14.411068987598847, 75.8525696348116, 34.898920299068486, 49.76302131457953, 55.48557209732066, 35.09031848107723, 90.82783953226685, 92.92914757148432, 44.750520853302746, 83.6151670048102, 65.10707953336156, 81.90223298549164, 95.57869164988416, 67.56616971442513, 66.67581644413083, 56.372897075448364, 18.93350954211291, 35.56404893361909, 16.38360123206969, 89.56632920040181, 13.779702148876376, 53.60349788060841, 85.27636089633162, 83.203830290978, 40.21556283440963, 67.00592925939439, 12.717531840163653, 37.30180947629926, 62.979396885434, 77.33855148109006, 85.02625541742617, 35.52150412549436, 0.0, 39.322280284912026, 25.53607319065745, 10.439811896623018, 34.79250962049205, 90.18165959130414, 92.30897473842548, 47.34605078468007, 45.585319904861116, 51.52831212324639, 57.08689904844103, 50.12858833094885, 45.535562799544635, 10.892371401473657, 41.89639925802911], [38.204505453425654, 56.37882700297859, 40.894031232277065, 27.250438285806613, 52.33070068704551, 52.17084500538751, 69.80573564119585, 53.79858079327798, 47.28748503341591, 69.07188629134849, 32.761454999805196, 54.3472692168471, 56.27062960640729, 30.159941184449156, 44.16014343388501, 29.35582632713064, 22.184553063145962, 31.98735785666769, 32.37929160441087, 50.24910088446826, 30.915962024962127, 14.286839038449006, 51.32957474307642, 46.95591912785598, 39.814270533259624, 28.104165034581627, 44.85311396360278, 32.01541621394777, 29.605469383063284, 60.98499893947258, 52.893360213757255, 38.122921195372115, 39.322280284912026, 0.0, 59.37196128549315, 34.4704988699457, 68.07437144648247, 52.36177344332862, 53.08903439145582, 30.18953583081223, 32.7561947481625, 50.81034151023493, 23.58844065034394, 13.402598574752508, 29.541919095724023, 39.1609392947621, 35.01900678611443], [38.982303215267976, 77.91745827712003, 33.328873796801915, 59.11678456699599, 51.202447873060535, 23.711241825734195, 92.14436957513917, 112.61305042109143, 69.35295345333307, 81.43567202857525, 88.822533603596, 88.59987683447082, 114.3985680669547, 89.31821465287052, 72.1321211638251, 80.92026097219876, 37.24177159445052, 40.43862332371663, 41.88382992725049, 107.95672914177241, 39.28550953226014, 73.15619076410132, 96.49445832053594, 105.75635500012436, 65.44224298792379, 87.37668790522333, 33.8828227721622, 62.836892942709106, 75.87940019937278, 77.1692866422889, 94.79142110222547, 60.71340425841365, 25.53607319065745, 59.37196128549315, 0.0, 25.144030730404452, 9.31333848718887, 105.0801169380574, 109.95144211874002, 54.544209851791415, 71.08106123805149, 76.24374819271517, 80.25575340281766, 71.91054722316342, 70.8811626603628, 20.356228626993488, 67.41958072272337], [22.609856814379043, 65.56265907879074, 24.742457761532417, 40.29690995643901, 45.20570318540396, 27.007812022202636, 80.52992055804488, 88.11328417122066, 51.24823265223799, 73.1754972649892, 63.8274650647678, 72.23150577863844, 90.23983796578486, 64.22996938208725, 56.699253507131154, 56.38150162706851, 12.300461099178438, 25.181904080445463, 22.08825211546429, 83.95821089117237, 18.58044337654382, 48.515512395431074, 76.68308739614626, 80.61532815002494, 45.677025436734645, 62.56979187448894, 22.90595320268517, 41.19791666222193, 54.7234377252361, 66.92959062472627, 76.03563086686701, 41.22709812824373, 10.439811896623018, 34.4704988699457, 25.144030730404452, 0.0, 34.18115964621511, 82.89754231067329, 86.30526034625609, 37.41595305526831, 48.49417746030522, 57.71205712686067, 55.163786011464815, 46.78785794298695, 47.637283162116965, 4.791891850586387, 45.93203285130848], [47.97271433493752, 81.7916276949472, 38.34596723974013, 65.60390872097098, 53.86571312870379, 26.45171928028106, 95.48488550323513, 120.9274190998323, 78.17908839554215, 83.78042101923279, 97.97883466447578, 93.70539974399856, 122.50657948897367, 98.14193552169989, 77.19750195545369, 90.18967822549075, 46.079828784149655, 46.649312674595095, 51.096948007641934, 115.9916255978333, 48.5609560821228, 81.64942239496621, 102.787249522347, 114.6892964846168, 74.4995787383434, 95.94187490677977, 42.440400050842335, 72.07534414852164, 82.8821012904476, 80.31831143491151, 100.69949009906438, 69.7660987578827, 34.79250962049205, 68.07437144648247, 9.31333848718887, 34.18115964621511, 0.0, 112.27279013464009, 117.79862303464587, 60.63374250888375, 80.36524267905496, 85.0885958979321, 89.34493823795603, 80.80752040546169, 80.19045869337559, 29.393645416519114, 76.63573883200286], [90.56581013924537, 50.83464942282777, 75.5004269688897, 47.253821455020486, 71.43490333632118, 89.0108961685979, 53.572977547917525, 26.109750901562446, 93.53082230288622, 64.05781729633657, 52.513065483642144, 34.70810951967335, 21.99154767752325, 39.32380789199818, 43.79773332846133, 60.69989419072213, 71.39903568532026, 66.03803186519218, 84.71337670234075, 17.731651593803946, 83.25157182219318, 39.588810684741354, 17.17893529275415, 43.650450201148935, 86.69845444171337, 33.0288098457286, 97.11089721823163, 79.33765747205261, 29.4566941030591, 57.52365033113992, 22.86749012559771, 86.72349657781531, 90.18165959130414, 52.36177344332862, 105.0801169380574, 82.89754231067329, 112.27279013464009, 0.0, 14.270043271869778, 52.857952125934695, 75.424502327486, 94.47876990731496, 50.52306710861078, 47.721836485615135, 71.69257516814106, 86.90838222636205, 80.33371613180887], [90.43870177406093, 63.72478635303479, 82.80361961223527, 55.09103694539202, 81.68821066156696, 96.26766202686194, 67.57786906262116, 12.027439782740112, 88.68793657981928, 77.40388961286058, 44.41296533368446, 48.31941785341209, 7.7929193321538, 32.13056684093476, 55.35336657805685, 54.08135681215633, 74.21554118131304, 72.93160007484053, 84.41702986902062, 4.752474396587854, 83.53597217040839, 38.9616597328639, 31.074026131699927, 31.67301661882324, 82.40334818874588, 27.883188605079653, 97.55577967380547, 75.59446213227625, 37.37060017805048, 70.47649339258831, 36.79054590629181, 83.1922149018413, 92.30897473842548, 53.08903439145582, 109.95144211874002, 86.30526034625609, 117.79862303464587, 14.270043271869778, 0.0, 60.96499754881585, 70.29922196410313, 88.63532350600937, 44.799904227963665, 45.0592112011579, 66.71078444238071, 90.6817377590187, 75.76545561011108], [54.884755109858986, 29.400210785851137, 22.776308861629104, 5.902982849446439, 23.60604340678196, 36.215964068137325, 44.215548734239455, 67.21515636244399, 74.29535191935268, 40.10432554326762, 60.24960092969026, 34.94719380372316, 67.12131740911748, 52.89365402756688, 19.330368627424416, 59.08497271089845, 30.43225994100261, 14.106109267270186, 50.885575984039605, 60.396042401361356, 47.756188797934875, 34.95843238415968, 42.15439556154945, 69.16487894845868, 66.97982932939505, 47.238026193740154, 58.434062055045196, 59.62060126874334, 23.72919242520072, 32.47620072462256, 40.247211370029525, 64.11955842284505, 47.34605078468007, 30.18953583081223, 54.544209851791415, 37.41595305526831, 60.63374250888375, 52.857952125934695, 60.96499754881585, 0.0, 62.227078753559454, 78.93233350782815, 51.553076530590346, 41.01328919120604, 59.30067546767772, 39.88675665780326, 63.43048550597911], [33.93389439503829, 89.12977404521709, 66.67815924458343, 59.89223242072775, 82.49267513498373, 74.23225612753527, 102.37850100367233, 65.2299613597615, 18.38992378840849, 101.74362517168373, 28.24105430027895, 85.98524770088747, 69.90723211676975, 38.31778295056025, 76.87635885307395, 17.22916003656814, 40.67829867853612, 60.16308570388704, 29.506606880227782, 66.01690000967538, 31.807049136916877, 37.99522116906162, 79.7693676566688, 47.88118170831078, 12.689678787836218, 42.83920713205891, 41.404608854887606, 8.941025289636727, 60.325407300583585, 93.70044486607011, 82.55834497691204, 15.245940369181497, 45.585319904861116, 32.7561947481625, 71.08106123805149, 48.49417746030522, 80.36524267905496, 75.424502327486, 70.29922196410313, 62.227078753559454, 0.0, 19.277014602098845, 25.50006329320095, 28.623031952310004, 3.7548122188408297, 52.70439999543035, 6.075576653566304], [37.33667517121703, 106.91489423085156, 79.5356547983723, 77.31736359953824, 97.32557566405404, 84.68458396362131, 120.59540385047053, 82.55560342122297, 6.918741928368791, 118.94658790020071, 44.933680409424994, 104.7984531828881, 87.56736399918704, 56.50522375896276, 94.85096225341945, 34.578933829892215, 53.28742023281963, 74.61359504668746, 35.748746832193255, 84.20113462176762, 39.15429229718761, 57.23996290057254, 99.03119329890438, 63.445563610430625, 12.394806126574407, 61.64903629780472, 42.795108337464875, 19.31295142743507, 79.29070751825255, 111.07791239049641, 101.74801088979443, 16.51534628644896, 51.52831212324639, 50.81034151023493, 76.24374819271517, 57.71205712686067, 85.0885958979321, 94.47876990731496, 88.63532350600937, 78.93233350782815, 19.277014602098845, 0.0, 44.11602344388422, 47.894642806266596, 23.025637972540974, 61.00693034066918, 15.791377069753022], [50.48558299669265, 73.30411480534748, 64.48245378849603, 47.22661868392522, 74.77760995652709, 75.55068187553715, 84.69171414484744, 40.31052013657054, 43.88806160316627, 87.19924226306293, 9.17490887642578, 66.34106131914467, 44.68163287086419, 12.981092058363824, 60.98122856242254, 10.455453953059138, 43.561681918189926, 55.46511812368748, 44.59446202565551, 40.54428799267285, 44.98834669603248, 17.98313112794214, 57.0379744697658, 26.23332358541257, 37.70983442078616, 17.55011917894344, 58.2328713411326, 31.290550427068958, 40.90685692961, 78.94681322488994, 60.66949157974657, 38.90316165450861, 57.08689904844103, 23.58844065034394, 80.25575340281766, 55.163786011464815, 89.34493823795603, 50.5