instance_id,num_cities,city_coordinates,distance_matrix,best_route,total_distance
298,87,"[[88.37770981433688, 14.139175954801697], [92.36960510430585, 42.896167702426865], [82.71830465450016, 22.735964358858986], [69.05582024647437, 37.860671311184426], [51.229995791211536, 72.54597157388451], [18.443287751412164, 3.612628963350495], [16.723914421699217, 15.431629409994073], [19.26244065626048, 91.23815592802914], [94.71566760366099, 52.108910453556526], [72.11180131149915, 84.82715187227842], [32.1488484853249, 82.67914320923673], [85.44664902785826, 83.4413733701284], [68.22826854528854, 60.560296462160764], [91.14980056493422, 79.16383664178059], [62.107890613171165, 48.858824964602974], [22.26381736229043, 85.23232841273223], [91.36309337179244, 52.94443394799402], [1.981088356185956, 90.93503466165271], [77.16135550040914, 14.883728683257702], [22.919076155795338, 18.94823403962502], [17.99155268507946, 32.13039716016787], [87.016728135407, 89.70043512171493], [86.70353321505614, 66.8486424249654], [21.314487591870936, 9.900489071816454], [83.76754087527932, 74.2864127449605], [48.155728201361306, 75.71876298062844], [46.32731931909044, 72.69265480875968], [14.133646706167335, 85.57472552675026], [45.763871022741654, 10.755027660036854], [14.541096934455656, 45.41586232095995], [35.98037933884858, 63.75584611178681], [65.21555033334779, 42.99982991466994], [25.159247119950123, 59.279028495682006], [72.61486580059284, 17.06882920471675], [14.510076556916518, 3.7027600487928525], [42.428830704817344, 26.017968900815568], [32.08633066155144, 97.76151578996408], [30.069697063498435, 72.47676708382473], [28.612399058131345, 38.272357089087016], [24.149970733022442, 42.298276597726336], [32.63358185832319, 20.228272473570165], [15.882210996590175, 31.556845519125332], [84.51368871614791, 81.88434350413483], [78.08310568856689, 3.087092212401321], [12.64954322186027, 8.221530222022555], [55.07272050566886, 10.892023973880782], [23.137750153158855, 35.20235096240588], [53.89812077063467, 50.591555281387045], [18.58482751287798, 45.36063004344065], [63.383412348954835, 69.51722537908442], [42.073018792134185, 78.09155739453935], [80.084883452103, 9.069442008690586], [41.64801232918699, 80.26632428812735], [31.94666625074123, 80.0596272651829], [59.53899541240627, 94.34420497787306], [69.64595548724076, 95.06106741630495], [60.0709812547043, 92.43928156253237], [29.326018826099155, 4.349302111103526], [87.18323004532829, 26.48576641738525], [80.66018768288221, 5.469296341404551], [42.824790834376614, 27.860343754362248], [64.0139740597327, 56.39593864768201], [2.103156521865368, 70.10593676889796], [66.47932425822829, 78.62982827927028], [56.73670204855167, 1.5474842028475488], [38.2767837804914, 69.16017909196624], [64.59103375156768, 94.32696857008335], [63.60389126608239, 75.43352786177275], [67.57863694667472, 91.21870703604439], [59.7693450466727, 74.0521066065322], [16.491054015291805, 36.0799160614236], [73.19982594835128, 15.290736916316005], [54.97410268412038, 22.38546987986706], [43.70942815103086, 97.97800593300539], [83.03580822651045, 47.87201064506499], [66.23165090039785, 29.899408766424607], [92.48579648165023, 66.2046971597734], [24.27902827107127, 71.08938353251084], [67.44247278858816, 23.710816144803204], [48.35183935972061, 62.157494832183005], [54.87839732859355, 45.66269945996765], [67.45749133278254, 21.977693763557504], [24.494363643026585, 38.77840459620191], [12.579019532634561, 57.44838889289229], [72.198207680225, 85.7989739200188], [57.619122379160956, 58.71707689953488], [59.84730147152404, 39.43663362231202]]","[[0.0, 29.03273673595134, 10.29240679468706, 30.594848560101774, 69.21926344330178, 70.72221419637907, 71.6654507423474, 103.54309800129352, 38.495070422655246, 72.53529981141911, 88.65332457159339, 69.3641527298283, 50.605537371058325, 65.0837228851138, 43.537999818844796, 97.08389723104094, 38.91992501153288, 115.59403148046032, 11.241039225134688, 65.63504978368152, 72.64912357272408, 75.57351492434246, 52.736047660541374, 67.19704042107689, 60.32365830367123, 73.55170523615286, 72.08845418445048, 103.03018319626624, 42.74800248242046, 80.18775786627577, 72.16158395174396, 37.00571548847598, 77.67998656574285, 16.032782652002872, 74.60124677253022, 47.45951130464272, 100.80384460143388, 82.48090015081677, 64.45388119769082, 70.12943331095558, 56.075706843438944, 74.55851770177489, 67.85527529481011, 15.103887882110065, 75.95902676098852, 33.46290944968309, 68.55588725990714, 50.17587088623232, 76.45799902792568, 60.757248652537776, 78.95588326702045, 9.719731033239169, 80.97199746672473, 86.77539154991332, 85.23214258099956, 83.06161049412657, 83.2596986538535, 59.8576965681594, 12.404236291256709, 11.607194336285238, 47.5745612000628, 48.77730633401746, 102.83762376600194, 68.10714740171895, 34.0544281057649, 74.41379963198175, 83.64142539810364, 66.11156979801223, 79.83642992931597, 66.39275407722441, 75.16041084504998, 15.221506209880477, 34.40642865524436, 94.99581463868073, 34.15318504641482, 27.181480160142378, 52.227338381459916, 85.74361269930921, 23.01956657391994, 62.5126327509856, 45.99930946436293, 22.340499160809944, 68.4702381044981, 87.2990800280181, 73.46361639426324, 54.15976323476504, 38.13063813584978], [29.03273673595134, 0.0, 22.351317617232883, 23.851389651411676, 50.71073184297325, 83.71557091261614, 80.4771482003749, 87.64476778015798, 9.506768023328044, 46.56807971089419, 72.1749587318065, 41.131995131194884, 29.91363528052389, 36.288176220483095, 30.843551118007348, 81.89732583312671, 10.098550411296237, 102.36120700075469, 31.874560323510273, 73.46345688807364, 75.15315360678993, 47.10936998623944, 24.6135209994018, 78.34248230047639, 32.54754972084082, 55.065321860362836, 54.8427089429881, 89.11971995265344, 56.61402063540445, 77.86928499039338, 60.123797000602245, 27.15425263855437, 69.17825054275676, 32.51616734538317, 87.16782312944193, 52.71579025687957, 81.51245057233324, 68.9658640318224, 63.924650545797945, 68.22225434214756, 63.89229959354261, 77.32335795195222, 39.77176479165358, 42.29499446656143, 86.93456591562652, 49.145933876176166, 69.65805449483702, 39.23358378769803, 73.82592348793716, 39.355813830669184, 61.38780050007812, 35.98835585618465, 63.00165535035379, 70.93697390200833, 61.03072564075862, 56.89939379359063, 59.14153560344395, 73.89421234259987, 17.21045486291632, 39.2158278788508, 51.77610088485784, 31.40518472339106, 94.27832875235464, 44.12710210867947, 54.58403985900235, 60.13178538044558, 58.453197554006415, 43.42978354495391, 54.3107715820876, 45.09400719410126, 76.18409152704777, 33.608633441049456, 42.65105305178826, 73.49708649996717, 10.577276452175422, 29.19089571777725, 23.308819058462838, 73.69656757491708, 31.455359477756883, 48.04750174509245, 37.593142439108654, 32.52992413911348, 68.00003217959497, 81.10674871702372, 47.40818553145079, 38.182420267103694, 32.70578862578196], [10.29240679468706, 22.351317617232883, 0.0, 20.381860577318974, 58.928349831220935, 67.05952396596143, 66.3973858765872, 93.37664014914209, 31.728641320042442, 62.99058247064957, 78.42483400004434, 60.766689446152526, 40.50482990344636, 57.05431529398437, 33.274509961562806, 86.9513689007724, 31.42107583906573, 105.68638174223855, 9.619630398634783, 59.91906733262422, 65.40495232143523, 67.10228601896212, 44.29232905192295, 62.73099852309952, 51.56112513759869, 63.259375912777095, 61.8059441671204, 93.01916582621612, 38.848076004163026, 71.8506048970599, 62.185724743188494, 26.776307738196454, 68.17947374960885, 11.58429529708039, 70.81401871466355, 40.42292994026526, 90.51204427016347, 72.42943695069873, 56.29234867609502, 61.74895787354355, 50.14746231028478, 67.41566108770614, 59.17562132704752, 20.188195711396023, 71.55627245054599, 30.075858205095827, 60.87079159692598, 40.08162851909896, 68.00719364606998, 50.619407771224466, 68.67518433295473, 13.917928738748712, 70.68600445121966, 76.57520222108397, 75.26633046383513, 73.49698527845158, 73.29020184424962, 56.46950977823967, 5.830658129558747, 17.388895016470876, 40.22128427966276, 38.50773756172363, 93.50249405537001, 58.205055693332675, 33.52604010758085, 64.2670715933176, 73.85032047567464, 56.05706020053988, 70.13626439220272, 56.213887983888185, 67.55819546338475, 12.084405179842523, 27.7464157929097, 84.75291892500515, 25.13805146427483, 17.975669327953796, 44.55260517535127, 75.84986598539032, 15.306906127633077, 52.29828870734206, 36.0651580103495, 15.279639967486565, 60.39360227438229, 78.25900417483801, 63.93446343920536, 43.870370531322, 28.31951871842014], [30.594848560101774, 23.851389651411676, 20.381860577318974, 0.0, 38.99782137278324, 61.11102069367483, 56.93584361242474, 72.99682537642732, 29.350299573468437, 47.065797736418006, 58.05876323049595, 48.438204635668136, 22.714705012677868, 46.84117240888674, 13.00896267861264, 66.58502407043271, 26.928318357653737, 85.53307958451867, 24.364720279121116, 49.86260561622783, 51.3847785188137, 54.86305974083391, 33.93735762128292, 55.32636473234232, 39.28446719583093, 43.244062625361934, 41.59148745574564, 72.75352992176776, 35.738366168362255, 55.03576990449166, 42.00648603713, 6.4154987458064685, 48.84316898743375, 21.094252853243525, 64.35837984642215, 29.141828570494145, 70.39072616077115, 52.13628187144514, 40.44551647089502, 45.1245793465594, 40.46579960870678, 53.545970345825275, 46.65864776199673, 35.926225599029195, 63.7192810088183, 30.378199709086942, 45.99495437731585, 19.79472808761548, 51.02519464441352, 32.16074667680646, 48.441673891146905, 30.83139828068995, 50.491854186906515, 56.19467229094356, 57.27966070428738, 57.20344023033127, 55.31321748620826, 51.97565763476763, 21.40073473875515, 34.40730323684268, 28.072646032429407, 19.20875707083089, 74.31296202049134, 40.85048948869367, 38.34590240350948, 43.897702366906756, 56.64253741293232, 37.96634139574586, 53.37847924881937, 37.36386771165261, 52.59492122057434, 22.9472159933586, 20.923112312601962, 65.24211457554051, 17.194969589390308, 8.447344778207757, 36.77427888737433, 55.75937961900447, 14.241534020232274, 31.92162993597938, 16.182427624644518, 15.963196142839449, 44.57090585800774, 59.77715030788541, 48.04118499579262, 23.78629252687327, 9.342402005625068], [69.21926344330178, 50.71073184297325, 58.928349831220935, 38.99782137278324, 0.0, 76.3333082444899, 66.72868747617743, 37.03136963758517, 48.048695301913064, 24.22554831802106, 21.604891804877237, 35.90945751495727, 20.79898277574629, 40.464638281208096, 26.065485037635767, 31.622510061958597, 44.66414444172898, 52.570072520300336, 63.22475521143154, 60.61539110980283, 52.32793475105097, 39.68583918085806, 35.92814240664311, 69.42185613149313, 32.58406014553312, 4.417887110906258, 4.9048702899957695, 39.31777645040185, 62.03224379102168, 45.630232602923314, 17.601622299765367, 32.688992379659595, 29.25227708949073, 59.45608455630967, 78.0239722243213, 47.35309429829349, 31.65917852234368, 21.16041189361637, 41.06380805323297, 40.598655255104866, 55.52448334126448, 54.12554244180656, 34.56890806822146, 74.46895617176676, 75.00723348907819, 61.77358487165131, 46.73029280202235, 22.115950932530577, 42.482346993164015, 12.525128244395145, 10.705314094218796, 69.72714211527392, 12.305212436151951, 20.695454090542572, 23.32814725261688, 29.087404702364744, 21.76940068697636, 71.62799684972335, 58.43096398648747, 73.24900378178634, 45.46925119233068, 20.597418864689008, 49.187397841781774, 16.4181403059736, 71.21171970104307, 13.388401402903884, 25.55247865719685, 12.706347647485186, 24.818322209003323, 8.671154965938145, 50.36434532830365, 61.325649876921815, 50.30004241172224, 26.520695867077798, 40.254366875984125, 45.20817376653915, 41.74030248817397, 26.990300090846127, 51.4559696845079, 10.779806744882109, 27.129709790723375, 53.10821341613854, 43.070205548097185, 41.49499931980331, 24.80540225453331, 15.23349160472076, 34.21236935348654], [70.72221419637907, 83.71557091261614, 67.05952396596143, 61.11102069367483, 76.3333082444899, 0.0, 11.943408902180703, 87.62935573949603, 90.38454097191087, 97.34530332313943, 80.24559844643133, 104.22129751593306, 75.64113395634476, 104.85333560346149, 62.87937496237449, 81.70906794667899, 88.03933799590354, 88.86060176403866, 59.79004239061795, 15.975401869632822, 28.52134582199029, 110.06101532903205, 93.04974212363229, 6.912378264207479, 96.2395020778933, 77.987971382832, 74.49543064691741, 82.075320767006, 28.238769970168242, 41.98496650377003, 62.64787426808748, 61.147331469273084, 56.07006462572529, 55.81782146657301, 3.9342437536417196, 32.82233277028024, 95.13225273553863, 69.838692088039, 36.120736129243205, 39.104290858468325, 21.850493269016578, 28.06133199012709, 102.42928868636639, 59.642133366048874, 7.403340224918844, 37.345748561488854, 31.936632778347455, 58.85630554508546, 41.74824101309281, 79.76860677963124, 78.13753879739888, 61.882656125438096, 80.08900205193035, 77.63043720253359, 99.60459866008686, 104.80710891322909, 98.09709006071371, 10.907635993677925, 72.44556634854949, 62.244596960983586, 34.38617985718761, 69.73353018343039, 68.47159901391299, 89.0788470765569, 38.34905998084179, 68.48247142589771, 101.77772777568053, 84.83938724664763, 100.44454915932138, 81.66739264979293, 32.52592732066452, 55.98800479275867, 41.072131618953215, 97.68931477555937, 78.30125521454734, 54.541016170169016, 96.95390709080803, 67.72863703485767, 52.960903148342574, 65.74209290026018, 55.63924548977715, 52.341835636819454, 35.68259092759554, 54.154212107028414, 98.20482021718465, 67.61099171830256, 54.750814258241945], [71.6654507423474, 80.4771482003749, 66.3973858765872, 56.93584361242474, 66.72868747617743, 11.943408902180703, 0.0, 75.84901830724714, 86.1854773679679, 88.78939436627937, 68.99388888188962, 96.68577726466079, 68.47842787034037, 97.98472721215875, 56.36561627086284, 70.02019784220852, 83.53572612152377, 76.92928652336619, 60.43992454784248, 7.123660367588468, 16.746813163734465, 102.25915685959555, 86.83810381304559, 7.187967408893564, 89.21173336200249, 67.98895051140931, 64.46073697404465, 70.19090695868393, 29.414106876091466, 30.063581214513775, 52.01962476745895, 55.780322986281604, 44.65141928662255, 55.9149252812314, 11.935973130988122, 27.79951986882216, 83.7509046163995, 58.58547299927212, 25.749464224740002, 27.874056817209535, 16.61701846371141, 16.14716876799232, 94.92848207661339, 62.58864075490696, 8.281668369022308, 38.6165630990317, 20.785060006965317, 51.16778288097973, 29.98679836944528, 71.43080874633335, 67.59322205230052, 63.679587192451955, 69.46040826573565, 66.3966134679992, 89.77931689981283, 95.61166156773855, 88.36937644383005, 16.781865622722968, 71.32116868874454, 64.70776706623536, 28.908972478518887, 62.565360798845305, 56.5954631286064, 80.43390546480731, 42.35318951159082, 57.89026885863733, 92.28074367995407, 76.14433693156349, 91.26819784672658, 72.7273637940992, 20.649599647656007, 56.47608727117173, 38.87715009348171, 86.84539267177448, 73.8217149262824, 51.57841225503772, 91.20179374326806, 56.168187964714555, 51.38985401619039, 56.42368417019245, 48.67938128467638, 51.15414728752499, 24.605930031123737, 42.220708557355024, 89.60446632799854, 59.54870274198957, 49.354500685169555], [103.54309800129352, 87.64476778015798, 93.37664014914209, 72.99682537642732, 37.03136963758517, 87.62935573949603, 75.84901830724714, 0.0, 84.99580759177162, 53.23679079988144, 15.46984826872659, 66.64187314316922, 57.78220627723978, 72.89431871459851, 60.263921834856966, 6.714032043042145, 81.6389200387289, 17.284010524800678, 95.82422919077969, 72.38234446194754, 59.1214199998188, 67.77173494226781, 71.7157537396085, 81.36354801898814, 66.69534879742649, 32.79746366138256, 32.809194881900616, 7.640613279877603, 84.73405305584969, 46.064885519795666, 32.16779175869406, 66.62300192550275, 32.49858693400707, 91.36503869298721, 87.66430571371309, 69.21238634627902, 14.387716245329042, 21.65147806537059, 53.784733603170324, 49.183327857271436, 72.25780902616233, 59.77695847628955, 65.91827652657769, 105.97396222204523, 83.27959267485097, 87.96520370513765, 56.169648938213236, 53.40202693824329, 45.88252980016656, 49.1778300356941, 26.32784700452271, 102.23046069940034, 24.92979961127004, 16.907071952226254, 40.39614342638226, 50.52834075022453, 40.82621325281954, 87.4697006008339, 93.8408523968759, 105.47976400587537, 67.61605890494334, 56.71578128680774, 27.221530423443404, 48.87130060864181, 97.20461337514828, 29.137300932305273, 45.43371122346979, 47.07388352893752, 48.316200204830245, 44.00192716887434, 55.22781915933068, 93.15176856446783, 77.5629755800979, 25.35903735671048, 77.12110585276488, 77.2563823532608, 77.38432590798733, 20.76389126207979, 82.95334299756325, 41.13244421014058, 57.84132261590908, 84.37875638422705, 52.720001213359254, 34.44439684773926, 53.21447294986311, 50.28772826415463, 65.80675224157491], [38.495070422655246, 9.506768023328044, 31.728641320042442, 29.350299573468437, 48.048695301913064, 90.38454097191087, 86.1854773679679, 84.99580759177162, 0.0, 39.76704782716086, 69.63580964793222, 32.67472934512126, 27.803025632903715, 27.28890688151745, 32.76934811599133, 79.66449284779407, 3.4551198951622513, 100.5344225090528, 41.15662803547155, 79.08464455102019, 79.28260088729313, 38.37181772880457, 16.776590715936223, 84.67162489678428, 24.7326320222077, 52.20395668429648, 52.584434782445456, 87.25493035030917, 64.08137023035532, 80.45345657768009, 59.87892114740851, 30.874459788410118, 69.92500427776037, 41.42768077341276, 93.68079969858401, 58.435011285998925, 77.50222074115086, 67.77869201150702, 67.5358595222584, 71.2444110895164, 69.78940068880391, 81.46840647568844, 31.474700738382463, 51.76659907245497, 93.06423004912482, 57.18736736109365, 73.54746780398841, 40.845740245279025, 76.42934057953089, 35.84354401970345, 58.70559101102304, 45.45828515140107, 60.07508626861628, 68.71091689918404, 54.96561079444815, 49.733070017371396, 53.167594698324464, 80.97398567612564, 26.707360892992792, 48.71149885123492, 57.27701178352735, 30.999558016244595, 94.34495304504003, 38.738226183440865, 63.23653729563363, 58.958403721475094, 51.86384092846502, 38.88419221379272, 47.60246444882652, 41.26438316108742, 79.84997703363916, 42.643983687675316, 49.62736041531637, 68.59745172527795, 12.424589935173188, 36.1192631810574, 14.27107312320759, 72.94915022651213, 39.373581444793196, 47.44026367388761, 40.355442497173016, 40.631248969653356, 71.47540777319689, 82.31001753339493, 40.5222948236869, 37.68051925559321, 37.09972448431998], [72.53529981141911, 46.56807971089419, 62.99058247064957, 47.065797736418006, 24.22554831802106, 97.34530332313943, 88.78939436627937, 53.23679079988144, 39.76704782716086, 0.0, 40.02063892297986, 13.406660496764616, 24.575640342456754, 19.862491157299054, 37.33361447539644, 49.84963060875682, 37.244059234060366, 70.39618691228432, 70.12546217248895, 82.21895172675283, 75.53773407095177, 15.68138173935213, 23.154814658994926, 90.52276995068401, 15.71507066891019, 25.629205743834557, 28.49711442587466, 57.98297403383703, 78.61865564746682, 69.76844377343384, 41.8267806580648, 42.39201740539238, 53.45324081078845, 67.76019011633298, 99.494349806575, 65.87563089495335, 42.063476683519085, 43.81860944875622, 63.71457379364133, 64.10181295842506, 75.70696817837823, 77.45639009107826, 12.746251695663377, 81.95787838373964, 96.97515870335545, 75.8731402543748, 69.72143538542662, 38.779043732136024, 66.50370868834614, 17.623240993315303, 30.784682688217774, 76.17611595898263, 30.803304813139725, 40.447093410135004, 15.768631772952695, 10.526795475892955, 14.245205019983352, 91.14443200256501, 60.256661215796804, 79.81694145990247, 64.05424427647684, 29.561946681873255, 71.53967094837041, 8.374462219872873, 84.68705169313866, 37.28622329256001, 12.116454183564223, 12.67378023289232, 7.835914533095517, 16.38407236092522, 73.95918150566327, 69.54492650465734, 64.75078659201206, 31.2991974924762, 38.53591039799767, 55.241588785622795, 27.60245457767551, 49.766459143626086, 61.29444609104755, 32.83974942452381, 42.78836927944534, 63.02155969140915, 66.24128241366432, 65.52670271432339, 0.9756557553925883, 29.86258122999631, 47.01826350818671], [88.65332457159339, 72.1749587318065, 78.42483400004434, 58.05876323049595, 21.604891804877237, 80.24559844643133, 68.99388888188962, 15.46984826872659, 69.63580964793222, 40.02063892297986, 0.0, 53.303250721600854, 42.31982907909648, 59.1055811794754, 45.18139142817952, 10.209436565585218, 66.26069522971504, 31.27704421589963, 81.37778578047167, 64.39578775696627, 52.49385441657816, 55.315303103355824, 56.8050911542371, 73.58067595519795, 52.29653266417124, 17.45471544226542, 17.342404266906097, 18.246421350534984, 73.2014155343257, 41.21389349765139, 19.307299182429954, 51.65127950626611, 24.42170951949042, 77.08574356605295, 80.92215625060697, 57.58616768324115, 15.082502151240211, 10.412077085733653, 44.547380709440354, 41.16547623425331, 62.45275191763636, 53.64785938233024, 52.37087166518093, 91.89586806106375, 76.96855875948013, 75.3584394511744, 48.324379925672126, 38.76395418385524, 39.707103770568246, 33.89445471930266, 10.93321086807383, 87.84219691679994, 9.800806542249482, 2.6273068791318375, 29.770687173009733, 39.48854366246886, 29.578806586242177, 78.3806887807437, 78.6541718471629, 91.1850343208498, 55.84869307973126, 41.30608998558577, 32.57037190077007, 34.5684613223666, 84.77563704258255, 14.842977524263597, 34.46980157305815, 32.27876481686822, 36.44439683638788, 28.93644053507323, 49.15948024988957, 78.9074144385029, 64.46952204560209, 19.175562647491017, 61.65240586579622, 62.82784246111489, 62.54562067921258, 14.009161272857718, 68.72338403511499, 26.14717891833041, 43.437880915870394, 70.22368706167224, 44.56305632439253, 31.93069320589972, 40.170692246786935, 34.9702083788126, 51.35288631814145], [69.3641527298283, 41.131995131194884, 60.766689446152526, 48.438204635668136, 35.90945751495727, 104.22129751593306, 96.68577726466079, 66.64187314316922, 32.67472934512126, 13.406660496764616, 53.303250721600854, 0.0, 28.635926856151656, 7.129043268014052, 41.72110135842098, 63.20820941336741, 31.065537622777512, 83.80128148058776, 69.0564749596097, 89.82795995665748, 84.75261826181364, 6.452983993017068, 16.640266767050278, 97.57661499472732, 9.307669323543447, 38.082167576387725, 40.56916202702241, 71.34490515487184, 82.81320983327666, 80.45829235212902, 53.23938223143416, 45.219639444015456, 64.94913193136095, 67.60154790965255, 106.72508500036268, 71.74942560132764, 55.248439390429816, 56.45200970626878, 72.59732778428133, 73.82436712904376, 82.37181671428812, 86.78257468482742, 1.8151465359090493, 80.69096771562897, 104.67780766215594, 78.65102435245129, 78.7997599097248, 45.54580313991877, 76.94573535040232, 26.089620733651984, 43.702314936373625, 74.56495627652289, 43.91356867000573, 53.60675669978676, 28.108330667705584, 19.613240581078447, 26.92372312241408, 96.97979619634836, 56.98207504984003, 78.11885181171183, 70.0419420705475, 34.50818881969068, 84.4036232186861, 19.56809584701535, 86.78058618433893, 49.28436564941624, 23.52557908766386, 23.264386007915867, 19.48724646234842, 27.34012198400329, 83.65394026548508, 69.2422842243123, 68.2378152616521, 44.196258809871814, 35.65097078673418, 56.88548256508489, 18.61860906880114, 62.40231952415492, 62.38501285166611, 42.767141474891346, 48.59677164544843, 64.04212446005755, 75.56428967002005, 77.36489300895485, 13.456577517872889, 37.22448220391738, 50.90917123252986], [50.605537371058325, 29.91363528052389, 40.50482990344636, 22.714705012677868, 20.79898277574629, 75.64113395634476, 68.47842787034037, 57.78220627723978, 27.803025632903715, 24.575640342456754, 42.31982907909648, 28.635926856151656, 0.0, 29.52098130723929, 13.205433019787982, 52.16742214375018, 24.356138478578895, 72.87875961962513, 46.54190463021976, 61.51818149169496, 57.7233643747559, 34.67209100800755, 19.516113843844124, 69.0457741514427, 20.733433211953997, 25.153249950057987, 25.0368867085905, 59.59823632746953, 54.63711153147491, 55.78231154253282, 32.40583120109793, 17.81702714793082, 43.088075544611925, 43.71212600281034, 78.22035283413808, 43.11361022043509, 51.866852550229396, 39.97597840713677, 45.45513564737524, 47.711609777451656, 53.792693549955985, 59.84404655015154, 26.83150932000949, 58.31198008861563, 76.34357314219004, 51.380986134880395, 51.73181080186083, 17.456486931014247, 51.91821546219393, 10.18328076731543, 31.487175159563375, 52.838313839456916, 33.08832956181642, 41.18954438720327, 34.88346230201136, 34.52988607996993, 32.906094070412585, 68.35979022165559, 38.99184739455542, 56.476286242535714, 41.40801355898468, 5.924707082885756, 66.81055073097265, 18.153974391542313, 60.12127835718294, 31.161665887148995, 33.96200262335263, 15.575553842057811, 30.665292435108736, 15.92426851466652, 57.23660010769072, 45.54173255912353, 40.41027464969217, 44.73542797742766, 19.50014944525491, 30.725828163133922, 24.905560038244023, 45.192890980948484, 36.857857705387204, 19.94049848429318, 20.00393606123792, 38.59030096422657, 48.858011126737615, 55.73619007783041, 25.548997173213884, 10.768075070796378, 22.72553059585477], [65.0837228851138, 36.288176220483095, 57.05431529398437, 46.84117240888674, 40.464638281208096, 104.85333560346149, 97.98472721215875, 72.89431871459851, 27.28890688151745, 19.862491157299054, 59.1055811794754, 7.129043268014052, 29.52098130723929, 0.0, 41.974114241996645, 69.15276765371745, 26.220270239652375, 89.94231673572577, 65.78456410498282, 91.00192607926816, 86.97283289809987, 11.318224031846723, 13.093254062473166, 98.35843763827971, 8.847995365887991, 43.1318767379175, 45.28720591237703, 77.28251711410984, 82.095357644081, 83.71271852413628, 57.28063556380679, 44.50191813431243, 68.92139536444725, 64.802266590972, 107.55473665347282, 72.09865575758376, 61.922266970182726, 61.44506443172672, 74.71974094729872, 76.47252261346493, 83.05148147712468, 89.05973076077241, 7.1721083411866156, 77.19073492307982, 105.8069054602944, 77.21784839377129, 80.98303047152373, 46.94744838257473, 80.05205862671929, 29.394377411574066, 49.088494496766785, 70.96236009105941, 49.51406383591545, 59.20991093951545, 35.0668873042722, 26.742051144665886, 33.795420511688185, 97.05356544472227, 52.827197202324996, 74.43733773113505, 70.47946472489609, 35.42217185873949, 89.50614708186347, 24.676255107511146, 84.90323618934039, 53.81104968556115, 30.582489508244663, 27.79734380646423, 26.474887243220852, 31.794068196549667, 86.1983332143856, 66.34737716952431, 67.3235772171554, 51.03490864975374, 32.32669556073937, 55.20777152349464, 13.02782334864882, 67.35649174497931, 60.308165886000076, 46.05302536281234, 49.375508961507165, 61.89976134073899, 77.93542450489674, 81.51642965047157, 20.079539824628146, 39.2730997446727, 50.57763447654524], [43.537999818844796, 30.843551118007348, 33.274509961562806, 13.00896267861264, 26.065485037635767, 62.87937496237449, 56.36561627086284, 60.263921834856966, 32.76934811599133, 37.33361447539644, 45.18139142817952, 41.72110135842098, 13.205433019787982, 41.974114241996645, 0.0, 53.94980932600801, 29.539111178456398, 73.38691826286687, 37.16065086133433, 49.29915443550733, 47.18147484970961, 47.838136532840146, 30.472596989046078, 56.40792201094989, 33.40213570723628, 30.267459526531955, 28.58457408127292, 60.41179878581817, 41.46114259640952, 47.69123454723112, 30.076038376912212, 6.632146856904488, 38.38988014592202, 33.48134343186783, 65.60961897172281, 30.149131075426247, 57.38263876722257, 39.80267624008717, 35.12863869541596, 38.52070192119969, 41.090673059928, 49.35759261498196, 39.90870410620118, 48.479470045000696, 64.01185711003035, 38.61310135058562, 41.29371779878598, 8.390630203871718, 43.6634216402992, 20.697740538124055, 35.43936701192102, 43.66196591477825, 37.48383162314962, 43.39573157858628, 45.55786449674856, 46.813135225185825, 43.62803223867217, 55.27882725339076, 33.60545188500113, 47.189394154896334, 28.50919413480113, 7.7743962323072475, 63.655383695273784, 30.090232143921213, 47.61525628694694, 31.306015911885144, 45.53589883569174, 26.6167776416747, 42.71169248053707, 25.30158562731115, 47.372948968302396, 35.35318323287683, 27.417685162303243, 52.45185754553838, 20.95117032845569, 19.4027024272975, 34.98137285992877, 43.87733538330154, 25.70758865757354, 19.133310386194015, 7.9044791980960545, 27.40827324927798, 38.94088193579427, 50.26817759766694, 38.29346032107814, 10.83208989397927, 9.68957960688055], [97.08389723104094, 81.89732583312671, 86.9513689007724, 66.58502407043271, 31.622510061958597, 81.70906794667899, 70.02019784220852, 6.714032043042145, 79.66449284779407, 49.84963060875682, 10.209436565585218, 63.20820941336741, 52.16742214375018, 69.15276765371745, 53.94980932600801, 0.0, 76.27068948163124, 21.06917071212221, 89.23376702529163, 66.28733311085496, 53.27351450978447, 64.90688277181438, 67.01072219937642, 75.33782081729304, 62.47016148344868, 27.584397295016547, 27.134766269844373, 8.137377383492355, 78.09686837160325, 40.55849335026818, 25.483001480979095, 60.23649470716113, 26.11431197764744, 84.7436764786459, 81.89744204849859, 62.553721995663885, 15.920499484876265, 14.954467651014921, 47.38716488951779, 42.97546253144385, 65.82597742718974, 54.05351388826293, 62.33983867896999, 99.31582341027104, 77.60861617898851, 81.25826105407809, 50.037609877002694, 46.911750289970065, 40.04107013010327, 44.020285724032775, 21.056948307444443, 95.62458339337968, 20.010202684636923, 10.977905071480219, 38.37271417565091, 48.39081652227232, 38.487943765434615, 81.19075460435987, 87.55391875515181, 98.85482968389223, 60.945042897351975, 50.74064405329201, 25.204364099998788, 44.70574972055713, 90.50708772811628, 22.68764151028993, 43.29325267124664, 42.48550579442906, 45.70852877731843, 39.13645316734509, 49.490245873439825, 86.52342568189742, 70.84977341731935, 24.94727475202325, 71.33742508180342, 70.6746233284583, 72.754223949805, 14.285795913838676, 76.32828687885694, 34.82862093894105, 51.278322533384866, 77.74070344132288, 46.50744429295711, 29.423504282179422, 49.93760530456748, 44.19339493232065, 59.24326070639879], [38.91992501153288, 10.098550411296237, 31.42107583906573, 26.928318357653737, 44.66414444172898, 88.03933799590354, 83.53572612152377, 81.6389200387289, 3.4551198951622513, 37.244059234060366, 66.26069522971504, 31.065537622777512, 24.356138478578895, 26.220270239652375, 29.539111178456398, 76.27068948163124, 0.0, 97.1206907059178, 40.62396637228583, 76.42201973825016, 76.26668414286122, 37.01208604024681, 14.664191563987677, 82.21671583208773, 22.653310501943274, 48.84205634345959, 49.17533092610162, 83.83986737103824, 62.12274206575635, 77.19001572328878, 56.42811042937947, 27.974795018496938, 66.50621284226891, 40.47906931683766, 91.27501652666447, 55.85334889420182, 74.3122158345185, 64.3303386337633, 64.4431491797244, 68.05104349810512, 67.22724703742742, 78.45248589395877, 29.739413397953488, 51.59566452529026, 90.53154751183921, 55.5463441406649, 70.49453146143925, 37.53878274565222, 73.1723312673141, 32.51953206856093, 55.33434078132731, 45.30135689652709, 56.728079245036135, 65.31114392245564, 52.217949521740316, 47.38612552847804, 50.38888040871736, 78.80409542931557, 26.78679422632001, 48.666630055411815, 54.63678608827538, 27.566051799944933, 90.89473860199425, 35.76229085573697, 61.97284420756656, 55.5077170904886, 49.28749687352048, 35.72579805418511, 45.062405038534955, 37.99603634974321, 76.74786147475272, 41.80556402739756, 47.51851142643842, 65.56595469221524, 9.750546449042309, 34.09783844046693, 13.30770614037423, 69.49468314815496, 37.773012839177284, 43.98691240069867, 37.204256510764004, 39.120542001586706, 68.3527863596984, 78.91271064181964, 38.03568903469767, 34.23417860848321, 34.288566734984975], [115.59403148046032, 102.36120700075469, 105.68638174223855, 85.53307958451867, 52.570072520300336, 88.86060176403866, 76.92928652336619, 17.284010524800678, 100.5344225090528, 70.39618691228432, 31.27704421589963, 83.80128148058776, 72.87875961962513, 89.94231673572577, 73.38691826286687, 21.06917071212221, 97.1206907059178, 0.0, 106.93864460005197, 74.9699859736692, 60.94522425676854, 85.04460164340507, 88.0797760773939, 83.3089305234297, 83.46376715307595, 48.61720157210199, 47.951773932905816, 13.282228294658273, 91.35516176333999, 47.22021670924327, 43.52769322572614, 79.34973872468822, 39.23429329117874, 102.20247954268173, 88.12743772212738, 76.4868961855436, 30.869506942287874, 33.61067659371358, 59.0134249032842, 53.45085201198311, 77.06504770011256, 60.983690905924306, 83.02737580223744, 116.22726889428742, 83.39867952135482, 96.05001282799903, 59.61322311963836, 65.74933142799887, 48.50474729640364, 65.0305154998592, 42.098904907274836, 113.14671037553731, 41.07658990853564, 31.8780542786703, 57.658781698345784, 67.79054794110876, 58.10936598948691, 90.80106994809928, 106.83217270859106, 116.16709128443077, 75.14402614431295, 71.0001976206516, 20.829455577691718, 65.6615605859968, 104.8251468296278, 42.32637288280975, 62.70175817353005, 63.54263569870757, 65.59816194907849, 60.2039522875364, 56.74172309750236, 103.89498720153371, 86.64469054323462, 42.318527696071094, 91.78394004786452, 88.61987596284439, 93.82266136617709, 29.850427018510903, 93.8311696986022, 54.574658471386925, 69.62549555397136, 95.09087343425645, 56.80811230735761, 35.12366139888012, 70.40470840865751, 64.29298276097735, 77.46343608386147], [11.241039225134688, 31.874560323510273, 9.619630398634783, 24.364720279121116, 63.22475521143154, 59.79004239061795, 60.43992454784248, 95.82422919077969, 41.15662803547155, 70.12546217248895, 81.37778578047167, 69.0564749596097, 46.54190463021976, 65.78456410498282, 37.16065086133433, 89.23376702529163, 40.62396637228583, 106.93864460005197, 0.0, 54.39434779727629, 61.632078812558674, 75.46302360807545, 52.833752618198794, 56.06875540101414, 59.768892903764154, 67.39605190939261, 65.51801070709196, 94.70854824448752, 31.667778634828743, 69.6671225711051, 63.90897166726248, 30.54860732577527, 68.37515573253232, 5.044326801409317, 63.64115659587127, 36.47354635758199, 94.34238421795467, 74.39477378517829, 53.88904443706673, 59.68051903519787, 44.84737198373403, 63.50690022464031, 67.40281292417102, 11.832592929485394, 64.85490584219217, 22.44641402134708, 57.7182496792665, 42.617214484931544, 66.03068337971631, 56.3440385373432, 72.29398995316275, 6.507914045098015, 74.4048476325764, 79.32380399290892, 81.39112278398896, 80.52879536955543, 79.4162746184195, 48.98156365356964, 15.33118550465742, 10.043573216761049, 36.70684148450056, 43.54442805775605, 93.18382638503542, 64.63490547037014, 24.39307043956836, 66.76782898080799, 80.43159424371198, 62.04903719658791, 76.93411086768013, 61.671541035507744, 64.26635077289943, 3.982382715611981, 23.421150879382925, 89.57505431226943, 33.5072520750792, 18.57226671689601, 53.56006251634757, 77.17263874083963, 13.1291337954911, 55.36061042080253, 37.99835874035151, 12.02037105684598, 57.83396552451022, 77.3474525619051, 71.08871108182343, 47.992304499936445, 30.04366169196742], [65.63504978368152, 73.46345688807364, 59.91906733262422, 49.86260561622783, 60.61539110980283, 15.975401869632822, 7.123660367588468, 72.38234446194754, 79.08464455102019, 82.21895172675283, 64.39578775696627, 89.82795995665748, 61.51818149169496, 91.00192607926816, 49.29915443550733, 66.28733311085496, 76.42201973825016, 74.9699859736692, 54.39434779727629, 0.0, 14.073020716642741, 95.46927750465015, 79.7678261320131, 9.18892776454262, 82.24870625816513, 62.12714030687616, 58.620888869086116, 67.20322267940996, 24.26959586172339, 27.76195026780576, 46.6724730483502, 48.65666441494771, 40.39296160725726, 49.731314792125076, 17.410794107652997, 20.751184871486682, 79.3446402438856, 54.004029749914594, 20.145363171236504, 23.3824632775375, 9.79847536287268, 14.439340521984462, 88.0616271198114, 57.39900673666572, 14.850100385914715, 33.14753935968026, 16.255587816395753, 44.28319076644719, 26.76565661367206, 64.76561887794603, 62.16756562694179, 58.01310244961078, 64.1145946092655, 61.774588342546856, 83.81867882567613, 89.31161546339705, 82.34803044695461, 15.942952293542252, 64.70468197498042, 59.2934880223452, 21.809703721797774, 55.59785260374117, 55.23054461747495, 73.88767086416496, 38.0318013760134, 52.508081372537134, 86.13074752535914, 69.6120865851082, 84.95585699150138, 66.29011305767935, 18.29792331208163, 50.41360019784966, 32.23878589452566, 81.7186856331251, 66.71286478621303, 44.675578999087115, 84.09935721229775, 52.15888170000686, 44.77739425234066, 50.13846489897974, 41.65406189701972, 44.64132673539859, 19.892641729301722, 39.864504194781226, 83.05091345890247, 52.77929584903453, 42.231130016009224], [72.64912357272408, 75.15315360678993, 65.40495232143523, 51.3847785188137, 52.32793475105097, 28.52134582199029, 16.746813163734465, 59.1214199998188, 79.28260088729313, 75.53773407095177, 52.49385441657816, 84.75261826181364, 57.7233643747559, 86.97283289809987, 47.18147484970961, 53.27351450978447, 76.26668414286122, 60.94522425676854, 61.632078812558674, 14.073020716642741, 0.0, 89.88205670122638, 76.9850168709375, 22.47689280152675, 78.1256057409003, 53.007764709289084, 49.479414065729145, 53.58338989927017, 35.04579984984761, 13.72622415034933, 36.38360765194691, 48.45875072975258, 28.078889345971934, 56.6617786959789, 28.640028417705775, 25.190123783731057, 67.12753904921902, 42.115450106136784, 12.268905796704853, 11.887467565043204, 18.86927636040765, 2.1859285998726965, 83.07014962629067, 66.74210293854922, 24.49838736266249, 42.73267488162557, 5.9933503604871445, 40.37444725143948, 13.243528123839653, 58.806426927808936, 51.88781417591992, 66.23737146235077, 53.63483535316869, 49.91949812538179, 74.81141544148765, 81.4152724477084, 73.53801633579684, 30.004322435726976, 69.4215389641222, 68.10412696273325, 25.197679914391717, 52.027682755129604, 41.16530992490478, 67.18080891541877, 49.36092750498923, 42.221977103290754, 77.71695523381439, 62.893931021906425, 77.13823493932277, 59.18457279996022, 4.224949207908994, 57.71938663777067, 38.24490308694628, 70.69170177314206, 66.92199618994395, 48.29165958047603, 81.91733808715979, 39.46308361500465, 50.162564164503095, 42.70097892989258, 39.29074335372024, 50.49709370407241, 9.299599627100145, 25.890079577023652, 76.2802567981437, 47.71997296125549, 42.4886431616111], [75.57351492434246, 47.10936998623944, 67.10228601896212, 54.86305974083391, 39.68583918085806, 110.06101532903205, 102.25915685959555, 67.77173494226781, 38.37181772880457, 15.68138173935213, 55.315303103355824, 6.452983993017068, 34.67209100800755, 11.318224031846723, 47.838136532840146, 64.90688277181438, 37.01208604024681, 85.04460164340507, 75.46302360807545, 95.46927750465015, 89.88205670122638, 0.0, 22.85393884023821, 103.36738267948638, 15.752755431430476, 41.29969093994208, 44.10093628252226, 72.9997605357933, 89.07398935294388, 84.93433055085372, 57.25234141393742, 51.538702741350384, 68.93337318515647, 74.04568736120332, 112.48473070187127, 77.74018974286578, 55.51873186750377, 59.49469798716824, 77.81974598453, 78.7349593193749, 88.22645851446705, 91.87380769537633, 8.207100249708834, 87.07284754703404, 110.31450555397856, 85.03637628153518, 83.96764260768356, 51.247893967919865, 81.54105307874707, 31.07886050963234, 46.4187790836543, 80.92840985158443, 46.33921472280225, 55.90757455039065, 27.86737149559729, 18.179112216829573, 27.084581495479636, 103.01957991957713, 63.21488797968534, 84.47064784143951, 76.00739584238319, 40.47611864364989, 87.14504581366981, 23.33116572043364, 93.20849068365436, 52.89124968733389, 22.89796017871973, 27.417249552670253, 19.497295675742144, 31.421172328595972, 88.59475590796417, 75.68163563946814, 74.55222593137395, 44.09127363178199, 42.01743468513823, 63.31020603987499, 24.123855640259908, 65.43997421701424, 68.83154280633592, 47.471962081095, 54.5178362489021, 70.49066208630067, 80.63559545609714, 81.12439181884432, 15.323509649848102, 42.710510543935236, 57