instance_id,num_cities,city_coordinates,distance_matrix,best_route,total_distance
1920,65,"[[83.86461022637522, 29.722113599646825], [92.77785067972198, 97.78497661916319], [54.37599843133608, 78.6679305759293], [60.087602372309654, 39.851946660251784], [18.761954450706142, 25.91470609175539], [8.144456962831924, 85.66866677800597], [29.06810434456074, 50.90844210534606], [42.44791117700926, 67.03105774398392], [21.466619347608283, 88.47932424641994], [82.70759792311843, 6.557375631182383], [81.72699530714779, 12.493607755965419], [53.512118031038426, 55.664605461603266], [72.84358329181106, 34.60284354026473], [38.36365135551725, 96.71147180186942], [29.697939966598508, 49.80791559090382], [89.68089919333173, 21.262715481343143], [29.288875455878728, 85.40519663729594], [90.41994619705548, 87.28213049225292], [5.3761371887607545, 77.62225787591939], [90.40659125987263, 8.999905106747363], [50.8041593178481, 75.9202385236524], [39.097626811182096, 33.82348384391211], [97.42171868469586, 21.618044678979743], [60.293847707365224, 47.695154968716125], [48.95116347729503, 9.793311841330732], [98.44437983865222, 45.2369910440405], [6.168421425058979, 44.1293129636078], [58.02300956348081, 3.1075452995481645], [1.1451823588098042, 87.35984063683296], [16.384701384525457, 5.735085042354582], [5.468960842696835, 28.037446604122263], [66.75306755781685, 36.78795945705038], [9.28137910771355, 3.394527030872263], [41.637861091528436, 96.11481574280545], [82.87298468923633, 63.183067769314526], [16.414163414561212, 81.72951468695838], [69.67602845509614, 47.95969719345351], [18.12192119675551, 47.41729723006243], [26.604936527030233, 12.063286167110665], [38.28478496961743, 70.26830508430929], [20.294050982401256, 88.0412644849254], [58.94380041512589, 40.30945661674454], [33.601590350109745, 12.418402002495277], [74.5316332754413, 49.161730731027596], [86.51611625165353, 9.633788339320725], [22.015437674900117, 88.32307490051528], [81.74564239029341, 88.61884436360505], [88.67672684458663, 85.21806153747139], [16.129299316130506, 84.81319449892104], [31.891918418033338, 45.38885066155518], [87.81508821931618, 25.706207703753915], [11.5902370767075, 2.863518775408447], [65.74854930970584, 88.79484915587408], [51.64729240548185, 75.59961613808282], [72.53767298097792, 94.70433761350735], [56.33394920468946, 82.40876624213264], [3.429460879060975, 42.0908840121288], [75.59162744032302, 43.377514978851], [4.106089444442929, 63.018186581077096], [81.22119022042962, 93.77481140143745], [17.4927165922665, 12.427348512375058], [41.728723192480835, 85.43518863157999], [39.20039407371099, 67.19714551121889], [82.7718920299997, 96.24059581667743], [6.5630905316100385, 44.71844753511724]]","[[0.0, 68.64400321799876, 57.142551790012526, 25.844914786627193, 65.21389530595766, 94.14647323608811, 58.749617636263245, 55.74316346702093, 85.70833721812568, 23.193614694943644, 17.360610909431383, 39.92851946260539, 12.053404475318697, 80.98093214154304, 57.77081969873166, 10.265994051775982, 77.96868962806357, 57.9320979627494, 91.9503356245319, 21.730334573260357, 56.808979578664825, 44.95446631845073, 15.79465488137019, 29.641374154749354, 40.20081968596064, 21.290399340116466, 79.02066278994815, 37.0961395649348, 100.81969710701642, 71.61644808500843, 78.4137484448642, 18.51299733102343, 79.09361654796183, 78.68347501456367, 33.47564450687258, 85.1723695981851, 23.10682384105093, 68.08245504209883, 59.920817905362, 61.004213906479364, 86.26899421328321, 27.07653215997478, 53.158156496621054, 21.563932224465386, 20.26255896886528, 85.20207046010106, 58.93483621231616, 55.70418928469384, 87.31036329530357, 54.28266154097329, 5.6332740513291455, 77.10362592064017, 61.788184543911235, 56.059796706165955, 65.96202653912871, 59.44594740569727, 81.38058571945423, 15.965971032338977, 86.42945165455266, 64.1072208492565, 68.58817072937107, 69.8525569012826, 58.30326081194136, 66.52745680930623, 78.74271381292564], [68.64400321799876, 0.0, 42.8971293389894, 66.51983384390253, 103.16825422709849, 85.4962940495379, 79.0970370248828, 58.98225442052745, 71.91583191609881, 91.78172570073042, 86.00429644514054, 57.584055318191155, 66.25222227738752, 54.424787557573765, 79.2519622500601, 76.58490424459495, 64.6846885079709, 10.764269149130973, 89.69723935704616, 88.81673150201496, 47.327133216867544, 83.50232926460828, 76.3083680288614, 59.700926978411964, 98.30214433832974, 52.852628512802546, 101.88289099812864, 100.8549204664581, 92.22380041974186, 119.62063282954327, 111.74775249539844, 66.31685637315209, 126.02070361037865, 51.16725488467659, 35.99164439620277, 78.03326592285981, 54.92042115596224, 90.05781994923544, 108.29156375921914, 61.046387467587394, 73.13577199097719, 66.69466513039585, 103.87146792252996, 51.93403980302678, 88.3733065647987, 71.39220320454002, 14.343207460945399, 13.21917438350702, 77.73845610450567, 80.32714835434196, 72.24941480454622, 124.90601171175106, 28.48518078505632, 46.732355425616475, 20.473278437023826, 39.55484547158008, 105.2851685247822, 57.05732338075892, 95.24395482191349, 12.232654088333767, 113.81465674763903, 52.52171627571641, 61.694078064730945, 10.124441740809148, 101.23754924149618], [57.142551790012526, 42.8971293389894, 0.0, 39.2339524764034, 63.649531201194954, 46.758589947998715, 37.564327536319375, 16.664215398682966, 34.3408019334704, 77.47652330998163, 71.60389675696048, 23.019540735240604, 47.7784845515169, 24.12394326905708, 37.97245099443676, 67.3928389212835, 25.97603690264092, 37.05901524239815, 49.01101746737341, 78.43364961768879, 4.506422779410325, 47.37565875071559, 71.46763962091845, 31.533058349430338, 69.08792904780763, 55.31410270306744, 59.30334381286018, 75.64834772361617, 53.93578663794531, 82.23465576582218, 70.39420596125778, 43.67062881479744, 87.74742146182665, 21.60217454132719, 32.432378912479386, 38.085091769742924, 34.308694469486305, 47.8639760221478, 72.162390038842, 18.151607616684213, 35.34739778939167, 38.62948795208875, 69.43036848042485, 35.73325405355893, 76.14919545108926, 33.77021919383361, 29.12246719716317, 34.920541022339926, 38.73724644179411, 40.162557363692606, 62.63478917852043, 87.04556406341551, 15.227914939542424, 4.106140531573457, 24.228346479320265, 4.22225327430912, 62.71706325949747, 41.176648081910166, 52.64957964366794, 30.803931087919945, 75.81682657127443, 14.343965719393296, 19.023088014829586, 33.39349243385638, 58.63993145089846], [25.844914786627193, 66.51983384390253, 39.2339524764034, 0.0, 43.61256528575766, 69.26227109602145, 32.93106966712301, 32.40158614585726, 62.09832671418805, 40.251616846138695, 34.88182957056741, 17.12533715552081, 13.793771521340409, 60.868182551397446, 31.978944611747306, 34.947428125114214, 54.98781831591394, 56.2998527550474, 66.48263556643245, 43.256092694363076, 37.24384503362779, 21.838531039992645, 41.54890398421381, 7.845919557846375, 32.055292830352485, 38.73294567442424, 54.088574916662814, 36.802358278006395, 75.70474798279105, 55.44279756111533, 55.88182543651048, 7.335969173912227, 62.533317267234864, 59.21066956831628, 32.61157554510772, 60.507024172633194, 12.55681223295519, 42.64214963826746, 43.512050791817465, 37.42349137207635, 62.49589654232258, 1.2319083884556545, 38.132770753372206, 17.18435649581016, 40.144780958170976, 61.63554167548742, 53.359919499844715, 53.62296538932206, 62.87961684671058, 28.734193908461823, 31.127405963576994, 60.9929359680884, 49.26919955635575, 36.73056908669379, 56.247569293700316, 42.72204120857925, 56.702361837357515, 15.899824693332235, 60.58551362959754, 57.91635241648431, 50.6599731364659, 49.14143255295077, 34.40981503449244, 60.7803977525686, 53.745290012709575], [65.21389530595766, 103.16825422709849, 63.649531201194954, 43.61256528575766, 0.0, 60.68992561042562, 27.035228231913603, 47.450805253757494, 62.62305212175078, 66.81131312630139, 64.37951732183389, 45.74527714831256, 54.77505189802399, 73.4602515416389, 26.27700971141892, 71.07135667796798, 60.41468804188427, 94.34420257053768, 53.41208679018445, 73.61429532285018, 59.39070774578629, 21.819448569696593, 78.77702589361243, 46.89654689595412, 34.22408061918832, 81.99170452846371, 22.144276406426084, 45.40481287231481, 63.92069475686651, 20.319164299697114, 13.461415465894362, 49.20746463703847, 24.434397348172883, 73.83334273659203, 74.15628753096458, 55.86416544859995, 55.48174983180011, 21.512114452730188, 15.917732306405517, 48.46011406365458, 62.14544695762028, 42.682427154334036, 20.05903830438158, 60.4208675110929, 69.68281512834065, 62.493116824657626, 88.87493405278315, 91.6785872819223, 58.95729649251764, 23.486980659692577, 69.0534485369366, 24.141059769318915, 78.4961941001461, 59.582176350914374, 87.31461108168223, 67.847134221482, 22.28798086943087, 59.45217764164754, 39.893140306364536, 92.22879173869212, 13.546947228632899, 63.79780802043064, 46.06484145902261, 95.09470476586462, 22.414124412642774], [94.14647323608811, 85.4962940495379, 46.758589947998715, 69.26227109602145, 60.68992561042562, 0.0, 40.57181582143843, 39.03956251713409, 13.61542529673977, 108.71181341869449, 103.7736922927571, 54.39180421973621, 82.42387548933522, 32.17364220193244, 41.839528024308585, 103.90533178829534, 21.146059914890657, 82.29130813085929, 8.509306116898818, 112.4506903282884, 43.7593653798687, 60.382296388349395, 109.87680215507939, 64.51005002444418, 86.15252046994314, 98.93834683294251, 41.586327461850935, 96.45832669768, 7.200688439537483, 80.35719704680666, 57.69329092901113, 76.31705434613879, 82.28199476856652, 35.08461412532516, 78.03816386189297, 9.15996528345919, 72.1671717433649, 39.53121633383631, 75.88505360487628, 33.846868579726824, 12.379089413976871, 68.1030927464943, 77.54783639780078, 75.76287717807219, 109.19441248923307, 14.122676389247586, 73.66028810773238, 80.53353051611839, 8.030537978698165, 46.75901530123753, 99.71412128198313, 82.87681181322831, 57.688859161599574, 44.652911129506606, 65.02406951742672, 48.29962850821769, 43.832115381988544, 79.60943616129256, 23.007665361027975, 73.52495171204176, 73.83549728543011, 33.58507779101896, 36.13403281871874, 75.37253974958684, 40.98074152367731], [58.749617636263245, 79.0970370248828, 37.564327536319375, 32.93106966712301, 27.035228231913603, 40.57181582143843, 0.0, 20.951323726793166, 38.3321504616863, 69.60037621133824, 65.18173283597166, 24.90242749163447, 46.713650056773965, 46.73675987500099, 1.2680108516010795, 67.4742914482569, 34.497460966297176, 71.32386490902837, 35.70626360648279, 74.28819186400221, 33.13677784384854, 19.811287684131056, 74.3649378050867, 31.39063973196723, 45.67044971426007, 69.60770760894847, 23.8820449236259, 55.88660189772844, 45.9172519552686, 46.920154507281346, 32.86338401988701, 40.24356448682554, 51.469278422208276, 46.92137042039078, 55.18724113502515, 33.317573983424005, 40.7148449232269, 11.489430710244717, 38.92317221865585, 21.441816534718466, 38.15534707318767, 31.700090048584524, 38.756105099475235, 45.497070932909374, 70.73804574331089, 38.07354533466373, 64.78423768972911, 68.77745169696144, 36.289735607101896, 6.199985131265348, 63.924648870475394, 51.12524329538471, 52.73362193173666, 33.45853865017623, 61.70643289640041, 41.66169363647171, 27.112531594786113, 47.12911058599033, 27.74433454132937, 67.50903630629487, 40.18437713498814, 36.77482148561862, 19.18293913350967, 70.27873769405994, 23.340772898525962], [55.74316346702093, 58.98225442052745, 16.664215398682966, 32.40158614585726, 47.450805253757494, 39.03956251713409, 20.951323726793166, 0.0, 30.004045440406983, 72.6492161359984, 67.20996876429953, 15.862311016884721, 44.4464392246762, 29.96010942798743, 21.42891484633573, 65.77002592686345, 22.600203565028146, 52.071317358217705, 38.55502492374358, 75.28379421692748, 12.200181061152332, 33.37614971294078, 71.30540840311076, 26.312631696204438, 57.606005298908414, 60.0881506280227, 42.90327832051241, 65.79361012273306, 46.03449599739651, 66.60696040299327, 53.73959878482801, 38.799299229349934, 71.76090084930948, 29.095036698292763, 40.60780214828326, 29.89649911048521, 33.24285131810419, 31.24825419150439, 57.20538224579217, 5.273650553564996, 30.532315811600995, 31.40315793928205, 55.32449330369677, 36.72435256863471, 72.36334178029915, 29.509929989893536, 44.83686217439642, 49.67766605841275, 31.762772515239803, 24.079329528171684, 61.36712461599873, 71.20160888746886, 31.883888627504916, 12.571746415667816, 40.880364286005836, 20.71945874679684, 46.308225289127385, 40.71849718598442, 38.55124419188031, 47.101969464869505, 60.03604582758979, 18.418177572302252, 3.251761443070493, 49.79177187299596, 42.25604012546954], [85.70833721812568, 71.91583191609881, 34.3408019334704, 62.09832671418805, 62.62305212175078, 13.61542529673977, 38.3321504616863, 30.004045440406983, 0.0, 102.28227178648172, 96.98011147319217, 45.86632484510093, 74.44640755204126, 18.795689507198002, 39.53773496970383, 95.7666981196912, 8.404638670433885, 68.96371913181389, 19.410809006263612, 105.21263134264605, 31.912722943948893, 57.42920262623365, 101.19094732584648, 56.31076385357522, 83.34799766179479, 88.29198712795025, 46.91437264275262, 92.86931843277779, 20.35224913472319, 82.90015085416364, 62.52316091310682, 68.72306443461014, 85.9529103458098, 21.5680254980154, 66.412666685091, 8.431324928170016, 62.97608516734445, 41.19802262745618, 76.588596926532, 24.788947412346722, 1.2517239814451602, 61.03175606377347, 77.02286292931409, 66.04368904749896, 102.21573058950888, 0.5706272114673805, 60.279184507122054, 67.28918474920144, 6.475144202557213, 44.333686678142755, 91.33774401691298, 86.18357774663943, 44.283054062887295, 32.814019979000136, 51.44903605163982, 35.391840385121554, 49.77174372060807, 70.4534576883534, 30.816513912709826, 59.98875664992552, 76.15572805876563, 20.489500088141146, 27.70230852750728, 61.79460975724059, 46.229097998026354], [23.193614694943644, 91.78172570073042, 77.47652330998163, 40.251616846138695, 66.81131312630139, 108.71181341869449, 69.60037621133824, 72.6492161359984, 102.28227178648172, 0.0, 6.0166795934098545, 57.13051783194886, 29.729565332947836, 100.4696305036689, 68.4151521482975, 16.274948562557256, 95.23937624451403, 81.09233233344834, 105.02557930222447, 8.077155974623079, 76.3481246886906, 51.432190673275905, 21.055381781235067, 46.847551564172434, 33.9111803046034, 41.758339928015374, 85.26368520016479, 24.924490602654657, 114.8105656447801, 66.32799384182655, 80.16982292012133, 34.1823819771262, 73.49430740401736, 98.52541988118098, 56.62593366033736, 100.22808962142942, 43.40476970962513, 76.42540697483318, 56.37218876852105, 77.66896962418808, 102.64051336801786, 41.27857849849991, 49.45454084192483, 43.38176427248865, 4.895827510195073, 101.82911122364959, 82.06710674179708, 78.88684305591751, 102.74552560604072, 63.95402048814438, 19.818280118852346, 71.21322624505626, 83.96791876423077, 75.70715655115842, 88.73169828219346, 80.30568351205314, 86.87723079746007, 37.50146260472717, 96.77820161711544, 87.2301009411154, 65.47852570593687, 88.88744319595982, 74.63282439984216, 89.68324323178865, 85.17190507880377], [17.360610909431383, 86.00429644514054, 71.60389675696048, 34.88182957056741, 64.37951732183389, 103.7736922927571, 65.18173283597166, 67.20996876429953, 96.98011147319217, 6.0166795934098545, 0.0, 51.57338793026982, 23.82715501271543, 94.72606939550371, 64.02640212311233, 11.83899646633663, 89.81011194033898, 75.29203495888883, 100.35534167079224, 9.35635314124636, 70.56315806539291, 47.667878831473004, 18.154329815771803, 41.21321077282844, 32.88687808481343, 36.764114224661775, 81.91407651362448, 25.494648626167272, 109.99264249854726, 65.69088981236865, 77.82608011790687, 28.538290712973556, 73.01479696991214, 92.7342714822104, 50.70241264583745, 95.18075865628721, 37.457566686280515, 72.56217705576128, 55.12373845112983, 72.2851387934752, 97.37276357197726, 35.95546435986552, 48.12546371916074, 37.36742534991682, 5.5780145676505315, 96.51724303095071, 76.1252388914664, 73.05576600283423, 97.63800666749503, 59.712912291745596, 14.547772086731891, 70.79479831773433, 77.95633505790471, 69.90820281323475, 82.72271603691443, 74.38370908006306, 83.704854454811, 31.48743343324556, 92.61607901656069, 81.28277741835872, 64.2343128888946, 83.18855686206346, 69.28916838444657, 83.75350630512412, 81.78051650544958], [39.92851946260539, 57.584055318191155, 23.019540735240604, 17.12533715552081, 45.74527714831256, 54.39180421973621, 24.90242749163447, 15.862311016884721, 45.86632484510093, 57.13051783194886, 51.57338793026982, 0.0, 28.588518051126837, 43.75295737404559, 24.52378219456381, 49.91663815783055, 38.357114650801336, 48.598926623908056, 52.907571775654624, 59.48778373785371, 20.435843783331322, 26.16891573310005, 55.56276928563363, 10.46441582513571, 46.09748241323563, 46.12638392058619, 48.72872439673893, 52.75028640012621, 61.21179530541845, 62.2205920587384, 55.420256758338724, 23.057547761023855, 68.47276367182864, 42.1570574122409, 30.308212853828124, 45.3391412540225, 17.90635673769414, 36.338466189911344, 51.23545121017217, 21.098334408992315, 46.38629137967619, 16.287534177074576, 47.6094867243871, 22.002440793494802, 56.64009201520937, 45.37197923332306, 43.39485867421223, 45.93426258293626, 47.4037485642023, 23.937923218543762, 45.54337888162653, 67.41957325578495, 35.31774763032492, 20.022043484247217, 43.42893537315393, 26.892617333152874, 51.889483148229964, 25.26810891788359, 49.95028344244078, 47.11879113871095, 56.27484045735704, 32.01774533289075, 18.380014217261326, 50.025447202052696, 48.20818972429535], [12.053404475318697, 66.25222227738752, 47.7784845515169, 13.793771521340409, 54.77505189802399, 82.42387548933522, 46.713650056773965, 44.4464392246762, 74.44640755204126, 29.729565332947836, 23.82715501271543, 28.588518051126837, 0.0, 71.03764784161744, 45.746483515255946, 21.48148559564789, 66.91705055416641, 55.53409589384494, 80.01578777623031, 31.047861525661876, 46.82801872081887, 33.75495490041133, 27.79729736609307, 18.13572391108403, 34.44358558154898, 27.721577822425893, 67.35228897098807, 34.80809125632368, 89.01663574297055, 63.410983487992716, 67.69375293991163, 6.470634704248186, 70.81040050791495, 68.97477671067413, 30.28891066666877, 73.52008270569047, 13.727306478559386, 56.202050903978666, 51.439713269184146, 49.66221590529137, 74.94743610689063, 15.025624673325249, 45.07863636335117, 14.656422107069417, 28.46738265393866, 73.95514616477172, 54.744634450692736, 53.03384511486557, 75.74687683505884, 42.34827984174479, 17.4153980431628, 68.98809432848802, 54.654487280089484, 46.15211924467923, 60.10227259392353, 50.57642003016443, 69.8168399488299, 9.194922810840369, 74.37926310836923, 59.762078933167096, 59.62777057816861, 59.59917639098258, 46.842851127345256, 62.432233822675386, 67.0479616745784], [80.98093214154304, 54.424787557573765, 24.12394326905708, 60.868182551397446, 73.4602515416389, 32.17364220193244, 46.73675987500099, 29.96010942798743, 18.795689507198002, 100.4696305036689, 94.72606939550371, 43.75295737404559, 71.03764784161744, 0.0, 47.69735987569172, 91.24677942788901, 14.497703808731615, 52.90340546848, 38.11265117008583, 101.98914906008967, 24.22894177610851, 62.892270982766256, 95.53469586343245, 53.698536552858435, 87.56061868131462, 79.11583978162835, 61.655626331805685, 95.64614692605754, 38.37534937828911, 93.59368135533609, 76.14579700019594, 66.3082670867447, 97.74369923677284, 3.3281297823564815, 55.72463217269684, 26.575158698739845, 57.94135385970904, 53.28830346835887, 85.46100108045927, 26.443284326261455, 20.042029651781856, 60.03940249751631, 84.42747681425392, 59.74195169279335, 99.50468749148185, 18.37469164698458, 44.13034970398432, 51.609146908998255, 25.21775988047388, 51.72905148875576, 86.52856255328308, 97.59228452803836, 28.50623703824145, 24.943246964115616, 34.2329131349867, 22.9673461922898, 64.83676638098241, 65.04178006305227, 48.05016146758253, 42.95803314707204, 86.82977229366983, 11.767679066174356, 29.52618490031239, 44.41073703504805, 60.94711019497235], [57.77081969873166, 79.2519622500601, 37.97245099443676, 31.978944611747306, 26.27700971141892, 41.839528024308585, 1.2680108516010795, 21.42891484633573, 39.53773496970383, 68.4151521482975, 64.02640212311233, 24.52378219456381, 45.746483515255946, 47.69735987569172, 0.0, 66.428787787305, 35.599631341767555, 71.35459917289249, 36.948446883624776, 73.14939549663671, 33.57567429326193, 18.543359216993945, 73.35651999576288, 30.668767955823977, 44.40557542458138, 68.8982318081895, 24.205056715392878, 54.61899077260546, 47.174220095982676, 46.03972973535284, 32.572945050929626, 39.2759689699559, 50.70540991776934, 47.82144621556039, 54.83137858061, 34.57523981599675, 40.02078797873451, 11.820290466268137, 37.87114628073269, 22.189219123883742, 39.37285988697149, 30.74965164450689, 37.592741489474726, 44.83834977543785, 69.58638988182948, 39.27388875712083, 64.92496838493788, 68.79226509976509, 37.5430094761942, 4.933728437516544, 62.916573683774836, 50.31565657247513, 53.10016405632605, 33.86718012474124, 62.055873494577675, 42.09860391171414, 27.378560407008393, 46.34199609390372, 28.80024431809856, 67.73280773696914, 39.32269411840608, 37.60375419214234, 19.816204260134175, 70.51835350160378, 23.688054868867095], [10.265994051775982, 76.58490424459495, 67.3928389212835, 34.947428125114214, 71.07135667796798, 103.90533178829534, 67.4742914482569, 65.77002592686345, 95.7666981196912, 16.274948562557256, 11.83899646633663, 49.91663815783055, 21.48148559564789, 91.24677942788901, 66.428787787305, 0.0, 88.09911702138022, 66.02355147109591, 101.40853472747445, 12.28426421316044, 67.07343534117354, 52.11948145122757, 7.748970592057759, 39.525594901183716, 42.31381088197711, 25.525761140014115, 86.58646097059379, 36.49427599152721, 110.48711739032352, 74.92289316542349, 84.48400761420521, 27.689685155518664, 82.36112546887192, 88.94363621756943, 42.46956128620474, 94.99604401157114, 33.360510874239765, 76.18890653083898, 63.743286438559316, 71.01484612129657, 96.30113868314612, 36.160027505246376, 56.772447201486784, 31.74673699379327, 12.051879419509762, 95.26650244409574, 67.82194628978178, 63.963228899619374, 97.20340131836701, 62.62297260416238, 4.819322952592185, 80.2289346136196, 71.64737573412583, 66.32536481824414, 75.41592713990545, 69.6481054816716, 88.73062163440119, 26.221592921580925, 95.21852461742532, 73.0039090092521, 72.7268686024709, 80.10940951869792, 68.25139748973355, 75.29553054174384, 86.3640057136364], [77.96868962806357, 64.6846885079709, 25.97603690264092, 54.98781831591394, 60.41468804188427, 21.146059914890657, 34.497460966297176, 22.600203565028146, 8.404638670433885, 95.23937624451403, 89.81011194033898, 38.357114650801336, 66.91705055416641, 14.497703808731615, 35.599631341767555, 88.09911702138022, 0.0, 61.159878111868736, 25.14742903747868, 97.84244354555892, 23.51322755554184, 52.506044393472486, 93.33212245200414, 48.819622560620786, 78.12658121686528, 79.97479932464879, 47.310188835335296, 87.16968440130526, 28.21148869356119, 80.70839107561366, 62.11639941310165, 61.37753205278927, 84.41593356361005, 16.346051132141273, 58.00930764763163, 13.389131709968483, 55.075289885583, 39.59521901441439, 73.39100326055274, 17.608289918849394, 9.373138268796374, 53.972588805242076, 73.11410056084593, 57.96978485399464, 94.9540067851592, 7.836894200685304, 52.555113251902654, 59.38814622559658, 13.172885435988244, 40.10091991355069, 83.60195488215764, 84.4178321489736, 36.6169026779184, 24.414098742711122, 44.237229911721194, 27.210560618841903, 50.44639729897913, 62.53215866189612, 33.69496892052299, 52.60243119956079, 73.9250680140343, 12.439883891321724, 20.730926827362815, 54.569578862624915, 46.603356670177284], [57.9320979627494, 10.764269149130973, 37.05901524239815, 56.2998527550474, 94.34420257053768, 82.29130813085929, 71.32386490902837, 52.071317358217705, 68.96371913181389, 81.09233233344834, 75.29203495888883, 48.598926623908056, 55.53409589384494, 52.90340546848, 71.35459917289249, 66.02355147109591, 61.159878111868736, 0.0, 85.59066882320235, 78.2822265246808, 41.212900397386846, 74.1067295771292, 66.03633078587559, 49.74646159589261, 87.88729689877945, 42.80403353059169, 94.65983882865469, 90.19380408655444, 89.27479766004014, 110.14144585967192, 103.56931245152198, 55.76542345447345, 116.70731375456076, 49.57527766919931, 25.25314737066694, 74.21379539904243, 44.458563672522125, 82.56033763234164, 98.64192820902987, 54.84109126579219, 70.1300040216418, 56.543610110251635, 93.98352730419467, 41.298951142259774, 77.74641424105322, 68.41242834031489, 8.776693597584009, 2.7017021229060147, 74.3316612146228, 71.9762247598131, 61.630995062057714, 115.50162355654584, 24.717729307693165, 40.494441886222106, 19.361426959943966, 34.43261346569464, 98.02853306199961, 46.34106494817437, 89.65947156678543, 11.259308011862862, 104.50655100559321, 48.726239254819625, 55.01680780819954, 11.779084578656168, 94.0406260558218], [91.9503356245319, 89.69723935704616, 49.01101746737341, 66.48263556643245, 53.41208679018445, 8.509306116898818, 35.70626360648279, 38.55502492374358, 19.410809006263612, 105.02557930222447, 100.35534167079224, 52.907571775654624, 80.01578777623031, 38.11265117008583, 36.948446883624776, 101.40853472747445, 25.14742903747868, 85.59066882320235, 0.0, 109.26667112672628, 45.459895121264196, 55.27631924307104, 107.74442430461588, 62.542676765737916, 80.61977943538169, 98.54188600646465, 33.50231444557563, 91.23670073593892, 10.617038042633471, 72.72519579660883, 49.58489815549155, 73.71951918514668, 74.33039042578955, 40.704880749864415, 78.83052443975394, 11.777418285570267, 70.8120295084354, 32.7840610296562, 68.91038160437725, 33.720316137689345, 18.19614933641183, 65.28200120507913, 71.05082002993188, 74.78291412053966, 105.85900147014273, 19.78316975769856, 77.15715287067088, 83.6461862267081, 12.935998811592613, 41.7382222290992, 97.42410847678883, 75.01655890078965, 61.39751575764411, 46.315341785304085, 69.29985092430272, 51.182118633274236, 35.584660702375785, 78.12117182527123, 14.65919232623965, 77.54596736627501, 66.31129393521303, 37.182689469034, 35.39439675479347, 79.60367689448417, 32.925212120525195], [21.730334573260357, 88.81673150201496, 78.43364961768879, 43.256092694363076, 73.61429532285018, 112.4506903282884, 74.28819186400221, 75.28379421692748, 105.21263134264605, 8.077155974623079, 9.35635314124636, 59.48778373785371, 31.047861525661876, 101.98914906008967, 73.14939549663671, 12.28426421316044, 97.84244354555892, 78.2822265246808, 109.26667112672628, 0.0, 77.76042464102431, 56.99842010193973, 14.437086238256105, 49.031619248595796, 41.463019509955956, 37.11781839580457, 91.26962557988585, 32.91528926782172, 118.77659119238062, 74.09385420377919, 87.04498289475976, 36.49198745065975, 81.31863445795386, 99.83685039784233, 54.70439053750025, 103.75199028516774, 44.131866419200456, 81.85944993518007, 63.8751551870508, 80.43941525626227, 105.65654166453841, 44.38688120940066, 56.907769675013625, 43.18548979093038, 3.9417767240313157, 104.73545318952047, 80.08862293552474, 76.23778459919721, 106.13562524881723, 68.906620120118, 16.90610642554817, 79.05487286646898, 83.51797488337135, 77.05715253720037, 87.54740425485838, 80.93087068489326, 93.05930417855653, 37.43398473971374, 101.81233396320359, 85.27107557389483, 72.99438668378654, 90.61946483569605, 77.51769746944191, 87.5741214507819, 91.13477320747239], [56.808979578664825, 47.327133216867544, 4.506422779410325, 37.24384503362779, 59.39070774578629, 43.7593653798687, 33.13677784384854, 12.200181061152332, 31.912722943948893, 76.3481246886906, 70.56315806539291, 20.435843783331322, 46.82801872081887, 24.22894177610851, 33.57567429326193, 67.07343534117354, 23.51322755554184, 41.212900397386846, 45.459895121264196, 77.76042464102431, 0.0, 43.69416045532702, 71.56762604464382, 29.777668266895418, 66.1528837318091, 56.666147629479426, 54.79974493734498, 73.16966648425006, 50.959577010864024, 78.1706777098491, 65.93968443047311, 42.257578480000035, 83.57104823988462, 22.177510505784145, 34.505725315166956, 34.87720613480449, 33.7333561361922, 43.36526664266731, 68.28845252270168, 13.736050585008085, 32.829650942319766, 36.52918757943913, 65.79066514825305, 35.76325991427831, 75.2943380745316, 31.34678363128145, 33.445925985101674, 38.997190717584665, 35.79707504974087, 35.91432166474043, 62.379946692276356, 82.91571622984196, 19.725374297083775, 0.9020377584065716, 28.72608561504578, 8.52523126642905, 58.21329125579794, 40.90779182058208, 48.44762815897536, 35.27012250583682, 71.70076218872339, 13.149061427416498, 14.516877058947996, 37.87945162316587, 54.13708459310384], [44.95446631845073, 83.50232926460828, 47.37565875071559, 21.838531039992645, 21.819448569696593, 60.382296388349395, 19.811287684131056, 33.37614971294078, 57.42920262623365, 51.432190673275905, 47.667878831473004, 26.16891573310005, 33.75495490041133, 62.892270982766256, 18.543359216993945, 52.11948145122757, 52.506044393472486, 74.1067295771292, 55.27631924307104, 56.99842010193973, 43.69416045532702, 0.0, 59.58751914687286, 25.331858204137173, 25.97193391536483, 60.43430517107744, 34.50424149587768, 36.07823433847821, 65.62415362173692, 36.122501694542194, 34.12279885589975, 27.813872771541853, 42.60199572607412, 62.34310563275729, 52.709269826326306, 53.00497432129121, 33.68784906995812, 24.995439352021137, 25.09130354264635, 36.453884664105466, 57.38590594898496, 20.879139099297152, 22.099410521984275, 38.611275965438786, 53.232081580762454, 57.113979120918295, 69.43619205658706, 71.41071191650195, 55.924007908960476, 13.626442788700723, 49.38907994677179, 41.41468250569169, 61.09110143288869, 43.62040045653873, 69.4601687555747, 51.55211416971918, 36.61376744481172, 37.723886237331385, 45.57124482828324, 73.27043244176053, 30.406689275434964, 51.678726176803764, 33.37381989215663, 76.17963841752169, 34.31029415145648], [15.79465488137019, 76.3083680288614, 71.46763962091845, 41.54890398421381, 78.77702589361243, 109.87680215507939, 74.3649378050867, 71.30540840311076, 101.19094732584648, 21.055381781235067, 18.154329815771803, 55.56276928563363, 27.79729736609307, 95.53469586343245, 73.35651999576288, 7.748970592057759, 93.33212245200414, 66.03633078587559, 107.74442430461588, 14.437086238256105, 71.56762604464382, 59.58751914687286, 0.0, 45.370634604029796, 49.89207380732401, 23.641075762989892, 93.98894328876217, 43.53041313488824, 116.58110988781013, 82.57885068058759, 92.17656098936344, 34.21538362076543, 90.00453353146517, 93.06775847150742, 44.0376748406487, 100.87424268545482, 38.25841062446514, 83.39100259514152, 71.45844978297811, 76.57692058791577, 101.7876282000153, 42.777553396459254, 64.47978137383869, 35.81355401767247, 16.203535553768386, 100.67605610364488, 68.81022108936442, 64.1984191914723, 102.96642369024732, 69.7080048491558, 10.440326901754165, 87.85656194553809, 74.26919090702212, 70.77646613377536, 77.20635948868657, 73.37381432780313, 96.19605853548194, 30.822515008814953, 102.08711187029509, 73.95306691652944, 80.45566649726058, 84.7014616707574, 73.94036159049465, 76.04697600372386, 93.74923424741434], [29.641374154749354, 59.700926978411964, 31.533058349430338, 7.845919557846375, 46.89654689595412, 64.51005002444418, 31.39063973196723, 26.312631696204438, 56.31076385357522, 46.847551564172434, 41.21321077282844, 10.46441582513571, 18.13572391108403, 53.698536552858435, 30.668767955823977, 39.525594901183716, 48.819622560620786, 49.74646159589261, 62.542676765737916, 49.031619248595796, 29.777668266895418, 25.331858204137173, 45.370634604029796, 0.0, 39.56268694105614, 38.22964388770759, 54.24275988043715, 44.64539888819228, 71.21693549757609, 60.73434447679256, 58.242542165251606, 12.6762942142477, 67.56343381088412, 51.88939569977825, 27.38051989581351, 55.53165165080958, 9.385909554846656, 42.172841859888884, 49.03644370069392, 31.526908328207863, 56.8136628913538, 7.508073510401887, 44.23715522799506, 14.313119238974945, 46.21985501173739, 55.81992970792966, 46.20527944735158, 47.048446791426116, 57.691040839696825, 28.495414138303683, 35.22687157750372, 66.19605193840349, 41.46008480271696, 29.21338514690178, 48.57751033412578, 34.938740729931354, 57.13988398932807, 15.895410653398574, 58.239672701741775, 50.609173097539816, 55.45948969269195, 42.05917247316284, 28.72736363321543, 53.49693733003068, 53.81314945090289], [40.20081968596064, 98.30214433832974, 69.08792904780763, 32.055292830352485, 34.22408061918832, 86.15252046994314, 45.67044971426007, 57.606005298908414, 83.34799766179479, 33.9111803046034, 32.88687808481343, 46.09748241323563, 34.44358558154898, 87.56061868131462, 44.40557542458138, 42.31381088197711, 78.12658121686528, 87.88729689877945, 80.61977943538169, 41.463019509955956, 66.1528837318091, 25.97193391536483, 49.89207380732401, 39.56268694105614, 0.0, 60.87555224568165, 54.85730571744459, 11.269332973280338, 91.11519203779599, 32.8183433157697, 47.154537418992426, 32.33602926750558, 40.18253649260641, 86.63074758766643, 63.25469146541299, 78.95235052187888, 43.430323498620396, 48.64161239230976, 22.46122530834952, 61.408439470543044, 83.33049975524706, 32.11055721916574, 15.572427349037516, 46.949258151418256, 37.565291489451766, 83.02082275329165, 85.37530336458677, 85.24677854074116, 81.88563708595393, 39.47227160797881, 41.99553429927768, 37.99816908018889, 80.7675372217332, 65.86151225407855, 88.12607859340255, 72.98979204609067, 55.81539729832601, 42.86738877687349, 69.59862036041861, 89.96803262474303, 31.56852910102984, 75.98590111342338, 58.22609057769598, 92.82766067584579, 54.92279882961276], [21.290399340116466, 52.852628512802546, 55.31410270306744, 38.73294567442424, 81.99170452846371, 98.93834683294251, 69.60770760894847, 60.0881506280227, 88.29198712795025, 41.758339928015374, 36.764114224661775, 46.12638392058619, 27.721577822425893, 79.11583978162835, 68.8982318081895, 25.525761140014115, 79.97479932464879, 42.80403353059169, 98.54188600646465, 37.11781839580457, 56.666147629479426, 60.43430517107744, 23.641075762989892, 38.22964388770759, 60.87555224568165, 0.0, 92.28260644280189, 58.38473579336156, 106.02579067396003, 91.07245140963708, 94.55291040689433, 32.798253137009965, 98.49280427543248, 76.25964606687853, 23.759840418838564, 89.7811822622766, 28.896905891527634, 80.35204476143724, 79.12901054976858, 65.15937029613588, 89.10488047880551, 39.80673775036707, 72.67494159153668, 24.232685154703095, 37.548255818803156, 87.7370721095555, 46.484761264412604, 41.156931892612796, 91.3348146181473, 66.55263467727177, 22.235857037993913, 96.63929463221886, 54.46378922980119, 55.78401558537321, 55.840628907930586, 56.169646959503744, 95.0669911922847, 22.928278247970425, 95.99939556699559, 51.50299278364499, 87.34783583702522, 69.51662245890023, 63.18305337302792, 53.35723544108816, 91.88275252785493], [79.02066278994815, 101.88289099812864, 59.30334381286018, 54.088574916662814, 22.144276406426084, 41.586327461850935, 23.8820449236259, 42.90327832051241, 46.91437264275262, 85.26368520016479, 81.91407651362448, 48.72872439673893, 67.35228897098807, 61.655626331805685, 24.205056715392878, 86.58646097059379, 47.310188835335296, 94.65983882865469, 33.50231444557563, 91.26962557988585, 54.79974493734498, 34.50424149587768, 93.98894328876217, 54.24275988043715, 54.85730571744459, 92.28260644280189, 0.0, 66.11870940429378, 43.5213907592827, 39.73020405031085, 16.107060813128534, 61.027820035945375, 40.853559092443675, 62.933088669310386, 79.03566029169477, 38.9711482837253, 63.62301465688243, 12.397459309406996, 38.024744891015004, 41.40902940678925, 46.12800555846534, 52.913438085762934, 41.930426080043325, 68.5481871611941, 87.43965509454142, 46.949084316510174, 87.69968490832342, 92.17323756149739, 41.885526201066625, 25.75431483771431, 83.69939668855515, 41.62044996084604, 74.46342566719264, 55.305584596379795, 83.44285871439686, 63.102271914025756, 3.4142491799459336, 69.42727658239, 19.001125222865074, 89.98663022356102, 33.66384130044081, 54.50422393253648, 40.28940450671764, 92.64813818590552, 0.7091144103834187], [37.0961395649348, 100.8549204664581, 75.64834772361617, 36.802358278006395, 45.40481287231481, 96.45832669768, 55.88660189772844, 65.79361012273306, 92.86931843277779, 24.924490602654657, 25.494648626167272, 52.75028640012621, 34.80809125632368, 95.64614692605754, 54.61899077260546, 36.49427599152721, 87.16968440130526, 90.19380408655444, 91.23670073593892, 32.91528926782172, 73.16966648425006, 36.07823433847821, 43.53041313488824, 44.64539888819228, 11.269332973280338, 58.38473579336156, 66.11870940429378, 0.0, 101.6540038420793, 41.72112981578624, 58.16724177750172, 34.79345068264063, 48.74247529620026, 94.43953327792934, 65.01222703281339, 88.95341560726789, 46.341216846370145, 59.62760240855685, 32.66956699759995, 70.00117973994567, 92.93659650683004, 37.21330489818147, 26.13613913603202, 48.923641040096314, 29.230959220623816, 92.51071137162772, 88.74089010066523, 87.64580571828989, 91.81991107259866, 49.704554193423434, 37.393415103394126, 46.4334137206488, 86.0348650637451, 72.7719046317872, 92.73967768075217, 79.31920680314597, 67.08320397191764, 43.93548442972343, 80.599746984012, 93.58797320266764, 41.58801967223593, 83.92463657917382, 66.79646479543291, 96.36530642283931, 66.17847423161692], [100.81969710701642, 92.22380041974186, 53.93578663794531, 75.70474798279105, 63.92069475686651, 7.200688439537483, 45.9172519552686, 46.03449599739651, 20.35224913472319, 114.8105656447801, 109.99264249854726, 61.21179530541845, 89.01663574297055, 38.37534937828911, 47.174220095982676, 110.48711739032352, 28.21148869356119, 89.27479766004014, 10.617038042633471, 118.77659119238062, 50.959577010864024, 65.62415362173692, 116.58110988781013, 71.21693549757609, 91.11519203779599, 106.02579067396003, 43.5213907592827, 101.6540038420793, 0.0, 83.03519534506725, 59.479757011523795, 82.8366450693661, 84.35858928694931, 41.4283311280742, 85.22880980072904, 16.273977779962905, 79.0496563561902, 43.400650172244674, 79.48440222658829, 40.883623489508466, 19.160989223532127, 74.52797384645379, 81.66784951424839, 82.7325013432759, 115.45360782362714, 20.892471783049693, 80.61029244253375, 87.55774379103192, 15.198985740581755, 52.02812487299945, 106.36184953128581, 85.13945957174806, 64.61930261804012, 51.853312328405565, 71.76927861610942, 55.41040627563312, 45.32655250785601, 86.46801810819733, 24.521074465443967, 80.33255183899568, 76.69498191861045, 40.629152980828536, 43.066615996551356, 82.10838900081441, 42.98420796785657], [71.61644808500843, 119.62063282954327, 82.23465576582218, 55.44279756111533, 20.319164299697114, 80.35719704680666, 46.920154507281346, 66.60696040299327, 82.90015085416364, 66.32799384182655, 65.69088981236865, 62.2205920587384, 63.410983487992716, 93.59368135533609, 46.03972973535284, 74.92289316542349, 80.70839107561366, 110.14144585967192, 72.72519579660883, 74.09385420377919, 78.1706777098491, 36.122501694542194, 82.57885068058759, 60.73434447679256, 32.8183433157697, 91.07245140963708, 39.73020405031085, 41.72112981578624, 83.03519534506725, 0.0, 24.830399167317744, 59.17138937342635, 7.4789972037276735, 93.84145031207382, 87.8690078253111, 75.99443535562226, 67.99178930027708, 41.718398166002316, 12.020787654869117, 68.14800180502257, 82.39896958525075, 54.833056453752775, 18.468567655423694, 72.57368148369179, 70.23969845224997, 82.77971526879877, 105.55458383406403, 107.4415212924753, 79.07852189717032, 42.57810362036821, 74.16971014992914, 5.588629601646837, 96.62149810768737, 78.25920412793126, 105.20781397872294, 86.45690134467044, 38.59510817817542, 70.15990752916314, 58.5842814504943, 109.33784203993838, 6.783368488646031, 83.63268472036144, 65.5602067565813, 112.24306910593461, 40.20157448394578], [78.4137484448642, 111.74775249539844, 70.39420596125778, 55.88182543651048, 13.461415465894362, 57.69329092901113, 32.86338401988701, 53.73959878482801, 62.52316091310682, 80.16982292012133, 77.82608011790687, 55.4202567