instance_id,num_cities,city_coordinates,distance_matrix,best_route,total_distance
736,45,"[[97.61060683554953, 79.04063302223103], [27.74088818279765, 95.72524926713287], [60.63336359630065, 62.683473691130196], [51.56704485797731, 57.191274201063116], [43.87227936275626, 49.985922577185214], [40.061215186004105, 18.62872594052166], [75.57309117389714, 25.316751250113633], [31.71619608914603, 38.24885707123185], [79.2408542284498, 80.41443992831095], [69.35737077964028, 41.47002557637713], [0.45693121239155365, 44.71678494301282], [40.946706303996464, 42.00643794036769], [3.1026343393211864, 35.986147389844284], [89.60885797283645, 94.61014590448978], [2.9674123634972016, 25.102475024345907], [28.348040381899374, 10.678653960650363], [84.09199862559949, 74.14187914052953], [12.608487772354515, 11.003200557849214], [0.5623197219408183, 96.6770110663287], [34.678339873548325, 21.28881875169504], [57.01352809606058, 60.1296512755084], [91.34346201846772, 62.22323512189723], [90.08345083628151, 57.097088770138846], [23.297406975779044, 54.032309044241686], [66.84730671942228, 17.679757165951806], [5.4709296040753035, 12.11941220420888], [50.4478039559771, 96.9256494840075], [78.70695179457223, 75.16899109562166], [51.73629859781826, 13.122070560234834], [10.525181689875062, 41.446867766756625], [84.53418112839721, 92.10038963269032], [75.08182929028432, 4.873500700706446], [18.486660954749656, 35.270722965377644], [95.20124910683897, 1.8055939282844546], [15.697409442665212, 90.12375292379997], [59.639810444616316, 84.61438463680852], [45.81666033066193, 19.176382222799717], [78.76615009909538, 69.09681208038876], [34.99393928097538, 67.57565450626079], [41.30969062098833, 53.193838639738544], [35.962700526657244, 40.282453800976725], [23.869027705868785, 23.565080897591162], [58.398541568111895, 80.71672184319168], [23.057716326603238, 56.31419329492699], [0.2963748131378008, 90.11493856035554]]","[[0.0, 71.83421193174146, 40.43356500430795, 50.96473369378754, 61.08996675902372, 83.43578966176239, 58.06812868693138, 77.49866032940346, 18.421051985737407, 47.00846616814235, 103.03864922472079, 67.69290382906654, 103.85299994904938, 17.505362499895607, 108.93419641269465, 97.31733295236927, 14.37882323167005, 108.87815419807087, 98.63778110947023, 85.41511737693202, 44.78557840203856, 17.947199678401844, 23.198646766155232, 78.4083410204952, 68.64064189592509, 113.87787281159906, 50.44010100401684, 19.296056206285936, 80.31008052135469, 94.85337347130351, 18.481075509804867, 77.51328489028563, 90.42346950948512, 77.27261007956412, 82.65958779160577, 38.37770297480964, 79.16022623974979, 21.307114413160527, 63.65762160190811, 61.95038294030059, 72.81937110973172, 92.2786940527043, 39.247870468008045, 77.93987776432368, 97.94232995627334], [71.83421193174146, 0.0, 46.62267551356127, 45.30510982552292, 48.50059574325458, 78.07473577615644, 85.1191884124511, 57.613702647957865, 53.72771524374623, 68.3780733968664, 57.8470201537469, 55.31820968370883, 64.62045996091831, 61.87801824113739, 74.84184221354468, 85.04876252490382, 60.343098314213236, 86.0628554004584, 27.195228149509802, 74.7590156692897, 46.08615891862647, 71.8865241217673, 73.33982479925277, 41.92905662743564, 87.29496439129335, 86.5210208336113, 22.73862319075054, 54.955430942658204, 86.01781706988973, 56.94315804687024, 56.90885459200615, 102.44610740540456, 61.158731771987874, 115.6365078812483, 13.282399687119563, 33.77858129494107, 78.65406909062303, 57.5556341345933, 29.06899440011804, 44.643401411212835, 56.04910139618356, 72.26396891033187, 34.134258546645846, 39.68832865565135, 28.012084897843977], [40.43356500430795, 46.62267551356127, 0.0, 10.600112768436286, 21.027642496847232, 48.621333687847496, 40.24260684991429, 37.85832888544145, 25.70264327514901, 22.937277132482002, 62.8013130358507, 28.55003122210104, 63.423434473995535, 43.114866032309145, 68.83090434083303, 61.211464369495864, 26.107520236144047, 70.54955229507817, 69.02239415895599, 48.85878338644485, 4.430035889169588, 30.71354692378915, 29.97524536893674, 38.32513935417645, 45.43068995971782, 74.83059827369937, 35.72495245926717, 21.966855378468747, 50.3536537491605, 54.42263614668602, 37.90255957340334, 59.58817951627442, 50.27726569641161, 70.00753497366686, 52.65177015129229, 21.95340526598312, 45.960871441865244, 19.233534663474433, 26.101982919870746, 21.52806332825637, 33.32337480530624, 53.68300520848384, 18.17119887105709, 38.11163864887178, 66.27999306194188], [50.96473369378754, 45.30510982552292, 10.600112768436286, 0.0, 10.541655849541112, 40.24244332526354, 39.903326591559924, 27.438501481741586, 36.1269311105783, 23.741384852577248, 52.6104229132774, 18.530268299873658, 52.90043941217027, 53.36058006265837, 58.23757645371426, 51.986017451705045, 36.67690861291098, 60.42439339426322, 64.50275499539245, 39.676374120437664, 6.188557141559549, 40.09344077070659, 38.516521135493875, 28.445588179059172, 42.36326688264517, 64.46956324781866, 39.750135588731915, 32.55415262709089, 44.06952866057502, 43.95817178043076, 48.01539767711091, 57.359345454184634, 39.68403162055533, 70.50898779382555, 48.69475228041444, 28.58664950965593, 38.447352761029244, 29.69062407753455, 19.55768858504066, 11.008760466556536, 23.008775919913216, 43.564905947803446, 24.49726584872508, 28.522816905518432, 60.93151304284299], [61.08996675902372, 48.50059574325458, 21.027642496847232, 10.541655849541112, 0.0, 31.5879405955771, 40.16851358277749, 16.89760537016966, 46.65651890377088, 26.870250952592674, 43.733925806234545, 8.4988912683566, 43.10635290340614, 63.89957691973553, 47.878952644580444, 42.26184286122864, 46.91626642298063, 49.970764259163566, 63.68524435369696, 30.133906008053117, 16.60083281572819, 49.023106807391216, 46.75511793995777, 20.9689918017337, 39.642656389519686, 53.93084712031947, 47.398053607327675, 42.984198764617965, 37.69332015167995, 34.423021079797486, 58.54074299637698, 54.85587128321149, 29.342234433871347, 70.39891479067732, 49.03946084478988, 38.04924994046787, 30.870834037921007, 39.78452353073993, 19.70339036674901, 4.105799133399419, 12.518735705146847, 33.138964255192796, 33.991091732780916, 21.755299231750772, 59.2384788891055], [83.43578966176239, 78.07473577615644, 48.621333687847496, 40.24244332526354, 31.5879405955771, 0.0, 36.13617327168493, 21.32109024682343, 73.16090874556737, 37.14821263023931, 47.42453090521828, 23.394476118686402, 40.83156594560393, 90.70912349632991, 37.65447695872745, 14.156345166625766, 70.85492268369285, 28.49211960893625, 87.47398215446849, 6.004285169235569, 44.82976373639071, 67.30787525208892, 63.103399260602096, 39.17191547896553, 26.80289613776402, 35.19742919528558, 78.98284283723267, 68.48572509529149, 12.908556315485475, 37.32351632800198, 85.88323506603831, 37.6251197159419, 27.247338498514946, 57.649294110960106, 75.53233687394325, 68.82898042164659, 5.781442399322506, 63.60109830221234, 49.20852671150858, 34.58765251966839, 22.03818850694242, 16.927921775989976, 64.73929852920801, 41.34384383655681, 81.80171834752393], [58.06812868693138, 85.1191884124511, 40.24260684991429, 39.903326591559924, 40.16851358277749, 36.13617327168493, 0.0, 45.7238078843338, 55.2196322289808, 17.30790141753483, 77.58091772238917, 38.438680661247076, 73.25164249215601, 70.70061734073708, 72.60599499917268, 49.44167588747939, 49.56273698743984, 64.57103851521653, 103.5321327649312, 41.092638320375556, 39.45117729318512, 40.13468759506551, 34.93623320305831, 59.64336021561229, 11.595817909379136, 71.33360228289307, 75.88882898065526, 49.95064464052368, 26.775042809360958, 67.01799151781564, 67.38216001871277, 20.449152336078093, 57.947752916518446, 30.627424025737277, 88.2329004890634, 61.400967093857275, 30.383372234165115, 43.896347816217904, 58.58739175591639, 44.17140046203942, 42.343302895119784, 51.733727181885996, 58.00105081699374, 60.98119389347302, 99.32466513787705], [77.49866032940346, 57.613702647957865, 37.85832888544145, 27.438501481741586, 16.89760537016966, 21.32109024682343, 45.7238078843338, 0.0, 63.53368798468176, 37.77875009339039, 31.921399273679363, 9.966028939078685, 28.702887853198405, 80.79699981388681, 31.61202186869445, 27.775179071015465, 63.4943597857688, 33.27807560489058, 66.21490158550309, 17.216770765728114, 33.447334149046405, 64.26648928580332, 61.33508184467265, 17.888358402034953, 40.70973845445461, 37.034604114681315, 61.59414827017817, 59.75974747391384, 32.12724552193926, 21.4309673995086, 75.4302797477537, 54.721956797936585, 13.560600378474405, 73.20152583905197, 54.29186260702667, 54.1247668365165, 23.71881929334479, 56.26095005050411, 29.509399319993, 17.759155706719078, 4.708324075191879, 16.649064068381865, 50.15443249153913, 20.03311370390321, 60.640708917794804], [18.421051985737407, 53.72771524374623, 25.70264327514901, 36.1269311105783, 46.65651890377088, 73.16090874556737, 55.2196322289808, 63.53368798468176, 0.0, 40.17898274344438, 86.49409862672468, 54.2366700855221, 88.15271808497384, 17.578781806647886, 94.21810545465115, 86.33167637516952, 7.929604075766327, 96.21742259322326, 80.34166423538295, 74.03821152048104, 30.09197031908114, 21.84932602228023, 25.714991079789893, 61.852131090986006, 63.94716914103677, 100.52966025468187, 33.19126067182844, 5.272550167164068, 72.696379246893, 78.99566654313755, 12.828902141765328, 75.65534341885522, 75.69033743858952, 80.21274757873586, 64.28094689788279, 20.045958519616722, 69.765868798865, 11.327578916718707, 46.071942584207186, 46.6876247749598, 59.02181713875411, 79.35923887393635, 20.844504584838326, 61.1340074940932, 79.53823296921374], [47.00846616814235, 68.3780733968664, 22.937277132482002, 23.741384852577248, 26.870250952592674, 37.14821263023931, 17.30790141753483, 37.77875009339039, 40.17898274344438, 0.0, 68.97689481953309, 28.415727936687656, 66.4812982780938, 56.868225944040844, 68.37779822113684, 51.28229466052451, 35.840748779515394, 64.41011682402234, 88.2075410433779, 40.12376220503601, 22.37302132991081, 30.23382070467296, 25.9571858755167, 47.74234212457523, 23.92231787738135, 70.30601589765577, 58.59093735760785, 34.97191647911232, 33.37826745704769, 58.83219364750932, 52.85611919954913, 37.04153153172353, 51.24705329041825, 47.34103067062721, 72.43325641915473, 44.225181713592306, 32.42177636125363, 29.18500404009643, 43.15494509541419, 30.399344647980193, 33.4157796262065, 48.88533931095826, 40.747995110766404, 48.621058377282054, 84.4733610264449], [103.03864922472079, 57.8470201537469, 62.8013130358507, 52.6104229132774, 43.733925806234545, 47.42453090521828, 77.58091772238917, 31.921399273679363, 86.49409862672468, 68.97689481953309, 0.0, 40.580387724164204, 9.122706677332221, 102.16366043330653, 19.774318425563294, 44.005776114935934, 88.66036696148154, 35.836658590408874, 51.96033300051168, 41.47257419808209, 58.61915301030216, 92.55721084728944, 90.47753833269053, 24.66711013431584, 71.6846066529078, 32.98073512437716, 72.28314391561351, 83.96667541752912, 60.231216959139076, 10.585935292496462, 96.5100510145244, 84.59528776680828, 20.354342078971683, 104.00892311521457, 47.89639775490089, 71.37528742879057, 52.05590453342958, 82.01658055457372, 41.416576923244264, 41.72299594556776, 35.78160068072811, 31.55187547904238, 68.21455612573448, 25.402664589759496, 45.3984375306154], [67.69290382906654, 55.31820968370883, 28.55003122210104, 18.530268299873658, 8.4988912683566, 23.394476118686402, 38.438680661247076, 9.966028939078685, 54.2366700855221, 28.415727936687656, 40.580387724164204, 0.0, 38.31993842871154, 71.65999648769059, 41.57127289950457, 33.76620251222284, 53.79779577869, 42.003039863132365, 67.96889174857839, 21.645141777156976, 24.219694962756414, 54.3005697467641, 51.401822980290476, 21.35695068552642, 35.53348419983455, 46.387121486642044, 55.73500384110089, 50.2552591405476, 30.83377986587732, 30.42667051497402, 66.40234903766977, 50.43869198674385, 23.448315361972774, 67.52527877787192, 54.339699973467546, 46.52815560602851, 23.34369071696019, 46.520949044671994, 26.253004990360807, 11.193287811124376, 5.273749605491554, 25.13425463148075, 42.46236726706434, 22.90693837458851, 62.983150780348126], [103.85299994904938, 64.62045996091831, 63.423434473995535, 52.90043941217027, 43.10635290340614, 40.83156594560393, 73.25164249215601, 28.702887853198405, 88.15271808497384, 66.4812982780938, 9.122706677332221, 38.31993842871154, 0.0, 104.49928195531733, 10.884512352065148, 35.746324984861545, 89.52729747359595, 26.730298948956857, 60.744004907092624, 34.82867567223859, 59.070239931182954, 92.0588314186112, 89.50605724999912, 27.08307206161942, 66.32124229744079, 23.98395027684772, 77.16986459437673, 85.15461266863797, 53.740108936235885, 9.214861703033856, 98.89340218108731, 78.41556790454224, 15.400652811206898, 98.23678067319895, 55.583349061153235, 74.57317037452675, 45.9026820715317, 82.59106327793138, 44.88821995512527, 41.903267030891136, 33.13973745542418, 24.197644229535346, 71.12286304122946, 28.485693732789766, 54.201486382839285], [17.505362499895607, 61.87801824113739, 43.114866032309145, 53.36058006265837, 63.89957691973553, 90.70912349632991, 70.70061734073708, 80.79699981388681, 17.578781806647886, 56.868225944040844, 102.16366043330653, 71.65999648769059, 104.49928195531733, 0.0, 111.07680409724837, 103.91045718227231, 21.198718861710393, 113.66256341121034, 89.07052209381868, 91.61538535695506, 47.44849881329283, 32.43332917285443, 37.51605914739861, 77.7416836555014, 80.22700871230568, 117.83001373418166, 39.22944950592775, 22.289236384902274, 89.85898495378883, 95.2919828567871, 5.661379833514487, 90.90489565899838, 92.62577407733974, 92.9728976965861, 74.04748439889997, 31.59207263015825, 87.22390313163208, 27.721733655298397, 60.939749498004275, 63.62483850140696, 76.3505621330607, 96.7942485138666, 34.16300751148932, 76.78303484944364, 89.42553627022995], [108.93419641269465, 74.84184221354468, 68.83090434083303, 58.23757645371426, 47.878952644580444, 37.65447695872745, 72.60599499917268, 31.61202186869445, 94.21810545465115, 68.37779822113684, 19.774318425563294, 41.57127289950457, 10.884512352065148, 111.07680409724837, 0.0, 29.192856877770776, 94.79483979767909, 17.080394477905912, 71.61493336057475, 31.9394254443258, 64.40408140721857, 95.85550053511678, 92.80549266037069, 35.35878925181302, 64.30970100482097, 13.222235770303607, 86.0985248145299, 90.79170592486234, 50.21886453973091, 18.00719443191821, 105.55500143817761, 74.8979340895124, 18.553715073466755, 95.13056979331853, 66.25571224667092, 82.1792436688654, 43.257099154290366, 87.64103111734082, 53.194636963691266, 47.531621177349734, 36.31970259554628, 20.95807969785026, 78.52104516705178, 37.11861622868125, 65.06731019964182], [97.31733295236927, 85.04876252490382, 61.211464369495864, 51.986017451705045, 42.26184286122864, 14.156345166625766, 49.44167588747939, 27.775179071015465, 86.33167637516952, 51.28229466052451, 44.005776114935934, 33.76620251222284, 35.746324984861545, 103.91045718227231, 29.192856877770776, 0.0, 84.46875061765404, 15.742898298673714, 90.37568089629545, 12.355091604156364, 57.158650450520824, 81.39574309665947, 77.23944584300024, 43.64685907267581, 39.1306651440888, 22.922434029945777, 89.03338579901428, 81.82312351928206, 23.515546071771805, 35.557520621861904, 98.9261413976751, 47.092959453669096, 26.495597033082305, 67.43947442824796, 80.44602048843277, 80.2849123078262, 19.425860818291607, 77.16648874711076, 57.28382531975263, 44.447106826175414, 30.567433881604636, 13.642637345951703, 76.21262083317976, 45.94115778841837, 84.24380839080698], [14.37882323167005, 60.343098314213236, 26.107520236144047, 36.67690861291098, 46.91626642298063, 70.85492268369285, 49.56273698743984, 63.4943597857688, 7.929604075766327, 35.840748779515394, 88.66036696148154, 53.79779577869, 89.52729747359595, 21.198718861710393, 94.79483979767909, 84.46875061765404, 0.0, 95.37497081033895, 86.51612236260645, 72.3543755672727, 30.489114384651803, 13.951265053069108, 18.067162986021057, 64.03418761353916, 59.03685812110148, 100.14019621987094, 40.63289339970504, 5.482124436808221, 69.06741897207081, 80.5049086875175, 17.96395347530242, 69.85192483485048, 76.25632507077218, 73.184380878451, 70.23702811997913, 26.60043003802395, 66.97915625778573, 7.336031908912564, 49.53518686101737, 47.635556877443925, 58.84632545725855, 78.64361860256446, 26.521355397673563, 63.58466795040345, 85.30442659879316], [108.87815419807087, 86.0628554004584, 70.54955229507817, 60.42439339426322, 49.970764259163566, 28.49211960893625, 64.57103851521653, 33.27807560489058, 96.21742259322326, 64.41011682402234, 35.836658590408874, 42.003039863132365, 26.730298948956857, 113.66256341121034, 17.080394477905912, 15.742898298673714, 95.37497081033895, 0.0, 86.516541607612, 24.34896945248692, 66.22096168332621, 93.92916538689346, 90.14996634654894, 44.33686018282159, 54.64820114984569, 7.224310696878855, 93.88546787822087, 92.12087505790258, 39.18513991400678, 30.5148658420777, 108.39769112203459, 62.77333526868353, 24.969292416128336, 83.10331035865735, 79.18082623829125, 87.35302933389796, 34.199175767708276, 88.04376175670147, 60.84037298529625, 51.02753165415113, 37.4525556384131, 16.870109580683373, 83.40685869051929, 46.50024129183033, 80.06406944002856], [98.63778110947023, 27.195228149509802, 69.02239415895599, 64.50275499539245, 63.68524435369696, 87.47398215446849, 103.5321327649312, 66.21490158550309, 80.34166423538295, 88.2075410433779, 51.96033300051168, 67.96889174857839, 60.744004907092624, 89.07052209381868, 71.61493336057475, 90.37568089629545, 86.51612236260645, 86.516541607612, 0.0, 82.74830736306986, 67.2491519246002, 97.09932272416398, 97.88055560203674, 48.3265434620792, 103.12257572935667, 84.69995263459215, 49.886103859963136, 81.05046850467471, 97.98063174406275, 56.12154085093688, 84.09648608480593, 118.24145559725383, 63.968853569273655, 134.0041519688869, 16.492911602776395, 60.29640840436492, 89.74576767220047, 82.9247035675305, 45.082428717786485, 59.591396354382525, 66.58478092082304, 76.73693354602102, 59.99799487920993, 46.20822358464389, 6.567459346518039], [85.41511737693202, 74.7590156692897, 48.85878338644485, 39.676374120437664, 30.133906008053117, 6.004285169235569, 41.092638320375556, 17.216770765728114, 74.03821152048104, 40.12376220503601, 41.47257419808209, 21.645141777156976, 34.82867567223859, 91.61538535695506, 31.9394254443258, 12.355091604156364, 72.3543755672727, 24.34896945248692, 82.74830736306986, 0.0, 44.80480893919723, 69.90395204326943, 65.96937564132739, 34.66499372799054, 32.37078549341405, 30.612919349229017, 77.26322644489744, 69.58154668806496, 18.912158307861517, 31.459847271389734, 86.60186763495871, 43.61083149589571, 21.393085603766107, 63.58159003658764, 71.4039486478167, 68.06763039610048, 11.336867763803493, 65.03337017716578, 46.2879116741738, 32.58688550309809, 19.037010129549127, 11.046383973734779, 63.98690205255363, 36.90278788267216, 76.93604024988146], [44.78557840203856, 46.08615891862647, 4.430035889169588, 6.188557141559549, 16.60083281572819, 44.82976373639071, 39.45117729318512, 33.447334149046405, 30.09197031908114, 22.37302132991081, 58.61915301030216, 24.219694962756414, 59.070239931182954, 47.44849881329283, 64.40408140721857, 57.158650450520824, 30.489114384651803, 66.22096168332621, 67.2491519246002, 44.80480893919723, 0.0, 34.39371245502149, 33.208676959390516, 34.26301804690713, 43.574037131368186, 70.43878558712763, 37.37718846627637, 26.396711423735937, 47.30287301930062, 50.10202342437269, 42.18429156012511, 58.1352361686987, 45.850690381415674, 69.71368374601441, 51.055536372361146, 24.62518074549502, 42.456331610954926, 23.52841977072613, 23.244467206150375, 17.167294730445697, 28.931792010689698, 49.35104571371397, 20.63360697688445, 34.169502081891686, 64.15569288904433], [17.947199678401844, 71.8865241217673, 30.71354692378915, 40.09344077070659, 49.023106807391216, 67.30787525208892, 40.13468759506551, 64.26648928580332, 21.84932602228023, 30.23382070467296, 92.55721084728944, 54.3005697467641, 92.0588314186112, 32.43332917285443, 95.85550053511678, 81.39574309665947, 13.951265053069108, 93.92916538689346, 97.09932272416398, 69.90395204326943, 34.39371245502149, 0.0, 5.278731343692354, 68.53726633651385, 50.834860606150464, 99.42074679978997, 53.63499241096012, 18.090715529515048, 63.08448109909032, 83.44610162102686, 30.643280958501872, 59.61067636898143, 77.68237491725858, 60.54067961808275, 80.62731648712717, 38.81346544326186, 62.65557610011527, 14.332998127450203, 56.60315455881657, 50.84199328396996, 59.56867153450085, 77.76408022882711, 37.78064100291269, 68.54093550577547, 95.2235223527982], [23.198646766155232, 73.33982479925277, 29.97524536893674, 38.516521135493875, 46.75511793995777, 63.103399260602096, 34.93623320305831, 61.33508184467265, 25.714991079789893, 25.9571858755167, 90.47753833269053, 51.401822980290476, 89.50605724999912, 37.51605914739861, 92.80549266037069, 77.23944584300024, 18.067162986021057, 90.14996634654894, 97.88055560203674, 65.96937564132739, 33.208676959390516, 5.278731343692354, 0.0, 66.85632751883124, 45.75635938548755, 95.82416260286313, 56.18984563209358, 21.35458695708731, 58.346433578765264, 81.08296742859596, 35.44044956776281, 54.33554821528066, 74.84978667694031, 55.52784221437865, 81.3882282601822, 41.0367738998921, 58.28832410284088, 16.494685674436745, 56.077220181535715, 48.92969494202254, 56.672635047462414, 74.22092280791135, 39.51987527609104, 67.03030666711129, 95.66554983668416], [78.4083410204952, 41.92905662743564, 38.32513935417645, 28.445588179059172, 20.9689918017337, 39.17191547896553, 59.64336021561229, 17.888358402034953, 61.852131090986006, 47.74234212457523, 24.66711013431584, 21.35695068552642, 27.08307206161942, 77.7416836555014, 35.35878925181302, 43.64685907267581, 64.03418761353916, 44.33686018282159, 48.3265434620792, 34.66499372799054, 34.26301804690713, 68.53726633651385, 66.85632751883124, 0.0, 56.72831564346975, 45.546396311970696, 50.76399029099265, 59.304105972242596, 49.82387148253744, 17.931064410762396, 72.10493234382363, 71.40178451693951, 19.368541232459275, 88.86952393825312, 36.882953837981056, 47.49772244477864, 41.49761928403992, 57.478002013000925, 17.895001376644124, 18.031788450808243, 18.6940680415114, 30.472589998211873, 44.092488431634614, 2.294438349755325, 42.79022824599078], [68.64064189592509, 87.29496439129335, 45.43068995971782, 42.36326688264517, 39.642656389519686, 26.80289613776402, 11.595817909379136, 40.70973845445461, 63.94716914103677, 23.92231787738135, 71.6846066529078, 35.53348419983455, 66.32124229744079, 80.22700871230568, 64.30970100482097, 39.1306651440888, 59.03685812110148, 54.64820114984569, 103.12257572935667, 32.37078549341405, 43.574037131368186, 50.834860606150464, 45.75635938548755, 56.72831564346975, 0.0, 61.6277299914484, 80.92499700446781, 58.69977171274887, 15.783379664923302, 61.13147564188875, 76.49350340459134, 15.225227966230094, 51.460607619155816, 32.495155137420944, 88.68170337102194, 67.32155937895163, 21.083832054203608, 52.780416477926764, 59.19660115718944, 43.742654456694275, 38.27193220699926, 43.379367242884605, 63.60063323821221, 58.39647148394098, 98.36606142992149], [113.87787281159906, 86.5210208336113, 74.83059827369937, 64.46956324781866, 53.93084712031947, 35.19742919528558, 71.33360228289307, 37.034604114681315, 100.52966025468187, 70.30601589765577, 32.98073512437716, 46.387121486642044, 23.98395027684772, 117.83001373418166, 13.222235770303607, 22.922434029945777, 100.14019621987094, 7.224310696878855, 84.69995263459215, 30.612919349229017, 70.43878558712763, 99.42074679978997, 95.82416260286313, 45.546396311970696, 61.6277299914484, 0.0, 95.99488063446022, 96.63728237420298, 46.276232473118434, 29.759790219691133, 112.4631250322231, 69.98700299798558, 26.559225375622987, 90.32112203408924, 78.6718377882908, 90.49745123217622, 40.95825696615429, 92.83648767625644, 62.82517736263247, 54.511698728210106, 41.50789088807681, 21.667795125528766, 86.64250110610907, 47.56546796658454, 78.1669888690666], [50.44010100401684, 22.73862319075054, 35.72495245926717, 39.750135588731915, 47.398053607327675, 78.98284283723267, 75.88882898065526, 61.59414827017817, 33.19126067182844, 58.59093735760785, 72.28314391561351, 55.73500384110089, 77.16986459437673, 39.22944950592775, 86.0985248145299, 89.03338579901428, 40.63289339970504, 93.88546787822087, 49.886103859963136, 77.26322644489744, 37.37718846627637, 53.63499241096012, 56.18984563209358, 50.76399029099265, 80.92499700446781, 95.99488063446022, 0.0, 35.66415035848318, 83.81348375336182, 68.3499157968189, 34.42621445022987, 95.29130757731411, 69.44670349240889, 105.1222898428066, 35.4098251287207, 15.364251541323531, 77.88707242497316, 39.70356305822579, 33.16992822704057, 44.676351630835065, 58.465971629181105, 78.02694643695611, 18.053907162778305, 48.98476573530167, 50.61177361399996], [19.296056206285936, 54.955430942658204, 21.966855378468747, 32.55415262709089, 42.984198764617965, 68.48572509529149, 49.95064464052368, 59.75974747391384, 5.272550167164068, 34.97191647911232, 83.96667541752912, 50.2552591405476, 85.15461266863797, 22.289236384902274, 90.79170592486234, 81.82312351928206, 5.482124436808221, 92.12087505790258, 81.05046850467471, 69.58154668806496, 26.396711423735937, 18.090715529515048, 21.35458695708731, 59.304105972242596, 58.69977171274887, 96.63728237420298, 35.66415035848318, 0.0, 67.65527682142897, 76.06533623416753, 17.906112312002318, 70.3889017035549, 72.2381840069756, 75.19474641062307, 64.75992069740592, 21.278424246336787, 64.93799751274895, 6.072467573589279, 44.367625850085794, 43.37582816205994, 55.173739232222644, 75.30047454090047, 21.052525795584067, 58.756623526837714, 79.82230219794491], [80.31008052135469, 86.01781706988973, 50.3536537491605, 44.06952866057502, 37.69332015167995, 12.908556315485475, 26.775042809360958, 32.12724552193926, 72.696379246893, 33.37826745704769, 60.231216959139076, 30.83377986587732, 53.740108936235885, 89.85898495378883, 50.21886453973091, 23.515546071771805, 69.06741897207081, 39.18513991400678, 97.98063174406275, 18.912158307861517, 47.30287301930062, 63.08448109909032, 58.346433578765264, 49.82387148253744, 15.783379664923302, 46.276232473118434, 83.81348375336182, 67.65527682142897, 0.0, 50.006502513080704, 85.51769397031379, 24.75990121225032, 39.95123535961314, 44.91396849659467, 85.0180017311439, 71.92785601931935, 8.467396702732827, 62.15934813388198, 56.969284707297945, 41.40604727476442, 31.408483151761846, 29.75972533259381, 67.92217873021865, 51.846123745325066, 92.59572064549066], [94.85337347130351, 56.94315804687024, 54.42263614668602, 43.95817178043076, 34.423021079797486, 37.32351632800198, 67.01799151781564, 21.4309673995086, 78.99566654313755, 58.83219364750932, 10.585935292496462, 30.42667051497402, 9.214861703033856, 95.2919828567871, 18.00719443191821, 35.557520621861904, 80.5049086875175, 30.5148658420777, 56.12154085093688, 31.459847271389734, 50.10202342437269, 83.44610162102686, 81.08296742859596, 17.931064410762396, 61.13147564188875, 29.759790219691133, 68.3499157968189, 76.06533623416753, 50.006502513080704, 0.0, 89.68339464646616, 74.19684580864251, 10.076205470941366, 93.49581265885097, 48.950904879467956, 65.38869375084865, 41.73083980723021, 73.62981182900826, 35.79711712597145, 32.949617825105015, 25.464155679216063, 22.311802440251437, 61.91914102453036, 19.444839746868, 49.731374452073446], [18.481075509804867, 56.90885459200615, 37.90255957340334, 48.01539767711091, 58.54074299637698, 85.88323506603831, 67.38216001871277, 75.4302797477537, 12.828902141765328, 52.85611919954913, 96.5100510145244, 66.40234903766977, 98.89340218108731, 5.661379833514487, 105.55500143817761, 98.9261413976751, 17.96395347530242, 108.39769112203459, 84.09648608480593, 86.60186763495871, 42.18429156012511, 30.643280958501872, 35.44044956776281, 72.10493234382363, 76.49350340459134, 112.4631250322231, 34.42621445022987, 17.906112312002318, 85.51769397031379, 89.68339464646616, 0.0, 87.73754674040144, 87.13142908621579, 90.92269502471366, 68.86514523902878, 25.995575826279687, 82.5648670648772, 23.71570707695094, 55.2783700494377, 58.15562130862534, 71.02314553513376, 91.52786124013973, 28.507184139560675, 71.13373020481323, 84.26120120653273], [77.51328489028563, 102.44610740540456, 59.58817951627442, 57.359345454184634, 54.85587128321149, 37.6251197159419, 20.449152336078093, 54.721956797936585, 75.65534341885522, 37.04153153172353, 84.59528776680828, 50.43869198674385, 78.41556790454224, 90.90489565899838, 74.8979340895124, 47.092959453669096, 69.85192483485048, 62.77333526868353, 118.24145559725383, 43.61083149589571, 58.1352361686987, 59.61067636898143, 54.33554821528066, 71.40178451693951, 15.225227966230094, 69.98700299798558, 95.29130757731411, 70.3889017035549, 24.75990121225032, 74.19684580864251, 87.73754674040144, 0.0, 64.24176367702967, 20.351980388135324, 103.89472953301991, 81.22231538771146, 32.57334084907907, 64.32890442401354, 74.42176440567533, 58.95262851510883, 52.764573293852905, 54.517210276950955, 77.65646323705909, 73.16182873760705, 113.3973850215858], [90.42346950948512, 61.158731771987874, 50.27726569641161, 39.68403162055533, 29.342234433871347, 27.247338498514946, 57.947752916518446, 13.560600378474405, 75.69033743858952, 51.24705329041825, 20.354342078971683, 23.448315361972774, 15.400652811206898, 92.62577407733974, 18.553715073466755, 26.495597033082305, 76.25632507077218, 24.969292416128336, 63.968853569273655, 21.393085603766107, 45.850690381415674, 77.68237491725858, 74.84978667694031, 19.368541232459275, 51.460607619155816, 26.559225375622987, 69.44670349240889, 72.2381840069756, 39.95123535961314, 10.076205470941366, 87.13142908621579, 64.24176367702967, 0.0, 83.69613430030076, 54.92390025860548, 64.25246034261995, 31.71681998286665, 69.12178467256157, 36.278076569749786, 29.019454829864255, 18.180467680655926, 12.88378547099746, 60.48385758280928, 21.534209777077383, 57.78212953969535], [77.27261007956412, 115.6365078812483, 70.00753497366686, 70.50898779382555, 70.39891479067732, 57.649294110960106, 30.627424025737277, 73.20152583905197, 80.21274757873586, 47.34103067062721, 104.00892311521457, 67.52527877787192, 98.23678067319895, 92.9728976965861, 95.13056979331853, 67.43947442824796, 73.184380878451, 83.10331035865735, 134.0041519688869, 63.58159003658764, 69.71368374601441, 60.54067961808275, 55.52784221437865, 88.86952393825312, 32.495155137420944, 90.32112203408924, 105.1222898428066, 75.19474641062307, 44.91396849659467, 93.49581265885097, 90.92269502471366, 20.351980388135324, 83.69613430030076, 0.0, 118.83163606423926, 90.12164966496766, 52.35056728025953, 69.26918882005496, 89.16625496732611, 74.46510438157023, 70.63762725027892, 74.5772155766388, 87.07126616159852, 90.42055478112314, 129.63593450139172], [82.65958779160577, 13.282399687119563, 52.65177015129229, 48.69475228041444, 49.03946084478988, 75.53233687394325, 88.2329004890634, 54.29186260702667, 64.28094689788279, 72.43325641915473, 47.89639775490089, 54.339699973467546, 55.583349061153235, 74.04748439889997, 66.25571224667092, 80.44602048843277, 70.23702811997913, 79.18082623829125, 16.492911602776395, 71.4039486478167, 51.055536372361146, 80.62731648712717, 81.3882282601822, 36.882953837981056, 88.68170337102194, 78.6718377882908, 35.4098251287207, 64.75992069740592, 85.0180017311439, 48.950904879467956, 68.86514523902878, 103.89472953301991, 54.92390025860548, 118.83163606423926, 0.0, 44.2864284486566, 77.07592804137515, 66.48156352869842, 29.677816733173408, 44.94226870314413, 53.80369058874742, 67.0584235344968, 43.72503766203507, 34.601451410657084, 15.401037151857839], [38.37770297480964, 33.77858129494107, 21.95340526598312, 28.58664950965593, 38.04924994046787, 68.82898042164659, 61.400967093857275, 54.1247668365165, 20.045958519616722, 44.225181713592306, 71.37528742879057, 46.52815560602851, 74.57317037452675, 31.59207263015825, 82.1792436688654, 80.2849123078262, 26.60043003802395, 87.35302933389796, 60.29640840436492, 68.06763039610048, 24.62518074549502, 38.81346544326186, 41.0367738998921, 47.49772244477864, 67.32155937895163, 90.49745123217622, 15.364251541323531, 21.278424246336787, 71.92785601931935, 65.38869375084865, 25.995575826279687, 81.22231538771146, 64.25246034261995, 90.12164966496766, 44.2864284486566, 0.0, 66.88207262793775, 24.62949302406061, 29.962264431721827, 36.376420982589124, 50.25858758162718, 70.75709423645023, 4.090540756003247, 46.25095069343195, 59.597814104321664], [79.16022623974979, 78.65406909062303, 45.960871441865244, 38.447352761029244, 30.870834037921007, 5.781442399322506, 30.383372234165115, 23.71881929334479, 69.765868798865, 32.42177636125363, 52.05590453342958, 23.34369071696019, 45.9026820715317, 87.22390313163208, 43.257099154290366, 19.425860818291607, 66.97915625778573, 34.199175767708276, 89.74576767220047, 11.336867763803493, 42.456331610954926, 62.65557610011527, 58.28832410284088, 41.49761928403992, 21.083832054203608, 40.95825696615429, 77.88707242497316, 64.93799751274895, 8.467396702732827, 41.73083980723021, 82.5648670648772, 32.57334084907907, 31.71681998286665, 52.35056728025953, 77.07592804137515, 66.88207262793775, 0.0, 59.814030069596285, 49.59456470711213, 34.31472157897027, 23.293062943332966, 22.382119066142973, 62.81335157485612, 43.55670491909252, 84.2874555841704], [21.307114413160527, 57.5556341345933, 19.233534663474433, 29.69062407753455, 39.78452353073993, 63.60109830221234, 43.896347816217904, 56.26095005050411, 11.327578916718707, 29.18500404009643, 82.01658055457372, 46.520949044671994, 82.59106327793138, 27.721733655298397, 87.64103111734082, 77.16648874711076, 7.336031908912564, 88.04376175670147, 82.9247035675305, 65.03337017716578, 23.52841977072613, 14.332998127450203, 16.494685674436745, 57.478002013000925, 52.780416477926764, 92.83648767625644, 39.70356305822579, 6.072467573589279, 62.15934813388198, 73.62981182900826, 23.71570707695094, 64.32890442401354, 69.12178467256157, 69.26918882005496, 66.48156352869842, 24.62949302406061, 59.814030069596285, 0.0, 43.79863422837827, 40.69263964022366, 51.59847418630299, 71.32203440423895, 23.449131757211696, 57.1561452199025, 81.23587430536192], [63.65762160190811, 29.06899440011804, 26.101982919870746, 19.55768858504066, 19.70339036674901, 49.20852671150858, 58.58739175591639, 29.509399319993, 46.071942584207186, 43.15494509541419, 41.416576923244264, 26.253004990360807, 44.88821995512527, 60.939749498004275, 53.194636963691266, 57.28382531975263, 49.53518686101737, 60.84037298529625, 45.082428717786485, 46.2879116741738, 23.244467206150375, 56.60315455881657, 56.077220181535715, 17.895001376644124, 59.19660115718944, 62.82517736263247, 33.16992822704057, 44.367625850085794, 56.969284707297945, 35.79711712597145, 55.2783700494377, 74.42176440567533, 36.278076569749786, 89.16625496732611, 29.677816733173408, 29.962264431721827, 49.59456470711213, 43.79863422837827, 0.0, 15.707493199343627, 27.3103881900286, 45.394870270968596, 26.84144293760653, 16.410177544160096, 41.37560036628973], [61.95038294030059, 44.643401411212835, 21.52806332825637, 11.008760466556536, 4.105799133399419, 34.58765251966839, 44.17140046203942, 17.759155706719078, 46.6876247749598, 30.399344647980193, 41.72299594556776, 11.193287811124376, 41.903267030891136, 63.62483850140696, 47.531621177349734, 44.447106826175414, 47.635556877443925, 51.02753165415113, 59.591396354382525, 32.58688550309809, 17.167294730445697, 50.84199328396996, 48.92969494202254, 18.031788450808243, 43.742654456694275, 54.511698728210106, 44.676351630835065, 43.37582816205994, 41.40604727476442, 32.949617825105015, 58.15562130862534, 58.95262851510883, 29.019454829864255, 74.46510438157023, 44.94226870314413, 36.376420982589124, 34.31472157897027, 40.69263964022366, 15.707493199343627, 0.0, 13.974768746690705, 34.3808087202975, 32.39657275891894, 18.516781005807953, 55.18387167372969], [72.81937110973172, 56.04910139618356, 33.32337480530624, 23.008775919913216, 12.518735705146847, 22.03818850694242, 42.343302895119784, 4.708324075191879, 59.02181713875411, 33.4157796262065, 35.78160068072811, 5.273749605491554, 33.13973745542418, 76.3505621330607, 36.31970259554628, 30.567433881604636, 58.84632545725855, 37.4525556384131, 66.58478092082304, 19.037010129549127, 28.931792010689698, 59.56867153450085, 56.672635047462414, 18.6940680415114, 38.27193220699926, 41.50789088807681, 58.465971629181105, 55.173739232222644, 31.408483151761846, 25.464155679216063, 71.02314553513376, 52.764573293852905, 18.180467680655926, 70.63762725027892, 53.80369058874742, 50.25858758162718, 23.293062943332966, 51.59847418630299, 27.3103881900286, 13.974768746690705, 0.0, 20.63316454369342, 46.24172353348334, 20.580458896864474, 61.28101930611615], [92.2786940527043, 72.26396891033187, 53.68300520848384, 43.564905947803446, 33.138964255192796, 16.927921775989976, 51.733727181885996, 16.649064068381865, 79.35923887393635, 48.88533931095826, 31.55187547904238, 25.13425463148075, 24.197644229535346, 96.7942485138666, 20.95807969785026, 13.642637345951703, 78.64361860256446, 16.870109580683373, 76.73693354602102, 11.046383973734779, 49.35104571371397, 77.76408022882711, 74.22092280791135, 30.472589998211873, 43.379367242884605, 21.667795125528766, 78.02694643695611, 75.30047454090047, 29.75972533259381, 22.311802440251437, 91.52786124013973, 54.517210276950955, 12.88378547099746, 74.5772155766388, 67.0584235344968, 70.75709423645023, 22.382119066142973, 71.32203440423895, 45.394870270968596, 34.3808087202975, 20.63316454369342, 0.0, 66.77272939110458, 32.75916038251683, 70.60137052023408], [39.247870468008045, 34.134258546645846, 18.17119887105709, 24.49726584872508, 33.991091732780916, 64.73929852920801, 58.00105081699374, 50.15443249153913, 20.844504584838326, 40.747995110766404, 68.21455612573448, 42.46236726706434, 71.12286304122946, 34.16300751148932, 78.52104516705178, 76.21262083317976, 26.521355397673563, 83.40685869051929, 59.99799487920993, 63.98690205255363, 20.63360697688445, 37.78064100291269, 39.51987527609104, 44.092488431634614, 63.60063323821221, 86.64250110610907, 18.053907162778305, 21.052525795584067, 67.92217873021865, 61.91914102453036, 28.507184139560675, 77.65646323705909, 60.48385758280928, 87.07126616159852, 43.72503766203507, 4.090540756003247, 62.81335157485612, 23.449131757211696, 26.84144293760653, 32.39657275891894, 46.24172353348334, 66.77272939110458, 0.0, 42.94714575265426, 58.85735518255637], [77.93987776432368, 39.68832865565135, 38.11163864887178, 28.522816905518432, 21.755299231750772, 41.34384383655681, 60.98119389347302, 20.03311370390321, 61.1340074940932, 48.621058377282054, 25.402664589759496, 22.90693837458851, 28.485693732789766, 76.78303484944364, 37.11861622868125, 45.94115778841837, 63.58466795040345, 46.50024129183033, 46.20822358464389, 36.90278788267216, 34.169502081891686, 68.54093550577547, 67.03030666711129, 2.294438349755325, 58.39647148394098, 47.56546796658454, 48.98476573530167, 58.756623526837714, 51.846123745325066, 19.444839746868, 71.13373020481323, 73.16182873760705, 21.534209777077383, 90.42055478112314, 34.601451410657084, 46.25095069343195, 43.55670491909252, 57.1561452199025, 16.410177544160096, 18.516781005807953, 20.580458896864474, 32.75916038251683, 42.94714575265426, 0.0, 40.7500803433686], [97.94232995627334, 28.012084897843977, 66.27999306194188, 60.93151304284299, 59.2384788891055, 81.80171834752393, 99.32466513787705, 60.640708917794804, 79.53823296921374, 84.4733610264449, 45.3984375306154, 62.983150780348126, 54.201486382839285, 89.42553627022995, 65.06731019964182, 84.24380839080698, 85.30442659879316, 80.06406944002856, 6.567459346518039, 76.93604024988146, 64.15569288904433, 95.2235223527982, 95.66554983668416, 42.79022824599078, 98.36606142992149, 78.1669888690666, 50.61177361399996, 79.82230219794491, 92.59572064549066, 49.731374452073446, 84.26120120653273, 113.39738502