instance_id,num_cities,city_coordinates,distance_matrix,best_route,total_distance
328,33,"[[65.88817822145529, 16.14373225329897], [12.341653878123559, 86.18100773971774], [39.668736809484706, 62.92876748592961], [80.29699031422068, 55.98417873457766], [28.04936295815308, 66.99987891051909], [28.66869255441743, 68.83666306223175], [2.2707490364976546, 18.70086545565457], [28.55059127074605, 46.21122966985228], [80.98435769742997, 63.19240289394279], [43.473335607618544, 22.706673720340632], [99.5359888904866, 37.40093939482561], [10.707066405299948, 95.12818507591558], [58.7631769019341, 18.35037172051993], [75.2300373338771, 23.06087902347973], [82.05338579484811, 37.60602914438622], [52.91195690844228, 36.76933311839027], [71.52576816260651, 97.48885203882966], [98.49572977295516, 2.3307324891648884], [20.404409829518556, 74.33220685305884], [66.45236292295121, 73.20523046926954], [70.06376770322473, 93.22915133779786], [60.65650521662761, 94.50250733610329], [91.1055126571623, 38.78859580853186], [38.70947325124745, 85.01389294315365], [8.157102732446543, 73.02108871242422], [55.79079421836184, 4.073241137809614], [69.95454205509938, 4.226580472845731], [13.8033638090156, 81.6778629192787], [84.83878423907812, 79.1186468240625], [61.42744872029391, 18.61765753762986], [17.49269663774532, 42.66598640622755], [48.30935042207778, 42.74198520034717], [81.06841539668103, 43.14791697015576]]","[[0.0, 88.1615008198677, 53.631134890791266, 42.36596560627709, 63.38867085963384, 64.51228619847396, 63.66880104350709, 47.93902168584808, 49.41125422231882, 23.355885127797805, 39.800050480831665, 96.35091535089425, 7.458880716399471, 11.62399462820594, 26.869017915287674, 24.36796525379885, 81.54024118965376, 35.41258788436238, 73.85574969748964, 57.0642872822277, 77.19842863007698, 78.53322885827986, 33.89253312276037, 74.03905075906907, 81.04264775348855, 15.737023844267222, 12.591815650887225, 83.71111141613154, 65.76446862577183, 5.10082483476772, 55.186525557166114, 31.882318714850808, 30.978469828547496], [88.1615008198677, 0.0, 35.88086033468784, 74.36246521000241, 24.792092039704063, 23.820127712265368, 68.22750711411413, 43.13134371141541, 72.38989391054672, 70.6977558802967, 99.911696642488, 9.095265718585914, 82.19460434006035, 89.10162413128253, 84.96619393833166, 63.93327050023192, 60.254682194263516, 120.22226687633984, 14.331856683048583, 55.64476281831268, 58.15082761764525, 49.02624006992981, 91.92271840203361, 26.39363664677618, 13.80919755437328, 92.89517281677848, 100.17870548541609, 4.734438635774619, 72.84031062726336, 83.51180482912345, 43.81883525569293, 56.39702007955669, 81.08769727899562], [53.631134890791266, 35.88086033468784, 0.0, 41.217499872875536, 12.311937172046978, 12.48616048887443, 57.919917191481694, 20.077082229560897, 41.31646200952808, 40.40163114160855, 65.08270030337698, 43.307976698697544, 48.49568033816656, 53.423352809801216, 49.37306499222768, 29.320622179944138, 47.00287109249164, 84.45553236226343, 22.386440614596243, 28.687424409206216, 42.91819153461581, 37.912893200576384, 56.81980111033886, 22.10594836317789, 33.08833676605559, 61.023714380635475, 66.0543470143667, 31.945987228793346, 47.983803285848666, 49.36512948294474, 30.039258559134428, 21.958287334116786, 45.882626714809525], [42.36596560627709, 74.36246521000241, 41.217499872875536, 0.0, 53.39625656078092, 53.20401754536493, 86.47623822174374, 52.661184447258954, 7.240923245771572, 49.63238746951059, 26.748380335565564, 79.84366438296829, 43.35906537791738, 33.31092427975834, 18.46188797073101, 33.4537045286395, 42.42136542033573, 56.65585946657501, 62.64001383263814, 22.09611573222821, 38.62520976280675, 43.236677637439755, 20.310397027246562, 50.71731343924566, 74.1243528262086, 57.40469570744395, 52.780822405637416, 71.28511606778, 23.576079102328784, 41.86067971649388, 64.20088434823843, 34.620294560668135, 12.859421166701422], [63.38867085963384, 24.792092039704063, 12.311937172046978, 53.39625656078092, 0.0, 1.9383872597579082, 54.74789161634401, 20.794690838596793, 53.0717489975983, 46.90188651121307, 77.37205508220045, 33.044770500964056, 57.5335807750828, 64.47210052124365, 61.4852249456751, 39.14121199997458, 53.10155639828902, 95.62839063935039, 10.592843876691846, 38.901115591509345, 49.529636967649026, 42.657007590548915, 69.07933489202345, 20.931857371692832, 20.7835748697327, 68.77026064908199, 75.47536705371064, 20.454625548237946, 58.06808852687258, 58.7787032361219, 26.52511127612563, 31.605577028309163, 58.13721708066114], [64.51228619847396, 23.820127712265368, 12.48616048887443, 53.20401754536493, 1.9383872597579082, 0.0, 56.66082971174137, 22.625741625551303, 52.61925970785935, 48.44742895774433, 77.52663034388739, 31.8412333887474, 58.77536560144166, 65.29457276094378, 61.84883157574902, 40.2001183613472, 51.55266106455334, 96.43056532090145, 9.924684907540394, 38.03537994693691, 48.04732803027691, 41.011653480483794, 69.29100122112104, 19.039959128685826, 20.93405682247873, 70.21331225650914, 76.6745338505572, 19.64368632608178, 57.103400861435034, 59.95902452021168, 28.457111613138018, 32.66018454004841, 58.35788404088338], [63.66880104350709, 68.22750711411413, 57.919917191481694, 86.47623822174374, 54.74789161634401, 56.66082971174137, 0.0, 38.04537090179035, 90.41752646500015, 41.396855436181845, 99.04655293943584, 76.89152511873262, 56.49351513218052, 73.0894483983273, 81.99191632235846, 53.76803379712552, 104.89902051014721, 97.60752107840959, 58.51218505090106, 84.20216960748212, 100.74898896007684, 95.68064295612452, 91.07761601112136, 75.66503972744879, 54.63822667784076, 55.48299405631236, 69.2141659138394, 64.02424082349293, 102.31221208973692, 59.156758202562806, 28.390750447121363, 51.93773441457558, 82.502912382312], [47.93902168584808, 43.13134371141541, 20.077082229560897, 52.661184447258954, 20.794690838596793, 22.625741625551303, 38.04537090179035, 0.0, 55.114971702384224, 27.841559743078037, 71.53004886034188, 52.06975999390221, 41.097782618953374, 52.10479267601747, 54.19039119596542, 26.127103670748443, 66.90486069563366, 82.57009405903283, 29.277117853569926, 46.53192853874469, 62.72183651239151, 57.989975072759826, 62.99375908056239, 40.1104669655561, 33.68475792764926, 50.17607730934987, 58.96607421856109, 38.41045159663364, 65.20167767321172, 42.921940528988806, 11.612311721307815, 20.06101244677165, 52.60708826402351], [49.41125422231882, 72.38989391054672, 41.31646200952808, 7.240923245771572, 53.0717489975983, 52.61925970785935, 90.41752646500015, 55.114971702384224, 0.0, 55.19212846901795, 31.77046756579899, 77.19321119718563, 50.04586532076693, 40.541970980848305, 25.608696622926107, 38.55176134006427, 35.57683712664861, 63.33080669332502, 61.595659878975255, 17.647537736996107, 31.96037457385263, 37.330205285536024, 26.419378834122252, 47.57460754337226, 73.48749642390275, 64.26344939016015, 59.988540963255254, 69.67781693037936, 16.386026049248073, 48.676283879525215, 66.72724179782216, 38.54705804969878, 20.044662173399175], [23.355885127797805, 70.6977558802967, 40.40163114160855, 49.63238746951059, 46.90188651121307, 48.44742895774433, 41.396855436181845, 27.841559743078037, 55.19212846901795, 0.0, 57.95638478051771, 79.48901625045113, 15.898321103783225, 31.758677017900563, 41.35711624982076, 16.936527430554275, 79.87060264146277, 58.67403889917581, 56.545300492550844, 55.48098710444505, 75.36889894602281, 73.82345861847878, 50.27377555475354, 62.48907065903709, 61.4717549813651, 22.336620076347778, 32.291920682272945, 66.01445585678067, 69.95292023880747, 18.413859753055906, 32.76229180286236, 20.61069492730779, 42.79292523238026], [39.800050480831665, 99.911696642488, 65.08270030337698, 26.748380335565564, 77.37205508220045, 77.52663034388739, 99.04655293943584, 71.53004886034188, 31.77046756579899, 57.95638478051771, 0.0, 105.9387198516398, 45.00384790400874, 28.220854213260314, 17.483806015996734, 46.62830990665569, 66.29577445914653, 35.085631695003876, 87.32539905865758, 48.749087853038716, 63.13003303072411, 69.08113571806865, 8.54391712525035, 77.24544226299601, 98.0759699054364, 54.9943408726098, 44.44772307733195, 96.49108228302934, 44.23092738929164, 42.48614493255477, 82.21205826216122, 51.50432272217297, 19.34112256308971], [96.35091535089425, 9.095265718585914, 43.307976698697544, 79.84366438296829, 33.044770500964056, 31.8412333887474, 76.89152511873262, 52.06975999390221, 77.19321119718563, 79.48901625045113, 105.9387198516398, 0.0, 90.57716257258605, 96.73112414887709, 91.64658047874234, 72.02088852675027, 60.86449894605228, 127.74277522611496, 22.945831423872352, 59.90120217930459, 59.387071977910935, 49.9533573466355, 98.17361905589046, 29.773036367035484, 22.25367440126608, 101.60484894479137, 108.50513854323411, 13.802109394203969, 75.84073380462804, 91.79552280131057, 52.899216127550446, 64.48446092417483, 87.47952734345102], [7.458880716399471, 82.19460434006035, 48.49568033816656, 43.35906537791738, 57.5335807750828, 58.77536560144166, 56.49351513218052, 41.097782618953374, 50.04586532076693, 15.898321103783225, 45.00384790400874, 90.57716257258605, 0.0, 17.127357400846392, 30.219433699208658, 19.32601651630455, 80.1609805502558, 42.84045516508028, 67.86280922657564, 55.39114649482421, 75.72671252227374, 76.17566836543949, 38.25895563101145, 69.61448191224366, 74.49739619111911, 14.583261517690838, 18.020214571401763, 77.66438009074066, 66.12654956264352, 2.6776456132457858, 47.90095676268477, 26.537394299746826, 33.353289413718656], [11.62399462820594, 89.10162413128253, 53.423352809801216, 33.31092427975834, 64.47210052124365, 65.29457276094378, 73.0894483983273, 52.10479267601747, 40.541970980848305, 31.758677017900563, 28.220854213260314, 96.73112414887709, 17.127357400846392, 0.0, 16.06609710724859, 26.191953488589714, 74.52009646576475, 31.161377055642763, 75.06396264956207, 50.90681241231969, 70.35820337013237, 72.91292131255994, 22.347075692605674, 71.91611456860535, 83.63492756146252, 27.17378452445376, 19.559183324740836, 84.90693152723325, 56.87531404636166, 14.500126537659401, 60.975082994205664, 33.3477034313947, 20.918311401148827], [26.869017915287674, 84.96619393833166, 49.37306499222768, 18.46188797073101, 61.4852249456751, 61.84883157574902, 81.99191632235846, 54.19039119596542, 25.608696622926107, 41.35711624982076, 17.483806015996734, 91.64658047874234, 30.219433699208658, 16.06609710724859, 0.0, 29.1534378381241, 60.801177709136226, 38.91911136714535, 71.75937824885875, 38.86766071709261, 56.90063852476688, 60.786805551033574, 9.129045111432989, 64.23550657190917, 81.94441466412617, 42.593093193701435, 35.50450131257814, 81.24279680899947, 41.60595956244838, 28.035469257348637, 64.75867317920982, 34.13265251701862, 5.628737634556978], [24.36796525379885, 63.93327050023192, 29.320622179944138, 33.4537045286395, 39.14121199997458, 40.2001183613472, 53.76803379712552, 26.127103670748443, 38.55176134006427, 16.936527430554275, 46.62830990665569, 72.02088852675027, 19.32601651630455, 26.191953488589714, 29.1534378381241, 0.0, 63.50853444487007, 57.13053090828742, 49.67605157714425, 38.870518530134895, 59.00759007880736, 58.25029985974853, 38.24689690082558, 50.29163046390581, 57.59502370833972, 32.822585746092216, 36.73527539341652, 59.5504668587393, 53.03571131550583, 20.049861026622754, 35.90674752912514, 7.5403288628831495, 28.869923563354227], [81.54024118965376, 60.254682194263516, 47.00287109249164, 42.42136542033573, 53.10155639828902, 51.55266106455334, 104.89902051014721, 66.90486069563366, 35.57683712664861, 79.87060264146277, 66.29577445914653, 60.86449894605228, 80.1609805502558, 74.52009646576475, 60.801177709136226, 63.50853444487007, 0.0, 98.90625129632592, 56.121506520046886, 24.807936578026144, 4.503609153290657, 11.272050907990605, 61.8796127652291, 35.10746097552599, 67.92833871512347, 94.7315457756118, 93.27550615852078, 59.84867033859658, 22.687019122948932, 79.51503868832032, 76.97479726885359, 59.4661372659539, 55.17245091865888], [35.41258788436238, 120.22226687633984, 84.45553236226343, 56.65585946657501, 95.62839063935039, 96.43056532090145, 97.60752107840959, 82.57009405903283, 63.33080669332502, 58.67403889917581, 35.085631695003876, 127.74277522611496, 42.84045516508028, 31.161377055642763, 38.91911136714535, 57.13053090828742, 98.90625129632592, 0.0, 106.21895575217569, 77.78156480179472, 95.2412674018784, 99.63655450415219, 37.199342827961374, 102.03382523231934, 114.70917137934269, 42.74047095099176, 28.60408425248234, 116.05500402853536, 77.99292243030041, 40.488534027961556, 90.48991151315059, 64.43401289720522, 44.38190887427819], [73.85574969748964, 14.331856683048583, 22.386440614596243, 62.64001383263814, 10.592843876691846, 9.924684907540394, 58.51218505090106, 29.277117853569926, 61.595659878975255, 56.545300492550844, 87.32539905865758, 22.945831423872352, 67.86280922657564, 75.06396264956207, 71.75937824885875, 49.67605157714425, 56.121506520046886, 106.21895575217569, 0.0, 46.06174182404084, 53.13328839144187, 45.02301860858765, 79.1327632976991, 21.193719933056638, 12.31728711643484, 78.66713712530498, 85.84878830673486, 9.875852955972489, 64.6119076730236, 69.18815451546192, 31.7998048908867, 42.15006303128991, 68.20983438591279], [57.0642872822277, 55.64476281831268, 28.687424409206216, 22.09611573222821, 38.901115591509345, 38.03537994693691, 84.20216960748212, 46.53192853874469, 17.647537736996107, 55.48098710444505, 48.749087853038716, 59.90120217930459, 55.39114649482421, 50.90681241231969, 38.86766071709261, 38.870518530134895, 24.807936578026144, 77.78156480179472, 46.06174182404084, 0.0, 20.346981383882632, 22.071836545573703, 42.33535795511976, 30.151491451642087, 58.29555102119931, 69.9492744506172, 69.06749897023052, 53.32637816627096, 19.313958211595544, 54.818362628877814, 57.70350379916952, 35.456709025533804, 33.422613373266174], [77.19842863007698, 58.15082761764525, 42.91819153461581, 38.62520976280675, 49.529636967649026, 48.04732803027691, 100.74898896007684, 62.72183651239151, 31.96037457385263, 75.36889894602281, 63.13003303072411, 59.387071977910935, 75.72671252227374, 70.35820337013237, 56.90063852476688, 59.00759007880736, 4.503609153290657, 95.2412674018784, 53.13328839144187, 20.346981383882632, 0.0, 9.493051300301596, 58.36547881275071, 32.412686575969985, 65.12143243875397, 90.29116288811417, 89.00263788682352, 57.43400830925312, 20.430551908034385, 75.10965991580204, 72.94073732057325, 54.97461792348185, 51.27604027851399], [78.53322885827986, 49.02624006992981, 37.912893200576384, 43.236677637439755, 42.657007590548915, 41.011653480483794, 95.68064295612452, 57.989975072759826, 37.330205285536024, 73.82345861847878, 69.08113571806865, 49.9533573466355, 76.17566836543949, 72.91292131255994, 60.786805551033574, 58.25029985974853, 11.272050907990605, 99.63655450415219, 45.02301860858765, 22.071836545573703, 9.493051300301596, 0.0, 63.49158992981506, 23.91037463503049, 56.72423298099131, 90.56007579877848, 90.7534928257299, 48.57662363915052, 28.66087547465322, 75.88876585386481, 67.45472016951695, 53.21281690802202, 55.26246491835882], [33.89253312276037, 91.92271840203361, 56.81980111033886, 20.310397027246562, 69.07933489202345, 69.29100122112104, 91.07761601112136, 62.99375908056239, 26.419378834122252, 50.27377555475354, 8.54391712525035, 98.17361905589046, 38.25895563101145, 22.347075692605674, 9.129045111432989, 38.24689690082558, 61.8796127652291, 37.199342827961374, 79.1327632976991, 42.33535795511976, 58.36547881275071, 63.49158992981506, 0.0, 69.87219075290437, 89.73462140920707, 49.520553190829666, 40.52032158650191, 88.40311900514607, 40.81402822537035, 35.883899311103114, 73.71486173191694, 42.97837583872839, 10.942897349721527], [74.03905075906907, 26.39363664677618, 22.10594836317789, 50.71731343924566, 20.931857371692832, 19.039959128685826, 75.66503972744879, 40.1104669655561, 47.57460754337226, 62.48907065903709, 77.24544226299601, 29.773036367035484, 69.61448191224366, 71.91611456860535, 64.23550657190917, 50.29163046390581, 35.10746097552599, 102.03382523231934, 21.193719933056638, 30.151491451642087, 32.412686575969985, 23.91037463503049, 69.87219075290437, 0.0, 32.82186310425867, 82.72339838676554, 86.61895970705612, 25.128537240926413, 46.50448643966144, 70.175255506752, 47.365565529480165, 43.348262086401704, 59.55703085154452], [81.04264775348855, 13.80919755437328, 33.08833676605559, 74.1243528262086, 20.7835748697327, 20.93405682247873, 54.63822667784076, 33.68475792764926, 73.48749642390275, 61.4717549813651, 98.0759699054364, 22.25367440126608, 74.49739619111911, 83.63492756146252, 81.94441466412617, 57.59502370833972, 67.92833871512347, 114.70917137934269, 12.31728711643484, 58.29555102119931, 65.12143243875397, 56.72423298099131, 89.73462140920707, 32.82186310425867, 0.0, 83.8019943065059, 92.4749040051537, 10.335376326638512, 76.92373166721235, 76.14107357566974, 31.758235933129498, 50.289433323756725, 78.79381894771205], [15.737023844267222, 92.89517281677848, 61.023714380635475, 57.40469570744395, 68.77026064908199, 70.21331225650914, 55.48299405631236, 50.17607730934987, 64.26344939016015, 22.336620076347778, 54.9943408726098, 101.60484894479137, 14.583261517690838, 27.17378452445376, 42.593093193701435, 32.822585746092216, 94.7315457756118, 42.74047095099176, 78.66713712530498, 69.9492744506172, 90.29116288811417, 90.56007579877848, 49.520553190829666, 82.72339838676554, 83.8019943065059, 0.0, 14.164577852317263, 88.23503631905275, 80.47110437205338, 15.598458974703599, 54.37043558449224, 39.38583208021624, 46.53803201509005], [12.591815650887225, 100.17870548541609, 66.0543470143667, 52.780822405637416, 75.47536705371064, 76.6745338505572, 69.2141659138394, 58.96607421856109, 59.988540963255254, 32.291920682272945, 44.44772307733195, 108.50513854323411, 18.020214571401763, 19.559183324740836, 35.50450131257814, 36.73527539341652, 93.27550615852078, 28.60408425248234, 85.84878830673486, 69.06749897023052, 89.00263788682352, 90.7534928257299, 40.52032158650191, 86.61895970705612, 92.4749040051537, 14.164577852317263, 0.0, 95.66428785613056, 76.35680891542277, 16.727654343183914, 65.03716747449617, 44.180886389404506, 40.47701341983567], [83.71111141613154, 4.734438635774619, 31.945987228793346, 71.28511606778, 20.454625548237946, 19.64368632608178, 64.02424082349293, 38.41045159663364, 69.67781693037936, 66.01445585678067, 96.49108228302934, 13.802109394203969, 77.66438009074066, 84.90693152723325, 81.24279680899947, 59.5504668587393, 59.84867033859658, 116.05500402853536, 9.875852955972489, 53.32637816627096, 57.43400830925312, 48.57662363915052, 88.40311900514607, 25.128537240926413, 10.335376326638512, 88.23503631905275, 95.66428785613056, 0.0, 71.08150633391048, 79.02305338578344, 39.185937347353246, 52.02562528105178, 77.51866807378482], [65.76446862577183, 72.84031062726336, 47.983803285848666, 23.576079102328784, 58.06808852687258, 57.103400861435034, 102.31221208973692, 65.20167767321172, 16.386026049248073, 69.95292023880747, 44.23092738929164, 75.84073380462804, 66.12654956264352, 56.87531404636166, 41.60595956244838, 53.03571131550583, 22.687019122948932, 77.99292243030041, 64.6119076730236, 19.313958211595544, 20.430551908034385, 28.66087547465322, 40.81402822537035, 46.50448643966144, 76.92373166721235, 80.47110437205338, 76.35680891542277, 71.08150633391048, 0.0, 64.87264705105014, 76.57866521913517, 51.55250765847275, 36.16779074577898], [5.10082483476772, 83.51180482912345, 49.36512948294474, 41.86067971649388, 58.7787032361219, 59.95902452021168, 59.156758202562806, 42.921940528988806, 48.676283879525215, 18.413859753055906, 42.48614493255477, 91.79552280131057, 2.6776456132457858, 14.500126537659401, 28.035469257348637, 20.049861026622754, 79.51503868832032, 40.488534027961556, 69.18815451546192, 54.818362628877814, 75.10965991580204, 75.88876585386481, 35.883899311103114, 70.175255506752, 76.14107357566974, 15.598458974703599, 16.727654343183914, 79.02305338578344, 64.87264705105014, 0.0, 50.08577205082534, 27.46029293616164, 31.42453181528685], [55.186525557166114, 43.81883525569293, 30.039258559134428, 64.20088434823843, 26.52511127612563, 28.457111613138018, 28.390750447121363, 11.612311721307815, 66.72724179782216, 32.76229180286236, 82.21205826216122, 52.899216127550446, 47.90095676268477, 60.975082994205664, 64.75867317920982, 35.90674752912514, 76.97479726885359, 90.48991151315059, 31.7998048908867, 57.70350379916952, 72.94073732057325, 67.45472016951695, 73.71486173191694, 47.365565529480165, 31.758235933129498, 54.37043558449224, 65.03716747449617, 39.185937347353246, 76.57866521913517, 50.08577205082534, 0.0, 30.816747496777136, 63.57754535041235], [31.882318714850808, 56.39702007955669, 21.958287334116786, 34.620294560668135, 31.605577028309163, 32.66018454004841, 51.93773441457558, 20.06101244677165, 38.54705804969878, 20.61069492730779, 51.50432272217297, 64.48446092417483, 26.537394299746826, 33.3477034313947, 34.13265251701862, 7.5403288628831495, 59.4661372659539, 64.43401289720522, 42.15006303128991, 35.456709025533804, 54.97461792348185, 53.21281690802202, 42.97837583872839, 43.348262086401704, 50.289433323756725, 39.38583208021624, 44.180886389404506, 52.02562528105178, 51.55250765847275, 27.46029293616164, 30.816747496777136, 0.0, 32.761579916298565], [30.978469828547496, 81.08769727899562, 45.882626714809525, 12.859421166701422, 58.13721708066114, 58.35788404088338, 82.502912382312, 52.60708826402351, 20.044662173399175, 42.79292523238026, 19.34112256308971, 87.47952734345102, 33.353289413718656, 20.918311401148827, 5.628737634556978, 28.869923563354227, 55.17245091865888, 44.38190887427819, 68.20983438591279, 33.422613373266174, 51.27604027851399, 55.26246491835882, 10.942897349721527, 59.55703085154452, 78.79381894771205, 46.53803201509005, 40.47701341983567, 77.51866807378482, 36.16779074577898, 31.42453181528685, 63.57754535041235, 32.761579916298565, 0.0]]",Route_3,1581.0552456447126
