instance_id,num_cities,city_coordinates,distance_matrix,best_route,total_distance
2429,34,"[[77.64010580004901, 59.34046741777513], [57.182142378870914, 74.9181839929452], [92.79666211482127, 9.578616258010364], [83.23374217494352, 45.51375917804461], [77.4457872714112, 46.23730593360275], [71.41689734242418, 24.972706415835987], [46.781940586971295, 92.51724432644495], [96.94977487938324, 64.7588369904203], [5.855405710635986, 82.17847932067649], [56.36050905964157, 89.67776338489023], [50.97505543471188, 98.18809383942437], [14.067004440435104, 97.97576841519631], [66.97314707195525, 11.344472238801517], [50.487847481018946, 55.28730968353831], [94.01639957125613, 45.97780398458463], [61.43054408987004, 65.14169286297955], [21.612674174952662, 54.91763564973752], [46.3097980839694, 59.78325943094699], [83.05373379687569, 6.315046591145379], [92.43018442951137, 59.26652504077893], [23.10066537741111, 46.71817946615945], [50.93546797139247, 14.920828413389732], [55.67009058344029, 78.80278304673315], [21.888002802145678, 77.691313022923], [28.968610161515652, 13.432982269299599], [51.53948133918483, 37.93139943062261], [73.98072499657734, 33.20401937323724], [46.31213283384008, 35.0454288353442], [20.757666934819742, 98.47287349001228], [48.47663155827926, 74.58531905911846], [38.799121032251406, 80.9362732501997], [35.847847227372455, 6.758811684037203], [65.9164554714471, 97.28565117291899], [34.74775126203446, 3.1202328975804328]]","[[0.0, 25.713683536953425, 52.01887186559744, 14.91531523774053, 13.10460226679431, 34.92665629277246, 45.30921414420302, 20.055474284572863, 75.33006009956475, 37.05634579975064, 47.11860555642522, 74.39237662315325, 49.16705768832333, 27.45310946763483, 21.13631405211428, 17.2163906641952, 56.201730714927365, 31.333436555079093, 53.30105648042266, 14.790263464211682, 55.98100315953593, 51.828968838282236, 29.350695021740158, 58.694552755028276, 66.90599136362357, 33.757825601267335, 26.39138087045931, 39.64455561477926, 69.04315357990978, 32.90765460218848, 44.44098251933759, 67.16713032657262, 39.71499650307125, 70.71399329213723], [25.713683536953425, 0.0, 74.41540920945428, 39.284934143127586, 35.11706238548216, 51.934371848304124, 20.44238542671565, 41.04481606991943, 51.83768692038842, 14.782430961732786, 24.08353447058005, 48.893428176387715, 64.32325084367974, 20.74089704740705, 46.8434424219986, 10.659676163576327, 40.80697247209769, 18.635284059124356, 73.3193678632761, 38.56681081394525, 44.23558895179051, 60.321667895480665, 4.168502181930005, 35.40291701369067, 67.64934169064128, 37.41472779359027, 44.969588700409574, 41.32788055740409, 43.37701936137992, 8.711872227690778, 19.343031617059168, 71.42025051171122, 24.012326277275847, 75.22132467775066], [52.01887186559744, 74.41540920945428, 0.0, 37.18580286157338, 39.74303570676784, 26.34525295969457, 94.84814506968338, 55.33629103682909, 113.26748068998516, 87.99696937914413, 97.98309192180497, 118.3740491282896, 25.883820747988956, 62.28419101494654, 36.4196187049923, 63.805084764185096, 84.39660430625614, 68.42174159976346, 10.274995823799987, 49.689260259119976, 78.97391415216285, 42.20069674575197, 78.55168732285551, 98.32282250886635, 63.94432229293593, 50.06031641117253, 30.202635017406703, 53.00349050131932, 114.4194292739376, 78.67742063390496, 89.4854717503281, 57.0185830665785, 91.7336878292566, 58.407078054162824], [14.91531523774053, 39.284934143127586, 37.18580286157338, 0.0, 5.833004532211715, 23.697524562191667, 59.4816060232471, 23.632659036884856, 85.62539726693885, 51.69748471300745, 61.76737328253023, 86.81186567533992, 37.841077191851376, 34.173321594323156, 10.792638144065236, 29.33658513660299, 62.33449217050185, 39.58530389804989, 39.19912590207219, 16.544277530819883, 60.14513740418549, 44.487143415808774, 43.219370647753465, 69.27261154767652, 63.03872460244909, 32.5886230035028, 15.399611065387289, 38.37696153294263, 81.9019399411129, 45.312386080826705, 56.825962898015256, 61.21575773643181, 54.59136579625053, 64.40576360310547], [13.10460226679431, 35.11706238548216, 39.74303570676784, 5.833004532211715, 0.0, 22.102730745924756, 55.51670191151584, 26.89707503243771, 80.10587167278739, 48.28728922651224, 58.305951737417935, 81.81527127068208, 36.43056458525337, 28.436474563775693, 16.572644123775667, 24.7762761394745, 56.50384625866405, 33.955009627928334, 40.31421405954597, 19.856805098869387, 54.3472493602762, 41.030705497992024, 39.17513581153648, 63.84373091469804, 58.53341226698252, 27.205234237005847, 13.48603778480103, 33.084173733382194, 77.08500181770835, 40.53173856246604, 51.93826281499293, 57.349281809979296, 52.33410975096533, 60.68116895917313], [34.92665629277246, 51.934371848304124, 26.34525295969457, 23.697524562191667, 22.102730745924756, 0.0, 71.89677110900548, 47.274348450456955, 87.01039960042257, 66.43372054529588, 76.01553693927346, 92.83564658659984, 14.334423017700539, 36.83748497630335, 30.853713307536108, 41.391722886050566, 58.113332653864184, 42.920170484187906, 21.989184450577643, 40.219699527530395, 52.98418508837608, 22.81510903889401, 56.0859971222144, 72.33507362942841, 43.98888857394601, 23.728451100257583, 8.621352866162143, 27.05011900106776, 89.26719546072108, 54.65955659845405, 64.77530504941495, 39.96127234446006, 72.52183698870938, 42.686729473350624], [45.30921414420302, 20.44238542671565, 94.84814506968338, 59.4816060232471, 55.51670191151584, 71.89677110900548, 0.0, 57.33533618479594, 42.21221764878497, 9.990576860376256, 7.052711983712464, 33.16719060004056, 83.64630145865246, 37.413924940086815, 66.30998132160543, 31.048388082378445, 45.24624342816431, 32.737389720040746, 93.52252069452446, 56.47452964763992, 51.559258505408785, 77.70749997448758, 16.34275553731518, 28.974409009529786, 81.06562308383069, 54.792779241426935, 65.25206914504743, 57.47373569873487, 26.697047362133574, 18.011827261030874, 14.065713601237842, 86.45266431336175, 19.71972017341337, 90.20336670613219], [20.055474284572863, 41.04481606991943, 55.33629103682909, 23.632659036884856, 26.89707503243771, 47.274348450456955, 57.33533618479594, 0.0, 92.74496230613317, 47.62815755872422, 56.8435576076386, 89.29119872033104, 61.251061839971726, 47.41751287336659, 19.008731979398803, 35.52129409942515, 75.97715437141201, 50.88382475689487, 60.073093760860345, 7.112818596502126, 76.02076228335217, 67.83172958982352, 43.60326543282446, 76.16770026531205, 85.18087883587157, 52.74283046473548, 39.029268086559256, 58.71164634144323, 83.3179066595641, 49.45912831090671, 60.35899259255554, 84.24635599438494, 44.956207072414195, 87.56945390150078], [75.33006009956475, 51.83768692038842, 113.26748068998516, 85.62539726693885, 80.10587167278739, 87.01039960042257, 42.21221764878497, 92.74496230613317, 0.0, 51.05883592258548, 47.87578248198357, 17.80406404265817, 93.55658645111113, 52.10748375080078, 95.30398592546605, 58.12785991825417, 31.487221330373405, 46.239633824295716, 108.23512500486521, 89.55528995624074, 39.43135613628781, 80.96791722034186, 49.92893103512946, 16.648688563438856, 72.52698521811749, 63.59904751513014, 83.90206704816504, 62.114983841053046, 22.08131950177559, 43.292320052331675, 32.967126885932416, 81.16448000545554, 61.93186853102219, 84.17228735727927], [37.05634579975064, 14.782430961732786, 87.99696937914413, 51.69748471300745, 48.28728922651224, 66.43372054529588, 9.990576860376256, 47.62815755872422, 51.05883592258548, 0.0, 10.07118837037813, 43.09985406538894, 79.04892527642805, 34.88827109218598, 57.685808842479275, 25.054421004364034, 49.149552483595784, 31.538835707248687, 87.53211295351322, 47.17907267963347, 54.32994618290062, 74.95352157932504, 10.896874553172713, 36.496968092610075, 81.01594147209225, 51.97045786568499, 59.15873369467907, 55.54873394694764, 36.6731008932461, 17.02754827281389, 19.61672753604572, 85.41850997654682, 12.214584250826386, 89.21500649374852], [47.11860555642522, 24.08353447058005, 97.98309192180497, 61.76737328253023, 58.305951737417935, 76.01553693927346, 7.052711983712464, 56.8435576076386, 47.87578248198357, 10.07118837037813, 0.0, 36.908661724342, 88.30488972161058, 42.90355058477172, 67.66440476208162, 34.66095585113189, 52.29227462244205, 38.68715461353064, 97.3123754521883, 56.86313601731051, 58.53318466184606, 83.26727483649837, 19.94576720953661, 35.5833479971935, 87.56547590704042, 60.25933784632354, 68.93613541689655, 63.314603299706555, 30.218730403556044, 23.73463922616422, 21.11583984159324, 92.67225077442328, 14.968628455008178, 96.4428513927827], [74.39237662315325, 48.893428176387715, 118.3740491282896, 86.81186567533992, 81.81527127068208, 92.83564658659984, 33.16719060004056, 89.29119872033104, 17.80406404265817, 43.09985406538894, 36.908661724342, 0.0, 101.50882427330636, 56.11401176775113, 95.37134835322036, 57.63142723802937, 43.7142989076834, 49.98265183492669, 114.72077733612527, 87.40247994548118, 52.047549940344666, 90.8702738074296, 45.80851607028558, 21.73998955692034, 85.84602811066664, 70.77791160865775, 88.23283620531546, 70.71050802209437, 6.70910411822421, 41.606917206977954, 30.033680869802456, 93.78133240578018, 51.85404356485036, 97.0838086780323], [49.16705768832333, 64.32325084367974, 25.883820747988956, 37.841077191851376, 36.43056458525337, 14.334423017700539, 83.64630145865246, 61.251061839971726, 93.55658645111113, 79.04892527642805, 88.30488972161058, 101.50882427330636, 0.0, 46.93333639639832, 43.940928228183935, 54.08198771035978, 62.898275581098716, 52.66203657327784, 16.848750451086534, 54.26402026923106, 56.35684353337175, 16.43159987402759, 68.39870454213344, 80.21579343161238, 38.06187987901355, 30.74187267318125, 22.95530329340625, 31.442214504369726, 98.62671498583917, 65.89025567334254, 75.07858890053777, 31.46128689578205, 85.9476749756768, 33.2582959251936], [27.45310946763483, 20.74089704740705, 62.28419101494654, 34.173321594323156, 28.436474563775693, 36.83748497630335, 37.413924940086815, 47.41751287336659, 52.10748375080078, 34.88827109218598, 42.90355058477172, 56.11401176775113, 46.93333639639832, 0.0, 44.512939056316455, 14.725877797965584, 28.877539582634622, 6.137561477933257, 58.811729305707864, 42.13067509024953, 28.69647602509013, 40.368963006704284, 24.07972448072693, 36.33029701622099, 47.06232355198155, 17.387741500232433, 32.242627140015536, 20.66809940674642, 52.42972970169344, 19.402529612085665, 28.1867993578207, 50.68870412147417, 44.742626569982875, 54.48994888394478], [21.13631405211428, 46.8434424219986, 36.4196187049923, 10.792638144065236, 16.572644123775667, 30.853713307536108, 66.30998132160543, 19.008731979398803, 95.30398592546605, 57.685808842479275, 67.66440476208162, 95.37134835322036, 43.940928228183935, 44.512939056316455, 0.0, 37.80334131260422, 72.9535471479255, 49.6639751283391, 41.149901153363565, 13.383055921023496, 70.9195989279818, 53.10840234032585, 50.476912181902875, 78.7924633198315, 72.73500070511881, 43.23231671724396, 23.76126741063123, 48.94092246125188, 90.1253251304901, 53.77973958114182, 65.35321279515632, 70.15489889418652, 58.498735383885546, 73.14057746476865], [17.2163906641952, 10.659676163576327, 63.805084764185096, 29.33658513660299, 24.7762761394745, 41.391722886050566, 31.048388082378445, 35.52129409942515, 58.12785991825417, 25.054421004364034, 34.66095585113189, 57.63142723802937, 54.08198771035978, 14.725877797965584, 37.80334131260422, 0.0, 41.10953794998102, 16.04212481626061, 62.67484858136202, 31.55147061748691, 42.527702124551965, 51.30576818250277, 14.825930311733822, 41.4862090055267, 61.053811556935536, 28.952257097037524, 34.31504085278742, 33.68013460970118, 52.58564954492522, 16.030780567661253, 27.59800860970356, 63.741942184976956, 32.455468826601276, 67.517649021073], [56.201730714927365, 40.80697247209769, 84.39660430625614, 62.33449217050185, 56.50384625866405, 58.113332653864184, 45.24624342816431, 75.97715437141201, 31.487221330373405, 49.149552483595784, 52.29227462244205, 43.7142989076834, 62.898275581098716, 28.877539582634622, 72.9535471479255, 41.10953794998102, 0.0, 25.171853808521874, 78.34038211971577, 70.95091681993998, 8.33337863804414, 49.59406038156275, 41.59817157757453, 22.7753416429017, 42.131772575260726, 34.41142263750089, 56.69121518065531, 31.701228078989452, 43.563629103916284, 33.29399310663751, 31.182422262597537, 50.21864671206951, 61.30149897465931, 53.43688971069285], [31.333436555079093, 18.635284059124356, 68.42174159976346, 39.58530389804989, 33.955009627928334, 42.920170484187906, 32.737389720040746, 50.88382475689487, 46.239633824295716, 31.538835707248687, 38.68715461353064, 49.98265183492669, 52.66203657327784, 6.137561477933257, 49.6639751283391, 16.04212481626061, 25.171853808521874, 0.0, 64.87654889061622, 46.123281009616356, 26.633816014175032, 45.10027204698987, 21.198050718099026, 30.284029920741922, 49.488028769828645, 22.468942396642912, 38.368427101566894, 24.73783070577933, 46.365910346964675, 14.959817396657401, 22.446831923741478, 54.046687915085194, 42.31844042823723, 57.83061042937052], [53.30105648042266, 73.3193678632761, 10.274995823799987, 39.19912590207219, 40.31421405954597, 21.989184450577643, 93.52252069452446, 60.073093760860345, 108.23512500486521, 87.53211295351322, 97.3123754521883, 114.72077733612527, 16.848750451086534, 58.811729305707864, 41.149901153363565, 62.67484858136202, 78.34038211971577, 64.87654889061622, 0.0, 53.77524427158152, 72.29649755710884, 33.25120269115803, 77.4876496746125, 93.99903221767647, 54.55149500215848, 44.64013748676626, 28.378448618033513, 46.64097024317476, 111.23787576721905, 76.52715924473895, 86.75712200764158, 47.2079723592369, 92.57071462604475, 48.4115149855174], [14.790263464211682, 38.56681081394525, 49.689260259119976, 16.544277530819883, 19.856805098869387, 40.219699527530395, 56.47452964763992, 7.112818596502126, 89.55528995624074, 47.17907267963347, 56.86313601731051, 87.40247994548118, 54.26402026923106, 42.13067509024953, 13.383055921023496, 31.55147061748691, 70.95091681993998, 46.123281009616356, 53.77524427158152, 0.0, 70.45596630985631, 60.7318063563741, 41.628954784466586, 72.90865655692203, 78.2820864026845, 46.121981570856086, 31.931751518482688, 52.09161337848852, 81.69508873089973, 46.546538648760034, 57.843486656499294, 77.19210351590574, 46.35117878882123, 80.49639257475972], [55.98100315953593, 44.23558895179051, 78.97391415216285, 60.14513740418549, 54.3472493602762, 52.98418508837608, 51.559258505408785, 76.02076228335217, 39.43135613628781, 54.32994618290062, 58.53318466184606, 52.047549940344666, 56.35684353337175, 28.69647602509013, 70.9195989279818, 42.527702124551965, 8.33337863804414, 26.633816014175032, 72.29649755710884, 70.45596630985631, 0.0, 42.25929210740505, 45.71858752382549, 30.996863596928023, 33.79847819685298, 29.76531129856606, 52.64421136143119, 25.981249561367502, 51.80770208380809, 37.68974832372893, 37.64730338497515, 41.943315542084804, 66.25904524055925, 45.12688283717881], [51.828968838282236, 60.321667895480665, 42.20069674575197, 44.487143415808774, 41.030705497992024, 22.81510903889401, 77.70749997448758, 67.83172958982352, 80.96791722034186, 74.95352157932504, 83.26727483649837, 90.8702738074296, 16.43159987402759, 40.368963006704284, 53.10840234032585, 51.30576818250277, 49.59406038156275, 45.10027204698987, 33.25120269115803, 60.7318063563741, 42.25929210740505, 0.0, 64.05716805366174, 69.16566323598913, 22.017187108889047, 23.018497142246055, 29.41698392138599, 20.648844276071635, 88.83492506829133, 59.715134769342214, 67.12175410423285, 17.15385719905624, 83.71615145648695, 20.032379459020014], [29.350695021740158, 4.168502181930005, 78.55168732285551, 43.219370647753465, 39.17513581153648, 56.0859971222144, 16.34275553731518, 43.60326543282446, 49.92893103512946, 10.896874553172713, 19.94576720953661, 45.80851607028558, 68.39870454213344, 24.07972448072693, 50.476912181902875, 14.825930311733822, 41.59817157757453, 21.198050718099026, 77.4876496746125, 41.628954784466586, 45.71858752382549, 64.05716805366174, 0.0, 33.800367164824166, 70.61288770758335, 41.07958046796483, 49.13783248336143, 44.74681464444438, 40.07230693468421, 8.338636293393396, 17.005334282084263, 74.72118268186158, 21.133017001558365, 78.521288067371], [58.694552755028276, 35.40291701369067, 98.32282250886635, 69.27261154767652, 63.84373091469804, 72.33507362942841, 28.974409009529786, 76.16770026531205, 16.648688563438856, 36.496968092610075, 35.5833479971935, 21.73998955692034, 80.21579343161238, 36.33029701622099, 78.7924633198315, 41.4862090055267, 22.7753416429017, 30.284029920741922, 93.99903221767647, 72.90865655692203, 30.996863596928023, 69.16566323598913, 33.800367164824166, 0.0, 64.6472588113342, 49.59900108167186, 68.50380282801535, 49.14478167563164, 20.81227797768066, 26.769429908660435, 17.219630851711717, 72.29313247167791, 48.191728875288376, 75.67178550498113], [66.90599136362357, 67.64934169064128, 63.94432229293593, 63.03872460244909, 58.53341226698252, 43.98888857394601, 81.06562308383069, 85.18087883587157, 72.52698521811749, 81.01594147209225, 87.56547590704042, 85.84602811066664, 38.06187987901355, 47.06232355198155, 72.73500070511881, 61.053811556935536, 42.131772575260726, 49.488028769828645, 54.55149500215848, 78.2820864026845, 33.79847819685298, 22.017187108889047, 70.61288770758335, 64.6472588113342, 0.0, 33.310909160951205, 49.16283545616606, 27.710929707528116, 85.43537140729634, 64.18855967905823, 68.21534458779581, 9.58480336832425, 91.63194505906027, 11.821644194594922], [33.757825601267335, 37.41472779359027, 50.06031641117253, 32.5886230035028, 27.205234237005847, 23.728451100257583, 54.792779241426935, 52.74283046473548, 63.59904751513014, 51.97045786568499, 60.25933784632354, 70.77791160865775, 30.74187267318125, 17.387741500232433, 43.23231671724396, 28.952257097037524, 34.41142263750089, 22.468942396642912, 44.64013748676626, 46.121981570856086, 29.76531129856606, 23.018497142246055, 41.07958046796483, 49.59900108167186, 33.310909160951205, 0.0, 22.933764172011195, 5.97109694052455, 67.9175248320235, 36.78166490131498, 44.85237956885044, 34.89924938902785, 61.07065240430653, 38.64944390770807], [26.39138087045931, 44.969588700409574, 30.202635017406703, 15.399611065387289, 13.48603778480103, 8.621352866162143, 65.25206914504743, 39.029268086559256, 83.90206704816504, 59.15873369467907, 68.93613541689655, 88.23283620531546, 22.95530329340625, 32.242627140015536, 23.76126741063123, 34.31504085278742, 56.69121518065531, 38.368427101566894, 28.378448618033513, 31.931751518482688, 52.64421136143119, 29.41698392138599, 49.13783248336143, 68.50380282801535, 49.16283545616606, 22.933764172011195, 0.0, 27.72979951379062, 84.21827133800647, 48.60936890972925, 59.29682384139535, 46.40544554991413, 64.58705734962639, 49.43946234303365], [39.64455561477926, 41.32788055740409, 53.00349050131932, 38.37696153294263, 33.084173733382194, 27.05011900106776, 57.47373569873487, 58.71164634144323, 62.114983841053046, 55.54873394694764, 63.314603299706555, 70.71050802209437, 31.442214504369726, 20.66809940674642, 48.94092246125188, 33.68013460970118, 31.701228078989452, 24.73783070577933, 46.64097024317476, 52.09161337848852, 25.981249561367502, 20.648844276071635, 44.74681464444438, 49.14478167563164, 27.710929707528116, 5.97109694052455, 27.72979951379062, 0.0, 68.38180651902358, 39.599090565772066, 46.50177359455535, 30.16013897710587, 65.2546913463709, 33.95516244701128], [69.04315357990978, 43.37701936137992, 114.4194292739376, 81.9019399411129, 77.08500181770835, 89.26719546072108, 26.697047362133574, 83.3179066595641, 22.08131950177559, 36.6731008932461, 30.218730403556044, 6.70910411822421, 98.62671498583917, 52.42972970169344, 90.1253251304901, 52.58564954492522, 43.563629103916284, 46.365910346964675, 111.23787576721905, 81.69508873089973, 51.80770208380809, 88.83492506829133, 40.07230693468421, 20.81227797768066, 85.43537140729634, 67.9175248320235, 84.21827133800647, 68.38180651902358, 0.0, 36.591751208237014, 25.160016174890036, 92.94720369226802, 45.174391848989295, 96.37348456620244], [32.90765460218848, 8.711872227690778, 78.67742063390496, 45.312386080826705, 40.53173856246604, 54.65955659845405, 18.011827261030874, 49.45912831090671, 43.292320052331675, 17.02754827281389, 23.73463922616422, 41.606917206977954, 65.89025567334254, 19.402529612085665, 53.77973958114182, 16.030780567661253, 33.29399310663751, 14.959817396657401, 76.52715924473895, 46.546538648760034, 37.68974832372893, 59.715134769342214, 8.338636293393396, 26.769429908660435, 64.18855967905823, 36.78166490131498, 48.60936890972925, 39.599090565772066, 36.591751208237014, 0.0, 11.57535438414705, 68.99218286428189, 28.62608139789909, 72.77183998130508], [44.44098251933759, 19.343031617059168, 89.4854717503281, 56.825962898015256, 51.93826281499293, 64.77530504941495, 14.065713601237842, 60.35899259255554, 32.967126885932416, 19.61672753604572, 21.11583984159324, 30.033680869802456, 75.07858890053777, 28.1867993578207, 65.35321279515632, 27.59800860970356, 31.182422262597537, 22.446831923741478, 86.75712200764158, 57.843486656499294, 37.64730338497515, 67.12175410423285, 17.005334282084263, 17.219630851711717, 68.21534458779581, 44.85237956885044, 59.29682384139535, 46.50177359455535, 25.160016174890036, 11.57535438414705, 0.0, 74.2361490210186, 31.664680411257734, 77.92143307958021], [67.16713032657262, 71.42025051171122, 57.0185830665785, 61.21575773643181, 57.349281809979296, 39.96127234446006, 86.45266431336175, 84.24635599438494, 81.16448000545554, 85.41850997654682, 92.67225077442328, 93.78133240578018, 31.46128689578205, 50.68870412147417, 70.15489889418652, 63.741942184976956, 50.21864671206951, 54.046687915085194, 47.2079723592369, 77.19210351590574, 41.943315542084804, 17.15385719905624, 74.72118268186158, 72.29313247167791, 9.58480336832425, 34.89924938902785, 46.40544554991413, 30.16013897710587, 92.94720369226802, 68.99218286428189, 74.2361490210186, 0.0, 95.38988347608671, 3.801245416729384], [39.71499650307125, 24.012326277275847, 91.7336878292566, 54.59136579625053, 52.33410975096533, 72.52183698870938, 19.71972017341337, 44.956207072414195, 61.93186853102219, 12.214584250826386, 14.968628455008178, 51.85404356485036, 85.9476749756768, 44.742626569982875, 58.498735383885546, 32.455468826601276, 61.30149897465931, 42.31844042823723, 92.57071462604475, 46.35117878882123, 66.25904524055925, 83.71615145648695, 21.133017001558365, 48.191728875288376, 91.63194505906027, 61.07065240430653, 64.58705734962639, 65.2546913463709, 45.174391848989295, 28.62608139789909, 31.664680411257734, 95.38988347608671, 0.0, 99.1897883910603], [70.71399329213723, 75.22132467775066, 58.407078054162824, 64.40576360310547, 60.68116895917313, 42.686729473350624, 90.20336670613219, 87.56945390150078, 84.17228735727927, 89.21500649374852, 96.4428513927827, 97.0838086780323, 33.2582959251936, 54.48994888394478, 73.14057746476865, 67.517649021073, 53.43688971069285, 57.83061042937052, 48.4115149855174, 80.49639257475972, 45.12688283717881, 20.032379459020014, 78.521288067371, 75.67178550498113, 11.821644194594922, 38.64944390770807, 49.43946234303365, 33.95516244701128, 96.37348456620244, 72.77183998130508, 77.92143307958021, 3.801245416729384, 99.1897883910603, 0.0]]",Route_4,1530.8881111591754
