instance_id,num_cities,city_coordinates,distance_matrix,best_route,total_distance
693,72,"[[12.110009748288741, 56.119266182836256], [90.74417701622518, 14.46632613002594], [7.695258414325156, 95.02646314213463], [19.397614434516274, 26.956268637576], [60.24949336388301, 84.86130920418013], [54.42951617362295, 3.8872916901897536], [1.8639559632967817, 36.30835872428732], [67.84944212790568, 56.426822671361585], [63.23198116269844, 72.91238860334535], [80.06031925114853, 19.571803280732492], [94.83968353849242, 25.99007214626321], [42.886347649342724, 0.4848391920490913], [26.2456266026722, 0.9486791689293783], [7.744596201668608, 74.21758796117273], [85.52440997118003, 16.70948028913043], [87.22370256956236, 63.25812215076828], [30.256693724095594, 50.934660524382856], [30.085685255931327, 81.05880146511403], [11.867313586482775, 5.231112160202899], [51.91970630859639, 36.78062610562207], [47.63773199336001, 6.8000686900465235], [91.38856442155982, 55.01671465524528], [24.85029224105304, 3.768709781702073], [58.50043434304093, 97.19558904674295], [19.20036110402108, 69.45704629718821], [75.302237110535, 8.23838328387625], [68.20961578811651, 32.853692038418615], [81.5558241816801, 75.12438019463772], [68.43584287198338, 70.97134174055968], [37.823938373865865, 91.22956457253841], [12.150728439671676, 32.132068397173676], [17.294112357535973, 4.9930407083462525], [9.441005768791976, 96.58852041431622], [95.29619388989265, 24.53073294966054], [26.05234209531959, 63.619396338923494], [90.45582595948886, 18.12987218353248], [6.39378955664891, 92.54298790922734], [19.699560058998532, 70.7606560782682], [85.21400774293541, 30.233295353534075], [69.71598089209049, 62.464838819072455], [84.82416059730807, 30.651169889037178], [8.873484641035834, 74.64569587722545], [64.27959267045142, 77.74923420895865], [61.17382872629332, 3.1639837315403208], [31.438322028297293, 2.2788396923259735], [0.5393951285013521, 27.7963500275461], [55.818518830081956, 76.12456580796045], [16.80378495254561, 79.47223103751102], [61.71806910681131, 62.71360890708221], [40.385563497452615, 60.247427156054044], [16.18149006639453, 91.22165948591743], [68.86779583067447, 41.56788521157129], [90.65927239847228, 35.770517556912885], [41.23290382856902, 34.34059398465682], [87.31774888372655, 73.78705189555296], [5.703849085791724, 86.3122999313072], [78.88770630039387, 35.69421626285454], [38.58888688323322, 11.270698513100674], [49.011821629314476, 46.70367351324507], [42.15327318301768, 16.049973598674015], [22.87395590767246, 7.17175435192845], [19.001358478563713, 39.74988138148018], [28.779100349704123, 47.61615155677153], [40.68143226296389, 20.76393542870918], [74.17838788049886, 35.472167402298425], [18.138998239661486, 22.743253226987402], [31.223731563629407, 27.60331803260896], [90.80288876833984, 13.574005077635254], [6.96645524147076, 5.66911155575246], [54.47478716131565, 11.913462604861547], [86.52869701900693, 22.445997066227687], [14.4176054158906, 72.4449176441579]]","[[0.0, 88.98482835272996, 39.15686407988221, 30.05976726269818, 56.06705734936382, 67.2243987216277, 22.303669485000402, 55.74028088371571, 53.80952445363114, 77.1554379555653, 88.04525687807936, 63.57965430224577, 56.95269383719263, 18.61735981886859, 83.32349839195781, 75.45217103423552, 18.872791927838133, 30.742565443567646, 50.88873275351049, 44.258275387319436, 60.783240200368795, 79.28622106617155, 53.878525903218325, 61.96237401924892, 15.10527923365, 79.28326775673254, 60.73263322212593, 71.99941319843238, 58.251039694160156, 43.519411512280314, 23.98723234598614, 51.3883824529591, 40.55717100951111, 88.98188952738799, 15.831632374247198, 87.07043685564857, 36.86953590270543, 16.49156062926889, 77.55177630832698, 57.95441487498834, 77.04525723575826, 18.807011777287325, 56.47584350041605, 72.19086003229864, 57.20467795795699, 30.595207177256274, 48.069177018586394, 23.82000195574659, 50.04442935316092, 28.57531544607432, 35.33772725551151, 58.593420869110815, 81.1422099374212, 36.36555406324752, 77.25512719460464, 30.865161288579543, 69.83153600658358, 52.08190622811666, 38.084079422014014, 50.08139261246357, 50.117077442314724, 17.760840241867214, 18.712603769176287, 45.45685423834133, 65.41243193779226, 33.916175242177516, 34.32919545431674, 89.45763495070797, 50.71167769716629, 61.22848548861712, 81.68249548156874, 16.487931750273845], [88.98482835272996, 0.0, 115.70245700223805, 72.43155842633522, 76.71622626972002, 37.82420602990191, 91.52468564418122, 47.80012715047811, 64.59770227583927, 11.841060496457882, 12.22987718338487, 49.85833740415392, 65.89984662208614, 102.26995504940034, 5.681347426979545, 48.91863754500256, 70.63055322248503, 90.07780189307438, 79.41567075573089, 44.7802133662672, 43.78284031039257, 40.55550819154402, 66.7565955265814, 88.7907083219737, 90.23578502890356, 16.650548944279702, 29.084388850249198, 61.35002323322673, 60.74930914370801, 93.23704432330682, 80.55438292858217, 74.05845755243782, 115.56063537795285, 11.045955922837134, 81.24689419537532, 3.6748763269101032, 114.93890977020989, 90.64430033333934, 16.70868309252082, 52.40269318074819, 17.233564979534943, 101.6088914080015, 68.59373644525586, 31.656728221351013, 60.54518363601065, 91.18438579340372, 70.8628260791011, 98.45277675805615, 56.30555244146148, 68.05805732379153, 107.00923083431856, 34.82916247092385, 21.304360613441535, 53.35122018679923, 59.419600428613116, 111.32700178290104, 24.314588569967764, 52.253098709288274, 52.73363302908079, 48.61670365864982, 68.26109939599313, 76.06766841359844, 70.27504288231734, 50.4572917932488, 26.7520230495799, 73.07543709992565, 60.95296533495282, 0.8942504852534303, 84.23833836225624, 36.359122000201396, 9.024711621819838, 95.85020921324885], [39.15686407988221, 115.70245700223805, 0.0, 69.06878105419081, 53.52829126467274, 102.42284618804287, 59.0069476816128, 71.47347803710224, 59.77758665534107, 104.5471555075366, 111.17631992450745, 100.87879569397306, 95.88923608639456, 20.808933670760556, 110.4125293400058, 85.63878163014938, 49.52883424147734, 26.389899334272346, 89.89221936479171, 73.13261463695312, 96.84677523607763, 92.76502274243653, 92.85619383751263, 50.85146023800893, 28.038588867685156, 110.01306456013853, 86.76082592436521, 76.49494153944306, 65.3304482297682, 30.366985277637156, 63.05201109783679, 90.54366434027331, 2.3425748114421645, 112.44363864427655, 36.378377732554256, 112.9707804764231, 2.803831382227729, 27.072728906357, 101.03123818677894, 70.04876440894743, 100.46415247925222, 20.414795892873936, 59.16324469481367, 106.2952144081472, 95.73847045657574, 67.60986975853281, 51.702320217514476, 18.024965799190024, 62.94906372561821, 47.73088508030243, 9.300142929812846, 81.23976174455936, 101.95241391728065, 69.3364866093608, 82.4066355256137, 8.93881153055082, 92.67513234818958, 89.27174462599609, 63.57790806102482, 86.1663547007054, 89.1562825279659, 56.420992456752224, 51.88705074849851, 81.25891143474604, 89.25648796969264, 73.03378764090327, 71.41057026237563, 116.36744023913465, 89.3603236151094, 95.37345106526902, 107.15705808780871, 23.560902917474305], [30.05976726269818, 72.43155842633522, 69.06878105419081, 0.0, 70.86515176784502, 41.94534344665047, 19.871858704593567, 56.71060890070016, 63.509185703872376, 61.11050715119521, 75.44825595299694, 35.39007155865611, 26.894051026665174, 48.67674124406909, 66.91599031177506, 76.92985636406915, 26.322668567123955, 55.14815424144686, 22.993213234088014, 33.97358473175977, 34.69548437566626, 77.26632844096798, 23.820045779899665, 80.39025224702388, 42.50123540025847, 58.95494948401089, 49.166971423026226, 78.63720499830825, 65.89441940366578, 66.86244075907716, 8.905406210483953, 22.06372819944893, 70.3404900723738, 75.93732670246848, 37.26218368647729, 71.60429246554776, 66.86342203531497, 43.805428090756244, 65.89792509803038, 61.58568469452125, 65.53079610419802, 48.83685880926251, 67.78139362617605, 48.07624051028169, 27.45822533789829, 18.876921680600578, 61.18826459073808, 52.57997963267891, 55.40404558169945, 39.354735945891484, 64.345815068591, 51.58292533653215, 71.80469956614182, 23.0501219899933, 82.50010257056907, 60.915167736519656, 60.1283856336811, 24.7859243993585, 35.594399378273486, 25.234248087744295, 20.087607014201012, 12.79974788125201, 22.69015293495694, 22.16632337407761, 55.43873800070734, 4.397000520332894, 11.843805101027101, 72.64845614792046, 24.651100898521147, 38.16666162822717, 67.28242562967701, 45.76043791606017], [56.06705734936382, 76.71622626972002, 53.52829126467274, 70.86515176784502, 0.0, 81.18290242933648, 75.93589387014666, 29.432622132606685, 12.315516107542418, 68.22894111785301, 68.28106479138339, 86.14445728433378, 90.54055684690174, 53.57287586002414, 72.6876412739609, 34.55872759718532, 45.28339122542417, 30.40253911565594, 93.17619653793193, 48.796899897538445, 79.07347087027627, 43.13167710772858, 88.48227574621403, 12.457675011535684, 43.84429923029179, 78.08750137436046, 52.613266314392575, 23.425787488455498, 16.122887905372597, 23.31223269116253, 71.37131092615448, 90.68685169264093, 52.14431794997094, 69.77140996828291, 40.257471568147, 73.24962263190865, 54.4007814309694, 42.93163763016581, 60.0620252359866, 24.31493927265114, 59.52019383537643, 52.3818005411796, 8.174552658002623, 81.70255433733172, 87.46398038281129, 82.59361595855842, 9.79613293553031, 43.77866766873363, 22.196336255400094, 31.629399286384324, 44.52463329814016, 44.14290088352716, 57.74651924997686, 53.98123140357941, 29.246019076537962, 54.56494006046631, 52.58123248619862, 76.71218843831524, 39.77801437397349, 71.15105826794111, 86.21251494581063, 61.126504494532995, 48.760510709458316, 67.01777629973809, 51.315703545614475, 75.04629689726691, 64.19480042097479, 77.55894339385746, 95.44886756762529, 73.17605862031438, 67.72198855634343, 47.483983955109785], [67.2243987216277, 37.82420602990191, 102.42284618804287, 41.94534344665047, 81.18290242933648, 0.0, 61.75972561350053, 54.22634717865427, 69.58410302471694, 30.048992832252534, 46.05990154511996, 12.034177270675274, 28.336673673839254, 84.41464521249866, 33.63481738835753, 67.82591076388415, 52.894047485487235, 80.92010890186933, 42.583411588603234, 32.988946550686464, 7.390033978417454, 63.08874020087002, 29.579461626644544, 93.3970595378733, 74.43444153172676, 21.321408897323273, 32.07714910211377, 76.22702515996895, 68.53062788813293, 88.90679302684605, 50.845484592831745, 37.15186263802936, 103.04117563095053, 45.78468100357013, 66.13008645418219, 38.73946432123868, 100.83284932849483, 75.35394293800726, 40.5190921691247, 60.53928502406868, 40.498636839836884, 84.15523615375326, 74.51584099800051, 6.7829880002217875, 23.047388703657706, 58.955815801640526, 72.25062698929051, 84.43209523669887, 59.2761216778084, 58.08353877391671, 95.34255765070843, 40.352088515699, 48.261116105830915, 33.189670049939075, 77.25032250781356, 95.75005282871878, 40.12335373630252, 17.476848475287543, 43.1577799080663, 17.281116085813302, 31.72603156202157, 50.41110688163706, 50.6967160393165, 21.76765754718292, 37.250802775832845, 40.89680889008788, 33.18069235021679, 37.64112976737837, 47.49649497681387, 8.026298587384481, 37.07806570169546, 79.37947517418432], [22.303669485000402, 91.52468564418122, 59.0069476816128, 19.871858704593567, 75.93589387014666, 61.75972561350053, 0.0, 68.9843241321499, 71.45550727733567, 79.96739035107294, 93.54652829497857, 54.46247489161711, 42.95081840226772, 38.36263274265578, 85.92547701771116, 89.5129939697537, 31.93863274939879, 52.9062201425008, 32.64754841856047, 50.05797817641494, 54.46079096740393, 91.45850480542917, 39.839683843885894, 83.15615130343026, 37.40837380866918, 78.62000164771104, 66.43554244153614, 88.64241300259644, 75.0555695346411, 65.64647124403875, 11.102210990476044, 34.91044068456031, 60.754502525582275, 94.17162817355964, 36.48247249378673, 90.43769569341428, 56.416778638550156, 38.795226077775744, 83.57115247875373, 72.71903972060228, 83.15286728931665, 38.97287405699119, 74.92034347555771, 67.94270086493965, 45.08493422079346, 8.614450270241976, 67.05538905021591, 45.67623411907203, 65.41981425694075, 45.354087405616944, 56.74911790795178, 67.20994848862505, 88.79694529624467, 39.4180942473004, 93.31132389112035, 50.151160658825084, 77.02619870507955, 44.44777812135205, 48.28026311467631, 45.095800801504446, 35.92160647874797, 17.47954928395607, 29.19402637670138, 41.81417895723088, 72.31926630874116, 21.18700281423342, 30.623098418443274, 91.79860894496717, 31.06121320776665, 57.99146933837778, 85.79209432558045, 38.25499974052917], [55.74028088371571, 47.80012715047811, 71.47347803710224, 56.71060890070016, 29.432622132606685, 54.22634717865427, 68.9843241321499, 0.0, 17.12001255440533, 38.825223430169494, 40.68008006295991, 61.25897160045483, 69.34480422305711, 62.68256403030946, 43.47265547638145, 20.543335178068954, 37.99182250959897, 45.08697941070637, 75.8617129438214, 25.29287494083384, 53.584773371591915, 23.5813206367396, 67.98384914148465, 41.826980028826945, 50.363874078624434, 48.76135604814998, 23.575882017504753, 23.183260476909833, 14.556335417505395, 45.96478782202511, 60.76661741258137, 72.11986754847676, 70.88375980090984, 42.07950477155046, 42.411445237073835, 44.47139537509589, 71.28235843774979, 50.238132164588066, 31.42656539217178, 6.3199371799268524, 30.86300930678048, 61.72593379110942, 21.619182660950415, 53.67954755972825, 65.25161858226994, 73.14606203255433, 23.081252134005755, 56.006695699951614, 8.781652253275013, 27.728354586176014, 62.29171645718381, 14.893792891600924, 30.77289875772603, 34.58672590230933, 26.084334890029478, 68.95807774010792, 23.487959562969788, 53.807579784104796, 21.19895222882313, 47.86003593273638, 66.69974599575634, 51.616428072845764, 40.051461048942436, 44.832379888911916, 21.889566733595796, 60.047573490360556, 46.607264390847185, 48.61300945628073, 79.2659026940931, 46.47924934726476, 38.77642417878747, 55.78118447090349], [53.80952445363114, 64.59770227583927, 59.77758665534107, 63.509185703872376, 12.315516107542418, 69.58410302471694, 71.45550727733567, 17.12001255440533, 0.0, 55.93220007632564, 56.575176810818135, 75.23094254883122, 80.91208747276902, 55.50273358292538, 60.46254448133381, 25.861313903240255, 39.62814799068076, 34.13269656580558, 84.96519438092407, 37.86121793559515, 67.92657397126533, 33.36237891502793, 79.08225063482018, 24.739873869541793, 44.16698943152497, 65.79071395500281, 40.36676872063249, 18.456872156035296, 5.554083147819458, 31.322317504385442, 65.36305451760668, 81.995887755681, 58.770981371407416, 58.042211722215534, 38.32342973178637, 61.17402905487589, 60.13269039510949, 43.585566877228196, 48.00744206058401, 12.29607860196155, 47.45769505522756, 54.38612413291915, 4.948996391564377, 69.77876448900994, 77.45924730411376, 77.23870325444499, 8.079449619310235, 46.889326462314756, 10.310530394013181, 26.122022291473368, 50.48740548547504, 31.847139586605095, 46.17114780208279, 44.4043099671563, 24.101643980983024, 59.068126801645434, 40.37690035098712, 66.38508908518824, 29.817942313797253, 60.643599581952, 77.14013996787848, 55.2820031137309, 42.742257837307164, 56.81538897329263, 39.00761443122137, 67.45605423761927, 55.474678172840925, 65.4308696690108, 87.67820547485947, 61.624324902966336, 55.584113238111804, 48.81661406374089], [77.1554379555653, 11.841060496457882, 104.5471555075366, 61.11050715119521, 68.22894111785301, 30.048992832252534, 79.96739035107294, 38.825223430169494, 55.93220007632564, 0.0, 16.112845309511822, 41.78775374167118, 56.945955927823306, 90.6406398008648, 6.168401762611464, 44.26972460927417, 58.85601014445772, 79.23455678352758, 69.68458540735944, 32.98541616837619, 34.847401179196055, 37.21116607939091, 57.42721346708868, 80.56227872831263, 78.69226122358505, 12.291694532568174, 17.800217457667983, 55.572703162367404, 52.697637565388284, 83.17900349826468, 69.06136969375505, 64.43707819224726, 104.49240237813366, 16.022573434654657, 69.69255376784909, 10.49503334974317, 103.68968793142584, 79.14366620886663, 11.841786955049797, 44.12275868279288, 12.060122255292272, 90.00388362475022, 60.27972130678148, 25.018314625575766, 51.60567026605611, 79.94510955968684, 61.529503793837485, 87.11745162087428, 46.879137503362614, 56.820705924531204, 95.99065950517611, 24.679955446192224, 19.35810300676424, 41.54136934736127, 54.69884338117776, 99.91585734315133, 16.164999891691156, 42.29406628606161, 41.23284597122708, 38.07029584756103, 58.51530881648662, 64.30669892373518, 58.44868588980964, 39.39692779248728, 16.953427259625524, 62.0024845515825, 49.492600721424544, 12.303511007706884, 74.40428612025718, 26.7071083089796, 7.078198984508984, 84.288386520003], [88.04525687807936, 12.22987718338487, 111.17631992450745, 75.44825595299694, 68.28106479138339, 46.05990154511996, 93.54652829497857, 40.68008006295991, 56.575176810818135, 16.112845309511822, 0.0, 57.87629927750685, 73.02202413765185, 99.55625304262065, 13.149285412240017, 38.038279630622036, 69.23290447988084, 85.0037954586193, 85.52981114883866, 44.255626762758986, 50.95370901434592, 29.231082746000062, 73.4323078727832, 79.94227085312018, 87.2392396813676, 26.397618650027873, 27.500359750621495, 50.89834129717914, 52.15819606022793, 86.6428679622025, 82.91674989579, 80.33797943056358, 110.80196326180365, 1.5290757311776564, 78.40704293630752, 9.000052818017187, 110.68860265989312, 87.46681280420759, 10.519438088980525, 44.29005575183553, 11.047014617220471, 98.78034760784173, 60.107653516796795, 40.674563212809254, 67.69014097954812, 94.31758602716626, 63.53045529441497, 94.60413726568649, 49.4536095223005, 64.33364253414238, 102.18743262820982, 30.285429021316315, 10.636397403740743, 54.25327682123674, 48.38523301695035, 107.62884440766794, 18.671796668783333, 58.14475113459478, 50.29161171365376, 53.61588752675144, 74.38544910156784, 77.07648083614724, 69.51034427991586, 54.40982159696772, 22.733219497280828, 76.76937513360954, 63.63640395212389, 13.055819907956712, 90.19227068137036, 42.748985902841, 9.035096297217779, 92.87498758972265], [63.57965430224577, 49.85833740415392, 100.87879569397306, 35.39007155865611, 86.14445728433378, 12.034177270675274, 54.46247489161711, 61.25897160045483, 75.23094254883122, 41.78775374167118, 57.87629927750685, 0.0, 16.647184280750174, 81.67901159943605, 45.62064595432624, 76.85236557671435, 52.00665948449207, 81.58443696006849, 31.3800506895877, 37.403017476431074, 7.903023269417186, 72.98075412978874, 18.33256939821812, 97.96309938306104, 72.92593031000264, 33.33027655967086, 41.09757345413667, 84.06181949233611, 74.97415386420128, 90.88582492365273, 44.11604475203541, 25.986273071426442, 101.75710509825868, 57.662786869526364, 65.34030952731116, 50.73659878204294, 99.02731714725356, 74.00214562960413, 51.735881677908154, 67.53776405616469, 51.660310322128105, 81.5886481950836, 80.1714267670361, 18.482688646495994, 11.587740436129312, 50.39030672579662, 76.73727447582272, 83.18237882737483, 65.01579433720937, 59.81488812603242, 94.58498810893461, 48.609179378399354, 59.391341429156256, 33.896106104472175, 85.7167650047558, 93.53550778382166, 50.356708177121504, 11.610466413101834, 46.62297799893819, 15.582387726836885, 21.10001558239938, 45.959071420406595, 49.19730715795528, 20.39861260078272, 46.93937491190102, 33.284655596169074, 29.519967963882216, 49.67213682124954, 36.2920838549422, 16.275913597538555, 48.85639276162768, 77.38683463734897], [56.95269383719263, 65.89984662208614, 95.88923608639456, 26.894051026665174, 90.54055684690174, 28.336673673839254, 42.95081840226772, 69.34480422305711, 80.91208747276902, 56.945955927823306, 73.02202413765185, 16.647184280750174, 0.0, 75.5686517115724, 61.33821818084555, 87.18252366920139, 50.146654838785665, 80.20210561307061, 15.00250370825717, 44.08045814213038, 22.177937964881544, 84.65786915003811, 3.146351957059205, 101.50783360606275, 68.8696749849074, 49.595270143468596, 52.71533206343635, 92.52703701558892, 81.75076527147404, 91.0203030797555, 34.220898848299385, 9.822752544088202, 97.10496647861673, 72.96639023005218, 62.67101522635625, 66.46911384129614, 93.72093057431134, 70.11820810020933, 65.83964397977074, 75.32535828092314, 65.67863122765881, 75.71685141392317, 85.70243770921307, 34.998383932599744, 5.360355659964222, 37.169984761044354, 80.78347533164467, 79.08916848598105, 71.2264046738877, 60.96129368893752, 90.83225098791812, 58.877578153615154, 73.22348116161669, 36.60107175625713, 95.05384085545727, 87.800412147188, 63.07488329633761, 16.09037469094868, 51.105959960062115, 21.934044615141406, 7.077769988405879, 39.47166976190938, 46.73619013459387, 24.5160532244171, 59.07131997438934, 23.253405810507534, 27.115517733495054, 65.7802322330028, 19.848650591240155, 30.28385678282348, 64.00143166834843, 72.46802192209817], [18.61735981886859, 102.26995504940034, 20.808933670760556, 48.67674124406909, 53.57287586002414, 84.41464521249866, 38.36263274265578, 62.68256403030946, 55.50273358292538, 90.6406398008648, 99.55625304262065, 81.67901159943605, 75.5686517115724, 0.0, 96.73097682768994, 80.23115504520918, 32.38655963337393, 23.36506927738513, 69.10955536011532, 57.90480520589935, 78.33635291463985, 85.8195021849955, 72.49585694188123, 55.714842181609484, 12.405535314225792, 94.43140523692274, 73.25974665188218, 73.81679787197425, 60.77800208070218, 34.5568252844178, 42.31554038731535, 69.88012021433548, 22.435160446106387, 100.66809732331127, 21.154082947941948, 99.93487574017533, 18.375118009101037, 12.444739405592495, 89.0849466562367, 63.07598301132844, 88.53977654736671, 1.207338186393513, 56.645197068637565, 88.9004924744045, 75.74018844732268, 46.9770822188346, 48.1117303928139, 10.47283030912496, 55.18584339773315, 35.504903026558395, 18.98208699019377, 69.29681538515774, 91.39486173462332, 52.07342312847315, 79.57431739616686, 12.265671870365432, 80.90359869329748, 70.09765444604162, 49.59838084800777, 67.58275232802515, 68.73166176859192, 36.25930906432594, 33.91292944484632, 62.78636905244631, 76.90680263221358, 52.51333859177483, 52.19348578432257, 102.84125684297733, 68.55289287009262, 77.8814148789043, 94.27211764562247, 6.90444871267193], [83.32349839195781, 5.681347426979545, 110.4125293400058, 66.91599031177506, 72.6876412739609, 33.63481738835753, 85.92547701771116, 43.47265547638145, 60.46254448133381, 6.168401762611464, 13.149285412240017, 45.62064595432624, 61.33821818084555, 96.73097682768994, 0.0, 46.57964850122788, 65.00679519330077, 84.93696094082375, 74.5460983736088, 39.142393930838374, 39.16116451837319, 38.75348387175481, 62.0387951499321, 84.90176065131092, 84.74187381635895, 13.276004762929778, 23.67356480565834, 58.54955340682845, 56.88909151742406, 88.47925153510513, 74.9770189153821, 69.22895686702645, 110.31475624931147, 12.51637943392017, 75.7460697411396, 5.131897970871107, 109.60098523807122, 85.17300317676661, 13.52737681294826, 48.40928902754246, 13.959264238696683, 96.08313811818164, 64.63121398159346, 27.86451657494732, 55.978105514561555, 85.70514236851201, 66.42734644479376, 93.06818567295224, 51.798858242702245, 62.714179244934705, 101.78656782491291, 29.922952560095432, 19.74056619935227, 47.67172837778726, 57.10573740826351, 105.9050255757458, 20.111340969856805, 47.24958914896998, 47.252732562128735, 43.376150767123704, 63.37229371276416, 70.40011692025541, 64.61619373565112, 45.02589539607654, 21.92648273182148, 67.65500816711128, 55.38266313839984, 6.13950675656981, 79.32995646717576, 31.417843055542026, 5.823763148373323, 90.34720046144386], [75.45217103423552, 48.91863754500256, 85.63878163014938, 76.92985636406915, 34.55872759718532, 67.82591076388415, 89.5129939697537, 20.543335178068954, 25.861313903240255, 44.26972460927417, 38.038279630622036, 76.85236557671435, 87.18252366920139, 80.23115504520918, 46.57964850122788, 0.0, 58.28471328964811, 59.84661399431865, 95.10898616331883, 44.129694637681695, 68.95332382875878, 9.23400626778466, 86.19415583451932, 44.46096936559157, 68.3052094990616, 56.29647416732039, 35.860352293153916, 13.150396396440646, 20.30954033099357, 56.76916675225046, 81.269813996212, 91.02179575636822, 84.6230664181303, 39.55977490394611, 61.17242729619921, 45.243845622504594, 85.97138012249265, 67.93966321023545, 33.085919335625086, 17.525684488206593, 32.695124062701176, 79.17343926357563, 27.137142586232457, 65.497338874183, 82.64672752916624, 93.65738859617923, 33.93863488848992, 72.26245307335323, 25.511445137599626, 46.934801119100214, 76.34759575546263, 28.414885019743714, 27.70147191680356, 54.326577327054245, 10.529349755793067, 84.71706808637872, 28.796835617778505, 71.19015039544114, 41.64369837903538, 65.26831463125205, 85.36141135382046, 72.15903004709415, 60.50159314184146, 63.023319735330524, 30.695920195047265, 80.08839476641401, 66.38721118837304, 49.81287045716506, 98.7811717383192, 60.89963484538779, 40.818042415474686, 73.38341089229401], [18.872791927838133, 70.63055322248503, 49.52883424147734, 26.322668567123955, 45.28339122542417, 52.894047485487235, 31.93863274939879, 37.99182250959897, 39.62814799068076, 58.85601014445772, 69.23290447988084, 52.00665948449207, 50.146654838785665, 32.38655963337393, 65.00679519330077, 58.28471328964811, 0.0, 30.12462632653258, 49.2644256530264, 25.87707101979868, 47.43377159473091, 61.268007809123155, 47.47479422237483, 54.2013135625067, 21.57130653721156, 62.065071249276734, 42.0398110674641, 56.716340885407874, 43.11746773426466, 40.99929857740909, 26.102939481655177, 47.73532179640069, 50.17537033149071, 70.19475744803094, 13.363348955373475, 68.55719991352008, 47.96551993952681, 22.461593241028275, 58.72693491152248, 41.109370650906556, 58.21536251981341, 31.928902708887456, 43.31949924225216, 56.90260800693009, 48.67016690222576, 37.66296919346288, 35.88785631581587, 31.54954334388073, 33.594073375737665, 13.75941950888895, 42.674976781861865, 39.73101667017036, 62.276984050707966, 19.89573402974617, 61.467030246397755, 43.06297191136549, 50.96318794468055, 40.529684495115625, 19.226442048115317, 36.85742780942761, 44.381266028867316, 15.867635487520596, 3.63260016354159, 31.92096217851961, 46.56397653894195, 30.68540352123655, 23.351374791466654, 71.14534636746284, 50.905845754775704, 45.92570017766061, 63.07251620519461, 26.712691361859235], [30.742565443567646, 90.07780189307438, 26.389899334272346, 55.14815424144686, 30.40253911565594, 80.92010890186933, 52.9062201425008, 45.08697941070637, 34.13269656580558, 79.23455678352758, 85.0037954586193, 81.58443696006849, 80.20210561307061, 23.36506927738513, 84.93696094082375, 59.84661399431865, 30.12462632653258, 0.0, 77.98555976338375, 49.36882911812009, 76.30487361913238, 66.6050544584147, 77.46720346346873, 32.67711552658847, 15.908834176917361, 85.71668370690976, 61.45865808869049, 51.81112387172624, 39.654652096198525, 12.779866333595526, 52.11034335621467, 77.13380774161739, 25.833601409171, 86.30082830649859, 17.899740450818115, 87.20438079072419, 26.328548385902945, 14.626120299483947, 74.98242468558463, 43.775515749009344, 74.41256616867886, 22.16044625471203, 34.35369761315059, 83.86939426382236, 78.79157317353109, 60.90871853383182, 26.201629820972197, 13.37632540688294, 36.56711361429391, 23.220697500763528, 17.22237866903832, 55.349657335668574, 75.63192526086344, 48.02969281697736, 57.69217840312856, 24.9413949321569, 66.63019472129153, 70.30422285720371, 39.223378929067096, 66.11939487734585, 74.23816249947626, 42.7701903033353, 33.468163932446934, 61.218793887049486, 63.421665303866035, 59.52668726695602, 53.46759634022544, 90.77872297970876, 78.85495635082951, 73.32057131426598, 81.371213683887, 17.879813208051715], [50.88873275351049, 79.41567075573089, 89.89221936479171, 22.993213234088014, 93.17619653793193, 42.583411588603234, 32.64754841856047, 75.8617129438214, 84.96519438092407, 69.68458540735944, 85.52981114883866, 31.3800506895877, 15.00250370825717, 69.10955536011532, 74.5460983736088, 95.10898616331883, 49.2644256530264, 77.98555976338375, 0.0, 50.985939169133864, 35.8048105370717, 93.82022996225074, 13.065081532913295, 103.11213779429993, 64.6432069258855, 63.5061666463473, 62.74919869216363, 98.69932839442362, 86.72817472311151, 89.83028547026736, 26.902449153235565, 5.432018309771575, 91.38962201768274, 85.63208178771293, 60.08666044249378, 79.64001687055054, 87.48327332763819, 65.99594844318766, 77.49094597508211, 81.37670290873847, 77.25853260772064, 69.47911516680482, 89.47583486201206, 49.34982730641468, 19.792429970929778, 25.2489939720468, 83.41217064956247, 74.40505682883762, 76.08768138274787, 61.968423359863266, 86.09870119854175, 67.59745595698898, 84.50342037701698, 41.348516567760015, 101.94451951694373, 81.31511117267412, 73.618841006198, 27.39560334739346, 55.67484012483409, 32.16033444334468, 11.176415673323412, 35.24826272419715, 45.63441789015549, 32.734111165464505, 69.2617600254994, 18.601320198627775, 29.58355138422914, 79.37524104859368, 4.920391853132806, 43.12830406931522, 76.62032653536573, 67.26217091389545], [44.258275387319436, 44.7802133662672, 73.13261463695312, 33.97358473175977, 48.796899897538445, 32.988946550686464, 50.05797817641494, 25.29287494083384, 37.86121793559515, 32.98541616837619, 44.255626762758986, 37.403017476431074, 44.08045814213038, 57.90480520589935, 39.142393930838374, 44.129694637681695, 25.87707101979868, 49.36882911812009, 50.985939169133864, 0.0, 30.284800263250307, 43.47810582731196, 42.69121452169766, 60.77231054222255, 46.241799134029776, 36.89718650519452, 16.75654982444544, 48.46176802621027, 37.970880982795435, 56.24391143798429, 40.039738879116065, 47.004067290531516, 73.35819123445118, 45.07304690414019, 37.275194419053804, 42.81218447603721, 71.98645768491062, 46.82713167905337, 33.931962041383144, 31.247178620811262, 33.470484692471175, 57.330102988405244, 42.79244840860063, 34.867139633595265, 40.12306528352471, 52.159884907949014, 39.53664541130078, 55.27839600010866, 27.722328735268068, 26.148177793651605, 65.12331545375139, 17.611234715256806, 38.75273280830705, 10.961820286725251, 51.21032091186687, 67.74431467520154, 26.989874210600746, 28.783105328079603, 10.340341539907474, 22.916002473385987, 41.47699245219509, 33.05199087426093, 25.55183468847644, 19.566123370883805, 22.297106751721266, 36.58119838075882, 22.63948661324507, 45.281885315590614, 54.66919716888825, 24.998085101413047, 37.46016320960617, 51.75277057619584], [60.783240200368795, 43.78284031039257, 96.84677523607763, 34.69548437566626, 79.07347087027627, 7.390033978417454, 54.46079096740393, 53.584773371591915, 67.92657397126533, 34.847401179196055, 50.95370901434592, 7.903023269417186, 22.177937964881544, 78.33635291463985, 39.16116451837319, 68.95332382875878, 47.43377159473091, 76.30487361913238, 35.8048105370717, 30.284800263250307, 0.0, 65.10745184918342, 22.988182774987227, 91.04585879047812, 68.80829096816514, 27.701869833082114, 33.19629034159998, 76.28006633630959, 67.45749551416083, 84.9979430349802, 43.60089024757842, 30.39737822132386, 97.57538602186574, 50.84983230484056, 60.78128866288424, 44.29168791199142, 95.14678651404735, 69.79611873220662, 44.28422530733164, 59.88335084104422, 44.17811110404132, 78.13895316174796, 72.87479409662652, 14.015956213858647, 16.818513455891473, 51.56643448445061, 69.80552394989625, 78.9428620609361, 57.65916989369949, 53.937130762462125, 90.09162085717658, 40.73716578519985, 51.866558073352294, 28.275472716182296, 77.85730318598618, 89.8924104286305, 42.560928774516704, 10.092974231704288, 39.927256357200804, 10.753605407536238, 24.76656528978775, 43.65469097908596, 44.96221311339625, 15.600630763986386, 39.07039364384028, 33.53148410450309, 26.498954570247125, 43.693443141868386, 40.686998128006174, 8.53768825255035, 41.92018887575153, 73.57189003981878], [79.28622106617155, 40.55550819154402, 92.76502274243653, 77.26632844096798, 43.13167710772858, 63.08874020087002, 91.45850480542917, 23.5813206367396, 33.36237891502793, 37.21116607939091, 29.231082746000062, 72.98075412978874, 84.65786915003811, 85.8195021849955, 38.75348387175481, 9.23400626778466, 61.268007809123155, 66.6050544584147, 93.82022996225074, 43.47810582731196, 65.10745184918342, 0.0, 83.9863064331675, 53.48538627508749, 73.61833926504733, 49.46698103024917, 32.069662163262244, 22.383051491452644, 27.953131344517352, 64.65709290373091, 82.47630984379501, 89.39997640835031, 91.88915824632822, 30.735397323200992, 65.90013717750962, 36.89863342417415, 92.91034893201844, 73.39744571868226, 25.541006684584243, 22.916706360243214, 25.23432522026183, 84.81765909879316, 35.37886084461107, 60.01363142970904, 79.84556981207812, 94.83944227853564, 41.36144972876305, 78.49179326505894, 30.652576944630177, 51.27052229625321, 83.46797028354874, 26.23082216266278, 19.26000959508581, 54.25027424358356, 19.206694126214074, 91.22107267480949, 23.01370022159547, 68.5676299463533, 43.18442986434701, 62.78949603169261, 83.56669076993063, 73.97961734452721, 63.04532754724557, 61.19204308152439, 26.04187980728652, 80.04420815023128, 66.11581828286383, 41.446847806617384, 97.78690326459854, 56.74960166325248, 32.9312914328293, 78.9193942556274], [53.878525903218325, 66.7565955265814, 92.85619383751263, 23.820045779899665, 88.48227574621403, 29.579461626644544, 39.839683843885894, 67.98384914148465, 79.08225063482018, 57.42721346708868, 73.4323078727832, 18.33256939821812, 3.146351957059205, 72.49585694188123, 62.0387951499321, 86.19415583451932, 47.47479422237483, 77.46720346346873, 13.065081532913295, 42.69121452169766, 22.988182774987227, 83.9863064331675, 0.0, 99.30213407922562, 65.93086739930662, 50.64954809600265, 52.21079516089033, 91.14356287061077, 80.09927568960323, 88.41785235303564, 31.076663796089875, 7.654726686825951, 94.09018734947102, 73.44172291786752, 59.86275641183679, 67.15898331580493, 90.67256998895877, 67.18966371856055, 65.91018463546443, 73.87939890188241, 65.72314316156731, 72.6553889197008, 83.83190160603338, 36.328569974474995, 6.7543948182524165, 34.181094397353306, 78.7045167659523, 76.12995080829043, 69.52506097749632, 58.576361864337755, 87.88154836546398, 58.01998177731844, 73.17743894289512, 34.684723815338174, 93.83363667564292, 84.73506098589675, 62.76368442259229, 15.653396362073426, 49.26652629330318, 21.21844929348174, 3.9353040098050136, 36.453459861180065, 44.023103972490496, 23.22633611196642, 58.63761799830603, 20.12646929121287, 24.672034356184767, 66.67749848735727, 17.98452536850617, 30.72373183438219, 64.44429126200262, 69.4641092994012], [61.96237401924892, 88.7907083219737, 50.85146023800893, 80.39025224702388, 12.457675011535684, 93.3970595378733, 83.15615130343026, 41.826980028826945, 24.739873869541793, 80.56227872831263, 79.94227085312018, 97.96309938306104, 101.50783360606275, 55.714842181609484, 84.90176065131092, 44.46096936559157, 54.2013135625067, 32.67711552658847, 103.11213779429993, 60.77231054222255, 91.04585879047812, 53.48538627508749, 99.30213407922562, 0.0, 48.10324843980082, 90.53002282875431, 65.07033052753933, 31.91691183064042, 28.043243204252306, 21.520012397536398, 79.88464781574586, 100.9914396949934, 49.06318440904862, 81.45004132742613, 46.693033819503114, 85.27915710449955, 52.31394774092322, 46.9501174253464, 72.09413138700758, 36.496760072241095, 71.56184936784426, 54.50992403849042, 20.28692651562318, 94.06960101798269, 98.69927674985777, 90.41977904901675, 21.241014362500728, 45.30704127966535, 34.63177916054821, 41.149911456197586, 42.73851751157974, 56.58554248382566, 69.33419266571289, 65.18372507246798, 37.12677240072792, 53.90663592542338, 64.79243560915025, 88.20179440046888, 51.3757462765552, 82.77584541662898, 96.81702731888159, 69.71503656536771, 57.805521502408936, 78.48130038370215, 63.6834280376031, 84.68881764049394, 74.74692434756783, 89.64383898183435, 105.03736041975664, 85.3770866549145, 79.83160407937736, 50.555825985727346], [15.10527923365, 90.23578502890356, 28.038588867685156, 42.50123540025847, 43.84429923029179, 74.43444153172676, 37.40837380866918, 50.363874078624434, 44.16698943152497, 78.69226122358505, 87.2392396813676, 72.92593031000264, 68.8696749849074, 12.405535314225792, 84.74187381635895, 68.3052094990616, 21.57130653721156, 15.908834176917361, 64.6432069258855, 46.241799134029776, 68.80829096816514, 73.61833926504733, 65.93086739930662, 48.10324843980082, 0.0, 83.03701098057248, 61.16953970468894, 62.6124783819845, 49.25876323673955, 28.651006655549423, 37.984882465776245, 64.49218402908777, 28.83334708853018, 88.36826012984282, 9.001544341964006, 87.81696917032798, 26.400169978855093, 1.3959219383539987, 76.78739597523315, 50.99724314107388, 76.23896053685299, 11.557095740114782, 45.83554842023777, 78.46363570833843, 68.28381309087585, 45.649154042664115, 37.22022691598212, 10.29793681436315, 43.04915146254118, 23.100430411042176, 21.972982719622433, 56.961911646168126, 79.00100139844837, 41.45597860293883, 68.25487137496222, 21.592948194461325, 68.57483407576186, 61.331606862546515, 37.502521937813874, 58.13047038456276, 62.39353244918623, 29.70783144852571, 23.84904460557592, 53.220817958629276, 64.63401133873275, 46.72584888619342, 43.54648099277624, 90.82860928069849, 64.9505124785895, 67.49480837684737, 82.11664610100054, 5.639337475128341], [79.28326775673254, 16.650548944279702, 110.01306456013853, 58.95494948401089, 78.08750137436046, 21.321408897323273, 78.62000164771104, 48.76135604814998, 65.79071395500281, 12.291694532568174, 26.397618650027873, 33.33027655967086, 49.595270143468596, 94.43140523692274, 13.276004762929778, 56.29647416732039, 62.065071249276734, 85.71668370690976, 63.5061666463473, 36.89718650519452, 27.701869833082114, 49.46698103024917, 50.64954809600265, 90.53002282875431, 83.03701098057248, 0.0, 25.616766039152473, 67.17770414358314, 63.107617975702304, 91.06129280810043, 67.52052455142464, 58.09883635488792, 110.19731632312168, 25.791451400163638, 74.11213642861104, 18.09620975937119, 108.88360990214936, 83.67013977921768, 24.12507728529164, 54.51343631114004, 24.351591945834706, 93.92928361551996, 70.37937969875506, 15.012043641312054, 44.26690870347001, 77.27869437546825, 70.62682957435747, 92.17553889546072, 56.14338631622237, 62.64275489392719, 101.88958170628388, 33.94492205517933, 31.525496831350168, 42.91905024281896, 66.64083192709344, 104.5919312199212, 27.688957255212394, 36.83836343490175, 46.59146379547198, 34.056933988750174, 52.43913011449463, 64.51948114397122, 60.95088915037098, 36.816974140014985, 27.256963046177333, 58.9748008074221, 48.14473334718205, 16.393262693638626, 68.38406423187544, 21.149205171891705, 18.10772463522101, 88.4839953389907], [60.73263322212593, 29.084388850249198, 86.76082592436521, 49.166971423026226, 52.613266314392575, 32.07714910211377, 66.43554244153614, 23.575882017504753, 40.36676872063249, 17.800217457667983, 27.500359750621495, 41.09757345413667, 52.71533206343635, 73.25974665188218, 23.67356480565834, 35.860352293153916, 42.0398110674641, 61.45865808869049, 62.74919869216363, 16.75654982444544, 33.19629034159998, 32.069662163262244, 52.21079516089033, 65.07033052753933, 61.16953970468894, 25.616766039152473, 0.0, 44.32755751995309, 38.11832102163748, 65.81057579175784, 56.063531742347735, 58.039679376486234, 86.69416284680634, 28.336449341029997, 52.18969521194286, 26.677420004715785, 85.93025319543717, 61.56430320860118, 17.205110419269726, 29.64943759149399, 16.759898658260138, 72.57649787890294, 45.067225214030216, 30.511982546646106, 47.822062280460955, 67.8589380430901, 45.01008554316506, 69.39630841986649, 30.557401946485328, 39.046057541943604, 78.19044372599244, 8.739013881865748, 22.638351376110187, 27.01765840235085, 45.173672637867355, 82.24836550893313, 11.049443192215398, 36.649872992556254, 23.67228944180874, 31.004805165594913, 52.10454855507404, 49.68913377086093, 42.103393672836944, 30.06597916377408, 6.517871855295094, 51.081187482705865, 37.35668693912839, 29.70121737007912, 67.00541865969333, 25.042737992032702, 21.069144543102123, 66.79105871933912], [71.99941319843238, 61.35002323322673, 76.4