instance_id,num_cities,city_coordinates,distance_matrix,best_route,total_distance
2415,40,"[[18.158220648645706, 30.263645933083005], [63.0550361289005, 39.20699058526761], [74.22605449201252, 65.61587460427195], [4.8339598874646335, 86.1032081364407], [62.99669260175386, 4.982884063768312], [82.21307402135614, 77.46530092930006], [41.14573296539421, 61.49427891702598], [28.464412621331903, 42.60368351214814], [60.29857856741584, 3.4869726205432383], [62.49160013774213, 8.472180995107037], [61.95775682510174, 49.40545199857955], [32.458356271460545, 6.732794467494108], [5.882763886637421, 46.066300142087755], [68.80433294837755, 4.2717185754884035], [79.81049427378059, 52.42406783574026], [65.45691808132167, 28.901768226959913], [35.93040977775196, 52.22061161415779], [2.5529027498850554, 42.81023557866461], [45.395840324534795, 4.270555781137286], [11.33390947874644, 78.97104646862326], [39.35215357792633, 51.7222789582215], [45.725758480234965, 44.81053954919915], [25.66597969656805, 30.293192430360616], [34.872649964619505, 93.04238132196419], [94.25459650388748, 72.0817472301665], [9.280624982020536, 85.91081886709799], [35.54583096534317, 30.228124190656814], [68.61915795715423, 34.949433390847986], [38.137799642289, 23.289310813786646], [75.1002290468691, 91.91166377884518], [74.93409292690951, 87.51129595696638], [3.358750758499729, 3.380826574878415], [93.5613211379927, 12.748503687006195], [28.964377806676723, 44.48541656172368], [14.670439456640437, 72.58796007941542], [46.31729735977186, 76.53740820513309], [53.15655278261531, 35.553447970480846], [12.4547443449046, 30.233699997131758], [75.07550707070199, 10.517954871999802], [73.72133148617364, 71.85715751751347]]","[[0.0, 45.77889747291654, 66.28259246519725, 57.40725243289913, 51.47431872091813, 79.56771000211917, 38.77857861101166, 16.077752343863278, 49.92794807728966, 49.39955952300863, 47.79966640805939, 27.535338195244762, 20.01026533470535, 56.92634696552663, 65.51402248413902, 47.31829973397462, 28.2481689381917, 20.023557587401772, 37.65008182269406, 49.18314843392154, 30.160499404327012, 31.170198202364798, 7.507817187249648, 64.9656968282943, 86.82978759846968, 56.350861221176125, 17.387646600949452, 50.678030724886845, 21.161874376327894, 83.92181137663054, 80.62749596889859, 30.68729844211114, 77.41064378563756, 17.86146109190767, 42.467778204195476, 54.16820724404023, 35.395836729119814, 5.703554918330873, 60.24508120278479, 69.4066242650337], [45.77889747291654, 0.0, 28.674392868868367, 74.75927326638511, 34.2241562520114, 42.78701586076161, 31.252852450510165, 34.75699580633915, 35.826215843827235, 30.73997366068421, 10.25732114488757, 44.617600022796914, 57.58227887935428, 35.40519233552774, 21.340958476361607, 10.581429240302628, 30.084874720912403, 60.6093352371944, 39.14590238173309, 65.23998070398171, 26.80408708170212, 18.21273249174096, 38.43692675600592, 60.76591302437125, 45.322866105904886, 71.22453840055677, 28.93745687621772, 7.00615764762712, 29.567570130755374, 54.0635667420574, 49.74352126511201, 69.6215520849947, 40.38174035379648, 34.49688052029533, 58.78229597001555, 40.9110251494283, 10.551224867035492, 51.38977984584727, 31.105505811991705, 34.34826425530274], [66.28259246519725, 28.674392868868367, 0.0, 72.35325582767406, 61.66407471410884, 14.289905009984682, 33.33609490197632, 51.22195628400825, 63.670833568707025, 58.33608778698286, 20.329508815981555, 72.19250474278685, 71.0843951400252, 61.58328136256184, 14.325143402230651, 37.74683245616628, 40.57079583462956, 75.21394719077264, 67.78222031222253, 64.29449836413727, 37.53959196556955, 35.2863832024874, 60.04808689790471, 47.96773622584513, 21.04637745398796, 68.04258649455173, 52.42568617967173, 31.17479599691061, 55.62283829874753, 26.31031564740266, 21.906866381053188, 94.31530067639544, 56.292197007888326, 49.951132454187295, 59.962331993628666, 29.969628307023314, 36.71067143753115, 71.18702857417463, 55.10446740970596, 6.261657745017975], [57.40725243289913, 74.75927326638511, 72.35325582767406, 0.0, 99.81688461602697, 77.85975048165118, 43.86506880638869, 49.50360531261305, 99.50761928681958, 96.7004646020323, 67.89590180656212, 84.04028701497771, 40.050642836001565, 103.86819201909994, 82.19346202695615, 83.34955181578411, 45.98934162249954, 43.35302405315293, 91.33372398022058, 9.649718894614962, 48.71913368287611, 58.11388535631961, 59.57122545692494, 30.829774991881642, 90.51326763979145, 4.450825102618623, 63.75926623678027, 81.76344026221237, 71.09663451441247, 70.50593406608877, 70.11427360714924, 82.73553440445575, 115.12366090142199, 48.10735540967118, 16.71580869589439, 42.57196044542856, 69.93104630238652, 56.386862791567566, 103.18432759748272, 70.34500639004632], [51.47431872091813, 34.2241562520114, 61.66407471410884, 99.81688461602697, 0.0, 74.9864659090716, 60.58879587259195, 51.066651660173164, 3.0850559781409967, 3.52566468516949, 44.43471536390132, 30.588432000401394, 70.3551556741915, 5.851020658607502, 50.332592267359566, 24.045077022594306, 54.442507014590035, 71.30470008553718, 17.61526078338676, 90.2401869239093, 52.37972184680766, 43.411142658262456, 45.10203804288004, 92.44153196275772, 74.02238846847654, 97.13262352093524, 37.294395740454426, 30.48944399697995, 30.87215281647715, 87.76735348197867, 83.38729097492245, 59.65945604426066, 31.53571571553567, 52.14066094770229, 83.10158269327371, 73.47279871309794, 32.115225816341244, 56.498603866809205, 13.286638695599693, 67.72877032079863], [79.56771000211917, 42.78701586076161, 14.289905009984682, 77.85975048165118, 74.9864659090716, 0.0, 44.063590928602714, 64.0644282830521, 77.15593412278137, 71.75644312809834, 34.60683453793103, 86.47901137698786, 82.53613448482854, 74.4116579236506, 25.156226749841768, 51.37300332293229, 52.71981931023905, 86.87183917390561, 81.93277375013527, 70.89515664618798, 49.99761675781609, 48.965882369142214, 73.63953895029623, 49.837347275222925, 13.190182490351017, 73.41981269461908, 66.40167498404546, 44.63623580128335, 69.84030152130114, 16.1024831380692, 12.405868847815851, 108.19664337498652, 65.7042354640888, 62.634626377603006, 67.71850513492365, 35.90776750294984, 50.99887101631838, 84.2439830840405, 67.32675549951138, 10.176490741458617], [38.77857861101166, 31.252852450510165, 33.33609490197632, 43.86506880638869, 60.58879587259195, 44.063590928602714, 0.0, 22.752373072264803, 61.08747071559638, 57.15757966692678, 24.068237854092903, 55.446286556798576, 38.49025223779784, 63.55642819620683, 39.71438651286925, 40.66085924845863, 10.639572416025256, 42.877733376577666, 57.381337576751065, 34.55694175779458, 9.93523579056, 17.3009766490267, 34.830023818712874, 32.16573232008058, 54.153909107580176, 40.144146894977446, 31.76367947488818, 38.20232852571314, 38.323194682147545, 45.58645748442098, 42.64432488087342, 69.31831913302007, 71.5789388455505, 20.920965850658828, 28.705590537514013, 15.907256742251334, 28.586474124644766, 42.43108085387408, 61.235734534507934, 34.1841903791131], [16.077752343863278, 34.75699580633915, 51.22195628400825, 49.50360531261305, 51.066651660173164, 64.0644282830521, 22.752373072264803, 0.0, 50.43343328051552, 48.19552836464943, 34.177012164541445, 36.09255140239165, 22.845581049801805, 55.647539998617205, 52.27676395228555, 39.44854804286018, 12.174827294828267, 25.912333117152333, 41.905869824056616, 40.19999037718951, 14.201819814624239, 17.401846868333784, 12.624556131174373, 50.84415150828901, 72.09233340559886, 47.36587042208918, 14.258364362108653, 40.8777582299246, 21.60137516891999, 67.8688167839796, 64.62294362837847, 46.56959054890213, 71.6166130225248, 1.9470193775157345, 33.005007755348316, 38.34348921294617, 25.678933134720637, 20.231805912548186, 56.58699592783958, 53.88835167753281], [49.92794807728966, 35.826215843827235, 63.670833568707025, 99.50761928681958, 3.0850559781409967, 77.15593412278137, 61.08747071559638, 50.43343328051552, 0.0, 5.446250650285703, 45.948445249887655, 28.028794782336785, 69.09471773992408, 8.541878236257652, 52.683528190825854, 25.932996399503445, 54.48646822580353, 69.86331000816465, 14.923324351678339, 89.97435314391147, 52.58704685880331, 43.817853313466266, 43.79486642337539, 93.09483913189301, 76.539233454791, 96.93565916687855, 36.438821346850695, 32.54410052688359, 29.719231492216153, 89.65497679078936, 85.28942016868638, 56.939926746458205, 34.52804658551545, 51.601400590608186, 82.80624098764224, 74.37635621153761, 32.85220500482291, 54.81258886851347, 16.364361503325693, 69.67533623000263], [49.39955952300863, 30.73997366068421, 58.33608778698286, 96.7004646020323, 3.52566468516949, 71.75644312809834, 57.15757966692678, 48.19552836464943, 5.446250650285703, 0.0, 40.93675199287524, 30.083570310453215, 67.95497138651277, 7.582511462378501, 47.24100391553015, 20.64367082111127, 51.18028932088536, 69.07785055382429, 17.604506753372597, 87.10453114858281, 49.05104444263719, 40.01961705077101, 42.80517329640058, 88.96586531917833, 71.09897928077575, 93.95823812999141, 34.63229043277668, 27.177046551419235, 28.507103231228836, 84.38675731526722, 80.01248228096975, 59.351628162507474, 31.362629016054495, 49.203940626877774, 79.98560205734269, 69.96058337025163, 28.645036744852195, 54.56418831897622, 12.749113869315465, 64.37206004862638], [47.79966640805939, 10.25732114488757, 20.329508815981555, 67.89590180656212, 44.43471536390132, 34.60683453793103, 24.068237854092903, 34.177012164541445, 45.948445249887655, 40.93675199287524, 0.0, 51.8764911476236, 56.17432481276064, 45.65007664088271, 18.106139179400387, 20.80012446365668, 26.17915044428237, 59.76983827419399, 48.07760325485283, 58.62506542865572, 22.724017807809233, 16.86982485638866, 41.01672284508036, 51.35936734830178, 39.46264333096913, 64.08995264016416, 32.639848796737866, 15.916995288973087, 35.34746370781174, 44.49160163456379, 40.25469714714055, 74.51247987676733, 48.39955719628431, 33.358204504339945, 52.664210473751545, 31.317200064516722, 16.411557153175387, 53.085820323506084, 41.04038016729004, 25.34680984888514], [27.535338195244762, 44.617600022796914, 72.19250474278685, 84.04028701497771, 30.588432000401394, 86.47901137698786, 55.446286556798576, 36.09255140239165, 28.028794782336785, 30.083570310453215, 51.8764911476236, 0.0, 47.46985126643604, 36.42920415196037, 65.80210813798112, 39.75384860698532, 45.6201344180271, 46.86062214120815, 13.169704361607465, 75.26358551435646, 45.514592781261214, 40.32292935634395, 24.519965980885715, 86.34334714977258, 89.94031873437969, 82.50070772756895, 23.697320920000607, 45.86700655899615, 17.50355136900793, 95.25633360020926, 91.26529738793232, 29.292025019842278, 61.39838005105987, 37.91395996861953, 68.21519495233115, 71.16708752752399, 35.4830298474299, 30.86157887764663, 42.78491535030919, 77.09614637736931], [20.01026533470535, 57.58227887935428, 71.0843951400252, 40.050642836001565, 70.3551556741915, 82.53613448482854, 38.49025223779784, 22.845581049801805, 69.09471773992408, 67.95497138651277, 56.17432481276064, 47.46985126643604, 0.0, 75.53748011099165, 74.20061003954471, 61.99758869405695, 30.671429267203468, 4.657245068839916, 57.51667111606028, 33.35322052036386, 33.943926447538594, 39.86277904075549, 25.30151289286938, 55.201138555583434, 92.12157340885949, 39.989137680765374, 33.626557450685944, 63.713733741917814, 39.48643532227118, 83.02321874147259, 80.53430151384707, 42.760031523935275, 93.79554873394277, 23.135688752410566, 27.93960786687743, 50.63042488247374, 48.42861940385605, 17.142408071618945, 77.79023435353115, 72.57575062041312], [56.92634696552663, 35.40519233552774, 61.58328136256184, 103.86819201909994, 5.851020658607502, 74.4116579236506, 63.55642819620683, 55.647539998617205, 8.541878236257652, 7.582511462378501, 45.65007664088271, 36.42920415196037, 75.53748011099165, 0.0, 49.39417300048736, 24.8564786751088, 58.135971379705616, 76.6450865753952, 23.4084926527231, 94.24881517273732, 55.847887608258134, 46.64779314630192, 50.37891049693017, 95.03467616906367, 72.42869528849171, 101.03471931216339, 42.188421949803335, 30.678273681384148, 36.08469314758849, 87.86579711657079, 83.46496989780486, 65.4516456380495, 26.168002408429917, 56.60709788905343, 87.16413986151426, 75.68352969577565, 34.97712992882001, 62.042732170000406, 8.851163355422164, 67.76406445607353], [65.51402248413902, 21.340958476361607, 14.325143402230651, 82.19346202695615, 50.332592267359566, 25.156226749841768, 39.71438651286925, 52.27676395228555, 52.683528190825854, 47.24100391553015, 18.106139179400387, 65.80210813798112, 74.20061003954471, 49.39417300048736, 0.0, 27.55582929976798, 43.880556170275604, 77.85345990217958, 59.18723789499838, 73.44239061826794, 40.46442684000882, 34.924705110935044, 58.49276968147789, 60.574394273649666, 24.39377888740957, 78.07576420982952, 49.51787891363125, 20.751117018957213, 50.84729633498544, 39.76753489812724, 35.42446707188024, 90.83010844371701, 41.99089937081426, 51.46211950392965, 68.18951013165125, 41.27041825921751, 31.544419659466676, 70.91691951356904, 42.17276855440124, 20.36474596045376], [47.31829973397462, 10.581429240302628, 37.74683245616628, 83.34955181578411, 24.045077022594306, 51.37300332293229, 40.66085924845863, 39.44854804286018, 25.932996399503445, 20.64367082111127, 20.80012446365668, 39.75384860698532, 61.99758869405695, 24.8564786751088, 27.55582929976798, 0.0, 37.62423619845901, 64.42329244063089, 31.767018546207588, 73.73081230961405, 34.673252512756214, 25.34576225302482, 39.81525886959758, 71.05924080960447, 51.901992921725785, 80.03629027677641, 29.940480166525212, 6.82451573130364, 27.889673904522056, 63.74355170397816, 59.37081424225408, 67.13792406428827, 32.41582062002358, 39.68067024532436, 66.99066927315143, 51.33691924429153, 13.983698720009183, 53.018906656264924, 20.748056478056878, 43.74318230340929], [28.2481689381917, 30.084874720912403, 40.57079583462956, 45.98934162249954, 54.442507014590035, 52.71981931023905, 10.639572416025256, 12.174827294828267, 54.48646822580353, 51.18028932088536, 26.17915044428237, 45.6201344180271, 30.671429267203468, 58.135971379705616, 43.880556170275604, 37.62423619845901, 0.0, 34.678713247822344, 48.87537447248617, 36.33969719001494, 3.4578412441875126, 12.282427455967973, 24.21095283035076, 40.83547156455351, 61.613111147081455, 42.95626955876013, 21.995849697972623, 36.97090551714558, 29.01538791771733, 55.76427497524949, 52.599616924304996, 58.704663988046576, 69.8524820491343, 10.409555414197259, 29.441725859055467, 26.442277324171364, 23.969446108517168, 32.164128310431465, 57.19659274317639, 42.58811687063249], [20.023557587401772, 60.6093352371944, 75.21394719077264, 43.35302405315293, 71.30470008553718, 86.87183917390561, 42.877733376577666, 25.912333117152333, 69.86331000816465, 69.07785055382429, 59.76983827419399, 46.86062214120815, 4.657245068839916, 76.6450865753952, 77.85345990217958, 64.42329244063089, 34.678713247822344, 0.0, 57.626592983806276, 37.21169605636997, 37.86303446244371, 43.21917037482491, 26.28479969715944, 59.73135295638652, 96.26017884731391, 43.62250022907848, 35.310661834785925, 66.53226501591543, 40.587576800285156, 87.60173973237382, 85.07186074365109, 39.437643000068405, 95.84487436389493, 26.464546963844498, 32.148834695555905, 55.25255115327702, 51.121329824500165, 16.00673964948581, 79.38714965730796, 76.86786664734339], [37.65008182269406, 39.14590238173309, 67.78222031222253, 91.33372398022058, 17.61526078338676, 81.93277375013527, 57.381337576751065, 41.905869824056616, 14.923324351678339, 17.604506753372597, 48.07760325485283, 13.169704361607465, 57.51667111606028, 23.4084926527231, 59.18723789499838, 31.767018546207588, 48.87537447248617, 57.626592983806276, 0.0, 82.09980780668397, 47.835051813139735, 40.54132619814231, 32.656469781292856, 89.39336969374195, 83.57951747366293, 89.27172752882659, 27.763610033838336, 38.47747410183186, 20.356625396589198, 92.5381787179402, 88.32626558290339, 42.046504221437054, 48.90592134584737, 43.44223737421589, 74.90873105684807, 72.27272682235932, 32.23116506716905, 41.942826107926194, 30.330061219259886, 73.28220919035948], [49.18314843392154, 65.23998070398171, 64.29449836413727, 9.649718894614962, 90.2401869239093, 70.89515664618798, 34.55694175779458, 40.19999037718951, 89.97435314391147, 87.10453114858281, 58.62506542865572, 75.26358551435646, 33.35322052036386, 94.24881517273732, 73.44239061826794, 73.73081230961405, 36.33969719001494, 37.21169605636997, 82.09980780668397, 0.0, 39.08346623877103, 48.47411175806329, 50.74388347869102, 27.423981625871303, 83.20638665822712, 7.237155391942794, 54.425082583942874, 72.24612177274484, 61.7972832204973, 65.06614394317184, 64.17101523244853, 76.00976582122738, 105.57827617764107, 38.7310222371912, 7.202515126362153, 35.0679343964226, 60.28450341728416, 48.75023294179629, 93.53511112256463, 62.791702005452386], [30.160499404327012, 26.80408708170212, 37.53959196556955, 48.71913368287611, 52.37972184680766, 49.99761675781609, 9.93523579056, 14.201819814624239, 52.58704685880331, 49.05104444263719, 22.724017807809233, 45.514592781261214, 33.943926447538594, 55.847887608258134, 40.46442684000882, 34.673252512756214, 3.4578412441875126, 37.86303446244371, 47.835051813139735, 39.08346623877103, 0.0, 9.401860513162559, 25.42670063003304, 41.562204127930976, 58.55583820213623, 45.531890946843184, 21.82857716396297, 33.73256429269359, 28.45888847062452, 53.787652411993264, 50.46709963502131, 60.269569975672916, 66.76517809791677, 12.660097267383238, 32.31971009486676, 25.77409295092086, 21.260116013619026, 34.4271644085834, 54.533973889422334, 39.83282220338135], [31.170198202364798, 18.21273249174096, 35.2863832024874, 58.11388535631961, 43.411142658262456, 48.965882369142214, 17.3009766490267, 17.401846868333784, 43.817853313466266, 40.01961705077101, 16.86982485638866, 40.32292935634395, 39.86277904075549, 46.64779314630192, 34.924705110935044, 25.34576225302482, 12.282427455967973, 43.21917037482491, 40.54132619814231, 48.47411175806329, 9.401860513162559, 0.0, 24.761827319858742, 49.43784507080347, 55.666568856939215, 54.93160033816578, 17.78419978232089, 24.92687614355394, 22.819737194111312, 55.5101380359174, 51.734721405882425, 59.256935968949435, 57.586588702690264, 16.764533606423914, 41.665548489966056, 31.73238271792535, 11.870570688095222, 36.324160457195276, 45.137446828177026, 38.926490356244365], [7.507817187249648, 38.43692675600592, 60.04808689790471, 59.57122545692494, 45.10203804288004, 73.63953895029623, 34.830023818712874, 12.624556131174373, 43.79486642337539, 42.80517329640058, 41.01672284508036, 24.519965980885715, 25.30151289286938, 50.37891049693017, 58.49276968147789, 39.81525886959758, 24.21095283035076, 26.28479969715944, 32.656469781292856, 50.74388347869102, 25.42670063003304, 24.761827319858742, 0.0, 63.4210019156018, 80.31613578726058, 57.98103327449427, 9.880065534647809, 43.20481573352458, 14.303868373886337, 78.99734818430143, 75.50667753556053, 34.95551313934208, 70.12555520314133, 14.570472054384943, 43.700678205897454, 50.645872624037864, 27.98931755057046, 13.211369303242325, 53.219934383883775, 63.536446464913425], [64.9656968282943, 60.76591302437125, 47.96773622584513, 30.829774991881642, 92.44153196275772, 49.837347275222925, 32.16573232008058, 50.84415150828901, 93.09483913189301, 88.96586531917833, 51.35936734830178, 86.34334714977258, 55.201138555583434, 95.03467616906367, 60.574394273649666, 71.05924080960447, 40.83547156455351, 59.73135295638652, 89.39336969374195, 27.423981625871303, 41.562204127930976, 49.43784507080347, 63.4210019156018, 0.0, 62.972722319451236, 26.567102321435566, 62.8178642713817, 67.1834607698769, 69.82944971669455, 40.24346705964786, 40.441465323794944, 95.03851978454912, 99.45585407483027, 48.91509487489072, 28.749133165650925, 20.08467305152575, 60.32643334516975, 66.6895264800913, 91.7962454591018, 44.249675293812125], [86.82978759846968, 45.322866105904886, 21.04637745398796, 90.51326763979145, 74.02238846847654, 13.190182490351017, 54.153909107580176, 72.09233340559886, 76.539233454791, 71.09897928077575, 39.46264333096913, 89.94031873437969, 92.12157340885949, 72.42869528849171, 24.39377888740957, 51.901992921725785, 61.613111147081455, 96.26017884731391, 83.57951747366293, 83.20638665822712, 58.55583820213623, 55.666568856939215, 80.31613578726058, 62.972722319451236, 0.0, 86.09192214452199, 72.10024211188991, 45.12188427520489, 74.36260311105563, 27.570190115522337, 24.72555019369054, 113.93801504613602, 59.337293670043046, 70.88279145104013, 79.58576697104594, 48.14392551460951, 54.98514203419639, 91.88294112864348, 64.48207503644397, 20.534493244945217], [56.350861221176125, 71.22453840055677, 68.04258649455173, 4.450825102618623, 97.13262352093524, 73.41981269461908, 40.144146894977446, 47.36587042208918, 96.93565916687855, 93.95823812999141, 64.08995264016416, 82.50070772756895, 39.989137680765374, 101.03471931216339, 78.07576420982952, 80.03629027677641, 42.95626955876013, 43.62250022907848, 89.27172752882659, 7.237155391942794, 45.531890946843184, 54.93160033816578, 57.98103327449427, 26.567102321435566, 86.09192214452199, 0.0, 61.566415615789566, 78.21843967569266, 68.9506330663046, 66.09258974278639, 65.672972980563, 82.74217921999048, 111.60627270474717, 45.8640826946781, 14.37180108223575, 38.20439671366013, 66.79043227875134, 55.76752280127014, 100.06523097683264, 65.95536408877753], [17.387646600949452, 28.93745687621772, 52.42568617967173, 63.75926623678027, 37.294395740454426, 66.40167498404546, 31.76367947488818, 14.258364362108653, 36.438821346850695, 34.63229043277668, 32.639848796737866, 23.697320920000607, 33.626557450685944, 42.188421949803335, 49.51787891363125, 29.940480166525212, 21.995849697972623, 35.310661834785925, 27.763610033838336, 54.425082583942874, 21.82857716396297, 17.78419978232089, 9.880065534647809, 62.8178642713817, 72.10024211188991, 61.566415615789566, 0.0, 33.40861743429482, 7.40712040548152, 73.27625443292952, 69.51832095182894, 41.91402535562474, 60.591535984198636, 15.703054207185367, 47.22433342212656, 47.545496886873885, 18.398276992297514, 23.091087293633773, 44.171099913458164, 56.48314134097421], [50.678030724886845, 7.00615764762712, 31.17479599691061, 81.76344026221237, 30.48944399697995, 44.63623580128335, 38.20232852571314, 40.8777582299246, 32.54410052688359, 27.177046551419235, 15.916995288973087, 45.86700655899615, 63.713733741917814, 30.678273681384148, 20.751117018957213, 6.82451573130364, 36.97090551714558, 66.53226501591543, 38.47747410183186, 72.24612177274484, 33.73256429269359, 24.92687614355394, 43.20481573352458, 67.1834607698769, 45.12188427520489, 78.21843967569266, 33.40861743429482, 0.0, 32.63543569850568, 57.329747716566914, 52.93985077511795, 72.49481142837381, 33.39150766069869, 40.785249341127354, 65.78087046500436, 47.1903871064721, 15.474397965545764, 56.36203951107928, 25.270171873039352, 37.25872079030991], [21.161874376327894, 29.567570130755374, 55.62283829874753, 71.09663451441247, 30.87215281647715, 69.84030152130114, 38.323194682147545, 21.60137516891999, 29.719231492216153, 28.507103231228836, 35.34746370781174, 17.50355136900793, 39.48643532227118, 36.08469314758849, 50.84729633498544, 27.889673904522056, 29.01538791771733, 40.587576800285156, 20.356625396589198, 61.7972832204973, 28.45888847062452, 22.819737194111312, 14.303868373886337, 69.82944971669455, 74.36260311105563, 68.9506330663046, 7.40712040548152, 32.63543569850568, 0.0, 77.94388054202616, 74.01642098358043, 40.07405627025871, 56.41697749674929, 23.09602924859201, 54.59921074061827, 53.87266522744743, 19.389997578346122, 26.60533537729351, 39.08326704177697, 60.20816781734403], [83.92181137663054, 54.0635667420574, 26.31031564740266, 70.50593406608877, 87.76735348197867, 16.1024831380692, 45.58645748442098, 67.8688167839796, 89.65497679078936, 84.38675731526722, 44.49160163456379, 95.25633360020926, 83.02321874147259, 87.86579711657079, 39.76753489812724, 63.74355170397816, 55.76427497524949, 87.60173973237382, 92.5381787179402, 65.06614394317184, 53.787652411993264, 55.5101380359174, 78.99734818430143, 40.24346705964786, 27.570190115522337, 66.09258974278639, 73.27625443292952, 57.329747716566914, 77.94388054202616, 0.0, 4.403502944041439, 113.94976455893115, 81.28725507066329, 66.16468616079642, 63.444188028397555, 32.63165473815148, 60.47952890931396, 87.91261553271192, 81.39371266128845, 20.10185513500395], [80.62749596889859, 49.74352126511201, 21.906866381053188, 70.11427360714924, 83.38729097492245, 12.405868847815851, 42.64432488087342, 64.62294362837847, 85.28942016868638, 80.01248228096975, 40.25469714714055, 91.26529738793232, 80.53430151384707, 83.46496989780486, 35.42446707188024, 59.37081424225408, 52.599616924304996, 85.07186074365109, 88.32626558290339, 64.17101523244853, 50.46709963502131, 51.734721405882425, 75.50667753556053, 40.441465323794944, 24.72555019369054, 65.672972980563, 69.51832095182894, 52.93985077511795, 74.01642098358043, 4.403502944041439, 0.0, 110.45798063053381, 77.04835325189624, 62.9638071114615, 62.08392612664629, 30.648771605419785, 56.337192174646795, 84.76079281230056, 76.9934709529715, 15.701045843945966], [30.68729844211114, 69.6215520849947, 94.31530067639544, 82.73553440445575, 59.65945604426066, 108.19664337498652, 69.31831913302007, 46.56959054890213, 56.939926746458205, 59.351628162507474, 74.51247987676733, 29.292025019842278, 42.760031523935275, 65.4516456380495, 90.83010844371701, 67.13792406428827, 58.704663988046576, 39.437643000068405, 42.046504221437054, 76.00976582122738, 60.269569975672916, 59.256935968949435, 34.95551313934208, 95.03851978454912, 113.93801504613602, 82.74217921999048, 41.91402535562474, 72.49481142837381, 40.07405627025871, 113.94976455893115, 110.45798063053381, 0.0, 90.68768977950903, 48.427631105774665, 70.1254706160212, 84.83703296272085, 59.28658072361557, 28.351612129744552, 72.07101869873476, 98.18299580896739], [77.41064378563756, 40.38174035379648, 56.292197007888326, 115.12366090142199, 31.53571571553567, 65.7042354640888, 71.5789388455505, 71.6166130225248, 34.52804658551545, 31.362629016054495, 48.39955719628431, 61.39838005105987, 93.79554873394277, 26.168002408429917, 41.99089937081426, 32.41582062002358, 69.8524820491343, 95.84487436389493, 48.90592134584737, 105.57827617764107, 66.76517809791677, 57.586588702690264, 70.12555520314133, 99.45585407483027, 59.337293670043046, 111.60627270474717, 60.591535984198636, 33.39150766069869, 56.41697749674929, 81.28725507066329, 77.04835325189624, 90.68768977950903, 0.0, 71.97219412083153, 99.01783553380758, 79.37897783657715, 46.39623680455227, 82.96992761896763, 18.619899831808166, 62.34948393562717], [17.86146109190767, 34.49688052029533, 49.951132454187295, 48.10735540967118, 52.14066094770229, 62.634626377603006, 20.920965850658828, 1.9470193775157345, 51.601400590608186, 49.203940626877774, 33.358204504339945, 37.91395996861953, 23.135688752410566, 56.60709788905343, 51.46211950392965, 39.68067024532436, 10.409555414197259, 26.464546963844498, 43.44223737421589, 38.7310222371912, 12.660097267383238, 16.764533606423914, 14.570472054384943, 48.91509487489072, 70.88279145104013, 45.8640826946781, 15.703054207185367, 40.785249341127354, 23.09602924859201, 66.16468616079642, 62.9638071114615, 48.427631105774665, 71.97219412083153, 0.0, 31.5288697183771, 36.44796270472985, 25.78839647945133, 21.810076159416077, 57.271499855045754, 52.463292935341876], [42.467778204195476, 58.78229597001555, 59.962331993628666, 16.71580869589439, 83.10158269327371, 67.71850513492365, 28.705590537514013, 33.005007755348316, 82.80624098764224, 79.98560205734269, 52.664210473751545, 68.21519495233115, 27.93960786687743, 87.16413986151426, 68.18951013165125, 66.99066927315143, 29.441725859055467, 32.148834695555905, 74.90873105684807, 7.202515126362153, 32.31971009486676, 41.665548489966056, 43.700678205897454, 28.749133165650925, 79.58576697104594, 14.37180108223575, 47.22433342212656, 65.78087046500436, 54.59921074061827, 63.444188028397555, 62.08392612664629, 70.1254706160212, 99.01783553380758, 31.5288697183771, 0.0, 31.892346348908326, 53.41101015789349, 42.41217575114365, 86.61095623480871, 59.055413992859876], [54.16820724404023, 40.9110251494283, 29.969628307023314, 42.57196044542856, 73.47279871309794, 35.90776750294984, 15.907256742251334, 38.34348921294617, 74.37635621153761, 69.96058337025163, 31.317200064516722, 71.16708752752399, 50.63042488247374, 75.68352969577565, 41.27041825921751, 51.33691924429153, 26.442277324171364, 55.25255115327702, 72.27272682235932, 35.0679343964226, 25.77409295092086, 31.73238271792535, 50.645872624037864, 20.08467305152575, 48.14392551460951, 38.20439671366013, 47.545496886873885, 47.1903871064721, 53.87266522744743, 32.63165473815148, 30.648771605419785, 84.83703296272085, 79.37897783657715, 36.44796270472985, 31.892346348908326, 0.0, 41.55069688049107, 57.364674587209386, 72.01113000212953, 27.800824320511747], [35.395836729119814, 10.551224867035492, 36.71067143753115, 69.93104630238652, 32.115225816341244, 50.99887101631838, 28.586474124644766, 25.678933134720637, 32.85220500482291, 28.645036744852195, 16.411557153175387, 35.4830298474299, 48.42861940385605, 34.97712992882001, 31.544419659466676, 13.983698720009183, 23.969446108517168, 51.121329824500165, 32.23116506716905, 60.28450341728416, 21.260116013619026, 11.870570688095222, 27.98931755057046, 60.32643334516975, 54.98514203419639, 66.79043227875134, 18.398276992297514, 15.474397965545764, 19.389997578346122, 60.47952890931396, 56.337192174646795, 59.28658072361557, 46.39623680455227, 25.78839647945133, 53.41101015789349, 41.55069688049107, 0.0, 41.04798324644039, 33.274862460532056, 41.72372766186686], [5.703554918330873, 51.38977984584727, 71.18702857417463, 56.386862791567566, 56.498603866809205, 84.2439830840405, 42.43108085387408, 20.231805912548186, 54.81258886851347, 54.56418831897622, 53.085820323506084, 30.86157887764663, 17.142408071618945, 62.042732170000406, 70.91691951356904, 53.018906656264924, 32.164128310431465, 16.00673964948581, 41.942826107926194, 48.75023294179629, 34.4271644085834, 36.324160457195276, 13.211369303242325, 66.6895264800913, 91.88294112864348, 55.76752280127014, 23.091087293633773, 56.36203951107928, 26.60533537729351, 87.91261553271192, 84.76079281230056, 28.351612129744552, 82.96992761896763, 21.810076159416077, 42.41217575114365, 57.364674587209386, 41.04798324644039, 0.0, 65.65112740996746, 74.06825849100095], [60.24508120278479, 31.105505811991705, 55.10446740970596, 103.18432759748272, 13.286638695599693, 67.32675549951138, 61.235734534507934, 56.58699592783958, 16.364361503325693, 12.749113869315465, 41.04038016729004, 42.78491535030919, 77.79023435353115, 8.851163355422164, 42.17276855440124, 20.748056478056878, 57.19659274317639, 79.38714965730796, 30.330061219259886, 93.53511112256463, 54.533973889422334, 45.137446828177026, 53.219934383883775, 91.7962454591018, 64.48207503644397, 100.06523097683264, 44.171099913458164, 25.270171873039352, 39.08326704177697, 81.39371266128845, 76.9934709529715, 72.07101869873476, 18.619899831808166, 57.271499855045754, 86.61095623480871, 72.01113000212953, 33.274862460532056, 65.65112740996746, 0.0, 61.354148781489286], [69.4066242650337, 34.34826425530274, 6.261657745017975, 70.34500639004632, 67.72877032079863, 10.176490741458617, 34.1841903791131, 53.88835167753281, 69.67533623000263, 64.37206004862638, 25.34680984888514, 77.09614637736931, 72.57575062041312, 67.76406445607353, 20.36474596045376, 43.74318230340929, 42.58811687063249, 76.86786664734339, 73.28220919035948, 62.791702005452386, 39.83282220338135, 38.926490356244365, 63.536446464913425, 44.249675293812125, 20.534493244945217, 65.95536408877753, 56.48314134097421, 37.25872079030991, 60.20816781734403, 20.10185513500395, 15.701045843945966, 98.18299580896739, 62.34948393562717, 52.463292935341876, 59.055413992859876, 27.800824320511747, 41.72372766186686, 74.06825849100095, 61.354148781489286, 0.0]]",Route_0,2021.6217541689664
