instance_id,num_cities,city_coordinates,distance_matrix,best_route,total_distance
2592,40,"[[70.47722417191189, 59.52847547592087], [41.390846685350915, 22.557939999467546], [62.39486539564179, 53.4291846680916], [12.151556059960544, 78.32116569499763], [7.685411341542247, 24.93895797773301], [23.792787249789495, 78.1793102085844], [86.40264591396465, 71.52461116844415], [23.42920523725025, 8.159738125501049], [43.68050568779882, 90.67678292888914], [87.87237035645242, 6.906161246886711], [84.83280646026465, 70.23951035121964], [9.087435052953975, 37.14179875542737], [21.761451435163526, 69.19706341111579], [93.72113599696975, 67.85706661771317], [39.608262049711875, 80.5037548841877], [81.63858462214256, 9.049043898716002], [67.97129689236144, 50.71994024258565], [93.10050752155847, 99.98234840268235], [77.78924961443532, 76.74210779559093], [49.68096603791381, 96.34148861138975], [30.3301021286299, 72.32522075955261], [22.3247488921393, 5.950306953103102], [41.79826347286213, 46.75577860414395], [32.65313332197589, 5.6409820905899855], [81.04240809835224, 48.90475105530773], [93.55040970897875, 37.70604138202619], [35.08637999986046, 7.047982231208727], [63.211221930924886, 49.85185378399608], [37.636047616003786, 28.126717198639895], [92.70371762904709, 99.9461358907657], [46.30647934810443, 66.15985080952662], [71.58937864055038, 86.62033508672056], [23.02019875554342, 34.15242939980655], [36.679560474549454, 40.75175276274835], [42.71375464616759, 78.86256034298404], [95.02278637308447, 98.4468384416052], [73.68789718463628, 24.866086386447794], [25.291788273784665, 86.61033963119719], [95.07549549936795, 6.694683772117383], [34.98205029409937, 54.504774761652044]]","[[0.0, 47.04081045971056, 10.125505999544957, 61.27845270872692, 71.6885379909621, 50.27216214726349, 19.938062323497682, 69.65818876953875, 41.08869891711643, 55.42291101702207, 17.91114208914479, 65.34423848097097, 49.665965267969085, 24.690987573165355, 37.32097491701793, 51.69863614697859, 9.158054623516016, 46.35006779167601, 18.702268678128316, 42.28099204711362, 42.13725309286699, 72.03666439965534, 31.39465833793928, 65.8371004220135, 14.982877960013079, 31.758314196605088, 63.298609956449305, 12.10090062493935, 45.43801602712328, 46.125961071936366, 25.063919169849907, 27.11467766235461, 53.815545856443, 38.663256293894584, 33.83218996390469, 46.01221141936542, 34.81076900306368, 52.679701816056294, 58.27936597201484, 35.84891821914141], [47.04081045971056, 0.0, 37.33902180524147, 62.964064800858175, 33.78943057123765, 58.33891085576747, 66.51163022485403, 23.020182030418876, 68.15731289003918, 49.04600106947467, 64.50376748914987, 35.44290252371925, 50.60159079016226, 69.21322165463458, 57.97322718839681, 42.45433644387293, 38.72490917872823, 93.10439323889833, 65.27455687744218, 74.2478156220614, 50.981587896045035, 25.284967084475415, 24.20126818116591, 19.040249465572593, 47.6067303571791, 54.31468484960654, 16.74231436097265, 34.944048213321445, 6.71638262349547, 92.8544214768169, 43.87812747558258, 70.82331393379232, 21.7235561042734, 18.793909668438005, 56.32015942360536, 92.92744407025177, 32.37942264304784, 66.04460296134592, 55.97932132867372, 32.58332276651414], [10.125505999544957, 37.33902180524147, 0.0, 56.071390676929035, 61.68320176324872, 45.85508861019288, 30.063565750682738, 59.72977031474108, 41.68465947410755, 53.042388400958245, 28.0365520132616, 55.74012082520602, 43.585551850794594, 34.48911433104423, 35.38730908717223, 48.37269502909663, 6.199725283812342, 55.76767443658095, 27.93706230484036, 44.75610647275339, 37.21839898946906, 62.12775600067247, 21.650735767169298, 56.28750245240997, 19.188573380162957, 34.89821164837028, 53.82350150355058, 3.669296151444182, 35.40076154389875, 55.519845773912586, 20.515994395087812, 34.441131513393294, 43.84013762173005, 28.670440995899778, 32.159022350707104, 55.598294745272426, 30.714542979410968, 49.775770979424365, 57.027512289879766, 27.43390832237939], [61.27845270872692, 62.964064800858175, 56.071390676929035, 0.0, 53.568708677875016, 11.642095455461266, 74.56150144638858, 71.06202424330269, 33.86348980635635, 104.08527551026376, 73.1291823614029, 41.293208873728275, 13.251389799152594, 82.23803098688198, 27.543318597736473, 98.11765384761487, 62.27094919038314, 83.7970141414826, 65.65668464825816, 41.631582378097825, 19.141862313777697, 73.08238534311769, 43.30474480494749, 75.51638073292966, 74.9084437485504, 90.96901504541208, 74.87237695049569, 58.46016763181932, 56.29335635511129, 83.4043768001421, 36.25543220763714, 60.014422980765104, 45.486312885948195, 44.867402294270974, 30.566993482964985, 85.2800300018379, 81.5117585560256, 15.536283570332747, 109.57523737048986, 32.99169507717044], [71.6885379909621, 33.78943057123765, 61.68320176324872, 53.568708677875016, 0.0, 55.62358011054939, 91.4692631539961, 23.00889534680159, 74.9473711767448, 82.18959881879766, 89.46429801293517, 12.283118233295683, 46.44259684028941, 96.14629460472034, 64.0820961938016, 75.64100215960282, 65.56711861281626, 113.69806111764967, 87.16716395319615, 82.83687581715178, 52.51894821176899, 23.976635953684152, 40.49271962684509, 31.556283276599338, 77.17258717326872, 86.80896476339325, 32.7246099530133, 60.85859034731019, 30.11980116294874, 113.37631649720026, 56.48671436557197, 88.81615460384351, 17.889766926317808, 33.02582569535652, 64.30194185802165, 114.15439355404231, 66.00252607087583, 64.13535548921077, 89.27418636090474, 40.23983126463787], [50.27216214726349, 58.33891085576747, 45.85508861019288, 11.642095455461266, 55.62358011054939, 0.0, 62.962523942920456, 70.02051604050021, 23.488468853126577, 95.84390817386397, 61.55423922842508, 43.59271417910302, 9.209076105800035, 70.68608541471616, 15.98537726163885, 90.13950295911695, 52.016898342446524, 72.65626307320704, 54.01558570146701, 31.623765198047163, 8.775354642541432, 72.24392049093032, 36.21650883940778, 73.07745739058474, 64.30022473462192, 80.64869112803774, 72.02229555512268, 48.54129973741832, 51.931665913832816, 72.26694283013053, 25.521240881730787, 48.53622409673697, 44.03365902047856, 39.58397378368861, 18.933299711380474, 74.05731210205309, 73.01932504289313, 8.563250620815744, 100.9518514548186, 26.185553958295692], [19.938062323497682, 66.51163022485403, 30.063565750682738, 74.56150144638858, 91.4692631539961, 62.962523942920456, 0.0, 89.33510713270547, 46.818660261115575, 64.63516194921826, 2.0287631751449533, 84.61571733378642, 64.68308513211807, 8.186035678314658, 47.64807848279946, 62.65694523088853, 27.79476495834091, 29.235323815675894, 10.070395566562093, 44.32109180669333, 56.07825908741869, 91.6840567387032, 51.020054876004124, 85.02742313127354, 23.24629477955103, 34.56567936072046, 82.40506553894, 31.741936913273904, 65.28061205724907, 29.11162263255257, 40.453469900440176, 21.1497935670878, 73.57998761849684, 58.47524296719413, 44.30084331361566, 28.26858933308648, 48.35992938458581, 62.94534235962389, 65.40747515493952, 54.1641254449444], [69.65818876953875, 23.020182030418876, 59.72977031474108, 71.06202424330269, 23.00889534680159, 70.02051604050021, 89.33510713270547, 0.0, 84.96574517429214, 64.45535653125621, 87.31723977973694, 32.336453274530506, 61.060105476213515, 92.2210743758512, 74.13109091415015, 58.21617226452285, 61.60656404360998, 115.26266576869794, 87.51317531808792, 92.00639142956747, 64.53550603788759, 2.4701032212884555, 42.74431706194803, 9.561641139239192, 70.56512752461093, 76.09183499359511, 11.710069368476436, 57.62674171161452, 24.505399888226922, 114.99435152147515, 62.348879236942366, 92.06230269630923, 25.995909023987515, 35.18254300116984, 73.28562557160838, 115.22760668929791, 52.96261123168196, 78.47270921902415, 71.66126772938077, 47.76327720868556], [41.08869891711643, 68.15731289003918, 41.68465947410755, 33.86348980635635, 74.9473711767448, 23.488468853126577, 46.818660261115575, 84.96574517429214, 0.0, 94.71239602017134, 45.947730839307546, 63.739117238946505, 30.689139608209654, 54.998219373554875, 10.957813095970454, 90.02168369656236, 46.761007418592484, 50.288469155819996, 36.845373974536095, 8.251934008622271, 22.693900265218712, 87.37645037188685, 43.96131773104596, 85.74783009211016, 56.04296921633631, 72.75236619592692, 84.06922922492174, 45.256200864136254, 62.84143693646883, 49.89184515898762, 24.657163223088915, 28.2021268451346, 60.18181473182503, 50.41350881429487, 11.85371093311311, 51.926905825759974, 72.32904896268009, 18.832973456833926, 98.46033697133652, 37.203189394013606], [55.42291101702207, 49.04600106947467, 53.042388400958245, 104.08527551026376, 82.18959881879766, 95.84390817386397, 64.63516194921826, 64.45535653125621, 94.71239602017134, 0.0, 63.406246202170934, 84.38755717713546, 90.83396992893569, 61.23088211875719, 88.0115329933871, 6.591815428301682, 48.12172019896105, 93.2229050913876, 70.56010738548778, 97.24845060265956, 87.12500203916437, 65.55459051096138, 60.916461885440455, 55.23372897937665, 42.550322329485105, 31.318888026681236, 52.786180872628144, 49.52277000691531, 54.53439389398221, 93.16533045184809, 72.37902335693377, 81.3602195805013, 70.34318225396518, 61.369600362583654, 84.95306906607918, 91.8195187881017, 22.88576391953325, 101.33649542846597, 7.206228871388738, 71.1548590387624], [17.91114208914479, 64.50376748914987, 28.0365520132616, 73.1291823614029, 89.46429801293517, 61.55423922842508, 2.0287631751449533, 87.31723977973694, 45.947730839307546, 63.406246202170934, 0.0, 82.66087225834046, 63.07996924797349, 9.20208889852671, 46.37471437081445, 61.273780998287585, 25.79387760950976, 30.8705571085858, 9.586212315819697, 43.783160623381356, 54.542597732130666, 89.66804857085089, 49.02507059559635, 83.04028023952003, 21.668850314598785, 33.681199645669736, 80.42310720012334, 29.717830638565097, 63.25362750479441, 30.731658653149115, 38.7417281845983, 21.064657591121218, 71.57566543771426, 56.46470531719122, 42.9926914356273, 29.991482934698737, 46.722121153142425, 61.75060240999201, 64.36503448084174, 52.27503987958374], [65.34423848097097, 35.44290252371925, 55.74012082520602, 41.293208873728275, 12.283118233295683, 43.59271417910302, 84.61571733378642, 32.336453274530506, 63.739117238946505, 84.38755717713546, 82.66087225834046, 0.0, 34.469851804188885, 90.03494330165962, 53.02622105976025, 77.80020680724475, 60.42909159806818, 104.9148751397251, 79.29769101377813, 71.7804850698923, 41.09895483352795, 33.88415025541513, 34.094382300434766, 39.34010149272977, 72.91011721821089, 84.46485930542921, 39.7691203240103, 55.596131203899986, 29.93818589612028, 104.57565431234123, 47.194328083560904, 79.71586109247131, 14.24985029874064, 27.827273549811316, 53.58499152589917, 105.56132102923917, 65.75646600747973, 52.05494788858362, 91.2193693803188, 31.176979235963405], [49.665965267969085, 50.60159079016226, 43.585551850794594, 13.251389799152594, 46.44259684028941, 9.209076105800035, 64.68308513211807, 61.060105476213515, 30.689139608209654, 90.83396992893569, 63.07996924797349, 34.469851804188885, 0.0, 71.97215985116038, 21.126995081619928, 84.87081553723431, 49.76699606931433, 77.69809968918015, 56.533546355954996, 38.939942412726474, 9.121794949636886, 63.24926486912085, 30.08463229660102, 64.48258840295422, 62.65787870370764, 78.39221261372963, 63.56148214729542, 45.741891190335515, 44.03153576605501, 77.31953563674965, 24.732227065800206, 52.78629296955094, 35.0672328221543, 32.11986418391482, 23.07424626690557, 78.88455194916479, 68.2758470627394, 17.76753969774594, 96.34052375602694, 19.764806600320103], [24.690987573165355, 69.21322165463458, 34.48911433104423, 82.23803098688198, 96.14629460472034, 70.68608541471616, 8.186035678314658, 92.2210743758512, 54.998219373554875, 61.23088211875719, 9.20208889852671, 90.03494330165962, 71.97215985116038, 0.0, 55.571052274913825, 60.03641881261262, 30.93113826405855, 32.13127618797864, 18.241956047490337, 52.44901206253917, 63.54830899663851, 94.49810042426564, 56.04684689602378, 87.17879400748323, 22.802201786322687, 30.151508589595384, 84.4735423358436, 35.42657964727745, 68.73163611949317, 32.10519439196951, 47.44502299113518, 29.015081032516, 78.32384756130665, 63.15409232390349, 52.18116369345491, 30.617453093610152, 47.429474365177555, 70.95252552614913, 61.177376251462164, 60.237562093917674], [37.32097491701793, 57.97322718839681, 35.38730908717223, 27.543318597736473, 64.0820961938016, 15.98537726163885, 47.64807848279946, 74.13109091415015, 10.957813095970454, 88.0115329933871, 46.37471437081445, 53.02622105976025, 21.126995081619928, 55.571052274913825, 0.0, 82.89947971827004, 41.12830363740598, 56.928340315514504, 38.36584158123884, 18.76947455971244, 12.368212156532268, 76.5306241022568, 33.81895931621486, 75.18516187363842, 52.108401450799, 68.85782145194, 73.59482287035483, 38.686415654724065, 52.41415559260515, 56.54320102702096, 15.830783274353928, 32.56077965545086, 49.23016573210352, 39.85974116297392, 3.512492532193902, 58.24709223243783, 65.24547253866719, 15.564440197103798, 92.32763922566903, 26.40736265929961], [51.69863614697859, 42.45433644387293, 48.37269502909663, 98.11765384761487, 75.64100215960282, 90.13950295911695, 62.65694523088853, 58.21617226452285, 90.02168369656236, 6.591815428301682, 61.273780998287585, 77.80020680724475, 84.87081553723431, 60.03641881261262, 82.89947971827004, 0.0, 43.85496957005163, 91.65283162326858, 67.80242089887315, 92.9583793398435, 81.46431693638, 59.39472434201474, 54.854799529515425, 49.103862621681884, 39.86016582252908, 31.0340954702699, 46.59519291720971, 44.77093912671467, 47.960201016209695, 91.56810853715191, 67.15654792423153, 78.21951008178625, 63.767508381791686, 55.012504047911285, 79.93165497456339, 90.39415094818106, 17.702888571858345, 95.86822233892065, 13.64161227744783, 65.13874165032318], [9.158054623516016, 38.72490917872823, 6.199725283812342, 62.27094919038314, 65.56711861281626, 52.016898342446524, 27.79476495834091, 61.60656404360998, 46.761007418592484, 48.12172019896105, 25.79387760950976, 60.42909159806818, 49.76699606931433, 30.93113826405855, 41.12830363740598, 43.85496957005163, 0.0, 55.30155589654337, 27.81268415327004, 49.151417866957715, 43.40101023545422, 63.93690177989021, 26.471536711606305, 57.26678920678096, 13.196547273623848, 28.699348007195333, 54.66861691660184, 4.838583236659443, 37.82434501973879, 55.0900260799479, 26.6036681219166, 36.08225139180434, 47.90703120870096, 32.84109513513528, 37.81468638549862, 54.86018496893028, 26.478317131497825, 55.764336490244524, 51.69971749844056, 33.2056525829212], [46.35006779167601, 93.10439323889833, 55.76767443658095, 83.7970141414826, 113.69806111764967, 72.65626307320704, 29.235323815675894, 115.26266576869794, 50.288469155819996, 93.2229050913876, 30.8705571085858, 104.9148751397251, 77.69809968918015, 32.13127618797864, 56.928340315514504, 91.65283162326858, 55.30155589654337, 0.0, 27.830619866865025, 43.57192264141887, 68.59329779694929, 117.69126063028297, 73.92555699452443, 112.04543027387041, 52.48160356239563, 62.277932111698064, 109.55562700198188, 58.364680105630576, 90.77190120486759, 0.39843890976974694, 57.73770359251427, 25.323350204727664, 96.15002814698077, 81.80211932182908, 54.63396666005761, 2.4602737294031503, 77.58416242626313, 69.1146368333661, 93.3085684690171, 73.79678024667015], [18.702268678128316, 65.27455687744218, 27.93706230484036, 65.65668464825816, 87.16716395319615, 54.01558570146701, 10.070395566562093, 87.51317531808792, 36.845373974536095, 70.56010738548778, 9.586212315819697, 79.29769101377813, 56.533546355954996, 18.241956047490337, 38.36584158123884, 67.80242089887315, 27.81268415327004, 27.830619866865025, 0.0, 34.266767194774175, 47.66423786413199, 89.93214056662966, 46.84582181818074, 84.21780732413286, 28.026799146660878, 42.097846127445344, 81.73619890540087, 30.587655221498906, 63.05343633475467, 27.58384084931861, 33.21368673546608, 11.662665840537459, 69.37960534508848, 54.63801054731135, 35.139531389515156, 27.714438865467628, 52.03789666190684, 53.416902257379014, 72.1488455148012, 48.23852499935378], [42.28099204711362, 74.2478156220614, 44.75610647275339, 41.631582378097825, 82.83687581715178, 31.623765198047163, 44.32109180669333, 92.00639142956747, 8.251934008622271, 97.24845060265956, 43.783160623381356, 71.7804850698923, 38.939942412726474, 52.44901206253917, 18.76947455971244, 92.9583793398435, 49.151417866957715, 43.57192264141887, 34.266767194774175, 0.0, 30.842131177446426, 94.44007802891814, 50.20836221837702, 92.28504196310259, 56.86637071305711, 73.23007414850963, 90.47835223571201, 48.41852921056954, 69.27001587039072, 43.17349460584669, 30.36969576440558, 23.968299243324566, 67.66295587473631, 57.08988770653528, 18.816348423361813, 45.390672711631886, 75.3993757686409, 26.258850936112843, 100.48488902774095, 44.343756604381085], [42.13725309286699, 50.981587896045035, 37.21839898946906, 19.141862313777697, 52.51894821176899, 8.775354642541432, 56.07825908741869, 64.53550603788759, 22.693900265218712, 87.12500203916437, 54.542597732130666, 41.09895483352795, 9.121794949636886, 63.54830899663851, 12.368212156532268, 81.46431693638, 43.40101023545422, 68.59329779694929, 47.66423786413199, 30.842131177446426, 0.0, 66.85592616406262, 28.023474030821586, 66.72468928953082, 55.85925507858289, 72.0783939286057, 65.45028685250097, 39.82738081610327, 44.79826510578834, 68.21570833231566, 17.12473111262271, 43.66552635562653, 38.866395350206645, 32.20558185519693, 14.003273135385776, 69.76734411657091, 64.28271795407433, 15.147581578487758, 92.1918290738974, 18.417625180742085], [72.03666439965534, 25.284967084475415, 62.12775600067247, 73.08238534311769, 23.976635953684152, 72.24392049093032, 91.6840567387032, 2.4701032212884555, 87.37645037188685, 65.55459051096138, 89.66804857085089, 33.88415025541513, 63.24926486912085, 94.49810042426564, 76.5306241022568, 59.39472434201474, 63.93690177989021, 117.69126063028297, 89.93214056662966, 94.44007802891814, 66.85592616406262, 0.0, 45.21398331036011, 10.333015377955252, 72.75196059754256, 77.9841100988897, 12.808751677884956, 59.992078574562065, 26.948637071098112, 117.42408227509794, 64.80981844644492, 94.52331555402964, 28.210695861877696, 37.64573343698024, 75.70936699000991, 117.64613461981813, 54.7355434255291, 80.71458476832699, 72.75455469424493, 50.17712250569453], [31.39465833793928, 24.20126818116591, 21.650735767169298, 43.30474480494749, 40.49271962684509, 36.21650883940778, 51.020054876004124, 42.74431706194803, 43.96131773104596, 60.916461885440455, 49.02507059559635, 34.094382300434766, 30.08463229660102, 56.04684689602378, 33.81895931621486, 54.854799529515425, 26.471536711606305, 73.92555699452443, 46.84582181818074, 50.20836221837702, 28.023474030821586, 45.21398331036011, 0.0, 42.119590428060874, 39.302938439539666, 52.53743792605215, 40.27106247108016, 21.63562967528372, 19.08837263071747, 73.62458401326234, 19.92089427032559, 49.766388320703015, 22.615484202074516, 7.889831854297104, 32.119831221753266, 74.19444389626686, 38.679547097356114, 43.137567828481835, 66.65849361894374, 10.320256951617742], [65.8371004220135, 19.040249465572593, 56.28750245240997, 75.51638073292966, 31.556283276599338, 73.07745739058474, 85.02742313127354, 9.561641139239192, 85.74783009211016, 55.23372897937665, 83.04028023952003, 39.34010149272977, 64.48258840295422, 87.17879400748323, 75.18516187363842, 49.103862621681884, 57.26678920678096, 112.04543027387041, 84.21780732413286, 92.28504196310259, 66.72468928953082, 10.333015377955252, 42.119590428060874, 0.0, 64.90974979474291, 68.82329764489882, 2.8107541321035976, 53.74381783352569, 23.031233536461215, 111.801318010547, 62.03988498320324, 89.85369670291888, 30.094784531998265, 35.34088754980381, 73.90950969395107, 111.81636997667617, 45.31508005566038, 81.30329797405032, 62.431254889191194, 48.919260914935975], [14.982877960013079, 47.6067303571791, 19.188573380162957, 74.9084437485504, 77.17258717326872, 64.30022473462192, 23.24629477955103, 70.56512752461093, 56.04296921633631, 42.550322329485105, 21.668850314598785, 72.91011721821089, 62.65787870370764, 22.802201786322687, 52.108401450799, 39.86016582252908, 13.196547273623848, 52.48160356239563, 28.026799146660878, 56.86637071305711, 55.85925507858289, 72.75196059754256, 39.302938439539666, 64.90974979474291, 0.0, 16.78872248379503, 62.160643617834516, 17.85632111371605, 48.12316304309616, 52.35655742972406, 38.78560575355678, 38.88219444373777, 59.8682534507906, 45.105804842073496, 48.64726110249632, 51.476882183132844, 25.138540726181024, 67.30410849775602, 44.48165152122841, 46.39953476671308], [31.758314196605088, 54.31468484960654, 34.89821164837028, 90.96901504541208, 86.80896476339325, 80.64869112803774, 34.56567936072046, 76.09183499359511, 72.75236619592692, 31.318888026681236, 33.681199645669736, 84.46485930542921, 78.39221261372963, 30.151508589595384, 68.85782145194, 31.0340954702699, 28.699348007195333, 62.277932111698064, 42.097846127445344, 73.23007414850963, 72.0783939286057, 77.9841100988897, 52.53743792605215, 68.82329764489882, 16.78872248379503, 0.0, 66.0148419730267, 32.680071510568304, 56.72899911046135, 62.24585329108314, 55.15077721011422, 53.61804746741137, 70.6196772525637, 56.95234719008381, 65.40813826244352, 60.75863988334469, 23.65129696376374, 83.96945746804018, 31.048835525309094, 60.92987910467446], [63.298609956449305, 16.74231436097265, 53.82350150355058, 74.87237695049569, 32.7246099530133, 72.02229555512268, 82.40506553894, 11.710069368476436, 84.06922922492174, 52.786180872628144, 80.42310720012334, 39.7691203240103, 63.56148214729542, 84.4735423358436, 73.59482287035483, 46.59519291720971, 54.66861691660184, 109.55562700198188, 81.73619890540087, 90.47835223571201, 65.45028685250097, 12.808751677884956, 40.27106247108016, 2.8107541321035976, 62.160643617834516, 66.0148419730267, 0.0, 51.216971343050716, 21.232377935125765, 109.3152530474606, 60.167297065804696, 87.54557812205191, 29.66890267832666, 33.74140441753439, 72.2184912149749, 109.29832444051911, 42.51543207652359, 80.16297613065531, 59.990155844225356, 47.45690721027914], [12.10090062493935, 34.944048213321445, 3.669296151444182, 58.46016763181932, 60.85859034731019, 48.54129973741832, 31.741936913273904, 57.62674171161452, 45.256200864136254, 49.52277000691531, 29.717830638565097, 55.596131203899986, 45.741891190335515, 35.42657964727745, 38.686415654724065, 44.77093912671467, 4.838583236659443, 58.364680105630576, 30.587655221498906, 48.41852921056954, 39.82738081610327, 59.992078574562065, 21.63562967528372, 53.74381783352569, 17.85632111371605, 32.680071510568304, 51.216971343050716, 0.0, 33.556982893147314, 58.13126871397507, 23.488743873952394, 37.71093643970993, 43.14846775818273, 28.04890190778654, 35.521363433030025, 58.081392598068255, 27.093344142355615, 52.81164389277371, 53.645813009766016, 28.610064748715004], [45.43801602712328, 6.71638262349547, 35.40076154389875, 56.29335635511129, 30.11980116294874, 51.931665913832816, 65.28061205724907, 24.505399888226922, 62.84143693646883, 54.53439389398221, 63.25362750479441, 29.93818589612028, 44.03153576605501, 68.73163611949317, 52.41415559260515, 47.960201016209695, 37.82434501973879, 90.77190120486759, 63.05343633475467, 69.27001587039072, 44.79826510578834, 26.948637071098112, 19.08837263071747, 23.031233536461215, 48.12316304309616, 56.72899911046135, 21.232377935125765, 33.556982893147314, 0.0, 90.50125514013769, 39.00891742518086, 67.63380827144978, 15.809245568435875, 12.661216001900089, 50.989301703903216, 90.76429494464641, 36.198999580274645, 59.772191122142104, 61.30760336158384, 26.511235779990685], [46.125961071936366, 92.8544214768169, 55.519845773912586, 83.4043768001421, 113.37631649720026, 72.26694283013053, 29.11162263255257, 114.99435152147515, 49.89184515898762, 93.16533045184809, 30.731658653149115, 104.57565431234123, 77.31953563674965, 32.10519439196951, 56.54320102702096, 91.56810853715191, 55.0900260799479, 0.39843890976974694, 27.58384084931861, 43.17349460584669, 68.21570833231566, 117.42408227509794, 73.62458401326234, 111.801318010547, 52.35655742972406, 62.24585329108314, 109.3152530474606, 58.13126871397507, 90.50125514013769, 0.0, 57.395267920703446, 24.96782485500574, 95.83634287895393, 81.50264522565114, 54.25415704725934, 2.7615163734134045, 77.45072795490628, 68.71835039693265, 93.28160940133218, 73.4622908790142], [25.063919169849907, 43.87812747558258, 20.515994395087812, 36.25543220763714, 56.48671436557197, 25.521240881730787, 40.453469900440176, 62.348879236942366, 24.657163223088915, 72.37902335693377, 38.7417281845983, 47.194328083560904, 24.732227065800206, 47.44502299113518, 15.830783274353928, 67.15654792423153, 26.6036681219166, 57.73770359251427, 33.21368673546608, 30.36969576440558, 17.12473111262271, 64.80981844644492, 19.92089427032559, 62.03988498320324, 38.78560575355678, 55.15077721011422, 60.167297065804696, 23.488743873952394, 39.00891742518086, 57.395267920703446, 0.0, 32.52470466413591, 39.58188839778732, 27.17073818196161, 13.201003760142532, 58.44423102844382, 49.54711921966277, 29.32302395719732, 76.90593622828594, 16.25064586657815], [27.11467766235461, 70.82331393379232, 34.441131513393294, 60.014422980765104, 88.81615460384351, 48.53622409673697, 21.1497935670878, 92.06230269630923, 28.2021268451346, 81.3602195805013, 21.064657591121218, 79.71586109247131, 52.78629296955094, 29.015081032516, 32.56077965545086, 78.21951008178625, 36.08225139180434, 25.323350204727664, 11.662665840537459, 23.968299243324566, 43.66552635562653, 94.52331555402964, 49.766388320703015, 89.85369670291888, 38.88219444373777, 53.61804746741137, 87.54557812205191, 37.71093643970993, 67.63380827144978, 24.96782485500574, 32.52470466413591, 0.0, 71.49717730003799, 57.64219156827977, 29.899577422424077, 26.248633860875238, 61.78989409778118, 46.297591445754165, 83.30490635712619, 48.698107803671284], [53.815545856443, 21.7235561042734, 43.84013762173005, 45.486312885948195, 17.889766926317808, 44.03365902047856, 73.57998761849684, 25.995909023987515, 60.18181473182503, 70.34318225396518, 71.57566543771426, 14.24985029874064, 35.0672328221543, 78.32384756130665, 49.23016573210352, 63.767508381791686, 47.90703120870096, 96.15002814698077, 69.37960534508848, 67.66295587473631, 38.866395350206645, 28.210695861877696, 22.615484202074516, 30.094784531998265, 59.8682534507906, 70.6196772525637, 29.66890267832666, 43.14846775818273, 15.809245568435875, 95.83634287895393, 39.58188839778732, 71.49717730003799, 0.0, 15.170010923506846, 48.855214179995315, 96.53053225615093, 51.51166693733815, 52.5070706170514, 77.1096205657601, 23.607283917432923], [38.663256293894584, 18.793909668438005, 28.670440995899778, 44.867402294270974, 33.02582569535652, 39.58397378368861, 58.47524296719413, 35.18254300116984, 50.41350881429487, 61.369600362583654, 56.46470531719122, 27.827273549811316, 32.11986418391482, 63.15409232390349, 39.85974116297392, 55.012504047911285, 32.84109513513528, 81.80211932182908, 54.63801054731135, 57.08988770653528, 32.20558185519693, 37.64573343698024, 7.889831854297104, 35.34088754980381, 45.105804842073496, 56.95234719008381, 33.74140441753439, 28.04890190778654, 12.661216001900089, 81.50264522565114, 27.17073818196161, 57.64219156827977, 15.170010923506846, 0.0, 38.58555628364764, 82.05275692953967, 40.27370584222771, 47.25136342231385, 67.6015471395102, 13.857386294502312], [33.83218996390469, 56.32015942360536, 32.159022350707104, 30.566993482964985, 64.30194185802165, 18.933299711380474, 44.30084331361566, 73.28562557160838, 11.85371093311311, 84.95306906607918, 42.9926914356273, 53.58499152589917, 23.07424626690557, 52.18116369345491, 3.512492532193902, 79.93165497456339, 37.81468638549862, 54.63396666005761, 35.139531389515156, 18.816348423361813, 14.003273135385776, 75.70936699000991, 32.119831221753266, 73.90950969395107, 48.64726110249632, 65.40813826244352, 72.2184912149749, 35.521363433030025, 50.989301703903216, 54.25415704725934, 13.201003760142532, 29.899577422424077, 48.855214179995315, 38.58555628364764, 0.0, 55.85497962448585, 62.24963217346969, 19.067065746446307, 89.1625163054832, 25.555448941741084], [46.01221141936542, 92.92744407025177, 55.598294745272426, 85.2800300018379, 114.15439355404231, 74.05731210205309, 28.26858933308648, 115.22760668929791, 51.926905825759974, 91.8195187881017, 29.991482934698737, 105.56132102923917, 78.88455194916479, 30.617453093610152, 58.24709223243783, 90.39415094818106, 54.86018496893028, 2.4602737294031503, 27.714438865467628, 45.390672711631886, 69.76734411657091, 117.64613461981813, 74.19444389626686, 111.81636997667617, 51.476882183132844, 60.75863988334469, 109.29832444051911, 58.081392598068255, 90.76429494464641, 2.7615163734134045, 58.44423102844382, 26.248633860875238, 96.53053225615093, 82.05275692953967, 55.85497962448585, 0.0, 76.61138668426459, 70.7284582046954, 91.75216980946885, 74.40292298935171], [34.81076900306368, 32.37942264304784, 30.714542979410968, 81.5117585560256, 66.00252607087583, 73.01932504289313, 48.35992938458581, 52.96261123168196, 72.32904896268009, 22.88576391953325, 46.722121153142425, 65.75646600747973, 68.2758470627394, 47.429474365177555, 65.24547253866719, 17.702888571858345, 26.478317131497825, 77.58416242626313, 52.03789666190684, 75.3993757686409, 64.28271795407433, 54.7355434255291, 38.679547097356114, 45.31508005566038, 25.138540726181024, 23.65129696376374, 42.51543207652359, 27.093344142355615, 36.198999580274645, 77.45072795490628, 49.54711921966277, 61.78989409778118, 51.51166693733815, 40.27370584222771, 62.24963217346969, 76.61138668426459, 0.0, 78.45085191674313, 28.064732933780196, 48.75032750778351], [52.679701816056294, 66.04460296134592, 49.775770979424365, 15.536283570332747, 64.13535548921077, 8.563250620815744, 62.94534235962389, 78.47270921902415, 18.832973456833926, 101.33649542846597, 61.75060240999201, 52.05494788858362, 17.76753969774594, 70.95252552614913, 15.564440197103798, 95.86822233892065, 55.764336490244524, 69.1146368333661, 53.416902257379014, 26.258850936112843, 15.147581578487758, 80.71458476832699, 43.137567828481835, 81.30329797405032, 67.30410849775602, 83.96945746804018, 80.16297613065531, 52.81164389277371, 59.772191122142104, 68.71835039693265, 29.32302395719732, 46.297591445754165, 52.5070706170514, 47.25136342231385, 19.067065746446307, 70.7284582046954, 78.45085191674313, 0.0, 106.09560709818669, 33.53607719479017], [58.27936597201484, 55.97932132867372, 57.027512289879766, 109.57523737048986, 89.27418636090474, 100.9518514548186, 65.40747515493952, 71.66126772938077, 98.46033697133652, 7.206228871388738, 64.36503448084174, 91.2193693803188, 96.34052375602694, 61.177376251462164, 92.32763922566903, 13.64161227744783, 51.69971749844056, 93.3085684690171, 72.1488455148012, 100.48488902774095, 92.1918290738974, 72.75455469424493, 66.65849361894374, 62.431254889191194, 44.48165152122841, 31.048835525309094, 59.990155844225356, 53.645813009766016, 61.30760336158384, 93.28160940133218, 76.90593622828594, 83.30490635712619, 77.1096205657601, 67.6015471395102, 89.1625163054832, 91.75216980946885, 28.064732933780196, 106.09560709818669, 0.0, 76.79210217897541], [35.84891821914141, 32.58332276651414, 27.43390832237939, 32.99169507717044, 40.23983126463787, 26.185553958295692, 54.1641254449444, 47.76327720868556, 37.203189394013606, 71.1548590387624, 52.27503987958374, 31.176979235963405, 19.764806600320103, 60.237562093917674, 26.40736265929961, 65.13874165032318, 33.2056525829212, 73.79678024667015, 48.23852499935378, 44.343756604381085, 18.417625180742085, 50.17712250569453, 10.320256951617742, 48.919260914935975, 46.39953476671308, 60.92987910467446, 47.45690721027914, 28.610064748715004, 26.511235779990685, 73.4622908790142, 16.25064586657815, 48.698107803671284, 23.607283917432923, 13.857386294502312, 25.555448941741084, 74.40292298935171, 48.75032750778351, 33.53607719479017, 76.79210217897541, 0.0]]",Route_2,2091.663753865229
