instance_id,num_cities,city_coordinates,distance_matrix,best_route,total_distance
1097,37,"[[84.955705878603, 20.149731231301516], [94.74133117269962, 43.611180329042156], [50.20804507111374, 99.77138767927171], [50.49162626381509, 59.16454203412873], [41.58291527659005, 6.885579886432669], [14.402315721088454, 45.88148081527256], [29.397827023479273, 55.49950642322457], [93.65302609022851, 16.757534920975615], [28.077810252730686, 25.396668158493462], [94.16668984923587, 84.63456717669845], [4.527428935496802, 39.14183906793804], [30.837270572429553, 76.63190743237865], [45.96029796098179, 59.371845442452795], [86.59705424023547, 64.84099719577947], [29.458693200389273, 58.27519142622562], [1.1306133559008669, 99.42052218481783], [48.439700693468765, 97.13000307761467], [68.8548718073257, 43.00439081391354], [86.28310729631367, 41.285204838466385], [51.041608404897744, 62.83083103126985], [98.97242241037527, 25.21085650442988], [16.233831327972513, 15.725556204368852], [63.44328215531934, 52.36514932443485], [33.64350578045152, 99.4039027581984], [6.364462171077645, 86.69851736011681], [50.498362118565, 36.27422065854221], [50.56441896042391, 78.0818868673871], [36.18651016130229, 32.403719469236115], [37.52902502729162, 99.72621384375357], [39.77335853438881, 55.069668464868016], [89.83977776318387, 87.02421177778365], [91.8121909758361, 42.154988639484834], [73.29577484155564, 56.05041900434444], [88.54199256142672, 33.507215341025685], [22.35034906486504, 22.54383604113055], [56.45656951623431, 72.33937648107121], [37.234893698543004, 64.3448624956752]]","[[0.0, 25.420425963432216, 86.87351787000985, 52.0569711534857, 45.35566861491129, 75.09929293522453, 65.85047083354911, 9.335436501382153, 57.11939563708246, 65.13936054807425, 82.64023167994762, 78.22430100932833, 55.308372619832795, 44.72139619859759, 67.33104136489021, 115.37115945866046, 85.20200049419628, 27.95661500303432, 21.17711593024185, 54.514606185781425, 14.902460580801979, 68.86413701210179, 38.73780501481053, 94.41485891175991, 102.9821563316405, 38.04349745076846, 67.37132381460349, 50.285133773788665, 92.63750126996102, 57.103822358310154, 67.0525935854503, 23.048703683482646, 37.746700178508505, 13.830539899545949, 62.651116826564966, 59.46393734607299, 65.04218279393599], [25.420425963432216, 0.0, 71.6741408084288, 46.90355471446288, 64.61104323917044, 80.37108726421458, 66.41615640656114, 26.87568938008299, 69.10711595095111, 41.027411338068745, 90.32454355363107, 71.93119893089514, 51.26390314850983, 22.738389805522104, 66.90931207299964, 108.98462794610604, 70.76796855519002, 25.89357008971195, 8.772212555896287, 47.73950924651806, 18.880520382450527, 83.31287754418514, 32.49922838263449, 82.73918143007283, 98.3208502147905, 44.84719933208378, 56.03417869357783, 59.61773429610406, 80.13828648550626, 56.1495767243614, 43.68886042683825, 3.2711399434474573, 24.792066173947777, 11.854193675500735, 75.39421254898964, 47.86472844633941, 61.12999204282658], [86.87351787000985, 71.6741408084288, 0.0, 40.607835839174214, 93.28540160872235, 64.70063613364064, 48.91895997606275, 93.69506991046704, 77.59733369717807, 46.491781915261605, 75.912191743775, 30.17718427513123, 40.622239825693384, 50.44097706864599, 46.3947185197459, 49.07868590698594, 3.1786718062454153, 59.75111781750944, 68.717128125673, 36.94996012576554, 89.09117412157303, 90.65290391251908, 49.21913180492659, 16.568615122547467, 45.751062281588375, 63.49783070031967, 21.692428352255202, 68.81138104474071, 12.679100518059572, 45.90344631771232, 41.6312950752097, 71.06725261872293, 49.442556242845306, 76.55345887589172, 82.09839193795652, 28.134663604163936, 37.727196332614376], [52.0569711534857, 46.90355471446288, 40.607835839174214, 0.0, 53.03258446176409, 38.45618351830094, 21.409830742460056, 60.508352210835646, 40.52959972982159, 50.55920648065673, 50.13597580688825, 26.2945346336359, 4.536067778501652, 36.548927105493945, 21.05172719171348, 63.6950039892294, 38.0208709893749, 24.46138332865671, 40.008759204153044, 3.7073110695041387, 59.188177502386445, 55.322165573884774, 14.627957190003492, 43.62413684307961, 52.01275236054614, 22.890322366654697, 18.91748488349037, 30.34432353927233, 42.58260502609997, 11.473850821232196, 48.212428113950025, 44.684605568423194, 23.015797935337787, 45.89257879460509, 46.184495123512605, 14.46225468967145, 14.232943419808235], [45.35566861491129, 64.61104323917044, 93.28540160872235, 53.03258446176409, 0.0, 47.53383301868711, 50.11776360793344, 52.9976597252051, 22.913931367652694, 93.86137849493126, 49.12815205520556, 70.56925028831209, 52.66848726878984, 73.38326173003564, 52.80046339913936, 100.99061479587134, 90.50453813683748, 45.25845905274997, 56.40426724495891, 56.73921043999821, 60.24426356247456, 26.8462518489217, 50.46054772135066, 92.85835605992422, 87.2378612032837, 30.711193380006915, 71.76058483700521, 26.082496735085464, 92.92909845549242, 48.218055619630185, 93.54637939796218, 61.37516868458076, 58.50544305684196, 53.980240956488025, 24.800657025460445, 67.12246329726588, 57.623558113083966], [75.09929293522453, 80.37108726421458, 64.70063613364064, 38.45618351830094, 47.53383301868711, 0.0, 17.81493126047225, 84.43269105309423, 24.63019894902016, 88.68008278407957, 11.955591156888353, 34.86683923299683, 34.32049214139708, 74.64277279972066, 19.5012452296577, 55.15946912761222, 61.52198476830698, 54.528510993797845, 72.027591590556, 40.369768900928435, 87.05962126518445, 30.211491829381213, 49.46771013641184, 56.87594434853035, 41.60093222506645, 37.352697536428046, 48.42069661429304, 25.61642399535418, 58.60119417078476, 26.983561768574923, 85.92749845309216, 77.49951955265142, 59.76492977547371, 75.16524547965588, 24.65394284161911, 49.68481161611491, 29.36363533646286], [65.85047083354911, 66.41615640656114, 48.91895997606275, 21.409830742460056, 50.11776360793344, 17.81493126047225, 0.0, 75.03113329137874, 30.131765893614944, 71.02011938070991, 29.767599539783667, 21.18136846717679, 17.00912852075182, 57.95701030977901, 2.77635227004366, 52.23113050718561, 45.77871999690495, 41.38823863327008, 58.6343029400144, 22.85173063457486, 75.88166206109082, 41.8957981029522, 34.18943125524127, 44.109203185342956, 38.780332384653086, 28.545475894310158, 30.95138964166268, 24.072839337514502, 44.96796671229729, 10.384431366440866, 68.16917526941809, 63.82498713245311, 43.901404616601866, 63.100659142550136, 33.70078865413066, 31.870939252779905, 11.81778059188077], [9.335436501382153, 26.87568938008299, 93.69506991046704, 60.508352210835646, 52.9976597252051, 84.43269105309423, 75.03113329137874, 0.0, 66.14184420795969, 67.87897581948151, 91.89357507645047, 86.77994944055997, 63.957609223853275, 48.598416466798376, 76.45016793218588, 124.07081172283598, 92.21701812042743, 36.1088064065167, 25.610979961928063, 62.75732253387308, 9.98772361472246, 77.42607246727458, 46.696154361127206, 102.13503142651433, 111.85273539623402, 47.36270732006489, 74.9486771466581, 59.55840447768691, 100.168384121456, 66.112314682008, 70.37006991116884, 25.46407919604001, 44.25323059382956, 17.512123169574405, 71.53707452528654, 66.87987360090183, 73.8075836772043], [57.11939563708246, 69.10711595095111, 77.59733369717807, 40.52959972982159, 22.913931367652694, 24.63019894902016, 30.131765893614944, 66.14184420795969, 0.0, 88.7517249771091, 27.268116611107565, 51.30949585318745, 38.39395835430645, 70.57164451867902, 32.90750871734199, 78.77615366027395, 74.567271110987, 44.41622052963786, 60.33491693673387, 43.91642717206195, 70.8948556593046, 15.290854887785956, 44.474887063268895, 74.21622288828134, 65.03373125120221, 24.91991762345701, 57.28332952593504, 10.716799068688815, 74.92801093377595, 31.89471424532129, 87.24961182326138, 65.90077838312205, 54.62890043260744, 61.005723648353786, 6.398629755530845, 54.85409594546704, 40.01017394814031], [65.13936054807425, 41.027411338068745, 46.491781915261605, 50.55920648065673, 93.86137849493126, 88.68008278407957, 71.02011938070991, 67.87897581948151, 88.7517249771091, 0.0, 100.52256168611596, 63.8330471536561, 54.424822721859705, 21.19162088757215, 69.87089179523728, 94.20369416735106, 47.403517333691056, 48.72124502291937, 44.06039138500783, 48.32365424386143, 59.61771930819461, 104.02875674773726, 44.55606702628272, 62.29919006971849, 87.82648276918964, 65.1586215488743, 44.09190000325882, 78.03693157015587, 58.61384542585596, 61.90894707041555, 4.942931267974339, 42.54477944053936, 35.39277638158528, 51.435817533195284, 94.93600842992224, 39.66389907423747, 60.43923832236128], [82.64023167994762, 90.32454355363107, 75.912191743775, 50.13597580688825, 49.12815205520556, 11.955591156888353, 29.767599539783667, 91.89357507645047, 27.268116611107565, 100.52256168611596, 0.0, 45.80079685912584, 46.10787127591016, 85.99924491610376, 31.426948791002495, 60.37431568462697, 72.73867455596877, 64.44330230845365, 81.78376954545206, 52.199015622427595, 95.46690037732768, 26.179422455838193, 60.381567508298815, 66.92729077925017, 47.592145794179274, 46.060285855214, 60.29702955518303, 32.3681893189681, 68.98965003232325, 38.67778823288321, 97.831071131934, 87.33675489036199, 70.81656214559702, 84.20330091985296, 24.354674836994846, 61.63369315358586, 41.291290136358995], [78.22430100932833, 71.93119893089514, 30.17718427513123, 26.2945346336359, 70.56925028831209, 34.86683923299683, 21.18136846717679, 86.77994944055997, 51.30949585318745, 63.8330471536561, 45.80079685912584, 0.0, 22.948108795519175, 56.99279813176446, 18.40840835328401, 37.44070572672775, 27.0188354902152, 50.75576693914421, 65.75431692500578, 24.468039910825464, 85.36113515244875, 62.63261177434835, 40.6451416581736, 22.94425259540825, 26.462331463544874, 44.892108465972186, 19.78036460442263, 44.55049915188639, 24.04426264842902, 23.34060447708901, 59.91073229733166, 70.04711876768066, 47.18391940783115, 72.03869798796654, 54.74986121900505, 25.976418158398356, 13.852835628143128], [55.308372619832795, 51.26390314850983, 40.622239825693384, 4.536067778501652, 52.66848726878984, 34.32049214139708, 17.00912852075182, 63.957609223853275, 38.39395835430645, 54.424822721859705, 46.10787127591016, 22.948108795519175, 0.0, 41.00314112114314, 16.538005009858864, 60.11320263141433, 37.83947549731097, 28.14347317981534, 44.193387752369674, 6.146893291012414, 63.06550962183454, 52.80777767278127, 18.834769094143525, 41.88399434807422, 48.110053107398464, 23.539207653543944, 19.268201273088817, 28.684608180354285, 41.22573725660075, 7.5357113940749585, 51.86580869566385, 48.977711780151076, 27.536524288155043, 49.82147935709266, 43.74622227508479, 16.683182484140584, 10.043086087185841], [44.72139619859759, 22.738389805522104, 50.44097706864599, 36.548927105493945, 73.38326173003564, 74.64277279972066, 57.95701030977901, 48.598416466798376, 70.57164451867902, 21.19162088757215, 85.99924491610376, 56.99279813176446, 41.00314112114314, 0.0, 57.51436435989986, 92.19683327480934, 49.98563324126381, 28.135785323306685, 23.557884375818794, 35.61222397658666, 41.51743957137376, 85.80972953215472, 26.30102549082783, 63.23505938480153, 83.15659936451407, 46.034511995063035, 38.38843529637026, 59.94497427343655, 60.20506483194251, 47.83238803071887, 22.418971096763695, 23.277728312429552, 15.943597416564348, 31.394086551364026, 76.92001669028232, 31.059209766248713, 49.364653781673255], [67.33104136489021, 66.90931207299964, 46.3947185197459, 21.05172719171348, 52.80046339913936, 19.5012452296577, 2.77635227004366, 76.45016793218588, 32.90750871734199, 69.87089179523728, 31.426948791002495, 18.40840835328401, 16.538005009858864, 57.51436435989986, 0.0, 49.95416249833105, 43.24320795127552, 42.252292720876405, 59.30997961218103, 22.05846959641694, 76.97667693853731, 44.557473324433204, 34.494650079113626, 41.34106375214592, 36.62279295711117, 30.441918187047765, 28.944029507943714, 26.731939366249563, 42.2293442437213, 10.80128225759343, 66.87586667964499, 64.40356840050322, 43.89349996461262, 64.06472432425667, 36.431556568516314, 30.44152799750053, 9.864593305291384], [115.37115945866046, 108.98462794610604, 49.07868590698594, 63.6950039892294, 100.99061479587134, 55.15946912761222, 52.23113050718561, 124.07081172283598, 78.77615366027395, 94.20369416735106, 60.37431568462697, 37.44070572672775, 60.11320263141433, 92.19683327480934, 49.95416249833105, 0.0, 47.364503824004004, 88.14394512191134, 103.1051034005254, 61.88629028704999, 122.80103452107876, 85.04677844328036, 78.08378069699037, 32.51289667217832, 13.756546811603679, 80.15378976904861, 53.84271996989078, 75.6317905847148, 36.39969532276852, 58.82397453945065, 89.57111343254537, 107.24966131355379, 84.19487147169677, 109.47745536728617, 79.7515019043108, 61.59829443809862, 50.337073431901466], [85.20200049419628, 70.76796855519002, 3.1786718062454153, 38.0208709893749, 90.50453813683748, 61.52198476830698, 45.77871999690495, 92.21701812042743, 74.567271110987, 47.403517333691056, 72.73867455596877, 27.0188354902152, 37.83947549731097, 49.98563324126381, 43.24320795127552, 47.364503824004004, 0.0, 57.84774079018621, 67.45935749530547, 34.39771979075874, 87.89721046730409, 87.54371475055483, 47.21228217557338, 14.969903261589776, 43.34906678338609, 60.890593203718, 19.16625051678777, 65.87588684769132, 11.215308905006838, 42.94388471196407, 42.615647351343746, 70.02446091021788, 48.01412968791656, 75.2067346215613, 79.01740682656727, 26.05466086462609, 34.64697884045695], [27.95661500303432, 25.89357008971195, 59.75111781750944, 24.46138332865671, 45.25845905274997, 54.528510993797845, 41.38823863327008, 36.1088064065167, 44.41622052963786, 48.72124502291937, 64.44330230845365, 50.75576693914421, 28.14347317981534, 28.135785323306685, 42.252292720876405, 88.14394512191134, 57.84774079018621, 0.0, 17.51282366375549, 26.65333158794005, 34.981090857061965, 59.2714831836071, 10.812451269439299, 66.48868509026208, 76.2510851800924, 19.55138456155513, 39.559719345897676, 34.345248369945416, 64.79717497171201, 31.485001810999243, 48.765878600384006, 22.973027389936654, 13.781163641178873, 21.858157871819348, 50.80654423510905, 31.847437633091115, 38.14759163040267], [21.17711593024185, 8.772212555896287, 68.717128125673, 40.008759204153044, 56.40426724495891, 72.027591590556, 58.6343029400144, 25.610979961928063, 60.33491693673387, 44.06039138500783, 81.78376954545206, 65.75431692500578, 44.193387752369674, 23.557884375818794, 59.30997961218103, 103.1051034005254, 67.45935749530547, 17.51282366375549, 0.0, 41.305898515268844, 20.479340624832, 74.56672650711806, 25.385483692128854, 78.41371497151387, 91.9203937809369, 36.13388921618952, 51.28177556183019, 50.877793062115835, 76.10724059805761, 48.509464719423164, 45.87708208468385, 5.597078719803339, 19.664240479984407, 8.099363139361186, 66.62309268923663, 43.05791370183724, 54.198478469420195], [54.514606185781425, 47.73950924651806, 36.94996012576554, 3.7073110695041387, 56.73921043999821, 40.369768900928435, 22.85173063457486, 62.75732253387308, 43.91642717206195, 48.32365424386143, 52.199015622427595, 24.468039910825464, 6.146893291012414, 35.61222397658666, 22.05846959641694, 61.88629028704999, 34.39771979075874, 26.65333158794005, 41.305898515268844, 0.0, 60.93131719097962, 58.57037016747286, 16.227507676802276, 40.50041420126247, 50.65287599229064, 26.562166158212314, 15.258519386961604, 33.85975578522857, 39.29197351134805, 13.682437631005, 45.72327216527747, 45.713574152363506, 23.264176560655343, 47.60413058796877, 49.459380585006556, 10.942314216299287, 13.889480273137712], [14.902460580801979, 18.880520382450527, 89.09117412157303, 59.188177502386445, 60.24426356247456, 87.05962126518445, 75.88166206109082, 9.98772361472246, 70.8948556593046, 59.61771930819461, 95.46690037732768, 85.36113515244875, 63.06550962183454, 41.51743957137376, 76.97667693853731, 122.80103452107876, 87.89721046730409, 34.981090857061965, 20.479340624832, 60.93131719097962, 0.0, 83.28052218906528, 44.71773055308162, 98.85583169673585, 111.16189426771794, 49.72054452216463, 71.6845914381274, 63.196582617881916, 96.58068938138013, 66.30292463746926, 62.48436675202626, 18.394904946923884, 40.12940126091476, 13.327544289155377, 76.66847541145191, 63.47200282411857, 73.0957787862414], [68.86413701210179, 83.31287754418514, 90.65290391251908, 55.322165573884774, 26.8462518489217, 30.211491829381213, 41.8957981029522, 77.42607246727458, 15.290854887785956, 104.02875674773726, 26.179422455838193, 62.63261177434835, 52.80777767278127, 85.80972953215472, 44.557473324433204, 85.04677844328036, 87.54371475055483, 59.2714831836071, 74.56672650711806, 58.57037016747286, 83.28052218906528, 0.0, 59.759451398282316, 85.47024304706345, 71.65588365773166, 39.953794327318505, 71.18216926270999, 26.005201835701524, 86.65792380700475, 45.84832069627386, 102.47601493617732, 80.06624348565491, 69.87245492598787, 74.46245753811421, 9.159734120492363, 69.44777400092973, 52.961132587402744], [38.73780501481053, 32.49922838263449, 49.21913180492659, 14.627957190003492, 50.46054772135066, 49.46771013641184, 34.18943125524127, 46.696154361127206, 44.474887063268895, 44.55606702628272, 60.381567508298815, 40.6451416581736, 18.834769094143525, 26.30102549082783, 34.494650079113626, 78.08378069699037, 47.21228217557338, 10.812451269439299, 25.385483692128854, 16.227507676802276, 44.71773055308162, 59.759451398282316, 0.0, 55.683669029568556, 66.60909736265052, 20.65160865619939, 28.761357879034875, 33.78446834564445, 53.98721288324306, 23.823931413636462, 43.56633551862199, 30.1503294986853, 10.519164641073015, 31.393740429777743, 50.77341702030242, 21.16090508475618, 28.81654304677222], [94.41485891175991, 82.73918143007283, 16.568615122547467, 43.62413684307961, 92.85835605992422, 56.87594434853035, 44.109203185342956, 102.13503142651433, 74.21622288828134, 62.29919006971849, 66.92729077925017, 22.94425259540825, 41.88399434807422, 63.23505938480153, 41.34106375214592, 32.51289667217832, 14.969903261589776, 66.48868509026208, 78.41371497151387, 40.50041420126247, 98.85583169673585, 85.47024304706345, 55.683669029568556, 0.0, 30.092740625538024, 65.3409744661196, 27.220317126958182, 67.04842602205937, 3.8988644825688143, 44.75599876173991, 57.54370281384221, 81.61515854993847, 58.752250980620936, 85.76839314921016, 77.68529619146031, 35.396673002108486, 35.242508016703866], [102.9821563316405, 98.3208502147905, 45.751062281588375, 52.01275236054614, 87.2378612032837, 41.60093222506645, 38.780332384653086, 111.85273539623402, 65.03373125120221, 87.82648276918964, 47.592145794179274, 26.462331463544874, 48.110053107398464, 83.15659936451407, 36.62279295711117, 13.756546811603679, 43.34906678338609, 76.2510851800924, 91.9203937809369, 50.65287599229064, 111.16189426771794, 71.65588365773166, 66.60909736265052, 30.092740625538024, 0.0, 67.01052769843893, 45.03201640198134, 61.94577971373711, 33.77796402521433, 46.005852221787464, 83.4759509682605, 96.36098955893569, 73.61458108702641, 97.89004602891407, 66.11634983059521, 52.10953986616056, 38.11390072520131], [38.04349745076846, 44.84719933208378, 63.49783070031967, 22.890322366654697, 30.711193380006915, 37.352697536428046, 28.545475894310158, 47.36270732006489, 24.91991762345701, 65.1586215488743, 46.060285855214, 44.892108465972186, 23.539207653543944, 46.034511995063035, 30.441918187047765, 80.15378976904861, 60.890593203718, 19.55138456155513, 36.13388921618952, 26.562166158212314, 49.72054452216463, 39.953794327318505, 20.65160865619939, 65.3409744661196, 67.01052769843893, 0.0, 41.807718394293495, 14.825986844153897, 64.76387221100347, 21.640114605077983, 64.21299388383747, 41.73027542316929, 30.17979535839974, 38.14412321315304, 31.318271034865862, 36.554010722449306, 31.046425360700088], [67.37132381460349, 56.03417869357783, 21.692428352255202, 18.91748488349037, 71.76058483700521, 48.42069661429304, 30.95138964166268, 74.9486771466581, 57.28332952593504, 44.09190000325882, 60.29702955518303, 19.78036460442263, 19.268201273088817, 38.38843529637026, 28.944029507943714, 53.84271996989078, 19.16625051678777, 39.559719345897676, 51.28177556183019, 15.258519386961604, 71.6845914381274, 71.18216926270999, 28.761357879034875, 27.220317126958182, 45.03201640198134, 41.807718394293495, 0.0, 47.887568723932546, 25.266546761514668, 25.416710662939426, 40.28050376905226, 54.700280735234514, 31.65596494177588, 58.55934970867249, 62.29373025956414, 8.227628073101181, 19.141109745679007], [50.285133773788665, 59.61773429610406, 68.81138104474071, 30.34432353927233, 26.082496735085464, 25.61642399535418, 24.072839337514502, 59.55840447768691, 10.716799068688815, 78.03693157015587, 32.3681893189681, 44.55049915188639, 28.684608180354285, 59.94497427343655, 26.731939366249563, 75.6317905847148, 65.87588684769132, 34.345248369945416, 50.877793062115835, 33.85975578522857, 63.196582617881916, 26.005201835701524, 33.78446834564445, 67.04842602205937, 61.94577971373711, 14.825986844153897, 47.887568723932546, 0.0, 67.33587895744984, 22.948000460260154, 76.56416462279998, 56.47391979056384, 44.0029990343021, 52.36711029347329, 16.98989861954433, 44.78539948710295, 31.9583436034566], [92.63750126996102, 80.13828648550626, 12.679100518059572, 42.58260502609997, 92.92909845549242, 58.60119417078476, 44.96796671229729, 100.168384121456, 74.92801093377595, 58.61384542585596, 68.98965003232325, 24.04426264842902, 41.22573725660075, 60.20506483194251, 42.2293442437213, 36.39969532276852, 11.215308905006838, 64.79717497171201, 76.10724059805761, 39.29197351134805, 96.58068938138013, 86.65792380700475, 53.98721288324306, 3.8988644825688143, 33.77796402521433, 64.76387221100347, 25.266546761514668, 67.33587895744984, 0.0, 44.712907287130676, 53.83080631273847, 79.127163963571, 56.45206326725634, 83.58994329070335, 78.66073764743871, 33.291001803954764, 35.38257390940798], [57.103822358310154, 56.1495767243614, 45.90344631771232, 11.473850821232196, 48.218055619630185, 26.983561768574923, 10.384431366440866, 66.112314682008, 31.89471424532129, 61.90894707041555, 38.67778823288321, 23.34060447708901, 7.5357113940749585, 47.83238803071887, 10.80128225759343, 58.82397453945065, 42.94388471196407, 31.485001810999243, 48.509464719423164, 13.682437631005, 66.30292463746926, 45.84832069627386, 23.823931413636462, 44.75599876173991, 46.005852221787464, 21.640114605077983, 25.416710662939426, 22.948000460260154, 44.712907287130676, 0.0, 59.39477395133734, 53.617432210627044, 33.536759931330394, 53.322781712707545, 36.898387957093284, 24.01192086505541, 9.616289722754141], [67.0525935854503, 43.68886042683825, 41.6312950752097, 48.212428113950025, 93.54637939796218, 85.92749845309216, 68.16917526941809, 70.37006991116884, 87.24961182326138, 4.942931267974339, 97.831071131934, 59.91073229733166, 51.86580869566385, 22.418971096763695, 66.87586667964499, 89.57111343254537, 42.615647351343746, 48.765878600384006, 45.87708208468385, 45.72327216527747, 62.48436675202626, 102.47601493617732, 43.56633551862199, 57.54370281384221, 83.4759509682605, 64.21299388383747, 40.28050376905226, 76.56416462279998, 53.83080631273847, 59.39477395133734, 0.0, 44.91255502547027, 35.11523702672101, 53.532729745846744, 93.34099764393684, 36.470302720854576, 57.28548429850428], [23.048703683482646, 3.2711399434474573, 71.06725261872293, 44.684605568423194, 61.37516868458076, 77.49951955265142, 63.82498713245311, 25.46407919604001, 65.90077838312205, 42.54477944053936, 87.33675489036199, 70.04711876768066, 48.977711780151076, 23.277728312429552, 64.40356840050322, 107.24966131355379, 70.02446091021788, 22.973027389936654, 5.597078719803339, 45.713574152363506, 18.394904946923884, 80.06624348565491, 30.1503294986853, 81.61515854993847, 96.36098955893569, 41.73027542316929, 54.700280735234514, 56.47391979056384, 79.127163963571, 53.617432210627044, 44.91255502547027, 0.0, 23.150392037339326, 9.245441076073583, 72.17717636414349, 46.48781816955881, 58.915803311570535], [37.746700178508505, 24.792066173947777, 49.442556242845306, 23.015797935337787, 58.50544305684196, 59.76492977547371, 43.901404616601866, 44.25323059382956, 54.62890043260744, 35.39277638158528, 70.81656214559702, 47.18391940783115, 27.536524288155043, 15.943597416564348, 43.89349996461262, 84.19487147169677, 48.01412968791656, 13.781163641178873, 19.664240479984407, 23.264176560655343, 40.12940126091476, 69.87245492598787, 10.519164641073015, 58.752250980620936, 73.61458108702641, 30.17979535839974, 31.65596494177588, 44.0029990343021, 56.45206326725634, 33.536759931330394, 35.11523702672101, 23.150392037339326, 0.0, 27.21476044663225, 60.97645044965331, 23.428379621026785, 37.0024991269693], [13.830539899545949, 11.854193675500735, 76.55345887589172, 45.89257879460509, 53.980240956488025, 75.16524547965588, 63.100659142550136, 17.512123169574405, 61.005723648353786, 51.435817533195284, 84.20330091985296, 72.03869798796654, 49.82147935709266, 31.394086551364026, 64.06472432425667, 109.47745536728617, 75.2067346215613, 21.858157871819348, 8.099363139361186, 47.60413058796877, 13.327544289155377, 74.46245753811421, 31.393740429777743, 85.76839314921016, 97.89004602891407, 38.14412321315304, 58.55934970867249, 52.36711029347329, 83.58994329070335, 53.322781712707545, 53.532729745846744, 9.245441076073583, 27.21476044663225, 0.0, 67.09343749167489, 50.37272189186749, 59.861330387491286], [62.651116826564966, 75.39421254898964, 82.09839193795652, 46.184495123512605, 24.800657025460445, 24.65394284161911, 33.70078865413066, 71.53707452528654, 6.398629755530845, 94.93600842992224, 24.354674836994846, 54.74986121900505, 43.74622227508479, 76.92001669028232, 36.431556568516314, 79.7515019043108, 79.01740682656727, 50.80654423510905, 66.62309268923663, 49.459380585006556, 76.66847541145191, 9.159734120492363, 50.77341702030242, 77.68529619146031, 66.11634983059521, 31.318271034865862, 62.29373025956414, 16.98989861954433, 78.66073764743871, 36.898387957093284, 93.34099764393684, 72.17717636414349, 60.97645044965331, 67.09343749167489, 0.0, 60.35586235970094, 44.372012368220275], [59.46393734607299, 47.86472844633941, 28.134663604163936, 14.46225468967145, 67.12246329726588, 49.68481161611491, 31.870939252779905, 66.87987360090183, 54.85409594546704, 39.66389907423747, 61.63369315358586, 25.976418158398356, 16.683182484140584, 31.059209766248713, 30.44152799750053, 61.59829443809862, 26.05466086462609, 31.847437633091115, 43.05791370183724, 10.942314216299287, 63.47200282411857, 69.44777400092973, 21.16090508475618, 35.396673002108486, 52.10953986616056, 36.554010722449306, 8.227628073101181, 44.78539948710295, 33.291001803954764, 24.01192086505541, 36.470302720854576, 46.48781816955881, 23.428379621026785, 50.37272189186749, 60.35586235970094, 0.0, 20.81790275467515], [65.04218279393599, 61.12999204282658, 37.727196332614376, 14.232943419808235, 57.623558113083966, 29.36363533646286, 11.81778059188077, 73.8075836772043, 40.01017394814031, 60.43923832236128, 41.291290136358995, 13.852835628143128, 10.043086087185841, 49.364653781673255, 9.864593305291384, 50.337073431901466, 34.64697884045695, 38.14759163040267, 54.198478469420195, 13.889480273137712, 73.0957787862414, 52.961132587402744, 28.81654304677222, 35.242508016703866, 38.11390072520131, 31.046425360700088, 19.141109745679007, 31.9583436034566, 35.38257390940798, 9.616289722754141, 57.28548429850428, 58.915803311570535, 37.0024991269693, 59.861330387491286, 44.372012368220275, 20.81790275467515, 0.0]]",Route_2,1781.463052756941
