instance_id,num_cities,city_coordinates,distance_matrix,best_route,total_distance
67,80,"[[45.55741404810504, 31.388628194021152], [91.66874060585202, 77.55907343606121], [8.374984177057287, 50.0057594090891], [4.104775156613005, 10.663610971620418], [8.106262688761435, 79.39382164666807], [33.03408785805527, 61.214095074172505], [81.9353336408922, 90.61102581214287], [16.518348441230934, 16.7011620664424], [27.224961192503415, 35.27728566815741], [93.9676400962995, 81.55540138014554], [5.860362803746555, 19.709934949654862], [52.58212616059193, 35.3292371614514], [70.50930779775271, 64.23729176716364], [52.208469540303696, 99.23283300484798], [18.18984701907611, 90.22683178985675], [91.20004959619607, 28.60923343969303], [8.000561592079924, 63.60513296813163], [17.075614974744212, 47.791970806437455], [38.77831345019932, 15.678122517668502], [15.763811785464588, 48.60486500872817], [31.93478936912002, 0.6162878076553469], [41.54973391793789, 53.719292674613115], [51.155209315354085, 66.68039094964648], [6.488031710392239, 16.96298268369647], [77.96619815207258, 8.186649279842806], [19.428268299892835, 59.35714243454838], [43.54067992855432, 76.93933720424864], [46.17211589698639, 91.96874614658496], [67.28476296609585, 13.63139314734818], [64.1229540013097, 68.1668579746493], [67.72412204222579, 43.69783079260087], [13.421464464288723, 36.499398482681656], [3.507848686963977, 47.417561784902375], [90.69597106878761, 2.944824790871925], [47.08948705315794, 14.777066836711384], [30.72883546735753, 60.00147989120646], [12.245688501714158, 28.13040606742042], [55.03096402668305, 60.90133883582526], [90.4312340237088, 75.53840748692272], [23.254199073387195, 40.510803066685575], [52.49757052839313, 55.83097960032387], [28.392255775218867, 55.215767150032356], [25.267039405271795, 41.68651581630832], [54.085339214639475, 80.72994008206972], [29.435971826347252, 48.70315118576731], [59.36627626949227, 36.387208456024936], [30.62045602237632, 18.621310261738543], [38.6389949344346, 8.531686415280848], [23.513357194027428, 43.86241307895846], [82.46479395408609, 54.99894671201319], [98.60598919682784, 16.848432920068046], [38.43065251865143, 47.66861426465192], [7.678187504432843, 41.22257091612613], [87.6572216334553, 8.803622307804936], [80.04777861965817, 77.11526962454704], [89.40358877103407, 25.180989773561137], [51.74676948083048, 91.78529396190697], [52.21552357527459, 53.38595902224343], [98.49559158910772, 95.89927609870811], [78.11529913236399, 30.77909476529107], [98.16933441451025, 53.07500040779296], [41.989514318842055, 58.2617640248555], [59.956130817380846, 78.10553454369406], [29.745112579496656, 56.2238444819967], [39.15630238797322, 93.4183235074688], [62.52556724050523, 1.9162160400108985], [66.42890033788498, 11.891980720949203], [13.135086894656634, 34.72681153422235], [39.7766005805009, 76.57288767352537], [38.916850553758074, 3.5912224084847177], [96.0306506228585, 3.7415184921825273], [12.738238702994131, 6.046090940274995], [72.39737722600567, 57.126484892211], [6.854613409897636, 82.79164617364673], [22.775378352987584, 35.00575425539476], [88.53570472118591, 57.22910863076716], [40.94614900264681, 39.21386520858735], [85.31055413083251, 73.8838006361469], [31.394181285697066, 2.040349713541334], [86.85781840910461, 68.95055473061815]]","[[0.0, 65.253080009785, 41.582816953574, 46.3448768467157, 60.88585497935066, 32.34798561705801, 69.50284464349785, 32.542111065035584, 18.740343770966742, 69.7155299624505, 41.379315525915, 8.054500561643273, 41.25083878220181, 68.16944084832825, 64.89158595282899, 45.72718245175674, 49.48151519773745, 32.86765168544309, 17.11070406275658, 34.41013725407801, 33.65282805350617, 22.687443138672723, 35.73295160287461, 41.647519549667486, 39.85801190013817, 38.274927124083334, 45.595332083924774, 60.58323653874529, 28.060596706180494, 41.19851283178462, 25.355066789687193, 32.53980990413187, 45.00102953402016, 53.35296882036103, 16.682062774743386, 32.22703872481187, 33.470689719579156, 30.99593906664989, 62.951272670334596, 24.096627826647207, 25.408548054544035, 29.366225657416365, 22.75402805280387, 50.072852589798536, 23.657844486368173, 14.685723696330028, 19.649863161008696, 23.881045004545435, 25.328556057175792, 43.81326091545175, 55.00516888360928, 17.7715693273732, 39.13492344452052, 47.7752685979256, 57.27574517013754, 44.283425935588944, 60.71297519106043, 22.982884632744522, 83.45102955892882, 32.563590283636586, 56.90617632942155, 27.10895309414489, 48.88550279465205, 29.441753443106624, 62.359099826445735, 34.00795937624915, 28.56113097609608, 32.59372280145419, 45.552553266072806, 28.579588029365084, 57.54919882323758, 41.464954658007855, 37.186299773002666, 64.34420746776307, 23.06739585123284, 50.14841870270371, 9.082846451063771, 58.19065068654034, 32.58709272165808, 55.826711577190196], [65.253080009785, 0.0, 87.73274744294928, 110.19278988902555, 83.58261790971001, 60.8701964881445, 16.281666744318045, 96.70194837110947, 77.07626276569457, 4.610376980665352, 103.48719981064463, 57.54235397142495, 25.003828978663346, 45.02071574744371, 74.56285874647575, 48.95208378539752, 84.82379756921483, 80.31322923641402, 81.40423435713853, 81.23979569694602, 97.40809612455782, 55.499999803036864, 41.94868234243338, 104.53534991763259, 70.7127492253547, 74.49829616287805, 48.132050626943695, 47.72401415978936, 68.42022122612612, 29.102990755875393, 41.47202082750311, 88.36590479846424, 93.17109846165174, 74.6205895276791, 76.99928700940154, 63.418775842608575, 93.54792548943206, 40.24682341100973, 2.3694964483736967, 77.801824081828, 44.79386818496275, 67.10541608776929, 75.47202337630566, 37.716925317684186, 68.59724308511464, 52.331364095885476, 84.85607213734079, 87.04558624589654, 76.03039660053574, 24.365384293576387, 61.10570587003432, 61.05516827147572, 91.51368436285125, 68.87237722277297, 11.629433318424288, 52.427040360777916, 42.38099962196561, 46.26981515551332, 19.569591923556807, 48.70382100218601, 25.332342014088205, 53.29551270968083, 31.717317656731208, 65.49601287459242, 54.85500870853982, 81.06273144202497, 70.35066881279528, 89.4546668701956, 51.90151017811405, 90.85155414028952, 73.94631618200471, 106.50882966251989, 28.086938621365654, 84.97538460910697, 80.97580092716639, 20.56996312196744, 63.585661064062805, 7.343988385401421, 96.62349680029783, 9.861620895426878], [41.582816953574, 87.73274744294928, 0.0, 39.57321478922458, 29.389290793043767, 27.086863656233607, 84.02328649192725, 34.28571985090659, 23.921738486576633, 91.22216099069149, 30.40000493960429, 46.57973494598049, 63.74331874840086, 65.91418067375334, 41.40128254132463, 85.54415693221635, 13.604526947693774, 8.977852541386973, 45.85574212070192, 7.52045733634096, 54.72096788029957, 33.38194646338364, 45.91504110742701, 33.09661135729158, 81.18974710219507, 14.478378859146362, 44.29496326372523, 56.47579501153503, 69.23479297229635, 58.63157545754463, 59.68341586043387, 14.418347643325891, 5.512510754708028, 94.82339611070967, 52.34380109719494, 24.486916822366148, 22.215162294968103, 47.91131501819796, 85.93686203697804, 17.65064395072641, 44.50545827881629, 20.684180981978834, 18.829533817624725, 55.07641814504436, 21.10123192960567, 52.77856382393544, 38.46874921158101, 51.34207901729715, 16.337412332828574, 74.25787387367346, 96.13034155134058, 30.146400230974024, 8.810784624872955, 89.34925448936715, 76.62842166802955, 84.74611465963538, 60.22160133944214, 43.97065662633903, 101.13327224240922, 72.3420774058255, 89.84678945223638, 34.61355585415218, 58.73850569554801, 22.25639166420878, 53.21785670616199, 72.42161160563764, 69.447226780462, 16.00327547863224, 41.132393766568306, 55.561811046371766, 99.11556813979898, 44.17567704004272, 64.41716807746221, 32.821119697658524, 20.793544840479314, 80.48551355450373, 34.31247234651772, 80.55583639286053, 53.20304467592206, 80.73698371173924], [46.3448768467157, 110.19278988902555, 39.57321478922458, 0.0, 68.84659586287745, 58.24308178985896, 111.57591574196195, 13.80394236858319, 33.769453421711276, 114.45951442538359, 9.215099863936844, 54.39160482739457, 85.32116518936522, 100.78924796291854, 80.8003425508963, 88.92486826233078, 53.08466730853504, 39.32884170187666, 35.03426299841694, 39.692214513947796, 29.588146170882208, 57.06064023078204, 73.15478790641534, 6.735131458853319, 73.90294409654285, 51.0477173676091, 77.12108967619629, 91.54335673759148, 63.24965288955323, 83.11922285323263, 71.68459372370599, 27.46431531956453, 36.75879788017173, 86.93454359231846, 43.1810835434108, 56.06305286868007, 19.270791395557918, 71.53534800214472, 107.98609504669693, 35.462026342329104, 66.19632793997087, 50.74225394032831, 37.55345594126621, 86.06594714852258, 45.70203654569952, 60.955204640690184, 27.6840443173853, 34.599962976523656, 38.45586454710436, 90.03285256590333, 94.70338683282925, 50.47411341857303, 30.767179082545994, 83.57314682417504, 100.91165796236413, 86.52538293071451, 94.07702734655957, 64.34161278956505, 127.17997026438537, 76.69543889579509, 103.18365792260492, 60.83451023448223, 87.56590080760321, 52.27964977579078, 89.87186438558894, 59.0720396278892, 62.33622920783648, 25.70183167407052, 74.94339119922854, 35.523221608470216, 92.18612663806614, 9.790719281368862, 82.59950454069995, 72.18043413920405, 30.67786438727887, 96.42057580922172, 46.60905323924389, 102.91341467480561, 28.619439575281316, 101.21973118079949], [60.88585497935066, 83.58261790971001, 29.389290793043767, 68.84659586287745, 0.0, 30.852859282756615, 74.67635092145775, 63.254507759913544, 48.081112499818595, 85.88858222874487, 59.72612826523598, 62.608226595390036, 64.21729079354805, 48.35898076723922, 14.799756136808348, 97.3840429535054, 15.789042495021178, 32.85005718348522, 70.71396618355824, 31.726927191604343, 82.30248186727638, 42.16215371388946, 44.88700397383628, 62.45180802122423, 99.754057458415, 23.014263510003538, 35.519324585383245, 40.08912454330651, 88.46915788681743, 57.13067843898013, 69.48735796490688, 43.22248151698029, 32.305210200199824, 112.54114381218675, 75.46533498246025, 29.796706493897894, 51.43026952011422, 50.43708473100383, 82.41519959111348, 41.72947532145513, 50.257295361110636, 31.56104932897646, 41.42865156504863, 45.99848574296733, 37.374774183045155, 66.91156679099892, 64.80885002447411, 77.16015777548269, 38.72802029409334, 78.25791394494053, 110.00966388911623, 43.88687049661969, 38.173651000360664, 106.35474277962784, 71.97759035806202, 97.7153333301848, 45.365652416866624, 51.20581816791353, 91.88395292826351, 85.23295638139363, 93.82983129091323, 39.93292626841875, 51.86587036399671, 31.703117613338353, 34.07039209880378, 94.67967088259316, 89.20778324065685, 44.949203166231165, 31.795722521398677, 81.82497403513989, 115.99124521343747, 73.49384192960649, 68.03809002740635, 3.6210271240931036, 46.7491548704644, 83.42763120647965, 51.89303452752576, 77.40066503983435, 80.78296090566703, 79.44098030773651], [32.34798561705801, 60.8701964881445, 27.086863656233607, 58.24308178985896, 30.852859282756615, 0.0, 57.05708874387523, 47.47810920240099, 26.579391166472917, 64.23913550635825, 49.60853395302834, 32.436887499253075, 37.59696567242108, 42.580292938611, 32.5897281028736, 66.68100259539001, 25.147455130084754, 20.852488499598714, 45.89685091942724, 21.383524463165646, 60.60777757580074, 11.344086160887336, 18.92763676395971, 51.602849192553506, 69.50398940308614, 13.731955394447017, 18.912210790528828, 33.443330326652294, 58.62782844361168, 31.85684400601286, 38.861523208448496, 31.551089109493006, 32.59053743635451, 81.976829865252, 48.51754155004615, 2.6047311121836425, 39.07285536141699, 21.99909947344595, 59.15757190807838, 22.89699815669619, 20.194184555542986, 7.5846254337817385, 21.01555122617662, 28.70580760143067, 13.018070362248682, 36.19058504204887, 42.66111738710682, 52.979724097406454, 19.792048414451582, 49.81990339528801, 79.17061464681109, 14.580910825359494, 32.28904955096359, 75.70035930588047, 49.62997553000711, 66.90220706959722, 35.843585966651915, 20.717316192531516, 74.08286072659045, 54.393058874827695, 65.64179465826987, 9.42952393916688, 31.782339820351215, 5.976617718716891, 32.78099815036553, 66.22677565845655, 59.56412061665501, 33.12923827477859, 16.77360986556792, 57.92238212625601, 85.27405220319072, 58.78290715031649, 39.574955551013225, 33.92573645231831, 28.144595381397433, 55.64449291148111, 23.379709700814082, 53.789872327380934, 59.19646470500483, 54.37689563084466], [69.50284464349785, 16.281666744318045, 84.02328649192725, 111.57591574196195, 74.67635092145775, 57.05708874387523, 0.0, 98.70182324314334, 77.81418669987836, 15.05924076739008, 103.99214332517307, 62.591428692763316, 28.742440989647832, 30.95193061059421, 63.74664437991143, 62.69016844074389, 78.71257057301617, 77.71907473094036, 86.47235620635604, 78.37849099150651, 102.95196596456913, 54.699146600960766, 38.988348752129916, 105.43400601912802, 82.51988780449828, 69.88518042993265, 40.75615908156172, 35.78898081679019, 78.3613620753489, 28.653473407986578, 49.01842920824423, 87.30531760317483, 89.5351647726811, 88.10284654677696, 83.45670948643576, 59.65777197215903, 93.59740639199978, 40.081299936114306, 17.30214282950252, 77.15897791750527, 45.5657054325276, 64.18477641222462, 74.86590178383857, 29.55093982849552, 67.1747939828215, 58.73316541191338, 88.40665025908056, 92.79865786319091, 74.82352654369662, 35.616014741365156, 75.62295198434543, 61.128618412834555, 89.18151842925394, 82.00726352172106, 13.627116313924121, 65.85487416052813, 30.211393740337655, 47.63373497689279, 17.384123055385704, 59.95375414802292, 40.896160996771236, 51.40178225988205, 25.28779683211447, 62.500379313006476, 42.8710442523669, 90.79376802530155, 80.2317738421007, 88.6370089624161, 44.4345371941268, 97.07232392154502, 88.00562063206391, 109.26786424986871, 34.816477323113354, 75.48680181552139, 81.19018742783251, 34.0281838055134, 65.74025688583708, 17.064353941599617, 101.97633424454143, 22.21276353286218], [32.542111065035584, 96.70194837110947, 34.28571985090659, 13.80394236858319, 63.254507759913544, 47.47810920240099, 98.70182324314334, 0.0, 21.440707186842133, 101.01715267632005, 11.074537105973231, 40.590654652724844, 71.93543854847469, 89.91808189653368, 73.54466680713394, 75.62511918159173, 47.67111472531432, 31.09580251571467, 22.28346140344566, 31.912624257408048, 22.27980769225991, 44.68682414993352, 60.8081857234128, 10.033733291081736, 62.03495113304555, 42.75512009979714, 66.02154302153053, 80.89842481520486, 50.859141999517185, 70.10646422297096, 57.886538783954634, 20.038983396368778, 33.358212115159716, 75.44240527657809, 30.631628400767855, 45.5725297218104, 12.201772059526581, 58.624885378800535, 94.47187996329012, 24.744104111872403, 53.15681557648274, 40.30340531668541, 26.472768944525413, 74.23586202061537, 34.51075631615589, 47.15384758032676, 14.23223128402912, 23.58099518027611, 28.047525809179753, 76.26043525012489, 82.08777286249313, 37.93589547684001, 26.066222153619396, 71.57590665369625, 87.66899617788434, 73.3768746668566, 82.93773876492425, 51.186547453788414, 113.985129119521, 63.18522393344182, 89.38646220816304, 48.7448861554772, 75.21527701925203, 41.67720857843142, 79.98749788850338, 48.324515627668646, 50.14171333174044, 18.34040614129916, 64.2305987808279, 25.953100291105383, 80.56152034187484, 11.305740592141634, 68.96863478058191, 66.79326211737563, 19.34446997259096, 82.63784882409956, 33.21956115054281, 89.45513801584518, 20.886115523559518, 87.62214371456923], [18.740343770966742, 77.07626276569457, 23.921738486576633, 33.769453421711276, 48.081112499818595, 26.579391166472917, 77.81418669987836, 21.440707186842133, 0.0, 81.21729607114109, 26.434607481590003, 25.357218186869613, 52.07894597913666, 68.66212729372921, 55.687394508161624, 64.32165153960071, 34.23513506103663, 16.112931848618686, 22.750981178619295, 17.577892843275468, 34.979526213757964, 23.351803700389244, 39.481790695730666, 27.666476793272512, 57.52021999359028, 25.31062863604121, 44.74292364240232, 59.77387692439503, 45.53385972177128, 49.42859334254495, 41.365294749638544, 13.857491896344664, 26.643718392732335, 71.23171429283843, 28.54572401964586, 24.971241757530528, 16.596882188304384, 37.81224529638348, 74.93991496738059, 6.569372585514186, 32.57543732479545, 19.972621771963414, 6.701618372966548, 52.79605762519197, 13.606705439595475, 32.16047362016453, 16.99855587627737, 29.079326774487317, 9.353096647698584, 58.6547784741905, 73.72159637829954, 16.706661619941052, 20.430927005213505, 65.97660914081828, 67.3844710781174, 62.99299102551691, 61.599302618259685, 30.861825267669484, 93.56563728683281, 51.0887484386909, 73.14275590799707, 27.318094266438116, 53.90350978143636, 21.097618091978827, 59.35265102550141, 48.57050292194082, 45.64889190318536, 14.100623372789405, 43.16098233719988, 33.774352425054715, 75.688357819177, 32.62403828019203, 50.179026266321635, 51.69686182961123, 4.4578601092711105, 65.12211454967999, 14.274720781835256, 69.74524431795234, 33.49740747933697, 68.48333161557213], [69.7155299624505, 4.610376980665352, 91.22216099069149, 114.45951442538359, 85.88858222874487, 64.23913550635825, 15.05924076739008, 101.01715267632005, 81.21729607114109, 0.0, 107.64643064176242, 62.045298146566466, 29.158365434233446, 45.34666376229653, 76.27232544642224, 53.01845204034973, 87.82112913538516, 83.97828749980256, 85.93996535939789, 84.86210349522716, 101.97653982775155, 59.35053357796995, 45.322954059512696, 108.74218333475322, 75.09340802660472, 77.77455013060975, 50.63779576793759, 48.9167648430664, 72.97702944320677, 32.710218321334004, 46.06427998618258, 92.29154785807313, 96.6869482094199, 78.67862841918149, 81.58987190289622, 66.81106152763061, 97.63558519613866, 44.07556060828877, 6.979282443155394, 81.76215378776527, 48.80074329222003, 70.66758351771749, 79.43110581762276, 39.89084243244157, 72.41275131174886, 56.89833064955125, 89.29482378612694, 91.61725777776456, 79.90348769826517, 28.940641905666194, 64.87299938858874, 65.05898347046794, 95.2502327652974, 73.02494600728481, 14.610862860760742, 56.55886180333066, 43.44252084953811, 50.36622595291821, 15.041578596112933, 53.193326907447535, 28.788669206645626, 56.95892467890304, 34.186025575068214, 69.03782163083255, 56.08040355396105, 85.62128115783712, 74.90910735966504, 93.41744207616757, 54.41961233452057, 95.44109509002058, 77.84122546911962, 110.90478625298128, 32.58908100987287, 87.12179818883, 85.06002456834263, 24.92537744644742, 67.85340229613887, 11.567134277287783, 101.18340372346097, 14.471756060748422], [41.379315525915, 103.48719981064463, 30.40000493960429, 9.215099863936844, 59.72612826523598, 49.60853395302834, 103.99214332517307, 11.074537105973231, 26.434607481590003, 107.64643064176242, 0.0, 49.26343240940984, 78.49950059708519, 92.04367611715608, 71.58665323220337, 85.8024455097183, 43.94734189840007, 30.238760211369296, 33.16394105423871, 30.544971515001123, 32.31784463568447, 49.298758842293914, 65.25217894719864, 2.8177499902978846, 73.0208025422071, 41.904523871564905, 68.52014872316161, 82.74281378490777, 61.72443281024789, 75.77996385658017, 66.35166805807184, 18.413482670257956, 27.807317517354843, 86.47629356266161, 41.5231727375582, 47.34817342197942, 10.567720573248018, 64.14421079675591, 101.33632421174507, 27.114971041791122, 58.98948220663967, 42.05175764601579, 29.318751735105405, 77.775891998685, 37.36864900555686, 56.04475200596521, 24.78401339384678, 34.63223880512505, 29.91605606910404, 84.3418829706272, 92.78975918122832, 42.92448626543692, 21.589302741597248, 82.5207475114536, 93.80375853119826, 83.72217774226523, 85.44249349404407, 57.296383197299434, 119.94207483966177, 73.09789410698953, 98.15382739792992, 52.83520714679004, 79.60149602194855, 43.63194771249891, 80.87982527544276, 59.3932809877942, 61.07100905787027, 16.68616771325875, 66.20956560351738, 36.776953059647795, 91.57331013751093, 15.297248445328878, 76.33591879208448, 63.08954608502848, 22.805259026481398, 90.79042105243798, 40.142442485980375, 96.16205397831644, 31.051411057880745, 94.79043438530779], [8.054500561643273, 57.54235397142495, 46.57973494598049, 54.39160482739457, 62.608226595390036, 32.436887499253075, 62.591428692763316, 40.590654652724844, 25.357218186869613, 62.045298146566466, 49.26343240940984, 0.0, 34.015576763280016, 63.90468825513553, 64.78097529778834, 39.19824563036756, 52.79244437461332, 37.63020152080768, 24.014819426485293, 39.138607131132034, 40.389371985952934, 21.445461533222886, 31.38360934523437, 49.61839222229578, 37.16276614811548, 40.94531136602042, 42.58107766999823, 57.00107200445053, 26.209997403565563, 34.80660925629577, 17.300676248133538, 39.178140614506106, 50.54119410699118, 50.01415138012175, 21.273476195056546, 32.95885124574212, 40.973788842733605, 25.68908700088261, 55.22076008437966, 29.782141166522642, 20.501916805138027, 31.314915044557896, 28.04512357516303, 45.42558172629272, 26.73211620494097, 6.866148553609514, 27.59474182785445, 30.207939922865144, 30.295353116783872, 35.77528907304307, 49.595726571818005, 18.775634038123084, 45.28901731744781, 43.975795226402326, 50.00434555125278, 38.19433248294843, 56.462236674069935, 18.06044301266074, 76.00510459512775, 25.93543363492823, 48.919379284505695, 25.260724731700204, 43.40722937959073, 30.953413452847414, 59.620421807367975, 34.86118186423886, 27.222015806600574, 39.45163904687084, 43.18587955506366, 34.55490323919689, 53.71739242253903, 49.44732571478985, 29.45783738534594, 65.90664375922832, 29.80850308312441, 42.09826815541648, 12.267285742364358, 50.57276304620453, 39.45984079467641, 48.01266576853979], [41.25083878220181, 25.003828978663346, 63.74331874840086, 85.32116518936522, 64.21729079354805, 37.59696567242108, 28.742440989647832, 71.93543854847469, 52.07894597913666, 29.158365434233446, 78.49950059708519, 34.015576763280016, 0.0, 39.491880019109935, 58.419022302351536, 41.20030747889509, 62.51194267459943, 55.9071382759387, 58.00731781840615, 56.93366403095188, 74.40178503783825, 30.81047263855825, 19.507687245848317, 79.58381802334706, 56.544493427722955, 51.31362834267857, 29.810213810589755, 36.89623926110427, 50.70852654623683, 7.498466869457744, 20.727438742362192, 63.469776904661, 69.08037955636081, 64.53113885604344, 54.72478281254191, 40.00535065560402, 68.54455870751549, 15.83375217235372, 22.904112317743788, 52.87713652048037, 19.876839882305113, 43.07242711394759, 50.55096779768863, 23.27561368596465, 43.912736779009045, 29.996571338690906, 60.59652023558146, 64.17812173650374, 51.22260296692139, 15.108959877910252, 55.09199078333514, 36.104863920220645, 66.91357898935621, 58.02536220176586, 16.025752379080334, 43.38650226640517, 33.33054558532696, 21.270025000445276, 42.25770145501561, 34.31183543324805, 29.82740050408712, 29.139072598125168, 17.42692463080732, 41.544373255402945, 42.8315720194153, 62.830379539478706, 52.50410758753531, 64.51875438828687, 33.11595113032948, 68.38149664471614, 65.65879624037055, 81.99824557895526, 7.35719923468008, 66.30372678102346, 55.97330440075667, 19.340776016345202, 38.73179875344171, 17.667258598092715, 73.47416364189367, 17.014365899796488], [68.16944084832825, 45.02071574744371, 65.91418067375334, 100.78924796291854, 48.35898076723922, 42.580292938611, 30.95193061059421, 89.91808189653368, 68.66212729372921, 45.34666376229653, 92.04367611715608, 63.90468825513553, 39.491880019109935, 0.0, 35.19054896028472, 80.67240005599449, 56.77739105546207, 62.29349704134946, 84.62717493335664, 62.38112072000219, 100.67892080427454, 46.74495693076853, 32.56947713517538, 94.12059661531833, 94.61959709344006, 51.619882718000376, 23.91925023417102, 9.444814619227818, 86.918934238391, 33.27235706331129, 57.66170257003076, 73.7557832967269, 71.10958306091571, 103.69507365212569, 84.61075830383906, 44.72665588924461, 81.56334338862327, 38.435269224443644, 44.971163264678424, 65.47233444997813, 43.40281624882324, 50.047119043671145, 63.54068995285477, 18.597840903885565, 55.42414092135017, 63.251930580054605, 83.45214153401376, 91.71056991285938, 62.36419545969273, 53.59180780305401, 94.55114598780192, 53.37318517916011, 73.1309546347947, 97.12906965606085, 35.55578349435514, 82.8682833208178, 7.461836552823183, 45.84687452527414, 46.4070066822603, 73.19206308392889, 65.1379045567389, 42.226242304774644, 22.503088577593015, 48.52190742033325, 14.288722408511102, 97.86197648952488, 88.49093247190146, 75.41721313693557, 25.846169701761177, 96.56078299573738, 105.06652512665019, 101.20112656961759, 46.69621553107236, 48.241941195561736, 70.65001416510353, 55.53360133451528, 61.06649129613964, 41.69318225163414, 99.39624441535392, 46.017320157846726], [64.89158595282899, 74.56285874647575, 41.40128254132463, 80.8003425508963, 14.799756136808348, 32.5897281028736, 63.74664437991143, 73.54466680713394, 55.687394508161624, 76.27232544642224, 71.58665323220337, 64.78097529778834, 58.419022302351536, 35.19054896028472, 0.0, 95.5364752688427, 28.505023867161338, 42.4494869195228, 77.33947894920635, 41.692610444587125, 90.65855190213486, 43.34148968573482, 40.51110943391192, 74.19247985725218, 101.50765341121665, 30.894520681862318, 28.62205865354286, 28.036434102464636, 90.97896456150305, 50.95579222982362, 67.96022613169903, 53.93861846549046, 45.25698480214108, 113.46932083379625, 80.79514976522036, 32.723051946653406, 62.38027819737243, 47.0877100671198, 73.71952119253173, 49.97330461089386, 48.580804236199484, 36.467297564275036, 49.05353123765043, 37.13054419303849, 43.019662645017945, 67.78055301149006, 72.6764800572147, 84.21558304872858, 46.669037733622766, 73.2957890369979, 108.86296589495524, 47.12634174423354, 50.11898412310884, 107.03016013335954, 63.232244656639146, 96.44873549157317, 33.593092287640125, 50.1497414887306, 80.50583354878192, 84.41026743426345, 88.18717015007175, 39.85209807275735, 43.48963450352697, 35.91277360536683, 21.207967137836214, 98.81508458565303, 91.99649535217529, 55.729730380572, 25.542476764276127, 89.08051127159294, 116.35677944099126, 84.35708128673262, 63.51448099354719, 13.556161186786827, 55.411140591774014, 77.70063982702715, 55.85850015341597, 69.08171965486468, 89.16955794676208, 71.88859617716328], [45.72718245175674, 48.95208378539752, 85.54415693221635, 88.92486826233078, 97.3840429535054, 66.68100259539001, 62.69016844074389, 75.62511918159173, 64.32165153960071, 53.01845204034973, 85.8024455097183, 39.19824563036756, 41.20030747889509, 80.67240005599449, 95.5364752688427, 0.0, 90.26000104116794, 76.56637134428784, 53.993074095093014, 78.04134325395628, 65.54369592067005, 55.63873580278298, 55.25397965093401, 85.50883656649935, 24.335504264578013, 78.08087152433872, 67.876464603054, 77.72993415457924, 28.218374057036645, 47.93719604548424, 27.90671862827012, 78.17776544214448, 89.6865392098855, 25.669358512738054, 46.22846050644472, 68.1339920706867, 78.95581303165889, 48.48693454787245, 46.93547117202166, 68.9803302605463, 47.31707250060536, 68.21089796167328, 67.217387238677, 63.9849184387033, 64.9504952494277, 32.77020017593181, 61.39744104584412, 56.26519671763495, 69.38406025488487, 27.79787146038857, 13.898358544469096, 56.10587549765521, 84.46891575940765, 20.119986637201016, 49.77156511805205, 3.870416790310207, 74.48339368589444, 46.19176766122846, 67.68437614414724, 13.263445739063433, 25.43903858671067, 57.45388892309814, 58.5326087205682, 67.37414954375463, 83.11900973234988, 39.17579758303024, 29.884383447544533, 78.3042984984567, 70.31986373801092, 57.960622650803614, 25.33254730557962, 81.6416019446558, 34.1580754532052, 100.24912196687534, 68.72300279591155, 28.74362519874021, 51.36061467525649, 45.65602470280078, 65.44193966277679, 40.57434134006119], [49.48151519773745, 84.82379756921483, 13.604526947693774, 53.08466730853504, 15.789042495021178, 25.147455130084754, 78.71257057301617, 47.67111472531432, 34.23513506103663, 87.82112913538516, 43.94734189840007, 52.79244437461332, 62.51194267459943, 56.77739105546207, 28.505023867161338, 90.26000104116794, 0.0, 18.232188334104134, 56.958479089234594, 16.89011818842583, 67.38280102469541, 34.97537422328842, 43.26408246770943, 46.66666829546366, 89.25468409867415, 12.19171457069124, 37.95920196712629, 47.555884079568486, 77.53703118014147, 56.30747965209116, 62.95398599572643, 27.642485958133964, 16.79946219555583, 102.55829433390785, 62.54697543315793, 23.012186963616884, 35.72782320767589, 47.1080593515655, 83.2899681730719, 27.67709395886727, 45.17102240224959, 22.050003412438627, 27.90263489209666, 49.16366287422399, 26.106433554839516, 58.13133457153785, 50.350808626257034, 63.02220333250514, 25.108202166028445, 74.95991157370618, 101.95848425130596, 34.35059041975506, 22.384883494542983, 96.68706769574278, 73.30296906602065, 90.01592977986955, 52.03702699310251, 45.38055067219512, 96.08466128733099, 77.41850686003488, 90.78155806132297, 34.40640200785369, 53.94110509970675, 22.96320790656031, 43.121995717681166, 82.33163858885229, 78.02641145109015, 29.33122566349699, 34.32024644277647, 67.50915777746957, 106.45632396852649, 57.75369168782067, 64.72188767860108, 19.220704623443236, 32.1903661531357, 80.7871460393066, 40.992019622666646, 77.99029398182498, 65.85957773592443, 79.03822168119075], [32.86765168544309, 80.31322923641402, 8.977852541386973, 39.32884170187666, 32.85005718348522, 20.852488499598714, 77.71907473094036, 31.09580251571467, 16.112931848618686, 83.97828749980256, 30.238760211369296, 37.63020152080768, 55.9071382759387, 62.29349704134946, 42.4494869195228, 76.56637134428784, 18.232188334104134, 0.0, 38.759597173223945, 1.5432513053686525, 49.46049059687998, 25.18165289599841, 38.963972666129834, 32.596371393940316, 72.63776299487812, 11.802041029245524, 39.36964098055303, 52.89795691113131, 60.72811217237137, 51.269758499508804, 50.81371124625349, 11.869077708074776, 13.57293130297331, 86.20454359925124, 44.61856565679378, 18.316182514677372, 20.24611858409988, 40.15549840039904, 78.42774760581229, 9.54936150317954, 36.322728389162386, 13.534367778294659, 10.216458037771059, 49.54421770818049, 12.393896529447304, 43.80146843447704, 32.161936440762915, 44.792290472362225, 7.54227742896875, 65.78514444231277, 87.20495661209962, 21.355393823062315, 11.465978282666732, 80.6340778900325, 69.46473384169819, 75.77989348597612, 56.01340408372336, 35.58238160399336, 94.57021420281987, 63.36624490415533, 81.265624555185, 27.02441397263355, 52.51333911858329, 15.218825948062383, 50.68846828855297, 64.57772864037, 61.02914110712816, 13.646470179438602, 36.656185333214886, 49.3025935479778, 90.41205673628626, 41.97060064762963, 56.10374793008576, 36.46157084930148, 13.999094122768172, 72.08053826716956, 25.365060426206817, 73.05334013922696, 47.93988082827378, 72.91941846882116], [17.11070406275658, 81.40423435713853, 45.85574212070192, 35.03426299841694, 70.71396618355824, 45.89685091942724, 86.47235620635604, 22.28346140344566, 22.750981178619295, 85.93996535939789, 33.16394105423871, 24.014819426485293, 58.00731781840615, 84.62717493335664, 77.33947894920635, 53.993074095093014, 56.958479089234594, 38.759597173223945, 0.0, 40.172598346990604, 16.543660014642146, 38.14198996275121, 52.48255840242949, 32.31583451626098, 39.897524718713704, 47.773225013788725, 61.446045921193516, 76.64807609008267, 28.579831439630457, 58.28737560173646, 40.28602595017963, 32.80998816375144, 47.44889555735785, 53.45633773090149, 8.359874879368784, 45.048352962773414, 29.30937652459362, 48.055051190484406, 79.06502336920923, 29.285835320746372, 42.43194488445844, 40.879035422855935, 29.308549064971896, 66.82846703453083, 34.32101201225726, 29.20154881938321, 8.67254241324486, 7.1477939683754546, 32.05266172950477, 58.77614987509, 59.83912108045778, 31.992380816956075, 40.24595231602803, 49.359967770680136, 74.0114301983512, 51.5094456133381, 77.20416049061814, 40.0304827575334, 100.00793363624955, 42.13594433951012, 70.18418516383943, 42.70454700651198, 65.9217848719591, 41.539791616943255, 77.74111991457048, 27.44671442050929, 27.90859768849591, 31.944132816970768, 60.90294738829547, 12.087694022370414, 58.483438915586184, 27.764393116867133, 53.36860680862041, 74.31922821036765, 25.09285317206345, 64.8250139457368, 23.635369576031497, 74.5194631488465, 15.508522008232356, 71.76064959974035], [34.41013725407801, 81.23979569694602, 7.52045733634096, 39.692214513947796, 31.726927191604343, 21.383524463165646, 78.37849099150651, 31.912624257408048, 17.577892843275468, 84.86210349522716, 30.544971515001123, 39.138607131132034, 56.93366403095188, 62.38112072000219, 41.692610444587125, 78.04134325395628, 16.89011818842583, 1.5432513053686525, 40.172598346990604, 0.0, 50.639945278351284, 26.288232169005692, 39.740101373291424, 32.973456189369394, 74.1806513344787, 11.359564753455059, 39.67866830473669, 52.96311118388879, 62.26999393444429, 52.16587203000713, 52.19150148038593, 12.330000437398711, 12.31333912540038, 87.74775078346762, 46.10442343358907, 18.81049612793725, 20.774519498148777, 41.14744844720644, 79.37656867192582, 11.028134041835678, 37.437758526313395, 14.254179202053736, 11.754781611843026, 50.0055988162609, 13.672513315265252, 45.2818511185299, 33.46241822175867, 46.142536196889374, 9.085499675062117, 67.00675565259856, 88.7203321525425, 22.686168347242806, 10.948770985077598, 82.1754300269184, 70.32262483225017, 77.27544684773476, 56.20785255715623, 36.76392460515396, 95.2959008028494, 64.84956483387042, 82.52667611295229, 27.94714962168561, 53.13426920952176, 15.922487874301835, 50.55150521207853, 66.07943489287062, 62.568259291372705, 14.12482080568799, 36.862234298718676, 50.61907964738744, 91.95371269074359, 42.66618500272801, 57.271098644487516, 35.3285977943257, 15.300257481893384, 73.28114341015953, 26.876402009311548, 73.99847266875292, 49.117843350349645, 73.94798758628656], [33.65282805350617, 97.40809612455782, 54.72096788029957, 29.588146170882208, 82.30248186727638, 60.60777757580074, 102.95196596456913, 22.27980769225991, 34.979526213757964, 101.97653982775155, 32.31784463568447, 40.389371985952934, 74.40178503783825, 100.67892080427454, 90.65855190213486, 65.54369592067005, 67.38280102469541, 49.46049059687998, 16.543660014642146, 50.639945278351284, 0.0, 53.966436648874485, 68.80327221044966, 30.244865824010695, 46.6497692101779, 60.05748139534994, 77.2004181651394, 92.4552492356543, 37.66979692419631, 74.82751814857232, 56.007996564329495, 40.37747925202902, 54.75810627149334, 58.807300220496074, 20.7410830142579, 59.397435665299874, 33.833229177529304, 64.55788612773583, 95.05344840910209, 40.82799279459335, 58.91935300700046, 54.71428231022109, 41.607962197915214, 83.11945704349024, 48.15174471041807, 45.07821244900077, 18.052930668409562, 10.373037519434446, 44.05845969687237, 74.2344593357049, 68.61873957904335, 47.49860695929113, 47.299608475200145, 56.32070581651807, 90.37120090849479, 62.49869988544731, 93.29685010278098, 56.53270186393372, 116.2290335924773, 55.15826688318506, 84.49219777608856, 58.51579634698952, 82.40011490452369, 55.650651781745566, 93.0825874173624, 30.61838506821851, 36.290287160621595, 38.94812758052735, 76.36032390095544, 7.589427795640537, 64.17200711127872, 19.94969472288096, 69.50268621148044, 85.91742983076638, 35.588343776054586, 80.05420101557125, 39.6355595856258, 90.64822502382958, 1.5232233623660938, 87.67046911489477], [22.687443138672723, 55.499999803036864, 33.38194646338364, 57.06064023078204, 42.16215371388946, 11.344086160887336, 54.699146600960766, 44.68682414993352, 23.351803700389244, 59.35053357796995, 49.298758842293914, 21.445461533222886, 30.81047263855825, 46.74495693076853, 43.34148968573482, 55.63873580278298, 34.97537422328842, 25.18165289599841, 38.14198996275121, 26.288232169005692, 53.966436648874485, 0.0, 16.132427780884086, 50.797138559558356, 58.30420638196983, 22.82859152479521, 23.305242628547045, 38.527744627278295, 47.637500024850404, 26.80079118293245, 28.027277640425364, 32.98066552449189, 38.560301400960626, 70.66398810543194, 39.33428298582957, 12.512302725801566, 38.90396118073157, 15.274991073867083, 53.530130055728705, 22.56525632406817, 11.14963443891511, 13.242305952201459, 20.246329531906813, 29.777784899562874, 13.111251177815893, 24.856192884771477, 36.76027046653579, 45.281256176022005, 20.55404973940786, 40.93506629061501, 67.93288279978398, 6.807303283690637, 36.103319946388154, 64.36860933666625, 45.049652421494805, 55.71737751162906, 39.40812084171426, 10.670997157639604, 70.86594180254758, 43.16588050265292, 56.62326618022436, 4.5637104168420155, 30.55297431212123, 12.067388478865283, 39.77111468838478, 55.88867803398642, 48.66720607370572, 34.17757313393924, 22.922277509153353, 50.19716628869881, 73.93205121757764, 55.70310960910195, 31.03523894654975, 45.265363414427675, 26.50797893176207, 47.11687872057898, 14.517979911892066, 48.18315854150749, 52.66733707754669, 47.799726610906475], [35.73295160287461, 41.94868234243338, 45.91504110742701, 73.15478790641534, 44.88700397383628, 18.92763676395971, 38.988348752129916, 60.8081857234128, 39.481790695730666, 45.322954059512696, 65.25217894719864, 31.38360934523437, 19.507687245848317, 32.56947713517538, 40.51110943391192, 55.25397965093401, 43.26408246770943, 38.963972666129834, 52.48255840242949, 39.740101373291424, 68.80327221044966, 16.132427780884086, 0.0, 66.83545047260742, 64.34552771511296, 32.56115407986093, 12.7760336582702, 25.774641192123415, 55.44689954181755, 13.05266204483019, 28.332436187573272, 48.3190211694762, 51.393847513899715, 75.00462808134789, 52.0623198819041, 21.490570060020975, 54.772731759215155, 6.95837034920176, 40.26252070928929, 38.253283551694686, 10.932138869090616, 25.487048725520047, 35.98459580812586, 14.351846294155353, 28.19408495822977, 31.386279265264925, 52.26233184015336, 59.48047966731683, 35.843159777069026, 33.41775321183127, 68.80988702520693, 22.877106425258734, 50.38206056133901, 68.42599836094513, 30.719167533706205, 56.43703419705323, 25.111871668284394, 13.336648252171317, 55.63142136579994, 44.89709913410947, 48.94317736554772, 12.44520968356505, 14.421862758653734, 23.827119134903658, 29.30683887625213, 65.75472143558909, 56.87754858324821, 49.66448375189898, 15.077606845014625, 64.265236422133, 77.29881563620614, 71.78009451552286, 23.291775769541882, 47.13931843452364, 42.52878337273868, 38.55681748091477, 29.302473423804322, 34.9066854710641, 67.59314432539934, 35.77471089601694], [41.647519549667486, 104.53534991763259, 33.09661135729158, 6.735131458853319, 62.45180802122423, 51.602849192553506, 105.43400601912802, 10.033733291081736, 27.666476793272512, 108.74218333475322, 2.8177499902978846, 49.61839222229578, 79.58381802334706, 94.12059661531833, 74.19247985725218, 85.50883656649935, 46.66666829546366, 32.596371393940316, 32.31583451626098, 32.973456189369394, 30.244865824010695, 50.797138559558356, 66.83545047260742, 0.0, 72.01494501754588, 44.32510015750672, 70.4986655303051, 84.85688593378542, 60.88794642798322, 77.09488382695407, 66.8177436204985, 20.730268498590235, 30.600047043832095, 85.36677223425606, 40.66025582852004, 49.39563552242797, 12.56431282474294, 65.47515115839983, 102.35986325456287, 28.90681948664492, 60.229551273075984, 44.08027394776577, 31.046806930241658, 79.57215931153193, 39.166902508435705, 56.33302135077064, 24.189335533034704, 33.23809851660476, 31.83458910388608, 84.96589292532732, 92.11802870839728, 44.30763856137677, 24.288764728185086, 81.57826030573311, 95.02280773356301, 83.3218173301904, 87.44559228221124, 58.46055693894161, 121.22841866879328, 72.94758660428623, 98.53699350817223, 54.460486663845835, 81.22345270959153, 45.63230302863633, 83.14225790500812, 58.02250059001425, 60.154989757496686, 18.966732930408227, 68.27495580603767, 35.07751793433466, 90.51346704811746, 12.579491753960236, 77.18256756515595, 65.82968417830608, 24.30677408963489, 91.3957413957099, 41.017845146512364, 97.2263830300028, 29.034484004876305, 95.71839040294397], [39.85801190013817, 70.7127492253547, 81.18974710219507, 73.90294409654285, 