instance_id,num_cities,city_coordinates,distance_matrix,best_route,total_distance
1875,34,"[[75.83069393462333, 17.715389827972416], [53.43404146592107, 42.77534865929088], [34.185151320486604, 23.206613378403574], [23.94161422240747, 42.48894563498244], [92.12874449075173, 42.413559364691125], [45.62255220322039, 92.35191246405392], [93.94599736924711, 95.66543832515612], [42.3900207343687, 72.37594108720128], [66.64920404873061, 8.214096291792504], [48.140737578655276, 73.66830435458299], [80.74539769245585, 66.49627825983814], [79.86590237643745, 38.495297432390664], [47.462118610687895, 15.62294085674183], [27.60908807162208, 30.368562015281718], [29.262875378657483, 54.417453502346625], [93.55055987625185, 27.007064167374427], [17.75890948924863, 85.88110335018087], [31.38781686861978, 91.95461325940173], [20.264469538820563, 71.20992758608952], [57.53464173013862, 12.235891571539748], [17.523590474986484, 53.99531180115489], [74.88895157600348, 58.06176701191422], [56.498106813061554, 67.12127097742163], [3.170783550735068, 43.717526624802616], [75.11293915036502, 14.525335417254958], [95.69139430451725, 55.97380482788468], [6.164419643849451, 38.601212911852656], [5.048119744391144, 79.0861160108505], [68.65348944120338, 17.076582312276546], [73.52582292410015, 56.256053506877755], [24.93379964637302, 26.36316795274576], [30.509044292299293, 29.28546501343211], [25.64084352183693, 0.41597725085115167], [41.60786933766437, 20.113182550008634]]","[[0.0, 33.60969470898543, 42.00600856671207, 57.49961443960935, 29.59097886847641, 80.51796282861878, 80.02733457539232, 64.0785025421866, 13.212658149872963, 62.429659033328086, 49.0278429999667, 21.168076606462083, 28.445639535911337, 49.85404736235899, 59.292522319590816, 20.00821983632698, 89.54829227105257, 86.52532356255934, 77.13151666834591, 19.09896404026874, 68.6727824704446, 40.35736649657555, 53.05365224907968, 77.1723635441843, 3.2698041338379267, 43.10630739796922, 72.7296870572704, 93.68318334263371, 7.205576963885477, 38.609521975616886, 51.62632966505207, 46.775191780459444, 53.0875763241395, 34.30672140167388], [33.60969470898543, 0.0, 27.44913791586992, 29.493817850632297, 38.696394323935735, 50.18819625359164, 66.62266998534582, 31.593756756711056, 37.00163087351692, 31.34316157687709, 36.17447553243584, 26.776148149010783, 27.80138687304615, 28.650594629914387, 26.828788179766587, 43.10422073514868, 55.95374097434577, 53.89467585580572, 43.68919523831305, 30.813525629851153, 37.62244095320108, 26.34364731549404, 24.53797933759021, 50.27208763883995, 35.60951913446451, 44.2705671316723, 47.45356210485901, 60.49520019390886, 29.867343176632918, 24.195228565793325, 32.88804432186577, 26.599482254160026, 50.66338123415357, 25.562318360662367], [42.00600856671207, 27.44913791586992, 0.0, 21.834339686210466, 61.043974015469885, 70.08485231914524, 93.9235861385615, 49.84919928578592, 35.75877917567282, 52.3559036211258, 63.575558414892306, 48.17130761291823, 15.290191278753921, 9.723071332163894, 31.59660332519689, 59.48693267594418, 64.79130430791407, 68.80488767284866, 49.981031964018435, 25.798361175741935, 35.00787854719894, 53.588068541949205, 49.258147903190846, 37.183175904684504, 41.838360432577524, 69.6900764922637, 31.97116041824831, 63.01972249634258, 35.00919327370654, 51.38048204356363, 9.775036807036829, 7.1039566498802085, 24.33964442748832, 8.041520817146443], [57.49961443960935, 29.493817850632297, 21.834339686210466, 0.0, 68.18717194107627, 54.37258990267926, 87.91105183421263, 35.12230345509137, 54.76041933980992, 39.46834150780127, 61.66864548757823, 56.06670341210586, 35.7070908843547, 12.663098496157355, 13.06158949878553, 71.30984482395769, 43.83041397246983, 50.02297679444898, 28.955417407798663, 45.20772917655529, 13.175260573229577, 53.274233444123276, 40.824951458404534, 20.80713382568187, 58.31353180258938, 73.00597488756326, 18.197338069355272, 41.18636926352149, 51.42898011069619, 51.459955419038394, 16.156272397197704, 14.746628029708164, 42.10726836146167, 28.5091449088221], [29.59097886847641, 38.696394323935735, 61.043974015469885, 68.18717194107627, 0.0, 68.23976136653378, 53.28287737016849, 58.06621185680355, 42.64751171652511, 53.96113264639481, 26.637528671273987, 12.873619277060934, 52.08497583322914, 65.63435095732886, 64.0016482107063, 15.471963458313471, 86.14116169567997, 78.3822448606551, 77.41902115829885, 45.90690121589199, 75.49878141543468, 23.282544154666933, 43.359120775872434, 88.96751736010718, 32.6694148451466, 14.020439747653596, 86.04881830600702, 94.48762679410588, 34.54055595667111, 23.187999803593698, 69.08527829513135, 63.002653228596, 78.64119708308714, 55.22377778014347], [80.51796282861878, 50.18819625359164, 70.08485231914524, 54.37258990267926, 68.23976136653378, 0.0, 48.43691573940463, 20.235826944949704, 86.72538381621355, 18.852545440161187, 43.61339353183746, 63.821172143375286, 76.7510201136323, 64.54781656164435, 41.31176832963697, 81.03729461440714, 28.605138627177706, 14.24027867368277, 33.01538854829079, 80.99675722241652, 47.54766518576764, 45.08143972164305, 27.474769478534448, 64.55583744081788, 83.22655235628625, 61.889059328392705, 66.67894665802616, 42.68800680394811, 78.71975228314045, 45.623497792026654, 69.15590274544293, 64.85210031614642, 94.0823302504455, 72.35020233631259], [80.02733457539232, 66.62266998534582, 93.9235861385615, 87.91105183421263, 53.28287737016849, 48.43691573940463, 0.0, 56.572249454770976, 91.6125108760771, 50.813342021588696, 32.017116215284645, 58.87846877004527, 92.5610738130319, 93.08204762997194, 76.71572539181403, 68.65951290826939, 76.81279561724813, 62.66814318469712, 77.63401025925765, 91.02898489487563, 87.04472252835438, 42.15693407495517, 47.08623999305448, 104.58835964783223, 83.29706106328479, 39.72999094064043, 104.69924168770439, 90.43067275325059, 82.55858069700129, 44.385618573197576, 97.8033134066108, 91.81801496739118, 117.2094444874811, 91.90986344546299], [64.0785025421866, 31.593756756711056, 49.84919928578592, 35.12230345509137, 58.06621185680355, 20.235826944949704, 56.572249454770976, 0.0, 68.59482708360697, 5.894145149047392, 38.8034196503406, 50.52068605348313, 56.97919981910498, 44.53196455213486, 22.24475716939498, 68.3793518414335, 28.090586482287762, 22.458247792960083, 22.156254268075106, 62.017619277522556, 30.92227169526498, 35.511633098281756, 15.054887936029909, 48.574203902531764, 66.46414045212333, 55.76797018301561, 49.52803688506256, 37.940005496194345, 61.21918710202489, 35.061217229302734, 49.21275186570913, 44.698397392759865, 73.88349837836329, 52.268610950782595], [13.212658149872963, 37.00163087351692, 35.75877917567282, 54.76041933980992, 42.64751171652511, 86.72538381621355, 91.6125108760771, 68.59482708360697, 0.0, 68.02070776021792, 59.962616772434004, 33.03985861354391, 20.567820142016267, 44.8882056558217, 59.43473554204473, 32.8155235663179, 91.77377014986723, 90.86165091978096, 78.23054618251346, 9.962433614920315, 67.15091661706127, 50.524090447378455, 59.77541304358535, 72.73240979323622, 10.557772074136027, 55.89667766787024, 67.68889126722414, 93.90173995474676, 9.08629838810914, 48.53161382246803, 45.49245834868294, 41.83436060254381, 41.743218535234966, 27.724658661417617], [62.429659033328086, 31.34316157687709, 52.3559036211258, 39.46834150780127, 53.96113264639481, 18.852545440161187, 50.813342021588696, 5.894145149047392, 68.02070776021792, 0.0, 33.38415521531374, 47.3669346421639, 58.04933029157353, 47.92093820168315, 26.962361539322828, 65.1100859844899, 32.744586382502, 24.80019043634926, 27.984458832798225, 62.14649447517913, 36.39280605799629, 30.9682250036396, 10.616462054840369, 54.03097122847196, 65.00300325636262, 50.7361830310587, 54.696546231153505, 43.43185921593419, 60.194650864409404, 30.782934193785554, 52.69096600167079, 47.75681141079816, 76.6299462265254, 53.95210319308176], [49.0278429999667, 36.17447553243584, 63.575558414892306, 61.66864548757823, 26.637528671273987, 43.61339353183746, 32.017116215284645, 38.8034196503406, 59.962616772434004, 33.38415521531374, 0.0, 28.01478965314534, 60.79369313476629, 64.2547996741745, 52.88050785793322, 41.51349429033593, 65.90196613118567, 55.5364529451739, 60.6643318622736, 59.01634312549291, 64.44587706163976, 10.268346561460863, 24.255344377827136, 80.84981314318233, 52.275266514628306, 18.27854649182798, 79.62698636426654, 76.73709600540914, 50.8775057634132, 12.52934407010282, 68.74300705801836, 62.51668437628732, 86.04137418580088, 60.688859713701255], [21.168076606462083, 26.776148149010783, 48.17130761291823, 56.06670341210586, 12.873619277060934, 63.821172143375286, 58.87846877004527, 50.52068605348313, 33.03985861354391, 47.3669346421639, 28.01478965314534, 0.0, 39.662953718313524, 52.884955042314715, 53.04885856692944, 17.86755032002575, 78.11973609765847, 72.16663511066174, 67.98954200750478, 34.470880438680794, 64.24028563642672, 20.189521318653423, 36.952675557969314, 76.87270601082471, 24.43664744672324, 23.578473562554, 73.70155883745441, 85.1194170025005, 24.176012103463414, 18.8584480750506, 56.25588392388143, 50.20876868758139, 66.26003043519594, 42.44501430727693], [28.445639535911337, 27.80138687304615, 15.290191278753921, 35.7070908843547, 52.08497583322914, 76.7510201136323, 92.5610738130319, 56.97919981910498, 20.567820142016267, 58.04933029157353, 60.79369313476629, 39.662953718313524, 0.0, 24.73006601156291, 42.8512154510067, 47.473599840764415, 76.27902745228491, 78.00581637469121, 61.88396568324563, 10.626750437093046, 48.66985020346601, 50.530041875465194, 52.28505606779009, 52.450244145017386, 27.672596810169832, 62.88286934586456, 47.259929396839944, 76.33165726270653, 21.24116925118934, 48.27387001448735, 24.957516571799488, 21.773178343479223, 26.597364317055764, 7.377974316480644], [49.85404736235899, 28.650594629914387, 9.723071332163894, 12.663098496157355, 65.63435095732886, 64.54781656164435, 93.08204762997194, 44.53196455213486, 44.8882056558217, 47.92093820168315, 64.2547996741745, 52.884955042314715, 24.73006601156291, 0.0, 24.105688005396864, 66.02709573760055, 56.379679526967294, 61.701867874195145, 41.4965126616772, 34.99046297478938, 25.68930842229896, 54.79323950980127, 46.7475883859157, 27.846464479388544, 50.07617893118253, 72.73808412023286, 22.97064093058612, 53.687962889026416, 43.14301343453408, 52.711561874414535, 4.8166741382898115, 3.0956170947421917, 30.017183756611093, 17.353347945317104], [59.292522319590816, 26.828788179766587, 31.59660332519689, 13.06158949878553, 64.0016482107063, 41.31176832963697, 76.71572539181403, 22.24475716939498, 59.43473554204473, 26.962361539322828, 52.88050785793322, 53.04885856692944, 42.8512154510067, 24.105688005396864, 0.0, 69.88730801481047, 33.50078346743255, 37.59725706700477, 19.05146958928859, 50.779690227050786, 11.746872505711588, 45.771386805754965, 30.052367789004126, 28.200810114986492, 60.77507246548165, 66.44674827357478, 27.99450166995789, 34.56728656382647, 54.27670897777281, 44.30111708960928, 28.38633182350968, 25.16286514624793, 54.12280990592278, 36.457946752653754], [20.00821983632698, 43.10422073514868, 59.48693267594418, 71.30984482395769, 15.471963458313471, 81.03729461440714, 68.65951290826939, 68.3793518414335, 32.8155235663179, 65.1100859844899, 41.51349429033593, 17.86755032002575, 47.473599840764415, 66.02709573760055, 69.88730801481047, 0.0, 95.97148929804285, 89.9021176129584, 85.58471926319395, 38.92728991033753, 80.67506173956856, 36.230514668088375, 54.60800184953811, 91.91160712440818, 22.26520627847877, 29.045743862784857, 88.15192448169344, 102.68841000915857, 26.8044508640299, 35.44705160355723, 68.6197813081614, 63.082674305525835, 72.93020964414667, 52.398174626047044], [89.54829227105257, 55.95374097434577, 64.79130430791407, 43.83041397246983, 86.14116169567997, 28.605138627177706, 76.81279561724813, 28.090586482287762, 91.77377014986723, 32.744586382502, 65.90196613118567, 78.11973609765847, 76.27902745228491, 56.379679526967294, 33.50078346743255, 95.97148929804285, 0.0, 14.920946316265645, 14.883589266802284, 83.70021561035476, 31.886659871275473, 63.543348850497196, 43.042498997471554, 44.615923398208295, 91.54851356338779, 83.47406000898611, 48.68079944531913, 14.413050644455328, 85.5822433904448, 63.14738484108758, 59.94884221350784, 58.01406912327413, 85.82780821661707, 69.9585040736941], [86.52532356255934, 53.89467585580572, 68.80488767284866, 50.02297679444898, 78.3822448606551, 14.24027867368277, 62.66814318469712, 22.458247792960083, 90.86165091978096, 24.80019043634926, 55.5364529451739, 72.16663511066174, 78.00581637469121, 61.701867874195145, 37.59725706700477, 89.9021176129584, 14.920946316265645, 0.0, 23.538709384838327, 83.89714558842711, 40.41194551975911, 55.14593137835075, 35.31602398328433, 55.88396457174845, 88.92232220151438, 73.6856067793432, 59.015295442829064, 29.31514738206289, 83.6388060101628, 55.22679352213222, 65.90820916791094, 62.6753091984093, 91.71886166407945, 72.56473412645121], [77.13151666834591, 43.68919523831305, 49.981031964018435, 28.955417407798663, 77.41902115829885, 33.01538854829079, 77.63401025925765, 22.156254268075106, 78.23054618251346, 27.984458832798225, 60.6643318622736, 67.98954200750478, 61.88396568324563, 41.4965126616772, 19.05146958928859, 85.58471926319395, 14.883589266802284, 23.538709384838327, 0.0, 69.7639065636086, 17.431449012215953, 56.18459009652751, 36.463592568271025, 32.37323294444717, 78.87647056046319, 76.95037632340178, 35.52660523813759, 17.133932565782178, 72.60796318343499, 55.32079278543064, 45.0891837724327, 43.15798737065673, 70.99780842584828, 55.37524779407802], [19.09896404026874, 30.813525629851153, 25.798361175741935, 45.20772917655529, 45.90690121589199, 80.99675722241652, 91.02898489487563, 62.017619277522556, 9.962433614920315, 62.14649447517913, 59.01634312549291, 34.470880438680794, 10.626750437093046, 34.99046297478938, 50.779690227050786, 38.92728991033753, 83.70021561035476, 83.89714558842711, 69.7639065636086, 0.0, 57.833670127841636, 49.00186659815112, 54.895166245871984, 62.82135323102433, 17.726762065211503, 58.04259490272556, 57.74105893186088, 84.99286733453916, 12.126873515845089, 46.834736390754784, 35.530196207192596, 31.954199589766425, 34.01359637998145, 17.768336782072407], [68.6727824704446, 37.62244095320108, 35.00787854719894, 13.175260573229577, 75.49878141543468, 47.54766518576764, 87.04472252835438, 30.92227169526498, 67.15091661706127, 36.39280605799629, 64.44587706163976, 64.24028563642672, 48.66985020346601, 25.68930842229896, 11.746872505711588, 80.67506173956856, 31.886659871275473, 40.41194551975911, 17.431449012215953, 57.833670127841636, 0.0, 57.50930978746994, 41.12546325676954, 17.653213156139195, 69.8169901714471, 78.192838484025, 19.13136279998293, 28.02116746031864, 63.065514787152274, 56.047845563808735, 28.60850526719066, 27.914127948304202, 54.19072695471039, 41.56983486768517], [40.35736649657555, 26.34364731549404, 53.588068541949205, 53.274233444123276, 23.282544154666933, 45.08143972164305, 42.15693407495517, 35.511633098281756, 50.524090447378455, 30.9682250036396, 10.268346561460863, 20.189521318653423, 50.530041875465194, 54.79323950980127, 45.771386805754965, 36.230514668088375, 63.543348850497196, 55.14593137835075, 56.18459009652751, 49.00186659815112, 57.50930978746994, 0.0, 20.50116541067051, 73.13858665016625, 43.53700777993262, 20.906965575019075, 71.42670687617539, 72.93671943377099, 41.45680104515952, 2.2624590568474052, 59.16348862792303, 52.89283247490179, 75.8182908280815, 50.47499873816217], [53.05365224907968, 24.53797933759021, 49.258147903190846, 40.824951458404534, 43.359120775872434, 27.474769478534448, 47.08623999305448, 15.054887936029909, 59.77541304358535, 10.616462054840369, 24.255344377827136, 36.952675557969314, 52.28505606779009, 46.7475883859157, 30.052367789004126, 54.60800184953811, 43.042498997471554, 35.31602398328433, 36.463592568271025, 54.895166245871984, 41.12546325676954, 20.50116541067051, 0.0, 58.23691832546958, 55.79287069505498, 40.747758048056696, 57.85217174930889, 52.822899258184606, 51.499749421019835, 20.1989125113293, 51.55122160611868, 45.90184727930625, 73.4967135930036, 49.31003497943601], [77.1723635441843, 50.27208763883995, 37.183175904684504, 20.80713382568187, 88.96751736010718, 64.55583744081788, 104.58835964783223, 48.574203902531764, 72.73240979323622, 54.03097122847196, 80.84981314318233, 76.87270601082471, 52.450244145017386, 27.846464479388544, 28.200810114986492, 91.91160712440818, 44.615923398208295, 55.88396457174845, 32.37323294444717, 62.82135323102433, 17.653213156139195, 73.13858665016625, 58.23691832546958, 0.0, 77.63927987700164, 93.32887961206981, 5.92777555810921, 35.41837808741206, 70.69458737838907, 71.46360067615032, 27.835276799367232, 30.913830282385682, 48.78450341337576, 45.106259244067495], [3.2698041338379267, 35.60951913446451, 41.838360432577524, 58.31353180258938, 32.6694148451466, 83.22655235628625, 83.29706106328479, 66.46414045212333, 10.557772074136027, 65.00300325636262, 52.275266514628306, 24.43664744672324, 27.672596810169832, 50.07617893118253, 60.77507246548165, 22.26520627847877, 91.54851356338779, 88.92232220151438, 78.87647056046319, 17.726762065211503, 69.8169901714471, 43.53700777993262, 55.79287069505498, 77.63927987700164, 0.0, 46.27578668175574, 73.03113184988463, 95.2742006486862, 6.94502348912844, 41.76088804361378, 51.55657397945887, 46.98264426578528, 51.444749331162015, 33.9678338834399], [43.10630739796922, 44.2705671316723, 69.6900764922637, 73.00597488756326, 14.020439747653596, 61.889059328392705, 39.72999094064043, 55.76797018301561, 55.89667766787024, 50.7361830310587, 18.27854649182798, 23.578473562554, 62.88286934586456, 72.73808412023286, 66.44674827357478, 29.045743862784857, 83.47406000898611, 73.6856067793432, 76.95037632340178, 58.04259490272556, 78.192838484025, 20.906965575019075, 40.747758048056696, 93.32887961206981, 46.27578668175574, 0.0, 91.19696344600972, 93.54347733113545, 47.37132274727342, 22.167368335848046, 76.70350068906619, 70.4344108739967, 89.40778416914414, 64.89231004515634], [72.7296870572704, 47.45356210485901, 31.97116041824831, 18.197338069355272, 86.04881830600702, 66.67894665802616, 104.69924168770439, 49.52803688506256, 67.68889126722414, 54.696546231153505, 79.62698636426654, 73.70155883745441, 47.259929396839944, 22.97064093058612, 27.99450166995789, 88.15192448169344, 48.68079944531913, 59.015295442829064, 35.52660523813759, 57.74105893186088, 19.13136279998293, 71.42670687617539, 57.85217174930889, 5.92777555810921, 73.03113184988463, 91.19696344600972, 0.0, 40.500290176747825, 66.09231094905654, 69.63657119876247, 22.406681371864362, 26.066144866106274, 42.865409242899595, 39.97555994427665], [93.68318334263371, 60.49520019390886, 63.01972249634258, 41.18636926352149, 94.48762679410588, 42.68800680394811, 90.43067275325059, 37.940005496194345, 93.90173995474676, 43.43185921593419, 76.73709600540914, 85.1194170025005, 76.33165726270653, 53.687962889026416, 34.56728656382647, 102.68841000915857, 14.413050644455328, 29.31514738206289, 17.133932565782178, 84.99286733453916, 28.02116746031864, 72.93671943377099, 52.822899258184606, 35.41837808741206, 95.2742006486862, 93.54347733113545, 40.500290176747825, 0.0, 88.83031759361631, 72.18315306706705, 56.348465082038366, 55.93177557168145, 81.32066776098026, 69.38603729353424], [7.205576963885477, 29.867343176632918, 35.00919327370654, 51.42898011069619, 34.54055595667111, 78.71975228314045, 82.55858069700129, 61.21918710202489, 9.08629838810914, 60.194650864409404, 50.8775057634132, 24.176012103463414, 21.24116925118934, 43.14301343453408, 54.27670897777281, 26.8044508640299, 85.5822433904448, 83.6388060101628, 72.60796318343499, 12.126873515845089, 63.065514787152274, 41.45680104515952, 51.499749421019835, 70.69458737838907, 6.94502348912844, 47.37132274727342, 66.09231094905654, 88.83031759361631, 0.0, 39.48126893423187, 44.69509982776594, 40.050661823849154, 46.12660262795846, 27.215556356406676], [38.609521975616886, 24.195228565793325, 51.38048204356363, 51.459955419038394, 23.187999803593698, 45.623497792026654, 44.385618573197576, 35.061217229302734, 48.53161382246803, 30.782934193785554, 12.52934407010282, 18.8584480750506, 48.27387001448735, 52.711561874414535, 44.30111708960928, 35.44705160355723, 63.14738484108758, 55.22679352213222, 55.32079278543064, 46.834736390754784, 56.047845563808735, 2.2624590568474052, 20.1989125113293, 71.46360067615032, 41.76088804361378, 22.167368335848046, 69.63657119876247, 72.18315306706705, 39.48126893423187, 0.0, 57.050585737357764, 50.772589923502444, 73.5600799933907, 48.21890585808394], [51.62632966505207, 32.88804432186577, 9.775036807036829, 16.156272397197704, 69.08527829513135, 69.15590274544293, 97.8033134066108, 49.21275186570913, 45.49245834868294, 52.69096600167079, 68.74300705801836, 56.25588392388143, 24.957516571799488, 4.8166741382898115, 28.38633182350968, 68.6197813081614, 59.94884221350784, 65.90820916791094, 45.0891837724327, 35.530196207192596, 28.60850526719066, 59.16348862792303, 51.55122160611868, 27.835276799367232, 51.55657397945887, 76.70350068906619, 22.406681371864362, 56.348465082038366, 44.69509982776594, 57.050585737357764, 0.0, 6.294694033297063, 25.95682215453804, 17.80693453698496], [46.775191780459444, 26.599482254160026, 7.1039566498802085, 14.746628029708164, 63.002653228596, 64.85210031614642, 91.81801496739118, 44.698397392759865, 41.83436060254381, 47.75681141079816, 62.51668437628732, 50.20876868758139, 21.773178343479223, 3.0956170947421917, 25.16286514624793, 63.082674305525835, 58.01406912327413, 62.6753091984093, 43.15798737065673, 31.954199589766425, 27.914127948304202, 52.89283247490179, 45.90184727930625, 30.913830282385682, 46.98264426578528, 70.4344108739967, 26.066144866106274, 55.93177557168145, 40.050661823849154, 50.772589923502444, 6.294694033297063, 0.0, 29.277067858912066, 14.398426406258736], [53.0875763241395, 50.66338123415357, 24.33964442748832, 42.10726836146167, 78.64119708308714, 94.0823302504455, 117.2094444874811, 73.88349837836329, 41.743218535234966, 76.6299462265254, 86.04137418580088, 66.26003043519594, 26.597364317055764, 30.017183756611093, 54.12280990592278, 72.93020964414667, 85.82780821661707, 91.71886166407945, 70.99780842584828, 34.01359637998145, 54.19072695471039, 75.8182908280815, 73.4967135930036, 48.78450341337576, 51.444749331162015, 89.40778416914414, 42.865409242899595, 81.32066776098026, 46.12660262795846, 73.5600799933907, 25.95682215453804, 29.277067858912066, 0.0, 25.355981740024532], [34.30672140167388, 25.562318360662367, 8.041520817146443, 28.5091449088221, 55.22377778014347, 72.35020233631259, 91.90986344546299, 52.268610950782595, 27.724658661417617, 53.95210319308176, 60.688859713701255, 42.44501430727693, 7.377974316480644, 17.353347945317104, 36.457946752653754, 52.398174626047044, 69.9585040736941, 72.56473412645121, 55.37524779407802, 17.768336782072407, 41.56983486768517, 50.47499873816217, 49.31003497943601, 45.106259244067495, 33.9678338834399, 64.89231004515634, 39.97555994427665, 69.38603729353424, 27.215556356406676, 48.21890585808394, 17.80693453698496, 14.398426406258736, 25.355981740024532, 0.0]]",Route_0,1736.0014745903377
