instance_id,num_cities,city_coordinates,distance_matrix,best_route,total_distance
2064,23,"[[99.80838672114332, 51.181460423131554], [99.64202499253709, 87.60464963804657], [54.8705364640961, 64.43992207861207], [92.27211105807844, 89.66323243841403], [59.78340136639325, 19.338237279563508], [48.500283398806644, 56.95390437772203], [80.78237832322516, 15.535084940357535], [86.19310539498257, 16.68143864400061], [22.7874487703564, 17.03721732533695], [43.565322651333716, 4.006481840772313], [36.689325274082876, 78.16469497513219], [24.31877823408225, 70.30356220003613], [93.54918162235509, 10.515225999611733], [95.66131494077727, 60.37047518837316], [93.7898056955618, 64.21549665124044], [12.782257529000606, 23.613243324472045], [2.133457292458507, 31.69262588232472], [79.18987121305462, 59.76926698814988], [91.53721385274265, 57.40363836023871], [92.36209082959768, 92.4467631944335], [64.55975442137714, 8.186983188421436], [27.447842631688, 90.1619587446392], [63.9131838797773, 20.773838982099036]]","[[0.0, 36.42356913881788, 46.85293151121545, 39.21278144056962, 51.146752710402104, 51.6317981068301, 40.40610202205312, 37.08945117349422, 84.24995085779139, 73.40817979085683, 68.64481673692539, 77.87384519783302, 41.14511235441417, 10.081477902933514, 14.356511343538337, 91.28830021512252, 99.60023348696281, 22.33547857905593, 10.35025598234123, 41.931760460439406, 55.59668291984807, 82.19201658503742, 47.043480193582106], [36.42356913881788, 0.0, 50.40923316174476, 7.6520189850324165, 79.05069850209446, 59.623367216664356, 74.49636520130142, 72.18708538268773, 104.33785693361655, 100.66404623561058, 63.656540479983235, 77.28466295955984, 77.3298259227295, 27.523559189745523, 24.11018349453425, 107.88660382924571, 112.40140201697314, 34.541266935156976, 31.269618574808575, 8.743197647867655, 86.82126152465183, 72.23946149175113, 75.78197239576141], [46.85293151121545, 50.40923316174476, 0.0, 45.11200691186458, 45.368471577307425, 9.829577057730848, 55.34533985848956, 57.113711702219035, 57.23933030609603, 61.48177419636508, 22.779943621460422, 31.10935882365294, 66.3619653000954, 40.993267821999154, 38.91991629338074, 58.63651525979482, 62.077249679113095, 24.76378528428079, 37.33570033210212, 46.79743366925398, 57.08129359437485, 37.59823542766917, 44.592558631187636], [39.21278144056962, 7.6520189850324165, 45.11200691186458, 0.0, 77.46690391078599, 54.64314265134249, 75.01330688492527, 73.23453103080699, 100.51197124941726, 98.5364407711482, 56.75969026786559, 70.65728747714232, 79.15830867611328, 29.488172718368336, 25.492953020520023, 103.35007438810145, 107.17074286930745, 32.631184007086155, 32.267963741008735, 2.7849847089327073, 86.0601760526124, 64.8261868764872, 74.49816965189925], [51.146752710402104, 79.05069850209446, 45.368471577307425, 77.46690391078599, 0.0, 39.27145480256571, 21.340595140453917, 26.543003708465545, 37.067441256687175, 22.317903173075432, 63.197218891071095, 62.09028779258634, 34.89947627601393, 54.5056807154642, 56.30634017685449, 47.19516075517994, 58.95885827825908, 44.847287935905, 49.57095285397395, 80.03891283985013, 12.131117685978762, 77.85620001546566, 4.372191196205353], [51.6317981068301, 59.623367216664356, 9.829577057730848, 54.64314265134249, 39.27145480256571, 0.0, 52.5133531236977, 55.159952196400326, 47.481488707369714, 53.17690655618649, 24.277486887879512, 27.62170443699057, 64.69894961018451, 47.284625960315495, 45.86797959595675, 48.86079257957073, 52.801654845263606, 30.818453349197014, 43.03928023970609, 56.4234098409411, 51.34315155703082, 39.31895391651671, 39.326258826232916], [40.40610202205312, 74.49636520130142, 55.34533985848956, 75.01330688492527, 21.340595140453917, 52.5133531236977, 0.0, 5.530831244840569, 58.01437973075481, 38.96174947705035, 76.59416022323387, 78.66208893978465, 13.718245159773916, 47.23976051549148, 50.38824913794563, 68.47826714299924, 80.29146223973702, 44.262839271031616, 43.22779490953032, 77.7785059871218, 17.809214626636887, 91.72645742222923, 17.663925528622315], [37.08945117349422, 72.18708538268773, 57.113711702219035, 73.23453103080699, 26.543003708465545, 55.159952196400326, 5.530831244840569, 0.0, 63.406654780630824, 44.472265420185536, 78.93551200402779, 81.87651981046133, 9.598647604675177, 44.703231495928776, 48.13726753870085, 73.73738875584458, 85.38946177031568, 43.653250055657914, 41.071365267513144, 76.01605610346358, 23.24129187102158, 94.07652593175874, 22.65265201363793], [84.24995085779139, 104.33785693361655, 57.23933030609603, 100.51197124941726, 37.067441256687175, 47.481488707369714, 58.01437973075481, 63.406654780630824, 0.0, 24.52590692069289, 62.68836171213185, 53.288352069067265, 71.06165778442313, 84.78426509470258, 85.24743238999773, 11.972801247719907, 25.325251507957606, 70.7620048174845, 79.72438865272193, 102.60229249804765, 42.699556949464046, 73.2730992833151, 41.29513808786742], [73.40817979085683, 100.66404623561058, 61.48177419636508, 98.5364407711482, 22.317903173075432, 53.17690655618649, 38.96174947705035, 44.472265420185536, 24.52590692069289, 0.0, 74.47630438745674, 69.03428377384616, 50.405851923761595, 76.75214758370059, 78.40678645058172, 36.4968792392513, 49.830934558821504, 66.17096544270005, 71.78132535558402, 101.008949853753, 21.406605449363163, 87.65009619342365, 26.366261056069327], [68.64481673692539, 63.656540479983235, 22.779943621460422, 56.75969026786559, 63.197218891071095, 24.277486887879512, 76.59416022323387, 78.93551200402779, 62.68836171213185, 74.47630438745674, 0.0, 14.65700660355169, 88.37134103665089, 61.598131652414565, 58.77963081070654, 59.56012731150148, 57.91166737135207, 46.31077818321454, 58.645650762046195, 57.47551041287142, 75.32357511269832, 15.143953888757423, 63.52045992431031], [77.87384519783302, 77.28466295955984, 31.10935882365294, 70.65728747714232, 62.09028779258634, 27.62170443699057, 78.66208893978465, 81.87651981046133, 53.288352069067265, 69.03428377384616, 14.65700660355169, 0.0, 91.47400668451098, 72.03071401372746, 69.73727983424703, 48.09446108109159, 44.530808083990735, 55.873143998867654, 68.44505915033288, 71.55566881281531, 74.01219867435776, 20.10340661000187, 63.41064926714837], [41.14511235441417, 77.3298259227295, 66.3619653000954, 79.15830867611328, 34.89947627601393, 64.69894961018451, 13.718245159773916, 9.598647604675177, 71.06165778442313, 50.405851923761595, 88.37134103665089, 91.47400668451098, 0.0, 49.899969727729165, 53.70080975183505, 81.82208800405931, 93.83665019890672, 51.30448663743982, 46.93155897694169, 81.94013651231437, 29.08277160156267, 103.50357024430083, 31.361305816603572], [10.081477902933514, 27.523559189745523, 40.993267821999154, 29.488172718368336, 54.5056807154642, 47.284625960315495, 47.23976051549148, 44.703231495928776, 84.78426509470258, 76.75214758370059, 61.598131652414565, 72.03071401372746, 49.899969727729165, 0.0, 4.276299440501921, 90.66439351675585, 97.82575937402481, 16.482412134622464, 5.080386850339574, 32.24551336207131, 60.74885928189051, 74.43527589084465, 50.75270854563774], [14.356511343538337, 24.11018349453425, 38.91991629338074, 25.492953020520023, 56.30634017685449, 45.86797959595675, 50.38824913794563, 48.13726753870085, 85.24743238999773, 78.40678645058172, 58.77963081070654, 69.73727983424703, 53.70080975183505, 4.276299440501921, 0.0, 90.61327626329823, 97.25545396348036, 15.261947618520011, 7.174648659483223, 28.26734477044681, 63.1948591132598, 71.2353490784777, 52.7237152727905], [91.28830021512252, 107.88660382924571, 58.63651525979482, 103.35007438810145, 47.19516075517994, 48.86079257957073, 68.47826714299924, 73.73738875584458, 11.972801247719907, 36.4968792392513, 59.56012731150148, 48.09446108109159, 81.82208800405931, 90.66439351675585, 90.61327626329823, 0.0, 13.366875812766164, 75.61236143898026, 85.6979226249253, 105.21883541381361, 54.026647926973645, 68.14551276847625, 51.209704612583316], [99.60023348696281, 112.40140201697314, 62.077249679113095, 107.17074286930745, 58.95885827825908, 52.801654845263606, 80.29146223973702, 85.38946177031568, 25.325251507957606, 49.830934558821504, 57.91166737135207, 44.530808083990735, 93.83665019890672, 97.82575937402481, 97.25545396348036, 13.366875812766164, 0.0, 82.01212533575477, 93.02735000917741, 108.77624515728571, 66.70500589672025, 63.714056459050894, 62.737186138496874], [22.33547857905593, 34.541266935156976, 24.76378528428079, 32.631184007086155, 44.847287935905, 30.818453349197014, 44.262839271031616, 43.653250055657914, 70.7620048174845, 66.17096544270005, 46.31077818321454, 55.873143998867654, 51.30448663743982, 16.482412134622464, 15.261947618520011, 75.61236143898026, 82.01212533575477, 0.0, 12.57191588689056, 35.23245844300568, 53.61690329862263, 60.00794309022709, 41.881028894402895], [10.35025598234123, 31.269618574808575, 37.33570033210212, 32.267963741008735, 49.57095285397395, 43.03928023970609, 43.22779490953032, 41.071365267513144, 79.72438865272193, 71.78132535558402, 58.645650762046195, 68.44505915033288, 46.93155897694169, 5.080386850339574, 7.174648659483223, 85.6979226249253, 93.02735000917741, 12.57191588689056, 0.0, 35.052831842404764, 56.12541726947373, 71.97607281532646, 45.87841795910197], [41.931760460439406, 8.743197647867655, 46.79743366925398, 2.7849847089327073, 80.03891283985013, 56.4234098409411, 77.7785059871218, 76.01605610346358, 102.60229249804765, 101.008949853753, 57.47551041287142, 71.55566881281531, 81.94013651231437, 32.24551336207131, 28.26734477044681, 105.21883541381361, 108.77624515728571, 35.23245844300568, 35.052831842404764, 0.0, 88.72812652376594, 64.95444519410214, 77.11256947986222], [55.59668291984807, 86.82126152465183, 57.08129359437485, 86.0601760526124, 12.131117685978762, 51.34315155703082, 17.809214626636887, 23.24129187102158, 42.699556949464046, 21.406605449363163, 75.32357511269832, 74.01219867435776, 29.08277160156267, 60.74885928189051, 63.1948591132598, 54.026647926973645, 66.70500589672025, 53.61690329862263, 56.12541726947373, 88.72812652376594, 0.0, 89.98439094714242, 12.603451600101462], [82.19201658503742, 72.23946149175113, 37.59823542766917, 64.8261868764872, 77.85620001546566, 39.31895391651671, 91.72645742222923, 94.07652593175874, 73.2730992833151, 87.65009619342365, 15.143953888757423, 20.10340661000187, 103.50357024430083, 74.43527589084465, 71.2353490784777, 68.14551276847625, 63.714056459050894, 60.00794309022709, 71.97607281532646, 64.95444519410214, 89.98439094714242, 0.0, 78.38642916041155], [47.043480193582106, 75.78197239576141, 44.592558631187636, 74.49816965189925, 4.372191196205353, 39.326258826232916, 17.663925528622315, 22.65265201363793, 41.29513808786742, 26.366261056069327, 63.52045992431031, 63.41064926714837, 31.361305816603572, 50.75270854563774, 52.7237152727905, 51.209704612583316, 62.737186138496874, 41.881028894402895, 45.87841795910197, 77.11256947986222, 12.603451600101462, 78.38642916041155, 0.0]]",Route_4,1333.864027056271
