instance_id,num_cities,city_coordinates,distance_matrix,best_route,total_distance
1749,48,"[[16.50302746815604, 26.60038494135206], [62.81649067264369, 59.98756095210802], [13.336614117812262, 72.72617573403608], [37.430614329730105, 25.80842557129619], [3.8290855905981136, 26.60214582418191], [53.63458687570263, 97.12218101547964], [65.77885628198909, 75.64973566362025], [76.38469982243511, 98.04630509691962], [37.714642255972976, 59.41376221965016], [70.20836480189726, 64.24176409300529], [18.279974866641922, 44.060312616708565], [85.59042527549242, 30.51445114365131], [19.94533503498397, 18.867699858809573], [95.52556780447595, 39.0867186961633], [33.74507803102136, 41.41371358870421], [47.36177070515845, 98.75104836394804], [55.206355265544985, 82.61479256736233], [73.21593248883053, 25.43711575256574], [24.270720223616948, 5.712323542451614], [35.30266346006644, 61.15544149091478], [93.36930971512693, 54.13051688513796], [83.56413784950207, 2.227368555272402], [42.84317489353583, 86.92195421084783], [96.20075699824176, 50.80689408576487], [25.38393653488791, 92.18557137168271], [26.030483051269027, 80.5100362916846], [23.52063257726018, 62.50234847975293], [11.813823642813004, 36.353135668425175], [36.79529930757541, 78.24665332863988], [82.64988877355707, 83.64262758496696], [24.86335609056487, 45.00603414360869], [30.21457231110801, 42.4866531712254], [10.760909195579194, 83.50981409996868], [82.18552445625915, 97.94104713351719], [14.86670715229107, 27.67323788434509], [42.42150376922974, 69.03307509182966], [53.90131733283727, 72.73768978286664], [42.521974883862114, 63.016224543363876], [2.311951710919413, 13.479381104389843], [23.18670909073689, 9.380543013231058], [61.98774396018998, 10.589003385555507], [48.931099946509185, 27.416038160764455], [49.877050029701934, 34.8840974328326], [45.41299537407111, 48.623687490499925], [25.106843323387796, 74.67588425522098], [3.4587131837388485, 47.17773877774506], [15.354429963296635, 52.1995454836251], [97.51255114911643, 99.4983596235679]]","[[0.0, 57.09326051266147, 46.23434599684188, 20.942566497269304, 12.67394199988405, 79.69991484033717, 69.52658564582508, 93.22196195543712, 39.072372980338216, 65.58305179365667, 17.550117278402038, 69.19818241850813, 8.464271969308166, 80.0029400199883, 22.73154225359265, 78.47279953262769, 68.08495754779449, 56.72483398908828, 22.28560431640737, 39.338000032688626, 81.64761791573133, 71.35290080532944, 65.8216916033409, 83.29275585072953, 66.18373837244907, 54.745072094231475, 36.581385531168586, 10.821496165504886, 55.48975882752292, 87.34543323133154, 20.215415336598905, 20.985232432636188, 57.198383276241856, 96.9725759821239, 1.9566700318145738, 49.72223453522334, 59.39093350707297, 44.75599399567313, 19.32737366631086, 18.47145246215086, 48.220574174163524, 32.43832879227384, 34.386702002083375, 36.34297868216558, 48.83932105945524, 24.363530656675525, 25.62491554517279, 108.9800790960672], [57.09326051266147, 0.0, 51.09335074590149, 42.575298156061834, 67.77978977230082, 38.252939293435254, 15.93986595606643, 40.40500347002479, 25.108405742278503, 8.528660358271306, 47.298821123530445, 37.24669514300803, 59.40352651182084, 38.816606418181856, 34.49833095757679, 41.73075994516835, 23.872699291968253, 36.08159715942228, 66.5700970059653, 27.538602594112866, 31.10915808319402, 61.37348522851596, 33.53199790391869, 34.62360296400755, 49.3751757896117, 42.12341808048539, 39.37624435826398, 56.21261515572607, 31.78831317437633, 30.869497204106043, 40.803021580750254, 37.00225471518182, 57.12337486587553, 42.61016994842022, 57.82211700531584, 22.31091250581945, 15.557830853937743, 20.519263491902027, 76.31389144656764, 64.27744435566379, 49.40550891114679, 35.40774170382002, 28.242043212483846, 20.78507321754914, 40.46930126233974, 60.72427268037995, 48.09678151098132, 52.58250492553288], [46.23434599684188, 51.09335074590149, 0.0, 52.74273529639107, 47.09372817924816, 47.1072359843782, 52.523670529276956, 67.94240253310613, 27.776043805462294, 57.50114143881999, 29.08897598325571, 83.68060061749199, 54.262423607533584, 88.80674061078606, 37.37613790775605, 42.836961565878696, 43.021622083023395, 76.3006419534519, 67.90000781950268, 24.82718700600785, 82.16465719880436, 99.50872777356545, 32.7438124746368, 85.71418250957349, 22.88680965105085, 14.890359085015215, 14.430553548211474, 36.40490261551711, 24.099493432537866, 70.16764898809427, 30.02119301926156, 34.630827272841394, 11.086979401695903, 73.32095331134116, 45.07891295919056, 29.318420803116204, 40.564704849121995, 30.758225487984813, 60.263802195625146, 64.10689164025001, 78.91742914213992, 57.61923279876353, 52.60443276745156, 40.12261424716331, 11.930618545128509, 27.39152346571736, 20.62556981572569, 88.3308451522626], [20.942566497269304, 42.575298156061834, 52.74273529639107, 0.0, 33.610901883861345, 73.13152837062435, 57.33915776764619, 82.07150549935987, 33.60653691042991, 50.51239883375113, 26.45521446829873, 48.38919370085875, 18.812460376868593, 59.59309261603041, 16.034593599943783, 73.61558317927194, 59.5226032453971, 35.787244469636505, 24.02157633540819, 35.41101113108001, 62.69990827592818, 51.81088922555101, 61.3527439861834, 63.8658993309113, 67.46145514661328, 55.8769112296936, 39.24196186183627, 27.702181793674963, 52.44207619372469, 73.41374328955186, 22.945242525316498, 18.172356431942447, 63.56668474979148, 84.8888512931603, 22.640835498607014, 43.511829467057154, 49.73570042591086, 37.55452378393277, 37.21996509402991, 21.74314056890124, 28.890888310244566, 11.612303288304151, 15.403946941346458, 24.171358744988304, 50.39745876571416, 40.133995744110905, 34.407108660968376, 95.07915393290415], [12.67394199988405, 67.77978977230082, 47.09372817924816, 33.610901883861345, 0.0, 86.3346009525869, 79.01544252722819, 101.82624932082818, 47.168136713312, 76.30825362982928, 22.663093094812947, 81.85488867490702, 17.876105575458315, 92.54247354699261, 33.38186848183452, 84.26481359960476, 76.00684465512653, 69.39662684559326, 29.22747169072465, 46.738809840839416, 93.6763734862774, 83.37750491373014, 71.83716620205513, 95.49029017155772, 69.03475433269196, 58.30062352893794, 40.946081295271576, 12.603088697022795, 61.26929412202688, 97.2950953229874, 27.948947041699178, 30.79791361661505, 57.32829046009972, 105.96683609380415, 11.089469236194033, 57.356416375070914, 68.08609849310088, 53.13308583949896, 13.210172182825186, 25.909480715585087, 60.32288350295132, 45.10935734075976, 46.78681172545317, 47.05496626543687, 52.57211524060311, 20.57892614084808, 28.07241407920872, 118.7032000636035], [79.69991484033717, 38.252939293435254, 47.1072359843782, 73.13152837062435, 86.3346009525869, 0.0, 24.66878977171465, 22.768874465089002, 40.93127758544711, 36.82135157408747, 63.76135560258831, 73.87668973710132, 85.19817786013382, 71.57491997754268, 59.152564653806465, 6.4808511438195415, 14.59228479217272, 74.31135631765167, 96.01040937315477, 40.3691189914351, 58.541706362404355, 99.50278113375104, 14.849215448459978, 62.904567737826085, 28.678726600987773, 32.21722986655466, 45.884453230810564, 73.76891696218519, 25.295200162456478, 31.99353223558914, 59.53046686917618, 59.44356975338968, 44.982760818580395, 28.56267806855835, 79.53681034766521, 30.244521889801735, 24.385950008358165, 35.8706901544848, 98.13323013752296, 92.87447604657504, 86.93541317558756, 69.86464872147468, 62.351408413841085, 49.19043038043273, 36.29970234638625, 70.7959434656415, 59.020450662175264, 43.942257265148704], [69.52658564582508, 15.93986595606643, 52.523670529276956, 57.33915776764619, 79.01544252722819, 24.66878977171465, 0.0, 24.7808442064636, 32.42232167151732, 12.237743300294309, 57.04415293565124, 49.291907801209014, 72.97198955790141, 47.135136110597976, 46.88569245032339, 29.544198916583095, 12.66056062799262, 50.76039106270157, 81.32752900000418, 33.74733904301098, 34.99014000375438, 75.54574926644594, 25.555985438427193, 39.276695645789175, 43.64840665979434, 40.0444215426292, 44.256200248568916, 66.75662902611025, 29.09966591299589, 18.668638370215213, 51.11863259871095, 48.62723860922862, 55.57657181428654, 27.678174210532106, 69.95563785835567, 24.276451831509355, 12.229306713801588, 26.466736398585038, 88.84368836250376, 78.77624576543167, 65.17109341720845, 51.09145200849844, 43.757338841030254, 33.84044282181429, 40.68367024581574, 68.51609185042352, 55.61055825153336, 39.69614911679636], [93.22196195543712, 40.40500347002479, 67.94240253310613, 82.07150549935987, 101.82624932082818, 22.768874465089002, 24.7808442064636, 0.0, 54.661199413821485, 34.364139837499906, 79.31359559534405, 68.15641334080475, 97.2350421662039, 61.9887542676425, 70.8899694417426, 29.03148424760414, 26.204080924929258, 72.67830118858554, 106.0256149207675, 55.21475825606623, 47.085809194161534, 96.08752744428755, 35.338153279315804, 51.22731766036211, 51.33640088388113, 53.32042638845869, 63.702295545022594, 89.30534813065235, 44.26450997437017, 15.707275972032564, 73.94402749876534, 72.23957084947627, 67.21451827352375, 5.801779526252216, 93.47102230675253, 44.668402719111384, 33.85304265923924, 48.721562822369094, 112.42035690367808, 103.40040417605297, 88.63437234353279, 75.77819444681941, 68.49905090244275, 58.32530846474108, 56.35241909141959, 88.91462515579519, 76.33229464727548, 21.17769024305317], [39.072372980338216, 25.108405742278503, 27.776043805462294, 33.60653691042991, 47.168136713312, 40.93127758544711, 32.42232167151732, 54.661199413821485, 0.0, 32.85044302563709, 24.76761416131952, 55.921916816213084, 44.268854198895475, 61.280435794634194, 18.43255790313528, 40.502952590069945, 29.055943164948058, 49.140147673229755, 55.35868094177266, 2.97507788063701, 55.904871802497276, 73.29706587932581, 27.982181359556996, 59.116019797681915, 35.014822271107484, 24.11581132873743, 14.526158330594093, 34.679171007492045, 18.85531699494422, 51.05109495874404, 19.3064285775066, 18.514266658853387, 36.15416216855213, 58.838856604339405, 39.10868220206548, 10.709142142947583, 20.965101854124622, 6.007343987898839, 57.99411923868495, 52.0997491952807, 54.52559528836679, 33.90668471072012, 27.379346548230476, 13.25482377821666, 19.796185565738476, 36.37566420387106, 23.49519135669889, 71.99003303948994], [65.58305179365667, 8.528660358271306, 57.50114143881999, 50.51239883375113, 76.30825362982928, 36.82135157408747, 12.237743300294309, 34.364139837499906, 32.85044302563709, 0.0, 55.712194939331255, 37.06938660400248, 67.71394144840876, 35.689453299132516, 43.01966029575378, 41.38668339833331, 23.719790586097915, 38.921025117751746, 74.4040496247429, 35.0418802773091, 25.271855677260113, 63.436282422675994, 35.54215303695274, 29.259189739294534, 52.82126214595911, 47.07804070161388, 46.72012314790108, 64.71242564287235, 36.22940612582871, 23.04745155046685, 49.256300325104846, 45.527884741279784, 62.49206132890801, 35.76442409477059, 66.33216550422338, 28.196920171115003, 18.38751072020957, 27.71350093151736, 84.77465681029669, 72.25503224124091, 54.278884831525225, 42.53064883308092, 35.71043197856759, 29.30417481902709, 46.29274352677757, 68.89627675793054, 56.16021008074619, 44.59311741165173], [17.550117278402038, 47.298821123530445, 29.08897598325571, 26.45521446829873, 22.663093094812947, 63.76135560258831, 57.04415293565124, 79.31359559534405, 24.76761416131952, 55.712194939331255, 0.0, 68.65993808102057, 25.247597154179946, 77.40554414771618, 15.689929964787364, 61.94212965153471, 53.38544271268953, 58.0067487565673, 38.81310727024375, 24.124994469935622, 75.76158143806, 77.53719846125404, 49.40112464008942, 78.21230497510518, 48.64675530410147, 37.26463112794866, 19.172198100731098, 10.06040198807061, 38.87831182581468, 75.56616620307054, 6.650962151895282, 12.037899327200526, 40.15967524574241, 83.58859264529963, 16.73877578480264, 34.734021986998556, 45.730427509745155, 30.77338398366382, 34.49885701965818, 35.02516895742529, 55.05177218566526, 34.87869465485286, 32.90255436832921, 27.514090791725664, 31.367488896604357, 15.145565150980852, 8.64904183383246, 96.70149016583399], [69.19818241850813, 37.24669514300803, 83.68060061749199, 48.38919370085875, 81.85488867490702, 73.87668973710132, 49.291907801209014, 68.15641334080475, 55.921916816213084, 37.06938660400248, 68.65993808102057, 0.0, 66.67026839735581, 13.122150283511742, 52.97861788255639, 78.21549226632102, 60.31282854282864, 13.375627327371124, 66.14568588498568, 58.88742886105751, 24.864223378810912, 28.359564208472875, 70.7752344926774, 22.89896023459832, 86.18670638011898, 77.76210678760623, 69.82753569750619, 74.00727792215378, 68.25926635742223, 53.20949057169013, 62.432226531140394, 56.65526200559106, 91.6949560860673, 67.51251140617873, 70.78076573444864, 57.855338343795445, 52.79205852574207, 53.9560626182321, 85.00292801126223, 65.88524771549821, 30.88867160679352, 36.790029853056026, 35.979702335333414, 44.070061431198916, 74.88989157573002, 83.80503138773496, 73.50740339604135, 70.0065476545733], [8.464271969308166, 59.40352651182084, 54.262423607533584, 18.812460376868593, 17.876105575458315, 85.19817786013382, 72.97198955790141, 97.2350421662039, 44.268854198895475, 67.71394144840876, 25.247597154179946, 66.67026839735581, 0.0, 78.2379722911826, 26.433986492114286, 84.4571507526167, 72.84937457859782, 53.6741444112051, 13.848208658705191, 44.990005875744565, 81.45272446310553, 65.75905030825807, 71.80315178040449, 82.67406792133596, 73.51930814046698, 61.94196208777899, 43.78087839215884, 19.283722228169378, 61.72342676131876, 90.15349311858367, 26.596981977040965, 25.754847889424894, 65.29132110446679, 100.63019143588431, 10.165134582976151, 54.97038323715773, 63.678760573916136, 49.58625715547255, 18.438280463552704, 10.025599771680266, 42.84974869856895, 30.220004222879837, 33.947497017809646, 39.16657405345049, 56.04636128630581, 32.760754015400735, 33.64652050560026, 111.8837624939238], [80.0029400199883, 38.816606418181856, 88.80674061078606, 59.59309261603041, 92.54247354699261, 71.57491997754268, 47.135136110597976, 61.9887542676425, 61.280435794634194, 35.689453299132516, 77.40554414771618, 13.122150283511742, 78.2379722911826, 0.0, 61.824297989365306, 76.67844277064006, 59.33238672677889, 26.15399564951712, 78.68356598202412, 64.13912014884116, 15.197542988867648, 38.75161286161572, 71.15928807659623, 11.739607813313029, 87.97349937688831, 80.90400512629049, 75.7165927339422, 83.7563644552296, 70.58856081645146, 46.379005243909845, 70.90970638543048, 65.39943185356769, 95.69983675189007, 60.34723467023345, 81.46237994283203, 60.965776288306195, 53.52537792864107, 58.154983557605384, 96.66702624874729, 78.20081427780363, 44.01028750343273, 48.03383410812045, 45.84156629650496, 51.01199554395733, 78.90111192330195, 92.42169834901597, 81.23643006131762, 60.444308767273895], [22.73154225359265, 34.49833095757679, 37.37613790775605, 16.034593599943783, 33.38186848183452, 59.152564653806465, 46.88569245032339, 70.8899694417426, 18.43255790313528, 43.01966029575378, 15.689929964787364, 52.97861788255639, 26.433986492114286, 61.824297989365306, 0.0, 58.9320310061539, 46.45551990391137, 42.58168655710174, 36.93714535663779, 19.8030778651626, 60.96528594208418, 63.38381779505338, 46.40878506320348, 63.15808479606437, 51.455711343381104, 39.850187259248855, 23.436505848886583, 22.507540246049185, 36.959021898877076, 64.61394347249664, 9.580696822088429, 3.689941732071334, 47.96200261989267, 74.44337638475884, 23.349380283360304, 28.950120784393505, 37.248697526283024, 23.31742691446886, 42.05197214875548, 33.728373393873035, 41.806828842842435, 20.6530912699195, 17.403344727644562, 13.715830955097706, 34.36555101133479, 30.82998349079362, 21.320180721945107, 86.25611127834586], [78.47279953262769, 41.73075994516835, 42.836961565878696, 73.61558317927194, 84.26481359960476, 6.4808511438195415, 29.544198916583095, 29.03148424760414, 40.502952590069945, 41.38668339833331, 61.94212965153471, 78.21549226632102, 84.4571507526167, 76.67844277064006, 58.9320310061539, 0.0, 17.94202491520678, 77.7391175437604, 95.86136306537287, 39.48229633266404, 64.09122775548346, 103.08943762899081, 12.66274759251416, 68.43894002383591, 22.937538729163528, 28.067033231060172, 43.38626638151722, 71.8133417207792, 23.06687090959479, 38.38639935242674, 58.26409884066377, 58.81928747585946, 39.64742469736085, 34.833172799941714, 78.15359427357929, 30.125805761847655, 26.82276075953978, 36.061076759853236, 96.44036203083495, 92.58250823294652, 89.36702562147298, 71.35227028592759, 63.91646150498308, 50.16522733356196, 32.78559622196957, 67.72949668647638, 56.49347114297689, 50.156348085330464], [68.08495754779449, 23.872699291968253, 43.021622083023395, 59.5226032453971, 76.00684465512653, 14.59228479217272, 12.66056062799262, 26.204080924929258, 29.055943164948058, 23.719790586097915, 53.38544271268953, 60.31282854282864, 72.84937457859782, 59.33238672677889, 46.45551990391137, 17.94202491520678, 0.0, 59.94690648981658, 82.89151499143152, 29.268766562834593, 47.62105682848529, 85.24260538239379, 13.09197732712462, 51.88721787913997, 31.32054383097258, 29.251692573999282, 37.529927117649734, 63.427538969006, 18.922146334291828, 27.462774372389912, 48.32304118232941, 47.27427193133156, 44.4544569183121, 31.028529601767513, 68.1605578093968, 18.652492524272024, 9.96294551933807, 23.345178822585957, 87.04896923889503, 79.92817431242051, 72.34432624532445, 55.554309620037536, 48.02729174461334, 35.37379146077263, 31.12887541085688, 62.71844419558684, 50.13245660708009, 45.55073047362147], [56.72483398908828, 36.08159715942228, 76.3006419534519, 35.787244469636505, 69.39662684559326, 74.31135631765167, 50.76039106270157, 72.67830118858554, 49.140147673229755, 38.921025117751746, 58.0067487565673, 13.375627327371124, 53.6741444112051, 26.15399564951712, 42.58168655710174, 77.7391175437604, 59.94690648981658, 0.0, 52.77026844179394, 52.088528122785824, 35.06379731546626, 25.41215691650154, 68.57761853683442, 34.233431180705374, 82.11733169359078, 72.52236355313285, 61.995599121401135, 62.36488163655587, 64.15068027949764, 58.96508406552075, 52.162383106463, 46.2580123148898, 85.2822855457628, 73.05664682803253, 58.39205716159084, 53.375130078317625, 51.09206065740645, 48.52121650336314, 71.90522865599257, 52.54271330974359, 18.615548836874446, 24.365328348008383, 25.17834182999981, 36.20249191928141, 68.83996502023075, 73.06657467475544, 63.750930343189935, 77.9448107448046], [22.28560431640737, 66.5700970059653, 67.90000781950268, 24.02157633540819, 29.22747169072465, 96.01040937315477, 81.32752900000418, 106.0256149207675, 55.35868094177266, 74.4040496247429, 38.81310727024375, 66.14568588498568, 13.848208658705191, 78.68356598202412, 36.93714535663779, 95.86136306537287, 82.89151499143152, 52.77026844179394, 0.0, 56.5300194535562, 84.37379045821025, 59.39574298735803, 83.30630339754316, 84.89670478225132, 86.48041304648875, 74.81841082064199, 56.79497833309317, 33.076179346533564, 73.60770393621749, 97.3717598112574, 39.298179475368535, 37.25158650693526, 78.96179158973185, 108.90483003311859, 23.88968858268459, 65.87084727022835, 73.28282203020503, 60.140214221396604, 23.291944911593333, 3.8250378066122868, 38.03098586465186, 32.85095974717331, 38.81593124027182, 47.83702493277954, 68.96862915863848, 46.39526158632196, 47.33457547939143, 118.9965813001697], [39.338000032688626, 27.538602594112866, 24.82718700600785, 35.41101113108001, 46.738809840839416, 40.3691189914351, 33.74733904301098, 55.21475825606623, 2.97507788063701, 35.0418802773091, 24.124994469935622, 58.88742886105751, 44.990005875744565, 64.13912014884116, 19.8030778651626, 39.48229633266404, 29.268766562834593, 52.088528122785824, 56.5300194535562, 0.0, 58.49004165691096, 76.16881048139416, 26.847206380268954, 61.771111613609364, 32.57683385833541, 21.460980160171452, 11.858769335811433, 34.15962485263695, 17.156266605974135, 52.41596401207347, 19.229729483904705, 19.349737178201668, 33.196621471512685, 59.591806799940116, 39.226091680985654, 10.617673874141703, 21.910235082617326, 7.4552646500327855, 57.97752836828145, 53.17364443645115, 57.17567825536663, 36.38793231470514, 30.04323988020103, 16.101666675790277, 16.933904476002617, 34.77662062850524, 21.866414725213556, 73.07701072985644], [81.64761791573133, 31.10915808319402, 82.16465719880436, 62.69990827592818, 93.6763734862774, 58.541706362404355, 34.99014000375438, 47.085809194161534, 55.904871802497276, 25.271855677260113, 75.76158143806, 24.864223378810912, 81.45272446310553, 15.197542988867648, 60.96528594208418, 64.09122775548346, 47.62105682848529, 35.06379731546626, 84.37379045821025, 58.49004165691096, 0.0, 52.82119084104851, 60.23428145081137, 4.366183943625251, 77.91147629476836, 72.3214810452985, 70.348598153471, 83.470549245921, 61.49964788968592, 31.398577408563085, 69.11093883974601, 64.21915928100239, 87.67719738469847, 45.215479797969856, 82.84109017428705, 53.082625894021405, 43.634267565004954, 51.617896702889894, 99.71939273266376, 83.23555485451504, 53.67183681471831, 51.8499552647317, 47.56050161929038, 48.27145383308655, 71.2872810412558, 90.17902467891686, 78.03877314031789, 45.55664171467468], [71.35290080532944, 61.37348522851596, 99.50872777356545, 51.81088922555101, 83.37750491373014, 99.50278113375104, 75.54574926644594, 96.08752744428755, 73.29706587932581, 63.436282422675994, 77.53719846125404, 28.359564208472875, 65.75905030825807, 38.75161286161572, 63.38381779505338, 103.08943762899081, 85.24260538239379, 25.41215691650154, 59.39574298735803, 76.16881048139416, 52.82119084104851, 0.0, 93.97536732267014, 50.19615965667158, 107.13269379123929, 97.15090067710003, 85.07817422978864, 79.45234779299946, 89.25388459901981, 81.42039212780251, 72.63467497434736, 66.83551556563107, 109.11987012529795, 95.72360650261555, 73.25864624950663, 78.45838874786936, 76.49567517593655, 73.34673921340385, 82.02759010664874, 60.79968592308481, 23.139959168108916, 42.82425003295191, 46.91781992762879, 60.0676958349493, 93.09158238228935, 91.85540182275413, 84.5563877946549, 98.26598565620394], [65.8216916033409, 33.53199790391869, 32.7438124746368, 61.3527439861834, 71.83716620205513, 14.849215448459978, 25.555985438427193, 35.338153279315804, 27.982181359556996, 35.54215303695274, 49.40112464008942, 70.7752344926774, 71.80315178040449, 71.15928807659623, 46.40878506320348, 12.66274759251416, 13.09197732712462, 68.57761853683442, 83.30630339754316, 26.847206380268954, 60.23428145081137, 93.97536732267014, 0.0, 64.43080890303017, 18.235423485072083, 17.993868355223434, 31.139649735126856, 59.329807414293896, 10.575331886049446, 39.941562976992856, 45.60940954749194, 46.19499520150178, 32.26320617128055, 40.85634440272327, 65.52169971555455, 17.893848179525776, 17.985434984196857, 23.907887409410247, 83.88439424098196, 79.99404414313912, 78.69710227476224, 59.816526783241024, 52.51108394882362, 38.384387595545746, 21.55327554977054, 55.95300246245369, 44.286304493150745, 56.09729648814936], [83.29275585072953, 34.62360296400755, 85.71418250957349, 63.8658993309113, 95.49029017155772, 62.904567737826085, 39.276695645789175, 51.22731766036211, 59.116019797681915, 29.259189739294534, 78.21230497510518, 22.89896023459832, 82.67406792133596, 11.739607813313029, 63.15808479606437, 68.43894002383591, 51.88721787913997, 34.233431180705374, 84.89670478225132, 61.771111613609364, 4.366183943625251, 50.19615965667158, 64.43080890303017, 0.0, 82.01961347428447, 76.19805773573425, 73.61510809155425, 85.61580259228077, 65.43660130801793, 35.52198508069885, 71.57286318382917, 66.50866844585373, 91.48469035853789, 49.17372394617666, 84.56000067164781, 56.78381593320439, 47.6466409720057, 55.04979018584811, 101.03687932460825, 83.94756550981238, 52.801600293133994, 52.74042679664754, 48.98388796898197, 50.834664568886346, 74.99382143428338, 92.81302418917782, 80.85832098774536, 48.70913282037906], [66.18373837244907, 49.3751757896117, 22.88680965105085, 67.46145514661328, 69.03475433269196, 28.678726600987773, 43.64840665979434, 51.33640088388113, 35.014822271107484, 52.82126214595911, 48.64675530410147, 86.18670638011898, 73.51930814046698, 87.97349937688831, 51.455711343381104, 22.937538729163528, 31.32054383097258, 82.11733169359078, 86.48041304648875, 32.57683385833541, 77.91147629476836, 107.13269379123929, 18.235423485072083, 82.01961347428447, 0.0, 11.69342301475967, 29.741647951828345, 57.45788753915379, 18.014234275720497, 57.89966471703029, 47.18240919086513, 49.933130407558515, 17.002990701752122, 57.09243287541994, 65.36400604206892, 28.745726312850888, 34.51754779627114, 33.831393007703134, 82.01817402325376, 82.83417489107568, 89.43063583103543, 68.91706129177186, 62.31670341276534, 47.94581238503646, 17.511879498336135, 50.064162969150786, 41.22466820230341, 72.49837183126812], [54.745072094231475, 42.12341808048539, 14.890359085015215, 55.8769112296936, 58.30062352893794, 32.21722986655466, 40.0444215426292, 53.32042638845869, 24.11581132873743, 47.07804070161388, 37.26463112794866, 77.76210678760623, 61.94196208777899, 80.90400512629049, 39.850187259248855, 28.067033231060172, 29.251692573999282, 72.52236355313285, 74.81841082064199, 21.460980160171452, 72.3214810452985, 97.15090067710003, 17.993868355223434, 76.19805773573425, 11.69342301475967, 0.0, 18.18175375847651, 46.389064200395865, 11.000189610613052, 56.70599820614933, 35.52318051460175, 38.25289880335243, 15.561444426319817, 58.79820417465349, 54.003306919673314, 20.009652634655932, 28.934283709879093, 24.041687801611783, 71.10328729236892, 71.18631795779416, 78.62490352764956, 57.82223527077374, 51.48189053840766, 37.31515809713776, 5.906813043553447, 40.25576794088672, 30.256602574156044, 73.96108762384067], [36.581385531168586, 39.37624435826398, 14.430553548211474, 39.24196186183627, 40.946081295271576, 45.884453230810564, 44.256200248568916, 63.702295545022594, 14.526158330594093, 46.72012314790108, 19.172198100731098, 69.82753569750619, 43.78087839215884, 75.7165927339422, 23.436505848886583, 43.38626638151722, 37.529927117649734, 61.995599121401135, 56.79497833309317, 11.858769335811433, 70.348598153471, 85.07817422978864, 31.139649735126856, 73.61510809155425, 29.741647951828345, 18.18175375847651, 0.0, 28.650143212203318, 20.59368621630482, 62.79474770212603, 17.547761161537043, 21.105375804382113, 24.57893717314813, 68.53809817500739, 35.88812296746763, 19.99733286958818, 32.058512407923416, 19.008289719525344, 53.414038177020494, 53.12285497709856, 64.61202718547034, 43.32136913492031, 38.176282320546775, 25.920894654347958, 12.276442392148107, 25.245282178478835, 13.146657929273342, 82.7255030477149], [10.821496165504886, 56.21261515572607, 36.40490261551711, 27.702181793674963, 12.603088697022795, 73.76891696218519, 66.75662902611025, 89.30534813065235, 34.679171007492045, 64.71242564287235, 10.06040198807061, 74.00727792215378, 19.283722228169378, 83.7563644552296, 22.507540246049185, 71.8133417207792, 63.427538969006, 62.36488163655587, 33.076179346533564, 34.15962485263695, 83.470549245921, 79.45234779299946, 59.329807414293896, 85.61580259228077, 57.45788753915379, 46.389064200395865, 28.650143212203318, 0.0, 48.77643845480969, 85.17067669645279, 15.657680196209206, 19.39607147107159, 47.16843170521142, 93.51602597421036, 9.201126195445939, 44.77508820134732, 55.63445787652246, 40.66830290282625, 24.76881543525718, 29.272227075414513, 56.4022410219993, 38.178055373032834, 38.091564372144006, 35.76969084357307, 40.562759169895095, 13.67405950175836, 16.23713635922028, 106.44994694477201], [55.48975882752292, 31.78831317437633, 24.099493432537866, 52.44207619372469, 61.26929412202688, 25.295200162456478, 29.09966591299589, 44.26450997437017, 18.85531699494422, 36.22940612582871, 38.87831182581468, 68.25926635742223, 61.72342676131876, 70.58856081645146, 36.959021898877076, 23.06687090959479, 18.922146334291828, 64.15068027949764, 73.60770393621749, 17.156266605974135, 61.49964788968592, 89.25388459901981, 10.575331886049446, 65.43660130801793, 18.014234275720497, 11.000189610613052, 20.59368621630482, 48.77643845480969, 0.0, 46.17098562158556, 35.31727668915354, 36.36046725580295, 26.56106793426162, 49.47869931990726, 55.12289455039559, 10.795563930159553, 17.97121398317994, 16.27147117317308, 73.37506942308069, 70.1978267303475, 72.19568452058608, 52.25924889904745, 45.29286318806605, 30.851009554666152, 12.221718171761946, 45.56978632562123, 33.73666707498332, 64.32899573003607], [87.34543323133154, 30.869497204106043, 70.16764898809427, 73.41374328955186, 97.2950953229874, 31.99353223558914, 18.668638370215213, 15.707275972032564, 51.05109495874404, 23.04745155046685, 75.56616620307054, 53.20949057169013, 90.15349311858367, 46.379005243909845, 64.61394347249664, 38.38639935242674, 27.462774372389912, 58.96508406552075, 97.3717598112574, 52.41596401207347, 31.398577408563085, 81.42039212780251, 39.941562976992856, 35.52198508069885, 57.89966471703029, 56.70599820614933, 62.79474770212603, 85.17067669645279, 46.17098562158556, 0.0, 69.51309022245619, 66.65790757638383, 71.88910226303231, 14.305958052697585, 87.90410851696073, 42.79908858966651, 30.747325547921175, 45.11870981725237, 106.66332681936441, 95.13530860270025, 75.91940619471009, 65.56207805005032, 58.749069966488214, 51.116654774980645, 58.23748419722293, 87.18331495773992, 74.27884078602185, 21.73253255766074], [20.215415336598905, 40.803021580750254, 30.02119301926156, 22.945242525316498, 27.948947041699178, 59.53046686917618, 51.11863259871095, 73.94402749876534, 19.3064285775066, 49.256300325104846, 6.650962151895282, 62.432226531140394, 26.596981977040965, 70.90970638543048, 9.580696822088429, 58.26409884066377, 48.32304118232941, 52.162383106463, 39.298179475368535, 19.229729483904705, 69.11093883974601, 72.63467497434736, 45.60940954749194, 71.57286318382917, 47.18240919086513, 35.52318051460175, 17.547761161537043, 15.657680196209206, 35.31727668915354, 69.51309022245619, 0.0, 5.914625560676768, 41.00512259893489, 78.02529452931775, 20.008968393203904, 29.758817964315917, 40.152807094923034, 25.222881990811924, 38.76203930844685, 35.664923432451765, 50.62363263235015, 29.81047220343585, 26.984041344057026, 20.865643781596965, 29.670849190376867, 21.514530880004497, 11.923350262941588, 90.81475143868029], [20.985232432636188, 37.00225471518182, 34.630827272841394, 18.172356431942447, 30.79791361661505, 59.44356975338968, 48.62723860922862, 72.23957084947627, 18.514266658853387, 45.527884741279784, 12.037899327200526, 56.65526200559106, 25.754847889424894, 65.39943185356769, 3.689941732071334, 58.81928747585946, 47.27427193133156, 46.2580123148898, 37.25158650693526, 19.349737178201668, 64.21915928100239, 66.83551556563107, 46.19499520150178, 66.50866844585373, 49.933130407558515, 38.25289880335243, 21.105375804382113, 19.39607147107159, 36.36046725580295, 66.65790757638383, 5.914625560676768, 0.0, 45.40203454910424, 76.00111628521421, 21.33059392972465, 29.218516259557397, 38.42118043219488, 23.936070245793523, 40.24895115549581, 33.84383830533264, 45.022155640209775, 24.0298115581514, 21.081078809908465, 16.390706325133216, 32.591954424226614, 27.163988694801795, 17.75286195714624, 88.20063848005353], [57.198383276241856, 57.12337486587553, 11.086979401695903, 63.56668474979148, 57.32829046009972, 44.982760818580395, 55.57657181428654, 67.21451827352375, 36.15416216855213, 62.49206132890801, 40.15967524574241, 91.6949560860673, 65.29132110446679, 95.69983675189007, 47.96200261989267, 39.64742469736085, 44.4544569183121, 85.2822855457628, 78.96179158973185, 33.196621471512685, 87.67719738469847, 109.11987012529795, 32.26320617128055, 91.48469035853789, 17.002990701752122, 15.561444426319817, 24.57893717314813, 47.16843170521142, 26.56106793426162, 71.88910226303231, 41.00512259893489, 45.40203454910424, 0.0, 72.8679363781131, 55.98732731917538, 34.81334831737453, 44.464969094246584, 37.79884266178006, 70.53826215697298, 75.16348405233444, 89.1158416626809, 67.84891422182103, 62.40619196159561, 49.17122030551524, 16.84767469122513, 37.058626037875, 31.64543180098892, 88.21270299449466], [96.9725759821239, 42.61016994842022, 73.32095331134116, 84.8888512931603, 105.96683609380415, 28.56267806855835, 27.678174210532106, 5.801779526252216, 58.838856604339405, 35.76442409477059, 83.58859264529963, 67.51251140617873, 100.63019143588431, 60.34723467023345, 74.44337638475884, 34.833172799941714, 31.028529601767513, 73.05664682803253, 108.90483003311859, 59.591806799940116, 45.215479797969856, 95.72360650261555, 40.85634440272327, 49.17372394617666, 57.09243287541994, 58.79820417465349, 68.53809817500739, 93.51602597421036, 49.47869931990726, 14.305958052697585, 78.02529452931775, 76.00111628521421, 72.8679363781131, 0.0, 97.31078141646519, 49.16145023045487, 37.884107411224825, 52.84827714917185, 116.24784149187856, 106.41345358822916, 89.65673362281946, 77.97200548967247, 70.85207424857911, 61.517646714248365, 61.63800486405815, 93.67403209194228, 80.98567876059548, 15.405939420730816], [1.9566700318145738, 57.82211700531584, 45.07891295919056, 22.640835498607014, 11.089469236194033, 79.53681034766521, 69.95563785835567, 93.47102230675253, 39.10868220206548, 66.33216550422338, 16.73877578480264, 70.78076573444864, 10.165134582976151, 81.46237994283203, 23.349380283360304, 78.15359427357929, 68.1605578093968, 58.39205716159084, 23.88968858268459, 39.226091680985654, 82.84109017428705, 73.25864624950663, 65.52169971555455, 84.56000067164781, 65.36400604206892, 54.003306919673314, 35.88812296746763, 9.201126195445939, 55.12289455039559, 87.90410851696073, 20.008968393203904, 21.33059392972465, 55.98732731917538, 97.31078141646519, 0.0, 49.69811817796001, 59.61967474635671, 44.87694886335806, 18.9496030164891, 20.095898036749286, 50.12248176478292, 34.06536376052058, 35.745217915434324, 37.040478706789024, 48.10518843813228, 22.595749190658942, 24.531156474876504, 109.4951306807831], [49.72223453522334, 22.31091250581945, 29.318420803116204, 43.511829467057154, 57.356416375070914, 30.244521889801735, 24.276451831509355, 44.668402719111384, 10.709142142947583, 28.196920171115003, 34.734021986998556, 57.855338343795445, 54.97038323715773, 60.965776288306195, 28.950120784393505, 30.125805761847655, 18.652492524272024, 53.375130078317625, 65.87084727022835, 10.617673874141703, 53.082625894021405, 78.45838874786936, 17.893848179525776, 56.78381593320439, 28.745726312850888, 20.009652634655932, 19.99733286958818, 44.77508820134732, 10.795563930159553, 42.79908858966651, 29.758817964315917, 29.218516259557397, 34.81334831737453, 49.16145023045487, 49.69811817796001, 0.0, 12.062764586289271, 6.0176893378977665, 68.51999038213894, 62.67696474552682, 61.632355729912376, 42.12306500378262, 34.953366721915664, 20.627460441924214, 18.21095169422116, 44.673871285244154, 31.874663974481823, 62.95361040490601], [59.39093350707297, 15.557830853937743, 40.564704849121995, 49.73570042591086, 68.08609849310088, 24.385950008358165, 12.229306713801588, 33.85304265923924, 20.965101854124622, 18.38751072020957, 45.730427509745155, 52.79205852574207, 63.678760573916136, 53.52537792864107, 37.248697526283024, 26.82276075953978, 9.96294551933807, 51.09206065740645, 73.28282203020503, 21.910235082617326, 43.634267565004954, 76.49567517593655, 17.985434984196857, 47.6466409720057, 34.51754779627114, 28.934283709879093, 32.058512407923416, 55.63445787652246, 17.97121398317994, 30.747325547921175, 40.152807094923034, 38.42118043219488, 44.464969094246584, 37.884107411224825, 59.61967474635671, 12.062764586289271, 0.0, 14.966506638955813, 78.56850382122316, 70.40962438654849, 62.67255792219498, 45.59336757273535, 38.06690401293018, 25.564364185951096, 28.859631516939476, 56.54880554642031, 43.67697216081398, 51.16711019103178], [44.75599399567313, 20.519263491902027, 30.758225487984813, 37.55452378393277, 53.13308583949896, 35.8706901544848, 26.466736398585038, 48.721562822369094, 6.007343987898839, 27.71350093151736, 30.77338398366382, 53.9560626182321, 49.58625715547255, 58.154983557605384, 23.31742691446886, 36.061076759853236, 23.345178822585957, 48.52121650336314, 60.140214221396604, 7.4552646500327855, 51.617896702889894, 73.34673921340385, 23.907887409410247, 55.04979018584811, 33.831393007703134, 24.041687801611783, 19.008289719525344, 40.66830290282625, 16.27147117317308, 45.11870981725237, 25.222881990811924, 23.936070245793523, 37.79884266178006, 52.84827714917185, 44.87694886335806, 6.0176893378977665, 14.966506638955813, 0.0, 63.802388838240326, 57.01437394633592, 55.92432104248268, 36.17250550548673, 29.077718379612243, 14.680024601235177, 20.95792145860205, 42.15205862114004, 29.24168331153893, 65.99173931633416], [19.32737366631086, 76.31389144656764, 60.263802195625146, 37.21996509402991, 13.210172182825186, 98.13323013752296, 88.84368836250376, 112.42035690367808, 57.99411923868495, 84.77465681029669, 34.49885701965818, 85.00292801126223, 18.438280463552704, 96.66702624874729, 42.05197214875548, 96.44036203083495, 87.04896923889503, 71.90522865599257, 23.291944911593333, 57.97752836828145, 99.71939273266376, 82.02759010664874, 83.88439424098196, 101.03687932460825, 82.01817402325376, 71.10328729236892, 53.414038177020494, 24.76881543525718, 73.37506942308069, 106.66332681936441, 38.76203930844685, 40.24895115549581, 70.53826215697298, 116.24784149187856, 18.9496030164891, 68.51999038213894, 78.56850382122316, 63.802388838240326, 0.0, 21.27336290678506, 59.74574850092377, 48.65773722768959, 52.15937556352215, 55.61314805164051, 65.30405103447922, 33.71786428226025, 40.85776998954705, 128.30595776843276], [18.47145246215086, 64.27744435566379, 64.10689164025001, 21.74314056890124, 25.909480715585087, 92.87447604657504, 78.77624576543167, 103.40040417605297, 52.0997491952807, 72.25503224124091, 35.02516895742529, 65.88524771549821, 10.025599771680266, 78.20081427780363, 33.728373393873035, 92.58250823294652, 79.92817431242051, 52.54271330974359, 3.8250378066122868, 53.17364443645115, 83.23555485451504, 60.79968592308481, 79.99404414313912, 83.94756550981238, 82.83417489107568, 71.18631795779416, 53.12285497709856, 29.272227075414513, 70.1978267303475, 95.13530860270025, 35.664923432451765, 33.84383830533264, 75.16348405233444, 106.41345358822916, 20.095898036749286, 62.67696474552682, 70.40962438654849, 57.01437394633592, 21.27336290678506, 0.0, 38.81984909053606, 31.433306312754834, 36.91619681754569, 45.10024601277169, 65.3235677483962, 42.63592182851834, 43.52943336283792, 116.81417580200394], [48.220574174163524, 49.40550891114679, 78.91742914213992, 28.890888310244566, 60.32288350295132, 86.93541317558756, 65.17109341720845, 88.63437234353279, 54.52559528836679, 54.278884831525225, 55.05177218566526, 30.88867160679352, 42.84974869856895, 44.01028750343273, 41.806828842842435, 89.36702562147298, 72.34432624532445, 18.615548836874446, 38.03098586465186, 57.17567825536663, 53.67183681471831, 23.139959168108916, 78.69710227476224, 52.801600293133994, 89.43063583103543, 78.62490352764956, 64.61202718547034, 56.4022410219993, 72.19568452058608, 75.91940619471009, 50.62363263235015, 45.022155640209775, 89.1158416626809, 89.65673362281946, 50.12248176478292, 61.632355729912376, 62.67255792219498, 55.92432104248268, 59.74574850092377, 38.81984909053606, 0.0, 21.298475349800928, 27.146279712770934, 41.48926952425122, 73.94138983941517, 69.02451014842791, 62.49882549318884, 95.7438538626276], [32.43832879227384, 35.40774170382002, 57.61923279876353, 11.612303288304151, 45.10935734075976, 69.86464872147468, 51.09145200849844, 75.77819444681941, 33.90668471072012, 42.53064883308092, 34.87869465485286, 36.790029853056026, 30.220004222879837, 48.03383410812045, 20.6530912699195, 71.35227028592759, 55.554309620037536, 24.365328348008383, 32.85095974717331, 36.38793231470514, 51.8499552647317, 42.82425003295191, 59.816526783241024, 52.74042679664754, 68.91706129177186, 57.82223527077374, 43.32136913492031, 38.178055373032834, 52.25924889904745, 65.56207805005032, 29.81047220343585, 24.0298115581514, 6