instance_id,num_cities,city_coordinates,distance_matrix,best_route,total_distance
2195,28,"[[84.74889964465686, 70.80446688766764], [39.98671838529507, 73.89859789939328], [72.14546758954482, 42.50429337445934], [25.74972479306423, 64.14046296461422], [85.9778050003358, 86.12223051194069], [43.67860544482516, 94.77441425879593], [76.25564243426524, 90.70977085793741], [33.284880549291614, 10.744061761280088], [18.782230257699894, 53.4880183861969], [58.66208724308557, 13.36925882483152], [17.41582782121388, 40.66385891940247], [18.607023199296734, 18.669749165286532], [58.93543919297495, 91.18026018878884], [25.443192954780358, 84.169986727731], [77.38284527214815, 83.67711014396981], [29.194306680083294, 21.870978008288176], [48.89101741957486, 90.08214317233401], [87.98301124580641, 77.30062492005605], [84.04324904353327, 29.69898728201509], [98.16112069562162, 74.80363636115577], [25.383769223287842, 52.70571827409366], [7.808590410417127, 65.96182795799125], [73.19234338376454, 84.01129250001337], [10.708691419062422, 43.037369393599725], [78.12472692936777, 81.20014919179194], [76.13894942667947, 30.57437950607077], [28.20427193134859, 43.59450727009161], [54.93631809709949, 33.38194975976928]]","[[0.0, 44.868992832619746, 30.979772762974275, 59.37433436641856, 15.36698053692783, 47.55341672935173, 21.641546714380343, 79.0935997751646, 68.20161917954862, 63.08189047972523, 73.77126005347597, 84.2186239005699, 32.88628427081055, 60.79312433639835, 14.831173298926032, 74.0324194753069, 40.711380725839305, 7.256689812197744, 41.11153604989218, 13.995750426383772, 62.06273770406442, 77.09255694853852, 17.549194721299337, 79.07568613255566, 12.326794990193656, 41.14111293447187, 62.75091095455705, 47.84594869701723], [44.868992832619746, 0.0, 44.94204609256372, 17.2601617591081, 47.587784590992584, 21.199757987576863, 39.975622420570915, 63.5091337147684, 29.43165086803383, 63.34485212531323, 40.1745314337809, 59.22260631499635, 25.645854864521805, 17.80493078927658, 38.65345531585694, 53.13519908636936, 18.471428718244788, 48.11671140260202, 62.40659798745749, 58.181441876091355, 25.736827136238205, 33.14248386995708, 34.71138319952679, 42.539608459907704, 38.83066245872314, 56.42669322813399, 32.51405777981341, 43.18667975213283], [30.979772762974275, 44.94204609256372, 0.0, 51.19266338227699, 45.758693145403996, 59.51913791067234, 48.380384420385546, 50.18822110053201, 54.4818989543158, 32.103765881517546, 54.76057585667478, 58.60418522073914, 50.43663941568559, 62.586999118585574, 41.504589694706226, 47.65014088615406, 52.956786572607854, 38.231040766569265, 17.479504216311774, 41.47362733000309, 47.86152425570753, 68.4798488162741, 41.52019900406628, 61.43908883002853, 39.15508651106077, 12.580570022486828, 43.95471808816561, 19.47747363694296], [59.37433436641856, 17.2601617591081, 51.19266338227699, 0.0, 64.1141150602442, 35.49484093948562, 57.06816834900158, 53.92545070500597, 12.728729535840738, 60.50569206153304, 24.91194043492134, 46.028295639508286, 42.80703533482461, 20.031869207468922, 55.20561306079499, 42.409603898756856, 34.76334558734813, 63.60952605862208, 67.70782980376116, 73.1923050835374, 11.440599180831322, 18.033348922906736, 51.4359011310928, 25.914730236389293, 55.083334530033284, 60.5454863546643, 20.692053959318436, 42.40216224755261], [15.36698053692783, 47.587784590992584, 45.758693145403996, 64.1141150602442, 0.0, 43.17502248553274, 10.75016145865966, 91.9696287445291, 74.7009843714339, 77.71192524895432, 82.26304311509344, 95.33446113711423, 27.51132880598457, 60.566083836573846, 8.935991626172985, 85.74723977933186, 37.29759672336045, 9.046633479126063, 56.456398072613034, 16.629604772248204, 69.19754664648414, 80.72712023070095, 12.95855269846972, 86.72799269496188, 9.268102271278428, 56.412470521770196, 71.73833262216701, 61.197313037270305], [47.55341672935173, 21.199757987576863, 59.51913791067234, 35.49484093948562, 43.17502248553274, 0.0, 32.82963089934899, 84.67071310707617, 48.21199001915466, 82.77260451397375, 60.14720016463625, 80.12804930415767, 15.674467120053263, 21.094647471424825, 35.48416465065285, 74.32836556684231, 7.013319224401563, 47.62576705138386, 76.57751399112577, 58.027376624229206, 45.87457045277022, 46.008945955215886, 31.415052397262816, 61.34930351886247, 37.0242617406094, 71.93968580464767, 53.46810149106408, 62.41611003118847], [21.641546714380343, 39.975622420570915, 48.380384420385546, 57.06816834900158, 10.75016145865966, 32.82963089934899, 0.0, 90.77995928786444, 68.47373192900245, 79.31637905129105, 77.24452786740201, 92.26661381656959, 17.326592294217804, 51.23157033094831, 7.122422548228556, 83.38794111839411, 27.371821618342366, 17.8139376339233, 61.505792647918526, 27.07129646855621, 63.50004328179092, 72.78364932135766, 7.365691643313296, 81.04974181801188, 9.69156236543191, 60.13550457342299, 67.29622775580187, 61.163654747381145], [79.0935997751646, 63.5091337147684, 50.18822110053201, 53.92545070500597, 91.9696287445291, 84.67071310707617, 90.77995928786444, 0.0, 45.13726501941578, 25.512629797847577, 33.86769989930966, 16.681007679778375, 84.42708792918656, 73.84347311380195, 85.22828192032301, 11.85500146551583, 80.85841125078475, 86.14906616557806, 54.18211119635183, 91.17321774206128, 42.699041880178704, 60.811537252356736, 83.43076584814273, 39.40231000181985, 83.51450221012371, 47.21983398114889, 33.24100410721843, 31.32504941606263], [68.20161917954862, 29.43165086803383, 54.4818989543158, 12.728729535840738, 74.7009843714339, 48.21199001915466, 68.47373192900245, 45.13726501941578, 0.0, 56.56781648532548, 12.896748491313925, 34.81871004292245, 55.07254560944964, 31.39668143869346, 65.9197492503636, 33.28736363372538, 47.38849051428481, 73.18325163109573, 69.46163382645578, 82.19102029303427, 6.64772970115157, 16.61375023079559, 62.386943129298544, 13.205987041696657, 65.49422955507853, 61.76429454432405, 13.66222644756233, 41.36873291641453], [63.08189047972523, 63.34485212531323, 32.103765881517546, 60.50569206153304, 77.71192524895432, 82.77260451397375, 79.31637905129105, 25.512629797847577, 56.56781648532548, 0.0, 49.459570465369914, 40.40424919982157, 77.81148150851695, 78.20638087341727, 72.75754763800639, 30.66968080015848, 77.33266082587107, 70.3344592299888, 30.180513677302713, 73.0366783675174, 51.52478522255323, 73.15775056777241, 72.12090726883062, 56.3890499634113, 70.56786826546944, 24.52461802842893, 42.90972100983153, 20.35655064559126], [73.77126005347597, 40.1745314337809, 54.76057585667478, 24.91194043492134, 82.26304311509344, 60.14720016463625, 77.24452786740201, 33.86769989930966, 12.896748491313925, 49.459570465369914, 0.0, 22.026343552774797, 65.38948635424299, 44.24049895584605, 73.79825853547223, 22.178930027577024, 58.59056561218976, 79.51087975533117, 67.52363785194602, 87.66599526125468, 14.439337481513759, 27.06078801780926, 70.64007139241104, 7.114719297919581, 72.99836477601005, 59.5835766459378, 11.179410810632968, 38.22058858196687], [84.2186239005699, 59.22260631499635, 58.60418522073914, 46.028295639508286, 95.33446113711423, 80.12804930415767, 92.26661381656959, 16.681007679778375, 34.81871004292245, 40.40424919982157, 22.026343552774797, 0.0, 82.97081020123046, 65.85601216033696, 87.63877133867362, 11.060670757589778, 77.56835903737831, 90.83285368852326, 66.35920242267403, 97.36461225811634, 34.70405566860093, 48.509245172764146, 85.141496727535, 25.61570925237007, 86.32733046246304, 58.750683051209975, 26.708626879866316, 39.195235859780404], [32.88628427081055, 25.645854864521805, 50.43663941568559, 42.80703533482461, 27.51132880598457, 15.674467120053263, 17.326592294217804, 84.42708792918656, 55.07254560944964, 77.81148150851695, 65.38948635424299, 82.97081020123046, 0.0, 34.21804337010916, 19.914920327357176, 75.4208960403259, 10.104269876828381, 32.19325577442403, 66.41045876764431, 42.507033504337564, 51.04904439164791, 57.00810460464253, 15.957863730088075, 68.14365073112887, 21.629410055349506, 63.00026617157292, 56.646346061342356, 57.93649677007394], [60.79312433639835, 17.80493078927658, 62.586999118585574, 20.031869207468922, 60.566083836573846, 21.094647471424825, 51.23157033094831, 73.84347311380195, 31.39668143869346, 78.20638087341727, 44.24049895584605, 65.85601216033696, 34.21804337010916, 0.0, 51.94199081837227, 62.41183655049232, 24.181688649829162, 62.91595190028758, 80.00660194146587, 73.31865747619534, 31.464324567713547, 25.347904305518295, 47.74941413826636, 43.692078735877864, 52.76517750283306, 73.7736324015334, 40.6693138660116, 58.73047871182001], [14.831173298926032, 38.65345531585694, 41.504589694706226, 55.20561306079499, 8.935991626172985, 35.48416465065285, 7.122422548228556, 85.22828192032301, 65.9197492503636, 72.75754763800639, 73.79825853547223, 87.63877133867362, 19.914920327357176, 51.94199081837227, 0.0, 78.3717629073907, 29.202888598135413, 12.370249895612174, 54.38748685219938, 22.593699709166934, 60.52380543466007, 71.79420702601256, 4.203805885580042, 78.08348942178645, 2.5856766913001445, 53.117297352892834, 63.444047230464655, 55.076762253174], [74.0324194753069, 53.13519908636936, 47.65014088615406, 42.409603898756856, 85.74723977933186, 74.32836556684231, 83.38794111839411, 11.85500146551583, 33.28736363372538, 30.66968080015848, 22.178930027577024, 11.060670757589778, 75.4208960403259, 62.41183655049232, 78.3717629073907, 0.0, 70.99805255774233, 80.79948973402698, 55.404730913330965, 86.93841357970167, 31.069300007713842, 49.00359078326705, 76.13964748348258, 28.10220802454282, 76.90342371502767, 47.74461938519512, 21.746077632348605, 28.198468441693567], [40.711380725839305, 18.471428718244788, 52.956786572607854, 34.76334558734813, 37.29759672336045, 7.013319224401563, 27.371821618342366, 80.85841125078475, 47.38849051428481, 77.33266082587107, 58.59056561218976, 77.56835903737831, 10.104269876828381, 24.181688649829162, 29.202888598135413, 70.99805255774233, 0.0, 41.12847177009426, 69.86991415064841, 51.584647398344536, 44.154137472445775, 47.63985112279454, 25.048147067266584, 60.58960932950214, 30.553225505228447, 65.44939828007311, 50.88262700248589, 57.02155376087124], [7.256689812197744, 48.11671140260202, 38.231040766569265, 63.60952605862208, 9.046633479126063, 47.62576705138386, 17.8139376339233, 86.14906616557806, 73.18325163109573, 70.3344592299888, 79.51087975533117, 90.83285368852326, 32.19325577442403, 62.91595190028758, 12.370249895612174, 80.79948973402698, 41.12847177009426, 0.0, 47.76439711787241, 10.479926709462076, 67.25752400079458, 80.97225495709647, 16.241826103425947, 84.52982422764855, 10.601512119013844, 48.20398127606558, 68.62652578310481, 54.96302353309526], [41.11153604989218, 62.40659798745749, 17.479504216311774, 67.70782980376116, 56.456398072613034, 76.57751399112577, 61.505792647918526, 54.18211119635183, 69.46163382645578, 30.180513677302713, 67.52363785194602, 66.35920242267403, 66.41045876764431, 80.00660194146587, 54.38748685219938, 55.404730913330965, 69.86991415064841, 47.76439711787241, 0.0, 47.26249748518656, 63.00987417638325, 84.41988385918911, 55.38563578880542, 74.53770709735761, 51.840125212743416, 7.95262623156226, 57.5419572197029, 29.339012282846358], [13.995750426383772, 58.181441876091355, 41.47362733000309, 73.1923050835374, 16.629604772248204, 58.027376624229206, 27.07129646855621, 91.17321774206128, 82.19102029303427, 73.0366783675174, 87.66599526125468, 97.36461225811634, 42.507033504337564, 73.31865747619534, 22.593699709166934, 86.93841357970167, 51.584647398344536, 10.479926709462076, 47.26249748518656, 0.0, 76.0582728643644, 90.78412473983029, 26.612417628253002, 93.0431249659298, 21.032652033180916, 49.408533568116596, 76.60267898481146, 59.8676847772209], [62.06273770406442, 25.736827136238205, 47.86152425570753, 11.440599180831322, 69.19754664648414, 45.87457045277022, 63.50004328179092, 42.699041880178704, 6.64772970115157, 51.52478522255323, 14.439337481513759, 34.70405566860093, 51.04904439164791, 31.464324567713547, 60.52380543466007, 31.069300007713842, 44.154137472445775, 67.25752400079458, 63.00987417638325, 76.0582728643644, 0.0, 22.01389003006745, 57.14629245080006, 17.573698490500455, 59.94615261280736, 55.37042959146832, 9.53778808139634, 35.30950544165438], [77.09255694853852, 33.14248386995708, 68.4798488162741, 18.033348922906736, 80.72712023070095, 46.008945955215886, 72.78364932135766, 60.811537252356736, 16.61375023079559, 73.15775056777241, 27.06078801780926, 48.509245172764146, 57.00810460464253, 25.347904305518295, 71.79420702601256, 49.00359078326705, 47.63985112279454, 80.97225495709647, 84.41988385918911, 90.78412473983029, 22.01389003006745, 0.0, 67.82933232115315, 23.10717175101378, 71.94835292747294, 76.95004529711879, 30.27013147408858, 57.292854531093724], [17.549194721299337, 34.71138319952679, 41.52019900406628, 51.4359011310928, 12.95855269846972, 31.415052397262816, 7.365691643313296, 83.43076584814273, 62.386943129298544, 72.12090726883062, 70.64007139241104, 85.141496727535, 15.957863730088075, 47.74941413826636, 4.203805885580042, 76.13964748348258, 25.048147067266584, 16.241826103425947, 55.38563578880542, 26.612417628253002, 57.14629245080006, 67.82933232115315, 0.0, 74.71993801908779, 5.677229442280418, 53.51809187082751, 60.47679804130924, 53.82018957209702], [79.07568613255566, 42.539608459907704, 61.43908883002853, 25.914730236389293, 86.72799269496188, 61.34930351886247, 81.04974181801188, 39.40231000181985, 13.205987041696657, 56.3890499634113, 7.114719297919581, 25.61570925237007, 68.14365073112887, 43.692078735877864, 78.08348942178645, 28.10220802454282, 60.58960932950214, 84.52982422764855, 74.53770709735761, 93.0431249659298, 17.573698490500455, 23.10717175101378, 74.71993801908779, 0.0, 77.4681844749963, 66.60664216037306, 17.5044491508676, 45.269306266798196], [12.326794990193656, 38.83066245872314, 39.15508651106077, 55.083334530033284, 9.268102271278428, 37.0242617406094, 9.69156236543191, 83.51450221012371, 65.49422955507853, 70.56786826546944, 72.99836477601005, 86.32733046246304, 21.629410055349506, 52.76517750283306, 2.5856766913001445, 76.90342371502767, 30.553225505228447, 10.601512119013844, 51.840125212743416, 21.032652033180916, 59.94615261280736, 71.94835292747294, 5.677229442280418, 77.4681844749963, 0.0, 50.664700419146534, 62.499889052320746, 53.143978973098264], [41.14111293447187, 56.42669322813399, 12.580570022486828, 60.5454863546643, 56.412470521770196, 71.93968580464767, 60.13550457342299, 47.21983398114889, 61.76429454432405, 24.52461802842893, 59.5835766459378, 58.750683051209975, 63.00026617157292, 73.7736324015334, 53.117297352892834, 47.74461938519512, 65.44939828007311, 48.20398127606558, 7.95262623156226, 49.408533568116596, 55.37042959146832, 76.95004529711879, 53.51809187082751, 66.60664216037306, 50.664700419146534, 0.0, 49.67149115511641, 21.387707357908642], [62.75091095455705, 32.51405777981341, 43.95471808816561, 20.692053959318436, 71.73833262216701, 53.46810149106408, 67.29622775580187, 33.24100410721843, 13.66222644756233, 42.90972100983153, 11.179410810632968, 26.708626879866316, 56.646346061342356, 40.6693138660116, 63.444047230464655, 21.746077632348605, 50.88262700248589, 68.62652578310481, 57.5419572197029, 76.60267898481146, 9.53778808139634, 30.27013147408858, 60.47679804130924, 17.5044491508676, 62.499889052320746, 49.67149115511641, 0.0, 28.61640479007589], [47.84594869701723, 43.18667975213283, 19.47747363694296, 42.40216224755261, 61.197313037270305, 62.41611003118847, 61.163654747381145, 31.32504941606263, 41.36873291641453, 20.35655064559126, 38.22058858196687, 39.195235859780404, 57.93649677007394, 58.73047871182001, 55.076762253174, 28.198468441693567, 57.02155376087124, 54.96302353309526, 29.339012282846358, 59.8676847772209, 35.30950544165438, 57.292854531093724, 53.82018957209702, 45.269306266798196, 53.143978973098264, 21.387707357908642, 28.61640479007589, 0.0]]",Route_0,1383.4192884159136
