instance_id,num_cities,city_coordinates,distance_matrix,best_route,total_distance
1688,37,"[[48.58393740775079, 56.807110084373726], [97.68817871880779, 0.9171057194316656], [55.0355386669526, 0.48043939088309173], [4.0713314471448765, 73.85222006995082], [70.56386389045399, 56.26230230974999], [21.73725916886119, 26.38942278505052], [20.60739269496218, 53.772458328522674], [74.57427515394726, 51.76518127784685], [50.75709328836896, 81.65938941314698], [39.81546401685213, 68.99183455412857], [46.032613081717564, 91.78650185666632], [74.15098166988005, 11.447461635573452], [37.83373325306653, 77.99913642174768], [89.9007470239992, 43.12228097532444], [18.389909717770113, 46.82790449905174], [36.98159667249885, 26.155189485591578], [23.319809873969135, 82.52739168738486], [11.516952789971945, 34.758558130623825], [15.201876205426245, 89.91528267031877], [90.0095550607071, 32.51668372734152], [82.56418711376072, 87.42767414476398], [21.271788529230705, 77.23220207572714], [56.65814347686261, 89.35164040084614], [59.3405998726803, 90.63336140280542], [66.92022388522554, 5.284203332026561], [57.44481328972204, 74.46376124940652], [69.79000669698662, 34.02854173624947], [99.39589748347599, 41.640046805505], [92.00306801353932, 74.45489727025483], [98.42688649291375, 18.159072621583285], [25.133564628547077, 96.60144174594065], [43.30099668816514, 20.412424173357323], [44.05281265633818, 16.334662178225003], [84.89147796123534, 1.8479793364424846], [74.96978930197822, 77.6303149680153], [5.365376227984386, 40.99663641208562], [63.48901514136838, 0.3475705959749886]]","[[0.0, 74.39703692115539, 56.69494677853284, 47.6645346544429, 21.986677413750535, 40.570677010642505, 28.140649696585722, 26.474869258439224, 24.94711194340611, 15.011783238867404, 35.07231250682138, 52.068910682867426, 23.76276224792358, 43.524169200677456, 31.800375033282883, 32.7742970470906, 36.052864321456866, 43.12887654358576, 47.016094075289416, 48.021938846066284, 45.74140699037637, 34.10480698109426, 33.531168443200336, 35.49536681937694, 54.68847522097398, 19.7553145193731, 31.121705459213498, 53.027305185557935, 46.868596043840185, 63.07131180839195, 46.18992115033761, 36.77611487376272, 40.725300870942455, 65.86913961492989, 33.61278092943546, 46.019725207690314, 58.3938433525936], [74.39703692115539, 0.0, 42.65487522986804, 118.67453390853981, 61.634562061627705, 80.10855832664745, 93.46194879995396, 55.854984790974314, 93.39080873274176, 89.34998496301759, 104.52533001925138, 25.785423026211436, 97.59197763753015, 42.917606070026004, 91.62978179142247, 65.74382081939673, 110.41237729717203, 92.57820520715151, 121.34523312809, 32.51914192534489, 87.82262562314817, 107.99749358886233, 97.489131272535, 97.56814714446749, 31.07633482570442, 83.83697871884289, 43.297519527739055, 40.758731997928976, 73.75721842574785, 17.25778409386374, 120.08190615834071, 57.77571298438672, 55.80728930717919, 12.830513472566176, 80.00651030329777, 100.64724854809981, 34.203905619874895], [56.69494677853284, 42.65487522986804, 0.0, 89.33514771667822, 57.90289383913456, 42.19064870385685, 63.44553977639733, 54.88066120156272, 81.29161716668418, 70.18163534407707, 91.74884038558083, 22.0380520489834, 79.40434811054224, 55.080935063712055, 59.084597341727495, 31.386901949138494, 87.96357106219891, 55.39726293841515, 97.90460590552436, 47.42892338959291, 91.20114098329266, 83.85000833985131, 88.88601248409336, 90.25565300452271, 12.818810036023843, 74.0225406037228, 36.64927690725253, 60.51408692904904, 82.69715015971043, 46.85448899581726, 100.66466681579222, 23.129710175890864, 19.286696213060907, 29.88724270732576, 79.68360966941069, 64.09904256519273, 8.45452060262209], [47.6645346544429, 118.67453390853981, 89.33514771667822, 0.0, 68.7798086471251, 50.64387552682401, 26.01226928170794, 73.88167806654403, 47.33404960331237, 36.07306974078061, 45.63318550815012, 93.83768566303146, 34.01612398456505, 91.16478341456097, 30.583252210442883, 57.94904903247718, 21.113088934115066, 39.796377737265814, 19.542543506909347, 95.36249180147192, 79.65815302928853, 17.52940393145324, 54.82339673937248, 57.76070235659473, 93.01374199582389, 53.37698517726609, 76.84314954906701, 100.62006259406486, 87.93380189318302, 109.56595018846288, 31.002334645169633, 66.29312498586927, 70.04847111471533, 108.24281392391862, 70.99905159403443, 32.881057303465724, 94.51663678886828], [21.986677413750535, 61.634562061627705, 57.90289383913456, 68.7798086471251, 0.0, 57.24007564404398, 50.01847995847991, 6.025570186956521, 32.20745558129598, 33.279198997986605, 43.17118274602008, 44.95817343504184, 39.290602041111, 23.378948008615442, 53.02008445922946, 45.10218303036726, 54.05419095618477, 62.840661392362286, 64.78790602871798, 30.691844306754888, 33.39593027718375, 53.56720442221756, 35.89252506480755, 36.15703746701272, 51.108146981379285, 22.43663513534433, 22.247223741303706, 32.32795256647987, 28.11778769441695, 47.203857270506745, 60.75490318878676, 45.03862442930336, 47.927573316520814, 56.26898852480532, 21.8175191920553, 66.96180514869887, 56.360542114549204], [40.570677010642505, 80.10855832664745, 42.19064870385685, 50.64387552682401, 57.24007564404398, 0.0, 27.406335651157384, 58.61466861881048, 62.42531524465571, 46.27944445504941, 69.76418975986257, 54.50193124473933, 54.06162242853407, 70.18724684580073, 20.710776980144466, 15.246136925903205, 56.160270825679746, 13.209734626815505, 63.86114706644009, 68.54669731649136, 86.17182423661207, 50.844909960750385, 71.99797919352754, 74.4398742691668, 49.86913462975398, 59.88465112263462, 48.656167988779515, 79.1419334985785, 85.13268308989606, 77.13000455669217, 70.29411424393858, 22.37675776795243, 24.4761544837627, 67.75498356443082, 73.8872877840257, 21.941040106968785, 49.20759283104029], [28.140649696585722, 93.46194879995396, 63.44553977639733, 26.01226928170794, 50.01847995847991, 27.406335651157384, 0.0, 54.00419949874343, 41.06927526984934, 24.506721865711647, 45.73302239164477, 68.25189569069207, 29.726734439836125, 70.10702697892737, 7.289997163549242, 32.10651171087744, 28.882579514745174, 21.075210518566518, 36.54481303715445, 72.58421381359337, 70.50757353852879, 23.469149931539757, 50.65110886125039, 53.46950078057305, 67.05213796340173, 42.25074641517016, 52.99765808481326, 79.71714932292498, 74.33105498224926, 85.58146327611288, 43.06748254706601, 40.34713795344245, 44.173253194173185, 82.635314104325, 59.36722570820614, 19.888204836539057, 68.50585502620525], [26.474869258439224, 55.854984790974314, 54.88066120156272, 73.88167806654403, 6.025570186956521, 58.61466861881048, 54.00419949874343, 0.0, 38.22200716936091, 38.793459948365985, 49.15620586170167, 40.31994164835326, 45.145186029770365, 17.59546718967233, 56.40088316202439, 45.48715373607076, 59.777368630755, 65.31042133217304, 70.5727425650883, 24.672910727188913, 36.54657426638625, 59.07388787525123, 41.63807973088495, 41.74685962801643, 47.10696139238926, 28.436666409465712, 18.37056359769139, 26.807299064858526, 28.61094252831776, 41.21064919052339, 66.74334506165515, 44.283330092163006, 46.76410329153789, 50.972264256413574, 25.868157496265162, 70.04165367172635, 52.59898932279045], [24.94711194340611, 93.39080873274176, 81.29161716668418, 47.33404960331237, 32.20745558129598, 62.42531524465571, 41.06927526984934, 38.22200716936091, 0.0, 16.738763312191097, 11.174932647077789, 74.0066808865916, 13.431704529325367, 54.930268108970786, 47.54857425426852, 57.18811516925427, 27.451009983426506, 61.15126001421099, 36.501140191629574, 62.89484301046123, 32.32590797429023, 29.815821042860307, 9.695004826449527, 12.4180819192857, 78.06673965023012, 9.823576919193593, 51.292781590003, 62.98635611208026, 41.870456625959875, 79.40213735657883, 29.66193097046546, 61.69914203289681, 65.66785642237745, 86.80447796874942, 24.545632791432844, 60.9415085086949, 82.30257416039603], [15.011783238867404, 89.34998496301759, 70.18163534407707, 36.07306974078061, 33.279198997986605, 46.27944445504941, 24.506721865711647, 38.793459948365985, 16.738763312191097, 0.0, 23.627310467510696, 67.00957116032852, 9.222729734441366, 56.3717072321979, 30.826841753725766, 42.930280279229564, 21.33817969062165, 44.41534591046151, 32.30509845243745, 62.04742866191689, 46.55462928461364, 20.29215507237288, 26.423427966649097, 29.147669109734103, 69.23388103705824, 18.459034036030545, 46.05328493768887, 65.55873965472908, 52.472764984850656, 77.58394505539279, 31.270570492628902, 48.704291915047655, 52.82738803043527, 80.87115880589211, 36.200137156004814, 44.390761062105476, 72.61178965706429], [35.07231250682138, 104.52533001925138, 91.74884038558083, 45.63318550815012, 43.17118274602008, 69.76418975986257, 45.73302239164477, 49.15620586170167, 11.174932647077789, 23.627310467510696, 0.0, 85.11758946132193, 16.04098114457623, 65.51808582037476, 52.776837018064086, 66.2524721168164, 24.527587543025884, 66.65971175302107, 30.88746991222273, 73.8029997148263, 36.79069556668775, 28.721526328391434, 10.900937871907631, 13.35785332060392, 88.98842584923455, 20.744051092638227, 62.45314810850203, 73.2277753065126, 49.12908755694914, 90.36679822841097, 21.446535207004715, 71.42633053198625, 75.47780945804895, 97.97422728884077, 32.2142483200964, 65.06484907533596, 93.09030090705271], [52.068910682867426, 25.785423026211436, 22.0380520489834, 93.83768566303146, 44.95817343504184, 54.50193124473933, 68.25189569069207, 40.31994164835326, 74.0066808865916, 67.00957116032852, 85.11758946132193, 0.0, 75.81601380587905, 35.37441573956629, 66.03841974535909, 39.97349671462012, 87.38515023913281, 66.83134589046306, 98.14375157390367, 26.370560660412497, 76.44458593505951, 84.40285031907685, 79.8439757097469, 80.55901024047486, 9.501032104807434, 65.19317509499417, 22.998332140121583, 39.35604113321253, 65.48766244171479, 25.18660908110734, 98.25430017073437, 32.12619066549758, 30.492368014174065, 14.405149113978146, 66.18791824163901, 74.863964936283, 15.391072456007139], [23.76276224792358, 97.59197763753015, 79.40434811054224, 34.01612398456505, 39.290602041111, 54.06162242853407, 29.726734439836125, 45.145186029770365, 13.431704529325367, 9.222729734441366, 16.04098114457623, 75.81601380587905, 0.0, 62.668724008497215, 36.738371946103506, 51.85094956383067, 15.203916193043185, 50.61936926605791, 25.577245646123824, 69.21683237769231, 45.71335500899091, 16.57969243763283, 21.982669693856682, 24.943314789054014, 78.3165718832055, 19.927200952801044, 54.35638517615898, 71.49743675443109, 54.28515874118027, 85.16080938527624, 22.5242102295669, 57.84566014013219, 61.977288843206665, 89.51776394911803, 37.137887502288606, 49.22782967868116, 81.77994353117724], [43.524169200677456, 42.917606070026004, 55.080935063712055, 91.16478341456097, 23.378948008615442, 70.18724684580073, 70.10702697892737, 17.59546718967233, 54.930268108970786, 56.3717072321979, 65.51808582037476, 35.37441573956629, 62.668724008497215, 0.0, 71.60678388209854, 55.5726431578134, 77.36784824464225, 78.82874512730297, 88.14480307538042, 10.606155390869734, 44.90871825397757, 76.63824542323731, 56.940533572194155, 56.490931637713594, 44.26990584439898, 45.11846651133509, 22.071202274656944, 9.610145700367015, 31.40306668827741, 26.379098270329006, 83.99290774925689, 51.83892675709942, 53.09999629566906, 41.577166237257885, 37.59970622940405, 84.56209127279755, 50.271815454359746], [31.800375033282883, 91.62978179142247, 59.084597341727495, 30.583252210442883, 53.02008445922946, 20.710776980144466, 7.289997163549242, 56.40088316202439, 47.54857425426852, 30.826841753725766, 52.776837018064086, 66.03841974535909, 36.738371946103506, 71.60678388209854, 0.0, 27.803092810879367, 36.03827550064032, 13.889084156000097, 43.205158434492596, 73.03550259308624, 75.93865402140368, 30.540571975897493, 57.20774274594396, 59.96563247986366, 63.883256803696334, 47.84376731968954, 52.96974284066963, 81.17194048035431, 78.62663546062545, 85.01658410288803, 50.22829771775153, 36.30895006584098, 39.855017431573465, 80.2848195269454, 64.42104675074759, 14.270324457720626, 64.76380740622292], [32.7742970470906, 65.74382081939673, 31.386901949138494, 57.94904903247718, 45.10218303036726, 15.246136925903205, 32.10651171087744, 45.48715373607076, 57.18811516925427, 42.930280279229564, 66.2524721168164, 39.97349671462012, 51.85094956383067, 55.5726431578134, 27.803092810879367, 0.0, 58.00404813121536, 26.87872839451746, 67.37733822695074, 53.40817334275123, 76.36812114779528, 53.438369052874, 66.18880496298824, 68.24485092585013, 36.49547180685463, 52.46390511754779, 33.739908772814566, 64.306498520299, 73.21355120889027, 61.96338859373058, 71.43563761067192, 8.538979446596887, 12.101440083099096, 53.723339344606266, 63.97492729722871, 34.926407517351024, 36.99562712856021], [36.052864321456866, 110.41237729717203, 87.96357106219891, 21.113088934115066, 54.05419095618477, 56.160270825679746, 28.882579514745174, 59.777368630755, 27.451009983426506, 21.33817969062165, 24.527587543025884, 87.38515023913281, 15.203916193043185, 77.36784824464225, 36.03827550064032, 58.00404813121536, 0.0, 49.205374652763304, 10.976419280556769, 83.35822109268396, 59.44669042674145, 5.677448762596808, 34.02961736371707, 36.92159337242321, 88.69896419493479, 35.06476855713493, 67.16857627903639, 86.36750591199882, 69.156020090672, 98.91589082448206, 14.19044013977326, 65.24965146092734, 69.36378625944899, 101.4900876358961, 51.881612689942024, 45.24561107206825, 91.47178825425132], [43.12887654358576, 92.57820520715151, 55.39726293841515, 39.796377737265814, 62.840661392362286, 13.209734626815505, 21.075210518566518, 65.31042133217304, 61.15126001421099, 44.41534591046151, 66.65971175302107, 66.83134589046306, 50.61936926605791, 78.82874512730297, 13.889084156000097, 26.87872839451746, 49.205374652763304, 0.0, 55.27967911018976, 78.5246115053867, 88.4406314245342, 43.579436094049356, 70.83877277588515, 73.54654894008578, 62.7555578323367, 60.711378874048776, 58.27762637226995, 88.1479654151272, 89.74304477155856, 88.48095555211069, 63.324200522549404, 34.87172215480771, 37.39013398356094, 80.41720674505167, 76.57839118017445, 8.761022477065108, 62.33146338862257], [47.016094075289416, 121.34523312809, 97.90460590552436, 19.542543506909347, 64.78790602871798, 63.86114706644009, 36.54481303715445, 70.5727425650883, 36.501140191629574, 32.30509845243745, 30.88746991222273, 98.14375157390367, 25.577245646123824, 88.14480307538042, 43.205158434492596, 67.37733822695074, 10.976419280556769, 55.27967911018976, 0.0, 94.29097505239609, 67.40822744359572, 14.06073856479737, 41.46009875396708, 44.14456437705851, 99.18269544982589, 44.980165047815056, 78.12292751040121, 97.05221077735476, 78.34185713821881, 109.88792480482398, 11.97260030730472, 74.9680459339319, 79.03470279627861, 112.30534497246447, 61.01740626545535, 49.89780239193268, 101.75471897092305], [48.021938846066284, 32.51914192534489, 47.42892338959291, 95.36249180147192, 30.691844306754888, 68.54669731649136, 72.58421381359337, 24.672910727188913, 62.89484301046123, 62.04742866191689, 73.8029997148263, 26.370560660412497, 69.21683237769231, 10.606155390869734, 73.03550259308624, 53.40817334275123, 83.35822109268396, 78.5246115053867, 94.29097505239609, 0.0, 55.413449382687574, 82.00218368373227, 65.89786760369522, 65.71250289221192, 35.703294002266496, 53.10385785659145, 20.275991977507058, 13.08965919852261, 41.98556715186907, 16.64309061153626, 91.19073606927475, 48.25145101021707, 48.72247934821864, 31.09283104209855, 47.55454003349134, 85.06789410700986, 41.69161639073133], [45.74140699037637, 87.82262562314817, 91.20114098329266, 79.65815302928853, 33.39593027718375, 86.17182423661207, 70.50757353852879, 36.54657426638625, 32.32590797429023, 46.55462928461364, 36.79069556668775, 76.44458593505951, 45.71335500899091, 44.90871825397757, 75.93865402140368, 76.36812114779528, 59.44669042674145, 88.4406314245342, 67.40822744359572, 55.413449382687574, 0.0, 62.1345779333489, 25.977389073411747, 23.443793104795194, 83.61987432816916, 28.26740134625423, 54.90580139932719, 48.7833300557561, 16.043235723382132, 71.06169424219053, 58.15870021793408, 77.67008337272917, 80.85383301411426, 85.6113336315595, 12.39609313299269, 90.0860570072376, 89.14486311529205], [34.10480698109426, 107.99749358886233, 83.85000833985131, 17.52940393145324, 53.56720442221756, 50.844909960750385, 23.469149931539757, 59.07388787525123, 29.815821042860307, 20.29215507237288, 28.721526328391434, 84.40285031907685, 16.57969243763283, 76.63824542323731, 30.540571975897493, 53.438369052874, 5.677448762596808, 43.579436094049356, 14.06073856479737, 82.00218368373227, 62.1345779333489, 0.0, 37.40420968014371, 40.35870994485445, 85.20735985625878, 36.27880903408984, 64.9659430848419, 85.84974034133354, 70.78578472737217, 97.17275217514201, 19.750462274170285, 60.94073492323749, 65.01911584947706, 98.64200890812599, 53.69947654181556, 39.573099085885566, 87.71283133383554], [33.531168443200336, 97.489131272535, 88.88601248409336, 54.82339673937248, 35.89252506480755, 71.99797919352754, 50.65110886125039, 41.63807973088495, 9.695004826449527, 26.423427966649097, 10.900937871907631, 79.8439757097469, 21.982669693856682, 56.940533572194155, 57.20774274594396, 66.18880496298824, 34.02961736371707, 70.83877277588515, 41.46009875396708, 65.89786760369522, 25.977389073411747, 37.40420968014371, 0.0, 2.972941479801903, 84.6914651522079, 14.908648329823022, 56.86027679746857, 64.05397552796232, 38.355920617320486, 82.54095710703781, 32.347468078769275, 70.2212852659026, 74.09705442092547, 91.94570069220477, 21.741799436265644, 70.49222923699207, 89.26581232211649], [35.49536681937694, 97.56814714446749, 90.25565300452271, 57.76070235659473, 36.15703746701272, 74.4398742691668, 53.46950078057305, 41.74685962801643, 12.4180819192857, 29.147669109734103, 13.35785332060392, 80.55901024047486, 24.943314789054014, 56.490931637713594, 59.96563247986366, 68.24485092585013, 36.92159337242321, 73.54654894008578, 44.14456437705851, 65.71250289221192, 23.443793104795194, 40.35870994485445, 2.972941479801903, 0.0, 85.68505986204566, 16.280355520962136, 57.56123445916686, 63.28326589169893, 36.449684864767434, 82.34233623175274, 34.72375617895463, 72.02950017665539, 75.85521171572076, 92.38880581415826, 20.33102994937015, 73.32891131947405, 90.38104541803126], [54.68847522097398, 31.07633482570442, 12.818810036023843, 93.01374199582389, 51.108146981379285, 49.86913462975398, 67.05213796340173, 47.10696139238926, 78.06673965023012, 69.23388103705824, 88.98842584923455, 9.501032104807434, 78.3165718832055, 44.26990584439898, 63.883256803696334, 36.49547180685463, 88.69896419493479, 62.7555578323367, 99.18269544982589, 35.703294002266496, 83.61987432816916, 85.20735985625878, 84.6914651522079, 85.68505986204566, 0.0, 69.82545839160318, 28.887240153451206, 48.74850490351644, 73.5780807677214, 34.035746618781104, 100.42391609261898, 28.048724734119943, 25.397463200535775, 18.296819625615996, 72.79255025238177, 71.16443737291726, 6.011949452097704], [19.7553145193731, 83.83697871884289, 74.0225406037228, 53.37698517726609, 22.43663513534433, 59.88465112263462, 42.25074641517016, 28.436666409465712, 9.823576919193593, 18.459034036030545, 20.744051092638227, 65.19317509499417, 19.927200952801044, 45.11846651133509, 47.84376731968954, 52.46390511754779, 35.06476855713493, 60.711378874048776, 44.980165047815056, 53.10385785659145, 28.26740134625423, 36.27880903408984, 14.908648329823022, 16.280355520962136, 69.82545839160318, 0.0, 42.277781130754306, 53.26621532384501, 34.558255860595246, 69.64013415773903, 39.16750806230731, 55.87123220197642, 59.65180500028301, 77.6297055541347, 17.808757583924535, 61.9057041761445, 74.3622356643428], [31.121705459213498, 43.297519527739055, 36.64927690725253, 76.84314954906701, 22.247223741303706, 48.656167988779515, 52.99765808481326, 18.37056359769139, 51.292781590003, 46.05328493768887, 62.45314810850203, 22.998332140121583, 54.35638517615898, 22.071202274656944, 52.96974284066963, 33.739908772814566, 67.16857627903639, 58.27762637226995, 78.12292751040121, 20.275991977507058, 54.90580139932719, 64.9659430848419, 56.86027679746857, 57.56123445916686, 28.887240153451206, 42.277781130754306, 0.0, 30.56867315865768, 46.12711041041629, 32.740050922802844, 76.87369923344855, 29.783658417560872, 31.23261966117901, 35.54775704194009, 43.908367958617006, 64.80036538846758, 34.26529310448074], [53.027305185557935, 40.758731997928976, 60.51408692904904, 100.62006259406486, 32.32795256647987, 79.1419334985785, 79.71714932292498, 26.807299064858526, 62.98635611208026, 65.55873965472908, 73.2277753065126, 39.35604113321253, 71.49743675443109, 9.610145700367015, 81.17194048035431, 64.306498520299, 86.36750591199882, 88.1479654151272, 97.05221077735476, 13.08965919852261, 48.7833300557561, 85.84974034133354, 64.05397552796232, 63.28326589169893, 48.74850490351644, 53.26621532384501, 30.56867315865768, 0.0, 33.637305757082515, 23.50096021284723, 92.3885762140255, 59.97707777016678, 60.854083916515826, 42.3531205360311, 43.49636954164835, 94.0327225199495, 54.72086248447261], [46.868596043840185, 73.75721842574785, 82.69715015971043, 87.93380189318302, 28.11778769441695, 85.13268308989606, 74.33105498224926, 28.61094252831776, 41.870456625959875, 52.472764984850656, 49.12908755694914, 65.48766244171479, 54.28515874118027, 31.40306668827741, 78.62663546062545, 73.21355120889027, 69.156020090672, 89.74304477155856, 78.34185713821881, 41.98556715186907, 16.043235723382132, 70.78578472737217, 38.355920617320486, 36.449684864767434, 73.5780807677214, 34.558255860595246, 46.12711041041629, 33.637305757082515, 0.0, 56.66114468248879, 70.44146445928718, 72.74943745356885, 75.34712148432489, 72.95436412524882, 17.32673833186647, 92.87381147332175, 79.40369687870577], [63.07131180839195, 17.25778409386374, 46.85448899581726, 109.56595018846288, 47.203857270506745, 77.13000455669217, 85.58146327611288, 41.21064919052339, 79.40213735657883, 77.58394505539279, 90.36679822841097, 25.18660908110734, 85.16080938527624, 26.379098270329006, 85.01658410288803, 61.96338859373058, 98.91589082448206, 88.48095555211069, 109.88792480482398, 16.64309061153626, 71.06169424219053, 97.17275217514201, 82.54095710703781, 82.34233623175274, 34.035746618781104, 69.64013415773903, 32.740050922802844, 23.50096021284723, 56.66114468248879, 0.0, 107.35509444714573, 55.17192510671681, 54.40467240091798, 21.195731841009835, 63.930149967390534, 95.82274788730918, 39.216124986864564], [46.18992115033761, 120.08190615834071, 100.66466681579222, 31.002334645169633, 60.75490318878676, 70.29411424393858, 43.06748254706601, 66.74334506165515, 29.66193097046546, 31.270570492628902, 21.446535207004715, 98.25430017073437, 22.5242102295669, 83.99290774925689, 50.22829771775153, 71.43563761067192, 14.19044013977326, 63.324200522549404, 11.97260030730472, 91.19073606927475, 58.15870021793408, 19.750462274170285, 32.347468078769275, 34.72375617895463, 100.42391609261898, 39.16750806230731, 76.87369923344855, 92.3885762140255, 70.44146445928718, 107.35509444714573, 0.0, 78.32510444497504, 82.46631947716189, 112.02333169686244, 53.32497483285692, 59.01419870553233, 103.61442127134464], [36.77611487376272, 57.77571298438672, 23.129710175890864, 66.29312498586927, 45.03862442930336, 22.37675776795243, 40.34713795344245, 44.283330092163006, 61.69914203289681, 48.704291915047655, 71.42633053198625, 32.12619066549758, 57.84566014013219, 51.83892675709942, 36.30895006584098, 8.538979446596887, 65.24965146092734, 34.87172215480771, 74.9680459339319, 48.25145101021707, 77.67008337272917, 60.94073492323749, 70.2212852659026, 72.02950017665539, 28.048724734119943, 55.87123220197642, 29.783658417560872, 59.97707777016678, 72.74943745356885, 55.17192510671681, 78.32510444497504, 0.0, 4.146488892900292, 45.545655606528015, 65.39724346336097, 43.160411179550835, 28.463212013907828], [40.725300870942455, 55.80728930717919, 19.286696213060907, 70.04847111471533, 47.927573316520814, 24.4761544837627, 44.173253194173185, 46.76410329153789, 65.66785642237745, 52.82738803043527, 75.47780945804895, 30.492368014174065, 61.977288843206665, 53.09999629566906, 39.855017431573465, 12.101440083099096, 69.36378625944899, 37.39013398356094, 79.03470279627861, 48.72247934821864, 80.85383301411426, 65.01911584947706, 74.09705442092547, 75.85521171572076, 25.397463200535775, 59.65180500028301, 31.23261966117901, 60.854083916515826, 75.34712148432489, 54.40467240091798, 82.46631947716189, 4.146488892900292, 0.0, 43.331980841450196, 68.65141291942635, 45.879523869690736, 25.166506795706532], [65.86913961492989, 12.830513472566176, 29.88724270732576, 108.24281392391862, 56.26898852480532, 67.75498356443082, 82.635314104325, 50.972264256413574, 86.80447796874942, 80.87115880589211, 97.97422728884077, 14.405149113978146, 89.51776394911803, 41.577166237257885, 80.2848195269454, 53.723339344606266, 101.4900876358961, 80.41720674505167, 112.30534497246447, 31.09283104209855, 85.6113336315595, 98.64200890812599, 91.94570069220477, 92.38880581415826, 18.296819625615996, 77.6297055541347, 35.54775704194009, 42.3531205360311, 72.95436412524882, 21.195731841009835, 112.02333169686244, 45.545655606528015, 43.331980841450196, 0.0, 76.4290671121111, 88.63982292239581, 21.454991054397084], [33.61278092943546, 80.00651030329777, 79.68360966941069, 70.99905159403443, 21.8175191920553, 73.8872877840257, 59.36722570820614, 25.868157496265162, 24.545632791432844, 36.200137156004814, 32.2142483200964, 66.18791824163901, 37.137887502288606, 37.59970622940405, 64.42104675074759, 63.97492729722871, 51.881612689942024, 76.57839118017445, 61.01740626545535, 47.55454003349134, 12.39609313299269, 53.69947654181556, 21.741799436265644, 20.33102994937015, 72.79255025238177, 17.808757583924535, 43.908367958617006, 43.49636954164835, 17.32673833186647, 63.930149967390534, 53.32497483285692, 65.39724346336097, 68.65141291942635, 76.4290671121111, 0.0, 78.6562185965887, 78.13085659968829], [46.019725207690314, 100.64724854809981, 64.09904256519273, 32.881057303465724, 66.96180514869887, 21.941040106968785, 19.888204836539057, 70.04165367172635, 60.9415085086949, 44.390761062105476, 65.06484907533596, 74.863964936283, 49.22782967868116, 84.56209127279755, 14.270324457720626, 34.926407517351024, 45.24561107206825, 8.761022477065108, 49.89780239193268, 85.06789410700986, 90.0860570072376, 39.573099085885566, 70.49222923699207, 73.32891131947405, 71.16443737291726, 61.9057041761445, 64.80036538846758, 94.0327225199495, 92.87381147332175, 95.82274788730918, 59.01419870553233, 43.160411179550835, 45.879523869690736, 88.63982292239581, 78.6562185965887, 0.0, 70.92745556028314], [58.3938433525936, 34.203905619874895, 8.45452060262209, 94.51663678886828, 56.360542114549204, 49.20759283104029, 68.50585502620525, 52.59898932279045, 82.30257416039603, 72.61178965706429, 93.09030090705271, 15.391072456007139, 81.77994353117724, 50.271815454359746, 64.76380740622292, 36.99562712856021, 91.47178825425132, 62.33146338862257, 101.75471897092305, 41.69161639073133, 89.14486311529205, 87.71283133383554, 89.26581232211649, 90.38104541803126, 6.011949452097704, 74.3622356643428, 34.26529310448074, 54.72086248447261, 79.40369687870577, 39.216124986864564, 103.61442127134464, 28.463212013907828, 25.166506795706532, 21.454991054397084, 78.13085659968829, 70.92745556028314, 0.0]]",Route_3,2136.9004516702553
