instance_id,num_cities,city_coordinates,distance_matrix,best_route,total_distance
92,82,"[[33.61275234574025, 0.41639975187767186], [96.16283666864034, 70.28367797448678], [36.95644496684849, 53.68801622310963], [6.987762101398531, 84.77641937902504], [85.54660109677374, 73.60633594452123], [86.10952370310058, 8.994536916940776], [73.64139757108984, 35.68365816258453], [61.677732276162175, 6.021485145855965], [62.329710949764475, 92.70495934162022], [74.18240078647635, 73.44334657737649], [80.08403186075019, 8.206526902484356], [76.8349823688474, 93.73265472114454], [65.71602385318353, 56.67032470177945], [34.21927422731127, 41.59270762558426], [72.46275281480507, 66.3883815550026], [17.09511315204547, 40.929192966387795], [10.09838539603194, 65.92682851297467], [67.7081660576254, 89.08128765220907], [75.61291934393714, 86.10466030012635], [22.674875126809724, 11.07087551810907], [82.29976332892747, 70.66293122931178], [78.03716544689743, 87.47623393376135], [28.139354522257275, 4.697820194345248], [60.495409130582175, 79.5794263754414], [35.24658117300763, 60.75211510879599], [59.15068660348406, 89.89947025793758], [6.739482296712174, 31.450314957444835], [77.52157989152151, 12.835672313848445], [41.07211691643373, 88.00551803705623], [51.58814950947453, 59.7477075708551], [94.37481033551678, 72.92586775823312], [55.21636632503913, 63.30425550959039], [81.43785702725326, 15.071777953661181], [48.3229702698057, 67.06884023115659], [23.101374656618024, 51.0659407884312], [69.25902951982088, 5.279513721610229], [27.000138919101314, 10.14537767511795], [43.70189963093336, 47.73046134265003], [50.23813212165111, 57.11116813353483], [20.526093868806516, 85.26108469711026], [47.11140629895485, 36.5071199700878], [18.208126885789245, 17.46086000943212], [14.725829534348778, 8.731959056322868], [41.33931507949045, 61.01714689579413], [23.384568103197513, 83.91914909919852], [60.48299476327501, 28.199835119528814], [99.90420550511486, 51.04987799561906], [21.668385007497758, 47.675191708773966], [40.612226040567556, 6.995172303259611], [0.08890727136787735, 87.0115366600698], [1.2632362168154776, 29.516795229747363], [90.91195888941172, 82.99360479041262], [59.68899573077457, 94.10779099219162], [71.00604343804581, 5.4356650308461045], [8.888989864936292, 56.83306050076791], [75.77277819452561, 67.00875407254443], [7.514995219972109, 48.95294249828975], [8.259146764219283, 42.65409851099323], [40.897845292799815, 74.50382312316492], [62.082221067832464, 33.48276674479399], [31.72050569541115, 9.169404597792585], [85.27537859530354, 32.68812359534342], [54.58344095342701, 79.28377348774302], [57.29559444670288, 70.37087476283658], [98.97678001334894, 63.17692236272886], [97.00595883608031, 93.16997633577382], [83.10111497196525, 26.964282126832885], [71.17997141538243, 71.93763773682795], [80.64847588037897, 14.318454658398228], [51.342834233605075, 68.23408438443919], [39.042083737526156, 5.045623511271713], [14.231202282975385, 57.055628801475365], [34.697836225692804, 55.4427424876616], [29.675319108177355, 23.35964419659612], [11.790246287025807, 70.8442328060886], [80.18702239689692, 85.25616953602541], [14.369286394555992, 1.8107564507269913], [24.431870112049015, 71.8992667698478], [40.261321789777206, 34.00267960271661], [59.57849345195607, 55.97708769552384], [7.111079920322494, 91.74015989279748], [29.69264043997242, 87.86507993526517]]","[[0.0, 93.77606099126461, 53.37644988009681, 88.46187323928869, 89.74347556217364, 53.19300179694322, 53.34858905711074, 28.619225719239406, 96.65320451291153, 83.53939990961841, 47.11969758800243, 102.84009242342992, 64.76977778061155, 41.18077462728325, 76.5612494639304, 43.75064363611968, 69.6027422556633, 94.99452396092597, 95.42794152480172, 15.269414262165116, 85.46929403643821, 97.73915902625389, 6.949003147163441, 83.60300245813345, 60.357832501406804, 93.05592938306152, 41.05211975177801, 45.631386867086114, 87.90617590234214, 61.994507746285386, 94.60259320820784, 66.49510161485159, 50.02020339857675, 68.25641605898535, 51.728764417264955, 35.976477785547466, 11.763488758062476, 48.37779777085476, 59.08214632647513, 85.848012170042, 38.53250244167588, 22.97424886765014, 20.63648176965261, 61.091327748539534, 84.1268381758217, 38.65138042043948, 83.4164604921654, 48.74485950678368, 9.605877382488073, 92.8577725595389, 43.51234549807655, 100.5096704924982, 97.25249231573, 37.728652807310205, 61.596298925037544, 78.8163018260783, 55.107975001535564, 49.262851241570694, 74.44473709432827, 43.63364843132434, 8.955204699965918, 60.913800659874944, 81.60779632285892, 73.85462466249491, 90.61644062375811, 112.34733907944407, 56.15948801421894, 80.78727270756441, 49.0471856384327, 70.09703383647529, 7.134938820786777, 59.86356780353349, 55.037040272006756, 23.278656450714006, 73.73127856883016, 96.78300040722677, 19.293916461361952, 72.07002758219056, 34.23801498146544, 61.32870254592262, 95.09136557869174, 87.53650063356504], [93.77606099126461, 0.0, 61.488314396412996, 90.34507998497735, 11.124051137207127, 62.10819521733715, 41.2840960904887, 72.93045901476452, 40.58810483446381, 22.20637447333556, 64.12566295381626, 30.387834116621747, 33.35163860962451, 68.26548694241063, 24.018062138200687, 84.34091944120242, 86.17465932677345, 34.10305571612837, 25.93458277667749, 94.37497796721112, 13.8682600009357, 24.982472608841316, 94.49179257520859, 36.85887037765102, 61.657447841050136, 41.888883481815746, 97.49136572200025, 60.3967698524947, 57.87098597759899, 45.802941037489106, 3.19032992357794, 41.537040957955995, 57.14174419239323, 47.94776323014754, 75.54666540547295, 70.3516610274116, 91.65202628906333, 57.10339302805756, 47.776495300913695, 77.10537966642212, 59.55584515340734, 94.16574151514892, 102.0813412567219, 55.60114313274828, 74.04459769744564, 55.173371727969105, 19.59430790810521, 77.84964341293563, 84.20988832226716, 97.51933739539523, 103.28539535984423, 13.751871040647073, 43.56523193833709, 69.55666056090872, 88.30426629750521, 20.651382790053816, 91.17806791912028, 92.14365067730994, 55.42588652288423, 50.15770556022033, 88.81310957074145, 39.140291930104354, 42.54230679323861, 38.867340032714566, 7.643575895644821, 22.90182323901481, 45.24575814689291, 25.03755457623378, 58.07582639522234, 44.86684134370204, 86.7109229887608, 82.99261411734109, 63.23131855003221, 81.37846728306877, 84.37445246887795, 21.89525394247772, 106.67111065531346, 71.74915811560801, 66.64300569905402, 39.28221854740729, 91.60019648599214, 68.75603741915383], [53.37644988009681, 61.488314396412996, 0.0, 43.18113897843184, 52.51421458286211, 66.43442060967448, 40.86493187008917, 53.695812044967006, 46.54164239638405, 42.14314729693433, 62.67818298350067, 56.51434169979269, 28.913795004828998, 12.40115291925512, 37.7093778330724, 23.60635660905707, 29.5151467923858, 46.8865867013034, 50.449596871357606, 44.94645613355652, 48.41657009281674, 53.19087563880022, 49.77730799114053, 34.99211273384058, 7.268089656866044, 42.471799645668725, 37.51773168235736, 57.57120959592109, 34.56341543231559, 15.83687586150264, 60.55545898841277, 20.637266922297705, 58.90509211409772, 17.556888921363388, 14.101001839818819, 58.19656418758417, 44.666423651748275, 8.999645480734914, 13.715727566552815, 35.59234594781386, 19.95761598271885, 40.79100732022642, 50.15224160983329, 8.539654960335042, 33.137852021123024, 34.68639389288934, 63.00301842047151, 16.427989407133758, 46.835738582651146, 49.695798112518375, 43.10745962340381, 61.400447913056425, 46.373775526883655, 59.056452243859844, 28.243111361999194, 41.038393999953705, 29.81979017996818, 30.74544298279635, 21.185666225771584, 32.242157669079035, 44.825459742204465, 52.68505326341385, 31.07818813027697, 26.30586950892142, 62.742021795656825, 71.86632932235423, 53.32437091921129, 38.78528648814487, 58.81288926031865, 20.458648417935496, 48.687085123412515, 22.973407877781106, 2.860135959903544, 31.1901417686489, 30.457730109684654, 53.52972191711039, 56.581178971997005, 22.10236688161579, 19.960828857362557, 22.7375664016266, 48.36022593639282, 34.94044275892057], [88.46187323928869, 90.34507998497735, 43.18113897843184, 0.0, 79.34898832521472, 109.55887398314081, 82.78167868061712, 95.88186744002917, 55.90700357087313, 68.1436571306943, 105.85845779436289, 70.41909066860315, 65.10730593714092, 51.05279829223852, 68.0080461705698, 44.997086676162574, 19.104529648714355, 60.87281287616697, 68.63801010014522, 75.35643775355517, 76.62302576019442, 71.10068012601116, 82.82494738494393, 53.75943663096743, 37.09080817386545, 52.41389455972721, 53.32668239861441, 100.74964287949604, 34.236973016032124, 51.14323974609831, 88.1869138409388, 52.79253817156757, 101.98800748473975, 44.96840884002436, 37.363683924187846, 100.98251707597994, 77.26763625027004, 52.156791517217165, 51.341607233946824, 13.547004374213618, 62.7680817702893, 68.24427535798138, 76.43714825507236, 41.76759773962431, 16.41920093650434, 77.86301948948662, 98.84809076801947, 39.900147663271746, 84.73799013345636, 7.251892665081452, 55.5553440968796, 83.9431309540604, 53.52097273257547, 101.9475141719316, 28.007962660784855, 71.04272214220727, 35.82735645545031, 42.14150370205463, 35.43190618473225, 75.27574781671206, 79.54953984666835, 94.0326616338443, 47.91156232343554, 52.329701995828785, 94.49083388224554, 90.40866961608306, 95.57973477084832, 65.46353221959795, 101.93245580776504, 47.33942617867633, 85.93299334515045, 28.65152100514821, 40.352358145972005, 65.47324275415764, 14.736677951842154, 73.2008324271061, 83.29338584799181, 21.682203845718284, 60.70504447909072, 59.95987432777717, 6.964832318700842, 22.913998437660663], [89.74347556217364, 11.124051137207127, 52.51421458286211, 79.34898832521472, 0.0, 64.61425117914129, 39.747495029756934, 71.67590220048443, 30.06295733560677, 11.365369075677464, 65.62754517268827, 21.930823248547163, 26.07834869442991, 60.49270106143127, 14.94275581794556, 75.85118242361588, 75.83803852168673, 23.615331778342345, 15.965154082079856, 88.67659069441952, 4.382417918025415, 15.772307821354497, 89.68821272697758, 25.753446919255897, 51.91650024438147, 31.01951849549063, 89.37388924641158, 61.29824241735748, 46.7473655732737, 36.67748648157788, 8.854395254085862, 32.03210893145071, 58.67858431330956, 37.79335314767223, 66.38882224407216, 70.24129570954432, 86.34223449733376, 49.198982989255654, 38.97150936876578, 66.05679017836178, 53.41924770215265, 87.67430967530395, 96.04304483578802, 45.9648976711412, 63.01168511520498, 51.864580202780346, 26.738260967142352, 68.94092204288658, 80.35014115317247, 86.50269845606526, 95.11873209798313, 10.81239476841574, 32.998869894822136, 69.70414757994952, 78.47121847456907, 11.792188121037881, 81.83349756748268, 83.25497942674771, 44.65777511339683, 46.480941637061086, 83.96050659411011, 40.919111225657275, 31.479367578141083, 28.435674526913132, 17.004186937083947, 22.672734840677144, 46.706119371221234, 14.463215483100317, 59.489868868849406, 34.62309567983196, 82.84468253407273, 73.21073701927868, 53.99549070228503, 75.14206666482005, 73.8080557159499, 12.823560603432746, 101.09804826537588, 61.13856743907559, 60.15983807784435, 31.386828582665302, 80.50445051802173, 57.64526607836142], [53.19300179694322, 62.10819521733715, 66.43442060967448, 109.55887398314081, 64.61425117914129, 0.0, 29.457823444857596, 24.612018794949986, 87.02249316758284, 65.54315622332612, 6.076801109557126, 85.24415361747623, 51.854368929083876, 61.28000264531257, 58.993963742196605, 76.04479680231955, 94.96830509760689, 82.17358216926948, 77.82126850188779, 63.46862076636155, 61.78596225013165, 78.8957523220136, 58.12918621011158, 75.08867747671984, 72.56642352428253, 85.27829229455052, 82.48554685674452, 9.40782121685017, 90.94560543330803, 61.38085701292953, 64.46340067243409, 62.48145890100889, 7.665332879178885, 69.2852677399661, 75.76298482756484, 17.255160143058273, 59.12058697267447, 57.43586353978249, 60.01638887523472, 100.58713923327699, 47.72625469617166, 68.42717527743221, 71.38417710046659, 68.63471081904162, 97.71446958189732, 32.024404202951985, 44.25997016789313, 75.1588545117, 45.54120720239609, 116.13009386121531, 87.2929297621686, 74.15473976666233, 89.11964047063177, 15.517109435024745, 90.83796114472992, 58.927902558012214, 88.16900863732604, 84.81537169776308, 79.5962464185683, 34.307210204686164, 54.389299117993524, 23.708265388843635, 77.03551564859853, 67.80337282588701, 55.68929140821937, 84.87777624302412, 18.219831667773764, 64.68945410446894, 7.626738715850823, 68.68803884827639, 47.23280451125494, 86.46595655695081, 69.28634360402191, 58.23380251552925, 96.68888186977627, 76.49125852965304, 72.09901768313523, 88.09732113046894, 52.225135895246765, 53.956052893528835, 114.40101503816902, 96.97127034916471], [53.34858905711074, 41.2840960904887, 40.86493187008917, 82.78167868061712, 39.747495029756934, 29.457823444857596, 0.0, 31.9839615332966, 58.13246117591589, 37.76356383686837, 28.22233652402085, 58.13677825022798, 22.433272632316573, 39.86252217921326, 30.72733704808184, 56.78906511800816, 70.37303282595026, 53.726251230693435, 50.45953185132427, 56.598369937371, 36.03493918231535, 51.97878105757266, 55.050504777084385, 45.82199776389957, 45.85400156918151, 56.11893606890031, 67.03571780828867, 23.17512183751867, 61.63063412853716, 32.64083675383991, 42.624600648291384, 33.2020959311814, 22.037113826420324, 40.32434022383785, 52.82905010481223, 30.718351989070168, 53.175283533782974, 32.272263691409535, 31.730915795987787, 72.65780556259658, 26.54276787089047, 58.35167410966322, 64.7876395758198, 41.051311607423095, 69.65925275267443, 15.1377399829856, 30.427878541505837, 53.33845621804859, 43.74877590165637, 89.69124784695163, 72.6404050061519, 50.36371052829466, 60.067036001497584, 30.362578610919186, 68.11880447428808, 31.397522468025155, 67.44460686136217, 65.7527623695252, 50.785287469579075, 11.766838337733779, 49.60208481254015, 12.013440049182446, 47.583355985132435, 38.345642193788066, 37.38664440511436, 62.05303780005171, 12.865215573680254, 36.33744148519072, 22.48490754278978, 39.455749570122514, 46.21473450154697, 63.137409141977855, 43.66946740719663, 45.66067646937411, 71.14654541455683, 50.00279080441558, 68.26826959653035, 61.0994918107882, 33.4223749617664, 24.689847194187394, 86.99778475881654, 68.22311948004382], [28.619225719239406, 72.93045901476452, 53.695812044967006, 95.88186744002917, 71.67590220048443, 24.612018794949986, 31.9839615332966, 0.0, 86.6859260482263, 68.5716715083131, 18.535540776460085, 89.01118749144534, 50.80957338162486, 44.93638600424864, 61.32274333468448, 56.6229458192496, 79.05111756650372, 83.27843012441454, 81.28655719984353, 39.32835121059865, 67.85119539478683, 83.08132855081536, 33.564488246768796, 73.56744256772639, 60.778677221358286, 83.91604343803625, 60.537894713900386, 17.247047689942796, 84.53385732035706, 54.665406396242226, 74.46673973233207, 57.64603221817321, 21.73408222322013, 62.491033206030465, 59.305466454003124, 7.617518591451182, 34.921941106281224, 45.41771961111663, 52.354752978852005, 89.28813740163298, 33.78685814204513, 44.94959276861313, 47.03007378152862, 58.635944823798006, 86.80099349526772, 22.210506641664306, 59.066229083601, 57.756204335934875, 21.087997051459595, 101.74758871711008, 64.8223798548235, 82.33679134051054, 88.10875297438471, 9.346687880745401, 73.2698267734178, 62.59486632765498, 69.1137621304312, 64.77263033146322, 71.56559451216545, 27.46426038033355, 30.12216495018804, 35.6084051594419, 73.60497172380161, 64.4984269268201, 68.24927080601547, 94.03692417634733, 29.959340305107695, 66.59753539775502, 20.705767698614512, 63.06518549541114, 22.65667430790557, 69.68254463677953, 56.30608730980257, 36.397337922479586, 81.7970040560073, 81.36786239777527, 47.49546597178349, 75.67784589988322, 35.23648508795945, 49.99969029645522, 101.6130441906698, 87.87161150122662], [96.65320451291153, 40.58810483446381, 46.54164239638405, 55.90700357087313, 30.06295733560677, 87.02249316758284, 58.13246117591589, 86.6859260482263, 0.0, 22.616276940402244, 86.34350581069472, 14.541631845647853, 36.193397308164855, 58.332314613861044, 28.200014252438983, 68.75244593222887, 58.69565281838213, 6.485273769079854, 14.832652246990891, 90.75587940100378, 29.74313358290127, 16.554869258628752, 94.41523718938487, 13.25308563354597, 41.88651540856296, 4.239925092841394, 82.71883086897702, 81.30126624025061, 21.770853282793972, 34.66354838237316, 37.65767994057464, 30.248984405577033, 79.95018510881886, 29.213000317007683, 57.2072568333862, 87.69962370331274, 89.8012426685604, 48.67957297254513, 37.59154494193151, 42.461201946889574, 58.2219369866154, 87.22607789317723, 96.52768671592368, 38.00939589618162, 39.92386019607007, 64.53155361201904, 56.09802530421218, 60.671438094472265, 88.41841858426515, 62.500661631405954, 87.8741055154411, 30.187005557072567, 2.990202920814869, 87.6995352037154, 64.36383919962157, 29.000190036923, 70.13481331262685, 73.67981121874536, 28.11772083901799, 59.22270972538523, 88.9669171808384, 64.25359318119966, 15.496223042421391, 22.894402436811024, 47.062858378746036, 34.67936574215386, 68.94409231915638, 22.574515652526234, 80.4985792734002, 26.8241529436826, 90.69990484776709, 59.86936866152582, 46.38958186530925, 76.64908374603456, 55.06476961776474, 19.34859275729945, 102.77138922232544, 43.233357301416234, 62.713407232115344, 36.83077182699784, 55.22705904483871, 32.9939813318914], [83.53939990961841, 22.20637447333556, 42.14314729693433, 68.1436571306943, 11.365369075677464, 65.54315622332612, 37.76356383686837, 68.5716715083131, 22.616276940402244, 0.0, 65.50322045999897, 20.461969944360362, 18.78866150676651, 51.10298118526227, 7.261523298412819, 65.69724952001579, 64.52332192606944, 16.92515631786589, 12.741869899239035, 80.8909781472592, 8.580342892527215, 14.55270209082208, 82.74001152386347, 14.999507187795775, 40.951989025707455, 22.288033512831387, 79.44785685623971, 60.69959058123448, 36.17108977589583, 26.421027961933056, 20.19903927726369, 21.506083578217673, 58.82075882590205, 26.633521693619773, 55.76754898973409, 68.34140541588363, 78.94807598715019, 39.87748008321578, 28.983927522246148, 54.94231708173394, 45.794361863971865, 79.16538474004415, 87.87859545964136, 35.11522059282811, 51.86677398676927, 47.272074784431865, 34.10393926082339, 58.49546699161479, 74.44673597166138, 75.3255704485105, 85.12782432808432, 19.263580826397636, 25.24040516872949, 68.08181839036922, 67.37307409726725, 6.62821853919093, 71.02339654596723, 72.75887036902317, 33.30144508750033, 41.75239262341357, 77.0334482696935, 42.23792557622082, 20.450667789410083, 17.16404123183569, 26.83581016852434, 30.167113280334416, 47.32702076953743, 3.3588303382149975, 59.477415642837485, 23.42610110363656, 76.89662153130202, 62.15065161290557, 43.394153824557335, 67.0019220894846, 62.44626758645711, 13.251349626989427, 93.32114777216101, 49.77448628403063, 52.021205404203485, 22.767176126238223, 69.52219401191199, 46.76884827249215], [47.11969758800243, 64.12566295381626, 62.67818298350067, 105.85845779436289, 65.62754517268827, 6.076801109557126, 28.22233652402085, 18.535540776460085, 86.34350581069472, 65.50322045999897, 0.0, 85.58781959049216, 50.54878189666354, 56.72929627669976, 58.67888977394614, 70.98152403563584, 90.71727470052492, 81.81619021136444, 78.02634192357623, 57.480568628832934, 62.49569511074518, 79.29612925572498, 52.06304376968253, 74.01219439823201, 69.07558051962374, 84.33233032317555, 76.93956481483082, 5.291044068438394, 88.82459396877681, 58.8940456724394, 66.27834812529234, 60.44965249576131, 6.997464867874763, 66.8845046612932, 71.30184135553954, 11.213745219244807, 53.119288701553415, 53.71965133187659, 57.29259694911827, 97.38866902662522, 43.4524752392363, 62.56412948107523, 65.36031433742582, 65.49896688145394, 94.58980045594981, 27.998804059429673, 47.20584726686277, 70.49938509572367, 39.49038914307209, 112.29180522622269, 81.65075236715744, 75.56686458199168, 88.28921038809126, 9.491446112919432, 86.2164356406057, 58.96006129859336, 83.2258100764221, 79.65832855924869, 77.01226333455523, 31.031491945924387, 48.373110263880655, 25.025959672910957, 75.51327776467075, 66.20965960248421, 58.126416626291295, 86.6322073605512, 18.998846584899663, 64.35011096023185, 6.13793596779936, 66.5534679659295, 41.163488870575485, 81.99286505384147, 65.50699822944907, 52.63701440146951, 92.66889094435231, 77.04971146608483, 66.02525010447339, 84.58089748350527, 47.44775791889931, 51.98560939256182, 110.91852665565072, 94.25909717686876], [102.84009242342992, 30.387834116621747, 56.51434169979269, 70.41909066860315, 21.930823248547163, 85.24415361747623, 58.13677825022798, 89.01118749144534, 14.541631845647853, 20.461969944360362, 85.58781959049216, 0.0, 38.694283104063125, 67.33997819670284, 27.691617256090908, 79.73115794547736, 72.29756113888592, 10.243729378930572, 7.725266139359693, 98.82452609287034, 23.708141490451627, 6.37087476112585, 101.48135755195698, 21.617019364710025, 53.07834876056168, 18.09496117281878, 93.76816611624459, 80.8998960367967, 36.21854000323141, 42.336499645543164, 27.213378122172514, 37.32629151452517, 78.79543126952348, 39.037082845576364, 68.61303867041418, 88.77698583672556, 97.31569506318034, 56.69217730295655, 45.26064209617738, 56.942588831051175, 64.48451598583254, 96.20028509509204, 105.27423772852855, 48.272630429543504, 54.34382833184976, 67.5421197741876, 48.518125325613696, 71.86545319946958, 93.99722832196085, 77.03981743786049, 99.17038583511723, 17.70560536596454, 17.150089941887398, 88.48917966298299, 77.31906589561206, 26.745002216941316, 82.52565204275534, 85.50826938598728, 40.7581376641045, 62.029774843759625, 95.84497523053888, 61.62527946247771, 26.531137635976183, 30.4558769893833, 37.73475828581899, 20.17882302333382, 67.06176255283397, 22.516703005334897, 79.50570988531824, 36.05588309506577, 96.40380019365564, 72.55644362392847, 56.93554657625933, 84.71360250365932, 68.95431494631383, 9.115205617164667, 111.13774586156407, 56.76956053758426, 70.03786530014357, 41.51227831816667, 69.75236632754768, 47.50609262407141], [64.76977778061155, 33.35163860962451, 28.913795004828998, 65.10730593714092, 26.07834869442991, 51.854368929083876, 22.433272632316573, 50.80957338162486, 36.193397308164855, 18.78866150676651, 50.54878189666354, 38.694283104063125, 0.0, 34.91961875065731, 11.830426056742853, 51.10553967740675, 56.38266196586588, 32.47212881744651, 31.05364153317628, 62.70446754051873, 21.698236159505875, 33.17852579276925, 64.13382339125776, 23.496420101284, 30.741632197515752, 33.871518530981675, 64.14266400350492, 45.39656268204767, 39.864978244900115, 14.459153460507679, 32.94796993291372, 12.419816672203437, 44.47038486350956, 20.264437770857345, 42.981594260736045, 51.512797850178025, 60.526774588298956, 23.760109893528824, 15.48416854029823, 53.47486633086151, 27.435134761674245, 61.598558389989805, 69.98633307603721, 24.761235708740866, 50.34332703501433, 28.9474242465348, 34.64709491201597, 44.956722583411505, 55.6580760575936, 72.30150464507031, 69.93908776133182, 36.438306999289395, 37.919506197128364, 51.50703504187161, 56.827267001340815, 14.42294802515765, 58.71045666692293, 59.141756157960224, 30.561015248198938, 23.47056383411751, 58.412607077075194, 30.946959912689874, 25.20520716073067, 16.081315349344298, 33.89120407225825, 48.07582137246181, 34.41933117701274, 16.215596513006272, 44.90722680945624, 18.447469144537543, 58.10859535647791, 51.48626332688567, 31.04246964702772, 49.07681564888976, 55.75741347178973, 32.03998008332311, 75.14026667730896, 44.00343198699635, 34.0846591808375, 6.176557048456164, 68.29665287332134, 47.652879310827565], [41.18077462728325, 68.26548694241063, 12.40115291925512, 51.05279829223852, 60.49270106143127, 61.28000264531257, 39.86252217921326, 44.93638600424864, 58.332314613861044, 51.10298118526227, 56.72929627669976, 67.33997819670284, 34.91961875065731, 0.0, 45.57838413202176, 17.13701094808009, 34.26319771085393, 58.1091310291905, 60.78443704552868, 32.632121993345216, 56.185508208268004, 63.44529594386542, 37.39248777740928, 46.18902539387078, 19.186929266258986, 54.36100292571237, 29.291758116981427, 51.98131160096978, 46.91599325617119, 25.12532291494233, 67.82665735803168, 30.20379426628312, 54.15675647874481, 29.119539395323176, 14.606499834720296, 50.46218883943276, 32.265313815485186, 11.295671969244404, 22.303058641717183, 45.764946677468316, 13.858941920451178, 28.960367894091323, 38.20763251668182, 20.688253253930636, 43.69117192998148, 29.481384810667553, 66.3622503263538, 13.947094064007995, 35.1832244580584, 56.81330811888336, 35.09883333589837, 70.20039017162976, 58.365577993074844, 51.580986013855494, 29.561658641539324, 48.71005141597918, 27.70002842386998, 25.981816112651018, 33.581912315588504, 29.019216869647316, 32.51944684966242, 51.826802042832426, 42.84058510658589, 36.88765997793207, 68.25989218749085, 81.25504545420016, 51.02377080497122, 47.821626071104646, 53.84752214409945, 31.6698478508565, 36.863923405281426, 25.27102988292659, 13.85830030223954, 18.790745864127057, 36.86072462298843, 63.39977742695151, 44.45925838606915, 31.847775534253508, 9.701281571783019, 29.154766157183797, 57.00544857711311, 46.49325599063162], [76.5612494639304, 24.018062138200687, 37.7093778330724, 68.0080461705698, 14.94275581794556, 58.993963742196605, 30.72733704808184, 61.32274333468448, 28.200014252438983, 7.261523298412819, 58.67888977394614, 27.691617256090908, 11.830426056742853, 45.57838413202176, 0.0, 60.940510380336036, 62.366075351542975, 23.185643885132432, 19.966351612567653, 74.4235126745341, 10.725602583216075, 21.81218911849868, 75.9624183211202, 17.810698422889963, 37.64054902793479, 27.018186445649373, 74.4326325288163, 53.791118211650115, 38.11394248549806, 21.90542430811716, 22.86650368220748, 17.519979463982573, 52.0955497216558, 24.14937111665249, 51.68484153715318, 61.1927901866702, 72.31960140696681, 34.28271667348925, 24.083198579549784, 55.25934732118262, 39.1864844566697, 73.05796875967535, 81.59543715943654, 31.58351687555217, 52.11521874918404, 40.02348912610614, 31.437287052093595, 54.131795417896605, 67.39443123150272, 75.25482074414212, 80.18032827276367, 24.82149559315683, 30.521050597716055, 60.97012099284795, 64.28784874341036, 3.367659435708326, 67.24734754395546, 68.45012214387909, 32.59146788223877, 34.504129106350824, 70.24202463175084, 36.05372055611828, 22.0445214449169, 15.68129283935276, 26.70780987705214, 36.326612569907944, 40.83423031121205, 5.695592356395571, 52.709423722176965, 21.20041461413213, 69.85610271110676, 58.97468737771743, 39.3191548685257, 60.68143638591449, 60.83590764289806, 20.3876865748338, 86.86265310724151, 48.345998273457035, 45.67018558098847, 16.564998616286754, 70.09674610847593, 47.85949316355728], [43.75064363611968, 84.34091944120242, 23.60635660905707, 44.997086676162574, 75.85118242361588, 76.04479680231955, 56.78906511800816, 56.6229458192496, 68.75244593222887, 65.69724952001579, 70.98152403563584, 79.73115794547736, 51.10553967740675, 17.13701094808009, 60.940510380336036, 0.0, 25.95835091472017, 69.85918226729633, 73.92669673625, 30.37520147319538, 71.66408860634192, 76.68481440759196, 37.877270762162944, 58.115628135630715, 26.877946974796807, 64.55044009408938, 14.038811157656959, 66.63785549724464, 52.830645383874824, 39.29256989652716, 83.64172878715584, 44.20263982265886, 69.34403074909166, 40.72419697543197, 11.782564817093595, 63.182068667303, 32.33810166557492, 27.462307591662363, 36.882462319235174, 44.464460562378186, 30.340279891026128, 23.49471113570103, 32.28428993056097, 31.485031684415976, 43.44759569738654, 45.21664319587933, 83.42526021415864, 8.150049968935638, 41.28646699557982, 49.120193798056484, 19.51643280396146, 84.96082306990255, 68.13370767190487, 64.54594433125187, 17.896185681712886, 64.21224090722309, 12.496368118102573, 9.002755197416219, 41.15611555442116, 45.59922304272634, 34.96550105840744, 68.67651578444772, 53.63253274191848, 49.82861952056713, 84.85027301828971, 95.47168535741238, 67.46711058736672, 62.34336805504404, 68.89964664187642, 43.800268202739105, 42.06304880438524, 16.37876424548489, 22.81444672381917, 21.6090403737136, 30.381758031201382, 77.10687300082772, 39.213291202621974, 31.827244211240156, 24.179532874396724, 45.069687568098274, 51.78257698848955, 48.597069657802386], [69.6027422556633, 86.17465932677345, 29.5151467923858, 19.104529648714355, 75.83803852168673, 94.96830509760689, 70.37303282595026, 79.05111756650372, 58.69565281838213, 64.52332192606944, 90.71727470052492, 72.29756113888592, 56.38266196586588, 34.26319771085393, 62.366075351542975, 25.95835091472017, 0.0, 62.08877358997666, 68.55143363958052, 56.27915842408505, 72.35654527648835, 71.27450251520041, 63.83155980152926, 52.21353684338048, 25.675073702961093, 54.5968479491165, 34.63974908938072, 85.81700310857187, 38.03735762902992, 41.947372525659446, 84.56655574715865, 45.19413780866205, 87.61025271058269, 38.24164064912486, 19.746486109493095, 84.72354220961523, 58.28584330462083, 38.21392347211276, 41.09641267948433, 21.96703362283948, 47.28089431375657, 49.13978032121296, 57.38175957058727, 31.62436815287982, 22.366185437075323, 62.943902735680325, 91.02971483071234, 21.60988516956471, 66.36290058835705, 23.33997793435778, 37.46665697263007, 82.59605628160472, 57.03854205383687, 85.84243512147415, 9.173835305392668, 65.68330406098103, 17.16935383878143, 23.34529418297998, 31.97141796160823, 61.27753515906366, 60.73649031454246, 82.19727374484322, 46.447046698401785, 47.405971029435165, 88.9209256226378, 91.07752425561581, 82.74949272611342, 61.3766240368829, 87.41132374734569, 41.30893353224693, 67.41111774880162, 9.78664190324292, 26.74040091148723, 46.85319107802882, 5.200313284448342, 72.70516117184812, 64.25816128734567, 15.52800060653196, 43.919859010901355, 50.470569994407384, 25.985612768025096, 29.414651216606636], [94.99452396092597, 34.10305571612837, 46.8865867013034, 60.87281287616697, 23.615331778342345, 82.17358216926948, 53.726251230693435, 83.27843012441454, 6.485273769079854, 16.92515631786589, 81.81619021136444, 10.243729378930572, 32.47212881744651, 58.1091310291905, 23.185643885132432, 69.85918226729633, 62.08877358997666, 0.0, 8.446622692569088, 90.07564428518745, 23.497884250475654, 10.452962538088652, 93.2001095843446, 11.929343243093774, 43.084759604942846, 8.596503788422822, 83.8958247666885, 76.87455332813686, 26.65776423702603, 33.47108982244027, 31.1786386648659, 28.644378971111227, 75.2722521248098, 29.33144485354758, 58.60829665044304, 83.81612309927947, 88.81453348085688, 47.81413665677381, 36.432000051636045, 47.33647522417637, 56.464764411305175, 87.06169957993907, 96.2452211243521, 38.50860031607172, 44.62318915167587, 61.30868097359218, 49.829439858096585, 61.92032154648945, 86.4425838258496, 67.65092776874778, 89.23484442243205, 23.989078440120792, 9.464292290388155, 83.7106097154462, 67.07938313966187, 23.499674626344532, 72.34294644457741, 75.42989981765854, 30.517138981372067, 55.882437170549814, 87.64143284799047, 59.06603007388019, 16.37832997786064, 21.41264108052498, 40.60495486714517, 29.581717949442943, 63.995822142692184, 17.491659865870286, 75.8744543016245, 26.503395439037767, 88.79041121197227, 62.33320527117797, 47.129964952249644, 75.93307491197002, 58.81669763707938, 13.051949438261449, 102.27991836084078, 46.56242726030303, 61.538462159312424, 34.087822333607185, 60.655390938674856, 38.034975341088156], [95.42794152480172, 25.93458277667749, 50.449596871357606, 68.63801010014522, 15.965154082079856, 77.82126850188779, 50.45953185132427, 81.28655719984353, 14.832652246990891, 12.741869899239035, 78.02634192357623, 7.725266139359693, 31.05364153317628, 60.78443704552868, 19.966351612567653, 73.92669673625, 68.55143363958052, 8.446622692569088, 0.0, 91.82867408521493, 16.827384799072057, 2.785351575690381, 94.23806541353896, 16.465654946668565, 47.66752358795544, 16.89395422678623, 87.9241024721615, 73.29384411817435, 34.5930671157079, 35.663405933420655, 22.927911515054706, 30.592120450616243, 71.27131452036842, 33.273168862716986, 63.128236079171096, 81.07451039220419, 90.18323035653138, 49.908840146327705, 38.52924103314902, 55.093284170808914, 57.203603493513384, 89.48341475106851, 98.45695812507996, 42.474266068861596, 52.27405793063563, 59.84883789190971, 42.64861481666927, 66.23320044350135, 86.5064137670898, 75.5294566660572, 93.43480001758884, 15.612151594143436, 17.82193715935822, 80.8004338068023, 72.86226265998387, 19.096575334460194, 77.57304561263919, 80.15286645224629, 36.60212821110705, 54.33363117984764, 88.5752648648413, 54.28341839197066, 22.10799534748181, 24.146974939405286, 32.73455593567239, 22.52955457606685, 59.61256079253588, 14.844377913751844, 71.96260244090801, 30.139583852818877, 88.92689954163491, 67.90847826568918, 51.129220906553876, 77.76374580260872, 65.62175129810373, 4.652134490302342, 104.19330498170363, 53.11584514838332, 62.96309905194108, 34.12877736941405, 68.73325876224465, 45.95401061833112], [15.269414262165116, 94.37497796721112, 44.94645613355652, 75.35643775355517, 88.67659069441952, 63.46862076636155, 56.598369937371, 39.32835121059865, 90.75587940100378, 80.8909781472592, 57.480568628832934, 98.82452609287034, 62.70446754051873, 32.632121993345216, 74.4235126745341, 30.37520147319538, 56.27915842408505, 90.07564428518745, 91.82867408521493, 0.0, 84.29911267031301, 94.35444867153834, 8.395020501644128, 78.25480389664393, 51.247179046063074, 86.85869082330223, 25.870026990922884, 54.875090262137256, 79.10371498851416, 56.61635288693987, 94.69382648282092, 61.54083713063158, 58.899025986264505, 61.592181618025904, 39.99733925933391, 46.94276634338722, 4.423172292630013, 42.26181482525213, 53.66042937097783, 74.22132037978506, 35.272462170197855, 7.796392861317896, 8.2860036233541, 53.31970876965276, 72.85173043837729, 41.5072905339814, 86.9637287021328, 36.61815104762179, 18.39456209043377, 79.22821441030435, 28.261462007832957, 99.14221394744739, 90.91300487573153, 48.65858020498327, 47.793600061521055, 77.1260887596364, 40.8028547712122, 34.71762086955616, 65.9986021331992, 45.3346642479262, 9.243323214322094, 66.22785251645715, 75.30707817016446, 68.66647010478627, 92.39599995177383, 110.74914157890197, 62.48144392901373, 77.8299884938561, 58.06449134029063, 63.94907604684037, 17.44102002328441, 46.75353618311424, 45.971884581219015, 14.142844536005853, 60.75631149482588, 93.86748602226913, 12.439156294999805, 60.85376088338962, 28.89897480541867, 58.12439193325873, 82.1569544393767, 77.11419364847555], [85.46929403643821, 13.8682600009357, 48.41657009281674, 76.62302576019442, 4.382417918025415, 61.78596225013165, 36.03493918231535, 67.85119539478683, 29.74313358290127, 8.580342892527215, 62.49569511074518, 23.708141490451627, 21.698236159505875, 56.185508208268004, 10.725602583216075, 71.66408860634192, 72.35654527648835, 23.497884250475654, 16.827384799072057, 84.29911267031301, 0.0, 17.34522667869573, 85.35072205881507, 23.557031810010596, 48.08561351561244, 30.09857450179841, 85.12922732265365, 58.024330333382856, 44.72677213814742, 32.59363942411686, 12.285261167157504, 28.06528997922959, 55.59783453507649, 34.1663570883026, 62.35776820683836, 66.67122335210588, 81.97818458622122, 44.896472658234295, 34.80802319402036, 63.47513153383518, 49.03916713449113, 83.29584769989769, 91.66068864439997, 42.08086829193931, 60.38814072895256, 47.7397729558479, 26.355042050476598, 64.84288862643638, 76.10147365087153, 83.82065230745579, 90.88411981246622, 15.040459528965725, 32.57158670803103, 66.19776706732031, 74.7021216897463, 7.480277109689392, 77.8722360781513, 79.16127595942913, 41.57969778161572, 42.321550611656, 79.62232802637071, 38.09121028597532, 29.026082189427864, 25.00587447921825, 18.28013168013377, 26.885670267243096, 43.70599613139345, 11.192615819407267, 56.36866851618868, 31.052065245465812, 78.59298897354839, 69.41532743010802, 49.97597031847528, 70.75968551118868, 70.50975013247432, 14.745381599755614, 96.72213639220323, 57.881098736365054, 55.77817329714041, 27.054206791570675, 78.08705194110155, 55.34820050151], [97.73915902625389, 24.982472608841316, 53.19087563880022, 71.10068012601116, 15.772307821354497, 78.8957523220136, 51.97878105757266, 83.08132855081536, 16.554869258628752, 14.55270209082208, 79.29612925572498, 6.37087476112585, 33.17852579276925, 63.44529594386542, 21.81218911849868, 76.68481440759196, 71.27450251520041, 10.452962538088652, 2.785351575690381, 94.35444867153834, 17.34522667869573, 0.0, 96.6543186633949, 19.23727590575457, 50.45010039109668, 19.041301357457375, 90.6766961226808, 74.64234232257806, 36.96883761388147, 38.31998980057847, 21.877655183967633, 33.24264450218717, 72.4842738047293, 36.047123501819314, 65.90637720799273, 82.66411847947624, 92.6544084568777, 52.52272762830627, 41.16823380800106, 57.55371612850844, 59.61755745683059, 92.09596321723451, 101.03952731978293, 45.241745197011554, 54.76823211436419, 61.82103497009491, 42.48584291078523, 69.00407502764222, 88.75712574627507, 77.94964333565092, 96.19528441826027, 13.632837937282476, 19.509814990175187, 82.34131176157774, 75.63381693632977, 20.592357356505445, 80.35807661049206, 82.93368263339778, 39.339706960619836, 56.30146311797902, 90.9790772166188, 55.26417251743137, 24.843381427961642, 26.885053095027576, 32.076845247275514, 19.804893970480702, 60.72347071994871, 16.98437757932854, 73.2043687950573, 32.90665036437823, 91.18893536029906, 70.68673250257251, 53.89287551774638, 80.31067961867795, 68.30283859171209, 3.090399785716363, 106.73412226378143, 55.822662010709976, 65.4708742633118, 36.509160296488666, 71.0541390258665, 48.3460887700141], [6.949003147163441, 94.49179257520859, 49.77730799114053, 82.82494738494393, 89.68821272697758, 58.12918621011158, 55.050504777084385, 33.564488246768796, 94.41523718938487, 82.74001152386347, 52.06304376968253, 101.48135755195698, 64.13382339125776, 37.39248777740928, 75.9624183211202, 37.877270762162944, 63.83155980152926, 93.2001095843446, 94.23806541353896, 8.395020501644128, 85.35072205881507, 96.6543186633949, 0.0, 81.57309123772177, 56.50306760717824, 90.66986208774648, 34.25858297302046, 50.04826490039097, 84.3055683985148, 59.83590967403239, 95.09049416829423, 64.55911111940748, 54.298705038583876, 65.55549164697803, 46.64101037235669, 41.12378921336067, 5.565401575519654, 45.76025583908324, 56.88158764997703, 80.9221930320716, 37.03741757791367, 16.171718142758955, 14.007031411364927, 57.84553153716408, 79.36388944187284, 39.98069246003542, 85.4324709873499, 43.461798268711526, 12.682679157993752, 86.96191988091466, 36.582882021186045, 100.35252734510017, 94.81309370787304, 42.87303853945669, 55.57571251228607, 78.43210778447258, 48.824994078513136, 42.847423774990204, 70.96236419145292, 44.50495856916303, 5.728848994530651, 63.62375602992684, 79.13503734670307, 71.85427212690888, 91.85720570878593, 112.11570631285335, 59.3008468634471, 79.83537916041443, 53.383184930208834, 67.64065595445052, 10.908275367295357, 54.17358046919098, 51.16698956171854, 18.724926229499207, 68.13693008560273, 95.90937065712076, 14.069467413560819, 67.30363929604447, 31.713039516565363, 60.14966942634293, 89.54639709622676, 83.18176356603537], [83.60300245813345, 36.85887037765102, 34.99211273384058, 53.75943663096743, 25.753446919255897, 75.08867747671984, 45.82199776389957, 73.56744256772639, 13.25308563354597, 14.999507187795775, 74.01219439823201, 21.617019364710025, 23.496420101284, 46.18902539387078, 17.810698422889963, 58.115628135630715, 52.21353684338048, 11.929343243093774, 16.465654946668565, 78.25480389664393, 23.557031810010596, 19.23727590575457, 81.57309123772177, 0.0, 31.49557052606527, 10.407285160479265, 72.15338547604202, 68.88119625133605, 21.17222947934711, 21.74020111917083, 34.526564675298225, 17.109923426345347, 67.8219936953551, 17.455172112955875, 47.02480913901361, 74.81495881635986, 77.0909867978028, 36.00525704636425, 24.698873659803763,