instance_id,num_cities,city_coordinates,distance_matrix,best_route,total_distance
2138,94,"[[46.383148248017555, 40.57879668629336], [38.84806456894526, 42.04034435379407], [58.14532882155341, 35.658897790609046], [25.92156507217759, 25.871968770098853], [71.65364523471403, 45.56355264796087], [26.565905659942246, 54.458877514137235], [95.74907476070833, 25.039371255622413], [4.0979126317644, 50.4094432894493], [40.008764771797466, 12.27398991769395], [3.796642284275775, 60.2334387173867], [10.699260327279415, 13.537507995523912], [65.23753844764333, 4.834899367025791], [31.43211770472255, 79.7709184601078], [95.85482582698299, 9.919027755275811], [68.3859273806051, 33.697142904015955], [97.2436138555801, 72.33523534951128], [71.57633183468276, 18.95370739636556], [37.8458655716005, 42.702469470275474], [69.4466583603857, 56.447496021766575], [7.055490146374144, 54.044767491230225], [38.31302502125611, 52.82119773978023], [49.8466406310415, 16.18684655269087], [66.2994656974181, 87.14483653191444], [73.23942145056488, 65.15519796923006], [43.39056666208813, 3.414643195444478], [82.16862672221292, 72.35907232096852], [79.45624898897935, 38.23618170455203], [4.1987585759266866, 19.363477502566262], [92.79136342701545, 40.45520064203966], [86.87897911088717, 22.17974238441259], [60.21195164848487, 77.5340118492754], [4.047798816358117, 41.372247667690964], [57.47183322432123, 70.82998215872345], [60.7552612043728, 47.46211776749699], [6.27199283951807, 80.95572835291539], [68.79238267890062, 16.810102460989228], [95.01936351573751, 18.33397626001898], [33.01001834412133, 70.95785844770934], [39.72406645006706, 62.53360371736034], [76.72941228439811, 22.834607998305124], [58.38773316266506, 60.45049197041573], [15.54975759284284, 13.897115376749113], [81.7879444321712, 16.121754190518843], [17.768247458705467, 46.68016129766714], [48.45102734511543, 99.12910774598409], [34.2528348718805, 54.03994269587853], [88.38424921042211, 73.03448032097494], [97.8407295153639, 60.68931426941765], [67.08972346900484, 99.62942295726089], [37.52146142070153, 0.7837345561127362], [76.16812580094346, 97.0982177154636], [95.38085308480065, 50.943990145372474], [49.13543514902189, 63.60664095626295], [0.35311908525429425, 10.001695164496127], [53.48481133196368, 8.62692680609225], [42.85003448616451, 8.337130064643095], [63.08597116198984, 70.03928093501177], [84.62331247222433, 5.12967080565947], [25.144084012067648, 77.76297725453016], [2.2774756451956923, 52.82200917664136], [39.37469447994334, 76.61445456041265], [81.52423026470274, 53.43578371176322], [79.44473298259605, 46.09187454611183], [19.572660254231657, 1.835272134968391], [86.58947777007558, 63.99170141282377], [76.29612266130925, 70.98450837381324], [79.51051165702343, 88.43532032300077], [69.68687140565166, 61.827873159435086], [2.3707267482064087, 80.93328722215705], [7.866416774769391, 71.74161380197128], [16.379753478198957, 84.30404607453997], [48.80513773143398, 71.0248723653615], [38.24939466887398, 35.82784438518696], [32.983396757173026, 16.888836920425355], [19.60824264303972, 84.2375685926252], [52.124867329826394, 34.82266565166504], [38.31190217233513, 6.488182774151263], [88.56469865368285, 30.947395778894627], [35.55773582714434, 53.03591142152063], [58.44362675810741, 18.730701778335757], [70.39562481549773, 98.58096461697157], [71.72956426587751, 13.926164829891984], [51.6870222065606, 7.15243222046028], [40.634139501258346, 98.46716820204294], [27.73082815794561, 6.03774332514162], [58.27896814172502, 94.55545442974864], [15.679486860323866, 91.05464912247619], [62.40559147051209, 50.685666858948174], [98.34066526830448, 66.49911662950292], [48.111509331218436, 48.93709881575865], [6.636978455499087, 61.98323597067361], [73.34410166562641, 23.437087287607618], [59.55858088996816, 71.45422451895963], [62.58355180433966, 63.49393840482017]]","[[0.0, 7.675520023750731, 12.749678309205297, 25.198554986712534, 25.757441836331797, 24.19462228641119, 51.75392200762922, 43.41293313930983, 29.013701089479408, 46.90325621500318, 44.772437405141766, 40.41180799432374, 41.94705857911899, 58.20196142210759, 23.053838039176092, 59.96047330023983, 33.20152083909361, 8.797453130905396, 27.99537671300309, 41.569184036725694, 14.662989887793385, 24.63661930556657, 50.64637961048417, 36.40410567985147, 37.28444513788316, 47.86007092601334, 33.155962323155194, 47.21877275061504, 46.40837976144315, 44.479630354553315, 39.45787286754158, 42.34278422542131, 32.219453083363604, 15.935424058906516, 56.91398245612287, 32.66687332687781, 53.481898539273914, 33.19228821474064, 22.942469835725706, 35.15326404703628, 23.216251472578293, 40.775116146967605, 43.030762490125376, 29.258147537106616, 58.58681634247381, 18.12034642314159, 53.0797878881278, 55.24776545116286, 62.57586372057428, 40.769798421998146, 63.88732144409337, 50.082055815597805, 23.191737643122202, 55.26049875090824, 32.731568972464274, 32.434672179564764, 33.86597740305901, 52.1435584285857, 42.82243727475172, 45.77342687445549, 36.71085755794612, 37.419216462621115, 33.51809082644974, 47.115421691035074, 46.52647677795843, 42.65317504564962, 58.20368597454182, 31.537069679491108, 59.71246228959371, 49.544523148048306, 53.029247889989335, 30.54225854964437, 9.419633488284939, 27.21704491168788, 51.21507526622004, 8.130214173207184, 35.0330553923142, 43.26715934822534, 16.503613592441276, 24.955848873549908, 62.77619386011213, 36.78047837947855, 33.8445404810114, 58.17314378917269, 39.25548894155356, 55.271964974095475, 59.080677905466324, 18.943798761203116, 58.06415900425798, 8.53513014085593, 45.1431947723511, 31.948884335692625, 33.5690939578768, 28.063442329262852], [7.675520023750731, 0.0, 20.32504041505882, 20.700501401061917, 32.99422857868248, 17.466293061796055, 59.38651401730767, 35.74373898533756, 29.78897583631298, 39.49165591236724, 40.05954144398002, 45.61413671503527, 38.452470535519645, 65.4335526251873, 30.69355551108435, 65.78617329599119, 40.05162024464989, 1.2011713034177778, 33.82070314463524, 33.98343660192912, 10.794121874785402, 28.095765231532035, 52.8014643600198, 41.437445454829366, 38.89189009601277, 52.876236352662744, 40.785981603406185, 41.41032112874938, 53.96658384850751, 51.975111951024466, 41.42723866524424, 34.80667823324529, 34.288307101225975, 22.568138854872892, 50.75044394997794, 39.156446379103976, 60.968899560082775, 29.500939054460105, 20.511973543228983, 42.47183553480582, 26.846455706819103, 36.53563254149414, 50.15582317857124, 21.584406192291, 57.890792011596844, 12.849377274410694, 58.43346689343857, 61.870175338318255, 64.14119792943997, 41.2779326990956, 66.51433221095837, 57.22963468134601, 23.894249153247877, 50.0832893255549, 36.478635226962616, 33.93998256685997, 37.03264189458004, 58.80281576917569, 38.261019124744074, 38.12679203109143, 34.578120765052645, 44.17138391145222, 40.79833799540337, 44.58687075380676, 52.54621405176659, 47.32992378724944, 61.69220695010046, 36.641210451426986, 53.32220156229534, 42.918852581069636, 47.86486693192339, 30.647123356303613, 6.241278836039512, 25.826200934578804, 46.37646473377151, 15.11186214198991, 35.55620428421134, 50.93915206205395, 11.477314946013903, 30.45201954723102, 64.74635354407765, 43.26199385860008, 37.17533115176918, 56.45508403381528, 37.67997115506304, 55.9946140262105, 54.21425149347433, 25.093797539156345, 64.32418735754366, 11.548880074375814, 37.88499695988438, 39.19257262347316, 35.973626904359755, 31.994219040442182], [12.749678309205297, 20.32504041505882, 0.0, 33.67721677674822, 16.750426865048176, 36.75185988253077, 39.07449363054875, 56.0241179252795, 29.5937302778076, 59.64635605038361, 52.34964471731816, 31.629390069956543, 51.57001081751545, 45.65684038387181, 10.426808767917597, 53.608111600172386, 21.434906765521855, 21.486742662460216, 23.661907483585704, 54.29743843409248, 26.22717700349407, 21.16669565840291, 52.127649441191835, 33.13402113418316, 35.45976537965501, 43.86367121642553, 21.466199261990255, 56.35399864810211, 34.97645257777745, 31.738151953353007, 41.92607908372915, 54.398392618541195, 35.177532203787585, 12.08833110341109, 68.86687044505081, 21.648021646772943, 40.74122409389531, 43.33359500743531, 32.582092106071094, 22.57942795623858, 24.792779227848065, 47.83260250214637, 30.67039701343909, 41.85423453695042, 64.20628499528264, 30.14488478904323, 48.076256881838574, 46.928100167647784, 64.59280366810682, 40.5169213687403, 64.02820662636852, 40.25069335368673, 29.36417088977106, 63.231570855086325, 27.430783411680565, 31.31173933970795, 34.73356722094701, 40.41184626447757, 53.49612758396438, 58.444755205103014, 45.052129182881444, 29.369894547686396, 23.717327454759776, 51.30193381245355, 40.1474453795095, 39.715866855571804, 56.93699862927978, 28.601092235695774, 71.83715316491649, 61.886439478813614, 64.11484800985686, 36.57856376652839, 19.89665144589851, 31.3916869614058, 62.008017772065955, 6.078259682143466, 35.27457196368678, 30.782077775716438, 28.498420307272557, 16.93082401683089, 64.10348076072374, 25.62895110121889, 29.228895012219276, 65.20368535203373, 42.45532525471546, 58.896708256194366, 69.79997850356534, 15.619014900796593, 50.66344017236077, 16.642961155663077, 57.84531906775702, 19.50321378483574, 35.82321449839822, 28.18665125976683], [25.198554986712534, 20.700501401061917, 33.67721677674822, 0.0, 49.791381097651175, 28.594169446462665, 69.83247330521071, 32.83838396796842, 19.579433705994187, 40.86835970905833, 19.59228124405316, 44.59040313262535, 54.179912956760674, 71.72975175491707, 43.17934015808399, 85.12150012712178, 46.175968517986036, 20.626553183195277, 53.19113283682436, 33.906273326442275, 29.66157820699922, 25.81106028165982, 73.38078210716166, 61.499200226971745, 28.45166934494921, 72.9711089460216, 54.94393636754081, 22.676877665435082, 68.44151213881432, 61.06913182590552, 62.00642955909724, 26.808959250917702, 54.923969160321235, 40.981958469062505, 58.483555455393066, 43.81808329072702, 69.50774835102092, 45.639715356366914, 39.173773385939036, 50.89855497750772, 47.431280155553885, 15.842080172142925, 56.71083694623608, 22.34854501685744, 76.64323245557883, 29.37422018639551, 78.26806120979761, 79.90377814487253, 84.4688067511171, 27.64013551472428, 87.16590734855359, 73.84577812619148, 44.30337739881547, 30.093371604107514, 32.5134436305655, 24.373010588079595, 57.722998396491306, 62.25863853847497, 51.8968326425626, 35.85174532355978, 52.495586052946294, 62.05981204169384, 57.21515614553273, 24.86104136026142, 71.64991031308134, 67.62201772941593, 82.37686661682062, 56.64123143892542, 59.886482409979585, 49.29515914764229, 59.20602863397585, 50.620574875583436, 15.84597241662024, 11.426553486324032, 58.70605831375108, 27.689854168474447, 23.00546919739379, 62.848406059596506, 28.822483709573117, 33.296879591803645, 85.23227127745078, 47.339993894252615, 31.847760203458307, 74.07106605750302, 19.91657430169435, 75.9237955832325, 65.9824369360357, 44.12259959565997, 83.03668596714675, 32.00615331842516, 40.93798846801687, 47.48500420965309, 56.649720849099026, 52.53107528258984], [25.757441836331797, 32.99422857868248, 16.750426865048176, 49.791381097651175, 0.0, 45.956839147587786, 31.651725796041035, 67.72931170202823, 45.930310757545016, 69.42462392196101, 68.85567932657102, 41.23093043313137, 52.80071166804384, 43.08397958504832, 12.308113591661929, 37.034706542504196, 26.60995756621333, 33.92862748033388, 11.1054497625115, 65.15253368852899, 34.12140630889719, 36.5860125019449, 41.924579997365925, 19.655718063738277, 50.74773077132465, 28.784799985912436, 10.703783923846155, 72.36439505567756, 21.74622704272053, 27.903644458790165, 33.95618667730631, 67.73564428998932, 28.974406846740727, 11.062518880703257, 74.34626131189522, 28.89546194591738, 35.88044900854666, 46.240681940370195, 36.15910168495623, 23.28880280370318, 19.940044771609408, 64.42367156553014, 31.137172585708818, 53.896965669277414, 58.374910448668636, 38.34931295396403, 32.16465415029282, 30.241561595774026, 54.25815804269035, 56.30486728740728, 51.732023335672366, 24.329601312491018, 28.85520440344436, 79.67691470472516, 41.163343571288365, 47.068615132651914, 25.93195546421392, 42.46305534330918, 56.56803187417105, 69.754842828956, 44.78938681658428, 12.62538992491447, 7.808980235809482, 68.00434922238568, 23.720787516949823, 25.84139289342184, 43.58576388639539, 16.382805650884272, 77.7890796825438, 68.94999202599142, 67.49836250492129, 34.21013149461924, 34.794079542980725, 48.14174321074939, 64.84137136286995, 22.2876607100347, 51.36688000270913, 22.35208646548168, 36.861237385636876, 29.90830108755476, 53.032335299013226, 31.63747890793744, 43.29064803908969, 61.32701097103955, 59.088945350066325, 50.78472632138589, 72.12867851399314, 10.571780948164212, 33.918945701458625, 23.782619213301963, 67.05798207147038, 22.190946628923367, 28.576519582259657, 20.093912715683405], [24.19462228641119, 17.466293061796055, 36.75185988253077, 28.594169446462665, 45.956839147587786, 0.0, 75.17857564040428, 22.829994048495113, 44.27499523010413, 23.49010242124415, 43.88973590022395, 62.91291115193917, 25.77555889821315, 82.36961013903425, 46.690082894955545, 72.9033785585145, 57.32848828918893, 16.292655575516065, 42.92683957299296, 19.514809776760593, 11.860725455565232, 44.79666253984188, 51.4502449961466, 47.88348721151726, 53.745540047698285, 58.413008513953365, 55.32236687628028, 41.61702020388007, 67.68983839836314, 68.40767057737094, 40.798507757610416, 26.044673477641616, 34.97412509125329, 34.89794663724056, 33.37552998733406, 56.57301144923399, 77.40080350380694, 17.712790862333737, 15.438212287560889, 59.299846705297774, 32.38098437981358, 42.03108451998723, 67.22505924796113, 11.743390302726192, 49.743220846071495, 7.6983366444511345, 64.54890098957962, 71.54662017022841, 60.684083460586244, 54.78179600552973, 65.41019473844113, 68.90465457645897, 24.35293077540211, 51.60960416898566, 53.15256520887635, 48.912047998667184, 39.70471200035389, 76.18420518883521, 23.347433295943823, 24.34352420122316, 25.59169133310323, 54.967846640474086, 53.536689453924815, 53.08624421078383, 60.77584997631662, 52.404112036302344, 62.9089021532735, 43.74608306652223, 35.86503941108946, 25.46298996900244, 31.535563775973394, 27.731131036083895, 21.991346272428878, 38.114198695449375, 30.58070497887175, 32.2310616944354, 49.387812139292656, 66.30716481698902, 9.103726833365675, 47.88205972826063, 62.19166223510163, 60.68489809019248, 53.562769372694255, 46.20221696721013, 48.43514509707878, 51.121950396312144, 38.18068377976476, 36.037760719123405, 72.77763031861761, 22.241921624571415, 21.302068202464405, 56.12977009043431, 37.11277999083727, 37.13358532489658], [51.75392200762922, 59.38651401730767, 39.07449363054875, 69.83247330521071, 31.651725796041035, 75.17857564040428, 0.0, 95.09771855616479, 57.183364000053444, 98.45746402805683, 85.82402806682227, 36.59473367139833, 84.45243172542949, 15.120713305148403, 28.70015408427239, 47.31947175839674, 24.927029609955213, 60.53731636716366, 40.96690627593984, 93.31594163123827, 63.8022702767596, 46.74826898019235, 68.73404026510693, 45.99960918376426, 56.6484089272587, 49.22989617945574, 20.966925803581546, 91.72609314382397, 15.697001369834325, 9.319660622470805, 63.3922267328584, 93.1444408524404, 59.68188390553798, 41.561358836680924, 105.51202386535564, 28.18482061123891, 6.74498336158811, 77.74764733452413, 67.41378956936232, 19.147024357157413, 51.47637629324099, 80.96962603508905, 16.566141800981466, 80.92795079790824, 87.89991093589859, 67.99132786117401, 48.556885707191235, 35.71125111921341, 79.90640918796419, 63.07765743091557, 74.67188838704887, 25.90723580441966, 60.50012966936623, 96.5739098382934, 45.339125443519926, 55.47317660608102, 55.6045880108271, 22.80742770474363, 88.11834853277549, 97.51315199018819, 76.40719841701015, 31.760076217081238, 26.6277947944167, 79.63213134824213, 40.01477529246449, 49.89361652747645, 65.44262593926062, 45.08472375480586, 108.82851519531982, 99.5211587228139, 99.05448421065164, 65.71453063152997, 58.503028666306044, 63.29266580886526, 96.44611388501725, 44.70776580430131, 60.35872255955751, 9.301613505988321, 66.38375963950767, 37.83511280871789, 77.7892240496737, 26.46583158474684, 47.554253893128035, 91.8112054874465, 70.62254409834489, 78.97148035784825, 103.77454320966828, 42.06566718948793, 41.540664749448446, 53.29576927475037, 96.46665148118748, 22.462193421513884, 58.85652427781653, 50.78095752938867], [43.41293313930983, 35.74373898533756, 56.0241179252795, 32.83838396796842, 67.72931170202823, 22.829994048495113, 95.09771855616479, 0.0, 52.38226899717731, 9.828613838706392, 37.45820876278659, 76.25675641307201, 40.115520577050056, 100.2935933609167, 66.42476815556162, 95.69149394767236, 74.44998575352595, 34.616784557188765, 65.62710300708271, 4.686453542603327, 34.300006929361395, 57.13258475649976, 72.23934053172057, 70.69643217883446, 61.257031405563495, 81.09761163692718, 76.33522880126502, 31.04612957430871, 89.250295017177, 87.46211168619686, 62.32597848671718, 9.037334568357123, 57.146949237313606, 56.73395698354207, 30.623555572929114, 72.89917803917153, 96.41341097587413, 35.470371047378585, 37.63267333006101, 77.68980810327865, 55.210572102550614, 38.266105663068494, 84.91988380169354, 14.169883501811459, 65.88478192673186, 30.37268281280947, 87.27014858775411, 94.3047796489492, 79.94106973924272, 59.83180242088999, 85.87174904270995, 91.28450557511795, 46.931273802757865, 40.580901754835864, 64.69037368036877, 57.19970706484849, 62.168493428395415, 92.38288702811639, 34.51314459952798, 3.0223277423387036, 43.94489678307736, 77.4854399132404, 75.47042292735574, 50.97958333807624, 83.60224910071622, 75.07273029999698, 84.4572520031008, 66.57546134829607, 30.57267112152063, 21.662481904231523, 36.051181846594496, 49.23141164029823, 37.134172293667774, 44.249319141725586, 37.21441116806817, 50.49293034375635, 55.67471783076194, 86.67992405497161, 31.56927003168353, 62.90468430594137, 81.9504857081706, 76.84445269448949, 64.31090387130783, 60.36920405002583, 50.272879905473474, 69.8888909324856, 42.263052644369594, 58.30833311819926, 95.60634922797604, 44.038216274860616, 11.849030858480324, 74.31381220206265, 59.31920886731785, 59.93141081143372], [29.013701089479408, 29.78897583631298, 29.5937302778076, 19.579433705994187, 45.930310757545016, 44.27499523010413, 57.183364000053444, 52.38226899717731, 0.0, 60.09514576254578, 29.336726618970744, 26.302682171369778, 68.0396519507036, 55.89569198217274, 35.55579898697352, 82.96493929645445, 32.26654483927015, 30.505253659526986, 53.08378491083304, 53.204475071523916, 40.58265141004245, 10.587457129449735, 79.35265986651336, 62.45557387689234, 9.48285866024618, 73.40075672012098, 47.22435191130118, 36.505032227959504, 59.83463343823372, 47.9055416849044, 68.31573188135253, 46.25904967175103, 61.10452509519273, 40.84876321017499, 76.52026512561758, 29.138856820876658, 55.343377278911554, 59.09973669321243, 50.260420137778524, 38.20906447414272, 51.56318288418993, 24.512804173247645, 41.9559905495391, 40.96858844751709, 87.26444459413587, 42.160710863104555, 77.6661102973415, 75.42267416489368, 91.4568204427101, 11.75638746531939, 92.20980973586292, 67.53841189835367, 52.13767519579296, 39.72069433257758, 13.960834510578994, 4.855067362286849, 62.204391332854904, 45.1829521178978, 67.15479280358905, 55.3876524595436, 64.34358892365228, 58.462185585539714, 51.95040817418184, 22.947792852478525, 69.60233118022296, 69.01954302940463, 85.79589883025162, 57.76138292758002, 78.29892089044357, 67.5982901056227, 75.80672242401327, 59.40574354071057, 23.619471701011886, 8.405510609090157, 74.79931790350065, 25.597709244236132, 6.029503046165883, 52.02282961930415, 41.00421811655806, 19.532876503619434, 91.50002811506221, 31.763797041350795, 12.751942987587963, 86.1954469581185, 13.770929491391804, 84.28546573061708, 82.45184066128395, 44.464308963611906, 79.64279617420608, 37.54780983581569, 59.87224118985654, 35.15479240040035, 62.32572083590474, 55.974138069187795], [46.90325621500318, 39.49165591236724, 59.64635605038361, 40.86835970905833, 69.42462392196101, 23.49010242124415, 98.45746402805683, 9.828613838706392, 60.09514576254578, 0.0, 47.2033482057005, 82.72836202603796, 33.84424052052808, 104.91067203886816, 69.82800831149079, 94.2273313724498, 79.36058551627025, 38.29731699758164, 65.75909042016937, 6.994264860137924, 35.30328587477124, 63.72365831510436, 68.0501746283301, 69.61697560560285, 69.25355133276707, 79.30446983007057, 78.79248316177838, 40.871939362023646, 91.16599745869676, 91.38248463011233, 59.00844822015952, 18.862863181837746, 54.71117669502708, 58.37286105794307, 20.869610636283515, 78.16669624003327, 100.38500795980117, 31.119680579435432, 36.000980072989506, 81.96256144756131, 54.59152237671347, 47.803667016083494, 89.6018075851276, 19.465278830934597, 59.21897647160013, 31.079560162616627, 85.55074465853022, 94.0451921453056, 74.55238225627079, 68.34932882368065, 81.21972394055742, 92.05412279049251, 45.464102672072094, 50.349636665874385, 71.63899925991558, 64.949167002013, 60.09475068894701, 97.82318667749946, 27.62241824400368, 7.565524113683502, 39.16804154010145, 78.02426575643305, 76.95854379801878, 60.49155811496551, 82.87809207665572, 73.29229259408658, 80.79564432251635, 65.90951763484088, 20.7489026995754, 12.206603056580729, 27.161163926843713, 46.28411933477295, 42.22114614245257, 52.25534557916857, 28.743781187807937, 54.60150843933702, 63.873748140720245, 89.68442279260192, 32.566416170858965, 68.62047861619197, 76.85022587353494, 82.21463071649619, 71.49182988165519, 53.09255382364904, 59.245410391729, 64.39196062706044, 33.0325446499859, 59.38155329877807, 94.75141688493596, 45.73198811074496, 3.3360605499855565, 78.68176780515562, 56.87969612321947, 58.877258675416705], [44.772437405141766, 40.05954144398002, 52.34964471731816, 19.59228124405316, 68.85567932657102, 43.88973590022395, 85.82402806682227, 37.45820876278659, 29.336726618970744, 47.2033482057005, 0.0, 55.22824619046829, 69.40256505925014, 85.23241011976238, 61.10779357303732, 104.628379848038, 61.11753472831817, 39.84385967893602, 72.74973435052878, 40.67081426506905, 48.01799954701677, 39.236926223111205, 92.24652650081589, 81.09042897622474, 34.22271031985912, 92.56266397736005, 73.05852429942841, 8.729171994887441, 86.39256662902184, 76.6683622440316, 80.91389934598507, 28.618432396771453, 73.96013230889989, 60.46885456156934, 67.5634304455153, 58.18522784260473, 84.45641425921734, 61.60248833722439, 56.947842509165966, 66.68145946169669, 66.89557912747128, 4.863809329308655, 71.13564040733337, 33.88814021114663, 93.54740969589668, 46.85315454144545, 97.85114824911095, 99.08041424594815, 102.91599562321322, 29.69998667406779, 106.15349525714518, 92.57546682991996, 63.120975993466025, 10.933645822688506, 43.06642755549198, 32.568638436993744, 77.050748324627, 74.40065330183467, 65.82980960647065, 40.17708912154536, 69.28911683513937, 81.28990571876663, 76.06396513535779, 14.686032493485357, 91.13150243963493, 87.1957923327315, 101.70875380716815, 76.23317931450315, 67.90843488951002, 58.273003486358235, 70.99416112700025, 68.96995690103721, 35.43824203603002, 22.534731904085138, 71.25916456383925, 46.574014771933214, 28.498262679328413, 79.78803593517326, 46.66977263047437, 48.02596992822749, 103.90402036126542, 61.03154145990877, 41.48211441725168, 90.05078663707219, 18.609695668701786, 93.95603354828748, 77.67695813313159, 63.667341606477024, 102.40091722799895, 51.50541142222615, 48.61574532029718, 63.422218634063256, 75.77320937312601, 72.02516672188553], [40.41180799432374, 45.61413671503527, 31.629390069956543, 44.59040313262535, 41.23093043313137, 62.91291115193917, 36.59473367139833, 76.25675641307201, 26.302682171369778, 82.72836202603796, 55.22824619046829, 0.0, 82.2083537672702, 31.036537305847784, 29.033454063575117, 74.7039772754233, 15.476467354436021, 46.7360311587609, 51.783943688027506, 76.2021119479822, 55.023760819910535, 19.124498438056047, 82.31678714315647, 60.84873503246827, 21.89308803690698, 69.61447897725903, 36.30175465799749, 62.74402147510459, 45.033533438057304, 27.73437457882358, 72.87261130481504, 71.2682401704195, 66.45041106192316, 42.862227635145274, 96.2876740520974, 12.491693506093348, 32.69835135522134, 73.55853974630456, 63.08785728710735, 21.355389837014, 56.03582758439781, 50.50741851729867, 20.03269902083352, 63.28000895256289, 95.77674398730467, 58.14798487198129, 72.02050445137137, 64.67367108713428, 94.8126167345517, 28.010584822322997, 92.9085445615919, 55.087817797771564, 60.937634841463485, 65.08981221978692, 12.349334668485778, 22.659787145614647, 65.23986984542663, 19.388014976607415, 83.22253080112073, 79.16269459769705, 76.29673152801546, 51.25721694975658, 43.634646526375256, 45.76329166428509, 62.89222957659043, 67.06760064712019, 84.81007103081511, 57.16638545048542, 98.70765242574886, 88.13599740448308, 93.28680737671793, 68.19923986979978, 41.09650283810397, 34.432935784364815, 91.57956385446464, 32.729318211447314, 26.97634583954004, 35.014552290984625, 56.605902931313935, 15.467726423084313, 93.88786186097401, 11.171280452164956, 13.747270599162407, 96.81078972360417, 37.52599299609396, 89.98999778567332, 99.44770346782227, 45.93814105163169, 69.98780390824359, 47.31072679120926, 81.8532712110929, 20.291815163750055, 66.86093809273814, 58.71904721587638], [41.94705857911899, 38.452470535519645, 51.57001081751545, 54.179912956760674, 52.80071166804384, 25.77555889821315, 84.45243172542949, 40.115520577050056, 68.0396519507036, 33.84424052052808, 69.40256505925014, 82.2083537672702, 0.0, 95.02405988404071, 59.06248253802473, 66.23022277582605, 72.87174411034682, 37.619224768882226, 44.59918536810269, 35.44086362931794, 27.814282884920434, 66.19689460187307, 35.638555298629136, 44.288485320279186, 77.2870317308082, 51.27503106261521, 63.49371262543125, 66.26246880758998, 72.87443106576326, 79.94434314931955, 28.866634598028906, 47.16310888399998, 27.531929214768816, 43.63147197718556, 25.188006227464204, 73.21102205416655, 88.4185257552256, 8.953200389243596, 19.12802743452547, 72.75705014114223, 33.16450036499968, 67.76139974490302, 81.15987553971452, 35.80083182949257, 25.775623712641238, 25.885122350810963, 57.349148919969686, 69.09566803430313, 40.81452008421056, 79.22155847984101, 47.974427770113074, 70.14579497570857, 23.972720241035177, 76.37832594697157, 74.48348034754817, 72.340548436931, 33.116026446631686, 91.65489104356077, 6.60084809740535, 39.70184964441375, 8.546799996510698, 56.59292414193837, 58.64715871022193, 78.83280851991269, 57.37001010985007, 45.71629843884099, 48.852879389799995, 42.25374605145373, 29.08462730492633, 24.896023650638828, 15.720143599110498, 19.450325116561505, 44.46874210453821, 62.90121338624432, 12.639421857055128, 49.4826769443501, 73.60496439737315, 75.15229985098553, 27.0514570078094, 66.7497541111484, 43.26630008210516, 77.19725241207071, 75.39035548474655, 20.838113147709176, 73.82601614466728, 30.648586953143262, 19.376995540608807, 42.48891547007068, 68.21212840029953, 35.056048535028474, 30.51557927900608, 70.2147771776769, 29.330280077450798, 35.14757354616416], [58.20196142210759, 65.4335526251873, 45.65684038387181, 71.72975175491707, 43.08397958504832, 82.36961013903425, 15.120713305148403, 100.2935933609167, 55.89569198217274, 104.91067203886816, 85.23241011976238, 31.036537305847784, 95.02405988404071, 0.0, 36.33096670726183, 62.43165625413979, 25.90503245995418, 66.63177560737313, 53.50037072927332, 99.1584737910111, 71.77503068160446, 46.433163337223526, 82.68823890732122, 59.68660666358775, 52.86592010192792, 63.922384274220406, 32.722691363928476, 92.14137124527315, 30.68945513439993, 15.1950961658022, 76.43428912298502, 97.04553184659432, 71.99582270850765, 51.39516557384099, 114.32977214120002, 27.926022626627542, 8.456320453423634, 87.60826833043505, 76.93474996319412, 23.077990731192745, 62.90637414795541, 80.40353950675322, 15.373710268057113, 86.30697921134, 101.02256422432603, 75.77242522731095, 63.556037223515766, 50.8091114485146, 94.20926770207541, 59.04434761084841, 89.37436612379287, 41.02770026785778, 71.1692438946682, 95.50174252066658, 42.389711642933214, 53.028391502923554, 68.47074322987152, 12.210029984769099, 97.9939308920353, 102.94360729004441, 87.39728367459837, 45.8156525452397, 39.72110260446826, 76.70929467409735, 54.86073925031742, 64.12125850835982, 80.19940650819632, 58.13166150893832, 117.39804865584456, 107.53600454285406, 108.85503238344896, 77.12066775774431, 63.16369588675124, 63.25657936593432, 106.47434883303467, 50.32395503771053, 57.645110460551116, 22.256195001384295, 74.12695002181819, 38.43492441594892, 92.24483705991646, 24.455784447171528, 44.25436619708228, 104.35562933960233, 68.23447389141806, 92.60275266430354, 114.06609501977523, 52.73300809590878, 56.634670077113256, 61.6590150691335, 103.29814164203387, 26.25777286420822, 71.44226926178268, 63.065432101877185], [23.053838039176092, 30.69355551108435, 10.426808767917597, 43.17934015808399, 12.308113591661929, 46.690082894955545, 28.70015408427239, 66.42476815556162, 35.55579898697352, 69.82800831149079, 61.10779357303732, 29.033454063575117, 59.06248253802473, 36.33096670726183, 0.0, 48.225182804366824, 15.084680014797964, 31.840089225107405, 22.775067885602706, 64.61770931938202, 35.63858764985303, 25.501286859564026, 53.48840319636685, 31.83026285114808, 39.265733738826434, 41.045189576643196, 11.96473542313452, 65.76812756192012, 25.3238356693035, 21.786313984422623, 44.59243162458336, 64.79430546184562, 38.70355542283132, 15.738538664226752, 78.04815669063154, 16.891931234584543, 30.746817879178952, 51.37913840252295, 40.65764066250093, 13.697021753564096, 28.560559761466223, 56.42430263567079, 22.102224989375852, 52.25617941723032, 68.4013323152811, 39.735343305185566, 44.12889066206647, 39.952004753416354, 65.94502026385288, 45.12103398710929, 63.876904272986636, 32.03404054348631, 35.56908102405251, 72.04121909107499, 29.16434457846896, 35.98905496299531, 36.72656439939885, 32.85959733021564, 61.738600364084085, 68.81924077464645, 51.802965882550815, 23.71136739227736, 16.61103710856728, 58.291627670311094, 35.343026497819494, 38.11717215451725, 55.857178969899586, 28.160796154573784, 81.17425727766226, 71.48421455031335, 72.56514847003417, 42.15171064173423, 30.21176083393856, 39.19002838198836, 70.2395697391659, 16.299965503966767, 40.55581960183056, 20.365262565046912, 38.10089406358257, 17.967851892660107, 64.91493821808986, 20.051720166311043, 31.360406554848822, 70.4650119393115, 49.171937910439546, 61.69185283989703, 77.89642091854188, 18.010395991339387, 44.42134399371894, 25.363522693686633, 67.91933269939398, 11.395272418526856, 38.775240271896166, 30.356491635971178], [59.96047330023983, 65.78617329599119, 53.608111600172386, 85.12150012712178, 37.034706542504196, 72.9033785585145, 47.31947175839674, 95.69149394767236, 82.96493929645445, 94.2273313724498, 104.628379848038, 74.7039772754233, 66.23022277582605, 62.43165625413979, 48.225182804366824, 0.0, 59.231722015764134, 66.37916325821382, 32.01704227045627, 92.02412114582702, 62.07746744346252, 73.47866789297787, 34.30546009626044, 25.055023244835073, 87.4654143927283, 15.075005979182698, 38.45953468750488, 107.0670454594084, 32.18942600961144, 51.215223595752846, 37.39480288642934, 98.20471753948192, 39.80025529753992, 44.15961794952006, 91.37914822273052, 62.39000671387118, 54.047046846472234, 64.24836153132088, 58.34869592705087, 53.583062382305705, 40.632826502829005, 100.44351655048582, 58.29951270240682, 83.51357188219812, 55.66532220673519, 65.5938714382324, 8.886916531958226, 11.661218843454067, 40.67222372347777, 93.20060491886619, 32.51740291594022, 21.47219711796504, 48.89361122420787, 115.20954044190711, 77.28894730661258, 83.99058850055752, 34.23471865017207, 68.38025967093546, 72.30354476678885, 96.95015937205781, 58.02692087952707, 24.582275986668158, 31.709843055242008, 104.89528991615745, 13.53237504213897, 20.99099451424188, 23.95152708572122, 29.49201103087293, 95.26169851568457, 89.37916840385002, 81.74482457809886, 48.456196924435815, 69.37656299119432, 84.8744873344832, 78.54244966856507, 58.67618063056749, 88.36730716039352, 42.28802233972197, 64.63444478152934, 66.17314423652037, 37.54534352322808, 63.738420481148275, 79.52484433456084, 62.349903779250816, 96.05927765794732, 44.85511956934224, 83.68466564730814, 41.016967458968516, 5.938333395506905, 54.4190820231739, 91.19608692078113, 54.42623969007594, 37.69532981289336, 35.7699375601921], [33.20152083909361, 40.05162024464989, 21.434906765521855, 46.175968517986036, 26.60995756621333, 57.32848828918893, 24.927029609955213, 74.44998575352595, 32.26654483927015, 79.36058551627025, 61.11753472831817, 15.476467354436021, 72.87174411034682, 25.90503245995418, 15.084680014797964, 59.231722015764134, 0.0, 41.252249082542306, 37.55422339222814, 73.4460448952099, 47.47056437757447, 21.90513635506213, 68.39499549683232, 46.23141354344405, 32.18539846894855, 54.44565835504618, 20.830432299989578, 67.37881929641523, 30.20582356529024, 15.638999821089259, 59.67244931132001, 71.1526086626766, 53.75950859400913, 30.493032507033323, 90.04947137152907, 3.5136042777964978, 23.451221739608663, 64.74405194937401, 53.9793865608034, 6.451017563406055, 43.54218948234776, 56.25429889465559, 10.597027451190739, 60.5315305452728, 83.44384056931233, 51.22584633781173, 56.632464952824044, 49.31206208009276, 80.80037584002602, 38.59899107397212, 78.27930163740739, 39.87522316312128, 49.97477683352989, 71.78359532198071, 20.831358848139278, 30.625346913887032, 51.78631139717176, 19.008621502296407, 74.92985959623289, 77.13231057508288, 66.04322230056854, 35.8883584215676, 28.255828653077067, 54.748723123430594, 47.47436630334235, 52.24443200764918, 69.93315196914835, 42.9157797388331, 92.90255158372659, 82.73763556948171, 85.54138780505934, 56.83250392263412, 37.35533750311028, 38.64813485770421, 83.44258401393776, 25.103452103089822, 35.52339489503085, 20.79550836584949, 49.58765864170801, 13.13459836211145, 79.63601045721529, 5.029877178984945, 23.12692658484372, 85.32180094029088, 45.70831784867956, 76.76225658279228, 91.2304942213924, 33.030587796193025, 54.5609336732115, 38.07363465874543, 77.9016042622595, 4.81930549191356, 53.85843142822656, 45.438995047873135], [8.797453130905396, 1.2011713034177778, 21.486742662460216, 20.626553183195277, 33.92862748033388, 16.292655575516065, 60.53731636716366, 34.616784557188765, 30.505253659526986, 38.29731699758164, 39.84385967893602, 46.7360311587609, 37.619224768882226, 66.63177560737313, 31.840089225107405, 66.37916325821382, 41.252249082542306, 0.0, 34.46064218468562, 32.81303008291884, 10.129506391896758, 29.104928461256165, 52.770553817080405, 41.914541805978764, 39.677159721736075, 53.329365725254725, 41.84939347884899, 40.94919236379536, 54.99143525828154, 53.154760373812124, 41.39418015734421, 33.82423401107395, 34.297748852431155, 23.398603808179033, 49.60061748047102, 40.349740896516224, 62.1500790707989, 28.66622445795067, 19.919877611716768, 43.665342371676395, 27.147018745974915, 36.4261561992733, 51.356019310029296, 20.467847501897925, 57.41458841914733, 11.893198423905847, 58.94199778656694, 62.63314047258935, 63.999072321659305, 41.91999015812107, 66.53940979779854, 58.122262956479496, 23.757920084868758, 49.74984099760465, 37.4929224301621, 34.727773596788474, 37.20704491453925, 59.99870613631974, 37.29040708916801, 36.97993301542731, 33.94642912862369, 44.97781205072301, 41.736720482636066, 44.7664813293791, 53.18995325114459, 47.73149897924768, 61.866278217952996, 37.14338055155185, 52.15439483415243, 41.73774375405167, 46.813300934317446, 30.368802281698212, 6.886458145728809, 26.267607968560085, 45.362708794645215, 16.308930051698848, 36.21728525196641, 52.06324794610806, 10.583740373195967, 31.605591470065793, 64.6675579150397, 44.4542545316048, 38.14947922916836, 55.83436304061862, 38.03440712272639, 55.73368577304554, 53.190991928055176, 25.824631203101035, 65.00693198702045, 12.01058053863104, 36.6843644059487, 40.38910393201934, 36.02923014548067, 32.31467624169535], [27.99537671300309, 33.82070314463524, 23.661907483585704, 53.19113283682436, 11.1054497625115, 42.92683957299296, 40.96690627593984, 65.62710300708271, 53.08378491083304, 65.75909042016937, 72.74973435052878, 51.783943688027506, 44.59918536810269, 53.50037072927332, 22.775067885602706, 32.01704227045627, 37.55422339222814, 34.46064218468562, 0.0, 62.43741647041892, 31.344108922177043, 44.77812625224946, 30.858249076281076, 9.497848443941653, 59.08809857736523, 20.372205067803975, 20.78085353666719, 75.05006899274109, 28.297151202203448, 38.446908147453826, 23.020012115518238, 67.11388785189325, 18.715029909649576, 12.501096227765379, 67.76202340301734, 39.6427931023955, 45.897751988432745, 39.21962969492508, 30.339300861254276, 34.39280078730833, 11.761114024346591, 68.66884887183008, 42.17194323417039, 52.59333589852902, 47.56612766566394, 35.276075812894135, 25.17459821616956, 28.70916750447618, 43.24620163603478, 64.16909334050801, 41.20266130692153, 26.511715013091415, 21.535996483445317, 83.2534058572822, 50.41415873214433, 54.97260876141079, 15.006497218330358, 53.51495132148871, 49.16368409784344, 67.26695519711559, 36.208137598143594, 12.447415560756943, 14.394456999078793, 73.95884453501438, 18.729423170394128, 16.069844097973807, 33.533595791427956, 5.385736760245709, 71.40542397010799, 63.451053517003494, 59.9339951498123, 25.269987632332555, 37.39571226025272, 53.80015758936446, 57.06273578009196, 27.706997907424586, 58.86684995022839, 31.87090486717708, 34.060211096654534, 39.28897138437237, 42.14415396227635, 42.582569975312865, 52.396641032523355, 50.94913240817218, 65.43205373831468, 39.710625767475136, 63.9418781148397, 9.098093110601745, 30.59246168644701, 22.6184581766483, 63.053154612090914, 33.23969237393457, 17.971532384564348, 9.8363906925933], [41.569184036725694, 33.98343660192912, 54.29743843409248, 33.906273326442275, 65.15253368852899, 19.514809776760593, 93.31594163123827, 4.686453542603327, 53.204475071523916, 6.994264860137924, 40.67081426506905, 76.2021119479822, 35.44086362931794, 99.1584737910111, 64.61770931938202, 92.02412114582702, 73.4460448952099, 32.81303008291884, 62.43741647041892, 0.0, 31.28147390055535, 57.13409435346064, 67.86356319550836, 67.110017346774, 62.31891584109519, 77.31362782625833, 74.10655345892049, 34.79874696800726, 86.8061996308029, 85.94864289519556, 58.11500666727431, 13.024552422814732, 53.13709703010782, 54.10172537975879, 26.922363984780407, 72.09621473757812, 94.93631353965957, 30.978866662126123, 33.7534623140244, 76.34480651405994, 51.73038255403476, 41.03640517586229, 83.80390600314928, 13.000022831486719, 61.206112735402435, 27.197345153464497, 83.51632322039887, 91.02807088570147, 75.37950639658489, 61.3588871721433, 81.4257697742661, 88.37977460003704, 43.15264992543513, 44.550129043795906, 64.94968913132077, 58.05546936864404, 58.26868166643707, 91.70307379871952, 29.828689250684498, 4.931993559339648, 39.41981409336957, 74.47123012314768, 72.82479649541095, 53.68902078511553, 80.15358183991306, 71.28267680325526, 80.20249538626247, 63.11312583201232, 27.293579857124882, 17.715416205740976, 31.663319899586657, 45.07057837451378, 36.123620621559084, 45.30805135735568, 32.698269580987635, 48.99732603760027, 56.90862889482883, 84.71859094381662, 28.520094660017758, 62.352416325277964, 77.43026226434729, 76.10675490857138, 64.7368887203096, 55.685504194631115, 52.269914589332814, 65.30666469948409, 38.001377049799835, 55.45193660865358, 92.13085264719676, 41.372514917571735, 7.949492677807515, 73.01376654164321, 55.31422720811007, 56.326303468673096], [14.662989887793385, 10.794121874785402, 26.22717700349407, 29.66157820699922, 34.12140630889719, 11.860725455565232, 63.8022702767596, 34.300006929361395, 40.58265141004245, 35.30328587477124, 48.01799954701677, 55.023760819910535, 27.814