instance_id,num_cities,city_coordinates,distance_matrix,best_route,total_distance
2090,23,"[[53.833102968499155, 87.37500582905852], [85.65902680411975, 63.52153299884047], [40.778948837023584, 67.45137742195787], [91.60851878325809, 8.347154365584775], [53.14666424758815, 1.36616805649169], [19.451838907445797, 29.718443288896733], [10.020979029925803, 90.16916903445656], [49.576677997506465, 42.43774605349514], [88.28142949811298, 57.82633950215333], [89.10182856721127, 74.12145947297458], [48.24184246710534, 91.51256935009819], [35.19594678065749, 59.94097647675775], [33.927099377983815, 94.28534962263087], [62.11290834704513, 34.442600400918145], [25.93015134801813, 46.419514357804346], [10.057804300595985, 52.8707350599618], [64.2520650227488, 36.191153678152354], [49.656461677543774, 8.673066421090581], [58.28305447540563, 70.3651309195443], [71.98784890418952, 0.2634786918718435], [38.216042592051465, 47.903549470363195], [36.0184988059585, 93.85433201202747], [94.19095327336815, 48.69574147782719]]","[[0.0, 39.772824818620485, 23.819359961857682, 87.59214203860304, 86.01157697138964, 67.12935663615038, 43.901133835327215, 45.13839241344508, 45.385139444422514, 37.676776618629646, 6.95569018035484, 33.165788958999684, 21.07135093654352, 53.57606481924203, 49.55731016496838, 55.738868617610706, 52.23352842086887, 78.81268678993739, 17.58231818763216, 88.98321729496118, 42.44865653796363, 18.956312649176205, 55.90028239626925], [39.772824818620485, 0.0, 45.05180435368308, 55.49422053129222, 70.14515742461427, 74.33734326113623, 80.19483011627315, 41.790692353188184, 6.269946160388498, 11.145013469574419, 46.72840463494926, 50.58994791914876, 60.18807795971888, 37.41662752612934, 62.12903994790879, 76.34778543456338, 34.71610068140968, 65.60898552503225, 28.21841054068749, 64.7184868478469, 49.94755409869784, 58.17439914524798, 17.105492202833883], [23.819359961857682, 45.05180435368308, 0.0, 77.9548225834467, 67.23254629533389, 43.34304945707242, 38.23808000414318, 26.515689555781, 48.46779367698563, 48.78104857406695, 25.191977658308602, 9.358206789714092, 27.69494367345482, 39.30289033646201, 25.745408344378614, 34.00564443318947, 39.09205510051035, 59.4449331595913, 17.744961922876453, 74.08244852302498, 19.715122775312945, 26.828676739331456, 56.60932871512308], [87.59214203860304, 55.49422053129222, 77.9548225834467, 0.0, 39.09025996550521, 75.25502269579177, 115.54812299416486, 54.11879600906322, 49.59091937935971, 65.82205335751256, 93.79314934608121, 76.44802652775255, 103.50130215917737, 39.38227188454002, 75.91543021241169, 92.91322979254019, 39.03413711188128, 41.953323039647756, 70.40465884571434, 21.220662074995843, 66.44896468353667, 101.98886091204704, 40.43114455280637], [86.01157697138964, 70.14515742461427, 67.23254629533389, 39.09025996550521, 0.0, 44.0362664806719, 98.72080686555053, 41.226439586625844, 66.49964427636432, 81.15482900202826, 90.27973716668785, 61.263663284596696, 94.88606840152072, 34.27016063409198, 52.63594387259019, 67.15184490203116, 36.55283231058588, 8.097671127584913, 69.18987917860048, 18.87342478457465, 48.87383074694406, 94.06080226779859, 62.64760316147261], [67.12935663615038, 74.33734326113623, 43.34304945707242, 75.25502269579177, 44.0362664806719, 0.0, 61.18195290438436, 32.69994790545648, 74.34760500792251, 82.59993284409448, 68.17168268887652, 34.07753578260445, 66.16961960899518, 42.921841830813584, 17.91352301827804, 24.985525818906016, 45.26539781958681, 36.813409570317056, 56.21402420952269, 60.229787362981334, 26.13031623896999, 66.24097253587689, 77.11078434793673], [43.901133835327215, 80.19483011627315, 38.23808000414318, 115.54812299416486, 98.72080686555053, 61.18195290438436, 0.0, 61.99146764355006, 84.68032079319968, 80.69268706461858, 38.244465302728365, 39.33856411405605, 24.25789629647007, 76.28249833119143, 46.552487024573374, 37.298452153545256, 76.51559860424784, 90.6233205410059, 52.16730635141212, 109.19215227291137, 50.80693069266218, 26.257407729562157, 93.83298864171775], [45.13839241344508, 41.790692353188184, 26.515689555781, 54.11879600906322, 41.226439586625844, 32.69994790545648, 61.99146764355006, 0.0, 41.651729820642366, 50.65664046900009, 49.092973707915014, 22.65322285197142, 54.1579477715956, 14.868739872047499, 23.97942245789426, 40.87283496261811, 15.949510984489198, 33.76477389402328, 29.253030899914414, 47.7590767173973, 12.607102910959528, 53.17414347802199, 45.051038446647645], [45.385139444422514, 6.269946160388498, 48.46779367698563, 49.59091937935971, 66.49964427636432, 74.34760500792251, 84.68032079319968, 41.651729820642366, 0.0, 16.315758931046844, 52.32523875704923, 53.127583841914266, 65.44961895819613, 35.09402732073538, 63.38609900304836, 78.38044114719618, 32.33406288620326, 62.51345770089457, 32.5134402088095, 59.82444076825557, 51.039246938690525, 63.47779272174238, 10.87613403430348], [37.676776618629646, 11.145013469574419, 48.78104857406695, 65.82205335751256, 81.15482900202826, 82.59993284409448, 80.69268706461858, 50.65664046900009, 16.315758931046844, 0.0, 44.40708464714877, 55.73984382102182, 58.74379292378042, 47.987640824597825, 68.97868196660349, 81.85078533733859, 45.345549350563836, 76.4161574677396, 31.046849127134728, 75.81483776259145, 57.24283378043753, 56.632377287064436, 25.930027494076786], [6.95569018035484, 46.72840463494926, 25.191977658308602, 93.79314934608121, 90.27973716668785, 68.17168268887652, 38.244465302728365, 49.092973707915014, 52.32523875704923, 44.40708464714877, 0.0, 34.160808989566384, 14.580815482931637, 58.73148920728985, 50.31098457724309, 54.325059852777, 57.59154676017522, 82.8515805101846, 23.410256102180973, 94.28822496824964, 44.74665661259791, 12.445641109372582, 62.80606286760778], [33.165788958999684, 50.58994791914876, 9.358206789714092, 76.44802652775255, 61.263663284596696, 34.07753578260445, 39.33856411405605, 22.65322285197142, 53.127583841914266, 55.73984382102182, 34.160808989566384, 0.0, 34.36780383606499, 37.07681219402955, 16.391610745555553, 26.1134930838379, 37.527484464903154, 53.26823718276257, 25.331354830643484, 70.10740191828978, 12.41050472963434, 33.92332936926941, 60.05719025442453], [21.07135093654352, 60.18807795971888, 27.69494367345482, 103.50130215917737, 94.88606840152072, 66.16961960899518, 24.25789629647007, 54.1579477715956, 65.44961895819613, 58.74379292378042, 14.580815482931637, 34.36780383606499, 0.0, 66.14827633168696, 48.5292629595122, 47.80076931248965, 65.53273337647103, 87.04525187126266, 34.13780033205303, 101.4333912861878, 46.579678178991266, 2.135351902610694, 75.56549779575981], [53.57606481924203, 37.41662752612934, 39.30289033646201, 39.38227188454002, 34.27016063409198, 42.921841830813584, 76.28249833119143, 14.868739872047499, 35.09402732073538, 47.987640824597825, 58.73148920728985, 37.07681219402955, 66.14827633168696, 0.0, 38.1134933059316, 55.22073889670883, 2.7628662375392072, 28.62222816566905, 36.1261121564408, 35.57705456904682, 27.427310162726172, 64.88969149509373, 35.10203693311074], [49.55731016496838, 62.12903994790879, 25.745408344378614, 75.91543021241169, 52.63594387259019, 17.91352301827804, 46.552487024573374, 23.97942245789426, 63.38609900304836, 68.97868196660349, 50.31098457724309, 16.391610745555553, 48.5292629595122, 38.1134933059316, 0.0, 17.133290674641444, 39.66343946112793, 44.58398965651233, 40.250501776897075, 65.20499315674061, 12.37519631664575, 48.49573878519153, 68.29874295617597], [55.738868617610706, 76.34778543456338, 34.00564443318947, 92.91322979254019, 67.15184490203116, 24.985525818906016, 37.298452153545256, 40.87283496261811, 78.38044114719618, 81.85078533733859, 54.325059852777, 26.1134930838379, 47.80076931248965, 55.22073889670883, 17.133290674641444, 0.0, 56.70296579803458, 59.34212314341612, 51.300376615720424, 81.25794636330053, 28.59299418318945, 48.51404825749059, 84.236674480214], [52.23352842086887, 34.71610068140968, 39.09205510051035, 39.03413711188128, 36.55283231058588, 45.26539781958681, 76.51559860424784, 15.949510984489198, 32.33406288620326, 45.345549350563836, 57.59154676017522, 37.527484464903154, 65.53273337647103, 2.7628662375392072, 39.66343946112793, 56.70296579803458, 0.0, 31.14926585487731, 34.691350613798086, 36.75105688521303, 28.54916249568755, 64.20417740990197, 32.44536555076627], [78.81268678993739, 65.60898552503225, 59.4449331595913, 41.953323039647756, 8.097671127584913, 36.813409570317056, 90.6233205410059, 33.76477389402328, 62.51345770089457, 76.4161574677396, 82.8515805101846, 53.26823718276257, 87.04525187126266, 28.62222816566905, 44.58398965651233, 59.34212314341612, 31.14926585487731, 0.0, 62.29228624301323, 23.862355735380007, 40.864581107983504, 86.26611176447254, 59.876000704753814], [17.58231818763216, 28.21841054068749, 17.744961922876453, 70.40465884571434, 69.18987917860048, 56.21402420952269, 52.16730635141212, 29.253030899914414, 32.5134402088095, 31.046849127134728, 23.410256102180973, 25.331354830643484, 34.13780033205303, 36.1261121564408, 40.250501776897075, 51.300376615720424, 34.691350613798086, 62.29228624301323, 0.0, 71.4287269618097, 30.119887236257608, 32.36437867657933, 41.939714291605746], [88.98321729496118, 64.7184868478469, 74.08244852302498, 21.220662074995843, 18.87342478457465, 60.229787362981334, 109.19215227291137, 47.7590767173973, 59.82444076825557, 75.81483776259145, 94.28822496824964, 70.10740191828978, 101.4333912861878, 35.57705456904682, 65.20499315674061, 81.25794636330053, 36.75105688521303, 23.862355735380007, 71.4287269618097, 0.0, 58.39615779624746, 100.26485910668802, 53.27909460751444], [42.44865653796363, 49.94755409869784, 19.715122775312945, 66.44896468353667, 48.87383074694406, 26.13031623896999, 50.80693069266218, 12.607102910959528, 51.039246938690525, 57.24283378043753, 44.74665661259791, 12.41050472963434, 46.579678178991266, 27.427310162726172, 12.37519631664575, 28.59299418318945, 28.54916249568755, 40.864581107983504, 30.119887236257608, 58.39615779624746, 0.0, 46.003300043400294, 55.980516199460595], [18.956312649176205, 58.17439914524798, 26.828676739331456, 101.98886091204704, 94.06080226779859, 66.24097253587689, 26.257407729562157, 53.17414347802199, 63.47779272174238, 56.632377287064436, 12.445641109372582, 33.92332936926941, 2.135351902610694, 64.88969149509373, 48.49573878519153, 48.51404825749059, 64.20417740990197, 86.26611176447254, 32.36437867657933, 100.26485910668802, 46.003300043400294, 0.0, 73.64328046603039], [55.90028239626925, 17.105492202833883, 56.60932871512308, 40.43114455280637, 62.64760316147261, 77.11078434793673, 93.83298864171775, 45.051038446647645, 10.87613403430348, 25.930027494076786, 62.80606286760778, 60.05719025442453, 75.56549779575981, 35.10203693311074, 68.29874295617597, 84.236674480214, 32.44536555076627, 59.876000704753814, 41.939714291605746, 53.27909460751444, 55.980516199460595, 73.64328046603039, 0.0]]",Route_0,1195.950409582208
