instance_id,num_cities,city_coordinates,distance_matrix,best_route,total_distance
100,79,"[[71.96592751822978, 98.31118074866657], [46.856174687941134, 90.88013313875855], [10.559561103820903, 56.89986282565508], [85.74413470335885, 40.82385438976704], [26.395847261725038, 3.1809939078015104], [44.21127173225433, 75.59070933255447], [33.8342904650488, 53.69497916024151], [17.643936000010253, 39.31807161315736], [53.55319434848494, 9.218198368893294], [13.746428188441328, 65.84755293063974], [43.83341044577504, 93.28515594638782], [18.437491923019287, 78.39457015848366], [36.9925080464949, 43.81676766222245], [76.87440606233473, 41.17605231009617], [79.80425731899096, 18.36108965507346], [98.31300687076725, 86.38631608864843], [23.60046055410322, 7.126156939298022], [55.768338266318985, 60.742812361192044], [7.431792156088823, 64.64233889330036], [78.81734922874038, 32.13823024019319], [33.36779313426963, 82.68793077241054], [26.69881705508771, 11.880563234476993], [61.78485074745552, 17.258659220286944], [88.13477309522335, 64.62807747773275], [5.693857345701703, 28.639255803006115], [11.435060451682666, 16.950762364832507], [19.419367310430523, 44.48525962249457], [50.557615635451405, 16.13966257409164], [17.973530721060705, 42.4608060892434], [55.231073721156086, 21.529856551484794], [3.7926112310318616, 39.04538982045563], [44.0544648472896, 94.35581181218726], [38.922206326790764, 50.72875403041369], [77.62360335025343, 98.57835631251916], [19.439682434418582, 62.69067750522434], [91.56268989311287, 2.058165112741539], [29.94788431301626, 93.16301943912416], [44.70288952618184, 86.7615958896607], [90.1859561648438, 21.519088498322958], [70.26579042617803, 3.9323809238383522], [19.320020752438605, 82.6841689376547], [90.90869234066207, 97.71515557182468], [15.673407439113262, 30.540911675782713], [63.350512962630155, 2.5186606498262987], [98.01979866898142, 90.60891946699516], [69.03390807012225, 77.50015923108657], [5.9941770903820135, 4.327390879867366], [32.15337348323648, 68.91211880128493], [74.42213816652938, 49.13122450721934], [57.42383657770057, 58.445587668403284], [29.09644007437696, 21.73335065781199], [0.0025549751224818174, 48.44496107436822], [89.92499680900623, 67.452818341389], [48.56174966684903, 37.06106905227018], [94.54165741418416, 69.2753684142181], [35.05043612605998, 73.17013139738717], [51.286663013788015, 92.2104284843023], [26.111087536894985, 89.90917313366256], [43.1412347649747, 47.23845696608162], [53.38161200562023, 30.002568520023697], [3.512544651142091, 44.702662101612745], [38.56359363854212, 35.74046597680886], [50.450263145994846, 98.43110854015337], [24.616175209235745, 88.28997749426479], [85.59914792653205, 1.092972772072287], [51.26562342371146, 19.79689850068843], [55.92665417465139, 86.97235279901405], [11.75229879929508, 54.95926200308101], [36.610244355608636, 25.59413152015706], [39.35659321733825, 4.0437153054410535], [22.481810065160147, 16.768056181802915], [13.373779367112848, 60.69077274631154], [86.75562987198117, 97.80525537139242], [7.916358522786348, 3.2075836553202675], [90.34314200457302, 39.38053674177204], [12.308863259205527, 9.613732317270207], [0.09011231507235484, 5.490850870897046], [52.46772960468105, 15.099857377023095], [53.74442412573086, 20.547043577302347]]","[[0.0, 26.18625891147699, 74.06510033977794, 59.11540987873608, 105.48167927636618, 35.86838077148657, 58.69094639324286, 80.1939255054871, 90.9757563975305, 66.65881212051865, 28.577953778132517, 57.113613041652194, 64.7516882187788, 57.34558451450186, 80.33340824301766, 28.920079314702033, 103.21786164115747, 40.91141895449987, 72.78904820658663, 66.52669658454509, 41.64014790731213, 97.567222639401, 81.68944589309467, 37.36285606391805, 96.15697796096876, 101.40761089494477, 75.22214284871684, 84.91451122620212, 77.68167905948539, 78.5838856069243, 90.33291220779243, 28.190329757825683, 57.93077629874695, 5.66398080877615, 63.465161103716405, 98.22767489148495, 42.33225153076859, 29.608548613048, 78.9239816283284, 94.3941116940393, 54.91625440007613, 18.952139328566783, 88.10026780361575, 96.17916757204522, 27.168530155146478, 21.016549541950475, 114.82693330668043, 49.49085069156969, 49.241253707226875, 42.43510245732603, 87.76079429404936, 87.5520807998498, 35.70387514332011, 65.56928948616185, 36.779640811954636, 44.66347352377364, 21.56040720013912, 46.61823765090659, 58.64542630838123, 70.79154813729757, 86.94675898203228, 70.92820493760787, 21.515998606939686, 48.39859045870156, 98.16946908729663, 81.19726046191896, 19.642487333885327, 74.1961585422424, 80.85662360250474, 99.74830186342531, 95.38322202691747, 69.62998580515504, 14.798353158373047, 114.66054887621817, 61.72959432350417, 106.89341735694283, 117.39568326704516, 85.46522134257967, 79.87042140798808], [26.18625891147699, 0.0, 49.72024666296943, 63.38694247522487, 90.05422821966084, 15.51650708022656, 39.39930386593695, 59.262138654713844, 81.93608278830175, 41.507654536688065, 3.8628018806217512, 31.04047056711088, 48.08588451501739, 58.065393013987524, 79.65292095617772, 51.65268598990173, 86.92270571659967, 31.427452383190506, 47.357193591732404, 66.8739697802659, 15.781274237165503, 81.5306758944155, 75.11981623259014, 48.91925094376732, 74.62079589837813, 81.9768698888089, 53.900488751594395, 74.83206936411518, 56.37941427902106, 69.85413227968633, 67.38925071909911, 4.464293927613946, 40.92775462027898, 31.715884135926295, 39.323141486947044, 99.43849609585335, 17.06170722006371, 4.647470931599171, 81.78278838758578, 90.04399882412525, 28.73001223016564, 44.57961241648257, 67.92044331460608, 89.88778012350846, 51.16434281537321, 25.901265601145706, 95.71353112385404, 26.434182741225637, 50.0285290052333, 34.11268411727253, 71.39107577990102, 63.21396608604655, 49.02818085051695, 53.84608291374795, 52.35141948063653, 21.284257672535006, 4.625895860462149, 20.76779728897593, 43.799505451455126, 61.22629505445513, 63.33268584351486, 55.759750673684366, 8.362697014527347, 22.39032119187929, 97.78932529718777, 71.21986720546676, 9.876454085476489, 50.22540279133079, 66.08510494596379, 87.15966489355446, 78.01736730778597, 45.08290449078534, 40.49597315684782, 95.93114830909711, 67.404189450288, 88.30483921865691, 97.35704451185636, 75.98776048225305, 70.6695936565156], [74.06510033977794, 49.72024666296943, 0.0, 76.88405656945451, 56.00450729261494, 38.49396538893197, 23.49434625920114, 18.95541479128378, 64.20275402927744, 9.498277740194665, 49.30556363649748, 22.892886172696326, 29.493525783291027, 68.15348031466132, 79.24686108247272, 92.57493273021097, 51.45373510381874, 45.37181717389212, 8.350381682800915, 72.61035799391026, 34.427313237911314, 47.824814880360464, 64.77233454459173, 77.95921252308555, 28.676418576076948, 39.95869275560702, 15.251837224105218, 57.1072525242008, 16.23124471267285, 56.97878011466708, 19.093816194627916, 50.24795211016997, 29.026233441608653, 78.9600062168555, 10.601419220993519, 97.82187220498905, 41.12084148503298, 45.35956324021569, 87.13301316043017, 79.81471016619167, 27.23189480980639, 90.12142371528898, 26.85043258613054, 75.7904990631905, 93.73149766542403, 61.996947224254754, 52.770328193794654, 24.71005922092168, 64.3333544159874, 46.88975987335794, 39.7529805174417, 13.525374006854285, 80.06395727661084, 42.86891734068918, 84.88901954467188, 29.402799165236406, 53.90299506630854, 36.48923870689729, 33.983940644741644, 50.568690752283096, 14.086594563161979, 35.099087070929464, 57.5856968353734, 34.39371598151346, 93.5165684142435, 55.0782486222153, 54.42910790096758, 2.277839933529177, 40.72698012935666, 60.19170531913493, 41.86528304927235, 4.7213157551658735, 86.48174394080564, 53.75730054968866, 81.68443283625274, 47.31847626970716, 52.46423418010295, 59.190666853838955, 56.448736580410106], [59.11540987873608, 63.38694247522487, 76.88405656945451, 0.0, 70.27947187849033, 54.1637601094068, 53.481751857084234, 68.11684406375487, 45.112904289580406, 76.2224063650097, 67.1468314130304, 77.08270133910673, 48.843409294875066, 8.87671839930094, 23.234843293371245, 47.26430432813633, 70.69208619238937, 35.99046066254567, 81.8544024429109, 11.109474509581718, 67.05133889441517, 65.75761278426347, 33.60603682458399, 23.923966827060596, 80.97228752948958, 78.04974720633064, 66.42575297280636, 42.98139655373323, 67.7903708132055, 36.101319132232064, 81.97081880559483, 67.85056402259202, 47.85812380141697, 58.3225987229817, 69.8171779997364, 39.19992665323627, 76.5023513082157, 61.60081086969722, 19.809183830212977, 40.00699883833149, 78.51400415348164, 57.1252379056457, 70.82122372706768, 44.37073542461554, 51.27616045045419, 40.3036352076029, 87.70431909547581, 60.50553929850981, 14.042791882254683, 33.35513108458068, 59.777994609372556, 86.07961292542845, 26.95517258492737, 37.372293353490505, 29.780615442448834, 60.13428898473589, 61.87000365613968, 77.23644755261292, 43.08310816749454, 34.123790868488726, 82.32301957400074, 47.453601474765385, 67.55925621448856, 77.39289550395753, 39.73114616122633, 40.38441053206088, 54.94329850407711, 75.32995107424694, 51.440097583401446, 59.19951550629149, 67.68163078746798, 75.0477366512816, 56.9903779624677, 86.4415789373406, 4.8201694980192435, 79.7922979482145, 92.65545147997263, 42.05999475276917, 37.883116737887896], [105.48167927636618, 90.05422821966084, 56.00450729261494, 70.27947187849033, 0.0, 74.56913729525668, 51.05872250039947, 37.18177424244111, 27.82030442852438, 63.9304733492129, 91.77596976591178, 75.63344149325935, 41.99470595691754, 63.17997595425621, 55.523810853915705, 109.97819550006716, 4.835131662140702, 64.6227991615656, 64.32054347932791, 59.88768992445591, 79.81203567659841, 8.704843316529203, 38.08624723392159, 87.1059070461029, 32.81303834160986, 20.333019090528182, 41.88930219925826, 27.41747881458639, 40.172615808788194, 34.17822472398806, 42.392937775516664, 92.86912401294151, 49.170104373536, 108.28176091864592, 59.91486185388423, 65.17651511892211, 90.0521065046973, 85.56205247726689, 66.37366727161205, 43.87637742225541, 79.81743018048748, 114.44918043262082, 29.38597992274929, 36.96060067707603, 113.02049629502133, 85.68163492750566, 20.433853571899487, 65.98279994024283, 66.46764859849164, 63.37910889651761, 18.747883681082687, 52.39687587425479, 90.37046120399471, 40.486870973543084, 94.93322802227601, 70.52220412711726, 92.44345801523535, 86.72864670876608, 47.132452235860875, 38.04771167221306, 47.409856232269554, 34.75878699412589, 98.2405174101276, 85.12758847597698, 59.24011007645741, 29.909765157674318, 88.84289719366721, 53.809130809911565, 24.630928639049007, 12.989427390608462, 14.139587985994703, 58.96565877106967, 112.23659926373124, 18.479507868642905, 73.48240201787868, 15.486227485475425, 26.406952309448837, 28.667095341225036, 32.39636303059349], [35.86838077148657, 15.51650708022656, 38.49396538893197, 54.1637601094068, 74.56913729525668, 0.0, 24.230244323957415, 44.96140094606042, 67.02672399714135, 31.98493065212393, 17.698480729193065, 25.925843499992673, 32.583644952959155, 47.44732829399686, 67.39502942655908, 55.1683140056865, 71.49965364832444, 18.815574169952683, 38.37443072110268, 55.54906424922829, 12.959613430627664, 66.07320776728031, 60.9217428321253, 45.27088765605434, 60.72915444465492, 67.17829564886205, 39.776720912185716, 59.78882037316492, 42.26120611484752, 55.172564189922255, 54.49062758818688, 18.765757631129443, 25.41832083968014, 40.55632894908786, 27.929240188139396, 87.45965847911384, 22.632505454605113, 11.181699089451604, 70.97472640536971, 76.24797685646112, 25.882263125726972, 51.67339947083898, 53.32817236067456, 75.53697673037698, 55.8650535374549, 24.895969024664318, 80.86412603716755, 13.78392112818522, 40.159691083619485, 21.645486057690366, 55.93811955604006, 51.877762922172465, 46.43242326410445, 38.77447405687795, 50.72505548352432, 9.475236490132428, 18.063117850187894, 23.07888804794501, 28.372437212257783, 46.501330340888636, 51.09263985902221, 40.24845541585843, 23.677179938143237, 23.350358018442552, 85.22246797944698, 56.23800498709762, 16.333768510947717, 38.4609092816514, 50.571072859210986, 71.71150715051937, 62.7078466225347, 34.24848968413381, 47.99487957306479, 80.97306717476556, 58.64576757001559, 73.28523154399258, 82.8291426048875, 61.05171796849922, 55.8631017249594], [58.69094639324286, 39.39930386593695, 23.49434625920114, 53.481751857084234, 51.05872250039947, 24.230244323957415, 0.0, 21.652322007604607, 48.65202153997134, 23.477803561852216, 40.83337480967348, 29.105518391265374, 10.37079556694428, 44.82382268511941, 57.98035529484073, 72.2926578533096, 47.68004276101275, 23.0385417458837, 28.582102828162117, 49.881549692644214, 28.99670434627354, 42.41886797165963, 45.92209959123366, 55.39020719125194, 37.678551579098134, 43.033277508222625, 17.10581607283055, 41.11047808820721, 19.436315089173988, 38.63181908925834, 33.4232398044225, 41.92559214075513, 5.88942945767988, 62.705832803272365, 16.974313802608073, 77.45275118097612, 39.65892530356893, 34.80700486226827, 64.89066317298035, 61.67309277679719, 32.41970310229986, 72.07817478797526, 29.426663306542004, 59.07810903207883, 74.04335522089522, 42.49352512735035, 56.676544401849654, 15.309696951761007, 40.84361930059044, 24.063145409500045, 32.31087932650092, 34.23666187236041, 57.753315723847265, 22.216773393559226, 62.67481895627941, 19.513087016891916, 42.28504634281818, 37.02857961918077, 11.327219034061375, 30.715274723746063, 31.62704594624789, 18.566928991108643, 47.7222361172458, 35.80206081499397, 73.80089121459628, 38.117335178594594, 39.94316124910294, 22.11815469321786, 28.237626637055637, 49.957420170250565, 38.632582775235115, 21.62345121130434, 68.89401013185224, 56.75135505901238, 58.29368374075932, 49.056093807243, 58.84137611539117, 42.857770353015795, 38.6678038657086], [80.1939255054871, 59.262138654713844, 18.95541479128378, 68.11684406375487, 37.18177424244111, 44.96140094606042, 21.652322007604607, 0.0, 46.85591963090964, 26.81424893812779, 59.98612142133691, 39.084555384011104, 19.864679871064645, 59.25960408300171, 65.59802313538405, 93.39656649553993, 32.73834991462692, 43.73201989713972, 27.305794168364045, 61.59331626235027, 46.13224866264441, 28.89303959350341, 49.34610450542125, 74.8969592924086, 16.02627489316519, 23.213070856412312, 5.463697306939585, 40.25604243746145, 3.1599703586147965, 41.583813162680244, 13.854008561271547, 61.04644854706035, 24.14473982727979, 84.31691312005701, 23.441489104631867, 82.77851659415505, 55.23283036809005, 54.61753346414204, 74.69369778982211, 63.41298501733655, 43.39847528721601, 93.69068222897472, 8.995638908691546, 58.679534975049236, 95.34689493290723, 64.02187941813419, 36.87905395792433, 32.9595419423992, 57.61998100472052, 44.13957816307964, 20.98528676598794, 19.862488154872043, 77.56362372359555, 31.000084878871125, 82.52696038458429, 38.06505219060179, 62.68520157348244, 51.2947580967747, 26.69915257922383, 36.931830230305856, 15.122500989691824, 21.22336772999557, 67.60625884887996, 49.4657425418714, 77.968384678594, 38.87793802279189, 61.12689282287865, 16.714012855047436, 23.410839034855243, 41.42124691943629, 23.063135550583173, 21.79510475764243, 90.53826204330728, 37.397768705211426, 72.69923284042376, 30.17964171680743, 38.11059680859764, 42.41719582678712, 40.6890247663685], [90.9757563975305, 81.93608278830175, 64.20275402927744, 45.112904289580406, 27.82030442852438, 67.02672399714135, 48.65202153997134, 46.85591963090964, 0.0, 69.2203902777237, 84.62699070303542, 77.57888224771925, 38.357754469444906, 39.562398111457554, 27.797675589019697, 89.20963630370794, 30.025703973433163, 51.572208694529515, 72.10422382261655, 34.11166051066611, 76.19220433629201, 26.98602909828757, 11.506918691531073, 65.3156971291976, 51.64972033036661, 42.82207081517964, 49.08038057848654, 7.541893566593317, 48.69274516691102, 12.42546604334049, 58.015316788561194, 85.66585717166802, 44.01354384526588, 92.54524524373025, 63.42742088479167, 38.67800185876062, 87.20059430063348, 78.04682180916426, 38.64286656383529, 17.528569072190958, 81.0503485869565, 96.05802758968673, 43.468797534176225, 11.868919819270735, 92.74550329080435, 70.01484611507323, 47.809832884577666, 63.413850771368764, 45.03956562400878, 49.37932490944057, 27.472929702507628, 66.38079458433408, 68.65987895101605, 28.28674544554533, 72.7111943124389, 66.57478351386867, 83.02317401677777, 85.22970511944379, 39.42015938787823, 20.785078375593955, 61.3450388257344, 30.465042401240897, 89.26685568156138, 84.20034044299827, 33.05998233099325, 10.823210115964278, 77.79037114379577, 61.9641813558534, 23.563419553107458, 15.110220337600298, 31.975479265793588, 65.29786597802536, 94.60480110996457, 46.03094908229449, 47.573804815862005, 41.24622763485673, 53.59285642585421, 5.980982059658405, 11.3304590632418], [66.65881212051865, 41.507654536688065, 9.498277740194665, 76.2224063650097, 63.9304733492129, 31.98493065212393, 23.477803561852216, 26.81424893812779, 69.2203902777237, 0.0, 40.71914243452214, 13.395287241328, 32.027109271835876, 67.77775839695686, 81.35478464025701, 87.02497929959418, 59.54245796938076, 42.33083158732652, 6.428621088296032, 73.28399007478707, 25.85722893488366, 55.49955273890557, 68.32693929889122, 74.39833988974893, 38.0696896797913, 48.95138964780207, 22.102710550179573, 61.85416627000577, 23.765696363558103, 60.70448111408213, 28.59081005159745, 41.60886817219887, 29.366611739471576, 71.77464034515307, 6.509916002601696, 100.62035869480962, 31.75880808740562, 37.35906438130909, 88.36296846633431, 83.83273127121828, 17.735178957008536, 83.48388531443388, 35.359187854526475, 80.44323354888081, 87.83579136603774, 56.50211204247578, 62.00667492972555, 18.660310797548487, 62.936296501341, 44.30017035345901, 46.708518570666804, 22.175307308349772, 76.19548014230938, 45.17486318434741, 80.86791072254672, 22.52733693998897, 45.872327586466234, 27.052659159458216, 34.79012943767158, 53.439785774447735, 23.491249018016774, 39.01702687062675, 49.08013444103016, 24.936194990215935, 96.72625799271339, 59.399939263682, 47.1744489498989, 11.06939164289594, 46.29354193595394, 66.89988713001883, 49.85081641910382, 5.1702271723317414, 79.69716604597359, 62.910694346186936, 81.04048070792871, 56.25219261239861, 61.882359738149745, 63.83312453084096, 60.43157971351765], [28.577953778132517, 3.8628018806217512, 49.30556363649748, 67.1468314130304, 91.77596976591178, 17.698480729193065, 40.83337480967348, 59.98612142133691, 84.62699070303542, 40.71914243452214, 0.0, 29.43946709302636, 49.93915683178307, 61.7014268320539, 83.11147655048379, 54.9146648720791, 88.50279866322083, 34.66189014030433, 46.319421227436074, 70.44730297242864, 14.893969487643627, 83.18835258169422, 78.11710704671945, 52.7620969916529, 75.05809693844758, 82.92522370065393, 54.56624765766098, 77.43798863017985, 57.02497626284563, 72.65486714178988, 67.41823070320963, 1.0932378658826751, 42.83885234144648, 34.2022675657313, 39.12896724140382, 102.95847693669641, 13.88606327617491, 6.581248337890815, 85.43375756455147, 93.18041165212111, 26.707437163020735, 47.28326408111489, 68.77373014767021, 92.84112213385919, 54.25243690719959, 29.736025319749793, 96.67104813000702, 27.027175270879344, 53.71442939387177, 37.39645972874532, 73.0536729794042, 62.70396293257648, 52.83695675961888, 56.42255877631604, 56.10522442651045, 21.948914563314357, 7.530339498346195, 18.0410085427182, 46.051901091659865, 63.998859555486206, 63.135021395469636, 57.78548531315416, 8.38233665237138, 19.855828814356794, 101.21153820468327, 73.86312863773642, 13.641775084771755, 49.98071499115947, 68.07531796648986, 89.35366036245215, 79.44027564904916, 44.611466481630245, 43.1595669496731, 96.97424219188912, 71.19594862958202, 89.41310981864746, 98.08830784063858, 78.66061517505794, 73.4102253312301], [57.113613041652194, 31.04047056711088, 22.892886172696326, 77.08270133910673, 75.63344149325935, 25.925843499992673, 29.105518391265374, 39.084555384011104, 77.57888224771925, 13.395287241328, 29.43946709302636, 0.0, 39.24172586435117, 69.28268907134353, 85.84811399511092, 80.27431651020278, 71.45518153266528, 41.293784544908185, 17.613894859766205, 76.06166019024087, 15.535341631901183, 67.02508940706123, 74.94393319874231, 71.04384085567476, 51.3613816875344, 61.841535901802374, 33.92352311158947, 70.0526649431921, 35.93675917748769, 67.73007688717166, 41.986075355493725, 30.18261978242977, 34.42413261414526, 62.53303934232536, 15.735839039791642, 105.70970302423984, 18.724214993599894, 27.565888899841337, 91.55688141879695, 90.72370225772676, 4.379442295660708, 75.0023993662093, 47.933420420549446, 88.17217873383014, 80.51418431580082, 50.60432094038877, 75.10514716259344, 16.674600166587084, 63.171386036055424, 43.79380061062444, 57.65506890982463, 35.16853685560803, 72.32001996439783, 51.146155459760976, 76.64857366943775, 17.415070354775796, 35.636301472370675, 13.837273984470034, 39.761517823886344, 59.68984294604858, 36.849677333471426, 47.16389057112166, 37.766127570810006, 11.665985320254848, 102.40227046127944, 67.16675771199259, 38.457972403097145, 24.37017594192072, 55.840265502376276, 77.23767485068531, 61.75907815174119, 18.413734755884718, 71.0221280535019, 75.91954417310718, 81.80780718911332, 69.05333984274924, 75.17698201205829, 71.86290936747537, 67.77105424240757], [64.7516882187788, 48.08588451501739, 29.493525783291027, 48.843409294875066, 41.99470595691754, 32.583644952959155, 10.37079556694428, 19.864679871064645, 38.357754469444906, 32.027109271835876, 49.93915683178307, 39.24172586435117, 0.0, 39.96922774981779, 49.80800556712461, 74.64830895129114, 39.058262266256186, 25.278900086735895, 36.159927282200194, 43.424711584969636, 39.03979866410373, 33.554153654612215, 36.33171315277442, 55.21450797165132, 34.78451382335126, 37.08052545745486, 17.585851040836026, 30.822626266419967, 19.067252825008005, 28.798466707914347, 33.5410076632515, 51.03005210117252, 7.1763006491533154, 68.18883704161125, 25.774525402608795, 68.71452272742981, 49.846557433544646, 43.631505292007475, 57.67780698687905, 51.94107840442978, 42.69650675481606, 76.23641615459475, 25.114784547758877, 48.992632772349914, 76.9014672892678, 46.48894689122924, 50.20266328317165, 25.557657797892332, 37.80503488267041, 25.128500956549228, 23.452615973724377, 37.278369096334714, 57.96991683883562, 13.397268952239687, 62.92888800220549, 29.417539086623556, 50.460571479041896, 47.35942519130045, 7.036675205712681, 21.434430865393708, 33.49168192121599, 8.227694625552942, 56.247999091958405, 46.16318887667409, 64.71420315698278, 27.940578682420824, 47.126493802332156, 27.590276239619207, 18.2266451519603, 39.84325027492456, 30.69516490681378, 29.02716644814179, 73.42428139887639, 49.94525299597046, 53.53475776080806, 42.17973383976161, 53.203972676992, 32.621211176213826, 28.672404003049262], [57.34558451450186, 58.065393013987524, 68.15348031466132, 8.87671839930094, 63.17997595425621, 47.44732829399686, 44.82382268511941, 59.25960408300171, 39.562398111457554, 67.77775839695686, 61.7014268320539, 69.28268907134353, 39.96922774981779, 0.0, 23.002316173294613, 50.035802737136116, 63.22585424315215, 28.780621895768242, 73.30036311053996, 9.24430938010557, 60.133696227177325, 58.101767721850685, 28.27961053149872, 26.015252260526406, 72.27614947035538, 69.77945705494174, 57.55025917421437, 36.323467199396184, 58.91488528582004, 29.230238497425724, 73.1128474237559, 62.491882369306694, 39.13596268042963, 57.40719294097919, 61.332100693698344, 41.78462373503511, 70.03387176762324, 55.79469741543846, 23.74012620920476, 37.825452528079744, 70.96077095386568, 58.254882962567585, 62.118181306210026, 40.95472640059678, 53.76556503786463, 37.160653282382306, 79.88636121589265, 52.623760216696894, 8.324565004772271, 26.01079592723762, 51.582484250820876, 77.21475587086866, 29.339160722495336, 28.61013106193373, 33.191916724539894, 52.65800563897427, 57.08975517383858, 70.36925161545754, 34.27359911053913, 26.01457500322103, 73.44657709067629, 38.69449505236683, 63.05851879619571, 70.36081749209019, 41.02163314457905, 33.359825626621095, 50.35979991639364, 66.56474835691661, 43.17405440133373, 52.7863309209824, 59.61799035786623, 66.43157309886293, 57.484826026820755, 78.71986364606657, 13.587888873472437, 71.86716469147959, 84.67149088106395, 35.71629597111397, 30.992774410905923], [80.33340824301766, 79.65292095617772, 79.24686108247272, 23.234843293371245, 55.523810853915705, 67.39502942655908, 57.98035529484073, 65.59802313538405, 27.797675589019697, 81.35478464025701, 83.11147655048379, 85.84811399511092, 49.80800556712461, 23.002316173294613, 0.0, 70.49826410139137, 57.31570887563729, 48.72305228785371, 85.90534177108175, 13.812443313214184, 79.3365470266638, 53.4993925975898, 18.0530985167045, 47.0109737750683, 74.81973057666956, 68.38374151321611, 65.79367141171443, 29.330884542431942, 66.361397542814, 24.7766510201983, 78.77569812025011, 83.98360231322921, 52.14410599908226, 80.24690101008962, 74.89321905192347, 20.100897622572475, 89.89430809972862, 76.88130640197177, 10.851388280766075, 17.296531048626736, 88.29383558002168, 80.12725038755924, 65.27720866253063, 22.840933871686854, 74.5087569296765, 60.1118122606458, 75.13236749009651, 69.46951329950204, 31.237291902316638, 45.90915174056066, 50.81982756743439, 85.28394348616887, 50.12411787987467, 36.41131024626454, 53.00428985591343, 70.75970299598158, 79.16424717301612, 89.45437233980316, 46.66989999572731, 28.873521010075574, 80.7112375121946, 44.75304528338143, 85.28109343908147, 89.08295999448652, 18.21451667869225, 28.574729598894585, 72.6474043729412, 77.2689800474995, 43.79542956180351, 42.906884523904054, 57.34457877441577, 78.77061934198316, 79.74770872402802, 73.46767137604071, 23.51351199303323, 68.05985953321488, 80.74644239882944, 27.53037201794832, 26.151353705126795], [28.920079314702033, 51.65268598990173, 92.57493273021097, 47.26430432813633, 109.97819550006716, 55.1683140056865, 72.2926578533096, 93.39656649553993, 89.20963630370794, 87.02497929959418, 54.9146648720791, 80.27431651020278, 74.64830895129114, 50.035802737136116, 70.49826410139137, 0.0, 108.92262118357243, 49.67532697509293, 93.44621839479274, 57.644908579305515, 65.05043305948642, 103.34263104509704, 78.18528719573115, 24.021186278765764, 109.14682693683797, 111.21633735620978, 89.33031342190704, 84.94215515297616, 91.5635399966444, 77.86150080497619, 105.71314247444629, 54.84069879752622, 69.27285847423404, 24.014521916022638, 82.35584129567114, 84.59789492838551, 68.70017242072005, 53.611430839227424, 65.3743540574722, 87.09361500392747, 79.07969239582354, 13.533901052405398, 99.73972422390564, 90.86341182831246, 4.232771000233738, 30.597866106562485, 123.51693624131093, 68.42839075128231, 44.257377420988256, 49.52381802637294, 94.71504135078068, 105.37785048218402, 20.708357002468393, 70.05831562755534, 17.521632544964596, 64.62832502102017, 47.38562336565868, 72.28781140174742, 67.64968079136699, 72.09686008703954, 103.5599084914886, 78.32620580077985, 49.35503279365815, 73.72141428170885, 86.23570387822687, 81.53285732708021, 42.39040379502683, 92.08917368687705, 86.61940086730907, 101.27271406759519, 102.94208333537752, 88.74082102716582, 16.247003952577334, 122.84240131877803, 47.67664038072133, 115.28548190163157, 127.24705618479189, 84.75581775458593, 79.50577571927997], [103.21786164115747, 86.92270571659967, 51.45373510381874, 70.69208619238937, 4.835131662140702, 71.49965364832444, 47.68004276101275, 32.73834991462692, 30.025703973433163, 59.54245796938076, 88.50279866322083, 71.45518153266528, 39.058262266256186, 63.22585424315215, 57.31570887563729, 108.92262118357243, 0.0, 62.52613929500354, 59.745602552245245, 60.61772517767907, 76.19043542688298, 5.674873763074406, 39.50588888903052, 86.435804854027, 27.99035300211153, 15.637129897120365, 37.59234089553228, 28.42413576361316, 35.779879400240006, 34.75575134911987, 37.56578659534593, 89.59564152830792, 46.21625651881638, 106.2167817615118, 55.72008632694762, 68.15092925178782, 86.27068735781118, 82.38395259599143, 68.12330515022542, 46.77449323409589, 75.67916055321628, 112.85727597047985, 24.720212589247772, 40.01619282913023, 111.83742452646358, 83.76573495024988, 17.827347218818726, 62.37513449111141, 65.93381997675407, 61.46303552537162, 15.606918312641426, 47.58260945835973, 89.65628915670378, 38.97646619925221, 94.31425077312068, 67.02916158523196, 89.47546630771298, 82.82107834412169, 44.61881296268384, 37.553258028950744, 42.608897023249774, 32.2904635054501, 95.17093088784037, 81.170175824249, 62.29154474806215, 30.428751672020606, 86.14173081185042, 49.27864524325928, 22.59027577700565, 16.054817436757002, 9.706575086972181, 54.53212882928105, 110.50463476265281, 16.16620775292283, 74.12779872383322, 11.56236138214138, 23.567152994323493, 29.948274092325015, 32.996647374510296], [40.91141895449987, 31.427452383190506, 45.37181717389212, 35.99046066254567, 64.6227991615656, 18.815574169952683, 23.0385417458837, 43.73201989713972, 51.572208694529515, 42.33083158732652, 34.66189014030433, 41.293784544908185, 25.278900086735895, 28.780621895768242, 48.72305228785371, 49.67532697509293, 62.52613929500354, 0.0, 48.493587174398876, 36.73525588127554, 31.358773003664872, 56.855575392140665, 43.898405401760996, 32.59879428076323, 59.48186264025284, 62.315192085665416, 39.8190370376225, 44.90648729600603, 41.98427361180234, 39.21663622144999, 56.32276933672503, 35.595625610033146, 19.597793895646117, 43.694175790165104, 36.380838544101856, 68.73953324730705, 41.44593670470756, 28.274038482712623, 52.183071349619325, 58.6310603624535, 42.54295450492503, 51.00782927115223, 50.197193975856266, 58.71576632927067, 51.741378603715766, 21.372506084629872, 75.23408071933663, 24.98807974651854, 21.972556137318563, 2.83159247564788, 47.255986451970244, 57.105689141744236, 34.80950305672301, 24.753987262493204, 39.701067876572786, 24.15925759456872, 31.78515813301197, 41.596022905295015, 18.48814099554385, 30.83275942334707, 54.66218424744701, 30.34996807958281, 38.06165513819022, 41.584895935951074, 66.69318232017108, 41.19274575487315, 26.230018213988544, 44.39438235979201, 40.030767256655686, 59.02654472769191, 55.15226324207617, 42.39459083868808, 48.309801520381896, 74.83391281773545, 40.64189800167866, 67.10371669312875, 78.44006688933351, 45.762138905695316, 40.24669000770615], [72.78904820658663, 47.357193591732404, 8.350381682800915, 81.8544024429109, 64.32054347932791, 38.37443072110268, 28.582102828162117, 27.305794168364045, 72.10422382261655, 6.428621088296032, 46.319421227436074, 17.613894859766205, 36.159927282200194, 73.30036311053996, 85.90534177108175, 93.44621839479274, 59.745602552245245, 48.493587174398876, 0.0, 78.43733063985407, 31.596194913432267, 56.169593368037205, 72.10733719664931, 80.70298219923652, 36.045005332386715, 47.859300337731774, 23.45228779480883, 64.90259055614861, 24.559084867105096, 64.36969358176205, 25.85435049741349, 47.16047739313341, 34.42722800893349, 77.9650154684444, 12.165459757449085, 104.85602873384433, 36.33735852832703, 43.34046872429958, 93.31594925528988, 87.37167925168553, 21.606425213543208, 89.78977707666104, 35.083209099867645, 83.58381862022463, 94.2361407882881, 62.9296768538088, 60.33207845698897, 25.0875986052353, 68.76264340538864, 50.3746387698777, 48.068058425701636, 17.81989375109424, 82.54106619517489, 49.52171090421515, 87.23298451747034, 28.905237237095683, 51.80008939802114, 31.421791617496066, 39.7247957524502, 57.54389312270873, 20.32120103640523, 42.4794929539408, 54.70164349046088, 29.232068560385972, 100.74054517696902, 62.709794192021725, 53.388961061522714, 10.60324269815086, 48.745713368620066, 68.49369389617858, 50.184160690438475, 7.135971344533354, 85.97703332466256, 61.436666215821454, 86.67439403676673, 55.244306170358996, 59.605358803991024, 66.95291731257261, 63.947282576827185], [66.52669658454509, 66.8739697802659, 72.61035799391026, 11.109474509581718, 59.88768992445591, 55.54906424922829, 49.881549692644214, 61.59331626235027, 34.11166051066611, 73.28399007478707, 70.44730297242864, 76.06166019024087, 43.424711584969636, 9.24430938010557, 13.812443313214184, 57.644908579305515, 60.61772517767907, 36.73525588127554, 78.43733063985407, 0.0, 67.97745488822966, 55.91703200680944, 22.616534620746055, 33.79947575076222, 73.20715735009053, 69.0726575520293, 60.667696433400856, 32.47409290696963, 61.71325483844503, 25.86213418569611, 75.34202124373901, 71.27050994054869, 44.0139750756704, 66.45084936800261, 66.77693724498013, 32.66885407728039, 78.18087680451757, 64.4011524405652, 15.55671543101401, 29.47370172900914, 78.06935387605361, 66.68233434876576, 63.164141815812144, 33.41469626977401, 61.54311954363599, 46.40496010858103, 77.95291647025672, 59.412502996259725, 17.552200273486108, 33.90810284291649, 50.797936240169385, 80.48404353496633, 37.02026428220775, 30.653476912402805, 40.32890898186352, 59.99299621715283, 66.08031238837869, 78.20122674440465, 38.740185730129724, 25.52523808050804, 76.3457827287829, 40.414612968795936, 72.10712368496769, 78.04348777942822, 31.777363088199838, 30.189502545421384, 59.42023995958852, 70.841516639798, 42.71141451449624, 48.440200602499786, 58.39465064058947, 71.40104004702887, 66.14510177747408, 76.5763200663534, 13.61230702615274, 70.2191691252437, 83.11474393458722, 31.378473579143776, 27.622584626987816], [41.64014790731213, 15.781274237165503, 34.427313237911314, 67.05133889441517, 79.81203567659841, 12.959613430627664, 28.99670434627354, 46.13224866264441, 76.19220433629201, 25.85722893488366, 14.893969487643627, 15.535341631901183, 39.03979866410373, 60.133696227177325, 79.3365470266638, 65.05043305948642, 76.19043542688298, 31.358773003664872, 31.596194913432267, 67.97745488822966, 0.0, 71.1207321362534, 71.33385408929378, 57.66784541725823, 60.721544677141615, 69.29949547559559, 40.66943159120574, 68.73253958510129, 43.07208928670413, 64.9485417883511, 52.71966203754216, 15.822275445088236, 32.438256487355254, 47.022147566002474, 24.369702622299155, 99.43744324501492, 11.019222246656009, 12.04488097498028, 83.48611211046487, 86.97067802486433, 14.047772885519445, 59.47077069159556, 55.06725783796595, 85.59249593447922, 65.13542723863982, 36.04143071775065, 83.00415090565672, 13.829237526075797, 53.02369075607763, 34.15237071309465, 61.10405300722095, 47.81025090038384, 58.573252754917974, 48.09019469229379, 62.62697901024608, 9.66539147582841, 20.291965415703206, 10.237485890926017, 36.77207302361942, 56.35867583150315, 48.31372991171332, 47.23410625400312, 23.23054945386018, 10.391041515633185, 96.88060484179564, 65.38818141891127, 22.96210973628728, 35.15833709185501, 57.185797213813345, 78.87191105108387, 66.81268213013435, 29.72600793491159, 55.48688687035455, 83.4559830188092, 71.56619842228427, 76.04812297055136, 84.06422060558837, 70.23500009592105, 65.39645978153052], [97.567222639401, 81.5306758944155, 47.824814880360464, 65.75761278426347, 8.704843316529203, 66.07320776728031, 42.41886797165963, 28.89303959350341, 26.98602909828757, 55.49955273890557, 83.18835258169422, 67.02508940706123, 33.554153654612215, 58.101767721850685, 53.4993925975898, 103.34263104509704, 5.674873763074406, 56.855575392140665, 56.169593368037205, 55.91703200680944, 71.1207321362534, 0.0, 35.49582618695548, 80.97331012999251, 26.87121338904149, 16.08381748433651, 33.40743353117381, 24.235969072497817, 31.80065839990188, 30.119736585436048, 35.5333937121168, 84.28158243793278, 40.7258293151298, 100.54770600969131, 51.32604356121169, 65.60336503876438, 81.34736704225237, 77.01503539602574, 64.21462451500685, 44.28605616625217, 71.18705792099465, 107.19368137118754, 21.674138071696476, 37.828455333299736, 106.23011104881537, 78.09091694947318, 22.03934047757617, 57.29180147453701, 60.54029355034844, 55.78824540346375, 10.140316373370903, 45.27301181096782, 84.17734460021012, 33.34734915441305, 88.86402337059852, 61.855967430011475, 84.00862705665332, 78.03082332505429, 38.99402196852552, 32.25490074301185, 40.18573630075731, 26.647098946204707, 89.75036537039394, 76.43779159932576, 59.8800558178613, 25.810779515553488, 80.57942245196637, 45.59794617706885, 16.9203530181708, 14.887427005244154, 6.4552873881228985, 50.59637518612509, 104.83259743298873, 20.688192847566214, 69.33144049547512, 14.567405144871497, 27.365152877895675, 25.969226187255188, 28.4002243539061], [81.68944589309467, 75.11981623259014, 64.77233454459173, 33.60603682458399, 38.08624723392159, 60.9217428321253, 45.92209959123366, 49.34610450542125, 11.506918691531073, 68.32693929889122, 78.11710704671945, 74.94393319874231, 36.33171315277442, 28.27961053149872, 18.0530985167045, 78.18528719573115, 39.50588888903052, 43.898405401760996, 72.10733719664931, 22.616534620746055, 71.33385408929378, 35.49582618695548, 0.0, 54.204983108402814, 57.233884363846826, 50.350731705725, 50.35992410949734, 11.28286141696398, 50.542852800961235, 7.8227309778926895, 61.94966888026583, 79.109655048847, 40.53329195247564, 82.84780757017677, 62.10621196709966, 33.433138131174076, 82.3107789537835, 71.57130433932356, 28.718879618863067, 15.796076445387525, 77.99845580704192, 85.56544836738246, 47.98628381391901, 14.822916583088748, 81.81217592226427, 60.67608388499112, 57.269686292156464, 59.54917574195065, 34.28646163257519, 41.41716455262309, 32.9932577323443, 69.20720695298948, 57.5440824954219, 23.811464409854402, 61.47150899699339, 61.97436281366143, 75.68341734817162, 80.93648468694899, 35.30400387747784, 15.265046530954255, 64.41145047219995, 29.678341643422065, 81.95998660737732, 80.16831429564049, 28.78281029495493, 10.821127581411131, 69.95939922179343, 62.64656179417505, 26.518689738490476, 26.031931901220556, 39.30610255692537, 65.03829885175443, 84.32848843430745, 55.67088268647846, 36.12413963822449, 50.06314258304146, 62.807022406639746, 9.563951682626515, 8.686882751528438], [37.36285606391805, 48.91925094376732, 77.95921252308555, 23.923966827060596, 87.1059070461029, 45.27088765605434, 55.39020719125194, 74.8969592924086, 65.3156971291976, 74.39833988974893, 52.7620969916529, 71.04384085567476, 55.21450797165132, 26.015252260526406, 47.0109737750683, 24.021186278765764, 86.435804854027, 32.59879428076323, 80.70298219923652, 33.79947575076222, 57.66784541725823, 80.97331012999251, 54.204983108402814, 0.0, 89.95387637647974, 90.31042185692912, 71.60684396981928, 61.3446749329079, 73.57980600882918, 54.22278192334539, 88.13667894636873, 53.16776997291462, 51.137734797609376, 35.540204309588844, 68.72240536789775, 62.66374188425019, 64.80707475957323, 48.746498824489244, 43.157760400789705, 63.271384699475874, 71.14416756704561, 33.203152934393955, 80.0786137814468, 66.87181176716147, 27.79780352950341, 23.033313556068197, 101.89823509857537, 56.14508092948898, 20.692723568379005, 31.327061816036576, 72.97590256266784, 89.6056980738049, 3.344258048087808, 48.2282504015249, 7.9148897481193465, 53.76721600215105, 46.02791874094662, 66.97814097004084, 48.23709561131135, 49.05821109967519, 86.93643496689518, 57.37417477362794, 50.623780964290646, 67.7827248625647, 63.58568176056099, 58.04454156914434, 39.199866887974586, 76.99200200183788, 64.64074565518503, 77.78030452513492, 81.24588108374297, 74.86460145998674, 33.205830346759214, 101.03203005930536, 25.343938258561504, 93.68109081289785, 106.06165123474221, 61.03427379514378, 55.90915535021404], [96.15697796096876, 74.62079589837813, 28.676418576076948, 80.97228752948958, 32.81303834160986, 60.72915444465492, 37.678551579098134, 16.02627489316519, 51.64972033036661, 38.0696896797913, 75.05809693844758, 51.3613816875344, 34.78451382335126, 72.27614947035538, 74.81973057666956, 109.14682693683797, 27.99035300211153, 59.48186264025284, 36.045005332386715, 73.20715735009053, 60.721544677141615, 26.87121338904149, 57.233884363846826, 89.95387637647974, 0.0, 13.022376586412825, 20.96390852964, 46.572488002783466, 18.48852699704567, 50.04477359271513, 10.57839127550438, 76.09337646338692, 39.90074069422377, 100.326298348733