instance_id,num_cities,city_coordinates,distance_matrix,best_route,total_distance
1445,94,"[[9.408350999523607, 27.53113920188578], [84.83509726166938, 39.42476640120815], [3.0008469804412408, 54.805942704082945], [92.9629399443797, 62.25100828607852], [30.001531089772925, 76.06101041911843], [80.36003243921395, 56.84595689502383], [56.727414848393096, 81.82122401945686], [61.99191601774688, 8.494747916218003], [9.896097186761866, 48.755411917865686], [28.287039903147992, 32.557981435427266], [82.57727947176846, 53.83171341313944], [15.739928911583313, 40.38798959437096], [57.67128326527925, 62.324520008927266], [95.61758719559694, 51.06660084394036], [20.94042136124592, 80.18164369506569], [84.25459426103522, 43.56732424413855], [41.71240964971514, 87.6468075937447], [63.76285279190892, 89.58721021383234], [16.142150438001234, 98.61927840842374], [74.25119566903405, 17.303262508043648], [47.48622745844035, 90.93304487023232], [85.33611643792547, 35.680370423927464], [76.18992357388505, 78.47070462736468], [72.11034656726999, 24.942181051658917], [88.14337334882998, 76.32761514444803], [5.392848160909381, 15.693951837129028], [71.0108873879121, 69.70341213479114], [62.225535420327816, 79.71325721188084], [13.450654515166827, 79.45081255393471], [26.869315165139994, 84.33512793138665], [83.5549636104704, 19.569888419203096], [54.672424038102626, 60.17544569132518], [88.80559430307933, 57.09799421192104], [10.605690571963045, 23.149612979529323], [23.2846743052361, 3.933094881728283], [18.18119741541837, 97.15850535307209], [12.913765802518274, 31.823676856865756], [33.76519424031712, 23.547693649293898], [15.255646745430484, 45.4499017722125], [60.33209112182174, 13.781395307066946], [4.708892528755404, 63.76545082160955], [86.20851750486794, 55.8154595399981], [71.78567755888275, 67.39583924028871], [10.77025038136037, 38.19782322921503], [90.20113432125949, 2.080684262171162], [43.23000355129386, 42.18710877158439], [16.772796865598515, 47.55753013084954], [90.45166119453042, 92.79250370019783], [91.6044613349901, 92.83926231645417], [79.32004805681149, 93.11807272390776], [87.91077335904687, 47.941367780438696], [53.74187678745, 71.65957534331139], [79.42569013715824, 26.81285932937548], [62.35855747653661, 90.72093916760619], [2.60834812758588, 78.11933349980912], [29.81091085342379, 22.4279336352877], [37.19886402005942, 51.720209042014474], [44.794815476284754, 96.99066577366534], [60.835969945929925, 71.55115762349125], [42.520547248809294, 67.08820927967139], [80.29936063580753, 60.72030659484678], [20.982411649442835, 45.82840160934766], [86.68027625003126, 1.4430535609918471], [41.87036405733553, 66.60386945071176], [15.220566704185835, 42.875838540673136], [1.4119527820368516, 36.468995810029845], [52.65496120340018, 14.49396709330485], [71.988973864961, 76.45757706463553], [59.03833973819008, 92.66759500389834], [35.82382115524071, 37.30296262513802], [65.97021951856388, 8.209407199799834], [97.31949611910314, 25.714586207004597], [3.438636489095126, 5.974934936782117], [35.657282322345004, 23.097917670340518], [52.98819678775831, 26.670997122489126], [48.24117457779282, 88.16709982965035], [25.45717533092089, 94.39444388588534], [54.19878527313903, 10.878782352456284], [54.62031291680247, 51.6756270904088], [7.951379672547787, 4.321040249959706], [54.116185659238226, 49.047602433651306], [28.195024476764175, 83.96520185098177], [99.5193888404995, 54.03168819875045], [76.09420307063746, 12.46002625251731], [77.0114047763325, 96.65960837755073], [58.53857812978139, 62.85405089474823], [93.9736276221556, 15.508245648612728], [88.900172199582, 39.95465488891215], [3.8187074853834435, 5.918029515347922], [64.4106784904068, 40.56307133161031], [62.12014244884332, 62.42464690929646], [35.22467317022038, 67.12425977999835], [23.357304843352566, 68.46299362422218], [94.21983004122526, 46.145334345944164]]","[[0.0, 76.35870886579069, 28.017334167226252, 90.48115076062722, 52.71837883120674, 76.76913204863801, 72.01740840263867, 55.92330018164846, 21.229876322424833, 19.536479661411544, 77.75224946982657, 14.331346094182102, 59.496974535456175, 89.36414471260262, 53.89864812974507, 76.54488461726717, 68.24548183927607, 82.49465324818435, 71.40635539450085, 65.64452731567725, 73.95759810863547, 76.363836558801, 83.99177198536384, 62.75542169790044, 92.62990774452294, 12.49973070731029, 74.65502725074977, 74.24707677848532, 52.07679616389665, 59.42708477768535, 74.5727944742758, 55.80758957541771, 84.72379334867196, 4.542179442616362, 27.37553733209226, 70.1778665348858, 5.542004372108988, 24.680430529612988, 18.848684823929826, 52.74734841882068, 36.53779205800104, 81.8429493129223, 74.02786757596611, 10.75327476005, 84.70654929526647, 36.86057006288155, 21.337558355023425, 104.05317786375214, 104.98262474823062, 95.86079091188496, 81.1123156304994, 62.552221264129486, 70.02102331364343, 82.44195039945421, 51.04317232875328, 21.03109972509609, 36.843231585668406, 77.95401015817487, 67.69462321584525, 51.586619714709464, 78.27551392031666, 21.650604876897237, 81.55696563952498, 50.79823363920317, 16.408584618890913, 11.992817233676577, 45.16898438879052, 79.43633098377352, 81.8895210429741, 28.164971091105386, 59.77101553366507, 87.92991129882358, 22.367553144116897, 26.620665820710624, 43.588333339588324, 72.00491586213262, 68.76238997944593, 47.78581370092807, 51.25502702963397, 23.25578334104937, 49.61601223359549, 59.47892506949454, 93.92698354526783, 68.36769201884104, 96.68980365333759, 60.51022482467304, 85.41566589130828, 80.45677957591792, 22.32421611025762, 56.525103135227546, 63.21463309965267, 47.26624257897142, 43.243381225207294, 86.83015166462677], [76.35870886579069, 0.0, 83.26719103915302, 24.230128874223887, 65.94645066163616, 17.986775235905736, 50.867488921919076, 38.45096842505433, 75.51764481221927, 56.96345781980671, 14.582793401025363, 69.10188194431886, 35.52846050879104, 15.868030702240121, 75.78688973144835, 4.183033494459418, 64.69104608562829, 54.40873327185653, 90.67916626817698, 24.523048493567863, 63.624215723426346, 3.7777667277972764, 39.99155310878523, 19.278603648646236, 37.050842581988874, 82.91093113734709, 33.28520941940295, 46.19907767974493, 81.84022871943172, 73.32784237132348, 19.896103182413416, 36.611166971198315, 18.113746934447345, 75.9926669909999, 71.05007609680997, 88.18121669650533, 72.32188106733804, 53.48099133131231, 69.83983240515877, 35.46801081201549, 83.74173154977402, 16.4481337766448, 30.865324724496674, 74.07500882855783, 37.72764006046543, 41.69669480930477, 68.54647023069211, 53.66247454996731, 53.841737191857014, 53.97579931409314, 9.054959000939256, 44.78695420535218, 13.723042134572596, 56.004394302526045, 90.87633243098905, 57.58952521042369, 49.19744533187088, 70.1217294140188, 40.10066239956966, 50.554794180975904, 21.773216089454102, 64.17298499970813, 38.02650648923385, 50.839668979008145, 69.70001982532429, 83.47549110162406, 40.70756576927278, 39.1976013546329, 59.16309234937462, 49.057183335824845, 36.47303472889614, 18.54263346423654, 88.00156277759915, 51.81721211805078, 34.30573859589666, 60.950227607802816, 80.91602471441294, 41.87429781584599, 32.60393811540281, 84.51850460121528, 32.19084502378379, 72.05517493653602, 20.7120878612374, 28.346083372226847, 57.76709530660186, 35.21985647802938, 25.602982288375237, 4.099465338339449, 87.67187022712218, 20.456114495633845, 32.32589790763855, 56.81950467907183, 67.99071701993621, 11.542930427039922], [28.017334167226252, 83.26719103915302, 0.0, 90.26963593574818, 34.362986569020165, 77.38607906299447, 60.13625794326105, 74.99781989393911, 9.173516130837044, 33.68031076364866, 79.58239585962521, 19.239583683702826, 55.185012532964535, 92.69219624989287, 31.076591346995993, 82.02730028488587, 50.765219304146996, 70.01255544413145, 45.74169041590988, 80.5174714588856, 57.3072123488461, 84.52741633150742, 76.91984067512485, 75.28590301759469, 87.82045422919505, 39.1850672989603, 69.62255519344795, 64.24903140742275, 26.768789427782128, 37.96941603017339, 87.92351919487379, 51.949816534380965, 85.8353549722744, 32.55697863256306, 54.76751132285043, 44.99091688624783, 25.028993248735652, 43.857988967774766, 15.418029030936983, 70.49741161155201, 9.120866477651173, 83.21379427921518, 69.9275225679937, 18.335573666992275, 101.90114322267272, 42.16183117724077, 15.562971710797767, 95.34476243097309, 96.42164631153317, 85.39578303166611, 85.18695901663912, 53.46678444617572, 81.39022894888622, 69.3774081838833, 23.316694571567012, 42.03706693065527, 34.33694980156563, 59.38254510450792, 60.21049469262291, 41.384305981077745, 77.52444719932687, 20.098082297899648, 99.24638442070395, 40.62056662960028, 17.077732152621458, 18.40565690675143, 63.95769255461474, 72.30598122920163, 67.6291749871819, 37.19814438010982, 78.33504323638809, 98.7031640738133, 48.83297020686005, 45.51748697786794, 57.36122648303754, 56.21080008212379, 45.51413086950168, 67.45979767224634, 51.71429337616796, 50.72704554513257, 51.438665718680866, 38.53581416957773, 96.52164727578393, 84.473755360178, 85.02524328436454, 56.11783697421918, 99.09770840715234, 87.17370488210739, 48.89475382650818, 63.03988254284076, 59.60818526382735, 34.49805661036409, 24.513270213493755, 91.6291929887886], [90.48115076062722, 24.230128874223887, 90.26963593574818, 0.0, 64.45816599835527, 13.713054295951189, 41.18260097216838, 62.03982472586701, 84.1559949561083, 71.16633958337952, 13.369609927363541, 80.25823957255322, 35.29173324064563, 11.495134703871496, 74.22095977032279, 20.61347457173746, 57.1975827982231, 39.99891280456033, 84.99461613581872, 48.687053970771146, 53.7660729563126, 27.64357489906431, 23.332651533171557, 42.74083808442285, 14.878813219273713, 99.17701588652527, 23.182556687436826, 35.35135321910449, 81.35131714378804, 69.68554783430501, 43.70569770396059, 38.34672826270315, 6.620957395249139, 91.16817229225039, 90.86275213923665, 82.52782783491898, 85.63698254082296, 70.72707869208799, 79.50283388909939, 58.43009222323545, 88.26704040259132, 9.329443185665328, 21.793249589989628, 85.63990850638847, 60.23367383317991, 53.6276516920743, 77.59404746927008, 30.644566616124873, 30.618405392165037, 33.74765423055322, 15.175315436807288, 40.33376909278769, 37.93572898759941, 41.79910514158149, 91.7374296973059, 74.65960121074448, 56.749712742992244, 59.388652258901566, 33.44600094150974, 50.673794946762676, 12.75575511571294, 73.83020021425386, 61.13165481928716, 51.2776628864064, 80.12037069111004, 95.11201510700211, 62.49374475634772, 25.33246631420788, 45.5636614717524, 62.34808640447362, 60.40779423182684, 36.79524045367501, 105.74307230627105, 69.40391127492784, 53.515579832783224, 51.68829749951961, 74.7678320416383, 64.3565481109032, 39.774309985336274, 102.87296329219383, 41.02926083411772, 68.31097332196545, 10.514002321922197, 52.57086812657716, 37.92628685321446, 34.42964343019319, 46.753688074466126, 22.66348288678289, 105.45187849387581, 35.85524011183045, 30.84328626657896, 57.94355900535436, 69.88228101356346, 16.15464347429158], [52.71837883120674, 65.94645066163616, 34.362986569020165, 64.45816599835527, 0.0, 53.89987885047121, 27.339585282165515, 74.7568361854004, 33.90905752066788, 43.53680064939187, 57.08196705884384, 38.418195057183645, 30.89184931730716, 70.21529269962775, 9.954060885249323, 63.23950114211098, 16.473474825224102, 36.370110310000946, 26.47560927963736, 73.55614015810325, 22.95412851361624, 68.50191546280435, 46.251207837673185, 66.22904994651016, 58.142453503069866, 65.19025262517917, 41.49923324511682, 32.43031547381036, 16.8944450604644, 8.847134971579656, 77.84097249879535, 29.3428718020042, 61.786032677855005, 56.354366365016226, 72.43999147454993, 24.18314662448376, 47.42292065246838, 52.648016092524315, 33.97765556493565, 69.27260158506384, 28.122915055060762, 59.74200910804495, 42.6731776144037, 42.46720030639441, 95.3786186077189, 36.365281471370835, 31.423682115843402, 62.7228913324068, 63.846932201379445, 52.18485882224398, 64.37541955069901, 24.1449092889528, 69.77197061355935, 35.52310047707631, 27.470405288316346, 53.63341552963776, 25.382596655760267, 25.62989926239135, 31.16249976834835, 15.402497390951762, 52.58525316917258, 31.54924960951638, 93.70335980434612, 15.175859491581257, 36.32812327618853, 48.835352037437566, 65.60242922175672, 41.98931549696934, 33.45018547117853, 39.192924494185355, 76.79574601968059, 84.06230336266219, 74.95095293645346, 53.26421608848094, 54.47715313186031, 21.891596455851722, 18.888249043873294, 69.52862695141324, 34.65157050892484, 75.05219848475019, 36.21105875273371, 8.108002733989807, 72.92478031327248, 78.54692608432121, 51.32475486428958, 31.444981056474003, 88.08556326720449, 69.0848668975757, 74.87040818618053, 49.437770017457154, 34.893489441542094, 10.351170232314512, 10.093344422397697, 70.84446058184928], [76.76913204863801, 17.986775235905736, 77.38607906299447, 13.713054295951189, 53.89987885047121, 0.0, 34.384074542304624, 51.72259767823656, 70.9268855180402, 57.45870085189141, 3.741904350922713, 66.68299983947229, 23.340822454891043, 16.315450760221744, 63.837641396644884, 13.837980230551876, 49.41994689438953, 36.70771092197531, 76.60905141681079, 40.01178034112974, 47.356273296613395, 21.742664570555522, 22.023158775163825, 32.95312170416373, 20.978927614696143, 85.51939101105829, 15.897190583021313, 29.18515728772622, 70.62467241370511, 60.14076287146117, 37.41273668422483, 25.902484842453656, 8.449321748252105, 77.46684324667294, 77.82909142833346, 74.10336758946167, 71.93826090152758, 57.270003334758975, 66.09425927360917, 47.49394591077728, 75.9669294229524, 5.938577469553864, 13.594836487166404, 72.04505990057494, 55.64245117537043, 39.918928762228134, 64.26205256329659, 37.33624509979137, 37.70882146597175, 36.28702184279681, 11.674990181495973, 30.462591843652742, 30.047627941738824, 38.361015690407214, 80.60943471743302, 61.15401882299097, 43.4644653752839, 53.632847291292535, 24.442421007465256, 39.20115270480795, 3.8748247269065956, 60.39112828161757, 55.76223793633346, 39.70732211559253, 66.62067399148307, 81.53539001326565, 50.60891238059187, 21.323467525960552, 41.68698041883179, 48.63540624445832, 50.72061397644257, 35.45117274822292, 92.22126669044872, 56.01130260511703, 40.73997526023287, 44.862401017483215, 66.51475470868506, 52.89037708989541, 26.253865836880124, 89.45322724225531, 27.377980680029182, 58.79320966492388, 19.364943738784934, 44.59044896839691, 39.95422570388182, 22.63345006153894, 43.52167672432526, 18.927495095450208, 91.93600063564556, 22.792855320375086, 19.07394477123618, 46.29086482813212, 58.17444882193144, 17.509920402634354], [72.01740840263867, 50.867488921919076, 60.13625794326105, 41.18260097216838, 27.339585282165515, 34.384074542304624, 0.0, 73.51521659004337, 57.328180189696816, 56.883407043874165, 38.1002389103794, 58.281102583464424, 19.519537772770033, 49.58116932730849, 35.82453246714107, 47.12861608869804, 16.105520950821123, 10.47892783772713, 43.9242338409688, 66.85544294848447, 12.977858975688097, 54.29029542342711, 19.74880315580254, 58.922492455769664, 31.892666664497472, 83.7141198560158, 18.731229341912922, 5.888365977533496, 43.34162935856687, 29.963741915413284, 67.7860321644294, 21.743107106873975, 40.49997147212923, 74.62956111522823, 84.76424691821666, 41.48545621174518, 66.47849701212122, 62.63439883208152, 55.16140527215383, 68.13524772280188, 55.06303306294293, 39.312023606050694, 20.85288953323207, 63.36451737649366, 86.48146377190558, 41.8693587627599, 52.634325463933116, 35.463978477435326, 36.576024107909106, 25.259569789317144, 46.04613454765233, 10.591153918754506, 59.5074103533464, 10.531604674345388, 54.24552862817949, 65.20783028110534, 35.88085004744206, 19.300230333070225, 11.06139632989606, 20.466968762248115, 31.636772028211386, 50.726605629971175, 85.77776047668652, 21.267342059575096, 56.917145860956, 71.53058749356421, 67.45031062857088, 16.176646508845682, 11.089821341140587, 49.18166148943425, 74.18981745267793, 69.2507896597983, 92.69494844185982, 62.38891883369512, 55.276842153762736, 10.59652838097255, 33.70331938088046, 70.9874918362709, 30.21914778346247, 91.5717210266419, 32.87748149916405, 28.61282826392898, 51.02363510444386, 72.01422249604424, 25.132009425337873, 19.05345031154512, 76.05715920543201, 52.80052960284735, 92.52365238550186, 41.96746005426525, 20.132280411395428, 26.045511274193647, 35.94449277762419, 51.753746733819796], [55.92330018164846, 38.45096842505433, 74.99781989393911, 62.03982472586701, 74.7568361854004, 51.72259767823656, 73.51521659004337, 0.0, 65.83992258139725, 41.41325731333452, 49.79154174157707, 56.18207166000372, 54.0028909497882, 54.24987026584044, 82.60893559379697, 41.54169535348788, 81.70867108040484, 81.11179728342901, 101.11692242230353, 15.095690341381175, 83.70476572607944, 35.83308198284297, 71.4018062530944, 19.31063679763881, 72.69935761024401, 57.05508758522553, 61.869559720414166, 71.21889246767094, 85.97102521857984, 83.57846810929675, 24.240952098606197, 52.196450888561806, 55.50899831261667, 53.43509367062797, 38.97511051168173, 98.897123048518, 54.34062710409529, 31.98967016934303, 59.581559748085574, 5.541088279417937, 79.60022223396368, 53.157252902750635, 59.70976741112923, 59.21090873830052, 28.929227605544458, 38.564031679883655, 59.75508088224737, 88.97229189889939, 89.39183379692705, 86.37922934057133, 47.199819751679044, 63.7013231510612, 25.288133299860384, 82.22700866302489, 91.5095134565372, 35.06780229310468, 49.83107380839566, 90.15136019198614, 63.067004182000375, 61.74405166723725, 55.3414086172213, 55.45792230702916, 25.675699099315075, 61.49428313921628, 58.04841521642209, 66.7269847278027, 11.098169035470612, 68.69415776801937, 84.22465078399065, 38.918921149594546, 3.9885232942855957, 39.300900073389954, 58.607473934744554, 30.112547197783094, 20.284057660658963, 80.85027241491693, 93.34637135280032, 8.14963232273224, 43.80558022140465, 54.20147049813471, 41.310545120974204, 82.69231702493435, 59.00783123245052, 14.649161491582031, 89.43504717243431, 54.468884355015966, 32.74170165996077, 41.39782599941497, 58.230247025641454, 32.159411974931174, 53.93005143165799, 64.45079480536776, 71.33599143414351, 49.560116028990436], [21.229876322424833, 75.51764481221927, 9.173516130837044, 84.1559949561083, 33.90905752066788, 70.9268855180402, 57.328180189696816, 65.83992258139725, 0.0, 24.506805753317206, 72.85823972082551, 10.206082772922603, 49.66476718181486, 85.75264102980633, 33.31043590506417, 74.5392671070423, 50.247571049335875, 67.59336588384356, 50.253540796699255, 71.62971731872688, 56.497527514983545, 76.56469953368942, 72.648950700318, 66.61593495754089, 82.96301957830917, 33.366740842626285, 64.60523426487144, 60.800972780776874, 30.90052585328774, 39.420886851317015, 79.2301923809145, 46.20970263575665, 79.34927482014692, 25.615629253306057, 46.77920586911823, 49.107049798335524, 17.198545753941392, 34.71545555598728, 6.296917404162225, 61.37565740674248, 15.881069235286022, 76.63830483011786, 64.63579263380117, 10.593716190570285, 92.88395550850694, 33.974871887040806, 6.980252090618007, 91.8066683049507, 92.8420305559104, 82.38768493044944, 78.01892312845759, 49.46769745006983, 72.90980667884443, 67.18195603735354, 30.254771144730935, 33.01114836078078, 27.46326817297559, 59.53620959369949, 55.80785481449523, 37.42253600385811, 71.41273142029354, 11.466200665940747, 90.19018465281833, 36.61859060931311, 7.932172384647754, 14.931065837880254, 54.792034580400404, 67.99217078453192, 65.90326112086302, 28.34440800207566, 69.19743993732222, 90.4086850381177, 43.26508996166461, 36.35857080045332, 48.421590482722124, 54.98750861950437, 48.21896299161299, 58.286938836364286, 44.81945034604019, 44.476907623301514, 44.22105380710813, 39.68097840400302, 89.778469012582, 75.49532596928886, 82.4577258435544, 50.64447228762967, 90.41241722822099, 79.4927493103238, 43.26633791623644, 55.126708762567354, 53.98332046833436, 31.28819798473551, 23.866145233082218, 84.36411812756866], [19.536479661411544, 56.96345781980671, 33.68031076364866, 71.16633958337952, 43.53680064939187, 57.45870085189141, 56.883407043874165, 41.41325731333452, 24.506805753317206, 0.0, 58.30953425193634, 14.789828329083742, 41.826792569029465, 69.82815758066292, 48.186990059769535, 57.04009791263322, 56.70114037947878, 67.16298262568482, 67.16839508187661, 48.4294338685072, 61.45125575446613, 57.13445936093563, 66.35257655036189, 44.48013739258328, 74.15228579472459, 28.43482916816392, 56.61369238746603, 58.098549995012995, 49.183899211932776, 51.79655242095558, 56.77353213528731, 38.19571740228104, 65.30472918348201, 20.028667234075506, 29.058695631210107, 65.38620452986243, 15.390801141824584, 10.544925838088625, 18.330816064786188, 37.140887095533365, 39.113107510118404, 62.41640694041221, 55.729774935277206, 18.40232948866974, 69.00884530697344, 17.776733553882654, 18.909369471087626, 86.5600243343666, 87.42384503918115, 79.19528128670909, 61.57627925313415, 46.65708270931117, 51.46035343611508, 67.40769957437325, 52.29944563032072, 10.244025141818371, 21.133186601585127, 66.51373892215112, 50.79272227557126, 37.34875320990523, 59.14725747134789, 15.147991468086486, 66.16576749116031, 36.65554781785462, 16.649050937019474, 27.158172641134414, 30.333219457348875, 61.943793300141586, 67.51894611807549, 8.906060752802281, 44.86507654329318, 69.37083010502441, 36.38820569053446, 11.992217466225263, 25.392985955552994, 59.080805167131764, 61.901181102496395, 33.784703950136105, 32.5411377029307, 34.79747008801026, 30.643961414190976, 51.40730276616443, 74.39870709420826, 51.85993301824848, 80.51759005908202, 42.81363555879671, 67.86325439121723, 61.06277577184401, 36.171623264796494, 36.99998282471041, 45.12977436676973, 35.255614502412996, 36.24185685139887, 67.31826627674448], [77.75224946982657, 14.582793401025363, 79.58239585962521, 13.369609927363541, 57.08196705884384, 3.741904350922713, 38.1002389103794, 49.79154174157707, 72.85823972082551, 58.30953425193634, 0.0, 68.1759865349993, 26.314186495331985, 13.330246548825846, 67.0329851908675, 10.400532193834882, 53.04147603542503, 40.40344295671064, 80.12210898335188, 37.46533593892026, 51.067511465619404, 18.359804838773453, 25.453451699541553, 30.727215371593687, 23.174274438544018, 86.09253913556819, 19.63904901334011, 32.9248810983657, 73.721289453431, 63.51248368990625, 34.27577159146371, 28.616846366975615, 7.032815644847823, 78.23874293328552, 77.49506538340096, 77.61485865486316, 73.05722968884112, 57.44337662167378, 67.84141065252048, 45.813495665821044, 78.49945747587843, 4.137769731250751, 17.333325742653553, 73.48923696075312, 52.309580202391956, 41.03419232323314, 66.10291451158179, 39.74857314807552, 40.038467551046054, 39.42115655819062, 7.946214741517678, 33.90152074712984, 27.202040205355136, 42.066752856436224, 83.57582467319713, 61.40429171892498, 45.42751412544149, 57.36035002009809, 28.0475175910826, 42.19332268311224, 7.25545520600124, 62.11264558750076, 52.54908432757373, 42.663578523207505, 68.24190757207602, 83.00165190655058, 49.42472474457684, 24.980831083037298, 45.412634615407214, 49.5891668327585, 48.550893550099126, 31.747532093107957, 92.48349073901876, 56.089681165629656, 40.16488918822492, 48.558077182495815, 70.0574150284315, 51.48099862750765, 28.039983723007996, 89.55630451238221, 28.8603807817864, 62.17279777985905, 16.943289520542468, 41.87656597835223, 43.188048673307065, 25.676092690308113, 39.982057634188244, 15.249646741228682, 92.18803483094797, 22.496272000127853, 22.188577269489635, 49.182935175368556, 61.00065373096787, 13.950964372650967], [14.331346094182102, 69.10188194431886, 19.239583683702826, 80.25823957255322, 38.418195057183645, 66.68299983947229, 58.281102583464424, 56.18207166000372, 10.206082772922603, 14.789828329083742, 68.1759865349993, 0.0, 47.32282583029007, 80.58829338779348, 40.13203244796775, 68.58839214300478, 53.925556412433615, 68.75146927577607, 58.23267793174158, 62.900500492538, 59.6877716476839, 69.75522200133629, 71.44574892151746, 58.44824195999969, 80.83263852589013, 26.774196174993882, 62.56414987527152, 60.888326349757726, 39.12984685418931, 45.33447039939532, 70.93851047034173, 43.67244664047735, 74.95208945333415, 17.98671820102671, 37.227443258500955, 56.8229817188147, 9.018572535874732, 24.667909471396882, 5.085025478071293, 51.926600024971926, 25.849360864638737, 72.13756862587506, 62.21374352932611, 5.430886981039026, 83.73721247376444, 27.5488844331431, 7.243557669725643, 91.25829298965968, 92.23103214205341, 82.6008063966041, 72.56503503948542, 49.214429973468384, 65.1165136090112, 68.60541044275531, 39.95112923056238, 22.8156994821768, 24.267366845196417, 63.62428297392222, 54.81601917854541, 37.8167059613535, 67.68547361999181, 7.555243751822831, 80.92738055283655, 37.01448361855745, 2.5414817493127204, 14.854272525120757, 45.09124094978536, 66.82043249218138, 67.88158455638394, 20.319451741022352, 59.65352679754922, 82.8886877247711, 36.54558969465074, 26.375131355641173, 39.69369398593375, 57.785589420981786, 54.87369117451058, 48.475529338884414, 40.485738484499215, 36.898324274432944, 39.34114864220614, 45.32221126109691, 84.88314566265804, 66.50270329610814, 83.19067757341595, 48.336821215866856, 82.09453862921148, 73.16152661697345, 36.473191088002274, 48.67106448578314, 51.349181817992935, 33.08297753019457, 29.0900372526757, 78.6907993345273], [59.496974535456175, 35.52846050879104, 55.185012532964535, 35.29173324064563, 30.89184931730716, 23.340822454891043, 19.519537772770033, 54.0028909497882, 49.66476718181486, 41.826792569029465, 26.314186495331985, 47.32282583029007, 0.0, 39.58109050919926, 40.84156072624078, 32.534670990432474, 29.93165373990798, 27.934951163486755, 55.15413276141255, 47.9771520859362, 30.367467074623335, 38.409031510546995, 24.569072359618804, 40.07400422911339, 33.5355773386187, 70.05315599590453, 15.244444468517026, 17.97524392616541, 47.42123894830719, 37.85799915418442, 49.97922999191839, 3.689400640618913, 31.56995241848254, 61.23596456605474, 67.76427823091016, 52.658080247816464, 54.16213439679063, 45.5537413940345, 45.64908500746532, 48.61599381139709, 52.98198858230185, 29.270148722432715, 14.99781334134025, 52.74281356809302, 68.4653996936145, 24.780352925643108, 43.48275727048734, 44.75322566470562, 45.63562284011776, 37.641890306005735, 33.48584520598138, 10.128350969630738, 41.64531501341873, 28.78067338626575, 57.28353130865424, 48.66146273178149, 23.055831384598438, 36.98033375867612, 9.754285389364755, 15.88198782611807, 22.684871305884233, 40.226797320893894, 67.43941452029723, 16.370152090340092, 46.693838430824066, 61.91623694978933, 48.09288179390637, 20.11814021842278, 30.37385460475121, 33.21731377700232, 54.747765043704476, 53.96543370976727, 78.20777272211042, 44.981580325118955, 35.9597690922746, 27.509378067274643, 45.45578915254223, 51.56279826894439, 11.077334537575238, 76.39680934057044, 13.74464474947062, 36.56732069425568, 42.66186821585127, 53.15892880540114, 39.40734187107127, 1.016170921169328, 59.2420775360341, 38.41424696071349, 77.98584543320459, 22.78113466304898, 4.449985778781758, 22.9540368264408, 34.85871445515629, 39.96951738701372], [89.36414471260262, 15.868030702240121, 92.69219624989287, 11.495134703871496, 70.21529269962775, 16.315450760221744, 49.58116932730849, 54.24987026584044, 85.75264102980633, 69.82815758066292, 13.330246548825846, 80.58829338779348, 39.58109050919926, 0.0, 80.15213545049207, 13.614578875280516, 65.14506652165971, 49.98561243155189, 92.61534533414167, 39.956047132450564, 62.497689152872276, 18.50526215644036, 33.591948707556085, 35.14364340021409, 26.343551698995643, 96.91092730769087, 30.867789206813953, 43.996136680680486, 86.9313999686426, 76.37486367740277, 33.72758190743964, 41.94612545215063, 9.098403877990457, 89.47838162913482, 86.33433657296737, 90.11580396060761, 84.91296836520667, 67.69792291852028, 80.55798397042001, 51.33471325622946, 91.79134794077474, 10.53955650680418, 28.889512691239496, 85.81769049424344, 49.284459874244014, 53.13477486121385, 78.92283914970929, 42.044473603772595, 41.96499047623281, 45.09918036119873, 8.316373080402512, 46.66525175029843, 29.161987377516017, 51.755478992480505, 96.86366138114099, 71.76832108034496, 58.42237945459492, 68.49798438569499, 40.36555418865172, 55.46158659810095, 18.106410457683804, 74.81876876844825, 50.42193939031654, 55.94792856606066, 80.8131764689707, 95.3299094093107, 56.42113763124157, 34.68447839262707, 55.3957043429097, 61.35741352360719, 52.112430928028516, 25.40907594020914, 102.61684699714013, 66.16256795922092, 49.11629472464316, 60.17450870195035, 82.46081115104553, 57.7111593004011, 41.0017976588782, 99.35044728998373, 41.550483559915726, 75.0207965286656, 4.900591708948937, 43.26234077548083, 49.24339915337686, 38.907542867715534, 35.5963372733234, 12.984568038104081, 102.30067355136644, 32.92712078439991, 35.37066602404545, 62.491219183044336, 74.32484703914244, 5.115915265805026], [53.89864812974507, 75.78688973144835, 31.076591346995993, 74.22095977032279, 9.954060885249323, 63.837641396644884, 35.82453246714107, 82.60893559379697, 33.31043590506417, 48.186990059769535, 67.0329851908675, 40.13203244796775, 40.84156072624078, 80.15213545049207, 0.0, 73.13886025116166, 22.072701907343443, 43.84319006610694, 19.05176573643717, 82.43621460254207, 28.640398890015817, 78.2762343700897, 55.27598761883682, 75.29780527161749, 67.31337379685039, 66.33543120824656, 51.155106340992646, 41.287770934854684, 7.525338634604584, 7.239006357175015, 87.1456584041969, 39.21856656172353, 71.68358648871889, 57.96084185055316, 76.28457719621512, 17.199626406940236, 49.01958951463075, 58.06788352597962, 35.19389946323506, 77.2055479386954, 23.08579469497386, 69.6680364621521, 52.42820684859555, 43.19807355275101, 104.38776855584196, 44.05008692679893, 32.88923653397251, 70.64592170273835, 71.78873069344127, 59.79575243386322, 74.32673434075144, 33.890428251487556, 79.1754621613429, 42.738024618859725, 18.447710762740563, 58.43095591807256, 32.77789224766948, 29.181763857492403, 40.818379275817925, 25.24162946628673, 62.46781021877947, 34.35326774826889, 102.57433449503937, 24.94831566844214, 37.74175188720569, 47.87647303394731, 72.94301128097955, 51.184210309356516, 40.091774277809655, 45.388290116774144, 84.89808919062475, 93.81057196432656, 76.24269209863832, 58.95029918002289, 62.373465563518046, 28.444659180031877, 14.913240951809826, 76.87005503034884, 44.12400795325628, 76.96457859981021, 45.49681155887073, 8.181966675737947, 82.81590609638259, 87.33932164770967, 58.44209528423957, 41.398875161590844, 97.55253780206603, 78.97302300418241, 76.21179355638391, 58.815767707254416, 44.845070673398794, 19.352909973635725, 11.965286676421945, 80.79815648018543], [76.54488461726717, 4.183033494459418, 82.02730028488587, 20.61347457173746, 63.23950114211098, 13.837980230551876, 47.12861608869804, 41.54169535348788, 74.5392671070423, 57.04009791263322, 10.400532193834882, 68.58839214300478, 32.534670990432474, 13.614578875280516, 73.13886025116166, 0.0, 61.260414003431656, 50.37599997122767, 87.57866555761464, 28.104606780167824, 59.96185694055285, 7.960761947279143, 35.82296575478298, 22.23462864515377, 32.990290430163995, 83.6426917745989, 29.300014709367048, 42.3297519897751, 79.37772116164484, 70.39235806815815, 24.007632311810866, 33.92542546679497, 14.27552560012193, 76.42672273417969, 72.72003352975503, 85.07472282275674, 72.30094784374643, 54.31358139182251, 69.02462500014315, 38.203242258870624, 82.06998831071176, 12.403009081205674, 26.893716936246836, 73.680257441024, 41.91065062345402, 41.04780186139661, 67.59966510817277, 49.613727244175685, 49.81710978576449, 49.7958474287462, 5.700868570155463, 41.47529987163216, 17.43646780794845, 51.989420339322756, 88.65636385103855, 58.40366853462029, 47.75679301459554, 66.4163199968344, 36.49009311327413, 47.90576909802657, 17.603087131348296, 63.31257034180617, 42.19405306081358, 48.240080690383394, 69.03749063514648, 83.14619362169465, 42.939456277381, 35.102908345275345, 55.19688470233289, 48.83422990197098, 39.80578673305506, 22.12265616926403, 89.13140167433613, 52.732298766029615, 35.53974509135825, 57.324570469907286, 77.72086311872643, 44.40599537135912, 30.723528538173735, 85.80472809751511, 30.63261533208225, 69.09894268029751, 18.50721120341536, 32.15985032178857, 53.58408745527238, 32.14484889618001, 29.69463758163191, 5.884961703639577, 88.81104252828482, 20.070040574802782, 29.07804283517245, 54.39542603943998, 65.78962085544678, 10.293301717126125], [68.24548183927607, 64.69104608562829, 50.765219304146996, 57.1975827982231, 16.473474825224102, 49.41994689438953, 16.105520950821123, 81.70867108040484, 50.247571049335875, 56.70114037947878, 53.04147603542503, 53.925556412433615, 29.93165373990798, 65.14506652165971, 22.072701907343443, 61.260414003431656, 0.0, 22.13565461185107, 27.825047563898668, 77.50475424665947, 6.643517707188651, 67.84938014505593, 35.677721788826965, 69.68432218674506, 47.79077848008687, 80.59977666390573, 34.35645846666996, 21.99385256253542, 29.42619815704635, 15.208046424971915, 79.90786097910383, 30.374951814297862, 56.13375134296072, 71.60667625917404, 85.71795101351981, 25.380905095766614, 62.813882324724744, 64.58989581371888, 49.80501143745266, 76.17605706784511, 44.04065713178183, 54.70958173095594, 36.25607758692667, 58.331974721174426, 98.3499765239773, 45.485022900418905, 47.21371043795082, 49.010129866883084, 50.16152317676902, 38.003542054438114, 60.916424387744264, 20.00749046350236, 71.57555998073998, 20.873756370629053, 40.247986162503636, 66.29590631409472, 36.20901238156281, 9.839151963769044, 24.995609741870314, 20.574475716734252, 47.05304711117812, 46.67453155809009, 97.22754874994627, 21.043530960520798, 52.02170136204392, 65.14058061387648, 73.96673243957616, 32.27799901656629, 18.038740522793674, 50.68706147213863, 83.05866553816722, 83.23309504944642, 90.19521326126852, 64.8322740407462, 62.00961891681757, 6.549463756433868, 17.600091996632287, 77.77685565549902, 38.217009217834615, 89.90545394218182, 40.54321519422702, 14.009779539987758, 66.8701958655984, 82.67502529357047, 36.43143745335244, 29.96332308765517, 89.07977898195851, 67.0911794804927, 90.08621331761539, 52.26939476181585, 32.44430531838736, 21.523607815486507, 26.550491348933672, 66.92833090634097], [82.49465324818435, 54.40873327185653, 70.01255544413145, 39.99891280456033, 36.370110310000946, 36.70771092197531, 10.47892783772713, 81.11179728342901, 67.59336588384356, 67.16298262568482, 40.40344295671064, 68.75146927577607, 27.934951163486755, 49.98561243155189, 43.84319006610694, 50.37599997122767, 22.13565461185107, 0.0, 48.4696765880609, 73.04090930595905, 16.33217080392188, 58.06335402364395, 16.673595433325456, 65.18174934525724, 27.752957392510282, 94.16618859308865, 21.163634648919395, 9.992912117381595, 51.32313175321424, 37.26549995531248, 72.76093046372401, 30.784538119897768, 41.02058091756072, 85.0860636152896, 94.73705931114985, 46.20618808067405, 76.95619165171837, 72.53328385407514, 65.58239881939514, 75.8834085905194, 64.4525676825366, 40.55045015757774, 23.59709013685805, 73.81791791223341, 91.41320918966773, 51.65624371431998, 63.04410649565636, 26.880595236816777, 28.03089383420262, 15.952846597875972, 48.14040153243276, 20.538258254600365, 64.69886863515192, 1.8048231695658639, 62.22045995544186, 75.2535898940889, 46.25532701448993, 20.361669721153348, 18.271995956535115, 30.942536867906878, 33.26791571798753, 61.19640083230327, 91.07469818780287, 31.74137702789756, 67.36694873756993, 81.90958084064034, 75.91034460401765, 15.49375146764008, 5.64001720295512, 59.28095844966269, 81.40773483678699, 72.15095570334543, 103.10200604039618, 72.18551873023881, 63.83214771385251, 15.586507244595495, 38.60614486481351, 79.28737606903779, 38.99838676525176, 101.90799905827404, 41.67154887617526, 36.009406952733535, 50.4254401662408, 78.1067519840585, 15.018087277351308, 27.238848230512268, 80.00239938213684, 55.63519906574111, 102.92634432100208, 49.02841901671955, 27.212191064744005, 36.31820257546678, 45.59430700808871, 53.054915343315535], [71.40635539450085, 90.67916626817698, 45.74169041590988, 84.99461613581872, 26.47560927963736, 76.60905141681079, 43.9242338409688, 101.11692242230353, 50.253540796699255, 67.16839508187661, 80.12210898335188, 58.23267793174158, 55.15413276141255, 92.61534533414167, 19.05176573643717, 87.57866555761464, 27.825047563898668, 48.4696765880609, 0.0, 99.94476264203685, 32.27273385176468, 93.53668301302736, 63.337982948538475, 92.52434086705236, 75.37303464588204, 83.61912033978932, 62.02181565250341, 49.81080213079741, 19.356503649092883, 17.863622755023933, 103.89077647940711, 54.428946872771, 83.68986268157033, 75.67247047505131, 94.95519468699473, 2.508300320008623, 66.87357365947418, 77.11234992597205, 53.17676654968998, 95.6567680133458, 36.6811761516817, 82.10641085609511, 63.80521345421944, 60.65978532925801, 121.67346980157826, 62.596657707966564, 51.06564257971295, 74.53760589377114, 75.68334659578177, 63.41695366001288, 87.85775925666029, 46.266240509819475, 95.71294697067208, 46.886459050717626, 24.564436615433266, 77.40772590402787, 51.40921993487259, 28.698912747875475, 52.251513519083844, 41.10995182082568, 74.51496282554129, 53.01230802191332, 120.07849877755973, 41.07222159527828, 55.751057432733596, 63.872031046804835, 91.70743347109602, 60.08334788719155, 43.307107867246685, 64.39766100921256, 103.23168738452979, 109.10937446806656, 93.51124875618738, 78.00202753900072, 80.83431394901805, 33.75789371050113, 10.22833884355349, 95.63839241184611, 60.698232155577585, 94.65329600982001, 62.44500308216485, 18.97402783664175, 94.55060594376317, 104.9650672696943, 60.900791705316614, 55.46718471429135, 113.86475577223148, 93.4626544847978, 93.51678348051976, 75.50082105839448, 58.51518690653457, 36.824976201357174, 31.007417904090744, 94.07251914186172], [65.64452731567725, 24.523048493567863, 80.5174714588856, 48.687053970771146, 73.55614015810325, 40.01178034112974, 66.85544294848447, 15.095690341381175, 71.62971731872688, 48.4294338685072, 37.46533593892026, 62.900500492538, 47.9771520859362, 39.956047132450564, 82.43621460254207, 28.104606780167824, 77.50475424665947, 73.04090930595905, 99.94476264203685, 0.0, 78.34352796509334, 21.46144365611596, 61.19815880653222, 7.933240913555645, 60.63717345682958, 68.87715080043002, 52.50024074861212, 63.558036024961474, 86.94264650509344, 82.08723154193022, 9.575891129771586, 47.13122520661874, 42.37276473139655, 63.91345815160319, 52.691058845711616, 97.57409755667193, 63.032711630479774, 40.96473156220952, 65.36595516524297, 14.35775121589526, 83.63532070207938, 40.32575933214143, 50.15321548243286, 66.831228346839, 22.048297699855773, 39.768331185420344, 64.95449975482175, 77.20803467910594, 77.50369730747975, 75.9840688078532, 33.545156988034165, 58.09682354511297, 10.826256264514173, 74.37466026319531, 93.9749546141026, 44.73478700804295, 50.57075725503637, 84.95740446410547, 55.88204009928806, 59.03706441060327, 43.83628652954893, 60.42554850123082, 20.150143223636498, 58.983625700533445, 64.33173245708679, 75.31852784908793, 21.778188258482494, 59.19755550823904, 76.88441713454264, 43.32033144837466, 12.299299588672922, 24.553957970627867, 71.71296635319275, 39.02650606782109, 23.235093570541373, 75.48645333508492, 91.23544632974338, 21.056426761322406, 39.58321619847096, 67.55889057649055, 37.59151161375539, 81.02459541307955, 44.58092461881275, 5.1820472507696955, 79.404334793995, 48.184651836297114, 19.803949294803587, 26.975509081101926, 71.34675130682581, 25.255781216421074, 46.723674753990835, 63.28665915911922, 72.16305295132733, 35.08007221476134], [73.95759810863547, 63.624215723426346, 57.3072123488461, 53.7660729563126, 22.95412851361624, 47.356273296613395, 12.977858975688097, 83.70476572607944, 56.497527514983545, 61.45125575446613, 51.067511465619404, 59.6877716476839, 30.367467074623335, 62.497689152872276, 28.64039889