instance_id,num_cities,city_coordinates,distance_matrix,best_route,total_distance
1352,23,"[[62.5934101083204, 85.63697946233613], [71.94626877404947, 2.760221265500684], [30.221096978094653, 1.4270742028552386], [83.51340356147756, 44.6657406862536], [89.75614222584187, 81.70533314479077], [75.94525729393582, 90.0889542034321], [17.55451433046741, 99.73364202918302], [80.92128329575814, 35.294034078807314], [71.02593481790979, 88.51823622122804], [45.910867416802105, 68.0340315459575], [68.45282295157827, 17.977470791319018], [56.499583246501075, 8.086546470009392], [54.544709111792486, 28.850979339789973], [54.11007703859785, 95.56286673394916], [27.946406407659218, 60.8169417795994], [81.59270704427493, 70.40121224796133], [80.95144810070047, 53.37427500411911], [4.04169564164717, 39.54406564605233], [45.77978041397613, 0.8879829188289778], [80.56453568282373, 54.38412496645804], [1.0038485926572749, 2.754735856503865], [69.2998420764123, 75.82420030275107], [31.361091307033373, 76.16118119943533]]","[[0.0, 83.40283576976165, 90.21792948861182, 46.003136120561464, 27.445798564707502, 14.074512508907123, 47.19341085799845, 53.57539626977821, 8.911179130086875, 24.252237133944345, 67.91275161905291, 77.78948761316782, 57.35356482076176, 13.057188751818588, 42.61982092883663, 24.3536832259761, 37.12007082277627, 74.51751452552747, 86.40075554432335, 36.05138372594171, 103.26054615790183, 11.885573800933297, 32.63814471480296], [83.40283576976165, 0.0, 41.74646383219283, 43.47264847135068, 80.92911887573278, 87.42024654350232, 111.18591316376865, 33.74907201444444, 85.76295321254732, 70.27455038889988, 15.613098566446052, 16.339211546802307, 31.36147215247048, 94.50111502816425, 72.84621256533146, 68.32537912365062, 51.40890672403856, 77.22747088767322, 26.233383112450475, 52.33834118346312, 70.94242039346356, 73.11189100975113, 83.87405766536081], [90.21792948861182, 41.74646383219283, 0.0, 68.62690594977916, 99.9450872799647, 99.75784581588276, 99.11923927150347, 60.97113959805196, 96.17642794803761, 68.42993250709212, 41.660298824504075, 27.109175779352277, 36.65663214467701, 97.11967258896767, 59.43341306011657, 86.00275600152024, 72.60909169043298, 46.24138937159597, 15.56802009474826, 73.06785234421235, 29.247397981408742, 84.0361867910669, 74.74280122959198], [46.003136120561464, 43.47264847135068, 68.62690594977916, 0.0, 37.56199136795163, 46.04937745674846, 85.92466948963653, 9.723578158682413, 45.595813845862374, 44.27220055763374, 30.64449115733766, 45.4728923372986, 33.004422954580114, 58.77986943270707, 57.86667840346593, 25.80704499966359, 9.077564968010249, 79.63657397774124, 57.79548763511701, 10.15592510722096, 92.54382198176214, 34.24726172648894, 60.92476053793251], [27.445798564707502, 80.92911887573278, 99.9450872799647, 37.56199136795163, 0.0, 16.156288084125134, 74.41837805255615, 47.244718364137135, 19.930788189960833, 45.927253461169194, 67.1942843718441, 80.78195631830998, 63.5092728512095, 38.24491077918607, 65.2439141662955, 13.943630202131043, 29.66768433847538, 95.52245196986384, 92.00741543894107, 28.825926648859866, 118.78622158031745, 21.28492281661529, 58.65764734971413], [14.074512508907123, 87.42024654350232, 99.75784581588276, 46.04937745674846, 16.156288084125134, 0.0, 59.18191334421374, 55.020397183542954, 5.16399928376778, 37.26236960686825, 72.49967318733235, 84.27650392154138, 64.86966184508982, 22.51085993859082, 56.22046244690657, 20.481720435251752, 37.054414245838515, 87.89145542976527, 94.16352411370325, 36.0023966379396, 115.08032165579398, 15.736732420051114, 46.70900039177172], [47.19341085799845, 111.18591316376865, 99.11923927150347, 85.92466948963653, 74.41837805255615, 59.18191334421374, 0.0, 90.37593972899344, 54.63495343076612, 42.531730098187914, 96.30529246082371, 99.57865492818685, 79.9539015927218, 36.792723893066004, 40.28028027782259, 70.43636534433794, 78.53892106740389, 61.68777329501895, 102.79654649084853, 77.63273464619665, 98.3810590449911, 57.00210826982541, 27.318171193911027], [53.57539626977821, 33.74907201444444, 60.97113959805196, 9.723578158682413, 47.244718364137135, 55.020397183542954, 90.37593972899344, 0.0, 54.13625047226044, 47.933669316738715, 21.338366091244513, 36.56045425427281, 27.152101577082714, 65.96342145899865, 58.80269040454178, 35.113598061873354, 18.080266088550157, 76.99697244819897, 49.180296676751965, 19.093423971569365, 86.28790354577164, 42.16339965129972, 64.23656547277659], [8.911179130086875, 85.76295321254732, 96.17642794803761, 45.595813845862374, 19.930788189960833, 5.16399928376778, 54.63495343076612, 54.13625047226044, 0.0, 32.409400669258865, 70.58767946401201, 81.7329285307486, 61.901634425364726, 18.32411153291394, 51.217257655905314, 20.97339345293943, 36.51867774107533, 82.97805542159422, 91.19446039113274, 35.44181792195701, 110.71797755625208, 12.81085258879493, 41.545115471664374], [24.252237133944345, 70.27455038889988, 68.42993250709212, 44.27220055763374, 45.927253461169194, 37.26236960686825, 42.531730098187914, 47.933669316738715, 32.409400669258865, 0.0, 54.89807859947959, 60.87546196829342, 40.12299593257468, 28.723923917698915, 19.35996498046125, 35.76027437921344, 37.98355902927956, 50.64292351469443, 67.14617658540968, 37.245089259129685, 79.23400018542051, 24.6521979727409, 16.665729697028624], [67.91275161905291, 15.613098566446052, 41.660298824504075, 30.64449115733766, 67.1942843718441, 72.49967318733235, 96.30529246082371, 21.338366091244513, 70.58767946401201, 54.89807859947959, 0.0, 15.514842035190311, 17.654144520030187, 78.89998747717902, 58.95752755827873, 54.045399640324426, 37.53863848220354, 67.92577813293242, 28.392207622090613, 38.36845127852284, 69.14546840513863, 57.85293040604441, 69.00101965367233], [77.78948761316782, 16.339211546802307, 27.109175779352277, 45.4728923372986, 80.78195631830998, 84.27650392154138, 99.57865492818685, 36.56045425427281, 81.7329285307486, 60.87546196829342, 15.514842035190311, 0.0, 20.85625098828111, 87.50895009561575, 59.96481048995158, 67.17724639301807, 51.46719392610449, 61.16702939226814, 12.912532283351437, 52.1784218848874, 55.751275942243055, 68.93646620531882, 72.56789696922081], [57.35356482076176, 31.36147215247048, 36.65663214467701, 33.004422954580114, 63.5092728512095, 64.86966184508982, 79.9539015927218, 27.152101577082714, 61.901634425364726, 40.12299593257468, 17.654144520030187, 20.85625098828111, 0.0, 66.71330320655713, 41.584762370897465, 49.5783828586498, 36.03759001748615, 51.622635193477436, 29.30449016646565, 36.455080583907396, 59.56204889918113, 49.23613953630786, 52.685247788328134], [13.057188751818588, 94.50111502816425, 97.11967258896767, 58.77986943270707, 38.24491077918607, 22.51085993859082, 36.792723893066004, 65.96342145899865, 18.32411153291394, 28.723923917698915, 78.89998747717902, 87.50895009561575, 66.71330320655713, 0.0, 43.49502226482413, 37.26129102032261, 50.00336461319143, 75.13287490197528, 95.04066217814714, 48.94412279030829, 106.92810975939601, 24.906704205617352, 29.898858730645344], [42.61982092883663, 72.84621256533146, 59.43341306011657, 57.86667840346593, 65.2439141662955, 56.22046244690657, 40.28028027782259, 58.80269040454178, 51.217257655905314, 19.35996498046125, 58.95752755827873, 59.96481048995158, 41.584762370897465, 43.49502226482413, 0.0, 54.49572288175349, 53.525019697445046, 31.99953836854414, 62.52606927182528, 53.00989210109146, 64.00875860591793, 43.99232262554921, 15.719597842669543], [24.3536832259761, 68.32537912365062, 86.00275600152024, 25.80704499966359, 13.943630202131043, 20.481720435251752, 70.43636534433794, 35.113598061873354, 20.97339345293943, 35.76027437921344, 54.045399640324426, 67.17724639301807, 49.5783828586498, 37.26129102032261, 54.49572288175349, 0.0, 17.039008332014372, 83.46450063339627, 78.19625800248826, 16.05005362395412, 105.21696571710703, 13.43589701361604, 50.56077987823999], [37.12007082277627, 51.40890672403856, 72.60909169043298, 9.077564968010249, 29.66768433847538, 37.054414245838515, 78.53892106740389, 18.080266088550157, 36.51867774107533, 37.98355902927956, 37.53863848220354, 51.46719392610449, 36.03759001748615, 50.00336461319143, 53.525019697445046, 17.039008332014372, 0.0, 78.1433600135086, 63.18114485135387, 1.0814333846997501, 94.62534761159624, 25.29345901333749, 54.57514618283074], [74.51751452552747, 77.22747088767322, 46.24138937159597, 79.63657397774124, 95.52245196986384, 87.89145542976527, 61.68777329501895, 76.99697244819897, 82.97805542159422, 50.64292351469443, 67.92577813293242, 61.16702939226814, 51.622635193477436, 75.13287490197528, 31.99953836854414, 83.46450063339627, 78.1433600135086, 0.0, 56.88901873187878, 77.94852409507608, 36.91454050990226, 74.66507782631344, 45.68547396023955], [86.40075554432335, 26.233383112450475, 15.56802009474826, 57.79548763511701, 92.00741543894107, 94.16352411370325, 102.79654649084853, 49.180296676751965, 91.19446039113274, 67.14617658540968, 28.392207622090613, 12.912532283351437, 29.30449016646565, 95.04066217814714, 62.52606927182528, 78.19625800248826, 63.18114485135387, 56.88901873187878, 0.0, 63.81078602472883, 44.81482831605753, 78.54062627974918, 76.64171824113907], [36.05138372594171, 52.33834118346312, 73.06785234421235, 10.15592510722096, 28.825926648859866, 36.0023966379396, 77.63273464619665, 19.093423971569365, 35.44181792195701, 37.245089259129685, 38.36845127852284, 52.1784218848874, 36.455080583907396, 48.94412279030829, 53.00989210109146, 16.05005362395412, 1.0814333846997501, 77.94852409507608, 63.81078602472883, 0.0, 94.84459262460055, 24.219210401502504, 53.80724037353849], [103.26054615790183, 70.94242039346356, 29.247397981408742, 92.54382198176214, 118.78622158031745, 115.08032165579398, 98.3810590449911, 86.28790354577164, 110.71797755625208, 79.23400018542051, 69.14546840513863, 55.751275942243055, 59.56204889918113, 106.92810975939601, 64.00875860591793, 105.21696571710703, 94.62534761159624, 36.91454050990226, 44.81482831605753, 94.84459262460055, 0.0, 100.01744528028344, 79.435938989253], [11.885573800933297, 73.11189100975113, 84.0361867910669, 34.24726172648894, 21.28492281661529, 15.736732420051114, 57.00210826982541, 42.16339965129972, 12.81085258879493, 24.6521979727409, 57.85293040604441, 68.93646620531882, 49.23613953630786, 24.906704205617352, 43.99232262554921, 13.43589701361604, 25.29345901333749, 74.66507782631344, 78.54062627974918, 24.219210401502504, 100.01744528028344, 0.0, 37.9402473116054], [32.63814471480296, 83.87405766536081, 74.74280122959198, 60.92476053793251, 58.65764734971413, 46.70900039177172, 27.318171193911027, 64.23656547277659, 41.545115471664374, 16.665729697028624, 69.00101965367233, 72.56789696922081, 52.685247788328134, 29.898858730645344, 15.719597842669543, 50.56077987823999, 54.57514618283074, 45.68547396023955, 76.64171824113907, 53.80724037353849, 79.435938989253, 37.9402473116054, 0.0]]",Route_2,1200.1656589007869
