instance_id,num_cities,city_coordinates,distance_matrix,best_route,total_distance
2452,22,"[[55.64663355369432, 48.34860753414362], [3.3058297283304894, 0.48545224256308916], [28.93066241361253, 68.97964799039032], [81.79550134761516, 24.24680210700354], [79.07552306365662, 77.47841068744815], [96.4172760391298, 43.519377411200956], [32.399377629938584, 36.884686460802875], [17.84349830819416, 18.706650586195206], [90.84014770901825, 80.45046379688081], [54.48336042196662, 88.08950301991109], [3.265985469781152, 29.827082440261034], [6.236683412272869, 1.5670108007396877], [69.82131640393247, 82.68581978391356], [55.283950611471376, 89.08179561397944], [81.74217561698518, 20.92589510043119], [47.73979914710017, 61.69781565255771], [35.678315939327696, 67.20238399076048], [36.687813355436994, 46.28902523650841], [49.2006469329065, 48.468528355948784], [79.90819145913483, 59.28268389561043], [37.724838500200406, 17.46758422831398], [17.378730014807587, 62.51568972058779]]","[[0.0, 70.9256045413162, 33.75474698860845, 35.5620628163169, 37.382593481730126, 41.05565432745572, 25.920192791728656, 48.03876191258059, 47.635203517088335, 39.75791717871666, 55.558790353049254, 68.04308169023933, 37.14789063985446, 40.73480268841201, 37.85475495626763, 15.515134150951893, 27.462676399511842, 19.070362937044024, 6.4471020248541135, 26.611599310778562, 35.70473831796884, 40.80611055882444], [70.9256045413162, 0.0, 73.13061534877423, 82.00750147567895, 108.02297014165627, 102.57514391658822, 46.5976263470302, 23.309995212696574, 118.56078566383711, 101.45742634473949, 29.341657250799575, 3.1240474118431147, 105.74124262379976, 102.71824136602183, 81.05598102910388, 75.63948091139578, 74.15609783001553, 56.67736876295585, 66.39811623490844, 96.56622739239174, 38.38047643815175, 63.606578936877796], [33.75474698860845, 73.13061534877423, 0.0, 69.25112776226011, 50.85996477577665, 72.129525137806, 32.281860863922795, 51.48105938986382, 62.96319547806075, 31.908101396909274, 46.81451731875915, 71.13002415138571, 43.12661276972306, 33.14501678865129, 71.4018143581748, 20.169499420048552, 6.977785854228872, 23.979944780862855, 28.837099387261375, 51.891613775662435, 52.25734633589934, 13.237443055979803], [35.5620628163169, 82.00750147567895, 69.25112776226011, 0.0, 53.30105471683342, 24.191495488815452, 50.98718622626685, 64.19152569948488, 56.92677063695973, 69.43949525880392, 78.72753262108958, 78.88921283345324, 59.65316330344703, 70.04597565517047, 3.3213351200757404, 50.619850532764744, 63.023621007956294, 50.205210053246205, 40.609316133061085, 35.08667768997788, 44.58902464572697, 74.92681888432446], [37.382593481730126, 108.02297014165627, 50.85996477577665, 53.30105471683342, 0.0, 38.13072694454693, 61.85881504796648, 84.87332113834591, 12.134228147333426, 26.78375895731193, 89.54180629135415, 105.20473941092081, 10.618731110581598, 26.470312833452372, 56.6153517613374, 35.08496505669995, 44.597245552421086, 52.625998319419914, 41.64230417154053, 18.214769011437642, 72.8778320628075, 63.485252549270285], [41.05565432745572, 102.57514391658822, 72.129525137806, 24.191495488815452, 38.13072694454693, 0.0, 64.36078340679845, 82.398482749398, 37.3498259974137, 61.19599150078019, 94.15222714469611, 99.46125049862216, 47.342953826858576, 61.38309550049208, 26.9411212707841, 51.96106593853614, 65.19283760239932, 59.793642317213646, 47.47530051751702, 22.826118920895286, 64.21446996047733, 81.28930826987435], [25.920192791728656, 46.5976263470302, 32.281860863922795, 50.98718622626685, 61.85881504796648, 64.36078340679845, 0.0, 23.28764932507595, 72.89239029098013, 55.76410615091498, 29.97606233761017, 43.9525287413193, 59.14512080709538, 56.99334947601982, 51.85937460936415, 29.172245587388538, 30.494494912275183, 10.335969658429233, 20.407548682842574, 52.523877242135065, 20.13415984310284, 29.708049126138278], [48.03876191258059, 23.309995212696574, 51.48105938986382, 64.19152569948488, 84.87332113834591, 82.398482749398, 23.28764932507595, 0.0, 95.60757968666954, 78.4631104886561, 18.334881651513818, 20.699888985290478, 82.43195779079818, 79.71479477710295, 63.93720363002257, 52.36438749392185, 51.67123840573651, 33.40502358852607, 43.23239685992498, 74.1514707544442, 19.91991398750296, 43.811504418876986], [47.635203517088335, 118.56078566383711, 62.96319547806075, 56.92677063695973, 12.134228147333426, 37.3498259974137, 72.89239029098013, 95.60757968666954, 0.0, 37.15065143556589, 101.15315433481044, 115.67344262018433, 21.137362319372237, 36.58883765544432, 60.215839898533034, 47.003211151831096, 56.73040897734632, 64.02717548397833, 52.50421144471894, 23.823991550493623, 82.38980028557494, 75.61901884321802], [39.75791717871666, 101.45742634473949, 31.908101396909274, 69.43949525880392, 26.78375895731193, 61.19599150078019, 55.76410615091498, 78.4631104886561, 37.15065143556589, 0.0, 77.57402367282998, 99.06504682426737, 16.262001298109734, 1.2749859778735384, 72.48443442972979, 27.23961785275261, 28.10518527481956, 45.430842368569536, 39.97159860613334, 38.422062169133056, 72.58307978316472, 45.06410461021628], [55.558790353049254, 29.341657250799575, 46.81451731875915, 78.72753262108958, 89.54180629135415, 94.15222714469611, 29.97606233761017, 18.334881651513818, 101.15315433481044, 77.57402367282998, 0.0, 28.415782504383074, 84.99210662949615, 78.84788983087459, 78.97938690619767, 54.71438328716023, 49.47193479598167, 37.25606178657808, 49.57314423717185, 82.10761350819362, 36.60832894606303, 35.60498005224275], [68.04308169023933, 3.1240474118431147, 71.13002415138571, 78.88921283345324, 105.20473941092081, 99.46125049862216, 43.9525287413193, 20.699888985290478, 115.67344262018433, 99.06504682426737, 28.415782504383074, 0.0, 103.06923267169837, 100.32184199174789, 77.94771166881497, 73.06313918677387, 71.93616572803582, 54.10480468506076, 63.60545975294829, 93.58733898713454, 35.27509243314692, 61.958749701456945], [37.14789063985446, 105.74124262379976, 43.12661276972306, 59.65316330344703, 10.618731110581598, 47.342953826858576, 59.14512080709538, 82.43195779079818, 21.137362319372237, 16.262001298109734, 84.99210662949615, 103.06923267169837, 0.0, 15.882175890053759, 62.8998822040776, 30.464565018749123, 37.489748794659796, 49.21946441795848, 39.950407283275275, 25.484344562606378, 72.68839070175123, 56.18771230395757], [40.73480268841201, 102.71824136602183, 33.14501678865129, 70.04597565517047, 26.470312833452372, 61.38309550049208, 56.99334947601982, 79.71479477710295, 36.58883765544432, 1.2749859778735384, 78.84788983087459, 100.32184199174789, 15.882175890053759, 0.0, 73.11131543923337, 28.404164832730448, 29.378385998482134, 46.658734631623176, 41.06633732167827, 38.656697951681984, 73.73545748503199, 46.287835667922984], [37.85475495626763, 81.05598102910388, 71.4018143581748, 3.3213351200757404, 56.6153517613374, 26.9411212707841, 51.85937460936415, 63.93720363002257, 60.215839898533034, 72.48443442972979, 78.97938690619767, 77.94771166881497, 62.8998822040776, 73.11131543923337, 0.0, 53.089651638607556, 65.29465975422255, 51.7028425630004, 42.63270734711389, 38.400608648421624, 44.15298269585966, 76.63135224130708], [15.515134150951893, 75.63948091139578, 20.169499420048552, 50.619850532764744, 35.08496505669995, 51.96106593853614, 29.172245587388538, 52.36438749392185, 47.003211151831096, 27.23961785275261, 54.71438328716023, 73.06313918677387, 30.464565018749123, 28.404164832730448, 53.089651638607556, 0.0, 13.25819179833064, 18.962521246523565, 13.309700170534027, 32.25892628939137, 45.349893148728675, 30.372083182537967], [27.462676399511842, 74.15609783001553, 6.977785854228872, 63.023621007956294, 44.597245552421086, 65.19283760239932, 30.494494912275183, 51.67123840573651, 56.73040897734632, 28.10518527481956, 49.47193479598167, 71.93616572803582, 37.489748794659796, 29.378385998482134, 65.29465975422255, 13.25819179833064, 0.0, 20.93770902981468, 23.10434553164984, 44.93332324783861, 49.77688782962238, 18.890207732869538], [19.070362937044024, 56.67736876295585, 23.979944780862855, 50.205210053246205, 52.625998319419914, 59.793642317213646, 10.335969658429233, 33.40502358852607, 64.02717548397833, 45.430842368569536, 37.25606178657808, 54.10480468506076, 49.21946441795848, 46.658734631623176, 51.7028425630004, 18.962521246523565, 20.93770902981468, 0.0, 12.7012297823911, 45.13132225822616, 28.84009159034872, 25.221921808899797], [6.4471020248541135, 66.39811623490844, 28.837099387261375, 40.609316133061085, 41.64230417154053, 47.47530051751702, 20.407548682842574, 43.23239685992498, 52.50421144471894, 39.97159860613334, 49.57314423717185, 63.60545975294829, 39.950407283275275, 41.06633732167827, 42.63270734711389, 13.309700170534027, 23.10434553164984, 12.7012297823911, 0.0, 32.55609391291114, 33.05681043278228, 34.784438169195674], [26.611599310778562, 96.56622739239174, 51.891613775662435, 35.08667768997788, 18.214769011437642, 22.826118920895286, 52.523877242135065, 74.1514707544442, 23.823991550493623, 38.422062169133056, 82.10761350819362, 93.58733898713454, 25.484344562606378, 38.656697951681984, 38.400608648421624, 32.25892628939137, 44.93332324783861, 45.13132225822616, 32.55609391291114, 0.0, 59.39644624928311, 62.612984876796475], [35.70473831796884, 38.38047643815175, 52.25734633589934, 44.58902464572697, 72.8778320628075, 64.21446996047733, 20.13415984310284, 19.91991398750296, 82.38980028557494, 72.58307978316472, 36.60832894606303, 35.27509243314692, 72.68839070175123, 73.73545748503199, 44.15298269585966, 45.349893148728675, 49.77688782962238, 28.84009159034872, 33.05681043278228, 59.39644624928311, 0.0, 49.429707048923554], [40.80611055882444, 63.606578936877796, 13.237443055979803, 74.92681888432446, 63.485252549270285, 81.28930826987435, 29.708049126138278, 43.811504418876986, 75.61901884321802, 45.06410461021628, 35.60498005224275, 61.958749701456945, 56.18771230395757, 46.287835667922984, 76.63135224130708, 30.372083182537967, 18.890207732869538, 25.221921808899797, 34.784438169195674, 62.612984876796475, 49.429707048923554, 0.0]]",Route_2,971.3268901148322
