instance_id,num_cities,city_coordinates,distance_matrix,best_route,total_distance
2254,73,"[[59.67611372007892, 81.91887748848711], [1.9974189942122411, 15.990193454468315], [58.086894821653544, 1.3323494211572529], [5.639712628021664, 66.2778029822881], [68.66773264901119, 55.08216015650213], [38.60483103517286, 77.80334253279315], [83.49837654002478, 47.4423838898298], [65.25361984927886, 27.530190410124078], [44.711395656262766, 15.579428619639446], [25.13156750058495, 0.9070828119012275], [11.518748942910129, 31.39173926195893], [16.087076386581124, 96.16348134328003], [25.940787697165934, 4.926503733351217], [49.049402130791286, 66.78566499535864], [89.72944253871599, 50.72978228422341], [33.43250369148326, 93.89139157418315], [82.36700384887126, 38.19908111533454], [26.938734295023426, 26.908037557539654], [91.54740906187222, 39.51215939512737], [81.60556744407877, 24.21352229603452], [49.67293022894762, 40.86673683157797], [47.983434287790686, 77.581872987219], [89.05953628619882, 1.4325136979887576], [4.150031388873032, 14.610283204955167], [97.05199480550974, 88.939088526747], [27.73032276277516, 62.573515014722304], [29.133204301843797, 31.506622474708223], [97.92523026534856, 84.78763674516966], [79.3465533893991, 3.8989027382611785], [21.156236898161275, 25.788853724171766], [38.29631415102269, 27.118149812362212], [21.45893210387988, 24.430200009049063], [98.60092490769715, 35.63820037853943], [3.6363975452279984, 61.2495109756229], [28.36390703738678, 64.23606824984552], [19.54826360125913, 60.17053717186817], [91.80526860175283, 37.284102220501914], [90.4053157177855, 19.239459227642573], [43.69381703129205, 68.33288751936504], [66.6359098448414, 17.228283541597445], [27.438711973905484, 61.76664418358849], [68.58634182059508, 71.29348480393546], [88.18774030308188, 31.872229728467396], [28.36769969370374, 26.631733604174634], [24.796039574653893, 37.99589563336553], [6.5627826138868866, 84.24149053883487], [75.69330010030153, 85.55808557674861], [11.739940003897885, 60.37629480430721], [89.99568105663775, 25.31504783408931], [71.03893753121869, 18.01867836211337], [12.327570896274587, 35.375035786967025], [97.32368303861466, 54.71431709908852], [39.451531205852284, 29.493511058160273], [84.67001280860859, 87.88087626103628], [17.379547364899295, 27.395027148412343], [56.153501879384024, 26.53300701676261], [69.2410852530463, 66.510248871769], [9.226391774167364, 79.54973217082272], [15.130492285999363, 30.85510573769352], [11.77231622302598, 6.7637478597340595], [17.065610157053502, 87.03853603018973], [35.43371050749505, 71.29657692575474], [4.408986640566237, 4.207745324530643], [93.92663860063965, 87.62937205057769], [8.894443290415666, 20.8774726987344], [43.76251737124566, 30.867796183479523], [57.09196567124215, 61.23570677782353], [32.541134813329634, 19.597464782988318], [71.8051848082624, 1.8416155784897192], [4.87797680471661, 86.9585381405256], [51.522770445945774, 17.618302781274352], [52.1152110713062, 75.36243356901883], [2.489420287081756, 24.63549747824655]]","[[0.0, 87.5980776258087, 80.60219676071897, 56.25456296772872, 28.302978785279763, 21.469433666465466, 41.90619067298809, 54.673923004750236, 68.00636192998387, 88.06949841024453, 69.80059798915752, 45.85752844017049, 84.05889505770801, 18.491649995716433, 43.31237967073324, 28.845591705929632, 49.257457199360694, 64.01506480140725, 53.048178161115956, 61.7317500037069, 42.25330676375394, 12.471101007941362, 85.68220514153222, 87.25590343052419, 38.02946028980652, 37.346708143142926, 58.942894154467766, 38.35654697918495, 80.46143583612124, 68.07613736220874, 58.82359716513279, 69.03260830231167, 60.47348178951634, 59.72999665997781, 35.96020063778592, 45.64246555222382, 54.99587035982005, 69.80682866979237, 20.976485189122915, 65.06390479597437, 38.01792443728683, 13.866907892682915, 57.59843576369143, 63.536486114134426, 56.08785882377475, 53.16409006629974, 16.42541004201894, 52.55434919445405, 64.21269107443021, 64.90261330141661, 66.39438009254845, 46.44811709396183, 56.19121624621416, 25.69514391887078, 69.0061575610828, 55.49777871312372, 18.136000558955132, 50.50531946197351, 67.76297790361248, 89.12388750583837, 42.916965380583825, 26.467477831605358, 95.35971580194077, 34.72330921351788, 79.40296688621515, 53.47387634316493, 20.84397687066359, 67.97253534979282, 80.99063057208856, 55.02939204536516, 64.81543731414378, 10.007707316531137, 80.94259404786351], [87.5980776258087, 0.0, 57.97311178729321, 50.419341278296756, 77.28591452174317, 71.83987761206083, 87.35929466328459, 64.30022143315742, 42.715951704670346, 27.6168255556432, 18.106996914237406, 81.40193201845162, 26.37593856321959, 69.23921610002758, 94.35966822363146, 84.0045309397753, 83.38168180627693, 27.226247056718037, 92.58770762272671, 80.03174643135387, 53.77542916506197, 76.8651324740047, 88.27082364663788, 2.55693027248666, 119.82033915380154, 53.2183068496936, 31.25876539151884, 118.04758861835347, 78.28849150972648, 21.519155340248442, 37.96631668081997, 21.212831097218764, 98.58134474060019, 45.28898401566743, 54.98050678651553, 47.53877277978786, 92.29778113078771, 88.46758689571405, 66.92045450561412, 64.6503469945113, 52.37120229509874, 86.55945169224455, 87.64137472412679, 28.4364920643842, 31.686401322290592, 68.40381640433749, 101.34482969712899, 45.44274098975915, 88.49094323832499, 69.07131121468846, 21.965521859849275, 102.89146888205535, 39.81394363622249, 109.55833168862482, 19.148893043693583, 55.17274899146219, 84.10699525780593, 63.96931302811597, 19.835403481538552, 13.44157409481723, 72.62862636507039, 64.62802521224219, 12.026709543662102, 116.54678600189716, 8.453072965132527, 44.3358377095275, 71.29211421637979, 30.755991001373452, 71.22714667780748, 71.02678058858288, 49.55210567067517, 77.69720702124796, 8.659292519354072], [80.60219676071897, 57.97311178729321, 0.0, 83.47825380488634, 54.78134977539562, 78.91364645522579, 52.648634187652824, 27.160427465428103, 19.541833169157734, 32.95807109840803, 55.42706133456128, 103.71561276013415, 32.34640858702703, 66.07429752780868, 58.66308208309296, 95.78630009706526, 44.14385121604181, 40.30289974483486, 50.76715377946989, 32.81274194654926, 40.4198291446728, 76.9159915674935, 30.972803427743226, 55.54717600862656, 95.88127947345498, 68.35204335222416, 41.818691383485124, 92.47636429519618, 21.41402060208812, 44.29440255139885, 32.504993233283614, 43.30263680926591, 53.087456557297656, 80.96247836123818, 69.5725078267439, 70.33603936908494, 49.28952484777748, 36.94786747352357, 68.52906532070018, 18.04899940240639, 67.76145729912707, 70.74460298376833, 42.88059220535153, 39.029340233894104, 49.52268837544481, 97.61485450314163, 86.04626742507367, 75.0614928394545, 39.91666897620055, 21.12318593101404, 57.03350086667177, 66.25073601666895, 33.7687400096382, 90.53899524548322, 48.33581805741654, 25.274713678302263, 66.12544548790449, 92.22422524619587, 52.1233696083699, 46.63196628673323, 95.01734693515942, 73.54019234327792, 53.75486701963252, 93.44336974256696, 52.933062745215075, 32.82575825158845, 59.911619128636495, 31.403826097847986, 13.7277395144174, 100.811870090471, 17.5590434155073, 74.27054844117977, 60.28362865648503], [56.25456296772872, 50.419341278296756, 83.47825380488634, 0.0, 64.01463681103587, 34.9218712775784, 80.10458512813607, 71.09989742768398, 64.00719942064809, 68.21483315209451, 35.377966446513625, 31.65914055372197, 64.62287186821423, 43.41266021048684, 85.51504910880287, 39.17843169423283, 81.70368314691082, 44.761889521903875, 89.98073117732227, 86.83441027372842, 50.83941910767924, 43.82662162061286, 105.6587834565865, 51.68899060859441, 94.1792928165433, 22.399035815684716, 41.96402202981326, 94.1234865032043, 96.55995842313372, 43.3603221557699, 50.98952891938657, 44.73778693041506, 97.88039760964668, 5.412669565495542, 22.81573343708861, 15.190341861007242, 90.9128028394582, 96.94231919214425, 38.10955568344422, 78.27126824241356, 22.260883320051075, 63.146141535673735, 89.43109271370069, 45.69871128589949, 34.158910190158416, 17.987388049075903, 72.65834029661443, 8.48767181341061, 93.775672318896, 81.27731372925966, 31.618166748634415, 92.41030589723988, 49.96321855024541, 81.92973283076566, 40.61642495587999, 64.27512513307386, 63.60179738717114, 13.748031556658352, 36.67209264002385, 59.82918672340332, 23.697239734411497, 30.213745241821385, 62.08225788495077, 90.83210225120008, 45.51684590940469, 52.030921796386146, 51.69871446524244, 53.87708687367187, 92.35741419058697, 20.69475895364977, 66.88050504097156, 47.355068033412294, 41.76129726822807], [28.302978785279763, 77.28591452174317, 54.78134977539562, 64.01463681103587, 0.0, 37.68328783452953, 16.682750961003663, 27.762694449830107, 46.19926277532545, 69.50062360241476, 61.864710302407566, 66.72630937972691, 65.88764448783378, 22.844056510069663, 21.506715616783293, 52.418296451912035, 21.741858000585598, 50.34968210275495, 27.674979972286156, 33.47029089424166, 23.725108625337217, 30.562677830332774, 57.3943396224845, 76.16105697712966, 44.1809680387011, 41.61720708799996, 46.03026079242509, 41.69432222893019, 52.285399992227816, 55.81612697260028, 41.28448783874062, 56.28688577094171, 35.69402710037757, 65.323125778752, 41.33028420315555, 49.38232295248552, 29.191033490742193, 41.91922861346012, 28.27150927923516, 37.90836686912233, 41.76738527292157, 16.211528962174715, 30.32707650416029, 49.330714845907586, 47.08148137606979, 68.60970315641454, 31.275239858921243, 57.17343296596861, 36.61915290245695, 37.13925544913887, 59.68739043751911, 28.65831120715774, 38.83768002140848, 36.494228974073046, 58.28426274686029, 31.171463179513758, 11.442462361422201, 64.28012978576928, 58.76381770697693, 74.64420524840983, 60.69587304467585, 36.978473993254575, 81.95970060385383, 41.19870546450538, 68.86803877583534, 34.736222745857965, 13.109710795604308, 50.638865280850666, 53.332909099494245, 71.31084366388502, 41.20061089809167, 26.17776652556175, 72.846196162302], [21.469433666465466, 71.83987761206083, 78.91364645522579, 34.9218712775784, 37.68328783452953, 0.0, 54.19610906435942, 56.89945315737092, 62.52284057960827, 78.06768594838277, 53.737256733835096, 29.054155839647464, 73.96899098315973, 15.18151124527189, 57.85070065194673, 16.899061870661594, 59.02224404238122, 52.21522653091326, 65.3385894720372, 68.7090399053597, 38.55924870235778, 9.381217816980403, 91.53240289035844, 71.97566231635741, 59.498536046178806, 18.71370023262727, 47.25566633867517, 59.7301442361599, 84.3904862039108, 54.86310676019318, 50.68613167105013, 56.059559336673466, 73.33096544331849, 38.68876684470394, 16.99845451201853, 25.962830879154264, 66.87372722348277, 78.18579564814111, 10.751153269768915, 66.74637931019694, 19.541184939347517, 30.680111418089037, 67.5879576175623, 52.185557565728466, 42.134493591959206, 32.682451205191654, 37.89050774630477, 32.022247932542236, 73.45774667321807, 68.01600792605963, 49.906468656129604, 63.09521912221528, 48.31725073187068, 47.15461438569457, 54.69470656996694, 54.19043414039797, 32.651401760702896, 29.430300205407455, 52.489822993411735, 75.93818448222612, 23.435589068140974, 7.23837026311846, 81.15212691175115, 56.187660997721835, 64.21262957010886, 47.218081700233014, 24.824598719042786, 58.52087334016831, 82.9002258895502, 34.94736474898055, 61.55576470577145, 13.729107956826043, 64.2739655011857], [41.90619067298809, 87.35929466328459, 52.648634187652824, 80.10458512813607, 16.682750961003663, 54.19610906435942, 0.0, 27.006787959284473, 50.19639234673615, 74.64729495339998, 73.74747441092141, 83.17468800931125, 71.55750204474468, 39.50815563621685, 7.045081382319679, 68.29423064174193, 9.312284915490915, 60.171858124683006, 11.299353303359272, 23.30585199509757, 34.45867020617974, 46.580037851328164, 46.344737056029665, 85.8726191146401, 43.65406125219088, 57.78431405858251, 56.652629633290296, 40.03500991933384, 43.740969196750584, 65.99558882047096, 49.561082868062236, 66.16988191698981, 19.16835192618559, 81.04673002242968, 57.63538463236934, 65.20446940856084, 13.122314666193741, 29.036369750819308, 44.953488180338915, 34.60107863780005, 57.86078485666405, 28.129056050431704, 16.260991147862544, 58.92770736118382, 59.457552132386574, 85.2834090719434, 38.90663096846228, 72.91473970092048, 23.06152568468254, 31.952966488198385, 72.18659478196855, 15.621143120139173, 47.563500920558376, 40.45546189084961, 69.0912156775887, 34.423018627454944, 23.80869231627843, 80.91482889246404, 70.35129987333676, 82.45834801805547, 77.33800950125992, 53.65850022329908, 90.13526261425451, 41.517980045240044, 79.19243248507345, 43.05409924172779, 29.791849409921046, 58.06875239282644, 47.07611712386944, 87.99257753529231, 43.72545253114479, 42.005145505346775, 84.15821445932713], [54.673923004750236, 64.30022143315742, 27.160427465428103, 71.09989742768398, 27.762694449830107, 56.89945315737092, 27.006787959284473, 0.0, 23.765598712614906, 48.15152067025387, 53.87344346576725, 84.42675891199764, 45.347827105627935, 42.46844660192016, 33.723685436937956, 73.5961442839544, 20.166634344809037, 38.31993644576764, 28.89517142904453, 16.684917666027033, 20.509055548627593, 52.94742900393278, 35.32435968524761, 62.454563683759865, 69.15337604018205, 51.34230637189234, 36.33863551763662, 65.92305581501861, 27.514514947506992, 44.13175088970932, 26.960454520713085, 43.90426648064806, 34.318837105985, 70.24012146818721, 52.040103567618196, 56.16379462327394, 28.286548871846858, 26.482900683309314, 46.14851231555502, 10.39422968572604, 51.01080301863068, 43.890009933212546, 23.34153350642552, 36.89686071138871, 41.78931427407618, 81.6136381843132, 58.9595076405185, 62.789971368583295, 24.841023517980403, 11.132778724128963, 53.50428260207195, 42.041238050391186, 25.87667687958112, 63.397173424582604, 47.87426328777233, 9.154590203062005, 39.183476594343915, 76.45314258271947, 50.233285565054324, 57.37155195532102, 76.57236757822754, 52.95964106551122, 65.16138300460861, 66.58869001690995, 56.7504663887492, 21.748726353965203, 34.67959677584386, 33.66058248311545, 26.51086343920656, 84.71686247146974, 16.934631431004245, 49.60384330703361, 62.83091590811935], [68.00636192998387, 42.715951704670346, 19.541833169157734, 64.00719942064809, 46.19926277532545, 62.52284057960827, 50.19639234673615, 23.765598712614906, 0.0, 24.467272061015038, 36.76657399985277, 85.5169059719723, 21.582875892406193, 51.38965794728624, 57.11542618116482, 79.12001608788381, 43.927138620461605, 21.07616835027568, 52.59646142187148, 37.89099478136782, 25.769454435853323, 62.08872155521491, 46.549895586703606, 40.572940663287945, 90.1175788677694, 49.967999687024204, 22.27903835383912, 87.30113553528295, 36.55172822268164, 25.672511857713108, 13.202096707806028, 24.87997619457234, 57.50161465051956, 61.42403350663176, 51.32941616897683, 51.20107593336489, 51.85485247424716, 45.840267829064324, 52.76327218949783, 21.986428654032256, 49.311301779018855, 60.614099934393636, 46.42895553230573, 19.729922533749328, 29.985319762089333, 78.54804532292549, 76.53032622758322, 55.622622266510355, 46.31898947204462, 26.440298797171653, 37.954949205719856, 65.57127633272133, 14.875075265108599, 82.60865823731429, 29.776472249332166, 15.839907655132132, 56.53011695785955, 73.15316286356222, 33.29228372484984, 34.09837505174768, 76.62045084558595, 56.48429920858814, 41.875999730546766, 87.25442387911022, 36.206675459663415, 15.31778550466269, 47.305118635865234, 12.81639042769105, 30.377638449467995, 81.74153493418981, 7.109981320123962, 60.23972247178397, 43.18226009888275], [88.06949841024453, 27.6168255556432, 32.95807109840803, 68.21483315209451, 69.50062360241476, 78.06768594838277, 74.64729495339998, 48.15152067025387, 24.467272061015038, 0.0, 33.385971724097246, 95.68481739900098, 4.100070959184055, 70.08602145863645, 81.57932852231211, 93.35409588038836, 68.31243160246902, 26.06368161844482, 76.82067396404935, 61.094212418569626, 46.8940554221677, 80.00769503047317, 63.93012803577415, 25.05997922224328, 113.67577531691441, 61.72116646287471, 30.86008627118349, 111.06243589468983, 54.29747398724992, 25.19733670706645, 29.331392528703212, 23.808093023757348, 81.26498018975724, 64.05662314002815, 63.4114218061741, 59.525879288827916, 75.95176074049624, 67.79924948973198, 69.93422801525219, 44.598116851368005, 60.90327680818941, 82.71978600423995, 70.2489946694106, 25.927402684336755, 37.090330485110194, 85.37811946492663, 98.6016281436541, 60.958369909371335, 69.30441532786256, 48.99278850406016, 36.76930936711402, 90.03843627858325, 31.972570125010137, 105.40050861655901, 27.59900381097454, 40.23740056161452, 79.0533045067269, 80.23491081242939, 31.573811657948095, 14.586641840378055, 86.50830538949361, 71.13940562120999, 20.98379685667708, 110.69560631957458, 25.73831142185894, 35.281108809346435, 68.27158941205779, 20.105523270664502, 46.68297231406067, 88.40283310081188, 31.23716481641695, 79.19416819890931, 32.79793427970704], [69.80059798915752, 18.106996914237406, 55.42706133456128, 35.377966446513625, 61.864710302407566, 53.737256733835096, 73.74747441092141, 53.87344346576725, 36.76657399985277, 33.385971724097246, 0.0, 64.93264346907324, 30.13973943838825, 51.58759451196022, 80.56595124907281, 66.23004745830646, 71.17453987437338, 16.058627875182893, 80.43959015046956, 70.45345219664995, 39.313065621394884, 58.848973915086695, 83.12718507329573, 18.327991318863145, 103.09041446805526, 35.14424938467964, 17.61482999476403, 101.57362788914479, 73.18788913577109, 11.147802493637725, 27.116444554152466, 12.135496283359469, 87.1856513583328, 30.88070587376224, 36.912183596916066, 29.87795700492318, 80.50245449776638, 79.81709295357302, 48.98860521659778, 56.90786328647405, 34.29402385119446, 69.63375226246136, 76.67049698074545, 17.50842069590536, 14.829070365258271, 53.08161463522056, 83.97836679375453, 28.985399522396328, 78.71184823577806, 61.00402943592165, 4.064584131050294, 88.91810474890458, 27.997206918952337, 92.42364418291226, 7.093847042455928, 44.898423677569966, 67.56609968256852, 48.21252101269194, 3.651392270862569, 24.629296719021585, 55.92256843076639, 46.522268384177806, 28.09836732598476, 99.76838988130486, 10.836825250978983, 32.24802503735094, 54.47550348602116, 24.10488784811311, 67.1391402913052, 55.962210394180154, 42.30873773705369, 59.8455904406265, 11.277215038073205], [45.85752844017049, 81.40193201845162, 103.71561276013415, 31.65914055372197, 66.72630937972691, 29.054155839647464, 83.17468800931125, 84.42675891199764, 85.5169059719723, 95.68481739900098, 64.93264346907324, 0.0, 91.76754170177492, 44.15394673004461, 86.52987404748731, 17.49360569775366, 88.05055637639032, 70.10046343157585, 94.35906997177773, 97.31119810870536, 64.69729153460179, 36.914141144825386, 119.57815910447248, 82.42218857726469, 81.28659093695184, 35.55068247066991, 65.95991852884454, 82.62501600971206, 111.86828815992385, 70.55695997433789, 72.52935990543314, 71.93413991161223, 102.33203229500756, 37.06756979414969, 34.20643620237827, 36.15898017175569, 95.91676557420777, 106.9603004658142, 39.20043471208028, 93.73339861533714, 36.22156867251535, 58.09207862504202, 96.6016085342234, 70.60791494206602, 58.81593378610473, 15.25929345054538, 60.54235149690543, 36.05024708798659, 102.38155290373815, 95.5317605627829, 60.904589274409155, 91.19988748282086, 70.64547180690715, 69.08126167938939, 68.78059881668239, 80.33505714634258, 60.86594166350944, 17.9745835811664, 65.3153808637893, 89.50379602116355, 9.177262952909402, 31.5064308851201, 92.69431032628647, 78.30599253630642, 75.62881110054987, 70.91866139587972, 53.86418458811623, 78.31405321282838, 109.54963243864103, 14.504306008978508, 86.16863401961439, 41.60180377541083, 72.8089879561359], [84.05889505770801, 26.37593856321959, 32.34640858702703, 64.62287186821423, 65.88764448783378, 73.96899098315973, 71.55750204474468, 45.347827105627935, 21.582875892406193, 4.100070959184055, 30.13973943838825, 91.76754170177492, 0.0, 66.0345658960593, 78.52982116688663, 89.27976857648835, 65.5055896457626, 22.004175210084917, 74.16465697653354, 58.9114317370543, 43.06872350446058, 75.92549604800128, 63.21538095916811, 23.845600125433307, 110.06778902146297, 57.67478084419195, 26.771145587786503, 107.5153967475512, 53.415651011466856, 21.40396163068291, 25.399373804250335, 20.012026333526034, 78.88411659059946, 60.5786015426475, 59.35904270179188, 55.61265678667697, 73.38354055703738, 66.03435520926065, 65.84481418728144, 42.51384189960724, 56.85987463529572, 78.88738468803243, 67.828867439513, 21.840487759759952, 33.089199580840976, 81.6478671672545, 94.74578872431562, 57.23935189203374, 67.22144073017961, 46.96006979301326, 33.35315241304995, 87.03070783964539, 28.037083283657235, 101.63931229427155, 24.044321169040703, 37.143627749487116, 75.28262371690677, 76.47219921972827, 28.0919007683046, 14.287093822518486, 82.59028165762342, 67.04552333338795, 21.54379424315128, 107.05998482610512, 23.345476404823348, 31.473237878538296, 64.35155193681176, 16.087314262294356, 45.96802646723435, 84.6929552658952, 28.5573038718947, 75.1420032390928, 30.633495847504598], [18.491649995716433, 69.23921610002758, 66.07429752780868, 43.41266021048684, 22.844056510069663, 15.18151124527189, 39.50815563621685, 42.46844660192016, 51.38965794728624, 70.08602145863645, 51.58759451196022, 44.15394673004461, 66.0345658960593, 0.0, 43.73393484725697, 31.282709764815042, 43.90051665042519, 45.59722362395712, 50.496779113524155, 53.59376114733617, 25.92642714390885, 10.848704735857677, 76.62796630232744, 68.83475835647708, 52.867977809407506, 21.731206882249904, 40.51253851754581, 52.08567521612612, 69.80445717551035, 49.58595770074543, 41.099156462072266, 50.54917853449642, 58.52792463060881, 45.749207499350504, 20.842028471912062, 30.233707854971485, 51.946186807517506, 63.01550024812094, 5.5746021648877315, 52.58535261962154, 22.1858625923335, 20.05024817476403, 52.44766417128588, 45.167145380953016, 37.64407543287795, 45.932762636036585, 32.59296048987059, 37.85599015273583, 58.278725497472784, 53.49540776939431, 48.32308471614153, 49.76066355265197, 38.50745215627086, 41.39850049704946, 50.54307124504773, 40.87474412861549, 20.19356138353735, 41.81857918107137, 49.41151215686186, 70.65558484939955, 37.856858482616246, 14.343478825741302, 76.86847679945613, 49.481577147201726, 60.99166204831681, 36.30488190929802, 9.771635713562754, 49.99249072718341, 68.81537037555641, 48.55985611869119, 49.22953440683117, 9.10824591377869, 62.80500402839866], [43.31237967073324, 94.35966822363146, 58.66308208309296, 85.51504910880287, 21.506715616783293, 57.85070065194673, 7.045081382319679, 33.723685436937956, 57.11542618116482, 81.57932852231211, 80.56595124907281, 86.52987404748731, 78.52982116688663, 43.73393484725697, 0.0, 70.93849335916431, 14.533546547409388, 67.15763965155273, 11.363981061286937, 27.732821535402667, 41.25292527837965, 49.63631714791323, 49.30182009267527, 92.8894710206228, 38.904637965606085, 63.1202412699995, 63.57227352802423, 35.03010686456748, 47.96806923501744, 72.96803717559767, 56.59395624738733, 73.16099112834468, 17.50597166223891, 86.73336778882394, 62.83429563502766, 70.81331604931324, 13.604975789024424, 31.49757531560187, 49.286388889624, 40.68982268682458, 63.26094715449235, 29.49400904074955, 18.920468656364182, 65.9240429218613, 66.17022509958815, 89.66452984984848, 37.550286347611, 78.58382600401009, 25.416128936548507, 37.67427898763776, 78.91018928977411, 8.576071738341126, 54.57881991745719, 37.49402102826364, 76.01985351808122, 41.38632291594632, 25.861088723909074, 85.50631961361445, 77.20107607175223, 89.50042305160255, 81.23027843714169, 58.06048190148849, 97.17962809944858, 37.13753060863719, 86.17109428956205, 50.07451149255438, 34.28672258674072, 65.11316098525084, 52.070450920222825, 92.26209399370698, 50.55808409422456, 44.96218320102144, 91.05895443063834], [28.845591705929632, 84.0045309397753, 95.78630009706526, 39.17843169423283, 52.418296451912035, 16.899061870661594, 68.29423064174193, 73.5961442839544, 79.12001608788381, 93.35409588038836, 66.23004745830646, 17.49360569775366, 89.27976857648835, 31.282709764815042, 70.93849335916431, 0.0, 74.13648730482302, 67.29739041220981, 79.58921483839954, 84.70920574798467, 55.45597771828803, 21.857034971767888, 107.90278427092869, 84.51601817647591, 63.811949939500664, 31.832754507540646, 62.53273855219005, 65.13209756270818, 101.02845147059428, 69.20016176276651, 66.95014912282805, 70.48562655046571, 87.4091380136545, 44.19615719142983, 30.08535978699476, 36.46735724596879, 81.31275970744684, 93.9085316318855, 27.541453864636324, 83.54458877390424, 32.67912076637348, 41.79064160316999, 82.73156817344413, 67.45008398644475, 56.55877455277156, 28.55000001365749, 43.074573729225285, 39.9227883649689, 88.89380155219729, 84.68124040366548, 62.205965010651, 74.94615375584274, 64.67855678023969, 51.58884215464691, 68.40660705420295, 71.08724026743434, 45.0775053562315, 28.135725485503645, 65.63944662736033, 89.77967487355194, 17.74364204649654, 22.683264265032207, 94.26304125497798, 60.81737619234514, 77.02693527459763, 63.864565751245784, 40.32572244474795, 74.2992738627529, 99.72774898165181, 29.384102206119156, 78.38904148705073, 26.31284552832006, 75.8541579453581], [49.257457199360694, 83.38168180627693, 44.14385121604181, 81.70368314691082, 21.741858000585598, 59.02224404238122, 9.312284915490915, 20.166634344809037, 43.927138620461605, 68.31243160246902, 71.17453987437338, 88.05055637639032, 65.5055896457626, 43.90051665042519, 14.533546547409388, 74.13648730482302, 0.0, 56.566604373588106, 9.273834937271568, 14.006271484111823, 32.802726058749954, 52.280341921087654, 37.37071674558723, 81.6965493008416, 52.82231830871062, 59.82708373320059, 53.65283232849497, 49.11773533969796, 34.43291096722984, 62.4561585001391, 45.44241112644936, 62.44497810562546, 16.43466772077485, 82.03554525742696, 59.95214061460404, 66.55027428599489, 9.482511688549383, 20.593244519166372, 49.02715234462402, 26.215294570961476, 59.77078949852979, 35.84893584810649, 8.597093772949039, 55.22434587830109, 57.571322824851755, 88.69150704866667, 47.826913190168476, 74.02709608223398, 14.973143608892915, 23.14246619916191, 70.09634370163654, 22.28127626470228, 43.789550605071064, 49.73514470842628, 65.87941319089232, 28.692245823178123, 31.205960307563, 84.02038727222737, 67.6363989394143, 77.27735824859268, 81.54486111628341, 57.42976800221685, 85.04624245605191, 50.763951949558376, 75.48678873255875, 39.29445399739284, 34.19815311963872, 53.18493541711559, 37.86049817038106, 91.55344866055665, 37.080118271789075, 47.919575664372275, 81.0209797321098], [64.01506480140725, 27.226247056718037, 40.30289974483486, 44.761889521903875, 50.34968210275495, 52.21522653091326, 60.171858124683006, 38.31993644576764, 21.07616835027568, 26.06368161844482, 16.058627875182893, 70.10046343157585, 22.004175210084917, 45.59722362395712, 67.15763965155273, 67.29739041220981, 56.566604373588106, 0.0, 65.82662639407552, 54.73319887455091, 26.67749894920986, 54.87000086513398, 67.14161418930415, 25.8951683188447, 93.61474554660563, 35.6742609531169, 5.095358854020437, 91.59219733288249, 57.23635022746071, 5.8898088761512115, 11.359523200602519, 6.013976302810932, 72.19200306327807, 41.50103245132323, 37.3552271136357, 34.073639923973396, 65.69117133113153, 63.92819449267948, 44.685019770152856, 40.86029104695921, 34.862192036488416, 60.86535254039557, 61.44984898992903, 1.4554332637640006, 11.292995057749584, 60.84656307196323, 76.2681835336119, 36.757687509414396, 63.07706517551432, 44.98720520747025, 16.88715946753817, 75.6784658379167, 12.777118601392868, 83.96777702414037, 9.571583653015542, 29.217174622381307, 57.94673448566893, 55.54165184196704, 12.4504588896339, 25.215325589088224, 60.935666294979804, 45.19410412978709, 31.982695271623502, 90.41271915982732, 19.025355459891554, 17.28349980100925, 45.6903297922548, 9.210394446468017, 51.393811811235786, 63.97452337699222, 26.280677420553864, 54.6047935231327, 24.554702072534422], [53.048178161115956, 92.58770762272671, 50.76715377946989, 89.98073117732227, 27.674979972286156, 65.3385894720372, 11.299353303359272, 28.89517142904453, 52.59646142187148, 76.82067396404935, 80.43959015046956, 94.35906997177773, 74.16465697653354, 50.496779113524155, 11.363981061286937, 79.58921483839954, 9.273834937271568, 65.82662639407552, 0.0, 18.24523257848553, 41.89638239228288, 57.85432560406091, 38.16082975208406, 90.87576718744948, 49.732502325855336, 67.8560728801765, 62.925524051937366, 45.72248300975905, 37.64525107962947, 71.71642933888772, 54.67440518873505, 71.69281764036295, 8.047337711908604, 90.55859097630453, 67.84855633788067, 74.90424233262799, 2.242928959130763, 20.304845463271697, 55.862336505381066, 33.4238525052942, 67.86152912745573, 39.207948857329946, 8.346010992102931, 64.47930710237569, 66.76858830478876, 96.03697099069218, 48.698871536090735, 82.48966155714376, 14.28166084455129, 29.70803142990391, 79.32779179286838, 16.26256252595197, 53.050483542463226, 48.85520801796739, 75.15115835824278, 37.69863475118696, 35.02097824523098, 91.54101332764293, 76.90571986242874, 86.23528219666251, 88.35323901338114, 64.49028115315332, 94.01864876152023, 48.17599907555599, 84.72758877184157, 48.560486912919245, 40.731929614654376, 62.27628330423211, 42.53028673687772, 98.80662601176837, 45.62140565308642, 53.29296761028033, 90.29197325565477], [61.7317500037069, 80.03174643135387, 32.81274194654926, 86.83441027372842, 33.47029089424166, 68.7090399053597, 23.30585199509757, 16.684917666027033, 37.89099478136782, 61.094212418569626, 70.45345219664995, 97.31119810870536, 58.9114317370543, 53.59376114733617, 27.732821535402667, 84.70920574798467, 14.006271484111823, 54.73319887455091, 18.24523257848553, 0.0, 36.01420377962026, 63.07637191117144, 23.969480683642924, 78.04858913932853, 66.54315172967321, 66.13645765270554, 52.9767704182385, 62.73399983977475, 20.439836405321532, 60.469853915468256, 43.40654653172373, 60.14702562868907, 20.478414113525417, 86.31834053195449, 66.60689594543815, 71.72179500696396, 16.57932336579957, 10.108257668309866, 58.17060432100617, 16.51920727804137, 65.91119172817412, 48.84693547788369, 10.098554306503468, 53.29276037640796, 58.45747404358603, 96.09774464798393, 61.628811032226075, 78.66989267245278, 8.462113503294217, 12.248663563058178, 70.17136302713405, 34.31264550367981, 42.48342091336203, 63.74106044220643, 64.30477142745217, 25.557536087800234, 44.066920687459, 91.10895232611612, 66.80603451698674, 71.98039735914519, 90.06879835607799, 65.94432808238759, 79.74674413408233, 64.6016934339637, 72.78761434890593, 38.423635952159536, 44.4022388588778, 49.28109715033819, 24.424367135853025, 99.11639712301378, 30.797266042276433, 59.04144513309909, 79.11727247587602], [42.25330676375394, 53.77542916506197, 40.4198291446728, 50.83941910767924, 23.725108625337217, 38.55924870235778, 34.45867020617974, 20.509055548627593, 25.769454435853323, 46.8940554221677, 39.313065621394884, 64.69729153460179, 43.06872350446058, 25.92642714390885, 41.25292527837965, 55.45597771828803, 32.802726058749954, 26.67749894920986, 41.89638239228288, 36.01420377962026, 0.0, 36.75398780353562, 55.734752990022294, 52.55221856259408, 67.4961240194877, 30.86522706067069, 22.571931284988004, 65.24821766165415, 47.40405751641391, 32.257469794184416, 17.84519650800876, 32.65255629992351, 49.2065672113438, 50.34699418382721, 31.625940623407622, 35.77893580037222, 42.28438491354739, 46.11796140517245, 28.1094152951392, 29.095002172053857, 30.515022345321533, 35.82602587796231, 39.551128341357604, 25.623195839786877, 25.041993087832296, 61.15434642408929, 51.71437228570533, 42.65600309106564, 43.21781189494205, 31.281624699890088, 37.74698191974889, 49.62206890681946, 15.291411396024463, 58.60994024378592, 34.99070646030898, 15.73065857872984, 32.256819446476435, 55.96692417303321, 35.96404838449733, 50.9850017048109, 56.524971149995956, 33.59658533888484, 58.24694195823451, 64.38272095269039, 45.41426733493129, 11.615153646537959, 21.678030896856786, 27.3108100875735, 44.86420378856444, 64.27318258949477, 23.321912327674596, 34.58204489492257, 49.89726186254401], [12.471101007941362, 76.8651324740047, 76.9159915674935, 43.82662162061286, 30.562677830332774, 9.381217816980403, 46.580037851328164, 52.94742900393278, 62.08872155521491, 80.00769503047317, 58.848973915086695, 36.914141144825386, 75.92549604800128, 10.848704735857677, 49.63631714791323, 21.857034971767888, 52.280341921087654, 54.87000086513398, 57.85432560406091, 63.07637191117144, 36.75398780353562, 0.0, 86.52150643362555, 76.72540862976591, 50.36576194293454, 25.207922077698548, 49.782124104076914, 50.458953782251676, 80.08011828469334, 58.32851244601152, 51.385091740822595, 59.40243729412632, 65.73737162802006, 47.25892208593032, 23.72838708419605, 33.34236864482039, 59.533717265153435, 72.13496563632752, 10.195319925918193, 63.170171785242246, 25.92695657160394, 21.54120759727616, 60.8749349815958, 54.595730115250845, 45.87706264183229, 41.95260291119801, 28.834989693438903, 40.12010466729692, 67.05855568198834, 63.86963585112985, 55.25176649341659, 54.38184677895702, 48.839368579249005, 38.10478332175944, 58.78194782445771, 51.69851759306861, 23.968074288821093, 38.80696862896275, 57.120106580471216, 79.53899620986202, 32.33172319700085, 14.035687141781695, 85.33753627813023, 47.02903634947645, 68.87189723878353, 46.90438264429078, 18.712629256961794, 60.005468149609456, 79.39812586075419, 44.11351623054255, 60.06793364419719, 4.69014826203378, 69.80704827905144], [85.68220514153222, 88.27082364663788, 30.972803427743226, 105.6587834565865, 57.3943396224845, 91.53240289035844, 46.344737056029665, 35.32435968524761, 46.549895586703606, 63.93012803577415, 83.12718507329573, 119.57815910447248, 63.21538095916811, 76.62796630232744, 49.30182009267527, 107.90278427092869, 37.37071674558723, 67.14161418930415, 38.16082975208406, 23.969480683642924, 55.734752990022294, 86.52150643362555, 0.0, 85.92600090244935, 87.87081444623108, 86.59962167015803, 67.04936452952471, 83.82527702276087, 10.021233040474597, 72.13937459704307, 56.89162173945511, 71.40542879555088, 35.5115065593458, 104.28415889132751, 87.33982982727466, 91.00534287555895, 35.95657722220337, 17.85772749748802, 80.83135840102472, 27.42855023025828, 86.23997501379448, 72.79908636440672, 30.4521976259901, 65.7152928385048, 73.93698606345123, 116.88901151048331, 85.18079662521114, 97.22494176067985, 23.900874540343253, 24.491689156802707, 83.90404828350839, 53.91888996649422, 56.99450623436649, 86.55973259080942, 76.23695243398079, 41.38649375373916, 68.0285426619014, 111.69436326248237, 79.56879079839234, 77.4708748032489, 111.85489018827083, 88.07222332348135, 84.69602981184339, 86.33415937388581, 82.48968763162605, 54.020882791585926, 67.81111615042359, 59.36577425561675, 17.259200713613485, 120.00514911319321, 40.87772691814694, 82.64693713454044, 89.6256851600449], [87.25590343052419, 2.55693027248666, 55.54717600862656, 51.68899060859441, 76.16105697712966, 71.97566231635741, 85.8726191146401, 62.454563683759865, 40.572940663287945, 25.05997922224328, 18.327991318863145, 82.42218857726469, 23.845600125433307, 68.83475835647708, 92.8894710206228, 84.51601817647591, 81.6965493008416, 25.8951683188447, 90.87576718744948, 78.04858913932853, 52.55221856259408, 76.72540862976591, 85.92600090244935, 0.0, 118.97708227734842, 53.446251008986415, 30.16032508972666, 117.12663605786172, 75.95558302375063, 20.351203027763354, 36.36502926633454, 19.900472607485742, 96.76334319959895, 46.64205598780527, 55.218025274753806, 48.092019055100785, 90.54028208259568, 86.37941505538548, 66.70704008765668, 62.540698206661475, 52.593583488281524, 85.81971478374822, 85.79225674459143, 27.03721005990995, 31.19526442681888, 69.67299622699994, 100.75728241324656, 46.39110400169901, 86.51050544671297, 66.97568904062776, 22.316968929209036, 101.4379756123376, 38.310655967479946, 108.86710804749248, 18.39754795236852, 53.35271582731368, 83.24933470824352, 65.13755803491487, 19.60777347465755, 10.939256968220564, 73.5708093079937, 64.74569078323026, 10.405760528478764, 115.72219553007427, 7.8604776217756775, 42.81887170338046, 70.54628642889773, 28.825799793769203, 68.84953636122948, 72.35191702194724, 47.46814287015055, 77.40466546549956, 10.1618182652908], [38.02946028980652, 119.82033915380154, 95.88127947345498, 94.1792928165433, 44.1809680387011, 59.498536046178806, 43.65406125219088, 69.15337604018205, 90.1175788677694, 113.67577531691441, 103.09041446805526, 81.28659093695184, 110.06778902146297, 52.867977809407506, 38.904637965606085, 63.811949939500664, 52.82231830871062, 93.61474554660563, 49.732502325855336, 66.54315172967321, 67.4961240194877, 50.36576194293454, 87.87081444623108, 118.97708227734842, 0.0, 74.16628399359392, 88.94633359672252, 4.242297969624666, 86.863777575463, 98.73255908742176, 85.28809103679002, 99.37659596907777, 53.32338944449421, 97.43298474569521, 72.99515471620269, 82.6707801925144, 51.92076411374891, 70.01583154778473, 57.198869353700054, 77.89465819908798, 74.72851449195932, 33.491203779501284, 57.751202420266495, 92.73477703889228, 88.40889077743097, 90.61106416943012, 21.62463919833547, 89.96654867062462, 64.01413998315904, 75.54060978490587, 100.23639934006862, 34.22584978888729, 82.77433229854053, 12.427119190338713, 100.67457659268827, 74.61371008775244, 35.728133710061265, 88.32608086288822, 100.42351134915172, 118.42892464626777, 80.00896092890449, 64.0942366786758, 125.54731173028581, 3.388688338468045, 111.37386335337587, 78.81651730211236, 48.62387570667419, 94.70961852077991, 90.6828054760632, 92.19529366644969, 84.61421127762834, 46.94294507394891, 114.35485263549612], [37.346708143142926, 53.2183068496936, 68.35204335222416, 22.399035815684716, 41.61720708799996, 18.71370023262727, 57.78431405858251, 51.34230637189234, 49.967999687024204, 61.72116646287471, 35.14424938467964, 35.55068247066991, 57.67478084419195, 21.731206882249904, 63.1202412699995, 31.832754507540646, 59.82708373320059, 35.6742609531169, 67.8560728801765, 66.13645765270554, 30.86522706067069, 25.207922077698548, 86.59962167015803, 53.446251008986415, 74.16628399359392, 0.0, 31.098551231615954, 73.62602966037194, 78.14694741251174, 37.36749805935425, 36.99625786007617, 38.65543713914637, 75.8165774941997, 24.130275984420617, 1.7791886613436458, 8.527625380831191, 68.88507155940538, 76.19708086841867, 16.97066648391295, 59.74809389052936, 0.8579495266737821, 41.77621531897947, 67.80610779178377, 35.947432457905386, 24.752159345861834, 30.291350568575478, 53.1858785675374, 16.140635595553732, 72.56147889971227, 62.1350913920798, 31.257031806677073, 70.03572507199378, 35.095204645823365, 62.31043921982108, 36.66966811817895, 45.89984017233423, 41.69701759100906, 25.11149957613519, 34.129360016100414, 58.046430403743884, 26.68844971612067, 11.637611088587098, 62.85258777531393, 70.77957475365002, 45.75314525050609, 35.52863451597449, 29.39210446978991, 43.244477174620606, 75.03970331405502, 33.419441476972004, 50.86306787552987, 27.535054305520514, 45.56749205722658], [58.942894154467766, 31.25876539151884, 41.818691383485124, 41.96402202981326, 46.03026079242509, 47.25566633867517, 56.652629633290296, 36.33863551763662, 22.27903835383912, 30.86008627118349, 17.61482999476403, 65.95991852884454, 26.771145587786503, 40.51253851754581, 63.57227352802423, 62.53273855219005, 53.65283232849497, 5.095358854020437, 62.925524051937366, 52.9767704182385, 22.571931284988004, 49.782124104076914, 67.04936452952471, 30.16032508972666, 88.94633359672252, 31.098551231615954, 0.0, 87.01269630262372, 57.30241369815847, 9.814524361578849, 10.159787124555196, 10.438879665985597, 69.59047450727957, 39.17558641758986, 32.738485594614076, 30.224015186599324, 62.93780196213551, 62.48803830732512, 39.60031868806466, 40.12884107139863, 30.307428430524205, 56.03163815272923, 59.055667729571276, 4.934626511209932, 7.80523311621443, 57.36192330