instance_id,num_cities,city_coordinates,distance_matrix,best_route,total_distance
336,93,"[[36.750761832298004, 3.8289975909861496], [58.614334716839764, 23.061663757057627], [17.70413153998025, 67.34392623228199], [28.211266857508686, 7.390124875759019], [95.57542405717984, 99.11281963698838], [41.61684876325034, 66.56113745620821], [64.45886965047636, 99.99432933811605], [34.05292877730006, 66.18195574823056], [70.27414708816394, 83.82733647644113], [40.680972262248275, 95.52623242392617], [72.39657145673975, 3.397844134894301], [5.4900038630371295, 55.198928562936885], [23.319703282521374, 21.863669989875167], [32.806180636306024, 6.436607760324953], [10.49214309948897, 38.71494701565148], [60.90945862176363, 23.162009234354187], [77.27953898285375, 75.82703683660372], [5.974146422495519, 26.984454688435022], [46.64635395919253, 92.09526899943639], [1.5060156199491415, 31.798070181091543], [23.90603867188652, 58.92798773229534], [94.13420056943603, 55.74300209430022], [53.4235109509404, 39.107769352799735], [77.41177462652925, 31.65923314647071], [53.60146049304013, 67.55214372516714], [96.45419431975641, 23.625429247547082], [3.783819695114321, 84.07823425283993], [85.40543482653125, 79.56403543359986], [43.33629101016082, 87.11224134002737], [91.56186391852745, 79.02168855329612], [21.23864815135753, 7.536165845570175], [51.104232396763116, 6.337942372418226], [88.4030350988457, 32.61801019843338], [83.01986219215412, 8.062710181044675], [47.091260435038386, 67.9779855649031], [51.017071056695826, 50.12561361575132], [25.189746052605432, 93.14123037053402], [25.28589055480862, 51.91845519476421], [60.328083222067505, 63.43035057053126], [56.68992978262138, 58.69050737787822], [94.1587769961367, 73.7468046242347], [20.050146198135145, 76.87262425121575], [16.97713512488479, 93.66167929332023], [67.67420673849517, 89.88944389562468], [27.331927593486093, 95.41199964942658], [95.93188321281349, 57.48745616395633], [18.866096343083893, 43.41467127208093], [62.41986047644541, 99.01489141577612], [95.5124237481478, 62.8455550290864], [59.76754026882243, 78.23296041679177], [81.75065895202569, 34.59912993083603], [11.818033649499638, 39.14436609232445], [17.940359618134316, 89.96971635008263], [21.942247236171365, 28.61305550836939], [34.25670011817379, 29.843444525029238], [46.92930910158497, 98.93751322169364], [28.290737602645912, 86.45420174226874], [1.9727933700155798, 10.411853079630962], [73.7649070640228, 63.49956239312849], [5.405339915460017, 65.34236300482438], [68.83062694527943, 80.64868526165408], [8.545331139299572, 51.112320815788884], [52.94802147107912, 60.76961001476327], [76.75405044368078, 41.04100408418909], [65.95156643679996, 35.71285315319006], [52.34770816186764, 42.26493494349077], [11.579914631933242, 46.74232766053999], [85.12623812655204, 27.742930563766834], [53.88982150615242, 49.12393433029176], [73.5985326018347, 31.43118397259532], [53.72354244708448, 68.54387274430033], [31.240195591649, 45.18982389006108], [89.2777715393686, 91.70591207302014], [60.38133708590509, 70.27244100006551], [86.2181870233506, 15.161087208924029], [20.38719142166745, 91.43766226543065], [82.76371651442136, 20.813722067720896], [34.561470776527756, 51.585004723406215], [26.9808811769629, 15.818820936913635], [7.204133849303707, 1.5444831169620588], [61.839927771433935, 52.62478652523015], [12.919361660498808, 85.38521517091728], [47.6734930947787, 56.09110822669735], [41.32085358980565, 27.890852185013525], [38.099960007149605, 26.982318765099812], [53.395544578116436, 30.030151969074193], [14.188963257243792, 80.21049687828197], [76.78796982156886, 40.25370939530855], [0.9107819908993675, 43.57296429715877], [51.21700187292213, 96.16961468125112], [55.44596225008416, 98.91268348496901], [15.875441842580528, 30.83194070579045], [27.375636606074806, 57.04151728336579]]","[[0.0, 29.118915967687055, 66.30927752434903, 9.252275501886322, 111.97922856300477, 62.920586250362994, 100.07752129673949, 62.41129460403551, 86.73840892848628, 91.78142203099188, 35.64841703476669, 60.134056880237935, 22.486501335307306, 4.72856760626436, 43.66399575182437, 30.942009788763578, 82.62142235844708, 38.51461085711093, 88.81924009972195, 44.9940124585868, 56.576369869935085, 77.38167034168355, 39.02015248810961, 49.27311612356574, 65.91346902260055, 62.89990903902319, 86.75689747038349, 90.01707149867686, 83.5432096816653, 93.0494367852945, 15.948942514104694, 14.571098831633861, 59.133447223325945, 46.46239307661259, 64.97706187133285, 48.44485766550132, 90.05738176255429, 49.43722490224314, 64.09533025820846, 58.372559260738754, 90.46645757069365, 74.92851231833613, 91.983188762931, 91.44757986420518, 92.06606706303099, 79.88513819404999, 43.438310515571466, 98.5862921933225, 83.2819726168708, 77.8827437484063, 54.5141429814131, 43.22980669656788, 88.1705997472648, 28.87112106233325, 26.133729032000083, 95.651620843505, 83.05718735309682, 35.39549514765815, 70.2183968133842, 69.03933371405735, 83.248916866744, 55.05687037744434, 59.19953178025051, 54.63512173479405, 43.23502324576436, 41.47994714284405, 49.75063262354143, 53.96353302854235, 48.42910964204938, 46.03953631097314, 66.90358994782501, 41.72630216583814, 102.37889844909157, 70.52045986004288, 50.74881683489143, 89.12375980973269, 49.04765910958168, 47.80616291398665, 15.466299877024202, 29.634814518526802, 54.867980327662764, 84.96677150565095, 53.39133137815249, 24.49201063971996, 23.192598325903095, 31.041090241805254, 79.64400911755065, 54.12705103369366, 53.51716588696769, 93.46690144390094, 96.90416834092734, 34.13118693415826, 54.03207589033812], [29.118915967687055, 0.0, 60.287341075026596, 34.204439275730635, 84.55708388951292, 46.70244898124255, 77.1543493394732, 49.62481479190495, 61.87421276730487, 74.65064769312492, 24.012826815842075, 62.08863275888343, 35.31495713080484, 30.699402338466903, 50.604057177570276, 2.2973164679179194, 55.96940634414228, 52.78615076282143, 70.0633371755585, 57.772700363391216, 49.91051001383205, 48.26728442433608, 16.864820074887604, 20.670315589370183, 44.77199700456066, 37.84405906211317, 82.03296442659153, 62.532240085907944, 65.84751406253099, 64.93892558159313, 40.47200305940849, 18.332607392541462, 31.28402831728222, 28.646088384345177, 46.370865914384716, 28.11006576078452, 77.64244189942725, 44.08514038018847, 40.40504682565645, 35.680776786775986, 61.90630728505662, 66.2028406143576, 81.96351983401406, 67.43910941951584, 78.82360115580776, 50.77139557459727, 44.656101136614176, 76.04850306274373, 54.26073146306582, 55.18334765272505, 25.853483804445627, 49.482796080960654, 78.30108397794446, 37.08989013958289, 25.284123746472993, 76.7703351276342, 70.27186075628266, 58.036901332847975, 43.18290736562754, 67.96215606242463, 58.48621780101472, 57.391153331103936, 38.13130363327616, 25.540281228863147, 14.624895297033886, 20.199906748279194, 52.65938202859155, 26.922022236851205, 26.487034045178124, 17.163188948880713, 45.74441149894836, 35.19941709342845, 75.18164127386912, 47.24383330405348, 28.71222338922191, 78.3364005844452, 24.253780798960467, 37.31114101195166, 32.452028518674446, 55.731479577873294, 29.73857223136119, 77.28037023368698, 34.79434174362317, 17.955098171934015, 20.885667464116665, 8.706066762496695, 72.38510037597953, 25.016943181522887, 61.2406192574972, 73.48124265101936, 75.91716392129054, 43.43950008894457, 46.15719559640585], [66.30927752434903, 60.287341075026596, 0.0, 60.86754627614184, 84.10232331189705, 23.925526185813034, 57.02678632673014, 16.39003802658196, 55.09364162962479, 36.36176002142994, 84.14490121008042, 17.22457207877937, 45.825629879693, 62.75167990063878, 29.523401366577687, 61.79597137237723, 60.1763436701628, 42.029507422226665, 38.082557783588015, 39.06260157453312, 10.454265775670107, 77.30547776647256, 45.531907722243055, 69.55860811991043, 35.89793281636889, 90.07152361552991, 21.76722643758788, 68.79533076880796, 32.369644442036765, 74.77522828401928, 59.91211071353134, 69.55067795466285, 78.76689792556047, 88.206616799086, 29.39396835971701, 37.49962971290422, 26.861409595051043, 17.188025671618917, 42.80323973085631, 39.934623104339806, 76.72228922242036, 9.813249752875443, 26.32779234894847, 54.82069665786211, 29.673409008708813, 78.84624996786, 23.95744988837415, 54.795496621287455, 77.93821706860714, 43.449987564567365, 71.93176876989108, 28.807314009872606, 22.627023272177755, 38.962058103836505, 40.99114117479285, 43.03795699571304, 21.846712750289658, 59.06552254976329, 56.19243441678673, 12.460599133945347, 52.82930195694182, 18.637291626634937, 35.85182577224405, 64.64314840771793, 57.69176508183565, 42.768366875762844, 21.492600969822398, 78.1919389356013, 40.5138527325719, 66.43725706765836, 36.03939280463149, 25.962073888664538, 75.60616573313561, 42.777565054058925, 86.12330977915352, 24.242667476244552, 79.98630818235245, 23.0762538827027, 52.35355345653295, 66.63194928703825, 46.52549390065742, 18.664997438170648, 32.01231864562517, 45.98145943919089, 45.222219938843025, 51.63520808929181, 13.338105121960346, 64.99830608838322, 29.104556694763314, 44.20444313086196, 49.203985812424, 36.55775147757454, 14.130733894394911], [9.252275501886322, 34.204439275730635, 60.86754627614184, 0.0, 113.80238314501001, 60.670572405633564, 99.4456001658333, 59.08133708136977, 87.24639368240902, 89.01385850879109, 44.365295536496866, 52.93333072897505, 15.277791148542974, 4.692805932915544, 35.98905151359113, 36.303224111267156, 84.2098940036343, 29.638274005906684, 86.68802614813436, 36.17897507792723, 51.71736939896906, 81.75471805650416, 40.51748046706179, 54.860546670489704, 65.30030968445953, 70.1475748451948, 80.48457178057602, 92.08825231743718, 81.14420625750601, 95.62624672586816, 6.974147946970469, 22.917132438458076, 65.26480798924361, 54.81272200456572, 63.46135060314027, 48.43992880896575, 85.80432204469945, 44.624321031370734, 64.59099619386438, 58.675066994984554, 93.5536372394265, 69.96014300926778, 86.99992423794502, 91.45196150325, 88.02626696738005, 84.23671694541383, 37.216933713088515, 97.80248320415079, 87.2052203271627, 77.55324454272304, 60.056610476596454, 35.73611520929483, 83.2158666576634, 22.129468851495375, 23.252931569620635, 93.44136888130647, 79.0641168062522, 26.411897551897965, 72.27311474248309, 62.278184044285986, 83.76603777041038, 47.941416807298225, 58.83261393578543, 59.065925115876155, 47.18587870763715, 42.41250023400093, 42.722333045676194, 60.444608146052474, 49.00101040213996, 51.36123454750329, 66.2620335043197, 37.92086041809085, 104.1070120825367, 70.63355505464222, 58.52512830152383, 84.4109275964551, 56.17973589419977, 44.64876811918888, 8.518025957592256, 21.805301300294065, 56.36542778517606, 79.4800382152917, 52.445819942670866, 24.333949217092364, 21.946305238132407, 33.864711295015425, 74.15815246379748, 58.64905164051766, 45.32675084921446, 91.71184031368522, 95.48878136986905, 26.489456547993573, 49.65842371573289], [111.97922856300477, 84.55708388951292, 84.10232331189705, 113.80238314501001, 0.0, 63.01698073177721, 31.129038171754043, 69.78151060218404, 29.560118601152936, 55.01149375996772, 98.48155026825785, 100.21882438354042, 105.77485668091214, 111.9323821216949, 104.3411122985978, 83.48805160252788, 29.613630160445343, 115.02560577505984, 49.42974729456304, 115.67337246765435, 82.16642572677803, 43.3937576020755, 73.33068824253573, 69.85631317979299, 52.515615594742314, 75.49250522391148, 93.01471598104902, 22.035962533598596, 53.59982183707001, 20.48809930688264, 117.95015799779885, 102.88277182868653, 66.8805117028823, 91.9117215902619, 57.620239628405464, 66.22079111489734, 70.63854150908598, 84.66360820970506, 50.15589331898343, 56.08961573544364, 25.40554283070541, 78.73178447414519, 78.7870925604626, 29.38619723494086, 68.34376985629721, 41.62688971556325, 94.7977040314153, 33.15570820074024, 36.26731932716447, 41.45085116684263, 65.9783319712949, 103.0122122296336, 78.17160333631246, 101.94146100063905, 92.5107141573847, 48.64643083117399, 68.4650979572034, 128.95469723808864, 41.7612588774109, 96.28648822794246, 32.499360467355636, 99.38956162685722, 57.33495596380451, 61.045719475629575, 69.97948764073148, 71.41650660492311, 98.98441308338367, 72.13076010230849, 65.0890014844927, 71.16029485779036, 51.827024885029054, 83.94469067210379, 9.722278894182377, 45.50155159621184, 84.47160033159415, 75.57895452789822, 79.34033356573971, 77.34077634335796, 107.90320445841252, 131.63990741522787, 57.43884515069489, 83.78825559289872, 64.38526727906789, 89.53282674153338, 92.22926934436721, 80.94169015398548, 83.55270077749636, 61.784814437670654, 109.75458982979345, 44.45595656476557, 40.12996086973543, 104.94934774749368, 80.13242471126051], [62.920586250362994, 46.70244898124255, 23.925526185813034, 60.670572405633564, 63.01698073177721, 0.0, 40.49118715998504, 7.5734182719247, 33.456873372886896, 28.980210339368625, 70.26373853049982, 37.87147625031793, 48.29750646406978, 60.766659806133006, 41.76311320660293, 47.49409569167236, 36.8467687189394, 53.260830345128916, 26.024753527802893, 53.078713076185615, 19.28568818580311, 53.61999900637112, 29.8845226201704, 49.994196083182565, 12.025515030090434, 69.64631725413015, 41.69156711678022, 45.678393417805474, 20.622908439014786, 51.47591546057242, 62.44372133221382, 60.96592223783441, 57.802103074771836, 71.66781365900304, 5.654789272406307, 18.933848607095612, 31.24661650163534, 21.934181995585718, 18.97135001775977, 17.004252093121774, 53.031010126900604, 23.90500825048511, 36.62724199343592, 34.974216016679705, 32.19365189161452, 55.06772793070905, 32.4554407225762, 38.54881894958004, 54.02350003216601, 21.579598081374275, 51.30587339984182, 40.492576285079394, 33.294709851109076, 42.7451385395957, 37.44810759258701, 32.809327066465265, 23.944085811617917, 68.7342219278258, 32.29351164517009, 36.232013250672985, 30.643901940050085, 36.501934380804855, 12.725457360725928, 43.42695187618961, 39.29115840352897, 26.560436742867587, 35.98614502452238, 58.30883422871507, 21.32327162521005, 47.5072808410666, 12.267977468875435, 23.757272035869114, 53.88713436806023, 19.12798463000465, 68.05324782855864, 32.703819920995215, 61.52959239633532, 16.554845519244, 52.81092910497913, 73.56222052941021, 24.560024467467642, 34.32042639335935, 12.095637751910665, 38.671418077157185, 39.73476306090701, 38.38294641843354, 30.63648014970972, 43.921390320415725, 46.74868957805702, 31.12595160497146, 35.18333284785223, 44.03629787670134, 17.12995306300845], [100.07752129673949, 77.1543493394732, 57.02678632673014, 99.4456001658333, 31.129038171754043, 40.49118715998504, 0.0, 45.47304529240458, 17.1810683563836, 24.194054935865896, 96.92207211766262, 74.05373091793514, 88.29966556924856, 98.76709972787121, 81.65519133803943, 76.91426220914867, 27.35740464634421, 93.54627008820638, 19.485401445347094, 92.8105144560729, 57.71461264934588, 53.28043945003682, 61.87852881632647, 69.55187358252887, 34.21079860156745, 82.80042090313276, 62.727854816255515, 29.260135025314334, 24.74088760749732, 34.26986956180462, 102.06125387651886, 94.60372696488652, 71.50448545253124, 93.7866357482399, 36.42362033714823, 51.64853102687226, 39.8626270283876, 62.01461090643904, 36.7965751101039, 42.02811124941699, 39.63605744705975, 50.06743417424256, 47.90216665401062, 10.604107807612257, 37.40865637628485, 52.89030960146816, 72.66332420642983, 2.2620470940057666, 48.41853627238465, 22.261306086956075, 67.64272379766425, 80.45977654639562, 47.586391344469014, 83.08399024528045, 76.37615913697755, 17.561388138219016, 38.619539499340554, 109.22238681483576, 37.66258550221004, 68.46954173154687, 19.833461790061055, 74.26826069067268, 40.87882375760018, 60.22180692434332, 64.29880499829765, 58.9861272654287, 75.04638276773684, 75.14921652669386, 51.95673071825354, 69.16963453190974, 33.23219026972752, 64.08599007296756, 26.166309478617706, 30.000281968586286, 87.57937464199883, 44.89464749050211, 81.26891156168531, 56.89742673513746, 92.14182456746613, 113.88800196961465, 47.44188490002934, 53.57002053946972, 47.00257110068219, 75.72502363678623, 77.62438924396956, 70.83348979531826, 54.02280551381193, 60.99957690164582, 84.98076181274347, 13.783160176268224, 9.077579939591537, 84.52091728615979, 56.746015159093716], [62.41129460403551, 49.62481479190495, 16.39003802658196, 59.08133708136977, 69.78151060218404, 7.5734182719247, 45.47304529240458, 0.0, 40.290645526806415, 30.083509337478198, 73.5668376716331, 30.60175756081212, 45.59948006371361, 59.758354956633546, 36.18766627556029, 50.71478081726615, 44.28958589854021, 48.216823908892586, 28.81135473154712, 47.34504348679229, 12.473148391146093, 60.98139858636746, 33.29010397581066, 55.42389276490131, 19.59649222012544, 75.53129079463375, 35.16384149867307, 53.06750356142542, 22.896673760629128, 58.92483652572466, 60.029446618033965, 62.225821746663335, 63.87857620543108, 75.99741622814297, 13.16145187734082, 23.357830506081065, 28.37883887991368, 16.742413423200393, 26.418839341468505, 23.84440423245196, 60.580029123652686, 17.61727314314233, 32.353020492288216, 41.13921883073105, 29.99278785606091, 62.486793205070875, 27.367665625750476, 43.389912175218356, 61.5499885607655, 28.39837949041491, 57.20619153931517, 35.00602542056787, 28.731036169270414, 39.47265981186569, 36.339082551408616, 35.19556386326229, 21.075265236197122, 64.33847557578473, 39.8024679329892, 28.659889454982235, 37.66662385557849, 29.626532606081238, 19.654974287571186, 49.552530128548625, 44.11223523558027, 30.111838816391714, 29.71423068103203, 63.92215253741246, 26.162538252831176, 52.64476157082807, 19.81190788496234, 21.179732480001654, 60.837945433462494, 26.644270559730124, 72.96809709991307, 28.71590307053002, 66.56588818051043, 14.605806865288173, 50.85724339053698, 69.99186136432998, 30.917861349729005, 28.55508416263817, 16.951252933910382, 38.97475263769158, 39.40799413043767, 41.00109391838974, 24.31824608024864, 49.98557483907886, 40.11942656676398, 34.55235293746325, 39.101949047894784, 39.74977477625051, 11.319622169926236], [86.73840892848628, 61.87421276730487, 55.09364162962479, 87.24639368240902, 29.560118601152936, 33.456873372886896, 17.1810683563836, 40.290645526806415, 0.0, 31.821693271529263, 80.45749140707325, 70.82775552758775, 77.74455452027252, 85.98356471587486, 74.89336208078734, 61.38386856057728, 10.63392260294235, 85.82309302029493, 25.032605065199892, 86.23282702580309, 52.63059040126998, 36.85148558494035, 47.788948742936086, 52.65412359846949, 23.299364313009548, 65.64803505852082, 66.49080076618966, 15.720419981767543, 27.137403892819634, 21.823408070486373, 90.69080919371162, 79.82538335569811, 54.3235830772538, 76.82923825727522, 28.08288015657829, 38.81547502041533, 46.03641858578369, 55.155416148907264, 22.692757004699875, 28.572559159700084, 25.924750109965863, 50.70323744631414, 54.1967322156403, 6.5961228144688135, 44.477394662464384, 36.7710309607736, 65.39091060941445, 17.098293576095237, 32.820812931285616, 11.903185722864764, 50.548260546314715, 73.57774827148381, 52.693017957508815, 73.3797612841866, 64.89620232692948, 27.80825240629821, 42.06550954349058, 100.27416477896453, 20.625319497919424, 67.45114074836555, 3.4910706020045654, 69.862142596155, 28.841868498427115, 43.2742346792767, 48.30826232593087, 45.26356629524927, 69.42845816019185, 58.017628310628005, 38.376714884089836, 52.501507942627434, 22.52791108019082, 54.92273434830934, 20.57206104680408, 16.78102741539567, 70.49302233500575, 50.46410015333222, 64.23943450330317, 48.114064536395844, 80.61925985239579, 103.67398191893443, 32.32236344917429, 57.37593918604045, 35.778316316598875, 62.98558151900483, 65.31871365027651, 56.38283678223244, 56.20168479704963, 44.0578127419852, 80.1978235188749, 22.704770755058096, 21.1528428340013, 75.94557989299815, 50.57432462649437], [91.78142203099188, 74.65064769312492, 36.36176002142994, 89.01385850879109, 55.01149375996772, 28.980210339368625, 24.194054935865896, 30.083509337478198, 31.821693271529263, 0.0, 97.43469177351696, 53.52285206872705, 75.6808216454928, 89.43698097461338, 64.3341865259732, 75.13835543999673, 41.56336599446916, 76.8279835412358, 6.881663229948429, 74.8061220140108, 40.25953193306563, 66.63297255803923, 57.83956489757572, 73.67594885056022, 30.813773781347663, 90.99658123294807, 38.63232493246496, 47.487569788544995, 8.823035963484704, 53.490794573604646, 90.11246186458588, 89.79529739437181, 78.96100116482909, 97.17226622667451, 28.284230579315533, 46.56233592136224, 15.673746338160834, 46.24550546428225, 37.63182962618924, 40.1641302726345, 57.74269715243541, 27.81345145696051, 23.77705729083195, 27.575498044503846, 13.349533426130591, 67.07914474874686, 56.493394455024955, 22.01703890968934, 63.8319257663134, 25.755666075299207, 73.47673769976448, 63.340224789606644, 23.40962055028909, 69.48750290905208, 65.99621124543903, 7.118886846904442, 15.356420663974584, 93.50283784098575, 46.04621955415734, 46.426675635620974, 31.839354081694694, 54.82057072594542, 36.8578797217773, 65.34452598892298, 64.93260559780279, 54.524109674995174, 56.80440932855521, 81.05527539163707, 48.245693763471735, 72.05373699322446, 29.969257096349203, 51.21408290921842, 48.74673063462071, 32.029023642081775, 92.3698787139354, 20.70154454977854, 85.74914907752665, 44.365299393362356, 80.87622605998041, 99.76606593889252, 47.8355041620598, 29.555832827531567, 40.05027300836081, 67.63840704936547, 68.59249028814753, 66.7187897381531, 30.600625752185984, 66.0209593591145, 65.42790003714839, 10.555655388749525, 15.148365592687945, 69.28683655870218, 40.719838609374655], [35.64841703476669, 24.012826815842075, 84.14490121008042, 44.365295536496866, 98.48155026825785, 70.26373853049982, 96.92207211766262, 73.5668376716331, 80.45749140707325, 97.43469177351696, 0.0, 84.6158444683494, 52.435920076757384, 39.70683983504509, 71.27030241361392, 22.859920895798858, 72.59360390063605, 70.48593295710991, 92.35966045180155, 76.36781878726292, 73.72196835209235, 56.67927382417931, 40.43730683447059, 28.702933154956806, 66.85080666720683, 31.431264965138684, 105.91050492697282, 77.2691349966137, 88.61489829059563, 78.01457735426438, 51.32503115927374, 21.49436857158865, 33.31703742992256, 11.602382569010016, 69.36103685085006, 51.3864522808453, 101.40197107441072, 67.62888401169097, 61.23357116170194, 57.48023313436696, 73.6381004091614, 90.21469697613834, 105.91918551824318, 86.62042229002637, 102.45695165080024, 58.98810921626523, 66.83455857579375, 96.1361248059163, 63.78379855196491, 75.89326095030114, 32.57328948984888, 70.33898687723797, 102.27496304890053, 56.40430583885649, 46.41141632957424, 98.87572918103514, 94.04085877409348, 70.77220387613357, 60.117292686267234, 91.24115585329065, 77.333100384316, 79.7097997426109, 60.57859041542018, 37.8945261758189, 32.9514475791214, 43.733370180448645, 74.68205942159906, 27.47230690629754, 49.329252156212426, 28.05909572759523, 67.76936664875197, 58.65506667121686, 89.90711751132052, 67.94540133714167, 18.149681663596404, 102.25451182265991, 20.267967357831633, 61.26579216059166, 47.083602116925164, 65.21877696079737, 50.34614764805696, 101.28902948762298, 58.20490257993881, 39.5677606681057, 41.623130594742214, 32.715727762296304, 96.3758749572853, 37.11656212113985, 82.00157544588302, 95.15868629852795, 97.00725585515414, 62.827285056111116, 70.03233712855696], [60.134056880237935, 62.08863275888343, 17.22457207877937, 52.93333072897505, 100.21882438354042, 37.87147625031793, 74.05373091793514, 30.60175756081212, 70.82775552758775, 53.52285206872705, 84.6158444683494, 0.0, 37.80393690506376, 55.89219483582046, 17.226231293933584, 64.01312494965896, 74.69441882543505, 28.218627359119136, 55.2737287582752, 23.737572229026387, 18.789790322654714, 88.64586637700752, 50.56230321565716, 75.67600921068914, 49.672066434818426, 96.28795254062275, 28.92966231302635, 83.54719946772497, 49.50556517434122, 89.3078327302268, 50.19719859486233, 66.84350242347446, 85.93293095719788, 90.73423838815414, 43.51975236865416, 45.80886782937612, 42.7515860383477, 20.06585745570684, 55.45242335601233, 51.31884192761819, 90.58794089344532, 26.110282066772687, 40.14146706803979, 71.20608781068913, 45.7620008134896, 90.470828994213, 17.826625309683692, 71.83903656609417, 90.34659361749056, 58.96284916560384, 78.99391886901662, 17.256678043619928, 36.93262841671583, 31.26475584555903, 38.3460999872462, 60.25180334732538, 38.68805449462657, 44.92496967165992, 68.77763393056557, 10.143787766948241, 68.26217582578647, 5.10248837765686, 47.78384588041179, 72.65680395251414, 63.52407168731691, 48.6100055863452, 10.421185728866787, 84.23634390097813, 48.77958489792103, 72.13651897531047, 50.04559700455666, 27.627061921472137, 91.39556803909251, 56.923362867773356, 90.1114215660491, 39.18127125958609, 84.57877448064227, 29.295232274554646, 44.86257554308918, 53.681819620099574, 56.408688441696626, 31.087091476396452, 42.192922964839546, 45.05086933239761, 43.12292091457087, 54.114768284045084, 26.481133739612257, 72.84750871369862, 12.495291835864201, 61.39670567710822, 66.38139910962906, 26.48787306027542, 21.963061119884326], [22.486501335307306, 35.31495713080484, 45.825629879693, 15.277791148542974, 105.77485668091214, 48.29750646406978, 88.29966556924856, 45.59948006371361, 77.74455452027252, 75.6808216454928, 52.435920076757384, 37.80393690506376, 0.0, 18.110425219146123, 21.17809806495321, 37.612170786300624, 76.31322840924415, 18.085651183006785, 74.00412239349403, 23.969340345522568, 37.068955190292385, 78.50160616089566, 34.69291280615653, 54.971858617296995, 54.81260303996947, 73.15570774011694, 65.20968297708013, 84.75830480663379, 68.24983404737472, 89.01702968739652, 14.477850857914655, 31.828105129768755, 65.96586930856886, 61.274590700227094, 51.88079635480402, 39.57122236082782, 71.302087443359, 30.119030630180013, 55.65437197780686, 49.69696136254606, 87.80679941832582, 55.106034628290224, 72.07761310401344, 81.20854568518108, 73.65768622235935, 80.88005202524151, 22.006368874410885, 86.49354461517905, 83.01387709049133, 67.12631171317287, 59.80274676266465, 20.758392571015225, 68.31815929222853, 6.888511452910978, 13.538637354437274, 80.60887542606268, 64.7815403820318, 24.224670758513795, 65.40845603415886, 47.02468672022498, 74.34327268247391, 32.76836351364883, 48.90306133467119, 56.77146818168647, 44.824944286593166, 35.480088486120984, 27.50945737477582, 62.085533373903566, 40.95917650681185, 51.18103165754074, 55.708480190531716, 24.634196844916787, 96.06459049710017, 60.96698951804296, 63.254595665697366, 69.63576686569269, 59.45328502070795, 31.776328842896525, 7.0671368776780605, 25.93416536797018, 49.29557774464063, 64.36733494593317, 42.007435133260465, 18.98337002744333, 15.641501019084671, 31.16484650298159, 59.05694388769976, 56.542453749585526, 31.200211742460443, 79.37022543195779, 83.47842233666171, 11.655338176995716, 35.410895714868005], [4.72856760626436, 30.699402338466903, 62.75167990063878, 4.692805932915544, 111.9323821216949, 60.766659806133006, 98.76709972787121, 59.758354956633546, 85.98356471587486, 89.43698097461338, 39.70683983504509, 55.89219483582046, 18.110425219146123, 0.0, 39.24038042981278, 32.703719788356885, 82.41911944452283, 33.796036356829475, 86.7695605779146, 40.28528399020078, 53.2405625284763, 78.69082888835179, 38.63261716612455, 51.24294923782669, 64.55658293768197, 65.92818236511816, 82.88859752103431, 90.07942173148082, 81.35994762763785, 93.3853536250887, 11.619674512359062, 18.29831776659094, 61.45303946718184, 50.24000422447026, 63.17756474368076, 47.33250217914667, 87.03850675273885, 46.099384040998615, 63.290930167410934, 57.45348987246512, 91.0758128261867, 71.58176327594092, 88.64971396309629, 90.44420989365838, 89.1436358255374, 81.18524156833084, 39.51838978477738, 97.19932426855371, 84.3447820387919, 76.69179335499749, 56.46848335666967, 38.86257542989492, 84.84558247317632, 24.69453145221238, 23.451737976039006, 93.57286074936385, 80.1448973575326, 31.08858867272212, 70.24099986479364, 64.96686904210517, 82.49359477517869, 50.83805813886432, 57.946258603935185, 55.93638802733891, 44.223468251222, 40.81103192491291, 45.55332507252332, 56.49201542861713, 47.61016448217388, 47.84082794967666, 65.53509280463976, 38.78484329681029, 102.2736272804181, 69.53706104396296, 54.11985742718395, 85.90349562208316, 51.9851594863487, 45.182505373344725, 11.043551868940426, 26.065258165037502, 54.55553436935053, 81.41479092307712, 51.832483987387995, 23.082119905661582, 21.216746704405363, 31.314169889341272, 76.08671039365466, 55.479673240996235, 48.95329847497764, 91.60224271095997, 95.20706010033956, 29.69481748759328, 50.89545830719504], [43.66399575182437, 50.604057177570276, 29.523401366577687, 35.98905151359113, 104.3411122985978, 41.76311320660293, 81.65519133803943, 36.18766627556029, 74.89336208078734, 64.3341865259732, 71.27030241361392, 17.226231293933584, 21.17809806495321, 39.24038042981278, 0.0, 52.76172455579425, 76.40591246598471, 12.57047112133066, 64.4715886106466, 11.339915000696115, 24.25901089162312, 85.35776729488315, 42.933164977499615, 67.29056532619259, 51.8651825428315, 87.27638739355463, 45.856618190413315, 85.32672091413278, 58.48962429267567, 90.53691538294935, 32.97883815542405, 51.938542786236475, 78.14908656336668, 78.7389970710154, 46.85958615775751, 42.1007493780745, 56.37588005870437, 19.828958419636503, 55.62797947779334, 50.331486230839346, 90.70466732811346, 39.33654478023241, 55.32809873439763, 76.73732815868522, 59.14502615741521, 87.47774740101407, 9.60262990083369, 79.57745363254084, 88.37835914224001, 63.16437405189938, 71.37727952074025, 1.3936952658376405, 51.793120284786525, 15.269351550271196, 25.366468550735213, 70.3876732582164, 50.94925326381787, 29.557476992535744, 67.95380650943021, 27.108944075590763, 71.84578693778653, 12.549300934660456, 47.8425518582323, 66.30272171167904, 55.540617609692674, 42.00584174824757, 8.100746072105137, 75.436286265491, 44.62852796143432, 63.52534612333224, 52.52350616320783, 21.7348961984223, 94.94849986375792, 59.032254769664576, 79.30459028425524, 53.64323521757001, 74.45558527408386, 27.294155422463657, 28.215440326193708, 37.315605197733, 53.19848330449527, 46.73334269691531, 41.041244692436976, 32.67369613922498, 29.99743522490807, 43.773593905885164, 41.659898435795974, 66.31368207561009, 10.742570111505758, 70.42409359502312, 75.13064176655101, 9.545768373403996, 24.918176714286222], [30.942009788763578, 2.2973164679179194, 61.79597137237723, 36.303224111267156, 83.48805160252788, 47.49409569167236, 76.91426220914867, 50.71478081726615, 61.38386856057728, 75.13835543999673, 22.859920895798858, 64.01312494965896, 37.612170786300624, 32.703719788356885, 52.76172455579425, 0.0, 55.15056358165576, 55.068136119542665, 70.39339781865738, 60.027915082447976, 51.463174269589636, 46.53390777948137, 17.61552378685665, 18.56149907022028, 44.987674720548604, 35.54775652483276, 83.51122734866672, 61.49179953135976, 66.32079919810194, 63.717138385932735, 42.63730977664618, 19.472844864023582, 29.07426184331818, 26.77421853101991, 46.89791397906667, 28.720990459488107, 78.56837313353024, 45.78178443546035, 40.27253792998697, 35.77818614685132, 60.53378145297466, 67.48565460319102, 83.06775864472019, 67.06945917149582, 79.67127277088646, 49.03882677178061, 46.66706152427736, 75.86791844377505, 52.651201338434504, 55.082788978620236, 23.773164724790185, 51.62754823292439, 79.43307371142484, 39.34663224026786, 27.477465556236417, 77.0543417669754, 71.20310803175622, 60.300057984768415, 42.3365179187959, 69.71290725228336, 58.029844289617095, 59.356733101637516, 38.44107331960082, 23.889527974482604, 13.52577296473033, 20.93383246293714, 54.67572886871221, 24.646242103205257, 26.894178922620775, 15.145687482688993, 45.94726245278272, 36.95253424673742, 74.18239544627573, 47.113391870129455, 26.543294568728804, 79.39533321207193, 21.980060069430365, 38.756717302467315, 34.71412942591977, 57.89282636347554, 29.47746628409987, 78.57974779404385, 35.48966531089113, 20.15131268056873, 23.12721323378122, 10.179896309874959, 73.73828469367524, 23.329237713956868, 63.37545490196379, 73.6481783272196, 75.94744526332741, 45.68249682366621, 47.669049546041286], [82.62142235844708, 55.96940634414228, 60.1763436701628, 84.2098940036343, 29.613630160445343, 36.8467687189394, 27.35740464634421, 44.28958589854021, 10.63392260294235, 41.56336599446916, 72.59360390063605, 74.69441882543505, 76.31322840924415, 82.41911944452283, 76.40591246598471, 55.15056358165576, 0.0, 86.42949056362302, 34.68497372635137, 87.63661761832695, 55.98489435619795, 26.21923089505614, 43.78829384671868, 44.16800164231551, 25.08236944500011, 55.61182645958381, 73.9574405480875, 8.944011503584187, 35.770098177385755, 14.635252138556835, 88.34152198089902, 74.25551107041372, 44.617845632219876, 68.00702373746805, 31.19198242411461, 36.7461613934006, 54.891965033568816, 57.22726407040324, 21.00070672118733, 26.787919831671527, 17.006940993795258, 57.238943487360046, 62.884452630268676, 17.029788601686075, 53.65011325135245, 26.158175863799336, 66.80338107100528, 27.540636254427024, 22.382067750397752, 17.676497595223424, 41.46964216881279, 75.03883670101736, 61.00125893372465, 72.7418441525942, 62.97186217552494, 38.14748448576471, 50.12822852048187, 99.75095087644647, 12.818707566654306, 72.63490123169537, 9.727919004260817, 73.04251170291467, 28.613787706643727, 34.79000162197274, 41.68297847552163, 41.80921993496135, 71.8495716598803, 48.72013919837656, 35.49837414731148, 44.548193672693245, 24.6562254205422, 55.301536660612506, 19.902167300419606, 17.787713800748172, 61.32093339977832, 58.99517639012497, 55.28599284681367, 49.11730318592033, 78.30032536674368, 102.11983250937412, 27.869804697403886, 65.06605257763462, 35.58124268799681, 59.924159185987435, 62.61665826437993, 51.65074880672378, 63.24267125387664, 35.57672364743458, 82.90061664352056, 33.061704644075775, 31.77502406165756, 76.125040699058, 53.322558240543636], [38.51461085711093, 52.78615076282143, 42.029507422226665, 29.638274005906684, 115.02560577505984, 53.260830345128916, 93.54627008820638, 48.216823908892586, 85.82309302029493, 76.8279835412358, 70.48593295710991, 28.218627359119136, 18.085651183006785, 33.796036356829475, 12.57047112133066, 55.068136119542665, 86.42949056362302, 0.0, 76.7700892675647, 6.567730732894476, 36.63252738984802, 92.73213680319719, 48.973635280673655, 71.59042028825833, 62.56275600830971, 90.5423774781906, 57.135778599066455, 95.25724061121238, 70.79039889567662, 100.16551849058047, 24.723287644363413, 49.62865231758987, 82.62117547035, 79.33520488195626, 58.06105957042457, 50.639690916331226, 68.8909154954138, 31.53803802841188, 65.44198783854647, 59.81107304652682, 99.81606304061363, 51.835926074572725, 67.57897632692593, 88.11319486975059, 71.68321788212664, 94.98856514050405, 20.88430965439058, 91.51230764324417, 96.45269111895055, 74.29763496165579, 76.15814552748299, 13.491273597121287, 64.1118822436972, 16.0509371759535, 28.426689332996087, 82.79231837774095, 63.519139293199885, 17.048810818785146, 76.99961246033779, 38.362125478797154, 82.64857401508348, 24.264478455294203, 57.86174606338865, 72.16218811928773, 60.609205994896726, 48.82622558851448, 20.537725813725793, 79.15572567275744, 52.78322155320541, 67.77042870942317, 63.30237001767956, 31.141751851583365, 105.49104703052859, 69.52691676466395, 81.11040667206173, 66.0450742532056, 77.03710804527346, 37.715012604343194, 23.789793654373323, 25.46968831037119, 61.46878998669459, 58.8122847680181, 50.853050971320236, 35.358326657145085, 32.125813655658796, 47.51910431562468, 53.856241818602896, 72.04630944657077, 17.344056918895102, 82.6650006504552, 87.2990873897625, 10.622560880011088, 36.89784267289115], [88.81924009972195, 70.0633371755585, 38.082557783588015, 86.68802614813436, 49.42974729456304, 26.024753527802893, 19.485401445347094, 28.81135473154712, 25.032605065199892, 6.881663229948429, 92.35966045180155, 55.2737287582752, 74.00412239349403, 86.7695605779146, 64.4715886106466, 70.39339781865738, 34.68497372635137, 76.7700892675647, 0.0, 75.32199101670356, 40.214306981716454, 59.8045389984763, 53.41914428080177, 67.81611562496883, 25.50957673356505, 84.66959263533053, 43.605844673247795, 40.73448372524746, 5.982230468728852, 46.779499148545995, 88.29379049856041, 85.87311424641146, 72.67162262038848, 91.56693203738884, 24.121386818213075, 42.19662475805017, 21.482086910885645, 45.50215120568829, 31.762670922930806, 34.88196545944752, 50.93227353819568, 30.644529371485838, 29.710540005978125, 21.143231940662048, 19.597136730677786, 60.22262119058871, 56.04947197173196, 17.22453721394367, 56.95119440333393, 19.087407613724857, 67.36555675436583, 63.37830870473716, 28.784580684353227, 68.11963240291178, 63.47277505114037, 6.848092406620916, 19.20287196303227, 93.1015974730981, 39.4097749145252, 49.15830772628254, 24.963298003014096, 55.957930463389545, 31.953214615346578, 59.270661828921035, 59.595872721729805, 50.155434719195625, 57.328391353514654, 74.97949684862094, 43.577556440804386, 66.38185855886154, 24.59176411849274, 49.37074535141688, 42.63319556063671, 25.78537537793863, 86.51472880286452, 26.267395451181876, 79.9094663411301, 42.27441203911014, 78.77072647109041, 98.7680796164967, 42.29377817049039, 34.38800418602059, 36.01880908293739, 64.42490273694237, 65.6714331943708, 62.431004525020455, 34.5648668383189, 59.967193606032595, 66.67950657351624, 6.12299886380874, 11.131497937864369, 68.55687001390378, 40.00157567741144], [44.9940124585868, 57.772700363391216, 39.06260157453312, 36.17897507792723, 115.67337246765435, 53.078713076185615, 92.8105144560729, 47.34504348679229, 86.23282702580309, 74.8061220140108, 76.36781878726292, 23.737572229026387, 23.969340345522568, 40.28528399020078, 11.339915000696115, 60.027915082447976, 87.63661761832695, 6.567730732894476, 75.32199101670356, 0.0, 35.182288996914934, 95.6730913651511, 52.4295529584639, 75.90588597788185, 63.184564187152766, 95.29925864475118, 52.32976157765072, 96.54377235070956, 69.35005025391833, 101.68640983405878, 31.27325996127662, 55.75124407108609, 86.90088777422109, 84.89920198287378, 58.197945170180915, 52.794350633471616, 65.75638668018742, 31.149836998224917, 66.78799891914952, 61.387845382423166, 101.70659030767916, 48.740129293236016, 63.7688142521611, 88.05019713743965, 68.65646183475509, 97.85800438820404, 20.888222126857293, 90.71161751449942, 99.00076305035192, 74.50237771784735, 80.29351604714927, 12.661191865585634, 60.44855730835088, 20.682936956277175, 32.80896061379558, 81.06158401191696, 60.86636221200565, 21.391310464269413, 78.90710995338924, 33.77016895139696, 83.18044171472087, 20.55704843991166, 59.03922498070007, 75.81357775471727, 64.56434422965926, 51.907927703591916, 18.022604498676245, 83.71849120337619, 55.174710580482135, 72.09345053660175, 63.850795719058354, 32.61074249371112, 106.26773102558678, 70.33193220462216, 86.33041866164822, 62.557011946237935, 81.99676736391028, 38.52513327933371, 30.07166742226786, 30.78551740027388, 63.82736927981831, 54.78911001286602, 52.16883814955194, 40.00609547350008, 36.90945986483881, 51.91963742462831, 50.046180868086175, 75.75533290096331, 11.789929368649599, 81.33189961865698, 86.10394393633094, 14.401868494424328, 36.145109096129616], [56.576369869935085, 49.91051001383205, 10.454265775670107, 51.71736939896906, 82.16642572677803, 19.28568818580311, 57.71461264934588, 12.473148391146093, 52.63059040126998, 40.25953193306563, 73.72196835209235, 18.789790322654714, 37.068955190292385, 53.2405625284763, 24.25901089162312, 51.463174269589636, 55.98489435619795, 36.63252738984802, 40.214306981716454, 35.182288996914934, 0.0, 70.3003474886338, 35.554496570133146, 60.05371559453986, 30.9223890365158, 80.68150670058553, 32.20929363698212, 64.86927001374723, 34.23283303137457, 70.57667817691552, 51.46099813476116, 59.20687977633891, 69.65685512518856, 77.98538703854145, 24.888892481923257, 28.504207883359662, 34.23731701612007, 7