instance_id,num_cities,city_coordinates,distance_matrix,best_route,total_distance
878,93,"[[96.06707045138799, 13.550785759569639], [61.30370875820975, 80.50655873347092], [62.42764297673619, 36.77879616797563], [80.53302669931426, 31.61215616680281], [33.66447402054538, 67.78958605716005], [43.40130297786321, 73.31938713091435], [6.050261446000893, 31.308180773418393], [52.37172389103848, 89.19213618552735], [92.86668031582039, 25.832854698452913], [56.18612919920006, 6.0307198617372215], [58.88944505738832, 85.05066951532197], [84.48689724615328, 95.38545863742792], [28.98835391758412, 8.223568730057117], [91.74766314926823, 74.09357254448341], [83.81934777227296, 35.59524078611665], [44.20243008633684, 35.472367687696774], [90.79263034772269, 20.487242515872374], [61.90476326523916, 51.204811740281016], [22.14543716800852, 95.21249166397816], [64.37923945498328, 1.476472570787779], [10.558276361116858, 73.56113206687678], [99.42999922500422, 92.75277008587753], [18.047140841559607, 4.48811117220369], [8.467934470952232, 38.887229316420644], [36.280676966942906, 93.91722100074408], [17.685102235175375, 43.81386491667209], [17.2875741340765, 5.824865540513313], [31.762161928166588, 94.46803702288423], [64.58029142148617, 87.68220904462368], [90.36392048274173, 82.77058667790223], [95.99039420351319, 86.17015636053816], [9.80950893843, 79.73055991763567], [31.644418726165068, 78.16266470614711], [8.458004186000412, 55.11045522316085], [37.70704742195851, 33.394736648376146], [57.45719437870677, 28.81964519360324], [77.5952054458978, 19.12039002471424], [25.44411892434405, 25.551646757771117], [65.59883885677303, 69.23683747691514], [32.22773359884605, 93.8365859752835], [65.98895799545942, 51.798665381677736], [71.00847374775903, 87.26112265268085], [47.76397068471233, 16.617995231944548], [62.64290879522538, 33.557775303926604], [2.596200920558267, 16.906689942482632], [5.420019147406219, 35.148435919382045], [79.56374642511618, 23.781783398193944], [16.505682286368405, 92.60240775110287], [0.1441368078802796, 96.3512704290848], [85.14990474029267, 8.648120603205511], [51.18241618844846, 74.59171701983017], [95.52031138221986, 19.790958078471867], [24.853467374870743, 70.88423688914075], [17.20650343015192, 60.70219119001094], [16.6246720659317, 92.26611215757187], [19.54945006901979, 8.317025966204305], [2.5931710024853505, 4.558380861320666], [56.14059807481231, 92.6120822158559], [46.998938480951125, 36.92120860421318], [51.12210217848244, 25.790054064486235], [60.89041176824169, 92.78635163313939], [73.4904931029058, 53.69398278752219], [68.61659925235159, 38.74013479148674], [16.67684537468007, 67.11325665376557], [29.882789486900208, 87.22177572491807], [18.9505185680673, 18.960480888954066], [61.33229420852131, 63.57810329231689], [66.47954064544686, 24.465130251089374], [65.72091919750679, 86.26636956460719], [58.56834631738821, 76.90900585049177], [89.80376687589228, 84.2437485812191], [71.52487865148008, 54.42890252951387], [18.897051480509575, 97.04938135298171], [80.24568829474451, 91.63332905409072], [23.80941666478825, 12.262926725928814], [28.443873059671677, 94.56829523406833], [19.56883256806494, 56.76169103716065], [2.131315061250083, 33.87315862500936], [87.76290470924279, 42.32726881331204], [39.3919537281487, 19.893947043868366], [31.622998791574407, 96.53820484030976], [79.7963537640075, 50.38109269370612], [64.56539732581643, 24.639946625539157], [14.014901837285132, 39.928844538219266], [30.730388187695024, 18.30671478852538], [13.219420517821668, 41.31788679498739], [89.50147542819322, 3.92332731748255], [66.2554543563797, 85.51842626456227], [65.62868607564897, 21.10644767888694], [92.71310426902484, 78.48446425339685], [34.651538687867934, 77.35493853873128], [75.19906575912671, 78.65277438441527], [96.4189836568196, 14.078224663392868]]","[[0.0, 75.44247378462177, 40.87972050241263, 23.82267021722416, 82.67969218032023, 79.66158907191151, 91.75157209111026, 87.35500675571825, 12.692191081106513, 40.58375125919494, 80.58789739795093, 82.64994916204915, 67.28992088791561, 60.696674629876846, 25.218340711513168, 56.30716361554437, 8.714020354532728, 50.84180273000638, 110.15008887195935, 33.91028858971122, 104.46528385399294, 79.27334741993135, 78.54451914041529, 91.18960465222104, 100.16574643684729, 84.02134789157107, 79.15743100455269, 103.3572581495381, 80.54120170413226, 69.45435017864949, 72.61941108083843, 108.72041862398414, 91.24128975588053, 96.9667706888088, 61.64150123798823, 41.51940026980254, 19.29327054833809, 71.6353400710107, 63.476369558836396, 102.57324527404717, 48.657919648282935, 77.85336880091366, 48.400384513109486, 38.95451466833209, 93.53109399410597, 93.18447511539864, 19.417338040979164, 112.15691430418893, 126.71672920448745, 11.967482308277807, 75.76692865243693, 6.264079824627973, 91.42484280307332, 91.88168514441122, 111.8355814183374, 76.6964045477678, 93.90544831924085, 88.57094215252678, 54.349408819283816, 46.58164726254561, 86.69297673638496, 46.05624943910455, 37.25629710130718, 95.76923371324389, 99.03420524879638, 77.30606299486334, 60.90350712532354, 31.53640492664029, 78.79368644777877, 73.62349057717616, 70.96988068315974, 47.67955126677119, 113.69796521502884, 79.66931467439215, 72.26912972794568, 105.53072380557956, 87.85876583564342, 96.10892247652028, 29.95071193837204, 57.02897991961126, 105.0711668240987, 40.26422395109217, 33.39648032984475, 86.1879362742087, 65.50954823653751, 87.37702787017791, 11.653110917807053, 77.89784165207668, 31.362131152781295, 65.02024063237658, 88.55979592152718, 68.36477559932285, 0.6340620643307749], [75.44247378462177, 0.0, 43.74220441532304, 52.539787502724884, 30.424475195699767, 19.291230348756425, 73.98259142381553, 12.458716199634997, 63.13030244229219, 74.65145809822629, 5.1456400976787044, 27.54708497862321, 79.1777292065715, 31.11206760768229, 50.23923247801415, 48.17190151281492, 66.87237707559476, 29.307910934990474, 41.82863489630683, 79.08990711808883, 51.21853044308243, 40.044771409588485, 87.46390705629896, 67.25910812417133, 28.390103600966572, 56.999443984521854, 86.68780424844589, 32.67454460489683, 7.888342749730778, 29.14827144116426, 35.14601663436053, 51.5000464974701, 29.751761702733997, 58.63131045132465, 52.69085505469957, 51.829843759647595, 63.51121612018533, 65.61975718722219, 12.060462667909945, 31.985965011789162, 29.087707044610447, 11.823983983458112, 65.3075267743886, 46.96787968658366, 86.5535371128115, 71.97462101139956, 59.59135098682098, 46.40229239196212, 63.17869996972596, 75.7117969231816, 11.722880012186847, 69.69332864791821, 37.69892802958133, 48.340216089104764, 46.20068632048892, 83.39512431695307, 95.99506740278957, 13.16060069721694, 45.87275006553597, 55.65573641355732, 12.286746032235904, 29.452197566928643, 42.40179873874291, 46.59332007971166, 32.13048874661529, 74.71085876447752, 16.92847957588357, 56.279933742594494, 7.258592761376639, 4.519357745132468, 28.74404113324001, 28.009221108036467, 45.51911204855515, 21.968240861077774, 77.86536617243662, 35.742149285502556, 48.016857795174346, 75.3395392971304, 46.45155787681086, 64.45163849222105, 33.73363634443295, 35.348573145510116, 55.9617455118241, 62.31197436541404, 69.307636790494, 62.0310469352792, 81.60946868648061, 7.0454666714280245, 59.55735573456292, 31.47441806358232, 26.837862793268673, 14.018468625200674, 75.13857929539812], [40.87972050241263, 43.74220441532304, 0.0, 18.82814618180755, 42.296441670115954, 41.197286338708196, 56.64218199413984, 53.36927693395881, 32.34731254346146, 31.375160410258193, 48.40136982543701, 62.62069613738818, 43.97257175572952, 47.45583335003685, 21.424421518475555, 18.27197691204929, 32.71065925589979, 14.435488508709804, 70.97290239335179, 35.35622689392171, 63.58750999437797, 67.09888318061414, 54.88458168982054, 54.00088547765338, 62.83679991762165, 45.29224154652886, 54.73364263786766, 65.33314808239258, 50.94890909349466, 53.81152660166339, 59.71569920533437, 67.9229124734781, 51.57743179381472, 56.9979967623253, 24.951146334689433, 9.383679635329926, 23.278192772985868, 38.65009618633469, 32.61258850386437, 64.557152230622, 15.436302531995802, 51.206405302748045, 24.92952425278388, 3.22820612403374, 63.04523823699181, 57.03093238941991, 21.507402965756903, 72.28486759918387, 86.18651188136359, 36.161251186621506, 39.4496148126777, 37.19827072795847, 50.74445545027288, 51.15936171681574, 71.94966560023268, 51.46466545164535, 67.95821656702546, 56.18614388355219, 15.429361740533965, 15.766030120419675, 56.02864757400239, 20.211635047372543, 6.492305366936751, 54.893669709614564, 60.03050620523704, 46.98672904373622, 26.821682483930758, 12.963187996414662, 49.59703205790936, 40.31535563364866, 54.793921810118796, 19.856634948939504, 74.34686163217941, 57.675839977485204, 45.74270715622669, 67.04120240632552, 47.28840996480351, 60.366297630573, 25.93570966352492, 28.561181857572965, 67.2317858474804, 22.0611555723125, 12.325650565829037, 48.51511423639412, 36.686969780160716, 49.41712761063967, 42.573163342595166, 48.88970936618689, 15.995911480267, 51.54194327087442, 49.172505520442186, 43.77829703811496, 40.87452981826419], [23.82267021722416, 52.539787502724884, 18.82814618180755, 0.0, 59.20698998998554, 55.841364786508535, 74.48338553543313, 64.09768384907616, 13.620548336760379, 35.31545414278563, 57.65517613528359, 63.89575259992639, 56.60282072884646, 43.936759190437634, 5.1638037607162115, 36.53509933257236, 15.133511514618604, 27.03487286802448, 86.33720684982522, 34.1921667657117, 81.58542923805724, 63.99429850414828, 68.11901165091417, 72.43137584786456, 76.42114603169553, 64.02142848973884, 68.3005975671257, 79.55789721152438, 58.29528791048286, 52.09444773620334, 56.705428270135585, 85.54061458747113, 67.50589481537025, 75.80883146993321, 42.86306211923958, 23.24418539816428, 12.832576322222119, 55.421273299484334, 40.48020022435441, 78.77360602709948, 24.88021480503495, 56.458166635778724, 36.03659104616513, 17.99560369781864, 79.31203911981325, 75.1962045450533, 7.890135736812185, 88.42687159958903, 103.21592189891007, 23.423545679752035, 52.04518218317262, 19.08820123558047, 68.13596444482204, 69.68844012468091, 88.10891083923543, 65.28138869299454, 82.50168400900694, 65.6961304202262, 33.95174679482831, 29.981650289132943, 64.25040476358068, 23.17766913138707, 13.8855796556239, 73.06120741645314, 75.21885612711836, 62.86867419527175, 37.289273307670584, 15.766434273675358, 56.62580304753162, 50.34135253990381, 53.44184824179325, 24.530606307875622, 89.89451530121174, 60.02186066863012, 59.93296768310881, 81.71141519488674, 65.94794970480886, 78.43430703393882, 12.926127612933044, 42.7773808252398, 81.28703848886664, 18.78338801613114, 17.42345814402751, 67.03602196302933, 51.549370248236755, 68.00972565879057, 29.105056530601008, 55.764998232406725, 18.234836995687868, 48.42899498202246, 64.78821714841443, 47.3420627096731, 23.660143330546074], [82.67969218032023, 30.424475195699767, 42.296441670115954, 59.20698998998554, 0.0, 11.197523746764608, 45.7541000085101, 28.42587465170314, 72.56217014763973, 65.73722313674622, 30.56540799595511, 57.83122760230142, 59.749280492990415, 58.424285233071906, 59.598550556895994, 33.99192729434631, 74.16965653041956, 32.7500942863647, 29.7439735397031, 73.0809539890458, 23.816110379716857, 70.34390422964826, 65.19952314422407, 38.34334140946999, 26.2582906070051, 28.812766733889344, 64.09235085872233, 26.74618734001839, 36.76281021480376, 58.64518401981657, 64.9797329275144, 26.676697992920825, 10.56794133454691, 28.215713356665194, 34.631605009856756, 45.659060797948776, 65.56370799467558, 43.030428235918215, 31.967142414755752, 26.086594790697916, 36.06358008149, 42.11549658993515, 53.078503311285395, 44.85049107240156, 59.61800659559524, 43.164729970170775, 63.58796979098719, 30.16786790928818, 44.03842437022732, 78.41213243139863, 18.792213372333563, 78.29439892834246, 9.338667029185773, 17.919150704125112, 29.823735188547342, 61.12462110250241, 70.45290044958016, 33.486302693060445, 33.625357530046024, 45.48328779347892, 36.96065442469736, 42.24686766475785, 45.44801070516281, 17.001086685024564, 19.79674552030542, 50.99786266683369, 27.986512126964655, 54.34921405585268, 37.0000973804746, 26.52106092795811, 58.500937314427304, 40.14869989357087, 32.77517946906386, 52.32908945665435, 56.39443281009103, 27.282850649704972, 17.896971155170707, 46.31051893158323, 59.791051190008005, 48.23687656028898, 28.82101148553552, 49.30726082283086, 53.07314239987243, 34.092911359553696, 49.56978322186615, 33.44773646386475, 84.833187677943, 37.10099425015913, 56.57761272048005, 60.00934222147403, 9.616146044761246, 42.93170357118434, 82.60168777005164], [79.66158907191151, 19.291230348756425, 41.197286338708196, 55.841364786508535, 11.197523746764608, 0.0, 56.21424875533793, 18.232186207645256, 68.56963116165711, 68.49245596685675, 19.42950157513746, 46.636225920512906, 66.6723231475519, 48.35255841088247, 55.28769811130345, 37.8554974261232, 70.97304709889454, 28.834571044399194, 30.514256625751322, 74.84302366508004, 32.84391630062366, 59.303213877737235, 73.35242387091344, 49.05011444432969, 21.793899947382055, 39.1394790687531, 72.37014079607646, 24.139904652418384, 25.58984573654252, 47.90420248565366, 54.136446002049134, 34.198125142891925, 12.715410531264036, 39.40303708698866, 40.328677916450346, 46.666852428244965, 64.08396252816574, 51.03153416749276, 22.569842949671973, 23.362450665268245, 31.19845547141725, 30.92778471337829, 56.86897847509609, 44.17267446635756, 69.62362212626375, 53.84792881627772, 61.332670736368584, 33.093946525299444, 49.00663295226534, 76.97609020608854, 7.884449641044883, 74.71066693502186, 18.70700837268335, 29.075095128923053, 32.80192604451111, 69.24029061299863, 79.95861190970588, 23.119206803168648, 36.575543485704884, 48.15234409699843, 26.16928797679799, 35.92375061185283, 42.796446798350416, 27.43560988357518, 19.391405715523398, 59.60479465677696, 20.406201443141196, 54.03094917842368, 25.802899494640666, 15.586037540535129, 47.671063853293596, 33.87898931705908, 34.11115605230799, 41.144977799778864, 64.12279911614917, 25.985396001098273, 29.019716500459072, 57.08955111031672, 54.115276087125345, 53.575671063466174, 26.035397929105716, 43.02051921367385, 53.08113428974016, 44.480208032669466, 56.453044203751766, 43.98911288696439, 83.31289826659237, 25.906153535722368, 56.74722553215102, 49.58156681933521, 9.63556175298616, 32.24194065947818, 79.50087920947203], [91.75157209111026, 73.98259142381553, 56.64218199413984, 74.48338553543313, 45.7541000085101, 56.21424875533793, 0.0, 74.13656437412004, 86.98890608006947, 56.14762030137916, 75.36732993075678, 101.28278913076609, 32.54313137095758, 95.78431190802954, 77.88715986332815, 38.37874964896174, 85.43045002719539, 59.29250624916109, 65.9000427307875, 65.51488754366636, 42.49275339963597, 111.78198863614921, 29.38096745591578, 7.95532021183069, 69.52531870301421, 17.081032055477948, 27.850970390799617, 68.1928828240747, 81.26374020714194, 98.77840007634079, 105.35209464344153, 48.568083590931025, 53.389170732313445, 23.923743312510336, 31.72547578440562, 51.467130898076356, 72.57562438782449, 20.23016044829084, 70.60181351054965, 67.78688298927467, 63.34435494603591, 85.73389674092975, 44.22482436024689, 56.63734112355008, 14.809911284911458, 3.891627543976712, 73.89776134108796, 62.179563248233706, 65.31068687585574, 82.28141890002789, 62.532998502316154, 90.20829371069219, 43.81580503515018, 31.439936125566245, 61.86830819243459, 26.661232020466088, 26.97226853032407, 79.1657132580244, 41.331588795277845, 45.40837532207041, 82.3832967270855, 71.05848983585038, 63.006194671834216, 37.34873150176164, 60.78091388931745, 17.857276563133176, 64.01133529096306, 60.81550069690901, 81.12330067067846, 69.55274607280495, 99.07988701512085, 69.43697338397476, 66.98466591566408, 95.62470852427404, 26.040531788318006, 67.10675020203603, 28.82070349468827, 4.683722039756806, 82.45226722350792, 35.24135604471304, 70.06369198888191, 76.1725810334336, 58.89385769063034, 11.736751693216787, 27.895282284687777, 12.312231984303445, 87.829581086925, 81.0149120198622, 60.44554606819856, 98.67142468390452, 54.20642914418495, 83.80374503639688, 91.99661592455196], [87.35500675571825, 12.458716199634997, 53.36927693395881, 64.09768384907616, 28.42587465170314, 18.232186207645256, 74.13656437412004, 0.0, 75.1946809714844, 83.24884895801068, 7.722204049538369, 32.706904509939356, 84.27746381510588, 42.17145025358333, 62.1416144321256, 54.33738021590705, 78.71803139758943, 39.165235326989546, 30.820011180233692, 88.53371150806072, 44.639586513483515, 47.1927896100628, 91.39446840470343, 66.76920233575339, 16.77045669099197, 57.11697843239614, 90.44887715703248, 21.274143318758547, 12.301585309070497, 38.53106928105563, 43.723229088106066, 43.6011876804426, 23.479148632611235, 55.58755036474609, 57.69230911526483, 60.58629943024168, 74.47330818336026, 69.10287840493115, 23.94097986438105, 20.67247587352586, 39.795737503066306, 18.736522048822447, 72.72026763400224, 56.574546839017486, 87.76553096484355, 71.59039123227484, 70.83728073025675, 36.027807212469895, 52.71597533619339, 86.9583094701807, 14.648777854329602, 81.7210139751788, 33.05198357642459, 45.25781364483159, 35.87897772322362, 87.28164246756143, 98.18745779352963, 5.089247828852211, 52.54632901805642, 63.414395618879254, 9.245887076590435, 41.305221312715666, 53.00283407676304, 41.971434019766754, 22.5750856250506, 77.77828984322609, 27.136147506030063, 66.24662852411988, 13.666057428912191, 13.757667691953158, 37.75770625848999, 39.69037353691717, 34.384444078881224, 27.980659645558674, 82.06039642949264, 24.524378310639193, 46.12768638971646, 74.72809349719402, 58.726922901869834, 70.50328681554205, 22.01077731325968, 47.522704264313326, 65.69376567698535, 62.43490771988882, 74.11538556639472, 61.8453443206198, 93.0020871539236, 14.361549923933742, 69.36431377724038, 41.73824635759771, 21.310190326789172, 25.142905240590526, 87.07617812599061], [12.692191081106513, 63.13030244229219, 32.34731254346146, 13.620548336760379, 72.56217014763973, 68.56963116165711, 86.98890608006947, 75.1946809714844, 0.0, 41.68437806073717, 68.27299691306831, 70.0555884921867, 66.26105595111166, 48.27368938079215, 13.31008671189421, 49.60977183043267, 5.733868927410141, 40.02969537205402, 99.0708244532163, 37.48022995058245, 95.14547715014024, 67.24100111214676, 77.80463715834567, 85.40237114303613, 88.52941155222784, 77.30191725412652, 78.18261265380907, 91.89423496659109, 68.0107523096143, 56.99271119841271, 60.4181062291234, 99.01240500617646, 80.53927197084387, 89.34205335939632, 55.67555262060885, 35.53523057182221, 16.6815804616609, 67.42314782397287, 51.25856902868815, 91.1130579363652, 37.37158387822896, 65.2013289606007, 46.03442245815131, 31.195364451950258, 90.7107263089717, 87.9414498572042, 13.460124203706021, 101.43557184195598, 116.49170370348303, 18.83782660519572, 64.14830107427265, 6.598959963744194, 81.58078310388045, 83.30866097670844, 101.12478192117736, 75.38050482213447, 92.7464809078577, 76.21200918880412, 47.18899589278845, 41.74460007903515, 74.19738878161375, 33.9363977066724, 27.471154161862863, 86.6542701426213, 87.95208996233639, 74.23495463255489, 49.18456362088423, 26.422562520461867, 66.25029860891372, 61.52356403504212, 58.49114431197482, 35.68201857849924, 102.68057098969042, 66.999939291189, 70.37789857723558, 94.20646941897363, 79.55606451880149, 91.09090511742478, 17.265984548665635, 53.80350367546638, 93.54162210121143, 27.810958718509113, 28.326412560553976, 80.10180958499497, 62.59042723432664, 81.1385987823342, 22.166461016436518, 65.34925248415296, 27.64502221996238, 52.651833532446076, 77.74013016458898, 55.69639593147305, 12.279665560902297], [40.58375125919494, 74.65145809822629, 31.375160410258193, 35.31545414278563, 65.73722313674622, 68.49245596685675, 56.14762030137916, 83.24884895801068, 41.68437806073717, 0.0, 79.06617709162497, 93.72941274604985, 27.286032442049372, 76.79306356823551, 40.46795851281962, 31.787099130550867, 37.504679294618974, 45.534617080111474, 95.45761957931595, 9.373805206560487, 81.50004617918837, 96.90586303153673, 38.17017257641441, 57.93596742670895, 90.11250807200587, 53.94344378631017, 38.89909976022602, 91.74796588436074, 82.081835050132, 84.00671744559527, 89.48021454421605, 87.07730663655532, 76.19260475911862, 68.46016608527174, 33.019174399573316, 22.824344995463047, 25.093585051013505, 36.41617473897625, 63.90314864763294, 91.01579447377843, 46.805985616425325, 82.57166726847132, 13.52860502076089, 28.274171677858522, 54.68242074110509, 58.52383547072484, 29.353249289248602, 95.23232125290127, 106.29443431326749, 29.081799810813518, 68.74334495211878, 41.67159756702731, 72.02578960220778, 67.14447856892849, 94.87703502388725, 36.707948094263045, 53.61317888734969, 86.58137432599743, 32.227732902618406, 20.39793268452676, 86.88308188907962, 50.70727406244968, 34.99174775270332, 72.74654499889307, 85.34549333268163, 39.41661349347839, 57.777022716728126, 21.113545547936262, 80.80019618511744, 70.9183078132993, 85.13180031243232, 50.77067382163937, 98.36092749038254, 88.91945278965002, 32.97107697564663, 92.7821913328329, 62.565628335166444, 60.80398282822331, 48.10958550440547, 21.77690055209517, 93.78140653972171, 50.243390354705184, 20.408710274888303, 54.10633302851565, 28.261188968041456, 55.599660116636514, 33.381932204311795, 80.12294788824687, 17.788745025486044, 81.14040290831412, 74.5042465794697, 75.06966471036499, 41.02980515845363], [80.58789739795093, 5.1456400976787044, 48.40136982543701, 57.65517613528359, 30.56540799595511, 19.42950157513746, 75.36732993075678, 7.722204049538369, 68.27299691306831, 79.06617709162497, 0.0, 27.60502535326688, 82.44075852647234, 34.63698125128551, 55.383566878299916, 51.70799184720863, 72.01561870582427, 33.97990924683138, 38.12328350438514, 83.75430876946962, 49.67807703934076, 41.26571077076404, 90.32397035364775, 68.36221135112312, 24.285224516384112, 58.29469890922916, 89.48432085999595, 28.715436628152595, 6.269827161417059, 31.55695455912487, 37.11783504381628, 49.367435578247566, 28.102243149618225, 58.64935345103835, 55.83036243783374, 56.24926166872155, 68.5325267695711, 68.25484267983664, 17.178278403092794, 28.072035657215654, 34.00145383453084, 12.318967467709621, 69.33114083578819, 51.629513306801684, 88.38852463681185, 73.13831024167034, 64.66299670659593, 43.05127288492002, 59.822360554744535, 80.78961086071521, 12.991842875036115, 74.83749263924213, 36.866456164879295, 48.27334688477419, 42.87625973126573, 86.23043115981682, 98.2256534985836, 8.045565347532339, 49.576498002967554, 59.76748412816387, 7.990284450873044, 34.58948404606355, 47.321064602776424, 45.86561186922627, 29.087794167971484, 77.22066356739158, 21.61107614572976, 61.059128056120606, 6.938801448156549, 8.147993104565446, 30.92485108924412, 33.12622519158845, 41.75357026376509, 22.347718716156805, 80.80014784887761, 31.898558801147896, 48.43941442537686, 76.42396837109804, 51.565159165969526, 68.01140089246657, 29.587540617789777, 40.48553307858045, 60.67678200283535, 63.63728245672657, 72.44092749518944, 63.23217081445659, 86.71068016979464, 7.380846114727452, 64.29837381901211, 34.45511535326296, 25.430304371786324, 17.51961156934289, 80.28420888161209], [82.64994916204915, 27.54708497862321, 62.62069613738818, 63.89575259992639, 57.83122760230142, 46.636225920512906, 101.28278913076609, 32.706904509939356, 70.0555884921867, 93.72941274604985, 27.60502535326688, 0.0, 103.33094098002638, 22.495847058840894, 59.7939442837428, 72.19706892596876, 75.16318944895481, 49.61735921411308, 62.341700026938796, 96.03757371941053, 77.08269725574935, 15.173244404536678, 112.59027048246865, 94.71500735272382, 48.2285744695562, 84.39258910347172, 111.96807072818753, 52.732716379592894, 21.345093341274225, 13.916694890620692, 14.739478901997803, 76.30064336812265, 55.57834260694338, 86.03759922249914, 77.66082643326764, 71.84436203725743, 76.57581933202957, 91.44840596533982, 32.25692388180643, 52.28211158359593, 47.34957552969055, 15.737621649891139, 86.907345066865, 65.57302995768906, 113.42399781600693, 99.39854183143987, 71.772722686076, 68.03815811472525, 84.34829002869478, 86.73987196324565, 39.26280872508277, 76.39544974837153, 64.47058108449086, 75.69399205264105, 67.9338790948411, 108.61760452940582, 122.29530021803724, 28.481648363233774, 69.45081413725649, 77.17985415624406, 23.73919720902613, 43.117282644258815, 58.82651674222789, 73.4678197567948, 55.210998024670104, 100.67668128266945, 39.342642207666714, 73.17074463315991, 20.864316850554207, 31.83002654467742, 12.345315129078955, 42.958740836637254, 65.61094806786643, 5.6627139941607485, 102.9131282251206, 56.04898140014993, 75.53906635104724, 102.79204721101789, 53.159229982291244, 87.93476134938082, 52.87646530947663, 45.24813976457293, 73.49689536912616, 89.67573910627155, 93.97284192508404, 89.45588613479136, 91.59949486722469, 20.73026381140033, 76.63552438347627, 18.79665111535007, 52.996817052181235, 19.13756870771258, 82.17810525085186], [67.28992088791561, 79.1777292065715, 43.97257175572952, 56.60282072884646, 59.749280492990415, 66.6723231475519, 32.54313137095758, 84.27746381510588, 66.26105595111166, 27.286032442049372, 82.44075852647234, 103.33094098002638, 0.0, 90.98125245208864, 61.28332822421931, 31.20841486366255, 63.00925550883675, 54.13757710727654, 87.25765423643519, 36.02829562585102, 67.88714857416181, 110.03277364253441, 11.56130558118304, 36.89644555809424, 86.00337211380506, 37.34210333185393, 11.944120919250116, 86.28906258612406, 87.06584597832455, 96.56199074227104, 102.7859130703888, 74.0343020729909, 69.98951225876709, 51.184718277219545, 26.638380408640334, 35.13791745242015, 49.81331879952613, 17.686828144748063, 71.15438546329312, 85.6742802861559, 57.16496960836908, 89.51326941081928, 20.566725098606636, 42.12423396027113, 27.78385023368962, 35.782885252617106, 52.91434938606689, 85.29716036066097, 92.727992900874, 56.163155494547034, 69.98076526800996, 67.53003672747349, 62.79694754415942, 53.78492182947351, 84.94709962497001, 9.439366510387803, 26.648438664106667, 88.649114891896, 33.88119966383932, 28.2574630687458, 90.38033827896712, 63.623886604223266, 50.01658357479165, 60.162850550433305, 79.00327033351567, 14.698279532376525, 64.11127022722387, 40.858015161103296, 86.25520340330216, 74.78412413606011, 97.35287462572725, 62.803573210101376, 89.3972000288567, 97.90047213759881, 6.567937582469053, 86.34644320675363, 49.443671986952886, 37.13760894174358, 67.9522639808996, 15.634341016040786, 88.35392636945109, 66.02052465059482, 39.18192798827691, 35.06321122305602, 10.232522554807533, 36.65914822726946, 60.66572303339146, 85.80985827045005, 38.83918782188325, 94.85482194962523, 69.36294366133865, 84.23599526334309, 67.68431740903954], [60.696674629876846, 31.11206760768229, 47.45583335003685, 43.936759190437634, 58.424285233071906, 48.35255841088247, 95.78431190802954, 42.17145025358333, 48.27368938079215, 76.79306356823551, 34.63698125128551, 22.495847058840894, 90.98125245208864, 0.0, 39.30623020456643, 61.254768398862986, 53.61483662931738, 37.60975996520284, 72.7356762965885, 77.60331065167004, 81.19113264327727, 20.178799282150635, 101.3739968693993, 90.41570556173352, 58.90300157265057, 80.01327154403481, 101.01941007620363, 63.351236448299915, 30.376259291236583, 8.786655679990874, 12.800181384060542, 82.13182539140467, 60.24082918754849, 85.42555843219614, 67.65192821705102, 56.79405555405977, 56.76568378340512, 82.17346613030973, 26.59603142193088, 62.70891956505049, 34.06719502100196, 24.566203469066245, 72.3740781649498, 49.90228034806334, 105.91658396706401, 94.70578538642734, 51.76605020514664, 77.48504800849503, 94.26882386717014, 65.77718142198952, 40.568305472506694, 54.43350817771971, 66.97113754187002, 75.73449403575441, 77.28974696100595, 97.66850081651442, 113.06487674059065, 40.13475157099214, 58.17416093377501, 63.11629030399729, 36.077554696087134, 27.376404445326834, 42.24821508606311, 75.39464497747589, 63.24248818640466, 91.3185745326397, 32.18182346286506, 55.69075595946661, 28.732705894567005, 33.29855447509483, 10.334641082222852, 28.20745042788559, 76.38180921243358, 20.97471058132646, 91.86203839304622, 66.53257930460164, 74.23057119983602, 98.22816062864385, 32.01525187416751, 75.35728042727939, 64.17738529279757, 26.554010934240047, 56.43169935264816, 84.90942716169828, 82.67576030505992, 85.09365703231387, 70.20618686765252, 27.935282201284867, 59.074836985763746, 4.495776524152608, 57.18919422985561, 17.165150654690944, 60.19687048819556], [25.218340711513168, 50.23923247801415, 21.424421518475555, 5.1638037607162115, 59.598550556895994, 55.28769811130345, 77.88715986332815, 62.1416144321256, 13.31008671189421, 40.46795851281962, 55.383566878299916, 59.7939442837428, 61.28332822421931, 39.30623020456643, 0.0, 39.61710823283993, 16.639659900694326, 26.905533250411853, 85.77813154561412, 39.26841168062813, 82.51420171735901, 59.25095437570339, 72.75738256255072, 75.42329000375221, 75.24213313093226, 66.64296073375236, 72.88862837033116, 78.58725554912695, 55.52651215078675, 47.6271423872168, 52.01880868100758, 86.17065996644357, 67.3365339184753, 77.84713033665429, 46.164775121924116, 27.218960802705176, 17.61137857492866, 59.232939518939034, 38.25890710731498, 77.8058413132551, 24.09302322700767, 53.230459722998205, 40.74464462661979, 21.274229324225495, 83.34543489076235, 78.40060180520801, 12.556588640318997, 88.20967433633385, 103.40617035705773, 26.97994936980799, 50.851690845573906, 19.664381538824486, 68.71890785657172, 71.18728812036075, 87.90171844327271, 69.81920047198989, 86.95388701276207, 63.380070932736494, 36.84427677448816, 34.135781169715315, 61.61622567305956, 20.838658805555333, 15.52462305065679, 74.17210359996632, 74.66224902491685, 66.96775521966265, 35.89858175499337, 20.60456919514345, 53.80628595770465, 48.41942025952989, 49.015207667599526, 22.491349128650192, 89.395279229988, 56.15192230717113, 64.38624628698508, 80.89662755991141, 67.64722699590935, 81.70618247823569, 7.802040930043055, 47.120313737625445, 80.24028735383209, 15.323377480950702, 22.152495975383605, 69.93883609105085, 55.83306154011562, 70.83147891775704, 32.1775803543837, 52.92272479984513, 23.25565089747286, 43.801648305170154, 64.50849406512471, 43.911962624719784, 24.93457052464932], [56.30716361554437, 48.17190151281492, 18.27197691204929, 36.53509933257236, 33.99192729434631, 37.8554974261232, 38.37874964896174, 54.33738021590705, 49.60977183043267, 31.787099130550867, 51.70799184720863, 72.19706892596876, 31.20841486366255, 61.254768398862986, 39.61710823283993, 0.0, 48.94078806896435, 23.68295580886303, 63.68197036289514, 39.53257544226755, 50.82010479936976, 79.56839128613697, 40.54779041200439, 35.89729038283074, 58.97927645595734, 27.7983678007718, 40.04227584064337, 60.29302838764995, 56.04573817080161, 66.09088224000958, 72.47247066105881, 56.05051832542105, 44.4990461565831, 40.7838015024984, 6.819570858364556, 14.830626858959906, 37.18150911010447, 21.220154132795745, 39.973062534895156, 59.57999103968208, 27.22500311712498, 58.31499907914974, 19.187806860975673, 18.539604068290195, 45.56053879767472, 38.78376374240398, 37.24369012653275, 63.489773320917145, 75.14901200685125, 48.95136272042069, 39.737182816037134, 53.66033496010467, 40.35322587290739, 36.95029160891751, 63.1352686566034, 36.6767229690067, 51.83632918145761, 58.37351138385098, 3.149539522298499, 11.900800769739282, 59.69406577134821, 34.49373699831174, 24.63188904472, 41.93809328381165, 53.69407173142915, 30.17120217991003, 32.914504685948316, 24.848117249575722, 55.164082520233386, 43.856294090950996, 66.76922577996166, 33.25456974317851, 66.5739498476615, 66.73207657398008, 30.895843509592893, 61.16094155691731, 32.55840007387094, 42.10149865598922, 44.09653749235641, 16.30422867076962, 62.34804374516571, 38.59012158670471, 23.064947016284155, 30.51470215660867, 21.82098880375479, 31.52962060596991, 55.20276675280839, 54.68952238348906, 25.796590926303747, 64.83306224941114, 42.95776143605801, 53.15391749933095, 56.429405654529695], [8.714020354532728, 66.87237707559476, 32.71065925589979, 15.133511514618604, 74.16965653041956, 70.97304709889454, 85.43045002719539, 78.71803139758943, 5.733868927410141, 37.504679294618974, 72.01561870582427, 75.16318944895481, 63.00925550883675, 53.61483662931738, 16.639659900694326, 48.94078806896435, 0.0, 42.16726127734137, 101.47068538104726, 32.543456982281114, 96.19973654704148, 72.77987782411707, 74.48408183795544, 84.35588340751994, 91.45225421867428, 76.73879057788432, 74.95317596699172, 94.64541276639311, 72.126626420372, 62.28481959638472, 65.88825327952131, 100.33960638730008, 82.61334797025842, 89.31829332989243, 54.63224798000541, 34.36102771495953, 13.26801830613347, 65.54445922865494, 54.8748588932598, 93.86145810253132, 39.94530465573781, 69.64311825942856, 43.20227571482037, 31.03619903993935, 88.26908020610391, 86.62236048027967, 11.702214908839235, 103.53331690414902, 118.20533030392295, 13.115073768139286, 67.05418127971579, 4.778679732071437, 82.99295304674713, 83.8579761954248, 103.21381769283401, 72.27520257383979, 89.62629782827149, 80.01722216117693, 46.775663423563216, 40.023375863944764, 78.23876184555544, 37.443978857852294, 28.721845894163007, 87.56217663213556, 90.35212579856628, 71.85833303122145, 52.19898167483404, 24.63635366089919, 70.39520051319874, 64.97553277238649, 63.764174240920845, 39.0292523616542, 105.02730770596982, 71.92359568578684, 67.48622293110179, 96.82649382891246, 79.9291247648889, 89.66611164987671, 22.04917200525495, 51.404100580275895, 96.35763679627752, 31.852164403072106, 26.553958337841337, 79.20098158746379, 60.101810575551994, 80.32134600712865, 16.614161661837606, 69.50631529138923, 25.171561460543835, 58.02900954999993, 79.9109318160444, 60.219501443711685, 8.52826837008468], [50.84180273000638, 29.307910934990474, 14.435488508709804, 27.03487286802448, 32.7500942863647, 28.834571044399194, 59.29250624916109, 39.165235326989546, 40.02969537205402, 45.534617080111474, 33.97990924683138, 49.61735921411308, 54.13757710727654, 37.60975996520284, 26.905533250411853, 23.68295580886303, 42.16726127734137, 0.0, 59.30834598918184, 49.78986592640882, 56.00238187738591, 55.98549969879225, 64.07761821904305, 54.838102705678345, 49.809072501461266, 44.83307391383237, 63.63987023132393, 52.72838967026176, 36.5753874212391, 42.50084442623563, 48.8303753914873, 59.39388716402372, 40.52671079859216, 53.58927231349154, 30.045436039629145, 22.822720046544692, 35.715544132029194, 44.580976429112894, 18.40652456719089, 51.944145620504706, 4.127142927226902, 37.1878353922514, 37.36589208070401, 17.662467376033813, 68.51179990519526, 58.72251291079949, 32.6169000625708, 61.43970629162609, 76.50214188207599, 48.491324613086135, 25.72772950319881, 46.009078203009075, 41.95328713396848, 45.69611196477361, 61.12542066093788, 60.27714927360891, 75.45697111923313, 41.80655030709835, 20.644731314516605, 27.607529549585333, 41.593910237207, 11.850110057456124, 14.156868077216123, 47.944167281125324, 48.19365621460226, 53.70999915801853, 12.386527546192344, 27.128198506754522, 35.26862462824357, 25.919823936618474, 43.24263810230281, 10.146003225990292, 62.8600655100846, 44.39430755323195, 54.47683765674652, 54.772464560808345, 42.6990624664761, 62.23545058809385, 27.33960949535079, 38.56419117899883, 54.51698624832667, 17.91054224872346, 26.697772045036512, 49.199453898703105, 45.32247173889039, 49.67910912352784, 54.74593401731557, 34.58833119263626, 30.32786046311393, 41.15013142921769, 37.769926945119416, 30.498018494859203, 50.691368863114604], [110.15008887195935, 41.82863489630683, 70.97290239335179, 86.33720684982522, 29.7439735397031, 30.514256625751322, 65.9000427307875, 30.820011180233692, 99.0708244532163, 95.45761957931595, 38.12328350438514, 62.341700026938796, 87.25765423643519, 72.7356762965885, 85.77813154561412, 63.68197036289514, 101.47068538104726, 59.30834598918184, 0.0, 102.81116345540607, 24.556947448079942, 77.32369470339214, 90.81689957488997, 57.962136421539554, 14.194461253052667, 51.591796045708065, 89.51953159643305, 9.645496764049197, 43.097819107714045, 69.34379904104675, 74.39651542455043, 19.79558879861166, 19.51735765758727, 42.373566622808646, 63.74636106370958, 75.19927034051643, 94.15245474203891, 69.7389031629851, 50.62541583800578, 10.17574654673855, 61.70100996755952, 49.50576343162334, 82.66440666303376, 73.76550181240309, 80.7091768084943, 62.34926142669084, 91.64719483593825, 6.214448741218634, 22.030752021037248, 107.06518234801703, 35.61407723861739, 105.22490149361504, 24.478509104736695, 34.861926298907235, 6.257795099560246, 86.93423438353334, 92.73865923997371, 34.0944730766933, 63.36852695357596, 75.22713577815237, 38.82086052912727, 66.0310635101547, 73.13477966195914, 28.626430171455464, 11.1228666325461, 76.31891411763299, 50.36213153116818, 83.49072929394086, 44.484331339472554, 40.76329113097303, 68.54168734191099, 64.04397226834377, 3.7317788391483733, 58.210390704562386, 82.96625308628424, 6.331294000573598, 38.537033618426314, 64.52192543135834, 84.27632432949098, 77.26788140715817, 9.569832274099065, 73.03069572440441, 82.34037365103775, 55.87832535330287, 77.3834601244177, 54.628767213109036, 113.4484350583513, 45.16268947180353, 85.92146815950068, 72.52325517466119, 21.801256359348756, 55.57797894007452, 109.99694991111275], [33.91028858971122, 79.08990711808883, 35.35622689392171, 34.1921667657117, 73.0809539890458, 74.84302366508004, 65.51488754366636, 88.53371150806072, 37.48022995058245, 9.373805206560487, 83.75430876946962, 96.03757371941053, 36.02829562585102, 77.60331065167004, 39.26841168062813, 39.53257544226755, 32.543456982281114, 49.78986592640882, 102.81116345540607, 0.0, 89.96051468849222, 97.77483443360514, 46.42987539278513, 67.27286782424434, 96.61687836079562, 63.030129631404, 47.29200211574313, 98.54595276133252, 86.20597092365281, 85.34598195916956, 90.40069235583172, 95.40208422847661, 83.38069652125193, 77.48411868998697, 41.59544938539813, 28.205740499392828, 22.044717739040802, 45.77726098041464, 67.77133962754745, 97.79626719312213, 50.3479322621688, 86.04041455607563, 22.479609978971276, 32.128255931738906, 63.680730670148556, 67.89691285343157, 26.98325671658663, 102.93596814750238, 114.57476022552515, 21.97391799145609, 74.29666961022801, 36.12736829868034, 79.87317701331928, 75.71626489752265, 102.58292919786226, 45.34868451394581, 61.8628839735751, 91.50723773106311, 39.476628204890396, 27.69299430936828, 91.37650646095555, 53.00644598793192, 37.50380967516101, 81.14003836422556, 92.42435865827886, 48.67709141157701, 62.176333227427506, 23.08440267870824, 84.80051141799797, 75.65602128086171, 86.58422819869375, 53.43238716415639, 105.84332910502637, 91.5423561513229, 41.979258145765115, 99.7869631000812, 71.16479428935178, 70.17370845711176, 47.069983581593675, 31.041388724750156, 100.54702504043289, 51.27718091884995, 23.16422209006841, 63.365222429903895, 37.62316101440445, 64.84339103615275, 25.24111404920683, 84.0628940914049, 19.66969851325855, 82.05509538285341, 81.49403530656407, 77.93106057843661, 34.42890303687559], [104.46528385399294, 51.21853044308243, 63.58750999437797, 81.58542923805724, 23.816110379716857, 32.84391630062366, 42.49275339963597, 44.639586513483515, 95.14547715014024, 81.50004617918837, 49.67807703934076, 77.08269725574935, 67.88714857416181, 81.19113264327727, 82.51420171735901, 50.82010479936976, 96.19973654704148, 56.00238187738591, 24.556947448079942, 89.96051468849222, 0.0, 90.92030628329381, 69.47780441783104, 34.73685450880472, 32.802625651159616, 30.58907566345863, 68.06970876570361, 29.777566018398296, 55.837110654064304, 80.33526553077408, 86.35759522285946, 6.214699723960654, 21.582388710922412, 18.569830887781496, 48.48087345571799, 64.81750657694207, 86.3582321218958, 50.264291385260954, 55.21017155868114, 29.6