instance_id,num_cities,city_coordinates,distance_matrix,best_route,total_distance
2718,27,"[[6.416115762398866, 89.94249065619863], [32.27652250606965, 11.195671777432526], [37.69305129374643, 6.7611397574116054], [51.409397816032254, 95.03204855113378], [24.15536374541778, 89.75536434981396], [10.831816453715959, 57.61929517574357], [27.753495870500654, 58.43416166102897], [57.763262727733924, 0.8280303043946668], [61.957690621620245, 3.657770564817009], [56.86129376947828, 35.96241979704763], [33.736224394395244, 13.885647072766982], [5.847879752043261, 60.22003639542862], [97.49333123110931, 32.0342078952322], [75.46752021672472, 38.33912979571418], [88.59652269086335, 19.024684920329772], [3.71083230565733, 37.7209767125403], [27.13342569078755, 11.776973462282125], [36.10270442517373, 87.64117194798379], [3.9179824378323125, 55.87723763507365], [25.516420677140427, 47.47582017052064], [85.58144425011062, 77.45915549042701], [2.795235402435625, 76.30717954761565], [78.52375932178496, 75.02192977623197], [40.768417368499655, 29.629314610860547], [15.79917638192424, 40.92268480037207], [1.6647054282970974, 18.328276735880465], [82.54433530957222, 70.14065987484649]]","[[0.0, 82.88439008928815, 88.86722586859123, 45.28022779893786, 17.740234926786673, 32.62341764228587, 38.0533649753273, 102.848998756784, 102.61539581900256, 73.88209549088934, 80.81479933489082, 29.727885552911932, 107.92788513566803, 86.20326739290265, 108.54931806933864, 52.29153925014084, 80.86442362906799, 29.775654723776814, 34.156728963713356, 46.56436137192536, 80.1435143441333, 14.107887283679792, 73.63515055094453, 69.41008450011034, 49.90975047756316, 71.77166248310054, 78.66141566051257], [82.88439008928815, 0.0, 7.000275590597997, 85.991889083614, 78.97834207352543, 51.13734669593317, 47.45453293868469, 27.51475816430256, 30.62338478017621, 34.897031185205876, 3.060505953644104, 55.69435773952492, 68.46514973189828, 51.01205344261325, 56.861549993003365, 38.981924766824754, 5.175843554453111, 76.54119259852065, 52.921159494974624, 36.904581614780376, 85.0427184179846, 71.47485385360025, 78.82003630561309, 20.29560214590731, 33.988207345503035, 31.43178961332433, 77.46847504535152], [88.86722586859123, 7.000275590597997, 0.0, 89.33023844806999, 84.09108335519467, 57.51589267051738, 52.62029983441271, 20.928812072987835, 24.462289795874504, 34.93044911766375, 8.149544993309835, 62.225144276849115, 64.92150224452519, 49.234946504207656, 52.359888657635956, 45.97067229922351, 11.690349893377006, 80.89566620227794, 59.60827414839166, 42.49653555661769, 85.39032502882775, 77.81072679576043, 79.54044362501642, 23.074039473435455, 40.575274717205964, 37.839666537630876, 77.64406769473509], [45.28022779893786, 85.991889083614, 89.33023844806999, 0.0, 27.760147140868558, 55.1928820079471, 43.577597704296544, 94.41805258078621, 91.98111305389337, 59.32068956639633, 83.04865761515683, 57.33871396032666, 78.05419172800153, 61.58636448480547, 84.61679255656969, 74.56347703155984, 86.72214452304547, 16.997644528720503, 61.551066217386904, 54.14832520867298, 38.42571180883764, 52.09565726981919, 33.6985675251979, 66.26272007506891, 64.77585287820186, 91.42211456445779, 39.8618309032669], [17.740234926786673, 78.97834207352543, 84.09108335519467, 27.760147140868558, 0.0, 34.788559245747045, 31.527199251781074, 95.06609077074305, 94.03090754013598, 62.95521219403311, 76.472262229348, 34.749094485191414, 93.32839534346797, 72.63997919505547, 95.68433507522869, 55.90667547419907, 78.03523754278683, 12.132961667709484, 39.46237539592125, 42.30144597977953, 62.64471341208827, 25.24101339690519, 56.329357637757276, 62.378966069457206, 49.54247126690684, 74.8843011354583, 61.59552444747868], [32.62341764228587, 51.13734669593317, 57.51589267051738, 55.1928820079471, 34.788559245747045, 0.0, 16.941288075978054, 73.67366161023044, 74.33506001724903, 50.86976541257729, 49.36845024413912, 5.621697247099761, 90.35936495274714, 67.44997389192014, 86.81528365971698, 21.134130994672063, 48.65450568856575, 39.24195285397436, 7.1299274382138496, 17.847343958701472, 77.3377457197046, 20.34265610214799, 69.89313857806097, 40.98340013168206, 17.41985828539752, 40.346252051386614, 72.79745829752218], [38.0533649753273, 47.45453293868469, 52.62029983441271, 43.577597704296544, 31.527199251781074, 16.941288075978054, 0.0, 64.95423370884536, 64.578479078542, 36.77285793801099, 44.94845039165659, 21.978293066027383, 74.56944545161247, 51.77295070768209, 72.49124615868516, 31.734613626173903, 46.66130835757878, 30.376944108842, 23.972266498464858, 11.184353072187236, 60.877105745949095, 30.697875072487097, 53.411363041552875, 31.608660129506806, 21.202772844047548, 47.844612992127615, 56.02747707034676], [102.848998756784, 27.51475816430256, 20.928812072987835, 94.41805258078621, 95.06609077074305, 73.67366161023044, 64.95423370884536, 0.0, 5.059709013220695, 35.14596524528953, 27.345930716313248, 78.88356848564881, 50.52033118570969, 41.47919138898633, 35.80234851466524, 65.44275918088827, 32.52793066250207, 89.47458492783566, 77.00473645974088, 56.708686474209316, 81.52411036306535, 93.37336878636845, 77.0437079693644, 33.441572129404506, 58.03934753243158, 58.76484285898268, 73.60938918559921], [102.61539581900256, 30.62338478017621, 24.462289795874504, 91.98111305389337, 94.03090754013598, 74.33506001724903, 64.578479078542, 5.059709013220695, 0.0, 32.70418356865037, 30.01767169312564, 79.67183185864671, 45.47531142382369, 37.219782022350664, 30.75336454476159, 67.47591064033261, 35.758228195242424, 87.87315869538627, 78.07355805367703, 56.99111883806417, 77.49016810175125, 93.69168977615874, 73.26170795259117, 33.51874701015822, 59.32353891837112, 62.0521378748347, 69.59730246581123], [73.88209549088934, 34.897031185205876, 34.93044911766375, 59.32068956639633, 62.95521219403311, 50.86976541257729, 36.77285793801099, 35.14596524528953, 32.70418356865037, 0.0, 31.971123338443167, 56.487169983530634, 40.821481073436715, 18.757409549934515, 35.97237297491924, 53.179545656597554, 38.32338652723505, 55.692122023167364, 56.56495544311293, 33.39250600560931, 50.46608878084721, 67.4599014725008, 44.664389994926324, 17.294186657847906, 41.36062999100078, 57.945028829119835, 42.75243522380739], [80.81479933489082, 3.060505953644104, 8.149544993309835, 83.04865761515683, 76.472262229348, 49.36845024413912, 44.94845039165659, 27.345930716313248, 30.01767169312564, 31.971123338443167, 0.0, 54.07989830606732, 66.28981016804084, 48.368107966843716, 55.10047222280536, 38.335976694472016, 6.93133862366561, 73.79347991086203, 51.50166241329043, 34.58127964502254, 82.03363818835389, 69.66916474531004, 75.78633351515394, 17.242818956744415, 32.44594120203066, 32.37775914291119, 74.47723247053658], [29.727885552911932, 55.69435773952492, 62.225144276849115, 57.33871396032666, 34.749094485191414, 5.621697247099761, 21.978293066027383, 78.88356848564881, 79.67183185864671, 56.487169983530634, 54.07989830606732, 0.0, 95.88185284528213, 72.97717733686979, 92.4358961192743, 22.600324298608538, 52.91318183832064, 40.83225552174982, 4.752305200251698, 23.436436361132845, 81.57590658239114, 16.374211807722208, 74.16791434907867, 46.42452161006286, 21.71211834895693, 42.10010065066585, 77.33540628527398], [107.92788513566803, 68.46514973189828, 64.92150224452519, 78.05419172800153, 93.32839534346797, 90.35936495274714, 74.56944545161247, 50.52033118570969, 45.47531142382369, 40.821481073436715, 66.28981016804084, 95.88185284528213, 0.0, 22.910442837548178, 15.760738886115318, 93.95475743294699, 73.217974941366, 82.83081256869127, 96.56519025486571, 73.6146659474481, 46.960823198430845, 104.53623951773572, 46.987114094624005, 56.77586956119387, 82.17627369390652, 96.80381228133682, 40.93377775794439], [86.20326739290265, 51.01205344261325, 49.234946504207656, 61.58636448480547, 72.63997919505547, 67.44997389192014, 51.77295070768209, 41.47919138898633, 37.219782022350664, 18.757409549934515, 48.368107966843716, 72.97717733686979, 22.910442837548178, 0.0, 23.3541963426319, 71.75935042348532, 55.151906972686945, 63.08946094782323, 73.66764271346108, 50.77983316454022, 40.40628502730847, 81.99288860682991, 36.80989557004985, 35.775531009700025, 59.7242497855776, 76.46757293701172, 32.57942030227535], [108.54931806933864, 56.861549993003365, 52.359888657635956, 84.61679255656969, 95.68433507522869, 86.81528365971698, 72.49124615868516, 35.80234851466524, 30.75336454476159, 35.97237297491924, 55.10047222280536, 92.4358961192743, 15.760738886115318, 23.3541963426319, 0.0, 86.92026092317334, 61.88894581603279, 86.39342132435468, 92.35023454749411, 69.19946796823184, 58.512204272369125, 103.16561971449765, 56.89597519457165, 48.9896502294148, 76.01957661267224, 86.93460667036794, 51.47302077447019], [52.29153925014084, 38.981924766824754, 45.97067229922351, 74.56347703155984, 55.90667547419907, 21.134130994672063, 31.734613626173903, 65.44275918088827, 67.47591064033261, 53.179545656597554, 38.335976694472016, 22.600324298608538, 93.95475743294699, 71.75935042348532, 86.92026092317334, 0.0, 34.95295674953054, 59.50848067084136, 18.157442602535514, 23.88808604966628, 91.00505454502262, 38.597064226683955, 83.59626276443325, 37.93072114075285, 12.50515882289804, 19.500344806771963, 85.2394102056823], [80.86442362906799, 5.175843554453111, 11.690349893377006, 86.72214452304547, 78.03523754278683, 48.65450568856575, 46.66130835757878, 32.52793066250207, 35.758228195242424, 38.32338652723505, 6.93133862366561, 52.91318183832064, 73.217974941366, 55.151906972686945, 61.88894581603279, 34.95295674953054, 0.0, 76.39256883292413, 49.83763743940101, 35.73544964754847, 87.92223785533062, 68.96734737488201, 81.49166147440269, 22.463728153102828, 31.27199540801215, 26.29781904249195, 80.47787768353035], [29.775654723776814, 76.54119259852065, 80.89566620227794, 16.997644528720503, 12.132961667709484, 39.24195285397436, 30.376944108842, 89.47458492783566, 87.87315869538627, 55.692122023167364, 73.79347991086203, 40.83225552174982, 82.83081256869127, 63.08946094782323, 86.39342132435468, 59.50848067084136, 76.39256883292413, 0.0, 45.21950743249343, 41.537030310329556, 50.515533787200084, 35.18304814015212, 44.25823281075086, 58.19917928091649, 50.93967306888198, 77.39672614260174, 49.62955774560902], [34.156728963713356, 52.921159494974624, 59.60827414839166, 61.551066217386904, 39.46237539592125, 7.1299274382138496, 23.972266498464858, 77.00473645974088, 78.07355805367703, 56.56495544311293, 51.50166241329043, 4.752305200251698, 96.56519025486571, 73.66764271346108, 92.35023454749411, 18.157442602535514, 49.83763743940101, 45.21950743249343, 0.0, 23.174907762295483, 84.46715440619897, 20.46076947368628, 77.02299125350724, 45.24276757299849, 19.099775391951805, 37.61650863505063, 79.90962757954394], [46.56436137192536, 36.904581614780376, 42.49653555661769, 54.14832520867298, 42.30144597977953, 17.847343958701472, 11.184353072187236, 56.708686474209316, 56.99111883806417, 33.39250600560931, 34.58127964502254, 23.436436361132845, 73.6146659474481, 50.77983316454022, 69.19946796823184, 23.88808604966628, 35.73544964754847, 41.537030310329556, 23.174907762295483, 0.0, 67.13275991442188, 36.70830347235713, 59.737476550302056, 23.47596992169251, 11.720427461163856, 37.662761563461345, 61.36675000476001], [80.1435143441333, 85.0427184179846, 85.39032502882775, 38.42571180883764, 62.64471341208827, 77.3377457197046, 60.877105745949095, 81.52411036306535, 77.49016810175125, 50.46608878084721, 82.03363818835389, 81.57590658239114, 46.960823198430845, 40.40628502730847, 58.512204272369125, 91.00505454502262, 87.92223785533062, 50.515533787200084, 84.46715440619897, 67.13275991442188, 0.0, 82.79422337303296, 7.466658270568477, 65.54312364280965, 78.76851274026038, 102.65709852111226, 7.923661324915997], [14.107887283679792, 71.47485385360025, 77.81072679576043, 52.09565726981919, 25.24101339690519, 20.34265610214799, 30.697875072487097, 93.37336878636845, 93.69168977615874, 67.4599014725008, 69.66916474531004, 16.374211807722208, 104.53623951773572, 81.99288860682991, 103.16561971449765, 38.597064226683955, 68.96734737488201, 35.18304814015212, 20.46076947368628, 36.70830347235713, 82.79422337303296, 0.0, 75.73942963858592, 60.17296422548719, 37.69834146903192, 57.98992385988328, 79.98715459917987], [73.63515055094453, 78.82003630561309, 79.54044362501642, 33.6985675251979, 56.329357637757276, 69.89313857806097, 53.411363041552875, 77.0437079693644, 73.26170795259117, 44.664389994926324, 75.78633351515394, 74.16791434907867, 46.987114094624005, 36.80989557004985, 56.89597519457165, 83.59626276443325, 81.49166147440269, 44.25823281075086, 77.02299125350724, 59.737476550302056, 7.466658270568477, 75.73942963858592, 0.0, 59.041979620952866, 71.39420013490714, 95.50646292509126, 6.3239091647289865], [69.41008450011034, 20.29560214590731, 23.074039473435455, 66.26272007506891, 62.378966069457206, 40.98340013168206, 31.608660129506806, 33.441572129404506, 33.51874701015822, 17.294186657847906, 17.242818956744415, 46.42452161006286, 56.77586956119387, 35.775531009700025, 48.9896502294148, 37.93072114075285, 22.463728153102828, 58.19917928091649, 45.24276757299849, 23.47596992169251, 65.54312364280965, 60.17296422548719, 59.041979620952866, 0.0, 27.404437700544506, 40.703977011516635, 58.1927522541863], [49.90975047756316, 33.988207345503035, 40.575274717205964, 64.77585287820186, 49.54247126690684, 17.41985828539752, 21.202772844047548, 58.03934753243158, 59.32353891837112, 41.36062999100078, 32.44594120203066, 21.71211834895693, 82.17627369390652, 59.7242497855776, 76.01957661267224, 12.50515882289804, 31.27199540801215, 50.93967306888198, 19.099775391951805, 11.720427461163856, 78.76851274026038, 37.69834146903192, 71.39420013490714, 27.404437700544506, 0.0, 26.651276609642785, 72.86018328092234], [71.77166248310054, 31.43178961332433, 37.839666537630876, 91.42211456445779, 74.8843011354583, 40.346252051386614, 47.844612992127615, 58.76484285898268, 62.0521378748347, 57.945028829119835, 32.37775914291119, 42.10010065066585, 96.80381228133682, 76.46757293701172, 86.93460667036794, 19.500344806771963, 26.29781904249195, 77.39672614260174, 37.61650863505063, 37.662761563461345, 102.65709852111226, 57.98992385988328, 95.50646292509126, 40.703977011516635, 26.651276609642785, 0.0, 96.0522648159379], [78.66141566051257, 77.46847504535152, 77.64406769473509, 39.8618309032669, 61.59552444747868, 72.79745829752218, 56.02747707034676, 73.60938918559921, 69.59730246581123, 42.75243522380739, 74.47723247053658, 77.33540628527398, 40.93377775794439, 32.57942030227535, 51.47302077447019, 85.2394102056823, 80.47787768353035, 49.62955774560902, 79.90962757954394, 61.36675000476001, 7.923661324915997, 79.98715459917987, 6.3239091647289865, 58.1927522541863, 72.86018328092234, 96.0522648159379, 0.0]]",Route_3,1514.0655388376006
