instance_id,num_cities,city_coordinates,distance_matrix,best_route,total_distance
2363,91,"[[36.62729311755116, 31.409428334417587], [27.837281267722304, 2.637841947442565], [29.551093451444544, 96.3869220967054], [12.683955691581406, 3.981919041211157], [19.375756800916687, 55.45865381132612], [60.05434320705445, 38.13889649431452], [23.157169799441434, 85.2505266746806], [31.667467733045264, 26.07852234562221], [6.0024670919160865, 62.08857355310061], [78.33446850248734, 83.24036458666127], [85.37673916199867, 36.358991724206525], [15.942924649253165, 10.52433842835262], [82.62107555700574, 78.84683006802065], [79.59129426009231, 15.611880727422955], [80.57965349510044, 28.201742106907012], [64.66064028057356, 73.3718698592675], [95.51855773298847, 54.13475537022756], [82.31309411201227, 78.46987173433789], [25.26770871976889, 89.53411926776513], [12.270013296232761, 3.4848495706700566], [12.475898349460767, 82.31617995919548], [13.60117502435324, 98.94046449261421], [75.19701952688595, 44.51102360674161], [64.29562687359342, 72.45779757243847], [35.0621655278833, 52.44056749127468], [35.11306276480286, 97.74933867548886], [87.15124560377532, 94.90885618356114], [68.0403197434346, 72.08439874597597], [72.85801183543865, 75.81730524340877], [44.79629910867876, 73.76601471813072], [78.74092570366872, 6.6844710534839535], [36.76909895767031, 4.527145508395836], [37.171625822320095, 14.335863972873575], [55.82264504229726, 93.54221952194987], [85.86241063071611, 92.47584939484155], [92.96315963528686, 35.72838025115088], [39.164520241897236, 67.61134775833627], [57.707669095525425, 57.27293642760861], [36.677760060407294, 34.16013630831595], [41.836003935351826, 37.65276969616329], [1.8770163551089958, 83.27019943440058], [76.69171679224681, 32.130845283408306], [56.95324529296904, 62.03645279837021], [25.772076926572552, 75.57352324098572], [11.820453203964442, 63.329308422454986], [94.23701420081952, 31.09537406591305], [56.06507784393771, 82.02220111991163], [70.33761912683684, 92.84908985793702], [49.18919749857514, 86.80377774026064], [69.42625932175855, 74.56669013031114], [48.637328060647036, 28.7062093733371], [2.6714220239071995, 65.38544241896146], [7.8856954652448685, 17.918624512551784], [1.3392743609522473, 55.06654546018841], [13.241598675886856, 22.165162329336308], [66.45830548204137, 10.815901769171731], [88.30500579589481, 31.967508456100045], [70.71468015642488, 48.551392609584774], [30.00425066158312, 88.30495227230072], [17.92473412084353, 81.8781929727967], [16.814286214797125, 96.98664296258048], [65.45869664545599, 52.687535654360026], [3.069043127784399, 34.92155637704343], [52.11929636328988, 81.2804901791303], [73.80376575270027, 32.97810488564937], [96.95716111727512, 68.98322326674094], [27.735615411954907, 51.85815685567769], [81.12291427002914, 84.19113301887529], [42.177751067185184, 37.67166961957811], [26.099556370055875, 95.96505799722297], [75.337490689946, 25.79518819465436], [23.2098940319303, 71.9247140095868], [0.942359835835771, 32.35161511157406], [40.592492915054976, 22.17626580388852], [43.60349808902304, 70.39943509575735], [9.908315414368618, 59.787064752702356], [51.705456225695166, 21.974632584362684], [65.74323230278458, 53.850862707239614], [52.20810183311203, 76.11831455919825], [37.952883758368515, 6.8280271658948894], [1.64524469300259, 89.46279994049216], [3.588348711840761, 12.553604772047933], [32.10133028887962, 63.19447229621402], [44.024496940207335, 61.72355022638345], [95.59709003032175, 55.76089354021973], [22.772416640328373, 32.43631389144057], [61.03500645604617, 98.14239246857767], [9.234418823513924, 32.49543163542177], [54.55567413334747, 4.2875151841292976], [47.87153516494419, 75.77992509739293], [10.857490434605177, 57.96010020755021]]","[[0.0, 30.08435625941327, 65.36166535013287, 36.40812647092362, 29.596971995853643, 24.374421380027933, 55.50052335510861, 7.281375316941401, 43.34847079712797, 66.52769672380049, 49.00006803454499, 29.394388568513165, 66.07370964554, 45.77628102600231, 44.069254970921904, 50.46498837698256, 63.12385869772201, 65.58870135551248, 59.224318094744774, 37.05481317490002, 56.34525028989552, 71.34874181820979, 40.73420668149462, 49.502578821074025, 21.089296778390388, 66.35718949460232, 81.14707087750503, 51.39291254423719, 57.31251617560334, 43.137142568371765, 48.83524917661929, 26.88265684106606, 17.08223925898671, 65.03034119753904, 78.44236468684606, 56.50117876613892, 36.29072183708142, 33.366199997292355, 2.751170890728032, 8.13080437243194, 62.42692779683428, 40.07091821757774, 36.758114197452066, 45.4785993349536, 40.42595764274491, 57.61057709635914, 54.21697376380752, 70.08008338877, 56.800839674908104, 54.206285888114785, 12.310496825308432, 48.03509877996807, 31.750294854806114, 42.48415538137149, 25.146513843703868, 36.248898398211416, 51.68072601161537, 38.154906556681325, 57.279711377937204, 53.822689612740795, 68.50493647115309, 35.833052905214075, 33.74153502381716, 52.22188213847849, 37.20955339310559, 71.07378587412103, 22.298260706978784, 69.03454679464588, 8.367989565255472, 65.40842883135049, 39.115202778980596, 42.67921006255143, 35.69736936026977, 10.048586952865076, 39.60919164857205, 38.976839510041444, 17.786690910932503, 36.76079285526754, 47.3460252575787, 24.61711749890453, 67.77859298340772, 38.040950693415084, 32.105659301435445, 31.203599319227312, 63.79992794355492, 13.892879332461062, 71.05649141735921, 27.414393395782408, 32.511921179458874, 45.77307027296254, 37.00028252909329], [30.08435625941327, 0.0, 93.76474380615554, 15.21281759735912, 53.49425728302181, 47.94021228512387, 82.74514560502968, 23.75154365275543, 63.33362928602763, 95.1143131943278, 66.69261696045636, 14.271389074323748, 93.85666724901826, 53.35544529922732, 58.611183399880055, 79.74498400288361, 85.0452072490955, 93.37082481507105, 86.93426088263247, 15.590293583187252, 81.14560760433436, 97.34917477847613, 63.21635983073643, 78.76571060933519, 50.32405413087254, 95.38937994474239, 109.69086759352652, 80.2440561901723, 85.91914821002692, 73.1219888120307, 51.064236251834025, 9.129448789050674, 14.96575115292976, 95.11459639720856, 106.94757229461116, 73.05041928952906, 65.95348967368069, 62.267436255558486, 32.73849579711113, 37.70953992789274, 84.70839644473065, 57.066567412060174, 66.1508452866583, 72.96491399792097, 62.769362623110474, 72.24095561286833, 84.25369416691336, 99.72135161392255, 86.8320739969404, 83.08671552356168, 33.34968855685609, 67.60607839841676, 25.131018519665393, 58.744474821540805, 24.379298423431536, 39.47738813309209, 67.20546887809071, 62.82137749099435, 85.69451293849187, 79.85794776702214, 94.99053991282975, 62.6126403786027, 40.6903408431128, 82.30602880709498, 55.07675781186875, 95.80849342735601, 49.220419904873445, 97.41816036570573, 37.85522626309605, 93.34339260720256, 52.8444186302429, 69.44122228752828, 40.07798790454444, 23.333354472993964, 69.57159692614515, 59.89558818323724, 30.71809316934377, 63.71526205875592, 77.41651471280143, 10.949112562838332, 90.68955899344908, 26.19795951011295, 60.70656960537781, 61.26293230046737, 86.10139542465565, 30.225846289079524, 101.10988145539247, 35.17871733156086, 26.769272293241936, 75.83624236954653, 57.869383578317624], [65.36166535013287, 93.76474380615554, 0.0, 93.93180997881443, 42.174170066422874, 65.75165953974013, 12.841400338878147, 70.34024534829216, 41.60426079428976, 50.52375338131167, 81.97472259060035, 86.93425983094247, 55.8934506812678, 95.01909810758616, 85.1653257515651, 41.98062538884811, 78.33870012209071, 55.72117557440225, 8.081354550561674, 94.49566556707026, 22.12573325499311, 16.153033046414855, 69.0989103490474, 42.187505297430114, 44.29056331249316, 5.726402149420141, 57.6191132074701, 45.51959118630974, 47.943699454770396, 27.27859501809836, 102.30429766223654, 92.14292245388168, 82.40417861283487, 26.425116002198678, 56.44697451718551, 87.75277110458043, 30.338946144492265, 48.19436302020349, 62.63355527598136, 60.005163809523275, 30.6252013305014, 79.69367463228012, 43.9412410676102, 21.153688515777315, 37.51241694987874, 91.90894726549578, 30.155208125736923, 40.939674322338035, 21.851585441848062, 45.454937864354285, 70.32043249511928, 41.031798379573104, 81.40431926903949, 50.03279186471894, 75.99256044376313, 93.1908891457025, 87.18877834663563, 63.10846814597563, 8.094664149900748, 18.5923492887588, 12.750918543402275, 56.55963527619339, 66.92749937355097, 27.157467995940934, 77.32384564872237, 72.76359438437552, 44.565759214922245, 52.99424472313117, 60.05758366765969, 3.477222676595954, 84.14028207333178, 25.27074265975456, 70.13544168085686, 75.02755500165001, 29.543519707757937, 41.53779347311561, 77.64022553033841, 55.84968453822132, 30.399942110412685, 89.95213027821787, 28.75204101560791, 87.76154743434358, 33.29027533207185, 37.563662733668004, 77.54062071178853, 64.30886991024528, 31.53281551507643, 67.04393948226415, 95.43337890238439, 27.573300671254632, 42.7325570759818], [36.40812647092362, 15.21281759735912, 93.93180997881443, 0.0, 51.909868278388686, 58.400793848182374, 81.9406785451029, 29.13131660294318, 58.48953400798762, 102.9169131999984, 79.57710477390425, 7.3091812198297985, 102.449771293658, 67.91058800469999, 72.08623731032432, 86.69798737800004, 96.834282602823, 101.96407217047094, 86.47271132489601, 0.646858844888886, 78.33453721969931, 94.96297513005051, 74.5016205660022, 85.74794774700749, 53.376257690891016, 96.4126227678345, 117.5290822092796, 87.76260469573135, 93.70826934493543, 76.81811380906888, 66.11223089986333, 24.091313746837184, 26.586653871440262, 99.40821867983438, 114.83145029438649, 86.32837531883281, 68.91969600753582, 69.76436986569723, 38.55421436769358, 44.53726642526693, 80.02138055251997, 69.92392673261786, 73.00752626662984, 72.77813345613507, 59.353671014648235, 85.94207814329224, 89.28721849246283, 105.93072715919043, 90.5101815143048, 90.56433586660845, 43.63410956047973, 62.214496008954676, 14.739574640895812, 52.32915870583049, 18.191792164959818, 54.206863175365584, 80.63334566900855, 73.17105271947737, 86.08348593742764, 78.0723718800014, 93.09639252904022, 71.81511242360908, 32.39919292331659, 86.77681253570938, 67.64916832772187, 106.42905009320081, 50.186518185716665, 105.43912489307371, 44.775922767605394, 92.95631336152087, 66.34217481325024, 68.75331821853806, 30.70349700546222, 33.315472442613775, 73.26189009930806, 55.87413056888895, 42.96993419333742, 72.81619584178847, 82.25459067155182, 25.42870537604799, 86.19068476249164, 12.498154367671155, 62.3150134335888, 65.69874806783828, 97.75300530440477, 30.18989285517845, 105.84903809715819, 28.72141544326052, 41.872833606875695, 79.95698482832965, 54.00907347252924], [29.596971995853643, 53.49425728302181, 42.174170066422874, 51.909868278388686, 0.0, 44.21223117556717, 30.030896972479674, 31.84773590981083, 14.926510423512672, 65.17632345501929, 68.70900060741684, 45.06525308392292, 67.43127711361782, 72.20579115761736, 66.99892690345732, 48.699116839490266, 76.15430940441554, 67.01212262054501, 34.58109951240756, 52.45729613695693, 27.729672869213836, 43.863580050169155, 56.88465504350023, 48.02879985963759, 15.974112300366993, 45.1238830917829, 78.42088592764503, 51.4262100588632, 57.226097994802075, 31.32672077624338, 76.83192163773899, 53.81957719448714, 44.808222441026174, 52.71369499205195, 76.09696384450444, 76.18654442004323, 23.22247034001304, 38.37482405918393, 27.440593372182285, 28.66203430432861, 32.85860598281823, 61.881385896268924, 38.14885425388665, 21.10736561776776, 10.910078663777066, 78.72596305824248, 45.29600781761375, 63.20724736516959, 43.259196020650464, 53.57396620147185, 39.647608200192444, 19.431313192964783, 39.259079322499865, 18.04074410234172, 33.85386936472991, 64.88252230152398, 72.82221691978384, 51.80149909618278, 34.52309667937751, 26.459355931741122, 41.60691065808966, 46.166182867498314, 26.22367788550531, 41.70019923787358, 58.88788702657941, 78.75143347681119, 9.102242269033686, 68.10482227366587, 28.918985963488332, 41.06066561463901, 63.33748378533835, 16.906559282094893, 29.55884573429913, 39.46982699245851, 28.46419493526251, 10.409975393109665, 46.544485628528115, 46.39534218702022, 38.79155143237109, 52.05811650377499, 38.349094038615384, 45.71745276405813, 14.892384235866283, 25.43244615733367, 76.2219324612131, 23.27155846632168, 59.643898494221155, 25.102914346184132, 62.097600693750316, 34.99947787115833, 8.877955618306299], [24.374421380027933, 47.94021228512387, 65.75165953974013, 58.400793848182374, 44.21223117556717, 0.0, 59.84068100985353, 30.842621869473906, 59.12015174867542, 48.66523815724832, 25.384873407004193, 52.0421085695028, 46.544529912714864, 29.81876750991862, 22.804284679413627, 35.53280716274745, 38.904729958188824, 46.065600567672384, 62.06108976552556, 59.02749489189255, 64.9256558642539, 76.5161911314343, 16.428775062801062, 34.579986384469656, 28.794908203579187, 64.61789448081832, 62.90524972222989, 34.8722374440925, 39.79442694912557, 38.75692793091002, 36.586462595002814, 40.889514598401426, 33.01822393961249, 55.564696272562486, 60.154474435891785, 32.99698148718538, 36.124923349756, 19.277405519276016, 23.71276390954448, 18.224823869731715, 73.6304004111611, 17.688947938363324, 24.097925337635537, 50.76046750167355, 54.415668680441556, 34.900805212306814, 44.064256069974846, 55.668222726501156, 49.863032979839126, 37.61405270437907, 14.809585449145755, 63.52301872813653, 55.95022078799576, 61.106502183600504, 49.463049175255605, 28.063441940888797, 28.916880312833218, 14.901773693914105, 58.47769843548406, 60.729152951358614, 73.02574746681454, 15.519985099747101, 57.076051918073816, 43.865271845487, 14.686061090938653, 48.09563871869386, 35.110087883065894, 50.64279983916473, 17.882696874009568, 67.05812779452214, 19.645399755945746, 49.98994799150711, 59.39460584836175, 25.170800451060952, 36.21287969704482, 54.61929413978444, 18.193057510437384, 16.71015683408198, 38.78143499466442, 38.32551431961844, 77.75452304642336, 61.99206148247521, 37.53868418003461, 28.51651912489225, 39.67142084207181, 37.715533893468304, 60.011509142341495, 51.13231277736549, 34.29506346676879, 39.56346605251711, 53.039706252539126], [55.50052335510861, 82.74514560502968, 12.841400338878147, 81.9406785451029, 30.030896972479674, 59.84068100985353, 0.0, 59.78086037551489, 28.822905776306566, 55.21390263135963, 79.13063251027063, 75.07362081925089, 59.80772038938316, 89.63454363696921, 80.9438413620114, 43.16990328593018, 78.76777061425764, 59.543267148306555, 4.775305229799, 82.48730889659738, 11.07700096753857, 16.69525182800193, 66.08973498114224, 43.08162680685583, 34.903042058121265, 17.296348690712946, 64.71881540134171, 46.77439549080233, 50.5881346331188, 24.497876074101423, 96.2402151716926, 81.86298847663662, 72.28619760181235, 33.70141604020643, 63.120143505212596, 85.58807862871834, 23.819653671504053, 44.45764903412863, 52.84916601794631, 51.13164689370806, 21.372099255640023, 75.41649867790979, 41.0008285855178, 10.02407775006078, 24.679160294221376, 89.3595257048907, 33.0658811730853, 47.78841869307736, 26.07832538720978, 47.48655608202178, 62.020144179863834, 28.53572207619121, 69.04203775317261, 37.24370125701344, 63.85986020413062, 86.11330754434375, 84.16246530076441, 60.07115141632016, 7.497468376999266, 6.225031544299697, 13.34048716094952, 53.38321419410382, 54.18983377347622, 29.232960248260472, 72.7838152431091, 75.57158115772286, 33.70478491780952, 57.97542450855733, 51.23992730705929, 11.111202463850336, 79.10577198922033, 13.325916967693669, 57.3741459743017, 65.43968884814919, 25.27067988026658, 28.704007308543158, 69.41788984695914, 52.910411232637955, 30.452486764583135, 79.80602471467856, 21.92045090437021, 75.2846678472848, 23.800578598149706, 31.447797423642786, 78.21240633979622, 52.8156142339252, 40.011632226544855, 54.56136955153273, 86.83821338572932, 26.466812230702924, 29.934085742437993], [7.281375316941401, 23.75154365275543, 70.34024534829216, 29.13131660294318, 31.84773590981083, 30.842621869473906, 59.78086037551489, 0.0, 44.220086452588234, 73.7921755283346, 54.684311169411295, 22.11772801456519, 73.35369418211806, 49.05347832476632, 48.95824729477664, 57.66463520908976, 69.74319970944696, 72.86860065960094, 63.77750148895366, 29.778100814018195, 59.422137871894456, 75.068325848308, 47.27133361894741, 56.70655993327146, 26.579717782167986, 71.75359251293523, 88.40850899687561, 58.64746394119963, 64.58024038050925, 49.46173411909327, 50.912077848327336, 22.14697461804223, 12.96864611016945, 71.65767947359615, 85.70704098825719, 62.05063741309528, 42.204044629436524, 40.63475799013629, 9.508707243765011, 15.406567762779819, 64.48533881068069, 45.42921544874248, 43.95842705619261, 49.844866800835945, 42.20811591459045, 62.770350854255604, 61.03227485457184, 77.16015354271498, 63.20259216772932, 61.45590905157966, 17.17209651306251, 48.844699123019524, 25.142725087859258, 41.95360291209434, 18.83685316417296, 37.99144611801007, 56.94287378794762, 45.05235505428572, 62.24865357938784, 57.46708596437702, 72.44707427248618, 43.01030970215779, 29.93441398764412, 58.868790942336794, 42.697445474264974, 78.12526750890132, 26.07774948393567, 76.3080383146727, 15.648230554268125, 70.10798458327389, 43.67094209308223, 46.619779525419965, 31.358953237399405, 9.740825458707844, 45.900023177160975, 40.121397543421786, 20.45392123784925, 43.95976137530576, 54.09157470448324, 20.250630095779616, 70.13487379677532, 31.166653981121343, 37.11848565677473, 37.72617371861216, 70.48432284420632, 10.933592606372498, 77.81808085364962, 23.332775407373664, 31.602499669093746, 52.27620143842942, 38.07217044151501], [43.34847079712797, 63.33362928602763, 41.60426079428976, 58.48953400798762, 14.926510423512672, 59.12015174867542, 28.822905776306566, 44.220086452588234, 0.0, 75.36124131134186, 83.4403166805187, 52.513646230760955, 78.42990707980323, 87.0367649904344, 81.91504182552823, 59.733525405447935, 89.86875823859417, 78.04907895870932, 33.532186247772344, 58.9379215788286, 21.238205507199677, 37.62714748768884, 71.392270931751, 59.20821973421745, 30.619439808043275, 46.03386741893881, 87.53453721766111, 62.837979621388556, 68.2505819519337, 40.5132575178489, 91.43575851384227, 65.26793726561739, 57.024886919788166, 58.91843493968042, 85.44587242870412, 90.86815635049946, 33.61878647488917, 51.92897336900147, 41.48458997795014, 43.37223619833982, 21.57963435179519, 76.77522716525446, 50.95080485984462, 23.930761398236754, 5.9488137822610785, 93.51959002244344, 53.885197441233885, 71.31073657379002, 49.75876808393132, 64.6396226329384, 54.14899452486053, 4.686705192754175, 44.2100774411309, 8.429368006188966, 40.57442285272624, 79.27039338438685, 87.64123709588803, 66.11297745226628, 35.544115232674834, 23.103451860825103, 36.534513562585865, 60.19487308979717, 27.32492997973696, 49.95089194224176, 73.78641803291114, 91.2156376939858, 24.0206403266798, 78.30456384641816, 43.64443112689439, 39.38920151191676, 78.259538192581, 19.820322928137454, 30.164405891648414, 52.815359473483, 38.508543878295484, 4.533496870663512, 60.81029087091854, 60.30604371006384, 48.288656168245055, 63.83225761456691, 27.71883217853446, 49.59376069318479, 26.12228305879556, 38.023781976723434, 89.81779330300037, 34.06593182196554, 65.79101950307913, 29.769104127522194, 75.48759012302175, 44.050788510686814, 6.37303254526258], [66.52769672380049, 95.1143131943278, 50.52375338131167, 102.9169131999984, 65.17632345501929, 48.66523815724832, 55.21390263135963, 73.7921755283346, 75.36124131134186, 0.0, 47.407348560221365, 95.81401361307161, 6.138252650904293, 67.64016144336318, 55.08439724749619, 16.86299992370884, 33.799843350843744, 6.211848661617257, 53.43867833154803, 103.56376980954884, 65.86505431430818, 66.61000241392537, 38.85621493163464, 17.701774648248424, 53.11421378353359, 45.591668570604156, 14.624953148667485, 15.179758644723059, 9.224607722798318, 34.85071178210172, 76.55697252451648, 89.01376749166509, 80.26337784038039, 24.75702749948981, 11.914868540109463, 49.713049189892104, 42.172870589484084, 33.162813194459325, 64.375074105456, 58.39834521335861, 76.45745796838128, 51.135912982864454, 30.112498751529614, 53.118598102731944, 69.43028437725367, 54.51597010139749, 22.30268330346869, 12.501088003677715, 29.362301258496927, 12.433375220846566, 62.09584716592019, 77.7412043129922, 96.07267743100752, 81.98795036506212, 89.25952068567202, 73.39173020504514, 52.23329771041131, 35.5159957098937, 48.59485574600245, 60.42509014942697, 63.03723501153027, 33.155103026242955, 89.44043539491973, 26.288331213316866, 50.46604816764329, 23.45358733415959, 59.54063231229484, 2.9460805165875037, 58.170561082899596, 53.76247639270003, 57.52330107632605, 56.27399629084854, 92.62398883123633, 71.78635581637063, 37.028769572472946, 72.33391804361379, 66.80265123941581, 31.973145759484385, 27.079708859888633, 86.42637153410702, 76.94124869167283, 102.87662726220432, 50.39187302332358, 40.498733916248796, 32.45180166039277, 75.28740382146138, 22.83291094209567, 85.73135415857134, 82.45594878739028, 31.363170517354146, 72.05716020112922], [49.00006803454499, 66.69261696045636, 81.97472259060035, 79.57710477390425, 68.70900060741684, 25.384873407004193, 79.13063251027063, 54.684311169411295, 83.4403166805187, 47.407348560221365, 0.0, 74.08430271459213, 42.577107570077665, 21.53866261924941, 9.463231594677024, 42.4159156532764, 20.46544055538694, 42.22217588211184, 80.25390787979507, 80.1579851864003, 86.1776986327739, 95.22695175810368, 13.041561089968022, 41.8035534253333, 52.82209196098514, 79.34237117556317, 58.57674881145849, 39.70964801062154, 41.39658246348869, 55.191099682730226, 30.407420102515996, 58.10309044913584, 52.997651910653445, 64.36898337401934, 56.11895928829966, 7.612584740249238, 55.7878027457919, 34.68386543337357, 48.74859516619146, 43.55995277221597, 95.77507565988337, 9.659546360359007, 38.30439936793105, 71.34770663644139, 78.34491168380958, 10.305830612631407, 54.26142443339211, 58.45773104210004, 62.082321218262315, 41.40345425958752, 37.527981637491486, 87.65103720348851, 79.65493704795001, 86.09452977380019, 73.51831938939961, 31.786106671845516, 5.278245046722312, 19.069101017947855, 75.9242734571284, 81.37426292373819, 91.52334155186388, 25.75557734879486, 82.32024688275592, 55.89274125452344, 12.056703917217872, 34.618588307485126, 59.68855222687572, 48.020920097856276, 43.21892751645782, 84.06347325855997, 14.573278796982878, 71.62148584821945, 84.5294237500164, 46.976360293638656, 53.88650531137362, 79.0212477045281, 36.61509364238486, 26.29524942033982, 51.77800937224515, 55.86680525221287, 99.1512864923273, 85.18237646584817, 59.652428350643056, 48.511532286458014, 21.929189815172126, 62.72709621668285, 66.40563649772207, 76.2402783513287, 44.4805312126673, 54.411858219269384, 77.58689527622766], [29.394388568513165, 14.271389074323748, 86.93425983094247, 7.3091812198297985, 45.06525308392292, 52.0421085695028, 75.07362081925089, 22.11772801456519, 52.513646230760955, 95.81401361307161, 74.08430271459213, 0.0, 95.4669506810055, 63.85137461921099, 67.01042692526406, 79.51872750047019, 90.74221645144802, 94.98207668160406, 79.55813639253839, 7.940068084379575, 71.87550891474164, 88.4471318897177, 68.30916870510454, 78.57313264690335, 46.07076763665257, 89.3067459013157, 110.41454528250044, 80.64601417248508, 86.61696522577502, 69.51278182922127, 62.915288427273055, 21.67246777004765, 21.56815894952346, 92.09973224661421, 107.72550612367782, 81.039251733399, 61.62928797341363, 62.68752103535815, 31.441761098102155, 37.50204445051655, 74.0932525244406, 64.47679338576178, 65.84333167580573, 65.78760277802216, 52.965645723386324, 80.95141731872563, 81.98616679927633, 98.6719184228853, 83.20978019506255, 83.43794040608006, 37.40995115590281, 56.443542704218714, 10.935922860857076, 46.87509796267003, 11.950144062231908, 50.51622224457541, 75.47238123122946, 66.67834769278376, 79.04141179891967, 71.38137100904807, 86.46669518576194, 65.03496656952429, 27.585522816592327, 79.46799910008578, 62.06487381214256, 99.90369225931803, 42.983160670287944, 98.36273518058923, 37.75240002946976, 86.04227872597495, 61.326285781442685, 61.8289169040295, 26.484843819200414, 27.264787313587956, 65.95554960689786, 49.63096526892797, 37.550870842300974, 66.00953225463246, 74.9515362139471, 22.318176828179798, 80.22284187209343, 12.5201225428086, 55.09298571028033, 58.394640088553544, 91.60312211351541, 22.951614966078722, 98.54044466850304, 22.972439729547606, 39.1131996505158, 72.64797148567418, 47.70757944734039], [66.07370964554, 93.85666724901826, 55.8934506812678, 102.449771293658, 67.43127711361782, 46.544529912714864, 59.80772038938316, 73.35369418211806, 78.42990707980323, 6.138252650904293, 42.577107570077665, 95.4669506810055, 0.0, 63.307490811238786, 50.68621448306996, 18.776379432849662, 27.875288022711043, 0.486775262100648, 58.34061053850598, 103.09558703311315, 70.23092106860967, 71.88533100658616, 35.12925010991224, 19.40726167386794, 54.397983661439305, 51.130383443892946, 16.68865253964361, 16.072613896947804, 10.222300812161572, 38.16449132355348, 72.26660100922996, 87.32593698958024, 78.91335265793066, 30.563218895501056, 14.009154894957886, 44.341396208195256, 44.88550169694348, 32.95619377784303, 64.09125398986677, 57.968721541048915, 80.86513026608462, 47.090769050391984, 30.682670913911302, 56.943157471876354, 72.48118103065491, 49.14398824778128, 26.74516771032969, 18.62650211650503, 34.365731285286785, 13.871653591707036, 60.57208051193549, 81.0750026672879, 96.4241840497986, 84.68903790753716, 89.58974980396093, 69.92454749012886, 47.2226413678274, 32.551125667678114, 53.460137838455495, 64.76732012585462, 68.26116271628736, 31.286673426943036, 90.87329383513696, 30.598712971603952, 46.70850995312313, 17.401554192704044, 61.16209788011364, 5.550320826070236, 57.71530415534432, 59.05688663176262, 53.549297978363576, 59.813077006051884, 93.98519891826517, 70.55462148510482, 39.92154597817387, 75.16927657916955, 64.73192693917505, 30.160569908662033, 30.535123507399366, 84.74641780048924, 81.6687455545196, 103.15504656935141, 52.88894937293599, 42.22443123900805, 26.482775854833633, 75.73505123720051, 28.953015517993823, 86.79892581810498, 79.66654374972182, 34.884616431292145, 74.74133818633634], [45.77628102600231, 53.35544529922732, 95.01909810758616, 67.91058800469999, 72.20579115761736, 29.81876750991862, 89.63454363696921, 49.05347832476632, 87.0367649904344, 67.64016144336318, 21.53866261924941, 63.85137461921099, 63.307490811238786, 0.0, 12.628597053198352, 59.65853478561906, 41.68560413956226, 62.91689143512503, 91.73630304722381, 68.40482260258975, 94.62526039194115, 106.29369082433611, 29.231320695277688, 58.86778153411953, 57.78577224888103, 93.4070397513959, 79.65653256833514, 57.64174098377209, 60.58077445328852, 67.76868736958157, 8.967818584700161, 44.233604481148866, 42.438855888541795, 81.47445237783643, 77.11936578992214, 24.15533764409996, 65.86553445480612, 47.05886327140974, 46.75049949039757, 43.71799096525116, 103.03958986985506, 16.771515718441716, 51.64999664093355, 80.57236950293154, 82.88449676076677, 21.312805506204047, 70.4543363711045, 77.78956856637396, 77.41171544271022, 59.82472304180287, 33.60966328548396, 91.61918024241666, 71.74269276670522, 87.63588983670068, 66.67254010363418, 13.981302100033478, 18.532008178506953, 34.114596890195074, 87.99521318497483, 90.52065387528393, 102.77550616731341, 39.67788431353841, 78.92096357780704, 71.18340351347906, 18.305224055925738, 56.125515909883745, 63.26771658568731, 68.5963534359481, 43.4327929128899, 96.52978358956506, 11.036058888278935, 79.6868714654614, 80.41065596873922, 39.547410253792975, 65.54996252412067, 82.5055417804215, 28.602527407094996, 40.66925820353964, 66.4143641280411, 42.55482713512571, 107.37571844570112, 76.06445151205466, 67.22648063367193, 58.234724482692805, 43.221854750582075, 59.25745864665652, 84.59090486171351, 72.35429643401416, 27.477691498537645, 68.01717930317977, 80.73231993110058], [44.069254970921904, 58.611183399880055, 85.1653257515651, 72.08623731032432, 66.99892690345732, 22.804284679413627, 80.9438413620114, 48.95824729477664, 81.91504182552823, 55.08439724749619, 9.463231594677024, 67.01042692526406, 50.68621448306996, 12.628597053198352, 0.0, 47.89316676613533, 29.928114486956044, 50.298008634662196, 82.58977977347487, 72.643869120158, 86.98559564092456, 97.41705919919005, 17.174557096956637, 47.15684434287505, 51.56900587426156, 83.0907880640363, 67.03002977232329, 45.63904517666961, 48.23759532487507, 57.93575225829173, 21.59569108589631, 49.79810451191267, 45.568842895872734, 69.87336728938928, 64.49083958683448, 14.491428710738681, 57.16931239731455, 36.99002581245917, 44.30438701314507, 39.8797229642019, 96.055401124659, 5.527558554822279, 41.26735770689415, 72.442778088158, 77.21252191147352, 13.960537502556999, 59.14056330241614, 65.45363885410265, 66.47976615514408, 47.68759384576772, 31.946308728606326, 86.32682143960649, 73.41766845593602, 83.67051657862541, 67.6080906567135, 22.39821229373342, 8.5943041817301, 22.614729150576025, 78.55104864963954, 82.5033350801827, 93.7943742988715, 28.778419374546985, 77.80135360865523, 60.227447438728035, 8.290132453209921, 43.94714964026994, 57.897481117046794, 55.99202645879833, 39.55231519365673, 86.94796123662151, 5.768168912950046, 72.13173762543451, 79.74534461225196, 40.438587709421554, 56.10598330121001, 77.40846615687516, 29.53804599086225, 29.631010468193715, 55.68611011091144, 47.68518835621822, 99.91775667931384, 78.56541996501639, 59.78828469682373, 49.59829725254428, 31.385191218370206, 57.962127557415336, 72.62016111862239, 71.47431902516476, 35.34314291535278, 57.736509258662906, 75.80725492115123], [50.46498837698256, 79.74498400288361, 41.98062538884811, 86.69798737800004, 48.699116839490266, 35.53280716274745, 43.16990328593018, 57.66463520908976, 59.733525405447935, 16.86299992370884, 42.4159156532764, 79.51872750047019, 18.776379432849662, 59.65853478561906, 47.89316676613533, 0.0, 36.36313577463422, 18.373860492267166, 42.57958857124764, 87.34399464548876, 52.94570779185519, 57.10360779999435, 30.723992807479636, 0.984257554110772, 36.251746530422295, 38.30561738095762, 31.13951039654995, 3.6166027068569173, 8.554358808614552, 19.868251064530146, 68.15763784842787, 74.28010600635086, 65.12216141149192, 22.021652193844705, 28.539045185076105, 47.09633649977783, 26.138778699509082, 17.536232946020476, 48.172623278029945, 42.38889171414474, 63.559109194450805, 42.960085080180626, 13.707502231968913, 38.950836157281415, 53.78604289686316, 51.595193485786275, 12.194749875293967, 20.287685617080434, 20.48857464735252, 4.913117169964679, 47.4527950824991, 62.5015696069458, 79.3628173533845, 65.91418878573946, 72.56751846108845, 62.58179243091116, 47.679945090427864, 25.548140631373077, 37.73674988360431, 47.50370993388677, 53.35664069362496, 20.699724043132434, 72.60820509221233, 14.826718538346073, 41.415612903142595, 32.59333485652539, 42.73519987959499, 19.69931268396824, 42.18986376530996, 44.69238573393724, 48.75998126414789, 41.47600058615438, 75.78047612940895, 56.57088997181727, 21.265902419095706, 56.412445506623826, 53.004837452714085, 19.551003189506133, 12.751810548909722, 71.70346755108643, 65.03735935550367, 86.18982634670766, 34.1128727651552, 23.69670361535489, 35.59789895525797, 58.56913028319856, 25.034456474385518, 68.86907307982949, 69.81947007616769, 16.960919214874984, 55.96696862565742], [63.12385869772201, 85.0452072490955, 78.33870012209071, 96.834282602823, 76.15430940441554, 38.904729958188824, 78.76777061425764, 69.74319970944696, 89.86875823859417, 33.799843350843744, 20.46544055538694, 90.74221645144802, 27.875288022711043, 41.68560413956226, 29.928114486956044, 36.36313577463422, 0.0, 27.687220118670567, 78.6657279342692, 97.44605229737394, 87.69421856286928, 93.37027985281469, 22.485131267520156, 36.20228289755448, 60.48012591774832, 74.50540718124473, 41.62378177681081, 32.82138419273494, 31.362928903052925, 54.38872919581773, 50.329101107123506, 76.89222238039756, 70.62801299659044, 55.934906053521345, 39.53834427318642, 18.582914315626116, 57.94304172152637, 37.94089455855696, 62.13875503592035, 56.155787181698486, 98.06942628791946, 28.95897095749109, 39.36648505826033, 72.9670634786408, 84.20161820049337, 23.074996093400344, 48.31445648868778, 46.183106910568796, 56.689281547253366, 33.14018700039249, 53.33348523307661, 93.52629880653411, 94.8215517882808, 94.1838927271646, 88.26977325723782, 52.16340995562295, 23.311417101949065, 25.4245212845805, 73.88996405042326, 82.40448891146835, 89.61387518368366, 30.094678823801146, 94.42488954872826, 51.1897138666616, 30.317256644917446, 14.917995125722134, 67.82116314612286, 33.32597167481804, 55.82360475812934, 81.04796091261554, 34.79089729648548, 74.46492781587072, 97.05236941058966, 63.546972010833315, 54.403246451021175, 85.79663274982313, 54.34943754345846, 29.77667878589963, 48.57028376353302, 74.50995472788077, 100.30089548085692, 100.89675622011048, 64.06108965258738, 52.050245958107226, 1.6280333748513696, 75.9132623886074, 55.90874199666444, 88.95624182174755, 64.51902964992814, 52.33308831052795, 84.74744585664995], [65.58870135551248, 93.37082481507105, 55.72117557440225, 101.96407217047094, 67.01212262054501, 46.065600567672384, 59.543267148306555, 72.86860065960094, 78.04907895870932, 6.211848661617257, 42.22217588211184, 94.98207668160406, 0.486775262100648, 62.91689143512503, 50.298008634662196, 18.373860492267166, 27.687220118670567, 0.0, 58.10846382439072, 102.60987632314725, 69.94303395576681, 71.69639455777533, 34.696424652321596, 18.99405594957736, 53.94603721720812, 50.985692156844195, 17.136158250292073, 15.636059396837405, 9.820116590223183, 37.81052999034887, 71.8742244344126, 86.84343530943109, 78.42782102606733, 30.47818170012602, 14.448704370166606, 44.04837102387998, 44.49389812055329, 32.47671483755126, 63.6076753821867, 57.48417737051003, 80.57918931673723, 46.678745220829626, 30.218854876546022, 56.61515220291413, 72.1002710091447, 48.852051130119925, 26.48730643294477, 18.712934429602537, 34.1562075789047, 13.464967045830683, 60.087264130812024, 80.70934409037368, 95.9473356036461, 84.28804877188375, 89.11280369825857, 69.48693384046139, 46.88680833761935, 32.08798216503263, 53.22540664297192, 64.47850460437856, 68.06588464624085, 30.802590275845095, 90.42165330743114, 30.324330141537512, 46.28076836162108, 17.448358020237542, 60.71972126120408, 5.843745266711202, 57.23057799046536, 58.873112435469196, 53.134558708130335, 59.4645049533591, 93.53122468228042, 70.06838540232162, 39.54193687466974, 74.77632817254269, 64.25371229425429, 29.675847517017075, 30.196694873124663, 84.26376537865174, 81.41342887038772, 102.67687075756498, 52.48389328379028, 41.79062044804463, 26.308976380288854, 75.26075153399984, 28.978700563242494, 86.3373726976366, 79.20540630041775, 34.54644403717952, 74.34079650490506], [59.224318094744774, 86.93426088263247, 8.081354550561674, 86.47271132489601, 34.58109951240756, 62.06108976552556, 4.775305229799, 63.77750148895366, 33.532186247772344, 53.43867833154803, 80.25390787979507, 79.55813639253839, 58.34061053850598, 91.73630304722381, 82.58977977347487, 42.57958857124764, 78.6657279342692, 58.10846382439072, 0.0, 87.02538079047065, 14.687718012411507, 14.986238319048237, 67.23105845199353, 42.6002248593116, 38.36486631752022, 12.822668450408726, 62.116502913382085, 46.19511879052113, 49.52764821410467, 25.099780151746838, 98.60755115019022, 85.7815106251376, 76.13462314729152, 30.81670003944873, 60.666066922268, 86.47387828575349, 25.956295597334094, 45.75079176830346, 56.537308570441986, 54.462673820897365, 24.21489584898057, 77.06856992549824, 41.95348482776716, 13.96970395931723, 29.453705918709407, 90.39829666152714, 31.70026591734457, 45.19165690827054, 24.07680191078892, 46.626189274410876, 65.1626712947083, 33.07190296897841, 73.69473165575975, 41.95930903917444, 68.43393662328243, 88.84381254644573, 85.36753190180369, 61.196495791044704, 4.893432442499266, 10.608132889177632, 11.269448143957502, 54.52509728943526, 58.95178351464686, 28.091460483756414, 74.52738822133814, 74.57691942886368, 37.75670413474092, 56.110172777471014, 54.549639922754274, 6.484515668523652, 81.05328124686773, 17.729234468420888, 62.14146264691455, 69.07915339589191, 26.50164731023599, 33.47832455533119, 72.54818215580556, 53.95889924825697, 30.095989717566557, 83.67324146059453, 23.622571687737782, 79.97496022117598, 27.21167738923415, 33.544669543041195, 78.01828408500714, 57.15230407738919, 36.788611754934884, 59.2492892085415, 90.137497335233, 26.459607465718513, 34.70695997405826], [37.05481317490002, 15.590293583187252, 94.49566556707026, 0.646858844888886, 52.45729613695693, 59.02749489189255, 82.48730889659738, 29.778100814018195, 58.9379215788286, 103.56376980954884, 80.1579851864003, 7.940068084379575, 103.09558703311315, 68.40482260258975, 72.643869120158, 87.34399464548876, 97.44605229737394, 102.60987632314725, 87.02538079047065, 0.0, 78.83159924471909, 95.46489622721487, 75.1196050920843, 86.39405086089842, 54.001338135943826, 96.99277712910403, 118.17591944660346, 88.40941821022247, 94.35512551332612, 77.44289149584722, 66.54787580314121, 24.5212475022837, 27.163115063560326, 100.0358016639542, 115.47830530078869, 86.89665780016576, 69.53791968173303, 70.41121254647274, 39.20090966471143, 45.18400788082617, 80.45940863749928, 70.50353857575212, 73.65379462192143, 73.34222926679423, 59.84614740766142, 86.4923713410318, 89.92287399269888, 106.57304672861142, 91.13215652828525, 91.21109865074902, 44.257186687244065, 62.640373158076805, 15.084962774763854, 52.72715054419319, 18.70556235218676, 54.681947079010655, 81.19471621729723, 73.80225190248052, 86.65421511528314, 78.59702384548693, 93.61215617569067, 72.45647213516591, 32.755524524430356, 87.40782035172342, 68.23675549473595, 107.06049674316493, 50.78544778272219, 106.08593761912772, 45.42258737272103, 93.50853015767812, 66.8973685156851, 69.30870100448129, 31.009770810381152, 33.93422892246149, 73.88740775838764, 56.351726249415556, 43.554864652944595, 73.45829041160536, 82.8895117142052, 25.899549641027708, 86.63194363321061, 12.554426345253876, 62.916771847335276, 66.33320047729674, 98.36760894804269, 30.797528509913235, 106.48039718814853, 29.16896819461557, 42.2932782427483, 80.58564577381573, 54.493560654315225], [56.34525028989552, 81.14560760433436, 22.12573325499311, 78.33453721969931, 27.729672869213836, 64.9256558642539, 11.07700096753857, 59.422137871894456, 21.238205507199677, 65.86505431430818, 86.1776986327739, 71.87550891474164, 70.23092106860967, 94.62526039194115, 86.98559564092456, 52.94570779185519, 87.69421856286928, 69.94303395576681, 14.687718012411507, 78.83159924471909, 0.0, 16.66232528319869, 73.23365953294112, 52.749141865989905, 37.452525754459764, 27.397510849154393, 75.72967042080778, 56.498621856132814, 60.730840613357266, 33.43222443819691, 100.55450881115283, 81.49413154686911, 72.32705107367444, 44.77682897568181, 74.08642971454653, 92.997969391432, 30.471538007997975, 51.70180974982325, 53.89559026841801, 53.44937807251456, 10.641731658393985, 81.49993346498896, 48.88252985321768, 14.908111361740815, 18.998181468010063, 96.48031416624131, 43.59017082508023, 58.81259152812467, 36.9865498290525, 57.47519645449679, 64.66589475893507, 19.56470366948168, 64.56094105588775, 29.437509646552982, 60.15589097418072, 89.59012256425636, 91.02220750041967, 67.31876834229519, 18.523188942406787, 5.466410509992374, 15.298499730489446, 60.70447659453603, 48.31913978596332, 39.65692448240788, 78.71056455262024, 85.52690508259587, 34.06684805205492, 68.67261640402796, 53.6221256416565, 19.284603432766634, 84.53521338252288, 14.939920612009669, 51.278457962944216, 66.38789170152711, 33.33071066879127, 22.67495345344762, 71.97263751422491, 60.39605245998633, 40.21270357962459, 79.67143777835564, 12.976025423187943, 70.32642060636653