instance_id,num_cities,city_coordinates,distance_matrix,best_route,total_distance
1009,99,"[[54.60439025216929, 91.95115323127105], [72.000598916938, 2.958732289858723], [18.57257264233273, 24.921474184921266], [70.52691714433855, 82.65172916812055], [94.57952069193033, 21.373576606385935], [8.968531484148057, 20.199987260291017], [59.17643337408055, 20.861692089569296], [93.4261331028832, 82.06286602803102], [44.51422621896577, 5.5233901722897], [35.91731206214958, 67.19404747762769], [10.084900539018681, 30.800788395057623], [63.65056353605863, 14.642445538708838], [59.38368910202826, 50.31488585489194], [38.698231752372855, 30.93973852573857], [28.218861320125587, 80.01350208047002], [6.131201017725174, 84.24859461203724], [73.15053016437393, 61.92624093635993], [23.7460571290232, 90.173811833773], [87.24076824125781, 10.405110619823699], [71.79738619049716, 78.8022782507298], [1.5718216827493858, 42.98805616829997], [19.75358456825106, 72.09917822209604], [93.04938252747614, 49.80213796164396], [46.75090209613436, 79.09632003750563], [31.384693273287944, 51.094991535548175], [73.83183765439462, 41.13161335520745], [86.73585863286809, 64.27882430669932], [78.85251997821999, 58.724393821260165], [54.84243818656091, 27.126640152111104], [64.8512739452254, 65.1886199014959], [36.37555555037375, 80.82539178933393], [63.62396947434088, 24.311581561175355], [60.625814621740346, 77.80733367181483], [0.8377541898427654, 96.10298880922136], [76.39091364585701, 63.28592193921033], [40.598416368555725, 6.490939149255537], [73.29718045270191, 7.057406792890475], [36.68471285614492, 49.6427023064716], [29.598293224768046, 9.777616263620315], [86.43717187313861, 69.84853938819313], [50.22055894969836, 19.31982620891819], [11.353188513366486, 24.044102500091434], [53.188037734884055, 45.60683217029655], [4.507778471267243, 13.726296197501753], [12.328870327862951, 88.88787101859486], [30.244785381195204, 67.60995467580474], [2.31341507567967, 36.65907917532182], [17.674984548888172, 40.43654776699051], [99.67482516112648, 16.82204810495226], [77.8200856606474, 87.53043109483497], [12.582507132960929, 87.08730010467671], [95.73848075244572, 25.057109267355127], [33.862775070255736, 1.9037817998156292], [34.48898784188832, 31.0570688213471], [99.2018638853511, 89.23291354604204], [45.097383677025505, 78.83157572833228], [70.62671442305268, 11.736993908465598], [83.69779282512899, 60.62838027930727], [6.98715332174813, 25.86225864862193], [58.82381157178812, 7.752269933254685], [12.484701006146825, 73.37709566296753], [95.16971475342638, 21.107775825619512], [74.97097563824575, 43.39039642712243], [38.916483520741764, 81.33976398514014], [15.48664228354899, 35.81364794718205], [46.17325467532638, 87.4194828221497], [86.7360636788831, 26.793718265723033], [37.77292401270513, 68.51323915056746], [81.83134405338333, 17.29839600561003], [89.06025409530814, 75.85581383382258], [71.75474224165248, 23.939038527569412], [78.83355273187524, 65.07808478156147], [30.702372285275146, 17.909451906668984], [57.80433675500986, 84.14876699713085], [97.84136885116824, 17.903624726558842], [65.683562570934, 46.74958572080923], [95.10910927387197, 69.48749003518007], [38.8370534119528, 38.52346256540689], [69.90532522146079, 52.90037140707019], [62.33964663798498, 22.57020459238287], [3.212732538252727, 10.716381066140846], [11.441776104129097, 72.34411537379218], [66.41925674162333, 12.36897780852736], [68.66356423765009, 99.9232200884352], [14.810777236148699, 45.147926600902046], [3.890675961463874, 16.292200413013667], [14.776711666846353, 51.42812572649934], [80.43414285594933, 67.11554772005826], [71.92381749081743, 60.16769744531082], [41.14915453745006, 66.32110817693595], [64.18634718086031, 29.55766944846543], [52.93887812377386, 47.42190976859566], [66.64759074878411, 94.9886161618779], [0.26461904633050537, 56.68010102557643], [85.79868506574539, 24.57155012276505], [25.29088934766812, 97.93455137864477], [25.84912275494914, 89.48708862752632], [81.77128017434157, 83.88365071308314], [74.95571379671294, 67.21008847452687]]","[[0.0, 90.6767834725168, 76.10039259639329, 18.43925569371378, 81.11230101481179, 85.03447197278233, 71.2363324696474, 40.06127733586034, 87.01476677895756, 31.018078221853003, 75.63961980286079, 77.83617112998417, 41.909670226972615, 63.050762109518644, 28.960380729920253, 49.081355766125306, 35.29099975858115, 30.90947533657463, 87.83444787687031, 21.64467654157166, 72.17920893905773, 40.10834786653691, 57.04872408080361, 15.063997233686484, 46.993406732201535, 54.33525896524429, 42.4050592312938, 41.133797978087685, 64.82495015631902, 28.65714248920058, 21.35586528914902, 68.23829178004854, 15.372221152745642, 53.92669925115949, 36.00483421168662, 86.60032041148801, 86.92737537637485, 45.94692435445217, 85.89409215026181, 38.75372916797223, 72.76350487652783, 80.51107992604261, 46.365958946795274, 92.89132774312174, 42.386357271944476, 34.43667081160168, 76.10229653773155, 63.38403254557109, 87.61122382414257, 23.632843618718578, 42.30243170458987, 78.52914439322032, 92.40532290982529, 64.13048362713695, 44.68023591532056, 16.202051964965555, 81.7986933129209, 42.7497623229951, 81.45638857722807, 84.3045400017427, 46.033290526880144, 81.6353457402605, 52.65875902145824, 18.939693750081386, 68.42234799871763, 9.57183805817943, 72.64940308420026, 28.85539935999267, 79.4628288867627, 38.0298107212747, 70.14115995499817, 36.18306402684503, 77.80411298852593, 8.433082981196266, 85.74656142392219, 46.539550542218606, 46.31682660993189, 55.70571820666274, 41.941413567210915, 69.81081739520275, 96.12591061365804, 47.40724832382922, 80.45442010964949, 16.162123100914535, 61.43348972573905, 91.08324740979866, 56.81865661601192, 35.83271439175471, 36.19600283971859, 28.947237823770042, 63.12496112583767, 44.560379868309596, 12.420340545108829, 64.78316029956969, 74.25021847763206, 29.917927546342277, 28.860648350446205, 28.339451387145694, 32.035865140684216], [90.6767834725168, 0.0, 57.766045590372954, 79.7066213648875, 29.13613220252745, 65.34755081720535, 22.02215228947128, 81.95436223667264, 27.605763060378333, 73.67617869784623, 67.88765568047349, 14.360788493090938, 49.0080778418474, 43.496946659919175, 88.62436512878521, 104.62704858669943, 58.97872004247824, 99.67432419140302, 16.96205504256222, 75.84381820116225, 81.00962555689361, 86.66113184156167, 51.355193957521955, 80.2152071466074, 62.98215021275558, 38.21678013834788, 63.065692447238774, 56.185032066066015, 29.63933619512716, 62.63921902217609, 85.62920282518574, 22.937133491832675, 75.70798403469239, 117.21775886015521, 60.486731391337386, 31.600214462871836, 4.298866869383892, 58.53720923285402, 42.94709194648517, 68.42997100958097, 27.240696305396472, 64.20826446464507, 46.6130119348699, 68.34633307074147, 104.6161176658292, 76.96316339671057, 77.40811954779602, 65.99893203229882, 30.952452626626417, 84.77168551302864, 102.99575502816391, 32.431856238520645, 38.152411828048415, 46.86829932142369, 90.46072720969354, 80.50137490555164, 8.885124402463093, 58.84396863360532, 68.92981668208087, 14.02161645025124, 92.20026032650293, 29.431202997967258, 40.540629037731804, 85.07728734019169, 65.37027441590256, 88.32140222535305, 28.022142641492888, 73.95219468751796, 17.385899614876937, 74.86665701386838, 20.981746717871335, 62.49402540903796, 43.921151396345046, 82.4218150439448, 29.85121774297246, 44.244138509046884, 70.42782729896031, 48.627880789046486, 49.98557281429058, 21.86192683202648, 69.22392415536707, 92.09615847676483, 10.940936943405235, 97.02189286182298, 71.06760035695204, 69.40275914682219, 74.99236875927484, 64.70874461396949, 57.20901668045982, 70.47412502724602, 27.72302270969567, 48.376888605016816, 92.18543389248465, 89.62162834291259, 25.64178379224628, 105.8404609760906, 98.06689146918549, 81.51262867825639, 64.3192776352608], [76.10039259639329, 57.766045590372954, 0.0, 77.66618474637666, 76.089708430523, 10.701871114322, 40.80631491552396, 94.17108991292973, 32.392206680792064, 45.69256436586357, 10.325062387941626, 46.23509157473888, 48.06633523504194, 21.006229083048062, 55.93015665005093, 60.617612507217004, 65.94017144052717, 65.45710435371993, 70.18579555698095, 75.73652899370896, 24.807799534660827, 47.19248401375391, 78.52287972710957, 61.064983206075325, 29.14109547641811, 57.587802368152005, 78.70981238470675, 69.11084883546235, 36.33683948198086, 61.34461034550806, 58.67021564597288, 45.05552491679099, 67.56766456409501, 73.3575613672662, 69.38869798383158, 28.71972168306822, 57.566549347565875, 30.646186434245347, 18.732403665907036, 81.38823635229443, 32.13990506143821, 7.272502201781092, 40.32510952938341, 17.976385767012236, 64.27039553694006, 44.25547329813345, 20.053218586748798, 15.54101581758787, 81.50568119123396, 86.198313696979, 62.453749263690355, 77.16602731341032, 27.633393802104955, 17.058071237604256, 103.13604529479785, 60.082149169674736, 53.697897507142144, 74.27164631735984, 11.623554372089265, 43.76007095505617, 48.83655837466821, 76.69202354067087, 59.34543747650601, 59.9741455446439, 11.320884039974322, 68.32129047599656, 68.1891986181681, 47.63292417609799, 63.716430230855245, 86.96447661019857, 53.1912431055305, 72.41504744155344, 14.0107278828986, 71.04226579477849, 79.57884306408414, 51.9221708451788, 88.56619675878866, 24.40621373267815, 58.462553631513146, 43.830186342721554, 20.921504691014153, 47.95576249625954, 49.46585028660369, 90.19073859092974, 20.573295361072375, 17.03004568338677, 26.77706362713925, 74.88119731135959, 63.94256470461746, 47.15539995313068, 45.848781163443554, 41.07691022823907, 84.97418284840771, 36.657762393214256, 67.22702312622948, 73.3215194922324, 64.97435455541324, 86.43271888963412, 70.47968150445772], [18.43925569371378, 79.7066213648875, 77.66618474637666, 0.0, 65.82962645190118, 87.69067745439591, 62.8238980324178, 22.906786141094123, 81.39681053600795, 37.904678961701805, 79.63515197680886, 68.3560304489068, 34.202967220216856, 60.72227918959015, 42.390232716873996, 64.41551237633176, 20.890888150668637, 47.38175378140239, 74.15474839922997, 4.05368523230994, 79.54880354822171, 51.85834197456018, 39.82909852566657, 24.040379066447603, 50.278637407774426, 41.65144075173758, 24.500886049802563, 25.33442399875413, 57.697819633091356, 18.362274123368035, 34.20016091983907, 58.747114902222044, 11.022703792066073, 70.97545927453076, 20.234152925119748, 81.83019671847113, 75.64506549780941, 47.27463004019062, 83.58103007003136, 20.42199486034953, 66.50772974296189, 83.2849570075593, 40.9018475469629, 95.44234899310413, 58.53120636405782, 42.99889672143839, 82.27032100235795, 67.64206028651364, 71.9940792748514, 8.774510783912993, 58.11393069737979, 62.871004295138135, 88.6819616281861, 62.934420826025864, 29.42047855518506, 25.71487399674983, 70.91480548125186, 25.66125216113255, 85.21939655099403, 75.80825597332785, 58.77854779498616, 66.29423554900086, 39.51204758673789, 31.637647929534385, 72.2719704256809, 24.81596966793924, 58.162305777459494, 35.67521501047384, 66.32381339452695, 19.74003656959938, 58.72552764107493, 19.43793126362398, 76.01024166670055, 12.810354172481688, 70.27372411378319, 36.22736517654904, 27.88514589960999, 54.32818215933009, 29.757850479236545, 60.636795707632665, 98.51849448573196, 59.97750239776972, 70.40268469780419, 17.37171501796457, 67.1626641317175, 94.04241434364656, 63.89834757380054, 18.42623280239118, 22.527383627272545, 33.61163664185984, 53.47131946170832, 39.376125907865124, 12.932438052431745, 74.90871779965222, 60.05442609321867, 47.74790954104308, 45.197648726895565, 11.311645797294114, 16.064199547382714], [81.11230101481179, 29.13613220252745, 76.089708430523, 65.82962645190118, 0.0, 85.61903284368657, 35.40678773051648, 60.700248380338365, 52.514399174514644, 74.43635047600223, 85.01889882192837, 31.65293850813847, 45.5669391370806, 56.6941787788974, 88.55720169397198, 108.51899899280937, 45.86632990865572, 98.74640209983087, 13.197141115810824, 61.78253333262124, 95.486217862657, 90.39915583710204, 28.469710633091953, 74.96327011274916, 69.83515388300812, 28.65041653438617, 43.61631936239026, 40.52680715363586, 40.15138187160795, 52.9483396678813, 83.19987912699717, 31.094662312029865, 65.86063385984606, 119.88329256036135, 45.68884018635618, 55.99511158709689, 25.64938058096374, 64.42788404246848, 66.00777393163686, 49.154042163228766, 44.40647900412617, 83.26916642098443, 47.963585527035576, 90.39579439508059, 106.4112279568772, 79.22601103476421, 93.5236912999806, 79.2319667107066, 6.83216944558413, 68.24667067611146, 105.07998709839863, 3.861554257847043, 63.762027168974896, 60.86577165927654, 68.01658376078248, 75.82811844335451, 25.818610618084044, 40.73513977841146, 87.70730350426497, 38.26239315787384, 97.17986115193597, 0.6472859378058838, 29.48279827528509, 81.81880795920324, 80.40024300492055, 81.88545852305944, 9.5340313363656, 73.81827152579143, 13.383688002061898, 54.761085426343335, 22.96850247999008, 46.45448893092105, 63.97101100108579, 72.75395990726969, 4.762375401229868, 38.45670597315464, 48.11682792433037, 58.32101891142497, 40.0344190980635, 32.26207367097052, 91.98622611185884, 97.51861564535324, 29.564899209389434, 82.7144684447479, 83.23624300853596, 90.83109017602521, 85.27464014059123, 47.879219244748505, 44.92510099267472, 69.82180620470528, 31.475774362544044, 49.11678708973582, 78.73605755373757, 100.70675915241272, 9.345057993695963, 103.25936902596068, 96.76423988452461, 63.80877988162114, 49.860601854560535], [85.03447197278233, 65.34755081720535, 10.701871114322, 87.69067745439591, 85.61903284368657, 0.0, 50.21226210269935, 104.69050692694668, 38.456454806239954, 54.172672726679615, 10.659421399191501, 54.96372348479769, 58.72474125101617, 31.610082810428825, 62.83495646483492, 64.11142291256569, 76.55330953282275, 71.5172104435385, 78.88271455371586, 85.91678237131316, 23.958451545170266, 53.00795593603685, 89.13964795934487, 69.97346313900643, 38.1704807216919, 68.1570352811251, 89.39072125908743, 79.79913375917323, 46.39389869827107, 71.74160558487928, 66.5325833143188, 54.80987237345912, 77.37623189154847, 76.33724637126042, 80.01359499182394, 34.47299838876169, 65.65746339496769, 40.435877375617984, 23.113045811121278, 92.01287394770229, 41.261416038411355, 4.523694410972814, 50.99874999781812, 7.86174239074029, 68.77003164416054, 51.96521904343026, 17.753655428606738, 22.029995599405645, 90.76916979653072, 96.30122106949683, 66.98487470715263, 86.9057865174377, 30.89457068768544, 27.733912683405297, 113.61161554964322, 68.86913043636122, 62.23627382644682, 84.96421283498523, 5.998931296284879, 51.38574334648512, 53.29322945907334, 86.20596311800622, 69.95797103718662, 68.08048273294278, 16.91957944035943, 76.82871866250888, 78.04656528144686, 56.24822963571827, 72.92056422785517, 97.53079033005953, 62.89744641609149, 83.03712923189259, 21.854207562273423, 80.46354644361874, 88.90249997919715, 62.621688971073326, 99.24443093560551, 35.04109515139251, 69.15640212106702, 53.42372004049764, 11.093602117945878, 52.202749311386725, 57.98198463008591, 99.59563639041706, 25.62287089241908, 6.407449941514027, 31.76368349387975, 85.48920061621472, 74.57067717015366, 56.238334743362515, 56.005119286105966, 51.71483779977459, 94.4468786706722, 37.50409033763332, 76.95442197321994, 79.42972884817915, 71.31379093503153, 96.72563883281394, 81.02010766300162], [71.2363324696474, 22.02215228947128, 40.80631491552396, 62.8238980324178, 35.40678773051648, 50.21226210269935, 0.0, 70.13291397738291, 21.218949652730743, 51.842780403914155, 50.08756563724902, 7.661388148809043, 29.45392296306908, 22.823754328087567, 66.76307282229777, 82.65407483683175, 43.377097103136606, 77.84267148743777, 29.94907323391641, 59.29924092847292, 61.70791906598042, 64.6485962194707, 44.55250937515199, 59.54549285860171, 41.06620524494844, 25.013008270390383, 51.42537593984555, 42.67004296314432, 7.617945163348826, 44.68870489006885, 64.15236013752852, 5.628704533852989, 56.96408343170844, 95.20847767408186, 45.78377015234279, 23.487470190063174, 19.74724767177686, 36.527031647293235, 31.586755319401817, 56.06120826179824, 9.087630994886352, 47.92901506424698, 25.459435185140343, 55.13234716044138, 82.59694415081673, 54.976725169983055, 59.01661027830533, 45.88622047392803, 40.69936683610104, 69.22648720782128, 80.97422503200357, 36.80196779784309, 31.62568037650964, 26.709842261006234, 79.2253684817091, 59.65506725722356, 14.641347376409293, 46.71923114636379, 52.42829978448947, 13.114163770821394, 70.27080107694546, 35.99412259880648, 27.51381624681291, 63.781366779535524, 46.17747101674464, 67.8160907416057, 28.190816892952288, 52.23772726956072, 22.933426627286785, 62.58910581978483, 12.949282415157628, 48.3889628338844, 28.626698674254307, 63.30194704341544, 38.77792410600988, 26.693178286725914, 60.461768276877386, 26.937492711553023, 33.78736587368778, 3.5951263017050152, 56.87585732983842, 70.20710371390935, 11.16175103614291, 79.6287062656298, 50.577985638898866, 55.47427536136737, 53.90400869101195, 50.90490519686339, 41.32139710664703, 48.90338733930356, 10.035898493796985, 27.282819844324987, 74.50247690472709, 68.94606795238096, 26.87949649381138, 84.19296724168571, 76.28993828216086, 66.9499392880319, 48.96079593014414], [40.06127733586034, 81.95436223667264, 94.17108991292973, 22.906786141094123, 60.700248380338365, 104.69050692694668, 70.13291397738291, 0.0, 90.833176754381, 59.399884365038496, 97.84457904510164, 73.70276549754307, 46.54913789347099, 74.89137034296303, 65.23946800779403, 87.32229141058596, 28.575929461744607, 70.1505554474559, 71.92421461937485, 21.873137078469895, 99.82011466653934, 74.34325445043326, 32.262927895177825, 46.769408641196975, 69.34082135878879, 45.379553319630496, 19.000839782236014, 27.51498654285645, 67.13188830120845, 33.18527923973016, 57.06399689441964, 64.98753583968309, 33.07522408237326, 93.64685236277646, 25.352955079511776, 92.20566027925472, 77.65947237695845, 65.35025468465811, 96.43210293781603, 14.072503485006733, 76.18012000285333, 100.50942818912489, 54.29683898239819, 112.1443737625594, 81.38394634522159, 64.81334234927374, 101.79897468477247, 86.43487073640394, 65.5393811056457, 16.536111529892676, 80.99960986174717, 57.05263583314782, 99.86627260706737, 77.9434310266425, 9.206989056259557, 48.4366520113464, 73.92930259048624, 23.538856893910896, 103.10288791017432, 81.97185704436782, 81.40613021575955, 60.980022126563995, 42.85035288160137, 54.51444555466271, 90.62866214541076, 47.55552400266975, 55.67257604305531, 57.27889725329531, 65.79419207184985, 7.5887018949496525, 62.032479437498324, 22.392547775426323, 89.72140611098042, 35.682816002976196, 64.31098312958268, 44.9074379783193, 12.687493454330847, 69.82583530029495, 37.46571093563223, 67.12485683730698, 115.01642733910532, 82.55839694893807, 74.74362465083593, 30.531574868788017, 86.85094663250314, 111.09625799713221, 84.40508755736008, 19.804396864744014, 30.687912668453443, 54.59565393118091, 60.09792632549441, 53.28427222278191, 29.734917977571776, 96.55750856603073, 57.99508055066676, 69.95942993944034, 67.9836113248748, 11.796222007713135, 23.701506078720477], [87.01476677895756, 27.605763060378333, 32.392206680792064, 81.39681053600795, 52.514399174514644, 38.456454806239954, 21.218949652730743, 90.833176754381, 0.0, 62.26698086058216, 42.71212155452191, 21.198032377779274, 47.19511639900201, 26.073291991217804, 76.2516602394963, 87.5837566999676, 63.25598373251164, 87.16083257298182, 43.004518224374515, 78.19313432805161, 56.98816811887065, 71.03115463941049, 65.69831735809358, 73.60692038070532, 47.42526210980158, 46.12448263691713, 72.35238271140511, 63.32033802463949, 23.94519517853695, 63.03598296892905, 75.74054005474963, 26.79885114984879, 74.05775967920555, 100.55992192786546, 65.97448959587517, 4.033573825702953, 28.823803729099126, 44.80864852561345, 15.510754228068807, 76.78058474621675, 14.929965858856185, 37.98251185534422, 41.011185408632805, 40.83875033161265, 89.36181399574949, 63.70524651605838, 52.44368018021652, 44.03718277384742, 56.30587311051326, 88.51234396411084, 87.59170101811054, 54.822353417157, 11.249665610294407, 27.43126227264353, 99.99010959585273, 73.31050499171359, 26.841589215223397, 67.61591400457539, 42.68431528243867, 14.482131678677257, 75.03343144341893, 52.99859993298485, 48.595511602331676, 76.02274173854423, 41.95354985215307, 81.9128949966577, 47.2769543825951, 63.34955587644142, 39.130781308869025, 83.25261808294813, 32.8813293150926, 68.73556446486285, 18.552138269575824, 79.74068546801274, 54.74535915430628, 46.3437158737572, 81.55518538149151, 33.48484835013685, 53.75208144318921, 24.664539221073714, 41.62668056285055, 74.55733547447272, 22.949780658733307, 97.43981945251065, 49.52169997745678, 42.02665950946498, 54.69519648049024, 71.30101179223891, 61.13334614625896, 60.89077288057876, 31.058636857798845, 42.737111555172056, 92.16242448404833, 67.63901832714102, 45.46689938593057, 94.38940298558063, 86.01330563118913, 86.76645954200744, 68.78904646364394], [31.018078221853003, 73.67617869784623, 45.69256436586357, 37.904678961701805, 74.43635047600223, 54.172672726679615, 51.842780403914155, 59.399884365038496, 62.26698086058216, 0.0, 44.62939380891762, 59.4205697015912, 28.90634789218764, 36.36080901056108, 14.953412993083052, 34.3230241836377, 37.60401994473504, 26.0040192376317, 76.5446307954287, 37.711148764487575, 42.01836175612657, 16.89160720942029, 59.72061614105472, 16.094432736635294, 16.724958454697198, 46.00827885577224, 50.90209427613567, 43.762622314653576, 44.31204721758787, 29.003377217393055, 13.639044498746458, 51.05452720408085, 26.891484573690366, 45.456597644676926, 40.661847847591915, 60.883331859003405, 70.80727444083838, 17.568113766016232, 57.76310736464948, 50.589549934993904, 49.965227244670174, 49.65192762908895, 27.64571992167905, 62.010960542070094, 32.047411179039976, 5.687753312480661, 45.40491363167763, 32.384352762805726, 81.25490014372687, 46.57693564279623, 30.66357156573382, 73.17167337986193, 65.32258349552889, 36.165195098086556, 67.01228332958806, 14.822475455881118, 65.42344688889435, 48.229475714551846, 50.4506774240976, 63.70268940492071, 24.234631124985928, 75.06524934663122, 45.736226801618876, 14.460163379054336, 37.44518316543019, 22.67713812984822, 64.9209682330257, 2.2767438110156824, 67.80615288828216, 53.844205671074405, 56.17221022125057, 42.96837222135555, 49.559731208607154, 27.68581521087824, 79.14628597848855, 36.111018898360115, 59.23621135689266, 28.81887105281215, 36.87131966891801, 51.859686831723174, 65.26343788923536, 25.01149855101564, 62.73879894811011, 46.29811844264845, 30.520767652082185, 60.13903436633399, 26.372130625654744, 44.51690000590491, 36.68566515631585, 5.3041680506042095, 47.07053534534006, 26.08967498408453, 41.43534815229295, 37.17065494818238, 65.61119305034111, 32.52536609779041, 24.46115532097163, 48.796815959556675, 39.03840503021021], [75.63961980286079, 67.88765568047349, 10.325062387941626, 79.63515197680886, 85.01889882192837, 10.659421399191501, 50.08756563724902, 97.84457904510164, 42.71212155452191, 44.62939380891762, 0.0, 55.94973008134867, 53.02047296518804, 28.613668591495294, 52.44741863898642, 53.5938404045883, 70.32828332856809, 60.92440489353072, 79.80608744197775, 78.18295155369958, 14.86613626298948, 42.41509699580049, 85.11261103364585, 60.63706825707445, 29.419990680323576, 64.57861825673378, 83.64298096795827, 74.2207061629911, 44.908089934691134, 64.66744630633913, 56.51247194806409, 53.9308975244626, 69.02173060111488, 65.95367385168687, 73.83611091807079, 39.013374868537475, 67.52436968822418, 32.59705101924829, 28.683553834493715, 85.75777629755208, 41.74546165487125, 6.874689714387865, 45.575205632008775, 17.962254155951484, 58.13041001168742, 41.96826990874784, 9.732191796970406, 12.266101008497726, 90.67392003157894, 88.3533115638894, 56.341897723942445, 85.84594139095911, 37.42224348417277, 24.40543293496311, 106.5652213704446, 59.43761862106749, 63.472352158999335, 79.42633787566838, 5.82967528071141, 53.91396527750751, 42.64388564440988, 85.63515693085148, 66.09614945050556, 58.184604758706925, 7.369367324535156, 67.1419828638981, 76.75582988747836, 46.78520691272153, 73.00593645176076, 90.92338415736998, 62.05040682277502, 76.81998584940375, 24.315976181608335, 71.5761930651478, 88.69912379112522, 57.84094878092028, 93.41186731234825, 29.77122757243902, 63.772053271731515, 52.89896974044282, 21.22757901374053, 41.565480001574, 59.27302363014451, 90.60557600900182, 15.105438929540487, 15.775536230185468, 21.15419904048122, 79.16929732793483, 68.45777528474983, 47.18772079562602, 54.11572667400312, 45.964389156700236, 85.55358062167168, 27.679897955443476, 75.96960297916921, 68.83432448993182, 60.76670582686452, 89.20048933214487, 74.38991561355263], [77.83617112998417, 14.360788493090938, 46.23509157473888, 68.3560304489068, 31.65293850813847, 54.96372348479769, 7.661388148809043, 73.70276549754307, 21.198032377779274, 59.4205697015912, 55.94973008134867, 0.0, 35.92672007778371, 29.803030385318596, 74.35577015474114, 90.29669458697742, 48.22869138952492, 85.42456863214636, 23.967744266993613, 64.67499403167648, 68.24400216908587, 72.30643742537974, 45.83115238967413, 66.63257832840262, 48.681356734027425, 28.378413526540275, 54.74213136977944, 46.62957906795751, 15.278684083315762, 50.56043362353563, 71.5828780857008, 9.669172594647293, 63.237269065500165, 102.86529603268103, 50.28423527554522, 24.450941606603006, 12.271512975669877, 44.183425361788395, 34.39801850730592, 59.72388397974088, 14.221213489843471, 53.13573738910205, 32.684211564770706, 59.14988042959601, 90.25685236282875, 62.621905419112636, 65.16884177227186, 52.717070982449265, 36.090138444983985, 74.25250026544063, 88.63522628094432, 33.73573256750907, 32.39731309130454, 33.46397099086949, 82.62949155161613, 66.81665149782694, 7.557005383999072, 50.165701391838816, 57.7635374898093, 8.41261281639567, 77.89547235654274, 32.175415913118194, 30.896543665044227, 71.13583486646348, 52.611625348761955, 74.84619883981264, 26.08819169146508, 59.763823770505965, 18.373754463956633, 66.2776646567307, 12.333059380897039, 52.67140464004601, 33.10976649429134, 69.75175331313865, 34.345981683320595, 32.171439752501755, 63.226726989130185, 34.43854321699082, 38.765847539944325, 8.035413289107511, 60.56521607294164, 77.8154238365979, 3.582501582235054, 85.42798536683053, 57.5839309239713, 59.78265512733184, 61.17057841325441, 55.091877689196615, 46.270890332470366, 56.364861208011085, 14.924843998923796, 34.48526467304817, 80.40204789631426, 76.05880907355481, 24.271926275738817, 91.70081514954249, 83.84908779599336, 71.57307360652288, 53.76954069213937], [41.909670226972615, 49.0080778418474, 48.06633523504194, 34.202967220216856, 45.5669391370806, 58.72474125101617, 29.45392296306908, 46.54913789347099, 47.19511639900201, 28.90634789218764, 53.02047296518804, 35.92672007778371, 0.0, 28.34227372302391, 43.04944014025992, 63.14526171601161, 18.0097051520512, 53.46751156387654, 48.670391589579026, 31.074610229554, 58.274303494427144, 45.222788274253226, 33.66959792183855, 31.431803339045082, 28.00986134008538, 17.119622962983374, 30.710466540410412, 21.207432657494568, 23.628747293281695, 15.846843487163772, 38.2134162553728, 26.346760936165172, 27.52049350525801, 74.32480653791256, 21.389096843600036, 47.68044438267545, 45.44001250401199, 22.708926732321434, 50.30347933772121, 33.36846640776011, 32.32114906135003, 54.74562123925805, 7.781507910439213, 65.95521556838511, 60.84431899782251, 33.88502789687635, 58.681319289125646, 42.86254307527742, 52.3941392283197, 41.53188564913601, 59.519417700944686, 44.267664881843345, 54.7261550709398, 31.47395221018649, 55.67854095110946, 31.89514264013312, 40.18282425862252, 26.411054638165187, 57.821517958827336, 42.566298135281585, 52.26261192907724, 46.19193553191455, 17.056144212495354, 37.16785664123501, 46.230256545251436, 39.38612311265002, 36.07489043296383, 28.25252608918592, 39.924751906340404, 39.154022932839055, 29.13294145838407, 24.418215286299308, 43.27505151603642, 33.87072285888186, 50.29396563819966, 7.238768594886336, 40.544967597826236, 23.689700322555645, 10.834646379567248, 27.901702874781698, 68.72567164309346, 52.760913326955574, 38.592630766436145, 50.46883105402455, 44.87139333847188, 65.09237768046154, 44.620866631146505, 26.932950866060402, 15.947812271393488, 24.26308726871947, 21.305575738885647, 7.06433996784629, 45.26042914815389, 59.46074678659536, 36.884567862185854, 58.56578813338887, 51.56576975229824, 40.34930244905921, 22.97685410691352], [63.050762109518644, 43.496946659919175, 21.006229083048062, 60.72227918959015, 56.6941787788974, 31.610082810428825, 22.823754328087567, 74.89137034296303, 26.073291991217804, 36.36080901056108, 28.613668591495294, 29.803030385318596, 28.34227372302391, 0.0, 50.18019005625573, 62.469557610897084, 46.33707152500054, 61.09208595741955, 52.70719867351238, 58.192583148071094, 39.032451661071654, 45.31003346996051, 57.53118895918678, 48.82521728128572, 21.441130310095474, 36.582025315968224, 58.473141159167575, 48.82984674167391, 16.588403196107798, 43.09254565968252, 49.939695896901455, 25.791953507464836, 51.743505537115375, 75.36355185877763, 49.6690431732014, 24.522530304336357, 42.04108728572329, 18.811036987069013, 23.035717914643495, 61.586534148368855, 16.36417997618032, 28.201084836249308, 20.617422569008244, 38.27910255420051, 63.66576223800402, 37.631974543504235, 36.83158620074006, 23.068730106868795, 62.58956883182386, 68.79699076754999, 61.923983590024385, 57.342787977058656, 29.435835716254104, 4.210878850812351, 84.01656833762308, 48.31746284724111, 37.25819918471782, 53.91081473983167, 32.115001123085094, 30.70338194393382, 49.880642287124324, 57.32098989789699, 38.35010862028192, 50.40049801482841, 23.717775585363196, 56.972251873053665, 48.21641608618486, 37.58489249175932, 45.238828483096775, 67.4817539454317, 33.78968313246248, 52.69032809928348, 15.28797363919365, 56.535333723621235, 60.56278501581703, 31.27553912754614, 68.3236141402021, 7.584994513050862, 38.15956078543114, 25.079186511034106, 40.843663418136074, 49.57052346586948, 33.366575791809446, 75.21065004016464, 27.793580043670076, 37.763955207326596, 31.49623998655309, 55.23201468812688, 44.25170200418211, 35.46615768437683, 25.52555862327512, 21.782056329790397, 69.88150967716298, 46.25698701019252, 47.52900720466347, 68.32321552410218, 59.94073578101107, 68.25207204226487, 51.28492263427148], [28.960380729920253, 88.62436512878521, 55.93015665005093, 42.390232716873996, 88.55720169397198, 62.83495646483492, 66.76307282229777, 65.23946800779403, 76.2516602394963, 14.953412993083052, 52.44741863898642, 74.35577015474114, 43.04944014025992, 50.18019005625573, 0.0, 22.49001437049722, 48.43556421499013, 11.101255407160345, 91.26288215011279, 43.595354030485005, 45.61741297389548, 11.588676914171646, 71.52428260344189, 18.5547233399905, 29.09128295714061, 59.93617339232033, 60.59553662724596, 54.92716558841149, 59.21009212788213, 39.51848664050835, 8.197001016537863, 66.00170931839192, 32.48196116832215, 31.7584100810272, 50.99371101082242, 74.55749890635754, 85.75923679364679, 31.52865555557711, 70.24943052336506, 59.09905371647205, 64.55847728520354, 58.45532147386357, 42.51210069073236, 70.40034881757651, 18.200171366889457, 12.567909791250074, 50.50443674136279, 40.957400431402924, 95.38927939756337, 50.16757596182792, 17.161998448716055, 87.0580502843633, 78.31335878852968, 49.3563252689447, 71.57921626384528, 16.919854220833226, 80.37479438829831, 58.768144331625564, 58.16478822916521, 78.47514671117528, 17.076465996342815, 89.17567695879134, 59.38865262750819, 10.77952185335209, 45.99713585647803, 19.421863749378144, 79.09872540808848, 14.95112575663222, 82.50747138777676, 60.983288254901, 70.99097400627032, 52.772281328356286, 62.15368753906734, 29.87307772291142, 93.30021661190277, 50.100818071113714, 67.7133827311209, 42.82720376420158, 49.72809193514444, 66.81287613186794, 73.67087251777457, 18.44695315767281, 77.68559631190473, 45.079605868324855, 37.35485339717512, 68.20751343540078, 31.58821186137799, 53.78468975971323, 47.999782869290165, 18.832794096881223, 61.96330434806565, 40.90588124214024, 41.24343932375459, 36.41273494109638, 79.93276011409283, 18.158662610971827, 9.765475048959505, 53.692081497888545, 48.458856562894056], [49.081355766125306, 104.62704858669943, 60.617612507217004, 64.41551237633176, 108.51899899280937, 64.11142291256569, 82.65407483683175, 87.32229141058596, 87.5837566999676, 34.3230241836377, 53.5938404045883, 90.29669458697742, 63.14526171601161, 62.469557610897084, 22.49001437049722, 0.0, 70.63906817681605, 18.58470755611956, 109.68875066886784, 65.8916552914876, 41.51168477172813, 18.253154582532026, 93.49507287942738, 40.94515904219547, 41.67613547409541, 80.26487571604505, 83.04157124779354, 77.07058490346319, 75.07131481358535, 61.7359668311546, 30.437465378409943, 83.05338017362817, 54.87397155620277, 12.982574517477298, 73.3202623029661, 85.05434684429241, 102.32178785767238, 46.16367476625818, 78.0809261780637, 81.58682825971526, 78.48322399850504, 60.43053883478104, 60.88950391019189, 70.54098152445245, 7.741704621998047, 29.296916045580243, 47.7424074487311, 45.30733259602599, 115.311529309753, 71.7639647179978, 7.04823378346801, 107.39225539472656, 86.88905797918862, 60.27854087074715, 93.20403275532213, 39.3409136221361, 97.04433773286821, 81.08323309871471, 58.39260981990414, 92.8880987875404, 12.59192008799681, 109.15411089501802, 80.05190146849633, 32.91407061453476, 49.33019703696353, 40.16740710027527, 98.98589142193137, 35.33836506673519, 101.05860056946737, 83.35266410580853, 89.12739039079993, 75.18736856632468, 70.74336938782665, 51.673232165953635, 113.19191628885575, 70.37513363673636, 90.19400404665595, 56.217972940286515, 71.06229672661819, 83.44826633587006, 73.59010726466558, 13.035291852587793, 93.81539838846962, 64.46697087419233, 40.05243166461225, 67.99331926785763, 33.94006529532065, 76.25266199692489, 70.0611018378234, 39.340206387236364, 79.75899504927577, 59.55806706586677, 61.46203290627847, 28.185787600381577, 99.54023133143768, 23.545680485345976, 20.401917978111868, 75.6409595316491, 70.90221611954755], [35.29099975858115, 58.97872004247824, 65.94017144052717, 20.890888150668637, 45.86632990865572, 76.55330953282275, 43.377097103136606, 28.575929461744607, 63.25598373251164, 37.60401994473504, 70.32828332856809, 48.22869138952492, 18.0097051520512, 46.33707152500054, 48.43556421499013, 70.63906817681605, 0.0, 56.90981653023558, 53.41312271489823, 16.93019887804166, 74.04165280574554, 54.357358765992544, 23.301463437090277, 31.492093904359283, 43.14743439412574, 20.805785640892918, 13.787523276907828, 6.539458141595286, 39.32172995445588, 8.917441914766655, 41.347027230791646, 38.802293211768344, 20.225667007443924, 79.98242097053496, 3.514088436078505, 64.28617889409229, 54.86903012237984, 38.4791002133508, 67.94318507180715, 15.469248871777964, 48.38481327681875, 72.4842593094249, 25.784185200841755, 83.87527664830968, 66.5297211925582, 43.280567663458655, 75.20855228993165, 59.49237828368844, 52.32519886295282, 26.026511525829342, 65.58631192867391, 43.23827450067342, 71.7371821382297, 49.473433697486904, 37.74024851076216, 32.75315820297793, 50.25266324408231, 10.626814758905082, 75.35385360862172, 56.03636319280929, 61.737062623881535, 46.378783769774486, 18.625024923311386, 39.355492968122036, 63.30080156009726, 37.11709545020127, 37.667769645635616, 35.9856021555367, 45.46428348647626, 21.145976370559637, 38.01283692085656, 6.4985279200188115, 61.150010824309895, 27.006412510351165, 50.47403543419864, 16.91409082904501, 23.223946358069547, 41.5343800040267, 9.591541892796434, 40.81387998377013, 86.68186248991054, 62.58196573663924, 50.0123221877675, 38.260989113074736, 60.704518807629114, 82.94210666901805, 59.310311994979415, 8.943149262771795, 2.1441313377158924, 32.30174763194347, 33.586917047101124, 24.877429546367345, 33.69582877146333, 73.07446902626691, 39.43791003829129, 59.892767843973054, 54.74507711537229, 23.589090165525608, 5.583702423397711], [30.90947533657463, 99.67432419140302, 65.45710435371993, 47.38175378140239, 98.74640209983087, 71.5172104435385, 77.84267148743777, 70.1505554474559, 87.16083257298182, 26.0040192376317, 60.92440489353072, 85.42456863214636, 53.46751156387654, 61.09208595741955, 11.101255407160345, 18.58470755611956, 56.90981653023558, 0.0, 101.95402901595624, 49.378558105764206, 52.13628540036685, 18.510327315984473, 80.20488116393788, 25.532992704678993, 39.818374628372474, 70.09795034411985, 68.10481240353784, 63.449098820043716, 70.29886750106675, 48.10300058623908, 15.712962410130245, 76.99403398641688, 38.89789576380469, 23.66316722586919, 59.11378469240609, 85.36290290677454, 96.76595790647896, 42.54620607691222, 80.60891346169217, 65.90366126283799, 75.63852540590717, 67.28091593522001, 53.41391109365247, 78.83104726357126, 11.489377625995623, 23.481080016489315, 57.64707067052281, 50.10642033833709, 105.57300344785921, 54.13860012384783, 11.582374677432554, 97.07262236232035, 88.84788227131918, 60.08493875089353, 75.461672807036, 24.176961455712153, 91.37904811590053, 66.83669006403103, 66.45928625788885, 89.57543985940461, 20.22245820489792, 99.35520217043252, 69.37348364748394, 17.555120002394915, 54.984046334974906, 22.595696893107267, 89.3575804610116, 25.805685488608187, 93.19188156278909, 66.86515828200251, 81.80390602634921, 60.53451650152453, 72.59840243577771, 34.58710130041901, 103.50408283596154, 60.36901337772635, 74.30080161736713, 53.809820185126085, 59.32948164338275, 77.8441575407839, 82.0676594216199, 21.663180915890948, 88.73891008386816, 45.963392022017075, 45.90391669310664, 76.50312848137091, 39.77030739060552, 61.198223890249885, 56.75793771951152, 29.526585836294743, 72.86792008252051, 51.76819417192442, 43.17086897023748, 40.90484810061559, 90.30052810173845, 7.9130010025969195, 2.2123457661380574, 58.365166292774184, 56.12273627098599], [87.83444787687031, 16.96205504256222, 70.18579555698095, 74.15474839922997, 13.197141115810824, 78.88271455371586, 29.94907323391641, 71.92421461937485, 43.004518224374515, 76.5446307954287, 79.80608744197775, 23.967744266993613, 48.670391589579026, 52.70719867351238, 91.26288215011279, 109.68875066886784, 53.41312271489823, 101.95402901595624, 0.0, 70.11897452969507, 91.65596950040701, 91.4367428194372, 39.82293011944492, 79.73651303959717, 69.1054811123062, 33.52487717846048, 53.87607966554446, 49.04198036400015, 36.45903646878557, 59.18211168965781, 86.86936089371068, 27.40699031341652, 72.46665045743062, 121.69472939833452, 53.98240037769634, 46.806300072938534, 14.339831286665428, 63.996119706359565, 57.64589035823555, 59.448860299109725, 38.078446003287866, 77.1034814808454, 48.97703191350761, 82.79962481752403, 108.49578853023658, 80.75231418141315, 88.89277912532559, 75.77127079479261, 13.992242785721734, 77.69854772553866, 107.02342797680113, 16.937891908087686, 54.05074233227, 56.650275487951276, 79.73010926357661, 80.36321291346381, 16.667354240214017, 50.3480832811786, 81.72861269367742, 28.540514887836796, 97.74426064344836, 13.319731052096449, 35.193421122563706, 85.83100571359454, 76.11996033282273, 87.2797467698341, 16.396377260435063, 76.31266090214513, 8.762377157727055, 65.47598857581345, 20.56657982924022, 55.315597947696894, 57.034247215378656, 79.4017024662502, 12.984623487022613, 42.25676261474367, 59.60401285136468, 55.978221885054225, 45.895149788062774, 27.71381187173963, 84.02861223057447, 97.88732052169286, 20.91392157067339, 91.42540364376835, 80.33160560635683, 83.55773877555117, 83.2702063385341, 57.1174563967583, 52.06653462499267, 72.46402995023132, 29.972101029368666, 50.46645504543061, 87.05428403599238, 98.52017694782506, 14.239649296088482, 107.23427854227582, 100.11440146715837, 73.68182376916897, 58.118224953784924], [21.64467654157166, 75.84381820116225, 75.73652899370896,