instance_id,num_cities,city_coordinates,distance_matrix,best_route,total_distance
104,67,"[[37.647390133288496, 90.58885625277193], [60.22134498302714, 76.98591319971148], [46.397263628019914, 29.35726365122364], [85.12929614233131, 19.593604897157867], [37.177396764501665, 80.45014274693382], [85.33981495797515, 2.751365371680581], [38.902633960471114, 65.82705775750566], [68.0315404400363, 23.4931468865759], [16.30177347546541, 1.5225106104952424], [7.008505961475409, 84.62862866658703], [80.90866703573585, 2.7371315828411125], [85.90409603181726, 92.34665292851905], [36.69714578863251, 53.14923739946465], [57.06945483829665, 85.79990177924147], [86.74692771748332, 27.79537874054937], [9.527736086287497, 26.495283236516578], [98.56015668926108, 25.48055981717362], [66.93032396625613, 93.44714616791315], [6.302214077573431, 46.68096378484415], [1.4473154047644932, 17.36307656508349], [31.997532165856434, 26.24941852584506], [14.988460997125463, 5.801771428742142], [7.951864379188811, 37.652427784257924], [99.08424894645293, 15.427091375919034], [28.264856274681904, 65.2444859838956], [41.3095756886694, 31.360559196345505], [44.022930026110274, 9.171226630974772], [13.81949207541916, 44.35410211744086], [14.366377088557359, 82.26280871377682], [68.50245292568135, 71.90512646986951], [52.64830911323145, 23.440608846097867], [38.03155515645319, 48.78744945938094], [9.470533165652329, 42.202637489889284], [27.269184255896594, 80.8480452763687], [75.58451669960553, 60.40642220988743], [95.93001472952237, 76.2864353753016], [52.88179913014028, 71.76558280961324], [18.412201186012446, 40.11595112302307], [25.731856343797144, 44.644010914796105], [53.44935079504391, 95.62416558000112], [93.87529019068856, 75.84821702260264], [31.800528279090557, 66.53752648593637], [67.81166171349774, 48.230774651006044], [73.06994693402794, 16.146590019514782], [71.71845326685519, 37.85696786972632], [63.78073114180789, 78.96183836686302], [75.21270088464489, 82.08714177980558], [71.90878951929479, 18.947323095634495], [90.16325153839139, 52.77404413463592], [51.92550644994298, 50.84481370900755], [39.67089452629967, 77.35742156916106], [21.957309827423533, 10.777154610587736], [53.22884300248616, 4.8750332441743875], [43.30488946461236, 54.845740085214345], [17.805477526637038, 40.023275993364294], [27.561737749171055, 72.99329924504038], [19.55225171803384, 25.940427713252344], [62.14757278355748, 33.80147359517224], [34.622109787452146, 11.846422190260963], [96.53787690281362, 87.86329404723863], [55.63530210206814, 70.84228560071499], [91.20232635461709, 7.948622551729956], [59.560900921235216, 42.248338621907266], [51.515579450494656, 71.66035299045087], [77.05323629767963, 86.37714121028837], [2.334647070540441, 13.089519165374053], [44.5359978043742, 66.99637028403559]]","[[0.0, 26.35571090414456, 61.85360311813522, 85.40993568255627, 10.1496012394659, 99.94994842391964, 24.79359396670542, 73.65480843241728, 91.58847785923857, 31.21322694264241, 97.92580664314977, 48.28870999861529, 37.45167585296381, 20.003766704175266, 79.7106354827244, 69.99072114011312, 89.15971845092466, 29.422101133415985, 53.94833716565212, 81.68512851933703, 64.58702766089532, 87.76261631557529, 60.696702618960266, 97.07614805003348, 27.025340810687325, 59.341408605174955, 81.66687163199717, 52.013663741470154, 24.725060889925995, 36.07099469827553, 68.80344976838533, 41.80317204078631, 55.99251230963086, 14.233430918494305, 48.478911877865315, 60.01186193396956, 24.215756040216505, 54.01394862509164, 47.46481600742838, 16.584821397185646, 58.12798972766026, 24.751813208230736, 52.00086880953507, 82.44033316432407, 62.781282206510156, 28.603130199102463, 38.51534396608471, 79.41254788125524, 64.7137984872616, 42.23095456264833, 13.385269284373633, 81.33932836596034, 87.11854640812261, 36.188087156569175, 54.31923602979509, 20.2811244862208, 67.13310172259729, 61.84711617365191, 78.80052819150256, 58.95352509636591, 26.711271581735726, 98.47608552249326, 53.07548963385449, 23.465185076823282, 39.630282052121984, 85.16535135606372, 24.577597722950102], [26.35571090414456, 0.0, 49.5942888155736, 62.56423166034764, 23.302884710995155, 78.36903486144621, 24.062574559745226, 54.05992231689219, 87.31353784923593, 53.75888146568153, 77.07688930738055, 29.925842117646376, 33.489924767661535, 9.360598600759156, 55.88662827350112, 71.54820540765418, 64.20798945696839, 17.77589912861844, 61.85194125196978, 83.72137840017942, 58.05838011631021, 84.33976424766375, 65.41576016162105, 72.79982038991498, 34.04523878064153, 49.38955300238579, 69.72245234881277, 56.72712797038368, 46.157596415641244, 9.715510411297439, 54.078188677195214, 35.88230942765893, 61.52658912395597, 33.177717835381465, 22.60324239295617, 35.71551993589208, 9.006707650879532, 55.744045498832364, 47.281322633811634, 19.83038973579317, 33.67317004132052, 30.28054832791759, 29.740055497999784, 62.18126580506125, 40.78305851118863, 4.071057613630992, 15.83550708993363, 59.203667969623254, 38.50626405917, 27.425864062047065, 20.553808222394732, 76.47049169648469, 72.44911381038246, 27.8631249655599, 56.26137539490209, 32.902749290306716, 65.26573937024718, 43.22737763845539, 69.9891000911474, 37.9105249869086, 7.66654742248074, 75.67013087579987, 34.7438523181766, 10.205486027127291, 19.274535760295713, 86.21843750499542, 18.596265318041844], [61.85360311813522, 49.5942888155736, 0.0, 39.9437025694354, 51.91809163740382, 47.16350418859471, 37.23191313924528, 22.414945875651192, 40.99404840169905, 67.87045027974476, 43.58518551650589, 74.3535672856951, 25.693390218789563, 57.442728557051325, 40.37988207767235, 36.98044068213266, 52.30675142976688, 67.29873407321055, 43.67749517511692, 46.52266511207924, 14.731292119354643, 39.260337448242446, 39.33012168041184, 54.497413897949706, 40.20792114971894, 5.4678845643738505, 20.325194971660544, 35.86385873431992, 61.84637734637146, 47.94747151122522, 8.607111811821746, 21.15460230708109, 39.09714889471382, 54.92889961427068, 42.61391778592798, 68.23372033233561, 42.90122066466284, 29.981879127214675, 25.704935326180998, 66.64108511008443, 66.44976863515181, 39.94291711060929, 28.54445415176517, 29.764978289024956, 26.70969143453161, 52.56233228769793, 60.0896785791503, 27.553671546131337, 49.636753580175856, 22.18729988493222, 48.469157218168206, 30.700680672213206, 25.417515269071433, 25.67538137774413, 30.516455425719546, 47.52768285407596, 27.061585915727598, 16.365306001444093, 21.101749136979315, 77.05216864093994, 42.50115764303102, 49.65705951484881, 18.424471788551077, 42.61160082068305, 64.73835877726324, 46.969710330683895, 37.68509862773959], [85.40993568255627, 62.56423166034764, 39.9437025694354, 0.0, 77.47840249387382, 16.843555159326947, 65.37917451196385, 17.536809224673576, 71.16032830991851, 101.64847355062214, 17.376835231183893, 72.75717361691763, 58.920740495288705, 71.90708199368265, 8.359774284696314, 75.91593407715914, 14.664387244660862, 76.06279081454159, 83.35126800687793, 83.71170262754599, 53.547027912963124, 71.48392424375886, 79.26207830748677, 14.563672019375053, 72.9216529259793, 45.3721182458594, 42.407066675310276, 75.48622641685728, 94.52417584946136, 54.89031977137075, 32.70801060547269, 55.41189192128442, 78.96465519421004, 84.2608984860774, 41.914065319562106, 57.712499076224695, 61.333647721695144, 69.80213072696816, 64.46377817246687, 82.36665038081024, 56.9304294492685, 71.04709181905199, 33.46622108516943, 12.542320953256617, 22.65835681814754, 63.0900021627436, 63.27543768009526, 13.23629387467402, 33.560128946735226, 45.59747473422388, 73.50595073870701, 63.78424296506512, 35.132253870645215, 54.69912274671534, 70.3552984081375, 78.52102352744257, 65.88346465756928, 27.01894042110511, 51.0978934338837, 69.21637213562337, 59.12971299018986, 13.13344241943686, 34.16108596519536, 61.97441574431734, 67.27007852754161, 83.04972634589109, 62.408637513390445], [10.1496012394659, 23.302884710995155, 51.91809163740382, 77.47840249387382, 0.0, 91.41508919129375, 14.724505356391292, 64.777137628853, 81.64167295181257, 30.456882914468817, 89.1725075554463, 50.157932333659595, 27.30512907479644, 20.598880943269457, 72.3164059634233, 60.62697914632763, 82.39841177748777, 32.46781136753521, 45.756249340662, 72.50252846216193, 54.44767674888265, 77.87636490583886, 51.824474423108455, 89.78003985672757, 17.625134767655158, 49.263192302484086, 71.60687961573048, 42.99437010342481, 22.882927622218038, 32.46962344525042, 59.07144897911887, 31.67421242557086, 47.22861366664167, 9.916198946098685, 43.322714534948844, 58.89997094074205, 17.945746988264084, 44.48572331718687, 37.590949340265496, 22.24921250090726, 56.88434617132826, 14.915482088594317, 44.45836107489994, 73.64252882024027, 54.838518674551736, 26.64493291262902, 38.07051517047553, 70.63190828335269, 59.77848476264157, 33.07540244256581, 3.9727138547264866, 71.31603131287969, 77.2608963362773, 26.327392625426796, 44.82859367043778, 12.16821323411286, 57.28834760195296, 52.91132226710218, 68.65129252791338, 59.821579839152854, 20.8087767154322, 90.41661046418675, 44.27639435118226, 16.817963214969932, 40.31391681864175, 75.83845209082672, 15.33469930410935], [99.94994842391964, 78.36903486144621, 47.16350418859471, 16.843555159326947, 91.41508919129375, 0.0, 78.32595195046264, 27.0147712779506, 69.04897722461082, 113.31231271917699, 4.431170783157701, 89.59706449166106, 70.04323499701465, 87.72840281650107, 25.08351195383233, 79.44334420465358, 26.294366614029933, 92.5453078919318, 90.42539449552599, 85.15546714853289, 58.28857208330209, 70.41745508918737, 84.89392824172585, 18.69715206650869, 84.6341599624672, 52.50855112655043, 41.8126727088995, 82.74022171811056, 106.58000987684082, 71.1740081366219, 38.688232706349226, 66.01054827509098, 85.51345386211365, 97.32055056498861, 58.47453653622756, 74.29373359603568, 76.26588359188024, 76.65127365920569, 72.8567257070387, 98.19551274402423, 73.59350554719602, 83.27742531909585, 48.74025876581165, 18.165398555799076, 37.655608095888, 79.20120131122985, 79.97952148978041, 21.040472687907503, 50.2546906374631, 58.56189704957559, 87.47407567237462, 63.88861596193613, 32.18112001094528, 66.93847053844767, 77.13677497588692, 90.95183054901082, 69.75482843022824, 38.75550693472325, 51.526747193057915, 85.84542500444458, 74.28816528656144, 7.83457223282365, 47.16527647372323, 76.76280012030138, 84.03533643951421, 83.64649018269256, 76.10763529694653], [24.79359396670542, 24.062574559745226, 37.23191313924528, 65.37917451196385, 14.724505356391292, 78.32595195046264, 0.0, 51.38728638800728, 68.16064611228958, 37.023431357257216, 75.7947597096584, 53.966900641769556, 12.868228592424014, 26.999034781332195, 61.1186146272645, 49.090458462807646, 72.01985777676396, 39.34997701218016, 37.806881529044624, 61.25078253482898, 40.17548951718536, 64.61364149597867, 41.8540310102033, 78.49830185160704, 10.653717847009185, 34.55043981701821, 56.886735118459605, 33.01896168485372, 29.532385795616033, 30.217415542124648, 44.55956279772722, 17.06185890330623, 37.74071793404752, 18.99913729806446, 37.080234775790046, 57.978623108262994, 15.18825660289557, 32.87733017832112, 24.94375385879814, 33.1583263336777, 55.878587723940406, 7.137553567124799, 33.84318343166534, 60.29555663976025, 43.118487045346406, 28.132582196094035, 39.7845609809915, 57.333374457995326, 52.89642784828303, 19.851016210909705, 11.555929816598049, 57.598922268208185, 62.61301428448601, 11.830857591211187, 33.330543993836955, 13.415324965618384, 44.332612704594375, 39.572278451306396, 54.15008682762644, 61.70427002112403, 17.468105033349154, 78.00750660283576, 31.348365027503927, 13.89653651846411, 43.33329422751233, 64.1752728232511, 5.753440708175791], [73.65480843241728, 54.05992231689219, 22.414945875651192, 17.536809224673576, 64.777137628853, 27.0147712779506, 51.38728638800728, 0.0, 56.20211427148129, 86.37915182175445, 24.42606314268727, 71.13531849685641, 43.143110605038345, 63.263725988867996, 19.20351321686138, 58.58078137516904, 30.593238145857306, 69.96266642413978, 65.940765734643, 66.86581178520275, 36.13926930159355, 55.915588545386804, 61.72562442872355, 32.08320365994453, 57.659027792067604, 27.856050987625817, 27.9558719022583, 58.08722442182738, 79.58531842509946, 48.41426985654513, 15.383321042599588, 39.240296375789704, 61.47712266872876, 70.36443740261218, 37.678075129605766, 59.71144092328481, 50.59390014320417, 52.329689934960996, 47.2929415852079, 73.5902446836113, 58.38623784867987, 56.262819492987, 24.73860493370411, 8.908279171627932, 14.829453106185472, 55.631332127005386, 59.03240891983857, 5.974744710939515, 36.70399950676361, 31.741424178120134, 60.87434865134354, 47.79676961999853, 23.785584016984544, 39.929843084336596, 52.87629491622719, 63.93801696446926, 48.54101995669119, 11.869400781574841, 35.381298063830016, 70.39976607925941, 48.94494521298902, 27.90192747277423, 20.579333101111818, 50.92010124951866, 63.52785009940539, 66.51554155356676, 49.4426027805323], [91.58847785923857, 87.31353784923593, 40.99404840169905, 71.16032830991851, 81.64167295181257, 69.04897722461082, 68.16064611228958, 56.20211427148129, 0.0, 83.62410943884333, 64.61831009562674, 114.42686805572845, 55.50936975624561, 93.6198830693096, 75.18499422066152, 25.875218939768235, 85.67630787293115, 104.94469375419914, 46.25231973914208, 21.715857209326824, 29.287827094565667, 4.476255445832659, 37.082231552308635, 83.9420967772836, 64.83521801882948, 38.93198318794319, 28.757005707606293, 42.90346083903805, 80.76349111437192, 87.62775559303364, 42.443770840170686, 52.02074448037337, 41.24970990314977, 80.08011331943412, 83.55691886028569, 109.22591840516573, 79.19714306000674, 38.6511003170087, 44.140573754737524, 101.1684929645292, 107.43351957943939, 66.83684380449719, 69.53366462349483, 58.62157637237976, 66.26613904117485, 90.83557070025208, 99.80559685536991, 58.273187002608346, 89.90126601008582, 60.84192579117131, 79.35395099676713, 10.84589908660263, 37.078941083352895, 59.77068742064856, 38.53011888043219, 72.35233530086609, 24.633316553857068, 56.06932107279348, 21.028976981563332, 117.86671785400127, 79.70167927286396, 75.17571240955337, 59.413341722078435, 78.48139311303352, 104.36018670578461, 18.134947116542467, 71.30215791969832], [31.21322694264241, 53.75888146568153, 67.87045027974476, 101.64847355062214, 30.456882914468817, 113.31231271917699, 37.023431357257216, 86.37915182175445, 83.62410943884333, 0.0, 110.30616982480537, 79.27220213325221, 43.27086097289075, 50.07464910663016, 97.91952921299436, 58.187905713418274, 108.99632470683316, 60.56723969209145, 37.95423715742852, 67.4950467806945, 63.502626774804774, 79.22974885967125, 46.985672012233785, 115.18157495722721, 28.767645301287587, 63.35653564957842, 84.04693397620547, 40.846383200991184, 7.7288661245917, 62.796441152237676, 76.33456229836925, 47.40273946004676, 42.49736821591829, 20.610383201688038, 72.72815503219587, 89.31196398296827, 47.64259622288531, 45.95022009600642, 44.151257131547474, 47.72477240249385, 87.30941433180325, 30.690916387554655, 70.86485395698091, 95.15200260966208, 79.84338127836035, 57.05434307944859, 68.25153009796469, 92.3367787362663, 89.04732599952033, 56.20394190774315, 33.46194972522105, 75.34923328917502, 92.1789321861916, 46.9515485118143, 45.89348627072787, 23.618133450098295, 60.01375249677504, 74.99144206283593, 77.8444647731652, 89.58778555850414, 50.54333346771543, 113.87898282899755, 67.51180045205261, 46.3579094068016, 70.06655082125172, 71.69162534884332, 41.463347425019734], [97.92580664314977, 77.07688930738055, 43.58518551650589, 17.376835231183893, 89.1725075554463, 4.431170783157701, 75.7947597096584, 24.42606314268727, 64.61831009562674, 110.30616982480537, 0.0, 89.7486525060761, 67.05250945229058, 86.41603919929764, 25.729380839904263, 75.23089174806421, 28.78955739219937, 91.78072140156696, 86.58627611576964, 80.79619217292641, 54.26902202499772, 65.99140536128876, 80.8812275048977, 22.167247401134865, 81.72233578199221, 48.86091120577715, 37.44269186145248, 78.94890520668241, 103.69286221600888, 70.27179850577686, 35.03258198731927, 62.92120866320739, 81.61453992604031, 94.75499433236428, 57.91453753789673, 75.06757605579966, 74.50122417359704, 72.82159290981716, 69.28684560201219, 96.86080287296758, 74.25203115216893, 80.51148788795814, 47.34134670691492, 15.532517773941168, 36.30238187688712, 78.12536151786192, 79.55418372815309, 18.54098444507141, 50.88555740121899, 56.16380219584614, 85.25691502266834, 59.49709645847209, 27.762263632946045, 64.26002775965891, 73.29576448351996, 88.21464707680238, 65.59727625407852, 36.29010887553523, 47.17440574367707, 86.54903660344326, 72.64334091207994, 11.53772335827136, 44.90949342581557, 74.9290600968413, 83.72882154106445, 79.25306645266105, 73.83915509721879], [48.28870999861529, 29.925842117646376, 74.3535672856951, 72.75717361691763, 50.157932333659595, 89.59706449166106, 53.966900641769556, 71.13531849685641, 114.42686805572845, 79.27220213325221, 89.7486525060761, 0.0, 62.9107410256199, 29.56850492279992, 64.55677628677569, 100.84518455951134, 68.05328999644334, 19.005659992902647, 91.77044609036243, 112.94018114974531, 85.29221549190139, 111.88853295214857, 95.22609245241651, 78.04060084531257, 63.69308763810068, 75.55114078122769, 93.12455962728525, 86.59950958813039, 72.24492470583687, 26.845356893753458, 76.51137349873517, 64.72390884927438, 91.41395854422632, 59.75174354701368, 33.565935946331514, 18.932766136771114, 38.91082805469222, 85.34167845180814, 76.78698121532027, 32.619818784973155, 18.323163582199875, 59.94419948004235, 47.68172496627035, 77.27331344261415, 56.3059343094628, 25.857233705607772, 14.817675229385916, 74.72168510075258, 39.80115290268483, 53.63718121392695, 48.602324822935735, 103.64735655919758, 93.3753522656458, 56.75395020821484, 85.87873785875267, 61.468553495087825, 93.8741390968848, 63.1815670905593, 95.44699713495467, 11.540268734770615, 37.13001077471893, 84.564169575742, 56.60216449039963, 40.13094912647369, 10.675803866101708, 115.17615227138172, 48.5175883686584], [37.45167585296381, 33.489924767661535, 25.693390218789563, 58.920740495288705, 27.30512907479644, 70.04323499701465, 12.868228592424014, 43.143110605038345, 55.50936975624561, 43.27086097289075, 67.05250945229058, 62.9107410256199, 0.0, 38.485021247958976, 56.10524770484285, 38.06061082135199, 67.76863460956008, 50.378234524744265, 31.07556012807397, 50.23146274354014, 27.30726320298179, 52.08694202221643, 32.656428334373516, 72.9048073932455, 14.74444114798049, 22.271529076869278, 44.58399427874862, 24.510027418401727, 36.69146038807663, 36.92371780987584, 33.72005667151155, 4.56134217036908, 29.34478632571959, 29.25936459433782, 39.55874552788829, 63.59137278862367, 24.668022219357976, 22.454526276111128, 13.877191724715964, 45.65912719838791, 61.51897165260491, 14.255635646918398, 31.500863115899968, 51.88618868530806, 38.21446695761148, 37.41404768646225, 48.17520414362268, 49.08799034653619, 53.46742217491295, 15.401731622648413, 24.390148879183105, 44.86263661479103, 51.02642256318955, 6.8220523195155565, 23.00404296109106, 21.84587994516337, 32.16001736990467, 31.969676233122744, 41.354906826298404, 69.1807692153288, 25.917131770392523, 70.80897041437503, 25.329447149951154, 23.711756084564094, 52.27530614769995, 52.77842687259265, 15.911966881805133], [20.003766704175266, 9.360598600759156, 57.442728557051325, 71.90708199368265, 20.598880943269457, 87.72840281650107, 26.999034781332195, 63.263725988867996, 93.6198830693096, 50.07464910663016, 86.41603919929764, 29.56850492279992, 38.485021247958976, 0.0, 65.15579091255836, 76.00824167413194, 73.21134717256952, 12.47866526110925, 64.09059247866834, 88.18969010352912, 64.6131670962341, 90.39087842385518, 68.78020750627508, 81.96081605262803, 35.38686220803635, 56.67464875646576, 77.73136860144417, 59.902534074915394, 42.84931594149476, 17.993838561131827, 62.51582155457829, 41.62166804713483, 64.54749257650643, 30.208889579216606, 31.4266816633143, 40.00811365308834, 14.645769671523633, 59.84485447803209, 51.72864228112501, 10.470019699641988, 38.12749067907433, 31.773538540658038, 39.07472740438674, 71.467472226204, 50.131009034449406, 9.581249441162685, 18.519232271121343, 68.47972787929676, 46.75368063788082, 35.33154945682195, 19.338701430752682, 82.83281547790297, 81.01595303822117, 33.8765905324961, 60.30886653445541, 32.16697741909986, 70.64486651855096, 52.245801893355846, 77.28518902836059, 39.522321894272366, 15.026212956528628, 85.00514452260877, 43.62276879144032, 15.191193889020779, 19.992116615734673, 91.00933425329633, 22.597795067492303], [79.7106354827244, 55.88662827350112, 40.37988207767235, 8.359774284696314, 72.3164059634233, 25.08351195383233, 61.1186146272645, 19.20351321686138, 75.18499422066152, 97.91952921299436, 25.729380839904263, 64.55677628677569, 56.10524770484285, 65.15579091255836, 0.0, 77.23013533909513, 12.037888742951063, 68.57734575331577, 82.63181757091147, 85.93518947078876, 54.7712178635271, 75.05328979227151, 79.40921497116011, 17.46951709237719, 69.4448580786553, 45.57700594677925, 46.60685593915364, 74.78370269784601, 90.58501552262908, 47.73395756872628, 34.37556998148325, 53.04577793589602, 78.60795290300267, 79.70061100043817, 34.468530225280794, 49.35292960529728, 55.49978180238549, 69.43652751947408, 63.29862037105612, 75.56105447264187, 48.578686875115984, 67.23139759940146, 27.859463466815026, 17.96535783162446, 18.0856467984298, 56.08433627889119, 55.50345865387234, 17.27594957980752, 25.211207692592613, 41.75892517123367, 68.3560457484381, 66.98742075104522, 40.60547057521835, 51.175509146864854, 70.01746229079099, 74.46971686206078, 67.22027466460295, 25.32195566238889, 54.51023627982075, 60.860636993391005, 53.11279919813615, 20.340705696563607, 30.789090637731743, 56.261744255349626, 59.37836767210174, 85.6836940722272, 57.60625263043838], [69.99072114011312, 71.54820540765418, 36.98044068213266, 75.91593407715914, 60.62697914632763, 79.44334420465358, 49.090458462807646, 58.58078137516904, 25.875218939768235, 58.187905713418274, 75.23089174806421, 100.84518455951134, 38.06061082135199, 76.00824167413194, 77.23013533909513, 0.0, 89.03820293583287, 88.19075374041223, 20.44176341287192, 12.193867191344658, 22.471141166246213, 21.40189121293598, 11.267885608952044, 90.23787379330243, 43.04161226664056, 32.152079849938474, 38.6010536412933, 18.367269293281055, 55.97704301412962, 74.43165380914476, 43.22863465116017, 36.18574825110787, 15.707458413603229, 57.17500961535306, 74.25270103819324, 99.72217700216355, 62.68153480769498, 16.262112832677676, 24.33001910521617, 81.90183522170781, 97.72523705107429, 45.81984849941664, 62.204883839997, 64.37940672853644, 63.220037813480246, 75.47268962836824, 86.05213150677038, 62.83603687136908, 84.80954914729244, 48.89243874097537, 59.12332125742549, 20.03880911849759, 48.756763176326615, 44.098123473371935, 15.859621413596365, 49.872745149087415, 10.03985947624884, 53.124642413895586, 29.057128581575455, 106.4743976539741, 63.973152670395955, 83.75390927029095, 52.45451684436942, 61.66735373157296, 90.2525905068087, 15.213646503044455, 53.534254833263226], [89.15971845092466, 64.20798945696839, 52.30675142976688, 14.664387244660862, 82.39841177748777, 26.294366614029933, 72.01985777676396, 30.593238145857306, 85.67630787293115, 108.99632470683316, 28.78955739219937, 68.05328999644334, 67.76863460956008, 73.21134717256952, 12.037888742951063, 89.03820293583287, 0.0, 74.96601348783199, 94.66247991328913, 97.45151346539359, 66.56706488315112, 85.85734117299222, 91.4221909885977, 10.06711976651467, 80.76260944625584, 57.551745565224785, 56.923663278871416, 86.81699625163046, 101.55203746458103, 55.30556883741201, 45.957144687295035, 64.8607948479778, 90.64540198637037, 90.26605783221572, 41.80545295543441, 50.8739092065507, 65.02934493526405, 81.47324376766925, 75.30736477383915, 83.39730354056242, 50.585065646621956, 78.37424639193631, 38.24973487829781, 27.145419236942907, 29.557613552174455, 63.795419872592, 61.232416366175485, 27.440454699002792, 28.55595038341856, 53.08611850976622, 78.4802776710991, 78.00119404218881, 49.79473592579204, 62.57362358247976, 82.0536946178512, 85.42971321462397, 79.00924329737829, 37.35122317663495, 65.37555774482934, 62.415504047901415, 62.45181588547174, 19.01332405217088, 42.45115259335574, 65.92242065565345, 64.58282472993939, 97.02003189969095, 68.13348854961052], [29.422101133415985, 17.77589912861844, 67.29873407321055, 76.06279081454159, 32.46781136753521, 92.5453078919318, 39.34997701218016, 69.96266642413978, 104.94469375419914, 60.56723969209145, 91.78072140156696, 19.005659992902647, 50.378234524744265, 12.47866526110925, 68.57734575331577, 88.19075374041223, 74.96601348783199, 0.0, 76.56920740977182, 100.38331563358831, 75.73529258692828, 101.88065980289716, 81.1881105505894, 84.38604055990474, 47.858211764161624, 67.16522183452904, 87.33372378941334, 72.32487427074005, 53.7406542167988, 21.59931022361509, 71.44852144063397, 53.19424168855612, 76.99108538331706, 41.61422048290673, 34.155299611281585, 33.69676630290693, 25.83507769934004, 72.09871429529731, 63.867517134869395, 13.65562342639659, 32.18312464471814, 44.25189460859985, 45.22496002629168, 77.54399364901242, 55.79600438582907, 14.823767302915256, 14.058714988080602, 74.6659812569527, 46.840902559424094, 45.16750247287289, 31.65368432040183, 94.11110192118616, 89.62560888705907, 45.25737185202954, 72.57658329064, 44.36491220183324, 82.47326091815826, 59.837120297773545, 87.76388127869261, 30.12949709830245, 25.26969014798074, 88.87703663200993, 51.72645638500123, 26.688550081331037, 12.347401514914988, 103.101647373332, 34.65760218341522], [53.94833716565212, 61.85194125196978, 43.67749517511692, 83.35126800687793, 45.756249340662, 90.42539449552599, 37.806881529044624, 65.940765734643, 46.25231973914208, 37.95423715742852, 86.58627611576964, 91.77044609036243, 31.07556012807397, 64.09059247866834, 82.63181757091147, 20.44176341287192, 94.66247991328913, 76.56920740977182, 0.0, 29.71714239549031, 32.82830201714021, 41.79185630280876, 9.178006778789243, 97.90459915123161, 28.756947138263573, 38.21295806039263, 53.19617272908428, 7.869164740690483, 36.48422143357773, 67.12025101206267, 51.84664524087507, 31.79918815311037, 5.48576815477735, 40.08744561714018, 70.62878779639664, 94.39081839775987, 52.90459200567675, 13.775020109474623, 19.536124886686814, 67.95799807688061, 92.30261275472644, 32.317906946794935, 61.52896929249984, 73.41851355095463, 66.00869074280551, 65.92294583590393, 77.47420623793741, 71.22764608681423, 84.08209816693284, 45.81290705778961, 45.326745935288386, 39.168425244811594, 62.84778699865064, 37.892763924444246, 13.290969742926311, 33.82759737423158, 24.611650371533774, 57.3113021710891, 44.89389469764405, 99.18900731104917, 54.93198563608109, 93.31786175246954, 53.44282823865457, 51.65479932620447, 81.12640536460559, 33.824942565778635, 43.29593467399872], [81.68512851933703, 83.72137840017942, 46.52266511207924, 83.71170262754599, 72.50252846216193, 85.15546714853289, 61.25078253482898, 66.86581178520275, 21.715857209326824, 67.4950467806945, 80.79619217292641, 112.94018114974531, 50.23146274354014, 88.18969010352912, 85.93518947078876, 12.193867191344658, 97.45151346539359, 100.38331563358831, 29.71714239549031, 0.0, 31.81639227808984, 17.80523519668049, 21.306499718529544, 97.65612540991347, 54.87995869387658, 42.24842381621193, 43.356537750705016, 29.691517575528202, 66.17308658179535, 86.436257876919, 51.56043207112644, 48.22756276247946, 26.10317624688162, 68.53546646253987, 85.72662491974032, 111.35053967166172, 74.86747492591188, 28.38134334770156, 36.52380467055538, 93.9628104014175, 109.37752135317, 57.78792310520098, 73.19181133234198, 71.63296159375369, 73.19858193462133, 87.63482283293247, 98.13529799677049, 70.47928185972233, 95.52200766460922, 60.572885793631805, 71.13623150918629, 21.54145397154552, 53.26610391551566, 56.187245623352965, 27.947703056511163, 61.45473724460654, 20.033962953607872, 62.88674059585648, 33.630350248322614, 118.37438722563861, 76.13385384560489, 90.24740403456327, 63.21760110299147, 73.85814302949751, 102.36794612044466, 4.3647050683522695, 65.72745542257212], [64.58702766089532, 58.05838011631021, 14.731292119354643, 53.547027912963124, 54.44767674888265, 58.28857208330209, 40.17548951718536, 36.13926930159355, 29.287827094565667, 63.502626774804774, 54.26902202499772, 85.29221549190139, 27.30726320298179, 64.6131670962341, 54.7712178635271, 22.471141166246213, 66.56706488315112, 75.73529258692828, 32.82830201714021, 31.81639227808984, 0.0, 26.597270044698504, 26.612454968571285, 67.95403103083727, 39.17330922154098, 10.622519170347806, 20.88719301618604, 25.65581239176306, 58.72271715192732, 58.45556352949781, 20.84092129315009, 23.331786725668277, 27.603820012272525, 54.80298638761045, 55.376223430430564, 81.18537665088613, 50.07867627785754, 19.412417265773712, 19.432439956495276, 72.6156735927423, 79.3025708946541, 40.288589619585515, 42.02180258337791, 42.296694891173615, 41.38220360109411, 61.55299296249262, 70.60738024866264, 40.57374842437273, 63.92813679289436, 31.65529376396857, 51.68083266541151, 18.444430467448456, 30.126946509908542, 30.750706265199465, 19.77709696639333, 46.95387797400186, 12.449115661251687, 31.08148138392334, 14.640174559568267, 89.22850304432468, 50.470466230403424, 61.96875654892306, 31.870123021180422, 49.427797227411396, 75.13560747097017, 32.451035474321074, 42.63246647981556], [87.76261631557529, 84.33976424766375, 39.260337448242446, 71.48392424375886, 77.87636490583886, 70.41745508918737, 64.61364149597867, 55.915588545386804, 4.476255445832659, 79.22974885967125, 65.99140536128876, 111.88853295214857, 52.08694202221643, 90.39087842385518, 75.05328979227151, 21.40189121293598, 85.85734117299222, 101.88065980289716, 41.79185630280876, 17.80523519668049, 26.597270044698504, 0.0, 32.618675666567384, 84.6448364337942, 60.90729829217001, 36.688591016211035, 29.22932808250868, 38.5700491297418, 76.46356786792494, 85.04940258357423, 41.58596813306238, 48.77245845955878, 36.8167160072014, 76.04445661697821, 81.56929479668742, 107.32950653140037, 76.07318507039213, 34.484560675357336, 40.30062173052491, 97.71029902273224, 105.49709171606608, 63.01966001702021, 67.75330876316693, 58.995544580201944, 65.1600156675371, 87.93793845810802, 97.1926787347092, 58.41857005866045, 88.64335020789805, 58.25136036733635, 75.69302208222457, 8.562668499115142, 38.25160989525343, 56.63153699778358, 34.337253192327374, 68.35779910567564, 20.649301748240585, 54.84491905267051, 20.54307590529292, 115.69097081892309, 76.69702846633015, 76.24409644342397, 57.57651136491575, 75.30991400756415, 101.70755403873005, 14.602406444193388, 67.95466032904588], [60.696702618960266, 65.41576016162105, 39.33012168041184, 79.26207830748677, 51.824474423108455, 84.89392824172585, 41.8540310102033, 61.72562442872355, 37.082231552308635, 46.985672012233785, 80.8812275048977, 95.22609245241651, 32.656428334373516, 68.78020750627508, 79.40921497116011, 11.267885608952044, 91.4221909885977, 81.1881105505894, 9.178006778789243, 21.306499718529544, 26.612454968571285, 32.618675666567384, 0.0, 93.80339596933341, 34.26279783436491, 33.94590570502145, 45.95977149680245, 8.907384220387735, 45.06919191615747, 69.56738560973764, 46.90147086600134, 32.0745460600973, 4.796953538257423, 47.318286293396085, 71.35769000055949, 96.08715565366018, 56.41282108269964, 10.746515405136211, 19.105244016572072, 73.69357945723168, 94.0305983109985, 37.458079192828116, 60.787307551311876, 68.57744332929231, 63.76691693202064, 69.45019630411795, 80.6130506511186, 66.63609543475279, 83.59052254704669, 45.909914434186575, 50.81912440147433, 30.305656408711478, 55.89599615438321, 39.312165681488544, 10.13482181837389, 40.41688173516466, 16.484536149812367, 54.33235369112766, 37.111344826809955, 101.82638511562092, 58.09713327650812, 88.39092410657435, 51.81327097593727, 55.26604968372476, 84.55233467779813, 25.19701589697118, 46.89846244709974], [97.07614805003348, 72.79982038991498, 54.497413897949706, 14.563672019375053, 89.78003985672757, 18.69715206650869, 78.49830185160704, 32.08320365994453, 83.9420967772836, 115.18157495722721, 22.167247401134865, 78.04060084531257, 72.9048073932455, 81.96081605262803, 17.46951709237719, 90.23787379330243, 10.06711976651467, 84.38604055990474, 97.90459915123161, 97.65612540991347, 67.95403103083727, 84.6448364337942, 93.80339596933341, 0.0, 86.58613736577783, 59.93152982219137, 55.415563562547305, 90.03805148222955, 107.90797433089382, 64.22627730088038, 47.122319238758045, 69.57258734927339, 93.5283268627396, 97.1457910861482, 50.74817846923276, 60.941028425277146, 72.86077124250967, 84.36539032965452, 78.95696225080704, 92.27196020560375, 60.64524446097634, 84.49482613733778, 45.32169843082908, 26.024249989035134, 35.38341606890068, 72.68426545399049, 70.80545972392176, 27.4025113162573, 38.3976441349788, 58.97764024709611, 85.82139873772002, 77.26698292150436, 47.053843467900705, 68.30202639945045, 84.91884938722458, 91.81142573991649, 80.22386692302456, 41.25452663528958, 64.56151002549045, 72.48094555140071, 70.4177160440328, 10.865182911394555, 47.76478140798838, 73.65431439789587, 74.29182384239805, 96.77783685837932, 75.06598583754435], [27.025340810687325, 34.04523878064153, 40.20792114971894, 72.9216529259793, 17.625134767655158, 84.6341599624672, 10.653717847009185, 57.659027792067604, 64.83521801882948, 28.767645301287587, 81.72233578199221, 63.69308763810068, 14.74444114798049, 35.38686220803635, 69.4448580786553, 43.04161226664056, 80.76260944625584, 47.858211764161624, 28.756947138263573, 54.87995869387658, 39.17330922154098, 60.90729829217001, 34.26279783436491, 86.58613736577783, 0.0, 36.30819740958944, 58.24540585158094, 25.398359886755962, 21.97250628002024, 40.78514822741137, 48.395422470331404, 19.136939625143885, 29.73471646320752, 15.635294220535648, 47.56634444448568, 68.56018024393634, 25.466027946251998, 26.99107401624415, 20.75561759433942, 39.461166944328625, 66.46177962248616, 3.7646952416732145, 43.05132046446948, 66.46878618661077, 51.36429927500386, 38.0728659805885, 49.87760186477223, 63.62562534515796, 63.14208783480461, 27.697958920112892, 16.637936082644327, 54.831335284799046, 65.32741734860961, 18.284871195049472, 27.303993062948297, 7.780647956115845, 40.258147929365116, 46.224468694602, 53.77516052170094, 71.92229017415707, 27.93701246268018, 85.1113453453775, 38.83639020317595, 24.119690662280078, 53.16855407274143, 58.2453115127014, 16.365180881382102], [59.341408605174955, 49.38955300238579, 5.4678845643738505, 45.3721182458594, 49.263192302484086, 52.50855112655043, 34.55043981701821, 27.856050987625817, 38.93198318794319, 63.35653564957842, 48.86091120577715, 75.55114078122769, 22.271529076869278, 56.67464875646576, 45.57700594677925, 32.152079849938474, 57.551745565224785, 67.16522183452904, 38.21295806039263, 42.24842381621193, 10.622519170347806, 36.688591016211035, 33.94590570502145, 59.93152982219137, 36.30819740958944, 0.0, 22.354614097700978, 30.40619763643321, 57.5931849852039, 48.819202244859724, 13.83085280174973, 17.7325103369351, 33.63443608128167, 51.44068302526677, 44.92698231023974, 70.72288675854819, 42.029540665680024, 24.514213161034874, 20.472308847416684, 65.40019300481286, 68.86440328626921, 36.43955282835622, 31.41599486175902, 35.21627521127913, 31.095066509281953, 52.638717747193084, 61.01317954877112, 33.021210116292394, 53.34059412147657, 22.188604278826237, 46.026042889820985, 28.252198822487006, 29.043966985612524, 23.569789953399205, 25.049656538879017, 43.84390598444568, 22.422287386821406, 20.980471539719115, 20.6282268572018, 79.01091254143681, 42.00039472601462, 55.11266049163219, 21.25216726747133, 41.572056632235615, 65.60818218964013, 43.04504576140684, 35.78157111623586], [81.66687163199717, 69.72245234881277, 20.325194971660544, 42.407066675310276, 71.60687961573048, 41.8126727088995, 56.886735118459605, 27.9558719022583, 28.757005707606293, 84.04693397620547, 37.44269186145248, 93.12455962728525, 44.58399427874862, 77.73136860144417, 46.60685593915364, 38.6010536412933, 56.923663278871416, 87.33372378941334, 53.19617272908428, 43.356537750705016, 20.88719301618604, 29.22932808250868, 45.95977149680245, 55.415563562547305, 58.24540585158094, 22.354614097700978, 0.0, 46.36898091976386, 78.8789610954966, 67.34084370118259, 16.673704843190027, 40.066715413403784, 47.801069361814484, 73.60879246705275, 60.17623301069937, 84.84572285744144, 63.218138118902175, 40.16821387129122, 39.910923333071736, 86.96532677703833, 83.25310121349274, 58.653895552767146, 45.73348933575528, 29.872811813604677, 39.87372265032766, 72.53344188301672, 79.30657279317641, 29.549843007365727, 63.48334398497177, 42.41625365452373, 68.32493975950474, 22.123982449559033, 10.159040867394582, 45.68015719685593, 40.48708146336872, 65.9107563598949, 29.66513444761749, 30.58025082634938, 9.774051996996375, 94.60581969260025, 62.754814155406926, 47.195234914733796, 36.54482011446273, 62.93671987454779, 83.97472464034605, 41.872018725740745, 57.82741976815335], [52.013663741470154, 56.72712797038368, 35.86385873431992, 75.48622641685728, 42.99437010342481, 82.74022171811056, 33.01896168485372, 58.08722442182738, 42.90346083903805, 40.846383200991184, 78.94890520668241, 86.59950958813039, 24.510027418401727, 59.902534074915394, 74.78370269784601, 18.367269293281055, 86.81699625163046, 72.32487427074005, 7.869164740690483, 29.691517575528202, 25.65581239176306, 38.5700491297418, 8.907384220387735, 90.03805148222955, 25.398359886755962, 30.40619763643321, 46.36898091976386, 0.0, 37.91265117377945, 61.23140656737704, 44.1027349873725, 24.61460069337421, 4.8520350001258175, 38.8934712649392, 63.816888416599504, 88.10114549664536, 47.72057319620809, 6.249392036511316, 11.915891472034836, 64.80081102573003, 86.02796106808707, 28.555594542409757, 54.13116451878301, 65.62225338790708, 58.2623588647099, 60.77681151029903, 72.06183712655944, 63.402451827874565, 76.80667309884662, 38.654853103799454, 41.92271584129163, 34.549030111463445, 55.78255838156613, 31.296375611969307, 5.885926854311447, 31.765593466378952, 19.28543331593716, 49.466770196378576, 38.59401712598681, 93.46326000539945, 49.49935183846747, 85.51878146636096, 45.78985393183976, 46.54703363404683, 75.92392391707142, 33.307293675000885, 38.15987463193396], [24.725060889925995, 46.157596415641244, 61.84637734637146, 94.52417584946136, 22.882927622218038, 106.58000987684082, 29.532385795616033, 79.58531842509946, 80.76349111437192, 7.7288661245917, 103.69286221600888, 72.24492470583687, 36.69146038807663, 42.84931594149476, 90.58501552262908, 55.97704301412962, 101.55203746458103, 53.7406542167988, 36.48422143357773, 66.17308658179535, 58.72271715192732, 76.46356786792494, 45.06919191615747, 107.90797433089382, 21.97250628002024, 57.5931849852039, 78.8789610954966, 37.91265117377945, 0.0, 55.118021449509534, 70.18231626852264, 40.99561354823325, 40.35822848199154, 12.980138226589407, 65.00278646677528, 81.78229651646792, 39.92028916133117, 42.34059868970708, 39.29819418932481, 41.30380964328253, 79.76725048067492, 23.47837577175229, 63.360695948596394, 88.41642091280063, 72.5337117692761, 49.52448678917533, 60.84657737597094, 85.55688135626656, 81.33113433838174, 48.967117625045134, 25.775597486684305, 71.887558050102, 86.59768500973267, 39.86393295602421, 42.379305518873245, 16.125797616076735, 56.56062143612717, 68.0554455096842, 73.2718376881477, 82.36213218278554, 42.82000140059264, 106.89415963720312, 60.36309138203253, 38.63256791223248, 62.8217323017773, 70.21186875574254, 33.81227819099631], [36.07099469827553, 9.715510411297439, 47.94747151122522, 54.89031977137075, 32.46962344525042, 71.1740081366219, 30.217415542124648, 48.41426985654513, 87.62775559303364, 62.796441152237676, 70.27179850577686, 26.845356893753458, 36.92371780987584, 17.993838561131827, 47.73395756872628, 74.