instance_id,num_cities,city_coordinates,distance_matrix,best_route,total_distance
465,64,"[[86.25996896684659, 35.84228370638698], [91.59097059805586, 32.676819264842315], [74.72601434301886, 58.66721067741345], [46.71633316558695, 35.154559097081695], [3.2342189558124956, 27.923699966411718], [19.21471832763453, 55.59166223606974], [30.406765377502186, 57.745156321682146], [27.45172165636811, 84.0177330175753], [42.21227489643833, 38.4214838647126], [97.5447115524575, 63.37472444577767], [94.23065511674082, 54.12413163868158], [27.038872841580964, 81.99047052007172], [15.993971852773893, 90.95131907569515], [7.272343224486832, 23.136892116694874], [63.15234163427932, 50.339913085654906], [87.03246399942125, 57.98750897838213], [57.99863004237174, 58.70616268753953], [25.340663253370067, 83.34300016435483], [82.84966538355465, 59.180552725018565], [7.526956618546288, 44.86720819725819], [88.40896293191857, 39.25799696256005], [23.720817310329746, 44.918670050113526], [76.05551734025312, 39.77621035370268], [22.618814652892794, 27.6731341794359], [98.3552548287954, 35.00062455455717], [93.7433085864806, 40.48241966222869], [18.290284531354352, 99.23962195250024], [12.470385352409997, 98.91729984250675], [39.19818396576633, 23.120912073759825], [70.46341270526608, 55.16688793069444], [93.68136217825939, 82.7260882170522], [85.294117611403, 28.241670253898754], [41.956631391467404, 63.14867626207167], [26.65403829823144, 41.1756497298716], [72.14929064780252, 78.52320272597473], [43.4384555606499, 64.43059486688523], [85.37045861971055, 51.1535625412607], [94.1549966872321, 67.68584935435562], [42.69074112669175, 57.44489197713314], [36.69239215593167, 42.97868413761954], [10.885075110304609, 24.229556006855223], [46.65525193605562, 36.87770751253813], [47.047092781064826, 55.82015598593285], [54.72495086436364, 4.732315006640286], [65.62640257480166, 67.84642932000432], [80.89871004721597, 12.120798204046679], [63.27217191272491, 60.65186316750074], [2.1463971996264375, 98.6110910802177], [67.69021892095772, 8.10816293149178], [56.30155672314905, 27.279708300956727], [53.6050732197672, 42.23332751699269], [77.28086841632779, 7.298194695150362], [15.015077008652112, 5.743843632516732], [23.30570089272167, 27.73691452080762], [25.566267787134777, 94.87908969298061], [14.818847754629715, 1.1952353857117126], [0.3170455268636241, 66.49255598743447], [65.89308949407119, 64.70955763696819], [84.33620106266405, 63.947598807700246], [83.37974406603543, 32.99375511986838], [82.358760938315, 9.374513100462622], [78.96745691540943, 25.404179606194145], [71.26861067331266, 7.188044922483705], [26.60140274195266, 1.7367936694907438]]","[[0.0, 6.199979316307404, 25.573607498693036, 39.54961564315015, 83.40251275196526, 69.89351604822481, 59.994301229321785, 76.02160132531591, 44.1231416195287, 29.755347557902276, 19.943866263080995, 75.07858131630283, 89.29902647717124, 80.00294991975304, 27.278997389189772, 22.15869470259395, 36.35189458431055, 77.24946519317963, 23.58611819092393, 79.24857409129538, 4.035501469496974, 63.19435322065887, 10.936480780669193, 64.16331916606376, 12.124534226522586, 8.805182198653199, 92.94676163779184, 97.07399399717566, 48.750845158861736, 24.95939739159181, 47.467548942331916, 7.661735684226989, 52.042528711844476, 59.84406206142941, 44.952998687297246, 51.48760574552434, 15.337095168802792, 32.807684098121655, 48.63075465882299, 50.0786669353413, 76.26421223947993, 39.61824975371033, 44.00869277289769, 44.297714604967446, 38.07898893763525, 24.319785600228055, 33.82238972099404, 104.9524470156478, 33.376894282171655, 31.158051314820792, 33.274429480333765, 29.923055729282158, 77.3417786517427, 63.47390706726129, 84.67035977241888, 79.3993183685721, 91.24486440514404, 35.32887322915597, 28.17107771976909, 4.050902441119297, 26.753734410913793, 12.733214410619915, 32.33892737507005, 68.71920382736461], [6.199979316307404, 0.0, 30.982691865991296, 44.94298921268817, 88.48450544493194, 75.91713852028197, 66.1205602764084, 82.15675675055193, 49.711736647978256, 31.269928267423595, 21.609144879407513, 81.23305684808297, 95.45063408641794, 84.85659156573958, 33.47746257801176, 25.717911971715072, 42.496730027447654, 83.40362768014025, 27.908032968683628, 84.94329890386143, 7.310066530223498, 68.96535810063111, 17.080739496812303, 69.15341755949457, 7.152315162151222, 8.096910298385096, 99.01311670422868, 103.18850845309014, 53.25710706883353, 30.857363644808146, 50.092904284032336, 7.7020065103057895, 58.2417521828995, 65.49072679231229, 49.79829109269994, 57.67986623955107, 19.49576393413219, 35.102797859920294, 54.81505147524166, 55.85680204615212, 81.14676717546772, 45.13165489697963, 50.197321497872814, 46.26012028996094, 43.715675267189305, 23.170551084057557, 39.8064999759583, 111.12002479414245, 34.27630091997378, 35.69974143311068, 39.16957045472028, 29.135092405909244, 81.17421176350977, 68.4637182572665, 90.7104394636345, 82.97619519732662, 97.33670144397375, 41.066743489733845, 32.10129801471697, 8.217340780103829, 25.06454004724404, 14.568609587071235, 32.59871056324908, 71.97867124339024], [25.573607498693036, 30.982691865991296, 0.0, 36.570302487120074, 77.8218494930804, 55.59642959329921, 44.32883951901261, 53.64240609762173, 38.3018629700259, 23.29921947652714, 20.02674658710451, 53.0851948688739, 67.02026909933997, 76.23910600468255, 14.258112958969367, 12.325205781050173, 16.727429653136454, 55.20695145587847, 8.139854193180467, 68.60140980700972, 23.74743479021104, 52.82568024856807, 18.937726142546662, 60.62831877521558, 33.443210142646805, 26.312432510285838, 69.50620228476008, 74.13388576632347, 50.2570002659822, 5.5156171053991025, 30.628986271541724, 32.20866834804193, 33.0744008685253, 51.15534757219607, 20.022485490917905, 31.81395812965822, 13.029163529310166, 21.420112009907584, 32.05858376550312, 41.142268795727695, 72.53700835658812, 35.535195936990306, 27.82496036383674, 57.5240428976822, 12.925207511710004, 46.953920884175446, 11.624515126421908, 82.8451230086295, 51.04625085347095, 36.39554840936533, 26.761290508161675, 51.43250997493612, 79.78896425394638, 60.0060984872551, 61.05719337864156, 83.01744727814139, 74.81932016200516, 10.701893204793139, 10.965317487100789, 27.09268090064662, 49.88014489755156, 33.53235856810236, 51.59513685376587, 74.5456277889552], [39.54961564315015, 44.94298921268817, 36.570302487120074, 0.0, 44.07924205246119, 34.26388774509863, 27.862826209813278, 52.5236615458741, 5.564111638819473, 58.13692270619963, 51.16107380508078, 50.801624419156106, 63.695697725560976, 41.23412012066084, 22.377161351279646, 46.33286097029647, 26.114521908278814, 52.716649331023596, 43.392004643524885, 40.37502677013231, 41.89407570466548, 24.98262620607573, 29.700966118508802, 25.232164339747175, 51.63915110052023, 47.32781967763763, 70.1066011309827, 72.37728959412011, 14.189123583670229, 31.05506548066668, 66.84881699008118, 39.19226307456676, 28.395868657706934, 20.94634115431594, 50.27598409282616, 29.45896725935524, 41.83431039027627, 57.52140160429743, 22.650923406499768, 12.715987024805438, 37.45977504398143, 1.7242306627278974, 20.668243677093745, 31.458717280645068, 37.76703726444176, 41.218794622783854, 30.400794586336755, 77.54489437310869, 34.225888289792884, 12.405232190881128, 9.877433972282297, 41.35417575997576, 43.243032109985066, 24.557669972439356, 63.35885747402069, 46.590613244256026, 55.99074872227325, 35.23132018495408, 47.37397594007482, 36.72703054540436, 43.98856020742132, 33.69280165469598, 37.21478531302262, 39.00458270666591], [83.40251275196526, 88.48450544493194, 77.8218494930804, 44.07924205246119, 0.0, 31.951408362199377, 40.3443495199536, 61.098510464629584, 40.36697055373344, 100.75338282389548, 94.69326276881151, 59.07518281582672, 64.30623659161236, 6.262585488387957, 63.97396373462512, 89.02796462178013, 62.822772406471174, 59.665682883134366, 85.53134018745357, 17.478846295159627, 85.92556837049212, 26.61822158381789, 73.77956018353983, 19.386215039374417, 95.38393117908066, 91.3762373167686, 72.887899128325, 71.59188496661278, 36.28324063226695, 72.53933955212722, 105.75437331418384, 82.0605146978101, 52.34715063751577, 26.909145481876696, 85.49617994873893, 54.30592984428097, 85.35800127329405, 99.23515681065544, 49.27796586259389, 36.68926140282046, 8.496016683755839, 44.33464058958243, 51.940159523018, 56.47243406150119, 74.07164704383091, 79.25594539589854, 68.37900600164897, 70.69576096661956, 67.43316275757118, 53.071245161365496, 52.3639990825463, 76.86558244118925, 25.114430980083494, 20.07235103186373, 70.58147503730203, 29.13098768061461, 38.679019578900245, 72.65902133726205, 88.74262104190667, 80.30573238849433, 81.26970823947076, 75.77513652043449, 71.12415796669254, 35.09671408407019], [69.89351604822481, 75.91713852028197, 55.59642959329921, 34.26388774509863, 31.951408362199377, 0.0, 11.397344161830814, 29.59543417341148, 28.70022009392178, 78.71571568601149, 75.03029000611328, 27.533878634758313, 35.50603525700097, 34.58225595020876, 44.25037413373472, 67.86005238441683, 38.90876406362371, 28.419429234997313, 63.73607002123228, 15.862461605911312, 71.09593594309415, 11.585235873443803, 59.00004195453059, 28.125292543201887, 81.77539575259203, 76.04472353244593, 43.65774805519457, 43.847427533265964, 38.1272673425928, 51.25045471624999, 79.25628126333724, 71.51579595535883, 23.964621231976988, 16.222357972988487, 57.68816599580235, 25.78596857956416, 66.3044395383422, 75.90991162335838, 23.54905745321915, 21.55356812595834, 32.44941699415486, 33.21437920704342, 27.83331236323995, 62.02942701183244, 48.00233068237654, 75.46277793821288, 44.34709516832921, 46.281733375118066, 67.85688516267994, 46.65833599474987, 36.89365278843683, 75.52441190269863, 50.02441410692213, 28.15356298284015, 39.79753932994492, 54.57375680838695, 21.816313205111886, 47.56055457302144, 65.6553820307053, 68.02805255217963, 78.25084658610653, 66.94530510997768, 71.08106553348462, 54.35908364717187], [59.994301229321785, 66.1205602764084, 44.32883951901261, 27.862826209813278, 40.3443495199536, 11.397344161830814, 0.0, 26.438240668308506, 22.644521903231592, 67.37355455855828, 63.9265259591149, 24.478111869834756, 36.199141730605305, 41.62851714433425, 33.572464785492485, 56.62621724281622, 27.608595200040426, 26.094348049453007, 52.46254019659674, 26.2550413585991, 60.877171273894795, 14.464461677907863, 49.05804291812835, 31.06410617115343, 71.65410626069006, 65.64693277401791, 43.22730371052781, 44.90945480078672, 35.72292443983076, 40.13953740437003, 68.02735889816326, 62.31434124982936, 12.751369835697497, 16.989158579151148, 46.62794900401044, 14.646502571304714, 55.35753501908906, 64.51863585886385, 12.287644968963122, 16.048607564533583, 38.78649062949139, 26.44737671765836, 16.751302110295565, 58.32439875101336, 36.63957642353461, 68.05158727153753, 32.99369472206756, 49.685742756227135, 62.07968283540767, 39.9835433889758, 27.906599929236954, 68.86274372288118, 54.23136170372408, 30.836985792985093, 37.44808973160563, 58.65898681090533, 31.335415133715976, 36.16326983261531, 54.28493645674067, 58.470234586402555, 70.98400501792798, 58.34449020731532, 65.00547603094458, 56.13748722348931], [76.02160132531591, 82.15675675055193, 53.64240609762173, 52.5236615458741, 61.098510464629584, 29.59543417341148, 26.438240668308506, 0.0, 47.92589976998741, 73.06956298944588, 73.16456353662667, 2.0688734561726023, 13.392335352249711, 64.1380082532611, 49.078812354967255, 65.01874669416411, 39.671012143821656, 2.216265327997457, 60.710935539534354, 43.929032034847665, 75.62551973798465, 39.2766644736137, 65.7239779874803, 56.55148811777724, 86.19737779311376, 79.30887722481565, 17.766199169849777, 21.12906834252025, 62.01936937642332, 51.79166756451318, 66.24223448789799, 80.3536679140201, 25.414758237839088, 42.849508738962086, 45.03401533140649, 25.283030709559547, 66.5930461273932, 68.67355621949416, 30.63239454201238, 42.06653687021196, 62.04095331349603, 50.90144968287671, 34.3377623028934, 83.845134269083, 41.45862185967217, 89.58654923386776, 42.767610763506006, 29.2117364325618, 85.91507139475827, 63.65152340772436, 49.294364191415106, 91.48131736716317, 79.25573726587841, 56.43332365578599, 11.023792683254644, 83.78040115084954, 32.302050687082954, 43.01795436514707, 60.321258976646895, 75.70594435816737, 92.66279319286521, 78.03473343831236, 88.44614596415322, 82.28533297167473], [44.1231416195287, 49.711736647978256, 38.3018629700259, 5.564111638819473, 40.36697055373344, 28.70022009392178, 22.644521903231592, 47.92589976998741, 0.0, 60.69878715253614, 54.33677417603377, 46.135547337093676, 58.70930932809895, 38.13682695432606, 24.094301195092708, 48.904792096234246, 25.70364183805053, 47.98535095311422, 45.63262479355419, 35.27915342252195, 46.204261054694435, 19.599679384791408, 33.87034607102204, 22.347946332322962, 56.24710191738704, 51.57222982890845, 65.35371101546092, 67.4115994801215, 15.594622190629016, 32.84106187117551, 67.91144905272647, 44.268202774314936, 24.728513854610146, 15.800131507635983, 50.04370857285793, 26.03799865858787, 44.997051566936356, 59.619203571896286, 19.029424220012558, 7.158015073770549, 34.39192147529656, 4.7035401986269365, 18.05794162021882, 35.93782350429704, 37.603840096266666, 46.77997788473699, 30.62203497944622, 72.3053481588511, 39.5982708930199, 17.962378047062376, 12.01357589002846, 46.88779564231425, 42.51488849911557, 21.716780668937297, 58.86043500130684, 46.21897258046627, 50.43010345070024, 35.38140475819203, 49.25451958693997, 41.52373727348414, 49.55266745685636, 38.99222506355003, 42.659094656783424, 39.86810534930275], [29.755347557902276, 31.269928267423595, 23.29921947652714, 58.13692270619963, 100.75338282389548, 78.71571568601149, 67.37355455855828, 73.06956298944588, 60.69878715253614, 0.0, 9.82631351737838, 72.92200829809016, 86.08711702077346, 98.83412181065901, 36.77963316541905, 11.812258002112141, 39.820698533461595, 74.9143285757142, 15.281866977872884, 91.90062220154392, 25.789114900621605, 76.09594801911976, 31.916693676565252, 82.99694918338835, 28.385674644788274, 23.20578123685211, 86.99169544049063, 92.20041021722334, 70.88502445443699, 28.297797220088086, 19.733239678149985, 37.20764099964014, 55.58853977004629, 74.28516993774613, 29.57031953040395, 54.11655753830971, 17.25019515156031, 5.484155800566875, 55.17355330751296, 64.17946117091358, 95.09067672699425, 57.37446301630875, 51.059582902677455, 72.61173521004065, 32.23002625619917, 53.88927835205538, 34.38053150982081, 101.69778716844458, 62.814676246054326, 54.80737186518976, 48.76115750172535, 59.62550232508453, 100.66011623898694, 82.34976745555912, 78.57112317198282, 103.48844090461319, 97.27764344548325, 31.679756289707008, 13.220927894574265, 33.52088305926972, 56.09488320153512, 42.27146395932541, 62.02722332383046, 93.97971895768254], [19.943866263080995, 21.609144879407513, 20.02674658710451, 51.16107380508078, 94.69326276881151, 75.03029000611328, 63.9265259591149, 73.16456353662667, 54.33677417603377, 9.82631351737838, 0.0, 72.74110562787014, 86.4709219487523, 92.31444643360808, 31.307856505535792, 8.16943326249563, 36.52060582085692, 74.83029638358964, 12.453687064851206, 87.19645614855109, 15.965401971244056, 71.10821155496036, 23.15595988928684, 76.34075557137645, 19.563252438723918, 13.650414363273185, 88.33089692119114, 93.22644275993976, 63.164646000540415, 23.790106189976033, 28.60723060422423, 27.38180983644222, 53.04729929119867, 68.80597593507721, 32.90746612446596, 51.82731634977907, 9.344911060493805, 13.561928756544287, 51.646782894262536, 58.6077870640596, 88.54474212970663, 50.604922022897874, 47.21403449474628, 63.24754713575447, 31.725458501617723, 44.06836483190573, 31.63919975608857, 102.26729739510341, 53.121221084642855, 46.46761850241255, 42.33000268282633, 49.79923332571557, 92.82111873145121, 75.67452912906055, 79.84838566532098, 95.43428737657494, 94.72456907830565, 30.25010527228475, 13.942766162029107, 23.753633037014204, 46.2976266205931, 32.52385069578178, 52.25181069831376, 85.5461802552926], [75.07858131630283, 81.23305684808297, 53.0851948688739, 50.801624419156106, 59.07518281582672, 27.533878634758313, 24.478111869834756, 2.0688734561726023, 46.135547337093676, 72.92200829809016, 72.74110562787014, 0.0, 14.2227509536436, 62.0842925705519, 48.02020839345156, 64.61712731765412, 38.73842481531788, 2.1710025896244387, 60.29209661290863, 41.93866330944693, 74.78203162551542, 37.219993049339216, 64.68906553122483, 54.49688010825158, 85.40533919848961, 78.56462329867513, 19.340915763238424, 22.33289901989836, 60.112176459337014, 51.041113284311514, 66.64654918587614, 79.26289846608458, 24.032326791501355, 40.816635012723765, 45.24347180099967, 24.02697538840368, 65.98097296255148, 68.62358389620461, 29.111276282946164, 40.18843007511769, 59.97723256825121, 49.193126704368304, 32.94258987940262, 82.0691264095163, 41.098069934990804, 88.21934693346024, 42.049829076063524, 29.93126077180256, 84.32750033458123, 62.04492058621016, 47.81624642630597, 90.01774373554923, 77.18885786149437, 54.38184358188895, 12.972473543262868, 81.71412995034727, 30.890798142788455, 42.52387684292276, 60.071033293124046, 74.66573437889086, 91.28727891114762, 76.80225363426945, 86.90036009100542, 80.25486918639608], [89.29902647717124, 95.45063408641794, 67.02026909933997, 63.695697725560976, 64.30623659161236, 35.50603525700097, 36.199141730605305, 13.392335352249711, 58.70930932809895, 86.08711702077346, 86.4709219487523, 14.2227509536436, 0.0, 68.37297207016339, 62.23502339468574, 78.3139843361388, 52.954144503726646, 12.051852836582317, 74.02070894007274, 46.85547590658656, 88.97263896325063, 46.676642092564165, 78.90678677434714, 63.62403025501811, 99.56837425033106, 92.69341492542989, 8.600524198876771, 8.71048284555793, 71.68960575866589, 65.17242898000995, 78.1216041710762, 93.46127678092286, 38.040066216346716, 50.9043640118048, 57.51415395338336, 38.164754663846956, 79.98098737385689, 81.55015563766484, 42.84154696758808, 52.247471766086896, 66.91707176004958, 62.16164061403654, 46.88811085367524, 94.51880975687276, 54.74681826370837, 102.11207598019185, 56.1541203229235, 15.824899081376769, 97.64983605141161, 75.35765002129699, 61.54703605822177, 103.70115191751078, 85.21309820981574, 63.635857225173, 10.346798126811644, 89.76377596786664, 29.051628368056786, 56.37864830578226, 73.48374787454217, 88.88150266771665, 105.16206779770494, 90.8960247401843, 100.35722093405673, 89.84291365223524], [80.00294991975304, 84.85659156573958, 76.23910600468255, 41.23412012066084, 6.262585488387957, 34.58225595020876, 41.62851714433425, 64.1380082532611, 38.13682695432606, 98.83412181065901, 92.31444643360808, 62.0842925705519, 68.37297207016339, 0.0, 62.14964659687205, 87.04161281635496, 61.95425072803544, 62.8588866820965, 83.73217478833061, 21.73180767772491, 82.72267572437305, 27.294654232897138, 70.76716719519187, 16.00286466088686, 91.85229955572954, 88.19350983189182, 76.89616712881832, 75.95847442553037, 31.92584474057522, 70.84512611301854, 104.96375969085838, 78.18859276334958, 52.95226828140957, 26.477289894522013, 85.30335110577599, 54.89223595676391, 82.97137729340415, 97.63813324562493, 49.31026023438474, 35.48571529123005, 3.774353726886871, 41.71119161959298, 51.48035003216992, 50.89674282725802, 73.51284894216913, 74.44592813987448, 67.40440539055896, 75.64806694050559, 62.25899456782436, 49.203929743811955, 50.11382757097387, 71.7778373563029, 19.03859401388206, 16.680190773365997, 74.03789967968213, 23.203147000434353, 43.910018853732204, 71.86569704430278, 87.20293553271047, 76.74304014775205, 76.33723338765898, 71.73095510108838, 65.95368052054367, 28.83707258685883], [27.278997389189772, 33.47746257801176, 14.258112958969367, 22.377161351279646, 63.97396373462512, 44.25037413373472, 33.572464785492485, 49.078812354967255, 24.094301195092708, 36.77963316541905, 31.307856505535792, 48.02020839345156, 62.23502339468574, 62.14964659687205, 0.0, 25.074807419252707, 9.82623404838279, 50.18891091372247, 21.59030968089282, 55.8939527761637, 27.58089527792153, 39.802449504529655, 16.67584356811635, 46.440819066142716, 38.39972486907817, 32.13996632953373, 66.36102541980748, 70.20272926804255, 36.25845674726828, 8.760790281684866, 44.50713914661662, 31.282432444942536, 24.765349721067373, 37.63123528751503, 29.5845044998576, 24.231892562982694, 22.23301031832881, 35.525288533243554, 21.66005125525928, 27.46482510452422, 58.426174756444844, 21.292837936829716, 17.012116354822332, 46.379671384409335, 17.680471945085568, 42.13827635512923, 10.312646303743414, 77.79352081855352, 42.474851987412606, 24.056315150304854, 12.524658229300442, 45.301266991537425, 65.62016196495391, 45.81102839392771, 58.27908029560481, 68.92986273630189, 64.87821136266798, 14.62868358267555, 25.177867483000245, 26.64651957217363, 45.24434261241097, 29.528099761314397, 43.90851340099867, 60.813110024833556], [22.15869470259395, 25.717911971715072, 12.325205781050173, 46.33286097029647, 89.02796462178013, 67.86005238441683, 56.62621724281622, 65.01874669416411, 48.904792096234246, 11.812258002112141, 8.16943326249563, 64.61712731765412, 78.3139843361388, 87.04161281635496, 25.074807419252707, 0.0, 29.042726755578705, 66.69916950436804, 4.349615803985895, 80.58081655380221, 18.780025816329168, 64.64641643136439, 21.26369571724243, 71.1904455779602, 25.62425506585598, 18.747362135462495, 80.16996983190977, 85.05734155464813, 59.192887461649775, 16.807419905595385, 25.616501512511707, 29.796589898639592, 45.370346406331336, 62.67529737899795, 25.361852588272168, 44.06757228990832, 7.033141957022627, 12.03280008714396, 44.34504279546912, 52.52987394148576, 83.29480309994248, 45.562517181750934, 40.04406735664654, 62.2887717806329, 23.567303112936763, 46.27502668613746, 23.909208755000634, 94.10589651835747, 53.49833274729954, 43.44373009385046, 36.953818312240585, 51.61879695343986, 88.97136953958268, 70.54217746209741, 71.68739083290056, 91.87039082846415, 87.13150765077452, 22.182405023933786, 6.541598015597705, 25.259257606899794, 48.83714640035813, 33.566615740072, 53.189140057473956, 82.5594097451397], [36.35189458431055, 42.496730027447654, 16.727429653136454, 26.114521908278814, 62.822772406471174, 38.90876406362371, 27.608595200040426, 39.671012143821656, 25.70364183805053, 39.820698533461595, 36.52060582085692, 38.73842481531788, 52.954144503726646, 61.95425072803544, 9.82623404838279, 29.042726755578705, 0.0, 40.90863668775271, 24.85556282678752, 52.33456295399213, 36.09736135120295, 36.946764390403885, 26.160930301687003, 47.06145126723552, 46.80394964451681, 40.1221491706793, 56.74252394110227, 60.74336684646822, 40.246326961908665, 12.957517996809122, 43.014116230893826, 40.903898846815274, 16.64576966005233, 35.91381790015914, 24.350693449161447, 15.645056877944302, 28.39469613566577, 37.254766427824585, 15.359761289151837, 26.482246022793603, 58.380848456934174, 24.599871588890405, 11.325422864843164, 54.07303587594687, 11.90493124377632, 51.909631556081614, 5.621031419240539, 68.64310033459306, 51.517807351483235, 31.47224321783859, 17.048684409932044, 54.90522643443493, 68.20991915468467, 46.50477034665656, 48.58331781173336, 71.91662087120699, 58.20475163455604, 9.917824406257267, 26.85405555685522, 36.12933506180608, 55.018429896259626, 39.353700938814406, 53.19970717964252, 65.04840419617378], [77.24946519317963, 83.40362768014025, 55.20695145587847, 52.716649331023596, 59.665682883134366, 28.419429234997313, 26.094348049453007, 2.216265327997457, 47.98535095311422, 74.9143285757142, 74.83029638358964, 2.1710025896244387, 12.051852836582317, 62.8588866820965, 50.18891091372247, 66.69916950436804, 40.90863668775271, 0.0, 62.378755937163916, 42.39946593492497, 76.94867075944494, 38.45845870036104, 66.85851927360778, 55.73636549491503, 87.56777867757599, 80.72144231582178, 17.38995182279673, 20.20403087784277, 61.79587991351751, 53.19732905609462, 68.34348330230976, 81.4283319696631, 26.151503112375607, 42.18779914469322, 47.0561159244771, 26.176500158218122, 68.11560926994474, 70.57307459246621, 31.17269975294674, 41.93017716851924, 60.85526525062363, 51.12078942984975, 35.05247544055164, 83.92303723871599, 43.1634625650945, 90.32883601387817, 44.20053220703018, 27.76848173715838, 86.33519328001474, 64.04427858136559, 49.8886966749167, 92.09015881851487, 78.28311967308036, 55.64330896349321, 11.538295325485674, 82.81886173763083, 30.168177158751853, 44.62851615759734, 62.10197319887311, 76.83476672788721, 93.39379284583698, 78.9477037420449, 88.932297631965, 81.61594453622693], [23.58611819092393, 27.908032968683628, 8.139854193180467, 43.392004643524885, 85.53134018745357, 63.73607002123228, 52.46254019659674, 60.710935539534354, 45.63262479355419, 15.281866977872884, 12.453687064851206, 60.29209661290863, 74.02070894007274, 83.73217478833061, 21.59030968089282, 4.349615803985895, 24.85556282678752, 62.378755937163916, 0.0, 76.67060901850614, 20.683665471562676, 60.82451785176163, 20.55940053838008, 67.97405978125623, 28.72441871253505, 21.64004718725101, 75.97790918017958, 80.82234919365735, 56.619338691523325, 13.0203210594673, 25.917521043862052, 31.03529918102929, 41.08510963211998, 59.009533427890815, 22.105115438400496, 39.75935615922874, 8.413499269007781, 14.147458663623004, 40.196414214457015, 48.91824217541743, 80.0029650999875, 42.51414434491608, 35.95992868736829, 61.28303319372357, 19.280513451121987, 47.10017751875806, 19.63270243798694, 89.82084864076865, 53.274739007096805, 41.50260170655449, 33.800216169098775, 52.180365794057295, 86.3539996678158, 67.33636529248436, 67.49646792123626, 89.38953615608577, 82.85589135431862, 17.835228095322325, 4.9934473742772125, 26.19216203795937, 49.808458822344555, 33.99874885421791, 53.266703444067815, 80.39684387230741], [79.24857409129538, 84.94329890386143, 68.60140980700972, 40.37502677013231, 17.478846295159627, 15.862461605911312, 26.2550413585991, 43.929032034847665, 35.27915342252195, 91.90062220154392, 87.19645614855109, 41.93866330944693, 46.85547590658656, 21.73180767772491, 55.8939527761637, 80.58081655380221, 52.33456295399213, 42.39946593492497, 76.67060901850614, 0.0, 81.07627393974057, 16.193942460907678, 68.71740604557004, 22.877944843434275, 91.3626248996183, 86.32778068012438, 55.42750765937314, 54.275684191970875, 38.41832943752473, 63.773669389231216, 94.10566610837353, 79.52446064447703, 38.982234153187214, 19.480063077399958, 72.86132048697556, 40.894521078673236, 78.09692090437127, 89.58296551464578, 37.345546859054295, 29.22651455800394, 20.909080509116936, 39.935643423455254, 41.0098552492622, 61.955308991647485, 62.47871816732399, 80.3476295147592, 57.93689981975157, 54.01254823647738, 70.50422355943951, 51.84864287487494, 46.15333310773542, 79.22776651284725, 39.833523593104175, 23.289820358072, 53.16582584874747, 44.27655006426028, 22.795580382961315, 61.646770378755356, 79.14367528693167, 76.7764563621879, 82.82228168184122, 74.04427435394771, 74.0453766735279, 47.160016457289174], [4.035501469496974, 7.310066530223498, 23.74743479021104, 41.89407570466548, 85.92556837049212, 71.09593594309415, 60.877171273894795, 75.62551973798465, 46.204261054694435, 25.789114900621605, 15.965401971244056, 74.78203162551542, 88.97263896325063, 82.72267572437305, 27.58089527792153, 18.780025816329168, 36.09736135120295, 76.94867075944494, 20.683665471562676, 81.07627393974057, 0.0, 64.9353478758991, 12.364310053739272, 66.8023402006248, 10.819147023601348, 5.473066280414358, 92.27363868990736, 96.57069941198655, 51.789055553889334, 23.981984587879612, 43.78667778128037, 11.448218879926342, 52.23584653220532, 61.78469153963913, 42.49862734759965, 51.536455237842716, 12.277499293116428, 29.002753240458393, 49.20283482994674, 51.8502382432551, 78.96712746793625, 41.82150355728417, 44.55456670074993, 48.235208960763394, 36.556032622288775, 28.157262914765763, 33.008419743112796, 104.70921653826633, 37.410941094215005, 34.26900834158506, 34.930836391414054, 33.841741215839455, 80.68370941117607, 66.11482487894823, 83.92204888815736, 82.85094369204639, 92.20578678899926, 33.98156113883292, 25.023265744406817, 8.033291247345883, 30.489794225275478, 16.765151093960455, 36.36307879431957, 72.30501499340203], [63.19435322065887, 68.96535810063111, 52.82568024856807, 24.98262620607573, 26.61822158381789, 11.585235873443803, 14.464461677907863, 39.2766644736137, 19.599679384791408, 76.09594801911976, 71.10821155496036, 37.219993049339216, 46.676642092564165, 27.294654232897138, 39.802449504529655, 64.64641643136439, 36.946764390403885, 38.45845870036104, 60.82451785176163, 16.193942460907678, 64.9353478758991, 0.0, 52.58674470768533, 17.280709398743642, 75.29054980639786, 70.16287908875056, 54.59172558039302, 55.15817472229949, 26.733707774689833, 47.85285983076227, 79.52281877968964, 63.79179909807447, 25.785229137819407, 4.755416541335886, 58.945582075006556, 27.73987145294368, 61.96411992396467, 74.02241605060703, 22.73244917213113, 13.115841540508477, 24.347396528591187, 24.303196706038175, 25.747961529905304, 50.75627477579947, 47.767773880472895, 65.91670361495552, 42.56574933621403, 57.86477062243566, 57.34388993019915, 37.04912350210533, 30.004663233919743, 65.45211410191816, 40.13049886369585, 17.186769466918495, 49.99449188014335, 44.62044151308707, 31.830317122659956, 46.58518833937553, 63.53207754437174, 60.83905931008663, 68.56963997411823, 58.59186398246244, 60.699198727912815, 43.27784907063042], [10.936480780669193, 17.080739496812303, 18.937726142546662, 29.700966118508802, 73.77956018353983, 59.00004195453059, 49.05804291812835, 65.7239779874803, 33.87034607102204, 31.916693676565252, 23.15595988928684, 64.68906553122483, 78.90678677434714, 70.76716719519187, 16.67584356811635, 21.26369571724243, 26.160930301687003, 66.85851927360778, 20.55940053838008, 68.71740604557004, 12.364310053739272, 52.58674470768533, 0.0, 54.79019663203853, 22.805361470121408, 17.701883819457468, 82.90186632660502, 86.83741979028488, 40.445790686694764, 16.375121084363332, 46.42588087188129, 14.77827291276201, 41.34012803059718, 49.42129664534186, 38.94339513793991, 40.886567413495456, 14.704158385962497, 33.26468249928874, 37.754345472954235, 39.49318248271765, 66.99914179918581, 29.54279818428666, 33.14961367581945, 41.025207705485194, 29.945010061896422, 28.0762949258644, 24.47870096066663, 94.46746122377185, 32.75428895853587, 23.37480531718676, 22.58450499703713, 32.50112284793876, 69.88660344101027, 54.10626377232329, 74.73614675587767, 72.37693922389617, 80.31238532535698, 26.92483512441213, 25.5504548434005, 9.982284113850403, 31.04825398849623, 14.664060143653677, 32.93786577194239, 62.39155930393899], [64.16331916606376, 69.15341755949457, 60.62831877521558, 25.232164339747175, 19.386215039374417, 28.125292543201887, 31.06410617115343, 56.55148811777724, 22.347946332322962, 82.99694918338835, 76.34075557137645, 54.49688010825158, 63.62403025501811, 16.00286466088686, 46.440819066142716, 71.1904455779602, 47.06145126723552, 55.73636549491503, 67.97405978125623, 22.877944843434275, 66.8023402006248, 17.280709398743642, 54.79019663203853, 0.0, 76.0900813885461, 72.26874450195363, 71.69726874285544, 71.96333620875272, 17.19296986887544, 55.18162790393198, 89.89278841521649, 62.677881538936866, 40.40377757427587, 14.092585144594944, 70.9858966518704, 42.244151828594404, 67.00074131375742, 81.96610711580354, 35.90598550011318, 20.79243716490439, 12.228608844998341, 25.738579749315555, 37.26923139645817, 39.45991848380362, 58.85190108494321, 60.31932825773707, 52.34779863722803, 73.83301162513949, 49.13470853305453, 33.68503966590017, 34.23663899976501, 58.3359090151594, 23.21014024200718, 0.6898410240133199, 67.27055772377025, 27.60287318640399, 44.76959253397359, 56.95927953859225, 71.58821529637555, 60.993438584331926, 62.479602396117855, 56.394305028828136, 52.78675529613237, 26.24032711181291], [12.124534226522586, 7.152315162151222, 33.443210142646805, 51.63915110052023, 95.38393117908066, 81.77539575259203, 71.65410626069006, 86.19737779311376, 56.24710191738704, 28.385674644788274, 19.563252438723918, 85.40533919848961, 99.56837425033106, 91.85229955572954, 38.39972486907817, 25.62425506585598, 46.80394964451681, 87.56777867757599, 28.72441871253505, 91.3626248996183, 10.819147023601348, 75.29054980639786, 22.805361470121408, 76.0900813885461, 0.0, 7.163806651808315, 102.65012545254416, 107.05863900144136, 60.33810240403533, 34.4184984506823, 47.95378143909891, 14.706351303091525, 63.03267042220591, 71.96662690357653, 50.80322203701881, 62.30552138006949, 20.724920704160827, 32.953999585317845, 60.019023866002605, 62.17682902595905, 88.13085871387145, 51.734067494644606, 55.37129564799996, 53.10154411047974, 46.368358398304565, 28.778766643843547, 43.46042739405636, 115.33618572643141, 40.78662672221152, 42.75659097912221, 45.330902772654206, 34.80738977253757, 88.32635206445114, 75.40024555303539, 94.25320801906123, 90.11734374535132, 102.97199730267654, 44.00469160344321, 32.163040697511946, 15.109382764806368, 30.209028535288127, 21.63280988631055, 38.82300706277367, 79.08917583620911], [8.805182198653199, 8.096910298385096, 26.312432510285838, 47.32781967763763, 91.3762373167686, 76.04472353244593, 65.64693277401791, 79.30887722481565, 51.57222982890845, 23.20578123685211, 13.650414363273185, 78.56462329867513, 92.69341492542989, 88.19350983189182, 32.13996632953373, 18.747362135462495, 40.1221491706793, 80.72144231582178, 21.64004718725101, 86.32778068012438, 5.473066280414358, 70.16287908875056, 17.701883819457468, 72.26874450195363, 7.163806651808315, 0.0, 95.63246133004917, 100.09956679573887, 57.24152833069459, 27.524301273016288, 42.24371397412016, 14.873626800846608, 56.529807386461385, 67.09285174842722, 43.742459771244434, 55.71439072253553, 13.563845579729838, 27.206544692532965, 53.79674814772907, 57.105502378462404, 84.43720999531338, 47.22583010171191, 49.15061267249306, 52.91977156240007, 39.234543813079114, 31.13463157598126, 36.54171070849119, 108.48472987675153, 41.55545668125233, 39.701339648484804, 40.17640621894343, 37.043281752856686, 86.05174671059424, 71.58145345639383, 87.21872850821758, 88.16208576239202, 96.97934739386804, 36.913262087524444, 25.280591454586638, 12.786069223863697, 33.12566642060083, 21.11111356117676, 40.169981772446995, 77.51941082080401], [92.94676163779184, 99.01311670422868, 69.50620228476008, 70.1066011309827, 72.887899128325, 43.65774805519457, 43.22730371052781, 17.766199169849777, 65.35371101546092, 86.99169544049063, 88.33089692119114, 19.340915763238424, 8.600524198876771, 76.89616712881832, 66.36102541980748, 80.16996983190977, 56.74252394110227, 17.38995182279673, 75.97790918017958, 55.42750765937314, 92.27363868990736, 54.59172558039302, 82.90186632660502, 71.69726874285544, 102.65012545254416, 95.63246133004917, 0.0, 5.828817890075812, 78.93793924573492, 68.29671432512885, 77.17843860297671, 97.62285999096714, 43.15845611850183, 58.66325295568889, 57.70582782891826, 42.94297233268535, 82.5349554154204, 82.16504801720502, 48.396092153962115, 59.19400889309998, 75.37471140733886, 68.509705505767, 52.07882530868491, 101.28729425232322, 56.800005414473105, 107.28235827427224, 59.26538045469387, 16.15611801259626, 103.65952122692283, 81.38234443892793, 67.05857070781505, 109.23879820470678, 93.55312687439294, 71.67838984896427, 8.482580617047413, 98.10582353027092, 37.35515559642224, 58.80775783817335, 74.88384330490675, 92.87169975252785, 110.36533630673104, 95.56878044109922, 106.20826650744645, 97.85640607081673], [97.07399399717566, 103.18850845309014, 74.13388576632347, 72.37728959412011, 71.59188496661278, 43.847427533265964, 44.90945480078672, 21.12906834252025, 67.4115994801215, 92.20041021722334, 93.22644275993976, 22.33289901989836, 8.71048284555793, 75.95847442553037, 70.20272926804255, 85.05734155464813, 60.74336684646822, 20.20403087784277, 80.82234919365735, 54.275684191970875, 96.57069941198655, 55.15817472229949, 86.83741979028488, 71.96333620875272, 107.05863900144136, 100.09956679573887, 5.828817890075812, 0.0, 80.37081321914306, 72.64495690687939, 82.80928746770438, 101.48074003413466, 46.355508176641585, 59.458171588247545, 63.067352365982266, 46.35034188113431, 87.15385983053322, 87.45158219560572, 51.3150125916, 60.957643823961114, 74.70456671331162, 70.83442750393591, 55.25316737709269, 103.22916097274248, 61.570781722935024, 110.52632409165247, 63.60082673714775, 10.328528219689284, 106.28042795294708, 83.98283220757116, 70.03667085566352, 112.22503795045347, 93.20819919803341, 72.00035636997696, 13.704352518666065, 97.75027957685157, 34.627556699574676, 63.43622738316055, 79.9223088890952, 96.81968241001056, 113.58827272024043, 99.12638081425763, 108.95635598288982, 98.20252762789336], [48.750845158861736, 53.25710706883353, 50.2570002659822, 14.189123583670229, 36.28324063226695, 38.1272673425928, 35.72292443983076, 62.01936937642332, 15.594622190629016, 70.88502445443699, 63.164646000540415, 60.112176459337014, 71.68960575866589, 31.92584474057522, 36.25845674726828, 59.192887461649775, 40.246326961908665, 61.79587991351751, 56.619338691523325, 38.41832943752473, 51.789055553889334, 26.733707774689833, 40.445790686694764, 17.19296986887544, 60.33810240403533, 57.24152833069459, 78.93793924573492, 80.37081321914306, 0.0, 44.77118601016146, 80.753908457778, 46.3794918363968, 40.122698539797355, 21.984747948506367, 64.46075737286546, 41.52673591395087, 54.015816562858106, 70.75510511140308, 34.501210876279494, 20.01524678674839, 28.33480588307628, 15.647916265685536, 33.628052605208275, 24.06701045872242, 51.95019376086171, 43.126979729820135, 44.588442288008665, 84.09281793940879, 32.20525877394122, 17.601731327836145, 23.934136333943023, 41.23892869855357, 29.778938357686172, 16.549274812455145, 73.04153061055659, 32.78852439992464, 58.24811088850615, 49.418958112725235, 60.86262348199539, 45.27121914314639, 45.29678674405465, 39.834763480757395, 35.810173482745306, 24.818529713269164], [24.95939739159181, 30.857363644808146, 5.5156171053991025, 31.05506548066668, 72.53933955212722, 51.25045471624999, 40.13953740437003, 51.79166756451318, 32.84106187117551, 28.297797220088086, 23.790106189976033, 51.041113284311514, 65.17242898000995, 70.84512611301854, 8.760790281684866, 16.807419905595385, 12.957517996809122, 53.19732905609462, 13.0203210594673, 63.773669389231216, 23.981984587879612, 47.85285983076227, 16.375121084363332, 55.18162790393198, 34.4184984506823, 27.524301273016288, 68.29671432512885, 72.64495690687939, 44.77118601016146, 0.0, 36.03585295444041, 30.739504793599796, 29.603133716545127, 45.989303455563515, 23.41707977638031, 28.56859420531522, 15.437836589912106, 26.79581211125473, 27.865939586652047, 35.90312160028836, 67.13193589600257, 30.022035899992595, 23.425430581838608, 52.83318395808906, 13.570830366835983, 44.29290317160884, 9.044274292870961, 80.96056691312663, 47.14036701507434, 31.27703554621956, 21.248072740444105, 48.35172690246866, 74.27755542035582, 54.55504765520866, 59.940074996684885, 77.5193968435122, 71.05479283805364, 10.580661575620937, 16.418134495573014, 25.660854125841663, 47.31216442076973, 30.953797420306156, 47.98559909154285, 69.12778667643654], [47.467548942331916, 50.092904284032336, 30.628986271541724, 66.84881699008118, 105.75437331418384, 79.25628126333724, 68.02735889816326, 66.24223448789799, 67.91144905272647, 19.733239678149985, 28.60723060422423, 66.64654918587614, 78.1216041710762, 104.96375969085838, 44.50713914661662, 25.616501512511707, 43.014116230893826, 68.34348330230976, 25.917521043862052, 94.10566610837353, 43.78667778128037, 79.52281877968964, 46.42588087188129, 89.89278841521649, 47.95378143909891, 42.24371397412016, 77.17843860297671, 82.80928746770438, 80.753908457778, 36.03585295444041, 0.0, 55.12619769408969, 55.305721528799545, 78.86127747503932, 21.938421794737675, 53.47031645980629, 32.64805500344566, 15.047694663803423, 56.91381483037199, 69.48092425449929, 101.37588190914931, 65.6774