instance_id,num_cities,city_coordinates,distance_matrix,best_route,total_distance
1702,58,"[[41.43742798921818, 30.094632285131006], [12.537300919541694, 95.75190574548095], [75.12462972580721, 28.46740245650743], [18.987669484783986, 62.181696641025866], [53.43301037917493, 25.3672288714605], [0.9761154197616806, 33.384027945622066], [75.5338732050187, 85.55261662660811], [88.91543207351503, 87.2038501286468], [82.54750485671933, 47.790679269512204], [27.920474917748884, 64.01969270397001], [80.41347998131675, 9.932345091812833], [46.991684352021004, 49.56219196824715], [57.15881644780366, 0.4188379541171683], [94.56010403998786, 22.404535527764025], [76.9678467949188, 28.23207841321389], [99.68538269383185, 35.14960077553743], [5.160167035428154, 69.37007675149093], [89.99320570009137, 74.02823297206041], [86.1894445199358, 73.42334329464893], [54.493809812753405, 0.4415653747991466], [26.19088895497227, 72.29777731114017], [53.80849969400386, 9.914170520197574], [56.56012822063968, 62.271501827189326], [86.85004199204309, 17.525658259530285], [44.458736914184016, 45.23391219601651], [47.414480940998374, 21.669565842376816], [60.559000777276395, 86.15699682777424], [51.11377705502673, 77.89955589403527], [5.057245919420894, 61.782409883134534], [85.18566523641773, 39.310069331779154], [74.6505942546342, 80.29723960516078], [32.32692859761958, 6.63120236303879], [65.76408219140762, 55.88447574929513], [10.990504900401055, 43.44523540950712], [73.60097650483603, 77.894210283715], [99.0141014149753, 43.757332938683156], [59.60162758660681, 2.2123639081537805], [63.66057323370835, 71.70243289264589], [62.948349260469215, 68.33903163873714], [88.22576666606385, 23.132042398522113], [14.056871693895612, 49.25138207097234], [66.97632349724422, 21.296459096034503], [44.18227560640899, 65.36119492160913], [42.51957800214329, 88.13378822840588], [76.8469895269499, 13.128454699606884], [3.8158300303737125, 38.17646121423889], [24.334312114655688, 0.40787258919469105], [25.591500420692782, 47.14047237352349], [23.63693976420177, 30.044500310548862], [46.19095263373419, 4.2963895847034745], [9.977722189338067, 94.46812532010424], [52.82966838335026, 4.272721465269136], [92.89639831834997, 86.01429324992557], [20.756503360827814, 83.81618446169664], [95.5654254879553, 85.26809244021156], [69.10771685241596, 76.53233756002419], [90.94030098691394, 75.62757740393636], [85.38705433198716, 88.47680420973039]]","[[0.0, 71.73628721149863, 33.72647977119476, 39.16083957075938, 12.89349990924978, 40.59480186741297, 65.1011182974118, 74.26724469459367, 44.756993854874565, 36.51873142317761, 43.88223391939628, 20.244397836424394, 33.58295437037036, 53.67640355810628, 35.57920414278934, 58.466887498050795, 53.46587884192591, 65.48148454659754, 62.29061069946211, 32.4002080781985, 44.872735626537704, 23.670539752419863, 35.553438593419855, 47.119896207714575, 15.437814088795722, 10.329903511321248, 59.2336328786377, 48.77440366110637, 48.245547945195256, 44.70830506961759, 60.19481867323197, 25.170096203098844, 35.452815552209536, 33.2453565082546, 57.6133101805409, 59.17552460202495, 33.2770046257105, 47.17072456463247, 43.87885385759375, 47.30355477200757, 33.4167012943926, 27.011905435107856, 35.373219087810384, 58.04924350289375, 39.264337892774286, 38.47987255457449, 34.26106060621854, 23.273463103414613, 17.800558818863617, 26.23252414420281, 71.64956171909746, 28.223292146498327, 75.9936451932136, 57.56479663600512, 77.29133728114395, 54.05650152359704, 67.25907764917785, 73.07562968803275], [71.73628721149863, 0.0, 91.89329741579351, 34.184297476243465, 81.40308219512947, 63.430380665880094, 63.81687565409079, 76.85498144819269, 84.86287704529212, 35.264364261545325, 109.41742400008681, 57.62459714857092, 105.25907781541545, 110.034435290005, 93.3285718565233, 106.14813952495074, 27.39384977348509, 80.44460916767656, 76.9623476646456, 104.13649514018307, 27.138839453001783, 95.24404777668273, 55.30774602272503, 107.89684555834725, 59.75822745215739, 81.88168764606743, 48.97086822147883, 42.507068897420574, 34.78329875021635, 91.99709634368153, 64.00709268854511, 91.29145159881172, 66.50189635689975, 52.329536015151845, 63.62129960313014, 100.90427456400657, 104.71244783578167, 56.49748770173493, 57.382396792252564, 104.89227044731864, 46.525345751985625, 92.23459608511426, 43.8748188294, 30.934974600957137, 104.70134054305015, 58.232257962754076, 96.07108894794864, 50.333722086610216, 66.63831564102166, 97.45090923092715, 2.8634830987263125, 99.95957198993769, 80.94693096013431, 14.49195402059452, 83.68739338017257, 59.746161048671716, 80.94454281026404, 73.21211426129962], [33.72647977119476, 91.89329741579351, 0.0, 65.48291332448852, 21.912038383879636, 74.31134085719385, 57.086681082994666, 60.333709603632954, 20.699954154565695, 59.09481849521969, 19.27486156987185, 35.163230226317985, 33.30904407792028, 20.359175258659825, 1.8581782931721955, 25.453533364371612, 81.04353647290415, 47.92560723423338, 46.29758895526684, 34.80054991541531, 65.69332344861915, 28.259508396560207, 38.566278669302584, 16.037676230840855, 34.950147793378726, 28.53178803209952, 59.499973490646006, 54.955062000230896, 77.58432827129243, 14.791479321348513, 51.83200486652873, 48.04646559716618, 28.970946793051944, 65.85986218546728, 49.45028666373415, 28.363512330762745, 30.50066629746236, 44.72910068476509, 41.68943055039015, 14.145877706091698, 64.50771178439517, 10.854368847314388, 48.151647956308146, 67.99387464311623, 15.435343908495092, 71.96673353685394, 58.02580098039375, 52.935946566420775, 51.511838010535286, 37.70139962013696, 92.73734404263782, 32.90057582367575, 60.22856796318906, 77.58466880702865, 60.36675007000723, 48.440078726517974, 49.74150740087699, 60.880585226960875], [39.16083957075938, 34.184297476243465, 65.48291332448852, 0.0, 50.41613379154701, 33.96648056728076, 61.18556248121588, 74.2697794922268, 65.16865852152192, 9.119936536544833, 80.641955162739, 30.71606659178085, 72.60638521267602, 85.40149536648033, 67.18837353835004, 85.1049653313524, 15.584371421378252, 71.98698907626189, 68.13555009948969, 71.22169479702349, 12.41859327218505, 62.80433506734059, 37.57256606127722, 81.23708122676246, 30.594160775996848, 49.49056830764838, 47.98948431140779, 35.76503721670399, 13.93614475475376, 70.03774680346592, 58.53660470867287, 57.12961795958417, 47.19838743706856, 20.371784921059657, 56.8286581632732, 82.11995485455253, 72.42799500968215, 45.67617265198095, 44.3897977086445, 79.4908145495028, 13.838562126722854, 63.043743250523974, 25.394436141408146, 35.03229618836207, 75.85460737954662, 28.397817527512014, 62.00477340816719, 16.427081618332835, 32.471758531294576, 63.958794446789604, 33.520033220686514, 67.07257483768585, 77.65624803527483, 21.706677234063072, 79.98208790396697, 52.134058377606685, 73.1981754524777, 71.41646161871041], [12.89349990924978, 81.40308219512947, 21.912038383879636, 50.41613379154701, 0.0, 53.065948556286, 64.11496733902494, 71.29354793948526, 36.74867230849093, 46.31309130250298, 31.08345825746115, 25.03770996403142, 25.225063730853286, 41.23366809821875, 23.708561491847377, 47.27554066114227, 65.31858867154905, 60.86494230657055, 58.158181806798126, 24.94822631344915, 54.264256712315905, 15.457619630236978, 37.03652559818949, 34.3247466338401, 21.799602990482004, 7.063668202488715, 61.20600973218482, 52.58349765485917, 60.54981416303924, 34.67901224927094, 58.88541368383666, 28.2224268533729, 32.91439941790138, 46.132207748008405, 56.26571455095139, 49.15111176379635, 23.962462513706598, 47.450544502969684, 44.01269711226063, 34.864479755299016, 46.05358913070839, 14.141870342305845, 41.04988933306035, 63.70827245936739, 26.419727719302333, 51.24393641180141, 38.336714865969114, 35.344360361568135, 30.160946473998106, 22.280656826867595, 81.62901421472613, 21.1031339917508, 72.35623957450741, 66.96293392996968, 73.2342396641128, 53.512286160608014, 62.712833481986245, 70.73810447216563], [40.59480186741297, 63.430380665880094, 74.31134085719385, 33.96648056728076, 53.065948556286, 0.0, 90.9968180264066, 103.10139025901398, 82.83382869965598, 40.79880468767015, 82.82678502248567, 48.77669090152047, 65.13984683726517, 94.22585727826744, 76.16617242174192, 98.72505605570227, 36.22846942089794, 97.857006720048, 94.15125187671909, 62.84384976568293, 46.36879008680641, 57.81085569052706, 62.64238681840276, 87.3259363192994, 45.06837171204375, 47.893114480605185, 79.59338208772978, 67.04787351421584, 28.69013284779426, 84.41780764053473, 87.34287755623099, 41.21391953654821, 68.58389599439299, 14.195629337978534, 85.17938001298569, 98.58525323027155, 66.39746467817653, 73.46864235245238, 71.15061524957478, 87.84989954609684, 20.564024694659473, 67.09796410446826, 53.75231609786117, 68.72696366315067, 78.5281973899407, 5.5705830667775516, 40.41079280252482, 28.19852730271572, 22.90557584508598, 53.763111979326645, 61.7437922101429, 59.46645373604117, 105.92111798011705, 54.17255908632079, 107.88463156379409, 80.64546940999455, 99.38849106208451, 100.79891172294748], [65.1011182974118, 63.81687565409079, 57.086681082994666, 61.18556248121588, 64.11496733902494, 90.9968180264066, 0.0, 13.483051947882128, 38.40774585818559, 52.2561241302903, 75.77754304071532, 45.93437940812244, 87.09421899235073, 65.95208568538011, 57.33847208750612, 55.890602228563566, 72.21033940408826, 18.49009775042498, 16.144982861826165, 87.67311624858897, 51.09227788990431, 78.69667326885856, 30.033536339165323, 68.96174838772988, 50.90444010550904, 69.79788248076385, 14.987063743599615, 25.5912179184833, 74.37726616500868, 47.239075665510974, 5.329087102098159, 89.97460581557876, 31.235354961417123, 77.0641158066956, 7.898561727709834, 47.939199569306204, 84.84947951296601, 18.24288468617916, 21.323764233678002, 63.69781979464065, 71.39468709268158, 64.82349448768495, 37.29096649933136, 33.11504393142985, 72.43606494905293, 85.95334675541845, 99.3530195466774, 63.0058205680107, 75.98975376666084, 86.39202174239394, 66.15961934030855, 84.3913637407438, 17.368662113576192, 54.80488521756625, 20.033572843521128, 11.075239045146999, 18.32660417454162, 10.277940033982201], [74.26724469459367, 76.85498144819269, 60.333709603632954, 74.2697794922268, 71.29354793948526, 103.10139025901398, 13.483051947882128, 0.0, 39.924285018140836, 65.25250917724118, 77.73782013946295, 56.342657481519794, 92.4127749509365, 65.04470381478622, 60.169881612368684, 53.1567184096211, 85.63286690557506, 13.2196249359457, 14.047539882275865, 93.34099921669099, 64.47138370060581, 84.88928834120536, 40.84712571573525, 69.70879613318579, 61.13815040184423, 77.56978381958525, 28.375748407607684, 38.92987301984207, 87.6267368399101, 48.038790572593726, 15.848875888279926, 98.45918084974184, 38.947249105395684, 89.37063632465211, 17.922107672017415, 44.60474165832548, 89.90468209979355, 29.632783050924328, 32.09627340481784, 64.07551938283684, 83.92969613776715, 69.46300222310482, 49.781089522067724, 46.40517277073113, 75.0520586890751, 98.21215368611784, 108.18624114077379, 74.93326735917108, 86.76677261374175, 93.2685807613999, 79.27125415821118, 90.4419949054869, 4.154893236922958, 68.24306442366294, 6.926006803377758, 22.49948361146163, 11.752028944540784, 3.7509814155040417], [44.756993854874565, 84.86287704529212, 20.699954154565695, 65.16865852152192, 36.74867230849093, 82.83382869965598, 38.40774585818559, 39.924285018140836, 0.0, 56.986781598972456, 37.91843257413467, 35.59992456458448, 53.746412426653905, 28.084850599826307, 20.338914709064706, 21.29562683394467, 80.33971901090938, 27.27357118793012, 25.89009829135548, 55.03588276964717, 61.45458494139404, 47.545350275074156, 29.74958766726673, 30.56931995539788, 38.174484950663285, 43.77946934506965, 44.220681073826576, 43.52727530068536, 78.74330927598697, 8.881477079010393, 33.452020296425836, 64.93234031675257, 18.633110792850587, 71.68882147928636, 31.404823659338085, 16.953367949666507, 51.02838538376957, 30.471103482902272, 28.39650832718442, 25.30397260334457, 68.50620762908045, 30.73117946858496, 42.19732024322695, 56.83134143009873, 35.12784774448165, 79.31651662658773, 75.05935103722248, 56.95971567980538, 61.52545446531298, 56.68820093042911, 86.28532509179577, 52.69689228132704, 39.599801282378095, 71.52597353561414, 39.67395563248601, 31.72870660599283, 29.07459242413067, 40.78509291240536], [36.51873142317761, 35.264364261545325, 59.09481849521969, 9.119936536544833, 46.31309130250298, 40.79880468767015, 52.2561241302903, 65.25250917724118, 56.986781598972456, 0.0, 75.37212185100063, 23.931785491460868, 69.99963814435047, 78.56628714881396, 60.71571480828773, 77.35427716723775, 23.38072334967414, 62.87443665811373, 59.02288931365661, 68.90805759942975, 8.456840566435044, 59.97997463816305, 28.692959287104618, 75.06256799820059, 25.02837707794367, 46.621341851425996, 39.43771803936995, 27.02924094764753, 22.972432928412076, 62.368802372892205, 49.48396292093034, 57.55741183934526, 38.70814341172341, 26.644552496710723, 47.74107731627475, 73.92473842892547, 69.4538791378971, 36.55651958872923, 35.293181633324025, 72.85964699578209, 20.255924893747675, 57.88466116496405, 16.31703986137305, 28.189065501190214, 70.59548099858159, 35.33987151898394, 63.712826196652294, 17.03913733648793, 34.2441582110242, 62.455450454272665, 35.34189333145807, 64.7315108065995, 68.59761712287774, 21.052875679633708, 70.90369404337675, 43.0459658908769, 64.07996149339924, 62.45444782221801], [43.88223391939628, 109.41742400008681, 19.27486156987185, 80.641955162739, 31.08345825746115, 82.82678502248567, 75.77754304071532, 77.73782013946295, 37.91843257413467, 75.37212185100063, 0.0, 51.84150062002491, 25.125409332305217, 18.85954682721737, 18.621295005707932, 31.738245357596366, 95.89528170968447, 64.80782350923552, 63.75318516861664, 27.602612218483802, 82.64100987714106, 26.604986495079476, 57.51842937693016, 9.954282263476191, 50.38793693966965, 35.02422431133063, 78.76800033473158, 74.01360912563709, 91.47125904269325, 29.762802852361, 70.60049030830726, 48.19972995041245, 48.23072845779253, 77.08867158364613, 68.30245474343762, 38.60198078543642, 22.197551882476677, 64.00159085067095, 60.96205233165105, 15.338312561472497, 77.13096740206724, 17.598302801077143, 66.21976716895374, 86.89886947396381, 4.789046960108384, 81.63902298254365, 56.882234881114506, 66.25627652349212, 60.233498209619256, 34.68350288731161, 110.03405888422125, 28.158444592452945, 77.09919640140743, 94.96197438729018, 76.84436401700458, 67.55278881506389, 66.53328121344806, 78.70176935716165], [20.244397836424394, 57.62459714857092, 35.163230226317985, 30.71606659178085, 25.03770996403142, 48.77669090152047, 45.93437940812244, 56.342657481519794, 35.59992456458448, 23.931785491460868, 51.84150062002491, 0.0, 50.18405940944992, 54.774929072978885, 36.79054306576093, 54.62919210299502, 46.284210489049805, 49.47441763829892, 45.889202921850945, 49.69021878963223, 30.815254826690232, 40.22977226074853, 15.908540949990078, 51.13734609685624, 5.014960469390148, 27.895830318404848, 39.02885878026505, 28.63560445520107, 43.67872311028407, 39.54600099062916, 41.34801627943261, 45.36656180292659, 19.808437415614332, 36.51714774526147, 38.86846653396386, 52.34527930410792, 49.00017230275708, 27.713572933500664, 24.641121383001003, 48.97756987192502, 32.93627920117967, 34.61701108657521, 16.046846164286045, 38.82998549138677, 47.10367775926252, 44.65186738767908, 54.124889194532535, 21.53677315871965, 30.43656324894874, 45.27288412185266, 58.194297359637865, 45.66418942661931, 58.61739035627754, 43.146503026108135, 60.28531874722554, 34.878469674000556, 51.09682203456324, 54.667645658135704], [33.58295437037036, 105.25907781541545, 33.30904407792028, 72.60638521267602, 25.225063730853286, 65.13984683726517, 87.09421899235073, 92.4127749509365, 53.746412426653905, 69.99963814435047, 25.125409332305217, 50.18405940944992, 0.0, 43.38464257491507, 34.146361857868015, 54.9065999934031, 86.36048212234344, 80.60049722227744, 78.56484688636641, 2.6651035440509125, 78.2661769622859, 10.06905968257507, 61.855561235741696, 34.266779470510365, 46.57985508207614, 23.378312818722453, 85.80555425215114, 77.71617691153736, 80.49882987604063, 47.93779439117614, 81.77115225535823, 25.597189801877782, 56.12920429280926, 63.10930097162553, 79.20087085980106, 60.25022844114697, 3.0305216725282937, 71.57949251470909, 68.16649763883444, 38.48434814307231, 65.13367029803824, 23.07072840660322, 66.22613034672595, 88.92817216096282, 23.434131454177074, 65.35374751445705, 32.82450616469466, 56.38622672227806, 44.736965548055515, 11.633118382095015, 105.22035976690172, 5.796028043538922, 92.75643764855751, 90.99585596381569, 93.13680048621526, 77.04570749326501, 82.44721455147491, 92.47182725090258], [53.67640355810628, 110.034435290005, 20.359175258659825, 85.40149536648033, 41.23366809821875, 94.22585727826744, 65.95208568538011, 65.04470381478622, 28.084850599826307, 78.56628714881396, 18.85954682721737, 54.774929072978885, 43.38464257491507, 0.0, 18.532343917012827, 13.737000016362751, 100.98569601115217, 51.82530943725471, 51.70093506654395, 45.691136898126615, 84.6385559127491, 42.62279290231769, 55.076067072645614, 9.124061605537651, 55.0574920145799, 47.15135160131054, 72.25269091799188, 70.47893737803531, 97.78230208221571, 19.330731390213344, 61.2205338533251, 64.20098258411636, 44.1601321504047, 86.17765923871924, 59.31600990926465, 21.81238294841143, 40.371015229461236, 58.1813001629101, 55.76092694001261, 6.375978059379659, 84.86179109283218, 27.606028008549092, 66.20574132174586, 83.83645394982074, 19.995001907539308, 92.10470620653224, 73.59018298640845, 73.27028631602884, 71.33347245699127, 51.647650065189524, 111.1185866238759, 45.49936198772087, 63.631511016164794, 96.01230180551605, 62.87159500838414, 59.81340122739737, 53.345994795259344, 66.70599320696309], [35.57920414278934, 93.3285718565233, 1.8581782931721955, 67.18837353835004, 23.708561491847377, 76.16617242174192, 57.33847208750612, 60.169881612368684, 20.338914709064706, 60.71571480828773, 18.621295005707932, 36.79054306576093, 34.146361857868015, 18.532343917012827, 0.0, 23.74739044509206, 82.75673857591082, 47.61247469924575, 46.12253555677596, 35.74066246187999, 67.23157938679121, 29.527971615363068, 39.688251709578694, 14.570010790018957, 36.68657216497252, 30.273222566123753, 60.20420584115508, 55.993671440825366, 79.35212196291104, 13.793274547012194, 52.116702402194136, 49.59243312878477, 29.835874710210906, 67.70856511003576, 49.776130398749196, 26.964251720620148, 31.282760628115604, 45.461579913157045, 42.486633288044224, 12.359252694895261, 66.32949505626148, 12.162785582291816, 49.532463807596244, 69.10063720113425, 15.104107248078346, 73.82484883840675, 59.535496996966806, 54.74537723792503, 53.361695230314055, 38.988901163075084, 94.20663832513615, 34.01032846633125, 59.9374933165419, 79.05256463818425, 59.99147297184459, 48.93563810110237, 49.412172596709176, 60.83017377790145], [58.466887498050795, 106.14813952495074, 25.453533364371612, 85.1049653313524, 47.27554066114227, 98.72505605570227, 55.890602228563566, 53.1567184096211, 21.29562683394467, 77.35427716723775, 31.738245357596366, 54.62919210299502, 54.9065999934031, 13.737000016362751, 23.74739044509206, 0.0, 100.52888824257701, 40.06852051611721, 40.5834906533786, 56.98180394516066, 82.34942398008366, 52.35948179606087, 50.94492212216226, 21.802507212211157, 56.139787503123834, 53.981094022385285, 64.28552102853256, 64.70517395823293, 98.30458173634806, 15.084803775731256, 51.62412153330552, 73.14684125952085, 39.756630490436805, 89.08197854095935, 50.07492274820908, 8.633867705020544, 51.88033342177097, 51.32150068362888, 49.50906933590166, 16.605556565464717, 86.78192283978548, 35.52171290799833, 63.192842294083306, 77.9439115395743, 31.72574785474019, 95.91732383676553, 82.97452328758334, 75.0578736175305, 76.21960195893725, 61.754147133944635, 107.54604459176493, 56.114522536383966, 51.31576024346336, 92.7265030099046, 50.2875457158158, 51.454101411679574, 41.41187083421709, 55.21080347228189], [53.46587884192591, 27.39384977348509, 81.04353647290415, 15.584371421378252, 65.31858867154905, 36.22846942089794, 72.21033940408826, 85.63286690557506, 80.33971901090938, 23.38072334967414, 95.89528170968447, 46.284210489049805, 86.36048212234344, 100.98569601115217, 82.75673857591082, 100.52888824257701, 0.0, 84.96083137808547, 81.13059089721473, 84.76407252065857, 21.23352761611136, 76.82229530705128, 51.887819146666544, 96.75267127680213, 46.118673376024134, 63.72413816303034, 57.886366837144536, 46.73848829686782, 7.588364860842782, 85.48499522366315, 70.34431294097907, 68.36811605790331, 62.086197875402085, 26.572358537148514, 68.96959658648856, 97.28604033539891, 86.45247839879244, 58.54688215894134, 57.7973793428308, 95.06760574887424, 21.998027853149097, 78.30906661552503, 39.22749151872157, 41.80672740324008, 91.11597318778918, 31.222570238035342, 71.57816316755755, 30.1926264955664, 43.44988024014715, 76.92925404743684, 25.55622976132114, 80.68486242177113, 89.30104267351592, 21.258780180194858, 91.79247059921111, 64.34739394478683, 86.00806761664977, 82.47072498443445], [65.48148454659754, 80.44460916767656, 47.92560723423338, 71.98698907626189, 60.86494230657055, 97.857006720048, 18.49009775042498, 13.2196249359457, 27.27357118793012, 62.87443665811373, 64.80782350923552, 49.47441763829892, 80.60049722227744, 51.82530943725471, 47.61247469924575, 40.06852051611721, 84.96083137808547, 0.0, 3.851556910847533, 81.70192627126835, 63.82577926542625, 73.62028221100726, 35.43996891871946, 56.589932207422194, 53.8748620097396, 67.48613061739137, 31.83519015344396, 39.071691964040674, 85.81420306096737, 35.04944124894442, 16.57396060488047, 88.70039035862501, 30.269561479441663, 84.71568021067014, 16.841940463141697, 31.586451974375507, 77.98183807549175, 26.435144762588564, 27.636773900925178, 50.92686968228984, 79.87627409234402, 57.53622200363932, 46.62358699860216, 49.52486260347622, 62.30253601022168, 93.3375037993548, 98.64607326075675, 69.7891919490314, 79.60981577540434, 82.34784366264894, 82.58490661530867, 79.03771183091587, 12.33264644605238, 69.92513814916103, 12.545280954528257, 21.035070339645525, 1.8587340030499615, 15.165020317688747], [62.29061069946211, 76.9623476646456, 46.29758895526684, 68.13555009948969, 58.158181806798126, 94.15125187671909, 16.144982861826165, 14.047539882275865, 25.89009829135548, 59.02288931365661, 63.75318516861664, 45.889202921850945, 78.56484688636641, 51.70093506654395, 46.12253555677596, 40.5834906533786, 81.13059089721473, 3.851556910847533, 0.0, 79.56728704582946, 60.009112380248126, 71.28773116262828, 31.65848942193999, 55.90158836120384, 50.35966623143262, 64.66800817349514, 28.619321773013827, 35.36013189092747, 81.96307083342295, 34.12803881438002, 13.431139785316784, 85.80419984889923, 26.9222454677377, 80.95410719831104, 13.358823997684484, 32.31940585647813, 76.0126015504275, 22.59450318203802, 23.790727897103967, 50.332509908682056, 76.07490895099984, 55.55498245601696, 42.773829341297954, 46.08095519659842, 61.014384008891696, 89.59774026427968, 95.69386797080459, 66.05225304947231, 76.12187510732599, 79.86498032546855, 79.06395810415171, 76.77684001880384, 14.265877120960456, 66.25315793420546, 15.106525127704597, 17.362351956156434, 5.237297507147566, 15.07483053090818], [32.4002080781985, 104.13649514018307, 34.80054991541531, 71.22169479702349, 24.94822631344915, 62.84384976568293, 87.67311624858897, 93.34099921669099, 55.03588276964717, 68.90805759942975, 27.602612218483802, 49.69021878963223, 2.6651035440509125, 45.691136898126615, 35.74066246187999, 56.98180394516066, 84.76407252065857, 81.70192627126835, 79.56728704582946, 0.0, 77.22933719074754, 9.497362697059078, 61.864454361688, 36.58950656314215, 45.902690790756736, 22.37733007143484, 85.92974881032647, 77.53170265589026, 78.78244128341878, 49.52525203571289, 82.36033429887286, 23.014826283333907, 56.576809297480274, 61.17068885300492, 79.77465777040753, 62.115312798015395, 5.406064174297571, 71.84803957667782, 68.42181788242388, 40.653445865236286, 63.3841002960708, 24.30513814006253, 65.73344687587633, 88.50597819616964, 25.702564153700425, 63.183700420572485, 30.159516518096957, 54.91931721234251, 42.76073182258968, 9.154075978735124, 104.03209135859782, 4.1769754232699565, 93.79472565086279, 89.94183094932187, 94.24657716941574, 77.48142932798618, 83.55407305304588, 93.29842353249359], [44.872735626537704, 27.138839453001783, 65.69332344861915, 12.41859327218505, 54.264256712315905, 46.36879008680641, 51.09227788990431, 64.47138370060581, 61.45458494139404, 8.456840566435044, 82.64100987714106, 30.815254826690232, 78.2661769622859, 84.6385559127491, 67.23157938679121, 82.34942398008366, 21.23352761611136, 63.82577926542625, 60.009112380248126, 77.22933719074754, 0.0, 68.22350635359936, 31.981508620692505, 81.728317446149, 32.65221376921454, 54.896781812007276, 37.05732148767166, 25.54467213607602, 23.605165114865667, 67.59121619137652, 49.115521321915544, 65.95263488224526, 42.84196647083696, 32.611667384418624, 47.73925495336379, 78.21622106680975, 77.64175827336022, 37.47441360348143, 36.97002238853736, 79.15551491922668, 26.04555064609187, 65.3037987446398, 19.282276029770127, 22.746545403004863, 77.89126564298475, 40.80327773676903, 71.9138740334186, 25.164444328044645, 42.33039184507669, 70.88152989231897, 27.4661811580868, 73.05499840714288, 68.101158499152, 12.736021752173446, 70.57659239233371, 43.12523179393045, 64.83497456728227, 61.367311385852666], [23.670539752419863, 95.24404777668273, 28.259508396560207, 62.80433506734059, 15.457619630236978, 57.81085569052706, 78.69667326885856, 84.88928834120536, 47.545350275074156, 59.97997463816305, 26.604986495079476, 40.22977226074853, 10.06905968257507, 42.62279290231769, 29.527971615363068, 52.35948179606087, 76.82229530705128, 73.62028221100726, 71.28773116262828, 9.497362697059078, 68.22350635359936, 0.0, 52.42958707770541, 33.90690583110066, 36.53631366305974, 13.381808360401049, 76.54108588361265, 68.03876949600308, 71.18285607647893, 42.99587636526075, 73.4041505603938, 21.73098655583614, 47.49952542614106, 54.38485994057614, 70.80273966843896, 56.47039994049176, 9.637331366585661, 62.56878391049532, 59.135448309945644, 36.86814889329072, 55.92502249663739, 17.405403670607917, 56.276431169320965, 79.03004711743006, 23.2616344345955, 57.42842584793127, 30.96929824544934, 46.711846438189255, 36.27055563492161, 9.465013779948974, 95.23921633953198, 5.725736474382034, 85.55169488880288, 80.95642115495104, 86.15018514483374, 68.3523681038667, 75.47862287776564, 84.6716748698159], [35.553438593419855, 55.30774602272503, 38.566278669302584, 37.57256606127722, 37.03652559818949, 62.64238681840276, 30.033536339165323, 40.84712571573525, 29.74958766726673, 28.692959287104618, 57.51842937693016, 15.908540949990078, 61.855561235741696, 55.076067072645614, 39.688251709578694, 50.94492212216226, 51.887819146666544, 35.43996891871946, 31.65848942193999, 61.864454361688, 31.981508620692505, 52.42958707770541, 0.0, 54.033965178029156, 20.897921714663596, 41.61922716579951, 24.217924212186087, 16.549888668369757, 51.505204555102345, 36.69671309099709, 25.538053640935455, 60.688474098707516, 11.202984906520026, 49.30536357008216, 23.118380777264576, 46.31537854338985, 60.13610201842909, 11.805031984073796, 8.810464577293422, 50.34490979756157, 44.45278769486166, 42.278259789876905, 12.757642366727598, 29.427791428115526, 53.16573918084141, 57.98734322008058, 69.7539378543804, 34.4674333268282, 46.07077126434583, 58.89510541531367, 56.626346482971734, 58.1186274275975, 43.40558338690211, 41.786037176595, 45.279757008343154, 18.99508926726013, 36.88334358827362, 38.95779180073608], [47.119896207714575, 107.89684555834725, 16.037676230840855, 81.23708122676246, 34.3247466338401, 87.3259363192994, 68.96174838772988, 69.70879613318579, 30.56931995539788, 75.06256799820059, 9.954282263476191, 51.13734609685624, 34.266779470510365, 9.124061605537651, 14.570010790018957, 21.802507212211157, 96.75267127680213, 56.589932207422194, 55.90158836120384, 36.58950656314215, 81.728317446149, 33.90690583110066, 54.033965178029156, 0.0, 50.6435591404566, 39.6526852239019, 73.49475819284999, 70.15759507872481, 92.99850296456904, 21.84789957294259, 63.94605499738727, 55.600890851691965, 43.77232664512025, 80.16541553183527, 61.80533803629746, 28.914790300424727, 31.25656845372324, 58.931098504449935, 56.154161284888396, 5.772708332546229, 79.40634227449972, 20.228287761426852, 64.09974146662476, 83.37084655478453, 10.92686861670854, 85.56363724602664, 64.81693504291925, 68.04150299967826, 64.44080771968852, 42.75716427825519, 108.76349014819661, 36.510630700492214, 68.75501107317392, 93.60977359739766, 68.3007708463437, 61.616380155211814, 58.24571423639874, 70.9662274926607], [15.437814088795722, 59.75822745215739, 34.950147793378726, 30.594160775996848, 21.799602990482004, 45.06837171204375, 50.90444010550904, 61.13815040184423, 38.174484950663285, 25.02837707794367, 50.38793693966965, 5.014960469390148, 46.57985508207614, 55.0574920145799, 36.68657216497252, 56.139787503123834, 46.118673376024134, 53.8748620097396, 50.35966623143262, 45.902690790756736, 32.65221376921454, 36.53631366305974, 20.897921714663596, 50.6435591404566, 0.0, 23.748996648834265, 43.97632717996358, 33.336674061491806, 42.73558550331269, 41.15549300937287, 46.27078104664912, 40.46418143838989, 23.819157025053197, 33.5159949691935, 43.77173973623035, 54.57534316994612, 45.608779363208725, 32.70004749093954, 29.592436688760337, 49.03106710900069, 30.666161694427284, 32.8640132430513, 20.129181323904746, 42.94368056979423, 45.60437817098377, 41.25110294678518, 49.136201525394995, 18.963322087961878, 25.77334805533411, 40.97415440068071, 60.10780413892305, 41.80779400712434, 63.318611175598704, 45.2812059093054, 64.92017563747915, 39.83922241035485, 55.53657068471562, 59.54053137453652], [10.329903511321248, 81.88168764606743, 28.53178803209952, 49.49056830764838, 7.063668202488715, 47.893114480605185, 69.79788248076385, 77.56978381958525, 43.77946934506965, 46.621341851425996, 35.02422431133063, 27.895830318404848, 23.378312818722453, 47.15135160131054, 30.273222566123753, 53.981094022385285, 63.72413816303034, 67.48613061739137, 64.66800817349514, 22.37733007143484, 54.896781812007276, 13.381808360401049, 41.61922716579951, 39.6526852239019, 23.748996648834265, 0.0, 65.81342687341773, 56.35154454803235, 58.33674327309764, 41.68752482983549, 64.64526277515344, 21.302267763101717, 38.824836457962796, 42.43684502531794, 62.02373088157298, 56.12833765896806, 22.95885995581439, 52.60440380855153, 49.18678788744297, 40.83748131570075, 43.283792361002874, 19.565400400695033, 43.81102147773054, 66.64422654784387, 30.646747644982803, 46.61887982399528, 31.380787004867976, 33.541162149037824, 25.209343342507637, 17.41620724494462, 81.86049821410954, 18.220166006848252, 78.79624834642823, 67.62285097864527, 79.77020776066472, 58.99593379929761, 69.32506056504256, 76.84480091851647], [59.2336328786377, 48.97086822147883, 59.499973490646006, 47.98948431140779, 61.20600973218482, 79.59338208772978, 14.987063743599615, 28.375748407607684, 44.220681073826576, 39.43771803936995, 78.76800033473158, 39.02885878026505, 85.80555425215114, 72.25269091799188, 60.20420584115508, 64.28552102853256, 57.886366837144536, 31.83519015344396, 28.619321773013827, 85.92974881032647, 37.05732148767166, 76.54108588361265, 24.217924212186087, 73.49475819284999, 43.97632717996358, 65.81342687341773, 0.0, 12.545819301167047, 60.61819265718244, 52.925487415782534, 15.261381373882363, 84.38839899420239, 30.71674470015819, 65.43187561843828, 15.439131204538064, 57.240949179441856, 83.95009207520883, 14.783577721823985, 17.977454481985863, 68.83018825743744, 59.36726715846774, 65.17723057742364, 26.470030303015946, 18.14740968572656, 74.82290119258276, 74.30961730606533, 93.08673577039401, 52.39289323636195, 67.17031230274901, 83.11197161456005, 51.2595415547842, 82.24826521512995, 32.33771241198984, 39.87127039761309, 35.017708691955534, 12.873018781685845, 32.154192196838295, 24.936193566881133], [48.77440366110637, 42.507068897420574, 54.955062000230896, 35.76503721670399, 52.58349765485917, 67.04787351421584, 25.5912179184833, 38.92987301984207, 43.52727530068536, 27.02924094764753, 74.01360912563709, 28.63560445520107, 77.71617691153736, 70.47893737803531, 55.993671440825366, 64.70517395823293, 46.73848829686782, 39.071691964040674, 35.36013189092747, 77.53170265589026, 25.54467213607602, 68.03876949600308, 16.549888668369757, 70.15759507872481, 33.336674061491806, 56.35154454803235, 12.545819301167047, 0.0, 48.79514787129683, 51.47855900648111, 23.65862741298266, 73.70294356388135, 26.44419018174692, 52.88645543468324, 22.487200085182977, 58.82289063044467, 76.16163494407226, 13.993799621394079, 15.213833288227386, 66.15723926654545, 46.83942888571824, 58.78376431256637, 14.326765448175975, 13.364122449097037, 69.69572278170321, 61.765848522358624, 81.98841823032245, 39.96883565506116, 55.18227009108127, 73.76761004019332, 44.34740694493213, 73.6468263474507, 42.56332226212367, 30.92847490181448, 45.05823320145849, 18.045807141963035, 39.89127592289643, 35.86831076640336], [48.245547945195256, 34.78329875021635, 77.58432827129243, 13.93614475475376, 60.54981416303924, 28.69013284779426, 74.37726616500868, 87.6267368399101, 78.74330927598697, 22.972432928412076, 91.47125904269325, 43.67872311028407, 80.49882987604063, 97.78230208221571, 79.35212196291104, 98.30458173634806, 7.588364860842782, 85.81420306096737, 81.96307083342295, 78.78244128341878, 23.605165114865667, 71.18285607647893, 51.505204555102345, 92.99850296456904, 42.73558550331269, 58.33674327309764, 60.61819265718244, 48.79514787129683, 0.0, 83.22000764297347, 72.01411703368974, 61.52472092008476, 60.99266838892124, 19.27318162140425, 70.41188191430562, 95.67023619426203, 80.76930078264246, 59.43699882072399, 58.26121467056774, 91.7107068442958, 15.42789428631698, 73.98029723665613, 39.288365330709674, 45.80198102453438, 86.72355298438521, 23.63856861081302, 64.33070113981874, 25.219871965542563, 36.776350109865625, 70.68680469373878, 33.05400248607387, 74.76341759170793, 91.12025496926603, 27.054646669111392, 93.5056568020452, 65.7268833371241, 86.9918835949947, 84.64909218688287], [44.70830506961759, 91.99709634368153, 14.791479321348513, 70.03774680346592, 34.67901224927094, 84.41780764053473, 47.239075665510974, 48.038790572593726, 8.881477079010393, 62.368802372892205, 29.762802852361, 39.54600099062916, 47.93779439117614, 19.330731390213344, 13.793274547012194, 15.084803775731256, 85.48499522366315, 35.04944124894442, 34.12803881438002, 49.52525203571289, 67.59121619137652, 42.99587636526075, 36.69671309099709, 21.84789957294259, 41.15549300937287, 41.68752482983549, 52.925487415782534, 51.47855900648111, 83.22000764297347, 0.0, 42.319449991822864, 62.144624750741336, 25.532505479627705, 74.31030490973386, 40.28574122448895, 14.525969872395185, 45.06420675175617, 38.89209177692131, 36.56745649389581, 16.46118987666829, 71.82015712732172, 25.613868905328047, 48.579204456715864, 64.83942108609192, 27.477453618107447, 81.37773128333643, 72.22373632088089, 60.10640308552782, 62.24223948848072, 52.4074935519403, 93.26653117696607, 47.691993855096335, 47.33645462492057, 78.30652069877988, 47.115595198560385, 40.54624121042597, 36.770602730878544, 49.16714732549124], [60.19481867323197, 64.00709268854511, 51.83200486652873, 58.53660470867287, 58.88541368383666, 87.34287755623099, 5.329087102098159, 15.848875888279926, 33.452020296425836, 49.48396292093034, 70.60049030830726, 41.34801627943261, 81.77115225535823, 61.2205338533251, 52.116702402194136, 51.62412153330552, 70.34431294097907, 16.57396060488047, 13.431139785316784, 82.36033429887286, 49.115521321915544, 73.4041505603938, 25.538053640935455, 63.94605499738727, 46.27078104664912, 64.64526277515344, 15.261381373882363, 23.65862741298266, 72.01411703368974, 42.319449991822864, 0.0, 84.95868241447994, 25.97986019462253, 73.55730548236131, 2.6222599681228353, 43.91748239991551, 79.52181593998237, 13.9517477208371, 16.731445713736075, 58.75495789866528, 68.08409861194377, 59.49778594488896, 33.932342566331016, 33.072854423867305, 67.20468598156543, 82.41191537007089, 94.4141896676641, 59.2128862753746, 71.60817516933, 81.15466964397126, 66.20720793931844, 79.09412218542401, 19.120514331696864, 54.008851183608826, 21.49743108899377, 6.700595294859653, 16.945804510179624, 13.497290547103216], [25.170096203098844, 91.29145159881172, 48.04646559716618, 57.12961795958417, 28.2224268533729, 41.21391953654821, 89.97460581557876, 98.45918084974184, 64.93234031675257, 57.55741183934526, 48.19972995041245, 45.36656180292659, 25.597189801877782, 64.20098258411636, 49.59243312878477, 73.14684125952085, 68.36811605790331, 88.70039035862501, 85.80419984889923, 23.014826283333907, 65.95263488224526, 21.73098655583614, 60.688474098707516, 55.600890851691965, 40.46418143838989, 21.302267763101717, 84.38839899420239, 73.70294356388135, 61.52472092008476, 62.144624750741336, 84.95868241447994, 0.0, 59.53090104908442, 42.55015869927738, 82.35267651114661, 76.32515044133005, 27.630333661217914, 72.22231184902603, 68.88778990016975, 58.28342662608954, 46.37105452328923, 37.62512886296618, 59.9146165691523, 82.13745555241574, 44.99166715155512, 42.52041977098095, 10.129745886139519, 41.065398445758376, 24.973954967201443, 14.059250093224803, 90.63560040980266, 20.637944928372306, 99.85156874584496, 78.04739714897813, 100.91019755187456, 78.9873096545983, 90.53191255922017, 97.54014293917177], [35.452815552209536, 66.50189635689975, 28.970946793051944, 47.19838743706856, 32.91439941790138, 68.58389599439299, 31.235354961417123, 38.947249105395684, 18.633110792850587, 38.70814341172341, 48.23072845779253, 19.808437415614332, 56.12920429280926, 44.1601321504047, 29.835874710210906, 39.756630490436805, 62.086197875402085, 30.269561479441663, 26.9222454677377, 56.576809297480274, 42.84196647083696, 47.49952542614106, 11.202984906520026, 43.77232664512025, 23.819157025053197, 38.824836457962796, 30.71674470015819, 26.44419018174692, 60.99266838892124, 25.532505479627705, 25.97986019462253, 59.53090104908442, 0.0, 56.16831374970126, 23.36333295477084, 35.392532702769344, 54.0247298581327, 15.957208970368297, 12.768880700421855, 39.714596307098994, 52.13092699328703, 34.60925345900733, 23.57079934459572, 39.75330338953048, 44.16908614641694, 64.42949421329338, 69.2392904844915, 41.11318427415075, 49.42064811146347, 55.176426441069935, 67.82931502295673, 53.207821237415274, 40.5458811845745, 52.970392709374, 41.851128922854514, 20.916837478482734, 31.994250355098224, 38.043671091297945], [33.2453565082546, 52.329536015151845, 65.85986218546728, 20.371784921059657, 46.132207748008405, 14.195629337978534, 77.0641158066956, 89.37063632465211, 71.68882147928636, 26.644552496710723, 77.08867158364613, 36.51714774526147, 63.10930097162553, 86.17765923871924, 67.70856511003576, 89.08197854095935, 26.572358537148514, 84.71568021067014, 80.95410719831104, 61.17068885300492, 32.611667384418624, 54.38485994057614, 49.30536357008216, 80.16541553183527, 33.5159949691935, 42.43684502531794, 65.43187561843828, 52.88645543468324, 19.27318162140425, 74.31030490973386, 73.55730548236131, 42.55015869927738, 56.16831374970126, 0.0, 71.46189911004019, 88.0241498012238, 63.74316387708147, 59.771274939023705, 57.61352863041365, 79.86182736647079, 6.566120952791673, 60.20780826556366, 39.774400359229816, 54.69139972337982, 72.49954317083001, 8.901457240886248, 45.058537365280785, 15.061336142713632, 18.425851838023828, 52.6469718981193, 51.03294057418935, 57.31493217011139, 92.3076381564023, 41.53538555621627, 94.35077404346957, 66.87575535120463, 86.18394879860979, 86.96372091818333], [57.6133101805409, 63.62129960313014, 49.45028666373415, 56.8286581632732, 56.26571455095139, 85.17938001298