instance_id,num_cities,city_coordinates,distance_matrix,best_route,total_distance
1033,37,"[[24.855837224093978, 86.44186654844856], [6.27398822512566, 88.23491086369202], [6.079007811356019, 10.933798265672879], [42.26882719582768, 90.27263201824859], [52.99525633345279, 56.56446125627509], [31.01903338643137, 73.49151443394639], [30.168349164476073, 19.358983968413312], [80.19114868229147, 22.721105913282347], [3.628551935026536, 53.766198847886585], [42.01789941404923, 99.96048973049932], [54.66838981931432, 41.00853525045296], [95.54475689639386, 36.17317319476935], [41.50059539988143, 71.413283311681], [14.321514398831459, 29.54784157509861], [58.77472058597578, 96.26434124871955], [29.227317199562965, 25.855414348545512], [35.98793532604208, 77.68123222641297], [44.43976944328561, 57.57581851749267], [71.22030798671024, 37.014958630813766], [9.195523665740957, 47.207896713892225], [9.48293105061493, 38.24983856021168], [7.878635664964229, 61.818441231954345], [69.82368562388302, 17.33906652616315], [50.593344258695915, 86.58681911209439], [14.39283185136453, 43.424760482962355], [65.33293775020344, 71.59576582484361], [96.27205529623778, 37.4729078983838], [34.554412153897154, 37.20654481894455], [33.207082375393945, 93.11284350760835], [79.17265758174119, 84.20375665050231], [76.8496809665993, 54.43358374475119], [27.55513342908008, 81.00333108091704], [78.8018018301972, 32.65054450715484], [50.808214085627036, 9.779545734097184], [94.32109042926211, 24.70958959951194], [1.2369215458096439, 90.97540601281244], [44.77142175129541, 87.91774687543995]]","[[0.0, 18.668157920290014, 77.80769691098288, 17.82938540276447, 41.042493282023486, 14.342126997940058, 67.2929113530058, 84.39390991120077, 38.96532946634749, 21.846957484971952, 54.34129079324677, 86.7402149866087, 22.425572207524475, 57.86105801880065, 35.31248586200645, 60.74395465679744, 14.165885848609129, 34.88236130326249, 67.76933949357812, 42.243932223750335, 50.58456094341036, 29.908835602481847, 82.44576617769029, 25.73791521475451, 44.27127619212095, 43.11383042245486, 86.5923502106263, 50.18146332538317, 10.688555990719793, 54.362911158989675, 61.05644892361108, 6.071562239971743, 76.1818444528164, 80.93600742194766, 92.93167070573053, 24.050076047548174, 19.97019603808899], [18.668157920290014, 0.0, 77.30135850199134, 36.0524720377188, 56.443726595487306, 28.804253129003282, 72.90290659763664, 98.77147993793918, 34.57008014444722, 37.61803273489157, 67.61914417694409, 103.34260819365264, 39.03691850726862, 59.23626236690364, 53.11119138876116, 66.46846542904326, 31.5325036287165, 48.955150898401186, 82.71340857026944, 41.130903945557094, 50.087970284704255, 26.465161273090693, 95.2091633394851, 44.34998901524153, 45.539710132706446, 61.35813447807486, 103.32682624365444, 58.34103631911048, 27.371258418015792, 73.01004176314154, 78.25252788850044, 22.476273875943765, 91.37781749193698, 90.21386584451525, 108.57144490271344, 5.734313768379633, 38.49873999363229], [77.80769691098288, 77.30135850199134, 0.0, 87.20294472263839, 65.44686226511598, 67.3459184203147, 25.520190456828526, 75.04365426905045, 42.902439017345614, 96.00706079660773, 57.14383473848251, 92.95776624983226, 70.08892194007478, 20.35734568085321, 100.29027724862864, 27.540857903427646, 73.14208012780404, 60.39061256646507, 70.16848234448142, 36.40773117487194, 27.52730918182223, 50.91645657562416, 64.06568044524086, 87.77759231453128, 33.53777416546238, 84.79918939086458, 94.01654192059601, 38.7441074735715, 86.54090308303975, 103.49477493318378, 83.0705694910785, 73.28685694239344, 75.89612531100467, 44.74409673725613, 89.31090399060375, 80.18793406834936, 86.1604969812203], [17.82938540276447, 36.0524720377188, 87.20294472263839, 0.0, 35.37367747581325, 20.203063335348624, 71.9386339064284, 77.46812987308166, 53.158165271692624, 9.691106841041648, 50.80059432329998, 75.9280984251087, 18.874989105380042, 66.84723230574043, 17.559757860216795, 65.72411213008951, 14.070996816067327, 32.76880533899599, 60.61821520489963, 54.299307852195724, 61.492162307258674, 44.63548192673968, 77.9652178755276, 9.103999182181267, 54.514164983343676, 29.677913108418203, 75.52588637281097, 53.623892157165386, 9.496421457314796, 37.399517983277676, 49.80233758234212, 17.39001794502935, 68.22729076236014, 80.94478406915123, 83.71350332487472, 41.03792358976533, 3.436344503229786], [41.042493282023486, 56.443726595487306, 65.44686226511598, 35.37367747581325, 0.0, 27.739493584002265, 43.649916736675216, 43.41646302408451, 49.44594802072054, 44.762904868558934, 15.645645066922757, 47.18330877506398, 18.77803893943349, 47.1757994550492, 40.118358371955885, 38.832466991596434, 27.113962898373448, 8.615056554523592, 26.727056715374054, 44.78796581447743, 47.20961613928513, 45.421512151502924, 42.682872725674216, 30.11828602091656, 40.77743140889972, 19.446297842373582, 47.30083231913069, 26.7356253498833, 41.56147343133987, 38.06818863570004, 23.949409461353845, 35.27687927942867, 35.183138074358766, 46.83600617272034, 52.178131549368544, 62.15334535668387, 32.413885517654585], [14.342126997940058, 28.804253129003282, 67.3459184203147, 20.203063335348624, 27.739493584002265, 0.0, 54.139214237439305, 70.67907260303063, 33.75391161198071, 28.663246626002007, 40.18004475264817, 74.54010723984631, 10.685606526508067, 47.00907917271615, 35.90236500642548, 47.66978370247359, 6.499517033286248, 20.81887443674055, 54.2833455375226, 34.1627595048031, 41.30108257913022, 25.917921303351985, 68.2561238373955, 23.550809980499157, 34.35753586381994, 34.36623190684441, 74.53386401579719, 36.4567952923876, 19.74295096977734, 49.33075771209368, 49.635199000021345, 8.27200049880581, 62.85839470358463, 66.7145158744031, 79.91762394119465, 34.534919290898074, 19.930990145851982], [67.2929113530058, 72.90290659763664, 25.520190456828526, 71.9386339064284, 43.649916736675216, 54.139214237439305, 0.0, 50.13565932120293, 43.45362209002311, 81.46787447965451, 32.69487823501399, 67.50401208276192, 53.27353831742714, 18.83971845381325, 82.05338789054566, 6.564232540281676, 58.61187784877426, 40.79460601263507, 44.68776974096757, 34.8628936048873, 28.01340589349542, 47.954528868552, 39.7067472374945, 70.262096771338, 28.77548515220034, 62.970069629306856, 68.54060259798618, 18.37860105831194, 73.8164324283858, 81.27894430691282, 58.38984747616834, 61.69971172871529, 50.41704374260721, 22.754552530173733, 64.37548595860171, 77.23949385188662, 70.09674529047554], [84.39390991120077, 98.77147993793918, 75.04365426905045, 77.46812987308166, 43.41646302408451, 70.67907260303063, 50.13565932120293, 0.0, 82.61736509961158, 86.15752649744952, 31.39810968417823, 20.41302033844589, 62.19233918334424, 66.22245118109933, 76.59811261387685, 51.060121511482045, 70.53041581738604, 49.930072183137455, 16.875728378235312, 75.09981155238331, 72.39332550911267, 82.20523808068313, 11.681208765875482, 70.39076181637991, 68.97869098731633, 51.08325374888716, 21.822264303552586, 47.88047265067203, 84.63154972159846, 61.491086067794214, 31.888033126964977, 78.53259114677914, 10.026167536247776, 32.10670997444819, 14.269173807308713, 104.36675459549308, 74.19675901691943], [38.96532946634749, 34.57008014444722, 42.902439017345614, 53.158165271692624, 49.44594802072054, 33.75391161198071, 43.45362209002311, 82.61736509961158, 0.0, 60.06375371230626, 52.61010389383071, 93.58473853215239, 41.78170970982581, 26.473916885205018, 69.62177837717458, 37.87226788083194, 40.23752620307024, 40.988640823202246, 69.63655315249599, 8.602470641119822, 16.5840643813865, 9.105043609080537, 75.55614927502546, 57.296464398187105, 14.926991310133607, 64.22869053167751, 94.06534986382556, 35.080350223955584, 49.22446453736345, 81.44542235724215, 73.22417045797644, 36.253864266739505, 78.08257397165542, 64.50384618608138, 95.23351867667776, 37.28598924208657, 53.47021572236952], [21.846957484971952, 37.61803273489157, 96.00706079660773, 9.691106841041648, 44.762904868558934, 28.663246626002007, 81.46787447965451, 86.15752649744952, 60.06375371230626, 0.0, 60.294011680358125, 83.27032017930905, 28.55189306791576, 75.66393304056719, 17.15962031594198, 75.20080578524801, 23.080853143591632, 42.453807936075506, 69.38962856123462, 62.13006051613759, 69.76194259243785, 51.188916700736556, 87.17488926896898, 15.886891454691968, 62.92402593122679, 36.71714279271219, 82.75392023169746, 63.19621226026844, 11.158886847823636, 40.35778353495078, 57.32322543925556, 23.84419141009846, 76.70517715858773, 90.60834559855716, 91.6423578968682, 41.759069497579674, 12.353523413779456], [54.34129079324677, 67.61914417694409, 57.14383473848251, 50.80059432329998, 15.645645066922757, 40.18004475264817, 32.69487823501399, 31.39810968417823, 52.61010389383071, 60.294011680358125, 0.0, 41.16136673665851, 33.13366135124819, 41.9430310744976, 55.40817673307167, 29.611910595422348, 41.15636139852261, 19.470478927012653, 17.026880196827012, 45.89350323057909, 45.26959345484097, 51.208722702128085, 28.105635388905746, 45.76009130337788, 40.34797038270821, 32.393074210101915, 41.753630283946, 20.470154585791043, 56.35110164104286, 49.661718560396146, 25.92762241384431, 48.318861385623364, 25.539725616225468, 31.466660815974848, 42.871812359573546, 73.15469893072401, 47.94188265199021], [86.7402149866087, 103.34260819365264, 92.95776624983226, 75.9280984251087, 47.18330877506398, 74.54010723984631, 67.50401208276192, 20.41302033844589, 93.58473853215239, 83.27032017930905, 41.16136673665851, 0.0, 64.51849930766505, 81.49300669927719, 70.44844958093506, 67.11526618848825, 72.59431079731478, 55.405712425639315, 24.339010199269513, 87.05145146788293, 86.08687708907328, 91.3401805585186, 31.879414696791702, 67.5438020309933, 81.47527512510983, 46.556568653180506, 1.4893868745880894, 60.99909842548696, 84.4281453072429, 50.7442862110305, 26.13328256217868, 81.43913036939941, 17.10951364649168, 51.94210077761893, 11.528708013833878, 109.07452741293864, 72.49436162316928], [22.425572207524475, 39.03691850726862, 70.08892194007478, 18.874989105380042, 18.77803893943349, 10.685606526508067, 53.27353831742714, 62.19233918334424, 41.78170970982581, 28.55189306791576, 33.13366135124819, 64.51849930766505, 0.0, 49.91410277527595, 30.265004238144517, 47.18212354530725, 8.347251325280213, 14.146171778535079, 45.458839152513235, 40.367293692993265, 46.09712461928671, 34.96422701778615, 61.042758463261755, 17.689382987993078, 38.96393530864159, 23.833040967752353, 64.43494317816786, 34.904876736600144, 23.23043845871227, 39.78417370343397, 39.215660746522396, 16.92468392010013, 53.79525927797866, 62.33257072656083, 70.50701881024986, 44.76427232516113, 16.825445686475906], [57.86105801880065, 59.23626236690364, 20.35734568085321, 66.84723230574043, 47.1757994550492, 47.00907917271615, 18.83971845381325, 66.22245118109933, 26.473916885205018, 75.66393304056719, 41.9430310744976, 81.49300669927719, 49.91410277527595, 0.0, 80.16968796881419, 15.356333415164109, 52.78500820675419, 41.142153302983075, 57.38667570856311, 18.388945823536503, 9.9567384391956, 32.90748073907172, 56.82908761268696, 67.59504863411864, 13.877102167039851, 66.10743714624847, 82.33284781668819, 21.633905956720778, 66.31119172867676, 84.81120105776124, 67.2983787149508, 53.12999221646046, 64.55489317407422, 41.497768307365185, 80.14574753053292, 62.80567046755281, 65.83496565309693], [35.31248586200645, 53.11119138876116, 100.29027724862864, 17.559757860216795, 40.118358371955885, 35.90236500642548, 82.05338789054566, 76.59811261387685, 69.62177837717458, 17.15962031594198, 55.40817673307167, 70.44844958093506, 30.265004238144517, 80.16968796881419, 0.0, 76.3574883957916, 29.40356310750899, 41.258848934355555, 60.542398254052635, 69.74691045239217, 76.1272818232281, 61.456744855644644, 79.69490961435301, 12.672385462628784, 69.00560370833944, 25.525454468366007, 69.731504685905, 63.83139243104261, 25.761134712574936, 23.69669881088862, 45.56881023372143, 34.74997918832152, 66.69182198020799, 86.85093598244144, 79.89760254610569, 57.780369973860175, 16.30208624334393], [60.74395465679744, 66.46846542904326, 27.540857903427646, 65.72411213008951, 38.832466991596434, 47.66978370247359, 6.564232540281676, 51.060121511482045, 37.87226788083194, 75.20080578524801, 29.611910595422348, 67.11526618848825, 47.18212354530725, 15.356333415164109, 76.3574883957916, 0.0, 52.26491515502503, 35.17957850669764, 43.45050867179051, 29.27799951062428, 23.31228294134891, 41.822308710573395, 41.48003507080156, 64.3802037651762, 22.994431481053454, 58.27345526500139, 68.04383192349071, 12.538983356257965, 67.37507185852282, 76.80537790596415, 55.539187037605814, 55.173262713771514, 50.03801874840203, 26.910382050724117, 65.10385724083478, 70.88071361948782, 63.979311538918644], [14.165885848609129, 31.5325036287165, 73.14208012780404, 14.070996816067327, 27.113962898373448, 6.499517033286248, 58.61187784877426, 70.53041581738604, 40.23752620307024, 23.080853143591632, 41.15636139852261, 72.59431079731478, 8.347251325280213, 52.78500820675419, 29.40356310750899, 52.26491515502503, 0.0, 21.80965750194721, 53.80581652063582, 40.57656343055308, 47.51157814785098, 32.27632050854231, 69.1811748932775, 17.106356943208723, 40.49511514234601, 29.969352155137855, 72.46298686811723, 40.50006554830942, 15.68017123207029, 43.67451844227611, 47.01207734955464, 9.063580342916538, 62.135255704832836, 69.50021360407855, 78.79563380599488, 37.20709630456125, 13.488360387473094], [34.88236130326249, 48.955150898401186, 60.39061256646507, 32.76880533899599, 8.615056554523592, 20.81887443674055, 40.79460601263507, 49.930072183137455, 40.988640823202246, 42.453807936075506, 19.470478927012653, 55.405712425639315, 14.146171778535079, 41.142153302983075, 41.258848934355555, 35.17957850669764, 21.80965750194721, 0.0, 33.763089372204874, 36.73759195910298, 39.943385581601895, 36.80647158657807, 47.57456685536249, 29.656443456841437, 33.21251122919562, 25.16114870990775, 55.594180199927635, 22.641280876868027, 37.27000676030643, 43.7655184780651, 32.56187961890478, 28.8780068259846, 42.450189095569215, 48.21867666316984, 59.73554374570581, 54.607861259254285, 30.34374086582294], [67.76933949357812, 82.71340857026944, 70.16848234448142, 60.61821520489963, 26.727056715374054, 54.2833455375226, 44.68776974096757, 16.875728378235312, 69.63655315249599, 69.38962856123462, 17.026880196827012, 24.339010199269513, 45.458839152513235, 57.38667570856311, 60.542398254052635, 43.45050867179051, 53.80581652063582, 33.763089372204874, 0.0, 62.8567407429643, 61.749725824407854, 68.02484988341045, 19.72539693233577, 53.6920942431227, 57.187827408436256, 35.078388710035874, 25.055932646622605, 36.66639636629406, 67.76413512343333, 47.85417978217316, 18.305691492172496, 61.98083881295345, 8.747980312142014, 34.035588625456064, 26.173808596660805, 88.37083375979812, 57.36407790744281], [42.243932223750335, 41.130903945557094, 36.40773117487194, 54.299307852195724, 44.78796581447743, 34.1627595048031, 34.8628936048873, 75.09981155238331, 8.602470641119822, 62.13006051613759, 45.89350323057909, 87.05145146788293, 40.367293692993265, 18.388945823536503, 69.74691045239217, 29.27799951062428, 40.57656343055308, 36.73759195910298, 62.8567407429643, 0.0, 8.962667509709519, 14.669771815569074, 67.58639685029895, 57.13562005518198, 6.4283848763218945, 61.206024375573556, 87.6190183010229, 27.25986546337517, 51.80558938764253, 79.15486670791066, 68.03892674901044, 38.46045572686287, 71.11223849084391, 55.9687185939432, 88.04848630058142, 44.48521347520368, 54.06418800619708], [50.58456094341036, 50.087970284704255, 27.52730918182223, 61.492162307258674, 47.20961613928513, 41.30108257913022, 28.01340589349542, 72.39332550911267, 16.5840643813865, 69.76194259243785, 45.26959345484097, 86.08687708907328, 46.09712461928671, 9.9567384391956, 76.1272818232281, 23.31228294134891, 47.51157814785098, 39.943385581601895, 61.749725824407854, 8.962667509709519, 0.0, 23.623141103225365, 63.86131105396537, 63.45494277841756, 7.133508448145775, 65.04747584251217, 86.79260169262957, 25.09317888476478, 59.77277530731767, 83.47706614293716, 69.28342227720053, 46.41622153435381, 69.54464709845772, 50.18303091213768, 85.91188293056132, 53.36648888536787, 60.92765129513802], [29.908835602481847, 26.465161273090693, 50.91645657562416, 44.63548192673968, 45.421512151502924, 25.917921303351985, 47.954528868552, 82.20523808068313, 9.105043609080537, 51.188916700736556, 51.208722702128085, 91.3401805585186, 34.96422701778615, 32.90748073907172, 61.456744855644644, 41.822308710573395, 32.27632050854231, 36.80647158657807, 68.02484988341045, 14.669771815569074, 23.623141103225365, 0.0, 76.26010745226579, 49.37629869746036, 19.513130027003633, 58.280296021010734, 91.68479496299489, 36.29521313248113, 40.260027652170535, 74.72576468299106, 69.36527380546043, 27.48134936239645, 76.68677655404363, 67.4610654230478, 94.07106279380663, 29.903861985917086, 45.191275931133774], [82.44576617769029, 95.2091633394851, 64.06568044524086, 77.9652178755276, 42.682872725674216, 68.2561238373955, 39.7067472374945, 11.681208765875482, 75.55614927502546, 87.17488926896898, 28.105635388905746, 31.879414696791702, 61.042758463261755, 56.82908761268696, 79.69490961435301, 41.48003507080156, 69.1811748932775, 47.57456685536249, 19.72539693233577, 67.58639685029895, 63.86131105396537, 76.26010745226579, 0.0, 71.868332854074, 61.2620843520535, 54.442228419237125, 33.23985298895407, 40.480098132474794, 84.15723921024889, 67.51510987988331, 37.75404373356575, 76.41838185896422, 17.749589532619474, 20.463003504566508, 25.582170599332994, 100.63028718877017, 74.89303068368343], [25.73791521475451, 44.34998901524153, 87.77759231453128, 9.103999182181267, 30.11828602091656, 23.550809980499157, 70.262096771338, 70.39076181637991, 57.296464398187105, 15.886891454691968, 45.76009130337788, 67.5438020309933, 17.689382987993078, 67.59504863411864, 12.672385462628784, 64.3802037651762, 17.106356943208723, 29.656443456841437, 53.6920942431227, 57.13562005518198, 63.45494277841756, 49.37629869746036, 71.868332854074, 0.0, 56.33329746835334, 21.02349388080115, 67.07250492384712, 51.91973451712806, 18.570705336244025, 28.678496067831773, 41.5117545028702, 23.705157599647574, 60.86738697219255, 76.80757392864928, 75.76877534519264, 49.55114688882862, 5.972114398889277], [44.27127619212095, 45.539710132706446, 33.53777416546238, 54.514164983343676, 40.77743140889972, 34.35753586381994, 28.77548515220034, 68.97869098731633, 14.926991310133607, 62.92402593122679, 40.34797038270821, 81.47527512510983, 38.96393530864159, 13.877102167039851, 69.00560370833944, 22.994431481053454, 40.49511514234601, 33.21251122919562, 57.187827408436256, 6.4283848763218945, 7.133508448145775, 19.513130027003633, 61.2620843520535, 56.33329746835334, 0.0, 58.21082314275606, 82.09526040597005, 21.098709115481636, 53.130797259640794, 76.54640651324011, 63.41965145767126, 39.817020870579924, 65.30389838001645, 49.579033257665444, 82.09009770058755, 49.33702328143903, 53.87471171551063], [43.11383042245486, 61.35813447807486, 84.79918939086458, 29.677913108418203, 19.446297842373582, 34.36623190684441, 62.970069629306856, 51.08325374888716, 64.22869053167751, 36.71714279271219, 32.393074210101915, 46.556568653180506, 23.833040967752353, 66.10743714624847, 25.525454468366007, 58.27345526500139, 29.969352155137855, 25.16114870990775, 35.078388710035874, 61.206024375573556, 65.04747584251217, 58.280296021010734, 54.442228419237125, 21.02349388080115, 58.21082314275606, 0.0, 46.06081227677917, 46.15123139500235, 38.66594387273261, 18.721625935675387, 20.66823330772723, 38.93153969948231, 41.208501102188926, 63.49970601380693, 55.123738232972485, 66.96170358562459, 26.252295244213922], [86.5923502106263, 103.32682624365444, 94.01654192059601, 75.52588637281097, 47.30083231913069, 74.53386401579719, 68.54060259798618, 21.822264303552586, 94.06534986382556, 82.75392023169746, 41.753630283946, 1.4893868745880894, 64.43494317816786, 82.33284781668819, 69.731504685905, 68.04383192349071, 72.46298686811723, 55.594180199927635, 25.055932646622605, 87.6190183010229, 86.79260169262957, 91.68479496299489, 33.23985298895407, 67.07250492384712, 82.09526040597005, 46.06081227677917, 0.0, 61.71821792903124, 84.10108943471197, 49.761045279333786, 25.785522096055185, 81.3444103386796, 18.12360187282782, 53.234229266384325, 12.911566826318591, 109.06050591963253, 72.09020068602644], [50.18146332538317, 58.34103631911048, 38.7441074735715, 53.623892157165386, 26.7356253498833, 36.4567952923876, 18.37860105831194, 47.88047265067203, 35.080350223955584, 63.19621226026844, 20.470154585791043, 60.99909842548696, 34.904876736600144, 21.633905956720778, 63.83139243104261, 12.538983356257965, 40.50006554830942, 22.641280876868027, 36.66639636629406, 27.25986546337517, 25.09317888476478, 36.29521313248113, 40.480098132474794, 51.91973451712806, 21.098709115481636, 46.15123139500235, 61.71821792903124, 0.0, 55.92253151099414, 64.80374792401778, 45.66903364523922, 44.352546595934925, 44.48132902699033, 31.881442188773775, 61.0592312580783, 63.254609432874, 51.730197168849365], [10.688555990719793, 27.371258418015792, 86.54090308303975, 9.496421457314796, 41.56147343133987, 19.74295096977734, 73.8164324283858, 84.63154972159846, 49.22446453736345, 11.158886847823636, 56.35110164104286, 84.4281453072429, 23.23043845871227, 66.31119172867676, 25.761134712574936, 67.37507185852282, 15.68017123207029, 37.27000676030643, 67.76413512343333, 51.80558938764253, 59.77277530731767, 40.260027652170535, 84.15723921024889, 18.570705336244025, 53.130797259640794, 38.66594387273261, 84.10108943471197, 55.92253151099414, 0.0, 46.820998843230846, 58.316048799585694, 13.363563076662215, 75.72693076166797, 85.17181667247479, 91.72746113146144, 32.041532774098776, 12.677656495527572], [54.362911158989675, 73.01004176314154, 103.49477493318378, 37.399517983277676, 38.06818863570004, 49.33075771209368, 81.27894430691282, 61.491086067794214, 81.44542235724215, 40.35778353495078, 49.661718560396146, 50.7442862110305, 39.78417370343397, 84.81120105776124, 23.69669881088862, 76.80537790596415, 43.67451844227611, 43.7655184780651, 47.85417978217316, 79.15486670791066, 83.47706614293716, 74.72576468299106, 67.51510987988331, 28.678496067831773, 76.54640651324011, 18.721625935675387, 49.761045279333786, 64.80374792401778, 46.820998843230846, 0.0, 29.860666690360656, 51.71664648328436, 51.55454602928284, 79.6461224754464, 61.3924338239412, 78.22936907932004, 34.60113798783039], [61.05644892361108, 78.25252788850044, 83.0705694910785, 49.80233758234212, 23.949409461353845, 49.635199000021345, 58.38984747616834, 31.888033126964977, 73.22417045797644, 57.32322543925556, 25.92762241384431, 26.13328256217868, 39.215660746522396, 67.2983787149508, 45.56881023372143, 55.539187037605814, 47.01207734955464, 32.56187961890478, 18.305691492172496, 68.03892674901044, 69.28342227720053, 69.36527380546043, 37.75404373356575, 41.5117545028702, 63.41965145767126, 20.66823330772723, 25.785522096055185, 45.66903364523922, 58.316048799585694, 29.860666690360656, 0.0, 55.99914187232188, 21.870335486515895, 51.69275682307636, 34.47848570570119, 83.97972470719816, 46.37029108003103], [6.071562239971743, 22.476273875943765, 73.28685694239344, 17.39001794502935, 35.27687927942867, 8.27200049880581, 61.69971172871529, 78.53259114677914, 36.253864266739505, 23.84419141009846, 48.318861385623364, 81.43913036939941, 16.92468392010013, 53.12999221646046, 34.74997918832152, 55.173262713771514, 9.063580342916538, 28.8780068259846, 61.98083881295345, 38.46045572686287, 46.41622153435381, 27.48134936239645, 76.41838185896422, 23.705157599647574, 39.817020870579924, 38.93153969948231, 81.3444103386796, 44.352546595934925, 13.363563076662215, 51.71664648328436, 55.99914187232188, 0.0, 70.45717132884242, 74.92351672972745, 87.33085562460397, 28.14410338205952, 18.552890054468484], [76.1818444528164, 91.37781749193698, 75.89612531100467, 68.22729076236014, 35.183138074358766, 62.85839470358463, 50.41704374260721, 10.026167536247776, 78.08257397165542, 76.70517715858773, 25.539725616225468, 17.10951364649168, 53.79525927797866, 64.55489317407422, 66.69182198020799, 50.03801874840203, 62.135255704832836, 42.450189095569215, 8.747980312142014, 71.11223849084391, 69.54464709845772, 76.68677655404363, 17.749589532619474, 60.86738697219255, 65.30389838001645, 41.208501102188926, 18.12360187282782, 44.48132902699033, 75.72693076166797, 51.55454602928284, 21.870335486515895, 70.45717132884242, 0.0, 36.14863122844562, 17.432931006181487, 97.04689651496082, 64.90400932093098], [80.93600742194766, 90.21386584451525, 44.74409673725613, 80.94478406915123, 46.83600617272034, 66.7145158744031, 22.754552530173733, 32.10670997444819, 64.50384618608138, 90.60834559855716, 31.466660815974848, 51.94210077761893, 62.33257072656083, 41.497768307365185, 86.85093598244144, 26.910382050724117, 69.50021360407855, 48.21867666316984, 34.035588625456064, 55.9687185939432, 50.18303091213768, 67.4610654230478, 20.463003504566508, 76.80757392864928, 49.579033257665444, 63.49970601380693, 53.234229266384325, 31.881442188773775, 85.17181667247479, 79.6461224754464, 51.69275682307636, 74.92351672972745, 36.14863122844562, 0.0, 46.003006613912596, 95.13191247141415, 78.37104911440694], [92.93167070573053, 108.57144490271344, 89.31090399060375, 83.71350332487472, 52.178131549368544, 79.91762394119465, 64.37548595860171, 14.269173807308713, 95.23351867667776, 91.6423578968682, 42.871812359573546, 11.528708013833878, 70.50701881024986, 80.14574753053292, 79.89760254610569, 65.10385724083478, 78.79563380599488, 59.73554374570581, 26.173808596660805, 88.04848630058142, 85.91188293056132, 94.07106279380663, 25.582170599332994, 75.76877534519264, 82.09009770058755, 55.123738232972485, 12.911566826318591, 61.0592312580783, 91.72746113146144, 61.3924338239412, 34.47848570570119, 87.33085562460397, 17.432931006181487, 46.003006613912596, 0.0, 114.26207122945193, 80.3146363517555], [24.050076047548174, 5.734313768379633, 80.18793406834936, 41.03792358976533, 62.15334535668387, 34.534919290898074, 77.23949385188662, 104.36675459549308, 37.28598924208657, 41.759069497579674, 73.15469893072401, 109.07452741293864, 44.76427232516113, 62.80567046755281, 57.780369973860175, 70.88071361948782, 37.20709630456125, 54.607861259254285, 88.37083375979812, 44.48521347520368, 53.36648888536787, 29.903861985917086, 100.63028718877017, 49.55114688882862, 49.33702328143903, 66.96170358562459, 109.06050591963253, 63.254609432874, 32.041532774098776, 78.22936907932004, 83.97972470719816, 28.14410338205952, 97.04689651496082, 95.13191247141415, 114.26207122945193, 0.0, 43.64174592682788], [19.97019603808899, 38.49873999363229, 86.1604969812203, 3.436344503229786, 32.413885517654585, 19.930990145851982, 70.09674529047554, 74.19675901691943, 53.47021572236952, 12.353523413779456, 47.94188265199021, 72.49436162316928, 16.825445686475906, 65.83496565309693, 16.30208624334393, 63.979311538918644, 13.488360387473094, 30.34374086582294, 57.36407790744281, 54.06418800619708, 60.92765129513802, 45.191275931133774, 74.89303068368343, 5.972114398889277, 53.87471171551063, 26.252295244213922, 72.09020068602644, 51.730197168849365, 12.677656495527572, 34.60113798783039, 46.37029108003103, 18.552890054468484, 64.90400932093098, 78.37104911440694, 80.3146363517555, 43.64174592682788, 0.0]]",Route_3,1568.699592501265
