instance_id,num_cities,city_coordinates,distance_matrix,best_route,total_distance
2144,57,"[[23.197266575305765, 23.079316633095125], [52.13712819359229, 33.71077627039738], [26.199543755858624, 43.028560450098986], [52.94729486639318, 66.39945686789574], [64.82018509880449, 13.56004360638935], [6.861664466981365, 41.94418080696413], [81.96471013834878, 67.4080412017283], [1.711682774990675, 23.554244764878042], [63.34201059857283, 5.64305741193073], [63.639719793622895, 66.88618403321706], [46.01046864700056, 57.21745408757719], [47.42045587335391, 52.30825130242971], [8.454934088857268, 22.349154339408795], [37.963201615686295, 65.5870237439328], [63.82506284379099, 56.69709676716862], [81.54725317315825, 13.251130098831943], [8.050850699524027, 19.312962716523362], [3.9824802102288004, 63.41514221841207], [95.21898406663351, 17.52049235991777], [12.462288777876317, 29.310397924050402], [34.35549118149598, 49.039866832202165], [15.807174759153519, 63.580063310512166], [2.747123220091263, 11.467947284445712], [68.70462067977343, 95.51768601588094], [51.02633633838924, 78.2337846225753], [72.07018192732309, 66.08366585279087], [30.947498803906946, 46.65298569511156], [38.13396658541733, 2.1988011427905074], [14.887777714428696, 61.015537977635205], [33.59337020732287, 12.205984499448297], [63.33281784177984, 90.651688225557], [51.337309443261184, 25.71478828532985], [68.33147988482202, 94.4040819716783], [38.887188075632274, 38.546656252280634], [64.7523446786201, 82.85301892530853], [11.944637213405274, 67.2294235424608], [70.49895803778077, 44.939057673268415], [72.53396497743275, 42.35593003477259], [55.04719830694869, 96.15011568399959], [17.774773401517052, 95.891774577937], [72.2437450751284, 62.4750919764933], [58.0948937461631, 21.556617778247933], [49.7106397745819, 86.50933633553126], [0.7720999375559812, 6.890035753555179], [44.08784003754855, 66.89642061614607], [91.86894690187725, 37.041487487941836], [74.31080290311807, 43.910133027412826], [45.053440850610215, 32.60962570216769], [1.4661082107621959, 31.606430406180465], [37.39659028134283, 77.47645888143614], [86.78128075605119, 66.52017906730234], [39.69850342653706, 60.98293005586422], [85.81684790580302, 28.762479387427565], [3.6033543126126832, 18.05170561708923], [89.42263119827321, 21.925945703209994], [51.74498348871194, 94.77515838467474], [58.63978647164271, 57.13598456320519]]","[[0.0, 30.830885885831446, 20.17389395082504, 52.551867077043916, 42.69758664574359, 24.954658814338032, 73.61146816099505, 21.490832184229653, 43.76783760161424, 59.62074851700233, 41.05915997222898, 37.961737600817266, 14.76040325045749, 44.9993111218105, 52.7330349095939, 59.171903691886044, 15.607669131135774, 44.67870679310959, 72.23592124214026, 12.412337506118503, 28.25696627386856, 41.169453949250624, 23.516637969734933, 85.54669272640722, 61.77760486682176, 65.09943092543126, 24.814994915226546, 25.672961152405424, 38.835608596119336, 15.043547534283126, 78.59317959017511, 28.263186717709335, 84.40568323088719, 22.032072793580586, 72.7991758324963, 45.56153649367768, 52.10852419282873, 52.968836436721645, 79.71047500327656, 73.01409086052603, 62.90933291762888, 34.93083156695118, 68.74828258113456, 27.658288344138068, 48.54229764898714, 70.07668580815418, 55.19525801722793, 23.843639506260928, 23.344269385954522, 56.219835276306824, 77.0067230075722, 41.33974755756444, 62.87694573449789, 20.22864973957427, 66.23540732830811, 77.1703690896676, 49.15311635190619], [30.830885885831446, 0.0, 27.56046785677016, 32.69871877066413, 23.80991304808086, 46.01800262856287, 45.00211448947113, 51.43812475087886, 30.22161861362437, 35.112922033725006, 24.291971085124747, 19.18627309676292, 45.135579476799315, 34.88546040444275, 25.78718182290575, 35.82670195230566, 46.37776297339177, 56.57932023960016, 46.023598279224444, 39.918118846632154, 23.476959604726627, 47.03232744435744, 54.16748132026029, 63.98887324813603, 44.53686261147826, 38.0175040088857, 24.82944176709129, 34.48322942341073, 46.18510715597189, 28.39589810809319, 58.031120280275246, 8.03589036079547, 62.81667281580881, 14.104844853053345, 50.735625551660306, 52.334845429612365, 21.522804150226108, 22.153321069228376, 62.50711651061555, 71.04398621543346, 35.0950409667923, 13.535824283422416, 52.85428829337447, 57.94582167520959, 34.147884714306215, 39.87118075857171, 24.406940168336135, 7.168762720793388, 50.71469745169159, 46.18136455706614, 47.714507423429225, 29.974818734960735, 34.04128613808657, 50.99738915724368, 39.1035927481016, 61.065641243403334, 24.311004673656115], [20.17389395082504, 27.56046785677016, 0.0, 35.51958598917628, 48.57929005974107, 19.368258946060003, 60.86142344199545, 31.287446473401396, 52.6995130962233, 44.39541625857933, 24.36795944879539, 23.16116951739028, 27.24901850205047, 25.441460500968354, 40.03134486483578, 62.84953695984082, 29.863098223624167, 30.15311971897218, 73.58223072526368, 19.413916591486203, 10.131894335674598, 23.029667891336352, 39.3203297592796, 67.54102358543538, 43.078735345531065, 51.33861442799801, 5.973234927153962, 42.5382145061054, 21.248233139537515, 31.69700077023065, 60.389091262062784, 30.523334849394946, 66.44203679591189, 13.455994337970953, 55.42838579494958, 28.087081282136086, 44.34059207273968, 46.33930320595984, 60.449043032684806, 53.53032937923178, 49.982357522794906, 38.44941707109841, 49.430248912996724, 44.187643820140984, 29.827267604785707, 65.94175878916572, 48.11933527121741, 21.541207880272932, 27.24349259187642, 36.22197616405791, 64.9769420888413, 22.462887172646116, 61.300440642736724, 33.681316107068945, 66.65192521530655, 57.70857725630984, 35.374973675835186], [52.551867077043916, 32.69871877066413, 35.51958598917628, 0.0, 54.15689352511963, 52.17227095428725, 29.034938116406835, 66.78922178415648, 61.63919361904087, 10.703497286303442, 11.507768378614095, 15.136314727938238, 62.60989794281443, 15.006102029734164, 14.576063518463508, 60.35480306901749, 65.06019236288826, 49.05567457735805, 64.62235587793039, 54.90568286914644, 25.436401680762724, 37.24697976496354, 74.41456832122886, 33.10837636465423, 11.98921995258616, 19.125494333749955, 29.562039012364846, 65.88747142130624, 38.43843686282759, 57.545693557890544, 26.382376945563724, 40.71651152463729, 31.952029292122567, 31.200402322739524, 20.2504050686966, 41.01105679312612, 27.723809508698555, 31.01175307224349, 29.824675932051207, 45.901013824393736, 19.691460851320038, 45.13732371161424, 20.36868155738551, 79.14304876125307, 8.873382265597115, 48.75228572370338, 31.018851726608485, 34.69964872201013, 62.13587747700628, 19.092521748042717, 33.834201261903715, 14.313253904066018, 49.96948659808148, 69.08204919068982, 57.51820021383836, 28.401161758249184, 10.872735617847292], [42.69758664574359, 23.80991304808086, 48.57929005974107, 54.15689352511963, 0.0, 64.5356440926293, 56.51142878975181, 63.894969460444614, 8.053798498620603, 53.339204635600694, 47.53708997109723, 42.47557152969787, 57.04638453830035, 58.55001472284037, 43.14852979764571, 16.729920320169384, 57.06008593075437, 78.6559418844116, 30.655703107510156, 54.67561584733114, 46.764467618163046, 70.03054729013309, 62.1083076409175, 82.0496434428864, 66.12838301859422, 53.02163094338211, 47.355059844963364, 29.004001256049634, 68.88591476650807, 31.256158502476726, 77.10599154051071, 18.152844244169415, 80.92025537702304, 36.011819533587484, 69.29300852806836, 75.34073205712521, 31.888728195113764, 29.8111636004413, 83.16628689931181, 94.82502141596683, 49.47515740017092, 10.448671794249677, 74.4976353288262, 64.394457972557, 57.224114185069645, 35.8191809208679, 31.79936719766095, 27.45197180891238, 65.87420690121172, 69.55114445014219, 57.3329370476081, 53.66590210964989, 25.92245942628489, 61.38139293893228, 25.985932193609138, 82.2609005882785, 44.01204332296472], [24.954658814338032, 46.01800262856287, 19.368258946060003, 52.17227095428725, 64.5356440926293, 0.0, 79.3024315851635, 19.09743592893706, 67.14015980682366, 62.01492636142994, 42.0226337279064, 41.86202954445257, 19.659694055406522, 39.067756976238634, 58.84281845700436, 80.00767662748157, 22.66244020737313, 21.66314579917281, 91.67078315468598, 13.819531924214777, 28.394704921455265, 23.412252478023, 30.752727674003733, 81.82097343289892, 57.16164436580833, 69.53319701878654, 24.5418063552882, 50.573234862286995, 20.6914271666349, 39.98680296563548, 74.57487809183661, 47.344230669400076, 80.81200057983331, 32.205237703018646, 70.88627435236761, 25.791085904511178, 63.70772653658606, 65.67359128113547, 72.52674711674338, 55.040338119373445, 68.5298094124107, 55.140697389705544, 61.82303593480943, 35.57914953429144, 44.81520299078893, 85.14854355035408, 67.47778333577816, 39.315972610907025, 11.661093887921862, 46.85002112753166, 83.61294611652134, 37.95697519321433, 80.0479746412849, 24.113625935575296, 84.95318101327727, 69.32261188258131, 53.960771118449884], [73.61146816099505, 45.00211448947113, 60.86142344199545, 29.034938116406835, 56.51142878975181, 79.3024315851635, 0.0, 91.45328787369323, 64.51138008679342, 18.332419535855692, 37.37051708164189, 37.70025408041139, 86.22059185668876, 44.03917411636525, 21.065876071295556, 54.15852001785873, 88.18387149383022, 78.08438657537843, 51.61824587110685, 79.25917611407434, 51.029673322008136, 66.26818921764131, 96.97793658676224, 31.08025263776406, 32.77773167868751, 9.982768082233319, 55.07747435590926, 78.57085381658403, 67.38085010500522, 73.3965502655581, 29.78950381458687, 51.7335965508703, 30.243200630860482, 51.85221739004062, 23.12602130936384, 70.02030074687347, 25.225358115077004, 26.768399806705816, 39.37841145523768, 70.22585738405338, 10.900970132015665, 51.69256391934859, 37.485791052337014, 101.26533925605045, 37.88032529237949, 31.94090622259029, 24.713032685894273, 50.72840941437068, 88.10096621406562, 45.691250170700094, 4.897719028799182, 42.751775203403014, 38.83707524160884, 92.60966444810786, 46.08949552199941, 40.76997647391882, 25.48660847666263], [21.490832184229653, 51.43812475087886, 31.287446473401396, 66.78922178415648, 63.894969460444614, 19.09743592893706, 91.45328787369323, 0.0, 64.18027687720414, 75.58266156822015, 55.63806333471754, 54.000785458354386, 6.850086219568421, 55.5060999076622, 70.40256119216812, 80.49765507530306, 7.627156966336025, 39.925526506146916, 93.70176926254078, 12.194622938866571, 41.4141903149042, 42.43523352738415, 12.130569801161652, 98.31983831252278, 73.6327857352112, 82.2135637291181, 37.259693657338126, 42.22129474878082, 39.71093007001032, 33.84117321525452, 91.10011638784268, 49.67263603355803, 97.25171874668946, 40.084792584789966, 86.54749950274389, 44.85793795742827, 72.03471011398403, 73.27550085363124, 90.08239390449997, 74.09953508579655, 80.55807942087752, 56.41858730061797, 79.16592339964171, 16.690676375793043, 60.615863533098974, 91.16050675109274, 75.3989020499309, 44.27762320862492, 8.05592952232037, 64.66079027485549, 95.30429167219856, 53.32827604399411, 84.2662714825139, 5.818621682082248, 87.72606129962725, 87.03878283356336, 66.09494866008534], [43.76783760161424, 30.22161861362437, 52.6995130962233, 61.63919361904087, 8.053798498620603, 67.14015980682366, 64.51138008679342, 64.18027687720414, 0.0, 61.243850214660156, 54.40864580998172, 49.30655357765339, 57.37320665897681, 65.09503087795596, 51.0563245245659, 19.731032086757907, 56.95593624916293, 82.83216543597065, 34.01786146169551, 56.114963240370045, 52.187176353735914, 74.9416924733676, 60.87421226133273, 90.03447369525176, 73.62804838818671, 61.06757014525298, 52.261062103696105, 25.442255879082268, 73.57937406902967, 30.463972444249293, 85.00863131067449, 23.38775812433727, 88.90114895013751, 40.99616032356196, 77.2228411748404, 80.21577453380371, 39.94242773275851, 37.84609678056712, 90.88636590829752, 101.09997060277782, 57.524960055950785, 16.756301465277588, 82.00712979668725, 62.58233516825742, 64.20823613696717, 42.422252487237714, 39.80808310860089, 32.583240918885075, 67.1023400005127, 76.37540443177289, 65.2336058068092, 60.17904066733604, 32.24323160707611, 61.01378209168375, 30.74623915167179, 89.88338256653608, 51.70717994965827], [59.62074851700233, 35.112922033725006, 44.39541625857933, 10.703497286303442, 53.339204635600694, 62.01492636142994, 18.332419535855692, 75.58266156822015, 61.243850214660156, 0.0, 20.106586849895688, 21.807811555007085, 70.91479103281674, 25.70936411502941, 10.190772853979045, 56.54554591020918, 73.16647971310347, 59.75813221638213, 58.6022307289398, 63.490701264778465, 34.293688676585276, 47.946666189711664, 82.3352250364918, 29.07604042454567, 16.966598991087324, 8.468572915058795, 38.4468936096213, 69.53417110982585, 49.104137723852, 62.39156469038838, 23.767485738381584, 42.9701422880799, 27.91500169630906, 37.627339280058045, 16.005553742561506, 51.69622207024634, 22.994031937650057, 26.09292928396361, 30.499329847729918, 54.26709491394107, 9.66886674733277, 45.667435583358795, 24.064234383347127, 86.90152722916964, 19.551882435807038, 41.08035022987226, 25.33319826928829, 38.991437726368936, 71.48579574461512, 28.29939518716127, 23.144455133203273, 24.658269376757787, 44.104896181982355, 77.38973744848015, 51.82838557384442, 30.31962470314616, 10.957450567046497], [41.05915997222898, 24.291971085124747, 24.36795944879539, 11.507768378614095, 47.53708997109723, 42.0226337279064, 37.37051708164189, 55.63806333471754, 54.40864580998172, 20.106586849895688, 0.0, 5.1076742225967555, 51.2466243110316, 11.610693472220603, 17.822192293239965, 56.53229784416937, 53.64404031033341, 42.48250404823746, 63.22441585504377, 43.63810440710448, 14.237676532380258, 30.866191177394004, 62.96613717116405, 44.51889825959833, 21.606598016666364, 27.52668464087588, 18.39839810715468, 55.57959568569214, 31.353585634187187, 46.69279096545523, 37.655169552388486, 31.949854233107082, 43.371336572321106, 19.983488631991847, 31.755945927245232, 35.506624785068645, 27.39425361548048, 30.403301708244438, 39.967669708509774, 47.884836340817586, 26.754953715630574, 37.652736637036696, 29.524661420605543, 67.67096156889829, 9.86807447433592, 50.10059536654829, 31.27289102091894, 24.62643132995175, 51.38214262448172, 22.014226666770433, 41.81865387694721, 7.349810488175053, 48.9309044968696, 57.72624359356302, 55.94735401627122, 37.9929705674356, 12.629580594747608], [37.961737600817266, 19.18627309676292, 23.16116951739028, 15.136314727938238, 42.47557152969787, 41.86202954445257, 37.70025408041139, 54.000785458354386, 49.30655357765339, 21.807811555007085, 5.1076742225967555, 0.0, 49.151392439866555, 16.30231442609896, 16.98155158894122, 51.8661451300794, 51.36783896963639, 44.83548544991769, 59.1175732729792, 41.84464967816991, 13.46757734133051, 33.562677020032396, 60.52798594559729, 48.16711450526004, 26.1750960239328, 28.23775912798374, 17.4166685592038, 50.96269104547292, 33.67776699005474, 42.41910065941128, 41.51412312083743, 26.88036489949408, 47.00350928326783, 16.192534008978352, 35.11947036465354, 38.48603760599725, 24.226478838195337, 27.013645406262942, 44.50029519677775, 52.71043530770412, 26.824621825605075, 32.55159885944228, 34.27767728045304, 65.1067079121416, 14.963990518398374, 46.997259835867844, 28.17124693623481, 19.840327886836764, 50.4020580682449, 27.090894303190886, 41.84797995411868, 11.613724685310432, 45.04094022312173, 55.618785598717736, 51.83885825854614, 42.68652874418377, 12.213942341066506], [14.76040325045749, 45.135579476799315, 27.24901850205047, 62.60989794281443, 57.04638453830035, 19.659694055406522, 86.22059185668876, 6.850086219568421, 57.37320665897681, 70.91479103281674, 51.2466243110316, 49.151392439866555, 0.0, 52.34740875227336, 65.1585167676386, 73.65637212219588, 3.062963100726928, 41.30881509042474, 86.89831036940957, 8.032297544807271, 37.19184038310007, 41.88130009273078, 12.287382629615703, 94.78216478850085, 70.2525173312506, 77.19849256859605, 33.11482577376995, 35.873133455001295, 39.197840511558255, 27.10765325299223, 87.61745408574541, 43.01424889375525, 93.68624943153536, 34.47435497486603, 82.64451626660556, 45.01573715530934, 66.02851384370024, 67.1296750576346, 87.27783785334181, 74.13080598753919, 75.35982536005122, 49.64628595353058, 76.27950055816234, 17.26297448436642, 57.045270786269505, 84.69806483573366, 69.2955356373388, 38.00957734277075, 11.599174424533624, 62.262662721999504, 89.92272242176402, 49.68630848702473, 77.62729189912582, 6.4811952482726145, 80.96880313276142, 84.37745219551688, 61.0626151233404], [44.9993111218105, 34.88546040444275, 25.441460500968354, 15.006102029734164, 58.55001472284037, 39.067756976238634, 44.03917411636525, 55.5060999076622, 65.09503087795596, 25.70936411502941, 11.610693472220603, 16.30231442609896, 52.34740875227336, 0.0, 27.347151000313442, 68.10738075859093, 55.10024919453675, 34.05005868711852, 74.75704691439262, 44.34287018718274, 16.93587837811788, 22.24673945207966, 64.56815480089628, 42.905470398438, 18.182025451116544, 34.11059599835029, 20.192025227238084, 63.38845261723033, 23.52389573038854, 53.55960023523994, 35.66307380240327, 42.055462435335016, 41.86472464895637, 27.056149486979166, 31.871190370766268, 26.07035041294708, 38.53458120718545, 41.65118719001482, 35.0137905957644, 36.413604008251404, 34.42150169879139, 48.41447797445842, 23.994696653169758, 69.48751285789096, 6.263043666422366, 60.99735252453006, 42.3206298451011, 33.73099871058472, 49.86700863891329, 11.902928895574634, 48.82699693624893, 4.920259247565609, 60.38226999975923, 58.65326569007696, 67.48601802331584, 32.27823903811572, 22.336992289468146], [52.7330349095939, 25.78718182290575, 40.03134486483578, 14.576063518463508, 43.14852979764571, 58.84281845700436, 21.065876071295556, 70.40256119216812, 51.0563245245659, 10.190772853979045, 17.822192293239965, 16.98155158894122, 65.1585167676386, 27.347151000313442, 0.0, 46.92150945799314, 67.14414508376967, 60.218492433302345, 50.203432378954616, 58.20795335063628, 30.44813334567634, 48.508687928509836, 76.00125440811357, 39.126055695558385, 25.052670994153395, 12.493585069978302, 34.377585494395845, 60.250283426048135, 49.12745475109371, 53.79046672492045, 33.958159347174075, 33.404302475224085, 37.975314715757214, 30.84373662247903, 26.172354031379726, 52.93872373689717, 13.520072499585398, 16.778380125021975, 40.41771403084267, 60.47191022621284, 10.210751155092131, 35.604607868338974, 32.98464137531389, 80.3518478821045, 22.21675428768966, 34.2462028435418, 16.536540940402446, 30.538173726700244, 67.2174141228489, 33.61913222943049, 24.969599250095634, 24.504269756366455, 35.55251690620885, 71.55501684408179, 43.17717512731722, 39.948305267828324, 5.203817209805613], [59.171903691886044, 35.82670195230566, 62.84953695984082, 60.35480306901749, 16.729920320169384, 80.00767662748157, 54.15852001785873, 80.49765507530306, 19.731032086757907, 56.54554591020918, 56.53229784416937, 51.8661451300794, 73.65637212219588, 68.10738075859093, 46.92150945799314, 0.0, 73.74596254203571, 92.37273470415485, 14.32283769858437, 70.92695107347748, 59.22749426447301, 82.79347455026428, 78.82030335877785, 83.26295353765138, 71.79325701893646, 53.675801937111146, 60.63018307331162, 44.798073928483554, 82.00563595537596, 47.96527098667272, 79.51485429006024, 32.680016455831286, 82.2220059429665, 49.59581431436489, 71.59952429697502, 88.08053310197076, 33.558748179292046, 30.468487711245785, 87.03157311551912, 104.38584816030486, 50.0954457597052, 24.879595822398304, 79.87699752562801, 81.0252362014733, 65.42954093642506, 25.932960998140047, 31.501439222446578, 41.31040655643235, 82.15781659623897, 77.93698666884893, 53.52556980307431, 63.479465833397455, 16.088237813192713, 78.09159298470898, 11.716398969326047, 86.80059024163008, 49.50386330419338], [15.607669131135774, 46.37776297339177, 29.863098223624167, 65.06019236288826, 57.06008593075437, 22.66244020737313, 88.18387149383022, 7.627156966336025, 56.95593624916293, 73.16647971310347, 53.64404031033341, 51.36783896963639, 3.062963100726928, 55.10024919453675, 67.14414508376967, 73.74596254203571, 0.0, 44.289432997668655, 87.18656103256679, 10.92746524349713, 39.69411718615945, 44.94148148332797, 9.469624718309944, 97.3963021163979, 72.92842806465117, 79.28413109012112, 35.66137056936641, 34.61052423434121, 42.2592990289218, 26.512816564527125, 90.25136923266426, 43.757295176766625, 96.29346003736339, 36.343014043975515, 85.16101316023106, 48.07440890431499, 67.50157666945675, 68.47664105231607, 90.0699992482804, 77.19371152380305, 77.35436051427129, 50.094313374772064, 79.06257428975869, 14.39824041270642, 59.689614391735354, 85.67248007124422, 70.67815824797269, 39.31911652673626, 13.945901960072304, 65.14725410736627, 91.79870310889456, 52.32552055346749, 78.33800920881694, 4.622877197423965, 81.41372330034619, 87.19931315817546, 63.16503308136647], [44.67870679310959, 56.57932023960016, 30.15311971897218, 49.05567457735805, 78.6559418844116, 21.66314579917281, 78.08438657537843, 39.925526506146916, 82.83216543597065, 59.75813221638213, 42.48250404823746, 44.83548544991769, 41.30881509042474, 34.05005868711852, 60.218492433302345, 92.37273470415485, 44.289432997668655, 0.0, 102.12942045059074, 35.14314636921035, 33.603100123204236, 11.825844584721612, 51.961881878936815, 72.24630637775105, 49.322576596418024, 68.1399746367963, 31.750308960213818, 70.09824845402002, 11.16618171836115, 59.15388948079165, 65.30154680693579, 60.52930313797877, 71.4220424389583, 42.85767405514251, 63.802879859604744, 8.828628781539013, 69.03482833108596, 71.71329361829467, 60.656276856481966, 35.28397654587983, 68.26773744173238, 68.41264040359636, 51.228960355077675, 56.61620088242033, 40.25616954159104, 91.7583821314668, 72.9830004613138, 51.34007845491049, 31.908091061567788, 36.25221894094708, 82.85700106605262, 35.79874258115103, 88.86884030644451, 45.36502085008317, 94.98090770432172, 57.13761749824163, 55.01680605608561], [72.23592124214026, 46.023598279224444, 73.58223072526368, 64.62235587793039, 30.655703107510156, 91.67078315468598, 51.61824587110685, 93.70176926254078, 34.01786146169551, 58.6022307289398, 63.22441585504377, 59.1175732729792, 86.89831036940957, 74.75704691439262, 50.203432378954616, 14.32283769858437, 87.18656103256679, 102.12942045059074, 0.0, 83.59229921665855, 68.54075964930124, 91.80261180184583, 92.66972725929917, 82.38066328948977, 75.09390102134503, 53.79822357832864, 70.56575646729786, 59.105443425997166, 91.35054300488768, 61.8543472791998, 79.7803196612892, 44.64020445142186, 81.44951953643768, 60.12795362890947, 72.08713576649262, 96.98244523181792, 36.9168987146758, 33.63642453619292, 88.2971688969075, 110.18014177717941, 50.48542000819039, 37.34284925544562, 82.6466574841079, 95.04325609611212, 71.08006880193093, 19.806362608858482, 33.66845963399411, 52.3857201074768, 94.80514427967276, 83.2955409646318, 49.72086216649156, 70.50891618073102, 14.655457574347341, 91.61716980321114, 7.280503123718396, 88.64689587823064, 53.92054264565692], [12.412337506118503, 39.918118846632154, 19.413916591486203, 54.90568286914644, 54.67561584733114, 13.819531924214777, 79.25917611407434, 12.194622938866571, 56.114963240370045, 63.490701264778465, 43.63810440710448, 41.84464967816991, 8.032297544807271, 44.34287018718274, 58.20795335063628, 70.92695107347748, 10.92746524349713, 35.14314636921035, 83.59229921665855, 0.0, 29.47141419890781, 34.43251701412199, 20.315941687303173, 86.87119714979067, 62.295132476806764, 70.03837633665415, 25.346959192444036, 37.33729665473675, 31.797781406864935, 27.186091314817762, 79.69042993418444, 39.04094825190803, 85.78201570164242, 27.992566348985324, 74.84024458663453, 37.92255881387571, 60.104159459561245, 61.471881291174405, 79.25290146000299, 66.79298024495638, 68.36460669536835, 46.286669168791484, 68.25802668825226, 25.28503816446642, 49.12112167172984, 79.78212268589294, 63.548335655535325, 32.757718134204154, 11.233332195905833, 54.237337873612226, 83.1136594151691, 41.77272650939487, 73.35660542565523, 14.326160418013703, 77.3138049772912, 76.3463487398817, 53.91312052803946], [28.25696627386856, 23.476959604726627, 10.131894335674598, 25.436401680762724, 46.764467618163046, 28.394704921455265, 51.029673322008136, 41.4141903149042, 52.187176353735914, 34.293688676585276, 14.237676532380258, 13.46757734133051, 37.19184038310007, 16.93587837811788, 30.44813334567634, 59.22749426447301, 39.69411718615945, 33.603100123204236, 68.54075964930124, 29.47141419890781, 0.0, 23.568142814638527, 49.09926744551938, 57.793168916059386, 33.618475786331786, 41.387062992046175, 4.16072272667909, 46.99321558797415, 22.856258815024614, 36.84176591970629, 50.707288825663525, 28.852061290198755, 56.67697789746039, 11.429949475605817, 45.467548394400715, 28.863581705928347, 36.37536023394616, 38.7591392125659, 51.454079436365305, 49.69931047322646, 40.19981415113937, 36.316500556757944, 40.49372461476787, 53.89297196668617, 20.336546592152498, 58.75166972766842, 40.28326083722605, 19.606094733882575, 37.22413488337551, 28.598742124604826, 55.263231251458095, 13.083750953570162, 55.31223804450408, 43.65730245327076, 61.38040915973562, 48.92965701997504, 25.598322602336744], [41.169453949250624, 47.03232744435744, 23.029667891336352, 37.24697976496354, 70.03054729013309, 23.412252478023, 66.26818921764131, 42.43523352738415, 74.9416924733676, 47.946666189711664, 30.866191177394004, 33.562677020032396, 41.88130009273078, 22.24673945207966, 48.508687928509836, 82.79347455026428, 44.94148148332797, 11.825844584721612, 91.80261180184583, 34.43251701412199, 23.568142814638527, 0.0, 53.723715274701306, 61.79119297274811, 38.14604685463393, 56.31868252449807, 22.71024810031663, 65.31573300940516, 2.724349667134604, 54.365841501864764, 54.69515175916475, 51.92465236670849, 60.900925734821506, 34.04935364484843, 52.60300824644316, 5.313852312103058, 57.78129670891857, 60.56725651517506, 50.995958267721896, 32.37156359286434, 56.44738639369391, 59.61728903202048, 40.92916443696651, 58.64991644750722, 28.474449149496287, 80.5586071638651, 61.72180055174403, 42.597090111234685, 35.04253687800516, 25.67513724312578, 71.03497731907986, 24.032076203177716, 78.18963156545588, 47.135597882615976, 84.58310079668922, 47.588444531927784, 43.314648526963246], [23.516637969734933, 54.16748132026029, 39.3203297592796, 74.41456832122886, 62.1083076409175, 30.752727674003733, 96.97793658676224, 12.130569801161652, 60.87421226133273, 82.3352250364918, 62.96613717116405, 60.52798594559729, 12.287382629615703, 64.56815480089628, 76.00125440811357, 78.82030335877785, 9.469624718309944, 51.961881878936815, 92.66972725929917, 20.315941687303173, 49.09926744551938, 53.723715274701306, 0.0, 106.83983363880019, 82.39271481619971, 88.25283668677733, 45.09155254621755, 36.580674591339665, 51.01332409332599, 30.85507498172746, 99.70301511098613, 50.63574503951537, 105.73414905311053, 45.159282181268274, 94.55409002942349, 56.51492279151044, 75.56868631797325, 76.3169100583135, 99.53073645332543, 85.75087687514659, 86.20620197466945, 56.25972782141078, 88.52560057904323, 4.985778871070893, 69.14745492687503, 92.71842004104245, 78.5738866644386, 47.29476797461565, 20.179184867048566, 74.55004474095759, 100.46137495103228, 61.782991332689505, 84.85092810347462, 6.639202170927873, 87.30414316745086, 96.64823708791279, 72.17727782512648], [85.54669272640722, 63.98887324813603, 67.54102358543538, 33.10837636465423, 82.0496434428864, 81.82097343289892, 31.08025263776406, 98.31983831252278, 90.03447369525176, 29.07604042454567, 44.51889825959833, 48.16711450526004, 94.78216478850085, 42.905470398438, 39.126055695558385, 83.26295353765138, 97.3963021163979, 72.24630637775105, 82.38066328948977, 86.87119714979067, 57.793168916059386, 61.79119297274811, 106.83983363880019, 0.0, 24.72357143756423, 29.625808773301035, 61.752402299729475, 98.19867191420603, 63.92691769520567, 90.40818281163672, 7.248048028656643, 71.9309949268579, 1.1744564785982743, 64.30223572650901, 13.26703727681204, 63.41862121544032, 50.610446466855706, 53.2994950890243, 13.67205738558943, 50.93122113241326, 33.23158771918026, 74.71817664034357, 21.02193317918779, 111.66775615822561, 37.75132742393938, 62.89715258740251, 51.91116262018112, 67.2071600333268, 92.76672977233729, 36.13417556753829, 34.17047042032285, 45.09993577962619, 68.91361209980779, 101.18869997066865, 76.4524702157639, 16.97588409878969, 39.67941398306545], [61.77760486682176, 44.53686261147826, 43.078735345531065, 11.98921995258616, 66.12838301859422, 57.16164436580833, 32.77773167868751, 73.6327857352112, 73.62804838818671, 16.966598991087324, 21.606598016666364, 26.1750960239328, 70.2525173312506, 18.182025451116544, 25.052670994153395, 71.79325701893646, 72.92842806465117, 49.322576596418024, 75.09390102134503, 62.295132476806764, 33.618475786331786, 38.14604685463393, 82.39271481619971, 24.72357143756423, 0.0, 24.299564261335192, 37.42334268385215, 77.12024319605386, 40.03078111832723, 68.29039974422847, 17.482957898657787, 52.51991698911523, 23.684309352840568, 41.50213342498724, 14.48242488327264, 40.60141831607994, 38.57099737466631, 41.83059334384967, 18.361978370338107, 37.64931668713825, 26.429431083841628, 57.116247647466444, 8.379487669411702, 87.26636682546516, 13.292048507700267, 58.00796652933694, 41.476251542660826, 46.013469307394544, 68.04650155065717, 13.650769936445496, 37.624787114542144, 20.637630236067753, 60.479663828360586, 76.62128854071625, 68.15312305930186, 16.556977371010046, 22.42948484198187], [65.09943092543126, 38.0175040088857, 51.33861442799801, 19.125494333749955, 53.02163094338211, 69.53319701878654, 9.982768082233319, 82.2135637291181, 61.06757014525298, 8.468572915058795, 27.52668464087588, 28.23775912798374, 77.19849256859605, 34.11059599835029, 12.493585069978302, 53.675801937111146, 79.28413109012112, 68.1399746367963, 53.79822357832864, 70.03837633665415, 41.387062992046175, 56.31868252449807, 88.25283668677733, 29.625808773301035, 24.299564261335192, 0.0, 45.48215472752943, 72.33908107480526, 57.40656122540152, 66.20626547501878, 26.075453101951606, 45.381695401307226, 28.566131381577385, 43.120737223520926, 18.296500880476092, 60.13646055288562, 21.202905451295972, 23.73226794403006, 34.55102569811967, 61.93960552630525, 3.6127454362262164, 46.6686906820743, 30.2846023574638, 92.66769847009634, 27.994142743466668, 35.14881532418039, 22.28645194541496, 43.01645804121578, 78.57235512198022, 36.497310731418835, 14.71757359536715, 32.77107069700808, 39.77237464253694, 83.63477558830714, 47.444828427444, 35.16127749778254, 16.138045809699573], [24.814994915226546, 24.82944176709129, 5.973234927153962, 29.562039012364846, 47.355059844963364, 24.5418063552882, 55.07747435590926, 37.259693657338126, 52.261062103696105, 38.4468936096213, 18.39839810715468, 17.4166685592038, 33.11482577376995, 20.192025227238084, 34.377585494395845, 60.63018307331162, 35.66137056936641, 31.750308960213818, 70.56575646729786, 25.346959192444036, 4.16072272667909, 22.71024810031663, 45.09155254621755, 61.752402299729475, 37.42334268385215, 45.48215472752943, 0.0, 45.03132069334084, 21.54524424414951, 34.5484663459529, 54.6323595824621, 29.225887303548422, 60.64428445510889, 11.346860480646521, 49.52989007135465, 28.008901140772902, 39.58857760507242, 41.807880311609395, 55.05235138732758, 50.970373994843534, 44.22351188307766, 36.97037644884641, 44.052061761709915, 49.91639895663642, 24.134316338746817, 61.67498468698729, 43.449964132981314, 19.904611548994563, 33.09911203292958, 31.490907896604167, 59.26311314441395, 16.790693472503172, 57.71235298279757, 39.569375280161495, 63.488326606548405, 52.42402954351028, 29.610066895248355], [25.672961152405424, 34.48322942341073, 42.5382145061054, 65.88747142130624, 29.004001256049634, 50.573234862286995, 78.57085381658403, 42.22129474878082, 25.442255879082268, 69.53417110982585, 55.57959568569214, 50.96269104547292, 35.873133455001295, 63.38845261723033, 60.250283426048135, 44.798073928483554, 34.61052423434121, 70.09824845402002, 59.105443425997166, 37.33729665473675, 46.99321558797415, 65.31573300940516, 36.580674591339665, 98.19867191420603, 77.12024319605386, 72.33908107480526, 45.03132069334084, 0.0, 63.24392325690314, 10.989118900190915, 91.97225308709645, 26.969054746317155, 97.02424244590516, 36.35565861972259, 84.93315547195067, 70.10608263656039, 53.611772960821, 52.87678971172441, 95.46154676772957, 95.87945566292312, 69.25827189070111, 27.80582093750498, 85.10161988243878, 37.65523551361498, 64.97099794987845, 64.04264908134992, 55.21411679585957, 31.188096679468675, 47.00362216549653, 75.28126910746448, 80.64614581072199, 58.80494526479971, 54.582837713869274, 37.995759818774616, 54.951681960406844, 93.57158597201794, 58.639430176073525], [38.835608596119336, 46.18510715597189, 21.248233139537515, 38.43843686282759, 68.88591476650807, 20.6914271666349, 67.38085010500522, 39.71093007001032, 73.57937406902967, 49.104137723852, 31.353585634187187, 33.67776699005474, 39.197840511558255, 23.52389573038854, 49.12745475109371, 82.00563595537596, 42.2592990289218, 11.16618171836115, 91.35054300488768, 31.797781406864935, 22.856258815024614, 2.724349667134604, 51.01332409332599, 63.92691769520567, 40.03078111832723, 57.40656122540152, 21.54524424414951, 63.24392325690314, 0.0, 52.271136406722654, 56.79104959813701, 50.74161302215336, 63.01606280719111, 32.875862630103235, 54.436666068618905, 6.875641775246309, 57.88831139300122, 60.59095538562395, 53.35932545423973, 34.9955229064733, 57.37453520297339, 58.51376982455817, 43.157449840943116, 55.93587712827421, 29.786379778046584, 80.62788293356677, 61.83599923254014, 41.435046574694915, 32.327029254403314, 27.88563358028041, 72.1039309131051, 24.81074713985932, 77.91785922775517, 44.4210434660933, 84.16317845732166, 49.98165250884826, 43.92367476642576], [15.043547534283126, 28.39589810809319, 31.69700077023065, 57.545693557890544, 31.256158502476726, 39.98680296563548, 73.3965502655581, 33.84117321525452, 30.463972444249293, 62.39156469038838, 46.69279096545523, 42.41910065941128, 27.10765325299223, 53.55960023523994, 53.79046672492045, 47.96527098667272, 26.512816564527125, 59.15388948079165, 61.8543472791998, 27.186091314817762, 36.84176591970629, 54.365841501864764, 30.85507498172746, 90.40818281163672, 68.29039974422847, 66.20626547501878, 34.5484663459529, 10.989118900190915, 52.271136406722654, 0.0, 83.89376126200942, 22.30101251813735, 89.23711947401813, 26.867368609770686, 77.21324473995142, 59.12906632411887, 49.330279671965215, 49.24823993639701, 86.64227548060734, 85.1677137533087, 63.41005160036219, 26.225159645632992, 76.03127298934582, 33.248986348309124, 55.68821867910768, 63.347020827931296, 51.60486759231001, 23.401747658635347, 37.53049779546886, 65.38118467098283, 76.01963930521, 49.15753319113883, 54.78511792356878, 30.55443517314962, 56.6690747109769, 84.54081582765724, 51.43955553282687], [78.59317959017511, 58.031120280275246, 60.389091262062784, 26.382376945563724, 77.10599154051071, 74.57487809183661, 29.78950381458687, 91.10011638784268, 85.00863131067449, 23.767485738381584, 37.655169552388486, 41.51412312083743, 87.61745408574541, 35.66307380240327, 33.958159347174075, 79.51485429006024, 90.25136923266426, 65.30154680693579, 79.7803196612892, 79.69042993418444, 50.707288825663525, 54.69515175916475, 99.70301511098613, 7.248048028656643, 17.482957898657787, 26.075453101951606, 54.6323595824621, 91.97225308709645, 56.79104959813701, 83.89376126200942, 0.0, 66.03554494047887, 6.250366472974268, 57.554523467749355, 7.926808897352552, 56.47430912529578, 46.270921293170375, 49.16443193849241, 9.944053277800311, 45.858411640628795, 29.552076074969474, 69.29332297523366, 14.238076221008528, 104.54596046491841, 30.572567930746064, 60.73190499944761, 48.01342664659672, 60.8524169212229, 85.52094615663053, 29.090798688536477, 33.64758754051896, 37.93172852916493, 65.84683575183774, 94.0125857969662, 73.51126475734583, 12.299630528892939, 33.84267919984577], [28.263186717709335, 8.03589036079547, 30.523334849394946, 40.71651152463729, 18.152844244169415, 47.344230669400076, 51.7335965508703, 49.67263603355803, 23.38775812433727, 42.9701422880799, 31.949854233107082, 26.88036489949408, 43.01424889375525, 42.055462435335016, 33.404302475224085, 32.680016455831286, 43.757295176766625, 60.52930313797877, 44.64020445142186, 39.04094825190803, 28.852061290198755, 51.92465236670849, 50.63574503951537, 71.9309949268579, 52.51991698911523, 45.381695401307226, 29.225887303548422, 26.969054746317155, 50.74161302215336, 22.30101251813735, 66.03554494047887, 0.0, 70.76030593578754, 17.87910393699717, 58.691912313651194, 57.22977866409656, 27.142979025152826, 26.948577041457536, 70.5329612389747, 77.78980158520876, 42.28946651704148, 7.934439336008077, 60.81630642220267, 53.95564586063646, 41.814849612247706, 42.08453100490892, 29.30617634617887, 9.328761305464536, 50.218006324948725, 53.60610220535805, 54.049560768718244, 37.13897722664755, 34.613971075906726, 48.345147723376066, 38.27332048953784, 69.06157337033254, 32.258607320881154], [84.40568323088719, 62.81667281580881, 66.44203679591189, 31.952029292122567, 80.92025537702304, 80.81200057983331, 30.243200630860482, 97.25171874668946, 88.90114895013751, 27.91500169630906, 43.371336572321106, 47.00350928326783, 93.68624943153536, 41.86472464895637, 37.975314715757214, 82.2220059429665, 96.29346003736339, 71.4220424389583, 81.44951953643768, 85.78201570164242, 56.67697789746039, 60.900925734821506, 105.73414905311053, 1.1744564785982743, 23.684309352840568, 28.566131381577385, 60.64428445510889, 97.02424244590516, 63.01606280719111, 89.23711947401813, 6.250366472974268, 70.76030593578754, 0.0, 63.14284067210427, 12.092860138341265, 62.593434856985965, 49.51248923641219, 52.2175353784611, 13.398536142608535, 50.57859032960257, 32.16778234556909, 73.56317512986578, 20.225298392621795, 110.55757823110473, 36.66640841826407, 62.003867617145914, 50.846742115333335, 66.03349094908391, 91.73070898696811, 35.26346293637005, 33.43511916187341, 44.00932555993813, 67.93053867486888, 100.09703100034741, 75.48454742977238, 16.590646774687684, 38.50766164885246], [22.032072793580586, 14.104844853053345, 13.455994337970953, 31.200402322739524, 36.011819533587484, 32.205237703018646, 51.85221739004062, 40.084792584789966, 40.99616032356196, 37.627339280058045, 19.983488631991847, 16.192534008978352, 34.47435497486603, 27.056149486979166, 30.84373662247903, 49.59581431436489, 36.343014043975515, 42.85767405514251, 60.12795362890947, 27.992566348985324, 11.429949475605817, 34.04935364484843, 45.159282181268274, 64.30223572650901, 41.50213342498724, 43.120737223520926, 11.346860480646521, 36.35565861972259, 32.875862630103235, 26.867368609770686, 57.554523467749355, 17.87910393699717, 63.14284067210427, 0.0, 51.303607079921434, 39.352283115294824, 32.251616952748904, 33.86172120004407, 59.82728866644336, 61.10807351860575, 41.05155211521741, 25.64366129231264, 49.16874807688052, 49.54696322857385, 28.822836784669175, 53.003134825513186, 35.82735505955546, 8.559848423768821, 38.05921640086488, 38.958329206080485, 55.46496274553059, 22.4509379489585, 47.93874308634163, 40.804312597510254, 53.198487109669436, 57.67986958148624, 27.124311428042102], [72.7991758324963, 50.735625551660306, 55.42838579494958, 20.2504050686966, 69.29300852806836, 70.88627435236761, 23.12602130936384, 86.54749950274389, 77.2228411748404, 16.005553742561506, 31.755945927245232, 35.11947036465354, 82.64451626660556, 31.871190370766268, 26.172354031379726, 71.59952429697502, 85.16101316023106, 63.802879859604744, 72.08713576649262, 74.84024458663453, 45.467548394400715, 52.60300824644316, 94.55409002942349, 13.26703727681204, 14.48242488327264, 18.296500880476092, 49.52989007135465, 84.93315547195067, 54.436666068618905, 77.21324473995142, 7.926808897352552, 58.691912313651194, 12.092860138341265, 51.303607079921434, 0.0, 55.07041583662364, 38.34699496597984, 41.23794154759501, 16.462158069510785, 48.753475281914504, 21.7113