instance_id,num_cities,city_coordinates,distance_matrix,best_route,total_distance
2724,67,"[[42.33306371971614, 37.117546909471066], [27.7407281423535, 43.30452612925739], [17.227348766954652, 40.21436275935144], [23.39556086009369, 75.9868597400187], [25.327789792254496, 32.07932545513542], [77.2955375731026, 8.379762938094881], [80.36997714339797, 27.700518289932752], [0.3199798488014438, 49.57657575544289], [11.0585096087081, 94.46112407870645], [45.71142020403669, 69.15763509046535], [58.20190302752034, 55.109754907973915], [7.600940312263393, 96.94224137601441], [14.225969590403508, 78.97583134349553], [89.40985643415709, 91.08911361833208], [98.10131282762144, 20.21364835054239], [44.02651295870286, 14.10739056458663], [12.554084765531904, 24.17507739025908], [16.094635209023767, 94.60332856208382], [17.081658400749657, 56.279631173357636], [33.40534878365558, 21.879718050605845], [40.93684128782841, 56.352097500956674], [25.954690208768294, 82.55613176847831], [72.46799133642403, 2.7708220702640785], [60.149500524666536, 23.69937063303643], [40.67181954835287, 49.03051633895048], [95.05376135694476, 90.9320757043181], [74.52644645731927, 32.25011150033345], [39.90985561215288, 53.78811322686319], [12.61646142339502, 39.3802702097683], [8.60117989949244, 86.25012659204721], [89.34236209966933, 40.334326180923306], [18.338499891167103, 61.63174531147243], [25.33658159216553, 31.95464890112013], [90.27345493075526, 49.84754816438189], [15.02022548752564, 42.13855931770728], [5.509688060154061, 68.80100770229713], [96.91518655234093, 3.6566185222382974], [55.206378745612774, 40.47719187082216], [76.24745405146757, 50.71791722960427], [14.288277066945332, 25.376953981348784], [14.296943563101117, 2.7608078871083075], [39.4050204652018, 41.62669213306124], [2.291614996756275, 22.192356583906314], [54.968292814091555, 14.371013474215477], [55.91688297888887, 39.88050531913113], [13.00040176951941, 44.99071148566245], [35.23798284028995, 26.7765325474167], [69.56517465421524, 91.5739679585801], [67.47513015841767, 78.32604900826801], [41.14733087446739, 88.69765397966547], [16.45484986780805, 62.54597194261944], [72.91155032771275, 67.35179543865858], [13.152317164405147, 87.0842448207614], [90.55927676624738, 24.658882940391948], [64.87108817064342, 63.205827225686065], [32.86869447207509, 37.96123419533629], [38.12069028638609, 75.05562786697806], [1.8734963297618368, 67.16938194940082], [15.721076739492135, 74.00888102648192], [60.335972999424314, 25.946726533615582], [14.431318026367457, 57.18144852810633], [64.24342702659544, 72.96476459250749], [76.15601008284591, 62.55264141944483], [38.3430061255845, 36.51214691822957], [53.62228496005487, 22.17468385123843], [46.42901604067756, 41.57223663833533], [34.62344120883398, 48.66857633079036]]","[[0.0, 15.849762442018845, 25.295991613245405, 43.23716566193006, 17.735924469024294, 45.25742818073314, 39.18529329763746, 43.82153142154288, 65.31755948752543, 32.21770543010536, 23.990406616777083, 69.17596739045858, 50.419487464211045, 71.61811520340001, 58.27383113415431, 23.07238750847103, 32.46991076072552, 63.190744756827975, 31.698879221811897, 17.660564042850513, 19.285159411727086, 48.30027031863611, 45.692574556971756, 22.304099959654604, 12.02824063712559, 75.33575159754832, 32.55926626249323, 16.845762638572616, 29.80262352162013, 59.597402395790404, 47.119229652623936, 34.302842690001654, 17.763330784421633, 49.601754418745195, 27.770518502567953, 48.57780030812197, 64.02219819290228, 13.304489994821596, 36.53978577412784, 30.403150835124084, 44.34421664306293, 5.3764140416947965, 42.73264468866578, 26.020257446623226, 13.861965403195299, 30.370903469082275, 12.541002779754644, 60.88587405488001, 48.27280963476887, 51.593734190820314, 36.280666364215726, 43.00178632754813, 57.86351933371699, 49.80949641086377, 34.47551183097949, 9.501899467581424, 38.171220529086824, 50.39929942617658, 45.488112556672874, 21.187070831123187, 34.366663511295016, 42.0129389099887, 42.31944864260936, 4.035724068105095, 18.727938289902838, 6.0515358377884585, 13.88756853997433], [15.849762442018845, 0.0, 10.9581136854739, 32.96991672655422, 11.48161145726883, 60.62522760102959, 54.8937420027424, 28.12891827802256, 53.80793555755394, 31.485377814724323, 32.66874043948673, 57.294114451078094, 38.14565131708775, 78.01569192010004, 74.05268741811005, 33.4320132846677, 24.42478139334564, 52.60416914707342, 16.791936120108673, 22.161009187690848, 18.557384536829602, 39.29221903579798, 60.36148803313009, 37.87731048212873, 14.142138764409431, 82.45864368926723, 48.07393806456353, 16.062168652125177, 15.625083305628815, 47.01751701281533, 61.6731983437231, 20.598273205304334, 11.601708224592164, 62.87410482022805, 12.773827398126178, 33.827351592176306, 79.73118758635043, 27.610791043887858, 49.06995848814853, 22.413529018312104, 42.71449909237045, 11.78434734347428, 33.06631311182211, 39.73019547539565, 28.3834391834498, 14.83645653900631, 18.148922828837453, 63.868797863573036, 52.96536385544112, 47.33152282422591, 22.30704564518585, 51.17298445606052, 46.14634875663241, 65.52732301215275, 42.12749008855313, 7.405863040177332, 33.40473133660318, 35.194389111939245, 32.973162261163594, 36.928893756716626, 19.22782808585481, 47.03378330020347, 52.10114650947441, 12.591453997855362, 33.411453395532824, 18.768402474664818, 8.726097278856512], [25.295991613245405, 10.9581136854739, 0.0, 36.30039091604655, 11.480242887036278, 67.98256432520463, 64.37070623886635, 19.326410839023286, 54.596388984981296, 40.608562383637974, 43.59801376339621, 57.53885601994012, 38.87749636693474, 88.30942581677841, 83.31042335595689, 37.413489526566515, 16.70622852645605, 54.40075956358617, 16.065929008210826, 24.451725524721322, 28.680420467416116, 43.23183886285957, 66.73490339262666, 45.9897388168741, 25.047310717099187, 92.89368602329982, 57.84994290616645, 26.433743937186424, 4.685722193671804, 46.83697621526943, 72.11511311230214, 21.446186891956696, 11.575082290564326, 73.67857142168897, 2.9281266307634235, 30.8949808469554, 87.67337198155559, 37.97993940571323, 59.94745602863026, 15.125701362361545, 37.5680189420057, 22.222596522798053, 23.406598425273724, 45.74120199385513, 38.69097463655857, 6.378133588633876, 22.47127545397396, 73.32841921673915, 63.066157037670486, 54.06288071845145, 22.344966396560153, 61.94489935324023, 47.04669730185378, 74.96362195419529, 52.90116579692109, 15.802793543961478, 40.62567506082229, 31.021183797512013, 33.828070005960015, 45.40835745417578, 17.195923568875077, 57.29834583257931, 63.02051902340224, 21.43775612841308, 40.62045538405071, 29.23322070926237, 19.341606948697752], [43.23716566193006, 32.96991672655422, 36.30039091604655, 0.0, 43.95002930174768, 86.46344330205454, 74.68369890047985, 35.0711496697022, 22.214888620810694, 23.33743532551757, 40.58737440687892, 26.24115198995976, 9.644446863328618, 67.71975555437893, 93.2287535352103, 65.22809892928319, 52.93390590319042, 19.99691043049834, 20.693965836560487, 55.02525452983279, 26.32907911851315, 7.050140282799309, 88.14018155706967, 63.912702946909164, 32.01739470693962, 73.20011734052382, 67.28499541902474, 27.667784116427246, 38.16059986035958, 18.00578669437545, 74.9672177882741, 15.219828379456125, 44.07497195510792, 71.80470962948635, 34.86909353685634, 19.27539663207083, 103.13485907563184, 47.674570231165276, 58.581926133467334, 51.42280796485537, 73.78915575260537, 37.906779272655136, 57.7860285952899, 69.23402280736038, 48.59326313308445, 32.6928209110866, 50.61520780121306, 48.729777144118806, 44.141593038294836, 21.83322305217109, 15.127158816536273, 50.263282308719006, 15.102185174323404, 84.53121279542572, 43.40016310822558, 39.187861111508184, 14.7545460595177, 23.258271136002524, 7.9252827273586925, 62.19814290103985, 20.83269402720473, 40.95950719231189, 54.44394570630841, 42.20994044449207, 61.72037851228879, 41.41142765936577, 29.535637889718057], [17.735924469024294, 11.48161145726883, 11.480242887036278, 43.95002930174768, 0.0, 57.11668821730613, 55.21608769723195, 30.521211087364787, 63.99297739962033, 42.311859261648294, 40.13860986366184, 67.24164672466966, 48.192662058981774, 87.11295175898123, 73.73452344817552, 25.9351632299779, 15.02147388177403, 63.2020736058203, 25.566647801019606, 13.010724440479825, 28.858446794307554, 50.480699081202886, 55.50844054993744, 35.81585097623956, 22.864429175808592, 91.24339604887943, 49.1989530937413, 26.151636853049293, 14.658842492201527, 56.69440161355872, 64.5446396278111, 30.367675128113845, 0.12498615470044132, 67.33237823311795, 14.40257156892591, 41.72815720020947, 77.02340971600383, 31.03633738345204, 54.22369695627807, 12.91482189520598, 31.324990677060732, 17.009427794671307, 25.06825687337276, 34.52743449202568, 31.56819648397757, 17.851285239230286, 11.23973037361138, 74.13878004147304, 62.57122133490026, 58.78684380848691, 31.73240632375928, 59.23142244986504, 56.33634074139467, 65.65218853894223, 50.32426411895547, 9.56358164173818, 44.839947279707005, 42.20682346014046, 43.016003604341826, 35.54126701454231, 27.36511793717235, 56.44507024364998, 59.26323450310086, 13.749391343875857, 29.977998300459053, 23.13821756141256, 19.016108431379287], [45.25742818073314, 60.62522760102959, 67.98256432520463, 86.46344330205454, 57.11668821730613, 0.0, 19.563838223543193, 87.30643660850458, 108.61558179826856, 68.49457068522162, 50.480283573541975, 112.69715823576713, 94.66559712918051, 83.59182622370295, 23.935770885778595, 33.75846141371505, 66.6404356999386, 105.7357731285483, 76.94224211665693, 45.919467113775525, 60.19385084023081, 90.21095443985142, 7.40036622918704, 22.992976457893715, 54.71545004853338, 84.44074167728134, 24.03042667308001, 58.81842816356763, 71.72457279538686, 103.83982045337262, 34.14996476153103, 79.44624546776062, 57.057062269263405, 43.45116282121261, 70.8369312460396, 93.82928652159373, 20.180156571284684, 38.96377653407778, 42.35112498954399, 65.2596305525218, 63.248679852642006, 50.408824501263965, 76.26516993400634, 23.117113606922292, 38.07024616173514, 73.98801282338813, 45.90510910739674, 83.55258380115025, 70.6323108555914, 88.07755939450674, 81.45899261821876, 59.134761024420165, 101.53200575590793, 20.99848864639913, 56.216227801421795, 53.37422439404919, 77.33265561166404, 95.6279436608709, 89.99219615060676, 24.41771980540184, 79.58338152935228, 65.89066723306665, 54.18486214669333, 48.049253215587285, 27.399319923696222, 45.326399171485185, 58.68642341046919], [39.18529329763746, 54.8937420027424, 64.37070623886635, 74.68369890047985, 55.21608769723195, 19.563838223543193, 0.0, 82.98532374522145, 96.23439103094285, 54.03617401826253, 35.251805088403806, 100.44774232037591, 83.69102379533575, 64.02994170932115, 19.247168275774065, 38.80232609395718, 67.90746639761645, 92.77556576541136, 69.44189644929487, 47.32396889943686, 48.74305278385202, 77.26682200198005, 26.152077036032534, 20.612541261594888, 45.06564692991921, 64.91412305406826, 7.405784850997742, 48.14129250359281, 68.7528581029879, 92.62190286410582, 15.495702424542738, 70.70524971514705, 55.19757470356331, 24.260457632625602, 66.9256831881744, 85.40089643301599, 29.186522067980484, 28.221447023808246, 23.383666320564252, 66.12253803424645, 70.62318968638974, 43.2673779371425, 78.27241200373135, 28.686604284891605, 27.318599858883506, 69.55293284112729, 45.14145167612743, 64.780871632014, 52.241950952076465, 72.51942183090898, 72.79662859581063, 40.346646825851586, 89.6919215411273, 10.633596400267184, 38.74070884758121, 48.59685325525019, 63.46265549896289, 87.86062086449894, 79.52323423235471, 20.11062175978853, 72.22902473285936, 48.051197820760876, 35.1059539825097, 42.940785880269516, 27.31252246459001, 36.66624347426102, 50.32300674658787], [43.82153142154288, 28.12891827802256, 19.326410839023286, 35.0711496697022, 30.521211087364787, 87.30643660850458, 82.98532374522145, 0.0, 46.15125891660793, 49.43481305926573, 58.145791785830205, 47.922006061414905, 32.52218903802735, 98.28680943957694, 102.0949096914255, 56.2878684495173, 28.194138438867114, 47.710043177973944, 18.05228018324768, 43.1480887673765, 41.178114673707995, 41.77067739522945, 86.00066360008947, 65.18589793238156, 40.35553429239457, 103.36714533571126, 76.2024018657198, 39.813255466374244, 15.973982155213324, 37.59690951720056, 89.50085876022278, 21.679349103276934, 30.60004360855044, 89.95388321448993, 16.474869054619365, 19.912605429682237, 106.95455310737762, 55.63556030938834, 75.93605203825896, 27.941635979011963, 48.85766711349037, 39.88534880874276, 27.455105259157214, 65.006689851812, 56.43606488374472, 13.484185225228611, 41.702624656026885, 80.98566512355033, 73.05030065250968, 56.544949846990654, 20.70119001386606, 74.73616620740809, 39.64207511842545, 93.61635606762425, 65.97425316907577, 34.55915194540004, 45.58591675165089, 17.6612639195155, 28.88133179570644, 64.50030393805834, 16.03009529135837, 68.06771978089476, 76.93816843267975, 40.204848315688814, 59.93329133380595, 46.79863954481369, 34.315476453553934], [65.31755948752543, 53.80793555755394, 54.596388984981296, 22.214888620810694, 63.99297739962033, 108.61558179826856, 96.23439103094285, 46.15125891660793, 0.0, 42.907933621952424, 61.40871109746717, 4.25567015671068, 15.805919581942012, 78.42387394095417, 114.4077674120546, 86.85396786873613, 70.30195661672805, 5.038132905873709, 38.65365082178232, 75.94367466831564, 48.42533025835924, 19.068954831773052, 110.35504487093488, 86.12288394971749, 54.22995708264058, 84.06935528882344, 88.87288165602473, 49.86676225668405, 55.102882654069965, 8.570819623916854, 95.17390299601063, 33.6268697436323, 64.1164782149722, 90.91412826529285, 52.47233533847552, 26.253209194850207, 124.96730454466075, 69.7373593273699, 78.50520124809896, 69.1596266319804, 91.75748167923987, 59.9583345061913, 72.79857963143614, 91.33725897892586, 70.64925764363451, 49.50851105911212, 71.87385377530778, 58.577858660155464, 58.678579752568965, 30.635840983158076, 32.36815447413649, 67.53306112935327, 7.668270839413142, 105.79567498990062, 62.230918303162504, 60.56336946213607, 33.30067426126224, 28.79589653730085, 20.97698210220751, 84.394852148636, 37.43193884612773, 57.36487524528744, 72.49714362370956, 64.05097738617977, 83.88685482791223, 63.62630855184228, 51.5001303936581], [32.21770543010536, 31.485377814724323, 40.608562383637974, 23.33743532551757, 42.311859261648294, 68.49457068522162, 54.03617401826253, 49.43481305926573, 42.907933621952424, 0.0, 18.79774185335503, 47.16347128895655, 32.98076072510381, 48.893180295171824, 71.69529055041548, 55.07602322957258, 55.88237101836242, 39.04660381764833, 31.392773783181298, 48.853258165974545, 13.6666893131958, 23.871491225657905, 71.5759948707782, 47.696037265442754, 20.74845738859519, 53.93322625706871, 46.82382978285209, 16.428035610794883, 44.51929644469397, 40.85735186221286, 52.29189446936262, 28.388655893160188, 42.41693329160427, 48.565979822074745, 40.88985068132235, 40.203313923885396, 83.13969484983022, 30.211290289913563, 35.67173331812744, 53.89027707288475, 73.45344107185409, 28.243999323569877, 63.96105744464229, 55.56314964651412, 31.004867329121694, 40.670024877589015, 43.656050473865946, 32.73367655219216, 23.616072593608347, 20.0659724309236, 29.99434942483796, 27.260009823786692, 37.16797717347138, 63.1780751617069, 20.062823665921616, 33.73649408335131, 9.612777927036074, 43.88298896109597, 30.380179200476544, 45.6186383266041, 33.494385153662044, 18.9190251312451, 31.152832845234375, 33.46672114257861, 47.644301740455646, 27.594730503259882, 23.296884063227658], [23.990406616777083, 32.66874043948673, 43.59801376339621, 40.58737440687892, 40.13860986366184, 50.480283573541975, 35.251805088403806, 58.145791785830205, 61.40871109746717, 18.79774185335503, 0.0, 65.65374590843705, 50.03471121223635, 47.62825431442388, 53.006614259581035, 43.3835863587948, 55.14233931567046, 57.73009928201406, 41.13688282602088, 41.46208450995883, 17.309701672579838, 42.3460309515156, 54.24836556273137, 31.470706638239477, 18.55427089286136, 51.3935611683814, 28.09010528488406, 18.339731060713525, 48.2229113089847, 58.5658132654667, 34.467977679178375, 40.39340624947027, 40.203088031118064, 32.50038863297172, 45.087794248654866, 54.44189490865653, 64.39055493783428, 14.9360324972771, 18.57229522571269, 53.032499431458135, 68.32318581393646, 23.132569590381234, 64.88077851034409, 40.86687275311162, 15.399719466987568, 46.320306084477515, 36.470715919738495, 38.193753094741126, 24.999781062492545, 37.669688018004976, 42.40417162622324, 19.137431385924913, 55.24339952990888, 44.43259207894281, 10.489252473216506, 30.591554689904957, 28.303585519354698, 57.60489567290614, 46.495134908470796, 29.24100679881956, 43.81958495694416, 18.849439860807223, 19.435702194073855, 27.207477080793794, 33.25194441165917, 17.94060391697477, 24.44243529598511], [69.17596739045858, 57.294114451078094, 57.53885601994012, 26.24115198995976, 67.24164672466966, 112.69715823576713, 100.44774232037591, 47.922006061414905, 4.25567015671068, 47.16347128895655, 65.65374590843705, 0.0, 19.148966092006347, 82.0180337583558, 118.64903882074682, 90.48997099995411, 72.9355454802715, 8.809844842585024, 41.753226030650104, 79.37411356693038, 52.524680614455555, 23.319954650545444, 114.35029743131632, 90.14360373908477, 58.21697733028771, 87.65910106813953, 93.08112075294261, 53.908670769819565, 57.780065563825346, 10.738798712397493, 99.42895000230682, 36.906995516223496, 67.36423492694254, 95.14544025880872, 55.303610728955846, 28.218830037064112, 129.14813979554702, 73.85512564511166, 82.75887862543296, 71.87705358980436, 94.41916581690643, 63.80681391845316, 74.93820261881997, 95.19282410057633, 74.76945925703924, 52.23136645710627, 75.4124181757587, 62.196339900902984, 62.70152492568473, 34.54466009512853, 35.51753180265298, 71.70125711144604, 11.313614852816738, 110.03167495746432, 66.4681538441018, 64.16555624576074, 37.55634419611279, 30.318752827410087, 24.328494250946076, 88.43837854830448, 40.343211419166764, 61.50846034560527, 76.69708062516023, 67.80022807223708, 87.79608090006917, 67.62733832868234, 55.32234893425662], [50.419487464211045, 38.14565131708775, 38.87749636693474, 9.644446863328618, 48.192662058981774, 94.66559712918051, 83.69102379533575, 32.52218903802735, 15.805919581942012, 32.98076072510381, 50.03471121223635, 19.148966092006347, 0.0, 76.15345329270507, 102.41126575361928, 71.38618209522556, 54.8262513100321, 15.738823987553776, 22.875149414692434, 60.231343496497274, 35.004342585089816, 12.263010987387524, 95.91317185557581, 71.86416215433908, 39.951281214997366, 81.70730506552675, 76.28525680129229, 35.97336716379413, 39.62825984110831, 9.195304803544088, 84.47270769210125, 17.824988801144237, 48.3160149156866, 81.43510856844024, 36.845833587151134, 13.397783392936965, 111.85030362852038, 56.227565977687874, 68.15551514603983, 53.598913577647075, 76.21505650304573, 45.04378761512047, 58.024062468426095, 76.37878889839978, 57.15397428103782, 34.00721082704177, 56.269632090637664, 56.75509372088941, 53.25312496259095, 28.622954577685377, 16.580355461315037, 59.82571016872411, 8.179186918646558, 93.68620319036926, 53.043577046446345, 45.0527287768398, 24.214162641650816, 17.087300633809512, 5.187093679406373, 70.27245812775544, 21.795350198697996, 50.37736567017082, 64.07067256301433, 48.834372589476665, 69.12626144340639, 49.35651018403141, 36.531993578640346], [71.61811520340001, 78.01569192010004, 88.30942581677841, 67.71975555437893, 87.11295175898123, 83.59182622370295, 64.02994170932115, 98.28680943957694, 78.42387394095417, 48.893180295171824, 47.62825431442388, 82.0180337583558, 76.15345329270507, 0.0, 71.40639320932794, 89.3634911433893, 101.90337522924212, 73.39939625065814, 80.26872553396365, 89.03058638482106, 59.634666814823476, 64.02632193045027, 89.9285684027013, 73.46799226584501, 64.37640751541839, 5.646089238039437, 60.692207595213425, 61.98076081803756, 92.57985744172599, 80.95343104973757, 50.754832314782945, 76.93422039916167, 87.19099418155852, 41.25060634046225, 89.05040122713903, 86.81012566809503, 87.75403796356827, 61.08555073801673, 42.46271699198086, 99.80651086367398, 115.9475712264961, 70.33501801712079, 111.06912766833975, 84.09451940713929, 61.18905812983473, 89.23826220480002, 84.08745431200175, 19.850603987748418, 25.377707442404706, 48.321738923626015, 78.33992545194204, 28.90768719121259, 76.36263005923458, 66.4401739538975, 37.143354828888896, 77.58527288091966, 53.73687029845087, 90.74562195191587, 75.64238625453699, 71.33597474676762, 82.2891911106149, 31.013564721516495, 31.464181042290445, 74.74268188004936, 77.6527456187974, 65.56884738030625, 69.28963325783471], [58.27383113415431, 74.05268741811005, 83.31042335595689, 93.2287535352103, 73.73452344817552, 23.935770885778595, 19.247168275774065, 102.0949096914255, 114.4077674120546, 71.69529055041548, 53.006614259581035, 118.64903882074682, 102.41126575361928, 71.40639320932794, 0.0, 54.418474482588564, 85.6388997427213, 110.7200058526733, 88.68449425026525, 64.7174130495309, 67.62961121743113, 95.35051333906299, 31.00515052882425, 38.11155096436505, 64.25386042079411, 70.78406273560225, 26.46980864180704, 67.18251546787309, 87.6071869945453, 111.22540291090657, 21.944495761094053, 89.87527515062644, 73.70588311455742, 30.650340576088336, 85.92536758449587, 104.5654841037712, 16.599461806825616, 47.440347447063886, 37.52467938909246, 83.97192797868517, 85.60241788679896, 62.48018230708607, 95.8301282724513, 43.52693186735818, 46.543650315435805, 88.63446237508703, 63.20498165554447, 76.85444942495536, 65.6887674956036, 89.07196577672438, 91.9683126655725, 53.446506393801684, 108.11109349401664, 8.754565580876173, 54.337604613983316, 67.60378170515827, 81.27310623887399, 107.07302921722494, 98.38917804613673, 38.198024527355365, 91.47287182553177, 62.68202849053812, 47.6884330487847, 61.94107099054402, 44.52223691908072, 55.912570580196515, 69.56380604604927], [23.07238750847103, 33.4320132846677, 37.413489526566515, 65.22809892928319, 25.9351632299779, 33.75846141371505, 38.80232609395718, 56.2878684495173, 86.85396786873613, 55.07602322957258, 43.3835863587948, 90.48997099995411, 71.38618209522556, 89.3634911433893, 54.418474482588564, 0.0, 33.04348732192352, 85.20437681668665, 50.045210211501015, 13.16123865687563, 42.35754165639922, 70.79421551159665, 30.61756811924892, 18.760511978241894, 35.08388065379145, 92.22696094914305, 35.48808625965071, 39.893691465060144, 40.315130943735404, 80.37119250007335, 52.358173528020444, 54.022572221856805, 25.84256497751027, 58.44774167600135, 40.337465643325935, 66.8949740703435, 53.911320061518786, 28.641854338426832, 48.77006979278768, 31.801976881292134, 31.821254452091466, 27.904661827087885, 42.5108031378807, 10.944955159445426, 28.38369854983416, 43.776695702596534, 15.418995434961326, 81.56772556800522, 68.36573513745736, 74.64581090593786, 55.73591993960553, 60.57484654708747, 79.23911422442582, 47.71406604896928, 53.33997373762233, 26.334440744788722, 61.23370290702228, 67.76763047828862, 66.25244357090791, 20.15361910445448, 52.26136271211827, 62.23274131750205, 58.13129033352396, 23.114397184183858, 12.536349599256889, 27.5697259854647, 35.817500190538496], [32.46991076072552, 24.42478139334564, 16.70622852645605, 52.93390590319042, 15.02147388177403, 66.6404356999386, 67.90746639761645, 28.194138438867114, 70.30195661672805, 55.88237101836242, 55.14233931567046, 72.9355454802715, 54.8262513100321, 101.90337522924212, 85.6388997427213, 33.04348732192352, 0.0, 70.51718982322355, 32.422234602725744, 20.977223020496126, 42.90619408673067, 59.89927993355085, 63.62246730824832, 47.59779299719419, 37.52865378146657, 106.12583786048991, 62.4962382030837, 40.314638657351715, 15.205320763663648, 62.20078126747586, 78.47012716583927, 37.900678491363855, 14.963754810056852, 81.84971749815145, 18.13197543067037, 45.178503529417775, 86.82051974621561, 45.661549670380516, 69.00266399010768, 2.109959781249635, 21.485076102770446, 32.0239223874746, 10.452247009661505, 43.53257072189018, 46.119331470884404, 20.820418383446757, 22.832582000306356, 88.277261059324, 77.1274850764747, 70.574333952096, 38.56865977878273, 74.21086598686767, 62.91201180062545, 78.00669232110042, 65.27226270021696, 24.5507940194071, 56.94279352712615, 44.30107440975378, 49.93433511139149, 47.81472141384222, 33.05971174110421, 71.078981989577, 74.2835266050518, 28.587965115638347, 41.11688997879548, 38.08112549280504, 32.96950081774557], [63.190744756827975, 52.60416914707342, 54.40075956358617, 19.99691043049834, 63.2020736058203, 105.7357731285483, 92.77556576541136, 47.710043177973944, 5.038132905873709, 39.04660381764833, 57.73009928201406, 8.809844842585024, 15.738823987553776, 73.39939625065814, 110.7200058526733, 85.20437681668665, 70.51718982322355, 0.0, 38.33640562603206, 74.75549699044272, 45.610216843965304, 15.567775537367112, 107.75511370527532, 83.47575940345524, 51.77759364797031, 79.04442864357333, 85.4529124354822, 47.25512168760172, 55.33248473244519, 11.221758134453205, 91.16114366380562, 33.047847596534446, 63.32669765755129, 86.63473422546215, 52.4757693427674, 27.88908151760736, 121.66867134356939, 66.77849321146033, 74.45999558496352, 69.24993767022242, 91.86011266696293, 57.87830394996284, 73.71480332880684, 89.15371915941046, 67.67864361173301, 49.70901380785746, 70.4765352166717, 53.55628454463433, 53.89717145563172, 25.739358041310197, 32.05938034379204, 63.01434678850088, 8.074271223132616, 102.16265616932444, 58.00814989021968, 59.07364825717039, 29.449273416103782, 30.90084493619546, 20.59783520729346, 81.67634279018492, 37.45882712162145, 52.787627377609084, 68.07800891660331, 62.205911240171815, 81.57348264286586, 61.09395527435482, 49.5309813584278], [31.698879221811897, 16.791936120108673, 16.065929008210826, 20.693965836560487, 25.566647801019606, 76.94224211665693, 69.44189644929487, 18.05228018324768, 38.65365082178232, 31.392773783181298, 41.13688282602088, 41.753226030650104, 22.875149414692434, 80.26872553396365, 88.68449425026525, 50.045210211501015, 32.422234602725744, 38.33640562603206, 0.0, 38.07646110879852, 23.855292954491475, 27.734187873299764, 77.01193756615059, 54.002892534435965, 24.678844560722656, 85.3254988346554, 62.26814185906352, 22.963759483160022, 17.479313059278507, 31.14721674968694, 73.99906790200005, 5.497706456281837, 25.68751680176277, 73.47387815492044, 14.290535990031646, 17.049790841623274, 95.6168064600088, 41.26998169716504, 59.42662733972585, 31.02867120760331, 53.591222067347964, 26.702829744790407, 37.15760585436933, 56.49539188839275, 42.155735040647414, 12.00401447038418, 34.642242215045, 63.247210906383, 55.00496827689602, 40.374308592006265, 6.297611894478812, 56.91721755404234, 31.054209771260506, 79.99270041371481, 48.28873356681554, 24.182517978112042, 28.19891690337896, 18.704942275820194, 17.7813802279648, 52.83011295922813, 2.7995675811464724, 50.026254078560015, 59.406478470007826, 29.030989319227064, 49.98364553722674, 32.826435299231605, 19.121775542625993], [17.660564042850513, 22.161009187690848, 24.451725524721322, 55.02525452983279, 13.010724440479825, 45.919467113775525, 47.32396889943686, 43.1480887673765, 75.94367466831564, 48.853258165974545, 41.46208450995883, 79.37411356693038, 60.231343496497274, 89.03058638482106, 64.7174130495309, 13.16123865687563, 20.977223020496126, 74.75549699044272, 38.07646110879852, 0.0, 35.28552570544162, 61.132147801806894, 43.486089141159596, 26.805984180159577, 28.10635951290345, 92.56756921483178, 42.40860448292471, 32.56461717579636, 27.174384327030612, 68.98402923739779, 58.90264866675758, 42.51157027090109, 12.907720001344575, 63.37334627452487, 27.357510999714727, 54.587318213836234, 66.07254232906072, 28.65573136208159, 51.64385457792504, 19.43432762348938, 27.030794955250627, 20.638290764971618, 31.115304482112077, 22.832897312325915, 28.823558317977668, 30.82985371689159, 5.228512197720599, 78.5163771274781, 65.93131487772723, 67.26496003503138, 44.05750355054016, 60.236614964859385, 68.27748970993507, 57.22145787485591, 51.94169861219872, 16.09046796595313, 53.38456546874128, 55.18524599238403, 55.04709901799939, 27.235988666685525, 40.07774966093534, 59.671341948258025, 59.00767523708707, 15.443070763043618, 20.21908784253496, 23.60955732642393, 26.816537381102865], [19.285159411727086, 18.557384536829602, 28.680420467416116, 26.32907911851315, 28.858446794307554, 60.19385084023081, 48.74305278385202, 41.178114673707995, 48.42533025835924, 13.6666893131958, 17.309701672579838, 52.524680614455555, 35.004342585089816, 59.634666814823476, 67.62961121743113, 42.35754165639922, 42.90619408673067, 45.610216843965304, 23.855292954491475, 35.28552570544162, 0.0, 30.184702464149456, 62.1704632455541, 37.885707685905274, 7.326376132457209, 64.22161575600602, 41.34207668485613, 2.762012841360701, 33.016463124746274, 44.03960877383923, 50.98689481745724, 23.20688938404154, 28.958653296619126, 49.7635469779172, 29.558343022354816, 37.550746344355865, 76.87905204507611, 21.34554585914325, 35.75728402820569, 40.860806295211994, 59.84739320354147, 14.80486535843795, 51.57849759936962, 44.26390231321881, 22.264658049704828, 30.15834453594328, 30.119612048068323, 45.38900340248267, 34.45483015521209, 32.34624135480696, 25.2533559054838, 33.81383404622944, 41.42999709933938, 58.87992826075662, 24.89622029520102, 20.08279975916119, 18.914353137646778, 40.53342524573338, 30.783060052964064, 36.06678381593616, 26.518495177707234, 28.621279613133904, 35.760824871597066, 20.00878856837531, 36.45567287741618, 15.767316532443932, 9.944622573523883], [48.30027031863611, 39.29221903579798, 43.23183886285957, 7.050140282799309, 50.480699081202886, 90.21095443985142, 77.26682200198005, 41.77067739522945, 19.068954831773052, 23.871491225657905, 42.3460309515156, 23.319954650545444, 12.263010987387524, 64.02632193045027, 95.35051333906299, 70.79421551159665, 59.89927993355085, 15.567775537367112, 27.734187873299764, 61.132147801806894, 30.184702464149456, 0.0, 92.35357505495897, 68.06910741220808, 36.61366938626414, 69.60487102464226, 69.92789987042119, 31.974138491076403, 45.18919526245021, 17.742319966980002, 76.16218100095227, 22.267382054387383, 50.605257895177864, 72.15784736775674, 41.87054670712367, 24.64146000002592, 106.11562199704522, 51.2474239856709, 59.52339036010037, 58.35720665014619, 80.64240057306888, 43.08283199693795, 64.83615105034295, 74.10127861880817, 52.14347599113513, 39.73631072447278, 56.54682317641479, 44.53308571296267, 41.73536310816845, 16.387026132509803, 22.150698922610815, 49.35705172982268, 13.579564182303223, 86.75162261378259, 43.46171092152084, 45.12768933273731, 14.292274719757412, 28.577193155262453, 13.333504411260693, 66.23214753709836, 27.868667998369496, 39.47178348401707, 54.039912502180606, 47.681431523652655, 66.41848426382353, 45.81350977942799, 34.97876009013918], [45.692574556971756, 60.36148803313009, 66.73490339262666, 88.14018155706967, 55.50844054993744, 7.40036622918704, 26.152077036032534, 86.00066360008947, 110.35504487093488, 71.5759948707782, 54.24836556273137, 114.35029743131632, 95.91317185557581, 89.9285684027013, 31.00515052882425, 30.61756811924892, 63.62246730824832, 107.75511370527532, 77.01193756615059, 43.486089141159596, 62.1704632455541, 92.35357505495897, 0.0, 24.28475572913334, 56.133375581812906, 91.00837131686214, 29.5510700785359, 60.521039306982054, 70.1602260971931, 105.10834356301682, 41.179621534528216, 79.96630621036314, 55.43523728617547, 50.331428288393, 69.64240473313356, 94.03935235973125, 24.463237506092277, 41.46967075793697, 48.09582385855582, 62.4172760736925, 58.171048635296934, 51.01900313773552, 72.8142829328922, 20.995330170798304, 40.63333334460901, 72.93088009304626, 44.298393516414244, 88.85057717512053, 75.72001703906385, 91.45711680213682, 81.91788912957739, 64.58249658992779, 103.0878385571508, 28.396862804855065, 60.910613080530794, 52.97612120270099, 80.03018329661998, 95.55499589112239, 91.07729332891405, 26.15928929890286, 79.553577672114, 70.67413264343976, 59.89547067159621, 47.98949487269011, 27.049408511822925, 46.72877065508815, 59.48793004063374], [22.304099959654604, 37.87731048212873, 45.9897388168741, 63.912702946909164, 35.81585097623956, 22.992976457893715, 20.612541261594888, 65.18589793238156, 86.12288394971749, 47.696037265442754, 31.470706638239477, 90.14360373908477, 71.86416215433908, 73.46799226584501, 38.11155096436505, 18.760511978241894, 47.59779299719419, 83.47575940345524, 54.002892534435965, 26.805984180159577, 37.885707685905274, 68.06910741220808, 24.28475572913334, 0.0, 31.95382604617636, 75.75317851713983, 16.72757435284875, 36.26259308243419, 50.05277632398183, 81.05446582588446, 33.59977549058099, 56.45374055560661, 35.778330646976556, 39.88959535105454, 48.750950193066004, 70.8496067207462, 41.87394871827154, 17.490847275350887, 31.450691056667633, 45.89189583063193, 50.40714621736456, 27.41755476155344, 57.87750866359957, 10.670668236930982, 16.72555443082118, 51.733535629466864, 25.100849363842645, 68.52456407317418, 55.11568596907678, 67.71897289108588, 58.4660664773217, 45.479710933403354, 78.90739838311585, 30.424910105553007, 39.78760488400315, 30.78381281044904, 55.88142479923853, 72.70305735503425, 67.1187878023974, 2.2550788296000253, 56.66746642580122, 49.43520280311474, 42.021244615528275, 25.292102208231007, 6.70292569028617, 22.532000215665526, 35.70771537598211], [12.02824063712559, 14.142138764409431, 25.047310717099187, 32.01739470693962, 22.864429175808592, 54.71545004853338, 45.06564692991921, 40.35553429239457, 54.22995708264058, 20.74845738859519, 18.55427089286136, 58.21697733028771, 39.951281214997366, 64.37640751541839, 64.25386042079411, 35.08388065379145, 37.52865378146657, 51.77759364797031, 24.678844560722656, 28.10635951290345, 7.326376132457209, 36.61366938626414, 56.133375581812906, 31.95382604617636, 0.0, 68.65228526511336, 37.78515250324118, 4.818227598188582, 29.668676577721396, 49.13069625885107, 49.441333269887394, 25.643091438591544, 22.95113879369047, 49.608363948154555, 26.561313021839304, 40.33915987649652, 72.26414695425893, 16.864541811615723, 35.61562988443394, 35.434197127537516, 53.25898988392368, 7.511417495305648, 46.8329683071623, 37.492269692145264, 17.780176058292604, 27.964752549296588, 22.907779813062202, 51.42733947021982, 39.7069980486899, 39.66998764341491, 27.733177976625285, 37.081929677067855, 46.96178513246161, 55.522381993039424, 28.045392501966884, 13.543181610351795, 26.149850679450108, 42.829059413069515, 35.30521589195049, 30.3239226144008, 27.47729272831543, 33.59269144577788, 37.97335440253784, 12.733143559691237, 29.8152694602571, 9.421849475758123, 6.059198058115301], [75.33575159754832, 82.45864368926723, 92.89368602329982, 73.20011734052382, 91.24339604887943, 84.44074167728134, 64.91412305406826, 103.36714533571126, 84.06935528882344, 53.93322625706871, 51.3935611683814, 87.65910106813953, 81.70730506552675, 5.646089238039437, 70.78406273560225, 92.22696094914305, 106.12583786048991, 79.04442864357333, 85.3254988346554, 92.56756921483178, 64.22161575600602, 69.60487102464226, 91.00837131686214, 75.75317851713983, 68.65228526511336, 0.0, 62.168670404200554, 66.48702346561372, 97.22909579998127, 86.5792670802157, 50.91907636935497, 82.12028192165774, 91.3171507805687, 41.36169402609188, 93.73459396152552, 92.23841517226487, 87.29530531534384, 64.29237282621828, 44.394320991512444, 104.02181231218513, 119.565195975594, 74.34919778951964, 115.45546666183517, 86.42014254849225, 64.32696237171811, 94.03915549309501, 87.71465714069993, 25.496667973847913, 30.323139808501015, 53.95271900289887, 83.5676957564768, 32.346671029181586, 81.99178229147195, 66.42542036645708, 40.98461437381007, 81.6877750562799, 59.10529737220737, 96.16250519316786, 81.11762673251818, 73.67781508212433, 87.40184897002919, 35.66652450318779, 34.095707846401204, 78.59795422270355, 80.27543940000572, 69.28751380798396, 73.74297914038559], [32.55926626249323, 48.07393806456353, 57.84994290616645, 67.28499541902474, 49.1989530937413, 24.03042667308001, 7.405784850997742, 76.2024018657198, 88.87288165602473, 46.82382978285209, 28.09010528488406, 93.08112075294261, 76.28525680129229, 60.692207595213425, 26.46980864180704, 35.48808625965071, 62.4962382030837, 85.4529124354822, 62.26814185906352, 42.40860448292471, 41.34207668485613, 69.92789987042119, 29.5510700785359, 16.72757435284875, 37.78515250324118, 62.168670404200554, 0.0, 40.77001202003324, 62.31922183502016, 85.21820463155649, 16.87797035555809, 63.406354135312306, 49.190752216241016, 23.61436116026985, 60.32223250463159, 78.0978933955289, 36.315885280835545, 20.998806342442524, 18.54782239491213, 60.62901405914629, 67.06125592678389, 36.351545057697756, 72.93167562928234, 26.49874563370193, 20.11314899978808, 62.831338223145536, 39.66791448942646, 59.53095130251933, 46.612370448007105, 65.57812447035504, 65.49923274660094, 35.138811943711055, 82.30167631018098, 17.739176947202356, 32.42656749816303, 42.047416364165485, 56.19333869590343, 80.60897351370042, 72.12396508781478, 15.527465955456673, 65.06147882676039, 41.993135927538454, 30.346314390849507, 36.433587527769085, 23.205564208091555, 29.603506770424836, 43.14876377429132], [16.845762638572616, 16.062168652125177, 26.433743937186424, 27.667784116427246, 26.151636853049293, 58.81842816356763, 48.14129250359281, 39.813255466374244, 49.86676225668405, 16.428035610794883, 18.339731060713525, 53.908670769819565, 35.97336716379413, 61.98076081803756, 67.18251546787309, 39.893691465060144, 40.314638657351715, 47.25512168760172, 22.963759483160022, 32.56461717579636, 2.762012841360701, 31.974138491076403, 60.521039306982054, 36.26259308243419, 4.818227598188582, 66.48702346561372, 40.77001202003324, 0.0, 30.86284670519185, 45.100060827031264, 51.230626421271246, 22.953125101389077, 26.250342476339867, 50.51752358673547, 27.4810078785892, 37.53343213904248, 75.91294037856915, 20.277185389476095, 36.467069580629456, 38.25779994749069, 57.09472089317048, 12.17189473937267, 49.12661055720035, 42.19554815232184, 21.204869318971202, 28.31100463609342, 27.412622749359848, 48.033413008997385, 36.90466980238816, 34.93146691160284, 25.036720706841717, 35.68032131640054, 42.71531625659448, 58.428382831694975, 26.678764360492266, 17.32247240087648, 21.3426402192987, 40.32149526101307, 31.527392435096445, 34.530697712637334, 25.703513416981412, 30.98171485539888, 37.29075848453473, 17.346873758997717, 34.459246009000516, 13.846555294331694, 7.359064836911587], [29.80262352162013, 15.625083305628815, 4.685722193671804, 38.16059986035958, 14.658842492201527, 71.72457279538686, 68.7528581029879, 15.973982155213324, 55.102882654069965, 44.51929644469397, 48.2229113089847, 57.780065563825346, 39.62825984110831, 92.57985744172599, 87.6071869945453, 40.315130943735404, 15.205320763663648, 55.33248473244519, 17.479313059278507, 27.174384327030612, 33.016463124746274, 45.18919526245021, 70.1602260971931, 50.05277632398183, 29.668676577721396, 97.22909579998127, 62.31922183502016, 30.86284670519185, 0.0, 47.04153402060401, 76.73183209973294, 22.975418786790858, 14.728927623130343, 78.35925311270731, 3.658721153488005, 30.266912994898618, 91.5557444853, 42.60404082530005, 64.63316070547856, 14.102759763221412, 36.65800105055629, 26.882583711277068, 20.05060668767324, 49.18475927165632, 43.303310982511675, 5.623563060875101, 25.89570300795899, 77.24854706297407, 67.27739012179813, 56.97556365268756, 23.481545149875164, 66.46731504739773, 47.706984132949, 79.32087812615879, 57.42998505670183, 20.301886776068486, 43.854268137385006, 29.79338903650947, 34.76750384132229, 49.5743066593361, 17.89345282528279, 61.58946208839853, 67.63307645912445, 25.88592732604379, 44.46920019362295, 33.8835294290704, 23.88681204921525], [59.597402395790404, 47.01751701281533, 46.83697621526943, 18.00578669437545, 56.69440161355872, 103.83982045337262, 92.62190286410582, 37.59690951720056, 8.570819623916854, 40.857