instance_id,num_cities,city_coordinates,distance_matrix,best_route,total_distance
2256,86,"[[28.33868092775217, 97.88240629989717], [89.19126719316466, 3.601587534695583], [51.10624702898527, 76.55751631922597], [17.06804543014454, 12.272251697606185], [29.17383217361078, 36.74186696236884], [90.87190187488477, 5.96687289538046], [89.80197022000532, 2.0430427133841578], [11.244695686433449, 93.0972104168155], [69.93284608854113, 60.39661346816965], [84.06636459567643, 6.8544307157379025], [49.13868222793395, 93.90348962894087], [44.31250007513038, 25.810864610438735], [50.72693592754713, 56.79918018955519], [40.57421915031338, 44.34392575871256], [98.39639820435623, 7.371057584074892], [6.801595330411181, 7.9382740131072165], [76.1891396707679, 9.41168565768069], [49.899234782666724, 73.65882594945035], [46.79419402756001, 8.141675086043277], [27.947097388170818, 18.17535180355676], [45.669901041731755, 99.81980963231305], [88.65348234611254, 29.58035706203985], [59.04653142239101, 79.79751563304956], [86.1525587752765, 51.927146954306295], [72.08464023761614, 72.97505340244894], [54.40584207450384, 31.34328381014566], [99.64984925449666, 64.33953960307409], [29.2003500911852, 51.84578500175368], [75.32364801894126, 51.50118496385085], [96.34908152594552, 62.85893819241755], [91.59859132457198, 11.340515638066751], [23.010899526357765, 46.04948536466728], [83.12546356303321, 6.116574319509316], [98.8119810446775, 76.88982029212163], [74.70686947430795, 87.40703976931069], [3.454482064290243, 23.100254591239523], [61.905920883097174, 32.04954526207667], [77.34114087099677, 4.656835357275657], [61.17259570856199, 36.87454134727045], [63.410011999441885, 71.9421418136291], [84.25850916873806, 0.6220477467740348], [10.550190855845642, 90.80337365329596], [26.05258202191274, 57.14426265904796], [68.3327529592542, 73.03383090474122], [13.562258713669195, 38.5506875231906], [5.111086405413701, 12.556539985686388], [10.08628644210604, 16.710978745136174], [26.876839983705093, 55.73256287871906], [82.93884987324823, 27.183318176607884], [74.34291810788434, 29.612522865668765], [67.52711996973305, 4.048343845195134], [8.881184888710491, 39.22385394815768], [66.46519140737117, 46.21120901213196], [38.86140598140698, 57.713937342949826], [29.479942812823158, 93.97703599473337], [13.9850657625885, 61.20502250813682], [50.36489150104069, 58.78087995504902], [61.69605964695334, 5.656219614585667], [55.204595567393625, 44.71508017036364], [87.64162476848553, 10.214805210831724], [73.1330921233324, 48.79077711509999], [12.59113095056602, 69.43619960272764], [33.39235027435568, 13.041914163835322], [11.946903790422358, 79.17339327542831], [38.82387895263245, 46.12716851413911], [9.108496579876913, 77.76458739184808], [56.74681391266262, 44.41286514937758], [24.710872061912493, 2.0239524722708846], [37.61453469955682, 18.407597248305606], [50.265154383874325, 34.66161352619924], [39.75443584283261, 79.5783011087331], [35.096023826569656, 38.86591637061399], [43.2322576566041, 61.84547931566405], [51.679237702915806, 75.00672948612174], [34.12666906727863, 45.96715282011758], [49.72805012625261, 38.50318133122563], [41.96995148914892, 42.771008460240786], [32.64937837189058, 7.426449467971075], [0.10778042785865027, 30.136863621255905], [22.131828487137184, 18.00184169632152], [22.20235691231981, 67.13872416232132], [84.39620658610475, 71.11001305364672], [75.46740114281026, 5.744562999574021], [14.172526696239052, 54.600040707530994], [30.116365993173698, 67.05768724803468], [31.673448585440433, 4.006493138769041]]","[[0.0, 112.21368028108809, 31.194759156976186, 86.34886099739879, 61.14624295970528, 111.17045022423778, 113.85481783082804, 17.7511247832323, 55.99338567765111, 106.73175284770005, 21.177153537762756, 73.82052573402936, 46.787449487756106, 54.91882458915667, 114.45692638003945, 92.48671790506334, 100.58198055750424, 32.42898899943112, 91.6188015779204, 79.70801637320459, 17.439172064971054, 91.12104696625765, 35.63755536555395, 73.85343819544885, 50.33969789637496, 71.46293942986725, 78.80613322810687, 46.04468453899853, 66.02124525623128, 76.49874448513768, 107.19755175720145, 52.10601642170353, 106.87637470731457, 73.5334937063654, 47.53674592395949, 78.8136635822305, 73.89671975564744, 105.31974248955913, 69.28221666424524, 43.622191425438594, 112.19003759863634, 19.145314890331857, 40.8022376287103, 47.084790504256496, 61.14405536474531, 88.43090302357395, 83.19826053312327, 42.175185587920346, 89.32826826006053, 82.32354962371939, 101.68856883298129, 61.80145561482419, 64.21482251399324, 41.52389241027456, 4.068709366712125, 39.385996878556995, 44.878539578686166, 98.07336144708279, 59.56963939112507, 105.84161482559061, 66.45695847972847, 32.514181609600264, 84.99087409689332, 24.874033168540116, 52.806666396216606, 27.830318497464667, 60.54761639020536, 95.92707734206346, 80.01429082971893, 66.91516178831884, 21.572198013424195, 59.402085541042936, 38.993316533031, 32.68146539344495, 52.23690602029436, 63.11416221887022, 56.77215610630694, 90.55861217374182, 73.39238581663969, 80.12134309037506, 31.35009511626196, 62.12251784231492, 103.49153799777125, 45.54166330935071, 30.875936727783287, 93.93512520440069], [112.21368028108809, 0.0, 82.29845870804276, 72.64254631071078, 68.55924902499032, 2.901569880404509, 1.6739235786107431, 118.6808094205318, 59.97134110745733, 6.070058928395598, 98.78584455394248, 50.073503235362764, 65.64669560597498, 63.43150230257127, 9.947026761116527, 82.50372645683485, 14.241227485978252, 80.32359843314673, 42.639467726315914, 62.95429246737076, 105.60329339236317, 25.984335256007416, 81.94220251774594, 48.42100207624032, 71.45148320574346, 44.493005213463384, 61.631816135777306, 76.9831976731096, 49.86664511912172, 59.688088535274645, 8.104703428429945, 78.62356577195833, 6.566515986967797, 73.91700207475509, 85.04793707978092, 87.92607315931227, 39.41797080164293, 11.897018190218773, 43.49868282115939, 73.0417995295551, 5.762790910258036, 117.4247435158628, 82.7847306248345, 72.49768296603342, 83.31378345506475, 84.55570929689132, 80.1838769175807, 81.2448547833167, 24.39653136021792, 29.950663220543447, 21.668753220236063, 87.85587734568401, 48.291348739417465, 73.90021198457866, 108.31973016771835, 94.73187665382687, 67.47030281091696, 27.57186883388483, 53.34241393957647, 6.792351557179953, 47.95756292293336, 101.00384655315334, 56.59186245545372, 108.0638214223889, 65.91888072329287, 109.14852585771585, 52.13638776529616, 64.49969215951809, 53.659829093621774, 49.799271812291394, 90.64469813217158, 64.57451697952473, 74.1928668227265, 80.65882873920636, 69.47626277167394, 52.68269878060732, 61.35223054185448, 56.671110455733434, 92.95153840176305, 68.58815961583225, 92.32812048045092, 67.67850561495246, 13.89017074089232, 90.7119267338477, 86.69786930840877, 57.51924378796437], [31.194759156976186, 82.29845870804276, 0.0, 72.74059675006113, 45.4567569795344, 81.02065319605683, 83.96288328798471, 43.15674635878767, 24.811602389014492, 77.10310948760295, 17.457207717950716, 51.199391181204206, 19.761976710965122, 33.89157753834307, 83.80408385335528, 81.67926650501828, 71.67784928768515, 3.139949748418417, 68.55159467679188, 62.807828696909276, 23.889080096923436, 60.13857640345967, 8.575879651775676, 42.835721799341776, 21.28208218586735, 45.33446976473404, 50.05756957808782, 33.02329458664685, 34.846839909792045, 47.27118695374182, 76.76514263908233, 41.47394970361165, 77.37671831540605, 47.70689136703812, 25.975017591921027, 71.61263530763955, 45.799480815607815, 76.53742599339083, 40.93983241738618, 13.14094038777852, 82.85691203696118, 42.9853247457959, 31.694803169621128, 17.583198385556674, 53.42349758066888, 78.81421047269612, 72.55511853863976, 31.94906652102927, 58.74628538101017, 52.38105853439269, 74.3453102825251, 56.362737857444316, 34.0116970996, 22.472574416733263, 27.769348205807436, 40.17065054031634, 17.7920883665463, 71.68778142531065, 32.105096178592085, 75.73763360298385, 35.44254097606873, 39.16793737626208, 65.93947114889185, 39.24661737176305, 32.81558521650293, 42.01509328039083, 32.63578700752401, 79.06938699256814, 59.69455075243166, 41.90434473512746, 11.746861621325856, 40.950994538318284, 16.686633615877913, 1.6532568203823632, 34.98680332304249, 38.079283581517764, 35.0000001356643, 71.55250103677662, 68.96173281300132, 65.33210512743062, 30.399811012097423, 33.73272445479533, 74.8861815531326, 42.96778366236373, 23.03957157326007, 75.10848567158465], [86.34886099739879, 72.64254631071078, 72.74059675006113, 0.0, 27.300405562624675, 74.07271446325821, 73.44971430700063, 81.03447016054014, 71.48874977558413, 67.21701834504451, 87.70510105357556, 30.422924719793244, 55.81727573469775, 39.76345659075176, 81.47590238042866, 11.14375880123265, 59.19025783249676, 69.61464280363968, 30.01175725577588, 12.377413395629521, 92.10125430610019, 73.64811803268549, 79.51009090519595, 79.65664254758403, 81.92469614851782, 41.92630825738227, 97.6255949672762, 41.391513074092614, 70.23264510319468, 94.04517815894673, 74.53636966881338, 34.296049758071604, 66.34361200874206, 104.19933387896401, 94.69672864346465, 17.394676029770203, 49.00588144161614, 60.75228884625381, 50.50231689009357, 75.55179449866246, 68.19300308318469, 78.80113922952593, 45.762640499566594, 79.49867763548082, 26.511256664684403, 11.960338162018324, 8.27328570578405, 44.553463373267896, 67.5374176403186, 59.84225968689057, 51.124855635558504, 28.167597508428408, 59.932719396775575, 50.39739436129165, 82.64216220355216, 49.02979525580831, 57.199059963062005, 45.115757041850074, 50.06928774891526, 70.6035635550434, 66.90958196983057, 57.33898938206793, 16.342438892608936, 67.09686159657467, 40.24266001288399, 65.97424082615176, 51.062938628181776, 12.784382501132763, 21.44296356207698, 40.04162291887612, 71.0265907762013, 32.12835205550316, 56.05417823769242, 71.64879157348359, 37.766956483799554, 41.88958792102993, 39.373583649927376, 16.317467189802368, 24.63320823868404, 7.64657442268527, 55.10617891958525, 89.41455947458068, 58.76304508271231, 42.426710350993616, 56.317871213014826, 16.78215021627791], [61.14624295970528, 68.55924902499032, 45.4567569795344, 27.300405562624675, 0.0, 68.9474587253688, 69.85541873924026, 59.13863940812705, 47.12583418435351, 62.501591668564394, 60.547884715877316, 18.672602342748085, 29.4420124196939, 13.702558927500995, 75.1957983627875, 36.47141275238692, 54.38177956999352, 42.33679456644446, 33.592381982031995, 18.606997699150906, 65.19928787628403, 59.90923141466346, 52.403883852832564, 58.967516596689954, 56.162097969248904, 25.803081670417455, 75.68685829633074, 15.103941318093348, 48.45248157139928, 72.07368129340826, 67.39494939649512, 11.163041661544652, 62.03778750923422, 80.38239816500165, 68.11913990490456, 29.113202471214922, 33.0667130846826, 57.8752009089308, 31.999038583340788, 49.10372041577818, 65.87080521615593, 57.17942393576493, 20.639766294058315, 53.39033361846275, 15.716012780486151, 34.11664952591227, 27.668951639401794, 19.129106212987804, 54.60808532746869, 45.72826118919177, 50.3968365930378, 20.44386933109768, 38.474847788610916, 23.101446325490993, 57.2359876117009, 28.794871146526035, 30.574157210137127, 44.98902922778592, 27.22448845659451, 64.20411027408724, 45.58061837224006, 36.659314868818825, 24.072466795470483, 45.795212487500926, 13.461325642557195, 45.66707001685544, 28.620159593670635, 35.003594094040736, 20.18392689938031, 21.193662423843872, 44.123794764060726, 6.291576897967818, 28.77204685533151, 44.392487900546676, 10.470744598759744, 20.629544443604303, 14.14536025482737, 29.520723640304276, 29.807070188511542, 20.019449615121783, 31.186060907929605, 65.04367841308708, 55.71290138619532, 23.322811484420612, 30.3304686675595, 32.83066830841418], [111.17045022423778, 2.901569880404509, 81.02065319605683, 74.07271446325821, 68.9474587253688, 0.0, 4.0670870464324, 118.03468846901461, 58.318442332119474, 6.863169569752162, 97.33709562466788, 50.61187511976092, 64.7730017504385, 63.26653992385417, 7.654396099771253, 84.09341748822398, 15.081453541020156, 79.1262279963106, 44.131327802850286, 64.09819012220674, 104.17098738836566, 23.71746233674066, 80.39787317768918, 46.20193708994668, 69.59207896517431, 44.4267458664257, 59.028980837947046, 76.86517335877059, 48.11571233513757, 57.15510992634277, 5.422556028508304, 78.81453839305168, 7.747884681363546, 71.36602360131528, 83.02896514449219, 89.08062670793085, 38.97863328292846, 13.59403147324516, 42.864119679435085, 71.4625181781763, 8.503182872012705, 116.82811785642114, 82.5873443647647, 70.75302177624876, 83.89568464118986, 86.01361044828737, 81.49694148471814, 81.06782250667452, 22.651067622343696, 28.850027155743874, 23.42348385521471, 88.47883623020654, 47.06691093882311, 73.36791098311555, 107.3068564736315, 94.67227017453611, 66.55927607122416, 29.177496040099392, 52.66479190367562, 5.336629942274637, 46.352477215586674, 100.77814509698837, 57.913340959991466, 107.64919855153012, 65.7407486594227, 108.81252801195272, 51.40638042912383, 66.27841645193388, 54.691121590923366, 49.72218902732104, 89.61940469087916, 64.75566101620635, 73.42992820858073, 79.38870652030339, 69.42653556419727, 52.45405516588657, 61.20412687234079, 58.24081564356707, 93.92717494814485, 69.78565872292492, 91.96467687536592, 65.4642141872386, 15.406104780062272, 90.81838560687726, 86.15870669029535, 59.2309037635984], [113.85481783082804, 1.6739235786107431, 83.96288328798471, 73.44971430700063, 69.85541873924026, 4.0670870464324, 0.0, 120.25850006676276, 61.64350179528487, 7.486429481870959, 100.4581738727713, 51.324470302104196, 67.2688107243329, 64.90559437979215, 10.111969879330918, 83.209470518027, 15.479213623526956, 81.98200231695647, 43.43802631147404, 63.92399150259067, 107.27504686120847, 27.561253707572114, 83.61611731388142, 50.017417564405534, 73.11124347252252, 45.949864156721006, 63.07007409386103, 78.44022884770011, 51.53377192313039, 61.16729362469034, 9.469469371542434, 79.98508685514129, 7.821086937676469, 75.38713689338327, 86.68837326820123, 88.87797749088493, 40.97047429322613, 12.732013982492091, 45.08740824220109, 74.7155908344559, 5.722690549212704, 118.99260851392455, 84.26226281753607, 74.16616005847584, 84.52988666813854, 85.34095983870442, 81.05392394948935, 82.71720855323424, 26.060235441393083, 31.607887118130606, 22.364932065653516, 89.05383889933864, 49.95430071118653, 75.45985418620266, 109.95729221460485, 96.16830483449208, 69.09750612538389, 28.33720622185206, 54.93524473034627, 8.452502279478708, 49.63065754848617, 102.4858590060251, 57.47190962197257, 109.59243745158058, 67.39566704827088, 110.65798216397545, 53.73867519543508, 65.0911009575332, 54.693025801535136, 51.255545732445086, 92.28473325349006, 65.94440533644811, 75.79623705572405, 82.3227934538164, 70.91591222790024, 54.178047027487914, 62.82252151693788, 57.40557310263981, 93.99101263244906, 69.52647946735304, 93.84644619083939, 69.27819767032274, 14.804766903195464, 92.0980497397817, 88.2568714372368, 58.161672646107945], [17.7511247832323, 118.6808094205318, 43.15674635878767, 81.03447016054014, 59.13863940812705, 118.03468846901461, 120.25850006676276, 0.0, 67.18353993664073, 112.87520769990196, 37.902563266556605, 74.97287522207242, 53.6320267455568, 56.8955508943564, 122.247259810905, 85.27476526021351, 105.92944755187823, 43.26689477468114, 92.0934841106788, 76.7610260527524, 35.07546299005428, 100.13246682378191, 49.61751083104432, 85.47609068063356, 64.08119892684442, 75.34209984380848, 92.96491170341827, 44.98983911815299, 76.39595189220101, 90.31671825435942, 114.6337894574298, 48.49672138799885, 112.83827296809191, 89.0545280132693, 63.716760305904685, 70.42912219477296, 79.33080838660469, 110.41032563446257, 75.19164659670142, 56.29171478682939, 117.82475406330963, 2.39666936755648, 38.88300335875865, 60.51103602344273, 54.59573479833343, 80.77388659899911, 76.39501489610961, 40.5028495414446, 97.38938820434429, 89.50805118096144, 105.3442543326194, 53.925177055713306, 72.440322165118, 44.88494960380645, 18.25645997470656, 32.00970599297589, 52.038449793728255, 100.95180532289895, 65.37050806540114, 112.72082268106892, 76.11329480090934, 23.69928945485249, 83.0624407412781, 13.941512830682882, 54.46830441614432, 15.480719474514547, 66.63788890108121, 92.06343584077811, 79.20799659655388, 70.26603148692325, 31.552594071891395, 59.24457028263455, 44.71995994647339, 44.2969263988651, 52.39109690462465, 66.79428553955033, 58.96412424106921, 88.30424521176292, 63.93775215077402, 75.88045903845801, 28.17646798599953, 76.38442507993149, 108.42066641991018, 38.608344564969784, 32.15892888489563, 91.40289847770416], [55.99338567765111, 59.97134110745733, 24.811602389014492, 71.48874977558413, 47.12583418435351, 58.318442332119474, 61.64350179528487, 67.18353993664073, 0.0, 55.37618332177052, 39.43485768599959, 43.04156309774224, 19.53992096468804, 33.46068974775305, 60.182085173803834, 82.08186279969797, 51.36734442452502, 24.025650081808323, 57.148716560557766, 59.54358093432369, 46.2912399719539, 36.05695329304229, 22.246502013163262, 18.29783983615818, 12.761166452964455, 32.94212831420803, 29.97744057905417, 41.62034235366987, 10.40141306401458, 26.53074702551781, 53.62746731805652, 49.066374983309075, 55.86025246817608, 33.25703395001415, 27.429079974676878, 76.22592255143638, 29.461632747264343, 56.2299359366117, 25.10039568573985, 13.260716018742087, 61.46725412663852, 66.71484697907175, 44.00062909030543, 12.738114560702455, 60.45566641251736, 80.56384523610156, 74.09484045916166, 43.30788645963494, 35.669021833690564, 31.09837567203112, 56.39960113034619, 64.61881367644537, 14.603093116501512, 31.187034830583826, 52.574539089726144, 55.953620513573135, 19.634547143336423, 55.3566199304999, 21.513527139543626, 53.2147979636443, 12.038978866059631, 58.049861433501945, 59.81367218747254, 60.95028272396311, 34.22550066192099, 63.2554188300553, 20.72080246664669, 73.84033102991343, 52.98632591666795, 32.38994163321441, 35.75854563175674, 40.953328348485705, 26.739869761383005, 23.38054125023181, 38.60429571267516, 29.791880615575163, 33.054279999301826, 64.77573032538079, 76.09988341197649, 63.892518789892925, 48.204311566638665, 17.999047962616924, 54.93157489159272, 56.06080158632159, 40.36981534619146, 68.14416459290221], [106.73175284770005, 6.070058928395598, 77.10310948760295, 67.21701834504451, 62.501591668564394, 6.863169569752162, 7.486429481870959, 112.87520769990196, 55.37618332177052, 0.0, 93.79489140276345, 44.042208508680545, 60.04994174784563, 57.419761006275834, 14.339343309474819, 77.27237077965145, 8.281921598016432, 75.03479181153979, 37.29439229867738, 57.24976337229733, 100.5825536092209, 23.184248479385893, 77.11475662461221, 45.120970238654046, 67.1974587545611, 38.46362596152983, 59.55990881373629, 70.95422121408164, 45.49470032907691, 57.33559097885523, 8.766949151548378, 72.5535810540276, 1.1957118443356345, 71.5708669611937, 81.0945310996041, 82.2326115275918, 33.554121394271746, 7.075172047839475, 37.753565344031585, 68.28685846151157, 6.235344177251799, 111.58876655684641, 76.7767293221214, 68.02396301673414, 77.30123958789586, 79.1609120982585, 74.63379598187552, 75.23106757906024, 20.36013150365216, 24.748255896238447, 16.77559943256364, 81.8571365732291, 43.113307637853886, 68.045409086001, 102.81063074242472, 88.68695098105782, 61.90432472252008, 22.402371600832566, 47.607042426178886, 4.906587617739234, 43.338130973564205, 95.00098326674161, 51.05037393455508, 102.13348604914297, 59.91018645725459, 103.1839730641562, 46.443447833120345, 59.55172553323971, 47.866984003875515, 43.76940972456507, 85.16048587657465, 58.50495268671516, 68.49408526019626, 75.4563570287848, 63.43325799518346, 46.698642979452586, 55.33632218816445, 51.42016800623945, 87.12700808282406, 62.929734899727556, 86.3791148542296, 64.25642891822133, 8.670292890733908, 84.64509347742043, 80.8395599091409, 52.47026202048123], [21.177153537762756, 98.78584455394248, 17.457207717950716, 87.70510105357556, 60.547884715877316, 97.33709562466788, 100.4581738727713, 37.902563266556605, 39.43485768599959, 93.79489140276345, 0.0, 68.26344274999894, 37.13828656236069, 50.2941388117459, 99.56999738281223, 95.82508660494477, 88.71635805297932, 20.258944880822238, 85.79385443382326, 78.63735833890435, 6.8582275625741715, 75.49095847582497, 17.237864659895248, 55.96463527443258, 31.056664854237624, 62.781544461245424, 58.526960757562534, 46.54446913332486, 49.83580915754593, 56.50297315869877, 92.84120073928666, 54.52216753785472, 94.1363043945595, 52.50620496322429, 26.38060006603965, 84.26235361296197, 63.157840499949224, 93.59670919535478, 58.284783741322066, 26.19106052286214, 99.6736155859117, 38.71281939404805, 43.407473897320436, 28.35410034727759, 65.79980707437281, 92.49732650284214, 86.50880506144595, 44.18833860961206, 74.79326581638257, 69.05491954704124, 91.71740220046695, 67.90087370719733, 50.742108261064296, 37.62055424509197, 19.65887698875884, 48.010066680258944, 35.14400801681582, 89.13623501489288, 49.561022282702005, 92.12096658152737, 51.09685446859572, 43.98149367175553, 82.38046708225949, 40.0025514427357, 48.87711147227119, 43.161092762305614, 50.07200394541167, 95.07137980292009, 76.3703852458809, 59.25258495366003, 17.125276825668543, 56.80079863120858, 32.59757470216108, 19.06677649779055, 50.23199105933026, 55.40344316016348, 51.63256076230066, 88.03508173824179, 80.43762753669823, 80.56320691149334, 37.97259922617552, 41.983753980027686, 92.00650946612775, 52.606017999698025, 32.902061035897006, 91.57785957392133], [73.82052573402936, 50.073503235362764, 51.199391181204206, 30.422924719793244, 18.672602342748085, 50.61187511976092, 51.324470302104196, 74.97287522207242, 43.04156309774224, 44.042208508680545, 68.26344274999894, 0.0, 31.645231706146202, 18.906324333368115, 57.1410055916241, 41.55114281734283, 35.84763900502721, 48.17301120951379, 17.84261929545469, 18.05899944433251, 74.02139204740037, 44.50091889049295, 55.96114874070425, 49.32190908203252, 54.73346758257817, 11.510135312740767, 67.42908134393672, 30.103058929606494, 40.27013603967419, 63.87773919937238, 49.450636244974085, 29.382987526338436, 43.523685560584994, 74.69439831393886, 68.68701831770029, 40.94783318382452, 18.666804547091623, 39.22223943716178, 20.166005249071294, 49.92804520604439, 47.22457133207062, 73.23878586858521, 36.2657750583496, 52.98095029583829, 33.28483786405449, 41.38149290398506, 35.415273857686806, 34.631059326589046, 38.650724799385706, 30.270094362448113, 31.820211924318496, 37.88517360146567, 30.115042503194847, 32.36542100134832, 69.76124766754572, 46.6100813694712, 33.52093903512058, 26.615744556483527, 21.817587175228343, 46.050516994800276, 36.860587417060685, 53.938994357758396, 16.801659655497527, 62.410666463246, 21.04464697099577, 62.75755869169347, 22.375133176384153, 30.822735275077147, 9.983541846840122, 10.666295031042578, 53.96029259690749, 15.980544762339578, 36.05080277381939, 49.74436595377501, 22.58377974813235, 13.799387163819148, 17.12115689092481, 21.771888480220944, 44.41589249959391, 23.515165977887893, 46.87057078615655, 60.48732410462313, 37.05785100184727, 41.68014702025013, 43.6214465666854, 25.20270298665595], [46.787449487756106, 65.64669560597498, 19.761976710965122, 55.81727573469775, 29.4420124196939, 64.7730017504385, 67.2688107243329, 53.6320267455568, 19.53992096468804, 60.04994174784563, 37.13828656236069, 31.645231706146202, 0.0, 16.068945855150194, 68.66962165370155, 65.70253951681055, 53.794966841422266, 16.87995095770089, 48.816178278826804, 44.841065588042305, 43.316834596810494, 46.68283684274726, 24.45688251534353, 35.759075239649796, 26.791984017536922, 25.72036179600417, 49.50059058719662, 22.08913809221159, 25.16082270353098, 46.02282950943712, 61.130862890179316, 29.72767418787208, 60.153064184011136, 52.11338967719634, 38.88287902099194, 58.054306306548575, 27.157211448892884, 58.541780203375154, 22.496734013100504, 19.752713874140046, 65.42351728180873, 52.63512152238276, 24.676766858145058, 23.948458764564304, 41.40314863637909, 63.5469664093803, 57.08525453781214, 23.873934510638286, 43.75736146998798, 36.011511364957066, 55.36151116868809, 45.3867708974306, 18.968337280904624, 11.900738697763064, 42.820879004146434, 37.00508707941223, 2.0144999695514283, 52.306061709370994, 12.88700543664568, 59.437347218576456, 23.79433452048765, 40.17504052133906, 47.06576451958949, 44.77160153231607, 15.98670067738438, 46.60088832730187, 13.771700375415088, 60.63960051435968, 40.56906095411438, 22.142382436598947, 25.284068263623812, 23.789227904836036, 9.035227570742906, 18.232436207437324, 19.821747570897326, 18.323246084360274, 16.537060758232833, 52.5781763290068, 57.211694855945744, 48.196614442169476, 30.34069507379011, 36.584419141803686, 56.733275557499454, 36.620500388598444, 23.022436015516945, 56.125780047479644], [54.91882458915667, 63.43150230257127, 33.89157753834307, 39.76345659075176, 13.702558927500995, 63.26653992385417, 64.90559437979215, 56.8955508943564, 33.46068974775305, 57.419761006275834, 50.2941388117459, 18.906324333368115, 16.068945855150194, 0.0, 68.63233473820432, 49.658449419035655, 49.88671127819944, 30.762303062946255, 36.732697168059445, 29.055781986421096, 55.70942169414197, 50.294915350483514, 39.97728549632705, 46.20487297536685, 42.575205310732905, 18.98237297578541, 62.367897553301475, 13.62507943010223, 35.47885519609342, 58.76768634582236, 60.76768578256705, 17.645938053350662, 57.20086362221618, 66.71485712676326, 54.949700694634, 42.76877886972232, 24.62099288437637, 54.100570027927475, 21.910837964836038, 35.82087330680482, 61.80549984673428, 55.31656690085268, 19.357855502380218, 39.92050671660159, 27.626212478085815, 47.6242761453186, 41.14722106625548, 17.813457033518922, 45.708296718184805, 36.84208545243107, 48.47878695192843, 32.103949228286126, 25.95822010778544, 13.479278122889887, 50.85792562770909, 31.484594033739853, 17.443706932484655, 44.07800758496025, 14.635083522233337, 58.13895029149842, 32.86114264992916, 37.58557478418926, 32.11534166776494, 45.08453162906997, 2.4987287832814116, 45.9024217321506, 16.172741696655862, 45.19541923483191, 26.10465224146452, 13.698956013833678, 35.24391083545297, 7.747206648927322, 17.702246908451073, 32.61179187777425, 6.648741848358911, 10.858495153716472, 2.1028879165336067, 37.758484570236824, 42.887915284561664, 32.15629279197595, 29.27675112359599, 51.34968365922708, 52.03311402340897, 28.323793147862492, 25.005632438514912, 41.307773929576406], [114.45692638003945, 9.947026761116527, 83.80408385335528, 81.47590238042866, 75.1957983627875, 7.654396099771253, 10.111969879330918, 122.247259810905, 60.182085173803834, 14.339343309474819, 99.56999738281223, 57.1410055916241, 68.66962165370155, 68.63233473820432, 0.0, 91.59655914931639, 22.300818247598446, 82.13429913752069, 51.60795798361048, 71.27297355288688, 106.4276996759625, 24.25236880642283, 82.42574744142935, 46.20775588505825, 70.68375255062192, 50.09827001851071, 56.98226990112041, 82.2562730334721, 49.79779055012198, 55.52563732175784, 7.871897840879471, 84.72894538768324, 15.322374916462351, 69.52000487309304, 83.46827071293117, 96.2360383579744, 44.052045232958335, 21.22948100332268, 47.498073923171255, 73.44026237874975, 15.66617503309076, 121.15241438036604, 87.81229801841253, 72.21788258862591, 90.38252345595107, 93.42932422512403, 88.8026461697846, 86.33586973234823, 25.128897114576585, 32.76053544470412, 31.047588719852637, 95.01354667181562, 50.280804791353816, 77.9667931968679, 110.68004933230114, 100.11677593710137, 70.3562042211329, 36.74037995842715, 57.097354036378725, 11.124389970762227, 48.51626325442096, 105.89913003556684, 65.25093763030553, 112.37922626161203, 71.06983315317719, 113.69950930105438, 55.738526885591504, 73.87928191289788, 61.77572451113952, 55.32983892382931, 93.02024385605344, 70.7026415797315, 77.52770488904714, 82.20144280338805, 74.96837100286359, 57.773845584826354, 66.61156364280221, 65.7470431663009, 100.89070476975063, 77.00193611198202, 96.83855583713022, 65.2584079617318, 22.98661329734753, 96.56209079494673, 90.68989226701513, 66.80772634774358], [92.48671790506334, 82.50372645683485, 81.67926650501828, 11.14375880123265, 36.47141275238692, 84.09341748822398, 83.209470518027, 85.27476526021351, 82.08186279969797, 77.27237077965145, 95.82508660494477, 41.55114281734283, 65.70253951681055, 49.658449419035655, 91.59655914931639, 0.0, 69.40318617656783, 78.59133204860564, 39.99311593946715, 23.49319090635481, 99.76453165635604, 84.66469846829928, 88.84415542650125, 90.72814525970047, 92.15019601549442, 53.04676042579718, 108.63655469915012, 49.29070638620841, 81.19728391487065, 105.04775884251883, 84.86522124939245, 41.41504525169581, 76.34560532057039, 114.97924514256967, 104.52947425186885, 15.527035205341168, 60.148483736980296, 70.61582913712998, 61.591503061339864, 85.44593572078941, 77.80167522706807, 82.94984452542221, 52.83776875702474, 89.57407485526984, 31.350062684053135, 4.917946829620953, 9.36747265886645, 51.83926596759596, 78.5318613950787, 70.93379551281308, 60.84998684824936, 31.354620147650007, 70.88414667804226, 59.20682493516725, 88.97739043073774, 53.74894178198027, 66.95320270321324, 54.94187824308459, 60.7896693778617, 80.87207771439374, 77.90246771757393, 61.76984356887697, 27.076103694531692, 71.42070018885121, 49.837920418020296, 69.86441034919648, 61.84594293716417, 18.86057773065011, 32.54295563666137, 51.02173889947169, 78.85545751626259, 41.91770205674533, 65.0628921971434, 80.69808240875463, 46.82793266890526, 52.69624351606655, 49.49881477341, 25.85284998843249, 23.185869372112, 18.338250820463127, 61.17088159551387, 100.05794475866588, 68.70083882950046, 47.2403545736543, 63.55063770175188, 25.1807066061205], [100.58198055750424, 14.241227485978252, 71.67784928768515, 59.19025783249676, 54.38177956999352, 15.081453541020156, 15.479213623526956, 105.92944755187823, 51.36734442452502, 8.281921598016432, 88.71635805297932, 35.84763900502721, 53.794966841422266, 49.88671127819944, 22.300818247598446, 69.40318617656783, 0.0, 69.41796694441388, 29.42236829725332, 49.03158663466092, 95.42040037176822, 23.709389375212353, 72.44331631612991, 43.667312368829805, 63.69575052272629, 30.911277095723637, 59.728335262407334, 63.31349882368653, 42.098396972372704, 57.122955623077466, 15.529700105416122, 64.57750066567938, 7.679215315991347, 71.1694569711812, 78.00943781321509, 74.01153515892189, 26.767200570937806, 4.892413325199598, 31.30024017792987, 63.822911647080446, 11.931993073230418, 104.56136225348045, 69.22480278100062, 64.10538337767676, 69.0739288598296, 71.14759141908392, 66.50463806793167, 67.65594258417515, 19.010247505102544, 20.285027926105784, 10.18803321052065, 73.61471425688757, 38.06258121756879, 61.044796831924465, 96.60769922083173, 80.94378637597245, 55.715429991187946, 14.971736498400329, 41.06921907395601, 11.480610433687655, 39.49749701720326, 87.45083754609793, 42.95048010963043, 94.83544021435269, 52.385011118803135, 95.77020336706111, 40.03856386902841, 52.005678897863994, 39.609677782472836, 36.188559939854805, 79.06226386137213, 50.55883579232615, 61.931080964758635, 70.02460331432675, 55.72749422622016, 39.32561989856918, 47.78909140854697, 43.5849971514528, 78.85370140881452, 54.73557959108577, 79.03786236433858, 62.24178299834147, 3.7374717513765625, 76.7336152995793, 73.79540618291841, 44.842645539383625], [32.42898899943112, 80.32359843314673, 3.139949748418417, 69.61464280363968, 42.33679456644446, 79.1262279963106, 81.98200231695647, 43.26689477468114, 24.025650081808323, 75.03479181153979, 20.258944880822238, 48.17301120951379, 16.87995095770089, 30.762303062946255, 82.13429913752069, 78.59133204860564, 69.41796694441388, 0.0, 65.59068787068264, 59.66835207616234, 26.500647749578118, 58.69244520095632, 11.016194753481741, 42.26782904835687, 22.1959401714938, 42.55484244861106, 50.61593364080533, 30.070792853816467, 33.724795662176675, 47.68884395787546, 74.98271891625988, 38.539048514230565, 75.27242545718535, 49.019343848466825, 28.36251262195435, 68.65336257500017, 43.30695960737624, 74.25855449335982, 38.47300690431762, 13.619401801236025, 80.71512068109836, 42.921821651979464, 29.006786250198104, 18.444110473874623, 50.526796985325674, 75.75927392115383, 69.48473326403482, 29.178443583582727, 57.0227058992935, 50.37430366617358, 71.80780984652873, 53.556024066699464, 32.059360480667046, 19.392605222600423, 28.805852599670747, 38.012165901953274, 14.885231378506992, 69.01825515914778, 29.425962563364305, 73.8216212862052, 34.0328074033577, 37.546307206046826, 62.824256705477644, 38.35087848456168, 29.675843170787967, 40.99684866121317, 30.036903353390944, 75.93423940913475, 56.600460502704045, 38.99892913835864, 11.745515386351716, 37.81113078938258, 13.564797922911799, 2.2327683131633957, 31.868520360193163, 35.15606139358481, 31.889352498844822, 68.44183837812075, 66.13130976824603, 62.19910568918209, 28.453976366747682, 34.591003321456476, 72.56774933153791, 40.49240627068758, 20.855141565034387, 71.99740792887557], [91.6188015779204, 42.639467726315914, 68.55159467679188, 30.01175725577588, 33.592381982031995, 44.131327802850286, 43.43802631147404, 92.0934841106788, 57.148716560557766, 37.29439229867738, 85.79385443382326, 17.84261929545469, 48.816178278826804, 36.732697168059445, 51.60795798361048, 39.99311593946715, 29.42236829725332, 65.59068787068264, 0.0, 21.351527350661534, 91.68502815946519, 47.029959636423555, 72.6957994394089, 58.87485390504799, 69.59147658601535, 24.41826843526968, 77.14868933263445, 47.11255212766561, 51.903534001935085, 73.82185148605954, 44.91844385133754, 44.75094610677039, 36.387665206410524, 86.20996250686014, 84.036393836045, 45.848552145868965, 28.28339698322021, 30.745082035846774, 32.12967535605997, 65.92863536834733, 38.21151271958476, 90.25842994388162, 53.2115406415075, 68.37325067343396, 45.04519466168621, 41.91625571447827, 37.694872920650255, 51.59063474123303, 40.85364509797982, 34.92748921450969, 21.13313934963131, 49.02548423808742, 42.8513424674905, 50.202971141683534, 87.5642191620076, 62.387160034298354, 50.764938197660165, 15.107716168867332, 37.527973746567056, 40.90000570475525, 48.43642274846631, 70.19165377432883, 14.269609630428656, 79.11914196834748, 38.81267361789869, 79.16793359725953, 37.611884706670324, 22.915052673243242, 13.771539609637871, 26.746115618249455, 71.78265621168585, 32.87592110593797, 53.82179836687151, 67.0432632830144, 39.89026139837019, 30.502927287132344, 34.963753316981354, 14.162886627295224, 51.60823125725129, 26.56040586346303, 63.917214053893694, 73.34114080688468, 28.773233266859922, 56.767533993429765, 61.23109044445053, 15.675990318395923], [79.70801637320459, 62.95429246737076, 62.807828696909276, 12.377413395629521, 18.606997699150906, 64.09819012220674, 63.92399150259067, 76.7610260527524, 59.54358093432369, 57.24976337229733, 78.63735833890435, 18.05899944433251, 44.841065588042305, 29.055781986421096, 71.27297355288688, 23.49319090635481, 49.03158663466092, 59.66835207616234, 21.351527350661534, 0.0, 83.545887172824, 61.7684330350693, 69.02511044741372, 67.28342597686306, 70.3642663865278, 29.55434999634917, 85.27846656919317, 33.693748887469525, 57.92364547831664, 81.70345357789454, 64.01740127297269, 28.307832328060645, 56.48067110204134, 92.02836815648153, 83.54341927485973, 24.98285157606543, 36.68371487845798, 51.21056354397668, 38.12602035657601, 64.40874180352786, 58.98384168592676, 74.68254089612012, 39.014935623889066, 68.12087716112639, 24.94148931758535, 23.517109598104174, 17.920740947441193, 37.572457394428, 55.724647146106165, 47.78473670702614, 42.02559388530505, 28.399796864913437, 47.64087379857317, 41.01733631678551, 75.81718104305087, 45.23815743438669, 46.382824508094096, 35.99612651813607, 38.0437693817822, 60.22297652237133, 54.580934283069325, 53.51149616972606, 7.48351261076063, 63.061614779274336, 29.993473200398164, 62.49615890925727, 38.95934776742562, 16.47242710474014, 9.670226580395354, 27.74693665345666, 62.52787718095818, 21.890788275555586, 46.267873966234944, 61.587498514041705, 28.470534063858768, 29.793129333531233, 28.312307633091365, 11.73244850275559, 30.300253031644488, 5.817856834663577, 49.29922794403488, 77.3859179108321, 49.11928113503314, 38.94222335073241, 48.93044496821088, 14.650674015488939], [17.439172064971054, 105.60329339236317, 23.889080096923436, 92.10125430610019, 65.19928787628403, 104.17098738836566, 107.27504686120847, 35.07546299005428, 46.2912399719539, 100.5825536092209, 6.8582275625741715, 74.02139204740037, 43.316834596810494, 55.70942169414197, 106.4276996759625, 99.76453165635604, 95.42040037176822, 26.500647749578118, 91.68502815946519, 83.545887172824, 0.0, 82.34785339717102, 24.079586735110702, 62.710068693637, 37.66137788009647, 69.03152362799207, 64.5963185514507, 50.72231410105582, 56.69245275731229, 62.72547610140554, 99.68966875668377, 58.34961972045316, 100.91191937463975, 57.87801895521976, 31.57882821490193, 87.5672982633428, 69.68799805634356, 100.29486081148053, 64.82623189272192, 33.043545508930386, 106.43907478120879, 36.25865636374777, 46.96851621025204, 35.08694220688775, 69.17229228447871, 96.22835171675281, 90.40614691163462, 47.92561392661551, 81.63966216246196, 75.83669970937358, 98.23396397519382, 70.88920567663098, 57.500662273102, 42.65278521075304, 17.211994400237334, 49.95028099332263, 41.30661792580487, 95.51763944249443, 55.92353358624902, 98.94787723831489, 57.94988372747004, 44.915128733803314, 87.6421211221154, 39.5413081725132, 54.12732885234093, 42.69858457021309, 56.50334057102542, 100.01655149746104, 81.80976257247896, 65.32003423974346, 21.088181425375367, 61.86423832166631, 38.052488332184325, 25.530395089946495, 55.07590081104566, 61.450772820249476, 57.168656988443345, 93.30630746661053, 83.256349905656, 85.13648299501394, 40.2340524302835, 48.20766703237708, 98.68152330241185, 55.108185347285634, 36.266639155416065, 96.83022409791921], [91.12104696625765, 25.984335256007416, 60.13857640345967, 73.64811803268549, 59.90923141466346, 23.71746233674066, 27.561253707572114, 100.13246682378191, 36.05695329304229, 23.184248479385893, 75.49095847582497, 44.50091889049295, 46.68283684274726, 50.294915350483514, 24.25236880642283, 84.66469846829928, 23.709389375212353, 58.69244520095632, 47.029959636423555, 61.7684330350693, 82.34785339717102, 0.0, 58.295236151383655, 22.48629887723333, 46.45025510470956, 34.292984339259554, 36.457109815572935, 63.48562212233941, 25.655548699855345, 34.15678861936198, 18.476078644200655, 67.67703352169603, 24.1061836932923, 48.38781258671656, 59.484731179718395, 85.4450781324122, 26.861290635131173, 27.37062300747786, 28.432450734553456, 49.31281377576442, 29.289920922195268, 99.23901401236722, 68.40059658483376, 47.97016189061968, 75.62511947230145, 85.25926499426112, 79.61422718636491, 67.08421133657862, 6.1970008647884, 14.310600387662944, 33.13920467004657, 80.35307382934892, 27.729145161149756, 57.19046431120381, 87.45536026143952, 81.08940682770005, 48.15274370299654, 36.04257192801068, 36.7135924461389, 19.391968808226558, 24.6966141663667, 85.87182008346915, 57.68286410494304, 91.34204089346115, 52.505107785651155, 93.00067103535673, 35.18577534577075, 69.62767297470256, 52.24753332668683, 38.72315703801696, 69.93504956619536, 54.356443727911454, 55.71468178439258, 58.57175154070731, 56.93593278029063, 39.93502305547951, 48.51129082576483, 60.22669909302686, 88.54745071286197, 67.5217924096177, 76.33074747870062, 41.74729600438762, 27.240003966379355, 78.57096998407795, 69.50643329065, 62.45595858949973], [35.63755536555395, 81.94220251774594, 8.575879651775676, 79.51009090519595, 52.403883852832564, 80.39787317768918, 83.61611731388142, 49.61751083104432, 22.246502013163262, 77.11475662461221, 17.237864659895248, 55.96114874070425, 24.45688251534353, 39.97728549632705, 82.42574744142935, 88.84415542650125, 72.44331631612991, 11.016194753481741, 72.695799439408