instance_id,num_cities,city_coordinates,distance_matrix,best_route,total_distance
2643,30,"[[41.2633817170025, 42.75116248266871], [91.06447333559365, 93.07902350818284], [88.41295835629604, 81.36051736271418], [69.41965996199573, 72.15012494462364], [89.03553028722276, 1.850836111644616], [16.116872821593876, 57.1750480620199], [16.528574773337866, 16.49185041991125], [38.00977657110241, 18.711750842849273], [38.99792243049439, 69.9003367860334], [19.8468721278796, 95.90461154216857], [25.797684823828916, 12.502270074666145], [10.54842537385956, 48.89891938392806], [88.91033696176751, 18.336538867375474], [51.70370147107691, 73.9098551158119], [44.980711759545976, 55.37065736036277], [24.53714231077635, 41.55039854316001], [18.782010746279056, 97.51721456654698], [26.515995797280134, 20.31409065003651], [29.127053605089202, 25.75505989885881], [6.025504476809673, 38.88715371567887], [70.2750361894621, 12.638565525917311], [24.666817828300914, 2.271060998094321], [14.650270127551135, 58.96840982709084], [74.2394118639742, 67.49674354380147], [12.760726918052413, 58.802447636700904], [55.689019752022276, 51.70890782257509], [54.47696655884231, 1.3744783398984106], [73.45664910872101, 53.33185290835923], [43.20738342409312, 56.204718134504475], [80.25238000010974, 11.46896003845197]]","[[0.0, 70.80284119868901, 60.94066673017211, 40.70718607873694, 62.88890900843713, 28.98957372630857, 36.07439735532168, 24.258591435491752, 27.24353081253059, 57.30581148454177, 33.97327291125237, 31.324167316596924, 53.537894900463485, 32.86129034554193, 13.155614528152718, 16.76928497917598, 59.20078125816715, 26.849722231112988, 20.884395205018667, 35.449098100604395, 41.81440649715285, 43.75025198913939, 31.164993500765522, 41.22817418109949, 32.71154361512411, 16.98058403860196, 43.43534062285086, 33.8874235556347, 13.593281513829297, 49.98718012531912], [70.80284119868901, 0.0, 12.014737532165505, 30.108416448920615, 91.25074676708914, 83.10378015255847, 106.86999230904696, 91.35257025640924, 56.99278236160118, 71.2736323581084, 103.69362023058684, 91.84070763994723, 74.77352013780256, 43.780445162487844, 59.54522616076011, 84.14918278908948, 72.41858834474894, 97.26891284662695, 91.48092718672164, 100.8384102223599, 83.08350003008768, 112.49326518551572, 83.68192407934174, 30.619205438739943, 85.47725052021771, 54.4326114391362, 98.73383035545994, 43.47267008933228, 60.41535774609574, 82.32316698128612], [60.94066673017211, 12.014737532165505, 0.0, 21.10868807837546, 79.51211862638212, 76.23425023528334, 96.82617700827686, 80.40739195205764, 50.72653658982051, 70.09164612265486, 93.07056838296226, 84.3601851581021, 63.02594109458498, 37.45773496866066, 50.614551933043266, 75.26596465805838, 71.48082071160955, 86.93618457477038, 81.28213458032336, 92.69131122299325, 71.0752480459207, 101.58106388626774, 77.08657895261628, 19.82658933533396, 78.94381946263593, 44.1596434099863, 86.8873867591623, 31.769438418138886, 51.73353109696852, 70.36636145430633], [40.70718607873694, 30.108416448920615, 21.10868807837546, 0.0, 72.98474072735158, 55.366416215742944, 76.78092481536096, 61.985809676656686, 30.504813738065838, 54.9703276973972, 73.89684232456997, 63.29645189074252, 57.23450477118528, 17.803141170235914, 29.64477562157089, 54.32111602826704, 56.63621415649763, 67.2881776402684, 61.44913496244983, 71.59081089537646, 59.51770638168719, 82.98132595401536, 56.33332651528006, 6.699549750404329, 58.20992340825134, 24.624659144980477, 72.33585721105126, 19.246418986440794, 30.681255509507338, 61.64050290023725], [62.88890900843713, 91.25074676708914, 79.51211862638212, 72.98474072735158, 0.0, 91.5308638357563, 73.97038527591532, 53.73935232091213, 84.46595019330195, 116.76122254681079, 64.12860628705951, 91.50818420926622, 16.486178111346806, 81.15520724267148, 69.3195376643647, 75.73702733019032, 118.69125062348263, 65.1888331003752, 64.5014534196165, 90.89748735092925, 21.64096219459007, 64.37008414298175, 93.78477571632541, 67.29272087667509, 95.19102733087044, 59.98180623827964, 34.561846647643634, 53.78658410047517, 71.09545369335191, 13.025054197101737], [28.98957372630857, 83.10378015255847, 76.23425023528334, 55.366416215742944, 91.5308638357563, 0.0, 40.68528073989345, 44.25747922730692, 26.1815852139337, 38.90876485045185, 45.709684030082904, 9.975064554904542, 82.50647379441946, 39.32526084408485, 28.92018367922767, 17.749101691569233, 40.43010460580806, 38.299764228928346, 34.00706485706189, 20.88738362488334, 70.11850637363345, 55.56572104394419, 2.3166937394899194, 59.031914608554374, 3.729898752182165, 39.94788482261222, 67.71410763529138, 57.46842692859192, 27.107882707293026, 78.75537926683866], [36.07439735532168, 106.86999230904696, 96.82617700827686, 76.78092481536096, 73.97038527591532, 40.68528073989345, 0.0, 21.59560113921451, 57.942540504006395, 79.48205914792257, 10.091241373551634, 32.95421529453588, 72.4052648152784, 67.33585078886627, 48.17764759922233, 26.307185103064285, 81.05669379378281, 10.693834629648618, 15.63741406770795, 24.73588679152686, 53.88441258127635, 16.38480551612727, 42.518068246500114, 77.01973669314529, 42.47803331490275, 52.666702792476855, 40.848688812637455, 67.80849084652867, 47.84214348396605, 63.92145790236417], [24.258591435491752, 91.35257025640924, 80.40739195205764, 61.985809676656686, 53.73935232091213, 44.25747922730692, 21.59560113921451, 0.0, 51.198122652126436, 79.30087540978445, 13.700103512538197, 40.80920183127584, 50.901943303868904, 56.871383792686075, 37.31580582623501, 26.51632898218417, 81.11724903694208, 11.604933835846863, 11.336267893332638, 37.815876857250494, 32.83185279776258, 21.1738241842028, 46.54315345848228, 60.76645444886892, 47.379093256400864, 37.43485018261419, 23.911281101896176, 49.548281904870386, 37.851521942074974, 42.859019623605995], [27.24353081253059, 56.99278236160118, 50.72653658982051, 30.504813738065838, 84.46595019330195, 26.1815852139337, 57.942540504006395, 51.198122652126436, 0.0, 32.295278807990655, 58.89638643478046, 35.36146795132984, 71.76401870114185, 13.323402653411618, 15.713222214700908, 31.82503982787089, 34.22535644179354, 51.133103742454466, 45.23537910544873, 45.26585766190447, 65.24697918629846, 69.13103140211444, 26.689233778823127, 35.323361079661886, 28.487779343588326, 24.688475399045306, 70.25235998105026, 38.235042857168025, 14.327928395435832, 71.52730987518679], [57.30581148454177, 71.2736323581084, 70.09164612265486, 54.9703276973972, 116.76122254681079, 38.90876485045185, 79.48205914792257, 79.30087540978445, 32.295278807990655, 0.0, 83.61436918379607, 47.916554626899234, 103.85840396108374, 38.71210257860396, 47.693933956458814, 54.55620134439495, 1.9324643014189504, 75.88414893284111, 70.76073320710667, 58.668736996304716, 97.34595086495561, 93.75752590616241, 37.29996875986264, 61.36412097598465, 37.77279471263603, 56.90272202259682, 100.67367840471675, 68.4576362842608, 46.062946329999455, 103.81813245362844], [33.97327291125237, 103.69362023058684, 93.07056838296226, 73.89684232456997, 64.12860628705951, 45.709684030082904, 10.091241373551634, 13.700103512538197, 58.89638643478046, 83.61436918379607, 0.0, 39.462083000189885, 63.38174462911247, 66.64842983231516, 46.964743700918056, 29.07546620347362, 85.3039299781668, 7.844776055207707, 13.664594198360055, 32.97121775768731, 44.477560195586534, 10.293517344916664, 47.784589544147515, 73.28705909490004, 48.10061032578418, 49.301646496696144, 30.762460072767876, 62.7569256025343, 47.04255065124455, 54.46449812834598], [31.324167316596924, 91.84070763994723, 84.3601851581021, 63.29645189074252, 91.50818420926622, 9.975064554904542, 32.95421529453588, 40.80920183127584, 35.36146795132984, 47.916554626899234, 39.462083000189885, 0.0, 84.11092848464851, 48.159149253517896, 35.03520712342876, 15.801422723551987, 49.310552162282534, 32.7422622763426, 29.67833652378234, 10.986003151142079, 69.87189206989177, 48.718437815133115, 10.872891435507558, 66.35074094209904, 10.147617945897846, 45.22797028210691, 64.71699334168866, 63.06421737489027, 33.46613566444204, 79.11790661501564], [53.537894900463485, 74.77352013780256, 63.02594109458498, 57.23450477118528, 16.486178111346806, 82.50647379441946, 72.4052648152784, 50.901943303868904, 71.76401870114185, 103.85840396108374, 63.38174462911247, 84.11092848464851, 0.0, 66.8784509643117, 57.457270235891656, 68.43092481196942, 105.7712699269671, 62.42567196597526, 60.241807934352785, 85.3945152026922, 19.486952944836055, 66.2218191370522, 84.64931460980203, 51.302648733307706, 86.23371082318819, 47.08896820734647, 38.384482471994346, 38.255567870395964, 59.35283449907209, 11.050966370476232], [32.86129034554193, 43.780445162487844, 37.45773496866066, 17.803141170235914, 81.15520724267148, 39.32526084408485, 67.33585078886627, 56.871383792686075, 13.323402653411618, 38.71210257860396, 66.64842983231516, 48.159149253517896, 66.8784509643117, 0.0, 19.720558918980988, 42.25111082903565, 40.511049608908586, 59.219308386544725, 53.18448393330046, 57.55942402430695, 64.0239439681048, 76.570946838561, 39.95251633683694, 23.430455457536304, 41.77067186169516, 22.55581571385783, 72.58837292067336, 29.944029551414964, 19.638210098742757, 68.6577921565785], [13.155614528152718, 59.54522616076011, 50.614551933043266, 29.64477562157089, 69.3195376643647, 28.92018367922767, 48.17764759922233, 37.31580582623501, 15.713222214700908, 47.693933956458814, 46.964743700918056, 35.03520712342876, 57.457270235891656, 19.720558918980988, 0.0, 24.67669113923375, 49.62564074263134, 39.62207219571827, 33.59199443141496, 42.2991024354567, 49.65716988425067, 56.85262896723165, 30.54307634151632, 31.67196706756704, 32.40223152325846, 11.317078675136091, 54.82486848158592, 28.548830650442603, 1.9596812904862473, 56.315624903014836], [16.76928497917598, 84.14918278908948, 75.26596465805838, 54.32111602826704, 75.73702733019032, 17.749101691569233, 26.307185103064285, 26.51632898218417, 31.82503982787089, 54.55620134439495, 29.07546620347362, 15.801422723551987, 68.43092481196942, 42.25111082903565, 24.67669113923375, 0.0, 56.26194126690189, 21.328305934897585, 16.44870841670602, 18.702235382623424, 54.10960196559244, 39.279551597734056, 20.02841378278805, 56.06717772129297, 20.888206180233155, 32.766366580601655, 50.104866432153294, 50.318195638490714, 23.734510441857573, 63.317301374043474], [59.20078125816715, 72.41858834474894, 71.48082071160955, 56.63621415649763, 118.69125062348263, 40.43010460580806, 81.05669379378281, 81.11724903694208, 34.22535644179354, 1.9324643014189504, 85.3039299781668, 49.310552162282534, 105.7712699269671, 40.511049608908586, 49.62564074263134, 56.26194126690189, 0.0, 77.58954096550114, 72.50397750675351, 60.001770703700984, 99.27696979790771, 95.42777752823274, 38.76959668839957, 63.06149394960793, 39.18021231913333, 58.82625502698461, 102.55513443805613, 70.2969577217155, 47.992928561379024, 105.74927140899892], [26.849722231112988, 97.26891284662695, 86.93618457477038, 67.2881776402684, 65.1888331003752, 38.299764228928346, 10.693834629648618, 11.604933835846863, 51.133103742454466, 75.88414893284111, 7.844776055207707, 32.7422622763426, 62.42567196597526, 59.219308386544725, 39.62207219571827, 21.328305934897585, 77.58954096550114, 0.0, 6.035045090332849, 27.655359447937098, 44.42710098549755, 18.13754057698626, 40.4345376715359, 67.10981429841912, 40.87249742152746, 42.85673659952519, 33.77165676106621, 57.38987330402469, 39.58206111532563, 54.45948331310264], [20.884395205018667, 91.48092718672164, 81.28213458032336, 61.44913496244983, 64.5014534196165, 34.00706485706189, 15.63741406770795, 11.336267893332638, 45.23537910544873, 70.76073320710667, 13.664594198360055, 29.67833652378234, 60.241807934352785, 53.18448393330046, 33.59199443141496, 16.44870841670602, 72.50397750675351, 6.035045090332849, 0.0, 26.573171811811935, 43.1879484972285, 23.903805294464103, 36.2312554752207, 61.46131320751667, 36.87799459734882, 37.13677783058475, 35.17144927232854, 52.207207837658245, 33.54753902269964, 53.08381719713551], [35.449098100604395, 100.8384102223599, 92.69131122299325, 71.59081089537646, 90.89748735092925, 20.88738362488334, 24.73588679152686, 37.815876857250494, 45.26585766190447, 58.668736996304716, 32.97121775768731, 10.986003151142079, 85.3945152026922, 57.55942402430695, 42.2991024354567, 18.702235382623424, 60.001770703700984, 27.655359447937098, 26.573171811811935, 0.0, 69.4045438516155, 41.088158992235634, 21.855055011194327, 73.97057381931057, 21.02337159671866, 51.29193043617081, 61.275974017026705, 68.96092082576018, 41.01694966048323, 79.12892261666026], [41.81440649715285, 83.08350003008768, 71.0752480459207, 59.51770638168719, 21.64096219459007, 70.11850637363345, 53.88441258127635, 32.83185279776258, 65.24697918629846, 97.34595086495561, 44.477560195586534, 69.87189206989177, 19.486952944836055, 64.0239439681048, 49.65716988425067, 54.10960196559244, 99.27696979790771, 44.42710098549755, 43.1879484972285, 69.4045438516155, 0.0, 46.77173005367441, 72.39177489475792, 55.0012360763877, 73.74957479542297, 41.70423866576719, 19.40254272481178, 40.81747540892262, 51.29003294346079, 10.04566406526606], [43.75025198913939, 112.49326518551572, 101.58106388626774, 82.98132595401536, 64.37008414298175, 55.56572104394419, 16.38480551612727, 21.1738241842028, 69.13103140211444, 93.75752590616241, 10.293517344916664, 48.718437815133115, 66.2218191370522, 76.570946838561, 56.85262896723165, 39.279551597734056, 95.42777752823274, 18.13754057698626, 23.903805294464103, 41.088158992235634, 46.77173005367441, 0.0, 57.575347086042896, 81.92576971246005, 57.77155594275378, 58.365038429156925, 29.823628682639814, 70.62331135592011, 57.031499583298, 56.34142409198259], [31.164993500765522, 83.68192407934174, 77.08657895261628, 56.33332651528006, 93.78477571632541, 2.3166937394899194, 42.518068246500114, 46.54315345848228, 26.689233778823127, 37.29996875986264, 47.784589544147515, 10.872891435507558, 84.64931460980203, 39.95251633683694, 30.54307634151632, 20.02841378278805, 38.76959668839957, 40.4345376715359, 36.2312554752207, 21.855055011194327, 72.39177489475792, 57.575347086042896, 0.0, 60.19633119108755, 1.8968175951318451, 41.67588439485835, 70.02304401253659, 59.07589172221676, 28.69053348411643, 80.9928055444104], [41.22817418109949, 30.619205438739943, 19.82658933533396, 6.699549750404329, 67.29272087667509, 59.031914608554374, 77.01973669314529, 60.76645444886892, 35.323361079661886, 61.36412097598465, 73.28705909490004, 66.35074094209904, 51.302648733307706, 23.430455457536304, 31.67196706756704, 56.06717772129297, 63.06149394960793, 67.10981429841912, 61.46131320751667, 73.97057381931057, 55.0012360763877, 81.92576971246005, 60.19633119108755, 0.0, 62.090413785061344, 24.359244739268906, 69.0123771517372, 14.186502185001448, 33.022668380035505, 56.34951916679055], [32.71154361512411, 85.47725052021771, 78.94381946263593, 58.20992340825134, 95.19102733087044, 3.729898752182165, 42.47803331490275, 47.379093256400864, 28.487779343588326, 37.77279471263603, 48.10061032578418, 10.147617945897846, 86.23371082318819, 41.77067186169516, 32.40223152325846, 20.888206180233155, 39.18021231913333, 40.87249742152746, 36.87799459734882, 21.02337159671866, 73.74957479542297, 57.77155594275378, 1.8968175951318451, 62.090413785061344, 0.0, 43.51041981794311, 70.98039382338126, 60.9419590861457, 30.557275581494707, 82.43532182239821], [16.98058403860196, 54.4326114391362, 44.1596434099863, 24.624659144980477, 59.98180623827964, 39.94788482261222, 52.666702792476855, 37.43485018261419, 24.688475399045306, 56.90272202259682, 49.301646496696144, 45.22797028210691, 47.08896820734647, 22.55581571385783, 11.317078675136091, 32.766366580601655, 58.82625502698461, 42.85673659952519, 37.13677783058475, 51.29193043617081, 41.70423866576719, 58.365038429156925, 41.67588439485835, 24.359244739268906, 43.51041981794311, 0.0, 50.349020489872984, 17.841597566039134, 13.26663317437892, 47.14458679791646], [43.43534062285086, 98.73383035545994, 86.8873867591623, 72.33585721105126, 34.561846647643634, 67.71410763529138, 40.848688812637455, 23.911281101896176, 70.25235998105026, 100.67367840471675, 30.762460072767876, 64.71699334168866, 38.384482471994346, 72.58837292067336, 54.82486848158592, 50.104866432153294, 102.55513443805613, 33.77165676106621, 35.17144927232854, 61.275974017026705, 19.40254272481178, 29.823628682639814, 70.02304401253659, 69.0123771517372, 70.98039382338126, 50.349020489872984, 0.0, 55.31543294363255, 55.97641199617055, 27.681591334869143], [33.8874235556347, 43.47267008933228, 31.769438418138886, 19.246418986440794, 53.78658410047517, 57.46842692859192, 67.80849084652867, 49.548281904870386, 38.235042857168025, 68.4576362842608, 62.7569256025343, 63.06421737489027, 38.255567870395964, 29.944029551414964, 28.548830650442603, 50.318195638490714, 70.2969577217155, 57.38987330402469, 52.207207837658245, 68.96092082576018, 40.81747540892262, 70.62331135592011, 59.07589172221676, 14.186502185001448, 60.9419590861457, 17.841597566039134, 55.31543294363255, 0.0, 30.385381831841457, 42.41089197111407], [13.593281513829297, 60.41535774609574, 51.73353109696852, 30.681255509507338, 71.09545369335191, 27.107882707293026, 47.84214348396605, 37.851521942074974, 14.327928395435832, 46.062946329999455, 47.04255065124455, 33.46613566444204, 59.35283449907209, 19.638210098742757, 1.9596812904862473, 23.734510441857573, 47.992928561379024, 39.58206111532563, 33.54753902269964, 41.01694966048323, 51.29003294346079, 57.031499583298, 28.69053348411643, 33.022668380035505, 30.557275581494707, 13.26663317437892, 55.97641199617055, 30.385381831841457, 0.0, 58.082870312559535], [49.98718012531912, 82.32316698128612, 70.36636145430633, 61.64050290023725, 13.025054197101737, 78.75537926683866, 63.92145790236417, 42.859019623605995, 71.52730987518679, 103.81813245362844, 54.46449812834598, 79.11790661501564, 11.050966370476232, 68.6577921565785, 56.315624903014836, 63.317301374043474, 105.74927140899892, 54.45948331310264, 53.08381719713551, 79.12892261666026, 10.04566406526606, 56.34142409198259, 80.9928055444104, 56.34951916679055, 82.43532182239821, 47.14458679791646, 27.681591334869143, 42.41089197111407, 58.082870312559535, 0.0]]",Route_3,1353.674615011918
