instance_id,num_cities,city_coordinates,distance_matrix,best_route,total_distance
147,58,"[[83.95211336635782, 26.744167625315406], [80.93992161902622, 8.208098175817025], [92.42726395485215, 98.18404833917363], [80.83746089515466, 88.64989196592246], [59.439062309325884, 21.44399025645449], [46.16355493744844, 97.68938625269024], [77.32838789496684, 77.16735722356819], [76.40260930757164, 59.88732300804265], [35.346029299981375, 41.939575258492404], [47.96022902984433, 37.83451969944559], [26.569231134089843, 78.85531808404511], [83.04763106633129, 15.47163350494083], [6.932687855299536, 90.43380979953434], [35.51087117110503, 62.31922080199494], [95.63748951130964, 48.18667354207822], [89.95993445848127, 85.66816426375247], [31.655618857378876, 4.389277635418621], [44.74166773126669, 21.431749223217476], [14.880923966410077, 14.091044702902188], [49.556076457796074, 71.9802360583062], [95.66376726080213, 89.81643489310324], [77.91018977232676, 9.59637257670931], [19.35579792769483, 7.743354503955624], [8.000038640217388, 50.145669989150775], [25.567456302495717, 42.53310037514081], [75.13009487885284, 58.49830235713714], [46.73871609064486, 91.93269826591705], [76.87827583334094, 51.41262993386195], [25.84559017362187, 20.350175012177864], [48.44772614487993, 10.607690749142929], [5.790146050706923, 92.81434937888191], [56.19536243365659, 48.82522230236113], [90.47895040989073, 36.96744576799866], [85.2414170934325, 28.83114664563806], [72.94331117136836, 96.56567188378266], [2.1470814598658516, 91.34748967355503], [82.85068413144081, 21.331794324497054], [7.006092571096256, 12.007696491889497], [56.915079272598454, 85.32627504324373], [74.35522088932736, 40.32361958504001], [87.42517781002017, 58.04413614580146], [30.88998843775905, 41.963459310017214], [30.590406320154727, 98.94537997170498], [49.32892380769993, 56.3071313712598], [42.23002378858028, 59.35905669818998], [7.572793865064087, 49.026148162483366], [2.1787743243866675, 66.7979727161226], [42.68411876214658, 26.750811322400082], [27.343846823374175, 74.20835434688813], [95.47109857816297, 32.08329015430728], [4.960814177605021, 99.19974837989488], [8.406558254685558, 54.35621584448755], [2.783229506864904, 97.72866487240123], [46.93437129890049, 0.05081829405823024], [3.9310862723108797, 25.579720399532256], [62.72233081822887, 49.651037549907265], [25.05249408036144, 28.869332957650318], [0.24217722064021618, 62.52625139589292]]","[[0.0, 18.779221755954634, 71.9408419043588, 61.98402831497483, 25.07950462561093, 80.38158491981301, 50.85638394913367, 33.9921132067018, 50.92594448221916, 37.6618062129411, 77.51365799273506, 11.308762696514163, 99.94179519266955, 60.10106782697555, 24.419850033106616, 59.229479941339235, 56.874110493158945, 39.56868504488602, 70.22058618961502, 56.8277154414056, 64.1503993381375, 18.181081258965566, 67.33286617636361, 79.47545512980604, 60.48188636148258, 32.95683666192141, 75.06251703667218, 25.662661789294187, 58.457259421604924, 38.99932560888575, 102.34530791200051, 35.46843946370764, 12.129097978642047, 2.453117512863086, 70.68405890074202, 104.23844043773262, 5.523307985885017, 78.34445543681518, 64.52026442996649, 16.62834509932219, 31.492065762875093, 55.20159364839259, 89.78021409627647, 45.52728940601207, 52.957187878247524, 79.56310139844626, 91.05595137235971, 41.267995138992625, 73.87384423557367, 12.6961903612609, 107.18878919929288, 80.43355086025109, 107.82943270006285, 45.63823097243503, 80.02949902709518, 31.23184843686028, 58.93794600870542, 91.03686576593434], [18.779221755954634, 0.0, 90.70628777399773, 80.44185904347178, 25.248282916384817, 96.00154475563362, 69.05376589480743, 51.87802504212553, 56.715214563463576, 44.33266262669841, 89.14707883363475, 7.563159696296826, 110.62611943562699, 70.6527580244751, 42.59465917534858, 77.98347562125748, 49.432033025372206, 38.53801411004611, 66.32043599607054, 71.07623588237689, 82.92594438560714, 3.332653728648953, 61.585877256963215, 84.13671290560887, 65.14841280656005, 50.62468492099187, 90.44076027899015, 43.395028873366215, 56.4164460713023, 32.58068156512527, 113.1623016317929, 47.560950175425965, 30.300051884458313, 21.066869523138113, 88.71869369084607, 114.5446204715051, 13.262066731159512, 74.03139891324513, 80.77379682252416, 32.78360869529095, 50.256235716660626, 60.36903359131718, 103.77055458335795, 57.55668663990294, 64.14730507044767, 83.95742158725572, 98.16359672412504, 42.51280587141837, 85.02101533237612, 27.949595629051807, 118.54241930404612, 85.96939900513982, 118.83770606837192, 34.97025404031189, 78.94386600706221, 45.27027544150594, 59.58431991387956, 97.27583317672936], [71.9408419043588, 90.70628777399773, 0.0, 15.007453905049285, 83.52998241556746, 46.266353461525426, 25.878125197172736, 41.514199108891624, 80.13556078201421, 74.96254266004603, 68.63585287804126, 83.24254369511804, 85.84514395039187, 67.27378108732519, 50.10032968678514, 12.756765618017862, 111.76158489938851, 90.35945720722337, 114.38998254293517, 50.245183803611226, 8.97172828569185, 89.76926946241933, 116.27105507715, 97.13723368939456, 86.99001028052352, 43.29145980669203, 46.11423623652858, 49.288300957201045, 102.42671097225073, 97.99907221354549, 86.8033632163001, 61.229440594977945, 61.24759877763916, 69.72418065799685, 19.551050059277877, 90.53866514211747, 77.4466256737538, 121.33894732640427, 37.768208787762525, 60.617059943339015, 40.45038215755134, 83.35220998181109, 61.8415441914942, 60.092787405621166, 63.45977384322157, 98.06518364842938, 95.5503826449487, 87.04646945371842, 69.35910241577291, 66.17080294078531, 87.47234696295976, 94.76475023729165, 89.64519109363165, 108.16530923218166, 114.46816981146725, 56.90198756565807, 96.66379562205368, 98.84112858037598], [61.98402831497483, 80.44185904347178, 15.007453905049285, 0.0, 70.53031041063602, 35.832837053802514, 12.00675632425428, 29.102461780074194, 65.20217814986513, 60.52366837614855, 55.14503095408756, 73.2116272429987, 73.92630006235653, 52.419499997188126, 43.08494971860516, 9.597407150031762, 97.56384941966282, 76.29669060915319, 99.5453990339244, 35.445767594963236, 14.872127717613042, 79.1076977546891, 101.61625207283018, 82.38850156897223, 71.98285819763015, 30.687006741952658, 34.2564039917556, 37.44714715432972, 87.68669899942296, 84.49662767207612, 75.16277117633449, 46.832011812412546, 52.57407693021394, 59.98063955885597, 11.179318922436822, 78.73660425152934, 67.34819476318283, 106.4194393693307, 24.152158742934997, 48.75908159229817, 31.30671339299729, 68.36938641685084, 51.29096964125589, 45.15353886768095, 48.46119303751753, 83.29317203727219, 81.63758538772501, 72.71295414457906, 55.40870649331723, 58.4287924943806, 76.6065596894631, 80.1392031357624, 78.58045020934973, 94.86419419192926, 99.460730939618, 43.0007974747619, 81.76599389641814, 84.72334003807657], [25.07950462561093, 25.248282916384817, 83.52998241556746, 70.53031041063602, 0.0, 77.39250290954269, 58.524538409633664, 42.01965920626943, 31.63136487989612, 20.01032405733829, 66.15501768131878, 24.35228046655185, 86.69783479933713, 47.36393990472408, 45.00552456324108, 71.10744098661391, 32.60035203235783, 14.697399675658907, 45.160751775185595, 51.49354861617825, 77.37583882849415, 21.9442155120623, 42.36006968254872, 58.90466514215468, 39.90032905979612, 40.23966386977844, 71.62371639979062, 34.6734124719571, 33.61127492257523, 15.43485852517017, 89.28568965398973, 27.5726940510934, 34.705220418756575, 26.83899386942747, 76.32582647993817, 90.38180292742267, 23.411890659852226, 53.27532220063312, 63.93212650890108, 24.061009753718523, 46.073781480791034, 35.15818865021772, 82.69649545281031, 36.29949736446619, 41.63776254903381, 58.74423577752407, 73.04604236418326, 17.575280455660707, 61.759055813358394, 37.56996593018473, 94.94123151114228, 60.72504477762416, 95.02228671107258, 24.77973171523193, 55.661833131349475, 28.397488781873577, 35.17913854538552, 72.05569640585031], [80.38158491981301, 96.00154475563362, 46.266353461525426, 35.832837053802514, 77.39250290954269, 0.0, 37.314882938877794, 48.40863967053405, 56.78961425125231, 59.88182602343562, 27.178293711931897, 90.11211871203163, 39.896169260780226, 36.939521862569855, 69.98706143229681, 45.41621557613167, 94.42134545375885, 76.27089201357172, 89.2596533174154, 25.93201893380881, 50.122394028692604, 93.63881610665351, 93.85597723767181, 60.966047373246745, 58.8762698443665, 48.73398704277394, 5.785349335105441, 55.54216646031004, 79.96357475406346, 87.11164749835346, 40.66667099305044, 49.88330061459067, 75.17318891802705, 79.17408965352429, 26.8033221435527, 44.47099717369938, 84.71379635908876, 94.20540759021424, 16.384193428620925, 63.91870786013763, 57.22121440616321, 57.78114543032672, 15.623715245693692, 41.50313938916465, 38.53163416020286, 62.10762901262627, 53.74886376349187, 71.02385436765869, 30.092196211979104, 82.06944440625406, 41.230414015361966, 57.47481584249314, 43.380343212949555, 97.64161055039743, 83.56665195522629, 50.81216394486744, 71.98525283725665, 57.83786808283208], [50.85638394913367, 69.05376589480743, 25.878125197172736, 12.00675632425428, 58.524538409633664, 37.314882938877794, 0.0, 17.304815759857508, 54.80433427546464, 49.087278014024164, 50.787214994935354, 61.960245864734894, 71.63486126199432, 44.37535194389012, 34.279778713465255, 15.225626060056776, 85.9223527383875, 64.56277821001865, 88.75982735626025, 28.252566406369436, 22.275217224059315, 67.57348932510838, 90.44619030742102, 74.4082763634745, 62.279417039366336, 18.798034519345588, 33.96679727606068, 25.75866026475679, 76.67248956215816, 72.55537074751712, 73.22942311445769, 35.35366143754126, 42.29621939954624, 48.979641527166926, 19.887772864967477, 76.50689507219417, 56.107983745448415, 95.86973769800947, 21.983428051609202, 36.96350531565049, 21.625049155501692, 58.27383094026782, 51.56278887439895, 34.915884805965675, 39.35772771066274, 75.21815303425288, 75.8616408659263, 61.17232613160851, 50.072048531710124, 48.59764453592144, 75.64715451226954, 72.598669216318, 77.32883040197339, 82.8900284793568, 89.71314373365679, 31.152604252486285, 71.17210283606275, 78.46429669591039], [33.9921132067018, 51.87802504212553, 41.514199108891624, 29.102461780074194, 42.01965920626943, 48.40863967053405, 17.304815759857508, 0.0, 44.80808421703774, 35.99020880226344, 53.321200449582015, 44.91001879547968, 75.88911543750943, 40.963988754778114, 22.51412477485025, 29.128213832976382, 71.29043550527291, 49.81211074245227, 76.69561182896172, 29.444437031386983, 35.59134647534101, 50.31354185648769, 77.28733492601788, 69.09277442282136, 53.71575024368367, 1.8837917453740678, 43.667523815797296, 8.48803165317518, 64.18098047987019, 56.65648813871307, 77.91218796072931, 23.036989782651485, 26.89728892523416, 32.28948146576795, 36.84111860198652, 80.64505876098812, 39.091002302344755, 84.31094336135864, 32.045344552886974, 19.67054373824898, 11.17561426501063, 48.91486019917356, 60.20207435244223, 27.309379683582222, 34.17666845008306, 69.68147969780392, 74.54485065381014, 47.275416564580844, 51.106302107363376, 33.71455955509804, 81.54383410172454, 68.22064280876734, 82.77548088858175, 66.69920799921368, 80.18187605558877, 17.086004785391122, 59.99124970038549, 76.20613727715305], [50.92594448221916, 56.715214563463576, 80.13556078201421, 65.20217814986513, 31.63136487989612, 56.78961425125231, 54.80433427546464, 44.80808421703774, 0.0, 13.265350201473602, 37.94475265971756, 54.5526786853298, 56.20505987696891, 20.380312198817716, 60.614242644604246, 69.96333420480026, 37.73120698859619, 22.557680515171448, 34.55953110821688, 33.23201380471528, 77.0092410115985, 53.458306337092935, 37.7500862678785, 28.550712703756417, 9.796568885648083, 43.09249722528665, 51.27480531748171, 42.59889983309778, 23.58729629671932, 33.9608811299536, 58.837002612687506, 21.95693119112289, 55.3566713394305, 51.58857066984091, 66.31414657998752, 59.52572674513823, 51.78197433161124, 41.21976928969673, 48.452343957061494, 39.04264772262332, 54.51233430063073, 4.456104870143016, 57.20382610391707, 20.04864103792338, 18.730395450898214, 28.66307942365796, 41.44884469774311, 16.868494504877393, 33.24618817615945, 60.927582520243796, 64.8227485064161, 29.66324432091193, 64.5968919555371, 43.46214019476428, 35.419535519795076, 28.441668999724918, 16.636949874309227, 40.69510615779839], [37.6618062129411, 44.33266262669841, 74.96254266004603, 60.52366837614855, 20.01032405733829, 59.88182602343562, 49.087278014024164, 35.99020880226344, 13.265350201473602, 0.0, 46.263167758878495, 41.60798553905778, 66.7079039834281, 27.467928556338844, 48.78819791915897, 63.65557955432281, 37.20785575113705, 16.715562094303696, 40.71846053562473, 34.18298808871251, 70.55315065220736, 41.16300646699094, 41.51736626400914, 41.81364893705094, 22.880404952375827, 34.13493114065756, 54.111967420067664, 31.94712050353181, 28.191480288986803, 27.23119292514023, 69.28995287952765, 13.733643576426426, 42.527561474843694, 38.35293612982788, 63.823997290908515, 70.44488942228926, 38.596422139849835, 48.41762168958856, 48.32862680136207, 26.512095607526792, 44.33859243515428, 17.562495727527544, 63.53147239110439, 18.523247754445645, 22.274221537852362, 41.90939592554401, 54.17400857973432, 12.2754197868869, 41.81017893100614, 47.857699135230305, 74.93090796619786, 42.8655959400863, 75.02179624548033, 37.79762526899816, 45.70279551454612, 18.90898578245024, 24.59957100908513, 53.72796369336204], [77.51365799273506, 89.14707883363475, 68.63585287804126, 55.14503095408756, 66.15501768131878, 27.178293711931897, 50.787214994935354, 53.321200449582015, 37.94475265971756, 46.263167758878495, 0.0, 84.89582516077921, 22.79594925300233, 18.798814852883147, 75.57109284179968, 63.75575378763366, 74.63955064286026, 60.23042181981316, 65.81054346404876, 23.992953357113688, 69.9585663394224, 86.21308234068228, 71.47688425525483, 34.19150192090366, 36.33602966899736, 52.65515717328186, 24.0380114783631, 57.30707732435364, 58.50961820161984, 71.6687322392468, 25.032477536047043, 42.1842898297018, 76.4136510387842, 77.10280885510478, 49.640829274054155, 27.431655905758912, 80.4770634231165, 69.65142427088561, 31.028112788457303, 61.38560585435234, 64.31602863587237, 37.14401953854792, 20.488544031410033, 32.037857834627594, 25.007291628493626, 35.3644455226635, 27.207976049448412, 54.539611551048, 4.711082830999409, 83.2771873560869, 29.67860386588276, 30.497355568451212, 30.36407568828499, 81.39341571086955, 57.88587834200118, 46.47511827083301, 50.00899119504726, 30.979867441094786], [11.308762696514163, 7.563159696296826, 83.24254369511804, 73.2116272429987, 24.35228046655185, 90.11211871203163, 61.960245864734894, 44.91001879547968, 54.5526786853298, 41.60798553905778, 84.89582516077921, 0.0, 106.83076548841306, 66.74159105753697, 35.05393530398683, 70.53603950292303, 52.57335380688441, 38.766864799756014, 68.18068628494996, 65.68794708796058, 75.40766795175908, 7.804613637083315, 64.15898927568122, 82.6706110722815, 63.53183044780003, 43.74907555362274, 84.64414764822094, 36.46664459879119, 57.40969996027705, 34.94011104311423, 109.31886703445386, 42.819460720433256, 22.744108072962284, 13.538437446366052, 81.72111319070987, 110.91458189051792, 5.863469359195512, 76.12039435231992, 74.58271386653158, 26.32829669406521, 42.79697298407058, 58.49988477814608, 98.58816753175049, 52.95742729007349, 59.93482275292099, 82.59755749694433, 95.7818619967813, 41.90981958643982, 80.95007074889288, 20.743425022256513, 114.48994799687425, 84.16234605923475, 114.92864467610603, 39.267914036756835, 79.75964569136983, 39.76618527146626, 59.5225525716643, 95.24116888958463], [99.94179519266955, 110.62611943562699, 85.84514395039187, 73.92630006235653, 86.69783479933713, 39.896169260780226, 71.63486126199432, 75.88911543750943, 56.20505987696891, 66.7079039834281, 22.79594925300233, 106.83076548841306, 0.0, 40.08918402926589, 98.25152598707135, 83.16390476569912, 89.52588917556263, 78.68165811063588, 76.75540528117558, 46.44661063826268, 88.73322717134037, 107.57554106364411, 83.61844928519633, 40.302275954083264, 51.39778748585197, 75.30446839557136, 39.834238420079835, 80.09393082938986, 72.59072763865896, 89.97615065578539, 2.640524656972937, 64.48321998879264, 99.18986878503962, 99.6350600067247, 66.29481218916132, 4.872046744870808, 102.65783312196149, 78.42614766004925, 50.24267472058781, 84.00493511727377, 86.7648079494568, 54.067801210840344, 25.142284497597576, 54.42491160744744, 47.027036949997004, 41.41260892472533, 24.10917851136737, 73.03211010867578, 26.07452425387318, 106.03694316698538, 8.984985531175765, 36.10768726378657, 8.392432014590616, 98.83936377679201, 64.92351287450845, 69.1065754779969, 64.17563545808228, 28.698340520057016], [60.10106782697555, 70.6527580244751, 67.27378108732519, 52.419499997188126, 47.36393990472408, 36.939521862569855, 44.37535194389012, 40.963988754778114, 20.380312198817716, 27.467928556338844, 18.798814852883147, 66.74159105753697, 40.08918402926589, 0.0, 61.765193475633254, 59.24418666547, 58.058085446260215, 41.91649958238912, 52.45523512018226, 17.04708207664799, 66.13975877450825, 67.65649224453195, 56.916707333448336, 30.083903435815046, 22.144120230780334, 39.8030439158467, 31.670531240310122, 42.78102257840524, 43.06760338430816, 53.30520196959675, 42.582559441667335, 24.696885923101547, 60.53265426673259, 59.954802213287124, 50.73467232643366, 44.22423382688923, 62.61810457342086, 57.825356734237694, 31.423950568186054, 44.639556202171946, 52.09003342883291, 20.87365763716599, 36.95519597937985, 15.069299850718494, 7.342314581818184, 30.93932681487513, 33.63165025548575, 36.284531606602236, 14.42400024766823, 67.15236684464575, 47.89028394915129, 28.249835868982863, 48.21749950254717, 63.30758490149629, 48.44660673439021, 30.015769239443518, 35.046720933226034, 35.269301589886396], [24.419850033106616, 42.59465917534858, 50.10032968678514, 43.08494971860516, 45.00552456324108, 69.98706143229681, 34.279778713465255, 22.51412477485025, 60.614242644604246, 48.78819791915897, 75.57109284179968, 35.05393530398683, 98.25152598707135, 61.765193475633254, 0.0, 37.909059314322874, 77.53638926711128, 57.499657824841535, 87.65919680527828, 51.86164523250472, 41.62976964461147, 42.46726368196443, 86.3397853001564, 87.6593432684888, 70.29774138219663, 22.95393045713242, 65.6110106703458, 19.03457098170007, 75.13840471800746, 60.32456974012627, 100.32035973581007, 39.44729563517619, 12.348343917608787, 21.970770199439166, 53.437376536200766, 102.97238681685792, 29.74368722289681, 95.73109684930883, 53.654217489032675, 22.68837974006751, 12.830106486812106, 65.04588603937654, 82.50799543126752, 47.015158118218146, 54.56353672840023, 88.06869669129982, 95.29381879920739, 57.12753856765878, 73.08316840076662, 16.104242996060712, 104.04130551844666, 87.44883429822889, 105.24410912705198, 68.4766696333155, 94.45177989547423, 32.9477166695678, 73.18060690676023, 96.46703633915556], [59.229479941339235, 77.98347562125748, 12.756765618017862, 9.597407150031762, 71.10744098661391, 45.41621557613167, 15.225626060056776, 29.128213832976382, 69.96333420480026, 63.65557955432281, 63.75575378763366, 70.53603950292303, 83.16390476569912, 59.24418666547, 37.909059314322874, 0.0, 100.02824915619837, 78.55576785362989, 103.73110363385128, 42.65947866414901, 7.05279078458773, 77.02021706979536, 105.15331697744233, 89.3267715862931, 77.50499970804262, 30.95360298870005, 43.672853163772984, 36.66839817350925, 91.52643805451132, 85.77492712505929, 84.4726064609658, 49.97448045142665, 48.7034840597721, 57.0325431472779, 20.20695772312421, 87.9963174733288, 64.72796873974383, 110.93784023608417, 33.046623768473935, 47.95450779327307, 27.74007787891494, 73.48033585922215, 60.83605286606823, 50.12932553922847, 54.500582689115035, 90.16805575770809, 89.78650345977285, 75.53977248688065, 63.656120476023936, 53.86753812157334, 86.0694732016823, 87.35783470329687, 88.00700859109115, 95.82029542896116, 104.93609391559559, 45.156621538647826, 86.25011915457411, 92.65432582978403], [56.874110493158945, 49.432033025372206, 111.76158489938851, 97.56384941966282, 32.60035203235783, 94.42134545375885, 85.9223527383875, 71.29043550527291, 37.73120698859619, 37.20785575113705, 74.63955064286026, 52.57335380688441, 89.52588917556263, 58.058085446260215, 77.53638926711128, 100.02824915619837, 0.0, 21.486984733803666, 19.378200972144022, 69.92112729947117, 106.74662645331624, 46.54674175765214, 12.748938251570156, 51.5095517029535, 38.6266350656387, 69.41049359914724, 88.83327258317422, 65.24020512957516, 16.985484343330317, 17.906521962901795, 92.13042926389367, 50.761719762366596, 67.24225883929978, 58.8968822036258, 101.00079798320657, 91.82855993758106, 53.9257228062375, 25.799989380051475, 84.78701486585274, 55.8080007260527, 77.38919528940286, 37.58198130028788, 94.56210216984243, 54.84349774041806, 55.97762633283867, 50.71915486342811, 69.01977676940484, 24.933230817193905, 69.95208968226245, 69.56560774829877, 98.49689314734991, 55.11092208352732, 97.70289697129284, 15.882773864345605, 34.895337390540774, 54.89779141837339, 25.354967272713765, 66.08110193913888], [39.56868504488602, 38.53801411004611, 90.35945720722337, 76.29669060915319, 14.697399675658907, 76.27089201357172, 64.56277821001865, 49.81211074245227, 22.557680515171448, 16.715562094303696, 60.23042181981316, 38.766864799756014, 78.68165811063588, 41.91649958238912, 57.499657824841535, 78.55576785362989, 21.486984733803666, 0.0, 30.749796113876926, 50.777239514404684, 85.26151215328633, 35.21685668473265, 28.841195115220472, 46.630854099153446, 28.511706444055353, 47.93105325082938, 70.52922811197509, 43.95013980059902, 18.927005833953615, 11.440940119382608, 81.31848895678388, 29.691572704613048, 48.30379792475835, 41.17014428700942, 80.25234592886628, 81.86885575327638, 38.10914748417391, 38.89455492163038, 65.0438496579087, 35.12641878149825, 56.23476601544679, 24.767319966814785, 78.79480408845811, 35.175775731073266, 38.01038026113313, 46.29228917758375, 62.20686561123014, 5.703150828733892, 55.57026381728776, 51.83561013682305, 87.35203490641105, 49.0332609865004, 87.07312947063289, 21.493072286971735, 41.0208388980236, 33.46090971135864, 21.047118825677813, 60.57196351882084], [70.22058618961502, 66.32043599607054, 114.38998254293517, 99.5453990339244, 45.160751775185595, 89.2596533174154, 88.75982735626025, 76.69561182896172, 34.55953110821688, 40.71846053562473, 65.81054346404876, 68.18068628494996, 76.75540528117558, 52.45523512018226, 87.65919680527828, 103.73110363385128, 19.378200972144022, 30.749796113876926, 0.0, 67.4798093957256, 110.72579866582359, 63.18932208494464, 7.766444993121794, 36.70534821254268, 30.383424827246277, 74.84629000829867, 84.1085129368923, 72.3641649068365, 12.625395727028348, 33.74705858672277, 79.24645696950601, 53.9754195849801, 78.98348769103798, 71.88789604905693, 100.86280254168894, 78.29884440069969, 68.35434698667251, 8.145754064109104, 82.71232226183884, 65.00261517371662, 84.82065204367392, 32.14283188019884, 86.29626903715481, 54.48727068459006, 52.88824227641291, 35.69131854260697, 54.21590971402356, 30.549751745469596, 61.395564701120904, 82.57419173286789, 85.68488793130382, 40.7823665133635, 84.5080216243044, 34.993591463414205, 15.870999174262911, 59.609674557409775, 17.940419234885653, 50.599033129888184], [56.8277154414056, 71.07623588237689, 50.245183803611226, 35.445767594963236, 51.49354861617825, 25.93201893380881, 28.252566406369436, 29.444437031386983, 33.23201380471528, 34.18298808871251, 23.992953357113688, 65.68794708796058, 46.44661063826268, 17.04708207664799, 51.86164523250472, 42.65947866414901, 69.92112729947117, 50.777239514404684, 67.4798093957256, 0.0, 49.43732537324429, 68.52519364980857, 70.98192569325911, 46.9430778126482, 37.98141251846796, 28.9100839591183, 20.150391251400894, 34.1983771604341, 56.81417396617636, 61.38255255478905, 48.47181595786113, 24.08806302522608, 53.857006010472595, 55.99363761557053, 33.932379849877044, 51.21233561663773, 60.611843316343574, 73.5337108461407, 15.240461902965459, 40.21366597403696, 40.35199769523605, 35.34727327996308, 32.96688687213471, 15.674750679279134, 14.593327795686205, 47.848575406069855, 47.659884712282924, 45.74849357642056, 22.32370167423413, 60.82725991511041, 52.24594978430528, 44.764818070056, 53.39176713960449, 71.97718025766146, 65.07416985890598, 25.921870301178135, 49.58805819430588, 50.211935672402696], [64.1503993381375, 82.92594438560714, 8.97172828569185, 14.872127717613042, 77.37583882849415, 50.122394028692604, 22.275217224059315, 35.59134647534101, 77.0092410115985, 70.55315065220736, 69.9585663394224, 75.40766795175908, 88.73322717134037, 66.13975877450825, 41.62976964461147, 7.05279078458773, 106.74662645331624, 85.26151215328633, 110.72579866582359, 49.43732537324429, 0.0, 82.16110948426527, 112.06648342972991, 96.22213312813324, 84.55298062813117, 37.44939421445379, 48.97079948975329, 42.752156945804074, 98.48928425783754, 92.21377168039393, 89.92360802747918, 56.90373001182664, 53.10271158164069, 61.86946553541321, 23.701715652421523, 93.52921817235394, 69.67295811928113, 117.95924318583188, 39.00797811069487, 53.88499712891659, 32.82306085401436, 80.53291063392612, 65.71057709653677, 57.182087582935594, 61.50460818477904, 97.07660421221382, 96.2771702186699, 82.36574549776579, 70.08012347958316, 57.733466227587904, 91.18701810018828, 94.1873009408005, 93.21693878639151, 102.13921849230363, 111.98767901097361, 51.94610070676054, 93.27647685506412, 99.24733729981948], [18.181081258965566, 3.332653728648953, 89.76926946241933, 79.1076977546891, 21.9442155120623, 93.63881610665351, 67.57348932510838, 50.31354185648769, 53.458306337092935, 41.16300646699094, 86.21308234068228, 7.804613637083315, 107.57554106364411, 67.65649224453195, 42.46726368196443, 77.02021706979536, 46.54674175765214, 35.21685668473265, 63.18932208494464, 68.52519364980857, 82.16110948426527, 0.0, 58.5837049039462, 80.81877722384202, 61.84326790493644, 48.98089080311438, 88.03937357504924, 41.82898786412475, 53.16358526467671, 29.479815593801156, 110.12053563915903, 44.8378899720541, 30.1189208240816, 20.584543412873195, 87.11101483165012, 111.45983010819577, 12.732973262788521, 70.94508779997008, 78.58633973208458, 30.932208334841885, 49.37328014426529, 57.08351458297535, 101.10591984859958, 54.76115184419893, 61.2323360292743, 80.6353301336301, 94.90664014839966, 39.18100110377366, 82.04671369104923, 28.531508551574696, 115.54382871874502, 82.66921049275915, 115.80743112607914, 32.41325248508231, 75.68603016601809, 42.83745143825322, 56.26173651523503, 93.98878787143921], [67.33286617636361, 61.585877256963215, 116.27105507715, 101.61625207283018, 42.36006968254872, 93.85597723767181, 90.44619030742102, 77.28733492601788, 37.7500862678785, 41.51736626400914, 71.47688425525483, 64.15898927568122, 83.61844928519633, 56.916707333448336, 86.3397853001564, 105.15331697744233, 12.748938251570156, 28.841195115220472, 7.766444993121794, 70.98192569325911, 112.06648342972991, 58.5837049039462, 0.0, 43.89657876761184, 35.339936580968576, 75.4111194186582, 88.53061510115319, 72.22078011887274, 14.1791863913917, 29.232596694774557, 86.1458128980008, 55.18037128177541, 76.89310976423575, 69.17810195620737, 103.73536349945282, 85.35684705942913, 64.93262870686145, 13.065214693408421, 86.1963408420051, 63.92503577524441, 84.6381067329898, 36.11167572489949, 91.89138085343986, 57.06863147680992, 56.45716005732745, 42.931436465515, 61.502016812893295, 30.09142681329927, 66.9432978667826, 79.91227352900438, 92.58232843235413, 47.88156943719218, 91.49866723711648, 28.63132589545158, 23.580875259680816, 60.30679956046178, 21.88056929519383, 58.021515736886606], [79.47545512980604, 84.13671290560887, 97.13723368939456, 82.38850156897223, 58.90466514215468, 60.966047373246745, 74.4082763634745, 69.09277442282136, 28.550712703756417, 41.81364893705094, 34.19150192090366, 82.6706110722815, 40.302275954083264, 30.083903435815046, 87.6593432684888, 89.3267715862931, 51.5095517029535, 46.630854099153446, 36.70534821254268, 46.9430778126482, 96.22213312813324, 80.81877722384202, 43.89657876761184, 0.0, 19.145897196242238, 67.64769706410628, 56.981057052423324, 68.8898885638066, 34.730897345939866, 56.56206526337352, 42.72586834835355, 48.21340910626415, 83.52506498251002, 80.12826873653239, 79.82759687572323, 41.6154665125983, 80.20510308746526, 38.15092333438504, 60.252437063072904, 67.07818486999697, 79.81690610246866, 24.308401291152506, 53.77486779431594, 41.78564772203704, 35.448249292559495, 1.1982767703166608, 17.640473472825988, 41.83664453492469, 30.873867485737215, 89.31649283287958, 49.14813823635041, 4.230124655000258, 47.86811568876791, 63.44585428481764, 24.900647634388353, 54.724527612996425, 27.266623443618684, 14.61038020635785], [60.48188636148258, 65.14841280656005, 86.99001028052352, 71.98285819763015, 39.90032905979612, 58.8762698443665, 62.279417039366336, 53.71575024368367, 9.796568885648083, 22.880404952375827, 36.33602966899736, 63.53183044780003, 51.39778748585197, 22.144120230780334, 70.29774138219663, 77.50499970804262, 38.6266350656387, 28.511706444055353, 30.383424827246277, 37.98141251846796, 84.55298062813117, 61.84326790493644, 35.339936580968576, 19.145897196242238, 0.0, 52.070556142378045, 53.745162691982664, 52.0734696953369, 22.18466894296718, 39.27771031829725, 54.0309726191536, 31.267545991430293, 65.14966291900811, 61.22683343505277, 71.86091015561227, 54.14202213019409, 61.08079541685663, 35.72568411948084, 53.046482108151885, 48.837770001730505, 63.772799380152414, 5.352928102822418, 56.63545988301703, 27.46509180547049, 23.680244116425, 19.130278246952575, 33.70184675054567, 23.282198811578798, 31.725026043446537, 70.68039146082802, 60.2971201282285, 20.839445319125954, 59.71324250822405, 47.55301617437381, 27.487262517035884, 37.83053964595006, 13.67346796279204, 32.266016926674865], [32.95683666192141, 50.62468492099187, 43.29145980669203, 30.687006741952658, 40.23966386977844, 48.73398704277394, 18.798034519345588, 1.8837917453740678, 43.09249722528665, 34.13493114065756, 52.65515717328186, 43.74907555362274, 75.30446839557136, 39.8030439158467, 22.95393045713242, 30.95360298870005, 69.41049359914724, 47.93105325082938, 74.84629000829867, 28.9100839591183, 37.44939421445379, 48.98089080311438, 75.4111194186582, 67.64769706410628, 52.070556142378045, 0.0, 43.862617560749214, 7.298142937734052, 62.323687502964425, 54.82207111596064, 77.36678606927195, 21.262468589448247, 26.441731251465367, 31.342925277283623, 38.130127794979906, 80.03492584531547, 37.959937009266454, 82.47579113985523, 32.4272556961358, 18.19119357178103, 12.303468260283406, 47.229101754238336, 60.16435775826663, 25.894046785549932, 32.911328988368574, 68.21811068444333, 73.4219292766698, 45.394322917811905, 50.30239792236964, 33.3393056492033, 81.11926813324916, 66.85197992815819, 82.2987865781239, 64.89304447705427, 78.4406263657678, 15.238986303339217, 58.18626925150635, 74.9961637995041], [75.06251703667218, 90.44076027899015, 46.11423623652858, 34.2564039917556, 71.62371639979062, 5.785349335105441, 33.96679727606068, 43.667523815797296, 51.27480531748171, 54.111967420067664, 24.0380114783631, 84.64414764822094, 39.834238420079835, 31.670531240310122, 65.6110106703458, 43.672853163772984, 88.83327258317422, 70.52922811197509, 84.1085129368923, 20.150391251400894, 48.97079948975329, 88.03937357504924, 88.53061510115319, 56.981057052423324, 53.745162691982664, 43.862617560749214, 0.0, 50.50018810972847, 74.56929895041719, 81.34296259031167, 40.95806022018981, 44.13255764178357, 70.24519257901183, 73.92065882685841, 26.61099862629205, 44.59547452535362, 79.30045317099444, 89.25630106790497, 12.132732396624355, 58.53348050120214, 52.95113605779508, 52.42239035037572, 17.605272311168598, 35.71960515715691, 32.88419728771638, 58.0942467509366, 51.15997301285265, 65.30787199881568, 26.273814364392134, 77.18028734216908, 42.40522498012058, 53.678173921333205, 44.33596767547021, 91.88208828778104, 78.96335126120515, 45.20193328457983, 66.68793195986214, 55.01515467950085], [25.662661789294187, 43.395028873366215, 49.288300957201045, 37.44714715432972, 34.6734124719571, 55.54216646031004, 25.75866026475679, 8.48803165317518, 42.59889983309778, 31.94712050353181, 57.30707732435364, 36.46664459879119, 80.09393082938986, 42.78102257840524, 19.03457098170007, 36.66839817350925, 65.24020512957516, 43.95013980059902, 72.3641649068365, 34.1983771604341, 42.752156945804074, 41.82898786412475, 72.22078011887274, 68.8898885638066, 52.0734696953369, 7.298142937734052, 50.50018810972847, 0.0, 59.742874984431, 49.73267756170653, 82.26557341316452, 20.844125909963, 19.840405603790344, 24.08039699075953, 45.324178362351724, 84.73219243543197, 30.668001758132977, 80.21764627187078, 39.35307537573061, 11.372420884173762, 12.458491720295546, 46.94900854179102, 66.34703603198729, 27.980760199704722, 35.54781382979957, 69.34655814170065, 76.26745241722658, 42.159763697560706, 54.528017650177546, 26.820075203732113, 86.34656901336281, 68.53496046678933, 87.37992322353357, 59.45311693839407, 77.38624994055284, 14.265131860522121, 56.516474526151534, 77.43774397912755], [58.457259421604924, 56.4164460713023, 102.42671097225073, 87.68669899942296, 33.61127492257523, 79.96357475406346, 76.67248956215816, 64.18098047987019, 23.58729629671932, 28.191480288986803, 58.50961820161984, 57.40969996027705, 72.59072763865896, 43.06760338430816, 75.13840471800746, 91.52643805451132, 16.985484343330317, 18.927005833953615, 12.625395727028348, 56.81417396617636, 98.48928425783754, 53.16358526467671, 14.1791863913917, 34.730897345939866, 22.18466894296718, 62.323687502964425, 74.56929895041719, 59.742874984431, 0.0, 24.61244705588457, 75.18827970911059, 41.61654712267882, 66.73533503926954, 59.998259435884115, 89.59351140884685, 74.8480995375472, 57.013545001289685, 20.603970922544057, 72.02226550254096, 52.46067822931107, 72.20027921976468, 22.194143641655995, 78.73829768857385, 42.94612519399561, 42.310075812698216, 34.00303693864836, 52.12980034479496, 18.013999839077915, 53.87901497093594, 70.60720509642971, 81.5685545334401, 38.21688955629949, 80.74220193041721, 29.271155981945373, 22.52983857463196, 47.10026057278796, 8.555995179583226, 49.33919510861396], [38.99932560888575, 32.58068156512527, 97.99907221354549, 84.49662767207612, 15.43485852517017, 87.11164749835346, 72.55537074751712, 56.65648813871307, 33.9608811299536, 27.23119292514023, 71.6687322392468, 34.94011104311423, 89.97615065578539, 53.30520196959675, 60.32456974012627, 85.77492712505929, 17.906521962901795, 11.440940119382608, 33.74705858672277, 61.38255255478905, 92.21377168039393, 29.479815593801156, 29.232596694774557, 56.56206526337352, 39.27771031829725, 54.82207111596064, 81.34296259031167, 49.73267756170653, 24.61244705588457, 0.0, 92.6153543563767, 38.99494308348709, 49.61310812547146, 41.05934775942139, 89.3801331758518, 93.07343782520563, 36.03567559683038, 41.4652747409622, 75.19682777819907, 39.423783564159216, 61.39591265042413, 35.9368665222104, 90.12453166871093, 45.70793566215111, 49.146266434892475, 56.095792702306866, 72.7884859719984, 17.141164251736715, 67.01058224258486, 51.695250505344674, 98.68973699275925, 59.306227110049164, 98.36315562947706, 10.664792493188768, 46.96693408554727, 41.570990702473644, 29.678686957212456, 70.8471021758655], [102.34530791200051, 113.1623016317929, 86.8033632163001, 75.16277117633449, 89.28568965398973, 40.66667099305044, 73.22942311445769, 77.91218796072931, 58.837002612687506, 69.28995287952765, 25.032477536047043, 109.31886703445386, 2.640524656972937, 42.582559441667335, 100.32035973581007, 84.4726064609658, 92.13042926389367, 81.31848895678388, 79.24645696950601, 48.47181595786113, 89.92360802747918, 110.12053563915903, 86.1458128980008, 42.72586834835355, 54.0309726191536, 77.36678606927195, 40.95806022018981, 82.26557341316452, 75.18827970911059, 92.6153543563767, 0.0, 66.90089042431552, 101.44491227612845, 102.01154200534383, 67.2578620404975, 3.9272887604748, 105.10985779837874, 80.81580091009015, 51.67039823921344, 86.35071627911226, 88.73131430683289, 56.70815733781712, 25.546867627215743, 56.819029692778784, 49.468386853645406, 43.82447260376147, 26.26583066274952, 75.66740568416944, 28.473585445606503, 108.30944003534786, 6.439030342984894, 38.54703163371256, 5.761253671856046, 101.47866756416907, 67.26032587826538, 71.444699946522, 66.78325521211971, 30.792025551537424], [35.46843946370764, 47.560950175425965, 61.229440594977945, 46.832011812412546, 27.5726940510934, 49.88330061459067, 35.35366143754126, 23.036989782651485, 21.95693119112289, 13.733643576426426, 42.1842898297018, 42.819460720433256, 64.48321998879264, 24.696885923101547, 39.44729563517619, 49.97448045142665, 50.761719762366596, 29.691572704613048, 53.9754195849801, 24.08806302522608, 56.90373001182664, 44.8378899720541, 55.18037128177541, 48.21340910626415, 31.267545991430293, 21.262468589448247, 44.13255764178357, 20.844125909963, 41.61654712267882, 38.99494308348709, 66.90089042431552, 0.0, 36.276318292559175, 35.26239289477468, 50.592927501354104, 68.77034170781131, 38.29353413810699, 61.441960226025756, 36.50814763201428, 20.051376708175397, 32.56209054858934, 26.219186570817712, 56.281826395153914, 10.155143658230434, 17.492637038205785, 48.62298371561278, 56.92812616274915, 25.881138415130508, 38.42802812271615, 42.6951489251756, 71.85103904981337, 48.107813236719494, 72.41824796962761, 49.64583006822612, 57.20059371530885, 6.579003504808744, 36.98804899976498, 57.60622478260417], [12.129097978642047, 30.300051884458313, 61.24759877763916, 52.57407693021394, 34.705220418756575, 75.17318891802705, 42.29621939954624, 26.89728892523416, 55.3566713394305, 42.527561474843694, 76.4136510387842, 22.744108072962284, 99.18986878503962, 60.53265426673259, 12.348343917608787, 48.7034840597721, 67.24225883929978, 48.30379792475835, 78.98348769103798, 53.857006010472595, 53.10271158164069, 30.1189208240816, 76.89310976423575, 83.52506498251002, 65.14966291900811, 26.441731251465367, 70.24519257901183, 19.840405603790344, 66.73533503926954, 49.61310812547146, 101.44491227612845, 36.276318292559175, 0.0, 9.67631741157429, 62.12444929053072, 103.7290135274341, 17.397242381412347, 87.1246640148576, 58.86518338197088, 16.46932167220255, 21.296769810783164, 59.79803124040279, 86.18527740482827, 45.468100120787945, 53.19157038627139, 83.77853601295533, 93.202904647515, 48.87459004054353, 73.30024949931193, 6.984018856842879, 105.76488601148495, 83.89426010670086, 106.68863675084904, 57.08736947874706, 87.29383183160535, 30.517264484981716, 65.92572046575548, 93.78660768325464], [2.453117512863086, 21.066869523138113, 69.72418065799685, 59.98063955885597, 26.83899386942747, 79.17408965352429, 48.979641527166926, 32.28948146576795, 51.58857066984091, 38.35293612982788, 77.10280885510478, 13.538437446366052, 99.6350600067247, 59.954802213287124, 21.970770199439166, 57.0325431472779, 58.8968822036258, 41.17014428700942, 71.88789604905693, 55.99363761557053, 61.86946553541321, 20.584543412873195, 69.17810195620737, 80.12826873653239, 61.22683343505277, 31.342925277283623, 73.92065882685841, 24.08039699075953, 59.998259435884115, 41.05934775942139, 102.01154200534383, 35.26239289477468, 9.67631741157429, 0.0, 68.8419154186398, 103.98539205084535, 7.871206345418507, 80.02371197458244, 63.198741656792215, 15.829914783635422, 29.294497203467554, 55.9154310796919, 88.8973491924426, 45.21766149017866, 52.74403517177451, 80.25118765760189, 91.32843207700736, 42.608114676845105, 73.56099252959227, 10.734189335018112, 106.75539946327409, 80.9637245337455, 107.45334205071862, 47.91385037261274, 81.37531364531941, 30.668829516884667, 60.18893512654814, 91.43429806742725], [70.68405890074202, 88.71869369084607, 19.551050059277877, 11.179318922436822, 76.32582647993817, 26.8033221435527, 19.887772864967477, 36.84111860198652, 66.31414657998752, 63.8239972