instance_id,num_cities,city_coordinates,distance_matrix,best_route,total_distance
1085,32,"[[84.30233521861801, 59.805042430688204], [37.277137513771905, 90.81867621841043], [92.36643056216127, 47.1544889739836], [63.318252073812445, 38.32464705074767], [45.122818222731595, 79.07363736901594], [80.2124456361892, 67.77063526239287], [6.803392044996337, 79.73802819373127], [18.606528815557375, 25.158741244487672], [4.5694715420666165, 34.64957949232189], [71.69219402002862, 91.04704298230172], [44.010262443588054, 24.128800863838727], [91.98324467784391, 76.62353923569486], [85.10533136075212, 55.724382105344446], [57.1031832226263, 86.4518374661389], [38.90340917246744, 76.13203724177743], [14.970530193025555, 38.10819469640955], [17.02711246009514, 48.78073465665433], [11.217624521166858, 50.92689776830189], [32.24123279493314, 1.846935746500833], [44.80402324282184, 88.23049427547457], [63.51657136478433, 63.62523341784701], [35.818506491884364, 73.02870194501996], [12.593734901408604, 57.82130823500323], [60.70947266838582, 95.47253416983034], [82.67782010491007, 37.54216461993389], [32.61402987351699, 9.623211131032273], [16.49256884554664, 35.154178998263234], [99.97201228357035, 39.95218189506122], [85.84351855734218, 3.7237746003351724], [30.790630604188785, 99.424203840216], [70.73210720534847, 92.4059686947394], [3.0995723559545496, 7.464774030534516]]","[[0.0, 56.33129414365348, 15.002204387045824, 30.028971529286242, 43.661347928440115, 8.954209398766846, 80.02131037703593, 74.27183291688272, 83.60697857061363, 33.690922509117804, 53.81677564518808, 18.48940791104045, 4.1589171060646155, 38.07683751261887, 48.24555156390258, 72.64745274069313, 68.17250882214543, 73.62198306468245, 77.90699914632222, 48.66336364779557, 21.13390257774716, 50.25481886301273, 71.73603390773994, 42.76439091435679, 22.32206929859421, 72.04094045773921, 72.15143438307092, 25.29179413894848, 56.102440655851595, 66.58213335074315, 35.312483367871884, 96.60948396886344], [56.33129414365348, 0.0, 70.29503151921683, 58.59831691938416, 14.12446966653007, 48.73041017144403, 32.42576018449754, 68.26286464792999, 64.9981448992303, 34.41581418051435, 67.02890754091717, 56.51778547506076, 59.32238705546746, 20.30126521027505, 14.776404296642404, 57.23617381030262, 46.66103348002654, 47.64926237964545, 89.114145560276, 7.959440592649389, 37.78877108572296, 17.849671960736632, 41.207968384238626, 23.890013073042667, 69.99720471450185, 81.32925748843554, 59.41830143563468, 80.73442615853554, 99.72068619665365, 10.776357340851689, 33.49260357854726, 90.08872831860175], [15.002204387045824, 70.29503151921683, 0.0, 30.360546468736466, 57.0157078456666, 23.93208802770556, 91.5571984519769, 76.96970848228727, 88.6830241608885, 48.5178354213497, 53.55839157459253, 29.471541438296114, 11.232391993500338, 52.79941487784804, 60.81112529568237, 77.92278764331813, 75.35686781644202, 81.23644373057195, 75.28488418008942, 62.84441742540755, 33.22047257706507, 62.186353917305276, 80.48269382998015, 57.76501081655019, 13.647928490427196, 70.56164825584155, 76.81699246459297, 10.474640832989323, 43.91782476430322, 80.76943872939492, 50.15715665809925, 97.69260691730598], [30.028971529286242, 58.59831691938416, 30.360546468736466, 0.0, 44.62683077462907, 33.948195797176034, 70.0642386797338, 46.60986239436991, 58.86361639863993, 53.38327393933559, 23.9649851350513, 47.838132735124475, 27.882388775453936, 48.52683317613369, 45.00536975688711, 48.34820640606659, 47.45734268539551, 53.60309799375022, 47.920815406833526, 53.22941157315254, 25.301363620568445, 44.27874696934679, 54.342400017915566, 57.20740102610494, 19.375374915217236, 42.030009335933364, 46.932893342150955, 36.689876085698174, 41.286898702660416, 69.21850907337276, 54.58712850729823, 67.66550930707335], [43.661347928440115, 14.12446966653007, 57.0157078456666, 44.62683077462907, 0.0, 36.86515710854358, 38.32518542367236, 60.08268992017329, 60.15040187092738, 29.142652114010772, 54.956099196925905, 46.92443444963289, 46.30106994660139, 14.070073994257713, 6.87997530831887, 50.86578385112093, 41.31620308113088, 44.065872396799655, 78.29366951820975, 9.162404632222632, 24.020477499193618, 11.09556042140562, 38.8561804008832, 22.624491443831246, 55.993226332103546, 70.56792111578076, 52.42718763180111, 67.37152490128283, 85.64915209738027, 24.890905118774683, 28.87190227148272, 83.02880525341132], [8.954209398766846, 48.73041017144403, 23.93208802770556, 33.948195797176034, 36.86515710854358, 0.0, 74.37813954871199, 74.90702569922125, 82.57641228055535, 24.786807861161126, 56.702802202197, 14.728394985181707, 13.002020836674996, 29.7157420414863, 42.14676187587784, 71.66845827156747, 65.97728892270311, 71.02110132533697, 81.5301871659983, 40.8945253942664, 17.20280715869719, 44.70424026853822, 68.34675668773082, 33.87862390447337, 30.32883955335293, 75.14474110826745, 71.58251125410835, 34.12194047592697, 64.29392928502952, 58.68955788526792, 26.396523825802635, 97.89377980469283], [80.02131037703593, 32.42576018449754, 91.5571984519769, 70.0642386797338, 38.32518542367236, 74.37813954871199, 0.0, 55.840958099879, 45.14375490710797, 65.86691458724219, 66.9084252473877, 85.23677220556489, 81.90145846727393, 50.74587892094734, 32.3019236320302, 42.42340371238173, 32.60181716203644, 29.147327231579585, 81.93964867292357, 38.938027063305476, 58.95767010362767, 29.780730768026107, 22.668715979166365, 56.1555002336126, 86.81831452036802, 74.71463442225229, 45.62455212006533, 101.30797284943085, 109.66087884222324, 31.03116377578929, 65.1717526125431, 72.36809758192466], [74.27183291688272, 68.26286464792999, 76.96970848228727, 46.60986239436991, 60.08268992017329, 74.90702569922125, 55.840958099879, 0.0, 16.94446775634492, 84.61297865040824, 25.424603427224348, 89.62570983267301, 73.18708315802506, 72.37980412362205, 54.86565644417314, 13.450235339448328, 23.674736086984087, 26.806599883376705, 27.006396060584883, 68.29608147374458, 59.13191136684566, 50.870279269932105, 33.21139824012143, 81.95539858131613, 65.25702676325847, 20.91800138146136, 10.216535745760872, 82.69938201864348, 70.57103219149346, 75.25829702400429, 85.08387345564462, 23.527477008988175], [83.60697857061363, 64.9981448992303, 88.6830241608885, 58.86361639863993, 60.15040187092738, 82.57641228055535, 45.14375490710797, 16.94446775634492, 0.0, 87.67059804151624, 40.81988204156259, 96.96896941997184, 83.24765475322907, 73.77848462879989, 53.848060077811695, 10.961023683517615, 18.838321674739976, 17.582634281900763, 42.915496123788415, 67.0054742506925, 65.68370496493971, 49.49201173456302, 24.521782467522275, 82.77156240017081, 78.16189073925432, 37.5874495724448, 11.933770149020337, 95.54979001638787, 86.95904855998857, 69.88062064672799, 87.8253656503251, 27.22451563595866], [33.690922509117804, 34.41581418051435, 48.5178354213497, 53.38327393933559, 29.142652114010772, 24.786807861161126, 65.86691458724219, 84.61297865040824, 87.67059804151624, 0.0, 72.4178186914517, 24.895063710029106, 37.78362905743225, 15.295592495307098, 36.021685246800025, 77.58781350921198, 69.09929060006962, 72.57271944791029, 97.53480134014917, 27.035285727400154, 28.614619438150207, 40.144514825847935, 67.79806280191964, 11.840825162915133, 54.62102149400545, 90.31579765691885, 78.5557818606723, 58.3989122376723, 88.46249593510987, 41.75062531147694, 1.6638647131443538, 108.12466614920183], [53.81677564518808, 67.02890754091717, 53.55839157459253, 23.9649851350513, 54.956099196925905, 56.702802202197, 66.9084252473877, 25.424603427224348, 40.81988204156259, 72.4178186914517, 0.0, 71.11332210759004, 51.83710488921089, 63.68347875122572, 52.25338787210377, 32.22932672443653, 36.548710274878886, 42.3496764994966, 25.199039108231045, 64.10660772842186, 44.05070115472019, 49.581298806319936, 46.06716027458708, 73.27204039856161, 40.927965289579085, 18.446849332274834, 29.64426460485629, 58.15579792601947, 46.54445631751666, 76.44708218986713, 73.32004251554007, 44.17436308253326], [18.48940791104045, 56.51778547506076, 29.471541438296114, 47.838132735124475, 46.92443444963289, 14.728394985181707, 85.23677220556489, 89.62570983267301, 96.96896941997184, 24.895063710029106, 71.11332210759004, 0.0, 22.001828568473698, 36.238296500060635, 53.08211103081573, 86.1068519764833, 79.96026215484336, 84.75495727092533, 95.71127631161333, 48.586009719983316, 31.293888279450925, 56.27966480571655, 81.58564918627593, 36.51483843215836, 40.17393145237353, 89.51953771448304, 86.13100473185523, 37.531438249323045, 73.1578561791255, 65.30242203452455, 26.47066156152159, 112.61990059544316], [4.1589171060646155, 59.32238705546746, 11.232391993500338, 27.882388775453936, 46.30106994660139, 13.002020836674996, 81.90145846727393, 73.18708315802506, 83.24765475322907, 37.78362905743225, 51.83710488921089, 22.001828568473698, 0.0, 41.57278933748803, 50.50831616733913, 72.31334865474876, 68.4314118557952, 74.04329191747665, 75.48107142407754, 51.77685549001054, 22.989084575636596, 52.2362957221148, 72.5419100953092, 46.63768341030028, 18.343550462874113, 69.8616826094718, 71.62991299613981, 21.674420433638954, 52.00584679848254, 69.71198704623599, 39.39706038953615, 95.152163829769], [38.07683751261887, 20.30126521027505, 52.79941487784804, 48.52683317613369, 14.070073994257713, 29.7157420414863, 50.74587892094734, 72.37980412362205, 73.77848462879989, 15.295592495307098, 63.68347875122572, 36.238296500060635, 41.57278933748803, 0.0, 20.92199923878134, 64.12696973629684, 55.00184937478158, 58.03021487018668, 88.18223162326234, 12.427105707051007, 23.7104491699223, 25.163823849934097, 52.922567907406595, 9.714849076881544, 55.19255520071047, 80.63719028026479, 65.42684284275595, 63.24519328206134, 87.57818941197797, 29.336542308890614, 14.872768660011332, 95.68357318170709], [48.24555156390258, 14.776404296642404, 60.81112529568237, 45.00536975688711, 6.87997530831887, 42.14676187587784, 32.3019236320302, 54.86565644417314, 53.848060077811695, 36.021685246800025, 52.25338787210377, 53.08211103081573, 50.50831616733913, 20.92199923878134, 0.0, 44.92878028791278, 35.02379349743132, 37.440642724658794, 74.58324810739286, 13.46068010924709, 27.608475057409063, 4.3757644489585354, 32.054356287542845, 29.147199292763077, 58.35561088235185, 66.80554050821983, 46.70578797519943, 70.9813793811498, 86.29212228133045, 24.664594076273357, 35.74782319811976, 77.44099539459445], [72.64745274069313, 57.23617381030262, 77.92278764331813, 48.34820640606659, 50.86578385112093, 71.66845827156747, 42.42340371238173, 13.450235339448328, 10.961023683517615, 77.58781350921198, 32.22932672443653, 86.1068519764833, 72.31334865474876, 64.12696973629684, 44.92878028791278, 0.0, 10.868884019265584, 13.35677541277128, 40.164114194089635, 58.32908556325725, 54.84375423474798, 40.67038163403475, 19.85588077229862, 73.36701099258562, 67.70965586428167, 33.506527270000916, 3.3230724344592693, 85.02148108788742, 78.77352870750354, 63.3239966706354, 77.83059637491496, 32.862423374962695], [68.17250882214543, 46.66103348002654, 75.35686781644202, 47.45734268539551, 41.31620308113088, 65.97728892270311, 32.60181716203644, 23.674736086984087, 18.838321674739976, 69.09929060006962, 36.548710274878886, 79.96026215484336, 68.4314118557952, 55.00184937478158, 35.02379349743132, 10.868884019265584, 0.0, 6.193235520658803, 49.338128640045284, 48.2476974229264, 48.80193574769178, 30.677033873495873, 10.069101608555034, 63.93960224419198, 66.60571199781016, 42.14574288243688, 13.63703618778967, 83.41342668054449, 82.25464970236004, 52.480428758244294, 69.19094959216403, 43.60028641891619], [73.62198306468245, 47.64926237964545, 81.23644373057195, 53.60309799375022, 44.065872396799655, 71.02110132533697, 29.147327231579585, 26.806599883376705, 17.582634281900763, 72.57271944791029, 42.3496764994966, 84.75495727092533, 74.04329191747665, 58.03021487018668, 37.440642724658794, 13.35677541277128, 6.193235520658803, 0.0, 53.39320908982909, 50.195662078111226, 53.81846866290451, 33.071031758975494, 7.030403648580218, 66.5864607517516, 72.70289288824657, 46.5166711172655, 16.63140688649148, 89.43034012893744, 88.30152262282178, 52.29809999759962, 72.54300086215201, 44.213787111647775], [77.90699914632222, 89.114145560276, 75.28488418008942, 47.920815406833526, 78.29366951820975, 81.5301871659983, 81.93964867292357, 27.006396060584883, 42.915496123788415, 97.53480134014917, 25.199039108231045, 95.71127631161333, 75.48107142407754, 88.18223162326234, 74.58324810739286, 40.164114194089635, 49.338128640045284, 53.39320908982909, 0.0, 87.29228424074029, 69.2438074186297, 71.27159831407977, 59.32246243167646, 97.85802655694116, 61.78995633437278, 7.785206260457731, 36.84281299280469, 77.71401594423477, 53.63513366290999, 97.58804996180913, 98.39962327874292, 29.678215581909306], [48.66336364779557, 7.959440592649389, 62.84441742540755, 53.22941157315254, 9.162404632222632, 40.8945253942664, 38.938027063305476, 68.29608147374458, 67.0054742506925, 27.035285727400154, 64.10660772842186, 48.586009719983316, 51.77685549001054, 12.427105707051007, 13.46068010924709, 58.32908556325725, 48.2476974229264, 50.195662078111226, 87.29228424074029, 0.0, 30.912429847694938, 17.658822195708485, 44.29696683387, 17.476568978509885, 63.275044464776855, 79.54684721404247, 60.15508036313251, 73.30963416291831, 93.94480212296543, 17.935281070122063, 26.26214242200673, 90.89754006824963], [21.13390257774716, 37.78877108572296, 33.22047257706507, 25.301363620568445, 24.020477499193618, 17.20280715869719, 58.95767010362767, 59.13191136684566, 65.68370496493971, 28.614619438150207, 44.05070115472019, 31.293888279450925, 22.989084575636596, 23.7104491699223, 27.608475057409063, 54.84375423474798, 48.80193574769178, 53.81846866290451, 69.2438074186297, 30.912429847694938, 0.0, 29.25077807588898, 51.25252014295255, 31.970773657805037, 32.364794626223706, 62.218851497638035, 54.97142669325741, 43.467373292891395, 63.927125224002786, 48.50312857917166, 29.671445541884605, 82.48764130357296], [50.25481886301273, 17.849671960736632, 62.186353917305276, 44.27874696934679, 11.09556042140562, 44.70424026853822, 29.780730768026107, 50.870279269932105, 49.49201173456302, 40.144514825847935, 49.581298806319936, 56.27966480571655, 52.2362957221148, 25.163823849934097, 4.3757644489585354, 40.67038163403475, 30.677033873495873, 33.071031758975494, 71.27159831407977, 17.658822195708485, 29.25077807588898, 0.0, 27.76067072102593, 33.51545616779185, 58.780010238248714, 63.48641536392129, 42.5202464051484, 72.17844888870368, 85.47324017726973, 26.870095947751434, 39.930414241139346, 73.27453373831291], [71.73603390773994, 41.207968384238626, 80.48269382998015, 54.342400017915566, 38.8561804008832, 68.34675668773082, 22.668715979166365, 33.21139824012143, 24.521782467522275, 67.79806280191964, 46.06716027458708, 81.58564918627593, 72.5419100953092, 52.922567907406595, 32.054356287542845, 19.85588077229862, 10.069101608555034, 7.030403648580218, 59.32246243167646, 44.29696683387, 51.25252014295255, 27.76067072102593, 0.0, 61.09614582979777, 72.95904785955105, 52.19069625147802, 22.999992477369116, 89.18670884401334, 91.06082555630118, 45.40845665683972, 67.64738777858877, 51.24372800182799], [42.76439091435679, 23.890013073042667, 57.76501081655019, 57.20740102610494, 22.624491443831246, 33.87862390447337, 56.1555002336126, 81.95539858131613, 82.77156240017081, 11.840825162915133, 73.27204039856161, 36.51483843215836, 46.63768341030028, 9.714849076881544, 29.147199292763077, 73.36701099258562, 63.93960224419198, 66.5864607517516, 97.85802655694116, 17.476568978509885, 31.970773657805037, 33.51545616779185, 61.09614582979777, 0.0, 61.955919856615886, 90.32973027779752, 74.78929438282947, 68.00041568805587, 95.12914981901811, 30.17868127745498, 10.481270289165156, 105.18681694368404], [22.32206929859421, 69.99720471450185, 13.647928490427196, 19.375374915217236, 55.993226332103546, 30.32883955335293, 86.81831452036802, 65.25702676325847, 78.16189073925432, 54.62102149400545, 40.927965289579085, 40.17393145237353, 18.343550462874113, 55.19255520071047, 58.35561088235185, 67.70965586428167, 66.60571199781016, 72.70289288824657, 61.78995633437278, 63.275044464776855, 32.364794626223706, 58.780010238248714, 72.95904785955105, 61.955919856615886, 0.0, 57.32234342948988, 66.22831690141592, 17.46130769383687, 33.966235443590534, 80.75684003441624, 56.14923912429622, 85.07259805284798], [72.04094045773921, 81.32925748843554, 70.56164825584155, 42.030009335933364, 70.56792111578076, 75.14474110826745, 74.71463442225229, 20.91800138146136, 37.5874495724448, 90.31579765691885, 18.446849332274834, 89.51953771448304, 69.8616826094718, 80.63719028026479, 66.80554050821983, 33.506527270000916, 42.14574288243688, 46.5166711172655, 7.785206260457731, 79.54684721404247, 62.218851497638035, 63.48641536392129, 52.19069625147802, 90.32973027779752, 57.32234342948988, 0.0, 30.194897348955283, 73.87113280543612, 53.55540884841789, 89.8195027622078, 91.13710972664754, 29.59327716345054], [72.15143438307092, 59.41830143563468, 76.81699246459297, 46.932893342150955, 52.42718763180111, 71.58251125410835, 45.62455212006533, 10.216535745760872, 11.933770149020337, 78.5557818606723, 29.64426460485629, 86.13100473185523, 71.62991299613981, 65.42684284275595, 46.70578797519943, 3.3230724344592693, 13.63703618778967, 16.63140688649148, 36.84281299280469, 60.15508036313251, 54.97142669325741, 42.5202464051484, 22.999992477369116, 74.78929438282947, 66.22831690141592, 30.194897348955283, 0.0, 83.61721299182294, 76.14082050086726, 65.84125350598339, 78.86504260402037, 30.758340371956123], [25.29179413894848, 80.73442615853554, 10.474640832989323, 36.689876085698174, 67.37152490128283, 34.12194047592697, 101.30797284943085, 82.69938201864348, 95.54979001638787, 58.3989122376723, 58.15579792601947, 37.531438249323045, 21.674420433638954, 63.24519328206134, 70.9813793811498, 85.02148108788742, 83.41342668054449, 89.43034012893744, 77.71401594423477, 73.30963416291831, 43.467373292891395, 72.17844888870368, 89.18670884401334, 68.00041568805587, 17.46130769383687, 73.87113280543612, 83.61721299182294, 0.0, 38.88588214358302, 91.23039496414142, 60.0530748472509, 102.1748564338881], [56.102440655851595, 99.72068619665365, 43.91782476430322, 41.286898702660416, 85.64915209738027, 64.29392928502952, 109.66087884222324, 70.57103219149346, 86.95904855998857, 88.46249593510987, 46.54445631751666, 73.1578561791255, 52.00584679848254, 87.57818941197797, 86.29212228133045, 78.77352870750354, 82.25464970236004, 88.30152262282178, 53.63513366290999, 93.94480212296543, 63.927125224002786, 85.47324017726973, 91.06082555630118, 95.12914981901811, 33.966235443590534, 53.55540884841789, 76.14082050086726, 38.88588214358302, 0.0, 110.40558241628861, 89.9604707771516, 82.8284716128149], [66.58213335074315, 10.776357340851689, 80.76943872939492, 69.21850907337276, 24.890905118774683, 58.68955788526792, 31.03116377578929, 75.25829702400429, 69.88062064672799, 41.75062531147694, 76.44708218986713, 65.30242203452455, 69.71198704623599, 29.336542308890614, 24.664594076273357, 63.3239966706354, 52.480428758244294, 52.29809999759962, 97.58804996180913, 17.935281070122063, 48.50312857917166, 26.870095947751434, 45.40845665683972, 30.17868127745498, 80.75684003441624, 89.8195027622078, 65.84125350598339, 91.23039496414142, 110.40558241628861, 0.0, 40.55338675916217, 96.03817698097374], [35.312483367871884, 33.49260357854726, 50.15715665809925, 54.58712850729823, 28.87190227148272, 26.396523825802635, 65.1717526125431, 85.08387345564462, 87.8253656503251, 1.6638647131443538, 73.32004251554007, 26.47066156152159, 39.39706038953615, 14.872768660011332, 35.74782319811976, 77.83059637491496, 69.19094959216403, 72.54300086215201, 98.39962327874292, 26.26214242200673, 29.671445541884605, 39.930414241139346, 67.64738777858877, 10.481270289165156, 56.14923912429622, 91.13710972664754, 78.86504260402037, 60.0530748472509, 89.9604707771516, 40.55338675916217, 0.0, 108.57792741223619], [96.60948396886344, 90.08872831860175, 97.69260691730598, 67.66550930707335, 83.02880525341132, 97.89377980469283, 72.36809758192466, 23.527477008988175, 27.22451563595866, 108.12466614920183, 44.17436308253326, 112.61990059544316, 95.152163829769, 95.68357318170709, 77.44099539459445, 32.862423374962695, 43.60028641891619, 44.213787111647775, 29.678215581909306, 90.89754006824963, 82.48764130357296, 73.27453373831291, 51.24372800182799, 105.18681694368404, 85.07259805284798, 29.59327716345054, 30.758340371956123, 102.1748564338881, 82.8284716128149, 96.03817698097374, 108.57792741223619, 0.0]]",Route_0,1808.2014798960156
