instance_id,num_cities,city_coordinates,distance_matrix,best_route,total_distance
2350,26,"[[25.376790526911485, 4.358950741308332], [81.27130683302744, 84.09944239946195], [7.533978201330605, 25.948775206064823], [69.09883322462325, 9.85770412043092], [12.565625862750828, 89.14881695433616], [10.839693675705908, 50.65951108220199], [65.49891746273097, 26.133445056136438], [26.02337106735455, 72.27141053328445], [89.0952888900588, 92.89296160400501], [3.515328111722349, 43.155947744899], [12.387077107087974, 0.646481817669653], [81.27748208730453, 5.3473723124569545], [65.70516583928693, 0.7888317405115863], [52.33714640564799, 93.26382934783915], [63.22232367818551, 41.71983102875154], [45.43310593757487, 63.80319197401361], [18.506918506275603, 29.20590907616054], [59.35437255465459, 99.05895508318957], [41.843258639994744, 31.28597040079467], [67.46302914603741, 42.87509912365617], [70.01728313033993, 8.628413420908243], [90.46141035981218, 6.441830352033795], [33.949024428898966, 67.71335963710654], [64.72845249364705, 3.5151808323195977], [26.08669233099279, 37.68251024863597], [87.80696282038136, 43.572682716208355]]","[[0.0, 97.37937647663765, 28.00868565471966, 44.06646464586129, 85.75224400839546, 48.529053903224465, 45.64990331337508, 67.91553770229646, 109.07941195794237, 44.53235358059745, 13.509814219230623, 55.90942938478724, 40.48609150085574, 92.90284295515451, 53.180069155246905, 62.73654121470255, 25.779186955251273, 100.61096810390175, 31.562778075789712, 57.05037394546194, 44.844195738682245, 65.11794012609725, 63.93171607743982, 39.360706894103636, 33.33112027534994, 73.72410181203722], [97.37937647663765, 0.0, 93.90790024687003, 75.2330035053728, 68.89097750057579, 77.96692336142073, 60.073497604639776, 56.49988269187139, 11.770330293981399, 87.87697071153667, 108.21013693181513, 78.75207032911777, 84.75236040255294, 30.35080934302934, 46.062970517067335, 41.18633784102841, 83.3826627228209, 26.535618099021598, 65.90776743955239, 43.475452972942094, 76.30549956970562, 78.19950582799025, 50.078958857297025, 82.26475090836641, 72.11014677583562, 41.050372100740134], [28.00868565471966, 93.90790024687003, 0.0, 63.63296270583325, 63.40002172848141, 24.930868864476757, 57.96523342945631, 49.87628887770975, 105.51668822392696, 17.67021039274625, 25.76351334157454, 76.56710890823426, 63.379096131139, 80.86185995421059, 57.878476342348954, 53.56585434779998, 11.446149570209675, 89.6127874390678, 34.72192933529975, 62.273522371040556, 64.83948123805644, 85.19084400296649, 49.416952353440266, 61.43674833599334, 21.95185048295995, 82.18487802251977], [44.06646464586129, 75.2330035053728, 63.63296270583325, 0.0, 97.38112809502444, 71.12604862021968, 16.669107249607602, 75.83512502958087, 85.40908748220635, 73.55249262511997, 57.45493797965224, 12.987015867338805, 9.683048309574788, 85.07370845606481, 32.399513816897056, 58.90825330788534, 54.16543981061616, 89.7319212268946, 34.670404406646625, 33.05789206502014, 1.5345050841375336, 21.633952377189896, 67.69627710325149, 7.702456062446736, 51.22757168093872, 38.557669725819935], [85.75224400839546, 68.89097750057579, 63.40002172848141, 97.38112809502444, 0.0, 38.52798344623008, 82.29745108493304, 21.586054606930645, 76.62119773424945, 46.87485367975737, 88.50251524279399, 108.36974351676618, 103.10818442735366, 39.98383640038527, 69.39459445442107, 41.505083449043994, 60.236626425850325, 47.82674622773422, 64.84819806531122, 71.79820226942451, 98.91525821620542, 113.61425471852574, 30.27752573506493, 100.27003599083265, 53.21278008489894, 87.968419329118], [48.529053903224465, 77.96692336142073, 24.930868864476757, 71.12604862021968, 38.52798344623008, 0.0, 59.9095873772722, 26.41246404668373, 88.92470143514814, 10.485694715744193, 50.03696125564265, 83.75363846547666, 74.14381089298277, 59.4740827415899, 53.139983114738904, 37.006222710584765, 22.782523469451977, 68.52868192466744, 36.55892666680769, 57.15591998495041, 72.585124262995, 91.07590821330949, 28.720635758877176, 71.60018297216988, 20.021826056298988, 77.29284349716966], [45.64990331337508, 60.073497604639776, 57.96523342945631, 16.669107249607602, 82.29745108493304, 59.9095873772722, 0.0, 60.720924083745786, 70.80693323567651, 64.27854188314635, 58.91054982838189, 26.096435038475647, 25.345452501610236, 68.40848421439225, 15.751771549484964, 42.680752395195704, 47.09233484419566, 73.18391520568707, 24.21030176939238, 16.856473997280712, 18.078765468266, 31.794429406606135, 52.194684087625355, 22.631382917687073, 41.069506895693536, 28.315647579447262], [67.91553770229646, 56.49988269187139, 49.87628887770975, 75.83512502958087, 21.586054606930645, 26.41246404668373, 60.720924083745786, 0.0, 66.35748025954794, 36.80111643788055, 72.91144578519688, 86.7861951947874, 81.7582039136547, 33.66149759353927, 48.136899417854515, 21.176603441057914, 43.71652404819592, 42.761293282120796, 43.93262051898202, 50.80736547165173, 77.3685684244682, 92.11837240581286, 9.142855635932825, 78.9018532792974, 34.58895824513633, 68.12363164294239], [109.07941195794237, 11.770330293981399, 105.51668822392696, 85.40908748220635, 76.62119773424945, 88.92470143514814, 70.80693323567651, 66.35748025954794, 0.0, 98.98333311443147, 119.97317528477723, 87.89396058666149, 95.02772539759914, 36.76001335401911, 57.341953417430304, 52.46523532113573, 95.0723865963329, 30.37336958677551, 77.64132744785734, 54.495332173828395, 86.39724755030858, 86.46192446745374, 60.62279141735076, 92.63978849091222, 83.77515848511847, 49.33710260677912], [44.53235358059745, 87.87697071153667, 17.67021039274625, 73.55249262511997, 46.87485367975737, 10.485694715744193, 64.27854188314635, 36.80111643788055, 98.98333311443147, 0.0, 43.42536843430398, 86.46641525559396, 75.2499065455236, 69.95977229993935, 59.724264338676036, 46.726960013617834, 20.47807025618771, 79.01357550297753, 40.123890897190236, 63.94831775365318, 74.93103928141258, 94.37980522457485, 39.10596310500057, 72.92761478352651, 23.225524767902666, 84.29266486411684], [13.509814219230623, 108.21013693181513, 25.76351334157454, 57.45493797965224, 88.50251524279399, 50.03696125564265, 58.91054982838189, 72.91144578519688, 119.97317528477723, 43.42536843430398, 0.0, 69.0506065851867, 53.31827875649377, 100.86615438532363, 65.35474205717412, 71.27980120088587, 29.20776170959088, 109.04559475694415, 42.50229277503751, 69.4018487691223, 58.18033927712389, 78.28912809255314, 70.44773717271426, 52.41992952487962, 39.48856618342061, 86.78028511469607], [55.90942938478724, 78.75207032911777, 76.56710890823426, 12.987015867338805, 108.36974351676618, 83.75363846547666, 26.096435038475647, 86.7861951947874, 87.89396058666149, 86.46641525559396, 69.0506065851867, 0.0, 16.225822798069284, 92.55726036903407, 40.60719761627162, 68.57041748354564, 67.15186839385031, 96.24179693343447, 47.20030561003471, 39.989616023193875, 11.728482907255055, 9.248912201711054, 78.29111877666483, 16.65014432705131, 63.96549397352551, 38.778969482269204], [40.48609150085574, 84.75236040255294, 63.379096131139, 9.683048309574788, 103.10818442735366, 74.14381089298277, 25.345452501610236, 81.7582039136547, 95.02772539759914, 75.2499065455236, 53.31827875649377, 16.225822798069284, 0.0, 93.43623026456808, 41.006233769158115, 66.19490923247922, 55.09269312357461, 98.47512232604373, 38.72293999236325, 42.12296268842874, 8.94725636468572, 25.393464435990378, 74.07661541578877, 2.8960228469322224, 54.13655841470017, 48.15544968229602], [92.90284295515451, 30.35080934302934, 80.86185995421059, 85.07370845606481, 39.98383640038527, 59.4740827415899, 68.40848421439225, 33.66149759353927, 36.76001335401911, 69.95977229993935, 100.86615438532363, 92.55726036903407, 93.43623026456808, 0.0, 52.68083946723584, 30.2587992038157, 72.44240104563217, 9.10082112310877, 62.85997677455718, 52.610041458655985, 86.46236674836278, 94.82362053662794, 31.479350887063493, 90.60002415523272, 61.46844208155132, 61.051764348470066], [53.180069155246905, 46.062970517067335, 57.878476342348954, 32.399513816897056, 69.39459445442107, 53.139983114738904, 15.751771549484964, 48.136899417854515, 57.341953417430304, 59.724264338676036, 65.35474205717412, 40.60719761627162, 41.006233769158115, 52.68083946723584, 0.0, 28.35720540641447, 46.43345455944029, 57.46943703590856, 23.789280558916012, 4.395250531673206, 33.781850056696186, 44.57022745057141, 39.148302369983426, 38.23432647033933, 37.35445187171344, 24.654361503143814], [62.73654121470255, 41.18633784102841, 53.56585434779998, 58.90825330788534, 41.505083449043994, 37.006222710584765, 42.680752395195704, 21.176603441057914, 52.46523532113573, 46.726960013617834, 71.27980120088587, 68.57041748354564, 66.19490923247922, 30.2587992038157, 28.35720540641447, 0.0, 43.84052410156082, 37.90475559391131, 32.71477804390178, 30.3858945388142, 60.40395646503204, 72.92375474609912, 12.131510180163453, 63.300510946910585, 32.50498012974968, 46.95548159645166], [25.779186955251273, 83.3826627228209, 11.446149570209675, 54.16543981061616, 60.236626425850325, 22.782523469451977, 47.09233484419566, 43.71652404819592, 95.0723865963329, 20.47807025618771, 29.20776170959088, 67.15186839385031, 55.09269312357461, 72.44240104563217, 46.43345455944029, 43.84052410156082, 0.0, 80.91948182418464, 23.428858827328092, 50.82860932119974, 55.46846844060133, 75.46954470552278, 41.48834033833144, 52.88141187453888, 11.37126812062224, 70.7735849506113], [100.61096810390175, 26.535618099021598, 89.6127874390678, 89.7319212268946, 47.82674622773422, 68.52868192466744, 73.18391520568707, 42.761293282120796, 30.37336958677551, 79.01357550297753, 109.04559475694415, 96.24179693343447, 98.47512232604373, 9.10082112310877, 57.46943703590856, 37.90475559391131, 80.91948182418464, 0.0, 69.99868972553935, 56.76597556810394, 91.05701800124284, 97.70148204852357, 40.34821021136299, 95.6947936582335, 69.8126530651344, 62.356044727132534], [31.562778075789712, 65.90776743955239, 34.72192933529975, 34.670404406646625, 64.84819806531122, 36.55892666680769, 24.21030176939238, 43.93262051898202, 77.64132744785734, 40.123890897190236, 42.50229277503751, 47.20030561003471, 38.72293999236325, 62.85997677455718, 23.789280558916012, 32.71477804390178, 23.428858827328092, 69.99868972553935, 0.0, 28.119042397232292, 36.15439868507524, 54.59813157438293, 37.27296098183514, 35.98539774652726, 17.005443360141985, 47.57757246333432], [57.05037394546194, 43.475452972942094, 62.273522371040556, 33.05789206502014, 71.79820226942451, 57.15591998495041, 16.856473997280712, 50.80736547165173, 54.495332173828395, 63.94831775365318, 69.4018487691223, 39.989616023193875, 42.12296268842874, 52.610041458655985, 4.395250531673206, 30.3858945388142, 50.82860932119974, 56.76597556810394, 28.119042397232292, 0.0, 34.34180681092834, 43.084900044439955, 41.71483785794218, 39.454797900489744, 41.700890007972255, 20.355890061962494], [44.844195738682245, 76.30549956970562, 64.83948123805644, 1.5345050841375336, 98.91525821620542, 72.585124262995, 18.078765468266, 77.3685684244682, 86.39724755030858, 74.93103928141258, 58.18033927712389, 11.728482907255055, 8.94725636468572, 86.46236674836278, 33.781850056696186, 60.40395646503204, 55.46846844060133, 91.05701800124284, 36.15439868507524, 34.34180681092834, 0.0, 20.560726730637146, 69.22391317402618, 7.356417403099565, 52.66913090658191, 39.21191987210938], [65.11794012609725, 78.19950582799025, 85.19084400296649, 21.633952377189896, 113.61425471852574, 91.07590821330949, 31.794429406606135, 92.11837240581286, 86.46192446745374, 94.37980522457485, 78.28912809255314, 9.248912201711054, 25.393464435990378, 94.82362053662794, 44.57022745057141, 72.92375474609912, 75.46954470552278, 97.70148204852357, 54.59813157438293, 43.084900044439955, 20.560726730637146, 0.0, 83.35376454927518, 25.89884935577395, 71.55476505231478, 37.22561334658863], [63.93171607743982, 50.078958857297025, 49.416952353440266, 67.69627710325149, 30.27752573506493, 28.720635758877176, 52.194684087625355, 9.142855635932825, 60.62279141735076, 39.10596310500057, 70.44773717271426, 78.29111877666483, 74.07661541578877, 31.479350887063493, 39.148302369983426, 12.131510180163453, 41.48834033833144, 40.34821021136299, 37.27296098183514, 41.71483785794218, 69.22391317402618, 83.35376454927518, 0.0, 71.19536047977, 31.043005347594306, 59.0207574500692], [39.360706894103636, 82.26475090836641, 61.43674833599334, 7.702456062446736, 100.27003599083265, 71.60018297216988, 22.631382917687073, 78.9018532792974, 92.63978849091222, 72.92761478352651, 52.41992952487962, 16.65014432705131, 2.8960228469322224, 90.60002415523272, 38.23432647033933, 63.300510946910585, 52.88141187453888, 95.6947936582335, 35.98539774652726, 39.454797900489744, 7.356417403099565, 25.89884935577395, 71.19536047977, 0.0, 51.580926978013615, 46.230088644506544], [33.33112027534994, 72.11014677583562, 21.95185048295995, 51.22757168093872, 53.21278008489894, 20.021826056298988, 41.069506895693536, 34.58895824513633, 83.77515848511847, 23.225524767902666, 39.48856618342061, 63.96549397352551, 54.13655841470017, 61.46844208155132, 37.35445187171344, 32.50498012974968, 11.37126812062224, 69.8126530651344, 17.005443360141985, 41.700890007972255, 52.66913090658191, 71.55476505231478, 31.043005347594306, 51.580926978013615, 0.0, 62.00069290726545], [73.72410181203722, 41.050372100740134, 82.18487802251977, 38.557669725819935, 87.968419329118, 77.29284349716966, 28.315647579447262, 68.12363164294239, 49.33710260677912, 84.29266486411684, 86.78028511469607, 38.778969482269204, 48.15544968229602, 61.051764348470066, 24.654361503143814, 46.95548159645166, 70.7735849506113, 62.356044727132534, 47.57757246333432, 20.355890061962494, 39.21191987210938, 37.22561334658863, 59.0207574500692, 46.230088644506544, 62.00069290726545, 0.0]]",Route_0,1210.4628697190192
