instance_id,num_cities,city_coordinates,distance_matrix,best_route,total_distance
1880,85,"[[41.892314151837596, 5.517614933857939], [86.56008714771244, 50.866670694219216], [29.486632394087987, 74.73760584405645], [12.501614969743146, 62.93478312825105], [20.684512677956157, 87.25695869146189], [12.346196322055292, 66.78818273575195], [60.07269260934764, 66.02538378359351], [0.4037127709547561, 24.877959772269076], [78.02045198004596, 85.9810127319477], [27.601084884149717, 8.294186838746986], [8.554718545860196, 13.67602246568369], [61.0515746795906, 16.41432104611561], [14.326451933381312, 23.694270147562335], [27.330740168883615, 72.0048680515166], [93.42643641368838, 70.69620984720643], [52.50537264098048, 88.9263880754636], [92.05689592171805, 3.8432997742897324], [56.779725900242006, 17.205388379786513], [99.53154046501976, 32.29698432143745], [36.5326319970625, 87.05115233508766], [9.152494623725381, 99.13073938886518], [84.93207836313849, 8.67850328692914], [66.31128993019185, 15.39393601265977], [8.406730057932055, 75.829938693773], [88.04384641353506, 21.20973088664897], [99.6000134054647, 96.04344151111329], [5.762884001728574, 69.15475427371159], [86.76890414928013, 58.842929552869606], [33.73875913349287, 10.463156304923583], [72.33777252204237, 36.99554835442655], [37.50409932103992, 7.517884607257363], [54.119689194915786, 25.783221319343642], [82.72422950912537, 32.215378732605956], [32.16435018076494, 60.80800969512568], [12.062689892238087, 53.12723533156697], [3.2001001051487066, 54.56443249590455], [88.55555838377794, 11.235503642967116], [75.91527808886053, 63.44132435975607], [50.94317403659267, 90.42597968774425], [51.884844605480716, 90.2122867229236], [54.574091947091354, 60.273990929097685], [81.98001376287219, 15.336330384385322], [45.65100729779886, 89.99478031895289], [70.41274238901161, 67.98519140965944], [23.156360839498525, 79.73223299050886], [81.89032432146558, 70.16218954364403], [92.20266330919729, 59.94831538371277], [99.80865845198817, 73.7167816923288], [79.05547608014673, 44.336318352340065], [15.2418426200277, 36.40064631796537], [50.037251875539646, 21.383406672940453], [30.5147174133097, 74.13937567715298], [44.956457629716226, 79.17790011950767], [65.47595163484075, 45.283187813240225], [16.124611502501963, 65.77440631442258], [73.03899695073474, 5.867412185914478], [83.91716807473824, 94.57171968287797], [13.943361375884223, 97.6628100022138], [0.7314871946222268, 17.552028500356577], [29.334733272173207, 57.65861522327462], [54.088018526171034, 43.780738769125094], [58.17526970001988, 35.93087299525488], [38.52295820374461, 44.20906179860483], [50.9960287680679, 3.7935881767053647], [77.7890817429721, 78.63260496502471], [64.80488955255629, 14.313240642584212], [28.624883679195456, 53.10197485890457], [11.126258980491421, 52.0107689133267], [40.61191430044665, 56.061145522513755], [49.27118110508535, 53.62129556724122], [86.07167760870301, 13.256815078081418], [25.606805658094988, 62.62952656876719], [75.2458017232285, 55.0532066711063], [1.5091765282972625, 57.3853298888967], [87.19789409518549, 95.21855043153704], [4.931012077835362, 77.95549391097289], [70.44906095425868, 82.54041383691391], [23.770083134113317, 27.716920827168025], [54.129772895204255, 43.41391820872666], [86.27646743162272, 79.68234694178055], [9.623687486745014, 86.4534866506611], [22.289012147572652, 96.63907200063753], [3.735766959506992, 19.06455944439719], [99.83165106584323, 89.12705315460586], [57.72659684598895, 43.40081543147791]]","[[0.0, 63.65333300595783, 70.32288447925416, 64.50228214470862, 84.4457882980514, 68.02246362473113, 63.180030484571034, 45.78347951831518, 88.20204492044194, 14.55845409116771, 34.321347500397394, 22.041222018464133, 33.01919978746915, 68.06316378183321, 83.09040252747464, 84.08127287025218, 50.19251533247345, 18.92720467184425, 63.55639255636416, 81.70950932393329, 99.17314582568223, 43.15567770925349, 26.34061685146035, 77.87879823565035, 48.74634789579975, 107.35503635434335, 73.17801053821807, 69.69574957639195, 9.536185762142866, 43.79253621111276, 4.822603878358054, 23.66861851937139, 48.78540666632239, 56.1396565351028, 56.182581267532015, 62.47141538975624, 47.01226024708312, 67.17676822172858, 85.38939319278754, 85.28210887592155, 56.205766609666114, 41.27264024996424, 84.56074293468677, 68.67032064576297, 76.54309557247294, 76.01816785486128, 74.12039114708764, 89.47306457053597, 53.74004409750518, 40.79226961495982, 17.83433088262421, 69.55857786825855, 73.72398923609788, 46.23298328417901, 65.53514635144616, 31.148646960865918, 98.47193468136274, 96.29060668340306, 42.884038822053064, 53.63186318533287, 40.159704316878695, 34.49783916846396, 38.83787610043167, 9.26552146795545, 81.45170158289844, 24.542802266685563, 49.39935243323314, 55.75090598156149, 50.559745926436655, 48.666330948534274, 44.8521055729401, 59.38845205503714, 59.717920107236445, 65.73475229267203, 100.49305151681818, 81.32271614812674, 82.14620708710895, 28.65701378728286, 39.82317413763532, 86.43124745235626, 87.13139272047671, 93.20627332665636, 40.490020983103754, 101.72268636653143, 41.059242423371316], [63.65333300595783, 0.0, 61.86437409722781, 75.0353026185374, 75.25851694155733, 75.90254368050671, 30.518333046825553, 89.99074364140303, 36.13782485899548, 72.72262598077188, 86.41748576746207, 42.86780382305014, 77.17536788214889, 62.88830520100341, 20.98469383293979, 51.07118235634668, 47.34355626029011, 44.94387436661172, 22.651530922799896, 61.74190619399952, 91.22146516758609, 42.21956752251476, 40.845179575374374, 82.04335423189542, 29.694033412602593, 47.02106228329799, 82.84106492087051, 7.9789917859553245, 66.50215536500902, 19.866611897277394, 65.46454916108274, 41.00681470045874, 19.041651600132962, 55.29671257234269, 74.53168688765594, 83.44196115910985, 39.68137229605618, 16.47525036858666, 53.23066247577842, 52.444732300211385, 33.340689299648695, 35.82432350712473, 56.60884892816476, 23.532541176874606, 69.66529405986796, 19.852549773817604, 10.691816309886901, 26.413106864403638, 9.948099767519231, 72.77058378057032, 46.93804803852307, 60.685272232136995, 50.32283478344602, 21.810915877315246, 71.99581106348423, 46.986733727851764, 43.78488698543543, 86.38904743052869, 92.06744242354453, 57.62700440476199, 33.236210250405534, 32.0745368546955, 48.49628350076277, 58.99726558181687, 29.118338581393605, 42.53753484799115, 57.97830961357119, 75.44250388671355, 46.24086025090795, 37.390513128960166, 37.613026777228754, 62.07791316303996, 12.06400174703484, 85.30035354491858, 44.356465525735345, 86.00645464168466, 35.53577309804238, 66.92156246632942, 33.27564878595834, 28.81707198428781, 84.7681016816454, 78.9042698656378, 88.72002194873733, 40.49680573635522, 29.78437774713087], [70.32288447925416, 61.86437409722781, 0.0, 20.68326475598158, 15.303970308875911, 18.894122802985198, 31.802671157031863, 57.721750841511465, 49.819131285571395, 66.47016788400157, 64.54968614969091, 66.31705007845892, 53.247095607424285, 3.480765308013776, 64.06739747850119, 27.04041315816391, 94.55707541496213, 63.67785328897099, 81.8993009853654, 14.186949552032114, 31.756922442185108, 86.24385490781336, 69.84072273186433, 21.108184989630022, 79.33587278889154, 73.27908862914515, 24.371796598537372, 59.44660959076893, 64.41494737532972, 57.10239148946487, 67.6961645817379, 54.80254785633829, 68.13502436413162, 14.184633284558078, 27.75971696532308, 33.13515810603646, 86.72747547077029, 47.78310492656655, 26.580222969641266, 27.223990496790854, 28.9581902616824, 79.2721048904616, 22.22764920060485, 41.479411519577276, 8.063413562934986, 52.60305468260925, 64.4361982589395, 70.32943502429649, 58.149020159646, 40.89787893537167, 57.175156582754845, 1.189469688281906, 16.094461969058962, 46.50584738446219, 16.089827473133766, 81.48565538169917, 57.931643220729306, 27.69762191305471, 64.00819190990039, 17.079666096501768, 39.54182366450512, 48.259718449961575, 31.83782633399061, 74.13304104890344, 48.459236800158735, 69.98916486651764, 21.65278594022679, 29.2166464325166, 21.73895277234186, 28.936601863462815, 83.55689663426729, 12.714505072475896, 49.813423376565815, 32.92171802239796, 61.23772381733349, 24.76556667486456, 41.6989732022323, 47.36690569267906, 39.85546111680893, 57.00470005283713, 23.060755483433528, 23.05384907170414, 61.33999646273637, 71.80165628892324, 42.1840020103179], [64.50228214470862, 75.0353026185374, 20.68326475598158, 0.0, 25.661801164975312, 3.856532573586951, 47.67136708973304, 39.9334576709789, 69.4539178313861, 56.68852401120208, 49.41663174876403, 67.24025565212563, 39.282921084505155, 17.383020298182704, 81.29616516446599, 47.706018022373705, 99.10018230214892, 63.65319042777399, 92.2652840858369, 34.0453967973318, 36.350568863669814, 90.49815428837108, 71.80259928315384, 13.529712469228233, 86.29952906054498, 93.17893683650172, 9.170525399868882, 74.379926779739, 56.606429967967664, 65.21663630757999, 60.79602672398051, 55.78801526361237, 76.64787928683894, 19.7774194781474, 9.817364667155108, 12.51323093707995, 91.96204547596093, 63.41568618413053, 47.260124330801034, 47.90721218040778, 42.15653133426149, 84.21912254629049, 42.79165408908787, 58.13093240934354, 19.89165481864529, 69.76409097086463, 79.75698148749848, 87.97028665774823, 69.10368529046546, 26.675255647178744, 55.99500802084711, 21.213551183838412, 36.2926392216832, 55.837793314850984, 4.603212325737903, 83.19530902270107, 78.10939111178543, 34.757941297756695, 46.884222564295015, 17.640629794457713, 45.7854384719579, 53.05934318187009, 32.05874206854163, 70.56557825153415, 67.14815655015828, 71.4120922937471, 18.885018198003742, 11.010253887401499, 28.938483415631094, 37.930753279237535, 88.77192476393735, 13.108745345957857, 63.23726922318883, 12.313818828647664, 81.37429413812886, 16.82069500838591, 61.17423682901823, 36.97669806553134, 45.9779044702284, 75.65189851854572, 23.69413180457176, 35.09661282673671, 44.73741853761718, 91.17329770102444, 49.26332184988481], [84.4457882980514, 75.25851694155733, 15.303970308875911, 25.661801164975312, 0.0, 22.10199784580872, 44.746044421558615, 65.59306633348136, 57.350134906070856, 79.26511407767856, 74.57403087904709, 81.53636613924877, 63.879889725644354, 16.637265663271315, 74.60325643735395, 31.864621812514468, 109.78094362795738, 78.80410471982965, 96.11166720855343, 15.849455580837969, 16.55216325599562, 101.50036133055863, 85.12400854611559, 16.772618522226864, 94.33724684344965, 79.40313932971058, 23.459428960084168, 71.93402427241207, 77.89545195648195, 72.07127459389442, 81.49367110794837, 69.97807810462086, 82.93673485771423, 28.832855774301805, 35.2019011527969, 37.07433009594847, 101.91045320717626, 60.14666978724488, 30.424156213303945, 31.3399852610248, 43.31955831150387, 94.49717048322456, 25.116160551855696, 53.33195893982753, 7.92032387016487, 63.54826914368274, 76.55460710514271, 80.27432240535026, 72.45240324254347, 51.14672194373874, 72.11732214896921, 16.392190496582593, 25.58121379353095, 61.384610820349494, 21.961164708688514, 96.77422334406661, 63.65433557024798, 12.398583079485473, 72.50448619834113, 30.836476004715593, 54.826780880215104, 63.56039596306655, 46.5975489234635, 88.79708455441896, 57.75215394511175, 85.2490097206467, 35.065829695582195, 36.519229285698515, 37.01729453506772, 44.14244494325935, 98.74969667032717, 25.114525301909623, 63.3562617779041, 35.496587494724864, 66.98818441030822, 18.29453547430717, 49.98755905732354, 59.61993671517487, 55.143427802143364, 66.02786738616848, 11.089969397202122, 9.518322787876562, 70.26708544190316, 79.16922867056638, 57.40624792783329], [68.02246362473113, 75.90254368050671, 18.894122802985198, 3.856532573586951, 22.10199784580872, 0.0, 47.73259169689348, 43.57854635273134, 68.42128747322715, 60.450468823994676, 53.247317982042986, 70.06953562338829, 43.139387042987934, 15.866642996589894, 81.17436793237584, 45.85694689224044, 101.56699228440237, 66.57921632853267, 93.75994348005314, 31.552679880556344, 32.499856944266, 92.98088576329536, 74.522479322477, 9.862694624217784, 88.36022579381012, 92.02770648907003, 6.995760284003892, 74.84561769720773, 60.2507290086586, 66.98201458853106, 64.38857292677753, 58.53572898290462, 78.41139159535612, 20.700765492206354, 13.663888900150493, 15.266667807189696, 94.30783117133308, 63.657125427274394, 45.26005008216531, 45.95642888304367, 42.72739008894437, 86.58037677076629, 40.59256835331607, 58.078882581463034, 16.864403158483295, 69.62592664473533, 80.14885591860929, 87.73646770488894, 70.38617918408718, 30.52518856658001, 59.01024790703648, 19.599367242466293, 34.884584552539344, 57.3169757245941, 3.9120536688896834, 85.99393195184517, 76.77453303612897, 30.915910872107947, 50.58755135412781, 19.28624874542489, 47.66258699228867, 55.24923104536241, 34.56934429382452, 73.90621416202774, 66.50610190170927, 74.19928600150487, 21.267532722904043, 14.82768378394099, 30.232766003264626, 39.20231394873642, 91.1101197137208, 13.897416345431388, 63.98492027705515, 14.347635333737653, 80.06911056604517, 13.404991468104038, 60.20029620469127, 40.70710867924513, 47.87717110924115, 75.04628209915644, 19.852864589879317, 31.46323531432551, 48.49416164717741, 90.29246880730261, 51.05242110946027], [63.180030484571034, 30.518333046825553, 31.802671157031863, 47.67136708973304, 44.746044421558615, 47.73259169689348, 0.0, 72.48101584361422, 26.83932177147703, 66.23666966978179, 73.4476499419773, 49.62071901987527, 62.32689401574589, 33.28347460413272, 33.679204887914494, 24.11887910081853, 69.92568078515332, 48.930926631068566, 51.9095906781767, 31.56291172897486, 60.73574839126017, 62.503230018571706, 51.01434700074515, 52.58803079932736, 52.82828967245601, 49.633586199788716, 54.3998921934652, 27.645530549462574, 61.486886201060855, 31.514497145112518, 62.70940011578825, 40.68009205313231, 40.69654242647397, 28.39183983982096, 49.71239879936777, 58.015904565622726, 61.751150665784515, 16.05194311544854, 26.0525850895441, 25.535213504707606, 7.956954757299487, 55.22056550445173, 27.973504919738605, 10.524137749816614, 39.37884287942813, 22.206355293519053, 32.69962962343803, 40.473504706634834, 28.82293579045057, 53.73481348876443, 45.756050868380726, 30.651439805306747, 20.037196558548832, 21.434409293682737, 43.94879773854932, 61.53947184548005, 37.194788660434554, 55.93605221845055, 76.6227435719157, 31.85631743242978, 23.035636646326065, 30.154266585116478, 30.665011950180805, 62.89023939328819, 21.744251420813143, 51.92821425916309, 33.99969389188804, 50.913287017692454, 21.863392612121228, 16.447919481069952, 58.825751709817155, 34.63277652109365, 18.724633795338224, 59.197431929761215, 39.849937698594985, 56.417483633096936, 19.50423640369825, 52.77705740940088, 23.379406967931043, 29.549119405501333, 54.42802131813981, 48.62925472889644, 73.34281296959183, 45.98327853984438, 22.745884428845596], [45.78347951831518, 89.99074364140303, 57.721750841511465, 39.9334576709789, 65.59306633348136, 43.57854635273134, 72.48101584361422, 0.0, 98.78229237290137, 31.854647613405096, 13.853602223364552, 61.23558062577514, 13.972966288966866, 54.27716175749631, 103.69445093080869, 82.56381852434696, 94.03596600715045, 56.89572223046571, 99.40507104069391, 71.90830743314669, 74.76641267774025, 86.06664266779723, 66.58645082652795, 51.57666567075694, 87.71686797900752, 122.08370837541693, 44.59994672198302, 92.80390861387184, 36.31820308047689, 72.94754900145361, 40.96108997451846, 53.72360395252863, 82.64687043705248, 47.95525598030317, 30.560649815404016, 29.817888001902368, 89.2012583666113, 84.78873501278218, 82.76943916603787, 83.1798125332034, 64.70941972960038, 82.1324270608122, 79.29387101225416, 82.21616414976796, 59.38580877981125, 93.22408126643312, 98.2699199278997, 110.75456537943936, 81.02300654922514, 18.78676136667307, 49.756407681929616, 57.735255239115986, 70.23838406571983, 68.19655124830486, 43.813993160893034, 75.08185817766133, 108.77369804899821, 74.03348233968501, 7.333260194047121, 43.72156583471664, 56.915022078740584, 58.81938184580885, 42.74071101324675, 54.80997321228651, 94.22344299978806, 65.261971017923, 39.912773832981834, 29.17468644391417, 50.88310666390661, 56.69399275064143, 86.45259512267354, 45.39137238141492, 80.69624405228437, 32.52616119400217, 111.71852400581622, 53.27026440012618, 90.72656397592469, 23.538202221485136, 56.833716151880786, 101.87075559765415, 62.261974303031785, 75.02415315787765, 6.700612545696807, 118.38015422368896, 60.24125845673955], [88.20204492044194, 36.13782485899548, 49.819131285571395, 69.4539178313861, 57.350134906070856, 68.42128747322715, 26.83932177147703, 98.78229237290137, 0.0, 92.61401349531953, 100.26714187087357, 71.60633623464847, 89.08739497660711, 52.58117061864479, 21.70183300080957, 25.68451887018711, 83.32842041249982, 71.9809346245716, 57.83339722157816, 41.50161931431893, 70.11213063075202, 77.6108790425456, 71.55165879058559, 70.3499437382711, 65.54225650565004, 23.810290721643867, 74.19082897396765, 28.513347295467423, 87.54321767383867, 49.313979418657844, 88.3064964082514, 64.7689783203846, 53.971000754055375, 52.311204862035765, 73.68715674461619, 81.14854631113965, 75.48430032734511, 22.637784985012104, 27.439692273514023, 26.475907017968964, 34.79342996554288, 70.75556001827708, 32.61734629425804, 19.537830746662767, 55.218798836404545, 16.28530254559916, 29.645175820182047, 25.00274593433961, 41.657554475253505, 79.99604069529016, 70.3982258060779, 48.95936258636021, 33.75662992089372, 42.58729202502339, 65.11069045352185, 80.26832430453763, 10.419765190164538, 65.13323213043822, 103.22843581382902, 56.32457196234519, 48.51416796732101, 53.84094861153487, 57.488676270954166, 86.51642737055055, 7.352049299044296, 72.87606360477922, 59.33762128044056, 75.02539918026568, 47.90195345866557, 43.28593155774354, 73.16851206989352, 57.38015533955774, 31.05201880368932, 81.68040369950265, 13.02142643983642, 73.52873708669743, 8.316470574821981, 79.61034433670257, 48.813134331691174, 10.384362371994545, 68.3983963609962, 56.74141003866134, 99.9801287715995, 22.03692301346272, 47.16899149175258], [14.55845409116771, 72.72262598077188, 66.47016788400157, 56.68852401120208, 79.26511407767856, 60.450468823994676, 66.23666966978179, 31.854647613405096, 92.61401349531953, 0.0, 19.7921253383181, 34.421967507691555, 20.331710353437543, 63.71125478955996, 90.70275287738316, 84.39061218496639, 64.60930252038997, 30.509057744397946, 75.82957686197761, 79.2617950088312, 92.69104466876726, 57.33228159091697, 39.35589426044212, 70.21040546684227, 61.80727060266811, 113.50672845154698, 64.66000066723517, 77.82034583943779, 6.509644670506711, 53.152040164645705, 9.933395194588378, 31.766376904747567, 60.08980358570667, 52.711715786515754, 47.44938309487504, 52.31007256120705, 61.02539786154341, 73.3175834420585, 85.38433417548674, 85.44165304368398, 58.56144758532476, 54.83301643822391, 83.67070379862128, 73.45647721609231, 71.57618325822047, 82.31021368806766, 82.71343863452553, 97.43741374816304, 62.821888043848496, 30.703809760357174, 25.975166315798223, 65.90962105550544, 72.97746070950018, 52.940454517067224, 58.61471719842641, 45.50267122033984, 103.030645439109, 90.40621780365534, 28.41976270535163, 49.39486133662543, 44.28152009206846, 41.21367732765788, 37.538854007434786, 23.8239120978997, 86.40791684335551, 37.68755882912076, 44.819482719372324, 46.71787063682713, 49.50721183824291, 50.24081862300162, 58.680813666840244, 54.37192559775849, 66.75646019943665, 55.59431632478688, 105.39271632398591, 73.25728567217425, 85.72310818424612, 19.796948502073437, 44.013257310580904, 92.40708803976378, 80.20014316865583, 88.5044453743783, 26.183092363370942, 108.40298412758534, 46.26037010347919], [34.321347500397394, 86.41748576746207, 64.54968614969091, 49.41663174876403, 74.57403087904709, 53.247317982042986, 73.4476499419773, 13.853602223364552, 100.26714187087357, 19.7921253383181, 0.0, 52.5682240811042, 11.561928598295909, 61.27636751117173, 102.24729953822835, 87.14515201544181, 84.07910597785326, 48.353983890531815, 92.86292234764049, 78.52816898689836, 85.45680769055411, 76.54068389164037, 57.7821145773351, 62.15409240815043, 79.84533932381832, 122.77474266427002, 55.54893359146414, 90.31892562153686, 25.388154901183487, 67.91228358849611, 29.59711656816807, 47.146058311712146, 76.45144921662232, 52.714693645436064, 39.606868843121674, 41.23753161193178, 80.03805661618853, 83.74980748965491, 87.67746057270325, 87.95055185043846, 65.49162842042689, 73.4440644306282, 84.85686442140761, 82.31586083596034, 67.65080122638159, 92.56780296428265, 95.59342945528306, 109.2344923405752, 76.8791945637152, 23.688101604202053, 42.19246784399127, 64.32774387333414, 74.93719093017603, 65.10790795040057, 52.64546399287931, 64.95534278178114, 110.56044784301783, 84.15947927747544, 8.730771532677585, 48.64439821506559, 54.5854866315916, 54.382694572227045, 42.78272874768632, 43.57668322455997, 94.93552895151161, 56.25378018664635, 44.24044812828941, 38.42090063249457, 53.142849530209645, 57.039067019848765, 77.51809257963117, 51.83839541164307, 78.48421464307413, 44.27350469228959, 113.28694950233223, 64.38153227325485, 92.59165200544832, 20.703964508059816, 54.419004237212555, 101.96815738604533, 72.78531436898687, 84.09220183154467, 7.229012737751876, 118.42439124723509, 57.458131995584424], [22.041222018464133, 42.86780382305014, 66.31705007845892, 67.24025565212563, 81.53636613924877, 70.06953562338829, 49.62071901987527, 61.23558062577514, 71.60633623464847, 34.421967507691555, 52.5682240811042, 0.0, 47.2888438700713, 65.01848657465186, 63.20328412444987, 73.01395369484796, 33.45684565442801, 4.344476898318516, 41.628917347981265, 74.77125440178062, 97.64998911468379, 25.102217682573166, 5.35777847002916, 79.38321790965134, 27.414935507817294, 88.46908473716444, 76.40937517024214, 49.614190055587514, 27.95364475040715, 23.47264747009436, 25.172011780392058, 11.6544982175269, 26.821211594034153, 52.964812197446705, 61.21886072150802, 69.2980816045337, 27.987305502590925, 49.32006406828658, 74.69876423639366, 74.36510390154055, 44.33540825112576, 20.956183486727873, 75.17487254716681, 52.41360635309642, 73.79163370589002, 57.646221512466475, 53.531289782664054, 69.17863498690512, 33.223160584293495, 49.97984342953793, 12.083340547983994, 65.30452958147285, 64.79444151276476, 29.205933983698255, 66.74466299270686, 15.966702202149062, 81.43349632048229, 93.9175208271423, 60.33081577805552, 52.029317034103954, 28.23848319743954, 19.72736501205762, 35.77829193538792, 16.136818203715162, 64.43026460065741, 4.301384823255076, 48.964009553162164, 61.31593796410356, 44.6054975028535, 39.02738302507529, 25.21855258577603, 58.24239755099459, 41.16357083280621, 72.27669571308851, 83.02852875977288, 83.28765517361967, 66.79051501568051, 38.95713508031796, 27.872739134961403, 68.11122018497431, 86.89253304916943, 89.09852366769982, 57.37704748567429, 82.40774074809148, 27.190556390135402], [33.01919978746915, 77.17536788214889, 53.247095607424285, 39.282921084505155, 63.879889725644354, 43.139387042987934, 62.32689401574589, 13.972966288966866, 89.08739497660711, 20.331710353437543, 11.561928598295909, 47.2888438700713, 0.0, 50.030244676091414, 92.01081393137329, 75.58345847972798, 80.22520144807679, 42.94631598986699, 85.63827300244756, 67.13575018978038, 75.61369403643874, 72.18467799991433, 52.64331798344083, 52.47066839523786, 73.7592515165496, 111.83015194090387, 46.26002932017985, 80.5191725059509, 23.492552955104088, 59.516697811427775, 28.264443875215825, 39.84802942117542, 68.92652079438699, 41.17791006217265, 29.519892582828785, 32.8140614435126, 75.26739737256987, 73.30083100318105, 76.11770750448947, 76.38900044660647, 54.38702509908298, 68.16787795803565, 73.32793067968795, 71.4657798062724, 56.72936251076495, 82.00088039206703, 85.9014557166269, 99.04271448489307, 67.94071475250249, 12.73930671163015, 35.78549039076029, 52.9789449794933, 63.376892033463264, 55.518939882575374, 42.11853793352186, 61.35926830723717, 99.33015969834203, 73.96953188039252, 14.918116459552518, 37.13253620702995, 44.547148052348724, 45.52420530645247, 31.72266685159703, 41.72163716994067, 83.93882304907997, 51.34273443288942, 32.69951447314173, 28.496760119130403, 41.69580498549038, 46.00827042341245, 72.50046810559415, 40.5364104570155, 68.51678683874057, 36.046775934942275, 102.10763807317132, 55.06863621320299, 81.31799229210026, 10.264691361437572, 44.42036559108981, 91.16726097296362, 62.935167033411226, 73.3781062889267, 11.558409467173641, 107.66888209101464, 47.664667264781755], [68.06316378183321, 62.88830520100341, 3.480765308013776, 17.383020298182704, 16.637265663271315, 15.866642996589894, 33.28347460413272, 54.27716175749631, 52.58117061864479, 63.71125478955996, 61.27636751117173, 65.01848657465186, 50.030244676091414, 0.0, 66.10865032944787, 30.33314952368108, 93.9972054294767, 62.21113833469139, 82.39946355240438, 17.63704861816577, 32.65365993132247, 85.60457135028776, 68.73340444064948, 19.306717071984266, 79.15950498501144, 76.16233234425034, 21.75535722973819, 60.87800885707968, 61.87442922364242, 57.020044080054305, 65.28451784442409, 53.423669066745546, 68.20294804146798, 12.195631299774538, 24.279175775950225, 29.773420734859897, 86.26351497629769, 49.33347347854564, 29.948028099881558, 30.568188355858084, 29.66165359807956, 78.72652834770305, 25.676236699813845, 43.269119653630646, 8.782802040690914, 54.59069231092466, 65.9827771024704, 72.49813298951896, 58.66001148606872, 37.600559160717495, 55.48078970226707, 3.83325369587287, 19.029406324358305, 46.57365513398404, 12.821699308004895, 80.39532204307729, 60.92033006883959, 28.940488871002117, 60.602244133143536, 14.48554308853738, 38.89155973779544, 47.46280776899247, 29.964522185232266, 72.19989325921824, 50.89175896942514, 68.79415487612951, 18.94714169674625, 25.736145999988466, 20.75070780466854, 28.624092749981852, 83.07726198833423, 9.532522127729358, 50.825308137902645, 29.6729514024667, 64.21021078361287, 23.176664269737486, 44.386792093444996, 44.430851307013505, 39.18712247638673, 59.44360726473178, 22.853933887004587, 25.144840935025965, 57.96032294741155, 74.49531061478521, 41.73847061674722], [83.09040252747464, 20.98469383293979, 64.06739747850119, 81.29616516446599, 74.60325643735395, 81.17436793237584, 33.679204887914494, 103.69445093080869, 21.70183300080957, 90.70275287738316, 102.24729953822835, 63.20328412444987, 92.01081393137329, 66.10865032944787, 0.0, 44.79813454290311, 66.86693672044977, 64.84018331802997, 38.881522815554064, 59.19788108352512, 88.94166478694638, 62.59672551889278, 61.59198535599139, 85.17455982092953, 49.77834745171285, 26.088219676650073, 87.67710366321118, 13.594961919319617, 84.7976388712108, 39.755079295427784, 84.37303222018627, 59.68414291438239, 39.94135195381449, 62.05497330478644, 83.23898193477623, 91.65711103986247, 59.65987793391073, 18.954525299073186, 46.84112936471271, 45.897506539883494, 40.22595328551079, 56.53084861948563, 51.52597839401352, 23.172823169181672, 70.8486643166168, 11.548465694149412, 10.817340523884488, 7.060921499188714, 30.0227976799191, 85.37573650908045, 65.68389370149598, 63.00587098449731, 49.2064824306103, 37.776332382477854, 77.45835193583095, 67.95896330922311, 25.69953607082057, 83.93304916053778, 106.84876050639106, 65.40432160918787, 47.665015527617086, 49.51033630571005, 60.95868216503955, 79.22310445419144, 17.53605510267067, 63.23157566480024, 67.14758626804729, 84.39469715822914, 54.804733863398994, 47.34172862323551, 57.90834610419206, 68.29768440393627, 23.98414113774834, 92.87605821794475, 25.3009866832756, 88.79266486315827, 25.85043425463883, 81.84880473700859, 47.838804340535354, 11.483584646223584, 85.27128766456502, 75.72030921707385, 103.49030635985739, 19.512118279727847, 44.9390376117431], [84.08127287025218, 51.07118235634668, 27.04041315816391, 47.706018022373705, 31.864621812514468, 45.85694689224044, 24.11887910081853, 82.56381852434696, 25.68451887018711, 84.39061218496639, 87.14515201544181, 73.01395369484796, 75.58345847972798, 30.33314952368108, 44.79813454290311, 0.0, 93.82672811460536, 71.84825602011696, 73.6094411726595, 16.082442375455685, 44.53763372818903, 86.55180100393831, 74.8172764711807, 46.00225281521152, 76.47567442598981, 47.629377891609195, 50.75212061954827, 45.59609707092129, 80.67629467456284, 55.58899350747757, 82.77911957826387, 63.16379917268659, 64.25976883792157, 34.70447229777235, 54.01101670119039, 60.09786927241461, 85.64747174315025, 34.60508843612969, 2.165465188631225, 1.4277921327632481, 28.726981425143748, 79.2732682575945, 6.93713098072664, 27.553722236543436, 30.75543824187401, 34.8650330819574, 49.14879025291761, 49.68835854450996, 51.895879514114085, 64.40127496251797, 67.58806075672233, 26.499899113205625, 12.329604019379891, 45.529823726481794, 43.122778672977525, 85.55947173232684, 31.9150538356105, 39.53926884619406, 88.17502151385789, 38.917247434722405, 45.17338175617156, 53.29795822802909, 46.85239783453635, 85.1461786431353, 27.298862919156374, 75.62010239413021, 43.05422552276032, 55.452628300664, 34.95108752760405, 35.452920216887584, 82.78031835401642, 37.6172544297846, 40.79852366565791, 59.962074426187485, 35.25850751188516, 48.82294851563754, 19.04617067180427, 67.61890078863779, 45.54144913764339, 35.01341371302957, 42.95292962213135, 31.185155680182415, 85.2006428262305, 47.326703836434845, 45.82399968097269], [50.19251533247345, 47.34355626029011, 94.55707541496213, 99.10018230214892, 109.78094362795738, 101.56699228440237, 69.92568078515332, 94.03596600715045, 83.32842041249982, 64.60930252038997, 84.07910597785326, 33.45684565442801, 80.22520144807679, 93.9972054294767, 66.86693672044977, 93.82672811460536, 0.0, 37.722992148360596, 29.41908352340879, 100.03244779647397, 126.30453635115396, 8.610587567157316, 28.217962814173124, 110.36043870863767, 17.82407068925184, 92.50818751691094, 108.22311482339313, 55.25325449931634, 58.69265353463173, 38.573506627876355, 54.67641347646749, 43.82455717557511, 29.867599950208014, 82.65648922920175, 93.95732702828846, 102.31404335354536, 8.179489139957179, 61.74525375080965, 95.84831030458052, 95.25437319875499, 67.74498872986555, 15.285068094315454, 97.85491351492304, 67.69528524728202, 102.50079960328081, 67.09362352968296, 56.105204969457645, 70.30215713387628, 42.529066195475465, 83.42981018620694, 45.53356823030269, 93.42899990314523, 88.84679677102818, 49.232214249034406, 97.98557942067808, 19.12531077722455, 91.09281721701228, 122.08122205585396, 92.34857617990653, 82.64476912854019, 55.10566834858531, 46.664514897699995, 67.04682864532444, 41.060897246073914, 76.13810276301953, 29.194032145807064, 80.3121239180436, 94.18000360465439, 73.30272538315523, 65.63890810741232, 11.155138216497852, 88.72110772964567, 53.898677651043634, 105.19333855403178, 91.5043514343718, 114.38328966825159, 81.60964583777239, 72.3397441443209, 54.81149974551064, 76.05901937838802, 116.70337111083256, 116.09742869420874, 89.62314749608137, 85.63740659423127, 52.37715608543188], [18.92720467184425, 44.94387436661172, 63.67785328897099, 63.65319042777399, 78.80410471982965, 66.57921632853267, 48.930926631068566, 56.89572223046571, 71.9809346245716, 30.509057744397946, 48.353983890531815, 4.344476898318516, 42.94631598986699, 62.21113833469139, 64.84018331802997, 71.84825602011696, 37.722992148360596, 0.0, 45.33733468839118, 72.72121804551828, 94.76347554320468, 29.41534835051162, 9.702168445012832, 76.00516183968868, 31.519517610235997, 89.71630645299568, 72.81108963666745, 51.31311379163002, 24.007162324976033, 25.173463140933915, 21.57307371154163, 8.980813616406595, 29.973606354642985, 50.071002660021605, 57.35845532934319, 65.31825531665922, 32.33176539863925, 50.03929589339948, 73.4528442549643, 73.1708074888815, 43.12504314995898, 25.269505063407934, 73.63520867496706, 52.578013792228354, 70.99392209887719, 58.608573968151596, 55.5134425481048, 71.02835075283369, 35.10407963831455, 45.75864590122751, 7.932010642435814, 62.70031563234202, 63.090267743342935, 29.3936585516732, 63.33867562420554, 19.82204831156962, 81.98774290754587, 91.15015534705735, 56.04931062355115, 48.88446770095239, 26.71131851675889, 18.77741506654313, 32.59613389397684, 14.605736448535776, 64.92068984796927, 8.530402697424707, 45.62082924876341, 57.407783060115634, 42.08524676250665, 37.181938373707595, 29.556888638856254, 55.091771496611656, 42.11238898130866, 68.3319934404968, 83.73361576839113, 79.86779355339738, 66.74965372421384, 34.64287560148243, 26.34215797392754, 69.09000008775655, 83.77941914926308, 86.59861100933449, 53.076530568169844, 83.82239631772656, 26.212534463656603], [63.55639255636416, 22.651530922799896, 81.8993009853654, 92.2652840858369, 96.11166720855343, 93.75994348005314, 51.9095906781767, 99.40507104069391, 57.83339722157816, 75.82957686197761, 92.86292234764049, 41.628917347981265, 85.63827300244756, 82.39946355240438, 38.881522815554064, 73.6094411726595, 29.41908352340879, 45.33733468839118, 0.0, 83.46784640219904, 112.40606186320966, 27.76647150866844, 37.27328919917863, 100.98935185509178, 15.965409589100613, 63.746493964599715, 100.75244980041667, 29.454576791358445, 69.32103664251437, 27.59669398512444, 66.79376645702175, 45.87663178814994, 16.807509067088326, 73.15201223926852, 89.91495525032869, 98.87156138147091, 23.749908442293428, 39.08577445877221, 75.76153017514375, 74.99593241361163, 52.95172401317305, 24.407373302931248, 78.94395174650748, 46.06031400851664, 89.90701240241096, 41.77303285067314, 28.606092880375822, 41.42072438555848, 23.75320560684632, 84.38953255340266, 50.68323963667392, 80.71002154947003, 71.94622945329374, 36.44755974960084, 89.87465483802926, 37.42161334206607, 64.20242432712207, 107.69413896180042, 99.89426534290654, 74.63781924782299, 46.87206313382644, 41.515614875389744, 62.16063625279921, 56.28622822208359, 51.18324190305238, 39.10697278367112, 73.89588356469378, 90.57663659738144, 63.531548894732516, 54.59697769197174, 23.31728871302357, 79.90575408229496, 33.281267431726654, 101.18205826655003, 64.11897000516898, 105.04265547420334, 58.05336186622175, 75.89977205838169, 46.74298575741509, 49.2043651699938, 104.95879558997557, 100.53015680774347, 96.70536329307706, 56.83086124594089, 43.25446076777107], [81.70950932393329, 61.74190619399952, 14.186949552032114, 34.0453967973318, 15.849455580837969, 31.552679880556344, 31.56291172897486, 71.90830743314669, 41.50161931431893, 79.2617950088312, 78.52816898689836, 74.77125440178062, 67.13575018978038, 17.63704861816577, 59.19788108352512, 16.082442375455685, 100.03244779647397, 72.72121804551828, 83.46784640219904, 0.0, 29.926382106305493, 92.11285755728399, 77.59848657916953, 30.28171057707289, 83.59723673071218, 63.705226334564905, 35.59576456922343, 57.6141204244491, 76.63893828527519, 61.54324965325061, 79.53920055059825, 63.742167768523, 71.69815720992446, 26.604218117584036, 41.82834220328626, 46.545081890947664, 91.94779745292789, 45.91749982541041, 14.80044531537161, 15.674284755357547, 32.28793350604734, 84.90276907609191, 9.581738560014742, 38.87637773996716, 15.247662458656663, 48.3999722847646, 61.917010240376435, 64.6657634638525, 60.27229306313126, 54.94334784200722, 67.04198369984746, 14.245324580427486, 11.530348595748926, 50.8161255110315, 29.48198130611799, 89.01412442269589, 47.977632210533315, 24.95761257895284, 78.17832297357485, 30.26104730380411, 46.69604144203064, 55.51294197323726, 42.88829817030746, 84.50450778356544, 42.10660975973675, 78.03924874491427, 34.85798523678766, 43.28177746120383, 31.257336200547872, 35.77465523099053, 88.8803760754475, 26.754242397412124, 50.22527289086679, 45.89883935767341, 51.319345038078794, 32.88454627461756, 34.2150685372314, 60.69129824047735, 47.0517541648332, 50.28666281097843, 26.915580969573867, 17.17000028916188, 75.48384707456367, 63.33304966036566, 48.52356188302921], [99.17314582568223, 91.22146516758609, 31.756922442185108, 36.350568863669814, 16.55216325599562, 32.499856944266, 60.73574839126017, 74.76641267774025, 70.11213063075202, 92.69104466876726, 85.45680769055411, 97.64998911468379, 75.61369403643874, 32.65365993132247, 88.94166478694638, 44.53763372818903, 126.30453635115396, 94.76347554320468, 112.40606186320966, 29.926382106305493, 0.0, 118.00064545399363, 101.38530524958644, 23.312732096860742, 110.88520619643522, 90.50019371227367, 30.167020797431476, 87.44949770593293, 92.01317673296546, 88.61806423057168, 95.89957586010874, 86.03433613716145, 99.4508203375157, 44.70097434460993, 46.09546205485662, 44.96205856699993, 118.45006965515034, 75.70339226965014, 42.68762967468806, 43.653093050983976, 59.77431224423792, 111.0195952270267, 37.62455548636575, 68.72309011670869, 23.925098107977394, 78.29411695186631, 91.8291504349511, 94.15099195366005, 88.81922873581358, 63.024953278077284, 87.84196673561264, 32.877238671806374, 40.98828566606776, 77.92233710799844, 34.07719721374507, 113.04659827055221, 74.90354502235638, 5.010710620374688, 82.01219077888288, 46.122227175940466, 71.29392594739396, 79.98409584630656, 62.281737292995786, 104.11557880998878, 71.63207805331196, 101.44553787569927, 49.978206247144875, 47.16129094237835, 53.33558851469189, 60.66810102469998, 115.28612920733653, 40.038517566886306, 79.44277269729659, 42.439362929101065, 78.14339128229352, 21.591941458198054, 63.50203103707153, 72.89449482246259, 71.60530513257784, 79.5383376143172, 12.686006452089773, 13.370732927850426, 80.24920005512975, 91.22928888973976, 73.92744978013971], [43.15567770925349, 42.21956752251476, 86.24385490781336, 90.49815428837108, 101.50036133055863, 92.98088576329536, 62.503230018571706, 86.06664266779723, 77.6108790425456, 57.33228159091697, 76.54068389164037, 25.102217682573166, 72.18467799991433, 85.60457135028776, 62.59672551889278, 86.55180100393831, 8.610587567157316, 29.41534835051162, 27.76647150866844, 92.11285755728399, 118.00064545399363, 0.0, 19.794716430360232, 101.81082560529939, 12.91180721492731, 88.58770089194894, 99.62498817691775, 50.198043702515065, 51.224417225997215, 30.991475940550934, 47.44217777186608, 35.24166149917472, 23.640200978576118, 74.17491877913359, 85.35594622812758, 93.73171698702429, 4.434845913980732, 55.50017350459974, 88.53188982067935, 87.97657358877372, 59.86402662927102, 7.282949063653215, 90.30691808709395, 61.058122909375236, 94.15344805342991, 61.558881921004584, 51.78276776976447, 66.71799077518921, 36.138818874328344, 75.00164112980187, 37.13574404327334, 85.12564235782965, 81.0445260753606, 41.454116762251005, 89.41146256662245, 12.220786335595076, 85.89921225328433, 113.83147535324461, 84.66687075143943, 74.09531797934883, 46.72818167951718, 38.19186385284187, 58.4484988868035, 34.28582590157605, 70.31784085354899, 20.901052473118188, 71.72130087834137, 85.5861216498364, 64.8798252754223, 57.37206786582388, 4.718010735203474, 80.1885334364285, 47.37549017282332, 96.60090842315972, 86.56970417370357, 105.82755802110012, 75.26845038500439, 64.05662341110225, 46.4255433132383, 71.01656986739111, 108.26034257113935, 107.98710753292163, 81.85787163163711, 81.81666359938697, 44.11096445605609], [26.34061685146035, 40.845179575374374, 69.84072273186433, 71.80259928315384, 85.12400854611559, 74.522479322477, 51.01434700074515, 66.58645082652795, 71.55165879058559, 39.35589426044212, 57.7821145773351, 5.35777847002916, 52.64331798344083, 68.73340444064948, 61.59198535599139, 74.8172764711807, 28.217962814173124, 9.702168445012832, 37.27328919917863, 77.59848657916953, 101.38530524958644, 19.794716430360232, 0.0, 83.69855718034597, 22.497277197874908, 87.24953780827876, 80.97119883375699, 48.02425448868768, 32.9436238296294, 22.426505483330395, 29.864467457708876, 16.01787681536043, 23.502032269617725, 56.81946482225465, 66.08110534463025, 74.27886695337052, 22.629627456246663, 48.99783786585417, 76.58972884257314, 76.1965086320293, 46.38945080292481, 15.668829725069255, 77.40887061352947, 52.750943655108244, 77.47105500012682, 56.940915933