instance_id,num_cities,city_coordinates,distance_matrix,best_route,total_distance
2293,68,"[[19.253771932862385, 75.08693174072614], [91.69316254754621, 51.93772798361046], [72.26670950429067, 86.27487517870115], [40.01671916853524, 44.05452810856288], [34.3942451614929, 62.17757633506449], [88.99803178589201, 43.74015853197491], [10.124740730248183, 92.02409335572574], [83.52929630062796, 35.29852061720937], [76.21545382784099, 44.35616800582456], [27.755703782713205, 68.1417729315073], [37.36966842426514, 15.175881224820643], [75.96441561133751, 68.49864505741634], [48.93572990285857, 51.23645573780307], [53.895820449662565, 93.37147068491785], [61.628403871955804, 78.84234655496677], [22.965186251162905, 52.704980034733595], [37.65274065423725, 6.4302092742917765], [46.08887164218894, 68.75916445887343], [5.198126928028368, 66.5072764113011], [59.288704317244914, 77.7198417923457], [28.70253106655529, 82.82927466290796], [67.41115483488952, 71.0796966391703], [91.86045806267917, 40.098529979593955], [82.05551648806679, 30.68897791592895], [87.62022345203621, 63.671044910820385], [62.83701580436068, 60.67811809257725], [45.89392202379399, 84.66699012559363], [34.01123975888436, 76.9608080227773], [60.56058692329243, 57.18595972014102], [70.08872049316365, 0.9449194369172798], [88.16398251768027, 6.601579075075836], [44.84551661528536, 48.090694461913216], [91.31451878399186, 25.413768391873013], [21.763511220509734, 84.01421280552466], [78.1160668961172, 93.28983390184702], [9.88910549561426, 69.02126253365518], [32.23691254509471, 43.05757486722166], [59.453161255029094, 70.6916986832679], [66.82915783278915, 94.44986771537783], [60.72105141111452, 89.46085092057697], [79.01905158813788, 84.39237581118903], [18.31830040714485, 75.73096380436314], [52.57804095202373, 25.20046698680939], [36.000735760994786, 17.78110369605409], [51.4774585114378, 26.379896651828737], [36.10520889131419, 14.127474985544852], [61.720238353326465, 29.568316959218443], [51.096416708130036, 78.45896552729985], [80.85023953904631, 77.40588366666998], [33.04414819149726, 17.442381836096654], [4.8156929879974335, 93.43234305014698], [15.888319586653921, 95.9486700869558], [55.273473652685055, 2.0947618962059544], [20.204765255628544, 26.70209267936662], [18.982569258944093, 89.31935775316626], [8.300919673814144, 0.4094701848646132], [98.67514282024203, 79.68432530911535], [98.21593375497926, 66.79766045929068], [76.22080429622508, 24.517443314252773], [13.57431269392868, 26.859688846200847], [15.333388039789032, 87.45266576055714], [11.59347662702589, 80.79672273291443], [83.22675237110614, 80.51616753617571], [5.699336991702431, 81.02900996002548], [80.69822494222088, 85.85067416590503], [26.057648643141682, 65.01401309618679], [56.97469991192749, 27.670652834220387], [63.7643896467833, 48.74772563362085]]","[[0.0, 76.04834611755341, 54.18063886965049, 37.33778318407287, 19.896868763113535, 76.4649068072917, 19.2407550338057, 75.59405196498743, 64.72258527002052, 10.978072511364545, 62.590092503579186, 57.09205398169213, 38.077077546716076, 39.17136568773166, 42.54071664183214, 22.687581590188692, 71.07930493359599, 27.571057563734907, 16.467290064659906, 40.12141605629094, 12.215683488499694, 48.32381877637151, 80.5972650190571, 76.91058069606528, 69.31301584433304, 45.90330115699279, 28.31033584267119, 14.875962790908948, 45.018860091470415, 89.89566165053029, 97.1537989611443, 37.19857824036146, 87.52242223467316, 9.273356377378734, 61.612623831716114, 11.15747822810022, 34.56069504346383, 40.43895368953683, 51.36478008407523, 43.887866431581685, 60.4853696493772, 1.1357307226718947, 59.993051858571214, 59.702753080124346, 58.40155172480732, 63.245761086822995, 62.25226953186281, 32.02069078176913, 61.640103500841924, 59.27114484352432, 23.345497204599834, 21.13145513969989, 81.39579700817653, 48.394183940775456, 14.235009697570371, 75.47640847997283, 79.55432220346914, 79.3960642475394, 76.17424719682917, 48.56051085454364, 12.972308496111038, 9.554152884850398, 64.20295030194882, 14.799695947498698, 62.38011667682948, 12.155510203532785, 60.59019650852239, 51.71990784627698], [76.04834611755341, 0.0, 39.451574814437215, 52.274273218994416, 58.20670432067545, 8.629245316758762, 90.88632529985676, 18.534074939949587, 17.234834461311312, 65.9588485798394, 65.59325720589653, 22.839821682945985, 42.7631831033161, 56.08381320757881, 40.3453617494212, 68.7322588127742, 70.64914335988665, 48.607736771750226, 87.71352762378493, 41.4097368458907, 70.15773165242175, 30.91974874684389, 11.840379941863857, 23.332243805656457, 12.420127172862795, 30.150814651036896, 56.291873595672406, 62.87574056218899, 31.571841906360277, 55.380668467985096, 45.47330546089683, 47.00533582809018, 26.526662125563394, 76.9354080593025, 43.52394961628721, 83.5688393055588, 60.11574489037397, 37.29784310580325, 49.24937314351093, 48.654459437858094, 34.84160234868001, 77.13616833201435, 47.38009986316585, 65.33239153816946, 47.64982259677017, 67.22823680169759, 37.40009003104985, 48.49197679615623, 27.680244458183772, 68.04142701893333, 96.27823116670956, 87.65464757301552, 61.730989037829524, 75.81179483811117, 81.75705853691565, 98.02768753411215, 28.611566047178002, 16.22849769406563, 31.484375191606343, 82.04549195068239, 84.21476098746535, 85.13989230969437, 29.806162257750564, 90.7812795721683, 35.65075836091296, 66.92540562328078, 42.358736809387956, 28.11036233731838], [54.18063886965049, 39.451574814437215, 0.0, 53.128331268535554, 44.88878887824912, 45.7071030093584, 62.40735367535705, 52.20569495489889, 42.10428235676445, 48.062865368738564, 79.20145464191252, 18.156744966512168, 42.09543260353486, 19.69393897716528, 12.977520120176996, 59.645436162842124, 87.0246948454243, 31.49729063197619, 69.92104640105032, 15.544041137253947, 43.70022661118913, 15.95211152154355, 50.161437763649296, 56.44123241632034, 27.325144708176378, 27.27843647646495, 26.421756448719474, 39.37299597981791, 31.35599318211138, 85.3577470592294, 81.24381454165112, 47.01014227236879, 63.772198940240166, 50.55376970371636, 9.133708326017201, 64.7198009203407, 58.90772182665919, 20.174796366357153, 9.818221384495692, 11.977172547489877, 7.0098450400831, 54.969126891218686, 64.16951772727329, 77.50237146995246, 63.400326573120594, 80.70254940962985, 57.67895455742677, 22.56700557792369, 12.342447014187792, 79.22323810407859, 67.82970570046757, 57.202317764510724, 85.87817846788565, 79.11613270164197, 53.371045294541354, 107.07235891392448, 27.218388963833753, 32.44571053989332, 61.88388527004091, 83.51623680620865, 56.94550275162204, 60.920040561362754, 12.3808421908412, 66.77375371448126, 8.442179758765658, 50.86552429849778, 60.566495969093886, 38.478258743583815], [37.33778318407287, 52.274273218994416, 53.128331268535554, 0.0, 18.975170380788942, 48.982321443046345, 56.520877248648866, 44.38481762793396, 36.199991402795156, 27.028278921378398, 28.999709024033603, 43.47127480248405, 11.451150027425998, 51.232707106410885, 40.95433100393682, 19.12027963601011, 37.69851140508004, 25.439931070354422, 41.430185516804045, 38.79127165999565, 40.39172963318953, 38.48135703929575, 51.99445339380517, 44.112338546312294, 51.4869046605304, 28.233130936962855, 41.03551613525322, 33.449798814527604, 24.382063048366234, 52.561997902390225, 60.99903572448422, 6.293482629963944, 54.579686406234586, 43.93126451030591, 62.25492457489129, 39.1281348070396, 7.843424434744678, 32.97444673087876, 57.08412319735314, 49.90394297968788, 56.10992685300391, 38.39554603251304, 22.65529575466096, 26.57858071999807, 21.065164215294658, 30.181590767829796, 26.09392761674623, 36.144501817962464, 52.72275887519757, 27.510417576928386, 60.64058750183935, 57.2292026683627, 44.64740236548231, 26.336676577950463, 49.913327530571614, 53.95167299308083, 68.63157519579171, 62.48518742551454, 41.139196178256526, 31.541454586413444, 49.926597994183155, 46.45287485599998, 56.53811209367122, 50.44596146030859, 58.325832503797976, 25.1824474759572, 23.579747239919122, 24.206981558068424], [19.896868763113535, 58.20670432067545, 44.88878887824912, 18.975170380788942, 0.0, 57.63255927831586, 38.46847311244402, 56.00657895934172, 45.46004937471726, 8.92422952858062, 47.09577992590171, 42.04800805058225, 18.197881701098858, 36.78818401919241, 31.928262826981747, 14.844307604089721, 55.84251719867901, 13.419448228390765, 29.51541330648452, 29.347846806912468, 21.42167717903443, 34.19596570196555, 61.56175690452218, 57.12380077399332, 53.246926797442114, 28.48226776195576, 25.258984551620152, 14.788192326008733, 26.638199594298307, 70.87689214412174, 77.3296587784767, 17.540505007238963, 67.7605720441026, 25.226456989259027, 53.66162750696333, 25.44283613964841, 19.241323762883034, 26.4658186184192, 45.7550472727377, 37.9140844464638, 49.848477051761165, 21.026894959498712, 41.20627434147064, 44.42552863875327, 39.664972571064325, 48.080553621852914, 42.54496093500777, 23.32479728534278, 48.88824764494125, 44.75556265637684, 43.031978702988106, 38.509168448312565, 63.6072855361846, 38.20800021729239, 31.21211387703848, 67.05341581447067, 66.62221899227772, 63.9886951909388, 56.28273863447373, 40.997838536073644, 31.65669628499884, 29.43718156255638, 52.162416428098915, 34.33328275287724, 52.00455849675692, 8.80591931655245, 41.2383887443427, 32.29498841848222], [76.4649068072917, 8.629245316758762, 45.7071030093584, 48.982321443046345, 57.63255927831586, 0.0, 92.47883219425148, 10.058246293056925, 12.797412509000573, 65.92466552476702, 59.00343923433772, 27.979596237545554, 40.75760670065665, 60.79006815850906, 44.511348397333336, 66.6386127856044, 63.46945119508499, 49.67038032679173, 86.83758236338764, 45.136050038903846, 71.8575424495794, 34.83451737016764, 4.631948046293032, 14.782822265494202, 19.97845308454312, 31.16557766611326, 59.43879055528823, 64.24296731948284, 31.45596668209515, 46.786691940854865, 37.14794371507272, 44.36633587268994, 18.472213932812434, 78.37397656930291, 50.7305380330428, 83.05032473352752, 56.765223314344475, 39.991060141139165, 55.34377632411671, 53.75843498102159, 41.859082831610195, 77.58244678886919, 40.86729615387996, 59.01343841808348, 41.34213481898272, 60.6181634543491, 30.7395365630815, 51.39968856599676, 34.63766111247406, 61.8256431300262, 97.7546897477127, 89.83740143527079, 53.58810392457053, 70.87178005314728, 83.5441703203012, 91.59460931661678, 37.2240460357821, 24.8317963876936, 23.081818010380953, 77.28963487089153, 85.65782524935548, 85.81756294442472, 37.22609977368821, 91.26407286133342, 42.92065144656734, 66.43845812611434, 35.82907754436663, 25.725715225860863], [19.2407550338057, 90.88632529985676, 62.40735367535705, 56.520877248648866, 38.46847311244402, 92.47883219425148, 0.0, 92.76863360531772, 81.48750496187792, 29.685284014178265, 81.53486243790935, 69.91644660653154, 56.302080450081604, 43.79181253922415, 53.16376365282852, 41.362660861271976, 89.91164425123755, 42.83311369521023, 25.988064001219843, 51.20260665602876, 20.728699538889966, 60.995089923607026, 96.83486778932338, 94.53059233462353, 82.51936256662492, 61.328248863691016, 36.51795857313724, 28.239465307736555, 61.29820663297806, 109.04629654756687, 115.70276230403977, 55.9971054289579, 105.0176911391896, 14.128664655708713, 68.00310678876136, 23.00403768455878, 53.727721664465776, 53.74350317881348, 56.75627983036666, 50.66119685021364, 69.31572102534265, 18.237337819877993, 79.16867903920553, 78.62307951509743, 77.58355385512213, 82.11496745038487, 81.01122996389817, 43.158903200128655, 72.22041426263428, 78.02391256257233, 5.492645549399243, 6.972886328724979, 100.62650118759824, 66.09516371713237, 9.261572270599196, 91.63277526073723, 89.4060601175543, 91.63204245894975, 94.47665012445964, 65.25564467395598, 6.930220563088602, 11.323031230039497, 74.00227336108263, 11.852259578980641, 70.8429797390737, 31.35924090579171, 79.60077877935582, 68.92064958419928], [75.59405196498743, 18.534074939949587, 52.20569495489889, 44.38481762793396, 56.00657895934172, 10.058246293056925, 92.76863360531772, 0.0, 11.641875619213177, 64.72536477251428, 50.35505795647947, 34.05107461870224, 38.08848398171203, 65.19670559603692, 48.741295289210186, 63.015841306274986, 54.20366922790383, 50.21354483506357, 84.31938409105072, 48.85872276215297, 72.56133106679351, 39.243942740556896, 9.61500630184109, 4.839412242291457, 28.665934831253566, 32.74590722743688, 62.0779121633262, 64.713090758636, 31.727300561898463, 36.88928017853914, 29.06879375211782, 40.74401210505968, 12.58244871524485, 78.66530920265959, 58.24341567132589, 80.99445057633292, 51.87592461035779, 42.80580956306797, 61.46361922611613, 58.76881876327879, 49.3005976147753, 76.7284591758644, 32.55688705599687, 50.65396295018933, 33.2695380055152, 51.93512529824352, 22.549284744993734, 53.988106870850956, 42.192503695690505, 53.549900763411515, 97.85383312432108, 90.85010930936166, 43.59909525110141, 63.90535818974508, 84.16965496343217, 82.92499315632436, 46.8987880967486, 34.75475694788483, 13.024810293848686, 70.46214312006802, 85.85299505057553, 85.11667608567984, 45.218659043779674, 90.2705944456024, 50.63136570790182, 64.69931048886389, 27.628444695305333, 23.90674905980863], [64.72258527002052, 17.234834461311312, 42.10428235676445, 36.199991402795156, 45.46004937471726, 12.797412509000573, 81.48750496187792, 11.641875619213177, 0.0, 53.98242654898838, 48.584814296674, 24.143782188646025, 28.133995391662243, 53.85783072923961, 37.444339189506415, 53.90077605454182, 54.0875326948416, 38.77005532722855, 74.39174902894825, 37.411890857424765, 61.1363865890618, 28.13650055309892, 16.213995160678614, 14.862651742831904, 22.430631735109632, 21.1042331910579, 50.4416263706425, 53.331587598846085, 20.240514154335926, 43.84145713438024, 39.60020610024304, 31.591448978654153, 24.223878006724995, 67.36300595317223, 48.97056246418714, 70.76405423062401, 43.99770945740068, 31.217537192403636, 50.96549129653931, 47.69181195018509, 40.13425090662424, 65.85178953999369, 30.424795299093642, 48.202257128316745, 30.57964591140448, 50.22554758867722, 20.707288818896956, 42.35524553832923, 33.373117083238185, 50.87350505259531, 86.63946447761454, 79.37977952064202, 47.16559105978354, 58.7270262312474, 72.78249451847697, 80.89311589205377, 41.86306639606611, 31.426767262373506, 19.838725413077622, 65.0387526444186, 74.59178274679026, 74.18836813248218, 36.83346132659525, 79.48219970940502, 41.735947076026385, 54.24529458601595, 25.467882279344973, 13.202832182493028], [10.978072511364545, 65.9588485798394, 48.062865368738564, 27.028278921378398, 8.92422952858062, 65.92466552476702, 29.685284014178265, 64.72536477251428, 53.98242654898838, 0.0, 53.83134774843994, 48.21003270989963, 27.099506561371037, 36.32964833424862, 35.52269819716475, 16.16303291953506, 62.5001474226651, 18.34356061569775, 22.61671621676275, 32.9555689651042, 14.717988619893857, 39.76413200188833, 69.97030081795313, 65.96348622014614, 60.031226243295386, 35.86648291531903, 24.53727295916973, 10.812359145451245, 34.58598272406622, 79.4197797993716, 86.23430639605469, 26.345919047286387, 76.585934324168, 16.96586924554185, 56.290240215172524, 17.888231782735073, 25.48133090127665, 31.79985741396911, 47.10467771421976, 39.25833963077628, 53.77743878405757, 12.110342710998204, 49.599437282927745, 51.03114302233108, 48.02890752254258, 54.65581961835132, 51.39553593693222, 25.519273949808934, 53.89669261553895, 50.97446323121219, 34.144648661064096, 30.233397709661535, 71.55022938687164, 42.122010541277234, 22.92287041909693, 70.47094053641354, 71.85260850371121, 70.47304907610135, 65.20696360312816, 43.64999793401335, 22.961369956340803, 20.52718541612977, 56.83452184480747, 25.545336056681908, 55.825762239799026, 3.5589707563380593, 49.91654331710139, 40.89932185562419], [62.590092503579186, 65.59325720589653, 79.20145464191252, 28.999709024033603, 47.09577992590171, 59.00343923433772, 81.53486243790935, 50.35505795647947, 48.584814296674, 53.83134774843994, 0.0, 65.8245520545397, 37.87002524864435, 79.9228622596727, 68.13152760033891, 40.19853684102731, 8.750251868012072, 54.28805344545128, 60.57986640819468, 66.27360815550837, 68.206311391733, 63.46437964434385, 59.91981789334555, 47.302020951845606, 69.83479921594217, 52.14440854538373, 70.01197837290538, 61.87613613122036, 47.98609586131701, 35.679919306187585, 51.51292072456801, 33.75312187943309, 54.90775185689724, 70.58518284656688, 88.1025458840757, 60.45251382009956, 28.350203231791195, 59.746854676091864, 84.57083687841798, 77.86876016797721, 80.78115028121258, 63.48127794506791, 18.21501893061189, 2.9429850086584164, 18.015540592287607, 1.6425631047308178, 28.28590571713899, 64.75470930583565, 75.9153032555368, 4.883354411160313, 84.75750783337061, 83.58045087489182, 22.173450893955433, 20.675769666050588, 76.38940062223742, 32.6042796104711, 88.99269941457194, 79.79396027286793, 39.95842265170396, 26.50906099556675, 75.56144013985258, 70.50182198921124, 79.8262185209689, 73.07287087054833, 82.89927724169154, 51.105784212319946, 23.248152124487095, 42.7053866089881], [57.09205398169213, 22.839821682945985, 18.156744966512168, 43.47127480248405, 42.04800805058225, 27.979596237545554, 69.91644660653154, 34.05107461870224, 24.143782188646025, 48.21003270989963, 65.8245520545397, 0.0, 32.07075040023081, 33.251772089709725, 17.67804834426349, 55.30242460888227, 72.94021633216042, 29.8766798324557, 70.79430176994599, 19.055440598112643, 49.3867661991967, 8.934209376189838, 32.54613190608694, 38.29715967588932, 12.616004898330793, 15.280355614317052, 34.14161634782614, 42.79809769322914, 19.11164011252945, 67.80877257649931, 63.08784518371623, 37.21384584042601, 45.7376460336145, 56.37792900887539, 24.884385617722575, 66.07737688434273, 50.589945412410614, 16.656260223248626, 27.51215898695743, 25.918607732479884, 16.184606211588306, 58.09802950696772, 49.210311357882944, 64.57061800015686, 48.71960627165944, 67.41647050486941, 41.45439701154723, 26.78853025667345, 10.159240871972203, 66.7000102662307, 75.3911800313915, 66.05029286603767, 69.55279130289456, 69.68565417990972, 60.66657144496244, 95.99210601561032, 25.315935160497727, 22.316438073758064, 43.981949046518984, 75.00885025384929, 63.524612593836125, 65.5351852079061, 14.04145226605046, 71.37360379030919, 17.986157593076886, 50.028272497888885, 45.028149543610695, 23.215069494211274], [38.077077546716076, 42.7631831033161, 42.09543260353486, 11.451150027425998, 18.197881701098858, 40.75760670065665, 56.302080450081604, 38.08848398171203, 28.133995391662243, 27.099506561371037, 37.87002524864435, 32.07075040023081, 0.0, 42.425958832135784, 30.384028375035484, 26.01202993184702, 46.20503834576293, 17.752462445526202, 46.326837556928176, 28.43508073030357, 37.51651026926479, 27.112645313373683, 44.34620251825261, 38.975878544173284, 40.63384118020454, 16.804485643329322, 33.56863453622125, 29.740253975698362, 13.058862828798901, 54.55902889913684, 59.423295246133385, 5.1600056921217226, 49.626333017837645, 42.57594187463103, 51.18572732752976, 42.90615608937946, 18.594208599537602, 22.11612172860962, 46.771505618562486, 39.999977376766466, 44.76964685512668, 39.209793602463364, 26.289525290897515, 35.86885353182351, 24.986174455370378, 39.26447149649607, 25.158535220638104, 27.308123456395215, 41.27196243750083, 37.34409993777957, 61.049738438790506, 55.59958129889261, 49.548693922844514, 37.78099125543893, 48.450998529152116, 65.07357576427675, 57.30000419295245, 51.678715000381146, 38.188753705002995, 42.949465550941575, 49.40375741879183, 47.62618255265381, 45.090750103692244, 52.50697057583816, 46.97872080542284, 26.706323013282123, 24.899239050565694, 15.036054247459894], [39.17136568773166, 56.08381320757881, 19.69393897716528, 51.232707106410885, 36.78818401919241, 60.79006815850906, 43.79181253922415, 65.19670559603692, 53.85783072923961, 36.32964833424862, 79.9228622596727, 33.251772089709725, 42.425958832135784, 0.0, 16.45868446645269, 51.09273523430626, 88.44557974772609, 25.820806870566592, 55.616097384638884, 16.554657453418635, 27.310066402472675, 26.068898205546823, 65.41651106930598, 68.71727134214268, 44.93829824358263, 33.89395636537551, 11.823635660217688, 25.781900594382943, 36.794161438059774, 93.83430815761416, 93.29159137619885, 46.176365110869924, 77.57840089861126, 33.46705202761913, 24.22038402856876, 50.29436944685437, 54.77769987844084, 23.350719365231917, 12.978218522628001, 7.866175984454958, 26.67959684081975, 39.71079721409088, 68.18373917593487, 77.67971187849307, 67.03521064258032, 81.2164805567336, 64.28113207525523, 15.172984920050826, 31.327953608293345, 78.74019792567277, 49.080165210583225, 38.0947775765848, 91.28710476100726, 74.69868247656397, 35.14761340287379, 103.54143380179435, 46.82441308235086, 51.676298564271775, 72.38288464070476, 77.7794388708018, 39.01401600833605, 44.131763832244246, 32.02440298313799, 49.75175730020936, 27.837587303196827, 39.73800712700695, 65.7729196933942, 45.70193956936088], [42.54071664183214, 40.3453617494212, 12.977520120176996, 40.95433100393682, 31.928262826981747, 44.511348397333336, 53.16376365282852, 48.741295289210186, 37.444339189506415, 35.52269819716475, 68.13152760033891, 17.67804834426349, 30.384028375035484, 16.45868446645269, 0.0, 46.669115327010395, 76.27810991552414, 18.524244197886734, 57.76270519476646, 2.5950358279648675, 33.16637899643711, 9.679821404061428, 49.143264273112415, 52.306919629417585, 30.09556576409771, 18.20439338283572, 16.777973410247686, 27.681183878158738, 21.682696413856526, 78.35551103108777, 76.96015475651733, 35.03326149707326, 61.121832295019004, 40.198978427628965, 21.921973511446545, 52.6631625316004, 46.307770915484525, 8.43591969917468, 16.451217539556243, 10.657200544733957, 18.254792596281998, 43.42171996539731, 54.400002873043874, 66.22124094488628, 53.43547830375891, 69.56614179517665, 49.27411517393945, 10.538962692379439, 19.27543493781883, 67.72750800291061, 58.65621975301181, 48.83422585858818, 77.01023885851451, 66.59222109547117, 43.91394964572813, 94.84480305525852, 37.05630573768661, 38.51910962216686, 56.25062899430682, 70.79118858595938, 47.088916824691665, 50.0730818968671, 21.6631099929785, 55.971796638511414, 20.316858309152163, 38.164138059118024, 51.38286872876463, 30.170327204552766], [22.687581590188692, 68.7322588127742, 59.645436162842124, 19.12027963601011, 14.844307604089721, 66.6386127856044, 41.362660861271976, 63.015841306274986, 53.90077605454182, 16.16303291953506, 40.19853684102731, 55.30242460888227, 26.01202993184702, 51.09273523430626, 46.669115327010395, 0.0, 48.549754513022094, 28.150340381378072, 22.498261760820334, 44.10375577487059, 30.665783087600502, 48.094431420269174, 70.03913949339639, 63.0584766451075, 65.5784142406086, 40.66120660296114, 39.33569642423242, 26.652588795106, 37.86150195962901, 69.99808106331653, 79.85240519013695, 22.361585100137187, 73.59647743349296, 31.332284940215782, 68.474447784038, 20.909446728936764, 13.380483359569727, 40.68039291383867, 60.55314732021217, 52.6924985036128, 64.39042529995784, 23.49019958635045, 40.415583647124635, 37.277375035571595, 38.80669638813558, 40.753945708408054, 45.136008260714846, 38.13966302649131, 62.93499848554308, 36.67473661136807, 44.588363996663425, 43.818931651968654, 60.04348103540223, 26.148997588597744, 36.83033931169747, 54.312623437919946, 80.37339482145913, 76.55898798594335, 60.2552742897251, 27.498501464407283, 35.57591892333536, 30.306134487863787, 66.36956005179378, 33.17167800789164, 66.57132112208957, 12.691556979100351, 42.22990122915383, 40.99066796372473], [71.07930493359599, 70.64914335988665, 87.0246948454243, 37.69851140508004, 55.84251719867901, 63.46945119508499, 89.91164425123755, 54.20366922790383, 54.0875326948416, 62.5001474226651, 8.750251868012072, 72.94021633216042, 46.20503834576293, 88.44557974772609, 76.27810991552414, 48.549754513022094, 0.0, 62.89727307640186, 68.28291109715632, 74.50051428135353, 76.92154083166486, 71.16965245867675, 63.81247876198336, 50.59737500856932, 75.98198866518577, 59.808722825304834, 78.66963167792616, 70.62454168765078, 55.68586556755665, 32.896522501797115, 50.51153256629479, 42.27685007298742, 56.920663636483646, 79.19435090921569, 95.82210163107784, 68.47232568956302, 37.02560066205439, 67.85865721801, 92.72930276596686, 86.17560219325242, 88.25684727774413, 71.94730820611424, 23.9809750338353, 11.470480562787762, 24.271647045321366, 7.851289956872569, 33.38587235246261, 73.2726016543514, 83.08772632197834, 11.937632471247893, 92.99270391265495, 92.12624409295935, 18.146248520582393, 26.74660917386358, 84.965794502744, 29.9629553624098, 95.34096224683816, 85.51099064524391, 42.59863340893399, 31.577433851071866, 84.0404185865161, 78.80014952797625, 86.98114597745257, 81.15418084960697, 90.33561845245218, 59.72024973983324, 28.714013167412777, 49.72514860643471], [27.571057563734907, 48.607736771750226, 31.49729063197619, 25.439931070354422, 13.419448228390765, 49.67038032679173, 42.83311369521023, 50.21354483506357, 38.77005532722855, 18.34356061569775, 54.28805344545128, 29.8766798324557, 17.752462445526202, 25.820806870566592, 18.524244197886734, 28.150340381378072, 62.89727307640186, 0.0, 40.95270446573034, 15.95397508221945, 22.36633272947538, 21.448184775162552, 54.00435253017361, 52.37307175337438, 41.84187070015613, 18.595796386579305, 15.90902017084881, 14.599183164065764, 18.53023505252814, 71.93583649869886, 75.0591791583746, 20.705834533729156, 62.64329588710991, 28.713057303311743, 40.34222327975595, 36.20071497177229, 29.19672033577186, 13.503293131096695, 33.01774833452105, 25.350749636822083, 36.452627456175875, 28.632335092241938, 44.03940785018005, 51.96665435349035, 42.720477622665406, 55.536429635270984, 42.1931529160748, 10.916118740398412, 35.82064280717397, 52.94881479937345, 48.0857673123523, 40.636714443451304, 67.29412666145981, 49.384048538949955, 34.02165747271272, 78.10000013645758, 53.709171060586996, 52.16395405307269, 53.5281538566925, 53.035484349790146, 35.990926113862926, 36.535394981484316, 38.95445168905571, 42.21212643192702, 38.59957305349357, 20.37832312941851, 42.50608244295734, 26.699843081703037], [16.467290064659906, 87.71352762378493, 69.92104640105032, 41.430185516804045, 29.51541330648452, 86.83758236338764, 25.988064001219843, 84.31938409105072, 74.39174902894825, 22.61671621676275, 60.57986640819468, 70.79430176994599, 46.326837556928176, 55.616097384638884, 57.76270519476646, 22.498261760820334, 68.28291109715632, 40.95270446573034, 0.0, 55.24049406660864, 28.615811028741764, 62.38082933145496, 90.5968074812025, 84.79391981201884, 82.47088094920039, 57.93289736930937, 44.56369532098528, 30.650804135548714, 56.14168613057603, 92.24538896482639, 102.33291634201773, 43.71596961879872, 95.41860063757305, 24.10196628221394, 77.6809587667673, 5.322161792442901, 35.79084282539426, 54.41615697175022, 67.6695823776846, 60.08046043355, 75.95660404610936, 16.037935068051716, 62.85784563403736, 57.645820476360846, 61.25343368471739, 60.81851126825553, 67.52211345460405, 47.42885068672514, 76.4331196708398, 56.41599755283503, 26.927782478785343, 31.32213084455481, 81.58745231806132, 42.54000288938003, 26.653365744727502, 66.1705924922155, 94.40120294661796, 93.0182600879595, 82.5067681106522, 40.522730506681846, 23.268709736371203, 15.655311365499452, 79.27619705236064, 14.53038047637002, 77.9386414870409, 20.91290227375316, 64.72323262032648, 61.199744874200476], [40.12141605629094, 41.4097368458907, 15.544041137253947, 38.79127165999565, 29.347846806912468, 45.136050038903846, 51.20260665602876, 48.85872276215297, 37.411890857424765, 32.9555689651042, 66.27360815550837, 19.055440598112643, 28.43508073030357, 16.554657453418635, 2.5950358279648675, 44.10375577487059, 74.50051428135353, 15.95397508221945, 55.24049406660864, 0.0, 31.010003198645165, 10.491221571715277, 49.76225722940535, 52.25160182600649, 31.62346708226979, 17.40720715878476, 15.08917037656795, 25.28885815458103, 20.57323499887111, 77.53082646329891, 76.75668689485728, 32.96197874100568, 61.33170555947498, 38.049431315051336, 24.431419033004484, 50.15960172148274, 43.968991192342834, 7.030066973085189, 18.35080942643704, 11.828056203219813, 20.828089534632195, 41.0186498096637, 52.9463665681199, 64.30382417906989, 51.93077630914091, 67.68650955880986, 48.21287900057302, 8.225562604833163, 21.56382087723927, 65.74305214252473, 56.693841456129356, 47.073172569497515, 75.73159701595591, 64.26791592332071, 41.942023006327645, 92.61019242465537, 39.43539949636663, 40.430474110133154, 55.83181184163707, 68.38538410504961, 45.01996991833034, 47.79437143371875, 24.100821195440123, 53.691441443808394, 22.901484853131063, 35.577255994124734, 50.102653939227224, 29.31578540451698], [12.215683488499694, 70.15773165242175, 43.70022661118913, 40.39172963318953, 21.42167717903443, 71.8575424495794, 20.728699538889966, 72.56133106679351, 61.1363865890618, 14.717988619893857, 68.206311391733, 49.3867661991967, 37.51651026926479, 27.310066402472675, 33.16637899643711, 30.665783087600502, 76.92154083166486, 22.36633272947538, 28.615811028741764, 31.010003198645165, 0.0, 40.452566516530794, 76.25510005001817, 74.59994368798846, 61.95427542360519, 40.6919744632621, 17.289335474980597, 7.913361402484829, 40.89639744800168, 91.74891991751912, 96.67639723999697, 38.30619971763647, 84.95175905352214, 7.039465521305011, 50.50862127172699, 23.336798852347552, 39.92843544485604, 33.059370950606606, 39.85822188034498, 32.698064907823415, 50.34079382169693, 12.57848414684278, 62.37883813008911, 65.45630861800099, 60.870597154598194, 69.09947118383546, 62.664971156054214, 22.816347561972037, 52.428967840593494, 65.5308735849332, 26.134385254214592, 18.33909900033705, 84.99456771813229, 56.76682641464929, 11.687550473040835, 84.90730190990243, 70.04325165260462, 71.33810908130809, 75.22137971324084, 57.97807799180325, 14.146014651199629, 17.229364792786214, 54.573264273336044, 23.073532253337163, 52.08340461767681, 18.0105232495998, 61.98216754245856, 48.896686097685695], [48.32381877637151, 30.91974874684389, 15.95211152154355, 38.48135703929575, 34.19596570196555, 34.83451737016764, 60.995089923607026, 39.243942740556896, 28.13650055309892, 39.76413200188833, 63.46437964434385, 8.934209376189838, 27.112645313373683, 26.068898205546823, 9.679821404061428, 48.094431420269174, 71.16965245867675, 21.448184775162552, 62.38082933145496, 10.491221571715277, 40.452566516530794, 0.0, 39.46645557828636, 42.96355999226609, 21.524278729019603, 11.362903859997756, 25.448101149851787, 33.91374055144534, 15.490842659022803, 70.18586988179344, 67.73557042972911, 32.213386182827634, 51.54364956782309, 47.44480030522955, 24.655330852891815, 57.55886822338296, 44.97184262694944, 7.967446531410432, 23.377416808571077, 19.560785171809464, 17.662692143927988, 49.31270264450865, 48.2174758874429, 61.86561594386406, 47.45476580319745, 64.98936684339787, 41.899656004951225, 17.90598473885355, 14.853606969096985, 63.70284675672658, 66.46677850926635, 57.21073668782363, 70.04458955531032, 64.79054676665525, 51.749523074518144, 92.13197494844272, 32.426479600719944, 31.10096844410803, 47.38832512682214, 69.66932367205106, 54.59091419105159, 56.65716015318027, 18.41684306328345, 62.508697771328194, 19.867763063124176, 41.795992525534636, 44.64599282599814, 22.62776668895727], [80.5972650190571, 11.840379941863857, 50.161437763649296, 51.99445339380517, 61.56175690452218, 4.631948046293032, 96.83486778932338, 9.61500630184109, 16.213995160678614, 69.97030081795313, 59.91981789334555, 32.54613190608694, 44.34620251825261, 65.41651106930598, 49.143264273112415, 70.03913949339639, 63.81247876198336, 54.00435253017361, 90.5968074812025, 49.76225722940535, 76.25510005001817, 39.46645557828636, 0.0, 13.589575023538622, 23.950846534855245, 35.579202456238264, 64.02554236552542, 68.59562377362761, 35.66037280344034, 44.79970731292176, 33.70029156186148, 47.68940566220462, 14.69490634826293, 82.71740539125774, 54.938357287863646, 86.92426071050483, 59.69692728050969, 44.566521714293366, 59.83839824784866, 58.36352778312941, 46.117746029023394, 81.7197607247355, 42.01262399556225, 60.152939176257476, 42.64959030444761, 61.50726386098571, 31.926763543812882, 55.97526313439795, 38.89811757747068, 63.029035813369276, 102.08470376873916, 94.29212042706594, 52.75314034968054, 72.89720738133478, 87.94246166218706, 92.50631288268822, 40.168085842067676, 27.445138725233072, 22.076436116534627, 79.39765406642917, 89.99336987717611, 89.99517321600051, 41.32948462809461, 95.38890383915741, 47.094098843490514, 70.36185775288479, 37.033339737231856, 29.397238746051293], [76.91058069606528, 23.332243805656457, 56.44123241632034, 44.112338546312294, 57.12380077399332, 14.782822265494202, 94.53059233462353, 4.839412242291457, 14.862651742831904, 65.96348622014614, 47.302020951845606, 38.29715967588932, 38.975878544173284, 68.71727134214268, 52.306919629417585, 63.0584766451075, 50.59737500856932, 52.37307175337438, 84.79391981201884, 52.25160182600649, 74.59994368798846, 42.96355999226609, 13.589575023538622, 0.0, 33.44820932203033, 35.61880538513712, 64.97143000046431, 66.70333415855086, 34.11923272477498, 32.06108577678703, 24.849872034947662, 41.07802124347248, 10.656310761170408, 80.49041293976371, 62.724687589952694, 81.71508379452317, 51.331038265071555, 45.94653556983505, 65.55374181476304, 62.524334915248566, 53.78917237311915, 78.04622480632896, 29.98408438150283, 47.82944746382496, 30.880184762444394, 48.84377286358313, 20.36613409062071, 56.924841462885155, 46.73245098908745, 50.769937266104726, 99.512412304635, 92.93505995073939, 39.17788927722887, 61.97911488482616, 86.11456387874479, 79.72822047223022, 51.7373757123431, 39.5600308551194, 8.49303866123972, 68.58818212982332, 87.6011340245711, 86.46204457461697, 49.84095323070924, 91.457011614647, 55.178392270118295, 65.68081335750674, 25.261782328743447, 25.703768016677312], [69.31301584433304, 12.420127172862795, 27.325144708176378, 51.4869046605304, 53.246926797442114, 19.97845308454312, 82.51936256662492, 28.665934831253566, 22.430631735109632, 60.031226243295386, 69.83479921594217, 12.616004898330793, 40.63384118020454, 44.93829824358263, 30.09556576409771, 65.5784142406086, 75.98198866518577, 41.84187070015613, 82.47088094920039, 31.62346708226979, 61.95427542360519, 21.524278729019603, 23.950846534855245, 33.44820932203033, 0.0, 24.96327286729771, 46.710961736430654, 55.231702274912294, 27.825891881449074, 65.13002696886278, 57.072056250836845, 45.52387137624328, 38.43523155448541, 68.92714288245391, 31.106296036885826, 77.91502760935707, 59.09506133555737, 29.02883001780556, 37.14302549359951, 37.264990950059016, 22.435545719123674, 70.34343026494282, 52.037870057983575, 69.06850377835244, 51.93196699553605, 71.4728063401184, 42.822952745628825, 39.403947203617875, 15.312690091271687, 71.52368335397959, 87.99048319169415, 78.65946299818947, 69.55537975223568, 76.88658812122632, 73.27321150863622, 101.45727568129138, 19.458581432158663, 11.047388904706382, 40.779299590265346, 82.69143145038564, 76.09830526469001, 77.93173341880944, 17.408639935452364, 83.7396595950588, 23.234672738450453, 61.577221280662236, 47.2776516201501, 28.139052308012843], [45.90330115699279, 30.150814651036896, 27.27843647646495, 28.233130936962855, 28.48226776195576, 31.16557766611326, 61.328248863691016, 32.74590722743688, 21.1042331910579, 35.86648291531903, 52.14440854538373, 15.280355614317052, 16.804485643329322, 33.89395636537551, 18.20439338283572, 40.66120660296114, 59.808722825304834, 18.595796386579305, 57.93289736930937, 17.40720715878476, 40.6919744632621, 11.362903859997756, 35.579202456238264, 35.61880538513712, 24.96327286729771, 0.0, 29.368936110685265, 33.10666633756704, 4.1686087065996125, 60.17177280527926, 59.71371128148837, 21.957624569344866, 45.327061847956365, 47.239878230699084, 36.01351704970069, 53.60120581878495, 35.31076129219483, 10.56987548920462, 34.00688563453402, 28.86040565136773, 28.709306875161303, 46.99472507251354, 36.93115612871433, 50.599800105350944, 36.130423964988545, 53.680088249878125, 31.129839678871967, 21.30728050773475, 24.582399606581202, 52.50660768167714, 66.62817087337547, 58.72130715958794, 59.06959279621867, 54.51494372856865, 52.37874655907774, 81.28035249544658, 40.56608510522589, 35.904270416408714, 38.55801077362153, 59.75366159858937, 54.52954294343488, 55.051417421291184, 28.44801509750609, 60.65371497195424, 30.865520749393035, 37.03406316166349, 33.52401393634584, 11.96638151106396], [28.31033584267119, 56.291873595672406, 26.421756448719474, 41.03551613525322, 25.258984551620152, 59.43879055528823, 36.51795857313724, 62.0779121633262, 50.4416263706425, 24.53727295916973, 70.01197837290538, 34.14161634782614, 33.56863453622125, 11.823635660217688, 16.777973410247686, 39.33569642423242, 78.66963167792616, 15.90902017084881, 44.56369532098528, 15.08917037656795, 17.289335474980597, 25.448101149851787, 64.02554236552542, 64.97143000046431, 46.710961736430654, 29.368936110685265, 0.0, 14.162746217120626, 31.14992923618913, 87.14799707034656, 88.77480733092644, 36.59131807379391, 74.65905769481662, 24.139238674093555, 33.355959811743645, 39.25730002316803, 43.793348194045635, 19.47207588902138, 23.108197513327067, 15.582838868127416, 33.126267850095125, 28.987367489275933, 59.84099614864612, 67.61358545363277, 58.55391656694072, 71.2154625132994, 57.326573883823364, 8.099723473894983, 35.70249012652982, 68.44168793372562, 42.003003614138535, 32.05639531148671, 83.10324219622915, 63.40238253733842, 27.31053701735431, 92.26355451773976, 53.01588646280254, 55.28929240206736, 67.36236167160101, 66.22870396166306, 30.687232298315067, 34.51810429481181, 37.56287462255802, 40.35888459295061, 34.824425473292536, 27.923417551409575, 58.063466166240296, 40.11916218851791], [14.875962790908948, 62.87574056218899, 39.37299597981791, 33.449798814527604, 14.788192326008733, 64.24296731948284, 28.239465307736555, 64.713090758636, 53.331587598846085, 10.812359145451245, 61.87613613122036, 42.79809769322914, 29.740253975698362, 25.781900594382943, 27.681183878158738, 26.652588795106, 70.62454168765078, 14.599183164065764, 30.650804135548714, 25.28885815458103, 7.913361402484829, 33.91374055144534, 68.59562377362761, 66.70333415855086, 55.231702274912294, 33.10666633756704, 14.162746217120626, 0.0, 33.10456857064505, 84.14273547746221, 88.78592594784037, 30.836099169939356, 77.0763457990799, 14.133554874093056, 47.03055244162585, 25.395151978065982, 33.94963115354218, 26.20292161814624, 37.187134275672165, 29.49008495993937, 45.61722619199081, 15.741056581403331, 54.989626391759245, 59.21313619916442, 53.51165660515289, 62.868214920541014, 54.89842267603233, 17.150736056956656, 46.84111434130062, 59.526282613977024, 33.521506789058755, 26.248412167925622, 77.826778507019, 52.12060251166555, 19.457509820998983, 80.75350075167644, 64.72123226220005, 65.00409448280462, 67.31978788130016, 54.10905775010164, 21.422913518714555, 22.74357811558153, 49.343766201550466, 28.602694021727977, 47.52582777345191, 14.352195673639265, 54.376832389469165, 41.00277973685577], [45.018860091470415, 31.571841906360277, 31.35599318211138, 24.382063048366234, 26.638199594298307, 31.45596668209515, 61.29820663297806, 31.727300561898463, 20.240514154335926, 34.58598272406622, 47.98609586131701, 19.11164011252945, 13.058862828798901, 36.794161438059774, 21.682696413856526, 37.86150195962901, 55.68586556755665, 18.53023505252814, 56.14168613057603, 20.57323499887111, 40.89639744800168, 15.490842659022803, 35.66037280344034, 34.11923272477498, 27.825891881449074, 4.1686087065996125, 31.14992923618913, 33.10456857064505, 0.0, 57.04243982741711, 57.62574957070072, 18.15729288476482, 44.21850819162279, 47.16956907478431, 40.14579190904955, 52.03530938471597, 31.6518844436532, 13.551065513488306, 37.787482323182935, 32.27529009709797, 32.877104408730766, 46.13380481378183, 32.96654039442763, 46.43198216093335, 32.117234369028026, 49.51866943210828, 27.6