instance_id,num_cities,city_coordinates,distance_matrix,best_route,total_distance
1203,51,"[[49.77346643552084, 8.014963702558209], [42.46983767533694, 42.28281904644376], [12.012273579362898, 17.567781016106167], [16.310516653310515, 47.30589492154422], [3.879987375705618, 25.978051226625386], [73.4355199399452, 76.5635671153285], [82.10346464774989, 15.538016166303592], [73.85904472005211, 27.081402616040084], [34.59327994798612, 63.64455366964344], [44.391559800944535, 11.48636841677032], [16.855024829405906, 65.27633234459245], [28.913665958319047, 91.18433861224283], [26.60225403439248, 75.09913242382595], [38.38821335162565, 64.23372484774242], [77.57401147004208, 20.792004711883095], [34.578643011754, 19.22226913503956], [47.432552820870214, 25.97325281062004], [86.53199197322337, 26.330447137182077], [10.682037789156883, 57.489614043177504], [76.74437539610746, 97.74920906354996], [89.77659281437663, 93.83441463108696], [70.06605166946117, 74.92264258890106], [57.17610678180527, 25.65952084936788], [4.089484502269702, 44.979535801324474], [45.46157821357023, 68.40983596557486], [5.383688959811006, 61.46452037204756], [28.31216464328199, 98.34425854640233], [85.09936191411515, 14.45239041220907], [62.42304164348822, 78.15641683869028], [45.35900752610837, 65.2986303478628], [37.79177409102504, 9.366609234849355], [92.93783430194934, 61.59676548502831], [17.965227988265518, 90.00794569006946], [54.67062590622681, 85.17982651901434], [15.240777226903557, 92.43609863650198], [61.606785796605756, 52.799234909970636], [90.27091064728229, 23.800069120845315], [92.37600441369467, 56.03182407717896], [61.07555388084042, 46.58592129324545], [97.12700221619218, 84.87007096916305], [89.04667427435292, 45.34084690226401], [88.49964480302984, 79.63760840237921], [48.786822201693425, 60.71516767765445], [71.53273303098749, 7.6225771874291475], [2.9467575238085186, 35.05177905973217], [30.78622800662244, 58.52131139059177], [83.8225045574996, 52.68675266982659], [16.770047355672833, 44.8314595433814], [85.22197251551665, 48.18354611453053], [97.69131370907071, 29.632477147707238], [72.01907384700135, 76.28359409111712]]","[[0.0, 35.0375356287518, 38.95078952403885, 51.60955613238521, 49.28370860244789, 72.51761031561577, 33.193750959706236, 30.71879187308349, 57.66358765895825, 6.404339912368058, 66.04913426029248, 85.74541503087116, 70.9731694174758, 57.360030443538115, 30.596128532388107, 18.880846218757767, 18.110218779462297, 41.068797561529735, 63.05458603416808, 93.69986510484911, 94.68488938450983, 69.91728333849008, 19.13451021070229, 58.76568552924832, 60.54860011350134, 69.47882736854437, 92.8437880614728, 35.90765035485748, 71.2729626225137, 57.453510874386716, 12.05769037100853, 68.80532054691905, 87.94664932970328, 77.32010233027385, 91.2109349119616, 46.32125208455075, 43.46507265323697, 64.19186180831312, 40.192735041102196, 90.2721710378822, 54.18123670229558, 81.4218651514992, 52.70943905849212, 21.76280427587047, 54.07152718538802, 53.957449716794144, 56.16854748494146, 49.44370573649822, 53.57342248065651, 52.568402818446465, 71.80162215601669], [35.0375356287518, 0.0, 39.22367034714371, 26.6372177147023, 41.89298270362401, 46.19570506307939, 47.81327083651497, 34.876430155429375, 22.767605665600808, 30.85635084247591, 34.421218614747126, 50.74572304604108, 36.4512089550528, 22.32715661738858, 41.1601520717723, 24.373344362949542, 17.047888209875925, 46.860981753503125, 35.237917584280076, 65.2017205102922, 69.96782181194196, 42.742357301536934, 22.19478303522634, 38.47497616562519, 26.29774751838398, 41.753084823696284, 57.82148998849901, 50.90981334467657, 41.04930410073381, 23.196440940134217, 33.24697200136832, 54.03746117774477, 53.64851916936595, 44.59834619755308, 57.06814511216383, 21.83615776666705, 51.24992314220046, 51.765438449335534, 19.09684174061681, 69.28982365380419, 46.67711689830904, 59.28004244295813, 19.48475736489222, 45.23255743575509, 40.1791214930536, 20.004883616303104, 42.64135191462471, 25.82585508472723, 43.157428251981834, 56.65194229238007, 45.046754177934766], [38.95078952403885, 39.22367034714371, 0.0, 30.047134841371264, 11.699005253103424, 85.1664133971719, 70.12057480319615, 62.57421271159164, 51.312482173303245, 32.94543603327276, 47.95370798522887, 75.53181195134103, 59.352539326272186, 53.60410910151816, 65.64097115130555, 22.626938818471384, 36.40395771938434, 75.03314432335698, 39.94398927872514, 103.05001896817288, 108.921479741357, 81.60772816693795, 45.882982499694045, 28.533749966750705, 60.85861099299587, 44.39438996249429, 82.40464653706167, 73.1534561033635, 78.81769044863444, 58.22575583748037, 27.052575944195624, 92.12761720368987, 72.68435267776272, 79.9445040032783, 74.93789574781677, 60.83478433874611, 78.50640541222609, 89.09439848956269, 57.00226257864757, 108.50859534546758, 81.88798494988838, 98.50371276489412, 56.69271912774432, 60.34560607472941, 19.694511137447208, 45.0516705014446, 79.93779733735576, 27.67570375157877, 79.35354491693596, 86.52430184807012, 83.9545280697824], [51.60955613238521, 26.6372177147023, 30.047134841371264, 0.0, 24.685926654599818, 64.18159691607057, 73.06100277443961, 60.9988784459513, 24.519608548587737, 45.514651083859626, 17.978684888765553, 45.65257049851788, 29.637542225687326, 27.82042626404359, 66.7547913726772, 33.50245480505103, 37.73145577164589, 73.28727724414131, 11.63563103026834, 78.71962413638298, 86.96072385200617, 60.43461174356181, 46.24458851609252, 12.440481244429527, 35.988341413296226, 17.884692843073058, 52.43046934730249, 76.23160755788788, 55.48080446001186, 34.16947980447639, 43.598552952156744, 77.94853938007851, 42.734098907543796, 53.90670344721072, 45.14288016724228, 45.62815778146523, 77.60582276038531, 76.56435376762681, 44.770826662097534, 89.11998463235932, 72.76269675590098, 79.09873525931629, 35.1357228176636, 68.00190356195705, 18.131558499645354, 18.312066670875428, 67.72608168853876, 2.5167437110515247, 68.91704448585513, 83.27775108178297, 62.79450926446506], [49.28370860244789, 41.89298270362401, 11.699005253103424, 24.685926654599818, 0.0, 86.0050378060566, 78.91708768442214, 69.9877550082288, 48.60114964607716, 43.02553161817791, 41.384858290825306, 69.84658172017676, 54.12191811170816, 51.52003711383167, 73.87627674476911, 31.433231611300748, 43.552565709498005, 82.65275583346191, 32.23734605963466, 102.27569671647521, 109.46557851838668, 82.3174837462692, 53.297071264286814, 19.002639424263304, 59.40946938611833, 35.51831373901415, 76.3793116483987, 82.03308879726167, 78.4211134895881, 57.15432665220551, 37.76174364712857, 95.91659347870947, 65.56082205184354, 78.00345607797503, 67.4221003201212, 63.653429994800625, 86.4183732187117, 93.46001441333465, 60.79487755169833, 110.2872420818354, 87.34003900656761, 100.19897454273523, 56.77403520466821, 70.09862639097764, 9.121592774607327, 42.225697945544965, 84.28618383901055, 22.83866571070817, 84.31845912789215, 93.88247854225938, 84.69700554348974], [72.51761031561577, 46.19570506307939, 85.1664133971719, 64.18159691607057, 86.0050378060566, 0.0, 61.63806562579324, 49.483976970065804, 40.93434396692753, 71.26425058195365, 57.695355928562165, 46.861097310308715, 46.856156098701504, 37.152909838116564, 55.92489861471443, 69.26674049409922, 56.881756305909576, 51.91227140529771, 65.5882246127148, 21.442480014868046, 23.776308304698166, 3.7477926473098395, 53.43772490005682, 76.19989281467089, 29.138029229395134, 69.70676374861003, 50.10504677619368, 63.196862905088366, 11.127077265443502, 30.252096616587316, 76.06515474600246, 24.583437849804273, 57.076305105232, 20.64851506061113, 60.320521684811034, 26.54547864703918, 55.38426762973871, 27.933750630463983, 32.425730678220276, 25.105464319934285, 34.90797039582798, 15.374576017734517, 29.304096384767863, 68.96724360346454, 81.80399852410218, 46.30858553282086, 26.03827408854589, 64.94538039119138, 30.7302140624163, 52.82869236427596, 1.44385055615252], [33.193750959706236, 47.81327083651497, 70.12057480319615, 73.06100277443961, 78.91708768442214, 61.63806562579324, 0.0, 14.18521168936792, 67.61254765770856, 37.92892849344414, 82.04425022498218, 92.47443313812303, 81.41198283662148, 65.43924846658042, 6.93688270955535, 47.66741435688392, 36.20726847927291, 11.665694172814682, 82.83089266053024, 82.3856788234176, 78.67148726455864, 60.592352376858045, 26.903866399202986, 83.38455598345953, 64.32773251360514, 89.41570203363543, 98.74400099895855, 3.1865316111044857, 65.63827505651126, 61.856882017202764, 44.73938067864305, 47.31587423485867, 98.28267296458048, 74.8501328697641, 101.90159005987707, 42.52660656801038, 11.617602729433017, 41.77647127709316, 37.498605893988774, 70.94110588549565, 30.600929394305332, 64.41792332425784, 56.133534385052954, 13.205852533702819, 81.52650627229393, 66.94043953261577, 37.1884891064358, 71.60000865884541, 32.794141503047534, 21.015110485430007, 61.57694516003384], [30.71879187308349, 34.876430155429375, 62.57421271159164, 60.9988784459513, 69.9877550082288, 49.483976970065804, 14.18521168936792, 0.0, 53.65318534909027, 33.33973243945167, 68.61713299652094, 78.28967668453429, 67.37140819221291, 51.366087306467, 7.304622094971468, 40.058905844237096, 26.44971587916927, 12.695177281664396, 70.11414641100522, 70.72668521295837, 68.62457978316608, 47.99136420672684, 16.743421574152364, 72.02870750264054, 50.14434671140605, 76.62292824680522, 84.57489532999284, 16.906705174801562, 52.33965269478867, 47.673982585496, 40.18285598567824, 39.437424939874575, 84.16572088501484, 61.18514751624332, 87.79144363675366, 28.487273415086747, 16.736681054500206, 34.365748923507454, 23.320460691539996, 62.297094924799, 23.750187307059015, 54.557327073874454, 41.950524361799864, 19.59738791614419, 71.35880727742509, 53.32668565906603, 27.475525168945794, 59.78476512451949, 23.96698955471511, 23.968417270046398, 49.23658333763442], [57.66358765895825, 22.767605665600808, 51.312482173303245, 24.519608548587737, 48.60114964607716, 40.93434396692753, 67.61254765770856, 53.65318534909027, 0.0, 53.07054340168303, 17.813152340219162, 28.119348672333178, 13.966526754619213, 3.8403961013366406, 60.69336235823735, 44.42228694600504, 39.79916878925281, 63.95289167157651, 24.690702367158643, 54.22031323234634, 62.901714792056595, 37.22247739302909, 44.19102608181523, 35.76121402607546, 11.867089893887883, 29.290830491385993, 35.263606281904195, 70.50342716148924, 31.38614039135067, 10.89205489996131, 54.37210329617247, 58.38048012145513, 31.169224417650025, 29.44261872564557, 34.69110005676016, 29.109284382002905, 68.46591494493168, 58.282046107939436, 31.50091698995171, 66.03778467929808, 57.44734837300159, 56.22876462780749, 14.492685879361217, 67.10428483372006, 42.65031232520065, 6.382887742558499, 50.43401588616075, 25.915248998288515, 52.93682334364974, 71.68112173961158, 39.50234666127079], [6.404339912368058, 30.85635084247591, 32.94543603327276, 45.514651083859626, 43.02553161817791, 71.26425058195365, 37.92892849344414, 33.33973243945167, 53.07054340168303, 0.0, 60.42864368488818, 81.18701651792611, 66.05333560292951, 53.0878873100688, 34.46258791253081, 12.495499023028096, 14.80261659261643, 44.678436596687376, 57.03183744564739, 92.13024668037265, 94.02660228331953, 68.43493562171494, 19.087244206104803, 52.40276266409834, 56.93352349172815, 63.398972077024546, 88.3336856833648, 40.81571314288756, 69.06540156995494, 53.820957713900164, 6.93185043160885, 69.76956831072833, 82.84919499041919, 74.4068879006773, 86.03852013677565, 44.75619447592348, 47.50307420694886, 65.47369353249836, 38.86301931896793, 90.36699998909974, 56.037531727922875, 81.17952127308487, 49.424619454679295, 27.41481655906408, 47.67599201445438, 48.96315873985488, 57.02868635164223, 43.29945787196759, 54.89813706696505, 56.30404096281009, 70.44118104814325], [66.04913426029248, 34.421218614747126, 47.95370798522887, 17.978684888765553, 41.384858290825306, 57.695355928562165, 82.04425022498218, 68.61713299652094, 17.813152340219162, 60.42864368488818, 0.0, 28.57683703002358, 13.838203589018804, 21.558414559654985, 75.2705170940122, 49.34676665783841, 49.796759723124, 79.82268928662705, 9.936737437643847, 68.12651490943807, 78.3142333249129, 54.07831985835484, 56.52682020828929, 23.977467959785816, 28.777660458483297, 12.088070861270259, 34.996482623301574, 85.0903203524214, 47.35336031311387, 28.503991418306025, 59.70129485909037, 76.17173432126478, 24.756519337825313, 42.73369589858224, 27.20769560902448, 46.45856293578654, 84.32184000262934, 76.08468499295267, 48.00819362210036, 82.62871744661608, 74.89364345125297, 73.06981470602585, 32.25591273772534, 79.45821076452349, 33.271061310293476, 15.48252983377963, 68.14059625157324, 20.44504940147471, 70.47129115478158, 88.34585453281404, 56.2515076702143], [85.74541503087116, 50.74572304604108, 75.53181195134103, 45.65257049851788, 69.84658172017676, 46.861097310308715, 92.47443313812303, 78.28967668453429, 28.119348672333178, 81.18701651792611, 28.57683703002358, 0.0, 16.250430246795144, 28.567510052353033, 85.57400246137841, 72.18470342432512, 67.7896369812863, 86.75193791621463, 38.31092180415086, 48.27912892093836, 60.92059395960834, 44.24885995451391, 71.36012404809168, 52.451156209932236, 28.151578478134727, 37.90682542472478, 7.185141424882738, 95.10322972754304, 35.95281636461338, 30.667884694413665, 82.2980051063719, 70.53026737260946, 11.011457409963924, 26.44759254139877, 13.730068806091321, 50.42079205045044, 91.13369986295187, 72.54769245374057, 54.98550592747394, 68.50495762569389, 75.61484259918218, 60.69444664400277, 36.37736544219132, 93.80273370516497, 61.84775319736691, 32.71665991367493, 67.0600080502872, 47.917187633865026, 70.84979564381716, 92.29840995312897, 45.60820514483696], [70.9731694174758, 36.4512089550528, 59.352539326272186, 29.637542225687326, 54.12191811170816, 46.856156098701504, 81.41198283662148, 67.37140819221291, 13.966526754619213, 66.05333560292951, 13.838203589018804, 16.250430246795144, 0.0, 16.0301565438984, 74.48076380113172, 56.44330458178276, 53.359660749531905, 77.26550429528471, 23.739174857047136, 55.02052622829342, 65.8939138287742, 43.46415596240234, 58.129473285535354, 37.603389377936104, 20.01051712479438, 25.22162067803632, 23.30793175605411, 84.26113544758063, 35.95101963685202, 21.162836352671498, 66.67810708086373, 67.69581318208249, 17.229942888158224, 29.823713601366727, 20.728086084020855, 41.50424885502987, 81.76363330144576, 68.48173834348006, 44.737139060071414, 71.19839426674604, 69.1726909718538, 62.06355410523392, 26.43962001596708, 81.0668455623751, 46.51207398763082, 17.097654471015588, 61.45300510279885, 31.824586560875503, 64.50364471236786, 84.38525432459973, 45.43226245007246], [57.360030443538115, 22.32715661738858, 53.60410910151816, 27.82042626404359, 51.52003711383167, 37.152909838116564, 65.43924846658042, 51.366087306467, 3.8403961013366406, 53.0878873100688, 21.558414559654985, 28.567510052353033, 16.0301565438984, 0.0, 58.503929975170166, 45.172380627448014, 39.31493096697944, 61.273827048498205, 28.515174816974046, 50.93606628905093, 59.30401655417181, 33.43259491825581, 42.90634164843235, 39.33353018121871, 8.214158175898238, 33.12049401440287, 35.567615421620935, 68.26501782179056, 27.776146660293268, 7.051666125618033, 54.87035734775344, 54.61331980849176, 32.884780540260074, 26.53028710401555, 36.48530781655818, 25.881454103658736, 65.77761620881358, 54.607259224500446, 28.743005942083844, 62.258365691039444, 54.06681514683689, 52.42552041395097, 10.977764370575883, 65.6001617695673, 45.90950610896922, 9.509040366465982, 46.8786452860758, 29.048115256749142, 49.50766844428641, 68.65933333789654, 35.72441918970622], [30.596128532388107, 41.1601520717723, 65.64097115130555, 66.7547913726772, 73.87627674476911, 55.92489861471443, 6.93688270955535, 7.304622094971468, 60.69336235823735, 34.46258791253081, 75.2705170940122, 85.57400246137841, 74.48076380113172, 58.503929975170166, 0.0, 43.024013976442994, 30.58353905878786, 10.531845004258644, 76.29712100437699, 76.96167616183645, 74.0546868082643, 54.64883729174839, 20.970627768835826, 77.36286165777453, 57.43401625305707, 82.85949670531133, 91.87535919710398, 9.839797191748524, 59.331506514998665, 54.94220786070496, 41.39041039524836, 43.60132513770476, 91.34579111088314, 68.34000780912794, 94.96477391901477, 35.76891220962431, 13.048360058086548, 38.222295378517266, 30.619033874845982, 66.99491042154914, 27.09737339133894, 59.85127014045586, 49.21952059054685, 14.488991217473739, 75.97741898753344, 60.104885524189264, 32.501055570007956, 65.38361752470684, 28.439195638520527, 21.97407113543125, 55.7689324250464], [18.880846218757767, 24.373344362949542, 22.626938818471384, 33.50245480505103, 31.433231611300748, 69.26674049409922, 47.66741435688392, 40.058905844237096, 44.42228694600504, 12.495499023028096, 49.34676665783841, 72.18470342432512, 56.44330458178276, 45.172380627448014, 43.024013976442994, 0.0, 14.518911046247519, 52.437359418856644, 45.11582236292548, 89.13152799119284, 92.81048387944216, 66.04458930252159, 23.496458849630994, 39.91272444640394, 50.37712783908296, 51.34932454926322, 79.36975469002238, 50.745391726164684, 65.18085839200525, 47.32068598062493, 10.366206799055995, 72.12068461239689, 72.70912985379472, 68.94988870688708, 75.72461874042085, 43.10374848025665, 55.88009419370511, 68.52356032829088, 38.0901003548113, 90.67486490102853, 60.406510693848276, 80.97831594298887, 43.85810056718326, 38.73186830542868, 35.3715926129774, 39.481605005050454, 59.5384712449572, 31.19257463904672, 58.33954394327634, 63.96547219723271, 68.24793525720776], [18.110218779462297, 17.047888209875925, 36.40395771938434, 37.73145577164589, 43.552565709498005, 56.881756305909576, 36.20726847927291, 26.44971587916927, 39.79916878925281, 14.80261659261643, 49.796759723124, 67.7896369812863, 53.359660749531905, 39.31493096697944, 30.58353905878786, 14.518911046247519, 0.0, 39.101070699093334, 48.41364869989907, 77.53045104154043, 79.98846796004575, 53.928823738287214, 9.748603568366306, 47.32716307147105, 42.48232962974154, 55.02487642078561, 74.85420305681096, 39.389323143081285, 54.29362175358648, 39.38000645678091, 19.20221928242985, 57.79070252156457, 70.48946818465615, 59.64736433637694, 73.84863093630958, 30.340438296852394, 42.893445054148124, 54.06876684060177, 24.718688879003412, 77.06084277961601, 45.90031378154067, 67.57491476095204, 34.7683001336577, 30.29135160384397, 45.40270500826899, 36.55784795562661, 45.14243748538668, 35.997516616828236, 43.83306251568402, 50.391794657130866, 55.996673614853925], [41.068797561529735, 46.860981753503125, 75.03314432335698, 73.28727724414131, 82.65275583346191, 51.91227140529771, 11.665694172814682, 12.695177281664396, 63.95289167157651, 44.678436596687376, 79.82268928662705, 86.75193791621463, 77.26550429528471, 61.273827048498205, 10.531845004258644, 52.437359418856644, 39.101070699093334, 0.0, 82.00066604607957, 72.08631626984311, 67.58189892298513, 51.30622427060014, 29.36355117242124, 84.52547276473109, 58.80011777675427, 88.42765508611816, 92.60419714036146, 11.964140606325927, 57.15918667636273, 56.689804647957224, 51.60795128253771, 35.84338189613437, 93.57470248588497, 66.92081963994453, 97.22342547017885, 36.35742880221067, 4.514678920674968, 30.270848576413613, 32.531745628513036, 59.49068666975066, 19.175998704209427, 53.343463515339714, 51.058856702123684, 23.978368728358312, 84.03899718860845, 64.37268008714126, 26.495210197053982, 72.17351575804334, 21.892329384817828, 11.63760558682772, 52.01866667975885], [63.05458603416808, 35.237917584280076, 39.94398927872514, 11.63563103026834, 32.23734605963466, 65.5882246127148, 82.83089266053024, 70.11414641100522, 24.690702367158643, 57.03183744564739, 9.936737437643847, 38.31092180415086, 23.739174857047136, 28.515174816974046, 76.29712100437699, 45.11582236292548, 48.41364869989907, 82.00066604607957, 0.0, 77.36321762503881, 87.04535119357276, 61.889995870190404, 56.3458364408565, 14.140856284459282, 36.453637390085085, 6.623622924104455, 44.49632962815497, 85.96592783063, 55.71578068772388, 35.545364898735954, 55.23369799442368, 82.35827070137046, 33.323966639247004, 51.978300775325614, 35.242572135029135, 51.14029346841285, 86.42554090024946, 81.70697237345207, 51.5596448753062, 90.67756776770729, 79.30074901601535, 80.9080565549612, 38.24106158796818, 78.67355639722098, 23.733752327177665, 20.130644890730636, 73.29799012566902, 14.046093258365406, 75.11860468154721, 91.35991556541998, 64.15173948073165], [93.69986510484911, 65.2017205102922, 103.05001896817288, 78.71962413638298, 102.27569671647521, 21.442480014868046, 82.3856788234176, 70.72668521295837, 54.22031323234634, 92.13024668037265, 68.12651490943807, 48.27912892093836, 55.02052622829342, 50.93606628905093, 76.96167616183645, 89.13152799119284, 77.53045104154043, 72.08631626984311, 77.36321762503881, 0.0, 13.607509187411251, 23.783442661218157, 74.698328517976, 89.79627824691569, 42.88836920828238, 80.05576932425711, 48.43586607353218, 83.71478840175409, 24.26887116493952, 45.14511463401305, 96.58565680737972, 39.61347356687344, 59.28672135149997, 25.401570701294883, 61.73266339766094, 47.43044165185889, 75.17607634192537, 44.54983766350408, 53.50882154508999, 24.110654784578642, 53.832917272967734, 21.59204569602069, 46.4019935131101, 90.27718975176238, 96.83520089672705, 60.423333798406944, 45.614963429356926, 79.98254958539997, 50.28543125493518, 71.26474157380966, 21.97956098002681], [94.68488938450983, 69.96782181194196, 108.921479741357, 86.96072385200617, 109.46557851838668, 23.776308304698166, 78.67148726455864, 68.62457978316608, 62.901714792056595, 94.02660228331953, 78.3142333249129, 60.92059395960834, 65.8939138287742, 59.30401655417181, 74.0546868082643, 92.81048387944216, 79.98846796004575, 67.58189892298513, 87.04535119357276, 13.607509187411251, 0.0, 27.315939559184294, 75.56856377958071, 98.63609743071508, 51.09040731280675, 90.38789894309608, 61.62965700488815, 79.51969729558127, 31.52802525431629, 52.79406091123591, 99.18281870443283, 32.39227485384635, 71.9132392730671, 36.157029855143506, 74.54893086363148, 49.773728031590814, 70.03608999057438, 37.891856555849614, 55.28263523531069, 11.59258278656546, 48.499060734667935, 14.254118819455572, 52.697683190467075, 88.12104933106302, 104.85618027232297, 68.7522974207102, 41.576210166979315, 87.92750017566445, 45.87751477993016, 64.68795547442124, 24.967194105524147], [69.91728333849008, 42.742357301536934, 81.60772816693795, 60.43461174356181, 82.3174837462692, 3.7477926473098395, 60.592352376858045, 47.99136420672684, 37.22247739302909, 68.43493562171494, 54.07831985835484, 44.24885995451391, 43.46415596240234, 33.43259491825581, 54.64883729174839, 66.04458930252159, 53.928823738287214, 51.30622427060014, 61.889995870190404, 23.783442661218157, 27.315939559184294, 0.0, 50.92156559583447, 72.45341302698682, 25.451851880648757, 66.06761006201532, 47.87441044917016, 62.31092853765493, 8.298969704470728, 26.515271862027706, 73.06998359331611, 26.470690232317462, 54.240779842413396, 18.499431250917812, 57.55459895119599, 23.68553031780825, 54.970481572480296, 29.233491332592383, 29.728754166208457, 28.83134363627653, 35.14749878035798, 19.027040191165245, 25.586284413638825, 67.31604531802685, 78.06846613820623, 42.56651515053046, 26.147175689814343, 61.204112385478766, 30.735666853959643, 53.05048716503741, 2.380437904535203], [19.13451021070229, 22.19478303522634, 45.882982499694045, 46.24458851609252, 53.297071264286814, 53.43772490005682, 26.903866399202986, 16.743421574152364, 44.19102608181523, 19.087244206104803, 56.52682020828929, 71.36012404809168, 58.129473285535354, 42.90634164843235, 20.970627768835826, 23.496458849630994, 9.748603568366306, 29.36355117242124, 56.3458364408565, 74.698328517976, 75.56856377958071, 50.92156559583447, 0.0, 56.49294153072495, 44.32628590476524, 62.96389866159116, 78.20612667727971, 30.088335776834878, 52.75845348336585, 41.36306125823695, 25.322150831739464, 50.69898132337901, 75.35391692036377, 59.57301588325068, 78.85228725813465, 27.49899990587789, 33.146999918923264, 46.49203799208631, 21.28661370945818, 71.42802875271089, 37.457811835416166, 62.40831651348768, 36.04550554945319, 23.053070379510398, 55.03668626685247, 42.14644681754462, 37.953942803052016, 44.72373946390393, 35.97085346358982, 40.709536648157176, 52.75519370530723], [58.76568552924832, 38.47497616562519, 28.533749966750705, 12.440481244429527, 19.002639424263304, 76.19989281467089, 83.38455598345953, 72.02870750264054, 35.76121402607546, 52.40276266409834, 23.977467959785816, 52.451156209932236, 37.603389377936104, 39.33353018121871, 77.36286165777453, 39.91272444640394, 47.32716307147105, 84.52547276473109, 14.140856284459282, 89.79627824691569, 98.63609743071508, 72.45341302698682, 56.49294153072495, 0.0, 47.54607348502612, 16.53570928248613, 58.60487920704914, 86.57081981759453, 67.10819118494648, 46.000425365493236, 49.031875980360724, 90.38894614103653, 47.117872982531615, 64.61048861844249, 48.749119843948186, 58.046426611232434, 88.7457493137434, 88.97562966454932, 57.00870615588403, 101.22862489604908, 84.95795807151573, 91.24832688011328, 47.386307177956986, 77.09821093246381, 9.993306703365732, 29.93485927555491, 80.10465454008161, 12.681427398257414, 81.19572829470029, 94.85164542682807, 74.79554247383072], [60.54860011350134, 26.29774751838398, 60.85861099299587, 35.988341413296226, 59.40946938611833, 29.138029229395134, 64.32773251360514, 50.14434671140605, 11.867089893887883, 56.93352349172815, 28.777660458483297, 28.151578478134727, 20.01051712479438, 8.214158175898238, 57.43401625305707, 50.37712783908296, 42.48232962974154, 58.80011777675427, 36.453637390085085, 42.88836920828238, 51.09040731280675, 25.451851880648757, 44.32628590476524, 47.54607348502612, 0.0, 40.67523344407851, 34.498870141677685, 66.95192175983911, 19.562389434847287, 3.112895941339748, 59.53930229734028, 47.96261900211715, 34.96466243772307, 19.13214944976317, 38.60774676419358, 22.4579294062596, 63.22900893653206, 48.519878029485945, 26.834296856135815, 54.22412169638209, 49.31367817381716, 44.478512223897766, 8.382432083928713, 66.14224023477729, 54.03952200765685, 17.696011470571747, 41.45812367063194, 37.136825088802716, 44.609323646349004, 65.05097099059782, 27.70011987951056], [69.47882736854437, 41.753084823696284, 44.39438996249429, 17.884692843073058, 35.51831373901415, 69.70676374861003, 89.41570203363543, 76.62292824680522, 29.290830491385993, 63.398972077024546, 12.088070861270259, 37.90682542472478, 25.22162067803632, 33.12049401440287, 82.85949670531133, 51.34932454926322, 55.02487642078561, 88.42765508611816, 6.623622924104455, 80.05576932425711, 90.38789894309608, 66.06761006201532, 62.96389866159116, 16.53570928248613, 40.67523344407851, 0.0, 43.42614517749049, 92.54582042382206, 59.4315333995854, 40.158766088907726, 61.35532842982276, 87.55424521610696, 31.193304621505202, 54.69568446600086, 32.50232067555299, 56.886938659580565, 92.86792392355977, 87.16178713782942, 57.64509110869648, 94.6818637649926, 85.2025114530168, 85.07951130730645, 43.409601526312045, 85.29156392883253, 26.524922967938462, 25.572474833955777, 78.92842959417315, 20.157079898862378, 80.93538038676341, 97.64208397349175, 68.26330980076496], [92.8437880614728, 57.82148998849901, 82.40464653706167, 52.43046934730249, 76.3793116483987, 50.10504677619368, 98.74400099895855, 84.57489532999284, 35.263606281904195, 88.3336856833648, 34.996482623301574, 7.185141424882738, 23.30793175605411, 35.567615421620935, 91.87535919710398, 79.36975469002238, 74.85420305681096, 92.60419714036146, 44.49632962815497, 48.43586607353218, 61.62965700488815, 47.87441044917016, 78.20612667727971, 58.60487920704914, 34.498870141677685, 43.42614517749049, 0.0, 101.30464605792467, 39.637114962353614, 37.18344248866529, 89.48119954656086, 74.34282362896185, 13.287332696278213, 29.463040419377656, 14.344599071079335, 56.417027356875835, 96.93153451535548, 76.77576230062084, 61.256551890742976, 70.12157728583009, 80.61043546616422, 63.027545784291185, 42.838768443346964, 100.49099959874711, 68.18608243554691, 39.8997256845245, 71.87493081917734, 54.74340260358908, 75.86055169669939, 97.64617364789567, 48.9588278898796], [35.90765035485748, 50.90981334467657, 73.1534561033635, 76.23160755788788, 82.03308879726167, 63.196862905088366, 3.1865316111044857, 16.906705174801562, 70.50342716148924, 40.81571314288756, 85.0903203524214, 95.10322972754304, 84.26113544758063, 68.26501782179056, 9.839797191748524, 50.745391726164684, 39.389323143081285, 11.964140606325927, 85.96592783063, 83.71478840175409, 79.51969729558127, 62.31092853765493, 30.088335776834878, 86.57081981759453, 66.95192175983911, 92.54582042382206, 101.30464605792467, 0.0, 67.61966048392924, 64.53399013294032, 47.58017481917621, 47.79156568246639, 101.0724189446346, 76.99531280071523, 104.6980448858142, 44.97089742903158, 10.682884139567088, 42.21135901586584, 40.12115600655288, 71.43748222227154, 31.13965348566524, 65.27384290932048, 58.811946921339164, 15.188804032506722, 84.69583945367053, 69.94273594199882, 38.255676989904, 74.77822590368874, 33.73137854244664, 19.72288729632992, 63.19961775439225], [71.2729626225137, 41.04930410073381, 78.81769044863444, 55.48080446001186, 78.4211134895881, 11.127077265443502, 65.63827505651126, 52.33965269478867, 31.38614039135067, 69.06540156995494, 47.35336031311387, 35.95281636461338, 35.95101963685202, 27.776146660293268, 59.331506514998665, 65.18085839200525, 54.29362175358648, 57.15918667636273, 55.71578068772388, 24.26887116493952, 31.52802525431629, 8.298969704470728, 52.75845348336585, 67.10819118494648, 19.562389434847287, 59.4315333995854, 39.637114962353614, 67.61966048392924, 0.0, 21.365952677163943, 73.06666114866943, 34.71850549697828, 46.01038938237297, 10.46079506065424, 49.295794827989795, 25.370316296289168, 61.074678429572955, 37.238120032784856, 31.599239108805094, 35.347390727115986, 42.257300490160596, 26.118636273522384, 22.139188173058994, 71.11968091270725, 73.45364640873893, 37.23473301974548, 33.26621117414557, 56.52210776481593, 37.658521324591646, 59.98686304205368, 9.777080294990348], [57.453510874386716, 23.196440940134217, 58.22575583748037, 34.16947980447639, 57.15432665220551, 30.252096616587316, 61.856882017202764, 47.673982585496, 10.89205489996131, 53.820957713900164, 28.503991418306025, 30.667884694413665, 21.162836352671498, 7.051666125618033, 54.94220786070496, 47.32068598062493, 39.38000645678091, 56.689804647957224, 35.545364898735954, 45.14511463401305, 52.79406091123591, 26.515271862027706, 41.36306125823695, 46.000425365493236, 3.112895941339748, 40.158766088907726, 37.18344248866529, 64.53399013294032, 21.365952677163943, 0.0, 56.44159820245724, 47.72262105991424, 36.89131906083798, 21.953774118651452, 40.5407200413712, 20.499394748139427, 61.149077064811294, 47.92151599006114, 24.437170652168373, 55.344074318987644, 48.03046268741422, 45.46120187925975, 5.7234642917860254, 63.3371219346911, 52.09290703256897, 16.07165066731273, 40.478390067412384, 35.16011553403324, 43.38181745917118, 63.33044097844484, 28.834503024588862], [12.05769037100853, 33.24697200136832, 27.052575944195624, 43.598552952156744, 37.76174364712857, 76.06515474600246, 44.73938067864305, 40.18285598567824, 54.37210329617247, 6.93185043160885, 59.70129485909037, 82.2980051063719, 66.67810708086373, 54.87035734775344, 41.39041039524836, 10.366206799055995, 19.20221928242985, 51.60795128253771, 55.23369799442368, 96.58565680737972, 99.18281870443283, 73.06998359331611, 25.322150831739464, 49.031875980360724, 59.53930229734028, 61.35532842982276, 89.48119954656086, 47.58017481917621, 73.06666114866943, 56.44159820245724, 0.0, 75.95444146792862, 83.04286288206146, 77.66942483098194, 86.07605665350206, 49.53329946179793, 54.427791963030714, 71.81281554290311, 43.90229596958323, 96.02833972599234, 62.61957017222763, 86.6562258360493, 52.512527430224516, 33.786002397008446, 43.28860275525955, 49.65140904305171, 63.20967469070087, 41.227037273401145, 61.28930013720012, 63.23496065243676, 75.16243018183637], [68.80532054691905, 54.03746117774477, 92.12761720368987, 77.94853938007851, 95.91659347870947, 24.583437849804273, 47.31587423485867, 39.437424939874575, 58.38048012145513, 69.76956831072833, 76.17173432126478, 70.53026737260946, 67.69581318208249, 54.61331980849176, 43.60132513770476, 72.12068461239689, 57.79070252156457, 35.84338189613437, 82.35827070137046, 39.61347356687344, 32.39227485384635, 26.470690232317462, 50.69898132337901, 90.38894614103653, 47.96261900211715, 87.55424521610696, 74.34282362896185, 47.79156568246639, 34.71850549697828, 47.72262105991424, 75.95444146792862, 0.0, 80.17535068903625, 44.950417196443986, 83.59364298408406, 32.54275871316485, 37.8906682156183, 5.593230345348966, 35.22116348139797, 23.647322807700203, 16.715143293726967, 18.578738902219648, 44.1598129997276, 58.06368368270155, 93.82446484797232, 62.227651273178424, 12.746668769412226, 77.99107161470722, 15.474138974056972, 32.31580565892373, 25.559684533971158], [87.94664932970328, 53.64851916936595, 72.68435267776272, 42.734098907543796, 65.56082205184354, 57.076305105232, 98.28267296458048, 84.16572088501484, 31.169224417650025, 82.84919499041919, 24.756519337825313, 11.011457409963924, 17.229942888158224, 32.884780540260074, 91.34579111088314, 72.70912985379472, 70.48946818465615, 93.57470248588497, 33.323966639247004, 59.28672135149997, 71.9132392730671, 54.240779842413396, 75.35391692036377, 47.117872982531615, 34.96466243772307, 31.193304621505202, 13.287332696278213, 101.0724189446346, 46.01038938237297, 36.89131906083798, 83.04286288206146, 80.17535068903625, 0.0, 37.02157439987915, 3.64946005353596, 57.35044660554742, 98.0387406314058, 81.80061422806756, 61.188008639621486, 79.32833198524322, 83.95071006395062, 71.29269142667687, 42.52102437079611, 98.26915355195588, 56.971349868097434, 33.99685545722947, 75.69710909652238, 45.192293118477885, 79.20069497332878, 100.00722946902863, 55.76895264330897], [77.32010233027385, 44.59834619755308, 79.9445040032783, 53.90670344721072, 78.00345607797503, 20.64851506061113, 74.8501328697641, 61.18514751624332, 29.44261872564557, 74.4068879006773, 42.73369589858224, 26.44759254139877, 29.823713601366727, 26.53028710401555, 68.34000780912794, 68.94988870688708, 59.64736433637694, 66.92081963994453, 51.978300775325614, 25.401570701294883, 36.157029855143506, 18.499431250917812, 59.57301588325068, 64.61048861844249, 19.13214944976317, 54.69568446600086, 29.463040419377656, 76.99531280071523, 10.46079506065424, 21.953774118651452, 77.66942483098194, 44.950417196443986, 37.02157439987915, 0.0, 40.09197490667376, 33.115147998711606, 70.95671139435869, 47.658174689560454, 39.121766613173534, 42.45750626066082, 52.61992966844021, 34.28000439283249, 25.162247082834426, 79.36912233714429, 72.02901986367561, 35.793028537397625, 43.653543694267285, 55.35742562716459, 47.98030370275035, 70.2587190404708, 19.49645089150675], [91.2109349119616, 57.06814511216383, 74.93789574781677, 45.14288016724228, 67.4221003201212, 60.320521684811034, 101.90159005987707, 87.79144363675366, 34.69110005676016, 86.03852013677565, 27.20769560902448, 13.730068806091321, 20.728086084020855, 36.48530781655818, 94.96477391901477, 75.72461874042085, 73.84863093630958, 97.22342547017885, 35.242572135029135, 61.73266339766094, 74.54893086363148, 57.55459895119599, 78.85228725813465, 48.749119843948186, 38.60774676419358, 32.50232067555299, 14.344599071079335, 104.6980448858142, 49.295794827989795, 40.5407200413712, 86.07605665350206, 83.59364298408406, 3.64946005353596, 40.09197490667376, 0.0, 60.99907963864139, 101.68788260532288, 85.29428163334545, 64.83105361880486, 82.23502062782823, 87.55154581667841, 74.36842764782205, 46.16876210541708, 101.79448761520084, 58.68648101350886, 37.30782537055754, 79.26830279769257, 47.629196196377386, 82.7988894776545, 103.64548151417397, 59.03116439787112], [46.32125208455075, 21.83615776666705, 60.83478433874611, 45.62815778146523, 63.653429994800625, 26.54547864703918, 42.52660656801038, 28.487273415086747, 29.109284382002905, 44.75619447592348, 46.45856293578654, 50.42079205045044, 41.50424885502987, 25.881454103658736, 35.76891220962431, 43.10374848025665, 30.340438296852394, 36.35742880221067, 51.14029346841285, 47.43044165185889, 49.773728031590814, 23.68553031780825, 27.49899990587789, 58.046426611232434, 22.4579294062596, 56.886938659580565, 56.417027356875835, 44.97089742903158, 25.370316296289168, 20.499394748139427, 49.53329946179793, 32.54275871316485, 57.35044660554742, 33.115147998711606, 60.99907963864139, 0.0, 40.77479208923509, 30.93855922679923, 6.235982155852464, 47.856287988412284, 28.43545377420068, 37.99373839539121, 15.066965791338607, 46.25424122693397, 61.28597805470297, 31.347231803394997, 22.216003518128062, 45.53919804205008, 24.0620370464634, 42.88113594438531, 25.68911965392178], [43.46507265323697, 51.24992314220046, 78.50640541222609, 77.60582276038531, 86.4183732187117, 55.38426762973871, 11.617602729433017, 16.736681054500206, 68.46591494493168, 47.50307420694886, 84.32184000262934, 91.13369986295187, 81.76363330144576, 65.77761620881358, 13.048360058086548, 55.88009419370511, 42.893445054148124, 4.514678920674968, 86.42554090024946, 75.17607634192537, 70.03608999057438, 54.970481572480296, 33.146999918923264, 88.7457493137434, 63.22900893653206, 92.86792392355977, 96.93153451535548, 10.682884139567088, 61.074678429572955, 61.149077064811294, 54.427791963030714, 37.8906682156183, 98.0387406314058, 70.95671139435869, 101.68788260532288, 40.77479208923509, 0.0, 32.30042487848305, 37.03463130560767, 61.453650154850926, 21.575538512984206, 55.86562606565737, 55.53065905984163, 24.755414471092113, 88.04606007812468, 68.87664432603006, 29.597676049949122, 76.45061339006382, 24.900717390468355, 9.43818653085445, 55.56662613376157], [64.19186180831312, 51.765438449335534, 89.09439848956269, 76.56435376762681, 93.46001441333465, 27.933750630463983, 41.77647127709316, 34.365748923507454, 58.282046107939436, 65.47369353249836, 76.08468499295267, 72.54769245374057, 68.48173834348006, 54.607259224500446, 38.222295378517266, 68.52356032829088, 54.06876684060177, 30.270848576413613, 81.70697237345207, 44.54983766350408, 37.891856555849614, 29.233491332592383, 46.49203799208631, 88.97562966454932, 48.519878029485945, 87.16178713782942, 76.77576230062084, 42.21135901586584, 37.238120032784856, 47.92151599006114, 71.81281554290311, 5.593230345348966, 81.80061422806756, 47.658174689560454, 85.29428163334545, 30.93855922679923, 32.30042487848305, 0.0, 32.69469808643565, 29.226981779211588, 11.197385057739229, 23.921940085182552, 43.84005603544732, 52.7057600871663, 91.85723971591084, 61.6400689889036, 9.184327003663117, 76.43107292423281, 10.619587533381022, 26.929129789284296, 28.714783836808138], [40.192735041102196, 19.09684174061681, 57.00226257864757, 44.770826662097534, 60.79487755169833, 32.425730678220276, 37.498605893988774, 23.320460691539996, 31.50091698995171, 38.86301931896793, 48.00819362210036, 54.98550592747394, 44.737139060071414, 28.743005942083844, 30.619033874845982, 38.0901003548113, 24.718688879003412, 32.531745628513036, 51.5596448753062, 53.50882154508999, 55.28263523531069, 29.728754166208457, 21.28661370945818, 57.00870615588403, 26.834296856135815, 57.64509110869648, 61.256551890742976, 40.12115600655288, 31.599239108805094, 24.437170652168373, 43.90229596958323, 35.22116348139797, 61.188008639621486, 39.121766613173534, 64.83105361880486, 6.235982155852464, 37.03463130560767, 32.69469808643565, 0.0, 52.58690943081367, 27.998817587666966, 42.947581813981, 18.725611596778506, 40.34222080756736, 59.26207390043145, 32.55605625210774, 23.550879146474394, 44.34023054161315, 24.199213581243214, 40.350131798973436, 31.649840423913837], [90.2721710378822, 69.28982365380419, 108.50859534546758, 89.11998463235932, 110.2872420818354, 25.105464319934285, 70.