instance_id,num_cities,city_coordinates,distance_matrix,best_route,total_distance
1146,77,"[[64.63727858193738, 25.249909463146402], [56.05077846736314, 82.92820237280665], [22.28761461280726, 0.3795570393655523], [74.42318463578115, 21.23774571025815], [13.355907476543361, 67.00913634312279], [78.14051695829413, 10.193700577448507], [52.003023861337816, 57.16577247405345], [56.42797668998214, 36.02479015331117], [6.407466025933262, 39.44053762051849], [23.19957909635747, 13.132220695204156], [36.636434343775534, 92.31046915248187], [4.820611931656737, 51.993711170781076], [46.49951855460442, 84.6175789268755], [76.16265286392492, 28.05202937776732], [57.52228461881924, 57.22598638211566], [13.27410890476316, 29.91248891102022], [53.556717013315925, 58.36757644184518], [45.397530828785484, 81.44148260806037], [30.41422178994977, 7.2791360119234145], [48.18725489766032, 92.18064937732146], [88.35128111586214, 86.1821046874969], [49.91177889674814, 36.921159902645165], [36.190776147601156, 19.515109442101732], [5.297937984280788, 44.887187463724075], [59.93556058241288, 40.474688499487534], [26.543863915517164, 49.666423593277706], [79.31683681867796, 5.903023706217425], [45.135548892239605, 75.83895593224695], [92.72708912753419, 40.569579043048286], [92.77247339171798, 62.46274646183257], [60.4384540779982, 77.35309971418422], [4.173356800388439, 48.3115310546941], [90.78436126941118, 41.19239817212106], [88.46679214655447, 49.16598328845353], [12.865055926270596, 33.86241241894007], [25.441554307484047, 84.83770976969399], [0.1277272548546482, 69.70191655674125], [18.155280058618562, 20.10617207369194], [11.897079598493187, 3.310687670986312], [54.071503330792936, 92.17340838871276], [15.971331788315569, 57.34343906232427], [80.99005030609814, 72.84830644329685], [52.63272543494214, 11.68841365273784], [98.14936994174818, 58.7690990406175], [95.40809360783935, 14.665855178387577], [46.52937044099558, 51.56363590819587], [66.18429569509307, 50.80721231936197], [37.556977946446246, 18.083155399572703], [32.15083011443712, 79.97245678354025], [79.20219841126747, 90.85743588602375], [47.34101796502663, 82.58171199425638], [99.12948491766677, 44.46654044445081], [27.579023117198798, 44.883694491367244], [82.26025636971598, 56.615631274597], [5.808186207187149, 28.73619469192683], [48.48269228357226, 36.274996694346996], [66.43438630954243, 48.574369328430436], [64.20908449521338, 0.4842128206709706], [66.88478733538633, 73.89919807850043], [76.94994451835161, 34.64049671687322], [35.51544156049633, 17.640692174324933], [36.841835253981124, 52.349759661479254], [75.23234953239428, 65.41229458836068], [69.30446912461836, 62.92905163031792], [34.40453140273282, 71.87803395327104], [56.821062097410724, 18.07404923197746], [2.674596551831565, 56.142328458241906], [18.557065140545582, 38.53438464123982], [31.510822511218926, 62.826600186639624], [65.27695548395371, 3.4559090027305284], [95.84762182089842, 59.41161583446073], [84.06969909880952, 24.40172243906251], [75.95174310562888, 44.02368053072633], [4.26044129409412, 16.30103094236164], [36.721742275859405, 26.00538422379892], [76.28922640070961, 58.497156651800296], [20.1834661455776, 3.337053301668491]]","[[0.0, 58.31392164132119, 49.11240645683431, 10.576455704755094, 66.13329004414102, 20.224412788965765, 34.325598378993725, 13.545873594587599, 59.93400535429095, 43.17315508199445, 72.67163094287017, 65.52300770666804, 62.07655367659926, 11.861118343386297, 32.7580926523973, 51.57436229750131, 34.922180785111436, 59.394114069536634, 38.65444754000231, 68.92261765684921, 65.3841443397201, 18.78984906272556, 29.018811692212186, 62.504240094866105, 15.934241395575288, 45.24681649812217, 24.28562164157054, 54.21779305304536, 31.995776792021985, 46.65173549263834, 52.27210117788191, 64.71262803840536, 30.62405719857146, 33.761284097969536, 52.48369504780977, 71.32328334262215, 78.34196287476162, 46.76573768319585, 57.12143241952954, 67.75241925642196, 58.29553172802299, 50.32912216741423, 18.11141808017148, 47.39827356812432, 32.54020993265096, 31.94226880898854, 25.604081534644454, 28.01258728351117, 63.639032984987246, 67.20479456826993, 59.88402301778235, 39.48406266049834, 41.93804731534619, 35.97746309652538, 58.93230263898831, 19.558200503290387, 23.393589382389855, 24.769398062186013, 48.70117635516462, 15.484988583515069, 30.099527890846964, 38.819950419464845, 41.536402196040626, 37.96709657078895, 55.571584424670334, 10.6106649268676, 69.23666308923717, 47.9568905535128, 50.09361014674727, 21.80338603537488, 46.27210506659125, 19.45092255838724, 21.919662122299574, 61.03642279542981, 27.92575709573405, 35.22992099898672, 49.56122178962779], [58.31392164132119, 0.0, 89.18649045598686, 64.3681423660113, 45.56609125413522, 76.01489523781952, 26.07847985674725, 46.904928912973155, 65.99723824346616, 77.14065308547619, 21.562552902522413, 59.845406751098366, 9.69951334152952, 58.445546060624345, 25.744304946646064, 68.12128399208365, 24.686933561242093, 10.756487387049157, 79.87499157776196, 12.142601801204997, 32.463985454950496, 46.414817381729016, 66.45028252143982, 63.42688414555965, 42.63088519223486, 44.463512388792026, 80.46233665403199, 13.015362145274326, 56.03039116438262, 42.03947863332051, 7.094608299148067, 62.3665039260606, 54.29824238909297, 46.80475809519132, 65.36404497270027, 30.66872710381853, 57.465835880156654, 73.36672468190228, 91.04118722368149, 9.45470064797355, 47.54936550314865, 26.89928589751165, 71.32173990735565, 48.538167228919534, 78.79559822450854, 32.77793831706875, 33.68154054401597, 67.4307109162315, 24.082025730012806, 24.47163642926514, 8.716649791662448, 57.75010292391321, 47.518685089767764, 37.138768554063006, 73.89920008705666, 47.263067278393464, 35.88878873215203, 82.84666179464755, 14.103143858693544, 52.61632502504194, 68.44091648856977, 36.111281589343605, 25.975752039855458, 23.992214288368675, 24.30362594517778, 64.8587273733061, 59.72017948103371, 58.10842961066109, 31.72197737815871, 80.00604824537274, 46.22573507605194, 64.88766267008118, 43.69908709909634, 84.3885003856734, 60.11504691936508, 31.72492347938256, 87.29957103933927], [49.11240645683431, 89.18649045598686, 0.0, 56.153198450764734, 67.22556232984341, 56.70858941818768, 64.09118356063057, 49.35733954041816, 42.165617783952875, 12.785230132391197, 93.0439747088512, 54.48960533317192, 87.64850611395164, 60.56637245104747, 66.88047921069975, 30.877780847799595, 65.88146294031311, 84.29177898475125, 10.660484708030248, 95.3846524411904, 108.28889700581821, 45.80811273348641, 23.65306040284079, 47.64009107813694, 54.99988547746993, 49.47030293853034, 57.296080751011225, 78.84255819106994, 81.09844288620693, 93.92783254152577, 85.90932908486076, 51.2406134731124, 79.73388428934413, 82.21799635846723, 34.78341870159875, 84.51702135201609, 72.77808830117371, 20.15478924673374, 10.796052272164687, 97.1407572936476, 57.31299402268676, 93.2614368133729, 32.383884706894904, 95.7305830793068, 74.50303861575011, 56.63455354537674, 66.85706415239949, 23.37885479475434, 80.2017001672523, 106.89020726681424, 85.93525061787439, 88.59082987369015, 44.817599827601285, 82.21443793332759, 32.79741543985768, 44.43719930645749, 65.35807052554304, 41.92160051732333, 85.98863548964361, 64.51187718775813, 21.746774287358996, 53.96968870630556, 83.85941753209246, 78.24975323774761, 72.51794173514756, 38.80275826698753, 59.11139614130268, 38.33676914782645, 63.1244862297891, 43.09927342703265, 94.31785952852195, 66.2879355080992, 69.17115151725623, 24.05145128899103, 29.41134237466443, 79.33365906349327, 3.6296315121070872], [10.576455704755094, 64.3681423660113, 56.153198450764734, 0.0, 76.3166596498396, 11.65287485951583, 42.3495775219999, 23.291290053867204, 70.40937161587404, 51.86094195276579, 80.49329484575223, 76.09499023222097, 69.25846075375405, 7.032795434107538, 39.75919878517275, 61.76131987220595, 42.59147568699275, 66.83545851853906, 46.1695960072883, 75.63874397382493, 66.42109329514906, 29.099458620968658, 38.27119719213688, 73.05885175583681, 24.082176367343116, 55.683202842602235, 16.096631033492113, 61.9601304481534, 26.62240972658171, 45.12424054558771, 57.83170102772121, 75.28630794360228, 25.804578192843465, 31.260348144906725, 62.83936202510309, 80.27549774357979, 88.70507788891327, 56.27928166207923, 65.04531667289652, 73.79741981649023, 68.70400420452366, 52.026663393981586, 23.791045687993936, 44.40196337980294, 21.989910180090742, 41.20345236300711, 30.695808289144274, 37.00092749768623, 72.36517285020552, 69.78352407865256, 67.0561402933008, 33.91132817248475, 52.47386360978069, 36.235541673421906, 69.02350865094186, 29.98379663474072, 28.480026150601223, 23.130866155004302, 53.19827064286254, 13.638850759851023, 39.07366460101668, 48.788474391580415, 44.18195917355612, 42.00435974758132, 64.54402683380081, 17.884174380230526, 79.78840635613119, 58.48245057933782, 59.75871183155807, 19.996180245009665, 43.77500278650502, 10.152142139757057, 22.837147734302714, 70.33620480187295, 38.00169908062401, 37.3061096280377, 57.11726403289525], [66.13329004414102, 45.56609125413522, 67.22556232984341, 76.3166596498396, 0.0, 86.16866812795944, 39.88096559912696, 53.0587679383658, 28.430766330166623, 54.76878591580859, 34.382268295530906, 17.27177649070166, 37.53073681023445, 73.90766840636715, 45.23691957940221, 37.096737615430115, 41.11911532291561, 35.14197270726283, 62.11810546676423, 42.97473480548059, 77.40742071943362, 47.345729074260554, 52.69832842225044, 23.543820729885038, 53.607285007074736, 21.787424826259524, 89.91552258243422, 32.983500761543134, 83.65903816622867, 79.54659391018558, 48.205433020563426, 20.830738835721352, 81.61905063491197, 77.20118591604705, 33.1503580998817, 21.53882284965609, 13.499474702977578, 47.1478741243026, 63.715151589041845, 47.86439525734182, 10.01329857013387, 67.88573623190207, 67.84578681041049, 85.19289578119044, 97.32615440885027, 36.59292457209741, 55.257044291578964, 54.58427816851508, 22.83192488173865, 70.03195999647775, 37.3830556178156, 88.68638687475783, 26.30270320067641, 69.68381622731012, 39.0100776594426, 46.67417220294077, 56.18866033383533, 83.73536327359099, 53.970491286070015, 71.35776326741816, 54.11366029447263, 27.685485877284815, 61.89704342762123, 56.09713577137529, 21.604414667476245, 65.45122166003695, 15.237385493491885, 28.9458723401057, 18.630473655185952, 82.06587556084071, 82.84084290584092, 82.55805257628833, 66.68260505564491, 51.51737045318579, 47.19396067010995, 63.50634951779474, 64.03709640682466], [20.224412788965765, 76.01489523781952, 56.70858941818768, 11.65287485951583, 86.16866812795944, 0.0, 53.75447966126417, 33.7443268354743, 77.46617373466027, 55.01946522487873, 92.00952426177614, 84.39815968798041, 80.87067730984205, 17.96752219745648, 51.35316361059427, 67.79735619558767, 54.0840599024612, 78.41141233875827, 47.815206128412164, 87.28721373480765, 76.6713588237061, 38.87439690242688, 42.97289165632626, 80.68258389462713, 35.332119469151756, 64.96391665764217, 4.4490039814829085, 73.47535279015659, 33.6966182309937, 54.27842395218804, 69.45320671232776, 83.21123591268973, 33.478142892486204, 40.31712761308997, 69.43409633010849, 91.37236328761287, 98.11841379858943, 60.79873137717627, 66.60006651582562, 85.4399784048492, 78.02631238172965, 62.71937082357447, 25.55154781175161, 52.53497438439576, 17.8373027703916, 52.06473022506057, 42.33684639773214, 41.343284050937676, 83.57108419582231, 80.67072183536897, 78.66786723380895, 40.18910708822422, 61.317700031808435, 46.60437643042636, 74.67121372974327, 39.49456382306159, 40.12616638227784, 16.981135503033745, 64.69220865916186, 24.475769736973376, 43.27071453664586, 59.01452726244995, 55.29512240983838, 53.47048711194225, 75.61609231199323, 22.729255387763615, 88.35372967182634, 65.9801644717683, 70.31749800368885, 14.521330831176442, 52.30625913656703, 15.395554100957463, 33.900712007527076, 74.13207851081816, 44.33423322813377, 48.338919572694564, 58.36123157347065], [34.325598378993725, 26.07847985674725, 64.09118356063057, 42.3495775219999, 39.88096559912696, 53.75447966126417, 0.0, 21.599105097704044, 48.91971836524299, 52.617412636786646, 38.35729106727941, 47.46504201648745, 27.99804007755623, 37.83249543209113, 5.519589207884819, 47.356840252287626, 1.9642543591662522, 25.15835131151133, 54.35763858357251, 35.22217621520817, 46.50960482053138, 20.35233754801507, 40.836253556198635, 48.29211836976255, 18.48019001734602, 26.540705694884434, 58.08540082932058, 19.89597931529237, 43.97593805940654, 41.1121143756609, 21.878863408327984, 48.64231329073037, 41.94211270010685, 37.330992815246866, 45.55027029496756, 38.35684787041504, 53.36854229293238, 50.190474617889336, 67.14802249031578, 35.06869230023985, 36.03213009331647, 32.957390276017115, 45.4817181891196, 46.17419097994089, 60.74737072365438, 7.832293142403622, 15.54154941000704, 41.66700373155777, 30.236640781625773, 43.300384290015714, 25.839974471191987, 48.80751812820823, 27.338274486925624, 30.26223346690385, 54.242086231664466, 21.18530734012096, 16.795131143342445, 57.98092031813399, 22.393624462267976, 33.611558996933674, 42.82607083106047, 15.907722005325626, 24.649679472840234, 18.236101415360835, 22.938124915704133, 39.387514753781105, 49.3390431451882, 38.285255220902656, 21.259710406433058, 55.32582303798137, 43.90207947962137, 45.8448975948346, 27.317681711461912, 62.84330744512146, 34.70572521647231, 24.322668801185113, 62.530114832503536], [13.545873594587599, 46.904928912973155, 49.35733954041816, 23.291290053867204, 53.0587679383658, 33.7443268354743, 21.599105097704044, 0.0, 50.13700048718472, 40.35091254276978, 59.66391546688312, 54.02153770267039, 49.59670756953718, 21.284321884298674, 21.229419007014517, 43.58459052578872, 22.526522840109003, 46.736994869440025, 38.768906046150455, 56.75729046426819, 59.45463452707996, 6.57756128120968, 26.117309259926188, 51.892417019581316, 5.666104486659484, 32.85048491616758, 37.83147805577075, 41.38461939223084, 36.582518636724885, 44.94316382136191, 41.52244092101449, 53.679691707233545, 34.742845796015295, 34.62913012010857, 43.61655583527331, 57.81746702807058, 65.60386367623617, 41.45119671373999, 55.255889251706314, 56.19804530797704, 45.729912617512284, 44.26360595661341, 24.63053294726975, 47.518188534809596, 44.4483252574586, 18.423846858530222, 17.711740897631685, 26.038756714080826, 50.2073425715029, 59.37410389268564, 47.43542758501209, 43.5279445057652, 30.17850739044987, 33.03466984145634, 51.141830357563215, 7.9492230822840195, 16.050550487351387, 36.38238963858764, 39.29141973201627, 20.56860306065526, 27.844374369752753, 25.497481557864756, 34.88882134604868, 29.826889597180482, 42.07715809438447, 17.95504429853566, 57.39460970968333, 37.95397220422507, 36.59510340784519, 33.7496139992268, 45.835052500110095, 29.98600541613837, 21.09880807824557, 55.77166329501699, 22.10710677507802, 29.991273666089747, 48.80730155505107], [59.93400535429095, 65.99723824346616, 42.165617783952875, 70.40937161587404, 28.430766330166623, 77.46617373466027, 48.91971836524299, 50.13700048718472, 0.0, 31.210616796415483, 60.901725638569616, 12.653073622623648, 60.401471316169236, 70.67873945394284, 54.1206695028345, 11.744551785230334, 50.80634475353657, 57.308852136272414, 40.1332789059464, 67.28350575205006, 94.33749479061491, 43.577201636257755, 35.833898056124035, 5.558511220615156, 53.538083406934696, 22.584137439705614, 80.25298243022418, 53.14799392352509, 86.32700659084747, 89.38085140132158, 66.00537882921697, 9.14799259623942, 84.3950796333596, 82.63363296388718, 8.533226124123459, 49.22600690541276, 30.90608636101722, 22.62363422717206, 36.54451962403863, 71.08175653185656, 20.297325152735766, 81.72295207360108, 53.916184881288004, 93.75590765743328, 92.38450411233245, 41.91344326089284, 60.847930605773875, 37.7681064950012, 48.01621877689872, 89.12222220242123, 59.470300156428614, 92.85813637880723, 21.8600728816119, 77.77293645584062, 10.721105065899067, 42.19413838422087, 60.71785602607546, 69.70381868720995, 69.60535664246909, 70.70559853738581, 36.36629622602016, 33.059020614833315, 73.56219647124867, 67.13972958825904, 42.848883743338334, 54.754520314908675, 17.113857884700984, 12.183344034691135, 34.308693201197066, 68.99645125517766, 91.64270529428428, 79.10492025106748, 69.69513378617525, 23.23890024307507, 33.15808636441829, 72.43352236348218, 38.642460574578955], [43.17315508199445, 77.14065308547619, 12.785230132391197, 51.86094195276579, 54.76878591580859, 55.01946522487873, 52.617412636786646, 40.35091254276978, 31.210616796415483, 0.0, 80.3102988893857, 42.98839234054355, 75.18672502688459, 55.02442979289361, 55.877618836470496, 19.495957527624903, 54.47745618174922, 71.82551304511783, 9.290299753283549, 82.90378772446287, 97.88273508298467, 35.76947367227138, 14.474545574197288, 36.45334921478956, 45.79457261916612, 36.68694893758907, 56.58098535178504, 66.43283386228859, 74.74545661271587, 85.28709394184678, 74.23648100407739, 39.994762309894355, 73.1783871195259, 74.55361256147461, 23.163402557826245, 71.74052980191244, 61.09370538167631, 8.607029139700026, 14.973610314317122, 84.85626115931093, 44.798207426764236, 83.10083910356997, 29.468537156846036, 87.75075961427268, 72.2247990837143, 44.95834560410027, 57.15847141897672, 15.187055546993017, 67.43694873830799, 95.79928207763325, 73.52578399681857, 82.14128190003446, 32.05207665908894, 73.34146573122096, 23.365456364382904, 34.275704126742845, 55.90522743448035, 42.91563393744808, 74.83998235695515, 57.893935091874766, 13.11513565746195, 41.52260246710852, 73.76052687937643, 67.86298885031763, 59.80486210618509, 33.98272779629351, 47.65652398403825, 25.82291364217412, 50.384602014304726, 43.17564836378655, 86.13663869783969, 61.90454893356174, 61.13160474280673, 19.202403471326473, 18.669955444162696, 69.83185566234492, 10.24901173768702], [72.67163094287017, 21.562552902522413, 93.0439747088512, 80.49329484575223, 34.382268295530906, 92.00952426177614, 38.35729106727941, 59.66391546688312, 60.901725638569616, 80.3102988893857, 0.0, 51.358422190664264, 12.508436759768674, 75.44182548681613, 40.83062175592808, 66.62811859967354, 37.92645423952709, 13.9603610312366, 85.25868603682338, 11.551550053653832, 52.076695629389604, 56.957970049626816, 72.79672387265414, 56.842492909841106, 56.831306859769654, 43.822078904415704, 96.37356164409834, 18.5349857262499, 76.31042696373326, 63.57783756789799, 28.111546452339574, 54.6786791841292, 74.46512721467131, 67.43762043870935, 63.09717717771169, 13.459846649200802, 42.94219770550865, 74.53196348113961, 92.37422138760837, 17.43560771051646, 40.616987295387446, 48.43572056088348, 82.193656456427, 70.06329106501776, 97.37963858958061, 41.9305926986649, 50.94699636085132, 74.23302167834228, 13.128107042464844, 42.590557361025716, 14.46502078629965, 78.70465605191403, 48.283906769061915, 57.92801211316657, 70.65457703756387, 57.27397315345418, 52.922248338232414, 95.87654764481785, 35.41098362464273, 70.36337700337805, 74.67819105192531, 39.961237375214246, 47.04419692298921, 43.93709357768308, 20.55397282542197, 76.93156205463583, 49.61391767926264, 56.73385987350893, 29.926082701432875, 93.35637262976091, 67.73698599798831, 82.83424705705059, 62.268029183859376, 82.61742929292284, 66.30513980713062, 52.11222524685741, 90.48187050836583], [65.52300770666804, 59.845406751098366, 54.48960533317192, 76.09499023222097, 17.27177649070166, 84.39815968798041, 47.46504201648745, 54.02153770267039, 12.653073622623648, 42.98839234054355, 51.358422190664264, 0.0, 52.928706810685725, 75.25218223719067, 52.9607685736523, 23.64406876066972, 49.15113525671817, 50.13638987608109, 51.521122825649336, 59.12407060205786, 90.2564066735153, 47.543613030609436, 45.154698240443295, 7.122536020230212, 56.30582072998547, 21.84756151662463, 87.60159241345858, 46.838977784212865, 88.64569661219443, 88.57274204976996, 61.126450512937886, 3.7386347257066226, 86.63968237879972, 83.6939633995167, 19.83575240849185, 38.780813663880025, 18.319489746745482, 34.563398613628834, 49.194645762738766, 63.56145350866495, 12.36762474508508, 78.97276420550482, 62.53411233614041, 93.57437123749715, 97.97683741283745, 41.710975787217365, 61.37515347877705, 47.133803714176295, 39.11203180585062, 83.92264000831942, 52.37948762272847, 94.60878301212153, 23.84318806015145, 77.57744953360542, 23.27847451432044, 46.405336389781574, 61.70858199411046, 78.61436951163773, 65.81650420076394, 74.18742933466127, 46.06845428397143, 32.02320273779466, 71.67894511563112, 65.4045067976837, 35.64540059796445, 62.085346769457495, 4.670803721873253, 19.23131865964489, 28.80484030872732, 77.5299149684699, 91.32875691136688, 83.91505025320704, 71.57624753011464, 35.697075692994666, 41.14699569520292, 71.76390218801303, 51.02438284379402], [62.07655367659926, 9.69951334152952, 87.64850611395164, 69.25846075375405, 37.53073681023445, 80.87067730984205, 27.99804007755623, 49.59670756953718, 60.401471316169236, 75.18672502688459, 12.508436759768674, 52.928706810685725, 0.0, 63.871456323191815, 29.5262715872585, 64.00448984284301, 27.182102209905285, 3.3618394926359274, 78.99349039329957, 7.749095986118677, 41.88099533606551, 47.8183218900196, 65.91359270309765, 57.23700068406909, 46.142410000534376, 40.246880763952454, 85.2816368371968, 8.883953788807814, 63.853070206849445, 51.30324503295743, 15.718351750643341, 55.764084148681064, 62.023331237996786, 54.93694281675826, 60.888126950539665, 21.059114791960273, 48.711600387252595, 70.46358967647267, 88.36367662907872, 10.696986131953178, 40.93713341928714, 36.44327860241883, 73.18660652209192, 57.7568269622243, 85.35392415772506, 33.05395649868924, 39.123283875528266, 67.1326935750314, 15.081844041081121, 33.29265811974205, 2.20292428945547, 66.19682205811864, 44.00871186402996, 45.41959314439193, 69.12679388067941, 48.38324332811979, 41.18873523870707, 85.97704355329637, 23.031345407412374, 58.52296290857953, 67.87159425324027, 33.68208732960912, 34.56036056700571, 31.471542491500195, 17.566579642560743, 67.33925753497601, 52.26340668001409, 53.8928705708324, 26.44820907998142, 83.30551483852405, 55.412777149291045, 70.97512126572984, 50.15274786091834, 80.31992515148245, 59.42216991046815, 39.61947946887422, 85.43452733119426], [11.861118343386297, 58.445546060624345, 60.56637245104747, 7.032795434107538, 73.90766840636715, 17.96752219745648, 37.83249543209113, 21.284321884298674, 70.67873945394284, 55.02442979289361, 75.44182548681613, 75.25218223719067, 63.871456323191815, 0.0, 34.62055885748683, 62.916057338157266, 37.816143767922306, 61.619205204762835, 50.243726419514076, 69.96501121573623, 59.39417744340564, 27.708660384578675, 40.87334009122512, 72.83701231346883, 20.436266380314333, 54.122141993920756, 22.37246809493246, 56.97606102911117, 20.762215641736056, 38.20973159033018, 51.74790782027488, 74.78573497613638, 19.658678713145832, 24.437489503402947, 63.56371865433058, 76.13963052409851, 86.69499993885522, 58.54905591100957, 68.86361809102303, 67.82013074272648, 66.94013604808144, 45.05563455325413, 28.66051996055948, 37.77504595010621, 23.443051190569488, 37.82759665639338, 24.84685015236777, 39.87200251087432, 68.06446447104736, 62.8789147791349, 61.67797762978632, 28.22962182075876, 51.41667073881143, 29.20719298108614, 70.35779317695464, 28.875550370848597, 22.711354147291622, 30.04783364023398, 46.77650763619626, 6.63533948096065, 41.959405728744024, 46.2223581663082, 37.371846099631334, 35.54492038824955, 60.53477830982571, 21.763667456774918, 78.67375243980622, 58.55154574241061, 56.595553966615704, 26.897352006314893, 37.02595934708295, 8.708967843973204, 15.973043651037877, 72.85611843120395, 39.49397655848345, 30.44539038331223, 61.19231477963332], [32.7580926523973, 25.744304946646064, 66.88047921069975, 39.75919878517275, 45.23691957940221, 51.35316361059427, 5.519589207884819, 21.229419007014517, 54.1206695028345, 55.877618836470496, 40.83062175592808, 52.9607685736523, 29.5262715872585, 34.62055885748683, 0.0, 51.99930959277747, 4.126615356232098, 27.081357276504452, 56.82899728339669, 36.17970764120863, 42.2951984547882, 21.684228732124254, 43.326014047481024, 53.662168612095144, 16.924239469736897, 31.88745111841268, 55.75884686239493, 22.3578589635555, 38.946298488325866, 35.63705185137392, 20.33727453216336, 54.088590415731254, 36.92481136035134, 31.976963520695723, 50.39964943163162, 42.32706611307664, 58.73486229427593, 54.107685797257304, 70.6294468919097, 35.11737741353958, 41.55111883276827, 28.192071765782117, 45.79932662273553, 40.656380292807384, 56.97981476655628, 12.365531731813888, 10.781052655198838, 43.94058133263403, 34.07510263213916, 40.013660889525056, 27.32345168520622, 43.5196803451566, 32.38720547486089, 24.745500191053704, 59.04249490899179, 22.817935894476623, 12.420790401154353, 57.13442184432436, 19.122040827019177, 29.7915812368305, 45.29124262935392, 21.247554517230487, 19.510562300730246, 13.089874902150335, 27.369928969350184, 39.1582161957475, 54.85839225487342, 43.21648186316825, 26.60757478543566, 54.32638531700439, 38.38760799732165, 42.21608128398012, 22.67037317537293, 67.16901020629541, 37.51517774033807, 18.80994358575784, 65.56069305251893], [51.57436229750131, 68.12128399208365, 30.877780847799595, 61.76131987220595, 37.096737615430115, 67.79735619558767, 47.356840252287626, 43.58459052578872, 11.744551785230334, 19.495957527624903, 66.62811859967354, 23.64406876066972, 64.00448984284301, 62.916057338157266, 51.99930959277747, 0.0, 49.31916992827587, 60.721918839397375, 28.39105727464185, 71.38803520883869, 93.82351222826463, 37.302015113267565, 25.165037995990623, 16.966463959738327, 47.84193905782101, 23.79714969227042, 70.27158977660899, 55.89625865053393, 80.1645160676606, 85.90406988452256, 66.8960911339171, 20.52677375210163, 78.32672324673165, 77.61853295986867, 3.9710477279468046, 56.25679171444356, 41.904962747377795, 10.953980178332356, 26.63741802286017, 74.43688256610939, 27.56323706473691, 80.18062825292645, 43.373005593216824, 89.64660553678496, 83.53712518025866, 39.682295625839586, 56.88653032571688, 27.010939639719794, 53.50075688273478, 89.7819555799696, 62.72640076643931, 87.08022741331592, 20.706703435220128, 73.97395726974233, 7.558020231254558, 35.77884638771136, 56.34075677932277, 58.82512364670031, 69.34648819641967, 63.85112449206315, 25.402241504437114, 32.540264965132465, 71.40770115891124, 65.03456527235383, 46.98512238609031, 45.127439395527105, 28.29053100938447, 10.111711653917517, 37.62866519327712, 58.3459225034839, 87.68456833762946, 71.00974678191584, 64.24649062747004, 16.3253787652288, 23.770927153610415, 69.19529075651558, 27.45893288727723], [34.922180785111436, 24.686933561242093, 65.88146294031311, 42.59147568699275, 41.11911532291561, 54.0840599024612, 1.9642543591662522, 22.526522840109003, 50.80634475353657, 54.47745618174922, 37.92645423952709, 49.15113525671817, 27.182102209905285, 37.816143767922306, 4.126615356232098, 49.31916992827587, 0.0, 24.474016118347553, 56.085682938921146, 34.23674962304832, 44.54559094472039, 21.753950359566435, 42.55690418859972, 50.10619363287028, 18.99592283088077, 28.379645758490184, 58.447524037687614, 19.394978056730654, 43.02425784338306, 39.428999046676104, 20.194266487098492, 50.3968284195364, 40.99858833490716, 36.10239136634725, 47.50067731951243, 38.61515676997171, 54.617984331627454, 52.126737886431634, 69.04191763458793, 33.80975123499896, 37.59933563088325, 31.02062728134, 46.688306877942026, 44.594460593138045, 60.50932295312488, 9.78147262087558, 14.717841180995395, 43.345429158320734, 30.41353068136867, 41.39180695300893, 24.999185490920468, 47.64573408254599, 29.2686804043979, 28.756955392625464, 56.195560132035546, 22.66777022244617, 16.17841994971116, 58.855388173645245, 20.466282739527262, 33.31992505059899, 44.54398637419533, 17.76517354349788, 22.7916892499431, 16.395083179236476, 23.437975079564147, 40.42553999441942, 50.930756044315075, 40.228486526523916, 22.492317736379047, 56.14851031641483, 42.303789992119356, 45.65874849235358, 26.594821743797983, 64.80522394101926, 36.479142801998144, 22.732878701976, 64.35939986173364], [59.394114069536634, 10.756487387049157, 84.29177898475125, 66.83545851853906, 35.14197270726283, 78.41141233875827, 25.15835131151133, 46.736994869440025, 57.308852136272414, 71.82551304511783, 13.9603610312366, 50.13638987608109, 3.3618394926359274, 61.619205204762835, 27.081357276504452, 60.721918839397375, 24.474016118347553, 0.0, 75.66077717284435, 11.095596571544101, 43.21455960003039, 44.74860410575299, 62.60702856108946, 54.26042609300355, 43.46990371109135, 36.947464479574094, 82.80445695795228, 5.608648650813966, 62.534787037154764, 51.03506254085799, 15.5866688832363, 52.88691912233082, 60.66261761066266, 53.82071280453477, 57.63792018579433, 20.242908828825765, 46.76721636676236, 67.11304303465957, 85.01000735285412, 13.798986554345676, 38.03441721259241, 36.615162424077006, 70.12730331101388, 57.417710738317965, 83.42685903295268, 29.89927732117236, 37.02091449070632, 63.84161570761306, 13.327907438477522, 35.09153354435936, 2.2532787892046877, 65.22475939558473, 40.66904337518776, 44.44303577319167, 65.91785480346132, 45.27173147777508, 39.02302427867784, 83.11410279112113, 22.772532755609326, 56.44366297490462, 64.56157176119446, 30.323724553051875, 33.86814544152203, 30.236597020604666, 14.570709885039436, 64.38888630282065, 49.65175036118264, 50.61056860277228, 23.2240073083973, 80.47944591740695, 55.050219901241306, 68.91350258724228, 48.30788548629459, 77.042446603132, 56.1108751587836, 38.48037095579441, 82.07344841741548], [38.65444754000231, 79.87499157776196, 10.660484708030248, 46.1695960072883, 62.11810546676423, 47.815206128412164, 54.35763858357251, 38.768906046150455, 40.1332789059464, 9.290299753283549, 85.25868603682338, 51.521122825649336, 78.99349039329957, 50.243726419514076, 56.82899728339669, 28.39105727464185, 56.085682938921146, 75.66077717284435, 0.0, 86.74184502062795, 97.88963841568126, 35.479632375082225, 13.530987622155706, 45.223812822540694, 44.42357650002994, 42.56362083494089, 48.92197299502451, 70.12250978936653, 70.64805045463014, 83.2693365238174, 76.2352603027789, 48.705650989863365, 69.24350576852618, 71.5863737018149, 31.85347401842962, 77.71782154197781, 69.38209626532507, 17.743012892462318, 18.93761170721662, 88.1289081532684, 52.1059642605497, 82.80839656190273, 22.65179095648565, 85.08387971785467, 65.41228473249096, 47.12552330858787, 56.33996462730171, 12.95167172375327, 72.71406117992488, 96.77602426555497, 77.18156760734797, 78.13251842312356, 37.71128703648126, 71.56885542224444, 32.64754744689546, 34.16474151363397, 54.79734068988452, 34.471201407009836, 75.94955444871654, 53.983493305649155, 11.549211629112005, 45.52664418780391, 73.40387387877615, 67.892300344635, 64.72202241928565, 28.528080314879972, 56.18806265032815, 33.428771001771736, 55.55828749505576, 35.07174454433169, 83.66197040506167, 56.321338861895065, 58.51348049355993, 27.66613132263465, 19.759989543846938, 68.75901167340969, 10.963958096843667], [68.92261765684921, 12.142601801204997, 95.3846524411904, 75.63874397382493, 42.97473480548059, 87.28721373480765, 35.22217621520817, 56.75729046426819, 67.28350575205006, 82.90378772446287, 11.551550053653832, 59.12407060205786, 7.749095986118677, 69.96501121573623, 36.17970764120863, 71.38803520883869, 34.23674962304832, 11.095596571544101, 86.74184502062795, 0.0, 40.60950061810937, 55.28639217768953, 73.64914253728712, 63.84485135912832, 53.023853846759216, 47.70634933866315, 91.72175075749753, 16.62419484354993, 68.17257083515287, 53.58167095058985, 19.234035207649818, 62.14276118842574, 66.44031330608607, 58.92964126585072, 68.18118877013194, 23.901582738789692, 53.05668314612809, 78.08104630013767, 95.99399417114466, 5.884252888408155, 47.44994124673454, 38.07575173160158, 80.61490073329978, 60.104447718790105, 90.76536194053223, 40.650834727257205, 45.11823103196084, 74.85613803718455, 20.154574821484808, 31.043157299085976, 9.636167071515391, 69.79790104773275, 51.59167722221494, 49.25281658912336, 76.29668599224304, 55.906433307432195, 47.2701329008583, 93.08563530878894, 26.149745330518645, 64.32854329458978, 75.60939143437461, 41.4151943427381, 38.052358164894265, 36.0775928723043, 24.538941704859976, 74.60784685181822, 58.05310193581995, 61.28515207761488, 33.76038508412664, 90.3556164312309, 57.83874250526908, 76.69115163270422, 55.58741272934331, 87.67714324268066, 67.16117701335861, 43.86682669795516, 93.15254558048885], [65.3841443397201, 32.463985454950496, 108.28889700581821, 66.42109329514906, 77.40742071943362, 76.6713588237061, 46.50960482053138, 59.45463452707996, 94.33749479061491, 97.88273508298467, 52.076695629389604, 90.2564066735153, 41.88099533606551, 59.39417744340564, 42.2951984547882, 93.82351222826463, 44.54559094472039, 43.21455960003039, 97.88963841568126, 40.60950061810937, 0.0, 62.4838860183126, 84.64754298615831, 92.75304843427217, 53.82026633173595, 71.78824267769909, 80.78584051031314, 44.43624914185575, 45.82194006609166, 24.127886268330208, 29.275881576213685, 92.3044055792526, 45.05544996305381, 37.0163016281601, 91.84508910361082, 62.92409017856181, 89.74960755731018, 96.40283935244146, 112.75157066747612, 34.79940926271489, 77.91357840388748, 15.230820550832156, 82.61431609541488, 29.111431143724197, 71.86356897897645, 54.29098077139478, 41.74635616076832, 84.95603644583359, 56.542465632961985, 10.27445551605688, 41.168003488708514, 43.08547292660186, 73.4767039746877, 30.18736378907376, 100.5653772046904, 63.8766295582204, 43.52806033800337, 89.03355731457805, 24.732168323714266, 52.7875726701578, 86.54219300908179, 61.62670348929555, 24.566061496420044, 30.05803592235807, 55.810915098937, 75.05239456062428, 90.79032125611246, 84.50761982931256, 61.45174793995467, 85.88392140465878, 27.80025534768553, 61.92856832941818, 43.94406979615561, 109.33724804339681, 79.289639717919, 30.19850181201966, 107.28538361278996], [18.78984906272556, 46.414817381729016, 45.80811273348641, 29.099458620968658, 47.345729074260554, 38.87439690242688, 20.35233754801507, 6.57756128120968, 43.577201636257755, 35.76947367227138, 56.957970049626816, 47.543613030609436, 47.8183218900196, 27.708660384578675, 21.684228732124254, 37.302015113267565, 21.753950359566435, 44.74860410575299, 35.479632375082225, 55.28639217768953, 62.4838860183126, 0.0, 22.163855916267895, 45.31944832041553, 10.635025377047505, 26.617685795609564, 42.740872762406106, 39.20978475913449, 42.970475356720364, 49.894005416999754, 41.779811479893766, 47.13537748704463, 41.09515137050551, 40.45274708153182, 37.17278061996951, 53.80323078227182, 59.60729657263264, 35.933536343421174, 50.742301941987776, 55.40861187697584, 39.61090046939318, 47.50388207659119, 25.379027431639734, 52.954675283691536, 50.64793421907962, 15.02806675972244, 21.391990432688228, 22.528016339202146, 46.5710797037694, 61.37630277470057, 45.73286377517602, 49.79272390101017, 23.709785696745342, 37.872103155749585, 44.85666665755902, 1.5683798773628408, 20.218650935177045, 39.141589901669725, 40.68732385882725, 27.134181851461737, 24.06223107947299, 20.220413382109705, 38.11661124751684, 32.44205397924864, 38.24209419255129, 20.073658734255563, 50.998085420234744, 31.396187169632743, 31.775572885626328, 36.82406372672967, 51.146087564672484, 36.37993714858438, 26.99121218604508, 50.092258316532465, 17.121075454867814, 34.07775480491337, 44.85158631773434], [29.018811692212186, 66.45028252143982, 23.65306040284079, 38.27119719213688, 52.69832842225044, 42.97289165632626, 40.836253556198635, 26.117309259926188, 35.833898056124035, 14.474545574197288, 72.79672387265414, 45.154698240443295, 65.91359270309765, 40.87334009122512, 43.326014047481024, 25.165037995990623, 42.55690418859972, 62.60702856108946, 13.530987622155706, 73.64914253728712, 84.64754298615831, 22.163855916267895, 0.0, 39.976365429093164, 31.67204985659253, 31.656984389806247, 45.22329031689824, 57.0296821216695, 60.32947352283232, 71.0351179952807, 62.71509390672849, 43.062153213064576, 58.739802375705516, 60.099552149538454, 27.384928821397065, 66.2011169371515, 61.800154561316894, 18.04517869709715, 29.20217418200809, 74.82612384999527, 42.89298837869019, 69.6520270164226, 18.209746383372263, 73.34673165416778, 59.41553630239132, 33.674836014616965, 43.34520639386572, 1.9791411609793743, 60.59217780798294, 83.30492174880513, 64.04470508994872, 67.70417247635571, 26.790434816524755, 59.15104164914838, 31.751065882453275, 20.78424939712089, 41.941823288558524, 33.870350291626174, 62.44798971630354, 43.475132506836644, 1.9923646499272891, 32.841104320483325, 60.25608730004098, 54.601163347477645, 52.393382536833656, 20.68055494661866, 49.64763305085331, 25.9360866936572, 43.56359944440862, 33.22504698474275, 71.76817162226685, 48.127645377161485, 46.707649804325825, 32.0916902711524, 6.511957599009076, 55.923927950030304, 22.7588109088303], [62.504240094866105, 63.42688414555965, 47.64009107813694, 73.05885175583681, 23.543820729885038, 80.68258389462713, 48.29211836976255, 51.892417019581316, 5.558511220615156, 36.45334921478956, 56.842492909841106, 7.122536020230212, 57.23700068406909, 72.83701231346883, 53.662168612095144, 16.966463959738327, 50.10619363287028, 54.26042609300355, 45.223812822540694, 63.84485135912832, 92.75304843427217, 45.31944832041553, 39.976365429093164, 0.0, 54.81550830089331, 21.776833255953747, 83.65741095999097, 50.44846096941874, 87.53569678767707, 89.22272478938858, 63.98837373567239, 3.604276885615505, 85.56623185576088, 83.27884723250718, 13.371871175571364, 44.7415859251348, 25.347620380353387, 27.917914839356214, 42.09695957025819, 67.93266788502663, 16.403644082448206, 80.69151158782712, 57.81643957865542, 93.88341645669315, 95.04298538873168, 41.76848077515298, 61.17348485725135, 41.94164749001454, 44.182054490458526, 87.0350702261325, 56.46678451842546, 93.83248980937807, 22.28108540671203, 77.85084999848041, 16.159050738320797, 44.035131812432645, 61.24753565598217, 73.77091120749547, 68.07816663885467, 72.38096926416588, 40.6874554123731, 32.41461767116986, 72.88416797260375, 66.50071346402854, 39.69508249959137, 58.082499087175506, 11.556821322391402, 14.702467706047257, 31.763781954699557, 72.8974167933162, 91.70716581820678, 81.39191990831162, 70.65908166929972, 28.6049776096046, 36.66030509620293, 72.28412199318025, 44.1360691218144], [15.934241395575288, 42.63088519223486, 54.99988547746993, 24.082176367343116, 53.607285007074736, 35.332119469151756, 18.48019001734602, 5.666104486659484, 53.538083406934696, 45.79457261916612, 56.831306859769654, 56.30582072998547, 46.142410000534376, 20.436266380314333, 16.924239469736897, 47.84193905782101, 18.99592283088077, 43.46990371109135, 44.42357650002994, 53.023853846759216, 53.82026633173595, 10.635025377047505, 31.67204985659253, 54.81550830089331, 0.0, 34.63370324306063, 39.63374667028901, 38.33629816616354, 32.791665839672774, 39.51882508123629, 36.88183991598262, 56.3102075281482, 30.85714845866899, 29.825656399740417, 47.532668803143096, 56.195321203064765, 66.5673177110788, 46.480838009171606, 60.7359746182051, 52.03022972883022, 47.089363544339186, 38.617906161475155, 29.69816527571608, 42.3672123557714, 43.867943610753976, 17.39800818314941, 12.075087535778568, 31.657253755804042, 48.29145831923883, 53.94093591553425, 43.950243814229, 39.3966824332724, 32.655548541928276, 27.548540354526715, 55.38560186209033, 12.198590227102189, 10.384583061555533, 40.21816942193288, 34.13926761167801, 17.986857826642606, 33.43252310583379, 25.968008484429795, 29.25535762256336, 24.33053371554775, 40.47225662924345, 22.61611682862898, 59.36575564741583, 41.42396243836367, 36.1603884172478, 37.40214612724414, 40.59905613788073, 28.996497717969227, 16.404677596794336, 60.69666076035578, 27.354014816698083, 24.336222878615626, 54.40067058595288], [45.24681649812217, 44.463512388792026, 49.47030293853034, 55.683202842602235, 21.787424826259524, 64.96391665764217