instance_id,num_cities,city_coordinates,distance_matrix,best_route,total_distance
1629,87,"[[68.70190110647229, 82.5623670890415], [40.09638875823711, 1.5521792694471737], [48.9651182112509, 38.30870271342632], [35.956258030770684, 35.480626082590675], [55.93978620403534, 68.85394341312902], [38.58981519746757, 88.44997001405817], [88.92355225564512, 96.70245873702005], [72.13471177102268, 64.84011745435939], [65.02469717851046, 61.12223777959881], [40.60230950765495, 80.8596182268713], [73.55448301411235, 59.25749819215764], [20.468138373075984, 83.43002520998391], [92.5444396135861, 35.930293492247614], [60.80040410935037, 34.222356393639416], [93.8628773371686, 36.64431968257834], [73.45111571455027, 21.689745137969187], [91.3740068196692, 45.64065302339182], [25.84324288405829, 82.8098042783763], [82.21338153941849, 97.28573958384604], [65.41807006051509, 21.897669960458956], [51.405462156577556, 28.561815060429694], [37.1970501974826, 39.1781756839236], [15.809730898597152, 78.96457764903079], [34.23286960337049, 56.18237713935941], [52.326735245347436, 57.895181022076336], [18.82118343389091, 24.581553963766034], [74.98134801727781, 51.05531768784943], [99.35274963028269, 13.559473788661547], [95.6967725939249, 2.5851391003474666], [29.239405038687984, 66.42174392010843], [40.615223106482155, 61.4602744486466], [2.301327807381237, 85.03446500195179], [76.53649795644476, 32.356656947151386], [6.876980212572825, 81.11568422829566], [24.66326219083843, 64.77465725886569], [39.77544909717348, 50.31230209155642], [73.14037411055814, 45.1092618541953], [47.70383499801992, 14.470995400142606], [54.737232096028066, 3.0968360044319465], [32.08407166627124, 8.986916149466339], [57.12862288724841, 96.1136905783077], [31.777355231448624, 50.645462011423234], [35.348128035472605, 2.6785015291974745], [69.7277824055982, 13.487868583743701], [99.302538405375, 93.16657991077383], [70.63160953876736, 49.230328308532165], [71.36561445839857, 59.98691745921888], [23.597913379570723, 60.56240177201522], [44.03261747988601, 83.35485335397141], [71.19859837955185, 71.33025074628287], [85.76388800024621, 39.232275185041956], [17.163311892804266, 97.51235894610541], [48.16856993337678, 73.3447090530473], [66.07055726989856, 15.321117930864936], [98.63430947373101, 0.7315111566409072], [59.11495415456257, 31.468168194635304], [22.87957923972347, 46.94516772923561], [47.57788125980218, 65.93247042885133], [40.98724750084215, 72.9223155325325], [21.62836677166614, 36.791167706564664], [74.52309164223234, 89.49256130495657], [26.551898943698294, 21.653651157857478], [87.06508736264537, 56.51238694356825], [4.66708728147699, 98.92125761829034], [46.345064229302494, 56.106062590536865], [90.11222688972555, 38.83531611129888], [3.884226272821223, 33.58350017350412], [13.98141843118963, 74.25841169274744], [80.09072731278091, 52.934033899063124], [8.904748406125119, 37.885271832146614], [41.93049774467765, 50.36853684676797], [46.7494657963602, 78.71687371387449], [19.59000034948255, 36.32567532928673], [84.69180237079289, 75.6496555098565], [37.77178371637297, 10.005036387865452], [49.94102748131986, 62.64747132095789], [68.99035238607655, 30.73438241810407], [89.2023279745839, 48.58868397766128], [21.67454158073444, 83.18895832402653], [47.350646706250664, 93.31786426935244], [45.781535310910435, 67.25810812825067], [41.42282198281805, 63.16319308968301], [37.13515387839108, 73.50899709737435], [14.111507773506649, 87.01179878963615], [56.4852220380763, 35.63783476714419], [82.93862666394149, 30.909247945665484], [42.487469788670765, 43.56983631302482]]","[[0.0, 85.9123149919206, 48.455416722206564, 57.34952028255997, 18.729454248891535, 30.68226826676844, 24.675035299104955, 18.051657020136442, 21.753183066701787, 28.15113499857418, 23.80471519408078, 48.24156608192159, 52.37381913131795, 48.98153007846034, 52.35973455341291, 61.057605116739985, 43.32709714504273, 42.859372484771185, 19.983438170411386, 60.753510384512296, 56.70296658678668, 53.61663636105472, 53.014391990793285, 43.4052762058618, 29.607703819135136, 76.484381975668, 32.126711868393606, 75.50413100654289, 84.4101894523382, 42.63576330009105, 35.13061051104775, 66.4465755516338, 50.81332737238417, 61.841844529707416, 47.495308595103516, 43.322122734098336, 37.71518440019169, 71.25555191541723, 80.68322385186593, 82.18401556186876, 17.820750182029364, 48.80687367380154, 86.56735039756605, 69.08211618210811, 32.38592800380419, 33.38785084276987, 22.73205434644851, 50.18334567183466, 24.682009422432785, 11.50625633343306, 46.56831821284037, 53.66310123969258, 22.50739675601211, 67.29271549535103, 87.13344968089834, 51.9858318440695, 58.03679928714268, 26.884524868613855, 29.34335731459881, 65.6575991617164, 9.050627112190902, 74.07087388918482, 31.87174414835897, 66.09138129098042, 34.6376125457569, 48.68733960030206, 81.24198652895463, 55.346968294926064, 31.741825561455602, 74.64410433290962, 41.87064298083128, 22.28670534967225, 67.45228284388145, 17.420175768910017, 78.87482741816396, 27.360070406206464, 51.82878735984116, 39.67970067839819, 47.03153368261306, 23.907253795839036, 27.56017979878412, 33.473513554629655, 32.83935198458691, 54.77142034588985, 48.48875107784248, 53.57918506135097, 46.98525157572684], [85.9123149919206, 0.0, 37.811326051839856, 34.180113890869634, 69.1414542765576, 86.9108497265342, 106.94703164632404, 70.93530334867721, 64.57563342003826, 79.30905263455267, 66.70343246945211, 84.19768327599546, 62.71086649091358, 38.678116874858674, 64.20509024122062, 38.96228136851417, 67.62534755553108, 82.49820476472422, 104.58850630638497, 32.482711331294084, 29.28165922024528, 37.737537946613195, 81.13273798455572, 54.94396578501821, 57.65514046198782, 31.35261488942227, 60.560061887158135, 60.460660147481434, 55.60997831943532, 65.77183678028821, 59.910341820765275, 91.63928558976468, 47.715798257741376, 86.21995375468755, 65.07889918220694, 48.76117902484744, 54.67288552160912, 14.992299640478846, 14.722101007351892, 10.930349384046492, 96.08317449190162, 49.7931393788686, 4.880018619242875, 31.944955296451482, 109.08055079118733, 56.61806782210894, 66.27505641789226, 61.27320825306155, 81.89732220242628, 76.39585526947515, 59.20565948646569, 98.66246549773821, 72.24491291193719, 29.397977851105164, 58.5436730812547, 35.449572960845195, 48.5483463292754, 64.81353731914828, 71.37569600018371, 39.785099499282005, 94.43891498748928, 24.238860872918423, 72.29580261795466, 103.61453962467968, 54.91058304692969, 62.38282100677632, 48.34590190211407, 77.25404784458566, 65.11253413586707, 47.88540532380599, 48.85080063715422, 77.45097483425907, 40.369641982489526, 86.48229240990868, 8.766674515747392, 61.88337113027545, 41.06655713273745, 67.99872088124447, 83.68947453436107, 92.05197011405109, 65.95142135332276, 61.62529066103107, 72.01772381806518, 89.32278885215166, 37.82096993708711, 51.93548719352858, 42.08563617109536], [48.455416722206564, 37.811326051839856, 0.0, 13.312718002915954, 31.331417507229794, 51.20345300017601, 70.75667596646406, 35.22422509978634, 27.8992376028652, 43.36492800000103, 32.30307869875432, 53.366764973489836, 43.64417583494296, 12.520871316924714, 44.92859830222061, 29.593138134142293, 43.03802189168358, 50.14946818402198, 67.70330783908582, 23.238365273253915, 10.047740914834067, 11.80014440687494, 52.461222580412596, 23.162629093620804, 19.872860931912786, 33.12237033572678, 28.971027020562982, 56.13766767857934, 58.82193909213964, 34.34307566387769, 24.611298666906865, 66.03640054015715, 28.206521052010608, 60.0320666528326, 35.93086355820189, 15.117420959174016, 25.11355415754779, 23.871052035839522, 35.68182808981097, 33.83396074591614, 58.37858709025182, 21.156909656813657, 38.14359261889034, 32.359883055110835, 74.45295536376695, 24.263527197936764, 31.172539625176107, 33.744958182855385, 45.31539750455242, 39.8089220512247, 36.81035783707895, 67.20437334305882, 35.04505998552357, 28.653535550164772, 62.28221163353285, 12.239774596736366, 27.478061638412093, 27.658578581612286, 35.52110096073866, 27.378840219532496, 57.21011611783809, 27.92388118177786, 42.22536878332655, 75.07461192940235, 17.989182901502446, 41.1504784209008, 45.3278540966552, 50.162145348851865, 34.39046167516232, 40.06260753663764, 13.96157170351689, 40.46886950762365, 29.44197593571175, 51.67922906527239, 30.436627023750717, 24.358326219885694, 21.409818581499835, 41.52964079222792, 52.526306899485164, 55.03284813024343, 29.12392957612694, 25.973677526697465, 37.135007483954254, 59.889612855273654, 7.980319364080069, 34.769975660692914, 8.345025814182916], [57.34952028255997, 34.180113890869634, 13.312718002915954, 0.0, 38.89883941580357, 53.03477180002147, 80.95459870242932, 46.59249133330944, 38.76166153438208, 45.61621117932244, 44.485572596210126, 50.38875596012595, 56.58996815363124, 24.875989165939508, 57.9183109412796, 39.95062890563313, 56.341397109649925, 48.39756382346186, 77.19840367648385, 32.44218033812999, 16.92772442123348, 3.9001843873451576, 47.92427985186542, 20.7733618966243, 27.75616683492513, 20.30764768484955, 42.018194476368166, 67.0794459206442, 68.19854942789746, 31.661789070619644, 26.394091854061045, 59.90189713178708, 40.70030780699883, 54.11250253305431, 31.395413958049662, 15.315509578091776, 38.410533912682496, 24.07093986562029, 37.435742902554, 26.77518428063468, 64.22334111331793, 15.730081924598887, 32.80776123583416, 40.30133051156822, 85.67625404022552, 37.301934447226564, 43.06252244881846, 27.961118615900382, 48.550687109279195, 50.27144459618141, 49.94872244776757, 64.8159757050294, 39.78478781142558, 36.23916096687717, 71.66616440708437, 23.503723629602792, 17.39066540911762, 32.5941244792133, 37.77818105618446, 14.387702640828131, 66.36783709960133, 16.72205745139639, 55.267055291448656, 70.7370195571376, 23.094066886842874, 54.25977246764681, 32.128092190446765, 44.57140599369283, 47.46022359000015, 27.158175456999118, 16.041864825553457, 44.563061419800114, 16.388059638641312, 63.15618898609081, 25.540199760555353, 30.55505288475883, 33.37331596946774, 54.83580168322491, 49.800124397620365, 58.948945829082646, 33.26175639971338, 28.217155022148866, 38.046639765655726, 55.97012483785957, 20.529565942409707, 47.20424197520716, 10.39673262033283], [18.729454248891535, 69.1414542765576, 31.331417507229794, 38.89883941580357, 0.0, 26.172996627689866, 43.16791202609085, 16.68491573090955, 11.929580018496091, 19.477536269901734, 20.059145160999297, 38.34970613175815, 49.23278760486847, 34.97102266033908, 49.75560975363063, 50.310120852214425, 42.36084089528532, 33.174809303165496, 38.71264451494714, 47.9033347631032, 40.5464634926124, 35.09902197111877, 41.38413057525453, 25.13481291234838, 11.539003872675764, 57.7740005466459, 26.06476844317091, 70.30052463886628, 77.27983172763511, 26.810929650959245, 17.0149515099879, 56.02582884755881, 41.90795216174938, 50.571822387315784, 31.541425615790537, 24.598338500844317, 29.32013176411704, 55.00305379568529, 65.76810253566396, 64.4449848281107, 27.2856582872545, 30.25511304657914, 69.30516210690614, 57.05708616173285, 49.713504925134764, 24.513994832999742, 17.792704308239003, 33.38781814644627, 18.76318352886263, 15.458442580542274, 42.03475082078649, 48.2174215493768, 8.975454214579841, 54.48298749613014, 80.39582137005875, 37.52036620559285, 39.660707715449234, 8.857565054474922, 15.496130658084613, 46.96056951819703, 27.77214052776967, 55.601398423145135, 33.48280735400674, 59.438481123891556, 15.95516077134399, 45.48487317233276, 62.879133948169375, 42.304998564552385, 28.925965418186866, 56.31477071019281, 23.194189338305332, 13.481075005840353, 48.779044232192156, 29.54420648037607, 61.58952973078964, 8.631651177165013, 40.29166425112352, 38.94967811194723, 37.14296220807255, 25.92791431974366, 10.282837714567695, 15.592526717755009, 19.37224100887327, 45.59948013229955, 33.22058659673131, 46.569703674148634, 28.640022499792604], [30.68226826676844, 86.9108497265342, 51.20345300017601, 53.03477180002147, 26.172996627689866, 0.0, 51.00577081433403, 41.02054636424562, 38.0211511455134, 7.852615717185412, 45.54918667331801, 18.804122334308595, 75.2955371708047, 58.59986637167423, 75.75577076742607, 75.31426092877976, 67.96181653264321, 13.938671933399242, 44.5093963594316, 71.75628126805996, 61.24403571557282, 49.291475032263584, 24.675998642044103, 32.560413462320035, 33.50071794374529, 66.85785945255132, 52.17953318661786, 96.4402438081361, 103.12116063602524, 23.9305853456111, 27.065585970222326, 36.44886817924775, 67.72304263123794, 32.5498947888684, 27.467604786413958, 38.15609312169094, 55.427052104593706, 74.53827232939616, 86.867120118956, 79.72892592014973, 20.060408855394208, 38.413414793661595, 85.83270554809334, 81.17197578415454, 60.895658040929135, 50.64441608035367, 43.40965765739679, 31.66186322015906, 7.455488613457401, 36.82957410049184, 68.17458932097814, 23.264177118919118, 17.886348173703375, 78.12182916353811, 106.30084344544326, 60.565725190044915, 44.37859987144939, 24.2450638091691, 15.71164330510683, 54.37207544820979, 35.94839847136092, 67.8723775955432, 58.0505058020385, 35.50210322435663, 33.26067099393957, 71.52742682689703, 64.92154815907398, 28.407279331075024, 54.6233230820624, 58.634391722216, 38.227682534467405, 12.700907900014782, 55.47914077058695, 47.84601626819026, 78.4491987666021, 28.18898648622402, 65.23252036294664, 64.42475125360758, 17.714534301855, 10.02240306543364, 22.378915263641336, 25.44498014675888, 15.011619208143296, 24.520519383012587, 55.76170025500692, 72.64813675959529, 45.04906339020775], [24.675035299104955, 106.94703164632404, 70.75667596646406, 80.95459870242932, 43.16791202609085, 51.00577081433403, 0.0, 36.01491297824888, 42.8614908440759, 50.8521198785282, 40.47633085591296, 69.73020279307548, 60.87993835243942, 68.51769589308853, 60.26090771755454, 76.59179782464594, 51.120570520160115, 64.5920372671615, 6.735473820539979, 78.41086734076787, 77.78659528056106, 77.36067577229306, 75.2347213653508, 68.06576071456846, 53.341651820411236, 100.57716947565203, 47.72888585528919, 83.79453504854666, 94.36072471819237, 66.92622145944401, 59.797209120489434, 87.404529895006, 65.52725633041874, 83.51399597435675, 71.75492586883168, 67.58389362611793, 53.953375028347104, 91.98412174567297, 99.65298336332664, 104.52149522992272, 31.80038020977185, 73.3957408962531, 108.21659119280139, 85.39991565870382, 10.96475228038377, 50.874338676555816, 40.69781506437294, 74.65616392503084, 46.83326376095358, 30.95033001818981, 57.556975908267624, 71.76481056396211, 46.97396145086695, 84.5291784606128, 96.46098478257667, 71.72213872522298, 82.68974773308439, 51.53888522835285, 53.51060198102131, 90.09997104471822, 16.10453001050724, 97.58353680780307, 40.23301831234294, 84.28567469278957, 58.83022201803761, 57.87934988449043, 105.90415427997067, 78.23080384278381, 44.65079852888601, 99.30997152809364, 65.99378372242906, 45.849044017297, 91.93746458647249, 21.473896498065155, 100.66253755336672, 51.76272216266292, 68.91385601066372, 48.11458237889817, 68.59332423907028, 41.71045379193852, 52.232206624188414, 58.148101573606965, 56.74482240091061, 75.43706575559058, 69.14574150218057, 66.0648614663941, 70.5647597638544], [18.051657020136442, 70.93530334867721, 35.22422509978634, 46.59249133330944, 16.68491573090955, 41.02054636424562, 36.01491297824888, 0.0, 8.023399328323029, 35.36830215743114, 5.7603288282363145, 54.90919301035157, 35.38834429763281, 32.648335677960425, 35.59657554958092, 43.17044765097565, 27.180322080594692, 49.6569203260335, 33.97496106943773, 43.464549608085505, 41.78297517127494, 43.34945733981518, 58.06895768024391, 38.87809289385982, 20.99018999652347, 66.80631884844642, 14.075654248427192, 58.05623135957403, 66.56465308315394, 42.924455522909504, 31.700181457167783, 72.69465722242815, 32.78034362457957, 67.25671417760132, 47.471494712945045, 35.470823221499444, 19.75646778793432, 55.98139151905956, 64.14752608828188, 68.72869756371956, 34.687448443589446, 42.780889074515244, 72.2310129886047, 51.40862547316153, 39.248939849744744, 15.681990737715548, 4.913762394450656, 48.7249386818642, 33.65298127923169, 6.557296579279038, 29.008895711099935, 63.94787071252616, 25.43037618366339, 49.88892946958621, 69.36960487015372, 35.82179623895164, 52.405126718104185, 24.58111388399011, 32.178975375810175, 57.77226382225593, 24.76786923043737, 62.792226401281425, 17.09582436641428, 75.58706548832183, 27.228471031080975, 31.613932731237846, 75.06733573653769, 58.91103285997899, 14.319672095631054, 68.73566737614185, 33.4921063868977, 28.930521555618547, 59.78310888601435, 16.568845382345675, 64.71241720147682, 22.301733551841266, 34.25037457174669, 23.56719357326216, 53.692725176630965, 37.75224423519349, 26.463873269739622, 30.757637257885612, 36.057156390164074, 62.115019563471286, 33.13125175790408, 35.609387563245825, 36.48813255007089], [21.753183066701787, 64.57563342003826, 27.8992376028652, 38.76166153438208, 11.929580018496091, 38.0211511455134, 42.8614908440759, 8.023399328323029, 0.0, 31.400910917773228, 8.73123703321613, 49.82895054706037, 37.30911792940044, 27.229547747122773, 37.82603745077808, 40.3227727875538, 30.560850530200916, 44.78322120244523, 40.04060105448864, 39.22654028617103, 35.29397526821863, 35.438958756706704, 52.34942213577267, 31.185555447388413, 13.101608014756389, 58.90658924159429, 14.159017482113434, 58.65689817565555, 66.08606609621486, 36.17557047049486, 24.41181462453464, 67.12686255144472, 30.983547211042758, 61.488981852423784, 40.52635688433645, 27.465965088678608, 17.952147783842555, 49.762944870880766, 58.9302909291379, 61.66990003733543, 35.871294347673064, 34.85898129666857, 65.54669376107373, 47.865981023481396, 46.92345108571974, 13.147432338051647, 6.441753191503935, 41.43056640065983, 30.577060116224974, 11.929819142309334, 30.154344601258813, 60.12448020548573, 20.821090983289313, 45.813059303312656, 69.11328309872044, 30.237210611413193, 44.46572029425781, 18.097782290690414, 26.77761792956418, 49.75180864731351, 29.91813420522627, 55.11737959967316, 22.51731609671459, 71.21662006335508, 19.341424472993108, 33.5572797535801, 67.05623946738116, 52.70650216389987, 17.147359761664912, 60.74047445203411, 25.475166952198975, 25.368391666221864, 51.76080742509632, 24.450785111192392, 57.928314064003125, 15.160588012660753, 30.64552454594995, 27.233211375401563, 48.64335664751416, 36.72778818774297, 20.197727188922048, 23.689955916607396, 30.51652719242039, 57.11761746328569, 26.87708006043996, 35.12454447127185, 28.565948534314934], [28.15113499857418, 79.30905263455267, 43.36492800000103, 45.61621117932244, 19.477536269901734, 7.852615717185412, 50.8521198785282, 35.36830215743114, 31.400910917773228, 0.0, 39.401742712649785, 20.29758210564369, 68.67771910198203, 50.8231956574994, 69.2219669677421, 67.67656869681669, 61.79110581585908, 14.887352794746606, 44.73587797804661, 63.97134761116085, 53.40195055605923, 41.82031137414649, 24.864897604413585, 25.485996005364917, 25.78424974692181, 60.34598553543898, 45.49961120126711, 89.33601544733435, 95.71987225907158, 18.373018599804254, 19.399348076334427, 38.52784116454102, 60.36392260593366, 33.726301396073815, 22.644628473657505, 30.55850489158936, 48.340600212202965, 66.76736407197716, 79.03699346226317, 72.37572576375172, 22.49012577162222, 31.47657944867313, 78.35747208172248, 73.3978597883146, 59.9764802112776, 43.61388358191595, 37.175940725533835, 26.47879308986885, 4.241840534940723, 32.04593168114572, 61.419897921313904, 28.752397859152783, 10.664059110895275, 70.31306183867015, 98.93546665741744, 52.7468799845976, 38.26597863254561, 16.47659985110056, 7.946631444842345, 47.97956684057597, 35.00210231987395, 60.85031284712424, 52.455480144259845, 40.21893849855382, 25.41097692797563, 64.94054117021479, 59.86024536064055, 27.427135639931315, 48.365001817447656, 53.39971748838194, 30.519995539335355, 6.509906641861035, 49.242148675336445, 44.396250882719535, 70.91109676091246, 20.46689884457886, 57.605730993987265, 58.338452090389495, 19.07055908943353, 14.168554951050849, 14.554224709134683, 17.715436866134798, 8.127287317853558, 27.195806702409403, 47.92991351679517, 65.47826541370237, 37.337403022536954], [23.80471519408078, 66.70343246945211, 32.30307869875432, 44.485572596210126, 20.059145160999297, 45.54918667331801, 40.47633085591296, 5.7603288282363145, 8.73123703321613, 39.401742712649785, 0.0, 58.3307041769121, 30.079510148295324, 28.096705386589527, 30.39385994385778, 37.56789526096858, 22.426633742203677, 53.20783360301952, 39.00158544233903, 38.235559120450894, 37.852398706963854, 41.533626297319856, 61.014960276982954, 39.44167403538036, 21.27141705214305, 64.79317241090139, 8.325365383123556, 52.477233109049614, 60.844369278244265, 44.890450574909615, 33.012831846095324, 75.77244977449087, 27.06561790917258, 70.16886543645786, 49.201529628228954, 34.943377994119544, 14.154295378394533, 51.711573513006485, 59.22929097564808, 65.16844663078984, 40.350809138258974, 42.65554562946408, 68.27084607752482, 45.9293221378087, 42.57685027607515, 10.444487791555936, 2.3072056738298587, 49.973609265326544, 38.108044694205105, 12.300469366837003, 23.45376572322973, 68.14248712614314, 29.032638405453763, 44.56921196307847, 63.67329780784141, 31.316878123417187, 52.14920281242821, 26.820497628915493, 35.31787170714873, 56.57788926349163, 30.250574277348896, 60.193788891175366, 13.786662599401328, 79.49016984910045, 27.39131280092881, 26.29114685962092, 74.25024477171267, 61.4327065141465, 9.094431823809481, 68.09082349675859, 32.84950651259855, 33.12365082141735, 58.63474984235218, 19.817737105453773, 60.878621558111014, 23.855548621089312, 28.885972752355737, 18.938813285166372, 57.133555002064696, 42.97382429528157, 28.902359479362563, 32.36816481147105, 39.10847421904093, 65.60311354738019, 29.141862853615677, 29.86110252616891, 34.80319016963473], [48.24156608192159, 84.19768327599546, 53.366764973489836, 50.38875596012595, 38.34970613175815, 18.804122334308595, 69.73020279307548, 54.90919301035157, 49.82895054706037, 20.29758210564369, 58.3307041769121, 0.0, 86.32043624640508, 63.62457331692288, 87.03843949258513, 81.35759381482467, 80.34723909645162, 5.410769123515303, 63.2807701792639, 76.20188384324355, 62.989193421577134, 47.30837851063864, 6.452982420393104, 30.527072431251117, 40.828892495028825, 58.8715128783747, 63.4019850860874, 105.37872578998227, 110.43207422128033, 19.13679051865293, 29.808974684989238, 18.2375226710178, 75.842929084265, 13.786796376364356, 19.12123995032662, 38.33478618625226, 65.1371270609569, 74.14263930398326, 87.33723188038125, 75.34392074260587, 38.79260872884797, 34.68033982056864, 82.11103865572304, 85.54775159956174, 79.4333879794512, 60.71238018347097, 56.03688403962129, 23.080807899465178, 23.564599007477774, 52.15346694651353, 78.84780292843521, 14.464923142561485, 29.479272559075728, 81.96587009235554, 113.7936489052348, 64.75809566789077, 36.564461878220676, 32.2661212838348, 23.05310829503872, 46.653286691948516, 54.39386286000953, 62.07521674314878, 71.83114132854156, 22.12807034351358, 37.63262181934157, 82.69816893324338, 52.53286779494703, 11.233700641997755, 66.96908688274598, 46.9897493904341, 39.41693649418789, 26.700598647879588, 47.11253446877611, 64.69322352427879, 75.43636474337043, 36.063357283219084, 71.63264634210317, 77.06041707026495, 1.2302527963608958, 28.643299662350007, 30.038291672976708, 29.15207109926931, 19.396293580620064, 7.296290465385544, 59.84416248103312, 81.61491255737099, 45.53773835942074], [52.37381913131795, 62.71086649091358, 43.64417583494296, 56.58996815363124, 49.23278760486847, 75.2955371708047, 60.87993835243942, 35.38834429763281, 37.30911792940044, 68.67771910198203, 30.079510148295324, 86.32043624640508, 0.0, 31.789948713814894, 1.4993703449927218, 23.819072923689433, 9.78064390258429, 81.52753017660923, 62.21914115471913, 30.54102893346403, 41.793659095710005, 55.4426032389246, 87.97820829308222, 61.728324852581984, 45.82488438445938, 74.59163753814691, 23.178191114447554, 23.383897440200286, 33.49382815741714, 70.26561002171503, 57.86556363395912, 102.73771891628525, 16.40198385119582, 96.85366867699744, 73.75534942903828, 54.69377049968157, 21.465582177882727, 49.710977629647935, 50.074153721055495, 66.19215720128932, 69.83066202759305, 62.52339345279936, 66.1596533160098, 32.004097892624046, 57.63388224181283, 25.63324107486726, 32.05095617360364, 73.2145083849094, 67.84162265755425, 41.33765730633656, 7.54181432287452, 97.3378919127595, 58.043572440289466, 33.550030755087306, 35.72171318432138, 33.72597011542674, 70.53027878412533, 54.05665538228878, 63.45513181122004, 70.92129787118517, 56.51270225307736, 67.51916720762259, 21.298964104594035, 108.12164729798582, 50.41273593652138, 3.7887748879167624, 88.6912671490877, 87.41391732497272, 21.076577945520402, 83.66253573487299, 52.633012289565904, 62.67272990689108, 72.95551065640508, 40.48816655212699, 60.598372832633345, 50.2877551342537, 24.12037555701686, 13.092156426225793, 85.18171076510033, 73.0466439821046, 56.28677632169895, 57.92279870370952, 66.95033913526093, 93.60045395444236, 36.060403551039805, 10.838936331781474, 50.63657613388739], [48.98153007846034, 38.678116874858674, 12.520871316924714, 24.875989165939508, 34.97102266033908, 58.59986637167423, 68.51769589308853, 32.648335677960425, 27.229547747122773, 50.8231956574994, 28.096705386589527, 63.62457331692288, 31.789948713814894, 0.0, 33.15106396653304, 17.807494180925392, 32.63621731471695, 59.85602069034565, 66.5995938562349, 13.161334830205048, 10.968439382197738, 24.11801112709827, 63.45098138581611, 34.468484168568885, 25.143700799713283, 43.07203315390133, 22.010173921442714, 43.74057684476106, 47.1027605504622, 45.08766149866369, 33.902001594151315, 77.4855619416065, 15.846308213246006, 71.4613170894583, 47.32162417117547, 26.475178674108697, 16.455988883618918, 23.698868824973104, 31.710567234947167, 38.228983681215865, 62.00015503610672, 33.34750012072803, 40.53187803507096, 22.57469973184651, 70.40479977520722, 17.941343907121556, 27.846656471138658, 45.583147182201415, 51.91493933357022, 38.53723222245986, 25.46124141253652, 76.87535522003459, 41.11108989380327, 19.62221521037575, 50.52762719354132, 3.2289772661986498, 39.998236049532096, 34.35646143934162, 43.47698255566118, 39.256175319895085, 56.94828973783235, 36.48194700650816, 34.448208201772644, 85.6556891150585, 26.226960326347967, 29.672585867511955, 56.919763147692535, 61.60278519551739, 26.874587333758086, 52.024763626347685, 24.834905061958793, 46.66037868509164, 41.264044016508855, 47.822798150582734, 33.418497055761115, 30.428822181949123, 8.901753491838676, 31.82861365969227, 62.678235642183985, 60.60672425804496, 36.289493144099204, 34.82904991149728, 45.86375700134346, 70.47395454733201, 4.541406757173911, 22.3847623499702, 20.560616339906698], [52.35973455341291, 64.20509024122062, 44.92859830222061, 57.9183109412796, 49.75560975363063, 75.75577076742607, 60.26090771755454, 35.59657554958092, 37.82603745077808, 69.2219669677421, 30.39385994385778, 87.03843949258513, 1.4993703449927218, 33.15106396653304, 0.0, 25.303741074174518, 9.334264300517203, 82.20658513221194, 61.750243400197725, 32.04014261879688, 43.219891077883766, 56.72245050824521, 88.78793782551863, 62.749290924418425, 46.65672735568289, 76.00504023194894, 23.75266328153167, 23.7286495136278, 34.10851731966322, 71.1539750550476, 58.746440675348886, 103.5621722267633, 17.849018857560242, 97.69467008557244, 74.69874582987381, 55.787665632725265, 22.384757893390315, 51.20852955710967, 51.538818153611956, 67.68716865341536, 69.90001090647485, 63.64467017474767, 67.65835268958939, 33.4473322530906, 56.78341143186812, 26.42157104817233, 32.41918734327725, 74.22425352133607, 68.30028369861031, 41.43408445259448, 8.502419771001325, 97.91701355301132, 58.60792019050202, 35.02987278974696, 36.22839191648541, 35.131335154394925, 71.72681562199092, 54.773137905530255, 64.12429503298657, 72.23465983155064, 56.27578478620561, 68.96004607817692, 20.99881056690944, 108.78559629982058, 51.34882666205301, 4.343713173031905, 90.03069622871251, 88.29420929311885, 21.33135967417427, 84.96719151355613, 53.71523235459758, 63.164652692229, 74.2735605060901, 40.06900097379061, 62.09558919949813, 51.04206882453219, 25.565012339381298, 12.821410171067024, 85.89271916493657, 73.31628914704271, 57.00017100011543, 58.76402004925627, 67.6538177024217, 94.32477881701972, 37.3912038792917, 12.338164393419289, 51.84009337735455], [61.057605116739985, 38.96228136851417, 29.593138134142293, 39.95062890563313, 50.310120852214425, 75.31426092877976, 76.59179782464594, 43.17044765097565, 40.3227727875538, 67.67656869681669, 37.56789526096858, 81.35759381482467, 23.819072923689433, 17.807494180925392, 25.303741074174518, 0.0, 29.91447833578168, 77.47368059393565, 76.10211349658232, 8.035736133772739, 23.091907366377107, 40.251738713706594, 81.25844991550694, 52.22846436973231, 41.91745504877212, 54.70641698443048, 29.405415523039135, 27.147669360701897, 29.323288046322507, 62.893776130325186, 51.57412960991231, 95.26198535555287, 11.104169988048119, 89.23876822661128, 65.0888953963465, 44.196168257961574, 23.421578161303437, 26.740097458184156, 26.380024831974026, 43.27348145924251, 76.1928305485746, 50.74579640185535, 42.582450066007326, 9.007440809703144, 76.00811775250394, 27.684532440515856, 38.353914054407845, 63.21728574401825, 68.32300937220351, 49.69158511653146, 21.432328893796235, 94.4319099868955, 57.510367919577384, 9.74843861641382, 32.76340671432907, 17.353474745687347, 56.5271321728618, 51.25273653488979, 60.6521146262098, 53.97823887079388, 67.81128971317251, 46.89923065994541, 37.389257900581455, 103.42122164952335, 43.808913865979584, 23.907388598360892, 70.57629570502453, 79.37322973346879, 31.94197899883443, 66.54719090702437, 42.61481492485122, 62.968813725259395, 55.81424729344878, 55.11828157558927, 37.5439362668715, 47.22562421837278, 10.084833811315962, 31.17135862233357, 80.39257958007478, 76.23530633999472, 53.311175051086096, 52.400939727925035, 63.277831487162125, 88.25055106835325, 21.963395742574022, 13.229213734607898, 37.91418941309417], [43.32709714504273, 67.62534755553108, 43.03802189168358, 56.341397109649925, 42.36084089528532, 67.96181653264321, 51.120570520160115, 27.180322080594692, 30.560850530200916, 61.79110581585908, 22.426633742203677, 80.34723909645162, 9.78064390258429, 32.63621731471695, 9.334264300517203, 29.91447833578168, 0.0, 75.33808351027174, 52.451234698164896, 35.177263932431195, 43.46459787747573, 54.56103226851036, 82.58597791351251, 58.105400004724615, 40.925088562755484, 75.54732182182946, 17.26377293757497, 33.05846938272861, 43.2719722582244, 65.51765012070192, 53.16685570992969, 97.39514653527772, 19.91522585912184, 91.64183184784805, 69.40053001970668, 51.8096078353987, 18.241374354622103, 53.65287935687095, 56.144720399104045, 69.70504169224131, 60.99404758416065, 59.80642936620138, 70.60202231205277, 38.76029642052291, 48.182728644300695, 21.050720025963756, 24.62013542093604, 69.3992610026793, 60.52741569897089, 32.665004774062524, 8.517085163780958, 90.5422614962797, 51.32469675536026, 39.49099602877544, 45.49223030184975, 35.23500823146573, 68.50684905994578, 48.268607475999836, 57.29846964724326, 70.30481986377853, 46.9781140772162, 69.11788428461304, 11.694502354449863, 101.76891825012419, 46.22910845143601, 6.921322061478088, 88.31668378614074, 82.51417362323944, 13.43524473272345, 82.83311246537481, 49.66903940178544, 55.54625132901862, 72.38585769577836, 30.743976426760835, 64.3668819705425, 44.78753895291091, 26.892840853293237, 3.6615673575017005, 79.17001127663902, 64.8935490466324, 50.457782585916, 52.93543498432831, 60.97948646726596, 87.64168791659655, 36.29440282748608, 16.975568736737692, 48.93037691180313], [42.859372484771185, 82.49820476472422, 50.14946818402198, 48.39756382346186, 33.174809303165496, 13.938671933399242, 64.5920372671615, 49.6569203260335, 44.78322120244523, 14.887352794746606, 53.20783360301952, 5.410769123515303, 81.52753017660923, 59.85602069034565, 82.20658513221194, 77.47368059393565, 75.33808351027174, 0.0, 58.199185861940364, 72.63921154039619, 59.968920186433294, 45.08467538215874, 10.745097979703127, 27.917838607833712, 36.36088309782676, 58.65013600685506, 58.50556208354284, 100.9913652497476, 106.37439784014786, 16.736261221873004, 25.961776203530455, 23.646794303086704, 71.52150855134646, 19.041774141814315, 18.073706937198423, 35.35808278664341, 60.484291525438394, 71.75011001015088, 84.78808833571073, 74.08621164280473, 33.99659383858198, 32.707164395849944, 80.69305126231211, 82.04500946107798, 74.185786374399, 55.97837970150615, 50.92318211298635, 22.36042090086329, 18.197539028180422, 46.785557829513984, 74.09105717305252, 17.073556037641804, 24.248881530569154, 78.56818444898671, 109.7059049324132, 61.17981992963936, 35.98687895606829, 27.517974184025256, 18.085997609542, 46.21125504215714, 49.13641131172491, 61.16025881167614, 66.63083670374677, 26.60842901843254, 33.66622192351207, 77.87334534150402, 53.90201690436028, 14.622899661292255, 61.93021251862414, 48.01172992812607, 36.21098730385093, 21.3031039302889, 46.902849448107254, 59.28254957448335, 73.77549941531645, 31.420103322265152, 67.62782430556578, 72.01012941346845, 4.185908306051018, 23.93716240377728, 25.28617721294585, 25.074142380033667, 14.62915814809968, 12.46155554402451, 56.2505608331498, 77.15925476971015, 42.62399999031105], [19.983438170411386, 104.58850630638497, 67.70330783908582, 77.19840367648385, 38.71264451494714, 44.5093963594316, 6.735473820539979, 33.97496106943773, 40.04060105448864, 44.73587797804661, 39.00158544233903, 63.2807701792639, 62.21914115471913, 66.5995938562349, 61.750243400197725, 76.10211349658232, 52.451234698164896, 58.199185861940364, 0.0, 77.23628376102803, 75.31338326353327, 73.5048234462918, 68.88475733476874, 63.17923654087693, 49.445199266613535, 96.45967752034787, 46.79267269078792, 85.46253870884023, 95.65566144386831, 61.309284897404915, 54.898731653518766, 80.84571763892616, 65.17678098262725, 77.05221641900458, 66.09831095404374, 63.304675497269486, 52.959458948113266, 89.7172818174135, 98.11466937073013, 101.53634781817682, 25.11212487044864, 68.69576582127078, 105.57879274891363, 84.72292115998034, 17.578588077588396, 49.431366514740716, 38.8442554636929, 69.16918857150176, 40.642838672014506, 28.19597220979883, 58.161936219761394, 65.05046439007727, 41.61997285159506, 83.53915236649783, 97.94062436699488, 69.7530648160159, 77.81178104881349, 46.71879029175353, 47.8870604576099, 85.61622066538754, 10.948707064732254, 93.90640789866373, 41.06099529874527, 77.56353958130227, 54.61045672700828, 58.981723965887596, 100.96252706163422, 72.01290592252802, 44.40247130639766, 94.35343799243608, 61.83797085523328, 40.03113912353397, 87.39460684493078, 21.777573415652494, 97.94374287033439, 47.342522796140464, 67.85227807960678, 49.196022166283534, 62.1584297214011, 35.08780863147685, 47.21163066926112, 53.18099217001207, 50.96449835255327, 68.87248412734306, 66.80121525552985, 66.38045361914979, 66.80977719337506], [60.753510384512296, 32.482711331294084, 23.238365273253915, 32.44218033812999, 47.9033347631032, 71.75628126805996, 78.41086734076787, 43.464549608085505, 39.22654028617103, 63.97134761116085, 38.235559120450894, 76.20188384324355, 30.54102893346403, 13.161334830205048, 32.04014261879688, 8.035736133772739, 35.177263932431195, 72.63921154039619, 77.23628376102803, 0.0, 15.516572114450947, 33.091416412241536, 75.61494076926768, 46.3460664338975, 38.30409703770716, 46.67411570279265, 30.685904032192088, 34.94406949544056, 35.913419153980264, 57.36975653361196, 46.694548835104364, 89.27473349587781, 15.264660090050766, 83.26963680964725, 59.15564558249695, 38.27447359553366, 24.462460589292284, 19.208061299209334, 21.622942840088292, 35.74693011876001, 74.67752440183946, 44.25079933759454, 35.68722248338492, 9.449781991832594, 78.91397037609947, 27.825441708332164, 38.55079842735536, 56.955131383206435, 65.0716756564802, 49.769413808022634, 26.72902628097075, 89.70007177377451, 54.26180135261322, 6.608840757376911, 39.38686125174895, 11.459655604521641, 49.36497083750221, 47.51143008515121, 56.57189714600305, 46.253155451695235, 68.20535722271363, 38.866937137594306, 40.82611896690013, 98.09849623874271, 39.166231345012484, 29.94470301466862, 62.63363760038555, 73.39874934623892, 34.32991053544938, 58.73124328685826, 36.90875661072342, 59.807513744878015, 48.04559618073421, 57.10300086397289, 30.09571201872913, 43.58996625277821, 9.531457814658738, 35.75054060835214, 75.3001880019391, 73.67004779272456, 49.428360763295466, 47.73484397626905, 58.85280313289038, 82.89881245767856, 16.388651643953512, 19.702244579674858, 31.551469430763365], [56.70296658678668, 29.28165922024528, 10.047740914834067, 16.92772442123348, 40.5464634926124, 61.24403571557282, 77.78659528056106, 41.78297517127494, 35.29397526821863, 53.40195055605923, 37.852398706963854, 62.989193421577134, 41.793659095710005, 10.968439382197738, 43.219891077883766, 23.091907366377107, 43.46459787747573, 59.968920186433294, 75.31338326353327, 15.516572114450947, 0.0, 17.736574733793002, 61.70489899799893, 32.523735710315826, 29.34782960874588, 32.82647861521769, 32.58496669580168, 50.239552343952255, 51.346936366180486, 43.871497597112835, 34.622794353956486, 74.83566129594645, 25.415935656973648, 68.88174554082329, 45.016832397408905, 24.66456749779167, 27.31710806508976, 14.568913560032698, 25.682014119843288, 27.50441415215626, 67.79388213350802, 29.545728018114914, 30.45954527619988, 23.726172925477595, 80.42328987644922, 28.22821607981403, 37.22827877684216, 42.39454350351373, 55.286850914698945, 47.12650350446314, 35.977217036977976, 76.9850787933436, 44.899722333424776, 19.75806354781804, 54.81869967706489, 8.239123461127505, 33.93631758944628, 37.56615841667472, 45.567457672646306, 30.89332702278214, 65.16886243407154, 25.795781300076708, 45.30831423074272, 84.46849615695974, 28.00523521026354, 40.04695319184069, 47.7858261547761, 59.06553980568112, 37.641061199173606, 43.51134927202293, 23.776207975064693, 50.37070786317029, 32.749063135806765, 57.664938767392826, 23.02675015093173, 34.11710028166201, 17.71858948413111, 42.77474189626809, 62.19366864423279, 64.88287476279572, 39.10283430080363, 36.01261537797625, 47.15814745530954, 69.33426015665756, 8.710569174485446, 31.620419114856194, 17.457700014388802], [53.61663636105472, 37.737537946613195, 11.80014440687494, 3.9001843873451576, 35.09902197111877, 49.291475032263584, 77.36067577229306, 43.34945733981518, 35.438958756706704, 41.82031137414649, 41.533626297319856, 47.30837851063864, 55.4426032389246, 24.11801112709827, 56.72245050824521, 40.251738713706594, 54.56103226851036, 45.08467538215874, 73.5048234462918, 33.091416412241536, 17.736574733793002, 0.0, 45.17051259529344, 17.26062669000046, 24.067273598727855, 23.467719210750957, 39.60706583321213, 67.22833374983266, 69.001940892034, 28.381968337536886, 22.54275563006193, 57.623872753796476, 39.926498316985516, 51.74998808501415, 28.50045106330507, 11.4287756013964, 36.4293880964182, 26.848413070795417, 40.11883664939601, 30.621147949376173, 60.32346513734147, 12.683522745740403, 36.5464735174593, 41.45166362038662, 82.291186991697, 34.912970809347016, 40.00618099648182, 25.342092407275782, 44.70239177086126, 46.79595291895617, 48.566867933972944, 61.67842092114671, 35.88490278346255, 37.454487251778396, 72.47539472573011, 23.234429826373255, 16.288527866514404, 28.69762953351525, 33.95633327850445, 15.750609851598364, 62.647990952281816, 20.504346004704434, 52.794848334852205, 68.02524771239835, 19.241608972470637, 52.91628744590678, 33.77935215338476, 42.06647735124599, 45.04543452678071, 28.32182799579133, 12.150296648104622, 40.67624965108414, 17.836618587141512, 59.882554426958045, 29.178800095359442, 26.70611904993829, 32.89546638628418, 52.849849413408656, 46.66794684096791, 55.0835855967100