instance_id,num_cities,city_coordinates,distance_matrix,best_route,total_distance
1666,70,"[[11.495242372111903, 72.0247377775476], [92.04094176658117, 59.07347269978991], [52.3556913419321, 44.9548553086217], [92.62882033071382, 74.32683097516689], [6.215237680070141, 92.8404263622676], [47.16988084315287, 2.780453889008505], [28.66361353985425, 24.595176400072173], [20.461923450286502, 74.66841374816507], [26.523233554225044, 19.41715808821316], [27.416047437851542, 71.69762243202734], [56.85193248531428, 78.93048680595051], [24.47333125402672, 29.025701934178716], [53.495569016309105, 47.12677900515677], [32.75258014911561, 22.85772759986412], [41.19850126967371, 79.90347774671011], [73.45779953136824, 60.96730327179362], [0.9758676956122869, 54.195227740875694], [8.689776647471891, 9.51801255426733], [41.06225011818482, 45.43555803933267], [45.6032819819265, 17.513100854256336], [74.50538098039303, 31.846503580052556], [47.39873741458227, 84.17151092542906], [36.08954957180377, 2.220265306069791], [61.21828044469637, 79.6963158728781], [88.50599869476554, 90.70420212781045], [66.47910550694928, 41.31489344071565], [45.551012254037225, 26.65962692729279], [52.17901700824432, 54.124678607993324], [12.811031039297038, 41.675506683360986], [55.768705778223705, 97.82232388175515], [61.087522122454494, 17.47592507451635], [52.05502924800612, 57.2192306378108], [29.213629676742016, 69.0794182879191], [14.858061522148368, 53.22577871108469], [81.0512781173806, 0.6692155390981891], [74.59269632992454, 7.1592315823554635], [44.649790510035025, 42.11976550164148], [22.54943029116221, 94.29770773911017], [47.80764705190235, 1.3808384766890391], [92.86562819004483, 70.38300409204197], [40.979296939690045, 20.66011342404963], [25.51316213980107, 90.68068468093688], [17.006973657864865, 84.04643790588861], [22.291246308093584, 77.28997790296519], [79.16875404091208, 77.16967997285397], [27.76700056091531, 56.60501690043952], [91.96828495739443, 27.99620377420777], [37.92277361188907, 22.43813357035932], [78.58225427393269, 39.71885503834124], [2.0011551214240586, 14.311169238569033], [80.73174584955865, 94.48234741922482], [4.842484732664065, 27.724809689269424], [93.01423656822635, 88.04183574402867], [57.586849124020546, 69.2223365934057], [58.621256993898484, 99.6358225997523], [77.25005200726012, 74.4847640163871], [60.99290426169242, 88.99115037335402], [84.63231960533047, 85.353807238605], [90.43181291247582, 80.52302164308661], [54.05595105930111, 85.92034766296018], [50.645033984870636, 48.7750515518355], [85.39578522959894, 38.44528746078639], [11.21255292853215, 64.49194496240852], [18.66732259352901, 80.99668702788466], [81.21041766574118, 3.554594114538534], [97.04292669534358, 86.39811655249284], [39.48451644462138, 7.136524694428958], [7.7971331829989055, 67.67396887794025], [29.058282013482383, 98.07891680521288], [80.3859339930916, 17.64486482280805]]","[[0.0, 81.58029760952428, 49.01382281455653, 81.16623131238175, 21.474900251317255, 77.8938423835676, 50.44121589546663, 9.348282847417197, 54.71195445000429, 15.924165233711806, 45.879393061246546, 44.9148959086649, 48.82556491481624, 53.56556075668451, 30.730410551069173, 62.94144379948038, 20.701417143093504, 62.569651877494024, 39.76421036821221, 64.30300868607482, 74.72996768809391, 37.90257318666885, 74.01043388370398, 50.31136676378847, 79.24379456966884, 62.97872453791818, 56.72555636312929, 44.447515531435, 30.37774066360164, 51.24114568173045, 73.72222987774191, 43.17753296661075, 17.961518743493354, 19.097366693300934, 99.64764253367434, 90.4921134128096, 44.64898015691484, 24.865242034984217, 79.4301658191566, 81.38694599045589, 59.2252826816376, 23.335518624522805, 13.224993600834075, 12.011513416886292, 67.8688044080657, 22.417357259115388, 91.73016074016195, 56.18937376612895, 74.46030637510428, 58.48926128980472, 72.78762013282513, 44.79668305618006, 83.07763743640038, 46.176722115904575, 54.61898259022979, 65.80081093155584, 52.32473305145828, 74.34175246061577, 79.39271375468361, 44.771664007978956, 45.53300004300728, 81.17185299232187, 7.538095310973609, 11.486279121328467, 97.71574202478615, 86.74675965403748, 70.66738752937073, 5.710096460865833, 31.421021725112386, 87.76729444725146], [81.58029760952428, 0.0, 42.121899984512886, 15.264682763922016, 92.22938057684911, 71.98830512815957, 72.1487258992798, 73.25816029239844, 76.58455051752796, 65.84638276672015, 40.40504155930728, 73.94762009935802, 40.354296557997436, 69.47438388662516, 54.943997542373054, 18.67939425060702, 91.19564128526221, 96.96989407515869, 52.771391098474844, 62.319505407330965, 32.38523953181805, 51.21364986193889, 79.76744623897112, 37.08555124985206, 31.82764312150087, 31.125144341272605, 56.6742529182744, 40.16794254629317, 81.11761815636741, 53.076817646852035, 51.85045955536276, 40.02888224229537, 63.61910162480016, 77.40408598912587, 59.429201253380235, 54.76796234676738, 50.33238922583931, 77.90902965153373, 72.6981733258556, 11.339559427481305, 63.897400129228096, 73.65433667674007, 79.08062570139965, 72.08925771825561, 22.207339654145038, 64.32132455214786, 31.07735385911861, 65.3523082801818, 23.574085217578084, 100.55260807288809, 37.17104143262919, 92.66234176645366, 28.984709076230654, 35.917738488848215, 52.55644165763564, 21.360672272131612, 43.11667972240273, 27.304645498526664, 21.509822071323484, 46.51466665816548, 42.65769167702957, 21.672104919818942, 81.00980362780554, 76.57881767843944, 56.56541462468706, 27.778697141957938, 73.88927128301039, 84.68168526415631, 74.08265721095516, 43.03683023672661], [49.01382281455653, 42.121899984512886, 0.0, 49.84614200821537, 66.4978900361222, 42.49203178987703, 31.23829502131873, 43.590228096057515, 36.324782926742024, 36.567217989328206, 34.27185025734274, 32.11174133083018, 2.45287049313935, 29.539211590952615, 36.68636123450454, 26.489572661935416, 52.20412589646229, 56.235948738335644, 11.303667094777138, 28.260306433207205, 25.737863860857317, 39.52869173151493, 45.725622475501886, 35.85407323780966, 58.30821088051612, 14.58492886771883, 19.519708988973598, 9.171525127364733, 39.68040178547592, 52.97752260037825, 28.83290612460887, 12.268060152686985, 33.42977052056366, 38.3989637364206, 52.76982651272693, 43.85195051184725, 8.21088557006339, 57.64659819801688, 43.81072528198573, 47.82933967754352, 26.82642042527003, 53.02238061190141, 52.70373489485189, 44.152361300205904, 41.91342576605567, 27.20900548421289, 43.09006190305889, 26.745314954969743, 26.74412649642094, 58.9458634167182, 57.080407708649446, 50.54086736829862, 59.241920824360164, 24.824899992717917, 55.03876358379424, 38.62311097289277, 44.875346573028736, 51.709341990540814, 52.104563046349284, 41.00076154097473, 4.185719523562628, 33.67524725479252, 45.546193152054876, 49.33477295587821, 50.463619154399034, 60.94663982582584, 39.94863293883221, 50.01622963177679, 58.0080614338295, 39.134768217252976], [81.16623131238175, 15.264682763922016, 49.84614200821537, 0.0, 88.37454656560848, 84.76673435663602, 81.0233617333542, 72.16770527140959, 85.93614361615344, 65.26575277999443, 36.071863701652646, 81.83741799244815, 47.6576770899255, 78.95715762704505, 51.73177657818209, 23.366750286382118, 93.83786642669946, 106.04690471470785, 59.108517282508025, 73.75094024651432, 46.1848164387481, 46.2890713227564, 91.62994025176025, 31.866179312836394, 16.888337517745338, 42.11407846721475, 66.99613686658404, 45.214085737665435, 86.23797577272835, 43.71162581906824, 65.01445219631528, 44.032970739275775, 63.63192395008878, 80.58253739062572, 74.56194602764401, 69.54702133927124, 57.786524112024054, 72.8694505745461, 85.6157426860109, 3.950930073577575, 74.48348702384516, 69.0793753983717, 76.2439142036898, 70.39996135725715, 13.757004577650898, 67.23926202710014, 46.33533558542183, 75.40018876614249, 37.349939978953365, 108.69799149464006, 23.40481199105952, 99.38907940847757, 13.720419143963493, 35.41180041941037, 42.39173765205717, 15.379579252761499, 34.86937695081765, 13.621241843733785, 6.574163094189881, 40.27748593221326, 49.14805944930064, 36.603305339113035, 82.00813118580072, 74.26163294253345, 71.68744262195672, 12.853025732784577, 85.66711325611895, 85.0921601465875, 67.86291272278595, 57.989081323755165], [21.474900251317255, 92.22938057684911, 66.4978900361222, 88.37454656560848, 0.0, 98.93473322599918, 71.84249244802601, 23.090909420860566, 76.17999094557877, 29.9414844725211, 52.51248688892799, 66.37527427279137, 65.76600402909415, 74.8452314539057, 37.29870468074271, 74.41409879764825, 38.99874836864472, 83.35915058284138, 58.83481806360006, 85.00367052142445, 91.5631054974734, 42.0859922686114, 95.41744128227191, 56.55176702742878, 82.31848396537434, 79.28817256252974, 76.98831973219261, 60.096406999933755, 51.5883077430011, 49.803267999694555, 93.22432973359153, 58.053045362253606, 33.06828600248033, 40.546500619567254, 118.72642946262602, 109.62091036990064, 63.63804121261129, 16.399070622067182, 100.47280594048296, 89.5132727060872, 80.11577492644905, 19.418402935966657, 13.921055936435144, 22.366369859539237, 74.61761080209519, 42.16021088821208, 107.50980569416383, 77.21302134501128, 89.77130070695964, 78.64224511171491, 74.5345952865562, 65.1300851017366, 86.93154019058672, 56.54075191115021, 52.844756318349795, 73.36808016197732, 54.912746077447316, 78.77365170903136, 85.11257253127499, 48.33861133543596, 62.57606616646598, 96.06451085783254, 28.78557898272444, 17.185126712154315, 116.60290245638318, 91.05587541471634, 91.93477943957866, 25.216125310853023, 23.436007691991104, 105.62037997845447], [77.8938423835676, 71.98830512815957, 42.49203178987703, 84.76673435663602, 98.93473322599918, 0.0, 28.607062899498217, 76.6889415809794, 26.51535349349928, 71.69232911679788, 76.76307469905588, 34.69793089226176, 44.79521048249613, 24.717513608025005, 77.35385047278626, 63.84954275523939, 69.11849116491041, 39.06549776565338, 43.0901504191802, 14.815705133223389, 39.90068686620944, 81.3913787869216, 11.094482968182499, 78.18828144988433, 97.1558549105644, 43.10161468763248, 23.9339850526641, 51.587991404144034, 51.897549958734956, 95.43006256930859, 20.24000029998547, 54.6575254548116, 68.68755081031239, 59.90646429424804, 33.94711193347939, 27.770208917278186, 39.4199479127372, 94.77116828258985, 1.5380731580210603, 81.5978315860455, 18.9210347009565, 90.52880225801279, 86.68310751294113, 78.55326616452962, 80.97953348395968, 57.21499232385119, 51.407499972823246, 21.7240273108161, 48.48899549406842, 46.61728413150381, 97.65058146132739, 49.130737301451454, 96.80500084021817, 67.25352782917398, 97.52997725745657, 77.75811718467261, 87.31185580862108, 90.67410325670294, 88.96910479131584, 83.42457611379092, 46.12569461291311, 52.28001644858513, 71.42294842179153, 83.24767235910102, 34.049338323362086, 97.36135892580269, 8.834035250102394, 75.90376503131363, 97.0042630318797, 36.39034074130681], [50.44121589546663, 72.1487258992798, 31.23829502131873, 81.0233617333542, 71.84249244802601, 28.607062899498217, 0.0, 50.74048500796734, 5.602954588503225, 47.11896479520868, 61.2119864232009, 6.098198270250816, 33.53057006282612, 4.442789243819555, 56.71094786943426, 57.70139263323676, 40.53115233142949, 25.02548760437525, 24.249694758316913, 18.36050546591736, 46.41173760961297, 62.45273814716721, 23.575011610073854, 63.99954615844423, 89.17126411406035, 41.34683023682241, 17.01311821245977, 37.748717871323684, 23.303262744156786, 78.08265590740793, 33.19628875656504, 40.1433337397193, 44.48764203784363, 31.785289918528953, 57.59269921620507, 49.12731233869397, 23.720646645923882, 69.97018016175291, 30.089857167016348, 78.85698352012206, 12.929067183298814, 66.16056037220615, 60.583246429779216, 53.07870730872892, 72.90300160457069, 32.02239534595998, 63.395965253968235, 9.507096244846768, 52.159336156546615, 28.57704484743597, 87.15105894526567, 24.025835722688143, 90.36858561495646, 53.180231135062165, 80.79949865800657, 69.63916251271966, 72.0557041638254, 82.60815504547227, 83.32607231390725, 66.3742980009887, 32.67796210193417, 58.398329436969235, 43.54643106130131, 57.28050483177351, 56.602762536457874, 92.1701355054888, 20.54011828236041, 47.866401199946644, 73.48480024558947, 52.18721360724699], [9.348282847417197, 73.25816029239844, 43.590228096057515, 72.16770527140959, 23.090909420860566, 76.6889415809794, 50.74048500796734, 0.0, 55.58273771754568, 7.562105624656851, 36.638750310556496, 45.818648324699815, 43.00887563862704, 53.24854402935555, 21.387182019339622, 54.73831665193136, 28.264071082619033, 66.20542437046113, 35.76217711098609, 62.44051329719413, 68.9522392113144, 28.56397735798715, 74.11448516236082, 41.065319129789756, 69.90810171098263, 56.83342644373544, 54.169234709514306, 37.78913967363873, 33.868393396666086, 42.221705707215385, 70.15283335801551, 36.09152705503852, 10.384085522029865, 22.16280365484166, 95.63969486860402, 86.53109411791476, 40.55203343330628, 19.739981443599593, 78.22312502366698, 72.53041566103765, 57.774208075953126, 16.790111158742757, 9.99419907601408, 3.1967203092901895, 58.76009096932356, 19.484621045087174, 85.39001651152414, 55.07162114753863, 67.81920457408431, 63.117326718446265, 63.4432302106455, 49.47392068445684, 73.7745657706166, 37.522258229694394, 45.60160349433939, 56.788425512839716, 42.98722124037659, 65.05395742566948, 70.21439927076403, 35.42830376715984, 39.76790624829566, 74.35402668051164, 13.751777048664495, 6.577813841838923, 93.5283641059176, 77.47409880661598, 70.15992505265554, 14.46786686270636, 24.93890602915606, 82.71984146247381], [54.71195445000429, 76.58455051752796, 36.324782926742024, 85.93614361615344, 76.17999094557877, 26.51535349349928, 5.602954588503225, 55.58273771754568, 0.0, 52.288087253557315, 66.7957055050556, 9.824775533323951, 38.66949665614897, 7.116338775225418, 62.241130680201856, 62.683873909000084, 43.15300720783269, 20.39669746667978, 29.805035458182438, 19.17481895491105, 49.56586628903027, 68.03611447452332, 19.678605730811267, 69.5508672984064, 94.46536837577507, 45.562951145319076, 20.359511711582517, 43.16052832473776, 26.14304075645213, 83.68194350466226, 34.61875835210303, 45.616546125216686, 49.735081375618066, 35.764494501659016, 57.66101797320608, 49.60776162827111, 29.051341628924366, 74.98591753385418, 27.898657370367438, 83.6590149649208, 14.509400627574738, 71.27068448313148, 65.32612809715928, 58.02734690955787, 78.14668650269249, 37.20865221161623, 66.00496025334661, 11.793040591383335, 55.87754949306376, 25.048022931902896, 92.59236175070794, 23.21792291718082, 95.55312587860492, 58.69841580657978, 86.40206736385822, 74.87089777094862, 77.64469461060476, 87.88804004457401, 88.42077287819106, 71.97725166209851, 37.996673073274366, 61.87121340485375, 47.60413167967779, 62.07860921005096, 56.941277135886075, 97.25983712463784, 17.85521802491945, 51.76279187513708, 78.70259687673759, 53.89185023717107], [15.924165233711806, 65.84638276672015, 36.567217989328206, 65.26575277999443, 29.9414844725211, 71.69232911679788, 47.11896479520868, 7.562105624656851, 52.288087253557315, 0.0, 30.311477291267202, 42.773267089541555, 35.831100910647756, 49.130580177677075, 16.04032714977525, 47.27560348764813, 31.708310026344396, 64.93825607656134, 29.595859064382246, 57.155383639453646, 61.688872637088636, 23.55643845856063, 70.01666082066124, 34.735717251983424, 63.97837303577109, 49.4877027822993, 48.55201322261295, 30.364667239850565, 33.38613391856515, 38.55351165332784, 63.82601876793955, 28.578020463075553, 3.1758927635863414, 22.33633856991624, 89.00434009526614, 79.94273008942679, 34.23231690774679, 23.11812748342459, 73.21384732850392, 65.46278211333288, 52.80898657225424, 19.078197629847296, 16.15060557888408, 7.585382411777069, 52.04119574406974, 15.096685392055553, 77.95386687961991, 50.36753456155067, 60.33756944070683, 62.76242316530318, 57.98023275108792, 49.428473511880625, 67.60366651279074, 30.27217062532879, 41.88446170178949, 49.911884052148366, 37.76865661929421, 58.823406771577126, 63.63076590445391, 30.198847295132563, 32.63479847890918, 66.83837053249724, 17.73344360550753, 12.767646171459848, 86.81766281404573, 71.1618355758423, 65.67939772296253, 20.02727101885271, 26.432359471036037, 75.68031109103619], [45.879393061246546, 40.40504155930728, 34.27185025734274, 36.071863701652646, 52.51248688892799, 76.76307469905588, 61.2119864232009, 36.638750310556496, 66.7957055050556, 30.311477291267202, 0.0, 59.48832970249341, 31.980322162453913, 61.03223007565749, 15.683641802642356, 24.46284494969925, 61.10619982783531, 84.48482015539358, 37.03004621028229, 62.43898970424431, 50.28464696291541, 10.8088496550867, 79.47033803129312, 4.432999961893901, 33.772774243057434, 38.828022414323364, 53.47853392276153, 25.242112815881317, 57.68478607147941, 18.922866807059158, 61.60035208646863, 22.234858332507585, 29.34142690949578, 49.236340407399176, 81.91724427325452, 73.9313720835793, 38.78042639951735, 37.587406614295006, 78.07526532131129, 37.0141289112346, 60.3935176424619, 33.46917502524005, 40.17205122492623, 34.59959968700661, 22.38617799107016, 36.6655133817706, 61.86646425084471, 59.57935069930003, 44.83033516398788, 84.76003763742173, 28.497471025441136, 72.98632765466043, 37.2924780090626, 9.7359274347738, 20.780794969172053, 20.876966521820922, 10.879549561872526, 28.51331187215049, 33.61762241310291, 7.528324311224023, 30.787592701605167, 49.53587483334764, 47.868825522418405, 38.24047091688263, 79.21402021935467, 40.87886384945224, 73.86474216837901, 50.32973803283757, 33.75128705674811, 65.64888947140462], [44.9148959086649, 73.94762009935802, 32.11174133083018, 81.83741799244815, 66.37527427279137, 34.69793089226176, 6.098198270250816, 45.818648324699815, 9.824775533323951, 42.773267089541555, 59.48832970249341, 0.0, 34.20437509822299, 10.324237001134474, 53.55631973616654, 58.478577517113045, 34.43306293394475, 25.09323695662251, 23.33400108154362, 24.062726391431674, 50.111504884077824, 59.72130689231362, 29.214173971375995, 62.59155220914089, 88.9068044961244, 43.76653171627644, 21.21006712097852, 37.38400263727984, 17.205429564265994, 75.5802597111674, 38.3926596950205, 39.44141383106865, 40.33324463618427, 26.0402981554536, 63.28628913079738, 54.68174541159317, 24.05294179135099, 65.30035326637918, 36.176356496173526, 79.92454392713964, 18.50486353197718, 61.663750662557476, 55.52502032977904, 48.31357810701302, 72.86584862076735, 27.775292464911278, 67.50280469640602, 14.976099515075884, 55.15540838107511, 26.86105308034075, 86.31095904320475, 19.673902911678745, 90.44755248845706, 52.07950176080575, 78.43385731138473, 69.6556428357305, 70.21064178010067, 82.413344348102, 83.6809132352739, 64.1259082364294, 32.787113842973476, 61.646362341169755, 37.864265955322125, 52.29429250096018, 62.1922367185012, 92.50913544970649, 26.541886915958088, 42.09256608785455, 69.20526177605174, 57.05911494592286], [48.82556491481624, 40.354296557997436, 2.45287049313935, 47.6576770899255, 65.76600402909415, 44.79521048249613, 33.53057006282612, 43.00887563862704, 38.66949665614897, 35.831100910647756, 31.980322162453913, 34.20437509822299, 0.0, 31.925827213358943, 35.007568546814056, 24.290960440289748, 52.99322592883631, 58.497678105689786, 12.54781443828755, 30.647318451345814, 25.978818599643976, 37.543088826369306, 48.16185716424133, 33.47260078906332, 55.899212805556886, 14.224986243154827, 21.954960631423862, 7.120667668226022, 41.04811810947384, 50.74648185907638, 30.60736660972461, 10.194740545081245, 32.734247349977295, 39.11591469944472, 54.01501927488072, 45.193955656489834, 10.164545322169847, 56.41595536388395, 46.09819444519803, 45.72585225706921, 29.276978219722665, 51.768308782663496, 51.90836931149607, 43.39963506099108, 39.5182024877443, 27.41890275637336, 42.966600756290234, 29.18974426255, 26.157582356043314, 61.0617630496426, 54.629288740670226, 52.378994106856446, 56.883802202595994, 22.47114233979617, 52.75862333744824, 36.23168235180482, 42.53040824911043, 49.30317357740544, 49.79553328852494, 38.79761587058946, 3.292772745512922, 33.06043087876524, 45.709981822377706, 48.58165722115644, 51.63959848607604, 58.639665019358446, 42.37369507139166, 50.105229759770445, 56.50930314960919, 39.90332056909482], [53.56556075668451, 69.47438388662516, 29.539211590952615, 78.95715762704505, 74.8452314539057, 24.717513608025005, 4.442789243819555, 53.24854402935555, 7.116338775225418, 49.130580177677075, 61.03223007565749, 10.324237001134474, 31.925827213358943, 0.0, 57.66759222814031, 55.76069083908337, 44.62956833132642, 27.513024367677914, 24.05845053922308, 13.917814937901541, 42.70941899485795, 63.03879716761026, 20.90550680695731, 63.568240578035734, 87.81564658645799, 38.44665763872452, 13.351191064477765, 36.81044246387792, 27.41850088051128, 78.4183188718159, 28.841510623653566, 39.411894552813344, 46.35697208088705, 35.24815350035492, 53.15161608926337, 44.688232223207535, 22.640002617081915, 72.16491550136898, 26.22807285822847, 76.63047990472862, 8.51518509593656, 68.20823029763069, 63.18213665817186, 55.42841670833435, 71.4440296268303, 34.113568253218695, 59.43823376695772, 5.187191879244637, 48.832946346534264, 31.916982956676172, 86.20954996738197, 28.3312886085409, 88.77181528461097, 52.59674783332067, 81.01891330739792, 68.15699443871739, 71.91067732764405, 81.22356392240233, 81.56089767321836, 66.5637112949642, 31.49361181408151, 54.90245043314243, 46.876228816480854, 59.82084155025093, 52.16102931442192, 90.39153548472018, 17.10190594877106, 51.29590447173535, 75.31185261419228, 47.91774553083481], [30.730410551069173, 54.943997542373054, 36.68636123450454, 51.73177657818209, 37.29870468074271, 77.35385047278626, 56.71094786943426, 21.387182019339622, 62.241130680201856, 16.04032714977525, 15.683641802642356, 53.55631973616654, 35.007568546814056, 57.66759222814031, 0.0, 37.40643030391227, 47.736509822102605, 77.53019338889027, 34.46818900566869, 62.54567308699671, 58.47068498075867, 7.527219637241651, 77.85103006735892, 20.020850987374146, 48.524787065803444, 46.132285758919394, 53.421456381770156, 28.019960937148042, 47.615399165614264, 23.09493247949405, 65.51925276681561, 25.148345206830626, 16.149223209383923, 37.49024395664053, 88.69223263656023, 80.04309847664761, 37.94101090428117, 23.55804969507598, 78.80028988462293, 52.5369529266303, 59.24376985646477, 19.030976142128374, 24.543718688769438, 19.087028883916194, 38.068540105710326, 26.892814822821745, 72.60809890745227, 57.55863248023209, 54.88486941678369, 76.4119289148812, 42.13574335337127, 63.59538771552463, 52.450960862716265, 19.56181795569848, 26.323332813786855, 36.45650516815837, 21.780821462458487, 43.77445221570513, 49.23720960774291, 14.195659149256322, 32.530230520379675, 60.59852680732531, 33.71457312022819, 22.55768425767157, 86.1980596392098, 56.220816290238815, 72.78713622951105, 35.56982256397772, 21.857069990228492, 73.56486774718397], [62.94144379948038, 18.67939425060702, 26.489572661935416, 23.366750286382118, 74.41409879764825, 63.84954275523939, 57.70139263323676, 54.73831665193136, 62.683873909000084, 47.27560348764813, 24.46284494969925, 58.478577517113045, 24.290960440289748, 55.76069083908337, 37.40643030391227, 0.0, 72.79760607080172, 82.71593742215256, 35.92640716448114, 51.615325782721364, 29.139636263667523, 34.89283552879506, 69.62471238566582, 22.37368410621251, 33.32763795462028, 20.854720867350654, 44.22448905641789, 22.351914861059484, 63.6412126231135, 40.880271304973334, 45.216410081651624, 21.728474964248626, 44.98169601248784, 59.108886787633445, 60.77433916758012, 53.82003873724999, 34.4257325814648, 60.84881199047415, 64.872776331818, 21.571259471365458, 51.76410613561991, 56.40543670049973, 60.98640993909447, 53.70703748919028, 17.17940663041487, 45.898569181882394, 37.811790129360894, 52.41407239453904, 21.8576437142318, 85.33959733473918, 34.295312788254, 76.24385092916958, 33.39887031273223, 17.889456167626104, 41.41711459629779, 14.039334878210365, 30.6709898838564, 26.824829442266584, 25.89484989876067, 31.60832403846466, 25.866450739950576, 25.49032559074953, 62.344958286096386, 58.336717226157454, 57.93377478391142, 34.684066766437226, 63.6548245299404, 66.00229139101575, 57.86699417521979, 43.872915566279175], [20.701417143093504, 91.19564128526221, 52.20412589646229, 93.83786642669946, 38.99874836864472, 69.11849116491041, 40.53115233142949, 28.264071082619033, 43.15300720783269, 31.708310026344396, 61.10619982783531, 34.43306293394475, 52.99322592883631, 44.62956833132642, 47.736509822102605, 72.79760607080172, 0.0, 45.338261415145695, 41.03230275050211, 57.76836970876333, 76.85086073371791, 55.25993473127703, 62.72453566987853, 65.4175342683226, 94.83896374125344, 66.75760013251261, 52.39420602098544, 51.203197914894346, 17.228305393441236, 70.03983597091595, 70.43946469299581, 51.16859719023202, 31.920374840274537, 13.916002905248304, 96.31773116326752, 87.36030215605956, 45.31256252179219, 45.53710031472038, 70.58735914471706, 93.30472757004092, 52.20036631603775, 43.968936611724835, 33.88349312997024, 31.42789923686847, 81.49817746654476, 26.899291514831226, 94.68901127347519, 48.71947133273568, 78.94502266999734, 39.89723470268269, 89.35352322144193, 26.751331913346338, 98.06454108417819, 58.5714710311545, 73.4018975809177, 78.92665249890254, 69.37435340253354, 89.27070640719333, 93.24976603938363, 61.8383253651552, 49.96403096018411, 85.87655730914861, 14.519370168781094, 32.113950182408594, 94.8791693839381, 101.3208067115103, 60.80655853514664, 15.106492825583581, 52.09990556436684, 87.4178909538117], [62.569651877494024, 96.96989407515869, 56.235948738335644, 106.04690471470785, 83.35915058284138, 39.06549776565338, 25.02548760437525, 66.20542437046113, 20.39669746667978, 64.93825607656134, 84.48482015539358, 25.09323695662251, 58.497678105689786, 27.513024367677914, 77.53019338889027, 82.71593742215256, 45.338261415145695, 0.0, 48.35335678403052, 37.76940975182734, 69.50003802298384, 84.09238052714846, 28.35497612771919, 87.6597853514025, 113.85001835473794, 65.95944332797093, 40.652006515745725, 62.29822375947543, 32.420505338825784, 100.07036008289491, 52.998604722586755, 64.46666844006998, 62.998330105930314, 44.140871771116984, 72.90053568798564, 65.94511862408967, 48.53861238475356, 85.90510296110425, 39.95524229618222, 103.8755080748617, 34.157861942662215, 82.88791013268929, 74.99107914613495, 69.12336265079931, 97.69357378528083, 50.80478767340826, 85.30388910880043, 31.960876686850845, 76.13835640144308, 8.228730699140453, 111.39561717392229, 18.608845127865035, 115.22415262983637, 77.17208048087915, 103.02607639321074, 94.45205213731901, 95.13988013993388, 107.32351832804966, 108.27498237567406, 88.8561004705108, 57.45745146718518, 81.9792594874989, 55.03178758298841, 72.17168646783193, 72.7654157769196, 117.11886916359677, 30.88668780560162, 58.16280657151629, 90.87304205643358, 72.15528189898883], [39.76421036821221, 52.771391098474844, 11.303667094777138, 59.108517282508025, 58.83481806360006, 43.0901504191802, 24.249694758316913, 35.76217711098609, 29.805035458182438, 29.595859064382246, 37.03004621028229, 23.33400108154362, 12.54781443828755, 24.05845053922308, 34.46818900566869, 35.92640716448114, 41.03230275050211, 48.35335678403052, 0.0, 28.289301611032005, 36.09855125852094, 39.25079766388558, 43.50045145450311, 39.75003252642818, 65.57560077198744, 25.74871675613487, 19.305040135579343, 14.109688952795695, 28.500339746095264, 54.41188356884452, 34.39117029663617, 16.11509022330186, 26.446586430389495, 27.337648730116484, 60.02622577814437, 50.88583290267992, 4.885174123423369, 52.25164276107755, 44.56813542809011, 57.49752207016323, 24.77558348686827, 47.842404013326096, 45.491277951405564, 36.973702125795384, 49.58991970254061, 17.364344849145144, 53.81036573222071, 23.210726936908227, 37.953015756970906, 49.944936886205696, 63.08134779835469, 40.31801100874689, 67.18856893813839, 28.963307930624495, 56.973567563220406, 46.404885232702576, 47.899066777501794, 59.09160324656885, 60.56800997757974, 42.518871751453425, 10.14800293435425, 44.881245729550315, 35.41398459473228, 42.025309918845565, 58.01629509626209, 69.3669038517687, 38.33151704144701, 40.01393408974294, 53.99461521681482, 48.15261927401863], [64.30300868607482, 62.319505407330965, 28.260306433207205, 73.75094024651432, 85.00367052142445, 14.815705133223389, 18.36050546591736, 62.44051329719413, 19.17481895491105, 57.155383639453646, 62.43898970424431, 24.062726391431674, 30.647318451345814, 13.917814937901541, 62.54567308699671, 51.615325782721364, 57.76836970876333, 37.76940975182734, 28.289301611032005, 0.0, 32.26108739979206, 66.68258613331726, 18.010605860861475, 64.11380824006989, 84.83855495573798, 31.659522077516016, 9.146675424939342, 37.19741814634817, 40.732708936857286, 80.9500286858434, 15.48428476772943, 40.22687888929288, 54.108278445669576, 47.12392111047168, 39.24636164702875, 30.782929573702493, 24.62513129012399, 80.17079226402404, 16.28217168501803, 70.91513264084651, 5.59329292861222, 75.87561029939255, 72.41846303941351, 64.16171784603739, 68.45106534361639, 42.968719262870096, 47.53534419508756, 9.123933147327405, 39.75812033183807, 43.719536054616206, 84.6065830209355, 42.020490117638616, 84.98294570051085, 53.07966599533194, 83.14811543444917, 65.17122414452288, 73.11601764981766, 78.26638627492959, 77.32947240998016, 68.92749110825467, 31.665893713537628, 44.96220358085909, 58.22142250548374, 68.96166777013077, 38.245366020059684, 85.97198634432536, 12.046270148938664, 62.812558998150124, 82.24711377184747, 34.78290158502042], [74.72996768809391, 32.38523953181805, 25.737863860857317, 46.1848164387481, 91.5631054974734, 39.90068686620944, 46.41173760961297, 68.9522392113144, 49.56586628903027, 61.688872637088636, 50.28464696291541, 50.111504884077824, 25.978818599643976, 42.70941899485795, 58.47068498075867, 29.139636263667523, 76.85086073371791, 69.50003802298384, 36.09855125852094, 32.26108739979206, 0.0, 58.92941980961305, 48.512782821437426, 49.66036223291519, 60.49996673323666, 12.412554311225081, 29.415287823727226, 31.54019040513902, 62.47241084398182, 68.58477864740937, 19.66093748821095, 33.87910227936073, 58.6313284328015, 63.36305014503533, 31.85705665808846, 24.687426408164598, 31.573662962084402, 81.23776038849225, 40.5083416978131, 42.68677253330459, 35.34308469597127, 76.56172916500846, 77.65886934696486, 69.22012148294918, 45.562455669493566, 52.89102179076897, 17.88233273107454, 37.77306696731701, 8.865371584676916, 74.59457565986949, 62.94455141574332, 69.78472235490494, 59.16496507385835, 41.026693915268744, 69.62540605248172, 42.726507838605485, 58.72050480202469, 54.45719815342862, 51.21576558861682, 57.81141581037653, 29.25563014497707, 12.73361116948978, 71.2159176438194, 74.3883680246474, 29.075585259057235, 59.02388876335073, 42.86075138586388, 75.72052293711319, 80.32540921860631, 15.370993693526373], [37.90257318666885, 51.21364986193889, 39.52869173151493, 46.2890713227564, 42.0859922686114, 81.3913787869216, 62.45273814716721, 28.56397735798715, 68.03611447452332, 23.55643845856063, 10.8088496550867, 59.72130689231362, 37.543088826369306, 63.03879716761026, 7.527219637241651, 34.89283552879506, 55.25993473127703, 84.09238052714846, 39.25079766388558, 66.68258613331726, 58.92941980961305, 0.0, 82.72789365279283, 14.52608482418961, 41.623106374980296, 46.912153103127345, 57.541557932367404, 30.424713725944613, 54.792515993015094, 16.01252836927881, 68.08585755334909, 27.35153499056946, 23.63195725317816, 44.90583402875777, 90.02847788638633, 81.67253253759752, 42.14149976295409, 26.833336103128516, 82.79168226099802, 47.51169411294661, 63.83499689503329, 22.833040710503408, 30.39202111581819, 26.033470886565805, 32.5324390897103, 33.84252775313052, 71.70850508625213, 62.45641495998141, 54.29963479742047, 83.31511158648775, 34.89129978272516, 70.69133414196918, 45.779396864065085, 18.090755468283223, 19.107325330059826, 31.383658942049056, 14.423255411836232, 37.25234848069784, 43.18746416323577, 6.8830896729571345, 35.54501058670155, 59.453033185827465, 41.19132510798033, 28.90629177877816, 87.420346587626, 49.69409725472965, 77.4404545258597, 42.900535559869446, 23.017129330669796, 74.2559747075789], [74.01043388370398, 79.76744623897112, 45.725622475501886, 91.62994025176025, 95.41744128227191, 11.094482968182499, 23.575011610073854, 74.11448516236082, 19.678605730811267, 70.01666082066124, 79.47033803129312, 29.214173971375995, 48.16185716424133, 20.90550680695731, 77.85103006735892, 69.62471238566582, 62.72453566987853, 28.35497612771919, 43.50045145450311, 18.010605860861475, 48.512782821437426, 82.72789365279283, 0.0, 81.44931876150287, 102.84401399271535, 49.51681592067064, 26.20690123879975, 54.34095216873898, 45.8105391499442, 97.60646901156424, 29.285385205144323, 57.26938736230099, 67.21178923264604, 55.247972655218895, 44.98847395929052, 38.818625660315085, 40.80744834925354, 93.06766482051576, 11.74812521021873, 88.71122850050813, 19.07714936608495, 89.09043589010655, 84.02182588974475, 76.32728818933495, 86.44786068252242, 55.0178700789111, 61.5372413438082, 20.300810514196527, 56.6725170149654, 36.16916634523948, 102.49496321457046, 40.33436308231482, 102.98428007263156, 70.36626638404927, 99.98734240989515, 83.16456417605194, 90.27382549870282, 96.2683038012847, 95.31213582205142, 85.60663157115914, 48.777148839266616, 61.18298051624929, 67.05689412141767, 80.67997652562717, 45.140593382449104, 103.92894122057335, 5.974563284555499, 71.3067187324715, 96.11617861063179, 46.90509506493162], [50.31136676378847, 37.08555124985206, 35.85407323780966, 31.866179312836394, 56.55176702742878, 78.18828144988433, 63.99954615844423, 41.065319129789756, 69.5508672984064, 34.735717251983424, 4.432999961893901, 62.59155220914089, 33.47260078906332, 63.568240578035734, 20.020850987374146, 22.37368410621251, 65.4175342683226, 87.6597853514025, 39.75003252642818, 64.11380824006989, 49.66036223291519, 14.52608482418961, 81.44931876150287, 0.0, 29.424362815474634, 38.74028740538371, 55.30238391668854, 27.12225867954995, 61.55358418826805, 18.927494033372078, 62.22052819479834, 24.273123679455136, 33.71967059608129, 53.38500947064132, 81.47779073986982, 73.75976950642831, 41.06716445674156, 41.333770897750746, 79.45539055211371, 32.98927697968043, 62.40905104946701, 37.35655004517981, 44.42480398945409, 39.00133906800743, 18.127420977616428, 40.64721656027135, 60.153672943104894, 61.81569444069885, 43.58560498512477, 88.21499493817498, 24.482689006649522, 76.6763835685909, 32.872945224442745, 11.085645465357558, 20.107920313027293, 16.857579072545462, 9.297566499633266, 24.0878483549067, 29.22522748716424, 9.488810987096791, 32.6790166301252, 47.81421423258134, 52.266104496164594, 42.57082309742899, 78.7225974100797, 36.446116546667845, 75.7448334440779, 54.757244288063454, 37.04302250266792, 64.94444949316723], [79.24379456966884, 31.82764312150087, 58.30821088051612, 16.888337517745338, 82.31848396537434, 97.1558549105644, 89.17126411406035, 69.90810171098263, 94.46536837577507, 63.97837303577109, 33.772774243057434, 88.9068044961244, 55.899212805556886, 87.81564658645799, 48.524787065803444, 33.32763795462028, 94.83896374125344, 113.85001835473794, 65.57560077198744, 84.83855495573798, 60.49996673323666, 41.623106374980296, 102.84401399271535, 29.424362815474634, 0.0, 54.078533967708516, 77.1157472422975, 51.552993505612285, 90.1861469702914, 33.50220895414869, 78.19305223445602, 49.496631090354796, 63.11272692485646, 82.63565133515402, 90.34307759267713, 84.69558480898772, 65.45085544608757, 66.05438818244892, 98.15813323610338, 20.783586286900288, 84.64609702789734, 62.99284094491036, 71.80833103242306, 67.5598611986637, 16.442853392550905, 69.65615785753916, 62.8035069377485, 84.96422056416195, 51.94214397927426, 115.4079002307251, 8.643690713129665, 104.71861076434556, 5.235685579291189, 37.64922784090461, 31.190890189001546, 19.742505121748255, 27.5663728407755, 6.605461010282499, 10.361717833624724, 34.780613071460316, 56.493418349279295, 52.351385750276044, 81.61715006126364, 70.51011650102922, 87.45444345153658, 9.561459756178019, 96.8847894853, 83.93040340508236, 59.903400864986004, 73.50919818774713], [62.97872453791818, 31.125144341272605, 14.58492886771883, 42.11407846721475, 79.28817256252974, 43.10161468763248, 41.34683023682241, 56.83342644373544, 45.562951145319076, 49.4877027822993, 38.828022414323364, 43.76653171627644, 14.224986243154827, 38.44665763872452, 46.132285758919394, 20.854720867350654, 66.75760013251261, 65.95944332797093, 25.74871675613487, 31.659522077516016, 12.412554311225081, 46.912153103127345, 49.51681592067064, 38.74028740538371, 54.078533967708516, 0.0, 25.549205932514546, 19.198518877835365, 53.66928599279329, 57.51349717586301, 24.441063482520786, 21.47095520936859, 46.47133018155107, 52.97736658238728, 43.178922481579356, 35.106119025396545, 21.84414823857787, 68.82583072904166, 44.08346749869436, 39.25816648983071, 32.815547755655906, 64.1497456014714, 65.3718343177874, 56.98046685175442, 38.03410176645048, 41.622289038042425, 28.75909879481169, 34.23150821252152, 12.20792974494799, 69.90427173430713, 55.04467203365524, 63.1170610599414, 53.73565220090192, 29.28988915821232, 58.84791042362869, 34.87482763426012, 47.990872874020596, 47.63365523030533, 45.9457235136016, 46.30314581972669, 17.50347908300545, 19.13309724559384, 59.92968839516981, 62.133817906633695, 40.5321078050755, 54.46690896115201, 43.553056480585845, 64.33020079040773, 67.98876656812058, 27.453053260348735], [56.72555636312929, 56.6742529182744, 19.519708988973598, 66.99613686658404, 76.98831973219261, 23.9339850526641, 17.01311821245977, 54.169234709514306, 20.359511711582517, 48.55201322261295, 53.47853392276153, 21.21006712097852, 21.954960631423862, 13.351191064477765, 53.421456381770156, 44.22448905641789, 52.39420602098544, 40.652006515745725, 19.305040135579343, 9.146675424939342, 29.415287823727226, 57.541557932367404, 26.20690123879975, 55.30238391668854, 77.1157472422975, 25.549205932514546, 0.0, 28.25348670244689, 36.01920341693079, 71.89249403649069, 18.047812017308818, 31.24406529249583, 45.45710910909288, 40.59332020455615, 43.99739038279042, 34.98120684842792, 15.486383870030044, 71.44216366194962, 25.37931335046938, 64.42364932121446, 7.542860411742589, 67.08361404319258, 64.09374551134349, 55.71758386523818, 60.674690122936724, 34.82811296273362, 46.43651195864671, 8.718430532165508, 35.51909892203497, 45.26670369666008, 76.40422390971449, 40.72246096780999, 77.59209509686153, 44.23172643343996, 74.13741587339668, 57.37658807272414, 64.21581459331468, 70.51493023965263, 70.11099455899843, 59.8679129934562, 22.69451615959312, 41.5512662585005, 51.09221150781702, 60.623830876461845, 42.490419338889936, 78.8676384553953, 20.44392066606875, 55.74523863573665, 73.29887528096248, 35.98246390071832], [44.447515531435, 40.16794254629317, 9.171525127364733, 45.214085737665435, 60.096406999933755, 51.587991404144034, 37.748717871323684, 37.78913967363873, 43.16052832473776, 30.364667239850565, 25.242112815881317, 37.38400263727984, 7.120667668226022, 36.81044246387792, 28.019960937148042, 22.351914861059484, 51.203197914894346, 62.29822375947543, 14.109688952795695, 37.19741814634817, 31.54019040513902, 30.424713725944613, 54.34095216873898, 27.12225867954995, 51.552993505612285, 19.198518877835365, 28.25348670244689, 0.0, 41.28946840127981, 43.844840836030365, 37.71594621545972, 3.097034909382902, 27.405350831183917, 37.33177921583457, 60.75437427431999, 52.03966021269846, 14.170645375295909, 49.91777918331956, 52.92467805373778, 43.81476323117905, 35.288962191659785, 45.24830821003106, 46.17774694506169, 37.81414984963186, 35.48968854468839, 24.537698039336068, 47.601292430658106, 34.745900653143686, 30.077544627648358, 64.05414390843146, 49.43682591108242, 54.20055688646432, 53.08378947195135, 16.036954973962697, 45.96484181927945, 32.296901921995, 35.96325154767279, 45.03859816296826, 46.477402137912655, 31.85101963964409, 5.56