instance_id,num_cities,city_coordinates,distance_matrix,best_route,total_distance
834,84,"[[57.590872844553466, 63.25616884252704], [79.36712870494809, 45.77707645265794], [25.081136634832813, 95.21223932751897], [74.48730962603068, 36.38175430488069], [77.93150174758226, 66.66329367341099], [77.17602746017917, 83.66885492743049], [75.1637215903452, 90.31849932819979], [43.1281336196762, 35.82261843165562], [84.9551202075664, 26.875390710485803], [22.69567573330501, 90.97659153708474], [94.06410772274391, 86.4189193526632], [27.471278140005463, 10.715113092446904], [67.5695548368083, 21.852889870060586], [22.718428041099436, 94.37704114305751], [57.02414909865965, 71.1136123801212], [21.212121248789263, 1.8607454078801267], [24.863567244124475, 82.87819639682472], [47.95814375201547, 76.53738041303309], [39.01184020034957, 30.457775540217302], [96.86390567390755, 52.47603290118374], [39.56247327564005, 89.74786733189619], [54.02638168111675, 95.33728344682774], [44.760009366940935, 48.01370310344175], [5.337602827811006, 17.04448477639826], [16.025371622676797, 59.1576336967477], [12.472322193110152, 23.896628991642523], [3.5812515682440926, 14.04490498982377], [50.07811516263219, 35.4797153334289], [27.523381010050706, 0.5038288297157689], [26.754996172956012, 20.553433713669243], [62.27005714326877, 9.98456716018814], [64.0317405388381, 32.43229076293921], [70.60727343822583, 44.99073338372208], [19.250456920559834, 64.53561796684242], [72.48854264731179, 66.58970203412183], [6.2334393923817455, 40.797915243351426], [88.36850148044726, 68.23087066850256], [80.50918577025895, 12.375269162181779], [63.098645219701474, 44.22745218712259], [7.456751539223827, 74.22215671834309], [35.21631463708753, 50.827570709093365], [70.53054578463835, 9.97421399164008], [19.521538306439822, 51.24882167373743], [60.596837253619015, 11.525969178222152], [86.74378442556448, 92.61682664938927], [53.109848765614544, 24.878581373371954], [5.281301617635492, 54.47930568785841], [49.74696998059452, 90.61561182813361], [73.9969825769373, 37.7529854795597], [36.50384311658069, 79.98637415025696], [19.672285054482398, 23.956199643149557], [90.82929497684003, 22.800267218198755], [13.412234823475732, 43.497391059609136], [30.257178014081443, 15.318704454891519], [72.1011141657342, 6.38395895287025], [85.30863825046751, 63.006812525672686], [75.23124529775293, 89.68096677347673], [64.51998011100983, 70.29737240424716], [90.31617203553563, 91.1157251405134], [23.83197407851265, 30.123187609148715], [78.86033943139468, 49.62589332813193], [52.005040825280666, 99.25635098909889], [96.973625667109, 59.158864021284884], [78.69786083966795, 15.133116058249097], [17.019142238220564, 91.16193407140004], [62.020094943563954, 16.99290940253535], [6.7329551858444585, 26.972649334987896], [49.014261415569784, 60.0872942003644], [46.878125471984454, 74.55833955406221], [35.943282172265846, 16.776292867545617], [65.47098464221276, 64.13251285017863], [1.4380075428709005, 73.59485294677697], [91.75113981818936, 81.52635923609684], [80.02662460754001, 41.80504320347998], [42.812330374121764, 12.149961392548326], [20.29938191534616, 56.05408286280873], [28.0976621647834, 80.15918597173193], [74.4472632224631, 27.182287819226147], [57.9590256196837, 64.92052191069374], [30.127434656752207, 94.2450822580305], [51.24822555875528, 45.70173470111853], [14.335849642686105, 58.0275421205322], [62.886998629530346, 14.844811596881623], [19.27161066999712, 55.17469981434368]]","[[0.0, 27.923538279934206, 45.58589024322543, 31.744664632843637, 20.624007461789677, 28.28879697899463, 32.267239490824856, 31.012425155615077, 45.52321442118262, 44.5656438952455, 43.206595256678824, 60.56197259418872, 42.58879669554464, 46.73966302099185, 7.877854704844467, 71.363937576243, 38.15888490516315, 16.40670748659742, 37.695026955918074, 40.72569752047674, 32.04423941784297, 32.2785301943644, 19.923950898060355, 69.75617515080867, 41.76707892787117, 59.87367526852032, 73.06700815272751, 28.774518198057766, 69.58383607060884, 52.67233503074791, 53.47670812141597, 31.489621092045144, 22.42883895601205, 38.361758083885256, 15.266073794249829, 56.05318122568184, 31.177076237299, 55.80425628607479, 19.809785816310846, 51.31942136413905, 25.594743728775104, 54.830665220552646, 39.918048777547384, 51.817462108225826, 41.375602479020245, 38.638307374271456, 53.04078212828111, 28.46165723604091, 30.324458745312402, 26.917700354733167, 54.61050154563082, 52.359074496035596, 48.395881610650974, 55.182708931341864, 58.69408284428743, 27.718887020766914, 31.771885149910787, 9.8788195199446, 42.97790227849621, 47.3017726021678, 25.2621182699922, 36.43095708232058, 39.59531697916662, 52.54838866705913, 49.24222839597968, 46.47480158552958, 62.47416727283365, 9.143305206626044, 15.572476330409618, 51.273746231034934, 7.928690986749071, 57.096695794033266, 38.739175220019455, 31.040517849297167, 53.200091705471834, 37.980591598636344, 33.99355033343085, 39.81787021747588, 1.7045842898935775, 41.40716353203574, 18.665136822886986, 43.56989292610256, 48.700189513961874, 39.16217556847259], [27.923538279934206, 0.0, 73.42209656159824, 10.587006777341745, 20.935498430971183, 37.95507608536787, 44.73932256023707, 37.581325140051376, 19.710387437317607, 72.48896292391332, 43.217595797987634, 62.63002938312927, 26.67488430739946, 74.63934521959857, 33.78089386754971, 72.87419999327886, 65.93277874490978, 43.962718700146596, 43.16515134614132, 18.73534685562976, 59.31139051136505, 55.66298210687938, 34.67931959612335, 79.40990193942046, 64.73961308528054, 70.38230686295024, 82.16099974517289, 31.046448432981414, 68.82907180385637, 58.3461107751668, 39.66627758482916, 20.328734227929395, 8.79507815292082, 62.97536904354944, 21.919861535751398, 73.30299147248523, 24.19085749887745, 33.42132589545981, 16.342120127880523, 77.3319140810441, 44.438742951270356, 36.877230889941714, 60.09521350249478, 39.057165676643066, 47.4170565104235, 33.558781956314625, 74.5951645140163, 53.73870167275798, 9.65528380632832, 54.84101841133968, 63.55804451986612, 25.67713025712231, 65.99427999764495, 57.78840438715776, 40.05761692407758, 18.225403721872503, 44.09826659700354, 28.665008894539096, 46.64198339153109, 57.69919960716123, 3.8820389885628637, 60.07259490049239, 22.114723010032037, 30.651267969361303, 77.11716227616736, 33.60725893446182, 75.02885872800557, 33.557098871526186, 43.4038758267482, 52.21758225200071, 23.022268896781693, 82.74525130888459, 37.8335162360461, 4.026410681750027, 49.669267643818074, 59.95511297257982, 61.730767485061, 19.234636484419227, 28.718955094398858, 69.09193192196585, 28.119004081305878, 66.1750796414599, 35.04853344165177, 60.825871245196474], [45.58589024322543, 73.42209656159824, 0.0, 76.82444856707426, 60.06832268768735, 53.35847986508763, 50.32110896042587, 62.071097705174466, 90.85603330420759, 4.861186677893393, 69.54115886506189, 84.53092403612096, 84.77534921265416, 2.5059824233679837, 40.01374596328171, 93.43163648939158, 12.335961715893175, 29.531471519644573, 66.23598026912009, 83.54130278270434, 15.477999619166969, 28.945515141748622, 51.13667816452334, 80.62260835989657, 37.17447332708067, 72.42167133672325, 83.96654822823027, 64.75201431788673, 94.73989432445386, 74.67756732406302, 92.9880202587666, 73.88146916688915, 67.7851664562689, 31.225821430936787, 55.377899797156786, 57.58606043896312, 68.79887211150826, 99.67061882587154, 63.598580791964935, 27.40807395528464, 45.527141811284864, 96.59798007839686, 44.31355577443431, 90.91070785085955, 61.717244750017976, 75.71282681898212, 45.29023459423924, 25.09048263802424, 75.46075693362691, 19.03431621478231, 71.46103040761928, 97.80753565102549, 53.014986568479195, 80.0610287143716, 100.50543110361586, 68.29744846149349, 50.45422058628789, 46.64946911319285, 65.36353166877757, 65.10103732421467, 70.50047939560098, 27.225933519123675, 80.42621370068419, 96.3712565967274, 9.022235106599249, 86.50289136698042, 70.66326771975486, 42.5036025762046, 30.028191724093382, 79.18449281739564, 50.96360681864602, 32.036056985738206, 68.06021332868093, 76.62463863791122, 84.93372267342643, 39.449035424355586, 15.352323654906941, 84.05408233088154, 44.705074970980334, 5.138143295305137, 56.000059027766085, 38.70610932293359, 88.81557656853516, 40.45683084727686], [31.744664632843637, 10.587006777341745, 76.82444856707426, 0.0, 30.476779454168195, 47.363478428836046, 53.94098624289332, 31.36416032228897, 14.140226559703615, 75.2527048928408, 53.73052121223562, 53.56569506524412, 16.09171318067749, 77.73976071481722, 38.874978340358965, 63.48185372133797, 68.00319797770763, 48.127652655295215, 35.96668535431946, 27.563342580777057, 63.778414951406255, 62.40515995311548, 31.92200829437934, 71.80259008627002, 62.74184311271757, 63.259284064811794, 74.34113199715054, 24.42585614994941, 59.10022104398892, 50.288263842776885, 29.08732967082873, 11.176635773173523, 9.442944540693013, 61.99798332125176, 30.27400164246184, 68.3965882139326, 34.74267837174688, 24.75023881103067, 13.829557195348114, 76.97396814665045, 41.84366928229189, 26.702325095241758, 56.94089662894044, 28.473764714054788, 57.55523031057839, 24.275889691848967, 71.53315951723073, 59.610365773278374, 1.4562608109415711, 57.828250880813364, 56.205705470451214, 21.24893589551664, 61.488186252018565, 48.98935202055116, 30.092551482980607, 28.74012662565389, 53.304404039968446, 35.34991950094201, 56.97684133588779, 51.04050035527247, 13.947422993005134, 66.77325301819795, 32.00673579314784, 21.661795143959726, 79.39432195167069, 23.051220110569346, 68.404559803721, 34.796965483628526, 47.11389084909101, 43.24368359110275, 29.17873739648866, 81.98179825649248, 48.33296170626496, 7.752165693665489, 39.88087384141703, 57.64834794223892, 63.78450372092453, 9.19955364868969, 32.979469805517944, 72.91065237058153, 25.038311901407234, 63.92760177175514, 24.462361219292806, 58.32622233716985], [20.624007461789677, 20.935498430971183, 60.06832268768735, 30.476779454168195, 0.0, 17.02233400456989, 23.81657745288242, 46.501846010819506, 40.403074616402414, 60.350086399998055, 25.505797802236074, 75.34210693129585, 45.992849800822505, 61.77811349441519, 21.37575101318562, 86.11886196341261, 55.4898976642871, 31.55787981585564, 53.1561811856736, 23.658281565843183, 44.77811839363888, 37.33165486444634, 38.05463355737946, 87.93122515200294, 62.35947304722044, 78.19137929431507, 91.08597328561206, 41.81180099369647, 83.17483648732772, 68.88507754468122, 58.802711555290465, 36.9454316785829, 22.876717199759646, 58.719605123871, 5.443456576164671, 76.2209285355434, 10.554063722536664, 54.349186380778384, 26.895736018457562, 70.87895898969282, 45.55608995169792, 57.170148717067434, 60.409682801884635, 57.79805486005581, 27.408797856379206, 48.60119997236961, 73.6647890253777, 36.98758407776042, 29.176812042573086, 43.51729969838792, 72.23594818511872, 45.719997375277, 68.55213233982047, 70.06502683554146, 60.56064409916358, 8.233589579640684, 23.17551854514446, 13.895158899061437, 27.40987892703387, 65.28352200367229, 17.06270054733966, 41.64719391674964, 20.46750956443705, 51.535875963334064, 65.65438997011324, 52.156686437113805, 81.51429494575257, 29.6555316507541, 32.041284736593326, 65.20524083621957, 12.714925800351597, 76.80690834558044, 20.295150019728137, 24.94638563447905, 64.84643085260923, 58.600482851091094, 51.6289712902747, 39.63445144515188, 20.04836791602754, 55.19043297484835, 33.93205243892735, 64.17930485390156, 53.95824458583386, 59.774330695481254], [28.28879697899463, 37.95507608536787, 53.35847986508763, 47.363478428836046, 17.02233400456989, 0.0, 6.947456050271264, 58.724112779877565, 57.32374605461361, 54.96827938584217, 17.110526271794193, 88.27689704960603, 62.55795594676628, 55.500408886038834, 23.74304775969682, 99.11874485484566, 52.318434941885684, 30.075615656762167, 65.48224307975136, 36.88637545923569, 38.101625296132816, 25.924087714099905, 48.18804914719869, 97.9773746927432, 65.88021459874078, 88.08682346756873, 101.30984869941575, 55.28553179355083, 96.8597277785511, 80.78265154757945, 75.17687287227632, 52.895725593402815, 39.23194636454848, 61.003708730948716, 17.710730572844135, 82.89009754580543, 19.068372575374195, 71.37146009146042, 41.87835886072524, 70.35636106277725, 53.28383853764591, 73.99366546776166, 66.14452869095986, 74.02341191899106, 13.099930201556539, 63.52540611062435, 77.59433863874298, 28.29506362699729, 46.025790525786526, 40.83855095316079, 82.89922551966389, 62.381060295557205, 75.3629070611013, 82.90429122165091, 77.45133885701868, 22.204939866578147, 6.318834268174848, 18.41119440373746, 15.103617958349297, 75.58258079575079, 34.08460270074592, 29.60656348931377, 31.50689684787081, 68.5526329120884, 60.62175413715519, 68.37677969959523, 90.42503060562193, 36.731118592763, 31.638020722773305, 78.57960386075693, 22.77447450831366, 76.40505989069568, 14.731740835217153, 41.960751139069444, 79.34617703378103, 63.22601082318564, 49.203696164484455, 56.552439540082716, 26.84759115161112, 48.22267795686185, 45.97557101025181, 67.87020605976788, 70.29171562345296, 64.53555887586137], [32.267239490824856, 44.73932256023707, 50.32110896042587, 53.94098624289332, 23.81657745288242, 6.947456050271264, 0.0, 63.21455474269198, 64.19423274687826, 52.472172829146956, 19.29847973129944, 92.7969194664473, 68.88549228360762, 52.60209669898633, 26.417262781552424, 103.61249638939701, 50.84745455737442, 30.49692942037581, 69.93042814438823, 43.62281804904779, 35.605821187560075, 21.724993267378792, 52.09684731902579, 101.21644169786424, 66.84567288762854, 91.33496820708962, 104.60263480314515, 60.30406188534282, 101.66748294001239, 84.91506978585095, 81.36207495171507, 58.94687561009456, 45.55620248967538, 61.57150426396368, 23.879120658028658, 84.874448758124, 25.73382116504897, 78.126315131405, 47.64399956332872, 69.59400864239203, 56.17231315771622, 80.47776403634181, 67.98891286543207, 80.1277537855311, 11.805937647766601, 69.0561812476189, 78.53661835113645, 25.418488118481417, 52.57846066686415, 40.01673417832746, 86.50580528670956, 69.31177285849519, 77.49491788122589, 87.41605623113637, 83.99039607154563, 29.134988759911344, 0.6410984397062621, 22.67453981857064, 15.173408433498738, 79.11020070491703, 40.86016601213857, 24.823571199374335, 38.03412662724854, 75.26839972845832, 58.15069638621326, 74.49427534634242, 93.24948526436944, 39.9714902263279, 32.379894747780895, 83.3468595644054, 27.922303582849306, 75.59868557125068, 18.773496500774186, 48.756571361404774, 84.5986574161938, 64.68497509999858, 48.150032167439115, 63.14027649843454, 30.67668202956512, 45.20713654136653, 50.62219509489255, 68.86752444416912, 76.4656489308835, 66.02283474225116], [31.012425155615077, 37.581325140051376, 62.071097705174466, 31.36416032228897, 46.501846010819506, 58.724112779877565, 63.21455474269198, 0.0, 42.773235684455955, 58.81705606873512, 71.79456194390725, 29.58925392553333, 28.152022790519318, 62.009487184379495, 37.928267823126085, 40.41930748446736, 50.47595271535786, 41.00025415870883, 6.762056696287601, 56.257172091727114, 54.043005122235094, 60.504273920747494, 12.299819670595564, 42.198845020991044, 35.76426492028147, 32.89388998498781, 45.146701792538806, 6.958435598768045, 38.61250060477446, 22.38811362757433, 32.15615228366181, 21.176758579444993, 28.968214597066638, 37.34407298160127, 42.52819125793161, 37.22864542915878, 55.65056780685155, 44.126196840984186, 21.667084806770408, 52.41156399269531, 16.96306200134382, 37.67004386184174, 28.199983843061492, 29.924618152866984, 71.60940638142776, 14.812379430319126, 42.195434254981336, 55.19131381040947, 30.92914730292178, 44.65779376370595, 26.286664428518005, 49.44676355383436, 30.690988517100795, 24.208923697011674, 41.30457933002266, 50.181424645474145, 62.700330665188766, 40.572401429783504, 72.69139301907592, 20.120270493673257, 38.30562530541306, 64.05183766064914, 58.68489901200854, 41.14925276312823, 61.18920890510177, 26.6732852266946, 37.455720073740736, 24.968399840401347, 38.9168155141866, 20.356438976781398, 36.06456867623933, 56.25662905440785, 66.73101719066025, 37.38031625510952, 23.674763419749283, 30.503508935972675, 46.81502209112045, 32.489124213623384, 32.65950618719311, 59.85150334844275, 12.787995596052724, 36.36006398014823, 28.818069436982228, 30.718670887438254], [45.52321442118262, 19.710387437317607, 90.85603330420759, 14.140226559703615, 40.403074616402414, 57.32374605461361, 64.19423274687826, 42.773235684455955, 0.0, 89.35995956610324, 60.23624703377078, 59.71219868285187, 18.09650236794324, 91.81437067771405, 52.31786887458607, 68.47556057363704, 82.14200498100823, 61.928099341643794, 46.082734932833795, 28.234943808328747, 77.5463778135144, 75.12401496112864, 45.414482120931, 80.222165173975, 76.1147387317341, 72.54397996651485, 82.37917128229559, 35.92269314961437, 63.19702479771293, 58.54247669781004, 28.282715683584037, 21.648717166490712, 23.109010084494138, 75.73239395832759, 41.62501747719187, 79.94335319297069, 41.496106977305466, 15.166405570748362, 27.90698006564213, 90.81692241899155, 55.20557676778312, 22.219768715363415, 69.82562407405918, 28.791156451932988, 65.7657640341363, 31.907813474764755, 84.32018436162977, 72.8177837518532, 15.440299488416448, 71.89090911712775, 65.34806991879987, 7.149304910084671, 73.44845365756444, 55.905472696437, 24.189341595018117, 36.133151224237544, 63.553867922148044, 47.99024322692312, 64.46364436163971, 61.20937164690242, 23.552743408467634, 79.5280525484756, 34.448035103473345, 13.305424037050209, 93.53104703758078, 24.973562434350857, 78.22222548563508, 48.93644719559492, 61.020661570591486, 50.04150322322275, 42.04431815193425, 95.69647986992874, 55.07190066935496, 15.722105216574743, 44.64138218674974, 70.93490374866315, 77.92261143294175, 10.512337715976269, 46.649985327317566, 86.86052292077382, 38.60810763194286, 77.18508866737295, 25.134375341187006, 71.5204468730981], [44.5656438952455, 72.48896292391332, 4.861186677893393, 75.2527048928408, 60.350086399998055, 54.96827938584217, 52.472172829146956, 58.81705606873512, 89.35995956610324, 0.0, 71.51381307392171, 80.40342841238767, 82.4120813834209, 3.4005257226302996, 39.66083741659814, 89.12819399736875, 8.383540865915206, 29.09781964823663, 62.67969617490457, 83.56565890243756, 16.91149379879068, 31.632716752121436, 48.297459573543335, 75.94247233969926, 32.51059880982523, 67.85453804061851, 79.27071089732877, 61.88458012675431, 90.60147642363789, 70.54005415544742, 90.1434394542892, 71.66662686872355, 66.40948986959143, 26.664482294054505, 55.44411578468642, 52.8100821807322, 69.50027236958115, 97.57340734993524, 61.78901175193583, 22.64808814642895, 42.05603728366948, 94.07209980032711, 39.854370484549285, 88.02783331310346, 64.06910798722829, 72.75966512320919, 40.43899479710935, 27.05370264499322, 73.92277271336033, 17.647956388610268, 67.08855208463993, 96.38569016641905, 48.37826736362736, 76.03480909743962, 97.96331371604607, 68.57617380054695, 52.5515433930253, 46.65728818333546, 67.62063944033352, 60.86401189164137, 69.7448900686452, 30.456416379441933, 80.80582671217701, 94.27872246374619, 5.679558466627669, 83.78541142949784, 65.96448335798344, 40.580988680304856, 29.229263992474745, 75.37362535403486, 50.500808041072865, 27.45930249143974, 69.69909619587177, 75.52932453255607, 81.35304182316376, 35.00462592525267, 12.091224940890095, 82.14584587484855, 43.84544000901918, 8.118748197175814, 53.5262623676645, 33.99303678284443, 86.08943229579435, 35.96525646349044], [43.206595256678824, 43.217595797987634, 69.54115886506189, 53.73052121223562, 25.505797802236074, 17.110526271794193, 19.29847973129944, 71.79456194390725, 60.23624703377078, 71.51381307392171, 0.0, 100.82495342979341, 69.79064045969164, 71.78814464566253, 40.07756175714307, 111.61315654562172, 69.29106379312594, 47.152992752162994, 78.50096672114636, 34.05816215278457, 54.60320551079559, 41.01898005436596, 62.49683791863519, 112.62861467516598, 82.66330520678048, 102.79229668560545, 115.86692890065048, 67.30208055930649, 108.6695499715517, 94.17419336571092, 82.78328241458864, 61.77782081907508, 47.60795802519272, 77.94845236368585, 29.3036323309952, 98.97223002084941, 19.05898857244754, 75.2741525536378, 52.335263156004274, 87.46196409786977, 68.77359122017963, 79.98513308877023, 82.42287562278868, 82.0305563706895, 9.591724976980844, 73.92201651289693, 94.35319592337221, 44.51540099100885, 52.6408836491063, 57.918578187940064, 97.1377096364503, 63.70083918526552, 91.3618202159477, 95.53305625465725, 82.9937827320919, 24.995699465275614, 19.113284921600297, 33.656496436028675, 6.008910593795905, 90.0097884052557, 39.810568123286956, 43.97459220169584, 27.414884849993253, 72.92316020717658, 77.19082131402378, 76.46430286471916, 105.64368993194796, 52.180869439490806, 48.653779648943704, 90.70901711745478, 36.252594421536095, 93.509631128106, 5.4117432516440855, 46.77017080644771, 90.2364826324367, 79.77003239623367, 66.26278142027931, 62.400313329152326, 42.020923909899906, 64.41387264067312, 59.08543721957674, 84.63253179255285, 78.06961657678595, 81.05626977565551], [60.56197259418872, 62.63002938312927, 84.53092403612096, 53.56569506524412, 75.34210693129585, 88.27689704960603, 92.7969194664473, 29.58925392553333, 59.71219868285187, 80.40342841238767, 100.82495342979341, 0.0, 41.616365357889094, 83.79682445778133, 67.24099120404203, 10.843286959329246, 72.21018451791319, 68.93680104144134, 22.868259513903922, 80.98957451012207, 79.95231855600676, 88.69095353848098, 41.11064392885981, 23.020871589478354, 49.77636566184331, 19.968000423118312, 24.12096357277837, 33.53139729151854, 10.211417188782734, 9.86436072446101, 34.80644649310094, 42.52414863096243, 55.09566440945934, 54.44473019913791, 71.75321451420781, 36.82418743055348, 83.76475499948205, 53.0638838002947, 48.91202466293882, 66.58622879511105, 40.853333357125116, 43.06564131148757, 41.30593050367423, 33.13548180095386, 101.09955828259127, 29.290615177375752, 49.06831576069838, 82.94755056774346, 53.81159462954554, 69.85767558826537, 15.367194480165702, 64.50030424532731, 35.66979741591406, 5.380919209647291, 44.839504456050875, 77.9716746912755, 92.28553792703887, 70.16161302617628, 102.04772955065752, 19.746338660568146, 64.4583930839106, 91.87739830757576, 84.71937981261173, 51.41674362784167, 81.12298164225176, 35.11454782617606, 26.351195867144533, 53.86754492052008, 66.72768007653075, 10.416945453860354, 65.5545291427771, 68.05580696848621, 95.63541811370426, 61.062657955836784, 15.408006791736195, 45.902704444237976, 69.44689780695714, 49.77862008884497, 62.19106922652077, 83.57218984952353, 42.301382012203355, 49.10199000392752, 35.655682121222746, 45.209395020289456], [42.58879669554464, 26.67488430739946, 84.77534921265416, 16.09171318067749, 45.992849800822505, 62.55795594676628, 68.88549228360762, 28.152022790519318, 18.09650236794324, 82.4120813834209, 69.79064045969164, 41.616365357889094, 0.0, 85.27236417921867, 50.37682368307246, 50.48462626448064, 74.48415544900799, 58.09475837527155, 29.825947137582695, 42.37848369245512, 73.44470424827847, 74.72197560604418, 34.70826290055147, 62.417438351753106, 63.62740553556074, 55.13512414596416, 64.46291634016995, 22.172975309697275, 45.38147689825942, 40.83523950251085, 12.997759797346033, 11.155261236706355, 23.33639939588122, 64.47131533654185, 45.0064306925397, 64.19527275591759, 50.82827249106144, 16.03930618749846, 22.81688128742465, 79.7250853277731, 43.43114413810257, 12.242157000206326, 56.327015712790796, 12.460500851508247, 73.3156588242318, 14.772877469827197, 70.31578413280789, 71.03489608664322, 17.150069030350657, 65.91343140240937, 47.943428794804404, 23.27902565017636, 58.32237771877001, 37.88019328357462, 16.119021486193958, 44.814288238249, 68.25942804576569, 48.5403728252404, 72.9023246795829, 44.51262512233579, 29.9803525303388, 78.95283332231665, 47.50089566276784, 12.999790558897088, 85.78512587850345, 7.3767143940547335, 61.05164857782602, 42.49904220616521, 56.621547802513504, 32.0311248597037, 42.33167273097734, 83.96792417657208, 64.3868930636587, 23.521628555717754, 26.59073116963057, 58.34544412507404, 70.41061337758411, 8.700882434481954, 44.12689884209604, 81.50179066937494, 28.899017097100547, 64.36173423811125, 8.428492968337832, 58.677375782351874], [46.73966302099185, 74.63934521959857, 2.5059824233679837, 77.73976071481722, 61.77811349441519, 55.500408886038834, 52.60209669898633, 62.009487184379495, 91.81437067771405, 3.4005257226302996, 71.78814464566253, 83.79682445778133, 85.27236417921867, 0.0, 41.449603316405124, 92.52855741181399, 11.697224144997836, 30.907875115093837, 65.96323062887105, 85.16599289084124, 17.468574928630908, 31.32267591390339, 51.33605381716992, 79.26170171840504, 35.84973730851275, 71.22128321001753, 82.5801648236118, 64.94187760539197, 93.9961039780882, 73.93388192277983, 93.20097118369986, 74.4576516497195, 68.79207009219645, 30.04225958337428, 57.00175894365452, 56.057805726989585, 70.6650859553447, 100.31980007413266, 64.3858929567673, 25.281181456203708, 45.30732329816998, 97.00430832841434, 43.24654227298885, 91.099253620397, 64.04954812659868, 75.85297861002617, 43.541734834075186, 27.28901665260611, 76.39223674607123, 19.928094873845442, 70.48669310337998, 98.80447743006641, 51.723727870464764, 79.41695883786126, 100.90308321460374, 70.01161087676725, 52.72237751387279, 48.241063442095374, 67.67637087792006, 64.26350191776389, 71.79539988961048, 29.690290550013884, 82.1836624534237, 97.02214468509844, 6.543605439290984, 86.7924240158481, 69.27400217557707, 43.211776152477704, 31.248550568395277, 78.71958396555453, 52.36900407292609, 29.744842289160783, 70.21862517005482, 77.7691735911906, 84.64666298954518, 38.39923066297306, 15.201433005812168, 84.79980697779467, 45.93023234191545, 7.41018165621627, 56.420163094545444, 37.303534682307436, 89.10044668632906, 39.35357818093187], [7.877854704844467, 33.78089386754971, 40.01374596328171, 38.874978340358965, 21.37575101318562, 23.74304775969682, 26.417262781552424, 37.928267823126085, 52.31786887458607, 39.66083741659814, 40.07756175714307, 67.24099120404203, 50.37682368307246, 41.449603316405124, 0.0, 77.9644850082062, 34.24483117651966, 10.564549806793371, 44.467295184225314, 43.9836966705701, 25.537141189960515, 24.408458563327542, 26.153679128373945, 74.79952957897697, 42.70650045136502, 64.91770791494348, 78.18555275526218, 36.304572799782555, 76.52474665657503, 58.928374198031094, 61.35372621702055, 39.31095241588955, 29.443268736412833, 38.34216779561331, 16.11251788660711, 59.150128362969284, 31.4766361927316, 63.25930691570066, 27.563837052343334, 49.66477573409403, 29.78431014111306, 62.613487259091585, 42.43884689810921, 59.6946507068214, 36.6830335151588, 46.40042930073321, 54.35091926156159, 20.815506680998173, 37.430048136220854, 22.356405324374673, 60.15798636606611, 58.9658138973771, 51.620293943075296, 61.88329735419327, 66.46234203250594, 29.42333309567125, 26.00471113416752, 7.5401412628627575, 38.83868311501976, 52.74405564111301, 30.63562106934758, 28.58680087510922, 41.699840364396884, 60.02970722130382, 44.747466705287124, 54.350804646051806, 66.91508651812536, 13.628572680106673, 10.714846743464832, 58.28333588754208, 10.958320188185617, 55.64149250163769, 36.25450567199797, 37.25729601995567, 60.65218816533686, 39.692542800271504, 30.30782156369802, 47.26019660820065, 6.263255038083255, 35.47531742609413, 26.060023405810963, 44.64903297140679, 56.57341200781099, 40.97930076986602], [71.363937576243, 72.87419999327886, 93.43163648939158, 63.48185372133797, 86.11886196341261, 99.11874485484566, 103.61249638939701, 40.41930748446736, 68.47556057363704, 89.12819399736875, 111.61315654562172, 10.843286959329246, 50.48462626448064, 92.52855741181399, 77.9644850082062, 0.0, 81.09969434346154, 79.32180996066542, 33.684122775342324, 91.02252366713608, 89.78241264076284, 99.06885914083917, 51.81311165017297, 21.9669359790815, 57.53117223967324, 23.70578521902994, 21.431316114756836, 44.311180795471586, 6.45548002662971, 19.497180783958015, 41.853919527070126, 52.613108457314674, 65.57497176982902, 62.70556416474389, 82.57789787443573, 41.718869890635915, 94.41913435808304, 60.2220646494548, 59.5769983608113, 73.6572063187902, 50.930024666559845, 49.981350233441084, 49.41700261981802, 40.55332791907315, 111.94224028948913, 39.335553806599975, 54.97730349933563, 93.22909366407059, 63.8317670348777, 79.60810652234852, 22.149044976435963, 72.6981048688782, 42.36093116747358, 16.2151075728283, 51.089617936274045, 88.58445132030802, 103.10410779265642, 80.98853347153465, 112.87967594837433, 28.38360914382555, 74.86538863502155, 102.14748103882248, 94.98884117812409, 58.998017585263774, 89.39957141788011, 43.523247859443615, 28.98713453797431, 64.52356144957331, 77.0952914737864, 20.963793983315547, 76.39777489734522, 74.40966171981032, 106.40659362727821, 71.09636229597172, 23.925655682493822, 54.20102321538387, 78.60061366450559, 58.95049491774268, 72.98541219605782, 92.81351468619349, 53.14320186372857, 56.586148165087934, 43.65067444496335, 53.34925787450918], [38.15888490516315, 65.93277874490978, 12.335961715893175, 68.00319797770763, 55.4898976642871, 52.318434941885684, 50.84745455737442, 50.47595271535786, 82.14200498100823, 8.383540865915206, 69.29106379312594, 72.21018451791319, 74.48415544900799, 11.697224144997836, 34.24483117651966, 81.09969434346154, 0.0, 23.949225695607318, 54.29617067922648, 78.15587168741057, 16.224987435418576, 31.712751315614327, 40.14226328635359, 68.6683396632583, 25.313608921907242, 60.26913179635441, 72.04830994859586, 53.68788907986431, 82.41729819249464, 62.35345657543349, 81.9312313459466, 63.86654205816688, 59.39651934197396, 19.182210273181756, 50.3334216078939, 46.019905755310276, 65.17223966806152, 89.81702294002757, 54.367280746440464, 19.44027406956559, 33.681181475084394, 86.02594712966098, 32.07732249650107, 79.79979269789196, 62.64185659459934, 64.51207454934308, 34.49582758198714, 26.058613341887973, 66.71114721389777, 11.994109316353194, 59.15024186098144, 89.22351040896538, 41.011959758293294, 67.77444937872924, 89.9041389553527, 63.62765519737886, 50.82500051462292, 41.60418505151958, 65.96893476314253, 52.76509392247027, 63.41424970790203, 31.70021350093767, 75.91091656743168, 86.53049795887712, 11.408563166956176, 75.64045606022673, 58.772011075775694, 33.20664469486947, 23.534247212347786, 67.024038471902, 44.72541782223572, 25.19796247573482, 66.90123189119853, 68.77475416839698, 72.97013995270189, 27.209646352005663, 4.225208592199341, 74.5692774482664, 37.653518269057045, 12.526547581812151, 45.58771214474494, 26.988661616602087, 77.93794186182873, 28.262231002213262], [16.40670748659742, 43.962718700146596, 29.531471519644573, 48.127652655295215, 31.55787981585564, 30.075615656762167, 30.49692942037581, 41.00025415870883, 61.928099341643794, 29.09781964823663, 47.152992752162994, 68.93680104144134, 58.09475837527155, 30.907875115093837, 10.564549806793371, 79.32180996066542, 23.949225695607318, 0.0, 46.940029106013334, 54.504330041261575, 15.652611519530367, 19.754995966698267, 28.702408101180154, 73.18411808516456, 36.355983438582726, 63.48458271044319, 76.64605693974407, 41.112359948934845, 78.73169942718985, 59.864645286651346, 68.07428161050832, 46.94272517342994, 38.83521616181263, 31.115487864208777, 26.4706776470232, 54.938696057639795, 41.255243495534096, 71.94683354144276, 35.681455220555264, 40.56751202539827, 28.6940503276693, 70.28633193989012, 38.05458884784001, 66.22854493471208, 41.986599216006155, 51.91504197019623, 48.04031135561238, 14.191423432946236, 46.714563229317406, 11.962297473576346, 59.7065354329991, 68.74309377571113, 47.80230873266823, 63.7263718889084, 74.19154643869432, 39.72575621222792, 30.275005042750156, 17.698364996005147, 44.79654780293619, 52.3101267131977, 40.97772364257738, 23.076589868473768, 52.00509878220714, 68.66887131430886, 34.22132937770036, 61.18237082063344, 64.46843211336302, 16.483953437313033, 2.2545603133820418, 60.9569067735557, 21.461135461511, 46.613104818355914, 44.076256807366256, 47.27285386370546, 64.59271726316825, 34.41762026736628, 20.188021309227057, 56.01427153202035, 15.328699866408417, 25.12960189639359, 31.010670498487375, 38.380630203121676, 63.473173507313184, 35.76704212857633], [37.695026955918074, 43.16515134614132, 66.23598026912009, 35.96668535431946, 53.1561811856736, 65.48224307975136, 69.93042814438823, 6.762056696287601, 46.082734932833795, 62.67969617490457, 78.50096672114636, 22.868259513903922, 29.825947137582695, 65.96323062887105, 44.467295184225314, 33.684122775342324, 54.29617067922648, 46.940029106013334, 0.0, 61.9004453681118, 59.29264862906119, 66.59419645946338, 18.47300845484935, 36.24735344458718, 36.77036300986573, 27.33851971282388, 39.047521438901306, 12.152461513104468, 32.08151520895994, 15.758369602498934, 30.98543071729019, 25.097691593305125, 34.777554042373126, 39.393040166819375, 49.256529708084045, 34.37065679628651, 62.15212569404834, 45.265955488205186, 27.74487648198501, 53.954097901047305, 20.720390187526444, 37.589960034874046, 28.498060762829184, 28.711067376844955, 78.37146249950732, 15.16183541190333, 41.409940155885195, 61.108168670337704, 35.73765906112479, 49.59205712255357, 20.40315863746027, 52.380206693133786, 28.729277198447445, 17.488155515154254, 40.92002806252102, 56.59358018692533, 69.42068629350351, 47.306011034436594, 79.44508364126095, 15.183553094072181, 44.218996262895566, 70.01476448775047, 64.67859811786829, 42.542042997753214, 64.56526641029525, 26.658627242120726, 32.46648306247566, 31.27230094186695, 44.796631461684406, 14.021377125458562, 42.82609318499974, 57.2066460103346, 73.41276431849798, 42.55552870532852, 18.698122483996286, 31.70689268314604, 50.88565103321275, 35.586486544283886, 39.327811059229, 64.40305241349574, 19.54756807223421, 36.999953233685915, 28.526966770310192, 31.632309550266747], [40.72569752047674, 18.73534685562976, 83.54130278270434, 27.563342580777057, 23.658281565843183, 36.88637545923569, 43.62281804904779, 56.257172091727114, 28.234943808328747, 83.56565890243756, 34.05816215278457, 80.98957451012207, 42.37848369245512, 85.16599289084124, 43.9836966705701, 91.02252366713608, 78.15587168741057, 54.504330041261575, 61.9004453681118, 0.0, 68.35673921950682, 60.59818693797196, 52.294630676494364, 98.14509012270746, 81.11419343581785, 89.09950443308368, 100.88907348933364, 49.777354335369374, 86.65574624169625, 77.03448273532649, 54.7928737791602, 38.466903519271085, 27.30275526803023, 78.54477079567035, 28.16654006214432, 91.37975623975456, 17.899352096788252, 43.30759882027696, 34.75819180188685, 92.01376588062418, 61.66962711288081, 49.99850451440938, 77.35210299275067, 54.70107833230077, 41.396861919922635, 51.730424575524836, 91.6045111748637, 60.61875213044915, 27.196769979211542, 66.33367189870368, 82.29172001434492, 30.283123932919988, 83.93329123207363, 76.27006769903828, 52.32279736533647, 15.633986207195084, 43.03695039604623, 36.928710544801284, 39.19054263657471, 76.37612667060364, 18.22777257468463, 64.81293015991403, 6.6837317612768095, 41.52708300925957, 88.72308153717701, 49.730706806080505, 93.66968991731632, 48.45121003869647, 54.64619373301976, 70.61015370538522, 33.487147022455424, 97.73487910788621, 29.496810587932096, 19.933992445979268, 67.43711764086594, 76.64808373275353, 74.12930061914493, 33.797624163052575, 40.84672567956164, 78.72998188745069, 46.115955898921854, 82.714565143661, 50.70048351993905, 77.63921075772248], [32.04423941784297, 59.31139051136505, 15.477999619166969, 63.778414951406255, 44.77811839363888, 38.101625296132816, 35.605821187560075, 54.043005122235094, 77.5463778135144, 16.91149379879068, 54.60320551079559, 79.95231855600676, 73.44470424827847, 17.468574928630908, 25.537141189960515, 89.78241264076284, 16.224987435418576, 15.652611519530367, 59.29264862906119, 68.35673921950682, 0.0, 15.506328349028216, 42.056567207369426, 80.35622933028753, 38.59737747664853, 71.20577137156222, 83.81877369015857, 55.277581763534236, 90.05241890564648, 70.36974572558148, 82.93261372576771, 62.320304538968564, 54.46999776381201, 32.376465626357366, 40.25452352502983, 59.21927312169753, 53.338630789896825, 87.53943232423359, 51.245093274702484, 35.66265635467982, 39.16220862155787, 85.57369503634823, 43.40294449721937, 81.00067789050813, 47.26845723515221, 66.26881350556346, 49.18404386266818, 10.221396853854113, 62.36347624739626, 10.229465654915538, 68.7325477829794, 84.32240608714963, 53.13136104522865, 75.00859155107817, 89.48912990526357, 52.98863672575074, 35.66883476159797, 31.64172720266752, 50.772127912810795, 61.664828200774544, 56.16133084564806, 15.65978124644979, 65.0517297422064, 84.25520558051525, 22.587637304650787, 76.14216095096508, 70.84140916559731, 31.130144515132947, 16.859434188947997, 73.06127034242563, 36.43346465072839, 41.40525040541306, 52.83228284731505, 62.73644816547354, 77.66592932124377, 38.811567870988526, 14.946059816365771, 71.63379306856649, 30.90032716349198, 10.452028311851734, 45.56993094300658, 40.52852787153025, 78.45062932460752, 40.087691595773215], [32.2785301943644, 55.66298210687938, 28.945515141748622, 62.40515995311548, 37.33165486444634, 25.924087714099905, 21.724993267378792, 60.504273920747494, 75.12401496112864, 31.632716752121436, 41.01898005436596, 88.69095353848098, 74.72197560604418, 31.32267591390339, 24.408458563327542, 99.06885914083917, 31.712751315614327, 19.754995966698267, 66.59419645946338, 60.59818693797196, 15.506328349028216, 0.0, 48.2222657325621, 92.1973942683551, 52.46945608161115, 82.64688118082839, 95.67215868423486, 59.98764263538923, 98.46721870341602, 79.60121009410817, 85.74989424269211, 63.695724428189465, 53.00661349980559, 46.45543605750392, 34.16540391422074, 72.51694985759342, 43.75087206011463, 87.08636360871711, 51.90877398965485, 51.13295442581692, 48.321145994238464, 86.94389604547959, 55.985504175886746, 84.06846784532948, 32.830311109234486, 70.46466299118445, 63.60390850370464, 6.3724051485564095, 60.948964490984245, 23.295702907987057, 79.21782047001709, 81.33924729430997, 65.85501778674451, 83.47423570691583, 90.77108511479734, 44.9870973286157, 21.946301722827233, 27.149820497163578, 36.53451024033694, 71.86501615110221, 52.02169397593844, 4.409638222842709, 56.15464182169489, 83.91299273870506, 37.242036915168, 78.7511294910379, 83.12876389619576, 35.60453751184093, 21.974122875102346, 80.61530703684666, 33.23727794099006, 56.905802679108774, 40.17336187145879, 59.51229602111251, 83.93977303566122, 51.77528716795843, 30.044519279232876, 71.14854764451691, 30.6699375723784, 23.923891245158952, 49.71323617235041, 54.47343509756636, 80.9786919949988, 53.11240186690522], [19.923950898060355, 34.67931959612335, 51.13667816452334, 31.92200829437934, 38.05463355737946, 48.18804914719869, 52.09684731902579, 12.299819670595564, 45.414482120931, 48.297459573543335, 62.49683791863519, 41.11064392885981, 34.70826290055147, 51.33605381716992, 26.153679128373945, 51.81311165017297, 40.14226328635359, 28.702408101180154, 18.47300845484935, 52.294630676494364, 42.056567207369426, 48.2222657325621, 0.0, 50.132011939722915, 30.819905829877378, 40.30047154499775, 53.38135759914197, 13.615546212803826, 50.53997932942595, 32.83666997541694, 41.86665682520813, 24.78265588847647, 26.02343954778225, 30.392613194132025, 33.37572911792732, 39.196481837614364, 48.06697877719683, 50.47872410532085, 18.725417510471747, 45.58964888486829, 9.949872360928417, 45.9469615877127, 25.444968336306182, 39.77637294311644, 61.25419167884071, 24.595806054057054, 40.00465450837796, 42.8928012975267, 30.985204995918437, 33.021447197563035, 34.75855842695284, 52.51758206301691, 31.671438920661508, 35.76723436160791, 49.80533716039515, 43.231754931773885, 51.62031655171658, 29.782853478371006, 62.714816915715154, 27.53276603767298, 34.138419234423765, 51.75228925531483, 53.389852397490245, 47.253685221592725, 51.29644768127315, 35.49929852752789, 43.460