instance_id,num_cities,city_coordinates,distance_matrix,best_route,total_distance
2221,40,"[[34.736103707125366, 98.16777932528481], [70.10334761778448, 29.282802607891078], [57.01273515565, 70.98296308896691], [85.74936705557023, 52.292411796948656], [26.218377509203684, 84.6592008789451], [30.147678572957293, 91.07288029074518], [38.12700515868023, 59.60383370449265], [34.13792547071635, 42.84940532566813], [57.27725686547165, 44.9431787532609], [47.177218425721826, 67.58133509368261], [33.52073444048077, 46.185012640613586], [88.5389577889164, 31.39799703554965], [84.95376345048587, 74.97287817049848], [6.755238383310436, 67.68629962552136], [99.31482476739279, 32.616617120649984], [16.197997354057346, 80.32476697783494], [0.2944567638954787, 74.16883922720562], [65.06516359260587, 97.8983053120765], [52.598870414726065, 46.66961884287923], [93.7150253248394, 18.644050369743926], [72.12247218404701, 52.754047645924864], [78.00537256954435, 23.348854995273705], [49.47211098007015, 86.56862660903084], [54.555192395290874, 33.37711353145709], [12.253108140694358, 18.72630592107949], [63.55803601943867, 51.92734155576174], [15.269443441021103, 8.33384531396586], [64.3663289424061, 79.85656677754481], [69.47130530193441, 30.609925877734568], [23.400888743253546, 84.15328153270298], [30.194180659459867, 74.96675187644965], [70.27095628019678, 57.851495356955894], [17.735383277425466, 91.3083266004841], [12.894662824184921, 89.67614995069214], [40.089055986383805, 1.9129035666395566], [0.22007279854640016, 81.14583343055787], [3.6352703172266687, 30.77189429840299], [27.122151335196055, 79.67617576554734], [3.2675878208859865, 76.11743099513963], [42.49154800727133, 96.72487252718705]]","[[0.0, 77.43372623858373, 35.14630197468533, 68.60686833923924, 15.969763655848986, 8.449333554912883, 38.712738400913615, 55.32160806740871, 57.80105268729552, 33.01987138336837, 51.99697255270992, 85.7493494690492, 55.31561072319674, 41.376919036542105, 92.01829209542075, 25.73003064104101, 41.978282122941735, 30.330257001562934, 54.50815505520039, 99.00776061593753, 58.823019073633596, 86.42974641747034, 18.753406466113386, 67.75416334393663, 82.5616907910153, 54.48744687845729, 91.91891297152034, 34.831749201870096, 75.96445084559423, 18.024795329086672, 23.641420000763866, 53.741310929347975, 18.332391737375445, 23.4340843490508, 96.40360576978566, 38.48510142542163, 74.22578498138574, 19.997791701398018, 38.4250615297261, 7.888529414324523], [77.43372623858373, 0.0, 43.70660726687979, 27.825169168950843, 70.65717293315254, 73.58307678313612, 44.06644305844293, 38.43909857838519, 20.242430313601993, 44.63613995739749, 40.298539562501524, 18.556555980265863, 48.04287517750079, 74.07976462412657, 29.401100599596106, 74.23657396322736, 82.99420175916288, 68.80022172652964, 24.672010476279375, 25.89776772863861, 23.557933008850977, 9.88199031610146, 60.887712690582546, 16.078199922926295, 58.80552550445698, 23.571513487281035, 58.69936847163835, 50.898123792232184, 1.4699434214911806, 72.05476474436288, 60.66106517429167, 28.569184413528227, 81.17616223811547, 83.18767949090565, 40.6198113691222, 87.02554834974636, 66.48475535110045, 66.2334907134539, 81.61189376433057, 72.87553960507147], [35.14630197468533, 43.70660726687979, 0.0, 34.28017970418298, 33.69468716200336, 33.54602865266747, 22.04893156293632, 36.259536546166764, 26.04112785547214, 10.407135165981023, 34.15863644878844, 50.60506151535117, 28.224466062808904, 50.3655037879394, 57.109047343485834, 41.87018177308079, 56.807683551547555, 28.094078570392757, 24.71074483660775, 63.92511156262317, 23.676940496966424, 52.05476999731039, 17.313980487397775, 37.68606423283089, 68.80539534716785, 20.148391385276025, 75.28223137738784, 11.524590404980183, 42.25160474762397, 36.100048575589796, 27.112827930121806, 18.6605431910281, 44.2247755499243, 47.91491981931892, 71.11317767504204, 57.69480419576759, 66.82876480870031, 31.129069176058604, 53.98984740407227, 29.555215744835373], [68.60686833923924, 27.825169168950843, 34.28017970418298, 0.0, 67.76096038168325, 67.78991443213273, 48.18035121238196, 52.468192971393925, 29.405310489902117, 41.4917079125038, 52.58450712231492, 21.07980988246667, 22.694416494330657, 80.48008540731189, 23.89892338736432, 74.9880388084919, 88.21065564924386, 50.07727824283671, 33.62396806058073, 34.578373854167516, 13.634712006368371, 29.961624303955613, 49.908899108389576, 36.481023028535304, 80.79841296803131, 22.19433372363713, 83.06488548087874, 34.88577014691454, 27.112828883982182, 70.01748187545829, 60.004203465652566, 16.44641633178303, 78.4100988223486, 81.886212557367, 67.9923441018373, 90.26505478905665, 84.88732270815976, 64.70719397571813, 85.85380274346242, 62.011954293987124], [15.969763655848986, 70.65717293315254, 33.69468716200336, 67.76096038168325, 0.0, 7.521614882919984, 27.741428166922237, 42.55324011308091, 50.41841330659906, 27.035652615451216, 39.16104668353921, 81.97933008538091, 59.528735996017396, 25.824274657623008, 89.73026872805175, 10.917661640513666, 27.966003547044533, 41.04079281886462, 46.25082430847363, 94.41290993873903, 55.902814873130325, 80.25491492584844, 23.33199577731851, 58.59033675106981, 67.39566296179574, 49.6550572692614, 77.10667324784488, 38.44907661910625, 69.22528360938408, 2.862550843418731, 10.476191023247049, 51.56823413428312, 10.77831452487883, 14.23696424791072, 83.90080714935806, 26.234625948459257, 58.42806295736374, 5.064320922818935, 24.4887847813091, 20.25824549121588], [8.449333554912883, 73.58307678313612, 33.54602865266747, 67.78991443213273, 7.521614882919984, 0.0, 32.464912533523886, 48.388279655434005, 53.51601052271222, 29.014788011331888, 45.01442177859408, 83.49031788175988, 57.12194856510774, 33.07776312324076, 90.56063613123442, 17.610097838912996, 34.30687185767416, 35.57832467696025, 49.7564633220996, 96.36774863407022, 56.834991281386905, 82.92709133264368, 19.84242901174931, 62.646055206449965, 74.52679031047015, 51.46479561364002, 84.06610368947696, 36.01002252058419, 72.1256991333167, 9.664368576295766, 16.10619554524987, 52.091629182540096, 12.414528161321767, 17.30946007448563, 89.71249876310013, 31.531061617917448, 65.87197206071168, 11.791466791756653, 30.76044119438175, 13.576307629550511], [38.712738400913615, 44.06644305844293, 22.04893156293632, 48.18035121238196, 27.741428166922237, 32.464912533523886, 0.0, 17.222764791347714, 24.117772368785303, 12.064281519985494, 14.187405988190589, 57.76620283685146, 49.28440747251865, 32.39620357345574, 66.87495141988204, 30.17015841876729, 40.53937720193034, 46.82019794399982, 19.40950277764807, 69.048764194755, 34.6786872202647, 53.89533995218685, 29.254255801219227, 30.947151515379364, 48.37799938588875, 26.56437204886228, 56.134479932046645, 33.14627142765085, 42.697913796073784, 28.627502394563166, 17.29014052267006, 32.191680344255, 37.69606229754031, 39.25576778126493, 57.72428486885861, 43.60038157119219, 44.95509428629382, 22.891171300137515, 38.57302000891521, 37.37674086317816], [55.32160806740871, 38.43909857838519, 36.259536546166764, 52.468192971393925, 42.55324011308091, 48.388279655434005, 17.222764791347714, 0.0, 23.233866328323444, 27.958746588795005, 3.3922265442214914, 55.59322862645091, 60.117941558229845, 36.96867417948429, 65.97528443574807, 41.54808962866508, 46.11168305345555, 63.14170925435617, 18.852069370306285, 64.30653182663822, 39.25465231675629, 48.00650349855444, 46.33041716689923, 22.507534305294367, 32.570986390530074, 30.788826396871457, 39.33628728065669, 47.78374593072976, 37.39321579449293, 42.676622961674745, 32.35857031142306, 39.12363251010476, 51.159656385881824, 51.42003714552073, 41.36681194727795, 51.156985207144636, 32.80667986899042, 37.48909318391413, 45.38435059091568, 54.51925325667236], [57.80105268729552, 20.242430313601993, 26.04112785547214, 29.405310489902117, 50.41841330659906, 53.51601052271222, 24.117772368785303, 23.233866328323444, 0.0, 24.78904796432892, 23.788957714302487, 34.0700145640228, 40.83836264886208, 55.405089103096735, 43.807547714876556, 54.215886484493076, 64.0404461067729, 53.52473185407583, 4.986772018606947, 44.93723538482539, 16.77468600937884, 29.932751280264828, 42.35089386879364, 11.882066305775279, 52.10084826074942, 9.392907794327751, 55.721626713269366, 35.62582779734645, 18.81852691537209, 51.81737620843462, 40.43399510145026, 18.31559068175133, 60.93674344554269, 63.01470753708116, 46.336150380628695, 67.5733265374038, 55.48232172451503, 45.99686370827425, 62.36087197230292, 53.851285932056676], [33.01987138336837, 44.63613995739749, 10.407135165981023, 41.4917079125038, 27.035652615451216, 29.014788011331888, 12.064281519985494, 27.958746588795005, 24.78904796432892, 0.0, 25.38310795302362, 54.954776281757105, 38.49288587602194, 40.42211632388944, 62.77628133278332, 33.497868505221206, 47.34330524740322, 35.200813421232645, 21.60310595363518, 67.53240190554011, 29.0192029202332, 53.91555789910201, 19.125474397379488, 34.99090271161137, 60.054203472002385, 22.657861742094987, 67.29317312827456, 21.122188173749432, 43.17304030361079, 28.981774651445722, 18.51939396485363, 25.059738813355498, 37.812587624536995, 40.78571394665047, 66.04986711559975, 48.87708195650444, 57.01610453849053, 23.419882298664167, 44.731650909529456, 29.517812950969393], [51.99697255270992, 40.298539562501524, 34.15863644878844, 52.58450712231492, 39.16104668353921, 45.01442177859408, 14.187405988190589, 3.3922265442214914, 23.788957714302487, 25.38310795302362, 0.0, 56.97070063570179, 58.94147669435132, 34.332158702793, 67.17859539266973, 38.283156170451434, 43.440534972189354, 60.574876388299955, 19.084289754221054, 66.19559847811821, 39.15669007620628, 50.003731115553286, 43.419842130734516, 24.627031917042004, 34.73172185678035, 30.58126595670972, 42.02166692477634, 45.664255804441794, 39.17941899691225, 39.29377456541547, 28.973340737610663, 38.55756247792453, 47.80471497731177, 48.13433135345989, 44.756703294458895, 48.28243009726417, 33.62595995497075, 34.09691882291064, 42.55822539694374, 51.32984447087864], [85.7493494690492, 18.556555980265863, 50.60506151535117, 21.07980988246667, 81.97933008538091, 83.49031788175988, 57.76620283685146, 55.59322862645091, 34.0700145640228, 54.954776281757105, 56.97070063570179, 0.0, 43.72212122449268, 89.47299964054093, 10.844553658386673, 87.33294552242673, 98.06343305707004, 70.52169889363023, 39.05012564756406, 13.764259176964554, 26.936627429724595, 13.256888969826635, 67.60190002596184, 34.04134563194224, 77.33112317981474, 32.33419921510859, 76.8139103770448, 54.15301438323588, 19.08393113365511, 83.82176376916156, 72.81723296495412, 32.14821072102187, 92.74909030380464, 95.49032656720802, 56.71652071086004, 101.36603312711172, 84.90599596570213, 78.12046246956906, 96.28621038285206, 79.92474340965154], [55.31561072319674, 48.04287517750079, 28.224466062808904, 22.694416494330657, 59.528735996017396, 57.12194856510774, 49.28440747251865, 60.117941558229845, 40.83836264886208, 38.49288587602194, 58.94147669435132, 43.72212122449268, 0.0, 78.53727490544719, 44.72463451243479, 68.96374471642969, 84.66312471954068, 30.35015014675655, 42.987365491757274, 57.00610976937525, 25.65771746363877, 52.089537381613354, 37.32839460626566, 51.51971232551929, 91.91878030240733, 31.446365611384042, 96.41921569498233, 21.15875407567912, 46.9869986959339, 62.233722294404146, 54.75958313371925, 22.55496787512152, 69.17483291269158, 73.54386571369228, 85.73565107326102, 84.95824685185818, 92.55497988074531, 58.02255051375222, 81.69419373589673, 47.70942253726594], [41.376919036542105, 74.07976462412657, 50.3655037879394, 80.48008540731189, 25.824274657623008, 33.07776312324076, 32.39620357345574, 36.96867417948429, 55.405089103096735, 40.42211632388944, 34.332158702793, 89.47299964054093, 78.53727490544719, 0.0, 98.9806024561625, 15.776455685454751, 9.152323137934705, 65.67200823423985, 50.43153248664288, 99.83559864588338, 67.05108055760415, 83.91895267397356, 46.704105566427145, 58.83838758824529, 49.267713113236184, 58.94830429058479, 59.96003269320347, 58.88253695247805, 72.85576531769392, 23.41450766163835, 24.54361424083079, 64.27262088135073, 26.04925604123134, 22.830813603299823, 73.73793477656865, 14.962200355201938, 37.04601896814511, 23.634049019219084, 9.124016802776113, 46.04696017876699], [92.01829209542075, 29.401100599596106, 57.109047343485834, 23.89892338736432, 89.73026872805175, 90.56063613123442, 66.87495141988204, 65.97528443574807, 43.807547714876556, 62.77628133278332, 67.17859539266973, 10.844553658386673, 44.72463451243479, 98.9806024561625, 0.0, 95.83566435338051, 107.38538281135177, 73.72067622933436, 48.783883081253585, 15.052919165575386, 33.83696421337565, 23.23755941971848, 73.45144958078977, 44.766092579948996, 88.16282236412609, 40.63806122066653, 87.48302194660813, 58.762319593554764, 29.910908776391047, 91.75485524699864, 81.06292220078124, 38.47525667624224, 100.498368322477, 103.55788080620871, 66.71139118402691, 110.33972404995862, 95.69733612840655, 86.17647101814009, 105.43904652832086, 85.66652317578406], [25.73003064104101, 74.23657396322736, 41.87018177308079, 74.9880388084919, 10.917661640513666, 17.610097838912996, 30.17015841876729, 41.54808962866508, 54.215886484493076, 33.497868505221206, 38.283156170451434, 87.33294552242673, 68.96374471642969, 15.776455685454751, 95.83566435338051, 0.0, 17.05338821976132, 51.93100408976312, 49.575120328293, 99.06260862056199, 62.35135483282707, 84.06191871039205, 33.85487292386266, 60.62471917916341, 61.72465111660272, 55.22125526451408, 71.9969097557857, 48.170607007102035, 72.86707600362162, 8.157154409559325, 14.986709877257953, 58.55709029975593, 11.090632870204443, 9.91768029940928, 81.9707448190464, 15.99900694485088, 51.120536982566115, 10.943391191229773, 13.59768975844101, 30.988937832443032], [41.978282122941735, 82.99420175916288, 56.807683551547555, 88.21065564924386, 27.966003547044533, 34.30687185767416, 40.53937720193034, 46.11168305345555, 64.0404461067729, 47.34330524740322, 43.440534972189354, 98.06343305707004, 84.66312471954068, 9.152323137934705, 107.38538281135177, 17.05338821976132, 0.0, 68.9806641296225, 59.092798284587474, 108.67568636965551, 74.95236552415955, 92.8528795067038, 50.71682562345671, 67.88366752391455, 56.717579657040375, 67.05941156087816, 67.5166397974337, 64.32382955908557, 81.7484880951416, 25.171338601045964, 29.910368664174097, 71.85378344621036, 24.452974155900247, 19.981037976954916, 82.48957731412092, 6.977390707700977, 43.525347377725204, 27.387149390864764, 3.5547880612072595, 47.847352566590956], [30.330257001562934, 68.80022172652964, 28.094078570392757, 50.07727824283671, 41.04079281886462, 35.57832467696025, 46.82019794399982, 63.14170925435617, 53.52473185407583, 35.200813421232645, 60.574876388299955, 70.52169889363023, 30.35015014675655, 65.67200823423985, 73.72067622933436, 51.93100408976312, 68.9806641296225, 0.0, 52.72368332121883, 84.27367028758358, 45.69255524462076, 75.6641893560242, 19.274462620046076, 65.37158161892567, 95.16994635190149, 45.99566221075859, 102.47636917928008, 18.055267907641955, 67.43248543293251, 43.87296978115245, 41.73537580632011, 40.3837500126935, 47.786357091773375, 52.81443921139893, 99.18166816196687, 66.97410778973385, 90.99223507201648, 42.09178286051142, 65.52363586730868, 22.60409398969824], [54.50815505520039, 24.672010476279375, 24.71074483660775, 33.62396806058073, 46.25082430847363, 49.7564633220996, 19.40950277764807, 18.852069370306285, 4.986772018606947, 21.60310595363518, 19.084289754221054, 39.05012564756406, 42.987365491757274, 50.43153248664288, 48.783883081253585, 49.575120328293, 59.092798284587474, 52.72368332121883, 0.0, 49.75912662853753, 20.449726157246296, 34.486930541562714, 40.021337375025794, 13.435694739976299, 49.077584196028845, 12.155120685417993, 53.50810826636751, 35.211455428863964, 23.293621383499005, 47.51365174696773, 36.09290596432091, 20.91260340590404, 56.639888467771335, 58.53192136193774, 46.472131641984596, 62.70684023304295, 51.47981915469289, 41.695275690977496, 57.452146025262834, 51.06551074500918], [99.00776061593753, 25.89776772863861, 63.92511156262317, 34.578373854167516, 94.41290993873903, 96.36774863407022, 69.048764194755, 64.30653182663822, 44.93723538482539, 67.53240190554011, 66.19559847811821, 13.764259176964554, 57.00610976937525, 99.83559864588338, 15.052919165575386, 99.06260862056199, 108.67568636965551, 84.27367028758358, 49.75912662853753, 0.0, 40.36991782650807, 16.39903583313226, 81.0628369044983, 41.83964226899153, 81.46195871259316, 44.913488799460964, 79.12022273340132, 67.88459430771864, 27.03590459410846, 96.10170222621406, 84.89490215564624, 45.682032745875304, 105.13326326995877, 107.59874611544012, 56.17540263172138, 112.46234495898986, 90.89250167417246, 90.33012341699524, 107.16309267440525, 93.38340011632513], [58.823019073633596, 23.557933008850977, 23.676940496966424, 13.634712006368371, 55.902814873130325, 56.834991281386905, 34.6786872202647, 39.25465231675629, 16.77468600937884, 29.0192029202332, 39.15669007620628, 26.936627429724595, 25.65771746363877, 67.05108055760415, 33.83696421337565, 62.35135483282707, 74.95236552415955, 45.69255524462076, 20.449726157246296, 40.36991782650807, 0.0, 29.98789542077926, 40.699688120706156, 26.154825460187357, 68.86383635732379, 8.604243707448324, 72.14860533972578, 28.190500195361512, 22.302260305207856, 57.962958703423645, 47.44877089455047, 5.423290911329192, 66.66624232280326, 69.79380373766621, 60.091277941007036, 77.30490629599474, 71.92851927671366, 52.43882015252534, 72.71067859803429, 53.022873444471635], [86.42974641747034, 9.88199031610146, 52.05476999731039, 29.961624303955613, 80.25491492584844, 82.92709133264368, 53.89533995218685, 48.00650349855444, 29.932751280264828, 53.91555789910201, 50.003731115553286, 13.256888969826635, 52.089537381613354, 83.91895267397356, 23.23755941971848, 84.06191871039205, 92.8528795067038, 75.6641893560242, 34.486930541562714, 16.39903583313226, 29.98789542077926, 0.0, 69.36055463899476, 25.504449013328745, 65.91455254695086, 32.02273297955711, 64.50773069445908, 58.13041374299001, 11.20506378777972, 81.72409644946396, 70.35849167157181, 35.358922314806286, 90.83480274724837, 92.94468559120268, 43.5562518691085, 96.9073969143363, 74.7396388907251, 75.90697773156914, 91.48912002085503, 81.51853583010161], [18.753406466113386, 60.887712690582546, 17.313980487397775, 49.908899108389576, 23.33199577731851, 19.84242901174931, 29.254255801219227, 46.33041716689923, 42.35089386879364, 19.125474397379488, 43.419842130734516, 67.60190002596184, 37.32839460626566, 46.704105566427145, 73.45144958078977, 33.85487292386266, 50.71682562345671, 19.274462620046076, 40.021337375025794, 81.0628369044983, 40.699688120706156, 69.36055463899476, 0.0, 53.43383553662849, 77.38110007414146, 37.39561357106678, 85.3844451353604, 16.33675230549264, 59.42511220905238, 26.18286693162576, 22.49982432724334, 35.457941186249094, 32.08869958849682, 36.70921430534085, 85.17413436510289, 49.549671551795036, 72.21004984415094, 23.3885992474397, 47.371779047523695, 12.323862648020484], [67.75416334393663, 16.078199922926295, 37.68606423283089, 36.481023028535304, 58.59033675106981, 62.646055206449965, 30.947151515379364, 22.507534305294367, 11.882066305775279, 34.99090271161137, 24.627031917042004, 34.04134563194224, 51.51971232551929, 58.83838758824529, 44.766092579948996, 60.62471917916341, 67.88366752391455, 65.37158161892567, 13.435694739976299, 41.83964226899153, 26.154825460187357, 25.504449013328745, 53.43383553662849, 0.0, 44.76731504032022, 20.619460542762905, 46.58900464606552, 47.50366274721766, 15.170621337132246, 59.571888277392155, 48.19913806761041, 29.08574565360873, 68.6419972839154, 70.03699897824968, 34.63041454142918, 72.34746590165597, 50.986524020454716, 53.81612124225426, 66.76191369244057, 64.48620073862067], [82.5616907910153, 58.80552550445698, 68.80539534716785, 80.79841296803131, 67.39566296179574, 74.52679031047015, 48.37799938588875, 32.570986390530074, 52.10084826074942, 60.054203472002385, 34.73172185678035, 77.33112317981474, 91.91878030240733, 49.267713113236184, 88.16282236412609, 61.72465111660272, 56.717579657040375, 95.16994635190149, 49.077584196028845, 81.46195871259316, 68.86383635732379, 65.91455254695086, 77.38110007414146, 44.76731504032022, 0.0, 61.110591486734904, 10.82134539299092, 80.32867840757407, 58.43922064552837, 66.36988888077764, 59.032786181769495, 69.97750460777792, 72.78877019554828, 70.9527445574748, 32.519693897701885, 63.56879229662862, 14.810919218856787, 62.73734995660503, 58.09028156829767, 83.65488412622415], [54.48744687845729, 23.571513487281035, 20.148391385276025, 22.19433372363713, 49.6550572692614, 51.46479561364002, 26.56437204886228, 30.788826396871457, 9.392907794327751, 22.657861742094987, 30.58126595670972, 32.33419921510859, 31.446365611384042, 58.94830429058479, 40.63806122066653, 55.22125526451408, 67.05941156087816, 45.99566221075859, 12.155120685417993, 44.913488799460964, 8.604243707448324, 32.02273297955711, 37.39561357106678, 20.619460542762905, 61.110591486734904, 0.0, 65.05521568473873, 27.94091907826947, 22.122363454140846, 51.48890836635247, 40.545792289787684, 8.953150098568656, 60.42000899873961, 63.180296918887, 55.2470545021151, 69.75254728258051, 63.54754753773809, 45.79925209788466, 64.96228575925778, 49.503693784429856], [91.91891297152034, 58.69936847163835, 75.28223137738784, 83.06488548087874, 77.10667324784488, 84.06610368947696, 56.134479932046645, 39.33628728065669, 55.721626713269366, 67.29317312827456, 42.02166692477634, 76.8139103770448, 96.41921569498233, 59.96003269320347, 87.48302194660813, 71.9969097557857, 67.5166397974337, 102.47636917928008, 53.50810826636751, 79.12022273340132, 72.14860533972578, 64.50773069445908, 85.3844451353604, 46.58900464606552, 10.82134539299092, 65.05521568473873, 0.0, 86.75254377534303, 58.600900969806275, 76.25422815313485, 68.28390745998756, 74.0078649899998, 83.01111614743853, 81.37696299685852, 25.63672482639862, 74.3509863433251, 25.27488924807428, 72.32022399500218, 68.83791851969085, 92.48792715173299], [34.831749201870096, 50.898123792232184, 11.524590404980183, 34.88577014691454, 38.44907661910625, 36.01002252058419, 33.14627142765085, 47.78374593072976, 35.62582779734645, 21.122188173749432, 45.664255804441794, 54.15301438323588, 21.15875407567912, 58.88253695247805, 58.762319593554764, 48.170607007102035, 64.32382955908557, 18.055267907641955, 35.211455428863964, 67.88459430771864, 28.190500195361512, 58.13041374299001, 16.33675230549264, 47.50366274721766, 80.32867840757407, 27.94091907826947, 86.75254377534303, 0.0, 49.51052841109865, 41.19015717859714, 34.520226071661774, 22.783498243759766, 48.01653774120602, 52.39996781182214, 81.63700519321024, 64.15921123093885, 78.08691666418648, 37.244614463766645, 61.21304847035309, 27.623283291881666], [75.96445084559423, 1.4699434214911806, 42.25160474762397, 27.112828883982182, 69.22528360938408, 72.1256991333167, 42.697913796073784, 37.39321579449293, 18.81852691537209, 43.17304030361079, 39.17941899691225, 19.08393113365511, 46.9869986959339, 72.85576531769392, 29.910908776391047, 72.86707600362162, 81.7484880951416, 67.43248543293251, 23.293621383499005, 27.03590459410846, 22.302260305207856, 11.20506378777972, 59.42511220905238, 15.170621337132246, 58.43922064552837, 22.122363454140846, 58.600900969806275, 49.51052841109865, 0.0, 70.63550252305716, 59.24711413107618, 27.253303458081533, 79.75525987686046, 81.79080205189285, 41.071104981052784, 85.7298731798071, 65.83623422004752, 64.81471838827812, 80.33595228987531, 71.40793705281558], [18.024795329086672, 72.05476474436288, 36.100048575589796, 70.01748187545829, 2.862550843418731, 9.664368576295766, 28.627502394563166, 42.676622961674745, 51.81737620843462, 28.981774651445722, 39.29377456541547, 83.82176376916156, 62.233722294404146, 23.41450766163835, 91.75485524699864, 8.157154409559325, 25.171338601045964, 43.87296978115245, 47.51365174696773, 96.10170222621406, 57.962958703423645, 81.72409644946396, 26.18286693162576, 59.571888277392155, 66.36988888077764, 51.48890836635247, 76.25422815313485, 41.19015717859714, 70.63550252305716, 0.0, 11.425460261364355, 53.74557830140393, 9.126479173553554, 11.869408520433165, 83.91647450849955, 23.375092982691754, 56.923212969943805, 5.821706908501056, 21.677746651639406, 22.858218899717905], [23.641420000763866, 60.66106517429167, 27.112827930121806, 60.004203465652566, 10.476191023247049, 16.10619554524987, 17.29014052267006, 32.35857031142306, 40.43399510145026, 18.51939396485363, 28.973340737610663, 72.81723296495412, 54.75958313371925, 24.54361424083079, 81.06292220078124, 14.986709877257953, 29.910368664174097, 41.73537580632011, 36.09290596432091, 84.89490215564624, 47.44877089455047, 70.35849167157181, 22.49982432724334, 48.19913806761041, 59.032786181769495, 40.545792289787684, 68.28390745998756, 34.520226071661774, 59.24711413107618, 11.425460261364355, 0.0, 43.57843445883487, 20.549177518036792, 22.707701535812127, 73.72091501472369, 30.60438189067041, 51.5612369412392, 5.622814022919557, 26.951168144043912, 24.99282012776999], [53.741310929347975, 28.569184413528227, 18.6605431910281, 16.44641633178303, 51.56823413428312, 52.091629182540096, 32.191680344255, 39.12363251010476, 18.31559068175133, 25.059738813355498, 38.55756247792453, 32.14821072102187, 22.55496787512152, 64.27262088135073, 38.47525667624224, 58.55709029975593, 71.85378344621036, 40.3837500126935, 20.91260340590404, 45.682032745875304, 5.423290911329192, 35.358922314806286, 35.457941186249094, 29.08574565360873, 69.97750460777792, 8.953150098568656, 74.0078649899998, 22.783498243759766, 27.253303458081533, 53.74557830140393, 43.57843445883487, 0.0, 62.284396020090284, 65.61133812658456, 63.56156981092675, 73.8224387489808, 71.92787663518195, 48.354276368475155, 69.44851178846407, 47.77902234886068], [18.332391737375445, 81.17616223811547, 44.2247755499243, 78.4100988223486, 10.77831452487883, 12.414528161321767, 37.69606229754031, 51.159656385881824, 60.93674344554269, 37.812587624536995, 47.80471497731177, 92.74909030380464, 69.17483291269158, 26.04925604123134, 100.498368322477, 11.090632870204443, 24.452974155900247, 47.786357091773375, 56.639888467771335, 105.13326326995877, 66.66624232280326, 90.83480274724837, 32.08869958849682, 68.6419972839154, 72.78877019554828, 60.42000899873961, 83.01111614743853, 48.01653774120602, 79.75525987686046, 9.126479173553554, 20.549177518036792, 62.284396020090284, 0.0, 5.1084807058995, 92.1478613044234, 20.24999675556339, 62.156840503317206, 14.947185274060866, 20.97809368519309, 25.341796737945526], [23.4340843490508, 83.18767949090565, 47.91491981931892, 81.886212557367, 14.23696424791072, 17.30946007448563, 39.25576778126493, 51.42003714552073, 63.01470753708116, 40.78571394665047, 48.13433135345989, 95.49032656720802, 73.54386571369228, 22.830813603299823, 103.55788080620871, 9.91768029940928, 19.981037976954916, 52.81443921139893, 58.53192136193774, 107.59874611544012, 69.79380373766621, 92.94468559120268, 36.70921430534085, 70.03699897824968, 70.9527445574748, 63.180296918887, 81.37696299685852, 52.39996781182214, 81.79080205189285, 11.869408520433165, 22.707701535812127, 65.61133812658456, 5.1084807058995, 0.0, 91.87993488966003, 15.277811762542797, 59.627574858853286, 17.390253391900764, 16.628873468602798, 30.424662734386864], [96.40360576978566, 40.6198113691222, 71.11317767504204, 67.9923441018373, 83.90080714935806, 89.71249876310013, 57.72428486885861, 41.36681194727795, 46.336150380628695, 66.04986711559975, 44.756703294458895, 56.71652071086004, 85.73565107326102, 73.73793477656865, 66.71139118402691, 81.9707448190464, 82.48957731412092, 99.18166816196687, 46.472131641984596, 56.17540263172138, 60.091277941007036, 43.5562518691085, 85.17413436510289, 34.63041454142918, 32.519693897701885, 55.2470545021151, 25.63672482639862, 81.63700519321024, 41.071104981052784, 83.91647450849955, 73.72091501472369, 63.56156981092675, 92.1478613044234, 91.87993488966003, 0.0, 88.69832577480062, 46.49429895878477, 78.83696543699801, 82.83798892265425, 94.84240310159927], [38.48510142542163, 87.02554834974636, 57.69480419576759, 90.26505478905665, 26.234625948459257, 31.531061617917448, 43.60038157119219, 51.156985207144636, 67.5733265374038, 48.87708195650444, 48.28243009726417, 101.36603312711172, 84.95824685185818, 14.962200355201938, 110.33972404995862, 15.99900694485088, 6.977390707700977, 66.97410778973385, 62.70684023304295, 112.46234495898986, 77.30490629599474, 96.9073969143363, 49.549671551795036, 72.34746590165597, 63.56879229662862, 69.75254728258051, 74.3509863433251, 64.15921123093885, 85.7298731798071, 23.375092982691754, 30.60438189067041, 73.8224387489808, 20.24999675556339, 15.277811762542797, 88.69832577480062, 0.0, 50.489576328007, 26.94219225015645, 5.879811124849638, 45.0509053793167], [74.22578498138574, 66.48475535110045, 66.82876480870031, 84.88732270815976, 58.42806295736374, 65.87197206071168, 44.95509428629382, 32.80667986899042, 55.48232172451503, 57.01610453849053, 33.62595995497075, 84.90599596570213, 92.55497988074531, 37.04601896814511, 95.69733612840655, 51.120536982566115, 43.525347377725204, 90.99223507201648, 51.47981915469289, 90.89250167417246, 71.92851927671366, 74.7396388907251, 72.21004984415094, 50.986524020454716, 14.810919218856787, 63.54754753773809, 25.27488924807428, 78.08691666418648, 65.83623422004752, 56.923212969943805, 51.5612369412392, 71.92787663518195, 62.156840503317206, 59.627574858853286, 46.49429895878477, 50.489576328007, 0.0, 54.25184168090452, 45.3470273417476, 76.54806106736032], [19.997791701398018, 66.2334907134539, 31.129069176058604, 64.70719397571813, 5.064320922818935, 11.791466791756653, 22.891171300137515, 37.48909318391413, 45.99686370827425, 23.419882298664167, 34.09691882291064, 78.12046246956906, 58.02255051375222, 23.634049019219084, 86.17647101814009, 10.943391191229773, 27.387149390864764, 42.09178286051142, 41.695275690977496, 90.33012341699524, 52.43882015252534, 75.90697773156914, 23.3885992474397, 53.81612124225426, 62.73734995660503, 45.79925209788466, 72.32022399500218, 37.244614463766645, 64.81471838827812, 5.821706908501056, 5.622814022919557, 48.354276368475155, 14.947185274060866, 17.390253391900764, 78.83696543699801, 26.94219225015645, 54.25184168090452, 0.0, 24.118558514122633, 22.95378869236934], [38.4250615297261, 81.61189376433057, 53.98984740407227, 85.85380274346242, 24.4887847813091, 30.76044119438175, 38.57302000891521, 45.38435059091568, 62.36087197230292, 44.731650909529456, 42.55822539694374, 96.28621038285206, 81.69419373589673, 9.124016802776113, 105.43904652832086, 13.59768975844101, 3.5547880612072595, 65.52363586730868, 57.452146025262834, 107.16309267440525, 72.71067859803429, 91.48912002085503, 47.371779047523695, 66.76191369244057, 58.09028156829767, 64.96228575925778, 68.83791851969085, 61.21304847035309, 80.33595228987531, 21.677746651639406, 26.951168144043912, 69.44851178846407, 20.97809368519309, 16.628873468602798, 82.83798892265425, 5.879811124849638, 45.3470273417476, 24.118558514122633, 0.0, 44.30785143967032], [7.888529414324523, 72.87553960507147, 29.555215744835373, 62.011954293987124, 20.25824549121588, 13.576307629550511, 37.37674086317816, 54.51925325667236, 53.851285932056676, 29.517812950969393, 51.32984447087864, 79.92474340965154, 47.70942253726594, 46.04696017876699, 85.66652317578406, 30.988937832443032, 47.847352566590956, 22.60409398969824, 51.06551074500918, 93.38340011632513, 53.022873444471635, 81.51853583010161, 12.323862648020484, 64.48620073862067, 83.65488412622415, 49.503693784429856, 92.48792715173299, 27.623283291881666, 71.40793705281558, 22.858218899717905, 24.99282012776999, 47.77902234886068, 25.341796737945526, 30.424662734386864, 94.84240310159927, 45.0509053793167, 76.54806106736032, 22.95378869236934, 44.30785143967032, 0.0]]",Route_1,1923.960747112849
