instance_id,num_cities,city_coordinates,distance_matrix,best_route,total_distance
380,43,"[[21.146927914169254, 44.73563463980176], [96.4854741110023, 37.26792976956471], [91.80481841760226, 17.40878370108103], [98.34958319536649, 19.32129723817153], [48.21121448265016, 35.46809216824559], [57.972319609972764, 6.657296152250247], [53.61910255625924, 88.00616218724427], [26.432016884905384, 75.7291973085132], [42.299243537534956, 55.06273602749587], [69.63042624422019, 35.8576864830699], [35.621246030629905, 10.530256083421207], [68.73544865307998, 94.21603097536394], [17.553995056567253, 41.82996650467662], [67.27855815248205, 74.29179170211907], [8.729546175597614, 2.2862640801510126], [34.0683841561364, 33.992472934160475], [92.77120495856674, 32.31753954367802], [25.966745573002793, 41.17080520351557], [50.15283308425054, 25.967094684283353], [8.861188490388027, 63.217714416191995], [10.451639384971777, 90.39777829818512], [40.88462107717829, 8.943353656801811], [91.70987766791868, 43.81727827772829], [16.05297955495256, 60.17454847462291], [65.32329363330224, 61.25212585491523], [97.93562405812676, 98.01844676836747], [12.814194674679424, 4.918553082494248], [94.1190696164783, 83.4184480865278], [7.342376445585863, 72.31681769592582], [95.75015893455357, 26.05909205858189], [2.8162103004109706, 63.90757667229394], [25.30690361860527, 39.49441263541858], [80.98434788014791, 97.56126283376439], [73.81977337057687, 8.863538373651735], [71.86043919803264, 44.53066915212008], [27.928477834052078, 75.54739419378012], [94.25317305604808, 84.71364486769473], [56.817367108980676, 11.376212472240077], [17.88384686977117, 75.14368712401497], [47.50901064183236, 97.46777185561855], [81.11112305504749, 82.09993821507247], [24.863561682204306, 23.376143746327248], [22.940078554909903, 22.391277276336385]]","[[0.0, 75.70774834243394, 75.75813007606637, 81.27815529421957, 28.607043729175402, 52.97234500682315, 54.09972902169079, 31.440946110572764, 23.538680491951848, 49.28962947511039, 37.14180672936899, 68.65112473690472, 4.620830426526999, 54.787715126082645, 44.22827636424413, 16.804152904762237, 72.69282047044932, 5.994885417938872, 34.54852568196853, 22.19294180702291, 46.89798034245849, 40.87375575308823, 70.56892557179772, 16.257563479359334, 47.1629703285269, 93.46422804376583, 40.67965618072228, 82.59112253006421, 30.842945709257293, 76.90549604201868, 26.525055504797507, 6.691472630200947, 79.81894400624253, 63.727827038135665, 50.71392547998705, 31.549230515624934, 83.32325234006409, 48.8388296307799, 30.58263157063132, 58.954539274663865, 70.65264241738105, 21.680433985373057, 22.41619270096146], [75.70774834243394, 0.0, 20.403289447771133, 18.043184915509485, 48.30780017819764, 49.19627994141055, 66.42208999376453, 79.91718194500582, 57.03334738131959, 26.892050536436642, 66.47824797605817, 63.349428915036704, 79.06320613846385, 47.15729309670894, 94.47126453165451, 62.502973816566666, 6.188873784889204, 70.62664873310219, 47.69090582216453, 91.38603150224505, 101.11677171636802, 62.399811458501986, 8.105571372122853, 83.63073215635443, 39.323315653506306, 60.767822492590334, 89.7071077147915, 46.21114812635637, 95.78578394657839, 11.232930661224009, 97.38378597035673, 71.21338443925464, 62.25408361236551, 36.339282335053575, 25.673716672969185, 78.5199282674312, 47.49820048352224, 47.37024105626249, 87.2512968393172, 77.60615285615411, 47.39493276342755, 72.95669989023506, 75.03492518092074], [75.75813007606637, 20.403289447771133, 0.0, 6.818478864513526, 47.186236619905095, 35.499752958026555, 80.26293506321463, 87.60635720982431, 62.1982481265017, 28.845548740112825, 56.60307366520896, 80.19693918838233, 78.16379557901634, 61.94525035738069, 84.44046102295155, 60.07091300960827, 14.940043631821402, 69.99489625517668, 42.52214210379045, 94.75285683695508, 109.29653732397618, 51.61908564690299, 26.40866523606898, 86.98995187801152, 51.22020896208518, 80.84246753794277, 79.97202323438796, 66.05021991553714, 100.74123436336913, 9.507552075826185, 100.4047315738395, 70.06959167884389, 80.87955547458924, 19.911882458710046, 33.66563430077153, 86.37294088062234, 67.3493784462243, 35.50371339316785, 93.79567744747497, 91.49623036407749, 65.56905209670367, 67.20670531445552, 69.04475098502239], [81.27815529421957, 18.043184915509485, 6.818478864513526, 0.0, 52.6742347233081, 42.316667379988445, 81.96600863332256, 91.40015062550621, 66.47624404619519, 33.139736650181234, 63.34135053847042, 80.53706045202789, 83.87232710997941, 63.14399305418085, 91.22468629773195, 65.93417889246587, 14.142864554828975, 75.60870439700116, 48.6527835274417, 99.67481240484392, 113.03943863081493, 58.394550980574365, 25.37988921531269, 91.87882839553413, 53.37537063781427, 78.6982382671005, 86.73950500549782, 64.23660943743916, 105.31304225491529, 7.221833945034423, 105.42562141369748, 75.77722365317997, 80.14389317940866, 26.666013772380527, 36.56757008617425, 90.11385054014085, 65.52052887858825, 42.28533250412111, 97.93300738253343, 93.22894031740604, 65.10239834995323, 73.59780661159434, 75.4719694161599], [28.607043729175402, 48.30780017819764, 47.186236619905095, 52.6742347233081, 0.0, 30.419420447831296, 52.815661074513606, 45.77433817235696, 20.467082557774113, 21.42275463653363, 27.93569355173475, 62.229932527422534, 31.310358477850986, 43.253245428753274, 51.57359641886515, 14.219602728928797, 44.67122936582276, 22.963826620032354, 9.697362320978698, 48.15045254715087, 66.65625199402442, 27.51800726850643, 44.292692485287155, 40.553187999020764, 30.945753279141492, 79.90659402221281, 46.7570673763627, 66.38349038487274, 55.028088241498146, 48.46112382791807, 53.56781387700566, 23.255509296964046, 70.21139591253991, 36.92696265502821, 25.32619456664007, 44.91925930834568, 67.41651437109985, 25.582895268411242, 49.93898338393539, 62.00365611454623, 57.06954572981168, 26.29311902244579, 28.454057685953735], [52.97234500682315, 49.19627994141055, 35.499752958026555, 42.316667379988445, 30.419420447831296, 0.0, 81.4652594907556, 75.93232661606947, 50.879582575807774, 31.441600559890546, 22.68414223147206, 88.21778160112008, 53.57945221281079, 68.27174425848011, 49.436390006598614, 36.31267023890503, 43.23668017334242, 47.06951323805824, 20.832971196487055, 74.90650248167431, 96.28438813785148, 17.239939096811888, 50.190508019735354, 67.98034544473073, 55.087496306826786, 99.71923357264986, 45.19158633124298, 84.84610764383982, 82.9129900207045, 42.46875119926169, 79.49711324187831, 46.31744402294078, 93.77144876528875, 16.00029047967504, 40.33946266473466, 75.15635726156609, 86.07609367044176, 4.858197866968187, 79.35660901890469, 91.41128667749302, 78.91132026704986, 37.09056101481272, 38.40333416974535], [54.09972902169079, 66.42208999376453, 80.26293506321463, 81.96600863332256, 52.815661074513606, 81.4652594907556, 0.0, 29.83054632310864, 34.83401405733466, 54.55113201858898, 79.53891416234914, 16.342166003456533, 58.59123677376267, 19.35625699840896, 96.76245761421653, 57.44309546577031, 68.07429628323962, 54.38936946244879, 62.13582638614796, 51.16383502461577, 43.23366401621046, 80.08180012501255, 58.34007721777281, 46.75267178673189, 29.202166851785424, 45.43346696609102, 92.56668565940964, 40.75898002341007, 48.86400423716362, 74.91638945568874, 56.22877986743712, 56.16912366473555, 28.985454973171276, 81.67999758477131, 47.14726775885996, 28.552217051084643, 40.76724611353266, 76.69666283139877, 37.9796230066976, 11.263004959575326, 28.1192936027072, 70.73839420451046, 72.43283534107344], [31.440946110572764, 79.91718194500582, 87.60635720982431, 91.40015062550621, 45.77433817235696, 75.93232661606947, 29.83054632310864, 0.0, 26.055162703880914, 58.78639252989063, 65.84332820541223, 46.166474398533076, 35.042504486355305, 40.871824872412255, 75.54628985198126, 42.42956830562642, 79.28089242789709, 34.561524015535575, 55.126617697329294, 21.570146374895643, 21.691927837122922, 68.33173991791328, 72.66064742784664, 18.699505775346015, 41.49839761958256, 74.89710595387496, 72.10819937741586, 68.12240222580184, 19.392233154613866, 85.27675048191306, 26.409411865903696, 36.25224820845651, 58.758794253399714, 81.95496208002612, 55.10979688753255, 1.5074640111285167, 68.41366473398578, 71.16583566274839, 8.568198922982054, 30.278792729724135, 55.04898719562586, 52.3765431181554, 53.45210329500029], [23.538680491951848, 57.03334738131959, 62.1982481265017, 66.47624404619519, 20.467082557774113, 50.879582575807774, 34.83401405733466, 26.055162703880914, 0.0, 33.404003893995494, 45.0304055130713, 47.24249618919305, 28.06124572482285, 31.52336816982392, 62.548225971492926, 22.620853940086533, 55.36030033131686, 21.44146057944051, 30.136941018310697, 34.418123101879466, 47.569266365267346, 46.14107266806475, 50.6741658556749, 26.73942780872479, 23.841464494618695, 70.28940121160173, 58.170501026437535, 59.07064229570104, 38.98314880951825, 60.81292395745136, 40.461600557018365, 23.04587401598717, 57.46879221544486, 55.927718215699116, 31.381343526777417, 25.022792152234246, 59.81962209396188, 46.03572799880205, 31.612595454739914, 42.723866127322644, 47.30086990546585, 36.16687893851668, 37.97632796563159], [49.28962947511039, 26.892050536436642, 28.845548740112825, 33.139736650181234, 21.42275463653363, 31.441600559890546, 54.55113201858898, 58.78639252989063, 33.404003893995494, 0.0, 42.40404543731069, 58.36520673115027, 52.417771928028706, 38.50599599425885, 69.5410497137335, 35.61092331094039, 23.410003841495627, 43.985750423240404, 21.844917977312715, 66.64436499572189, 80.47826060082033, 39.37896172050077, 23.47034888341148, 58.837509896812854, 25.75711440240077, 68.3018619257968, 64.6940039365496, 53.49504368177109, 72.17388306384377, 27.89718423981312, 72.4633410202255, 44.472468281517436, 62.73948414659442, 27.317296013667185, 8.955087166064672, 57.570178038337986, 54.71000210418177, 27.631812357246506, 64.96998017020238, 65.46113081719794, 47.64611468428496, 46.47430550102935, 48.59354632327095], [37.14180672936899, 66.47824797605817, 56.60307366520896, 63.34135053847042, 27.93569355173475, 22.68414223147206, 79.53891416234914, 65.84332820541223, 45.0304055130713, 42.40404543731069, 0.0, 89.99921852208269, 36.13996998081504, 71.18791214268644, 28.126978601391347, 23.513549275946605, 61.16210858074178, 32.125575939852624, 21.20054264131044, 59.09373016762873, 83.73965729224693, 5.49739721979763, 65.2223922093307, 53.36171680040144, 58.77856501232241, 107.41166239417069, 23.487290225217027, 93.45953080217541, 67.95052362494168, 62.1017786681757, 62.652284256108636, 30.745861903044812, 98.14380849237523, 38.23487202626334, 49.69212422775342, 65.47065701967382, 94.5562162855126, 21.2129958039851, 67.00381183059064, 87.74651329877683, 84.8029970703998, 16.75543501041864, 17.36363534188742], [68.65112473690472, 63.349428915036704, 80.19693918838233, 80.53706045202789, 62.229932527422534, 88.21778160112008, 16.342166003456533, 46.166474398533076, 47.24249618919305, 58.36520673115027, 89.99921852208269, 0.0, 73.23824781477909, 19.977433282287432, 109.78064662564759, 69.48872069607735, 66.40136160272047, 68.13925403420681, 70.73352038632659, 67.4227161981209, 58.408744861604404, 89.7056190756088, 55.388253827280906, 62.72372024301021, 33.140033836267264, 29.446707957739207, 105.36235667706153, 27.584706078817682, 65.1819365877764, 73.31550241318622, 72.55307290003141, 69.86053276030782, 12.69748433593531, 85.50379144317687, 49.78353890004909, 44.8745681506541, 27.229572167866657, 83.69274877384721, 54.31058556038873, 21.474065506970426, 17.31926732513535, 83.32485876980486, 85.18222330013666], [4.620830426526999, 79.06320613846385, 78.16379557901634, 83.87232710997941, 31.310358477850986, 53.57945221281079, 58.59123677376267, 35.042504486355305, 28.06124572482285, 52.417771928028706, 36.13996998081504, 73.23824781477909, 0.0, 59.382676516210694, 40.516358418449684, 18.279807241868014, 75.81632365216467, 8.438534521629617, 36.253481807205176, 23.086806767579162, 49.084374280370604, 40.32179826247358, 74.18250692684794, 18.405888600884396, 51.566715624900105, 98.07319509064405, 37.21448842162698, 87.13100735472253, 32.15159794183664, 79.77067459929981, 26.54473903115403, 8.097061383460582, 84.43569772225796, 65.21213992041132, 54.37355671721327, 35.27739818736995, 87.87362389101085, 49.6894709128039, 33.31535357342022, 63.18914735128793, 75.2408076842034, 19.84876164024346, 20.171081636023132], [54.787715126082645, 47.15729309670894, 61.94525035738069, 63.14399305418085, 43.253245428753274, 68.27174425848011, 19.35625699840896, 40.871824872412255, 31.52336816982392, 38.50599599425885, 71.18791214268644, 19.977433282287432, 59.382676516210694, 0.0, 92.80507966478646, 52.22021399830809, 49.109193492055766, 52.94965160643359, 51.26955042691786, 59.45775194179838, 59.06523089637312, 70.47735997678802, 39.05874219324949, 53.13526568105177, 13.18544442734858, 38.76609150502246, 88.19871385466801, 28.349760358916313, 59.968711841486275, 56.009154305321616, 65.29338567103913, 54.52043079637894, 27.005868969641874, 65.75442061294079, 30.111759320100077, 39.370107425354526, 28.917898827551532, 63.77935894848594, 49.402056925923766, 30.46245336231534, 15.884174632363857, 66.26790423977359, 68.26100036393547], [44.22827636424413, 94.47126453165451, 84.44046102295155, 91.22468629773195, 51.57359641886515, 49.436390006598614, 96.76245761421653, 75.54628985198126, 62.548225971492926, 69.5410497137335, 28.126978601391347, 109.78064662564759, 40.516358418449684, 92.80507966478646, 0.0, 40.58744128542797, 89.24616471848665, 42.53385218200363, 47.71446778932138, 60.931592542395215, 88.12834131433883, 32.83695606413323, 92.7931061817356, 58.34968848757557, 81.73019702745766, 130.85249379906332, 4.859351680307614, 117.78710453655482, 70.04429084223618, 90.20939194472066, 61.90439165965014, 40.73395510755248, 119.57458658454527, 65.42169528089258, 75.96117043394435, 75.7350127903343, 118.77947574510185, 48.93940829119164, 73.43027518532057, 102.77823839071844, 107.74653242898883, 26.5535210603268, 24.620129693449442], [16.804152904762237, 62.502973816566666, 60.07091300960827, 65.93417889246587, 14.219602728928797, 36.31267023890503, 57.44309546577031, 42.42956830562642, 22.620853940086533, 35.61092331094039, 23.513549275946605, 69.48872069607735, 18.279807241868014, 52.22021399830809, 40.58744128542797, 0.0, 58.72671089057177, 10.824278354744202, 17.97543305110374, 38.594267100365826, 61.149890488824255, 25.959958827685302, 58.47280200493078, 31.78137634764796, 41.472376876492675, 90.43422835473827, 36.014349724169506, 77.7753935638988, 46.72295891275571, 62.18986952818261, 43.26212896254385, 10.345766365321468, 79.0069535006429, 47.02803734607967, 39.23382474113291, 42.00607016297954, 78.70734462067739, 32.078208532744206, 44.219471689212085, 64.8826942527547, 67.28556679456058, 14.05116373120195, 16.075662544523805], [72.69282047044932, 6.188873784889204, 14.940043631821402, 14.142864554828975, 44.67122936582276, 43.23668017334242, 68.07429628323962, 79.28089242789709, 55.36030033131686, 23.410003841495627, 61.16210858074178, 66.40136160272047, 75.81632365216467, 49.109193492055766, 89.24616471848665, 58.72671089057177, 0.0, 67.38854581188943, 43.08890542970102, 89.41874339780205, 100.7463399335477, 56.908436569234645, 11.548610590425604, 81.61923214327918, 39.88230335778036, 65.90356921125858, 84.52116866583066, 51.11868144857362, 94.32935382902389, 6.931257585370338, 95.34060787375003, 67.84496637676283, 66.29987502658228, 30.153721662803992, 24.216123957490176, 77.93201905515618, 52.41705907972521, 41.60790352357671, 86.26815935263888, 79.32981157588641, 51.12968538407442, 68.49377033099123, 70.53309079718221], [5.994885417938872, 70.62664873310219, 69.99489625517668, 75.60870439700116, 22.963826620032354, 47.06951323805824, 54.38936946244879, 34.561524015535575, 21.44146057944051, 43.985750423240404, 32.125575939852624, 68.13925403420681, 8.438534521629617, 52.94965160643359, 42.53385218200363, 10.824278354744202, 67.38854581188943, 0.0, 28.567807802740948, 27.904592613736344, 51.61408141281987, 35.51269692312684, 65.7963770840165, 21.434201990622487, 44.18367701229709, 91.71245183666402, 38.56443152672008, 80.18480281011747, 36.28968475437141, 71.40090093663962, 32.44854480914317, 1.8015780435923328, 78.78337562821275, 57.73795770038473, 46.01651660329404, 34.43251753894303, 80.98774638436123, 42.889143208727276, 34.92119639174607, 60.277837042512644, 68.67383997534981, 17.828824724946422, 19.021865902327097], [34.54852568196853, 47.69090582216453, 42.52214210379045, 48.6527835274417, 9.697362320978698, 20.832971196487055, 62.13582638614796, 55.126617697329294, 30.136941018310697, 21.844917977312715, 21.20054264131044, 70.73352038632659, 36.253481807205176, 51.26955042691786, 47.71446778932138, 17.97543305110374, 43.08890542970102, 28.567807802740948, 0.0, 55.61122713694706, 75.68023369481863, 19.38317601371861, 45.22849775140306, 48.300620136161726, 38.40802387500296, 86.45572537662153, 42.862746317086895, 72.34423240699554, 63.09541996743478, 45.597418657371286, 60.6649489413951, 28.289725024519505, 77.95067169451333, 29.200268851287703, 28.56267599882808, 54.333489357287085, 73.45745124955123, 16.040880820344828, 58.81857457720077, 71.54953971247144, 64.1039143950508, 25.421649726350353, 27.446684302646208], [22.19294180702291, 91.38603150224505, 94.75285683695508, 99.67481240484392, 48.15045254715087, 74.90650248167431, 51.16383502461577, 21.570146374895643, 34.418123101879466, 66.64436499572189, 59.09373016762873, 67.4227161981209, 23.086806767579162, 59.45775194179838, 60.931592542395215, 38.594267100365826, 89.41874339780205, 27.904592613736344, 55.61122713694706, 0.0, 27.226557011074853, 63.01750923736302, 85.08984793027716, 7.809143209358907, 56.496308335693236, 95.63130263652687, 58.433025508744315, 87.61835387023874, 9.224991627242758, 94.50109205910033, 6.084214924679467, 28.86618425528599, 79.88259784377851, 84.69943448984861, 65.7123371249732, 22.706442397101096, 88.05603928202635, 70.62107611402656, 14.954503979028905, 51.64030007323437, 74.67657879274184, 42.935145291613814, 43.18579760735553], [46.89798034245849, 101.11677171636802, 109.29653732397618, 113.03943863081493, 66.65625199402442, 96.28438813785148, 43.23366401621046, 21.691927837122922, 47.569266365267346, 80.47826060082033, 83.73965729224693, 58.408744861604404, 49.084374280370604, 59.06523089637312, 88.12834131433883, 61.149890488824255, 100.7463399335477, 51.61408141281987, 75.68023369481863, 27.226557011074853, 0.0, 86.95395142451531, 93.66239518079792, 30.737902216444446, 62.13185572870174, 87.8152729439774, 85.51186824629508, 83.95802482042657, 18.34635256193153, 106.84242595705366, 27.568651753136653, 53.02670564204785, 70.89554625191187, 103.2635109072366, 76.64745524737026, 22.934118474962496, 83.99408561607271, 91.61980448004182, 16.968353062304057, 37.7257680289076, 71.14504046359525, 68.55365053959021, 69.14365693348854], [40.87375575308823, 62.399811458501986, 51.61908564690299, 58.394550980574365, 27.51800726850643, 17.239939096811888, 80.08180012501255, 68.33173991791328, 46.14107266806475, 39.37896172050077, 5.49739721979763, 89.7056190756088, 40.32179826247358, 70.47735997678802, 32.83695606413323, 25.959958827685302, 56.908436569234645, 35.51269692312684, 19.38317601371861, 63.01750923736302, 86.95395142451531, 0.0, 61.63925150405918, 56.931939569540965, 57.73609239617424, 105.77896366464498, 28.357500913886113, 91.54477703069676, 71.70270649873501, 57.473261134350544, 66.86007561142485, 34.29333005023062, 97.26829862071808, 32.935249005720024, 47.1800628700256, 67.85248605311271, 92.67868886915072, 16.117419090219453, 70.08223573281855, 88.77192773925377, 83.48686918076949, 21.56338966641348, 22.424389757813568], [70.56892557179772, 8.105571372122853, 26.40866523606898, 25.37988921531269, 44.292692485287155, 50.190508019735354, 58.34007721777281, 72.66064742784664, 50.6741658556749, 23.47034888341148, 65.2223922093307, 55.388253827280906, 74.18250692684794, 39.05874219324949, 92.7931061817356, 58.47280200493078, 11.548610590425604, 65.7963770840165, 45.22849775140306, 85.08984793027716, 93.66239518079792, 61.63925150405918, 0.0, 77.40495152359411, 31.626345458424627, 54.55755294975982, 87.96385403553005, 39.67438538995127, 89.05110335953015, 18.212002924099316, 91.1356362112417, 66.54353559854819, 54.80376688867111, 39.266012848920646, 19.862254003749356, 71.23810231058688, 40.975372502177486, 47.64357295272487, 80.19742336642577, 69.51325130512173, 39.72273468962321, 69.90185935862371, 72.03026300767775], [16.257563479359334, 83.63073215635443, 86.98995187801152, 91.87882839553413, 40.553187999020764, 67.98034544473073, 46.75267178673189, 18.699505775346015, 26.73942780872479, 58.837509896812854, 53.36171680040144, 62.72372024301021, 18.405888600884396, 53.13526568105177, 58.34968848757557, 31.78137634764796, 81.61923214327918, 21.434201990622487, 48.300620136161726, 7.809143209358907, 30.737902216444446, 56.931939569540965, 77.40495152359411, 0.0, 49.28209636764391, 90.20492286400165, 55.35083336568321, 81.45301275375, 14.943537344668725, 86.69201097874645, 13.753092736638713, 22.65619405160086, 74.925623141581, 77.2646246695007, 57.95863621645219, 19.425546192627525, 81.95997508172665, 63.584690683028846, 15.080689209356262, 48.78797394731194, 68.65336663958698, 37.83845858341088, 38.405829180978266], [47.1629703285269, 39.323315653506306, 51.22020896208518, 53.37537063781427, 30.945753279141492, 55.087496306826786, 29.202166851785424, 41.49839761958256, 23.841464494618695, 25.75711440240077, 58.77856501232241, 33.140033836267264, 51.566715624900105, 13.18544442734858, 81.73019702745766, 41.472376876492675, 39.88230335778036, 44.18367701229709, 38.40802387500296, 56.496308335693236, 62.13185572870174, 57.73609239617424, 31.626345458424627, 49.28209636764391, 0.0, 49.14597083433077, 77.01088815714368, 36.339270159827656, 59.02723238866405, 46.52250809930987, 62.56346286634501, 45.54897972897087, 39.54266111772796, 53.073103039184694, 17.953868285077924, 40.03407230772312, 37.24756096446621, 50.596022786314656, 49.43153430476391, 40.35990205325617, 26.15123014419111, 55.421836222239804, 57.50219537225076], [93.46422804376583, 60.767822492590334, 80.84246753794277, 78.6982382671005, 79.90659402221281, 99.71923357264986, 45.43346696609102, 74.89710595387496, 70.28940121160173, 68.3018619257968, 107.41166239417069, 29.446707957739207, 98.07319509064405, 38.76609150502246, 130.85249379906332, 90.43422835473827, 65.90356921125858, 91.71245183666402, 86.45572537662153, 95.63130263652687, 87.8152729439774, 105.77896366464498, 54.55755294975982, 90.20492286400165, 49.14597083433077, 0.0, 126.14772270874377, 15.090594730353954, 94.16852048303895, 71.99253425220628, 101.0507512704519, 93.27375624406221, 16.957440290685753, 92.35892997027605, 59.50510582977915, 73.52515709775018, 13.805006302021571, 95.90405527589036, 83.25588063194712, 50.4296201006505, 23.161665496331253, 104.4557308160006, 106.50727961365584], [40.67965618072228, 89.7071077147915, 79.97202323438796, 86.73950500549782, 46.7570673763627, 45.19158633124298, 92.56668565940964, 72.10819937741586, 58.170501026437535, 64.6940039365496, 23.487290225217027, 105.36235667706153, 37.21448842162698, 88.19871385466801, 4.859351680307614, 36.014349724169506, 84.52116866583066, 38.56443152672008, 42.862746317086895, 58.433025508744315, 85.51186824629508, 28.357500913886113, 87.96385403553005, 55.35083336568321, 77.01088815714368, 126.14772270874377, 0.0, 113.01644218849684, 67.62001824633282, 85.58794632373534, 59.83029830801499, 36.76353955458034, 115.02104789174514, 61.13299878926916, 71.10259300352645, 72.22793609224178, 114.01562994962401, 44.47449324137175, 70.4078889367431, 98.83869763665562, 103.0603543423779, 22.04245672323401, 20.194791781793338], [82.59112253006421, 46.21114812635637, 66.05021991553714, 64.23660943743916, 66.38349038487274, 84.84610764383982, 40.75898002341007, 68.12240222580184, 59.07064229570104, 53.49504368177109, 93.45953080217541, 27.584706078817682, 87.13100735472253, 28.349760358916313, 117.78710453655482, 77.7753935638988, 51.11868144857362, 80.18480281011747, 72.34423240699554, 87.61835387023874, 83.95802482042657, 91.54477703069676, 39.67438538995127, 81.45301275375, 36.339270159827656, 15.090594730353954, 113.01644218849684, 0.0, 87.48394524142556, 57.38254243499668, 93.36426630479325, 81.63599132508365, 19.301298507237348, 77.26898465991364, 44.80743217989979, 66.65694209825656, 1.3021207449578565, 81.12644896864649, 76.68298935374638, 48.68142454765175, 13.074599115313818, 91.65917133443634, 93.75907607074163], [30.842945709257293, 95.78578394657839, 100.74123436336913, 105.31304225491529, 55.028088241498146, 82.9129900207045, 48.86400423716362, 19.392233154613866, 38.98314880951825, 72.17388306384377, 67.95052362494168, 65.1819365877764, 32.15159794183664, 59.968711841486275, 70.04429084223618, 46.72295891275571, 94.32935382902389, 36.28968475437141, 63.09541996743478, 9.224991627242758, 18.34635256193153, 71.70270649873501, 89.05110335953015, 14.943537344668725, 59.02723238866405, 94.16852048303895, 67.62001824633282, 87.48394524142556, 0.0, 99.77832021915589, 9.549948406523496, 37.417035030934294, 77.84871204513401, 91.89974406206657, 70.24706735677368, 20.838046810694596, 87.790477224992, 78.49542703987359, 10.91392640012927, 47.391233343288754, 74.41463178315878, 51.982511470078215, 52.30533335405932], [76.90549604201868, 11.232930661224009, 9.507552075826185, 7.221833945034423, 48.46112382791807, 42.46875119926169, 74.91638945568874, 85.27675048191306, 60.81292395745136, 27.89718423981312, 62.1017786681757, 73.31550241318622, 79.77067459929981, 56.009154305321616, 90.20939194472066, 62.18986952818261, 6.931257585370338, 71.40090093663962, 45.597418657371286, 94.50109205910033, 106.84242595705366, 57.473261134350544, 18.212002924099316, 86.69201097874645, 46.52250809930987, 71.99253425220628, 85.58794632373534, 57.38254243499668, 99.77832021915589, 0.0, 100.3455360057828, 71.71303966860037, 73.01088687077956, 27.868061961966294, 30.19797790270141, 83.95756353970015, 58.67365279201093, 41.609484883622486, 92.04596692581165, 86.1766090012599, 57.92130704168296, 70.93735180892364, 72.9024051055041], [26.525055504797507, 97.38378597035673, 100.4047315738395, 105.42562141369748, 53.56781387700566, 79.49711324187831, 56.22877986743712, 26.409411865903696, 40.461600557018365, 72.4633410202255, 62.652284256108636, 72.55307290003141, 26.54473903115403, 65.29338567103913, 61.90439165965014, 43.26212896254385, 95.34060787375003, 32.44854480914317, 60.6649489413951, 6.084214924679467, 27.568651753136653, 66.86007561142485, 91.1356362112417, 13.753092736638713, 62.56346286634501, 101.0507512704519, 59.83029830801499, 93.36426630479325, 9.549948406523496, 100.3455360057828, 0.0, 33.19388293382463, 85.10480788380542, 89.84070414284061, 71.71171514552238, 27.67871623855886, 93.7742535652907, 75.33703711576688, 18.795846612206525, 55.89036681845092, 80.38069035383629, 46.139817489717075, 46.1364626847271], [6.691472630200947, 71.21338443925464, 70.06959167884389, 75.77722365317997, 23.255509296964046, 46.31744402294078, 56.16912366473555, 36.25224820845651, 23.04587401598717, 44.472468281517436, 30.745861903044812, 69.86053276030782, 8.097061383460582, 54.52043079637894, 40.73395510755248, 10.345766365321468, 67.84496637676283, 1.8015780435923328, 28.289725024519505, 28.86618425528599, 53.02670564204785, 34.29333005023062, 66.54353559854819, 22.65619405160086, 45.54897972897087, 93.27375624406221, 36.76353955458034, 81.63599132508365, 37.417035030934294, 71.71303966860037, 33.19388293382463, 0.0, 80.44710617203282, 57.3737656914023, 46.825159419344516, 36.14816911843051, 82.4522106011536, 42.23200788258655, 36.41390590227449, 62.07933581752607, 70.20927087521375, 16.124364919388956, 17.266125795708316], [79.81894400624253, 62.25408361236551, 80.87955547458924, 80.14389317940866, 70.21139591253991, 93.77144876528875, 28.985454973171276, 58.758794253399714, 57.46879221544486, 62.73948414659442, 98.14380849237523, 12.69748433593531, 84.43569772225796, 27.005868969641874, 119.57458658454527, 79.0069535006429, 66.29987502658228, 78.78337562821275, 77.95067169451333, 79.88259784377851, 70.89554625191187, 97.26829862071808, 54.80376688867111, 74.925623141581, 39.54266111772796, 16.957440290685753, 115.02104789174514, 19.301298507237348, 77.84871204513401, 73.01088687077956, 85.10480788380542, 80.44710617203282, 0.0, 88.98661389391812, 53.80975353843605, 57.44158562267142, 18.469515666380598, 89.50925016674225, 66.96432578965388, 33.4754677903379, 15.461844356658737, 93.02136602680336, 94.97191126962066], [63.727827038135665, 36.339282335053575, 19.911882458710046, 26.666013772380527, 36.92696265502821, 16.00029047967504, 81.67999758477131, 81.95496208002612, 55.927718215699116, 27.317296013667185, 38.23487202626334, 85.50379144317687, 65.21213992041132, 65.75442061294079, 65.42169528089258, 47.02803734607967, 30.153721662803992, 57.73795770038473, 29.200268851287703, 84.69943448984861, 103.2635109072366, 32.935249005720024, 39.266012848920646, 77.2646246695007, 53.073103039184694, 92.35892997027605, 61.13299878926916, 77.26898465991364, 91.89974406206657, 27.868061961966294, 89.84070414284061, 57.3737656914023, 88.98661389391812, 0.0, 35.72090716048605, 80.94904343511621, 78.55420089252948, 17.187069261804997, 86.72880716275196, 92.42816900866954, 73.59846494291631, 51.06198564078523, 52.647346223286654], [50.71392547998705, 25.673716672969185, 33.66563430077153, 36.56757008617425, 25.32619456664007, 40.33946266473466, 47.14726775885996, 55.10979688753255, 31.381343526777417, 8.955087166064672, 49.69212422775342, 49.78353890004909, 54.37355671721327, 30.111759320100077, 75.96117043394435, 39.23382474113291, 24.216123957490176, 46.01651660329404, 28.56267599882808, 65.7123371249732, 76.64745524737026, 47.1800628700256, 19.862254003749356, 57.95863621645219, 17.953868285077924, 59.50510582977915, 71.10259300352645, 44.80743217989979, 70.24706735677368, 30.19797790270141, 71.71171514552238, 46.825159419344516, 53.80975353843605, 35.72090716048605, 0.0, 53.77782499875038, 46.00115288766546, 36.40758184244669, 62.053439781521334, 58.26945096161857, 38.691408991492494, 51.53853355870833, 53.69687475154126], [31.549230515624934, 78.5199282674312, 86.37294088062234, 90.11385054014085, 44.91925930834568, 75.15635726156609, 28.552217051084643, 1.5074640111285167, 25.022792152234246, 57.570178038337986, 65.47065701967382, 44.8745681506541, 35.27739818736995, 39.370107425354526, 75.7350127903343, 42.00607016297954, 77.93201905515618, 34.43251753894303, 54.333489357287085, 22.706442397101096, 22.934118474962496, 67.85248605311271, 71.23810231058688, 19.425546192627525, 40.03407230772312, 73.52515709775018, 72.22793609224178, 66.65694209825656, 20.838046810694596, 83.95756353970015, 27.67871623855886, 36.14816911843051, 57.44158562267142, 80.94904343511621, 53.77782499875038, 0.0, 66.95509948993953, 70.37406118079302, 10.052740452571587, 29.392179604006664, 53.584788754395966, 52.26120056283351, 53.38967028470109], [83.32325234006409, 47.49820048352224, 67.3493784462243, 65.52052887858825, 67.41651437109985, 86.07609367044176, 40.76724611353266, 68.41366473398578, 59.81962209396188, 54.71000210418177, 94.5562162855126, 27.229572167866657, 87.87362389101085, 28.917898827551532, 118.77947574510185, 78.70734462067739, 52.41705907972521, 80.98774638436123, 73.45745124955123, 88.05603928202635, 83.99408561607271, 92.67868886915072, 40.975372502177486, 81.95997508172665, 37.24756096446621, 13.805006302021571, 114.01562994962401, 1.3021207449578565, 87.790477224992, 58.67365279201093, 93.7742535652907, 82.4522106011536, 18.469515666380598, 78.55420089252948, 46.00115288766546, 66.95509948993953, 0.0, 82.33965361394452, 76.9666036236612, 48.4529098716544, 13.399438073843308, 92.61321293652881, 94.70815672116451], [48.8388296307799, 47.37024105626249, 35.50371339316785, 42.28533250412111, 25.582895268411242, 4.858197866968187, 76.69666283139877, 71.16583566274839, 46.03572799880205, 27.631812357246506, 21.2129958039851, 83.69274877384721, 49.6894709128039, 63.77935894848594, 48.93940829119164, 32.078208532744206, 41.60790352357671, 42.889143208727276, 16.040880820344828, 70.62107611402656, 91.61980448004182, 16.117419090219453, 47.64357295272487, 63.584690683028846, 50.596022786314656, 95.90405527589036, 44.47449324137175, 81.12644896864649, 78.49542703987359, 41.609484883622486, 75.33703711576688, 42.23200788258655, 89.50925016674225, 17.187069261804997, 36.40758184244669, 70.37406118079302, 82.33965361394452, 0.0, 74.7135183329074, 86.59331439078471, 74.77989008359418, 34.1327413466176, 35.62305899855059], [30.58263157063132, 87.2512968393172, 93.79567744747497, 97.93300738253343, 49.93898338393539, 79.35660901890469, 37.9796230066976, 8.568198922982054, 31.612595454739914, 64.96998017020238, 67.00381183059064, 54.31058556038873, 33.31535357342022, 49.402056925923766, 73.43027518532057, 44.219471689212085, 86.26815935263888, 34.92119639174607, 58.81857457720077, 14.954503979028905, 16.968353062304057, 70.08223573281855, 80.19742336642577, 15.080689209356262, 49.43153430476391, 83.25588063194712, 70.4078889367431, 76.68298935374638, 10.91392640012927, 92.04596692581165, 18.795846612206525, 36.41390590227449, 66.96432578965388, 86.72880716275196, 62.053439781521334, 10.052740452571587, 76.9666036236612, 74.7135183329074, 0.0, 37.09467734898449, 63.608787781650484, 52.235954726832354, 52.99417160019824], [58.954539274663865, 77.60615285615411, 91.49623036407749, 93.22894031740604, 62.00365611454623, 91.41128667749302, 11.263004959575326, 30.278792729724135, 42.723866127322644, 65.46113081719794, 87.74651329877683, 21.474065506970426, 63.18914735128793, 30.46245336231534, 102.77823839071844, 64.8826942527547, 79.32981157588641, 60.277837042512644, 71.54953971247144, 51.64030007323437, 37.7257680289076, 88.77192773925377, 69.51325130512173, 48.78797394731194, 40.35990205325617, 50.4296201006505, 98.83869763665562, 48.68142454765175, 47.391233343288754, 86.1766090012599, 55.89036681845092, 62.07933581752607, 33.4754677903379, 92.42816900866954, 58.26945096161857, 29.392179604006664, 48.4529098716544, 86.59331439078471, 37.09467734898449, 0.0, 36.94959092376864, 77.47506511432336, 78.99438247245682], [70.65264241738105, 47.39493276342755, 65.56905209670367, 65.10239834995323, 57.06954572981168, 78.91132026704986, 28.1192936027072, 55.04898719562586, 47.30086990546585, 47.64611468428496, 84.8029970703998, 17.31926732513535, 75.2408076842034, 15.884174632363857, 107.74653242898883, 67.28556679456058, 51.12968538407442, 68.67383997534981, 64.1039143950508, 74.67657879274184, 71.14504046359525, 83.48686918076949, 39.72273468962321, 68.65336663958698, 26.15123014419111, 23.161665496331253, 103.0603543423779, 13.074599115313818, 74.41463178315878, 57.92130704168296, 80.38069035383629, 70.20927087521375, 15.461844356658737, 73.59846494291631, 38.691408991492494, 53.584788754395966, 13.399438073843308, 74.77989008359418, 63.608787781650484, 36.94959092376864, 0.0, 81.31587912086539, 83.36062985207067], [21.680433985373057, 72.95669989023506, 67.20670531445552, 73.59780661159434, 26.29311902244579, 37.09056101481272, 70.73839420451046, 52.3765431181554, 36.16687893851668, 46.47430550102935, 16.75543501041864, 83.32485876980486, 19.84876164024346, 66.26790423977359, 26.5535210603268, 14.05116373120195, 68.49377033099123, 17.828824724946422, 25.421649726350353, 42.935145291613814, 68.55365053959021, 21.56338966641348, 69.90185935862371, 37.83845858341088, 55.421836222239804, 104.4557308160006, 22.04245672323401, 91.65917133443634, 51.982511470078215, 70.93735180892364, 46.139817489717075, 16.124364919388956, 93.02136602680336, 51.06198564078523, 51.53853355870833, 52.26120056283351, 92.61321293652881, 34.1327413466176, 52.235954726832354, 77.47506511432336, 81.31587912086539, 0.0, 2.1609602737437172], [22.41619270096146, 75.03492518092074, 69.04475098502239, 75.4719694161599, 28.454057685953735, 38.40333416974535, 72.43283534107344, 53.45210329500029, 37.97632796563159, 48.59354632327095, 17.36363534188742, 85.18222330013666, 20.171081636023132, 68.26100036393547, 24.620129693449442, 16.075662544523805, 70.53309079718221, 19.021865902327097, 27.446684302646208, 43.18579760735553, 69.14365693348854, 22.424389757813568, 72.03026300767775, 38.405829180978266, 57.50219537225076, 106.50727961365584, 20.194791781793338, 93.75907607074163, 52.30533335405932, 72.9024051055041, 46.1364626847271, 17.266125795708316, 94.97191126962066, 52.647346223286654, 53.69687475154126, 53.38967028470109, 94.70815672116451, 35.62305899855059, 52.99417160019824, 78.99438247245682, 83.36062985207067, 2.1609602737437172, 0.0]]",Route_0,2093.6707102185856
