instance_id,num_cities,city_coordinates,distance_matrix,best_route,total_distance
871,87,"[[51.84112573614135, 96.10305033772553], [84.28883960454584, 4.77775356439194], [25.976528976860315, 94.99404903760941], [18.986245209739604, 66.83652044437449], [55.580678579452794, 72.75547366358967], [46.20654866440641, 42.35509880051587], [12.754599391312249, 53.16777367693671], [34.58250289769761, 18.987078191546004], [89.25826520663423, 45.42454705991775], [99.64332552385477, 94.73412503903127], [3.6399900117297435, 77.89027907200773], [34.64996205227714, 62.39439317118812], [26.27694388515227, 37.254622750344815], [89.02585637224115, 39.26639473884719], [54.72145826382382, 46.360726087886086], [8.37899300303916, 38.97844648781369], [68.87428467655036, 41.08226401005268], [22.048226639559154, 33.31494341591472], [95.32385189476808, 2.2906568454488907], [16.80308922887612, 96.50894054698699], [8.805324357446686, 0.3464398398038804], [4.383640268385946, 44.22899046679878], [97.17898902094603, 51.91738654468142], [64.63295506166591, 96.88549364728586], [91.29316551221598, 55.66022283960237], [23.84050763359139, 88.30996598920294], [66.03930597628225, 88.41293939613959], [79.0846668035087, 39.981090910648746], [56.37168266773129, 25.58809415796245], [69.1688879714173, 88.22443356816706], [70.7867982785538, 19.4857006506971], [77.05232575686655, 96.15559449122702], [97.62833006118109, 89.83701245524408], [70.00172730377767, 29.535769516002397], [58.36100791514948, 86.15118996217684], [36.248867636989836, 14.54933109171167], [65.91497061190856, 46.57006387639808], [86.17483374173995, 18.86373471704409], [19.42032620412344, 95.39461336607323], [21.105425475729746, 78.00834218843956], [64.93048290686858, 45.86597753703035], [70.88714613221332, 85.59644578719353], [83.04524608238556, 18.836994679063], [50.52713249447566, 15.587251328113405], [69.33543284175957, 53.087750002701675], [86.31545487611704, 46.81832579611901], [43.493526035134536, 16.99763871704657], [57.66217123426327, 36.82700861556084], [65.51395548656079, 97.5239320853294], [68.33751497769323, 28.475552198800212], [73.84205772243145, 12.194047890468507], [28.425203256020904, 78.19335173615264], [63.26722653849104, 71.81251843603631], [19.650713518774666, 88.96202264727252], [82.90460992700868, 38.76291702345207], [26.694119329795207, 72.0253693506298], [45.40555457948574, 6.947547134485488], [80.15897767986826, 31.875732291137403], [54.20728500595654, 15.766047720585751], [2.8310938919816397, 91.33983126158427], [59.116640708706406, 93.73195047775653], [45.72170293862376, 55.75312401066882], [76.9284504849681, 36.35290829509581], [18.398796006759444, 31.481588433677622], [68.08456135448534, 16.035341834095174], [92.76410749089227, 29.395330126016173], [74.82753520246483, 0.3765994013853913], [69.49985468956189, 93.27031540578395], [20.594443184608878, 40.45612588755794], [69.31913807467728, 82.21369905093854], [28.993836585832543, 67.54896202578938], [47.53611919905204, 64.6843226049991], [74.4265842354336, 10.030178017341163], [76.46880918952711, 81.41881470984367], [88.7523118731052, 61.59696298752708], [40.124410370844956, 21.36668490351752], [72.52839171872701, 20.84915286923823], [19.161212408441596, 86.8450158345122], [33.59460408947644, 64.55670506256556], [95.99746430593648, 47.756261996849624], [48.39124899392762, 93.39319693220621], [53.91259448644824, 35.644034613153096], [11.954459604486944, 29.757636616460303], [13.896987060525422, 63.32857820382293], [99.61976020104719, 25.72214303744075], [36.46121299725616, 29.75242253623225], [60.595083248126045, 60.060861672763025]]","[[0.0, 96.91833658303936, 25.888361273048364, 43.99969257168217, 23.645160012623553, 54.042490257422074, 58.06198862976962, 79.02362445705708, 62.9948650338509, 47.82179692376557, 51.52722117774745, 37.839261049557585, 64.16124081731611, 67.91987641438115, 49.82564738411526, 71.77866916235739, 57.597008877238295, 69.49793671328578, 103.39977101974583, 35.04038740006202, 104.98289696115809, 70.30740369559034, 63.30793577477921, 12.815737006743928, 56.49854634002473, 29.064871886661333, 16.147016084262358, 62.38497302895774, 70.66034949775076, 19.03480880607482, 78.9250073243501, 25.2112547758552, 46.21397311038763, 69.00007482094917, 11.89741100250655, 83.03088362463818, 51.49359044934823, 84.52641825467911, 32.4285387465747, 35.666535204666324, 51.914302024829496, 21.751773079656036, 83.32910946140268, 80.52652027993884, 46.4366971695661, 60.14535262839025, 79.54463255585068, 59.56117605402881, 13.746460574439833, 69.61041130850424, 86.7453843150121, 29.479869904634796, 26.84372775179405, 32.97297249566388, 65.2137327452962, 34.81532209986237, 89.38747298998514, 70.19294211075942, 80.37184021282863, 49.24095325369793, 7.6521390906048845, 40.81132061050809, 64.80318925151387, 72.7620969760013, 81.69875853224214, 78.25988992800445, 98.44759229671908, 17.884493155944195, 63.81955320463239, 22.324761913036962, 36.569585461742214, 31.712293099483915, 88.98675342490276, 28.673150651006694, 50.5282666064958, 75.64922826616842, 78.04557679991767, 33.96598206983947, 36.443208591201454, 65.47666896511942, 4.386907226722707, 60.494492023386684, 77.41227329657691, 50.13904350394343, 85.06626842493074, 68.10981959679542, 37.0900409258656], [96.91833658303936, 0.0, 107.42115964580985, 90.08728756798374, 73.79111694050675, 53.50063325087163, 86.36400621426205, 51.69743528623461, 40.94944459064874, 91.25737782080724, 108.85622778117218, 76.05061028176276, 66.48403625743018, 34.8124359664439, 51.023265705336286, 83.25858638907141, 39.441424699512055, 68.47090701078177, 11.311814458111183, 113.8812415150231, 75.61347509131406, 89.11364078569159, 48.87024605517674, 94.1816838899208, 51.36230389072897, 103.10980239848422, 85.60309449289836, 35.58592945052038, 34.82007936600865, 84.80543226138634, 19.965691259316554, 91.66393481144932, 86.09889388780596, 28.584627542701323, 85.40426574415362, 49.02369461817405, 45.65299840069229, 14.211679665627216, 111.44208949538923, 96.72054037895968, 45.42012905375991, 81.9223193063422, 14.114134247937994, 35.449938066096294, 50.57133703673299, 42.08939157353105, 42.58618558136738, 41.6669439464413, 94.62742680577004, 28.56624612139644, 12.81158355643318, 92.25289112541498, 70.25359718402733, 106.1370741301026, 34.013341899013845, 88.54035030685297, 38.94377817414333, 27.410877596167023, 32.02565433415767, 118.8627680639633, 92.44722140634266, 63.92114222026285, 32.421686018149785, 71.09565839096133, 19.730989008550573, 26.035653276089807, 10.434866503956215, 89.71982822134811, 73.00631744534535, 78.86962417362444, 83.6526268000218, 70.2819996259457, 11.17372111695662, 77.0389844766446, 56.994255361065, 47.17721327625018, 19.914768642665035, 104.76947723792192, 78.38002651618788, 44.544854691387776, 95.61032274248343, 43.30639182910371, 76.52618563137675, 91.55988188358761, 25.955819708400405, 53.95568512343557, 60.1466219533502], [25.888361273048364, 107.42115964580985, 0.0, 29.012247131577276, 37.02647577556678, 56.392488672000574, 43.86635080003815, 76.4926297385602, 80.38478504400605, 73.6672551000871, 28.132897468568974, 33.733751702454185, 57.74020780270527, 84.14742502686741, 56.49310631258135, 58.714742623693844, 68.89628443485019, 61.80407453837826, 115.77119728073173, 9.297682135622866, 96.19262027277506, 55.16651171203772, 83.2189231356622, 38.70267226383099, 76.24574015423276, 7.01709009325769, 40.59971804112016, 76.46502380365162, 75.76972971211696, 43.719647403870965, 87.80359281378877, 51.08900277509158, 71.83714655342962, 78.88602186479707, 33.57008538464647, 81.09792591024406, 62.76911230158803, 97.05493627381044, 6.568428014257319, 17.670367468863297, 62.69751140314275, 45.88331374396268, 95.16688184784171, 83.11541166087049, 60.30035193237834, 77.21195690122529, 79.93925949640257, 66.23733476465031, 39.618283698882095, 78.86167355983153, 95.63968335403266, 16.978204720776567, 43.90876319898662, 8.740782778646093, 80.01716446025964, 22.97988647660591, 90.16470225783635, 83.18449168181564, 84.10738242666132, 23.432124803844633, 33.16413572481613, 43.92860220574146, 77.68450098283225, 63.96291651364986, 89.48499222755405, 93.6150231886432, 106.48418936592155, 43.55744642110457, 54.80284581110798, 45.1875990642119, 27.610449947321293, 37.19536862256511, 97.80729642162483, 52.28534544332869, 71.10671047709263, 74.97433759142136, 87.54736747930312, 10.623336673237068, 31.376216736193673, 84.46502180705833, 22.47181347615033, 65.59609720356205, 66.72636611614564, 33.891258106388946, 101.10352350949623, 66.07872900981634, 49.18101136922699], [43.99969257168217, 90.08728756798374, 29.012247131577276, 0.0, 37.07002240168781, 36.60990201937906, 15.022251755268373, 50.327054133695896, 73.4617546663612, 85.34542135883704, 18.91277685588293, 16.281416401357106, 30.467079911860637, 75.27057169447426, 41.18572090603724, 29.809161074169165, 56.14354999754534, 33.66113273126027, 99.9679883869292, 29.75262483853656, 67.26501295772528, 26.913500009479083, 79.60330232497853, 54.64945480839888, 73.1655680752846, 22.015283946529788, 51.7641998130179, 65.82578805835384, 55.66959318183469, 54.550347957983384, 70.18117577647403, 65.04827294456216, 81.93656169576191, 63.19751128887569, 43.856908198016654, 55.063130164085464, 51.117849423600084, 82.55722015282979, 28.561391731392664, 11.37103891827511, 50.50382804698123, 55.18730212134469, 80.04692415387649, 60.17736414682332, 52.192618097410744, 70.24208561307428, 55.53846365614871, 48.95301884519618, 55.73638898264963, 62.506893319435505, 77.42712685636711, 14.767245714396772, 44.55968877191868, 22.135477538651784, 69.81177950149284, 9.291688566809045, 65.45738332447267, 70.45821390127239, 62.03801115894953, 29.34963637090665, 48.30955184623476, 28.941775627622278, 65.47174781403324, 35.35981213251959, 70.64987187846062, 82.73461002042771, 86.80536143057051, 57.01201854645937, 26.42936846955844, 52.629437827621395, 10.032918725763642, 28.63087948955517, 79.37626680073366, 59.303359666507085, 69.96254011984398, 50.14307500035022, 70.5804465080844, 20.009260388574678, 14.785185400742145, 79.339675630209, 39.622106375449874, 46.827567160056404, 37.739761985500046, 6.181116992291024, 90.51052850035298, 40.99518040984112, 42.156908742150314], [23.645160012623553, 73.79111694050675, 37.02647577556678, 37.07002240168781, 0.0, 31.812844944763693, 47.09300425112003, 57.723164618720794, 43.37233438548831, 49.24000377772343, 52.19388235676204, 23.354804287576634, 46.03280659050011, 47.329676998885745, 26.408728843621, 58.04211131659258, 34.34984967684281, 51.76853058875671, 80.90000144861139, 45.47448322765868, 86.20325946208936, 58.60799412538907, 46.52574885331837, 25.772108449329597, 39.59329897416758, 35.346579511744366, 18.829209229059163, 40.331100000778925, 47.17401166845508, 20.589515657472262, 55.39760638464884, 31.75842072993189, 45.384842873140826, 45.562149564241636, 13.68120778174097, 61.33248688430071, 28.150901895591687, 61.970330455603666, 42.6626502971458, 34.87313728796313, 28.468646664378188, 19.979452295367913, 60.51036972394066, 57.39114890844611, 24.000262890591422, 40.21644083587, 57.0529176690865, 35.98870951256045, 26.68607357223492, 46.080888878356, 63.2547568162022, 27.6945907710076, 7.744170974853615, 39.415918348074335, 43.61296975922312, 28.89578442596395, 66.58991171697616, 47.6995392152594, 57.00597231186263, 55.92760527709756, 21.272414242741597, 19.653989274613895, 42.20040439068537, 55.552011607335245, 58.08201476539006, 57.12013159308239, 74.8942115876171, 24.79117172082652, 47.61601131825801, 16.67942735167532, 27.091842510768423, 11.395543648083734, 65.4952736760708, 22.613435795279603, 34.99813732009679, 53.6628720547432, 54.60303214160591, 39.049874708731565, 23.465022438768894, 47.52343792718459, 21.854141929557, 37.14890863720768, 61.254069030417575, 42.73636035806593, 64.43271606770966, 47.06183560392559, 13.649081572723189], [54.042490257422074, 53.50063325087163, 56.392488672000574, 36.60990201937906, 31.812844944763693, 0.0, 35.15603572863197, 26.09947944246745, 43.160998712373164, 74.82681010721733, 55.44962535905169, 23.132834089192404, 20.571922676202096, 42.930562602402546, 9.410033764635257, 37.977963981165644, 22.70344388677764, 25.794358538912213, 63.38508488433401, 61.62144109543945, 56.245702123246026, 41.86486757030152, 51.86161415539636, 57.55950325412481, 47.00882198563013, 51.108606024054, 50.14641505555157, 32.96371589839225, 19.607712614911502, 51.29585654297189, 33.57377016107555, 62.015766551772685, 69.99094031610625, 27.028609468198226, 45.45138590536588, 29.53499838022258, 20.15410197085673, 46.36062983313784, 59.41962486453225, 43.60298326274987, 19.05024889649888, 49.78901465775532, 43.70573016116905, 27.114297020916084, 25.497746667444904, 40.356471014127095, 25.502181743366197, 12.719711850352976, 58.44977437256472, 26.123198192966967, 40.90733861906263, 40.006957120118365, 34.04124411807574, 53.64156719130551, 36.87345210789435, 35.51140454917482, 35.41661060161868, 35.53286589184523, 27.766696226561304, 65.42884754446708, 52.97406313336258, 13.406795102100418, 31.30274017295588, 29.85806985668382, 34.22538598816244, 48.32765138073891, 50.80703969150849, 55.99051158493652, 25.682407309915924, 46.074936822211264, 30.512426998088365, 22.368772731584947, 42.910032757719485, 49.4143533068576, 46.69466034143574, 21.851908935690723, 33.99036822653327, 52.06537170605893, 25.533751517867277, 50.083009537121406, 51.08483509251903, 10.21868507873256, 36.49522788594921, 38.52005463801844, 55.94306377089433, 15.931070782837184, 22.81499433169208], [58.06198862976962, 86.36400621426205, 43.86635080003815, 15.022251755268373, 47.09300425112003, 35.15603572863197, 0.0, 40.55585426728278, 76.89452803434699, 96.31932461605551, 26.34916274099974, 23.759996072114063, 20.88258061214126, 77.52775617694127, 42.51532830056594, 14.848667864326485, 57.40625941848605, 21.92045567049891, 96.98537248505214, 43.52984051914734, 52.96876515104867, 12.246419963219738, 84.43364869716768, 67.84248540896465, 78.57810554573099, 36.849301785360005, 63.8864748003865, 67.62814832068996, 51.60512257432786, 66.41943509793478, 67.09857040975834, 77.34436213546032, 92.45638555774259, 61.93307093055046, 56.28365880332032, 45.203592203586844, 53.56822605727884, 81.03886660753317, 42.74971232739543, 26.206681214279197, 52.68433398551845, 66.56584533691131, 78.22644948385515, 53.28282947667085, 56.58089004015134, 73.83437511110631, 47.46746542876452, 47.788184853799265, 68.92763193622471, 60.82077199944193, 73.55626261699894, 29.527061870130783, 53.84377409173577, 36.452498534522604, 71.61371288633038, 23.45035459663355, 56.58970062065734, 70.68734850623095, 55.832018136375076, 39.44086639059662, 61.602689183540775, 33.06832249521115, 66.34020547149477, 22.408649799547806, 66.63499219936514, 83.46646307780428, 81.48593401076717, 69.48552260706875, 14.934829768849388, 63.5862628033287, 21.69173582231415, 36.638572834495754, 75.26145011826632, 69.6966415952299, 76.46374000072869, 41.95730925870053, 67.95144958065802, 34.281209571589365, 23.74896953398331, 83.41857717474025, 53.74063147158919, 44.73323139486811, 23.423807138651732, 10.224822649824384, 91.09785290390082, 33.320897312407645, 48.33452759438398], [79.02362445705708, 51.69743528623461, 76.4926297385602, 50.327054133695896, 57.723164618720794, 26.09947944246745, 40.55585426728278, 0.0, 60.73202404192915, 99.85251998275963, 66.53590141917606, 43.40736739862715, 20.067025059000976, 58.09758529560188, 33.98373320269019, 32.95874295473782, 40.793670267858914, 19.036696226052666, 62.99430104184284, 79.5345628859744, 31.81094672681736, 39.35893087236483, 70.72994615585829, 83.49366925566271, 67.53531515107483, 70.15021906495099, 76.2199492516516, 49.20560092458503, 22.767120301867998, 77.39528029548143, 36.20772884870101, 88.08328877592686, 94.83928251467411, 36.95668202351124, 71.24910673687619, 4.74029226593092, 41.743797531523484, 51.59247828447306, 77.8973878479489, 60.5404098072413, 40.53979675160841, 75.86062860191423, 48.462975579773655, 16.303068290348552, 48.6890332381844, 58.744162804728965, 9.130399924353416, 29.170776610497736, 84.40848404509212, 35.06325682972118, 39.84291537660916, 59.525584129147184, 60.11106809376215, 71.55034022028495, 52.212161698762465, 53.621701990799394, 16.189155499302043, 47.363830694621306, 19.887360561208077, 79.01311821882612, 78.6684171139314, 38.41645354175223, 45.76845346140959, 20.445663474745235, 33.63184009782872, 59.105252062488084, 44.3397400309336, 82.08057496864622, 25.62393068033418, 72.14041453107927, 48.88240739443919, 47.49772965380119, 40.838424043770246, 75.18101076377664, 68.92002964856391, 6.031191138124069, 37.99154906717054, 69.58818794530222, 45.58033388665809, 67.81934400743503, 75.67662766534575, 25.516791296336727, 25.060592013436324, 48.92912413674146, 65.38505896625394, 10.928046051232188, 48.61800104847372], [62.9948650338509, 40.94944459064874, 80.38478504400605, 73.4617546663612, 43.37233438548831, 43.160998712373164, 76.89452803434699, 60.73202404192915, 0.0, 50.39130836037685, 91.56698533003717, 57.18428499542829, 63.50901116081016, 6.162536318417172, 34.54949297713883, 81.13574357069089, 20.841355146342664, 68.29225274218571, 43.5582808075011, 88.65307543401762, 92.22099241404287, 84.88304491460983, 10.241817725263042, 57.04940773929062, 10.435989551570039, 78.22174993328707, 48.85818194932845, 11.538341272344697, 38.40588724166604, 47.280158235964834, 31.843662533011308, 52.17877088748973, 45.194303492369244, 24.96532603120136, 51.12044552059713, 61.34553929814285, 23.371384454349048, 26.73919037502912, 85.87400800451783, 75.54146721082293, 24.33178687418816, 44.173289026300196, 27.303837610178075, 48.89135770004746, 21.345817594582545, 3.256186697179, 53.874859344311965, 32.74493581629214, 57.25502741339718, 26.924825290870945, 36.632301705554305, 69.09743834757113, 37.03861666417588, 82.10190638771766, 9.205772653887095, 67.98438126393765, 58.33986418059385, 16.32076637702652, 45.91511511571604, 97.8665891138141, 56.93964130856379, 44.744963470137506, 15.307480555272157, 72.21821425749219, 36.22224618413416, 16.408129864069476, 47.302891631475404, 51.764972083132115, 68.84334146174434, 41.845077309078675, 64.19728261051075, 45.95298055104718, 38.376296334502875, 38.19891999609441, 16.1803283561027, 54.707553615207175, 29.729424255250315, 81.42021889248247, 58.85985591898832, 7.131177956491293, 63.016699252657034, 36.67389892527289, 78.87541089222862, 77.4588702152123, 22.260846856850765, 55.07398849807138, 32.18384230375139], [47.82179692376557, 91.25737782080724, 73.6672551000871, 85.34542135883704, 49.24000377772343, 74.82681010721733, 96.31932461605551, 99.85251998275963, 50.39130836037685, 0.0, 97.4697674995404, 72.59473502005906, 93.20149751002317, 56.474770967569455, 66.0148459379744, 106.94799708819565, 61.8486545248635, 98.96118048061571, 92.54432810329466, 82.85924643330506, 130.9983876739588, 107.82011061546125, 42.88759785407792, 35.07640840776446, 39.956163545947526, 76.07454909233394, 34.19338412157439, 58.48549559201395, 81.5696552773985, 31.161954803626376, 80.59171506790038, 22.63567639536286, 5.295462054710843, 71.62017807816278, 42.16511024151979, 102.21770135912661, 58.79947884755508, 77.05657920317758, 80.2257182247923, 80.29915040605613, 59.94228292973977, 30.173084617150607, 77.69086585965779, 93.14841939566774, 51.50717340813817, 49.73485652025046, 95.89453210851806, 71.52378239416484, 34.243202573622035, 73.28200494511843, 86.47872429592991, 73.11373414628305, 42.99558845574092, 80.2005931487806, 58.420550549916385, 76.40205670830416, 103.19020814595117, 65.80894581858867, 91.10648173053374, 96.87171632520543, 40.539074187228834, 66.53615425764619, 62.644489115441004, 102.96386241524634, 84.79064850462818, 65.6999373015689, 97.56621389463767, 30.17899223930868, 95.88966050086567, 32.807276805247966, 75.69929573820525, 60.15107295219203, 88.37784044804698, 26.727433406382094, 34.88102187678083, 94.47371344998234, 78.70329566026794, 80.86784636407099, 72.6161846942684, 47.11912477996909, 51.2696151420818, 74.71906415202265, 109.13881644013448, 91.31671770210698, 69.01198602498188, 90.63443607970453, 52.220689552040646], [51.52722117774745, 108.85622778117218, 28.132897468568974, 18.91277685588293, 52.19388235676204, 55.44962535905169, 26.34916274099974, 66.53590141917606, 91.56698533003717, 97.4697674995404, 0.0, 34.66613398991516, 46.515462433042224, 93.71526351196202, 60.02856911644845, 39.19934775493062, 74.90222408725761, 48.22679467473986, 118.8327960227582, 22.801792388325893, 77.71568491477716, 33.66950201989027, 97.0779865977978, 63.882391645457304, 90.42817357115506, 22.729513581322234, 63.280336702178786, 84.43344007719519, 74.27078804718577, 66.3387610448193, 88.9931943521113, 75.6504645519131, 94.74456450784623, 82.10991883335774, 55.34105572828999, 71.24194404297063, 69.70745360900759, 101.46986433432193, 23.56736577183305, 17.465834501867082, 69.1525878628719, 67.68725885818488, 98.9569860557628, 77.97481257594521, 70.22148287288934, 88.3215645860146, 72.77511925766572, 67.8571163889209, 64.91431224489789, 81.40998076817833, 96.14741339378918, 24.78706615565339, 59.93618698387895, 19.466041534309383, 88.39587338327726, 23.788443510536766, 82.3239551918063, 89.28882342827482, 80.1028803729189, 13.473854943285035, 57.69417063692033, 47.549176618226326, 84.2410328141582, 48.69896221854377, 89.32600985299645, 101.46363087192321, 105.24275331994502, 67.63185117243678, 41.0946384219183, 65.82129177241058, 27.381752580022166, 45.839583809613885, 98.05985537895138, 72.91424734974491, 86.65782989241748, 67.27577295479257, 89.43881689862015, 17.919142143918013, 32.788154879651465, 97.14917417606274, 47.36048608990207, 65.66642925840259, 48.845487758465985, 17.811488445200116, 109.24115846564094, 58.262216831532854, 59.68057280525285], [37.839261049557585, 76.05061028176276, 33.733751702454185, 16.281416401357106, 23.354804287576634, 23.132834089192404, 23.759996072114063, 43.40736739862715, 57.18428499542829, 72.59473502005906, 34.66613398991516, 0.0, 26.497461954679945, 59.090119263564354, 25.68936434223891, 35.19190778949976, 40.3176277634394, 31.692556436513936, 85.40363006882501, 38.50082092930325, 67.2152795887266, 35.299179731810796, 63.40068518163181, 45.70137724241279, 57.04210329448623, 28.079551622407955, 40.77076967190359, 49.76745025165966, 42.73800174957672, 43.11319094570304, 56.09836741174188, 54.20128376993, 68.6976869351114, 48.26423577464302, 33.56484901916836, 47.8717710603836, 35.04154902203634, 67.45169106899357, 36.344963075758805, 20.67002358457187, 34.49780379387676, 43.028696885207474, 65.1102947294562, 49.42664330872913, 35.91233062547702, 53.96236673463225, 46.25012366349428, 34.39844363413576, 46.761849781971534, 47.8052193281534, 63.687479376420576, 16.981010388343652, 30.127212120909743, 30.50928371083603, 53.73041695757954, 12.49204289113041, 56.48039930833662, 54.79470015707606, 50.56373681379993, 43.01486670033075, 39.75752585887898, 12.910844368857681, 49.65510566603325, 34.92423076573682, 57.15797469622626, 66.82957475489235, 73.8948180071679, 46.56004285508211, 26.054657588373274, 39.934404360491904, 7.652537838455189, 13.088041214147045, 65.75857891545368, 45.94284047345289, 54.10822627875606, 41.39133278948332, 56.22083622415226, 28.943640305837008, 2.4061116236033397, 63.06973059273266, 33.90794599244966, 32.9640818358015, 39.75227930283017, 20.77399029275481, 74.60515130581841, 32.69218372820954, 26.049849963510926], [64.16124081731611, 66.48403625743018, 57.74020780270527, 30.467079911860637, 46.03280659050011, 20.571922676202096, 20.88258061214126, 20.067025059000976, 63.50901116081016, 93.20149751002317, 46.515462433042224, 26.497461954679945, 0.0, 62.781153580083746, 29.866561841504836, 17.980773455454987, 42.76896398220941, 5.779543476894364, 77.39479580363961, 60.00690043314778, 40.83468445670726, 22.977348591607097, 72.4023248696245, 70.9015116714763, 67.57126008374526, 51.11344534313389, 64.79366327888502, 52.87805999137125, 32.27694520534031, 66.61561740540934, 47.92558534546192, 77.76544140065441, 88.63367315145352, 44.40087139076233, 58.483001374606005, 24.798579245917654, 40.71793961098732, 62.65765692974254, 58.54290490589603, 41.080533719730774, 39.60115541452695, 65.77995134575342, 59.68122952929564, 32.51994206539563, 45.87724261347447, 60.795453925108156, 26.58488486061935, 31.38814026991169, 71.91615066954799, 42.96700734726227, 53.76311436906154, 40.99505518105746, 50.62142989877933, 52.13024201909198, 56.64774940774175, 34.7732491218874, 35.838841770916424, 54.14984790770024, 35.24007394904379, 58.948432223482484, 65.33095923597341, 26.838278699010676, 50.65953226975148, 9.766941139130635, 46.884269868099686, 66.95006650400927, 60.96842234622036, 70.75293521879193, 6.522303009617203, 62.24105576266673, 30.415925073598416, 34.70361608166426, 55.31327378560963, 66.8558089784872, 67.05013895177903, 21.07555211843878, 49.0747987130032, 50.0983105572522, 28.265736315355845, 70.5069882678924, 60.33723561463818, 27.682542843903864, 16.165962917858064, 28.86372262840651, 74.24396806122127, 12.649203350424248, 41.20508734516787], [67.91987641438115, 34.8124359664439, 84.14742502686741, 75.27057169447426, 47.329676998885745, 42.930562602402546, 77.52775617694127, 58.09758529560188, 6.162536318417172, 56.474770967569455, 93.71526351196202, 59.090119263564354, 62.781153580083746, 0.0, 35.030290704913405, 80.64737742472478, 20.233220777144567, 67.24152480021169, 37.50826496071312, 92.15659034730892, 89.16331446329386, 84.78757045304936, 15.050620108775, 62.56975462128568, 16.549872825291544, 81.57451545162931, 54.25646828588454, 9.96684707715849, 35.40326209694997, 52.83170222588431, 26.9061163818541, 58.13558706905338, 51.29707525567962, 21.36826043553898, 56.02246829647862, 58.27815864710717, 24.23750448164904, 20.600894786511397, 89.4164792208373, 78.19286045001012, 24.982824410899898, 49.75426051419183, 21.286805449428922, 45.19793770607823, 24.057070481241492, 8.023586415311952, 50.686197338978594, 31.458406668054515, 62.823165639235555, 23.333447074563423, 31.039647313023423, 72.02601709925742, 41.50611013603776, 85.33795098988224, 6.1419172782748115, 70.41587789940594, 54.2884761157008, 11.543111762486062, 42.00713298914559, 100.70342531570553, 62.137411786749475, 46.33639980279669, 12.443296687749266, 71.05480184391767, 31.27650325858169, 10.555209046569429, 41.40058581022476, 57.42550120906906, 68.441754587844, 47.25278503680941, 66.36073396200624, 48.65664751818822, 32.67866452460128, 43.98301880680963, 22.33224361549815, 52.074475832373636, 24.725718150897574, 84.52688129555789, 60.928019218627846, 10.985497860345946, 67.68221356064463, 35.299612648590006, 77.65575755063273, 78.88812126777398, 17.195277040078256, 53.418698975279085, 35.22383731935839], [49.82564738411526, 51.023265705336286, 56.49310631258135, 41.18572090603724, 26.408728843621, 9.410033764635257, 42.51532830056594, 33.98373320269019, 34.54949297713883, 66.0148459379744, 60.02856911644845, 25.68936434223891, 29.866561841504836, 35.030290704913405, 0.0, 46.926774218357245, 15.105120237055226, 35.1814228009209, 59.92266158637609, 62.87007335534497, 65.00466053929367, 50.382935774923254, 42.819602910630685, 51.48776462136426, 37.735532471362866, 52.090035900593186, 43.548620195882826, 25.184631729346734, 20.83807759557812, 44.28654681898768, 31.310735252281113, 54.57285554465584, 61.083443941311714, 22.72808363191108, 39.95656813335828, 36.785886642423414, 11.195469663949995, 41.77797701424681, 60.41930176943763, 46.16935417848324, 10.221005835575527, 42.43549415973399, 39.4942115639234, 31.057996030809594, 16.08791794220288, 31.597310319559966, 31.436560913681294, 9.97695151920818, 52.28911592520575, 22.478355043867143, 39.15302316172273, 41.28933376912344, 26.848163608292975, 55.17995655591968, 29.189325792996232, 38.0027057132359, 40.499194271845006, 29.272554369810052, 30.598998652532092, 68.67117165790279, 47.57468369752194, 13.008179528794962, 24.35789236538441, 39.252064032018154, 33.13912271548113, 41.65414529619836, 50.18759046799017, 49.18242136058477, 34.634050611250764, 38.71082440544982, 33.32944433029305, 19.682054943467957, 41.330384859848394, 41.255506906481216, 37.2859479192674, 28.944358723520384, 31.111529167782493, 53.8842166277288, 27.88256835643224, 41.299590739639626, 47.456557640883545, 10.747173431882684, 45.87677794182905, 44.2102415109581, 49.414660043110736, 24.683441900575456, 14.90614589691885], [71.77866916235739, 83.25858638907141, 58.714742623693844, 29.809161074169165, 58.04211131659258, 37.977963981165644, 14.848667864326485, 32.95874295473782, 81.13574357069089, 106.94799708819565, 39.19934775493062, 35.19190778949976, 17.980773455454987, 80.64737742472478, 46.926774218357245, 0.0, 60.531862377016566, 14.796054043398826, 94.36843962122647, 58.14398630911657, 38.634359009508955, 6.597806874223998, 89.73770368454663, 80.73248638573416, 84.57565645700085, 51.69774899342067, 75.95051534568853, 70.71278246128523, 49.82569414236996, 78.23412665700805, 65.38119989398314, 89.36024219596842, 102.72311277205971, 62.34200454824492, 68.72750207575196, 37.06091730041495, 58.03465666291977, 80.35418138381122, 57.48647601038869, 41.05234270883559, 56.96936979023767, 77.97760618470706, 77.33516295885872, 48.203876126186934, 62.56804298910724, 78.32978869410103, 41.426879442187456, 49.33011596873421, 81.80450978914516, 60.87146413411844, 70.7305934562747, 44.04156376813784, 63.959318799869685, 51.2387506587863, 74.52592858091914, 37.782839531537995, 48.95860267161871, 72.13053964282736, 51.37166343845083, 52.65447559299518, 74.64753910130652, 40.93736424501447, 68.59971991100403, 12.513965515264411, 63.96202735467891, 84.92752007642652, 76.84732499516718, 81.75186092015953, 12.304501596848212, 74.7193973848123, 35.23132319469065, 46.84092867229002, 72.11301238361924, 80.23345887552904, 83.49531528676997, 36.30352145396196, 66.66195798724199, 49.06592214896744, 35.91760507299068, 88.05706421728647, 67.54217715920849, 45.655527229458116, 9.889757130572857, 24.967522364172474, 92.19873741027838, 29.55893431365136, 56.31152910828865], [57.597008877238295, 39.441424699512055, 68.89628443485019, 56.14354999754534, 34.34984967684281, 22.70344388677764, 57.40625941848605, 40.793670267858914, 20.841355146342664, 61.8486545248635, 74.90222408725761, 40.3176277634394, 42.76896398220941, 20.233220777144567, 15.105120237055226, 60.531862377016566, 0.0, 47.46589281258479, 46.95070172472354, 76.04949616716625, 72.57883551454569, 64.5673687211574, 30.3076915710199, 55.96417885440538, 26.74178568382861, 65.25715982929667, 47.41550312644702, 10.269590321593219, 19.909403717749772, 47.14309007423413, 21.681080628338346, 55.67721334801146, 56.602302267092426, 11.601407758493053, 46.27890528890958, 42.052519142786565, 6.234860632463836, 28.159759265684663, 73.45423950435368, 60.37714103022901, 6.19979737626435, 44.55966775603283, 26.375521886285792, 31.410406951270993, 12.01433941379912, 18.360196696762905, 34.98931386464035, 11.992442883544069, 56.54161040671558, 12.618133950849614, 29.31224658069022, 54.89408911694325, 31.237599748528435, 68.66899769679935, 14.220738274713504, 52.31292494974503, 41.42414982282676, 14.56380865263359, 29.25801918367458, 82.99112070004334, 53.54625197855326, 27.40941762039192, 9.340042416824485, 51.38042358697519, 25.059368974774394, 26.59526382103573, 41.138696175955914, 52.191800566034004, 48.28390149351475, 41.133840606834156, 47.863725761505854, 31.81783267075847, 31.544572827830873, 41.04526921503882, 28.56551836328833, 34.860569876292985, 20.56043007118856, 67.56936442561286, 42.3757624716519, 27.932223727009557, 56.178184858196, 15.919375374615074, 58.03545185348351, 59.307687093402365, 34.36884608945587, 34.33616931908632, 20.70585292943659], [69.49793671328578, 68.47090701078177, 61.80407453837826, 33.66113273126027, 51.76853058875671, 25.794358538912213, 21.92045567049891, 19.036696226052666, 68.29225274218571, 98.96118048061571, 48.22679467473986, 31.692556436513936, 5.779543476894364, 67.24152480021169, 35.1814228009209, 14.796054043398826, 47.46589281258479, 0.0, 79.57275673085732, 63.411298203545066, 35.5288149098955, 20.7642489556822, 77.39949835992104, 76.51584118013648, 72.76106838138553, 55.024219930845454, 70.50534889103622, 57.42467265032815, 35.18243643031255, 72.35612505608609, 50.66257317654461, 83.51286336412927, 94.37741425632397, 48.102186866284825, 64.1115202835361, 23.533091820672233, 45.825641786641434, 65.73476379584686, 62.13526600747097, 44.703341797615565, 44.68127527370506, 71.54436069606037, 62.69168509886657, 33.545776864653035, 51.25469491400673, 65.67052581574046, 26.947268856074643, 35.78669657234682, 77.53749938030045, 46.541571978213206, 55.934722364895336, 45.32921093649105, 56.40096838794558, 55.69870282282476, 61.09975289031363, 38.988221233293665, 35.22505294751455, 58.12857055812115, 36.63562166988421, 61.12434703569884, 70.88217028218307, 32.61756319048333, 54.964244740825194, 4.084058573834425, 49.17243887393769, 70.82442497417321, 62.214065281075214, 76.4611249919814, 7.287658981263566, 68.01196490736433, 34.93149764477636, 40.418691441371685, 57.32078719023236, 72.63320341648686, 72.4521056829492, 21.66816327625103, 51.99656719797613, 53.60786793289736, 33.30715393128181, 75.34614412028272, 65.59993424029133, 31.94937564471194, 10.70226913433572, 31.10081960104492, 77.94224423679637, 14.846741419090373, 46.91699369954802], [103.39977101974583, 11.311814458111183, 115.77119728073173, 99.9679883869292, 80.90000144861139, 63.38508488433401, 96.98537248505214, 62.99430104184284, 43.5582808075011, 92.54432810329466, 118.8327960227582, 85.40363006882501, 77.39479580363961, 37.50826496071312, 59.92266158637609, 94.36843962122647, 46.95070172472354, 79.57275673085732, 0.0, 122.64825784860074, 86.54036969525426, 100.1446250059723, 49.66139178876899, 99.44905378125168, 53.52155647137697, 111.84449048715199, 90.96500525692782, 41.039979927521394, 45.387686356788564, 89.82592120129779, 29.96225177835236, 95.6267493259801, 87.57668068713379, 37.19551260881878, 91.64518999753044, 60.333480417863626, 53.15588570724598, 18.930701077942064, 120.12365267533558, 106.02614155866632, 53.127821824433745, 86.81593782095646, 20.604500877234653, 46.72842276243614, 57.05911494320073, 45.42977568760507, 53.876506888321, 51.09952821467883, 99.7898122895463, 37.60200958549738, 23.65469583514468, 101.17632273097206, 76.55662262831021, 115.05802675878711, 38.528733868967365, 97.84155722452465, 50.135047960693605, 33.24530190990623, 43.26844383566198, 128.3926234141094, 98.3487281210183, 72.92879113532425, 38.71211395476414, 82.27742527790903, 30.51057709344507, 27.225275114486383, 20.585495229660225, 94.57365967017267, 83.91118848743713, 84.0472356252441, 93.05007966624251, 78.59158302968375, 22.284433661101552, 81.34357997057323, 59.669280928080724, 58.402681368454566, 29.394740674183186, 113.79888961486192, 87.67873627729473, 45.47059495392112, 102.48093493575868, 53.17273783296578, 87.77750593740937, 101.76424794830982, 23.822035457564557, 64.95351285984745, 67.40537024230203], [35.04038740006202, 113.8812415150231, 9.297682135622866, 29.75262483853656, 45.47448322765868, 61.62144109543945, 43.52984051914734, 79.5345628859744, 88.65307543401762, 82.85924643330506, 22.801792388325893, 38.50082092930325, 60.00690043314778, 92.15659034730892, 62.87007335534497, 58.14398630911657, 76.04949616716625, 63.411298203545066, 122.64825784860074, 0.0, 96.4945116843319, 53.7348666404709, 91.91676645599212, 47.83134806609591, 84.95521880988471, 10.805019278197305, 49.897397469528194, 84.10940904377728, 81.21231457891733, 53.017072097829434, 94.0575373209488, 60.250272660303025, 81.10014907545785, 85.53070051724046, 42.82923770874335, 84.23488517211095, 70.04190385834282, 104.12116463588107, 2.8445833527469273, 18.994268525144065, 69.86383703078657, 55.1739771360189, 102.08307655784412, 87.6677299821091, 68.15458101804448, 85.44662762330002, 83.87148821620349, 72.3284009320705, 48.72143983296213, 85.348338984397, 101.79609545797437, 21.691803243334018, 52.61966667519856, 8.066283771443382, 87.77251432758604, 26.406017022345093, 94.01778669018799, 90.50646502244236, 88.98588991354684, 14.897528133842803, 42.404578911726645, 49.97322083311851, 85.05179176517176, 65.04692769831104, 95.42426040149947, 101.36228588158514, 112.28652343302932, 52.79619098783318, 56.18088995434262, 54.42691719916644, 31.421245632045956, 44.241670835324804, 103.91844660804756, 61.54437452930728, 79.97210023640169, 78.6780948104068, 93.96655154376693, 9.947471325838794, 36.095710600647294, 92.99770271172909, 31.741450748437217, 71.2857079280007, 66.927167769599, 33.30738469223533, 108.94664608224682, 69.5907646675417, 56.97544377890946], [104.98289696115809, 75.61347509131406, 96.19262027277506, 67.26501295772528, 86.20325946208936, 56.245702123246026, 52.96876515104867, 31.81094672681736, 92.22099241404287, 130.9983876739588, 77.71568491477716, 67.2152795887266, 40.83468445670726, 89.16331446329386, 65.00466053929367, 38.634359009508955, 72.57883551454569, 35.5288149098955, 86.54036969525426, 96.4945116843319, 0.0, 44.10475642959865, 102.32041414152873, 111.51911611957199, 99.3169599218746, 89.23922158324372, 105.0306478893246, 80.68513828555093, 53.84885844305146, 106.61285848292464, 64.86921006009149, 117.63097940182567, 126.08762401316399, 67.80130308862442, 99.086936154238, 30.900973894841517, 73.47200224838153, 79.55457995575684, 95.63907964260615, 78.62991519726454, 72.26383420748562, 105.45954726293803, 76.5079511945569, 44.41837017547182, 80.28411941861026, 90.37398141809442, 38.47770470910959, 60.973956612208106, 112.51370513705031, 65.84321287840085, 66.10705335522296, 80.28126393992937, 89.8526525991332, 89.27678299741754, 83.46574052341033, 73.87745204986886, 37.19074441070197, 78.00923102388613, 47.94895554572496, 91.18930152211841, 106.07583207360526, 66.57867269898645, 77.0533976149535, 32.57962823987968, 61.32022166249527, 88.8420806381151, 66.02221773360228, 110.98951600235853, 41.806342073546055, 101.80456660359987, 70.16947352056704, 75.09618916942807, 66.33192695124565, 105.59866072393834, 100.71319376674853, 37.7191708717625, 66.94020134043224, 87.11629047679355, 68.82925649467833, 99.24797481943767, 101.11747838399488, 57.276400159876374, 29.57930946860248, 63.18761573272379, 94.29309662094033, 40.367808892732675, 79.04423635407764], [70.30740369559034, 89.11364078569159, 55.16651171203772, 26.913500009479083, 58.60799412538907, 41.86486757030152, 12.246419963219738, 39.35893087236483, 84.88304491460983, 107.82011061546125, 33.66950201989027, 35.299179731810796, 22.977348591607097, 84.78757045304936, 50.382935774923254, 6.597806874223998, 64.5673687211574, 20.7642489556822, 100.1446250059723, 53.7348666404709, 44.10475642959865, 0.0, 93.11330830960554, 80.01679361394325, 87.65807807423661, 48.1840439427202, 75.85276828748215, 74.82170818713145, 55.22897398750874, 78.3117317751872, 70.86331762376723, 89.314668762379, 103.8010782422471, 67.24302259783661, 68.34491223642145, 43.54623859616371, 61.57584947487805, 85.63407925029665, 53.32938111961139, 37.69167949634054, 60.56896796344877, 78.31974624489649, 82.65834307147374, 54.30995392842553, 65.55313096267412, 81.97272047677377, 47.656370852246575, 53.79025187901619, 81.10034673659544, 65.8655365695704, 76.48992940962378, 41.61219277235464, 65.0240551431439, 47.26655999427115, 78.71099437193264, 35.64261711775762, 55.43197155692462, 76.77567809780996, 57.38061244627707, 47.13641607761997, 73.79867469708789, 42.914345844547825, 72.97110496446753, 18.945206490426145, 69.66124582895293, 89.61665283625706, 82.9781569790357, 81.51793012776815, 16.64405714727969, 75.22936236319492, 33.904023895334205, 47.75517826106057, 77.94596059145178, 81.11322090521388, 86.1377920417382, 42.42743997916524, 72.04390297809431, 45.10545705894291, 35.58786855157256, 91.68170155069102, 65.98324653359806, 50.2674723150464, 16.33209685501488, 21.337713535236006, 97.0176372707652, 35.1929