instance_id,num_cities,city_coordinates,distance_matrix,best_route,total_distance
335,43,"[[21.704860841612362, 91.10675747871718], [59.77931192456196, 53.12394842329874], [55.95256635441296, 71.99561224037664], [13.17178733776082, 75.40164760957609], [45.053477194437484, 50.579111698289424], [48.13584050318743, 27.704117693713748], [28.016772549658274, 26.42952577886588], [94.5290096562897, 86.93691681438965], [77.52150265165903, 8.570788875663604], [7.528736345396069, 61.77731354667966], [47.761770210098454, 27.242222991738142], [76.46929817963023, 90.66532717335437], [65.1519322788618, 12.471266939524261], [23.250613424127497, 24.13289787439633], [10.849358191156854, 39.10178299265381], [11.424086432965918, 11.817782110376463], [82.3114297258031, 64.55247058019388], [61.684518021147014, 55.79838656895182], [22.77808423988512, 84.37359704142185], [49.941312285457414, 19.945805494978774], [22.31920552865818, 45.17144098347858], [53.32207927141097, 35.51436555376404], [91.96772302210945, 62.22167422015665], [68.76615497369104, 66.41105790555845], [97.55400355312395, 20.104622091565215], [85.04221656146066, 92.38956709751274], [96.28391969032114, 65.98366763679267], [88.12528253066309, 71.85214958766734], [30.331924491391383, 41.03442370589693], [96.22540852339901, 4.363945380412016], [8.324316383768037, 54.943724089818055], [26.98164990298857, 84.04775451589646], [96.57554888420961, 65.20515467188724], [22.68028181731254, 58.78243072335809], [48.1155923269208, 60.998850191561395], [94.01529955354447, 56.698972383426685], [57.194330359890046, 28.975949386830948], [15.706318872822944, 61.25547455915633], [99.42076378792274, 59.958361207082554], [69.8983144662146, 53.598834862860265], [39.51560448306306, 82.17452588591901], [17.831317329991748, 54.371750783338726], [46.24048284793242, 87.04257250160205]]","[[0.0, 53.78064344174676, 39.21914335133365, 17.873550834233424, 46.77229904650013, 68.69127613880453, 64.98449453343788, 72.94343165596304, 99.6377619991301, 32.57573924095594, 68.97565723554966, 54.766216389889294, 89.83979290277198, 66.99169516698045, 53.1258817252961, 79.95271063199058, 66.16862054330015, 53.33904802763808, 6.81815649108755, 76.5583325143158, 45.939424473019265, 63.95437859267489, 75.96853188425786, 53.147370422192445, 103.89608115615675, 63.35034514586858, 78.69692282398708, 69.1549878344968, 50.81008597388962, 114.35745484014286, 38.559096901703775, 8.813286879897385, 79.22444670639673, 32.33904058977415, 40.05012882377572, 80.07930582788406, 71.55235678046921, 30.44801467575503, 83.72564816742309, 61.0692494732316, 19.92504329452908, 36.9386661405893, 24.86994866832711], [53.78064344174676, 0.0, 19.255743997141796, 51.65807999861721, 14.944109289479128, 27.959581918568077, 41.490373677058116, 48.4856507006285, 47.95591055827969, 52.96228258216098, 28.53567977416275, 41.08419111592069, 41.00616491812734, 46.63503860901862, 50.89952353134102, 63.59581124424702, 25.264747204348804, 3.2836610156027266, 48.43171883104562, 34.606002442799564, 38.294933682836245, 18.756152653887458, 33.44940094619831, 16.040904786926315, 50.17173745281762, 46.690503965601195, 38.70347227810227, 33.97410143705064, 31.83245567862966, 60.87574109638489, 51.48716490135749, 45.077360363423466, 38.72878256299149, 37.52807558133888, 14.073252385720394, 34.42213888251763, 24.28596275948193, 44.81685435008543, 40.226283745013006, 10.130139661843366, 35.41968224287675, 41.96654931294462, 36.52085639920628], [39.21914335133365, 19.255743997141796, 0.0, 42.91615232296416, 24.030327504766078, 44.975967940782404, 53.447888741461476, 41.36888396121333, 66.99199378910669, 49.490210556591634, 45.49675802425783, 27.73976460726613, 60.2310220476709, 57.96772508848371, 55.82386039317201, 74.86091612630632, 27.389597222397427, 17.181542112419322, 35.40848445361695, 52.395778052385104, 43.020217619798395, 36.57595961971912, 37.31784257190956, 13.977671495017672, 66.50830350882767, 35.52634436419395, 40.77697315670248, 32.173036034702555, 40.18721792984446, 78.714320035336, 50.588705110581735, 31.37782869264195, 41.186612188982224, 35.79990340935925, 13.503589799229317, 41.02144377641404, 43.037580901789056, 41.65466352956124, 45.10409738102655, 23.085175075699937, 19.333494215056394, 41.99797756843538, 17.90909208027442], [17.873550834233424, 51.65807999861721, 42.91615232296416, 0.0, 40.40545058756845, 59.13999808783698, 51.1726714423175, 82.17091978926642, 92.77526362178612, 14.746745510784024, 59.294157339739854, 65.11186368552414, 81.62210656051153, 52.250047221870716, 36.37408209629326, 63.607880095731296, 69.98567561838098, 52.32373153537138, 13.144459546872223, 66.53832271344407, 31.583866961088052, 56.595416882970646, 79.8906200934616, 56.316644218782734, 100.88666633681498, 73.85084972650935, 83.64403679257269, 75.03749314735906, 38.41323191267598, 109.28979426299087, 21.024381308140143, 16.293172456768495, 84.0247339080894, 19.14705818601957, 37.795635734629634, 82.97869321698421, 63.979135267715364, 14.371432151133947, 87.62066556246891, 60.77221012702728, 27.20052539807417, 21.539911333863188, 35.05780590804612], [46.77229904650013, 14.944109289479128, 24.030327504766078, 40.40545058756845, 0.0, 23.08173118023215, 29.55421806160774, 61.39803177011554, 53.09304910683443, 39.160003835865595, 23.493514542542133, 50.92993696527626, 43.08312580278696, 34.27487555346875, 36.07839839859567, 51.31643590907855, 39.792081941913914, 17.430787393437143, 40.47542922424558, 31.02080561208552, 23.36856886360991, 17.184771069360302, 48.33731192003569, 28.512130894981627, 60.70419906999411, 57.85510743965611, 53.4963417626525, 48.03876097449455, 17.544947502363335, 68.95221645259146, 36.987580282904446, 38.0360486079261, 53.55786594209621, 23.82969396383551, 10.860363684184657, 49.34280842767502, 24.78097934788493, 31.22883964368205, 55.170392176296495, 25.027678019579266, 32.07706707065424, 27.485088664853965, 36.48277615774525], [68.69127613880453, 27.959581918568077, 44.975967940782404, 59.13999808783698, 23.08173118023215, 0.0, 20.159401773567573, 75.23862462684112, 35.06567283774468, 53.00867460818361, 0.5943696660200675, 69.04273113834623, 22.838281927885564, 25.140169804006163, 38.98959524632222, 40.001606782463554, 50.25705929677475, 31.19061727699268, 62.08418230313871, 7.965622168394195, 31.17059550790212, 9.375342350892844, 55.79153729472565, 43.861567410606646, 49.99907171775478, 74.47340436911773, 61.510661460068626, 59.5668044616998, 22.24132378554691, 53.45437490033134, 48.23850753625985, 60.18392800656638, 61.259555356505864, 40.172714730007755, 33.29473865480662, 54.273624913312695, 9.14733810130584, 46.662269776411, 60.58448300465128, 33.82516297464843, 55.14828952622295, 40.3673974806107, 59.36871734869414], [64.98449453343788, 41.490373677058116, 53.447888741461476, 51.1726714423175, 29.55421806160774, 20.159401773567573, 0.0, 89.91675069115065, 52.6274907842825, 40.856158992073205, 19.76171574966603, 80.46045874039781, 39.671817174658365, 5.290630637406895, 21.33790567625794, 22.109280531051112, 66.34205844108394, 44.6771425814185, 58.18040262568761, 22.86315969734552, 19.588814550545948, 26.886666993466367, 73.28575548067508, 57.08795914321882, 69.82428590600105, 87.19305199097465, 78.89824786927724, 75.3408768585318, 14.7872570807539, 71.68896609464326, 34.65331636599615, 57.627526076402276, 78.76455553445567, 32.79006849159911, 39.987507384045145, 72.6088490779812, 29.2884645032924, 36.93770401875193, 78.88417312697514, 49.922288703643034, 56.91861007410532, 29.740736981998605, 63.293325477873424], [72.94343165596304, 48.4856507006285, 41.36888396121333, 82.17091978926642, 61.39803177011554, 75.23862462684112, 89.91675069115065, 0.0, 80.19043149042994, 90.56518753228944, 75.83291604572182, 18.44055916790544, 80.05089435181488, 94.99976086519457, 96.38715732435253, 112.0237147332395, 25.50162137138402, 45.25890737321223, 71.79669843641099, 80.47280132220217, 83.41828806402901, 65.89605367467699, 24.847603621158708, 32.939878040787285, 66.90071902449442, 10.942149621264475, 21.026610766502824, 16.38773698177639, 78.91960857254949, 82.59039520763183, 91.95005993973643, 67.60911971345968, 21.827913519842333, 77.16809430800726, 53.169433026132964, 30.24230780677405, 68.94455760466909, 82.90086283420032, 27.41845584895163, 41.44995601630088, 55.21915533679576, 83.32482251291854, 48.288642395968026], [99.6377619991301, 47.95591055827969, 66.99199378910669, 92.77526362178612, 53.09304910683443, 35.06567283774468, 52.6274907842825, 80.19043149042994, 0.0, 87.91997271820881, 35.13209539643466, 82.10128106529137, 12.969965317387748, 56.45802559455509, 73.33018784057329, 66.17712139292118, 56.18622685180914, 49.81220800231763, 93.503516432385, 29.833838233214596, 66.23368736808611, 36.21558250456803, 55.56177446086073, 58.49916951900012, 23.115587836337365, 84.15550320874218, 60.40088526481035, 64.16362490761492, 57.2777781808508, 19.17116655429319, 83.29885778190099, 90.83528531421138, 59.75372847758239, 74.3556889527809, 60.11163926703451, 50.876000078598594, 28.802161531137973, 81.22064424257975, 55.85928954463245, 45.66878500174706, 82.83693860516894, 75.23726693204168, 84.47676026811892], [32.57573924095594, 52.96228258216098, 49.490210556591634, 14.746745510784024, 39.160003835865595, 53.00867460818361, 40.856158992073205, 90.56518753228944, 87.91997271820881, 0.0, 53.02234900111744, 74.74836718828584, 75.83876938356504, 40.795581258101855, 22.91737802081869, 50.111161767012526, 74.83416817062, 54.48482593086449, 27.26049594159864, 59.57098004692374, 22.237647857772647, 52.789891964448934, 84.44015589397212, 61.41248266468707, 99.20263075612446, 83.339364544414, 88.85480282642393, 81.22379933398008, 30.826171811765867, 105.65696616715584, 6.879745087020739, 29.570058959064255, 89.11276518042892, 15.444696607993926, 40.594320830139424, 86.63553061260396, 59.51975066782074, 8.19421576002101, 91.91002826194648, 62.903511734644624, 37.936868669784985, 12.68800751835899, 46.226968615040306], [68.97565723554966, 28.53567977416275, 45.49675802425783, 59.294157339739854, 23.493514542542133, 0.5943696660200675, 19.76171574966603, 75.83291604572182, 35.13209539643466, 53.02234900111744, 0.0, 69.61761491284798, 22.816636024495143, 24.707584051699243, 38.77080505317659, 39.47582347196196, 50.85010863078847, 31.769441053607512, 62.35526012665737, 7.614992576836584, 31.12524626994333, 9.96721522912967, 56.371342650845676, 44.4452675523857, 50.30121119711184, 75.06003013717087, 62.0910502678679, 60.16027491415381, 22.226657920559568, 53.592348567900245, 48.194252016094886, 60.48703837782194, 61.83825005768498, 40.29721781650928, 33.758481452787535, 54.83693154662981, 9.590568189240816, 46.738134779052906, 61.147341047662984, 34.41943609253301, 55.54779158936712, 40.39608010442989, 59.819696728921706], [54.766216389889294, 41.08419111592069, 27.73976460726613, 65.11186368552414, 50.92993696527626, 69.04273113834623, 80.46045874039781, 18.44055916790544, 82.10128106529137, 74.74836718828584, 69.61761491284798, 0.0, 79.0088211960141, 85.19854784869534, 83.45523118754095, 102.21455343358267, 26.7583964478022, 37.87206452579017, 54.05860081778428, 75.53134966369704, 70.72429720234926, 59.81155666550194, 32.39201392195197, 25.448143212540216, 73.64358697351902, 8.744594495892178, 31.651280275696305, 22.1313718974247, 67.76344021553417, 88.53379239186792, 76.94005114903486, 49.928144365971875, 32.44197437271446, 62.52821257054183, 41.03696494738885, 38.230556128948, 64.63051691067022, 67.50614109122473, 38.33650391496869, 37.644424277253755, 37.916608291386275, 68.96112299912517, 30.44512486046973], [89.83979290277198, 41.00616491812734, 60.2310220476709, 81.62210656051153, 43.08312580278696, 22.838281927885564, 39.671817174658365, 80.05089435181488, 12.969965317387748, 75.83876938356504, 22.816636024495143, 79.0088211960141, 0.0, 43.49384045847502, 60.48102130260927, 53.7318198245907, 54.83520881051228, 43.46564456001234, 83.45949958939687, 16.947910998135715, 53.888253482206245, 25.902312945439306, 56.517162506396645, 54.060740423594666, 33.28907228715685, 82.35628761050938, 61.909431176293936, 63.66996188050121, 45.03650593440705, 32.1136978372573, 70.94566614461984, 81.11821022695499, 61.38653432088631, 62.83760803803006, 51.431150242255875, 52.812724785470195, 18.32288107769235, 69.46054706216196, 58.560882293322514, 41.40054331958744, 74.26820053429195, 63.205151257512085, 76.93193441485386], [66.99169516698045, 46.63503860901862, 57.96772508848371, 52.250047221870716, 34.27487555346875, 25.140169804006163, 5.290630637406895, 94.99976086519457, 56.45802559455509, 40.795581258101855, 24.707584051699243, 85.19854784869534, 43.49384045847502, 0.0, 19.438586703689957, 17.074214973283077, 71.567603564319, 49.7982750387784, 60.242552402450784, 27.017126943847575, 21.05915042969338, 32.153240345894034, 78.56714348261883, 62.12171390239165, 74.412504261343, 92.07157602493622, 84.17452556371641, 80.53477308440748, 18.32502501674243, 75.6051069868304, 34.23596581687104, 60.03091436566749, 84.0444908287524, 34.65422636263882, 44.46757938192548, 77.89858799697602, 34.28747682999244, 37.881421303756944, 84.17455452477799, 55.17471753548052, 60.277529116373266, 30.720628173990338, 66.97881200666738], [53.1258817252961, 50.89952353134102, 55.82386039317201, 36.37408209629326, 36.07839839859567, 38.98959524632222, 21.33790567625794, 96.38715732435253, 73.33018784057329, 22.91737802081869, 38.77080505317659, 83.45523118754095, 60.48102130260927, 19.438586703689957, 0.0, 27.290053438863836, 75.85885028591893, 53.50691587005079, 46.817001745219, 43.5331178392076, 12.976831125940157, 42.62395570382825, 84.34879064467428, 64.0324280799812, 88.76140856051312, 91.3464184736436, 89.56394375291474, 83.92946440096512, 19.578189134072616, 92.17259534323652, 16.041911789281315, 47.75344167747256, 89.61230821581292, 22.962984321468415, 43.22330110686888, 85.00726367285812, 47.43826463450645, 22.679861487385132, 90.99390498380315, 60.802497893599224, 51.739876853521345, 16.790463654852264, 59.58901747144946], [79.95271063199058, 63.59581124424702, 74.86091612630632, 63.607880095731296, 51.31643590907855, 40.001606782463554, 22.109280531051112, 112.0237147332395, 66.17712139292118, 50.111161767012526, 39.47582347196196, 102.21455343358267, 53.7318198245907, 17.074214973283077, 27.290053438863836, 0.0, 88.35135996194536, 66.78626020351709, 73.43881498572559, 39.36548553634873, 35.08803471744437, 48.13491322086104, 95.01489217390284, 79.1741030045685, 86.52765072506661, 109.13955112437152, 100.673404905799, 97.40225234159524, 34.80112765651048, 85.12827914554799, 43.237199793373144, 73.88644459456661, 100.50364723037228, 48.2947218013669, 61.35995487589828, 93.99803043178385, 48.88064988742404, 49.622806745780814, 100.30419024785847, 71.86718105776934, 75.75753943375061, 43.033624732147025, 82.89119705208701], [66.16862054330015, 25.264747204348804, 27.389597222397427, 69.98567561838098, 39.792081941913914, 50.25705929677475, 66.34205844108394, 25.50162137138402, 56.18622685180914, 74.83416817062, 50.85010863078847, 26.7583964478022, 54.83520881051228, 71.567603564319, 75.85885028591893, 88.35135996194536, 0.0, 22.407665504187666, 62.746284981165715, 55.11423657392272, 63.045152647521235, 41.031621748275256, 9.93361021463264, 13.672191300453997, 46.98879964576044, 27.970719319608605, 14.045597204226475, 9.331998609554498, 57.05232241719756, 61.775863989949386, 74.60845092751525, 58.66387841742819, 14.279043801626543, 59.90965832679862, 34.37998710408865, 14.094609000300096, 43.549483817594805, 66.68666264329406, 17.71539310829192, 16.554986133364036, 46.281956434502426, 65.27887828508194, 42.507856839665486], [53.33904802763808, 3.2836610156027266, 17.181542112419322, 52.32373153537138, 17.430787393437143, 31.19061727699268, 44.6771425814185, 45.25890737321223, 49.81220800231763, 54.48482593086449, 31.769441053607512, 37.87206452579017, 43.46564456001234, 49.7982750387784, 53.50691587005079, 66.78626020351709, 22.407665504187666, 0.0, 48.27269666303797, 37.72678691084815, 40.77449938512926, 21.940188932360325, 30.956923771273477, 12.758462870834757, 50.603011915259046, 43.41078867716994, 36.06741668453352, 30.93278737696884, 34.65486575451907, 61.95623339960171, 53.36704569989781, 44.74724399366023, 36.136841600084395, 39.1182177681954, 14.53136491818707, 32.34332217482993, 27.19567836297018, 46.300913665453535, 37.96484734014335, 8.503204087211785, 34.455209369950204, 43.876400268521714, 34.852795827960605], [6.81815649108755, 48.43171883104562, 35.40848445361695, 13.144459546872223, 40.47542922424558, 62.08418230313871, 58.18040262568761, 71.79669843641099, 93.503516432385, 27.26049594159864, 62.35526012665737, 54.05860081778428, 83.45949958939687, 60.242552402450784, 46.817001745219, 73.43881498572559, 62.746284981165715, 48.27269666303797, 0.0, 69.91982037596841, 39.20484165588423, 57.62083073030454, 72.64925188530142, 49.37160582789425, 98.59989477806404, 62.77800530200696, 75.77134912863715, 66.53602761505522, 43.99254991418377, 108.60963955065768, 32.78763222902904, 4.21617571211911, 76.24627840625726, 25.591353204406015, 34.472715389937875, 76.4239863891277, 65.21792209703521, 24.175554854269844, 80.43757871262405, 56.279677359854496, 16.881365402056666, 30.40692818675494, 23.613715896697496], [76.5583325143158, 34.606002442799564, 52.395778052385104, 66.53832271344407, 31.02080561208552, 7.965622168394195, 22.86315969734552, 80.47280132220217, 29.833838233214596, 59.57098004692374, 7.614992576836584, 75.53134966369704, 16.947910998135715, 27.017126943847575, 43.5331178392076, 39.36548553634873, 55.11423657392272, 37.72678691084815, 69.91982037596841, 0.0, 37.40739856609485, 15.931404448990595, 59.61097445835166, 50.133764907651056, 47.61295614075522, 80.4995159992774, 65.32321189033797, 64.43821956537391, 28.796838501890004, 48.83658392222951, 54.37672897345175, 68.08969059260943, 64.98585008342758, 47.44941771312596, 41.0936215516059, 57.38738215006504, 11.58230417039725, 53.65187351952393, 63.6334875328944, 39.12554564064558, 63.096030181579, 47.07650672083883, 67.19875208117143], [45.939424473019265, 38.294933682836245, 43.020217619798395, 31.583866961088052, 23.36856886360991, 31.17059550790212, 19.588814550545948, 83.41828806402901, 66.23368736808611, 22.237647857772647, 31.12524626994333, 70.72429720234926, 53.888253482206245, 21.05915042969338, 12.976831125940157, 35.08803471744437, 63.045152647521235, 40.77449938512926, 39.20484165588423, 37.40739856609485, 0.0, 32.47210011939891, 71.70513539810595, 51.072893395089146, 79.30082120093172, 78.5094105616766, 76.83702049979178, 71.00915421278746, 9.017681361123456, 84.42380315109084, 17.06910774727876, 39.15489932836736, 76.91133994858416, 13.615778265869844, 30.26483857689782, 72.61689802382175, 38.452155726969195, 17.390411323095638, 78.50670860318877, 48.319691378258, 40.80373058062549, 10.236544382609399, 48.222600128918984], [63.95437859267489, 18.756152653887458, 36.57595961971912, 56.595416882970646, 17.184771069360302, 9.375342350892844, 26.886666993466367, 65.89605367467699, 36.21558250456803, 52.789891964448934, 9.96721522912967, 59.81155666550194, 25.902312945439306, 32.153240345894034, 42.62395570382825, 48.13491322086104, 41.031621748275256, 21.940188932360325, 57.62083073030454, 15.931404448990595, 32.47210011939891, 0.0, 46.976229277240535, 34.5416425865822, 46.83933517070849, 65.12262018946747, 52.66970762788377, 50.31597664360114, 23.64356696465629, 53.01928269866416, 49.01324961696654, 55.220540231534194, 52.463373814520914, 38.47496079211087, 26.010891248807223, 45.8772900622697, 7.599027205125625, 45.58015053936825, 52.178517012773916, 24.53201180957424, 48.65993535038549, 40.189490677029895, 52.01254770883893], [75.96853188425786, 33.44940094619831, 37.31784257190956, 79.8906200934616, 48.33731192003569, 55.79153729472565, 73.28575548067508, 24.847603621158708, 55.56177446086073, 84.44015589397212, 56.371342650845676, 32.39201392195197, 56.517162506396645, 78.56714348261883, 84.34879064467428, 95.01489217390284, 9.93361021463264, 30.956923771273477, 72.64925188530142, 59.61097445835166, 71.70513539810595, 46.976229277240535, 0.0, 23.576761770202896, 42.48591072548263, 30.95261540477832, 5.7255696786865204, 10.368722425378008, 65.17569520053674, 58.01417647714488, 83.95944278142056, 68.55339145891914, 5.489372895085342, 69.37274612222339, 43.86917670885581, 5.890059866376909, 48.108908290815585, 76.267524573738, 7.789120775288134, 23.694137515190217, 56.11898991277454, 74.55084135615215, 52.02939059267108], [53.147370422192445, 16.040904786926315, 13.977671495017672, 56.316644218782734, 28.512130894981627, 43.861567410606646, 57.08795914321882, 32.939878040787285, 58.49916951900012, 61.41248266468707, 44.4452675523857, 25.448143212540216, 54.060740423594666, 62.12171390239165, 64.0324280799812, 79.1741030045685, 13.672191300453997, 12.758462870834757, 49.37160582789425, 50.133764907651056, 51.072893395089146, 34.5416425865822, 23.576761770202896, 0.0, 54.52546399277894, 30.65604541758971, 27.521083507769962, 20.109234158968583, 46.056092279631834, 67.8517116822806, 61.52004223805385, 45.3541390760388, 27.835527519329784, 46.71299238189324, 21.348014661031872, 27.052613685253093, 39.18283392892192, 53.309720002009804, 31.326384027463067, 12.862147737153293, 33.22772376755034, 52.33834733513409, 30.546117580536144], [103.89608115615675, 50.17173745281762, 66.50830350882767, 100.88666633681498, 60.70419906999411, 49.99907171775478, 69.82428590600105, 66.90071902449442, 23.115587836337365, 99.20263075612446, 50.30121119711184, 73.64358697351902, 33.28907228715685, 74.412504261343, 88.76140856051312, 86.52765072506661, 46.98879964576044, 50.603011915259046, 98.59989477806404, 47.61295614075522, 79.30082120093172, 46.83933517070849, 42.48591072548263, 54.52546399277894, 0.0, 73.35978522486016, 45.89662224128925, 52.5994998272725, 70.40500343723524, 15.796647368288326, 95.78987472789483, 95.2322491803871, 45.11114510370812, 84.27364408360012, 64.15991269060211, 36.76504996977567, 41.32316140186239, 91.61024040103501, 39.89743494589525, 43.43615346736612, 84.97722473496049, 86.77524305590022, 84.3431479864172], [63.35034514586858, 46.690503965601195, 35.52634436419395, 73.85084972650935, 57.85510743965611, 74.47340436911773, 87.19305199097465, 10.942149621264475, 84.15550320874218, 83.339364544414, 75.06003013717087, 8.744594495892178, 82.35628761050938, 92.07157602493622, 91.3464184736436, 109.13955112437152, 27.970719319608605, 43.41078867716994, 62.77800530200696, 80.4995159992774, 78.5094105616766, 65.12262018946747, 30.95261540477832, 30.65604541758971, 73.35978522486016, 0.0, 28.699258101335786, 20.767542313527578, 75.03710289693831, 88.73316100049449, 85.36877278157, 58.65675781910976, 29.529816006766236, 70.84102286319994, 48.46599514328047, 36.80128760557123, 69.25887435594173, 76.00525262425076, 35.47570627698727, 41.642030185509746, 46.658541279078335, 77.21825776848985, 39.16841700125565], [78.69692282398708, 38.70347227810227, 40.77697315670248, 83.64403679257269, 53.4963417626525, 61.510661460068626, 78.89824786927724, 21.026610766502824, 60.40088526481035, 88.85480282642393, 62.0910502678679, 31.651280275696305, 61.909431176293936, 84.17452556371641, 89.56394375291474, 100.673404905799, 14.045597204226475, 36.06741668453352, 75.77134912863715, 65.32321189033797, 76.83702049979178, 52.66970762788377, 5.7255696786865204, 27.521083507769962, 45.89662224128925, 28.699258101335786, 0.0, 10.0499970502829, 70.51333521712749, 61.619750036089464, 88.64971611554418, 71.61784576802097, 0.8313423020957631, 73.95507637224371, 48.425573470532946, 9.557834653982331, 53.82905538916973, 80.71620384584185, 6.792945492535921, 29.147628477813914, 59.03207181112579, 79.30729745817524, 54.29385826318886], [69.1549878344968, 33.97410143705064, 32.173036034702555, 75.03749314735906, 48.03876097449455, 59.5668044616998, 75.3408768585318, 16.38773698177639, 64.16362490761492, 81.22379933398008, 60.16027491415381, 22.1313718974247, 63.66996188050121, 80.53477308440748, 83.92946440096512, 97.40225234159524, 9.331998609554498, 30.93278737696884, 66.53602761505522, 64.43821956537391, 71.00915421278746, 50.31597664360114, 10.368722425378008, 20.109234158968583, 52.5994998272725, 20.767542313527578, 10.0499970502829, 0.0, 65.49659885810402, 67.97256614413193, 81.57259987761951, 62.34802795977969, 10.751257733692693, 66.73728844928098, 41.45563192113884, 16.257646813513666, 52.868632910761484, 73.19013471046108, 16.40274668691917, 25.795462067295553, 49.693583613320094, 72.43483889670472, 44.55429713020583], [50.81008597388962, 31.83245567862966, 40.18721792984446, 38.41323191267598, 17.544947502363335, 22.24132378554691, 14.7872570807539, 78.91960857254949, 57.2777781808508, 30.826171811765867, 22.226657920559568, 67.76344021553417, 45.03650593440705, 18.32502501674243, 19.578189134072616, 34.80112765651048, 57.05232241719756, 34.65486575451907, 43.99254991418377, 28.796838501890004, 9.017681361123456, 23.64356696465629, 65.17569520053674, 46.056092279631834, 70.40500343723524, 75.03710289693831, 70.51333521712749, 65.49659885810402, 0.0, 75.4100471986081, 26.034658664727626, 43.14360864818974, 70.51554444324361, 19.32716711532332, 26.7364389286596, 65.58163115215693, 29.444789894776378, 24.95594593118048, 71.63367312856931, 41.513415221600546, 42.15267471432968, 18.27975582370558, 48.68092012884735], [114.35745484014286, 60.87574109638489, 78.714320035336, 109.28979426299087, 68.95221645259146, 53.45437490033134, 71.68896609464326, 82.59039520763183, 19.17116655429319, 105.65696616715584, 53.592348567900245, 88.53379239186792, 32.1136978372573, 75.6051069868304, 92.17259534323652, 85.12827914554799, 61.775863989949386, 61.95623339960171, 108.60963955065768, 48.83658392222951, 84.42380315109084, 53.01928269866416, 58.01417647714488, 67.8517116822806, 15.796647368288326, 88.73316100049449, 61.619750036089464, 67.97256614413193, 75.4100471986081, 0.0, 101.41457495662237, 105.56612878296703, 60.84221680972316, 91.48910978490692, 74.31061066514572, 52.381672682961415, 46.14299300888411, 98.58990765009075, 55.68616853739603, 55.83180297863153, 96.28337505975416, 92.98609646209071, 96.61391295991845], [38.559096901703775, 51.48716490135749, 50.588705110581735, 21.024381308140143, 36.987580282904446, 48.23850753625985, 34.65331636599615, 91.95005993973643, 83.29885778190099, 6.879745087020739, 48.194252016094886, 76.94005114903486, 70.94566614461984, 34.23596581687104, 16.041911789281315, 43.237199793373144, 74.60845092751525, 53.36704569989781, 32.78763222902904, 54.37672897345175, 17.06910774727876, 49.01324961696654, 83.95944278142056, 61.52004223805385, 95.78987472789483, 85.36877278157, 88.64971611554418, 81.57259987761951, 26.034658664727626, 101.41457495662237, 0.0, 34.57080677521899, 88.84580460234248, 14.860330149344222, 40.24935022198671, 85.70895806842552, 55.34079498029873, 9.712474181978802, 91.23436477049518, 61.58868375675778, 41.405470891559226, 9.524191328129827, 49.6786850540643], [8.813286879897385, 45.077360363423466, 31.37782869264195, 16.293172456768495, 38.0360486079261, 60.18392800656638, 57.627526076402276, 67.60911971345968, 90.83528531421138, 29.570058959064255, 60.48703837782194, 49.928144365971875, 81.11821022695499, 60.03091436566749, 47.75344167747256, 73.88644459456661, 58.66387841742819, 44.74724399366023, 4.21617571211911, 68.08969059260943, 39.15489932836736, 55.220540231534194, 68.55339145891914, 45.3541390760388, 95.2322491803871, 58.65675781910976, 71.61784576802097, 62.34802795977969, 43.14360864818974, 105.56612878296703, 34.57080677521899, 0.0, 72.09961403703805, 25.62885783155928, 31.271320933571612, 72.39797006548437, 62.81488502389065, 25.428745849259524, 76.33953163611362, 52.621068074199286, 12.673160731070109, 31.05469020504354, 19.49029453776316], [79.22444670639673, 38.72878256299149, 41.186612188982224, 84.0247339080894, 53.55786594209621, 61.259555356505864, 78.76455553445567, 21.827913519842333, 59.75372847758239, 89.11276518042892, 61.83825005768498, 32.44197437271446, 61.38653432088631, 84.0444908287524, 89.61230821581292, 100.50364723037228, 14.279043801626543, 36.136841600084395, 76.24627840625726, 64.98585008342758, 76.91133994858416, 52.463373814520914, 5.489372895085342, 27.835527519329784, 45.11114510370812, 29.529816006766236, 0.8313423020957631, 10.751257733692693, 70.51554444324361, 60.84221680972316, 88.84580460234248, 72.09961403703805, 0.0, 74.17386249756078, 48.64216675802516, 8.88313085345991, 53.51108004934082, 80.96562440707453, 5.968591920262977, 29.092636451550238, 59.52979770217219, 79.48595248769871, 54.867947750448366], [32.33904058977415, 37.52807558133888, 35.79990340935925, 19.14705818601957, 23.82969396383551, 40.172714730007755, 32.79006849159911, 77.16809430800726, 74.3556889527809, 15.444696607993926, 40.29721781650928, 62.52821257054183, 62.83760803803006, 34.65422636263882, 22.962984321468415, 48.2947218013669, 59.90965832679862, 39.1182177681954, 25.591353204406015, 47.44941771312596, 13.615778265869844, 38.47496079211087, 69.37274612222339, 46.71299238189324, 84.27364408360012, 70.84102286319994, 73.95507637224371, 66.73728844928098, 19.32716711532332, 91.48910978490692, 14.860330149344222, 25.62885783155928, 74.17386249756078, 0.0, 25.531696692135814, 71.36543669089927, 45.603134502620954, 7.399466532453112, 76.74949110960998, 47.50170810905384, 28.82044769524303, 6.554887804729186, 36.792916246604754], [40.05012882377572, 14.073252385720394, 13.503589799229317, 37.795635734629634, 10.860363684184657, 33.29473865480662, 39.987507384045145, 53.169433026132964, 60.11163926703451, 40.594320830139424, 33.758481452787535, 41.03696494738885, 51.431150242255875, 44.46757938192548, 43.22330110686888, 61.35995487589828, 34.37998710408865, 14.53136491818707, 34.472715389937875, 41.0936215516059, 30.26483857689782, 26.010891248807223, 43.86917670885581, 21.348014661031872, 64.15991269060211, 48.46599514328047, 48.425573470532946, 41.45563192113884, 26.7364389286596, 74.31061066514572, 40.24935022198671, 31.271320933571612, 48.64216675802516, 25.531696692135814, 0.0, 46.10067323428865, 33.28497649422166, 32.410289444689255, 51.31572113855197, 23.005373517130558, 22.855393937254913, 31.000899320117913, 26.111137610619373], [80.07930582788406, 34.42213888251763, 41.02144377641404, 82.97869321698421, 49.34280842767502, 54.273624913312695, 72.6088490779812, 30.24230780677405, 50.876000078598594, 86.63553061260396, 54.83693154662981, 38.230556128948, 52.812724785470195, 77.89858799697602, 85.00726367285812, 93.99803043178385, 14.094609000300096, 32.34332217482993, 76.4239863891277, 57.38738215006504, 72.61689802382175, 45.8772900622697, 5.890059866376909, 27.052613685253093, 36.76504996977567, 36.80128760557123, 9.557834653982331, 16.257646813513666, 65.58163115215693, 52.381672682961415, 85.70895806842552, 72.39797006548437, 8.88313085345991, 71.36543669089927, 46.10067323428865, 0.0, 46.09066908203681, 78.44143144621371, 6.312104173167254, 24.31542354862269, 60.159958352992604, 76.21951920482385, 56.596529746854266], [71.55235678046921, 24.28596275948193, 43.037580901789056, 63.979135267715364, 24.78097934788493, 9.14733810130584, 29.2884645032924, 68.94455760466909, 28.802161531137973, 59.51975066782074, 9.590568189240816, 64.63051691067022, 18.32288107769235, 34.28747682999244, 47.43826463450645, 48.88064988742404, 43.549483817594805, 27.19567836297018, 65.21792209703521, 11.58230417039725, 38.452155726969195, 7.599027205125625, 48.108908290815585, 39.18283392892192, 41.32316140186239, 69.25887435594173, 53.82905538916973, 52.868632910761484, 29.444789894776378, 46.14299300888411, 55.34079498029873, 62.81488502389065, 53.51108004934082, 45.603134502620954, 33.28497649422166, 46.09066908203681, 0.0, 52.56636607662546, 52.3734810973239, 27.70699733531951, 56.059128517640346, 46.84435423146326, 59.09077335141325], [30.44801467575503, 44.81685435008543, 41.65466352956124, 14.371432151133947, 31.22883964368205, 46.662269776411, 36.93770401875193, 82.90086283420032, 81.22064424257975, 8.19421576002101, 46.738134779052906, 67.50614109122473, 69.46054706216196, 37.881421303756944, 22.679861487385132, 49.622806745780814, 66.68666264329406, 46.300913665453535, 24.175554854269844, 53.65187351952393, 17.390411323095638, 45.58015053936825, 76.267524573738, 53.309720002009804, 91.61024040103501, 76.00525262425076, 80.71620384584185, 73.19013471046108, 24.95594593118048, 98.58990765009075, 9.712474181978802, 25.428745849259524, 80.96562440707453, 7.399466532453112, 32.410289444689255, 78.44143144621371, 52.56636607662546, 0.0, 83.72449337255738, 54.73021576636691, 31.693671129765296, 7.204253706299245, 39.96635572518667], [83.72564816742309, 40.226283745013006, 45.10409738102655, 87.62066556246891, 55.170392176296495, 60.58448300465128, 78.88417312697514, 27.41845584895163, 55.85928954463245, 91.91002826194648, 61.147341047662984, 38.33650391496869, 58.560882293322514, 84.17455452477799, 90.99390498380315, 100.30419024785847, 17.71539310829192, 37.96484734014335, 80.43757871262405, 63.6334875328944, 78.50670860318877, 52.178517012773916, 7.789120775288134, 31.326384027463067, 39.89743494589525, 35.47570627698727, 6.792945492535921, 16.40274668691917, 71.63367312856931, 55.68616853739603, 91.23436477049518, 76.33953163611362, 5.968591920262977, 76.74949110960998, 51.31572113855197, 6.312104173167254, 52.3734810973239, 83.72449337255738, 0.0, 30.199645515728868, 63.89198763834004, 81.78048660492472, 59.679952934821216], [61.0692494732316, 10.130139661843366, 23.085175075699937, 60.77221012702728, 25.027678019579266, 33.82516297464843, 49.922288703643034, 41.44995601630088, 45.66878500174706, 62.903511734644624, 34.41943609253301, 37.644424277253755, 41.40054331958744, 55.17471753548052, 60.802497893599224, 71.86718105776934, 16.554986133364036, 8.503204087211785, 56.279677359854496, 39.12554564064558, 48.319691378258, 24.53201180957424, 23.694137515190217, 12.862147737153293, 43.43615346736612, 41.642030185509746, 29.147628477813914, 25.795462067295553, 41.513415221600546, 55.83180297863153, 61.58868375675778, 52.621068074199286, 29.092636451550238, 47.50170810905384, 23.005373517130558, 24.31542354862269, 27.70699733531951, 54.73021576636691, 30.199645515728868, 0.0, 41.70946155688918, 52.072733650189406, 40.96555362896962], [19.92504329452908, 35.41968224287675, 19.333494215056394, 27.20052539807417, 32.07706707065424, 55.14828952622295, 56.91861007410532, 55.21915533679576, 82.83693860516894, 37.936868669784985, 55.54779158936712, 37.916608291386275, 74.26820053429195, 60.277529116373266, 51.739876853521345, 75.75753943375061, 46.281956434502426, 34.455209369950204, 16.881365402056666, 63.096030181579, 40.80373058062549, 48.65993535038549, 56.11898991277454, 33.22772376755034, 84.97722473496049, 46.658541279078335, 59.03207181112579, 49.693583613320094, 42.15267471432968, 96.28337505975416, 41.405470891559226, 12.673160731070109, 59.52979770217219, 28.82044769524303, 22.855393937254913, 60.159958352992604, 56.059128517640346, 31.693671129765296, 63.89198763834004, 41.70946155688918, 0.0, 35.259078444302986, 8.301919469300527], [36.9386661405893, 41.96654931294462, 41.99797756843538, 21.539911333863188, 27.485088664853965, 40.3673974806107, 29.740736981998605, 83.32482251291854, 75.23726693204168, 12.68800751835899, 40.39608010442989, 68.96112299912517, 63.205151257512085, 30.720628173990338, 16.790463654852264, 43.033624732147025, 65.27887828508194, 43.876400268521714, 30.40692818675494, 47.07650672083883, 10.236544382609399, 40.189490677029895, 74.55084135615215, 52.33834733513409, 86.77524305590022, 77.21825776848985, 79.30729745817524, 72.43483889670472, 18.27975582370558, 92.98609646209071, 9.524191328129827, 31.05469020504354, 79.48595248769871, 6.554887804729186, 31.000899320117913, 76.21951920482385, 46.84435423146326, 7.204253706299245, 81.78048660492472, 52.072733650189406, 35.259078444302986, 0.0, 43.29507220426241], [24.86994866832711, 36.52085639920628, 17.90909208027442, 35.05780590804612, 36.48277615774525, 59.36871734869414, 63.293325477873424, 48.288642395968026, 84.47676026811892, 46.226968615040306, 59.819696728921706, 30.44512486046973, 76.93193441485386, 66.97881200666738, 59.58901747144946, 82.89119705208701, 42.507856839665486, 34.852795827960605, 23.613715896697496, 67.19875208117143, 48.222600128918984, 52.01254770883893, 52.02939059267108, 30.546117580536144, 84.3431479864172, 39.16841700125565, 54.29385826318886, 44.55429713020583, 48.68092012884735, 96.61391295991845, 49.6786850540643, 19.49029453776316, 54.867947750448366, 36.792916246604754, 26.111137610619373, 56.596529746854266, 59.09077335141325, 39.96635572518667, 59.679952934821216, 40.96555362896962, 8.301919469300527, 43.29507220426241, 0.0]]",Route_0,1945.7824001713686
