instance_id,num_cities,city_coordinates,distance_matrix,best_route,total_distance
2656,100,"[[20.802027788343036, 56.55315384378379], [90.65784452213512, 37.97092231439303], [78.4796486364204, 51.22630965445166], [29.665935772151553, 59.17416299558399], [93.19465202232233, 98.37187496443003], [69.31035011960644, 89.96087464080664], [2.516465028723569, 41.61096816752949], [85.86206760629027, 9.041467619161292], [3.1594659965895167, 6.084282991904367], [25.151765993886787, 89.92257958649105], [89.30977415892704, 84.84547026173259], [67.90243823800415, 86.98845526555566], [26.39096285565936, 86.70709346018693], [90.86767930515221, 55.32017444780259], [24.96146532315847, 79.6050504376125], [24.720547651010705, 80.11747360706856], [63.17462844122672, 2.237859066054937], [24.797794849010568, 38.679432758457324], [1.846427479793722, 68.68812106996157], [36.218485164545996, 18.258016237285702], [79.75488323797582, 12.240002631096647], [0.05108768176943501, 14.985144456632838], [48.25708962372808, 18.636403131549695], [55.45196892866973, 47.61857489168286], [20.620000753490952, 41.69132267002027], [16.562726466882825, 3.5174554128454716], [72.1193232034185, 19.980794064078278], [86.72557628922274, 10.014976608237003], [98.97491807523676, 29.14284906801845], [22.58162352723907, 24.26871020032526], [87.66701899703646, 63.3382415964467], [3.7786962672530233, 21.656922338102724], [26.96865960349173, 11.210502984789628], [28.556948333605703, 96.69710708616533], [21.871868988376587, 49.37228586503587], [67.3986894494084, 37.38502167378227], [48.850683244035366, 66.11384738657874], [61.13245148093432, 96.7458165153315], [53.3756032560632, 63.52788634178816], [99.84150704979454, 33.758510272406426], [14.443661795552021, 53.7316773683436], [90.07868282799963, 27.6265558302072], [21.7103534636493, 63.22599828671618], [63.23900470044429, 62.36363026469937], [21.333586622427624, 2.1311106141041813], [0.9528362635619181, 20.908684333712856], [93.39059232790142, 22.58386818178042], [14.097925942333534, 70.37379252820807], [8.891404158588212, 58.930486282771774], [88.58848604585046, 10.28220575368155], [67.31875537031782, 27.47338674835523], [93.91512767975794, 99.36671103721282], [14.464050111079052, 26.582065582932746], [36.65165760429399, 38.554126364557085], [19.60568370712188, 37.08054741920056], [38.089393883236845, 10.702984951142923], [50.36773947153943, 10.598295697727577], [11.768983924923548, 4.106125862234933], [77.7960176873906, 68.60868198798849], [21.90983371758517, 3.9689634564261222], [73.64143431232264, 23.47964870083358], [15.198559294051151, 80.2093905932649], [12.500874756003899, 67.37968810233376], [60.30704066940705, 44.42589321466641], [85.57714104600204, 60.90847494776711], [74.52813379468115, 54.91191626688286], [30.73943279083616, 45.3573786982796], [4.67779634226263, 53.251901400553], [31.96547984229998, 46.68773989589011], [62.09125976845351, 48.11060712117039], [96.63700044262778, 39.58458165805763], [75.06843009740774, 58.0515607775649], [77.73747017855017, 9.197865275716266], [16.45925177027725, 5.810403538053799], [74.12352441867776, 26.69983263807858], [69.28714317458407, 51.73900262323906], [27.742487388689675, 96.23910868446318], [26.084782100077607, 91.50300362892177], [25.161527773874738, 27.119521308034898], [41.63081451505391, 99.25959926026027], [15.610315017565624, 36.1683853329843], [37.51293611816112, 51.712505844910375], [49.04490604600751, 11.809001102744132], [76.0725517991202, 16.333836059199612], [0.37052830655269764, 70.0598751010912], [7.685598556220796, 40.41803502524679], [43.39704495810734, 45.58688479738192], [96.89829355556259, 71.25845918871259], [58.399569110881714, 74.88844466193098], [0.14632028678793763, 1.7052149023034202], [62.66400125141233, 43.30321252208671], [48.80952272996253, 50.96576432100945], [98.84789797015353, 74.12022380419558], [8.647460105645022, 67.58104042036813], [48.82608208939434, 23.595465815126403], [8.976793743811463, 40.406724347750526], [61.36505322043655, 23.22126197813368], [82.73734952509699, 60.30955520975599], [74.2638704938152, 52.68731080008304], [31.660581099560325, 73.6935307048648]]","[[0.0, 72.28509154837552, 57.9230801642315, 9.243297772940391, 83.60321452939779, 58.89934757062747, 23.614205856213783, 80.56158581495191, 53.46369713777308, 33.65172799210794, 74.11994658032074, 56.078126191596795, 30.667511630002924, 70.07649934654168, 23.42415115171953, 23.887904132017407, 68.8882321799619, 18.31491359081881, 22.50715914187936, 41.28177227703417, 73.75021719333289, 46.45966981928385, 46.81303669875007, 35.78330786944422, 14.862945861398615, 53.20485864798033, 63.01588933415402, 80.695205479353, 82.8391548949352, 32.33345422873261, 67.20836603541248, 38.82706259009333, 45.7600626623724, 40.88613181250891, 7.26012569598464, 50.385178066991536, 29.633324718825936, 56.9385037373898, 33.3119304779831, 82.26077471959256, 6.956259598357703, 75.07331753774193, 6.7343825620463695, 42.83291544684101, 54.4246391268441, 40.79851236064643, 80.14369638530793, 15.360827946665927, 12.145561525723647, 82.07316589637402, 54.85835213766471, 84.72618282022998, 30.63390429862344, 23.982822092085815, 19.509321877692027, 49.00092870530696, 54.6441240625014, 53.219231726283205, 58.25504822286604, 52.59585832240731, 62.33666356364553, 24.310828787065702, 13.642689827078433, 41.324526532067786, 64.92136874297518, 53.75116861416235, 14.969883075437323, 16.45870916629568, 14.897954696007458, 42.143531801106654, 77.71020215839303, 54.28708541548778, 74.05516832425366, 50.928247683704456, 61.10976018534033, 48.72353092696977, 40.28827361752409, 35.34684558941377, 29.754730117635862, 47.51503800500734, 21.035509709373237, 17.397882924556672, 52.91218552272003, 68.35513402432376, 24.492400662184966, 20.793815789546127, 25.115609841292233, 77.50411388437972, 41.83010880796314, 58.608486232952295, 43.908834728914556, 28.55938890424741, 79.99849873235132, 16.41181884799171, 43.26149349782759, 20.013579032205147, 52.50118139192733, 62.04913077439122, 53.60143065164564, 20.290409038568672], [72.28509154837552, 0.0, 18.000381900554938, 64.57236520641655, 60.454201453042266, 56.20205209926727, 88.21651043208706, 29.324270241389062, 93.12746110510122, 83.6063455574191, 46.89392859391923, 54.04190088971872, 80.65634790321783, 17.3505210361182, 77.77798444570537, 78.25636654315687, 45.07969582039826, 65.86386057615952, 93.97347549419352, 57.8985536371124, 27.945568387709095, 93.47689751406736, 46.600940419550824, 36.50384742126026, 70.13658773113474, 81.71369469775435, 25.832566406520346, 28.231146519068535, 12.128832991308656, 69.44150402867749, 25.543021060149357, 88.39758479008452, 69.08279321435522, 85.4709663293147, 69.72446859564262, 23.26653335281854, 50.397053145513404, 65.77413642586954, 45.2009283546164, 10.103666296617757, 77.82675021193951, 10.360566887342653, 73.42734766847974, 36.69873265272899, 78.04066142760017, 91.31324368118817, 15.627838796515379, 83.13463256092007, 84.41003549027825, 27.7659372123973, 25.591235519151954, 61.482133717577334, 77.04025158580421, 54.00933578899969, 71.0577393669155, 59.219780568830345, 48.70886215960519, 85.85031604526789, 33.227983798959976, 76.69695036806478, 22.350732143973598, 86.47653976471652, 83.50681066951309, 31.029630094961643, 23.493506945988226, 23.391554977163036, 60.37197861849919, 87.32741268836982, 59.33613216632725, 30.31275263762871, 6.193076941146338, 25.421681360494542, 31.54084470221612, 80.86859794950895, 20.01052732376427, 25.42178025782329, 85.752689206148, 83.87707744329349, 66.38915883929577, 78.48535910021766, 75.06917359548176, 54.89273546830192, 49.15366486949377, 26.093950744007927, 95.82014590032472, 83.0083246502892, 47.87051347096147, 33.8674373890023, 49.02550141293039, 97.5066026149262, 28.49716792814433, 43.81949287244377, 37.06546875033471, 87.19209967875688, 44.23290740830372, 81.71736160570039, 32.796647729301384, 23.701239643358285, 22.030308089152488, 68.96942686126721], [57.9230801642315, 18.000381900554938, 0.0, 49.45651561045757, 49.38861865900424, 39.80505696482048, 76.56931536671061, 42.82593848813002, 87.81191538794499, 65.88827189863984, 35.320526309377094, 37.29354419362914, 63.0247348731923, 13.04695492426023, 60.57680144733414, 61.030650441368124, 51.32360016821767, 55.12862728107859, 78.59749005376244, 53.59957377476839, 39.007157786851174, 86.39711354155877, 44.446654322312696, 23.308577452114967, 58.64004459351866, 78.16546567375774, 31.886297748750273, 42.028196419799826, 30.128645851452223, 62.05885415825675, 15.20219291782098, 80.34040671495801, 65.22765344985412, 67.52680523022389, 56.63813309858652, 17.730451473892273, 33.15892594684962, 48.71294236657226, 27.956070601095824, 27.594438028784424, 64.08497856803636, 26.296120906749064, 58.02366242908585, 18.876364532363045, 75.3393056280614, 83.24400904440574, 32.29126345137203, 67.16868554214153, 70.0134137649843, 42.17354903262649, 26.244368635581505, 50.55444845501398, 68.59544897742327, 43.70543516676536, 60.5495362138516, 57.2146180974483, 49.40561663376225, 81.67389121905504, 17.395810392625517, 73.71160512179415, 28.165324637236814, 69.60255202981222, 67.92738945406066, 19.4033333238714, 12.004945783765596, 5.403532700565629, 48.09961080457186, 73.829644614955, 46.73506728422731, 16.68193310032132, 21.568941915550873, 7.630233601565692, 42.03499691637649, 76.87089277358085, 24.91031699989145, 9.206791555484168, 67.82633417776928, 66.08656532816856, 58.51460720787555, 60.53952003823176, 64.64746085152842, 40.969597524131444, 49.194799367660615, 34.97540319681107, 80.34760647423546, 71.61435838725446, 35.5329733285595, 27.21274509527536, 31.033952807596645, 92.6738860509398, 17.68926709549613, 29.67126986119469, 30.643056081549123, 71.72176638527085, 40.53143891144356, 70.3399620730068, 32.82060437599616, 10.03161834777387, 4.4617608290005695, 51.93073373975368], [9.243297772940391, 64.57236520641655, 49.45651561045757, 0.0, 74.64823113769896, 50.194633207931446, 32.33511364161958, 75.30798349992577, 59.33909587083279, 31.07801235013217, 64.93383920777214, 47.28281902869749, 27.72702125314614, 61.32296991507845, 20.965524173611485, 21.519273292512533, 66.06493161690427, 21.064965310680055, 29.401367993166243, 41.43750679138855, 68.64195559097597, 53.19500528106166, 44.59754451006354, 28.256877434990514, 19.684477290773742, 57.17834549065008, 57.77897777384411, 75.31552417797617, 75.53552041328219, 35.61710424536858, 58.15036720308986, 45.58171251428959, 48.03944192391388, 37.539328528407985, 12.522949824714084, 43.57209404664856, 20.40131748212768, 49.00786425727026, 24.106083032565465, 74.63622583898997, 16.165960374236278, 68.15388121519429, 8.927970603324042, 33.724229549756274, 57.64839865381479, 47.84024394390444, 73.4825253220746, 19.177972565663346, 20.775960678228806, 76.56559549628405, 49.22066678102722, 75.78522005549021, 35.96306635157894, 21.77122459075196, 24.276254259027404, 49.19765998058357, 52.80321543378723, 57.9032779654305, 49.04604911494566, 55.747387160647136, 56.63870428068364, 25.530095617629975, 19.025508192045034, 34.005716737856616, 55.93809715321153, 45.06421594335113, 13.858424303194141, 25.680348412113663, 12.69640361500546, 34.26082171885881, 69.77732583064981, 45.41637069047704, 69.3433684931041, 54.973696671831206, 55.0550571739975, 40.31279803969283, 37.11481985142061, 32.52658294870153, 32.36958055230404, 41.83300758804919, 26.9597158860719, 10.828284345383299, 51.176196126811945, 63.157482716545985, 31.252513924794133, 28.895113091415585, 19.317284703393916, 68.30973684329234, 32.74996691805771, 64.6071798901012, 36.616381502078895, 20.829179782507705, 70.77802361793164, 22.63740063211482, 40.40983667322665, 27.933087034358042, 47.93167156036545, 53.08355746571934, 45.06722792500164, 14.655737738492043], [83.60321452939779, 60.454201453042266, 49.38861865900424, 74.64823113769896, 0.0, 25.322022111673284, 106.97819467934805, 89.63084553149032, 128.93151032534948, 68.56547915286767, 14.07323346621715, 27.735867070498728, 67.8144528387412, 43.11454185538603, 70.766951820347, 70.86554972882746, 100.71221787131178, 90.78170370564655, 96.05010865345025, 98.30825982570342, 87.1741178138462, 125.01628055114547, 91.52666268765405, 63.248775445712845, 92.08563957095487, 121.94184237907203, 81.17469463786365, 88.59339946049708, 69.46991796604125, 102.35955657047123, 35.46702967298652, 117.8150970803494, 109.46682984919337, 64.65939673084182, 86.53264766327658, 66.2180334905694, 54.83582688555999, 32.103407445878176, 52.91181520024161, 64.95434995888017, 90.5232881810781, 70.81390713287189, 79.65699961629596, 46.83945444631503, 120.10952269967146, 120.45371923342148, 75.78826007166477, 83.9058084799751, 93.07341586893558, 88.21001409512355, 75.47289353715092, 1.2283256834680136, 106.54709948346029, 82.31204811760419, 95.77036644992114, 103.54913689035307, 97.66445441367348, 124.56392286254373, 33.51067882830543, 118.29385031322383, 77.40267358129415, 80.08287157320156, 86.44073886774281, 63.18040778157602, 38.229998878928306, 47.299121690950734, 81.92186047451973, 99.35313660820921, 80.12653333093789, 59.106819022088416, 58.88799212858456, 44.20732583406026, 90.50374840035221, 120.23288919616556, 74.16595957246699, 52.404138787833325, 65.486903631437, 67.46047757320115, 98.51600832646801, 51.57147848279501, 99.44145750539379, 72.64674949826251, 97.17165842449778, 83.80576438091522, 97.04579990840513, 103.29784987290434, 72.56760197400298, 27.36520191107067, 41.978200218522446, 134.17315382122013, 62.96569081399823, 64.94135068379568, 24.901842778083136, 89.97945961671064, 86.94872835848251, 102.2379887274475, 81.61334444871808, 39.47271666132856, 49.45153073633215, 66.29828474192315], [58.89934757062747, 56.20205209926727, 39.80505696482048, 50.194633207931446, 25.322022111673284, 0.0, 82.45687686002128, 82.59485325668724, 106.82332187726384, 44.15860073076869, 20.643263401555597, 3.2889957143061643, 43.04254749761006, 40.80069302690303, 45.5419221993986, 45.663366368451, 87.93733303917436, 67.90547738033082, 70.73832696944802, 78.97069981606678, 78.41952701980826, 102.06961129583678, 74.36679375623314, 44.552497991447744, 68.56164940296308, 101.26587050349399, 70.03643342797358, 81.82075968098138, 67.66696998215988, 80.61658860197116, 32.33777794608426, 94.65636564328211, 89.41163118813596, 41.306374625342166, 62.432708021089994, 52.61059552721436, 31.420991033435406, 10.62607464612762, 30.864527017617633, 63.95981006924735, 65.74882677779105, 65.70305126147466, 54.59407747471914, 28.25719611627037, 100.07915509560652, 97.16457526684515, 71.55081455993223, 58.58383368487239, 67.92152849200984, 81.97766037412177, 62.5192177874504, 26.341314262969007, 83.81521378735384, 60.903562828026836, 72.57329309215962, 85.18545172957766, 81.59192015549527, 103.35398739953024, 22.976568176166023, 98.19072127406272, 66.62215617019719, 54.98342793495246, 61.13285922131463, 46.416528462768355, 33.2964024328033, 35.4352190564263, 58.96768194424686, 74.32977683361425, 57.15945701876942, 42.46834299761682, 57.31070329842803, 32.42467881496481, 81.20147802961179, 99.37072196349237, 63.44388136064946, 38.22187906277781, 42.039308209380266, 43.25306801172489, 76.7994414251122, 29.19970840320369, 76.00872105155169, 49.73945368343124, 80.7366308500019, 73.93692028920239, 71.75478251862627, 79.07024068777133, 51.38628570949, 33.32979097996629, 18.607076279965586, 112.12816104170024, 47.12866842657851, 44.05567559932689, 33.51705464313333, 64.65944018146376, 69.45482506876859, 78.07529594063683, 67.21088930507894, 32.54973205784105, 37.60127558323253, 41.01379750758332], [23.614205856213783, 88.21651043208706, 76.56931536671061, 32.33511364161958, 106.97819467934805, 82.45687686002128, 0.0, 89.48330478356199, 35.53250356803836, 53.35136968888668, 96.965461279286, 79.58920672965831, 51.02599497216511, 89.40849736436961, 44.1285432091636, 44.44965968669058, 72.31635021829126, 22.473352184644252, 27.085441839088794, 41.002274633142704, 82.63429593098543, 26.739719028939348, 51.18628113990698, 53.27531240352616, 18.103714054966716, 40.600654851620234, 72.8863656511443, 89.94154269245114, 97.26092307810974, 26.5210199082088, 87.87884416493823, 19.99392839494989, 39.01407570158878, 60.9310222441335, 20.853530033137734, 65.01970216437572, 52.41422390580106, 80.47164326705949, 55.380531267628605, 97.64130734170816, 17.004987922528578, 88.67189957561588, 28.90700400085978, 64.17086416983184, 43.734919886870685, 20.76124974203496, 92.84469584340762, 31.006939579660557, 18.455502069943396, 91.59631082284955, 66.32652592967658, 108.11771995758401, 19.199289106563867, 34.27179093627407, 17.67953922462367, 47.124693036588546, 57.022191465436435, 38.62929331827791, 79.97429336993497, 42.34410546667441, 73.39963215981602, 40.62848420394451, 27.63540057029369, 57.859091212207595, 85.27291286440621, 73.22974572398626, 28.4705374232058, 11.83987667092, 29.88340818367484, 59.92830278598453, 94.14234662937697, 74.39140219606509, 81.90731868902503, 38.41980908216114, 73.14309890382057, 67.53443967335579, 60.17130495878713, 55.178626043575086, 26.88495673817217, 69.66560846360676, 14.17993707465534, 36.42518431197548, 55.25443931874997, 77.77809015780781, 28.529727480822814, 5.305000556743836, 41.07346745053639, 98.92877882558126, 65.04084688634339, 39.976076968142166, 60.17133706853445, 47.22879844335873, 101.66905465577675, 26.683960602783355, 49.69043124501347, 6.571609413565677, 61.65498865371823, 82.37127816633785, 72.59735227324742, 43.34363067986387], [80.56158581495191, 29.324270241389062, 42.82593848813002, 75.30798349992577, 89.63084553149032, 82.59485325668724, 89.48330478356199, 0.0, 82.7554545267716, 101.13107828427785, 75.88236618021377, 79.98925659232845, 97.82004772815591, 46.54862891870302, 93.2099918389902, 93.75544831973701, 23.685628241876152, 67.87675879838089, 103.03567854750528, 50.4918809917051, 6.894079135835377, 86.01657729737225, 38.80975594558512, 49.12196359163847, 72.95574221449081, 69.51915846161758, 17.56507576958105, 1.3012943545989095, 24.000257989726045, 65.08673843009448, 54.3267660906056, 83.04715255894052, 58.93333709032131, 104.72529696890814, 75.63941049176555, 33.826814650676816, 68.02278371786093, 91.12412813853757, 63.436111097670526, 28.39642450515456, 84.24846310748464, 19.05742237922822, 83.97264906564706, 57.92284527230236, 64.89744133648153, 85.73452280011298, 15.49436341003841, 94.40204503883022, 91.72457257898503, 2.995461337761955, 26.14555548206829, 90.68352317305023, 73.52108186889765, 57.38171728683939, 71.9451068761938, 47.80155849440261, 35.52845399681187, 74.25727336545339, 60.11084917846357, 64.15308658074532, 18.915732897585265, 100.29060109223511, 93.72946487396666, 43.64764571507454, 51.86778993142476, 47.24993243158342, 66.01022849910717, 92.44159429504688, 65.74255843009996, 45.73236235633153, 32.387976053168416, 50.18457773129665, 8.126102607635282, 69.4779865933359, 21.20403856129218, 45.801829825250614, 104.79176595526641, 101.84904900675454, 63.33538948427223, 100.47743541129854, 75.30722678760587, 64.48609167037293, 36.921032311390135, 12.207098639893896, 105.03356293808856, 84.23805135047401, 56.025401964116895, 63.188229308701224, 71.34432850115945, 86.02912264150073, 41.37653255649216, 55.951208528117405, 66.36170806142779, 96.8967346984742, 39.793002986654336, 83.0368873848164, 28.304951543563348, 51.363222915660444, 45.16057797718535, 84.36640564097189], [53.46369713777308, 93.12746110510122, 87.81191538794499, 59.33909587083279, 128.93151032534948, 106.82332187726384, 35.53250356803836, 82.7554545267716, 0.0, 86.67480161530806, 116.72703292990303, 103.62015993973968, 83.90315854672923, 100.58282005013245, 76.6852686012223, 77.1089719473023, 60.138296453038464, 39.12366373219071, 62.61760624816469, 35.22922834064091, 76.84237650319253, 9.428008833382158, 46.81187217806116, 66.78026105457826, 39.65767956696261, 13.646830952830937, 70.34610810816257, 83.65850310486088, 98.55099353391657, 26.606269863393575, 102.07615926363019, 15.58494601642467, 24.354790732552186, 94.10481390129056, 47.15935981829358, 71.45917766006269, 75.44028058648543, 107.61217731645222, 76.29828312014027, 100.56480456793275, 48.96536802366807, 89.54897974642462, 60.07754199906023, 82.32202560870233, 18.599092245889757, 14.987731313367437, 91.72727222835717, 65.2134260900555, 53.15615032479931, 85.53209936679255, 67.63067478922582, 130.1468459455621, 23.40838980260358, 46.64780409978362, 35.08912203844798, 35.23396472091463, 47.423595342339794, 8.833849930124869, 97.36485668923439, 18.86931017312852, 72.59687738331036, 75.09641365829837, 62.00313383420323, 68.81805261310049, 98.98669195484734, 86.47325895622386, 47.98990117445394, 47.192049684056755, 49.78380405546658, 72.3820988711134, 99.29914126935711, 88.72145782450134, 74.64297088408665, 13.302605443341843, 73.8978922226299, 80.35684857915248, 93.44633506146783, 88.4416641278853, 30.439644765796483, 100.8051795223703, 32.558821462265996, 57.1147584264986, 46.24117219510454, 73.62996278232458, 64.03635341866334, 34.63080138596852, 56.38721761256269, 114.16935243340697, 88.23537643821096, 5.315569997832494, 70.18574236456526, 64.01777132995949, 117.41024340223889, 61.741147167479326, 48.90890868988928, 34.81194166868744, 60.67591311918866, 96.29651963584568, 85.01575465638685, 73.3711383203589], [33.65172799210794, 83.6063455574191, 65.88827189863984, 31.07801235013217, 68.56547915286767, 44.15860073076869, 53.35136968888668, 101.13107828427785, 86.67480161530806, 0.0, 64.35858179606603, 42.85124342250352, 3.4460063683460196, 74.26915714962495, 10.319283990822143, 9.814583665491854, 95.57378448840625, 51.2443693727499, 31.528416258142133, 72.51401184070913, 94.95305774540654, 79.02950863804043, 74.93713988140152, 52.03586370098398, 48.44368937164747, 86.83096845860669, 84.24847056352907, 100.87893302378002, 95.62443947613119, 65.70415662402634, 67.93293666857579, 71.53326547204442, 78.73304328768663, 7.58218237782346, 40.682724162266254, 67.41659686522253, 33.593070830106186, 36.62193728224826, 38.64278485414557, 93.45030819058788, 37.741818966312486, 89.97943712553047, 26.917480812638562, 47.01205632613164, 87.87445884921398, 73.13348028129553, 95.86990911172659, 22.45757011200043, 34.9987030382738, 101.81751615110663, 75.35221748035502, 69.40887212165636, 64.23587770885199, 52.63996099414524, 53.13228201668483, 80.26908738482186, 83.23573350965812, 86.8536849288086, 56.7952415894891, 86.01473275386424, 82.25515788270167, 13.907277376531422, 25.850087148387594, 57.49645039763281, 67.0301739381274, 60.529102448973106, 44.914130854780815, 41.99907227442363, 43.768459642532775, 55.792179037585434, 87.43027381653584, 59.223603361689015, 96.34176552852418, 84.5601440581256, 79.97092505979336, 58.3602353370084, 6.8271792997560805, 1.835281778993226, 62.80305903711625, 18.94040592361563, 54.594438238498974, 40.15978414008578, 81.68606542787298, 89.48871214263808, 31.75904234687298, 52.495399200089935, 47.943133365637124, 74.13442929827595, 36.48892469005266, 91.69283367217758, 59.837556597020324, 45.57765800710034, 75.37130963790912, 27.776545594512946, 70.42555831393571, 52.090782748146665, 75.89774662296344, 64.75361490578803, 61.63168057101753, 17.485614135112854], [74.11994658032074, 46.89392859391923, 35.320526309377094, 64.93383920777214, 14.07323346621715, 20.643263401555597, 96.965461279286, 75.88236618021377, 116.72703292990303, 64.35858179606603, 0.0, 21.51433047895858, 62.946345857001326, 29.566368754798194, 64.56134176081288, 64.7620423802202, 86.64331058507446, 79.32905201272047, 88.94322315510657, 85.16204553991592, 73.23148141594979, 113.34715802887254, 77.90355240806178, 50.32089738769241, 81.12068432192522, 109.11635508561197, 67.10393298667586, 74.8751017298516, 56.53491854397059, 90.1231931650369, 21.569875506891854, 106.34076299335301, 96.48068703056776, 61.89803826600712, 76.19854240754348, 52.27417922184123, 44.58488233915681, 30.58724822953625, 41.781623025680794, 52.16123923600351, 81.07405804952776, 57.224080501687396, 70.97241187120292, 34.42554501833718, 107.06272630525788, 109.06356435148648, 62.39519348868578, 76.59145884874428, 84.49083162178718, 74.56675311852896, 61.44233779753916, 15.23403146613855, 94.8499168845825, 70.11252212613584, 84.49939692013471, 90.11456865356077, 83.83987712497873, 111.94380681473372, 19.904770321012023, 105.27944397898962, 63.334516098197106, 74.2560799089218, 78.769667854625, 49.74837443100873, 24.2262728172641, 33.384345831848904, 70.63847579965429, 90.33673263156287, 68.87946339326608, 45.71977357315158, 45.85015029644754, 30.343524286482314, 76.52763134668815, 107.48832673511818, 60.096067723558335, 38.69035992380777, 62.61266482714633, 63.57454184952348, 86.297640158247, 49.81014261682332, 88.32365976843222, 61.48744393831754, 83.40015246606373, 69.77870790509563, 90.15987620357222, 92.93171172701796, 60.408734760211026, 15.562535029084493, 32.47434579644849, 121.91153992809772, 49.35338278118343, 52.80250789914445, 14.352934104676848, 82.4892080588588, 73.41997254351178, 91.8051734968286, 67.6642481293518, 25.40094275819675, 35.50389326624203, 58.717929257392655], [56.078126191596795, 54.04190088971872, 37.29354419362914, 47.28281902869749, 27.735867070498728, 3.2889957143061643, 79.58920672965831, 79.98925659232845, 103.62015993973968, 42.85124342250352, 21.51433047895858, 0.0, 41.51242889647073, 39.118822927387406, 43.571112238808006, 43.725119366541925, 84.88236413793699, 64.74389498079059, 68.54413752436632, 75.68187452342755, 75.68230720401775, 98.93574955369468, 71.11921507656216, 41.29166582587499, 65.47869207501333, 97.99578471114437, 67.1402172956233, 79.24157332299708, 65.66287504820195, 77.38050573041632, 30.821603773567958, 91.54268664935685, 86.12707057113529, 40.52561530675318, 59.44568534227997, 49.605991441916416, 28.261610400882322, 11.87597655982564, 27.593970878062994, 62.07681661085702, 62.959145918830316, 63.3689271543059, 51.945770352092985, 25.062514213103903, 96.79579991967009, 94.06798249638958, 69.26468679162518, 56.311389267631974, 65.34180718774812, 79.44659393634436, 59.517930628484486, 28.80765918886318, 80.6510585181173, 57.641092167882974, 69.45052745527977, 81.90415492995743, 78.37679592601943, 100.10217390466238, 20.873403652880718, 94.90814343784093, 63.76758257309374, 53.138070849156286, 58.76935413896901, 43.23495984224859, 31.504928070498533, 32.75368980348849, 55.805335856140495, 71.66247560286331, 53.996413196075984, 39.309755424612476, 55.432862979346766, 29.810992971354516, 78.40984468954686, 96.10555403422993, 60.60874467917736, 35.276639853369105, 41.211603231324304, 42.06064088664172, 73.56000734443077, 28.996192646260592, 72.91876067825734, 46.560868190142976, 77.50843082265611, 71.12542422226183, 69.62137376822129, 76.12405547933301, 48.1103350334787, 32.98776139986283, 15.385537957934604, 108.92255325080926, 43.9982005952323, 40.769764354034564, 33.514367948347406, 62.352226780120404, 66.2010458782249, 75.1138418292846, 64.10142231357547, 30.526026618006835, 34.88604781264992, 38.603461346333084], [30.667511630002924, 80.65634790321783, 63.0247348731923, 27.72702125314614, 67.8144528387412, 43.04254749761006, 51.02599497216511, 97.82004772815591, 83.90315854672923, 3.4460063683460196, 62.946345857001326, 41.51242889647073, 0.0, 71.71042915223889, 7.244479159327062, 6.798042127299087, 92.13082878733732, 48.05407762904071, 30.448605597249006, 69.15096794259904, 91.61362134048731, 76.40567382756674, 71.49647810664857, 48.70784698440111, 45.384178117682, 83.76819270439915, 80.89179174176846, 97.58046098174914, 92.63947747995407, 62.55447841861063, 65.5809293443653, 68.86827544869696, 75.49880069870187, 10.222126263058419, 37.60731401666784, 64.14281258013969, 30.47163966333633, 36.162784633902305, 35.5731142884164, 90.54576138068482, 35.07301055015155, 86.8713738922246, 23.943056087854867, 44.16313381254866, 84.72705547076058, 70.5445173496172, 92.74016589117682, 20.442491919699336, 32.82947548896676, 98.535756717784, 71.99802921570998, 68.70064593865604, 61.2965759635677, 49.23403392814231, 50.088262947338436, 76.89914042927607, 79.79620864260876, 83.88517220563357, 54.49800143189013, 82.85939098781333, 78.9323559997675, 12.941794312718265, 23.800906396248056, 54.2033230389982, 64.56448254209404, 57.689864957080694, 41.57773564864053, 39.88372444726653, 40.405740920549164, 52.57565936228998, 84.58745128688767, 56.4857094351864, 92.97389024888665, 81.50406937964053, 76.67639000852793, 55.34301819321694, 9.627353364202284, 4.805673834298677, 59.600253905568614, 19.743821323675565, 51.675752408412706, 36.71946965323806, 78.2491238344274, 86.14322745969429, 30.890012839423648, 49.92562052061059, 44.49807174415342, 72.17994169628629, 34.12083430718505, 88.96123100506756, 56.56527375473886, 42.190454316974744, 73.54207458266957, 26.089035910162114, 66.98068467133396, 49.46693305435351, 72.48198255988355, 62.22335025040634, 58.72955727716756, 14.040003277177721], [70.07649934654168, 17.3505210361182, 13.04695492426023, 61.32296991507845, 43.11454185538603, 40.80069302690303, 89.40849736436961, 46.54862891870302, 100.58282005013245, 74.26915714962495, 29.566368754798194, 39.118822927387406, 71.71042915223889, 0.0, 70.23805409662766, 70.64240278801721, 59.87184039629388, 68.13328053175937, 90.0193605478665, 66.03134097865235, 44.490397168237955, 99.3708607111604, 56.22598537137279, 36.2434432303791, 71.5575428775911, 90.58006246250963, 40.00465800907408, 45.49415312627273, 27.40400854828091, 75.01452423108893, 8.63328600291415, 93.36865378260899, 77.64501165823941, 74.79757849535005, 69.25170914758341, 29.53748787348807, 43.381232503343846, 50.9928190480303, 38.379972655088565, 23.354548730452382, 76.44052443095302, 27.704855667874998, 69.60774215645657, 28.512346979114316, 87.5446546438729, 96.27476123608884, 32.83337993663095, 78.23174834233683, 82.05573738898995, 45.09560229119768, 36.46910204086068, 44.15183265865802, 81.62961138676663, 56.74925001616876, 73.55920072129797, 69.11035386002594, 60.3348287928512, 94.2310054248552, 18.640085034538853, 85.97750483911243, 36.20169328078981, 79.65732109222577, 79.28926739999706, 32.444383141173496, 7.695381572699002, 16.34464506286517, 60.94803793423603, 86.21469525872364, 59.531403711441925, 29.665808305005566, 16.75989101492, 16.03361303046904, 47.954872485221166, 89.37466925112813, 33.158568849811395, 21.87565613461238, 75.22731574072267, 74.20256665259843, 71.50227399573167, 65.9919836586842, 77.65604873938014, 53.47657331297571, 60.35202207838238, 41.69928511222229, 91.68965652794145, 84.50640400047229, 48.458209342998046, 17.041045411581337, 37.90904085782751, 105.37992631049073, 30.65705187527192, 42.282968463147064, 20.423656522377367, 83.12937675462402, 52.66833046794078, 83.23778067624912, 43.59753579768026, 9.539191932244757, 16.8112592636874, 61.99242452167465], [23.42415115171953, 77.77798444570537, 60.57680144733414, 20.965524173611485, 70.766951820347, 45.5419221993986, 44.1285432091636, 93.2099918389902, 76.6852686012223, 10.319283990822143, 64.56134176081288, 43.571112238808006, 7.244479159327062, 70.23805409662766, 0.0, 0.5662321338006957, 86.28979161066101, 40.92594495481426, 25.5633394007603, 62.37130029817768, 86.83529416522981, 69.25502987673363, 65.26761881579846, 44.19055813143855, 38.161486709047026, 76.5497284843576, 76.01917855351859, 93.04613790483856, 89.5791546920911, 55.387491348050965, 64.78113561387006, 61.69842182027852, 68.42399396524178, 17.466135764838015, 30.390223085932465, 59.86191460653611, 27.43551152494461, 40.0268172773841, 32.64718119277986, 87.8004891450077, 27.929475917512313, 83.3187608958802, 16.69859508116844, 41.98138385473497, 77.55883480070987, 63.41669861420038, 89.07278287155994, 14.255967538847589, 26.18557749650854, 94.09598589269518, 67.17030876175134, 71.7295670002386, 54.0521289963161, 42.68300555047268, 42.86044509430113, 70.14155071411142, 73.53510022998078, 76.64286775350546, 53.966749416735055, 75.69762287735148, 74.2953571961318, 9.781592976448879, 17.4563971515062, 49.86865548091402, 63.43360370012424, 55.376940133412, 34.73165598733587, 33.2553107261987, 33.65420557203116, 48.68800258135928, 82.09153583651366, 54.54595159508757, 87.9913541827711, 74.28282134066627, 72.22098119610015, 52.35725678242997, 16.864933367451894, 11.950863179029975, 52.485910423616794, 25.77146662305407, 44.431834167063315, 30.586491511346658, 71.94662203652712, 81.33627560733477, 26.378486604799885, 42.826133954373816, 38.69245649997821, 72.4194230963947, 33.769115400936165, 81.75680888833853, 52.338366916310825, 37.26846591083237, 74.08973108668688, 20.266316466784218, 60.88179943942802, 42.33223941332112, 67.11447543442553, 60.912797763721564, 56.1719846792458, 8.934439978885175], [23.887904132017407, 78.25636654315687, 61.030650441368124, 21.519273292512533, 70.86554972882746, 45.663366368451, 44.44965968669058, 93.75544831973701, 77.1089719473023, 9.814583665491854, 64.7620423802202, 43.725119366541925, 6.798042127299087, 70.64240278801721, 0.5662321338006957, 0.0, 86.85591914473832, 41.43811284917271, 25.57059782298313, 62.91895607167322, 87.38494812948397, 69.6477031619471, 65.83229325224212, 44.72805239956075, 38.64432119594775, 77.03319306524631, 76.57064809914982, 93.58944204287512, 90.06732967061534, 55.889707196134445, 65.14446163552446, 62.09828656292198, 68.94363355445157, 17.01770303238959, 30.87687709947015, 60.39442222254273, 27.89919337652875, 40.02909602269809, 33.11082326613164, 88.27407333106521, 28.316508012776563, 83.82709754530916, 17.157599119448445, 42.41309334267481, 78.05987649157244, 63.80113503546551, 89.5862198619794, 14.414555592601648, 26.44712112090112, 94.63655842728726, 67.72006484111625, 71.82216264494389, 54.50904194807803, 43.24191506766232, 43.33980674696753, 70.69014984383989, 74.09922095049042, 77.10686084219044, 54.30891090892974, 76.20036555672188, 74.8404727526374, 9.522431989908078, 17.651390461535772, 50.40126383589679, 63.81622512446461, 55.82217980595654, 35.27734650444146, 33.51821668895623, 34.20579100761566, 49.20375622257815, 82.5523561861143, 54.97102669439119, 88.54594807309668, 74.76489598648882, 72.76055579913178, 52.8348280203678, 16.402415594870277, 11.466971243992099, 52.99978689918865, 25.541693364687823, 44.883390009654335, 31.152646697571765, 72.51014982195457, 81.8863892772503, 26.34537397310802, 43.19994113854697, 39.25777776703165, 72.71938627578409, 34.082535560071506, 82.17283593579774, 52.867716901328734, 37.81667455836469, 74.36955741790443, 20.383971651412622, 61.4476537826504, 42.717787791818985, 67.6756875558145, 61.304999232783416, 56.62998031011565, 9.456802138025393], [68.8882321799619, 45.07969582039826, 51.32360016821767, 66.06493161690427, 100.71221787131178, 87.93733303917436, 72.31635021829126, 23.685628241876152, 60.138296453038464, 95.57378448840625, 86.64331058507446, 84.88236413793699, 92.13082878733732, 59.87184039629388, 86.28979161066101, 86.85591914473832, 0.0, 52.922298228095165, 90.42558019473113, 31.357281389557293, 19.36356694983718, 64.39778476655626, 22.168563594413424, 46.033127623411424, 58.02992441827945, 46.6294624939701, 19.870060561882106, 24.801828597987377, 44.78324714538644, 46.18604171876397, 65.82654434571604, 62.489813387296, 37.30121336325997, 100.60284942564157, 62.67034488566736, 35.4000809430553, 65.46233489523448, 94.53001908373561, 62.068416590401206, 48.35298790527754, 70.89654740233108, 36.9920811232419, 73.74848625575247, 60.125805662248645, 41.84117799147735, 64.96269035358621, 36.42752476545742, 83.97040048090653, 78.49026958326019, 26.656625292388775, 25.573534081322478, 101.87733888686552, 54.4551267760332, 44.97042642129426, 55.787685710360066, 26.475032560504175, 15.294224588193801, 51.43958309471646, 67.96227746936161, 41.30108964657759, 23.6805331872278, 91.5492377877242, 82.53052285513773, 42.285379091992276, 62.802179412394075, 53.883748809887116, 53.95678724862075, 77.61644079008234, 54.31208762381022, 45.88553913608562, 50.144870408887826, 57.06690649209912, 16.14057142435961, 46.851782159413105, 26.80049391640808, 49.87710947753951, 100.45731207527491, 96.66396813414792, 45.432289599691174, 99.38487806903743, 58.42640262941961, 55.73385978717241, 17.06621852820473, 19.106360049401307, 92.43473834431985, 67.3554620936857, 47.647569091056525, 76.81880518490043, 72.80734014529048, 63.03055876807751, 41.06852803054668, 50.80123042438656, 80.24747048493518, 85.10548417228779, 25.72990766517955, 66.28927185284643, 21.061285816643114, 61.278233894358, 51.65383305781796, 78.09640317713875], [18.31491359081881, 65.86386057615952, 55.12862728107859, 21.064965310680055, 90.78170370564655, 67.90547738033082, 22.473352184644252, 67.87675879838089, 39.12366373219071, 51.2443693727499, 79.32905201272047, 64.74389498079059, 48.05407762904071, 68.13328053175937, 40.92594495481426, 41.43811284917271, 52.922298228095165, 0.0, 37.77944730000378, 23.3980003422204, 60.98626918948335, 34.26103929759225, 30.85549461525751, 31.930966953477242, 5.150285850701223, 36.11344627852126, 50.88188415163066, 68.2400260880269, 74.78764629672129, 14.580135115111203, 67.5321863875532, 27.047520518537794, 27.55457778106818, 58.13933065762568, 11.085943789357456, 42.62055514432366, 36.485456638655364, 68.49753422686382, 37.86999840022647, 75.20488161673958, 18.269596029594446, 66.20997223769514, 24.739971170984564, 45.151609344038306, 36.71213137648834, 29.738553251920635, 70.45593704594461, 33.4517508635119, 25.75108606721285, 69.82588907369066, 43.97280467328749, 91.97908154857504, 15.910140567832416, 11.854525039555474, 5.432720537430106, 30.973347200488867, 37.97857720640258, 36.946765268910724, 60.86519188723534, 34.830403366367634, 51.15402771454472, 42.624907284362415, 31.22369133490624, 35.971215527253456, 64.71676166796246, 52.31252366788078, 8.938569427314992, 24.84293022645278, 10.747496981645687, 38.467513248943156, 71.84490764732355, 53.87407644002897, 60.59514869390518, 33.91024008419333, 50.75961403147308, 46.36652326288143, 57.63495039349005, 52.83924654734764, 11.56563246788682, 62.87533001474879, 9.524449843753828, 18.208124877957157, 36.193127783653736, 55.93233762447886, 39.76711596728697, 17.20029068955096, 19.840488862192377, 79.11937105966389, 49.39809486783516, 44.43858665806373, 38.147462911861396, 26.972523409830426, 82.09425949601827, 33.107948256661594, 28.370489006252424, 15.915012164781853, 39.70037063651012, 61.845405595900026, 51.411217520368005, 35.68031516286468], [22.50715914187936, 93.97347549419352, 78.59749005376244, 29.401367993166243, 96.05010865345025, 70.73832696944802, 27.085441839088794, 103.03567854750528, 62.61760624816469, 31.528416258142133, 88.94322315510657, 68.54413752436632, 30.448605597249006, 90.0193605478665, 25.5633394007603, 25.57059782298313, 90.42558019473113, 37.77944730000378, 0.0, 61.029778165405574, 96.2087187000884, 53.73297816166625, 68.25777632786438, 57.59756809263549, 32.88273372622708, 66.81156425401976, 85.50253550299833, 103.18433884868186, 104.8702637693676, 49.02073456336163, 85.98718008372279, 47.070875462674266, 62.72800911571998, 38.70342648833334, 27.823008415293998, 72.64284604240167, 47.07469537816683, 65.5901434330567, 51.78690933654492, 104.03419308284884, 19.55468027367838, 97.31897566132524, 20.601221827632973, 61.7174831124811, 69.351171671944, 47.78779216593836, 102.49846951108526, 12.366919699050458, 12.035079270405106, 104.5726334573711, 77.36459167219132, 97.04546068152608, 43.95593599893277, 46.03761159014188, 36.25506714703719, 68.3800308894273, 75.68847685861412, 65.33981352450903, 75.94963175203446, 67.75772747125077, 84.84296659142161, 17.635732913998883, 10.734488510977958, 63.2953315419696, 84.09135085187417, 73.97576800290699, 37.13663010449014, 15.693741660853041, 37.29844617433589, 63.66218577618459, 99.15779711612504, 73.99052697601, 96.42894221326506, 64.55340421516846, 83.58824742361715, 69.53792310348773, 37.810882525267104, 33.28688481786459, 47.66070066512143, 50.173825153273775, 35.31257300955665, 39.50027026135044, 73.91164094518844, 90.83220073551122, 2.01494106402493, 28.8668267018