instance_id,num_cities,city_coordinates,distance_matrix,best_route,total_distance
26,73,"[[78.56253048254209, 27.33985024516199], [73.14215732289433, 50.572379908433476], [4.419979248932293, 65.08013019320641], [52.348403688055775, 60.09446465831137], [22.007544788649103, 84.42197828241127], [74.94162882600563, 83.39102145102812], [86.59131920281497, 7.5806073089893955], [35.02000799914384, 48.92122853162846], [55.27130150190077, 26.148494357866014], [58.02783982607889, 22.397658835968535], [73.46699671844178, 95.80120238822772], [35.321666399811136, 52.0713552185063], [56.505551943124686, 85.42672923367952], [47.284160697891586, 41.160307925659176], [1.6490616143102543, 50.60927477996523], [83.98750865617556, 97.42046919897591], [22.01851588282029, 29.98875636793048], [10.75797494430779, 79.33355120230644], [70.3941886163352, 44.07084715362013], [35.63555113153778, 73.46737500860782], [42.283153551237376, 41.32303291040558], [78.09015548433695, 65.65231942943736], [91.7194719496781, 86.4835133859739], [36.93749940634039, 33.96143321963816], [70.6356542582378, 23.22279631445936], [98.04443715482427, 76.22965562933918], [4.75322796093397, 16.82211133713578], [37.17036201024555, 24.915129696824245], [51.20243509126182, 53.187378017717535], [34.76301322432106, 46.5378340212274], [52.109593390709406, 84.16140678066894], [89.83418768768784, 15.659117245315379], [98.80206678708642, 73.07517143633694], [47.57466955068927, 1.209158896613427], [54.71607935887539, 17.703366681762667], [1.8781160732655677, 72.6419014707795], [10.941123968849432, 95.94029827975602], [47.32471554596871, 17.351960011808142], [43.48204175380362, 18.350004458573554], [77.90207486554051, 1.851516893619054], [27.355815150530592, 95.19939330573138], [77.05901008343604, 3.7529793227185304], [86.58337930189136, 12.375837257548872], [37.40804278623734, 8.621832578471377], [88.66370421981972, 57.58983789499298], [99.20818996325733, 26.338884711119636], [68.2856580189785, 34.86922736350112], [7.804799955383668, 22.819647511767172], [59.64767239649501, 4.897549276002156], [57.10743834109087, 66.35504546864478], [22.817211838971563, 0.00436748448747748], [41.3592851184277, 75.87178874368033], [66.28759059492293, 41.05014160860125], [38.517099348734085, 12.074591384423606], [9.661010042346563, 72.17494579984285], [99.74215634675261, 50.1120004611914], [58.43696036959379, 3.7723654849389665], [90.52067002107421, 31.2349035108742], [0.8361542349996087, 71.16935435615596], [24.885570006013392, 1.595014104939474], [58.2911246490292, 24.072315203676396], [44.52084734616816, 17.807508996275622], [91.9025077367105, 6.899781013976247], [95.22232328148273, 4.614057281782968], [75.42070145637209, 63.49408411627414], [27.185348108573535, 51.82174649847232], [7.4410329569328475, 52.73151530851686], [23.73846432010448, 54.0242044384498], [65.78692965590969, 44.90937274004227], [3.117863843813551, 95.41367943879581], [48.47010488263944, 97.97382639090996], [41.23204286908895, 83.89842615215453], [31.387649661586902, 87.76646109956023]]","[[0.0, 23.85646410817452, 83.19523203877262, 41.952892736395405, 80.35443826010709, 56.16800443629474, 21.328130010047005, 48.597398623391435, 23.3216782474774, 21.12105054872372, 68.65071887167635, 49.81385013094015, 62.133693057108715, 34.195635202226484, 80.35638002999744, 70.29028055950596, 56.6060269821226, 85.44473471758492, 18.61848722087979, 63.01169809649521, 38.880876893059565, 38.315381156070714, 60.58942150642697, 42.14841127708883, 8.932272932672538, 52.628488084783825, 74.55491915671074, 41.46312675831999, 37.63867043046268, 47.82217365531676, 62.677325787738184, 16.23236826726217, 50.01358249798653, 40.53468336480453, 25.719934810591763, 89.06612857052971, 96.32588483599365, 32.79571669174394, 36.21405827456774, 25.496888803565916, 85.01203020445361, 23.63474250975747, 16.97809472456526, 45.21123801573941, 31.89193414776838, 20.669910193176644, 12.73992258306621, 70.9019651498106, 29.350106119154884, 44.525346007915935, 62.086787390171395, 61.15088323194085, 18.402343288697256, 42.85632605319675, 82.20465505291075, 31.098993186425563, 30.991368319171425, 12.576507510662116, 89.23236517760903, 59.53161071133327, 20.53306308650311, 35.351120497694346, 24.40801965169229, 28.17818947196576, 36.29049071639508, 56.91202081147598, 75.51823663840965, 60.973215343265046, 21.72335372771789, 101.61665190958081, 76.77703214271679, 67.76752772593386, 76.6605810036697], [23.85646410817452, 0.0, 70.23683205807818, 22.87029270058035, 61.32327379638982, 32.86793772648094, 45.046336882310655, 38.157890008901894, 30.263735281058047, 31.972761859209808, 45.22998898454035, 37.850184420201, 38.621267527729586, 27.51768682988413, 71.49310522860445, 48.087057673733185, 55.11181608466922, 68.69491382366128, 7.058417682040297, 43.94230659205901, 32.21534624474904, 15.870956548449566, 40.4317465166203, 39.83341316975853, 27.464199977004807, 35.754990396395314, 76.26353183475001, 44.18443783094024, 22.095013616487073, 38.590624020026205, 39.63068851010795, 38.69831763117183, 34.12926281446493, 55.59158227325112, 37.68145936174932, 74.60313235528147, 76.98841839950988, 42.0729913128725, 43.79502180846075, 48.95282737412725, 63.93715237862397, 46.982954427679495, 40.49249706759907, 55.106944780148275, 17.03417549124647, 35.590734006012035, 16.436988329324524, 70.98721309680195, 47.62658161919776, 22.498994311099512, 71.34230174635631, 40.622789822689725, 11.732779179163147, 51.77812627889642, 67.05614746723288, 26.603982733882237, 49.05592897371992, 25.999051848614812, 75.18240112517539, 68.75667662504506, 30.377731989674967, 43.505357723781714, 47.53153313165187, 50.98726456100682, 13.121059522886592, 45.97378851082197, 65.73659261497687, 49.52413527665001, 9.282727197458005, 83.15133084212248, 53.437882632508654, 46.13979586748941, 55.91814182973456], [83.19523203877262, 70.23683205807818, 0.0, 48.18703902547457, 26.142485519164236, 72.86008370656253, 100.29119722951339, 34.60450638894189, 64.04318264804466, 68.52441956573014, 75.57297730172114, 33.52823429757634, 55.91861027775799, 49.086616797252944, 14.733758547254364, 85.88881919656724, 39.25701222201658, 15.599044839260264, 69.23861838231149, 32.322713431139846, 44.69921296344264, 73.67239827152119, 89.88496113312844, 45.00847051967227, 78.33614757169818, 94.28600657373876, 48.25916947707368, 51.82484766872841, 48.27044363735543, 35.56004018784265, 51.365303592978336, 98.68142441216985, 94.72010944112738, 77.08325544118362, 69.0959869101577, 7.977559354723714, 31.541643945555503, 64.17783593720459, 60.906070126950986, 96.94057930504185, 37.85792623674139, 95.06549444707879, 97.61437805011204, 65.38923233602969, 84.57605852534863, 102.39965328030458, 70.65071531516595, 42.3958182806164, 81.68256323265807, 52.702881842907125, 67.62627491658473, 38.483401777781474, 66.37048805783188, 63.02539760691469, 8.820703615340925, 96.49021895685931, 81.70970727468178, 92.51393581844012, 7.065582257474484, 66.70232656944624, 67.70333224394427, 61.990163227567166, 105.0625804995864, 109.09267461720437, 71.01843490345438, 26.34476717513962, 12.7127910026477, 22.258422220359495, 64.5969198838985, 30.36148406061279, 54.97643875236191, 41.343152888634705, 35.24095426457903], [41.952892736395405, 22.87029270058035, 48.18703902547457, 0.0, 38.88953121194021, 32.45278694550541, 62.69196500873038, 20.61830503931188, 34.07157512163032, 38.12223975651619, 41.48452833160937, 18.822328967638132, 25.67110262787859, 19.599715514263604, 51.57898907247933, 48.93121271901415, 42.734713827796725, 45.82473365046556, 24.133103232165652, 21.404536243819344, 21.299669250554295, 26.334910958616756, 47.39686602310612, 30.33861076178136, 41.157544385879504, 48.461034473766276, 64.32571270066317, 38.31394729737272, 7.001506258335251, 22.20423815383756, 24.068126920868355, 58.13505054423468, 48.233199808589525, 59.07848823609923, 42.45716754258982, 52.00661594915138, 54.76756888671332, 43.036718578503354, 42.67566439221129, 63.60213105681044, 43.09275457831032, 61.52216704772541, 58.729046955426725, 53.59707302738796, 36.40156875652292, 57.7518722408964, 29.838040689495696, 58.082222984331665, 55.67745316912227, 7.8640500323627, 66.95454480755595, 19.227186019594967, 23.600575671925817, 49.97212431913596, 44.363854666548455, 48.433638956003655, 56.650237225977236, 47.853904612074835, 52.68932553689893, 64.62501797983444, 36.50905618818503, 43.005316618395014, 66.28877367332042, 70.11596525734483, 23.32141369576066, 26.488058287617893, 45.50697714757766, 29.24682358436012, 20.277598397122016, 60.58954518780869, 38.07738497971136, 26.271696950479402, 34.714443628014855], [80.35443826010709, 61.32327379638982, 26.142485519164236, 38.88953121194021, 0.0, 52.9441226659022, 100.3775881890719, 37.81041432822689, 67.09900475702028, 71.7250155620608, 52.70257995738954, 34.98326238216888, 34.512635687590176, 50.104684749828074, 39.46855400574189, 63.32832452487512, 54.43322302010069, 12.346858379047589, 63.00381801351606, 17.485019009661944, 47.63002627411282, 59.14016668814101, 69.74240256463662, 52.622905211689684, 78.16669945784325, 76.47694522637097, 69.76713739440743, 61.40827350352331, 42.75443688644251, 39.973870983626476, 30.103176369750766, 96.58563322234153, 77.62827213438796, 87.0520027267101, 74.30492155739007, 23.323038183213864, 15.973019918666838, 71.68923549581427, 69.4741660251084, 99.7099773667337, 12.031486626708514, 97.66345900213672, 96.7506322442185, 77.34880365792505, 71.85406980737946, 96.61048273446926, 67.8022041514193, 63.218392238135046, 87.9824642478848, 39.47678544017858, 84.42149355206953, 21.156455160054662, 61.98256749333123, 74.20720842842385, 17.390420491487323, 84.96966760074939, 88.49554996694118, 86.73472921423713, 24.977185968517627, 82.87695110226957, 70.41718541095914, 70.31597478752538, 104.37910190664141, 108.3037766848286, 57.36673303788318, 33.00885880466581, 34.87791149772736, 30.447015241120138, 58.973557940000326, 21.854920281459467, 29.73078663412506, 19.23162586153162, 9.958510568429201], [56.16800443629474, 32.86793772648094, 72.86008370656253, 32.45278694550541, 52.9441226659022, 0.0, 76.70028799335077, 52.743743072994164, 60.527916576145465, 63.29507517513658, 12.497484976853963, 50.50408810749513, 18.548127587652733, 50.48136991127939, 80.28974606565042, 16.692913047586167, 75.18415923319607, 64.31177567463712, 39.58226015829656, 40.53944378549987, 53.25684619958827, 18.01595874576236, 17.06046676531062, 62.350605816394676, 60.32210816162751, 24.187288254580885, 96.73588480883124, 69.61392470847127, 38.41626473021896, 54.52044181225931, 22.84502868623167, 69.34983169972742, 25.994946840110853, 86.6187565882213, 68.73093073961341, 73.84998629735546, 65.21923773623024, 71.58108363869711, 72.24984090062915, 81.59322915671822, 49.029045565011515, 79.66618515668823, 71.96309290307478, 83.66123167671364, 29.223217242557954, 61.998486239723555, 48.976182465116324, 90.42259193195558, 79.96955844169295, 24.66339043855419, 98.33762711177138, 34.41384415320596, 43.216229399796916, 80.07983232428447, 66.23714623827428, 41.50372758378844, 81.31134274320243, 54.43314397630262, 75.10652775182807, 95.89679787329663, 61.61126682845528, 72.29537365382863, 78.34909876330724, 81.34566153962334, 19.902703984340754, 57.24754552810315, 74.1372764510713, 59.02689214983823, 39.55560395709658, 72.8230562480592, 30.222504525582448, 33.713404528725356, 43.77320611027443], [21.328130010047005, 45.046336882310655, 100.29119722951339, 62.69196500873038, 100.3775881890719, 76.70028799335077, 0.0, 66.09574193803721, 36.41029989227525, 32.17790189024733, 89.19148634712145, 67.88228007432237, 83.4576065455868, 51.6976692244084, 95.21897577982922, 89.877586826609, 68.35036263876322, 104.39914299833484, 39.923484857338735, 83.29199515942257, 55.6934900044408, 58.690659675697546, 79.06937800431085, 56.226771169156855, 22.34415629882798, 69.59788607502641, 82.35823319387495, 52.372862020746275, 57.726516031538246, 64.83701731039992, 83.98576226184305, 8.70508580092691, 66.62312126280207, 39.53345804439942, 33.44400054460803, 106.81431918275415, 116.32019183007945, 40.46412604254212, 44.43410533746921, 10.407951005858193, 105.76339915051459, 10.272081247180573, 4.795236521965147, 49.194296713453376, 50.05215203627895, 22.60660078120935, 32.85979330210275, 80.24676916504328, 27.076907202117695, 65.75510483340055, 64.22255195749696, 81.91228460467359, 39.14653396682557, 48.28381206417697, 100.45248146559746, 44.51813025109596, 28.410748443154862, 23.97843878694892, 106.75896716288409, 61.99537732720841, 32.75480790763102, 43.29565937091534, 5.354647335405451, 9.126590298128756, 57.018414477394174, 74.06988455798383, 91.12284184542793, 78.15042598240068, 42.734755796961686, 121.17122723374133, 98.10280850840532, 88.77991564817737, 97.35099526424942], [48.597398623391435, 38.157890008901894, 34.60450638894189, 20.61830503931188, 37.81041432822689, 52.743743072994164, 66.09574193803721, 0.0, 30.474781546118635, 35.112107239199624, 60.62922472188848, 3.1645372385347446, 42.35894451088439, 14.5134878671655, 33.41361343458624, 68.92018910236456, 22.966873959684246, 38.904442139418876, 35.70516564658126, 24.55386324424659, 10.51122542852481, 46.20570318723685, 68.01289918652874, 15.082183166681125, 43.919058242104285, 68.68645325644906, 44.11837824022042, 24.10221574128506, 16.735321270575355, 2.39720998381371, 39.16534299453736, 64.11678674224922, 68.20237518644406, 49.33620491617061, 36.911923893031414, 40.75604648531023, 52.82599337564465, 33.8825108675465, 31.72074646962037, 63.674401547399505, 46.908510814987025, 61.70452522174784, 63.20084559149963, 40.37008823787362, 54.33958899836073, 68.04472761563395, 36.111801506864445, 37.70888596341095, 50.444089731809214, 28.138808647555766, 50.415945184356254, 27.68608188492025, 32.24307260069544, 37.01221848207907, 34.40660029940332, 64.73310145913071, 50.86033319521851, 58.250575770650556, 40.786210425490694, 48.39914674245353, 34.04428533120713, 32.53197644814348, 70.72072417525905, 74.74920862134441, 42.948622233034015, 8.354334209073468, 27.84094376455345, 12.381986548517652, 31.02738234408521, 56.38523559463808, 50.863173936747266, 35.52455109654095, 39.01469108360499], [23.3216782474774, 30.263735281058047, 64.04318264804466, 34.07157512163032, 67.09900475702028, 60.527916576145465, 36.41029989227525, 30.474781546118635, 0.0, 4.654811558483397, 71.9901594690279, 32.71058935431526, 59.29108283834741, 17.00438075371307, 58.937885858083305, 76.83954028414684, 33.47380115455175, 69.35478723757483, 23.450212033399662, 51.23123225773861, 19.97394821938896, 45.620744101308254, 70.48959958825392, 19.929132267536477, 15.640429810665529, 65.86094326596529, 51.37175463754276, 18.142910429908163, 27.343315516568424, 28.91911236508194, 58.09900520625268, 36.11952565719782, 64.00812876456406, 26.09997311571988, 8.463359444912665, 70.79879345853104, 82.68047251185368, 11.854418790324244, 14.135172093663035, 33.20384039436629, 74.4802055833753, 31.24521305613745, 34.20719660766692, 25.025584609994997, 45.8651353720374, 43.937300965720446, 15.66603522622035, 47.58308512896461, 21.696895839715072, 40.24845525875367, 41.67473222254418, 51.632840367661125, 18.53153302256411, 21.880997113821078, 64.7976305073429, 50.51639887596893, 22.59894996243062, 35.61445688301734, 70.64037862975283, 39.0661755367865, 3.664676209465736, 13.60677409810179, 41.380650497695214, 45.3851971618105, 42.43455423270717, 38.05176281707979, 54.721034273362285, 42.08770643822772, 21.506952204907915, 86.70436507957054, 72.14661875036738, 59.43193926840985, 66.0848140695717], [21.12105054872372, 31.972761859209808, 68.52441956573014, 38.12223975651619, 71.7250155620608, 63.29507517513658, 32.17790189024733, 35.112107239199624, 4.654811558483397, 0.0, 75.00965118953297, 37.36440242619682, 63.04745098414524, 21.620907521940808, 63.04333356369543, 79.38719342899118, 36.80076320662787, 74.00091868005498, 24.953029360273337, 55.76316439132205, 24.618386010267947, 47.68083653447967, 72.40250567871519, 24.052512072897276, 12.634786765678513, 67.07616521934166, 53.565576626165246, 21.00885623667404, 31.53716786721702, 33.526112431727704, 62.046645364969145, 32.51233161529082, 65.04419933882076, 23.626707313680853, 5.744922647100717, 75.34769668319666, 87.32513170089348, 11.83283338763872, 15.098468383192106, 28.585471259346708, 78.99914961253252, 26.642250571532422, 30.263108606096004, 24.798173703742915, 46.658821824753744, 41.36852062643252, 16.148153319049314, 50.22481267556848, 17.574916562163462, 43.96702148733926, 41.72826165560677, 56.01181380234706, 20.39947539391099, 22.073393839268288, 69.40553667260579, 50.08162272237705, 18.629786150974258, 33.673148167715894, 75.16360279192806, 39.13004059072052, 1.695226488673553, 14.265634279736664, 37.251541485433535, 41.22724928675622, 44.62541659761023, 42.62670794367182, 58.98447149643238, 46.64761150729525, 23.81135732977544, 91.35887875321944, 76.17812940432198, 63.75298562342068, 70.58880960447517], [68.65071887167635, 45.22998898454035, 75.57297730172114, 41.48452833160937, 52.70257995738954, 12.497484976853963, 89.19148634712145, 60.62922472188848, 71.9901594690279, 75.00965118953297, 0.0, 58.029007906431026, 19.88266335530964, 60.590166279261645, 84.85355692940446, 10.644397420069852, 83.53576618112658, 64.83521379196637, 51.82153801587777, 43.931971508430365, 62.77183304899669, 30.501290802808878, 20.49322279217247, 71.82312458184525, 72.63361156059756, 31.41808429773034, 104.68657430691353, 79.63843916571427, 48.0796082755588, 62.64884517032966, 24.323312247495785, 81.79632480299823, 34.03436877935936, 98.07174566653427, 80.31730102449468, 75.2417507173657, 62.52602746668986, 82.6904014643469, 83.05290834744949, 94.0543104950898, 46.115108584504576, 92.11828227627801, 84.4501689711898, 94.34241187881035, 41.12235760893674, 74.07848950095041, 61.15187528712805, 98.17245762400155, 91.94807161579294, 33.6854762120807, 108.3625132871653, 37.79003403551194, 55.219765743624556, 90.72838980349775, 68.03972322173452, 52.70566559889662, 93.24810354328828, 66.7804965827049, 76.69398423168315, 105.9950986238581, 73.31671262271152, 83.19192131691518, 90.792790401369, 93.74641148613833, 32.366137447045, 63.844996189257145, 78.83162966589174, 64.94801376630566, 51.46806539034586, 70.35020021470041, 25.091131829948058, 34.36230975641677, 42.83956718160279], [49.81385013094015, 37.850184420201, 33.52823429757634, 18.822328967638132, 34.98326238216888, 50.50408810749513, 67.88228007432237, 3.1645372385347446, 32.71058935431526, 37.36440242619682, 58.029007906431026, 0.0, 39.513769529169224, 16.19111555323949, 33.70433195079382, 66.51996949288966, 25.780127728022727, 36.69607973313085, 35.97346166168725, 21.398322048310867, 12.80580867412473, 44.8730013200788, 66.06745871140656, 18.181864346377616, 45.59952948557005, 67.21435449311387, 46.65767485419478, 27.219078971274822, 15.919934708400017, 5.5616499540352295, 36.216100037331294, 65.55506121862368, 66.86494992925057, 52.317292560894266, 39.46266450822171, 39.26344905330016, 50.18859446666239, 36.735671932387035, 34.69468580333975, 65.84165358256254, 43.857524501262056, 63.84881601855799, 64.83438405540683, 43.49958602185478, 53.626734469310264, 68.87414559496393, 37.182495158454344, 40.16018354889528, 53.07657237286277, 26.050790126968362, 53.54747982453113, 24.554296483051942, 32.86876344939929, 40.12420602243049, 32.59790850588256, 64.45028003095875, 53.545394055816914, 59.00074338976331, 39.42060527606129, 51.543895081316805, 36.215221302853, 35.47726156321101, 72.40070940610144, 76.42174966794907, 41.69426037165313, 8.140146181085727, 27.888448012045885, 11.746667207985189, 31.295786589974284, 53.996684786034514, 47.748489968480364, 32.37120625222466, 35.91123879172479], [62.133693057108715, 38.621267527729586, 55.91861027775799, 25.67110262787859, 34.512635687590176, 18.548127587652733, 83.4576065455868, 42.35894451088439, 59.29108283834741, 63.04745098414524, 19.88266335530964, 39.513769529169224, 0.0, 45.21670169214932, 64.97299181838389, 29.985125364639547, 65.28954350957176, 46.15157223524122, 43.62571731513678, 24.053754121890798, 46.3401839162635, 29.273236806636564, 35.229773700273505, 55.05983448844767, 63.788627999467174, 42.54486041244474, 85.93542130162861, 63.52561096321117, 32.67260037356473, 44.554283304568564, 4.574439037154804, 77.31958124015355, 44.063092809817256, 84.68978577010445, 67.7470002839104, 56.10355221055606, 46.76165342146848, 68.69106172976504, 68.32934087349786, 86.27066309502705, 30.74430220614361, 84.22022361668087, 79.00068681430614, 79.14358474452999, 42.53280236773669, 72.90328294528778, 51.911770288745316, 79.31840849327268, 80.59045691395151, 19.08117891718294, 91.82529142770483, 17.908274246625293, 45.44193888283735, 75.52562845681511, 48.68286012624017, 55.82592613320641, 81.67720280299436, 63.98267134957521, 57.46611679575749, 89.59676176698277, 61.3803909310874, 68.67308126035154, 86.13609043921733, 89.60846126829516, 28.962455057445485, 44.59786113182113, 58.96019027240779, 45.38502610784422, 41.5668154839876, 54.31375898415428, 14.89959920718813, 15.349781423318404, 25.226639891771132], [34.195635202226484, 27.51768682988413, 49.086616797252944, 19.599715514263604, 50.104684749828074, 50.48136991127939, 51.6976692244084, 14.5134878671655, 17.00438075371307, 21.620907521940808, 60.590166279261645, 16.19111555323949, 45.21670169214932, 0.0, 46.60306044652068, 67.17396443449259, 27.625285014427085, 52.83331096915471, 23.292587425804435, 34.342927777513275, 5.003653855089019, 39.35565959660315, 63.471961047702365, 12.604649813266253, 29.445654591141615, 61.696554315016975, 49.002327012675885, 19.136215393354117, 12.649240657882414, 13.627065750315394, 43.27099841015038, 49.60660765409829, 60.60241876955316, 39.952205247452575, 24.60612743816248, 55.252145846054624, 65.7393615871302, 23.808382454141594, 23.125009248117735, 49.826074703694196, 57.59654247409089, 47.810562526916975, 48.713184401435555, 34.00426565777367, 44.52186066525502, 53.997957380395874, 21.923516697080867, 43.53159483702361, 38.31245341145328, 27.042033642374363, 47.87946344793642, 35.21350665883729, 19.003749221372054, 30.378286183012296, 48.75868361345071, 53.21629550003106, 39.01593495570404, 44.36112477440908, 55.29882613622613, 45.4654741545953, 20.32615927046178, 23.51572066758811, 56.254605115871456, 60.2801448904682, 35.923007735796766, 22.751451381008593, 41.48936813786703, 26.83057307264837, 18.87876971882023, 69.95777368059227, 56.82589501284365, 43.16450949281835, 49.242589054562146], [80.35638002999744, 71.49310522860445, 14.733758547254364, 51.57898907247933, 39.46855400574189, 80.28974606565042, 95.21897577982922, 33.41361343458624, 58.937885858083305, 63.04333356369543, 84.85355692940446, 33.70433195079382, 64.97299181838389, 46.60306044652068, 0.0, 94.7148762560585, 28.984831322227592, 30.133973485759785, 69.05536563040914, 40.958200836551484, 41.681695210231176, 77.90721419979182, 96.95173961070725, 39.0182581674238, 74.22377764140556, 99.7420289570234, 33.92946009325793, 43.84007154843353, 49.620393380653034, 33.36330950433498, 60.59711898225554, 94.8584733815295, 99.71671337682687, 67.45022545265944, 62.44122964892143, 22.033817300729996, 46.27357900940048, 56.500569445563166, 52.826685955299794, 90.5087895399991, 51.469562340414846, 88.78160142784654, 93.14308383253943, 55.151156262385136, 87.29419390295914, 100.53275763799702, 68.47032257168928, 28.4632482023598, 73.8471441642331, 57.65033255541552, 54.853871570908524, 47.06481129797358, 65.34153698655531, 53.330798144988705, 23.005857605207908, 98.09435516856217, 73.61087906927108, 90.95894152241316, 20.57614372487306, 54.243276742441246, 62.55024802814663, 53.98097674520502, 100.28062815044606, 104.2665590289534, 74.88840468737412, 25.565054578179033, 6.168536041459794, 22.351811033362527, 64.39064373172813, 44.828473728442205, 66.60038169590773, 51.720208855888174, 47.59243757399618], [70.29028055950596, 48.087057673733185, 85.88881919656724, 48.93121271901415, 63.32832452487512, 16.692913047586167, 89.877586826609, 68.92018910236456, 76.83954028414684, 79.38719342899118, 10.644397420069852, 66.51996949288966, 29.985125364639547, 67.17396443449259, 94.7148762560585, 0.0, 91.58161366056363, 75.43010811523357, 55.05415989812066, 53.95982318129872, 69.90118448831171, 32.31089776241489, 13.394038182252173, 78.99843427458838, 75.38943345948059, 25.4292709010546, 113.0228584283621, 86.30683331225164, 55.058399941392445, 70.79614052441359, 34.52541408708664, 81.97013071227758, 28.498502693399363, 102.8713326530745, 84.9213342267226, 85.76671714013106, 73.06137982435685, 88.06319641085827, 88.84160761288801, 95.76250387893884, 56.67523169287324, 93.92338767416364, 85.08424041185349, 100.27384756948916, 40.104189245305406, 72.69292120114584, 64.49190622545512, 106.62592415260197, 95.67088554111473, 41.080393519158484, 115.02913581329034, 47.76516587795586, 59.083846625124295, 96.70303502229261, 78.49690979833346, 49.862813179444046, 97.07109686708998, 66.50722744840466, 87.19672455182557, 112.58577617171152, 77.7190828919185, 88.85854369274558, 90.86606737352952, 93.48396200744119, 34.99128163383522, 72.8404348888238, 88.63670538664176, 74.25081237653592, 55.57586101235277, 80.89454034246782, 35.521714133671296, 44.842786519470714, 53.4784539663797], [56.6060269821226, 55.11181608466922, 39.25701222201658, 42.734713827796725, 54.43322302010069, 75.18415923319607, 68.35036263876322, 22.966873959684246, 33.47380115455175, 36.80076320662787, 83.53576618112658, 25.780127728022727, 65.28954350957176, 27.625285014427085, 28.984831322227592, 91.58161366056363, 0.0, 50.61332393228657, 50.3836381508575, 45.56110103878384, 23.21898715649608, 66.45237766885734, 89.72112820936776, 15.438854580024982, 49.08568385241935, 88.9840517719928, 21.71291570454287, 15.978739896091067, 37.28105667513746, 20.887656251058218, 61.968935752734716, 69.31308606410401, 88.04631084216437, 38.48872849168666, 34.9293781366295, 47.1691264669318, 66.87536536096822, 28.28590397242485, 24.41604982018857, 62.56737496339382, 65.42869350145075, 60.97353523467444, 66.92411006440165, 26.332166081345274, 72.13460216801418, 77.27591699718151, 46.52383731578977, 15.919354329161239, 45.22744844959378, 50.53453732091803, 29.995024453130767, 49.79275062314922, 45.630091160420164, 24.354066671462245, 43.95887315869843, 80.28642002109434, 44.87317962620884, 68.51348775447771, 46.30911460659667, 28.53812535963917, 36.75195808057764, 25.587842988728536, 73.59940964661402, 77.47691766825136, 63.04284583960334, 22.436033813698437, 27.013627906746656, 24.09690823689934, 46.241743448275095, 68.10033191055868, 72.94968338961299, 57.231216267838946, 58.53241693130241], [85.44473471758492, 68.69491382366128, 15.599044839260264, 45.82473365046556, 12.346858379047589, 64.31177567463712, 104.39914299833484, 38.904442139418876, 69.35478723757483, 74.00091868005498, 64.83521379196637, 36.69607973313085, 46.15157223524122, 52.83331096915471, 30.133973485759785, 75.43010811523357, 50.61332393228657, 0.0, 69.28157242702382, 25.55984781032448, 49.38255144297164, 68.70806822417615, 81.27660153191975, 52.38317087854967, 82.05944975507634, 87.3416318427576, 62.799180729936154, 60.489493217163286, 48.15990789834495, 40.642353871869005, 41.63249377135975, 101.52576501351525, 88.2662417106038, 86.36486365920683, 75.70069080106403, 11.118905957830194, 16.607756984601227, 71.96418668153774, 69.20879656515783, 102.52704908874094, 22.961124649331044, 100.53979364493182, 101.15743869186801, 75.5670117625136, 80.88319802245704, 103.11098493085265, 72.70839301196187, 56.5910112372871, 89.05571795083782, 48.13225912263441, 80.24054202095779, 30.796493042108672, 67.44744372045868, 72.76219254175889, 7.242165650157123, 93.65940191768667, 89.34639577620986, 93.14272615536727, 12.84899359212036, 79.01182881231283, 72.8917315266124, 70.18109020500172, 108.77079693462373, 112.7706917233497, 66.57444643062024, 32.04306457160344, 26.808028980924348, 28.44391214387204, 64.90924371345999, 17.802859931197517, 42.067381705930764, 30.814069825193922, 22.28671012679857], [18.61848722087979, 7.058417682040297, 69.23861838231149, 24.133103232165652, 63.00381801351606, 39.58226015829656, 39.923484857338735, 35.70516564658126, 23.450212033399662, 24.953029360273337, 51.82153801587777, 35.97346166168725, 43.62571731513678, 23.292587425804435, 69.05536563040914, 55.05415989812066, 50.3836381508575, 69.28157242702382, 0.0, 45.522727617407014, 28.24501328635503, 22.912613373974786, 47.47211777648427, 34.95068387002995, 20.849449140167984, 42.411380628531724, 71.07200095227718, 38.350543224785035, 21.246988924626642, 35.71647636625737, 44.063356587701456, 34.4258617942478, 40.59874837062394, 48.55774676226446, 30.676491590835997, 74.23447542430169, 78.89934636044028, 35.300134813358014, 37.226675888316954, 42.88170010078948, 66.8313535865513, 40.86502553062188, 35.590217017677105, 48.42229291425171, 22.727479205826796, 33.83295975351075, 9.440111654101305, 66.09875232687482, 40.62062133291263, 25.944618467421186, 64.84923553677314, 43.061879976926484, 5.097922056992922, 45.16535401635253, 66.92054497997316, 29.96328992602783, 42.03502030623635, 23.871252646961256, 74.65017909959057, 62.25135147929819, 23.37574464160706, 36.86723097344791, 42.945266902671385, 46.618392700102945, 20.06309959698313, 43.898523194741024, 63.54610122081594, 47.705617392979676, 4.6829435494681935, 84.62972469505905, 58.19103554859461, 49.36260521354329, 58.573174400410736], [63.01169809649521, 43.94230659205901, 32.322713431139846, 21.404536243819344, 17.485019009661944, 40.53944378549987, 83.29199515942257, 24.55386324424659, 51.23123225773861, 55.76316439132205, 43.931971508430365, 21.398322048310867, 24.053754121890798, 34.342927777513275, 40.958200836551484, 53.95982318129872, 45.56110103878384, 25.55984781032448, 45.522727617407014, 0.0, 32.824523558715256, 43.16791081878109, 57.574525899864554, 39.52738931353449, 61.23336432886988, 62.469986784817166, 64.51669381504452, 48.57649811636291, 25.565722250036913, 26.943672730170476, 19.640681859315, 79.24195145358868, 63.167733248113095, 73.23791602929597, 58.93802831882555, 33.7675262386086, 33.38932483959858, 57.31994735666326, 55.67308103055812, 83.15822365889748, 23.255851891119754, 81.09253922148658, 79.54782951196678, 64.86976259957027, 55.354143519238754, 79.13643285964243, 50.55538034071902, 57.790509702054294, 72.65261845689335, 22.619177081069957, 74.57293943990882, 6.20824743080397, 44.61417425634394, 61.460370982072085, 26.006675259512736, 68.22851568420286, 73.33006624670126, 69.25285499042931, 34.87519065584998, 72.67185394680862, 54.34286470677829, 56.364609227178164, 87.16200419817397, 91.05692053457852, 41.016151911079724, 23.23659107373766, 34.998667583209276, 22.79424393172625, 41.52908764337774, 39.23060367474239, 27.66391023234164, 11.837548214379767, 14.916719811502784], [38.880876893059565, 32.21534624474904, 44.69921296344264, 21.299669250554295, 47.63002627411282, 53.25684619958827, 55.6934900044408, 10.51122542852481, 19.97394821938896, 24.618386010267947, 62.77183304899669, 12.80580867412473, 46.3401839162635, 5.003653855089019, 41.681695210231176, 69.90118448831171, 23.21898715649608, 49.38255144297164, 28.24501328635503, 32.824523558715256, 0.0, 43.29036347690023, 66.95833460874154, 9.097756220297468, 33.63752162644702, 65.7859639950774, 44.81953226834511, 17.186038671197334, 14.843054537918329, 9.151320186833239, 43.95094078364223, 54.03459461040436, 64.82735421356765, 40.46137701520853, 26.692063930890132, 51.12180143048839, 62.971171934221836, 24.495503327276047, 23.004290234018008, 53.16679539202973, 55.90606086263139, 51.194424736779105, 52.91927945204537, 33.06259530224923, 49.1504264958864, 58.86411867825731, 26.791450961680887, 39.129683590482344, 40.35272447713412, 29.092285442132702, 45.674445802048766, 34.5611062107158, 24.00598815810055, 29.489904983824204, 44.900387259489115, 58.12729954903972, 40.87784361757329, 49.28111555108578, 51.07501009459786, 43.3703976396403, 23.53385646393294, 23.621751384600795, 60.39073257469606, 64.42130535335755, 39.8704476114621, 18.38930983448773, 36.66233541573797, 22.477216394920827, 23.775813856778985, 66.78111978490398, 56.98763698161116, 42.58836629122663, 47.70433970794013], [38.315381156070714, 15.870956548449566, 73.67239827152119, 26.334910958616756, 59.14016668814101, 18.01595874576236, 58.690659675697546, 46.20570318723685, 45.620744101308254, 47.68083653447967, 30.501290802808878, 44.8730013200788, 29.273236806636564, 39.35565959660315, 77.90721419979182, 32.31089776241489, 66.45237766885734, 68.70806822417615, 22.912613373974786, 43.16791081878109, 43.29036347690023, 0.0, 24.89371223757645, 51.940864172983375, 43.07939206040825, 22.584361803489152, 88.10615279825998, 57.740350927866835, 29.636536105520086, 47.356148585377234, 31.8994658462545, 51.35408997359257, 22.00186359673413, 71.30298606107576, 53.34275493745718, 76.53188360616345, 73.66379094443406, 57.26636896533171, 58.610839761842136, 63.801079759935455, 58.711181760867895, 61.90792813917333, 53.94922060073366, 70.0536274866554, 13.29674927773273, 44.626421877675774, 32.306762878507755, 82.30837737094649, 63.492261566604135, 20.994481241498992, 85.81813266315102, 38.126032981441746, 27.28676769969042, 66.60780520612451, 68.73930899193694, 26.65165388828381, 64.92593301902873, 36.5933902523311, 77.45074811398047, 83.27104107284946, 46.053212411641454, 58.44676495975211, 60.35430262213194, 63.39700796910953, 3.4327779529708224, 52.750205322465995, 71.82092795991538, 55.581646167199246, 24.117197248941803, 80.66339357749793, 43.840930760051656, 41.12713065720837, 51.673584276013464], [60.58942150642697, 40.4317465166203, 89.88496113312844, 47.39686602310612, 69.74240256463662, 17.06046676531062, 79.06937800431085, 68.01289918652874, 70.48959958825392, 72.40250567871519, 20.49322279217247, 66.06745871140656, 35.229773700273505, 63.471961047702365, 96.95173961070725, 13.394038182252173, 89.72112820936776, 81.27660153191975, 47.47211777648427, 57.574525899864554, 66.95833460874154, 24.89371223757645, 0.0, 75.89224875267568, 66.68167434046704, 12.047687900157758, 111.42638165587017, 82.25734778898871, 52.44294906131343, 69.56791998072411, 39.67788626606322, 70.8494840167339, 15.163996289543103, 96.02332587669977, 78.1022384050668, 90.90137208053052, 81.33002079822133, 82.15878570225964, 83.48068465616466, 85.75252353407856, 64.95111145572552, 84.01946446224824, 74.28544345187814, 94.93246376211275, 29.05481371127605, 60.60905259054135, 56.68490237222147, 105.33166662480474, 87.66338954394332, 40.03933180287752, 110.5719861638292, 51.466077347727854, 52.06699396261805, 91.47229156308741, 83.29661623957999, 37.24581073587583, 89.15637702478337, 55.26161433757602, 92.16453171159579, 108.0408615256356, 70.79980269607263, 83.33128910197483, 79.58394285505764, 81.94435801352508, 28.18091158461682, 73.25360894660768, 90.7857513780359, 75.33275606058073, 48.99903999330794, 89.0505071556371, 44.749693235270904, 50.55356734369963, 60.34546159768449], [42.14841127708883, 39.83341316975853, 45.00847051967227, 30.33861076178136, 52.622905211689684, 62.350605816394676, 56.226771169156855, 15.082183166681125, 19.929132267536477, 24.052512072897276, 71.82312458184525, 18.181864346377616, 55.05983448844767, 12.604649813266253, 39.0182581674238, 78.99843427458838, 15.438854580024982, 52.38317087854967, 34.95068387002995, 39.52738931353449, 9.097756220297468, 51.940864172983375, 75.89224875267568, 0.0, 35.36783797468719, 74.30114714237617, 36.46345681725237, 9.049300106592383, 23.9400364133754, 12.763003066598685, 52.44263324241753, 55.9735151760008, 73.19227564771646, 34.43633055379874, 24.091546913360837, 52.20477931974273, 67.21005319167128, 19.590019381638655, 16.927721125406535, 52.04943005467446, 61.983033393695564, 50.222368580689405, 54.135490610523114, 25.343969139149948, 56.867405180018025, 62.735493527986385, 31.36130001467969, 31.19060060434702, 36.88443177184503, 38.159829024388394, 36.775872992038344, 42.14297200050361, 30.19400005633348, 21.943768625687525, 46.94975416060802, 64.84802044493571, 37.06219950840361, 53.652494232611836, 51.843384519932904, 34.53743025441816, 23.53235997809859, 17.84534767917479, 61.26569318026086, 65.25633431778225, 48.509115731026654, 20.349330341626374, 34.962229829120886, 24.01518928066284, 30.856879386405716, 70.14375463975468, 65.04296632677087, 50.121316490048684, 54.09049692273618], [8.932272932672538, 27.464199977004807, 78.33614757169818, 41.157544385879504, 78.16669945784325, 60.32210816162751, 22.34415629882798, 43.919058242104285, 15.640429810665529, 12.634786765678513, 72.63361156059756, 45.59952948557005, 63.788627999467174, 29.445654591141615, 74.22377764140556, 75.38943345948059, 49.08568385241935, 82.05944975507634, 20.849449140167984, 61.23336432886988, 33.63752162644702, 43.07939206040825, 66.68167434046704, 35.36783797468719, 0.0, 59.673851177041286, 66.19261939973828, 33.508055412401916, 35.71450915024533, 42.78361085762004, 63.69245777028702, 20.634750468632216, 57.259113685401026, 31.88117388124493, 16.849242370109707, 84.67494913910102, 94.08119917679424, 24.03885568282512, 27.58736617569266, 22.572825532614782, 83.9867548345155, 20.502030966443005, 19.286950377140162, 36.29410842208213, 38.80855746372726, 28.74195197808277, 11.881154763095077, 62.83214767444764, 21.367040609650957, 45.20402131447684, 53.15730309879491, 60.24136613509518, 18.34992909677861, 33.99829470189467, 78.19347911746766, 39.62597334417601, 22.959255041111376, 21.438463415438495, 84.68082800457144, 50.60465563945729, 12.373725939092255, 26.670367016469086, 26.808951590366828, 30.83487412078806, 40.5545718496074, 52.017584105062085, 69.74471061009285, 56.107692578771925, 22.2220099750646, 98.84419876106907, 77.9681221821618, 67.42480566471875, 75.53999290912199], [52.628488084783825, 35.754990396395314, 94.28600657373876, 48.461034473766276, 76.47694522637097, 24.187288254580885, 69.59788607502641, 68.68645325644906, 65.86094326596529, 67.07616521934166, 31.41808429773034, 67.21435449311387, 42.54486041244474, 61.696554315016975, 99.7420289570234, 25.4292709010546, 88.9840517719928, 87.3416318427576, 42.411380628531724, 62.469986784817166, 65.7859639950774, 22.584361803489152, 12.047687900157758, 74.30114714237617, 59.673851177041286, 0.0, 110.60066017745243, 79.61679217593839, 52.20267919229652, 69.90095053059005, 46.61461732075318, 61.12444941627788, 3.244190682370972, 90.41721280840451, 72.81945541727829, 96.23322342239037, 89.30563588971553, 77.71147406471223, 79.5431267398185, 77.05726624000356, 73.1897002888866, 75.45367292467094, 64.87423192428454, 90.81624336923574, 20.867222037624604, 49.904341929469396, 50.95360597631522, 104.86096074805805, 81.0097583054675, 42.11111252034667, 107.095424652446, 56.68628167464545, 47.39299009520726, 87.51786225993878, 88.47638588882388, 26.17277520510422, 82.57609286205279, 45.619456266871545, 97.3399040332178, 104.51100209055984, 65.57982933388801, 79.2333382057102, 69.60139949138261, 71.67118147060646, 25.962053052827184, 74.94502337450528, 93.60095859970423, 77.55294747142165, 44.96117114030855, 96.84565602076579, 54.133385099597604, 57.32763893454406, 67.64780262045714], [74.55491915671074, 76.26353183475001, 48.25916947707368, 64.32571270066317, 69.76713739440743, 96.73588480883124, 82.35823319387495, 44.11837824022042, 51.37175463754276, 53.565576626165246, 104.68657430691353, 46.65767485419478, 85.93542130162861, 49.002327012675885, 33.92946009325793, 113.0228584283621, 21.71291570454287, 62.799180729936154, 71.07200095227718, 64.51669381504452, 44.81953226834511, 88.10615279825998, 111.42638165587017, 36.46345681725237, 66.19261939973828, 110.60066017745243, 0.0, 33.41208652780144, 58.99119818910216, 42.232823564053135, 82.32378792032031, 85.088907992071, 109.58827882155983, 45.57894408314917, 49.97062267768144, 55.89378533370809, 79.35979814800552, 42.5747847301759, 38.75894058399052, 74.66506881712371, 81.57128953527742, 73.4774001986801