instance_id,num_cities,city_coordinates,distance_matrix,best_route,total_distance
1441,82,"[[97.78895291278181, 83.33761416456707], [14.755834867109641, 41.63582149912395], [53.3751757636503, 49.84344848138513], [19.243384136239648, 91.49820790178441], [12.551230240798839, 63.482933628592], [47.08670313437307, 84.41171980281015], [33.271871055900434, 36.99797187476418], [23.520575081726637, 45.26084730284261], [67.5981761980843, 38.89449269453903], [75.99366356387351, 87.28397735382124], [17.13668030632085, 92.83300649709113], [8.46194291786726, 23.245307681458062], [35.88715347270146, 30.998819154796585], [88.49873305827822, 44.79445777284175], [8.450977858272967, 97.46628818900001], [73.81241728305136, 71.30639005915394], [15.713695540590521, 0.23971516704547335], [19.624264429286054, 53.753130667084925], [44.28267660665877, 79.90186876169865], [28.75435644412757, 91.21990238426069], [72.21963940612126, 20.36894627885195], [25.9284273305018, 59.300316488376644], [98.78460537404781, 96.0512349810954], [37.365942639775106, 69.2991702103575], [30.321536098661472, 65.08888594564391], [44.12245860769214, 77.68578362489042], [83.5887649882615, 80.65312016018737], [82.10468502938292, 7.592225692560806], [53.85854516103833, 50.623021211217846], [23.209656879154572, 10.738781537548302], [67.87120357810213, 91.57266105898782], [32.37663972922892, 67.83805960163158], [92.09881240452954, 94.41071549809263], [20.17490462357896, 58.893784306396704], [40.55749829291737, 69.30344199343159], [25.79273830024037, 20.811589894103044], [74.37625941160324, 69.85536608368173], [27.325254494077132, 54.69276312882742], [13.787462065242417, 44.38471465863011], [89.9161426545499, 33.23589706996708], [67.9617239486076, 46.47329020700898], [27.783962532068564, 10.462345335537792], [39.21395767712954, 11.336880796196647], [51.793244509344824, 7.2605567435330975], [46.74735619487884, 55.22922590521306], [58.53594061623302, 63.76156715993771], [1.8409660245726545, 22.977810394390197], [42.323648888968165, 27.427411745252794], [24.508141283418738, 68.01627952167094], [31.610585617739638, 92.51363798740148], [92.10586653448323, 51.209429536828324], [33.67669298769299, 11.89226581887719], [88.54808492620715, 2.9966460958979924], [6.003925855835213, 99.59821060219342], [15.255275584729944, 9.857372101647977], [51.0150349211521, 57.16952962346081], [10.939558624037138, 93.49283376181333], [16.353711238651826, 80.46882516638385], [97.82244305811722, 21.61877998729047], [53.4262180689675, 56.87900173093428], [72.22673580285918, 53.80347991173413], [0.3015615013374551, 11.192251223879634], [46.211957143752834, 7.3895996304863765], [89.85529385248697, 28.425342789506935], [13.03399303065611, 12.042741822865132], [83.56721155427488, 3.017843504313056], [6.43768033809653, 66.07782318004925], [94.85319574464414, 7.4490816355365475], [81.3747792058467, 36.01416387235297], [32.32802905842289, 30.533772093400714], [15.392232796172689, 19.80314475700404], [32.93836974966939, 70.30910730372148], [30.963524757089612, 29.26419328427209], [58.92355127443859, 45.351931332749075], [19.001577206105402, 41.754691591600235], [12.788892587696488, 47.66796247852055], [56.81712378974508, 26.50803945753054], [16.889958303481865, 76.52948419274443], [32.03994567064241, 86.5459472580386], [55.07217559740726, 27.2863578205904], [97.13318847064234, 5.052092189439305], [58.47299011603317, 71.61040957833997]]","[[0.0, 92.91683487882126, 55.627715533402586, 78.96835862910173, 87.51958469674949, 50.71362573820033, 79.4343521335349, 83.46036256989593, 53.727777216598014, 22.149682169822118, 81.20930705365888, 107.65872009777688, 81.06282894764226, 39.64698083816735, 90.44829029079948, 26.825819918101434, 116.79729744524803, 83.57607426491583, 53.61647088927539, 69.48313448001788, 67.96206977795323, 75.77418304762718, 12.752547905814259, 62.03239540036606, 69.89183366587523, 53.96328195585813, 14.451707343813842, 77.35218247608375, 54.77339972411581, 104.08007444115944, 31.030432201405695, 67.22355917141418, 12.449549074009823, 81.37223918495727, 58.92705139776363, 95.35700619045137, 27.017128461305163, 76.0635279598697, 92.59362205102934, 50.71649827412629, 47.419847833255055, 101.05198407308508, 92.81775515729657, 88.90064036539502, 58.26942668373899, 43.86365911184871, 113.35485035530776, 78.75500419035461, 74.86535011804729, 66.81149385423686, 32.626947731243135, 95.99385226637756, 80.87066706387556, 93.21425957626744, 110.50408981986217, 53.59634365176589, 87.44109888027558, 81.48575665010453, 61.718843263560935, 51.653755088432476, 39.06010790613848, 121.27961443726505, 91.80570463880426, 55.482434099931545, 110.7536096334576, 81.5691331704835, 92.96749639440492, 75.94529636231593, 50.08926078553265, 84.1033785845899, 104.04733676973852, 66.14635384976908, 85.96262381924542, 54.34548320430323, 89.0875413312902, 92.18098668745104, 70.05919884690351, 81.18496143072787, 65.82723869771209, 70.47316086248355, 78.28826845653049, 41.02770110599117], [92.91683487882126, 0.0, 39.48187725986645, 50.063915909675785, 21.958064349024507, 53.61960945962256, 19.088039325262937, 9.484802744778118, 52.91340020216127, 76.37948544228962, 51.252513857580574, 19.43769724906986, 23.65752406496202, 73.81051426959915, 56.18533823615586, 66.09101728167268, 41.40718677387476, 13.058743732604002, 48.3334744893638, 51.522225141835825, 61.27290440098585, 20.901224977938035, 100.10929775661002, 35.72782998463319, 28.148486402692292, 46.49729410611052, 79.12219577255169, 75.46412414930012, 40.122209697323214, 32.03270492790982, 72.9035687640342, 31.576099277291824, 93.6329301632509, 18.08876992176887, 37.83150881680106, 23.56823835868528, 65.9616382409162, 18.123852639002536, 2.9144741353760435, 75.62823941569907, 53.42534732177631, 33.786354147438615, 38.93874136524601, 50.53146089342462, 34.75971921941537, 49.053504262707314, 22.69174333550203, 31.01392070792857, 28.12536303618048, 53.59696664439796, 77.94024230013206, 35.2516379268139, 83.29635072814199, 58.619403458899626, 31.782373843663066, 39.446491309762415, 51.99724689996727, 38.86586397753373, 85.44438745315476, 41.56624929624976, 58.74484118297283, 33.7006971684001, 46.500444524316954, 76.2525113529621, 29.64312912017158, 78.90724799402552, 25.818658774980868, 87.0880037780554, 66.85571613018874, 20.785512014486024, 21.841949914099228, 33.952347394364885, 20.38986013331817, 44.32377065338417, 4.247406044637894, 6.344729050626102, 44.69901358342677, 34.95886409793423, 48.12130382637535, 42.793859813564474, 90.13544051551388, 53.00627881277049], [55.627715533402586, 39.48187725986645, 0.0, 53.852559661248435, 43.042189571786665, 35.135598332187605, 23.856846594298332, 30.20426154433669, 17.94918867749238, 43.742304381646015, 56.225711657538305, 52.19827179775466, 25.708966881328475, 35.484596435692595, 65.4684536189659, 29.636779549962032, 62.280955767490056, 33.976604166592274, 31.403537550216456, 48.14764461052451, 34.98371178219291, 29.030266138191003, 64.78561438116068, 25.19564750526944, 27.63862632765549, 29.339536482559367, 43.15202014725534, 51.093546850856654, 0.9172674721312755, 49.38758453659455, 44.17535517394416, 27.654014988022812, 59.04033641531313, 34.411721583201, 23.302021440909897, 40.04547002414711, 29.00900481763249, 26.497438568677893, 39.96229286233212, 40.137925023657054, 14.97081676951619, 46.96574794089999, 41.02798864906742, 42.61226554938115, 8.540175097455819, 14.844107295958468, 58.11658354766424, 24.992297797870766, 34.110958176246726, 47.90033879524047, 38.75477147177767, 42.75888783817617, 58.58119521401351, 68.69913879756346, 55.245027775330385, 7.696864926494747, 60.87733927644253, 48.04687849042624, 52.65160473857685, 7.035738400777395, 19.262999892053397, 65.65610086125568, 43.0539311010203, 42.302887220660644, 55.28385341291168, 55.71531483040505, 49.66571653243822, 59.310272987098195, 31.228623179990997, 28.5630178139504, 48.426478339062825, 28.92241744884683, 30.42676199183503, 7.138501040499118, 35.31249447174888, 40.6445460226507, 23.5878850371315, 45.20304851560039, 42.45309717290174, 22.620834368234167, 62.61812257276093, 22.355945664804835], [78.96835862910173, 50.063915909675785, 53.852559661248435, 0.0, 28.80348097648026, 28.730971553512095, 56.27676405281319, 46.43477013554317, 71.4516393720201, 56.90653700785094, 2.4939703921713514, 69.0991885859092, 62.747040539650186, 83.53169237133903, 12.332640251922783, 58.18495412362036, 91.32672772961186, 37.746998890654346, 27.594224918831706, 9.515043258046441, 88.68965825530749, 32.88455585801256, 79.67142481207979, 28.657013123133716, 28.6387453825337, 28.45613134213802, 65.25292303885459, 104.84158049396643, 53.562956040172125, 80.85676388621835, 48.62787643875677, 27.060765326501922, 72.91362100907132, 32.61772782408069, 30.77172559364311, 70.98937952489358, 59.228764448468894, 37.682322027922844, 47.42834944648128, 91.5922248886372, 66.33792163984833, 81.48467648086302, 82.6115135491484, 90.3076701225753, 45.51821101570252, 48.09601058690564, 70.69574973578392, 68.10114199620935, 24.06488371606129, 12.408818265362413, 83.25939588643979, 80.90380967116826, 112.40848719588774, 15.520737717814923, 81.73818617979886, 46.77494998324503, 8.540026373413689, 11.401644310317943, 105.15608849089463, 48.65136762283542, 65.02405764078827, 82.50963169646081, 88.32645082531187, 94.67960766314471, 79.69772661575982, 109.39072016224455, 28.46369633703261, 113.05352377337955, 83.29939612719578, 62.35278956208898, 71.79842230841945, 25.229558361312602, 63.32798963795736, 60.8604510770443, 49.744104027442496, 44.302944315403664, 75.07002002105699, 15.152600523602118, 13.721401990589376, 73.53138097722342, 116.36044233760758, 43.982797858752136], [87.51958469674949, 21.958064349024507, 43.042189571786665, 28.80348097648026, 0.0, 40.38208734957797, 33.627342370311936, 21.269013994594392, 60.28895161463432, 67.76010646658585, 29.706112665402802, 40.44488611272079, 39.99728748592706, 78.21305718370813, 34.22981824051675, 61.75872009964868, 63.32223833810114, 12.02900155047213, 35.72766602193053, 32.12290046857443, 73.61477404376025, 14.015837046654784, 92.17857256357964, 25.487223454487424, 17.842725496028663, 34.61883026059491, 73.08314886844124, 89.22698194278651, 43.262820219009924, 53.81029305075713, 62.04298701024861, 20.298127589139288, 85.34837736865826, 8.898353926208118, 28.604708840194178, 44.67864268076152, 62.15257136567639, 17.19124457540485, 19.138187922276742, 83.06752008677137, 57.962494617403394, 55.16537787416169, 58.56715684018672, 68.56304650800148, 35.17810002615646, 45.9855545248435, 41.89719283913004, 46.758930381712254, 12.78745270440604, 34.728098464400865, 80.49583255368532, 55.74838276867551, 97.12936168616986, 36.70395653862549, 53.693693394123066, 38.978498439785646, 30.05314611494432, 17.40630268243839, 94.99361607728648, 41.405030448749066, 60.455419842593834, 53.7063297068142, 65.4179383247308, 84.88199412313912, 51.44245710423677, 93.27002050848468, 6.641456481608039, 99.56608908145276, 74.10272737265217, 38.428752482287344, 43.77208301401865, 21.499583819162204, 38.85787925384784, 49.79081644539291, 22.665468845601577, 15.816756806271165, 57.676790224906206, 13.749074253377911, 30.19457942706708, 55.841050260933365, 102.80209574362964, 46.63543604762814], [50.71362573820033, 53.61960945962256, 35.135598332187605, 28.730971553512095, 40.38208734957797, 0.0, 49.3853528684435, 45.6963150473038, 49.92532915133643, 29.04930678539584, 31.111443826799853, 72.34087415549841, 54.57442503827976, 57.31041504970621, 40.781626050955694, 29.765978304883973, 89.82868122088138, 41.15986670804305, 5.310491613884728, 19.555722569972236, 68.79782937186869, 32.83679660705086, 52.99199382518552, 17.968927062506463, 25.582078375436208, 7.350167554784542, 36.695062213581565, 84.42448537808136, 34.46061515625602, 77.44556262634372, 21.983506052715995, 22.16014841663953, 46.10932547612016, 37.086519533176705, 16.45875372642319, 67.07018311262986, 30.92906910019273, 35.689371501234326, 52.06726991683252, 66.73324300523588, 43.30232019407606, 76.42712724458985, 73.49770211970596, 77.29458902868608, 29.184466869015022, 23.611731048145508, 76.29745704681855, 57.18302239776476, 27.90343916562567, 17.468580127144268, 55.93851224471679, 73.74889543757135, 91.36443731994507, 43.799818398227394, 81.06534735010986, 27.523966218458714, 37.2703996086373, 30.984886783340468, 80.72836302245503, 28.25314166657128, 39.60916045313517, 86.89039104874713, 77.02708729004357, 70.45301102926166, 79.98034783163645, 89.19523862555431, 44.59231794453271, 90.58082297017268, 59.31269325131759, 55.86279360950347, 71.96393137863316, 19.97646157016234, 57.456127280722285, 40.81394429869391, 51.07246179908123, 50.2637395206724, 58.71556253378495, 31.20854108404529, 15.19736283053692, 57.68080054972812, 93.82217855841074, 17.132456761709552], [79.4343521335349, 19.088039325262937, 23.856846594298332, 56.27676405281319, 33.627342370311936, 49.3853528684435, 0.0, 12.7813490491372, 34.37865640094386, 65.98358812715524, 58.11966510400561, 28.366675988353208, 6.544427818925292, 55.774469777745104, 65.36431761294925, 53.10935366496873, 40.736457425959074, 21.610009550916256, 44.29426833080456, 54.40979403052588, 42.349181240396696, 23.480220207920226, 88.19980862420137, 32.55961971597989, 28.24542316371725, 42.10977648044226, 66.6150267343845, 57.002996667727174, 24.68710432861561, 28.121046056376304, 64.61819024498055, 30.853078454655567, 82.19995230408038, 25.513861561327573, 33.11681995338435, 17.8307708302434, 52.62299018771781, 18.667294556475614, 20.83761413094672, 56.769064742854944, 35.96063891555652, 27.0971698853449, 26.340083309601138, 35.033628605799976, 22.67084743130672, 36.804391631134, 34.41608227303201, 13.17309011325017, 32.232566897522084, 55.5405172215462, 60.526065069972475, 25.108969659487446, 64.8964557934906, 68.2812618817556, 32.57621629987553, 26.86469069165278, 60.748675690842134, 46.64696364720308, 66.35733485399417, 28.309946161465092, 42.42530598398214, 41.86856255515821, 32.31256001799844, 57.22913335715182, 32.12997376139408, 60.69819107617427, 39.56907306744704, 68.30370754790985, 48.112967593651675, 6.532741884506223, 24.806119081959995, 33.31280484569847, 8.07092274290787, 26.977719263492176, 15.042196283257134, 23.09547805119339, 25.776299354615436, 42.79144227032408, 49.56328787254141, 23.865639015950713, 71.40593176211392, 42.81491849422232], [83.46036256989593, 9.484802744778118, 30.20426154433669, 46.43477013554317, 21.269013994594392, 45.6963150473038, 12.7813490491372, 0.0, 44.534990638501355, 67.22624840147395, 47.99858792617109, 26.672952357532026, 18.876909386755628, 64.97983174200583, 54.33691948017662, 56.63602819296025, 45.692994068661285, 9.343452971942902, 40.38644856191881, 46.25610458443551, 54.69191533178988, 14.244453217427871, 90.798335537336, 27.740496949827993, 20.961970021309753, 38.416325960537975, 69.7194407368295, 69.64928565590368, 30.808202439559366, 34.5234658577611, 64.12302504878723, 24.25201839487443, 84.37229508501666, 14.0374670848197, 29.466983421448944, 24.554610840540185, 56.49062738827659, 10.170379618245645, 9.77246629065096, 67.47570541624944, 44.45768471708956, 35.05869666317119, 37.37803848290775, 47.36418392789349, 25.275520426659487, 39.602429960114954, 31.08921328587273, 25.914995820707386, 22.77685189986568, 47.94032225539931, 68.84277619513944, 34.87992203506095, 77.55539787941979, 57.09099798066731, 36.355484209354955, 29.962677391634816, 49.84582723645971, 35.930010333769495, 77.972526775359, 32.08315749416342, 49.44963765371079, 41.22853175214743, 44.1489549156692, 68.43777558201617, 34.834048498455424, 73.41709556764653, 26.929013674736552, 80.73457991170172, 58.58848085843363, 17.159778255449016, 26.72385764113258, 26.7602351536596, 17.643424827958835, 35.403093362052886, 5.719656429484797, 10.99832771932407, 38.21423763401074, 31.96392860416989, 42.154942219647346, 36.312336295654305, 83.87825008734748, 43.77180312530809], [53.727777216598014, 52.91340020216127, 17.94918867749238, 71.4516393720201, 60.28895161463432, 49.92532915133643, 34.37865640094386, 44.534990638501355, 0.0, 49.112385746367835, 73.86288539491646, 61.171816044203624, 32.67920780765556, 21.71734019145509, 83.24089318894855, 33.00224057600367, 64.70078174796552, 50.222259335872394, 47.1722101783584, 65.16740621104309, 19.09329181107898, 46.39790529099932, 65.11133966951694, 42.8769443963195, 45.559786378948566, 45.34174200917969, 44.71556661467392, 34.50030025863079, 18.06476798081573, 52.56505225035822, 52.67887590090977, 45.58822980257352, 60.682222840749496, 51.46783803313878, 40.69278141186224, 45.54872129402209, 31.694133417210065, 43.26076249087622, 54.09006833700081, 23.024146698506517, 7.587512023181986, 48.924008557017444, 39.56116573844827, 35.36243443879489, 26.487359322325247, 26.466875641236058, 67.65612659062928, 27.754201054916727, 52.00797608975003, 64.57646179309923, 27.427806238457997, 43.356513690996586, 41.563855284805356, 86.48001528119507, 59.857611186427995, 24.67747048147657, 78.6840377249448, 65.98803156223099, 34.81316642837697, 22.897313433973473, 15.610940518029034, 72.77532914484911, 38.077928678136416, 24.596389694749032, 60.813375252514106, 39.27014193157196, 66.92936358672515, 41.61309850459342, 14.074483456148716, 36.247550651370425, 55.58722958158304, 46.77798835013155, 37.87928659484708, 10.814232812926834, 48.68069608497761, 55.50703867019356, 16.421184939703807, 63.14836456406826, 59.456277046750614, 17.077748279557937, 44.917981053111994, 33.964691056740534], [22.149682169822118, 76.37948544228962, 43.742304381646015, 56.90653700785094, 67.76010646658585, 29.04930678539584, 65.98358812715524, 67.22624840147395, 49.112385746367835, 0.0, 59.117985441087995, 93.06709680019183, 69.11259787609288, 44.29148944529108, 68.30588441905819, 16.125790867312972, 105.87907311895104, 65.58831327549021, 32.5589038677062, 47.40299192033051, 67.0213745166973, 57.355149328857394, 24.4190875115707, 42.60931954135872, 50.77957571520191, 33.285117218015124, 10.082352541401564, 79.9257146742644, 42.825099789696026, 92.98020415251851, 9.185159995526403, 47.7555073830954, 17.61153643941087, 62.62377272972897, 39.73690301164322, 83.29892671529315, 17.503499278641833, 58.57304231508279, 75.56426565963115, 55.81245744813847, 41.59356007098052, 90.69585668335995, 84.38428906288506, 83.60268015192985, 43.39186081690621, 29.292932114178825, 98.15246131080593, 68.67662145636753, 54.972749469553136, 44.690121484675046, 39.509189877377054, 86.45597820228248, 85.21717964310898, 71.06478540694619, 98.40747418352345, 39.12559074283215, 65.34972431019361, 60.02807853573732, 69.19836529423043, 37.864919632740595, 33.69174162500808, 107.32774618000424, 85.26465638875914, 60.46886518724905, 98.10791832403793, 84.60579142769214, 72.71681908160146, 82.03226516698729, 51.55143237560752, 71.6049819067323, 90.69838024492005, 46.280714543373435, 73.44391563931852, 45.27344936148814, 72.94527928131662, 74.59404606770593, 63.72954028456908, 60.07417996659543, 43.95991361524752, 63.540719293893076, 84.90560906660994, 23.508184210577863], [81.20930705365888, 51.252513857580574, 56.225711657538305, 2.4939703921713514, 29.706112665402802, 31.111443826799853, 58.11966510400561, 47.99858792617109, 73.86288539491646, 59.117985441087995, 0.0, 70.12630672731807, 64.61460336677104, 86.02467516070739, 9.844222988768742, 60.626185572915645, 92.60422498446931, 39.158967934019046, 30.068578920022997, 11.729130561205043, 91.02292242343617, 34.66606575540027, 81.71132517858472, 31.033280602064806, 30.71769274275095, 30.946253267090054, 67.55907925479525, 107.17664087786014, 55.947995640968, 82.31854478890047, 50.75017558825056, 29.274626103824577, 74.97873308079518, 34.07494108448764, 33.19902289063879, 72.53972559567114, 61.67934318001307, 39.47765454240915, 48.56391916733102, 94.06734604402257, 68.79250217674351, 83.05594764365858, 84.43355186395759, 92.32400337498117, 47.86268318198777, 50.58702738194507, 71.51019016850452, 70.08762523602127, 25.888383006851264, 14.477428335477898, 85.74905855273171, 82.6134100557399, 114.76131909279444, 13.027133538829661, 82.99696131216295, 49.189699065192734, 6.232149642322598, 12.38894751540812, 107.61811356936325, 51.084449784170005, 67.51457738954426, 83.35846775678111, 90.25490291471965, 97.14084568473713, 80.89436883376611, 111.71293114633009, 28.815073046039295, 115.45679450183407, 85.76079656486422, 64.12465738071398, 73.0506933772151, 27.513985973266596, 65.05517382001244, 63.2502575810409, 51.112347764814324, 45.373830114347186, 77.28867218318622, 16.30538902556499, 16.175117693381477, 75.73285255224879, 118.76417909105281, 46.46599970580968], [107.65872009777688, 19.43769724906986, 52.19827179775466, 69.0991885859092, 40.44488611272079, 72.34087415549841, 28.366675988353208, 26.672952357532026, 61.171816044203624, 93.06709680019183, 70.12630672731807, 0.0, 28.500159896817795, 82.88699322355207, 74.22098131750519, 81.12060243286075, 24.121467680063958, 32.485761263153826, 67.030521969043, 70.93890027150856, 63.82254551807471, 40.062972153895196, 116.01244072569634, 54.37278228815238, 47.20939372604642, 65.08024124272806, 94.54996736112406, 75.28793025083331, 53.013118125066704, 19.33670766372205, 90.54329059501624, 50.600654614278376, 109.81639771562756, 37.523424118785655, 56.1380121765342, 17.500841432747553, 80.72914382733845, 36.67106458415755, 21.799900952425673, 82.06459974357506, 63.873023373826186, 23.167748451431255, 32.97722005620702, 46.18564668984379, 49.887311961413815, 64.41251840770884, 6.626378333609525, 34.11898482771284, 47.5596509817278, 73.03397320575976, 88.19466009415923, 27.652760813656386, 82.60628570385258, 76.39245795430645, 15.012867408053948, 54.42075406874003, 70.29120499747927, 57.7651362032199, 89.37530183252814, 56.15168221235783, 70.70891529164574, 14.555685996641246, 40.94468282759327, 81.55801824521471, 12.099633219646144, 77.7814353427901, 42.880322094509914, 87.82351235445968, 74.02246540058934, 24.954193658633333, 7.7380490691018835, 53.04806033529525, 23.292663419346944, 55.091530448806814, 21.299793042723095, 24.80299499620388, 48.46513113357491, 53.94659312529456, 67.5491908509201, 46.78508177472644, 90.51841181671033, 69.57217779653695], [81.06282894764226, 23.65752406496202, 25.708966881328475, 62.747040539650186, 39.99728748592706, 54.57442503827976, 6.544427818925292, 18.876909386755628, 32.67920780765556, 69.11259787609288, 64.61460336677104, 28.500159896817795, 0.0, 54.39023764766225, 71.90735826157537, 55.34461046293876, 36.78438368476406, 27.96855828312748, 49.61847508285534, 60.64202881484817, 37.85556407532307, 30.002516189446016, 90.4870502365939, 38.328888692210484, 34.54140631993213, 47.40773040442041, 68.85487164693114, 51.806648614818016, 26.609776879313962, 23.89954066779754, 68.49941448055402, 37.006125755647986, 84.73971440665285, 32.01568123132376, 38.58829163813547, 14.341438480290023, 54.692252789701925, 25.193433572355328, 25.83754165443125, 54.075282612399164, 35.61231985647142, 22.07732910361797, 19.941400307701166, 28.57461870912701, 26.552902185211643, 39.829200543337286, 34.97827127357268, 7.360939079259286, 38.7269194542628, 61.663295148948166, 59.74121249470286, 19.233993759334446, 59.64306663453289, 74.82568943721549, 29.540398925628175, 30.228444941032414, 67.28955602792402, 53.18681096190516, 62.64156152917373, 31.263439303541347, 42.90242179841737, 40.7263365545495, 25.768135698820476, 54.02946378278188, 29.69174649635875, 55.28402062997197, 45.801833929543804, 63.49475788159661, 45.76327979367976, 3.5893781307667654, 23.353477230566632, 39.42073159895341, 5.2202535034125, 27.141986899870965, 20.020276664717315, 28.484908198177543, 21.406325227878416, 49.33492559126067, 55.6801979916577, 19.54091715051847, 66.51548273284797, 46.46957384793738], [39.64698083816735, 73.81051426959915, 35.484596435692595, 83.53169237133903, 78.21305718370813, 57.31041504970621, 55.774469777745104, 64.97983174200583, 21.71734019145509, 44.29148944529108, 86.02467516070739, 82.88699322355207, 54.39023764766225, 0.0, 95.82256953321854, 30.307926761883266, 85.33924522234753, 69.45466326282255, 56.458745597766416, 75.66182950723172, 29.353270718588156, 64.22976798916893, 52.27864171028993, 56.7013508448247, 61.615339493823015, 55.23670021298687, 36.19325150712794, 37.74771412881719, 35.12712298653648, 73.6373040799739, 51.12431197713609, 60.66874767850682, 49.74669438221822, 69.76343268987003, 53.842848163452175, 67.13583045054337, 28.76618478813896, 61.96911269790059, 74.71239457288513, 11.64514385852067, 20.60551434720099, 69.74938927659494, 59.56843578203486, 52.49844393973804, 43.03558824933096, 35.461530838743336, 89.36181897266687, 49.333079021760454, 68.0738484370548, 74.25214797947656, 7.359570276035401, 63.93755010067545, 41.79784081251236, 99.03961096222518, 81.14926997746689, 39.473662476937406, 91.58033283890313, 80.4833191554858, 24.980864856541558, 37.09605788153905, 18.599472427448518, 94.38140365349284, 56.456131906950674, 16.425230060063715, 82.2654355431523, 42.066678072862885, 84.7761642008009, 37.88213714759533, 11.306824464478714, 57.952697468600874, 77.26011976970275, 61.13878729307793, 59.59437313493691, 29.580435330081865, 69.5636029111332, 75.76435160004006, 36.58028786992462, 78.32578453967174, 70.219523976703, 37.734179567375406, 40.66951490284726, 40.25717961393447], [90.44829029079948, 56.18533823615586, 65.4684536189659, 12.332640251922783, 34.22981824051675, 40.781626050955694, 65.36431761294925, 54.33691948017662, 83.24089318894855, 68.30588441905819, 9.844222988768742, 74.22098131750519, 71.90735826157537, 95.82256953321854, 0.0, 70.4021166858135, 97.49745417048851, 45.11853802300938, 39.90513081062677, 21.24251674407221, 100.05219800291395, 41.97740625511652, 90.34471005952676, 40.36659167601688, 39.071952776567315, 40.78875947693118, 76.99590686495327, 116.199034805206, 65.23908973542582, 87.97430884308788, 59.71179167754944, 38.08240046515806, 83.70362446601303, 40.31486716549746, 42.70801517578968, 78.59185343219912, 71.47381175921586, 46.75267655009792, 53.3491472485859, 103.74061990651735, 78.3697310408784, 89.12603642284188, 91.45838258558297, 100.07809982241025, 57.01387571517089, 60.369791403591584, 74.78118466967301, 77.79975614522314, 33.54303963220382, 23.683246728262212, 95.59203613165755, 89.2146288923119, 123.85499520750427, 3.245482503189784, 87.87275257752518, 58.61337479228941, 4.688429834460661, 18.744784450255967, 117.2181866963287, 60.581350711574274, 77.29028482327989, 86.65807776091992, 97.67139488236, 106.7394716313587, 85.54639853224383, 120.67707846989313, 31.452966513873932, 124.7735578212502, 95.36374775568041, 71.06388171850902, 77.97271874092691, 36.566991061318745, 71.82158810040984, 72.54920301278916, 56.70182661987079, 49.98690576307708, 85.87407720203778, 22.57357199320129, 25.994100263356547, 84.25413167997331, 128.08168526897927, 56.309219218922756], [26.825819918101434, 66.09101728167268, 29.636779549962032, 58.18495412362036, 61.75872009964868, 29.765978304883973, 53.10935366496873, 56.63602819296025, 33.00224057600367, 16.125790867312972, 60.626185572915645, 81.12060243286075, 55.34461046293876, 30.307926761883266, 70.4021166858135, 0.0, 91.79288506375933, 56.96027409509448, 30.75528960261787, 49.26232657605948, 50.96234021546365, 49.3662060154797, 35.15561872962894, 36.50170469230692, 43.933063899485006, 30.367586476555857, 13.525469974634227, 64.25150928429696, 28.739498248254474, 78.92448645712344, 21.11917992078727, 41.5806803413849, 29.46526939512365, 55.055022894087, 33.31518329522374, 69.68223886558643, 1.556723650274864, 49.36667807285255, 65.78580283975516, 41.336332774937496, 25.513005717874695, 76.29296445343222, 69.23435164961484, 67.72527397309388, 31.480037149585318, 17.03804836043092, 86.69222230779987, 54.00840002118207, 49.4139298092836, 47.23073110377889, 27.17605761972526, 71.70017101759285, 69.88104908496388, 73.47393156265967, 84.8818040089817, 26.82482927313613, 66.6725928708915, 58.18464674973042, 55.18459868815642, 24.97492046773247, 17.574591016159548, 94.96081089410818, 69.6214155170894, 45.78381923304178, 84.88932121815279, 68.98174832407894, 67.57731194721444, 67.2344420470552, 36.093358766837774, 58.166664354705404, 77.88133429862616, 40.88621203603302, 60.02977511501527, 29.92176897850591, 62.26982473283317, 65.44192711656217, 47.91379986548333, 57.16158717713426, 44.465531462331455, 47.8430757447776, 70.23880946451789, 15.342439626092771], [116.79729744524803, 41.40718677387476, 62.280955767490056, 91.32672772961186, 63.32223833810114, 89.82868122088138, 40.736457425959074, 45.692994068661285, 64.70078174796552, 105.87907311895104, 92.60422498446931, 24.121467680063958, 36.78438368476406, 85.33924522234753, 97.49745417048851, 91.79288506375933, 0.0, 53.65611043966098, 84.630050186039, 91.91002830420939, 59.98422823782122, 59.93742882354105, 126.80939787585332, 72.37422286507388, 66.47408484847195, 82.49212894925141, 105.22994229361345, 66.79687789357192, 63.19420132027395, 12.900381042491357, 105.17657842877166, 69.6217629720091, 121.25536434182078, 58.82348351709488, 73.396273054878, 22.908276511702052, 91.03645013107446, 55.6773089656677, 44.18700437361147, 81.20807335401223, 69.76675378359592, 15.817506529391215, 25.988639931455893, 36.756306536849934, 63.14217595893074, 76.60790007515736, 26.635945614758832, 38.04287663192021, 68.34475072483794, 93.63326303607057, 91.83504544615519, 21.411473886169386, 72.88654845252371, 99.83180977257352, 9.628575895096784, 66.98647875581656, 93.3752457075634, 80.2316627733696, 84.84639551262731, 68.04588994141862, 77.86398791038864, 18.907456775572843, 31.325146586336643, 79.31838503597176, 12.103398026163486, 67.91036469109594, 66.4883517976559, 79.46719736736918, 74.77425418059647, 34.55091841469659, 19.56607052060569, 72.15545104849791, 32.78685134485707, 62.46762105219897, 41.64496888434144, 47.51834504011793, 48.78028981938796, 76.29883650542688, 87.83684956243245, 47.75574134291495, 81.56158900850585, 83.19935873154229], [83.57607426491583, 13.058743732604002, 33.976604166592274, 37.746998890654346, 12.02900155047213, 41.15986670804305, 21.610009550916256, 9.343452971942902, 50.222259335872394, 65.58831327549021, 39.158967934019046, 32.485761263153826, 27.96855828312748, 69.45466326282255, 45.11853802300938, 56.96027409509448, 53.65611043966098, 0.0, 35.94153300917903, 38.563163292272, 62.29588458495024, 8.397246002172666, 89.75237716656778, 23.58911806756532, 15.586242937404762, 34.248115212397394, 69.39068213015486, 77.68289455492794, 34.37707902696408, 43.163517813742224, 61.30321375175715, 19.000218390371796, 83.0999356708924, 5.170060392581538, 26.077048574096462, 33.514104171149704, 57.07068371725707, 7.758102676632423, 11.037911049848963, 73.22503000282092, 48.88257429704585, 44.05306763155829, 46.721454757469125, 56.536737697077555, 27.16322816008421, 40.17819489112574, 35.54386079251967, 34.760689458061215, 15.076129091196163, 40.571527249551316, 72.52622325184313, 44.156570906593785, 85.59622513824391, 47.825568236163384, 44.11264765981506, 31.57613424569471, 40.67761198719623, 26.915141663246704, 84.54331218067217, 33.94618004675908, 52.60249546983505, 46.74179401157821, 53.446070146087884, 74.65851815174273, 42.227813282759676, 81.62579157667042, 18.04948878869237, 88.3371782635539, 64.24793395989352, 26.467418618479414, 34.21274082908826, 21.245370386865822, 26.986790822938314, 40.187237984126554, 12.014586119631018, 9.151588938316197, 46.10427076121931, 22.939893415520324, 35.06448289444598, 44.238495352927096, 91.53919627596616, 42.75635505510823], [53.61647088927539, 48.3334744893638, 31.403537550216456, 27.594224918831706, 35.72766602193053, 5.310491613884728, 44.29426833080456, 40.38644856191881, 47.1722101783584, 32.5589038677062, 30.068578920022997, 67.030521969043, 49.61847508285534, 56.458745597766416, 39.90513081062677, 30.75528960261787, 84.630050186039, 35.94153300917903, 0.0, 19.2152702856743, 65.76201601081878, 27.591709308444948, 56.84419291936286, 12.659321677690867, 20.355291798271427, 2.2218692897592405, 39.313267003978396, 81.60385286194968, 30.805002393362205, 72.30217697145233, 26.317788613957955, 16.949607829599998, 49.96888508122419, 31.976933600163527, 11.234037717200746, 61.915578614960666, 31.726265807646683, 30.381790130167325, 46.81267291565533, 65.26964177531178, 40.965438447663566, 71.37264868118196, 68.75208714138067, 73.02854812976457, 24.795442141576704, 21.53287883034759, 71.00455772792546, 52.51101245233712, 23.07161630299729, 17.878439893733187, 55.77018525651182, 68.83162776635461, 88.73465865699109, 43.04890986937183, 75.82098339145783, 23.70830848395953, 36.00663614442993, 27.93471936662591, 79.14180329485967, 24.772096334166314, 38.23606079246011, 81.58032868345707, 72.53793006385122, 68.75097212985781, 74.70837526096963, 86.33902956269996, 40.29079272998994, 88.3560058413366, 57.462637562880644, 50.79490689678398, 66.68218930538582, 14.856458880069255, 52.3600418616052, 37.52403746109909, 45.76397177854581, 45.06532088098067, 54.84535872750055, 27.599528867684015, 13.929401991371302, 53.710383354294216, 91.62786506954208, 16.435123756261675], [69.48313448001788, 51.522225141835825, 48.14764461052451, 9.515043258046441, 32.12290046857443, 19.555722569972236, 54.40979403052588, 46.25610458443551, 65.16740621104309, 47.40299192033051, 11.729130561205043, 70.93890027150856, 60.64202881484817, 75.66182950723172, 21.24251674407221, 49.26232657605948, 91.91002830420939, 38.563163292272, 19.2152702856743, 0.0, 83.12092879664384, 32.044435384633594, 70.19670604699222, 23.551601131240773, 26.17796921430013, 20.47805983735999, 55.84325605617907, 99.19599724286358, 47.731824311589335, 80.67189415161228, 39.11843770379038, 23.660758823611502, 63.424769524584846, 33.44525233161083, 24.89267750896705, 70.47057293467884, 50.376596170369844, 36.555084934512905, 49.16851367128929, 84.27875749402952, 59.49350357789267, 80.76338703163887, 80.56488314391402, 87.06297768684904, 40.237753832066815, 40.50806005095156, 73.35743795300743, 65.21968690036405, 23.588947775183435, 3.135569629752581, 74.9283108591376, 79.48020709646956, 106.57688734388326, 24.24413620955359, 82.4747629159225, 40.68126954025508, 17.959210406300222, 16.41224125026314, 98.05466244618665, 42.28472790165362, 57.35709579251782, 84.93518994094322, 85.62877718370746, 87.61553096842668, 80.72268937799721, 103.84629158514883, 33.61782531830901, 106.70804545951718, 76.2665225132704, 60.79126208291285, 72.65603635193402, 21.325274165676138, 61.99508298822904, 54.90037417988672, 50.41749479722221, 46.38607016879322, 70.53470149183428, 18.88312288477171, 5.713226154050635, 69.13845330537524, 110.00252807586327, 35.60518776007758], [67.96206977795323, 61.27290440098585, 34.98371178219291, 88.68965825530749, 73.61477404376025, 68.79782937186869, 42.349181240396696, 54.69191533178988, 19.09329181107898, 67.0213745166973, 91.02292242343617, 63.82254551807471, 37.85556407532307, 29.353270718588156, 100.05219800291395, 50.96234021546365, 59.98422823782122, 62.29588458495024, 65.76201601081878, 83.12092879664384, 0.0, 60.48576610923468, 80.20914062678158, 60.074512001910485, 61.28069895622998, 63.83315292363244, 61.346871452891214, 16.154216660492096, 35.389812543866746, 49.947156678215705, 71.3363714569317, 61.97403765209862, 76.66397529619724, 64.75196957339388, 58.28444089731537, 46.42901118552243, 49.53339030338923, 56.512212837416264, 63.17496719165802, 21.879777189967538, 26.44932165411511, 45.52658697404512, 34.21919393086972, 24.270712488279187, 43.17495000138194, 45.499045698805915, 70.42701071975185, 30.71794563023512, 67.4288915693035, 82.78859698840974, 36.69601391140897, 39.46407011744164, 23.841454375710285, 103.25597825884681, 57.92609029840265, 42.472558033010884, 95.40624309383297, 82.05484368584743, 25.633291617375374, 41.06308359913942, 33.43453438597846, 72.50118386378601, 29.06652672884657, 19.388703734095074, 59.76843997900988, 20.732297536697736, 80.10348036381497, 26.06148067418044, 18.127035562951562, 41.16630005201721, 56.83022323882383, 63.53768825675658, 42.20417532924295, 28.300803907463827, 57.354269648444586, 65.40068770942302, 16.58089118139342, 78.83767899740279, 77.41965672409138, 18.490162181790964, 29.245357686078247, 53.05334982616514], [75.77418304762718, 20.901224977938035, 29.030266138191003, 32.88455585801256, 14.015837046654784, 32.83679660705086, 23.480220207920226, 14.244453217427871, 46.39790529099932, 57.355149328857394, 34.66606575540027, 40.062972153895196, 30.002516189446016, 64.22976798916893, 41.97740625511652, 49.3662060154797, 59.93742882354105, 8.397246002172666, 27.591709308444948, 32.044435384633594, 60.48576610923468, 0.0, 81.60056794637727, 15.19190021700484, 7.266838446703547, 25.865965590776003, 61.48704549296343, 76.35115312029959, 29.24699874097609, 48.63758206929742, 52.921646832279535, 10.699182240107433, 74.90834385745408, 5.76786719282458, 17.722083316959978, 38.48896577412385, 49.584286879191396, 4.814631251300065, 19.232218164210103, 69.0925587310977, 43.946906919697554, 48.87320776468201, 49.769433189348796, 58.113039517788195, 21.21324061986557, 32.91128499821363, 43.58360059830207, 35.84250753944884, 8.830924303451564, 33.695869892300024, 66.67020257400897, 48.03705745542951, 84.21000425761927, 44.954488419093146, 50.58182398665964, 25.17693653070149, 37.33355625431231, 23.23318634820453, 81.17048534119591, 27.604189186626332, 46.623476701677596, 54.5080012082547, 55.73279202036352, 70.99231130358838, 48.985148761430054, 80.56020240786712, 20.635498910315256, 86.250647862538, 60.137698991076384, 29.469797737754018, 40.87833130208186, 13.05115963951349, 30.455227847241254, 35.82227871765673, 18.863462186571972, 17.548761582174482, 45.04936183586872, 19.456056695477344, 27.922661987328947, 43.29262769372495, 89.51529393691494, 34.794927199017906], [12.752547905814259, 100.10929775661002, 64.78561438116068, 79.67142481207979, 92.17857256357964, 52.99199382518552, 88.19980862420137, 90.798335537336, 65.11133966951694, 24.4190875115707, 81.71132517858472, 116.01244072569634, 90.4870502365939, 52.27864171028993, 90.34471005952676, 35.15561872962894, 126.80939787585332, 89.75237716656778, 56.84419291936286, 70.19670604699222, 80.20914062678158, 81.60056794637727, 0.0, 66.99197788962567, 75.13893073766404, 57.66489480284985, 21.633666010830478, 90.01786526580942, 63.89110652183641, 113.97274916647031, 31.2361334830891, 72.15262411080992, 6.884121716339107, 86.94918741840506, 64.07683223091126, 104.82755769232129, 35.804900501368095, 82.56489582226583, 99.46830496640284, 63.43828739725214, 58.37827187737841, 111.20498781409825, 103.56246362459144, 100.45881015522262, 66.13857971809149, 51.600171150759465, 121.39931874252838, 88.86545292021096, 79.3911320326044, 67.26710580001695, 45.33644304517735, 106.403817345791, 93.61593274369575, 92.84845463397836, 120.02720913665205, 61.59317229021475, 87.88229432206685, 83.89078497424184, 74.4386735019304, 59.932021129966074, 49.90183608406617, 129.9998348258243, 103.07651975591097, 68.21285728480683, 120.04413538354576, 94.26972474945656, 97.08944318817933, 88.68933170987418, 62.510414768446196, 93.32210069878909, 112.99583650289206, 70.69924952401817, 95.1851244400361, 64.49281374199141, 96.50619776829892, 98.67220315616271, 81.22515345727308, 84.18926281097274, 67.41809915461488, 81.48242048366674, 91.01412619261401, 47.14212841056473], [62.03239540036606, 35.72782998463319, 25.19564750526944, 28.657013123133716, 25.487223454487424, 17.968927062506463, 32.55961971597989, 27.740496949827993, 42.8769443963195, 42.60931954135872, 31.033280602064806, 54.37278228815238, 38.328888692210484, 56.7013508448247, 40.36659167601688, 36.50170469230692, 72.37422286507388, 23.58911806756532, 12.659321677690867, 23.551601131240773, 60.074512001910485, 15.19190021700484, 66.99197788962567, 0.0, 8.20671414795102, 10.769670031599913, 47.59686423834006, 76.21877768848127, 24.915948293461422, 60.24715385847557, 37.77140902189696, 5.198844847090175, 60.21857470435133, 20.0