instance_id,num_cities,city_coordinates,distance_matrix,best_route,total_distance
2469,56,"[[36.17940853863488, 95.65646894176419], [34.01218075715444, 17.20125585491511], [41.83208580062594, 14.829947678260568], [14.650058015872924, 63.51967188356219], [82.63268381170997, 91.54400570391024], [84.71146614980849, 48.48010111732689], [19.740638624161434, 75.67719311703384], [36.273694570004636, 88.04884405692302], [89.77081339876968, 99.03822317288184], [91.69578034815939, 62.33442348233671], [18.883845392716424, 61.63053168779139], [86.44954961253296, 39.21379255690896], [99.99652654141344, 60.37892177766043], [92.6792623410365, 16.00156314656388], [21.013656698924343, 55.86895517205005], [34.9285444592675, 81.86475263022685], [53.647642170667375, 62.52064660950661], [2.330608549693969, 44.62557886233603], [68.85859721833624, 90.48293536321776], [20.323095017831093, 85.93541299851239], [72.07280724660042, 60.02133742386629], [40.77740249595845, 92.29817346188594], [15.202478928738028, 94.44331325633092], [54.87123317701995, 83.01379216374302], [79.95303187659114, 74.8381386182597], [39.79994819762561, 84.37453237398756], [81.13219734078653, 45.018643329932054], [88.27510177427025, 4.400205085428732], [59.65639015409829, 32.436498132314874], [36.45595189200904, 28.820418828905726], [52.18178969720078, 55.42338355846863], [74.46328864764351, 96.64096826741722], [47.35878166833619, 81.74957670318399], [2.2434711823523856, 60.05884382124389], [68.79585800366, 27.271656792220345], [58.695167153163, 87.03743273676294], [10.655013719195484, 35.512848498405766], [85.6578018939121, 79.52081464032526], [70.6197347197501, 48.73355293521443], [56.18454253359791, 66.85090270716493], [27.234884593725038, 80.21059909494154], [68.02527876117365, 45.20388382599712], [27.828500837468006, 15.541744028986182], [50.15247590677438, 78.91848962411562], [48.51551532701935, 77.07329337906796], [27.188869722503505, 34.21931243449994], [56.71366101997572, 23.186338634030644], [65.90110526651988, 91.1506581804724], [60.278221942681476, 11.653189421501153], [4.553460700177226, 95.86105508814863], [62.35997657038435, 84.6120395745686], [16.144594422572233, 10.244064823628573], [45.117387859240274, 40.838609499083844], [63.15343306432369, 43.31073650817223], [32.05091149118334, 41.106184055985594], [26.355657278690327, 48.77498442491903]]","[[0.0, 78.48514086602455, 81.02394275637192, 38.681864731318356, 46.634956175371165, 67.68286560925797, 25.872854863382432, 7.608209135149093, 53.69799750980069, 64.74894788715504, 38.16937136691862, 75.5834823296407, 72.91865251152224, 97.65826896343695, 42.57988117455092, 13.848324799880194, 37.45826888496332, 61.236369936419365, 33.086172677598555, 18.598967904748267, 50.57863846632156, 5.69382972714804, 21.011980453438138, 22.565938589512623, 48.47198136647413, 11.84864549818502, 67.71220424550638, 105.07933644022759, 67.43836723201734, 66.83662222849702, 43.29869931306916, 38.29653659436004, 17.843206979368084, 49.18169129331186, 75.76486856342414, 24.109068233567623, 65.3356702799733, 52.04297021457447, 58.20563644544516, 35.07087156391056, 17.848792786237688, 59.66257449267927, 80.54878526261895, 21.803819924788314, 22.3050206161845, 62.091496904990514, 75.32313928526433, 30.061297160983298, 87.39166881140615, 31.626609558600126, 28.414812378617505, 87.73068194141028, 55.54174275455379, 58.88695698643004, 54.70628911734391, 47.899683499167864], [78.48514086602455, 0.0, 8.171537025405913, 50.20246468502599, 88.83016251470167, 59.57166860409136, 60.19229314070897, 70.88367371099639, 99.02683643267896, 73.24206770606851, 46.9342847173866, 56.87028595436854, 78.8558477420214, 58.67934665761323, 40.79402650110362, 64.66998946687173, 49.390267495620115, 41.90245231429645, 81.14479214184794, 70.08405971845005, 57.29023192779681, 75.40102956355008, 79.49931015095382, 69.03904694631501, 73.70598385649416, 67.42215756153722, 54.71839735205147, 55.75241248692936, 29.828477715856913, 11.873372123188213, 42.320984572915656, 89.14572360886991, 65.91371238379325, 53.34813730899823, 36.2121136890288, 74.06984149367595, 29.679482427769145, 80.93823317697083, 48.3156161741171, 54.37555571484867, 63.37277868948386, 44.05721290683105, 6.402489894527846, 63.792837149941754, 61.60363293620763, 18.33498904339841, 23.477189397287944, 80.5320905643902, 26.845594810124382, 83.99512011306344, 73.12873094185674, 19.174283519066954, 26.116089142130654, 39.126941690003136, 23.98524899666413, 32.48880865141955], [81.02394275637192, 8.171537025405913, 0.0, 55.763356047492515, 86.88921392684377, 54.506642582373104, 64.733448199805, 73.42957510419052, 96.89765356037815, 68.86990093901524, 52.1240482066806, 50.845746804160726, 73.8770005360016, 50.86067287145586, 46.01746544886936, 67.38934602739522, 49.13257714474562, 49.47874637319892, 80.33558903171067, 74.28744095002794, 54.376124730549336, 77.47540489042896, 83.94893650796762, 69.41942100827245, 71.0928231934704, 69.57426854619942, 49.55659504262084, 47.59971915128189, 25.053870850157534, 14.987865052115156, 41.89204467804525, 88.07859268336786, 67.14745800138334, 60.1074991470029, 29.695810093235412, 74.1504174713543, 37.41379705278086, 78.13834947957932, 44.47677123746845, 53.96455110895599, 66.99035649064945, 40.10809587321821, 14.0216634485816, 64.62638857513326, 62.60113668508333, 24.29755631254059, 17.067236179734586, 80.02604919407186, 18.717684995563328, 89.19493403468955, 72.73881115937978, 26.093630158603673, 26.215333286576502, 35.5774532746965, 28.037688368511766, 37.30663961718578], [38.681864731318356, 50.20246468502599, 55.763356047492515, 0.0, 73.53231055917604, 71.65744621839723, 13.180263027413261, 32.69957102678199, 83.09449665885846, 77.05483854681931, 4.6361413084154695, 75.80199709361676, 85.40423877659, 91.3593311356827, 9.951324253522486, 27.34518239172275, 39.010378380739624, 22.55561097032142, 60.544060814735005, 23.12247388490374, 57.52921408473186, 38.869528974180255, 30.92857521155129, 44.696349480039515, 66.27658775373172, 32.67173368876108, 69.00842634605908, 94.42329385761505, 54.696742343456684, 40.98213232969213, 38.39506176114625, 68.37135974043919, 37.44582797463131, 12.880245639529358, 65.1589307338571, 49.93051886836482, 28.290325821025103, 72.78829754961659, 57.88984387516709, 41.66785935170246, 20.90370568033756, 56.43033122159771, 49.754928564122686, 38.69812997945744, 36.47697704767375, 31.870564206781584, 58.276277066268854, 58.224919476355545, 69.08010818114718, 33.880766593175245, 52.16439689376965, 53.29656599327389, 37.982743169407094, 52.545013655887125, 28.375238118228133, 18.82622804373569], [46.634956175371165, 88.83016251470167, 86.88921392684377, 73.53231055917604, 0.0, 43.11404891971462, 64.86266329360602, 46.490558594741806, 10.349695139176626, 30.58331918526611, 70.41825280056275, 52.46922595724162, 35.67583902968606, 76.207574214614, 71.20122002309363, 48.676204159955404, 41.01814247446701, 93.00409705316554, 13.814895285511758, 62.56149908527862, 33.24439213708139, 41.86207523556218, 67.49250710147828, 29.042429037241064, 16.919412802364274, 43.42861485258911, 46.54955213188855, 87.32627821393673, 63.416145590590816, 77.88798958279874, 47.24358471313134, 9.629020963756599, 36.60845546961216, 86.33505039059033, 65.74490537728627, 24.358035710755427, 91.21554456195946, 12.397921711429548, 44.4639833139897, 36.18360834238132, 56.54522317190362, 48.58789126902172, 93.70081243606067, 34.84777699981726, 37.05917835841897, 79.75046695280513, 73.10654136063982, 16.7362015669046, 82.95941472625931, 78.19847822743395, 21.42509774332047, 105.0254560464046, 63.07483360810246, 52.01816477912382, 71.43171245093771, 70.6844600783015], [67.68286560925797, 59.57166860409136, 54.506642582373104, 71.65744621839723, 43.11404891971462, 0.0, 70.43358746086912, 62.54520871687209, 50.81063570129746, 15.515247114206636, 67.12830609160449, 9.427905836413029, 19.37046732223544, 33.44160888568675, 64.12492567701848, 59.94058932546717, 34.08955966164759, 82.47098302278546, 44.89489434274482, 74.49001762079357, 17.11536836749428, 62.05018463416171, 83.33136369119387, 45.64006267699046, 26.784115397621594, 57.49308341016668, 4.979242434462675, 44.223712339048205, 29.751538277734475, 52.10660000389918, 33.262426567657506, 49.239153798217636, 50.02080610836218, 83.27687239897928, 26.516121385920904, 46.51360698864387, 75.1831615928099, 31.055135603590944, 14.094010519397449, 33.930395253493714, 65.65349898733896, 17.00477724960384, 65.73132518368982, 46.05235391929858, 46.1271882915343, 59.263978887641734, 37.731306797532135, 46.63267220135162, 44.19507718668734, 93.11423434066482, 42.486539787290376, 78.50739054326213, 40.324724795481536, 22.16914795334358, 53.17432340689994, 58.35655391785544], [25.872854863382432, 60.19229314070897, 64.733448199805, 13.180263027413261, 64.86266329360602, 70.43358746086912, 0.0, 20.64944759277696, 73.82386541107428, 73.18177315455827, 14.072767743028287, 76.02406451685276, 81.70094645326706, 94.24024428069116, 19.849102385341475, 16.399950499478777, 36.37003719420002, 35.599324361796725, 51.30091480587365, 10.274742361114876, 54.62381980613104, 26.81049089109903, 19.307049451008748, 35.888498982396946, 60.218239044637926, 21.863659591079898, 68.62120777649594, 98.88064351596424, 58.84747167857899, 49.748959731142776, 38.24454320002253, 58.60075335819783, 28.27782996670438, 23.45386328970144, 68.91669242834837, 40.57721450684435, 41.17915927453662, 66.02912872320272, 57.57292910519231, 37.497487043261756, 8.75873806052274, 57.09666410840441, 60.6768963626404, 30.58407837341101, 28.808724810486268, 42.1216336005802, 64.20509473115978, 48.684872411353204, 75.77841850099233, 25.25942709888265, 43.54583158230047, 65.53186867594282, 43.10111727374324, 54.1503299576014, 36.697377093732676, 27.703561220786447], [7.608209135149093, 70.88367371099639, 73.42957510419052, 32.69957102678199, 46.490558594741806, 62.54520871687209, 20.64944759277696, 0.0, 54.61417559876995, 61.09696406113687, 31.628058474111945, 70.01770264910039, 69.47102931004285, 91.50081290430523, 35.61480035700854, 6.328697780282544, 30.879490283112705, 55.115451996165646, 32.67568945085364, 16.090003633077696, 45.46556495302395, 6.191945209236087, 22.02011273683527, 19.26707527899449, 45.63340054970359, 5.092644793195972, 62.160143544246914, 98.49487881614577, 60.328131680142995, 59.228705647871955, 36.29721977386325, 39.14421661322897, 12.749899025932676, 44.06241274609042, 68.93154289738571, 22.44427289211816, 58.44953068981957, 50.115041074607205, 52.20481385804019, 29.082547758013053, 11.964036520811842, 53.32779496508848, 72.99726605593742, 16.612764473818128, 16.4415597839451, 54.590773187409795, 68.00688816738113, 29.78933895602647, 80.07817044338766, 32.66808653644944, 26.31170335902383, 80.36643792210184, 48.031418446682, 52.19213167295018, 47.13221005739482, 40.50683293107786], [53.69799750980069, 99.02683643267896, 96.89765356037815, 83.09449665885846, 10.349695139176626, 50.81063570129746, 73.82386541107428, 54.61417559876995, 0.0, 36.75424342140515, 80.15171623449449, 59.91655273514257, 39.98883336185498, 83.08758020050942, 81.18578876364215, 57.46827431646199, 51.3655224604673, 102.98798611932509, 22.594551004243673, 70.67297377911667, 42.843165094492655, 49.4548539781324, 74.70976979469103, 38.40264429464453, 26.115760116605667, 52.077933876033214, 54.70594751767006, 94.6498368766939, 73.09355830535608, 88.1647010110848, 57.57767742300914, 15.494100331678325, 45.800411922356034, 95.8145482174222, 74.76890265275219, 33.312381492077854, 101.46321001462096, 19.946079801951146, 53.826793163725256, 46.519471078156556, 65.3086657338048, 58.060351097719256, 103.96399431951906, 44.43440495497818, 46.7381831037123, 90.09989380465258, 82.74227282042726, 25.139145725904747, 92.22774568710692, 85.27655948732306, 30.975292554625007, 115.34826690368277, 73.35614114846575, 61.75789589869411, 81.77840932949837, 80.91894212833449], [64.74894788715504, 73.24206770606851, 68.86990093901524, 77.05483854681931, 30.58331918526611, 15.515247114206636, 73.18177315455827, 61.09696406113687, 36.75424342140515, 0.0, 72.81533722790883, 23.70836374196409, 8.527975978027468, 46.343297074383315, 70.97721383681578, 60.03293118855702, 38.04859390078191, 91.10289297461726, 36.24742272787378, 75.17357858586149, 19.758831960882635, 59.08051722807142, 82.95906197975577, 42.23367807119102, 17.1532805569905, 56.3821230050111, 20.283627097737416, 58.03511612090127, 43.822465291705996, 64.61135469695022, 40.11381220967839, 38.39137644444496, 48.401628345786264, 89.48124875016609, 41.8784437551067, 41.222313587061535, 85.36394285896604, 18.216180303492315, 25.083528040735587, 35.797298720862244, 66.89368233246499, 29.21896702994337, 79.174391330283, 44.73116803420739, 45.62641310829354, 70.3676132016608, 52.50067828115607, 38.674806331065106, 59.629275210175194, 93.36926100415984, 36.83587330362875, 91.76811624935694, 51.29928523531694, 34.30111156452627, 63.30994021564354, 66.73222662466155], [38.16937136691862, 46.9342847173866, 52.1240482066806, 4.6361413084154695, 70.41825280056275, 67.12830609160449, 14.072767743028287, 31.628058474111945, 80.15171623449449, 72.81533722790883, 0.0, 71.18732035961018, 81.12233706259534, 86.76270127602493, 6.142626486023157, 25.823556402700977, 34.775190452282686, 23.731373128775296, 57.70560646836708, 24.347457670394004, 53.21329880089164, 37.68065942386237, 33.01864766017519, 41.860911458307186, 62.48108848789385, 30.89940005500466, 64.4267968710597, 89.94696629249724, 50.146704792610024, 37.219382485948046, 33.87154827881207, 65.68717669396106, 34.86542654596384, 16.714432584171117, 60.594894891933706, 47.22766097559817, 27.383335185697483, 69.12903507893985, 53.31917390023497, 37.66423078699046, 20.37053658083228, 51.81423774872995, 46.94872957688801, 35.72955000882032, 33.41428963406272, 28.641724285914965, 53.935618379205195, 55.51630926299636, 64.89398392734273, 37.10914520301655, 49.17645459900289, 51.45942549872801, 33.473911911280695, 47.910450718369574, 24.384841097546833, 14.869198643078443], [75.5834823296407, 56.87028595436854, 50.845746804160726, 75.80199709361676, 52.46922595724162, 9.427905836413029, 76.02406451685276, 70.01770264910039, 59.91655273514257, 23.70836374196409, 71.18732035961018, 0.0, 25.12933104646297, 24.033662119580704, 67.52222243926845, 66.88436564084736, 40.23896839698807, 84.29284475297408, 54.20301292574593, 80.96676981301911, 25.291196975367576, 70.0278267426793, 90.14679715724542, 53.99657428448637, 36.211859590364625, 64.92825065405347, 7.872136157290072, 34.861418693587744, 27.637024323952488, 51.062530592319085, 37.908181307637165, 58.66473354583674, 57.77007072356363, 86.74779424747625, 21.313550479529372, 55.29381797048497, 75.88483813128018, 40.31479745308105, 18.471840114079725, 40.985125484074956, 72.02162661039047, 19.37356316778755, 63.22019646439637, 53.79535787407609, 53.594148558192245, 59.47077444191962, 33.78020647715114, 55.854064989410425, 38.00691038732542, 99.57852043198707, 51.39366071442523, 76.03967286359655, 41.36408617745507, 23.653625429678694, 54.43154393404003, 60.84975173136183], [72.91865251152224, 78.8558477420214, 73.8770005360016, 85.40423877659, 35.67583902968606, 19.37046732223544, 81.70094645326706, 69.47102931004285, 39.98883336185498, 8.527975978027468, 81.12233706259534, 25.12933104646297, 0.0, 44.97657517476267, 79.11152588175312, 68.52359607950797, 46.398341216773424, 98.92825354858478, 43.31076397950481, 83.67191843303492, 27.92600877006221, 67.27364477112802, 91.38059573756775, 50.48395248608546, 24.714583347129885, 64.80291175703722, 24.326961795123, 57.192731365803276, 49.072452994762294, 70.94606215388626, 48.07084790726266, 44.34954625433198, 56.81053667471357, 97.75357938167707, 45.49255666610643, 49.157690078704995, 92.73741161846064, 23.916753268004445, 31.600799249543652, 44.28743026924179, 75.41586016310077, 35.3898638236983, 84.96232366450165, 53.18030612549892, 54.12020471896289, 77.36459172287367, 57.0674573521782, 45.92817776873592, 62.86287230028326, 101.82514719575813, 44.76330966182681, 97.69672666913662, 58.25413003763327, 40.6046362544371, 70.62609308069167, 74.54950695917329], [97.65826896343695, 58.67934665761323, 50.86067287145586, 91.3593311356827, 76.207574214614, 33.44160888568675, 94.24024428069116, 91.50081290430523, 83.08758020050942, 46.343297074383315, 86.76270127602493, 24.033662119580704, 44.97657517476267, 0.0, 82.00834091093745, 87.59626216238091, 60.72472724810049, 94.77454045050625, 78.19781898597664, 100.6288144858051, 48.60418211413156, 92.27662651498609, 110.25316380131387, 76.94209450696017, 60.19717231789825, 86.43543709180722, 31.23020416980997, 12.40919574994787, 36.8865446397561, 57.66613996837684, 56.51659238778195, 82.67124866508001, 79.85453809925961, 100.5966018459106, 26.408938137011134, 78.74651417157597, 84.31291489480475, 63.90615163768069, 39.4715836317549, 62.59009432468334, 91.68296938991915, 38.21772415281424, 64.85239163834754, 75.94120885136734, 75.36705370325858, 67.97703961226686, 36.67622495828589, 79.77754183178935, 32.69152448186916, 118.92726923633668, 75.01104295582259, 76.75092299333087, 53.65641411554974, 40.21896995413944, 65.62041540388681, 73.97917092502871], [42.57988117455092, 40.79402650110362, 46.01746544886936, 9.951324253522486, 71.20122002309363, 64.12492567701848, 19.849102385341475, 35.61480035700854, 81.18578876364215, 70.97721383681578, 6.142626486023157, 67.52222243926845, 79.11152588175312, 82.00834091093745, 0.0, 29.48568443956319, 33.304984713238774, 21.805269982008912, 59.053077464096766, 30.07438713699471, 51.227718405326705, 41.44506717497629, 39.00962559024417, 43.39559494091164, 61.916717184858236, 34.13931282099561, 61.089837092420225, 84.69435771704545, 45.19226584059107, 31.14623250309363, 31.171317724168766, 67.22514564731216, 36.93064013108521, 19.232135378557707, 55.686122473658486, 48.90163825287357, 22.84015243579323, 68.83513611737611, 50.11663338343559, 36.84554765585196, 25.124078199764597, 48.206185865925605, 40.89897381609834, 37.15308632246758, 34.72716784877977, 22.51311365738062, 48.40086499531084, 57.09362141328095, 59.13323959237033, 43.24703582924941, 50.35556640415629, 45.88396655430389, 28.406005472393318, 43.971236145185166, 18.43259082100374, 8.880393637411053], [13.848324799880194, 64.66998946687173, 67.38934602739522, 27.34518239172275, 48.676204159955404, 59.94058932546717, 16.399950499478777, 6.328697780282544, 57.46827431646199, 60.03293118855702, 25.823556402700977, 66.88436564084736, 68.52359607950797, 87.59626216238091, 29.48568443956319, 0.0, 26.918377679009573, 49.49122637882225, 35.00744997643232, 15.16210503921819, 43.090962461888786, 11.960995384325763, 23.39525269663311, 19.975763443301837, 45.56948289882065, 5.47992415497523, 59.0966438147309, 94.05642616899263, 55.26860497079438, 53.06632003344091, 31.57246378775656, 42.20583545668869, 12.430770795404685, 39.291368951755686, 64.24485224430012, 24.323013254088046, 52.323066722381185, 50.783379221660184, 48.69843380890969, 26.023703496008487, 7.869474318209298, 49.390415294183505, 66.70196465885917, 15.50640365847505, 14.40707670267128, 48.26997551765996, 62.59191299738839, 32.3346186748356, 74.64763731509517, 33.44461385433202, 27.56866070779216, 74.04295848270299, 42.27241358198277, 47.78134045741578, 40.860025498280486, 34.182263741477165], [37.45826888496332, 49.390267495620115, 49.13257714474562, 39.010378380739624, 41.01814247446701, 34.08955966164759, 36.37003719420002, 30.879490283112705, 51.3655224604673, 38.04859390078191, 34.775190452282686, 40.23896839698807, 46.398341216773424, 60.72472724810049, 33.304984713238774, 26.918377679009573, 0.0, 54.34768982516129, 31.831788291079786, 40.728082792998286, 18.593903691285725, 32.43985472730456, 49.97086373620997, 20.52964173233294, 29.046413495752212, 25.871817705333353, 32.584058858551714, 67.6538741060178, 30.67834809643608, 37.831991318217696, 7.247059147654111, 39.96858126445987, 20.231201619412342, 51.46308645975504, 38.36612732687624, 25.030987005280988, 50.77191408619821, 36.2443932020348, 21.866318333874514, 5.018663300396248, 31.789435065053773, 22.507481139145813, 53.606392779721276, 16.76619941262829, 15.43108077676081, 38.74315624144626, 39.45362157640165, 31.142012144289172, 51.29778541893023, 59.34493653025608, 23.747303295938295, 64.3375441994136, 23.29969896533796, 21.433168375563795, 30.41377948394972, 30.55807042724891], [61.236369936419365, 41.90245231429645, 49.47874637319892, 22.55561097032142, 93.00409705316554, 82.47098302278546, 35.599324361796725, 55.115451996165646, 102.98798611932509, 91.10289297461726, 23.731373128775296, 84.29284475297408, 98.92825354858478, 94.77454045050625, 21.805269982008912, 49.49122637882225, 54.34768982516129, 0.0, 80.80142586330983, 45.058095450923126, 71.42131097063196, 61.244038408644755, 51.45378224392775, 65.07051680065169, 83.29489402205449, 54.625366991201965, 78.80256909312115, 94.8922368327417, 58.607328258493695, 37.607740452109454, 51.00718427885783, 88.93100850139595, 58.35861196164366, 15.4335109489915, 68.69343488422734, 70.53884614614586, 12.34251093220987, 90.33879914314873, 68.4125734353948, 58.25985947073855, 43.43404920373236, 65.69721554850001, 38.678313817079726, 58.84670531162787, 56.44377548844135, 26.94853483035244, 58.4564574495616, 78.7768434146917, 66.67161587498254, 51.28367279913478, 72.12795619767971, 37.05286376638002, 42.95404079527362, 60.8370347103945, 29.927955939837727, 24.380741025519388], [33.086172677598555, 81.14479214184794, 80.33558903171067, 60.544060814735005, 13.814895285511758, 44.89489434274482, 51.30091480587365, 32.67568945085364, 22.594551004243673, 36.24742272787378, 57.70560646836708, 54.20301292574593, 43.31076397950481, 78.19781898597664, 59.053077464096766, 35.00744997643232, 31.831788291079786, 80.80142586330983, 0.0, 48.74807620319735, 30.630705103286402, 28.139804306195078, 53.80207824019082, 15.856684803532163, 19.179315565925123, 29.69373115638524, 47.09185821406603, 88.2453233959125, 58.77133221268903, 69.65771579292604, 38.82380818321264, 8.326700142730825, 23.205896280230395, 73.23387442259505, 63.21130970632784, 10.731579522072904, 80.05852597985069, 20.05944586660257, 41.78651144111649, 26.816126297593485, 42.87253602324874, 45.286719110146755, 85.43799487123538, 21.992166327479126, 24.36512833908121, 70.01400898850102, 68.38370717205295, 3.031932124197547, 79.2953446622603, 64.5296424474424, 8.75782436950897, 96.00542920179446, 55.02912058480257, 47.51594724767874, 61.58627524250114, 59.54874536868667], [18.598967904748267, 70.08405971845005, 74.28744095002794, 23.12247388490374, 62.56149908527862, 74.49001762079357, 10.274742361114876, 16.090003633077696, 70.67297377911667, 75.17357858586149, 24.347457670394004, 80.96676981301911, 83.67191843303492, 100.6288144858051, 30.07438713699471, 15.16210503921819, 40.728082792998286, 45.058095450923126, 48.74807620319735, 0.0, 57.87548728649208, 21.42109743043167, 9.930008858448588, 34.67145394367764, 60.653762195352094, 19.5392977896159, 73.2934442186702, 106.13889650668567, 66.40212344599644, 59.349739931333424, 44.11304078414223, 55.18849046575887, 27.35780653041446, 31.566907203880014, 76.098916179612, 38.387893501240846, 51.341083030692296, 65.64884610318968, 62.55981423784648, 40.62341628896621, 8.97476068605477, 62.72603767667042, 70.79265320291842, 30.643582980125064, 29.552491046259913, 52.16985642919068, 72.53771176123288, 45.87541608026609, 84.34607819647566, 18.633296471748768, 42.05770711632522, 75.8065963868321, 51.46337186166124, 60.425995259349996, 46.337905075802844, 37.64690238524647], [50.57863846632156, 57.29023192779681, 54.376124730549336, 57.52921408473186, 33.24439213708139, 17.11536836749428, 54.62381980613104, 45.46556495302395, 42.843165094492655, 19.758831960882635, 53.21329880089164, 25.291196975367576, 27.92600877006221, 48.60418211413156, 51.227718405326705, 43.090962461888786, 18.593903691285725, 71.42131097063196, 30.630705103286402, 57.87548728649208, 0.0, 44.95771906059856, 66.4763616873866, 28.714928616253655, 16.78200041274253, 40.43037886878637, 17.525791821050674, 57.93293286699151, 30.25046730474916, 47.35037176748711, 20.4155273970292, 36.697571642367286, 32.90743749462092, 69.82934613687526, 32.91321889174034, 30.14681841297785, 66.12723637945537, 23.765136045953724, 11.380926958316563, 17.293927187000605, 49.173627023521284, 15.36031959190131, 62.73749180672637, 28.941376735171875, 29.08118299661307, 51.771733032794266, 39.90890262407667, 31.73522516224831, 49.785439474510206, 76.44179171311633, 26.43939696758228, 74.87150230366804, 33.084311765317096, 18.9420014456514, 44.266637175054534, 47.080125923422415], [5.69382972714804, 75.40102956355008, 77.47540489042896, 38.869528974180255, 41.86207523556218, 62.05018463416171, 26.81049089109903, 6.191945209236087, 49.4548539781324, 59.08051722807142, 37.68065942386237, 70.0278267426793, 67.27364477112802, 92.27662651498609, 41.44506717497629, 11.960995384325763, 32.43985472730456, 61.244038408644755, 28.139804306195078, 21.42109743043167, 44.95771906059856, 0.0, 25.664729498026624, 16.877079112089763, 42.890357355812895, 7.983702461587648, 62.15998259705756, 99.91038124960595, 62.7681156978539, 63.62468285631933, 38.598059249877146, 33.96466976944185, 12.433319966457262, 50.24179772022186, 70.80594409530424, 18.674091230577627, 64.28010140647336, 46.66380983776134, 52.80569054740258, 29.748000823643793, 18.152389517876802, 54.408812496446416, 77.84101433980017, 16.33731743759911, 17.078505898421465, 59.64731612716263, 70.92538367197645, 25.149895272636698, 82.9692437591642, 36.39873740539507, 22.91035045152843, 85.67176885065011, 51.642252044185874, 53.855879189652924, 51.93044795291327, 45.850351351536574], [21.011980453438138, 79.49931015095382, 83.94893650796762, 30.92857521155129, 67.49250710147828, 83.33136369119387, 19.307049451008748, 22.02011273683527, 74.70976979469103, 82.95906197975577, 33.01864766017519, 90.14679715724542, 91.38059573756775, 110.25316380131387, 39.00962559024417, 23.39525269663311, 49.97086373620997, 51.45378224392775, 53.80207824019082, 9.930008858448588, 66.4763616873866, 25.664729498026624, 0.0, 41.2824904289518, 67.65350678007756, 26.578484586042755, 82.39857867236233, 115.96279376852814, 76.2954477348165, 68.97879664094964, 53.758946590652805, 59.301545140814625, 34.57106815765731, 36.74544352846102, 85.9318434155859, 44.11871479607209, 59.10566061230564, 72.01828586596376, 71.83630299521528, 49.40516832504984, 18.63729965651208, 72.21336159439183, 79.9054069245455, 38.24293970886836, 37.56961517782325, 61.40524276679284, 82.46656698890186, 50.80543563425673, 94.26572660752963, 10.742978224584935, 48.17139738504158, 84.20451898939659, 61.387018507355954, 70.09874754529768, 55.93495357239155, 47.01052696534906], [22.565938589512623, 69.03904694631501, 69.41942100827245, 44.696349480039515, 29.042429037241064, 45.64006267699046, 35.888498982396946, 19.26707527899449, 38.40264429464453, 42.23367807119102, 41.860911458307186, 53.99657428448637, 50.48395248608546, 76.94209450696017, 43.39559494091164, 19.975763443301837, 20.52964173233294, 65.07051680065169, 15.856684803532163, 34.67145394367764, 28.714928616253655, 16.877079112089763, 41.2824904289518, 0.0, 26.38063564248566, 15.132588835024029, 46.18733131188767, 85.41612558868535, 50.803153433983, 57.236739059935324, 27.72117878512999, 23.865216657816866, 7.618081674610832, 57.41612130729643, 57.45503313322376, 5.550869707960476, 64.89540594094498, 30.984087937827436, 37.724661726866735, 16.216157900428765, 27.778150665556616, 40.032712670249325, 72.68965986911475, 6.248053542230099, 8.6996939716028, 56.10004009334986, 59.855816227050084, 13.706446179988998, 71.5651531909773, 51.93197850727544, 7.657393316127201, 82.43291676491917, 43.28837639921992, 40.557705351296754, 47.718075182874266, 44.558209391643544], [48.47198136647413, 73.70598385649416, 71.0928231934704, 66.27658775373172, 16.919412802364274, 26.784115397621594, 60.218239044637926, 45.63340054970359, 26.115760116605667, 17.1532805569905, 62.48108848789385, 36.211859590364625, 24.714583347129885, 60.19717231789825, 61.916717184858236, 45.56948289882065, 29.046413495752212, 83.29489402205449, 19.179315565925123, 60.653762195352094, 16.78200041274253, 42.890357355812895, 67.65350678007756, 26.38063564248566, 0.0, 41.27000042154462, 29.842800311675614, 70.92784592638755, 47.0090712640715, 63.321611648762016, 33.8847252640188, 22.48334186525567, 33.31896041355537, 79.10248654744474, 48.85747355459296, 24.50958158739798, 79.67869077459432, 7.380505109960412, 27.72291163462722, 25.07462907297862, 52.99119157474637, 31.944645114245514, 78.9495354472421, 30.078603698329662, 31.516874267753202, 66.58788064182056, 56.63900422343344, 21.530325959501887, 66.17730691810017, 78.27552842675057, 20.12572321460739, 90.79598592289031, 48.677408255054836, 35.723991995076446, 58.58718201116544, 59.59837724547166], [11.84864549818502, 67.42215756153722, 69.57426854619942, 32.67173368876108, 43.42861485258911, 57.49308341016668, 21.863659591079898, 5.092644793195972, 52.077933876033214, 56.3821230050111, 30.89940005500466, 64.92825065405347, 64.80291175703722, 86.43543709180722, 34.13931282099561, 5.47992415497523, 25.871817705333353, 54.625366991201965, 29.69373115638524, 19.5392977896159, 40.43037886878637, 7.983702461587648, 26.578484586042755, 15.132588835024029, 41.27000042154462, 0.0, 57.07224212943044, 93.51862669830437, 55.604295589998564, 55.654665959574515, 31.487759791050955, 36.7697242399432, 8.001647062425237, 44.74082783758897, 64.04296358841046, 19.08193747290271, 56.893684683884516, 46.11400352895077, 47.11834734606442, 23.99025902849575, 13.237037573506157, 48.28052395212531, 69.86607405060614, 11.702274670213615, 11.369661439458223, 51.71639379813779, 63.4828223584572, 26.966391699305987, 75.54967515741275, 37.070946642495166, 22.561278550871336, 77.8132506804449, 43.85945445539054, 47.2400316080382, 43.9567689445634, 38.05360393564577], [67.71220424550638, 54.71839735205147, 49.55659504262084, 69.00842634605908, 46.54955213188855, 4.979242434462675, 68.62120777649594, 62.160143544246914, 54.70594751767006, 20.283627097737416, 64.4267968710597, 7.872136157290072, 24.326961795123, 31.23020416980997, 61.089837092420225, 59.0966438147309, 32.584058858551714, 78.80256909312115, 47.09185821406603, 73.2934442186702, 17.525791821050674, 62.15998259705756, 82.39857867236233, 46.18733131188767, 29.842800311675614, 57.07224212943044, 0.0, 41.24170958105898, 24.89017219895699, 47.52209364479916, 30.76336655753261, 52.05130906239325, 49.897946577533496, 80.3096429186388, 21.613440249309136, 47.63401082058841, 71.11535380359528, 34.79771431722191, 11.149548140355622, 33.151667075630066, 64.36920126831575, 13.108227519156957, 60.911178393756224, 45.92322635549754, 45.7312643096577, 55.013708676314955, 32.755372756014175, 48.58136432774675, 39.34643318549215, 91.91982233916598, 43.81818456802516, 73.70657937624401, 36.25657436685256, 18.059704056834104, 49.236977549609485, 54.905185908038945], [105.07933644022759, 55.75241248692936, 47.59971915128189, 94.42329385761505, 87.32627821393673, 44.223712339048205, 98.88064351596424, 98.49487881614577, 94.6498368766939, 58.03511612090127, 89.94696629249724, 34.861418693587744, 57.192731365803276, 12.40919574994787, 84.69435771704545, 94.05642616899263, 67.6538741060178, 94.8922368327417, 88.2453233959125, 106.13889650668567, 57.93293286699151, 99.91038124960595, 115.96279376852814, 85.41612558868535, 70.92784592638755, 93.51862669830437, 41.24170958105898, 0.0, 40.06325476804702, 57.28499920395701, 62.498735332680226, 93.26909763818101, 87.50468867822379, 102.46621652148674, 30.042374091455542, 87.77177180669999, 83.62340969980012, 75.1661907945516, 47.71957373447435, 70.21320122185449, 97.32997458812831, 45.552118840129154, 61.46483104055383, 83.70369964118532, 82.83841184252327, 67.9757817857046, 36.72932556136514, 89.58926739249628, 28.921117925898617, 123.99354929736985, 84.29431835210633, 72.36684867709188, 56.48314426963723, 46.31552325487231, 67.14527880034252, 76.17833450574814], [67.43836723201734, 29.828477715856913, 25.053870850157534, 54.696742343456684, 63.416145590590816, 29.751538277734475, 58.84747167857899, 60.328131680142995, 73.09355830535608, 43.822465291705996, 50.146704792610024, 27.637024323952488, 49.072452994762294, 36.8865446397561, 45.19226584059107, 55.26860497079438, 30.67834809643608, 58.607328258493695, 58.77133221268903, 66.40212344599644, 30.25046730474916, 62.7681156978539, 76.2954477348165, 50.803153433983, 47.0090712640715, 55.604295589998564, 24.89017219895699, 40.06325476804702, 0.0, 23.48055291260321, 24.171606350951777, 65.88974296753177, 50.82333019987768, 63.712143632238245, 10.497878768661868, 54.60939488162033, 49.097849485389844, 53.78667375372664, 19.64151010777732, 34.58908741411712, 57.73663261386621, 15.265792936132659, 36.03397361606974, 47.44364993404622, 46.006114613312, 32.516431381873694, 9.70696170284563, 59.04531359046173, 20.792609161485196, 84.01789844698332, 52.24554052072447, 48.844451721178515, 16.79220245082446, 11.422712872646613, 28.93485625026927, 37.09292310364459], [66.83662222849702, 11.873372123188213, 14.987865052115156, 40.98213232969213, 77.88798958279874, 52.10660000389918, 49.748959731142776, 59.228705647871955, 88.1647010110848, 64.61135469695022, 37.219382485948046, 51.062530592319085, 70.94606215388626, 57.66613996837684, 31.14623250309363, 53.06632003344091, 37.831991318217696, 37.607740452109454, 69.65771579292604, 59.349739931333424, 47.35037176748711, 63.62468285631933, 68.97879664094964, 57.236739059935324, 63.321611648762016, 55.654665959574515, 47.52209364479916, 57.28499920395701, 23.48055291260321, 0.0, 30.90339313210712, 77.7443539647593, 54.0404242249433, 46.32853367321878, 32.37697007375269, 62.32016851533364, 26.654774909545797, 70.64950232694052, 39.5436084220559, 42.843144057339224, 52.21090604361448, 35.5674053633812, 15.83528074081794, 51.93661008853876, 49.73703823707974, 10.72505776678585, 21.026593607990527, 68.9353015143334, 29.363486099126945, 74.24429846317507, 61.51197802026656, 27.52511889857377, 14.814093964843183, 30.376385686782402, 13.051605577392824, 22.36516575841621], [43.29869931306916, 42.320984572915656, 41.89204467804525, 38.39506176114625, 47.24358471313134, 33.262426567657506, 38.24454320002253, 36.29721977386325, 57.57767742300914, 40.11381220967839, 33.87154827881207, 37.908181307637165, 48.07084790726266, 56.51659238778195, 31.171317724168766, 31.57246378775656, 7.247059147654111, 51.00718427885783, 38.82380818321264, 44.11304078414223, 20.4155273970292, 38.598059249877146, 53.758946590652805, 27.72117878512999, 33.8847252640188, 31.487759791050955, 30.76336655753261, 62.498735332680226, 24.171606350951777, 30.90339313210712, 0.0, 46.8546100689989, 26.764339183685266, 50.15299739734623, 32.68863694945375, 32.2780450357739, 46.05325753413573, 41.24717659839513, 19.614067666406704, 12.10827089898083, 35.16751524195857, 18.853496240809378, 46.72930397347216, 23.582580933731936, 21.958145709452168, 32.77588566449341, 32.5540308279393, 38.27084754230871, 44.51271851834576, 62.479300586602335, 30.912345883993588, 57.79143781397015, 16.20559803560125, 16.34298555161774, 24.702924096944642, 26.668151918297966], [38.29653659436004, 89.14572360886991, 88.07859268336786, 68.37135974043919, 9.629020963756599, 49.239153798217636, 58.60075335819783, 39.14421661322897, 15.494100331678325, 38.39137644444496, 65.68717669396106, 58.66473354583674, 44.34954625433198, 82.67124866508001, 67.22514564731216, 42.20583545668869, 39.96858126445987, 88.93100850139595, 8.326700142730825, 55.18849046575887, 36.697571642367286, 33.96466976944185, 59.301545140814625, 23.865216657816866, 22.48334186525567, 36.7697242399432, 52.05130906239325, 93.26909763818101, 65.88974296753177, 77.7443539647593, 46.8546100689989, 0.0, 30.925844229553956, 80.95649364760854, 69.60043925613721, 18.46243619225907, 88.36369716031024, 20.455238620854878, 48.06134986253303, 34.950830685204984, 50.004791576648145, 51.83841844744172, 93.55152380466826, 30.08491092531082, 32.49893599542344, 78.302833931045, 75.56872299767187, 10.171257990179862, 86.16344161294023, 69.91417816302739, 17.064152154067436, 104.23768522368817, 63.04827624283315, 54.51629529608861, 69.87790776398575, 67.86380924426057], [17.843206979368084, 65.91371238379325, 67.14745800138334, 37.44582797463131, 36.60845546961216, 50.02080610836218, 28.27782996670438, 12.749899025932676, 45.800411922356034, 48.401628345786264, 34.86542654596384, 57.77007072356363, 56.81053667471357, 79.85453809925961, 36.93064013108521, 12.430770795404685, 20.231201619412342, 58.35861196164366, 23.205896280230395, 27.35780653041446, 32.90743749462092, 12.433319966457262, 34.57106815765731, 7.618081674610832, 33.31896041355537, 8.001647062425237, 49.897946577533496, 87.50468867822379, 50.82333019987768, 54.0404242249433, 26.764339183685266, 30.925844229553956, 0.0, 50.05875680839865, 58.54393221873527, 12.508999052380217, 59.03390226595988, 38.36381538079744, 40.38724752081048, 17.31659728960744, 20.18265803971853, 41.984422944253105, 69.02832010665733, 3.97740889866136, 4.817225185159624, 51.63285164847655, 59.3057047915971, 20.78937462653398, 71.277033095844, 45.07138033604511, 15.271854575633274, 78.02155929338284, 40.972320946980915, 41.55737537740348, 43.43059123745504, 39.09545971138782], [49.18169129331186, 53.34813730899823, 60.1074991470029, 12.880245639529358, 86.33505039059033, 83.27687239897928, 23.45386328970144, 44.06241274609042, 95.8145482174222, 89.48124875016609, 16.714432584171117, 86.74779424747625, 97.75357938167707, 100.5966018459106, 19.232135378557707, 39.291368951755686, 51.46308645975504, 15.4335109489915, 73.23387442259505, 31.566907203880014, 69.82934613687526, 50.24179772022186, 36.74544352846102, 57.41612130729643, 79.10248654744474, 44.74082783758897, 80.3096429186388, 102.46621652148674, 63.712143632238245, 46.32853367321878, 50.15299739734623, 80.95649364760854, 50.05875680839865, 0.0, 74.19042946963665, 62.56706991583833, 25.94725292276452, 85.65464888854679, 69.30783237837443, 54.36700508975991, 32.10395590747561, 67.43823874329348, 51.34555400779095, 51.487464236399, 49.30105032432623, 35.9159336592201, 65.7767680851514, 70.84486782641697, 75.57208263426945, 35.87665512798736, 64.93730547051022, 51.71801846475788, 46.98499908072218, 63.17058298791742, 35.32261046330185, 26.621851949488065], [75.76486856342414, 36.2121136890288, 29.695810093235412, 65.1589307338571, 65.74490537728627, 26.516121385920904, 68.91669242834837, 68.93154289738571, 74.76890265275219, 41.8784437551067, 60.594894891933706, 21.313550479529372, 45.49255666610643, 26.408938137011134, 55.686122473658486, 64.24485224430012, 38.36612732687624, 68.69343488422734, 63.21130970632784, 76.098916179612, 32.91321889174034, 70.80594409530424, 85.9318434155859, 57.45503313322376, 48.85747355459296, 64.04296358841046, 21.613440249309136, 30.042374091455542, 10.497878768661868, 32.37697007375269, 32.68863694945375, 69.60043925613721, 58.54393221873527, 74.19042946963665, 0.0, 60.61329829262371, 58.72201473764716, 54.90263789285714, 21.53925514794233, 41.539884268990036, 67.30413154414939, 17.94877596829002, 42.61355660603121, 54.90875192149437, 53.772625989534966, 42.18306997780026, 12.75418787717133, 63.94455732718376, 17.790071587194408, 93.976545849994, 57.70043385841568, 55.33619470955724, 27.289781130130876, 17.002618543351012, 39.26302635835188, 47.5769244156755], [24.109068233567623, 74.06984149367595, 74.1504174713543, 49.93051886836482, 24.358035710755427, 46.51360698864387, 40.57721450684435, 22.44427289211816, 33.312381492077854, 41.222313587061535, 47.22766097559817, 55.29381797048497, 49.157690078704995, 78.74651417157597, 48.90163825287357, 24.323013254088046, 25.030987005280988, 70.53884614614586, 10.731579522072904, 38.387893501240846, 30.14681841297785, 18.674091230577627, 44.11871479607209, 5.550869707960476, 24.50958158739