instance_id,num_cities,city_coordinates,distance_matrix,best_route,total_distance
1851,30,"[[71.70071074750766, 24.22110104698917], [95.12087195098258, 80.36010148742257], [80.62283803011776, 51.84104160990262], [65.36592674437149, 30.871681084366177], [38.10899562485481, 15.255343124318044], [90.81654406849825, 84.14189846157491], [87.95736470694588, 78.67820700962976], [61.38797718937816, 61.51455881946448], [66.01826524166673, 15.81746727982699], [16.614261588363988, 63.814064639685895], [99.06385149213239, 80.94056729422108], [28.78388228913752, 8.319744625938519], [74.24003857586719, 70.16420893781942], [24.699725356194403, 12.949097583511692], [28.074197489649144, 89.8487880887241], [49.781700405807506, 89.68309857470543], [60.20075408602149, 25.49552891393141], [49.496025012118096, 76.45913462103732], [25.017918121835724, 46.44974953444822], [59.10949468824129, 61.7044475856825], [27.653529850422977, 53.843985148824345], [53.293123190770274, 97.33075478396714], [9.246755607061974, 24.587841373601982], [57.033818584185795, 47.57920886667299], [93.57112904222545, 44.80900449977312], [21.654893840899582, 34.08750621267155], [10.25605675785769, 14.966241886231813], [45.559250572919886, 11.410857961519383], [81.64396110446191, 63.46017760998367], [65.30697736449244, 28.95375181081984]]","[[0.0, 60.82837595438278, 29.02525576021626, 9.184753845365014, 34.767630635540925, 62.89608132750179, 56.83181492600059, 38.69308033832883, 10.14451809695464, 67.83892427666825, 62.97491026417602, 45.7679724365681, 46.01323014621284, 48.33374276667482, 78.80524072348238, 69.03416642995182, 11.570357367173195, 56.76143250738828, 51.70489281403169, 39.541623507272696, 53.08172385568559, 75.39138378621108, 62.45503191218435, 27.581133527222676, 30.036260835315037, 51.00911429091023, 62.13773347969221, 29.111480003056954, 40.47929541355204, 7.954735056899772], [60.82837595438278, 0.0, 31.992651716732, 57.74478780148107, 86.53891381190265, 5.729679473900774, 7.358301778929438, 38.64016909185708, 70.80051799056702, 80.23128570573122, 3.985477162748298, 97.93063470705022, 23.23715617975628, 97.48528778773611, 67.71478220995574, 46.28778187699533, 65.03488260445046, 45.791311410435135, 77.8738473760356, 40.55678383280644, 72.4910109999579, 45.139380142608964, 102.39584393935564, 50.25147316425997, 35.58485914133286, 86.82397717872699, 107.13726583828564, 84.9137945001679, 21.615609013587747, 59.42626605708539], [29.02525576021626, 31.992651716732, 0.0, 25.932362461431428, 56.08868094132398, 33.871182384870174, 27.821371789784468, 21.530369406173858, 38.87147352297888, 65.11874644502578, 34.450738345622064, 67.68589678420247, 19.403056197414347, 68.11738281299607, 64.85328376458473, 48.817999193832456, 33.333879939684415, 39.68537504122133, 55.86567057012131, 23.666658386610287, 53.00716358998648, 53.068138443502136, 76.40210772735757, 23.97092106598786, 14.73457790547348, 61.582517494849846, 79.44328015180972, 53.51686570802292, 11.663919312192514, 27.539128930960175], [9.184753845365014, 57.74478780148107, 25.932362461431428, 0.0, 31.413536975904464, 59.03769966380984, 52.87567484448541, 30.90000062379053, 15.0683409434427, 58.8381295571951, 60.35265941614466, 42.974827684932876, 40.28216237880349, 44.440510063329356, 69.77802104825703, 60.84119441459522, 7.4553350528488584, 48.270795528451046, 43.25087301361283, 31.461125729980925, 44.15825668565981, 67.54673243505447, 56.46988587423576, 18.669909238922056, 31.460807692246505, 43.82916755705319, 57.35922563996139, 27.767391983754564, 36.42779856687015, 1.9188349923102066], [34.767630635540925, 86.53891381190265, 56.08868094132398, 31.413536975904464, 0.0, 86.73778397660371, 80.66795871694752, 51.78634974017285, 27.914929949940895, 53.103418218665794, 89.61050791090851, 11.621543152899138, 65.73002213336765, 13.606149258054948, 75.26539181637337, 75.33752596339983, 24.349685766192735, 62.25406438008915, 33.82997637407427, 50.97587925846933, 39.97999572105791, 83.468143198701, 30.333552749679196, 37.45639091759654, 62.84478613139905, 25.007755439125336, 27.85443919834937, 8.383696377979533, 64.95382426848322, 30.452858835454013], [62.89608132750179, 5.729679473900774, 33.871182384870174, 59.03769966380984, 86.73778397660371, 0.0, 6.1665898926055975, 37.12192139205978, 72.68550425691969, 76.93633441457928, 8.846841299752235, 97.96453511198565, 21.683088773736355, 97.15888334835478, 63.00135429843457, 41.40728550768848, 66.15680809538722, 42.028682531316, 75.82979142272191, 38.842968246648425, 70.05376446858317, 39.77377333695933, 100.99661432583272, 49.780546517304956, 39.42923136186943, 85.37432896141425, 106.18504404273554, 85.66228380545103, 22.624541003416482, 60.798598044456334], [56.83181492600059, 7.358301778929438, 27.821371789784468, 52.87567484448541, 80.66795871694752, 6.1665898926055975, 0.0, 31.631047599699368, 66.57925115773995, 72.8751061130107, 11.334563192590114, 91.93374924611727, 16.144757643060622, 91.22414571910414, 60.91613577385998, 39.730202405629456, 59.990221558119664, 38.52530250869873, 70.71101334070613, 33.471004072153455, 65.21726055144062, 39.364034071290135, 95.50459486073905, 43.85673711417778, 34.33128644058851, 79.90211662094295, 100.48237535450738, 79.51412660705147, 16.47566338137407, 54.64029183287393], [38.69308033832883, 38.64016909185708, 21.530369406173858, 30.90000062379053, 51.78634974017285, 37.12192139205978, 31.631047599699368, 0.0, 45.93107600121267, 44.832726168924104, 42.389165004022566, 62.39162813509237, 15.491672893914327, 60.86568694786862, 43.73369943378957, 30.465920185010674, 36.03859062217652, 19.098661536222817, 39.366606094130574, 2.2863814755028815, 34.59552915770271, 36.71956637307193, 63.892796537816075, 14.599749157637488, 36.2605958074545, 48.28002824225492, 69.14635996444076, 52.54454706209792, 20.34920924375571, 32.79580332034494], [10.14451809695464, 70.80051799056702, 38.87147352297888, 15.0683409434427, 27.914929949940895, 72.68550425691969, 66.57925115773995, 45.93107600121267, 0.0, 68.87981515001303, 73.02759017057691, 37.98177350848996, 54.965133362883236, 41.417982603962095, 83.18887388515093, 75.62907856281197, 11.291957892216065, 62.852177688008, 51.17973407583726, 46.40416007374608, 54.01730262500457, 82.50057745221002, 57.44496294660464, 33.00800676155261, 39.99586896152728, 47.97815174274703, 55.76870519980256, 20.928198367279343, 50.13970700751842, 13.15552742095189], [67.83892427666825, 80.23128570573122, 65.11874644502578, 58.8381295571951, 53.103418218665794, 76.93633441457928, 72.8751061130107, 44.832726168924104, 68.87981515001303, 0.0, 84.20957171530674, 56.81301982634701, 57.97460224978324, 51.5035882047706, 28.445332761798806, 42.06288048196475, 58.03526952133742, 35.229365033860724, 19.290953377335903, 42.54756538660526, 14.875077438985016, 49.686088663490445, 39.91211264898394, 43.55813505774803, 79.26885743615145, 30.150891353656522, 49.2598879050647, 59.86575362818627, 65.03066242307376, 59.885073099907224], [62.97491026417602, 3.985477162748298, 34.450738345622064, 60.35265941614466, 89.61050791090851, 8.846841299752235, 11.334563192590114, 42.389165004022566, 73.02759017057691, 84.20957171530674, 0.0, 101.05967522306831, 27.061995253996383, 100.76141726565783, 71.54640014085894, 50.05159606731438, 67.70888140405701, 49.76999759651476, 81.68486248024341, 44.34387138099091, 76.37839223847686, 48.61684703049077, 106.03178972323512, 53.66100914420458, 36.54668014855587, 90.48400995403424, 110.63198460935394, 87.73324797027739, 24.67826178301965, 61.98512349729195], [45.7679724365681, 97.93063470705022, 67.68589678420247, 42.974827684932876, 11.621543152899138, 97.96453511198565, 91.93374924611727, 62.39162813509237, 37.98177350848996, 56.81301982634701, 101.05967522306831, 0.0, 76.75284952617136, 6.173430704130307, 81.53213219627833, 84.02918380808585, 35.80541019747584, 71.21775989934876, 38.31552897236805, 61.39681813808249, 45.538271506736706, 92.32368503762696, 25.423420123634166, 48.3669766797946, 74.35626018020095, 26.735744116927517, 19.68390826915811, 17.057783053783314, 76.38491527801992, 41.948763109168645], [46.01323014621284, 23.23715617975628, 19.403056197414347, 40.28216237880349, 65.73002213336765, 21.683088773736355, 16.144757643060622, 15.491672893914327, 54.965133362883236, 57.97460224978324, 27.061995253996383, 76.75284952617136, 0.0, 75.68230705514414, 50.18732449081311, 31.292129341064893, 46.822990977332005, 25.532181587170246, 54.63691725184835, 17.334962372918003, 49.362460430460416, 34.304438158367425, 79.38093040152552, 28.392538361615728, 31.88381173438412, 63.77088619672917, 84.50305021663728, 65.37999580463664, 9.98809816001203, 42.16753916488889], [48.33374276667482, 97.48528778773611, 68.11738281299607, 44.440510063329356, 13.606149258054948, 97.15888334835478, 91.22414571910414, 60.86568694786862, 41.417982603962095, 51.5035882047706, 100.76141726565783, 6.173430704130307, 75.68230705514414, 0.0, 76.97369331126654, 80.72925356093623, 37.65283495309411, 68.17903842922865, 33.502163031271486, 59.67509010733751, 41.0014242431856, 89.09459283043782, 19.345661815481197, 47.37866811509768, 75.8836208571856, 21.35657552909343, 14.583841528094519, 20.9161653608369, 76.11842871732786, 43.647426872624656], [78.80524072348238, 67.71478220995574, 64.85328376458473, 69.77802104825703, 75.26539181637337, 63.00135429843457, 60.91613577385998, 43.73369943378957, 83.18887388515093, 28.445332761798806, 71.54640014085894, 81.53213219627833, 50.18732449081311, 76.97369331126654, 0.0, 21.708135246263772, 71.92675166555178, 25.262175567182354, 43.50652124693086, 41.89622386989178, 36.0072603234918, 26.305399429535257, 67.9224832731858, 51.23843266092736, 79.48855356931843, 56.12956454307691, 76.97325421798352, 80.36315053533582, 59.71665041465074, 71.3756635030163], [69.03416642995182, 46.28778187699533, 48.817999193832456, 60.84119441459522, 75.33752596339983, 41.40728550768848, 39.730202405629456, 30.465920185010674, 75.62907856281197, 42.06288048196475, 50.05159606731438, 84.02918380808585, 31.292129341064893, 80.72925356093623, 21.708135246263772, 0.0, 65.0276923975309, 13.227049295987104, 49.82336181195186, 29.492586481028717, 42.120042536556824, 8.415267997503996, 76.68425040329439, 42.72388964758855, 62.699269368548585, 62.305594753803504, 84.52742264608935, 78.38604935318365, 41.26554544351814, 62.68243600094156], [11.570357367173195, 65.03488260445046, 33.333879939684415, 7.4553350528488584, 24.349685766192735, 66.15680809538722, 59.990221558119664, 36.03859062217652, 11.291957892216065, 58.03526952133742, 67.70888140405701, 35.80541019747584, 46.822990977332005, 37.65283495309411, 71.92675166555178, 65.0276923975309, 0.0, 52.07571728949137, 40.950107549261645, 36.22535905206087, 43.16198299828185, 72.16657841677184, 50.96208254834841, 22.309603329685352, 38.556351797369885, 39.49183986519918, 51.042518320646906, 20.316288562675165, 43.6018999339519, 6.1670756257858566], [56.76143250738828, 45.791311410435135, 39.68537504122133, 48.270795528451046, 62.25406438008915, 42.028682531316, 38.52530250869873, 19.098661536222817, 62.852177688008, 35.229365033860724, 49.76999759651476, 71.21775989934876, 25.532181587170246, 68.17903842922865, 25.262175567182354, 13.227049295987104, 52.07571728949137, 0.0, 38.72648848278508, 17.610212625775073, 31.44104929131993, 21.21420474125632, 65.65542438216524, 29.847419377773704, 54.261823890814256, 50.69993568900876, 72.94621967922437, 65.16729616424415, 34.676543633595365, 50.06743063344033], [51.70489281403169, 77.8738473760356, 55.86567057012131, 43.25087301361283, 33.82997637407427, 75.82979142272191, 70.71101334070613, 39.366606094130574, 51.17973407583726, 19.290953377335903, 81.68486248024341, 38.31552897236805, 54.63691725184835, 33.502163031271486, 43.50652124693086, 49.82336181195186, 40.950107549261645, 38.72648848278508, 0.0, 37.348914380707555, 7.849915254623767, 58.20965484257636, 26.956865461338047, 32.035816843000234, 68.57284281524467, 12.811517953036558, 34.772457560037495, 40.61613302033352, 59.12582690485769, 43.924005179440464], [39.541623507272696, 40.55678383280644, 23.666658386610287, 31.461125729980925, 50.97587925846933, 38.842968246648425, 33.471004072153455, 2.2863814755028815, 46.40416007374608, 42.54756538660526, 44.34387138099091, 61.39681813808249, 17.334962372918003, 59.67509010733751, 41.89622386989178, 29.492586481028717, 36.22535905206087, 17.610212625775073, 37.348914380707555, 0.0, 32.42321072317361, 36.097976979093175, 62.16055988631715, 14.276932449162613, 38.380466899412575, 46.53539056926475, 67.61004562653399, 52.086987558012325, 22.60276010981861, 33.331919615588305], [53.08172385568559, 72.4910109999579, 53.00716358998648, 44.15825668565981, 39.97999572105791, 70.05376446858317, 65.21726055144062, 34.59552915770271, 54.01730262500457, 14.875077438985016, 76.37839223847686, 45.538271506736706, 49.362460430460416, 41.0014242431856, 36.0072603234918, 42.120042536556824, 43.16198299828185, 31.44104929131993, 7.849915254623767, 32.42321072317361, 0.0, 50.48255025212532, 34.56488516750114, 30.040785408252503, 66.53390683358259, 20.647084392945168, 42.59285140958037, 46.056325488319786, 54.84011145545896, 45.13652429369252], [75.39138378621108, 45.139380142608964, 53.068138443502136, 67.54673243505447, 83.468143198701, 39.77377333695933, 39.364034071290135, 36.71956637307193, 82.50057745221002, 49.686088663490445, 48.61684703049077, 92.32368503762696, 34.304438158367425, 89.09459283043782, 26.305399429535257, 8.415267997503996, 72.16657841677184, 21.21420474125632, 58.20965484257636, 36.097976979093175, 50.48255025212532, 0.0, 85.0388966811484, 49.89197453686261, 66.18800501816845, 70.71552903178835, 92.93063042954212, 86.26726757959362, 44.169967268577246, 69.42439936864601], [62.45503191218435, 102.39584393935564, 76.40210772735757, 56.46988587423576, 30.333552749679196, 100.99661432583272, 95.50459486073905, 63.892796537816075, 57.44496294660464, 39.91211264898394, 106.03178972323512, 25.423420123634166, 79.38093040152552, 19.345661815481197, 67.9224832731858, 76.68425040329439, 50.96208254834841, 65.65542438216524, 26.956865461338047, 62.16055988631715, 34.56488516750114, 85.0388966811484, 0.0, 53.03024011996401, 86.7150240351009, 15.627076709502559, 9.674392255245776, 38.62939531610294, 82.17307276904684, 56.22997098912722], [27.581133527222676, 50.25147316425997, 23.97092106598786, 18.669909238922056, 37.45639091759654, 49.780546517304956, 43.85673711417778, 14.599749157637488, 33.00800676155261, 43.55813505774803, 53.66100914420458, 48.3669766797946, 28.392538361615728, 47.37866811509768, 51.23843266092736, 42.72388964758855, 22.309603329685352, 29.847419377773704, 32.035816843000234, 14.276932449162613, 30.040785408252503, 49.89197453686261, 53.03024011996401, 0.0, 36.6421763510516, 37.86415661935571, 57.02424586742051, 37.944898448190536, 29.289320290752958, 20.380206248799226], [30.036260835315037, 35.58485914133286, 14.73457790547348, 31.460807692246505, 62.84478613139905, 39.42923136186943, 34.33128644058851, 36.2605958074545, 39.99586896152728, 79.26885743615145, 36.54668014855587, 74.35626018020095, 31.88381173438412, 75.8836208571856, 79.48855356931843, 62.699269368548585, 38.556351797369885, 54.261823890814256, 68.57284281524467, 38.380466899412575, 66.53390683358259, 66.18800501816845, 86.7150240351009, 36.6421763510516, 0.0, 72.71104050316391, 88.49854094931511, 58.48569625422986, 22.138735135563994, 32.40758102500799], [51.00911429091023, 86.82397717872699, 61.582517494849846, 43.82916755705319, 25.007755439125336, 85.37432896141425, 79.90211662094295, 48.28002824225492, 47.97815174274703, 30.150891353656522, 90.48400995403424, 26.735744116927517, 63.77088619672917, 21.35657552909343, 56.12956454307691, 62.305594753803504, 39.49183986519918, 50.69993568900876, 12.811517953036558, 46.53539056926475, 20.647084392945168, 70.71552903178835, 15.627076709502559, 37.86415661935571, 72.71104050316391, 0.0, 22.26109243247752, 32.94918279226614, 66.79402680005663, 43.95292743617038], [62.13773347969221, 107.13726583828564, 79.44328015180972, 57.35922563996139, 27.85443919834937, 106.18504404273554, 100.48237535450738, 69.14635996444076, 55.76870519980256, 49.2598879050647, 110.63198460935394, 19.68390826915811, 84.50305021663728, 14.583841528094519, 76.97325421798352, 84.52742264608935, 51.042518320646906, 72.94621967922437, 34.772457560037495, 67.61004562653399, 42.59285140958037, 92.93063042954212, 9.674392255245776, 57.02424586742051, 88.49854094931511, 22.26109243247752, 0.0, 35.481773467457195, 86.30118590714319, 56.80012582317446], [29.111480003056954, 84.9137945001679, 53.51686570802292, 27.767391983754564, 8.383696377979533, 85.66228380545103, 79.51412660705147, 52.54454706209792, 20.928198367279343, 59.86575362818627, 87.73324797027739, 17.057783053783314, 65.37999580463664, 20.9161653608369, 80.36315053533582, 78.38604935318365, 20.316288562675165, 65.16729616424415, 40.61613302033352, 52.086987558012325, 46.056325488319786, 86.26726757959362, 38.62939531610294, 37.944898448190536, 58.48569625422986, 32.94918279226614, 35.481773467457195, 0.0, 63.33433515884721, 26.414500526082566], [40.47929541355204, 21.615609013587747, 11.663919312192514, 36.42779856687015, 64.95382426848322, 22.624541003416482, 16.47566338137407, 20.34920924375571, 50.13970700751842, 65.03066242307376, 24.67826178301965, 76.38491527801992, 9.98809816001203, 76.11842871732786, 59.71665041465074, 41.26554544351814, 43.6018999339519, 34.676543633595365, 59.12582690485769, 22.60276010981861, 54.84011145545896, 44.169967268577246, 82.17307276904684, 29.289320290752958, 22.138735135563994, 66.79402680005663, 86.30118590714319, 63.33433515884721, 0.0, 38.17840304613625], [7.954735056899772, 59.42626605708539, 27.539128930960175, 1.9188349923102066, 30.452858835454013, 60.798598044456334, 54.64029183287393, 32.79580332034494, 13.15552742095189, 59.885073099907224, 61.98512349729195, 41.948763109168645, 42.16753916488889, 43.647426872624656, 71.3756635030163, 62.68243600094156, 6.1670756257858566, 50.06743063344033, 43.924005179440464, 33.331919615588305, 45.13652429369252, 69.42439936864601, 56.22997098912722, 20.380206248799226, 32.40758102500799, 43.95292743617038, 56.80012582317446, 26.414500526082566, 38.17840304613625, 0.0]]",Route_1,1318.730395977856
