instance_id,num_cities,city_coordinates,distance_matrix,best_route,total_distance
2096,62,"[[75.21317802313601, 7.7739701903689395], [56.039209409896394, 25.00921514415152], [44.94077631184158, 14.986190325834581], [34.65069733913471, 97.95525760976967], [48.72584884043738, 45.904728394324735], [54.66968665679459, 45.77778243175684], [18.76700935919633, 3.0196635365736912], [78.80941171643285, 60.396140622800246], [99.99193423552849, 4.714034618998053], [84.90306523289584, 47.66081243981923], [33.71251701195249, 4.060213179993388], [61.909639827278085, 92.07799697356661], [33.49488016616423, 22.4711531771599], [93.56714076970096, 87.16837204311709], [31.851963537918383, 81.60295468545401], [89.74926769364703, 91.41038917871364], [97.21425241803516, 30.94523767729297], [65.45128160132215, 30.367229843515233], [2.0719468435069333, 83.57265641148534], [73.56376474811943, 3.9084446676229123], [86.66025023660731, 35.19417336143506], [86.03069569291726, 73.83185801576566], [52.15475885536702, 64.15241614663769], [19.84394795750396, 38.19779702052001], [50.95346608186235, 99.70575344903018], [4.39416498622669, 95.23543488215705], [10.740451471344292, 21.957178571046875], [68.66430945098843, 56.26603263665353], [97.1044758634786, 52.83227246342486], [81.37264464303337, 88.44098302344243], [49.803982604927945, 3.035136480848899], [43.55535777421179, 81.1300889486337], [88.27146852132914, 60.6020376504077], [17.9353098045825, 12.398133908216359], [75.77771724552737, 20.569716313030938], [53.17748253567194, 27.255827355792928], [90.43513615373855, 12.756200663362415], [92.65504106200724, 65.40945421260759], [66.70380543087072, 18.20285425235353], [78.0467824340778, 62.57871525439005], [78.04413357893654, 10.674370619022188], [31.533331849622936, 10.162948121437987], [84.92553767968421, 11.951127348365997], [79.52645111938776, 86.81056066787654], [81.23341408172395, 63.46925199117268], [79.90916765289046, 72.76515242422312], [73.86888936448264, 19.055885250618598], [10.668689681362398, 2.237963048135627], [33.68558243267845, 16.625599565530703], [82.60837018855258, 51.061416876246255], [96.16518981368294, 1.3954715024830144], [73.87547249988347, 21.452083502224617], [22.510142766299566, 16.946610228138802], [48.4246590084199, 63.41208964689366], [98.70775427503156, 56.32483916279918], [69.52979601582885, 37.67487962194378], [48.72695976150286, 50.01658003409703], [32.34051612786264, 60.628103517447606], [18.442630982766385, 34.24179071049556], [40.67729925467957, 37.1456912983268], [48.56182335236541, 84.34356309046377], [71.5455224632501, 51.21986696026999]]","[[0.0, 25.781674518897834, 31.11967905767021, 98.88366619346465, 46.427721551258365, 43.20098126660561, 56.646035947771736, 52.74491177162638, 24.966977492962975, 41.04697429495138, 41.66649559894954, 85.34724987010866, 44.23147707041032, 81.48827519378449, 85.62075608874613, 84.89021430119661, 31.95238506716626, 24.611989019677186, 105.33318817599326, 4.202719562236086, 29.713683787153883, 66.93775640465347, 60.91157412972064, 63.17721802241621, 95.07884305454628, 112.53817313940559, 66.01436108144834, 48.93227768937009, 50.094705557220955, 80.90182932698661, 25.847316238386707, 79.89579301934388, 54.41804537373248, 57.4642243291549, 12.8081936028949, 29.41283111552212, 16.016573597865484, 60.21683821610421, 13.459979371912572, 54.877949993508814, 4.052978164936227, 43.74512746920392, 10.572538579771235, 79.1541973562495, 56.019707756039416, 65.16061760570418, 11.361721675189555, 64.78146610242939, 42.46048207592345, 43.91459788892652, 21.90141647434202, 13.743370759711894, 53.49530120062737, 61.75131648524039, 53.93683334451721, 30.43624838701748, 49.85938070425968, 68.05603975947346, 62.63737330339177, 45.33679436344367, 81.07525678450521, 43.60043168876726], [25.781674518897834, 0.0, 14.954472365837447, 76.01706097973589, 22.13837656213938, 20.81367290391231, 43.27536570061233, 42.079883648984065, 48.41215107952036, 36.69083036694591, 30.616039533661226, 67.32520664184403, 22.686748105404764, 72.60927226282068, 61.54570836492421, 74.46800616816643, 41.60072752051387, 10.830301217196487, 79.63756702701357, 27.429045818358002, 32.270443368489815, 57.298688522808305, 39.335469246363616, 38.523183195534614, 74.86947054661765, 87.17185642289292, 45.40145810454886, 33.710262395999855, 49.60321186672566, 68.30352931586908, 22.84158896422069, 57.49259976936509, 48.01840835959056, 40.13659844918596, 20.231605014155118, 3.6382340678074514, 36.51323240188663, 54.524292240836346, 12.651488326674395, 43.540792470370704, 26.26222487233017, 28.652219451707847, 31.70068797033253, 66.11396850638235, 45.97741166399173, 53.3891791660109, 18.797330238738887, 50.76429830557693, 23.874037136745418, 37.21071780511419, 46.55859955088321, 18.187508530121242, 34.484835914101, 39.15050635547372, 52.92705384380803, 18.504458479949445, 26.054506206399516, 42.78239441902754, 38.71360434027799, 19.577597836757686, 59.80364661513049, 30.453965474702994], [31.11967905767021, 14.954472365837447, 0.0, 83.60473581819807, 31.149362278213747, 32.29200893282466, 28.77957330971888, 56.6493428924116, 56.00131401676402, 51.619913464684444, 15.666868975548047, 78.93724710944012, 13.676008462389591, 87.03327339503761, 67.89042873318651, 88.59152933671331, 54.655351948284824, 25.63702798442644, 80.8816411190035, 30.691886808916173, 46.3559821697947, 71.7718195437255, 49.6926484059815, 34.185223105836975, 84.9326604673116, 89.91089445584964, 34.90353701719102, 47.61125293258178, 64.4467026625776, 81.99321679474367, 12.902653349403057, 66.15840618959571, 62.91545449642807, 27.129195662523188, 31.33835810308707, 14.777933626343396, 45.5489805738695, 69.42014550290173, 21.999462794620197, 57.974615742070384, 33.3829904522795, 14.248622121796547, 40.09978489868145, 79.71768358980415, 60.56205763298395, 67.53663342325972, 29.21297899166045, 36.56628530122984, 11.373963773142247, 52.15620384119576, 52.996680808735846, 29.648345958295433, 22.516140154292547, 48.55105728711649, 67.8216175489794, 33.45738351961274, 35.23440631296671, 47.349242829159415, 32.755607948175005, 22.56591943544137, 69.45183322621091, 44.952106071125485], [98.88366619346465, 76.01706097973589, 83.60473581819807, 0.0, 53.9200100277486, 55.88603447421123, 96.2551742291015, 57.97136641736723, 113.85694051732398, 71.09733956965665, 93.89973136700645, 27.885339125744377, 75.4929528852228, 59.895777870691106, 16.590079017854418, 55.48592396176689, 91.6762848039859, 74.275281811812, 35.61227598855845, 101.77931931267439, 81.51041214851975, 56.76127763543286, 38.0660512864899, 61.56455086595004, 16.39647841343152, 30.378531657935802, 79.67062115381144, 53.8044355769553, 77.04906385210046, 47.68083242532911, 96.1220653620983, 19.03626218404494, 65.34868126829898, 87.17468437862657, 87.63534542734499, 73.08660074155559, 101.83704099401861, 66.51115101611059, 85.95258913857403, 55.98856982089747, 97.47278359926621, 87.84763840246482, 99.62063035982173, 46.23891810231439, 57.95889994337546, 51.796433606958026, 88.10889594362783, 98.67591990701717, 81.33538420869178, 67.07436681678666, 114.48941032901777, 85.97277845306992, 81.91333234545766, 37.188068960063006, 76.39632375552237, 69.6439192956121, 49.96256570160977, 37.398574436211746, 65.74273556323419, 61.107473238829115, 19.46272474868013, 59.543470339747564], [46.427721551258365, 22.13837656213938, 31.149362278213747, 53.9200100277486, 0.0, 5.945193290766107, 52.31310400766028, 33.3919418975534, 65.76385607177782, 36.219812493738914, 44.45631098184604, 48.01857011694025, 27.94843205289363, 60.93791717034608, 39.485331017166864, 61.26733271352481, 50.74358722062283, 22.82879677633679, 59.96214949987353, 48.79149427400974, 39.417442819116225, 46.60017347156276, 18.56705502217293, 29.89249052541668, 53.84712225840242, 66.32357647125453, 44.90407059305736, 22.46995409698463, 48.872102670786106, 53.62039009602164, 42.88314684397692, 35.6028089347875, 42.18846922222559, 45.505485033949604, 37.06300610265725, 19.17285978933504, 53.27747684447795, 48.0646258540106, 33.024244944360476, 33.73038666562098, 45.83382952561932, 39.66178888495525, 49.63128545631698, 51.205119028648255, 36.949347586943006, 41.15679471515041, 36.78359505199456, 57.9235164597101, 32.916211789777385, 34.27268138043863, 65.0504805596378, 35.07756280631425, 39.06194891057503, 17.509951837251368, 51.05653316961496, 22.372631246519465, 4.111851789844053, 22.02854745819536, 32.451462204838265, 11.895372263341326, 38.43918465781812, 23.430497268024276], [43.20098126660561, 20.81367290391231, 32.29200893282466, 55.88603447421123, 5.945193290766107, 0.0, 55.83241861669702, 28.220962459784626, 61.158298782895386, 30.291962335529234, 46.68574240384714, 46.8628508365465, 31.489226683532188, 56.79958490025873, 42.474597765450014, 57.55789958158224, 45.056014689558346, 18.8076559045199, 64.76862460026354, 45.93503708203807, 33.695829699050854, 42.07783317421476, 18.54594365359793, 35.641103445121225, 54.05586326571266, 70.52437497172393, 49.97198087195938, 17.488649447921503, 43.01717290365104, 50.33087173834002, 43.01870359279808, 37.05824985847859, 36.72653383127055, 49.634820220037405, 32.8784968144977, 18.581966875848227, 48.6784576605012, 42.75850425588645, 30.086486647128183, 28.788191167402413, 42.17362078136605, 42.47007577948031, 45.383467422068826, 47.97444767085301, 31.915822249750697, 36.950636531223026, 32.90393857230803, 61.901563847695726, 35.919109064040796, 28.43390283500878, 60.75908414110659, 30.993577371139953, 43.191118923678665, 18.707462716434605, 45.283460614624374, 16.92571664975324, 7.299548483682303, 26.816485468051827, 38.01945117702448, 16.440799936338518, 39.04645223270722, 17.731613524491443], [56.646035947771736, 43.27536570061233, 28.77957330971888, 96.2551742291015, 52.31310400766028, 55.83241861669702, 0.0, 83.04908309942117, 81.24259544432807, 79.79229324897766, 14.981686906320459, 98.95793711613065, 24.398168532588052, 112.58803134591159, 79.66523503793199, 113.36402153153686, 83.26948801704829, 54.104626952687546, 82.264875697398, 54.80396274953465, 75.13116024199448, 97.66662882561322, 69.6559779064391, 35.19461424932613, 101.9027378381939, 93.32913339483292, 20.5683034596424, 72.97202463130849, 92.83347815529137, 105.90688075932802, 31.036977102615275, 81.94937934601573, 90.25851567584151, 9.415276451646239, 59.650860565100004, 42.08886195777903, 72.32648583651715, 96.7053628787717, 50.28385126389028, 84.03197092377975, 59.76932320413707, 14.628926980128517, 66.75868419429904, 103.5018077382162, 86.92643132723792, 92.7512627460585, 57.387956811329126, 8.13595951673904, 20.191218828314852, 79.89824413899221, 77.41522032151607, 58.1093522207794, 14.421195923121934, 67.28165659529013, 96.08311218024414, 61.46417258102872, 55.73426942540692, 59.1859142282096, 31.223812172693545, 40.55424236870982, 86.6100893634151, 71.47608729890354], [52.74491177162638, 42.079883648984065, 56.6493428924116, 57.97136641736723, 33.3919418975534, 28.220962459784626, 83.04908309942117, 0.0, 59.57513062755849, 14.118115919163305, 72.16277872163867, 35.90741304711411, 59.090705211329706, 30.570295092338803, 51.52408079845618, 32.8871412909387, 34.728861852313074, 32.86601775029167, 80.16102169525229, 56.73073775688744, 26.396492557019346, 15.253374844035793, 26.918026022628496, 63.00549479998115, 48.178826965216246, 82.16693599257253, 78.17248334589085, 10.953578956375786, 19.797006684772615, 28.16173553445999, 64.27752106386411, 40.89920454653567, 9.464296728498205, 77.52073872292229, 39.9416479963797, 41.896016003468915, 49.03795823676806, 14.725310357502751, 43.895547818424205, 2.311976523402592, 49.72765893279447, 68.98116667940538, 48.82956387229429, 26.424150541183316, 3.9140517305417375, 12.41780641109822, 41.63442656441077, 89.58533149052337, 62.865095511543835, 10.078152256111697, 61.50042268152424, 39.255360668363004, 71.11588694402995, 30.534065331086033, 20.310576854376826, 24.543165423798477, 31.822777905695663, 46.46947453980874, 65.78904343036032, 44.661408336344564, 38.57973100848195, 11.703336507686615], [24.966977492962975, 48.41215107952036, 56.00131401676402, 113.85694051732398, 65.76385607177782, 61.158298782895386, 81.24259544432807, 59.57513062755849, 0.0, 45.52032175819484, 66.28264199600801, 95.30332137804606, 68.82712735101306, 82.70426670449969, 102.73734294625794, 87.29931335258081, 26.37786060628749, 43.02491266259696, 125.72591682650085, 26.440444731981646, 33.268192857522344, 70.51375534426208, 76.29755269323898, 86.86116536740677, 106.90275022253641, 131.65506975063968, 90.90188770843292, 60.32436136631107, 48.20479466923543, 85.77225561945825, 50.216025209426725, 94.99737113196277, 57.103749433785666, 82.4156234878308, 28.94358212836394, 51.95888093239518, 12.490349244966328, 61.13725509935806, 35.917235060854594, 61.886274347585534, 22.742725406043178, 68.67511120477772, 16.714419414129427, 84.60895690452179, 61.677043110157136, 70.95260494268933, 29.801042815216878, 89.35755674875737, 67.36777915946746, 49.50018324284061, 5.065257548083809, 31.019862249963207, 78.44146808490022, 78.13223111115046, 51.62677855366713, 44.88161280774453, 68.4135821961517, 87.76729158837466, 86.73048622491358, 67.60205823698858, 94.7940826741966, 54.515968160462066], [41.04697429495138, 36.69083036694591, 51.619913464684444, 71.09733956965665, 36.219812493738914, 30.291962335529234, 79.79229324897766, 14.118115919163305, 45.52032175819484, 0.0, 67.24198452586488, 50.01583642996162, 57.24788577427297, 40.44642716873269, 62.98006360169657, 44.017168731337115, 20.759955913949902, 26.027675375737008, 90.28097646283103, 45.197891777798375, 12.589868507969564, 26.19532738853694, 36.66639556077531, 65.74372518711645, 62.138966576280474, 93.51485293502374, 78.49057315375508, 18.37789443816773, 13.252110026401418, 40.93270309142473, 56.7749641666108, 53.196103072616104, 13.372413793504105, 75.68445523573224, 28.5867008456984, 37.72102880036185, 35.34028483103102, 19.367689950892313, 34.62635351745958, 16.418052204885573, 37.61704164334151, 65.2259018323347, 35.709692162515516, 39.517221127577415, 16.22877384832549, 25.59622822003514, 30.659336206032606, 87.02860311636444, 59.886684517870655, 4.102406108563688, 47.616354565644016, 28.434227156887815, 69.5430729219143, 39.73382506545258, 16.298306617761636, 18.331837351000623, 36.252727456504545, 54.13845404433864, 67.80161845330716, 45.4586201834175, 51.6363249729934, 13.823560247724041], [41.66649559894954, 30.616039533661226, 15.666868975548047, 93.89973136700645, 44.45631098184604, 46.68574240384714, 14.981686906320459, 72.16277872163867, 66.28264199600801, 67.24198452586488, 0.0, 92.42406612454766, 18.412226301452797, 102.41846539955495, 77.56505926905766, 103.77943280809448, 68.95850159193232, 41.22388025640286, 85.5765990748964, 39.85153673085515, 61.4230081501127, 87.20822348599073, 62.85848504056842, 36.847141518535615, 97.18703461978437, 95.773100701309, 29.12073428694003, 62.82575411280666, 79.98283699507121, 96.91027853217655, 16.124082831871146, 77.69586388775689, 78.57262312183332, 17.844920547159013, 45.18898941545965, 30.28071002853367, 57.38532670130079, 85.07614540321556, 35.8948381810234, 73.41622556050278, 44.82230812966189, 6.480140564620964, 51.81737172344946, 94.58613306275836, 76.07673462224848, 82.79190302797836, 42.86495563236683, 23.115764611734278, 12.565415253361392, 67.82269241754037, 62.50949678479154, 43.76688413436388, 17.07490607945235, 61.148118223428675, 83.40246996346404, 49.12049750608301, 48.346883513919295, 56.584526185664835, 33.8245035672964, 33.81060564390004, 81.64507438687562, 60.45964973561682], [85.34724987010866, 67.32520664184403, 78.93724710944012, 27.885339125744377, 48.01857011694025, 46.8628508365465, 98.95793711613065, 35.90741304711411, 95.30332137804606, 50.01583642996162, 92.42406612454766, 0.0, 75.1831847549452, 32.03594516909399, 31.83065212737062, 27.847631495436996, 70.59482933869573, 61.81231273973725, 60.43914559039563, 88.93643000200265, 62.03516828679109, 30.244783400458793, 29.580327369680898, 68.35640701107003, 13.34992179710104, 57.60207687521536, 86.80561623791506, 36.443413004187875, 52.715304949710564, 19.799909770792173, 89.86199386565283, 21.371391152798218, 41.05705819232118, 91.00891318468709, 72.84063271488309, 65.40767726284714, 84.29502541994061, 40.70001068891242, 74.03053921128951, 33.62461885969171, 82.98718137334576, 87.36587042318055, 83.36694062928235, 18.3874393360333, 34.523449145536354, 26.40016982013754, 73.994948813901, 103.42565768501937, 80.55843649447175, 45.94341390720375, 96.93690283212482, 71.63240052664909, 84.83540324032828, 31.67931423731226, 51.3068174841473, 54.934196616609896, 44.07885943025847, 43.16745156657466, 72.34920602738745, 58.89287302372671, 15.426784244943581, 41.979006924386354], [44.23147707041032, 22.686748105404764, 13.676008462389591, 75.4929528852228, 27.94843205289363, 31.489226683532188, 24.398168532588052, 59.090705211329706, 68.82712735101306, 57.24788577427297, 18.412226301452797, 75.1831847549452, 0.0, 88.28593672272383, 59.154620484486756, 88.97850513787101, 64.28038976459224, 32.917466782939485, 68.70803763821559, 44.15981950656143, 54.66655117470498, 73.47063300788558, 45.66748028331019, 20.82487159003231, 79.18324129089058, 78.36767392253027, 22.76023275635322, 48.77481557014803, 70.48388630808182, 81.51256824103888, 25.372141560723026, 59.515409395751576, 66.74158360829745, 18.535532013662852, 42.32556879273136, 20.25581257397067, 57.76307691143049, 73.10008435722055, 33.48210108324094, 59.94571320343592, 46.084705254122944, 12.46353013763855, 52.49555672351214, 79.11045999536431, 62.92703494342159, 68.43809204795285, 40.51820175866596, 30.502736841891796, 5.848663469621482, 56.82902498338798, 66.11922617036733, 40.39344922415512, 12.295732208354417, 43.57818921544861, 73.47646564957552, 39.11097618444509, 31.476448172079472, 38.17440786186612, 19.108064093996315, 16.33796844875917, 63.68051417393014, 47.690040085996614], [81.48827519378449, 72.60927226282068, 87.03327339503761, 59.895777870691106, 60.93791717034608, 56.79958490025873, 112.58803134591159, 30.570295092338803, 82.70426670449969, 40.44642716873269, 102.41846539955495, 32.03594516909399, 88.28593672272383, 0.0, 61.96561119778705, 5.707088943020977, 56.34130155838547, 63.37879213077117, 91.56582158477808, 85.62914549867554, 52.43112115374891, 15.318636061905725, 47.37847192182687, 88.50551607932799, 44.419716375932346, 89.53712700846006, 105.41707743140238, 39.687599933487036, 34.51782834872744, 12.260720798164984, 94.83467371553004, 50.3749868597206, 27.08900639793621, 106.35206799064142, 68.93362412043166, 72.25536314469869, 74.47805517308028, 21.778026334625444, 74.01271127093352, 29.078045736492285, 78.05316141011815, 98.88391559040458, 75.71202812919125, 14.04524812300102, 26.71645757300525, 19.849256032647933, 70.90368090220328, 118.68162269239703, 92.53152856024128, 37.733365395531095, 85.8122387890471, 68.60315137687459, 99.90091489898846, 51.011808562887744, 31.268985077076604, 55.02181144656401, 58.231413191931516, 66.73144250237068, 91.89621854181938, 72.79837858344987, 45.09388141925817, 42.15740374508961], [85.62075608874613, 61.54570836492421, 67.89042873318651, 16.590079017854418, 39.485331017166864, 42.474597765450014, 79.66523503793199, 51.52408079845618, 102.73734294625794, 62.98006360169657, 77.56505926905766, 31.83065212737062, 59.154620484486756, 61.96561119778705, 0.0, 58.7220878361842, 82.694819064599, 61.2700063196066, 29.845085344306785, 88.18339552948835, 71.81729091817856, 54.733216252772415, 26.771716287846168, 45.03554318643503, 26.316890441517458, 30.65575341789504, 63.27175159600913, 44.68901912696806, 71.31369097388223, 49.99056399627459, 80.59266124166736, 11.71294321061809, 60.201321072597814, 70.59022928099294, 75.19659583389756, 58.38140122941502, 90.39836089837783, 62.92252135733626, 72.34793444362164, 49.95881282395946, 84.64384567567345, 71.44071712979537, 87.56815245040308, 47.958064246003936, 52.6056920039543, 48.86309053014051, 75.34957166965931, 82.14336850211016, 65.0032217404018, 59.23679893306027, 102.80774013927292, 73.3764445144204, 65.32773143093249, 24.60816543363399, 71.47502976187803, 57.873092530284524, 35.81151436566006, 20.98054015398938, 49.22286107732424, 45.324770472512505, 16.933113991468957, 49.98710473587172], [84.89021430119661, 74.46800616816643, 88.59152933671331, 55.48592396176689, 61.26733271352481, 57.55789958158224, 113.36402153153686, 32.8871412909387, 87.29931335258081, 44.017168731337115, 103.77943280809448, 27.847631495436996, 88.97850513787101, 5.707088943020977, 58.7220878361842, 0.0, 60.92421967514318, 65.70128940717399, 88.02694272998976, 88.9862955674731, 56.301020858104685, 17.967541166540975, 46.436453230289814, 87.85404766774634, 39.67275250191494, 85.44076622331816, 105.19572949774398, 40.98415865734101, 39.27302097521912, 8.887361062038307, 96.98356092777009, 47.32400961948891, 30.843774319712796, 106.77163027051034, 72.20529865589523, 73.84648449541821, 78.65717886215444, 26.162800652452102, 76.74917915456349, 31.116130584135238, 81.58011312516184, 99.95119741429319, 79.60554416541191, 11.210013427291685, 29.210048101170386, 21.0825146138477, 74.07672140799777, 119.18665781357588, 93.46604497104272, 40.97599276458771, 90.2432793115861, 71.73661482798467, 100.32922952258485, 49.91621038961853, 36.21119028350328, 57.41369194064946, 58.27758731777255, 65.14072356731798, 91.3941195583056, 73.16225476654392, 41.78930009377688, 44.1209067971683], [31.95238506716626, 41.60072752051387, 54.655351948284824, 91.6762848039859, 50.74358722062283, 45.056014689558346, 83.26948801704829, 34.728861852313074, 26.37786060628749, 20.759955913949902, 68.95850159193232, 70.59482933869573, 64.28038976459224, 56.34130155838547, 82.694819064599, 60.92421967514318, 0.0, 31.7682295408364, 108.72765753321887, 35.92121578221678, 11.377188426564791, 44.32080939107757, 55.97387481690939, 77.70948223571126, 82.8738130028802, 112.9105756228746, 86.93965410941827, 38.160737686732425, 21.88731008190083, 59.63821987455917, 55.01551992435747, 73.46969628032721, 30.97578358118681, 81.41956644522259, 23.81546732236051, 44.191049435294055, 19.411272107180054, 34.764473670429524, 33.064417592099566, 36.98741420005743, 27.89984780602309, 68.89039763201744, 22.622748221823407, 58.59857189064132, 36.23808357268313, 45.258935340652336, 26.198524333020032, 91.18246567208645, 65.12253024691375, 24.859454162670502, 29.568381987078574, 25.19560724133352, 76.00437861938447, 58.60478565690295, 25.42350721989318, 28.490651220863054, 52.103105938615975, 71.34195248751932, 78.84057080870237, 56.875941294206775, 72.23877082925007, 32.71000290513331], [24.611989019677186, 10.830301217196487, 25.63702798442644, 74.275281811812, 22.82879677633679, 18.8076559045199, 54.104626952687546, 32.86601775029167, 43.02491266259696, 26.027675375737008, 41.22388025640286, 61.81231273973725, 32.917466782939485, 63.37879213077117, 61.2700063196066, 65.70128940717399, 31.7682295408364, 0.0, 82.75117818268731, 27.674531536976176, 21.75131569118746, 48.09039599031525, 36.30752443599529, 46.274687080650644, 70.83796659016154, 89.08341885157216, 55.353445203680316, 26.0973472613712, 38.81498224799503, 60.216697098969746, 31.494146971589313, 55.28380725645375, 37.88013376670922, 50.80015732771437, 14.234695096626934, 12.662028626746999, 30.566997514975068, 44.362168764935554, 12.228689605449869, 34.586506524986724, 23.374957227036962, 39.47961898579896, 26.802975225102596, 58.17181440792937, 36.671781738728725, 44.795248723942066, 14.09973889664882, 61.58236783296405, 34.610577088075146, 26.881500436838074, 42.22211433654754, 12.26567676820284, 44.989492498908135, 37.17349373338568, 42.18756281500221, 8.36875290073173, 25.80309872697412, 44.855805262509016, 47.16805544952408, 25.68458177596288, 56.55703626189137, 21.724922241661773], [105.33318817599326, 79.63756702701357, 80.8816411190035, 35.61227598855845, 59.96214949987353, 64.76862460026354, 82.264875697398, 80.16102169525229, 125.72591682650085, 90.28097646283103, 85.5765990748964, 60.43914559039563, 68.70803763821559, 91.56582158477808, 29.845085344306785, 88.02694272998976, 108.72765753321887, 82.75117818268731, 0.0, 107.03955652036876, 97.44567046897055, 84.52191823275436, 53.71623396106364, 48.73111827514105, 51.47504000068916, 11.891723960735902, 62.22226355564704, 71.97356778447563, 99.88069271488826, 79.449992293848, 93.61965260834519, 41.55525861135152, 89.20766146330769, 72.92090878481402, 96.96345214360298, 76.04841229947692, 113.23879030527341, 92.38614004446241, 91.92653685841223, 78.82208579022667, 105.2897584233273, 79.10093853873317, 109.51876980585531, 77.52215332791006, 81.6742601104776, 78.5839365631642, 96.52572049140029, 81.78775172316661, 74.03600729037468, 86.85099988676069, 124.926490754415, 94.94583653463012, 69.69038586924228, 50.54722917542394, 100.40379884626134, 81.5914660315545, 57.46912642648646, 37.98208517221161, 51.976279301201345, 60.38076121091281, 46.496267752547666, 76.63733225176124], [4.202719562236086, 27.429045818358002, 30.691886808916173, 101.77931931267439, 48.79149427400974, 45.93503708203807, 54.80396274953465, 56.73073775688744, 26.440444731981646, 45.197891777798375, 39.85153673085515, 88.93643000200265, 44.15981950656143, 85.62914549867554, 88.18339552948835, 88.9862955674731, 35.92121578221678, 27.674531536976176, 107.03955652036876, 0.0, 33.91629036396809, 71.02610858999375, 63.934979728473, 63.730513890901754, 98.42941621048881, 114.56462225689938, 65.36455833697981, 52.58632598065171, 54.2927804225394, 84.89245341072014, 23.775826267051315, 82.84737071612251, 58.57029994440998, 56.27254946070033, 16.80772318021856, 30.99517350868379, 19.050615718828805, 64.3960480646562, 15.85525739968752, 58.841295858411286, 8.114891178566456, 42.49324773524378, 13.920295573426701, 83.11627076620809, 60.052587703890666, 69.14846593455073, 15.150513431791525, 62.91725499808496, 41.856844762606386, 48.01257830694285, 22.74070027776181, 17.546407760036093, 52.69218232950674, 64.59611755524388, 58.135175420767524, 34.006543976968324, 52.37200615707139, 70.11758643056676, 62.91622421708569, 46.75718315127044, 84.23126111636434, 47.35445049067318], [29.713683787153883, 32.270443368489815, 46.3559821697947, 81.51041214851975, 39.417442819116225, 33.695829699050854, 75.13116024199448, 26.396492557019346, 33.268192857522344, 12.589868507969564, 61.4230081501127, 62.03516828679109, 54.66655117470498, 52.43112115374891, 71.81729091817856, 56.301020858104685, 11.377188426564791, 21.75131569118746, 97.44567046897055, 33.91629036396809, 0.0, 38.642813230547475, 45.04673973405387, 66.883779837401, 73.73410608444199, 101.84626584918381, 77.06512749382043, 27.710596133503003, 20.498399666232682, 53.50870501231772, 48.91408914438535, 62.99317498768355, 25.45890005651998, 72.40702211897727, 18.229214691328874, 34.410944047208226, 22.75329388213516, 30.804232078653285, 26.210009812112823, 28.707228397604307, 25.989578541896936, 60.5436980028533, 23.30769005330199, 52.107029548933376, 28.791155276747656, 38.17270731541874, 20.59279621879074, 82.83012177846824, 56.13472509730998, 16.376420508833483, 35.10977248166367, 18.769538499282397, 66.69490122007578, 47.520640105770795, 24.323802966739958, 17.30914109253009, 40.72638292112895, 59.979315741559134, 68.22426701237485, 46.024343594063126, 62.18643454797742, 22.0290229240072], [66.93775640465347, 57.298688522808305, 71.7718195437255, 56.76127763543286, 46.60017347156276, 42.07783317421476, 97.66662882561322, 15.253374844035793, 70.51375534426208, 26.19532738853694, 87.20822348599073, 30.244783400458793, 73.47063300788558, 15.318636061905725, 54.733216252772415, 17.967541166540975, 44.32080939107757, 48.09039599031525, 84.52191823275436, 71.02610858999375, 38.642813230547475, 0.0, 35.231671710543644, 75.16962071744227, 43.58750396705659, 84.39571226371609, 91.43086591756874, 24.701206293485246, 23.740497059581504, 15.33375273940633, 79.52704270405158, 43.097778435293975, 13.418241679452237, 91.71196234408957, 54.240015724599814, 56.997019630802775, 61.23426342172402, 10.71535521541099, 58.89070170163462, 13.797684332255647, 63.66045388363394, 83.80747432658032, 61.89059865735239, 14.517297269264622, 11.419173108330751, 6.213772313487397, 56.1098629969677, 103.94766830824861, 77.54074340694902, 23.026187299380304, 73.1419035996843, 53.77164893288907, 85.26893959680129, 39.02288518262978, 21.614891242208035, 39.744267218362936, 44.25761154631877, 55.28991331680366, 78.32955968534075, 58.33357006821775, 38.91545114796956, 26.853721957808432], [60.91157412972064, 39.335469246363616, 49.6926484059815, 38.0660512864899, 18.56705502217293, 18.54594365359793, 69.6559779064391, 26.918026022628496, 76.29755269323898, 36.66639556077531, 62.85848504056842, 29.580327369680898, 45.66748028331019, 47.37847192182687, 26.771716287846168, 46.436453230289814, 55.97387481690939, 36.30752443599529, 53.71623396106364, 63.934979728473, 45.04673973405387, 35.231671710543644, 0.0, 41.44430907687207, 35.57362643399416, 56.98445735852551, 59.12345499172786, 18.296456097723766, 46.35323842104129, 37.99499086498287, 61.162472339874135, 19.0313182077913, 36.29079641674861, 62.04414898564902, 49.57313675660955, 36.91076032984078, 64.08555416089452, 40.51978533404139, 48.197894088153134, 25.93980376754566, 59.41515864685642, 57.79364938639273, 61.635205012662055, 35.533097958686334, 29.08667913386895, 29.060048759203458, 50.05197860846772, 74.52847400824002, 50.989300564594735, 33.14810258717861, 76.65084561964197, 47.907283466823834, 55.742186676548506, 3.8028578982678503, 47.20648624904449, 31.669415162644377, 14.545503402375063, 20.125232778100454, 45.06831569606046, 29.344424784237727, 20.50833002552638, 23.307778567564572], [63.17721802241621, 38.523183195534614, 34.185223105836975, 61.56455086595004, 29.89249052541668, 35.641103445121225, 35.19461424932613, 63.00549479998115, 86.86116536740677, 65.74372518711645, 36.847141518535615, 68.35640701107003, 20.82487159003231, 88.50551607932799, 45.03554318643503, 87.85404766774634, 77.70948223571126, 46.274687080650644, 48.73111827514105, 63.730513890901754, 66.883779837401, 75.16962071744227, 41.44430907687207, 0.0, 68.9277217231303, 59.09304465582071, 18.618037917430733, 52.05659261452498, 78.63432484480852, 79.436504552656, 46.1954150571568, 49.04500632782755, 72.00191364619852, 25.870166530332753, 58.645850460161114, 35.0834893877124, 75.0359292349788, 77.72984990473311, 50.94746292727931, 63.10308324506901, 64.38012587163739, 30.37423988467351, 70.17478884646086, 76.97533353680268, 66.38759663785457, 69.30175089174132, 57.31585365528608, 37.11192562715325, 25.63104656430139, 64.0690675270835, 84.73100449071121, 56.56699183809036, 21.417785479435683, 38.113220761624824, 80.92026695282506, 49.68859969732173, 31.207563230600954, 25.676504154236696, 4.1968649238021625, 20.85990059233745, 54.35207533642815, 53.31629311841699], [95.07884305454628, 74.86947054661765, 84.9326604673116, 16.39647841343152, 53.84712225840242, 54.05586326571266, 101.9027378381939, 48.178826965216246, 106.90275022253641, 62.138966576280474, 97.18703461978437, 13.34992179710104, 79.18324129089058, 44.419716375932346, 26.316890441517458, 39.67275250191494, 82.8738130028802, 70.83796659016154, 51.47504000068916, 98.42941621048881, 73.73410608444199, 43.58750396705659, 35.57362643399416, 68.9277217231303, 0.0, 46.7734141003561, 87.53243649998049, 46.91144121749988, 65.78023201213828, 32.43796351618891, 96.67745082113287, 19.994682247113065, 54.05306554980473, 93.34248268518665, 82.93826510982115, 72.48405369529463, 95.49359665072895, 53.99312453580444, 83.01081716904464, 45.961557372085345, 93.06176118073671, 91.62453601264932, 94.10088230571968, 31.348069650582435, 47.22244475648874, 39.55033042906564, 83.84222006031816, 105.46484426229904, 84.85571150504666, 58.03709533229621, 108.20818591590965, 81.54173924053485, 87.51056180764498, 36.3816560562766, 64.51647669507055, 64.75267825787202, 49.739031806559126, 43.28399970156887, 73.0923033996936, 63.39843042978242, 15.547245658263277, 52.67745224111726], [112.53817313940559, 87.17185642289292, 89.91089445584964, 30.378531657935802, 66.32357647125453, 70.52437497172393, 93.32913339483292, 82.16693599257253, 131.65506975063968, 93.51485293502374, 95.773100701309, 57.60207687521536, 78.36767392253027, 89.53712700846006, 30.65575341789504, 85.44076622331816, 112.9105756228746, 89.08341885157216, 11.891723960735902, 114.56462225689938, 101.84626584918381, 84.39571226371609, 56.98445735852551, 59.09304465582071, 46.7734141003561, 0.0, 73.55255400152971, 75.16159778033726, 101.94719184983016, 77.27775169046905, 102.77619647298677, 41.624029171646754, 90.7462079214986, 83.9367680795426, 103.29850464842295, 83.67221229636823, 119.1883920386855, 93.16421721114084, 99.07830121085038, 80.56779377496994, 112.13782351651548, 89.29648583058565, 115.85153373726065, 75.60316742783755, 83.14662095974403, 78.78724022001006, 103.10218770471684, 93.20890208381105, 83.8897690098704, 89.8265315049962, 131.2549417164175, 101.34907515444785, 80.35750566459681, 54.32687829979883, 102.02493608805976, 86.92449569303545, 63.3256782542175, 44.48219785845141, 62.59060653321062, 68.4900295077884, 45.490822334561365, 80.29118899663425], [66.01436108144834, 45.40145810454886, 34.90353701719102, 79.67062115381144, 44.90407059305736, 49.97198087195938, 20.5683034596424, 78.17248334589085, 90.90188770843292, 78.49057315375508, 29.12073428694003, 86.80561623791506, 22.76023275635322, 105.41707743140238, 63.27175159600913, 105.19572949774398, 86.93965410941827, 55.353445203680316, 62.22226355564704, 65.36455833697981, 77.06512749382043, 91.43086591756874, 59.12345499172786, 18.618037917430733, 87.53243649998049, 73.55255400152971, 0.0, 67.32214190399083, 91.7170438471952, 97.0000152923038, 43.40510501643422, 67.66277705075292, 86.62842338441061, 11.964168224383835, 65.05206369439132, 42.7665439859103, 80.22406597202578, 92.72594160339877, 56.08914277727173, 78.61457517649774, 68.24285589365458, 23.904973255033912, 74.85685056699714, 94.53821934528926, 81.80776257315867, 85.82401473520292, 63.195072385107586, 19.71934609954208, 23.55641673779856, 77.53743887999586, 87.8644963476742, 63.13704143609069, 12.791850073288794, 56.02329113863047, 94.44248226886825, 60.854195897205656, 47.22610319032163, 44.29450563417467, 14.499491875333433, 33.56941724351691, 72.95558336664189, 67.48008291411236], [48.93227768937009, 33.710262395999855, 47.61125293258178, 53.8044355769553, 22.46995409698463, 17.488649447921503, 72.97202463130849, 10.953578956375786, 60.32436136631107, 18.37789443816773, 62.82575411280666, 36.443413004187875, 48.77481557014803, 39.687599933487036, 44.68901912696806, 40.98415865734101, 38.160737686732425, 26.0973472613712, 71.97356778447563, 52.58632598065171, 27.710596133503003, 24.701206293485246, 18.296456097723766, 52.05659261452498, 46.91144121749988, 75.16159778033726, 67.32214190399083, 0.0, 28.64670617186879, 34.59377423389497, 56.47335862413608, 35.336677130030566, 20.080877129471848, 67.0658179997342, 36.39818085464618, 32.88516106608942, 48.65258856078681, 25.67406008693521, 38.1136343678734, 11.30843760696741, 46.54654386956313, 59.1963166037399, 47.20421987720618, 32.41842553663804, 14.486847838218518, 19.96666696635805, 37.57236644884628, 79.26237579031284, 52.86657997154362, 14.883711064998476, 61.3765174957164, 35.201807832223224, 60.63187347342364, 21.464146403501967, 30.04350237743332, 18.611287903051487, 20.893864421701178, 36.58477311328073, 54.838710967594885, 33.89484020647423, 34.53198030420459, 5.810781053828933], [50.094705557220955, 49.60321186672566, 64.4467026625776, 77.04906385210046, 48.872102670786106, 43.01717290365104, 92.83347815529137, 19.797006684772615, 48.20479466923543, 13.252110026401418, 79.98283699507121, 52.715304949710564, 70.48388630808182, 34.51782834872744, 71.31369097388223, 39.27302097521912, 21.88731008190083, 38.81498224799503, 99.88069271488826, 54.2927804225394, 20.498399666232682, 23.740497059581504, 46.35323842104129, 78.63432484480852, 65.78023201213828, 101.94719184983016, 91.7170438471952, 28.64670617186879, 0.0, 38.929048039936475, 68.68108483832617, 60.5662815927212, 11.763981884010056, 88.89699890976559, 38.67432174590367, 50.83045629506861, 40.62722760769772, 13.34102585277907, 46.08033602730472, 21.40534573247028, 46.26646016204603, 78.2320021927566, 42.65670593474355, 38.25586259919714, 19.105913627827363, 26.32486140492885, 40.99679027804183, 100.1545269976876, 73.02656507273424, 14.603869666950052, 51.445376384850064, 39.0423213514072, 82.77738389365742, 49.81623330479412, 3.8429837124986936, 31.46600588653353, 48.4593869962621, 65.23147601012376, 80.82878108596731, 58.567013656919585, 57.873573846760095, 25.609762795107187], [80.90182932698661, 68.30352931586908, 81.99321679474367, 47.68083242532911, 53.62039009602164, 50.33087173834002, 105.90688075932802, 28.16173553445999, 85.77225561945825, 40.93270309142473, 96.91027853217655, 19.799909770792173, 81.51256824103888, 12.260720798164984, 49.99056399627459, 8.887361062038307, 59.63821987455917, 60.216697098969746, 79.449992293848, 84.89245341072014, 53.50870501231772, 15.33375273940633, 37.99499086498287, 79.436504552656, 32.43796351618891, 77.27775169046905, 97.0000152923038, 34.59377423389497, 38.929048039936475, 0.0, 91.05349552067264, 38.517481203887385, 28.681015504799607, 99.02934086909175, 68.10148351878374, 67.36906144763255, 76.22542248668933, 25.646516104905746, 71.75353355129171, 26.07524215786163, 77.83781208874736, 92.79767156474794, 76.57232574581958, 2.463068733161947, 24.972119171132157, 15.743996629702961, 69.78967069864065, 111.48995425635952, 86.20617845294593, 37.399986403426176, 88.29349052207182, 67.40712313404154, 92.60798814671628, 41.376506148215825, 36.495927477335464, 52.12916955197476, 50.41999094081439, 56.37114415322085, 83.0526282946975, 65.47761517833499, 33.06567470769833, 38.49654284899544], [25.847316238386707, 22.84158896422069, 12.902653349403057, 96.1220653620983, 42.88314684397692, 43.01870359279808, 31.036977102615275, 64.27752106386411, 50.216025209426725, 56.7749641666108, 16.124082831871146, 89.86199386565283, 25.372141560723026, 94.83467371553004, 80.59266124166736, 96.98356092777009, 55.01551992435747, 31.494146971589313, 93.61965260834519, 23.775826267051315, 48.91408914438535, 79.52704270405158, 61.162472339874135, 46.1954150571568, 96.67745082113287, 102.77619647298677, 43.40510501643422, 56.47335862413608, 68.68108483832617, 91.05349552067264, 0.0, 78.34453977923802, 69.23651914267698, 33.215629256125304, 31.33841701604342, 24.454495869723562, 41.777861691900554, 75.67541690267991, 22.70822921198995, 65.90215106770285, 29.25515382377318, 19.611791805086163, 36.235597470150616, 88.89177032948253, 68.11821695016519, 75.951282347537, 28.909931312442417, 39.1434111658029, 21.08325190687792, 58.16056613680781, 46.390193307361805, 30.30875390627444, 30.63466655536231, 60.392706572885494, 72.32821921969521, 39.86250769335401, 46.99378699947792, 60.182410332873246, 44.24239645156645, 35.310427623180466, 81.31791436909738, 52.86267877042803], [79.89579301934388, 57.49259976936509, 66.15840618959571, 19.03626218404494, 35.6028089347875, 37.05824985847859, 81.94937934601573, 40.89920454653567, 94.99737113196277, 53.196103072616104, 77.69586388775689, 21.371391152798218, 59.515409395751576, 50.3749868597206, 11.71294321061809, 47.32400961948891, 73.46969628032721, 55.28380725645375, 41.55525861135152, 82.84737071612251, 62.99317498768355, 43.097778435293975, 19.0313182077913, 49.04500632782755, 19.994682247113065, 41.624029171646754, 67.66277705075292, 35.336677130030566, 60.5662815927212, 38.517481203887385, 78.34453977923802, 0.0, 49.20296180567855, 73.35167688365452, 68.5991194087923, 54.72678820375761, 82.90176246715326, 51.55499253675991, 67.0498881090327, 39.16390993007067, 78.44414510879778, 71.97822020943914, 80.60533799632917, 36.41685482576001, 41.6117902661022, 37.3037753552175, 69.08051072637652, 85.