instance_id,num_cities,city_coordinates,distance_matrix,best_route,total_distance
454,75,"[[69.59210942424254, 90.03398923360922], [85.67697820447823, 93.37908616486497], [38.35785668353333, 19.725282307471083], [98.64974746466831, 23.188065671445656], [22.65821023079255, 49.45512975347963], [59.96528602210368, 96.7751908007298], [0.7735676585965301, 99.42475578278653], [32.64368220420416, 32.99693244307657], [99.42388872653517, 93.22828552807873], [15.595276082689214, 62.9983829919387], [81.66989977566837, 77.5505754934139], [93.72356489895594, 92.52188892992153], [96.7808344181153, 60.707095408154956], [89.18459961019457, 77.3910890101763], [96.3731783615174, 47.48834893889641], [0.10544391877312931, 2.0958743284477777], [99.06162591144904, 24.277941258229607], [54.43213559812299, 6.0595449281793385], [66.65143555627056, 48.45104018399958], [23.842342737959687, 0.8101905368664286], [69.06096338662098, 67.60950889868298], [94.10176505886102, 96.94198623487958], [75.11263127183467, 34.90703884331251], [14.537216920296625, 38.16278163771296], [53.906529835615316, 91.09212972315937], [1.6256743058114531, 80.9453760956848], [22.4900867860108, 42.7568151408876], [55.332242090331064, 4.897772594723026], [98.1362572208673, 22.12073162782595], [84.08782468608055, 23.808794029691338], [55.98060255685954, 43.794136063104524], [29.887978982677733, 22.803382409776884], [61.57886880680803, 65.50463661838518], [65.19272370088636, 53.1327940699702], [95.71631690006083, 32.16364419163803], [4.966855049725516, 56.430155905476475], [23.219563460652736, 35.291870770312464], [51.324997264139384, 77.6307059796236], [54.0097762199792, 19.36108504640901], [58.32225628866116, 38.56494363191203], [70.43807296405944, 79.82301921586989], [46.440252543180236, 81.35851775548247], [75.94090842602353, 85.24251832314887], [11.498940303328364, 36.59387474321001], [47.21001163884284, 18.998407665213136], [65.50226162998175, 52.55446465750643], [38.535572735621216, 20.839826643184246], [11.533740045013452, 85.91016123998521], [94.9341916405944, 31.37358302625204], [74.43471532727399, 59.597495869917424], [13.381291307123966, 50.43977632105575], [1.9873107759265651, 1.2776325753579565], [48.269082600310945, 4.926493427259837], [65.96131020057841, 87.13292179681224], [32.12676419851529, 3.2578807236198104], [19.942411337293255, 52.80350930571947], [29.11744789970254, 98.86464221512237], [89.53318177279913, 55.92265661885093], [26.89648836254117, 38.204259388200676], [15.86823573730637, 95.52124221565124], [73.9083936225383, 39.327113525063815], [92.75942166350164, 26.024077568751135], [70.13130785968731, 40.372541001560435], [70.07538229942332, 54.474789891771536], [79.55133515643618, 33.90617745178641], [40.70897963559062, 45.85723436789658], [42.95551621145998, 76.47917555393661], [1.5832062849399198, 22.27316740162909], [34.054739072043674, 59.694090925110146], [64.02612027798253, 76.53546907784603], [29.40573596134588, 21.181364814841665], [34.771149302636125, 6.09106741888108], [12.568129790801875, 52.24812252503301], [8.289213862860013, 39.04352229356983], [1.5928459921196403, 95.88849548977953]]","[[0.0, 16.429019360780412, 76.93434092715741, 72.88843409874445, 62.04381298895989, 11.752426446675482, 69.45630415686622, 67.9589002365468, 30.002309663716836, 60.38693580378242, 17.3697621855307, 24.259364959268545, 39.99116737783368, 23.317559858319367, 50.272827267920384, 112.07813674460496, 72.05768694129837, 85.33189381945284, 41.68679904310481, 100.26927448488992, 22.430769813021907, 25.46455658159289, 55.40267882335633, 75.64167744092939, 15.721229860503419, 68.57141672357918, 66.73628493410465, 86.32218254865964, 73.66803195460726, 67.7930840185731, 48.20163005989162, 78.07927041168817, 25.80506083920169, 37.16251874197773, 63.49370875540663, 72.83983194184317, 71.74337985483305, 22.080054849306617, 72.37035646134312, 52.688445079041365, 10.245953494617817, 24.723921258752274, 7.953957647033519, 78.93454335877361, 74.47826629316398, 37.70201078763456, 75.84418638024836, 58.20464081407944, 63.90042556566026, 30.819327705356095, 68.7557835353536, 111.57105201406881, 87.73800382594696, 4.647461164485812, 94.51849078894764, 62.05804666428212, 41.426786715915895, 39.51239525977944, 67.15085221866086, 54.003375350239, 50.89025008193937, 68.0734393705376, 49.664375315282555, 35.56248318810759, 57.00453870176054, 52.78087586288595, 29.88713890411549, 96.00385347243308, 46.7270170342534, 14.6010370033032, 79.72219578919832, 90.87856395533584, 68.40691468085184, 79.73752393304562, 68.25082468963129], [16.429019360780412, 0.0, 87.54417218854377, 71.37977374708989, 76.81587768001165, 25.93500803120992, 85.11838369853832, 80.3650108737277, 13.747737622368811, 76.38345434430562, 16.32784209903053, 8.09211619610967, 34.50731230941743, 16.368245505984216, 47.120785869320365, 125.12039099675887, 70.38548871498683, 92.74126628034122, 48.79037393500406, 111.32170759139711, 30.66207854834658, 9.147201235935018, 59.41873226590353, 90.05390564104108, 31.852653881974152, 84.96598633071042, 80.96417461293737, 93.54007622904214, 72.33938571023798, 69.58843982069463, 57.79742211551095, 89.96300570065459, 36.84703263576768, 45.15937012354704, 62.03320608691878, 88.7656883427854, 85.29392269543808, 37.78981440791033, 80.50761560932486, 61.260680968420225, 20.395861934522404, 41.03674823258545, 12.688372274400987, 93.41810072500125, 83.73883717147187, 45.53755494183175, 86.51159622578311, 74.51848498395954, 62.6927302011513, 35.603150386670265, 84.0859719205465, 124.44532208002717, 96.03755419385124, 20.68144419891248, 104.83061141798014, 77.24901759031526, 56.82492229187256, 37.65440771404916, 80.61890284476078, 69.8416019102787, 55.31830916899112, 67.72634781481158, 55.23913193215798, 41.91603587279286, 59.78754363198242, 65.42512738623064, 45.942684874507194, 110.12635542330106, 61.64036402673627, 27.43113350788513, 91.53667937892925, 101.04752165581726, 83.88480128315908, 94.55802224563197, 84.12156932122325], [76.93434092715741, 87.54417218854377, 0.0, 60.391249056383394, 33.620570011586615, 80.02230564936788, 88.11688177501797, 14.449515123426592, 95.56019962267547, 48.89474735038516, 72.2474747576357, 91.45877531401298, 71.3635294278166, 76.86808869229591, 64.31613653027466, 42.11939111640196, 60.87424990911977, 21.09821842582433, 40.31991779516349, 23.8428362783151, 56.882158164574854, 95.23551168744773, 39.76681011283664, 30.12248761776761, 73.04100318892402, 71.39434925586131, 27.968511332880507, 22.538518234794093, 59.826376693297405, 45.91192700703711, 29.830703867423342, 9.011854887162011, 51.33190708665985, 42.85057677558773, 58.6916161369958, 49.620628129382936, 21.71374214808168, 59.33957217143279, 15.656156131705545, 27.45013825853823, 68.12399179522919, 62.16092691250706, 75.531410640956, 31.71672744596944, 8.881947652309623, 42.59781606689063, 1.1286239725612777, 71.41408427438155, 57.76300361657732, 53.771118120881354, 39.58799010448218, 40.78152020530947, 17.81113560373028, 72.84051419088593, 17.606868786944364, 37.85891874641963, 79.67699442803462, 62.68304240406793, 21.744782310696333, 79.0620679511194, 40.596458758548756, 54.764998804101495, 37.89276304552215, 47.04816371066987, 43.56604705262547, 26.23750555262575, 56.9398179814964, 36.862808227152186, 40.19978213239185, 62.339851434207084, 9.06976525015331, 14.098095100559927, 41.50716985074674, 35.73958138028107, 84.57246037211834], [72.88843409874445, 71.37977374708989, 60.391249056383394, 0.0, 80.40318642104432, 83.13574767748344, 124.06361067034568, 66.7309112669103, 70.04449794422702, 92.1026958438152, 56.9525917029702, 69.50860610246977, 37.5655484235177, 55.02323839039309, 24.406690348340316, 100.77628836683341, 1.1651062825296967, 47.41923050865496, 40.76898142226586, 78.08275800382826, 53.37378346724143, 73.89401154654452, 26.29315825225046, 85.43512107352713, 81.31984652309693, 112.91402782549707, 78.63351620324525, 47.0206453878309, 1.184429901323172, 14.575146610044214, 47.38423856251763, 68.76284451637149, 56.257819200295756, 44.900547858480216, 9.442776321056854, 99.4058393373206, 76.39512259791852, 72.13621188604309, 44.803714281642726, 43.15964458104366, 63.272557567300815, 78.16414047130634, 66.07909249063242, 88.17584082809566, 51.610073203202305, 44.28477398123714, 60.16002185744495, 107.34644857306817, 8.989329755195655, 43.726586749853084, 89.51740249147723, 99.11454860444627, 53.588211511528456, 71.81558713581734, 69.44436315989526, 84.09470412530416, 102.77005848087808, 33.980365132059916, 73.30768217258068, 109.93119262903762, 29.53986214529205, 6.537499638665227, 33.29575933770354, 42.371611451955566, 21.900394353324135, 62.21755207344013, 77.08300582744275, 97.07085275941496, 74.1970686015589, 63.598278355375506, 69.27308263243482, 66.12701907990846, 90.8544539672296, 91.7410569892215, 121.26580152385301], [62.04381298895989, 76.81587768001165, 33.620570011586615, 80.40318642104432, 0.0, 60.25783004402097, 54.55182037312376, 19.250504129501323, 88.3688777872563, 15.27431658246863, 65.35850039793138, 83.09651244230106, 74.97179568016948, 72.15385161896508, 73.7412011923212, 52.454993496691685, 80.44484289372772, 53.78437612893281, 44.00468236905952, 48.65934937072754, 49.82767285945171, 85.78568100187992, 54.43448572257673, 13.90926519686711, 52.058594339458125, 37.868234473347, 6.700424176270423, 55.25351061182571, 80.27518233132622, 66.56825120267611, 33.79983254240759, 27.614945096420197, 42.099932714879934, 42.69320848756134, 75.07651046121923, 19.016704182473557, 14.174379085975511, 40.195121277221084, 43.457706069297885, 37.28968134725955, 56.61381450856125, 39.79210603316362, 64.18553659198125, 17.02765943261704, 39.12036391372453, 42.95600792838744, 32.72500897179128, 38.11460556789748, 74.50342153753033, 52.76053516072249, 9.329027472323133, 52.424777716468206, 51.36843618994549, 57.40012613447715, 47.157601000968675, 4.311288584146263, 49.82992748299655, 67.18698328172272, 12.022690443422835, 46.563832219863905, 52.2413438802126, 73.91342267015412, 48.33413304197214, 47.68212657684319, 58.97963700706561, 18.40584492249117, 33.797628341320554, 34.39498318963282, 15.320482874362215, 49.443389442828725, 29.067763713258593, 45.02405129613664, 10.469504854931387, 17.744566112500692, 50.988302816518114], [11.752426446675482, 25.93500803120992, 80.02230564936788, 83.13574767748344, 60.25783004402097, 0.0, 59.25098916827373, 69.38397707192797, 39.61769635401998, 55.763523272617476, 28.994414839856905, 34.02516670835796, 51.53922883539249, 35.06439346097024, 61.27583051507106, 112.01505998879882, 82.36731745037447, 90.88423493482453, 48.78450705317896, 102.53852108916328, 30.55107768198651, 34.13688652680303, 63.69544956070743, 74.15607844412659, 8.306967541690952, 60.44909700569398, 65.74477520467074, 91.99415781600047, 83.84695174337352, 76.85045171854014, 53.13068664556704, 79.85281983356477, 31.312157515477036, 43.9543501497926, 73.8429967163812, 68.20959793256851, 71.62713709569749, 21.003949364026045, 77.64284813647915, 58.23343045158711, 19.926248713045084, 20.508543058687906, 19.703376504238513, 77.27080606378414, 78.81576631297484, 44.56602651702523, 78.90128098630528, 49.6353051072204, 74.1632972543801, 39.89417732935314, 65.7041794607348, 111.71942194916072, 92.59041194252904, 11.354543473551145, 97.57289880587102, 59.45871905393416, 30.91852072850466, 50.430050646470455, 67.26142568501115, 44.11487539225248, 59.1159186025912, 77.98189120578363, 57.31149016008891, 43.4918149057414, 65.84926848615791, 54.43752036001609, 26.48132368121253, 94.65209308302008, 45.23675951299943, 20.64307899208576, 81.53718554807188, 94.11883317685991, 65.0319169949879, 77.48136538825297, 58.37917422873113], [69.45630415686622, 85.11838369853832, 88.11688177501797, 124.06361067034568, 54.55182037312376, 59.25098916827373, 0.0, 73.67740437068794, 98.84473729250767, 39.32637378791286, 83.80152930184249, 93.20596310199903, 103.52029991996119, 91.11527337495573, 108.79648855732476, 97.33117462809355, 123.72383007450217, 107.68613890025976, 83.29593723999632, 101.2768525493564, 75.33510701931918, 93.36121558019019, 98.43186566338748, 62.78907163791133, 53.782379333328926, 18.49901509157437, 60.686594068254735, 109.1421069357947, 124.31977103160156, 112.5123952988613, 78.3746295216373, 81.96635775922913, 69.62656915181071, 79.32700287053419, 116.35369682998689, 43.19860272919243, 67.94740368527076, 55.04932008650879, 96.14720627129063, 83.7601832500375, 72.36968547598964, 49.11043743245495, 76.49356167291494, 63.73973039304276, 92.86948261436399, 79.91638138335438, 87.1869262866489, 17.274998565607017, 116.17738687980074, 83.7387324243324, 50.581448263803445, 98.15462783918562, 105.76268494980907, 66.33649795141787, 101.14885462483575, 50.408185754436246, 28.34941400330598, 98.84685998741205, 66.56092070354856, 15.591229027091837, 94.65954454630166, 117.68201604022633, 91.09149354561085, 82.60291124479164, 102.46277742897213, 66.81554070953057, 48.018917477958695, 77.1558364898004, 51.82819793012538, 67.26666974608717, 83.31764094043734, 99.33283918852696, 48.628658437458746, 60.84717163144861, 3.629924771627972], [67.9589002365468, 80.3650108737277, 14.449515123426592, 66.7309112669103, 19.250504129501323, 69.38397707192797, 73.67740437068794, 0.0, 89.93003879469518, 34.5070309693536, 66.24648759308994, 85.28758710835606, 69.86721280873891, 71.88683105002747, 65.35632970508918, 44.87329209366252, 66.9877903321209, 34.64620538279357, 37.35447408441242, 33.3683971886133, 50.241903005503374, 88.69084424339667, 42.51188235504536, 18.828969248981057, 61.8640496282643, 57.10665515237343, 14.08370726021343, 36.115558058677294, 66.38952572873906, 52.258221202018774, 25.713643412759023, 10.559467909251635, 43.52006266627937, 38.273920962061716, 63.07813897688302, 36.264620819438555, 9.699523494397733, 48.38558951258452, 25.3465245687874, 26.27531000026343, 60.175562941793935, 50.29103585180393, 67.854631694936, 21.448498874400087, 20.202392164169016, 38.23850556962963, 13.509611225493405, 56.968758453018616, 62.31165885429569, 49.53867604325839, 25.986390777163997, 44.11266363808435, 32.126354976550644, 63.56704868571895, 29.743543860762948, 23.529189715126634, 65.9620308888735, 61.33517742820063, 7.755416878999129, 64.73565413819985, 41.747426279582136, 60.51878085219943, 38.20630417736867, 43.15588641894512, 46.91646440188034, 15.180131364855129, 44.68824662643561, 32.859584613859084, 26.734422613909103, 53.66993191491579, 12.251201339012947, 26.989844181749852, 27.814315096275163, 25.093851378567273, 70.1391697407883], [30.002309663716836, 13.747737622368811, 95.56019962267547, 70.04449794422702, 88.3688777872563, 39.61769635401998, 98.84473729250767, 89.93003879469518, 0.0, 89.11275613028975, 23.685327010588868, 5.743926174069053, 32.62841618732795, 18.85894575936502, 45.84156010558156, 134.79343400214674, 68.95129592167149, 98.09509257521772, 55.48905646522605, 119.38875313792289, 39.72692979811147, 6.489728289667485, 63.18548135366292, 101.18278889732156, 45.56745683080954, 98.56652884223043, 92.011842738144, 98.72361834009938, 71.11921130448329, 71.09332359756156, 65.81074567687058, 98.96923624605823, 46.9131776965971, 52.720215233631734, 61.1770913855555, 101.37175915778413, 95.72735943403184, 50.5646897318842, 86.71104267483648, 68.3917037096994, 31.93553945555683, 54.29693444556039, 24.803686049568338, 104.5861034754275, 90.75441437233005, 52.962595188387716, 94.5910989678175, 88.19429220962078, 62.01742982027706, 41.89855367682555, 96.09466733819498, 133.97316634743214, 102.04910914862425, 34.01319774179225, 112.35469153719403, 89.17100302567195, 70.53200790024697, 38.594507800433156, 91.03772435754892, 83.58710903499119, 59.63536562896791, 67.53384846634174, 60.43000102013394, 48.612429002627565, 62.562216169280326, 75.44174598707586, 58.89999812756538, 120.86119281628618, 73.46882287216171, 39.136327525439945, 100.46541942832295, 108.50286399364984, 96.03799571033545, 106.02602288724958, 97.86720410609148], [60.38693580378242, 76.38345434430562, 48.89474735038516, 92.1026958438152, 15.27431658246863, 55.763523272617476, 39.32637378791286, 34.5070309693536, 89.11275613028975, 0.0, 67.65812739626182, 83.52045807003275, 81.21788522872579, 74.98358836280954, 82.25345374447475, 62.841470876904815, 92.01034812340663, 68.92265909751706, 53.08819645611883, 62.732650105392345, 53.664161234567516, 85.53032802743114, 65.8136701969086, 24.858129129464714, 47.50800742526535, 22.743006293593997, 21.383626533012194, 70.38968245433084, 92.10860952320917, 78.91167909262751, 44.71887403020071, 42.660513686397735, 46.05184151646609, 50.56912748918136, 85.84964937925895, 12.49419628120517, 28.736398130400715, 38.6098154841499, 58.1368006755169, 49.21979069928699, 57.365501425846965, 35.8957813870061, 64.31482643644519, 26.720367188241507, 54.18015626627504, 50.98806366782285, 47.99584444444777, 23.268984882736, 85.40955154298672, 58.937641994178165, 12.752267645418218, 63.203067582008295, 66.63273962522656, 55.84991813860004, 61.985625031895204, 11.083006559584204, 38.330636328052755, 74.27570128612989, 27.24822864466084, 32.52400465899722, 62.93447922553788, 85.5652068585355, 59.04326792916624, 55.14284733964912, 70.26189518818205, 30.40587249684695, 30.50105748992347, 43.06833273873269, 18.75286964489044, 50.28716903113599, 44.03852644314577, 60.05128374547078, 11.168335362926856, 25.044238783366385, 35.74671381486575], [17.3697621855307, 16.32784209903053, 72.2474747576357, 56.9525917029702, 65.35850039793138, 28.994414839856905, 83.80152930184249, 66.24648759308994, 23.685327010588868, 67.65812739626182, 0.0, 19.220589713078866, 22.628370846148375, 7.516392056123973, 33.46526358163377, 111.11333127544036, 56.039679659485266, 76.50400805625074, 32.746560471798915, 96.08908905920875, 16.056465423744992, 23.03428064784488, 43.14474461924546, 77.83441020640625, 30.889778267015433, 80.1161825238726, 68.65024417261657, 77.27937617104601, 57.82394416222848, 53.796147034587015, 42.419773627501186, 75.3566352191271, 23.425502529777955, 29.457178769231124, 47.51079211110407, 79.55770983255188, 72.12655502803881, 30.345008309918427, 64.42902477609036, 45.44218247440301, 11.459403736569662, 35.434848220315644, 9.591002365770569, 81.24909162329469, 67.93997532958278, 29.76907926239628, 71.25081897319895, 70.63259570211348, 48.04431362804829, 19.35616082723773, 73.47332494405087, 110.30356662902064, 79.93667421110996, 18.400574640941972, 89.29684641113572, 66.50338422823205, 56.71022516612983, 23.01299803613336, 67.44078283118498, 68.21146423189573, 39.00351295218139, 52.706332485584774, 38.927437008888596, 25.82488560748947, 43.69578694178513, 51.790586503922064, 38.72920593798639, 97.3112034640596, 50.853294583242835, 17.67295662864271, 76.8702200578065, 85.47487402848841, 73.58850957356401, 82.87049059327363, 82.1499473672775], [24.259364959268545, 8.09211619610967, 91.45877531401298, 69.50860610246977, 83.09651244230106, 34.02516670835796, 93.20596310199903, 85.28758710835606, 5.743926174069053, 83.52045807003275, 19.220589713078866, 0.0, 31.9613514067447, 15.796939960129711, 45.111419570040646, 130.15842920289907, 68.45240163200796, 94.97132907766405, 51.72175457515935, 115.30143465218993, 35.055250565030626, 4.436247913073572, 60.546162561929094, 96.04889510974691, 39.84269685431218, 92.8226109367112, 86.89517232444749, 95.66545578483617, 70.5393138824178, 69.38542282221867, 61.635420869874004, 94.52857864515887, 41.9906347811243, 48.63650576835993, 60.39113153787099, 95.81423034167888, 90.80797981103557, 44.937577450763385, 83.2447490002835, 64.53374773878951, 26.523111179961294, 48.58325311578208, 19.214892861139532, 99.44260485707768, 87.00122375095252, 48.92685317053049, 90.46564283030314, 82.45533489452102, 61.16028884820862, 38.158555740077766, 90.69611418098374, 129.387227492602, 98.68669248842801, 28.280448240777897, 108.45381052588475, 83.79265063752239, 64.91672259871216, 36.8383375914779, 86.1177277767793, 77.91308233539102, 56.76552777070801, 66.50480048841793, 57.23765440302546, 44.79752543924309, 60.304674180056246, 70.62673881781423, 53.242496372728105, 115.86513091469345, 68.1031063712008, 33.72690078709599, 96.0533888015512, 104.62157622457494, 90.5990116283248, 100.79168633895814, 92.19220903102043], [39.99116737783368, 34.50731230941743, 71.3635294278166, 37.5655484235177, 74.97179568016948, 51.53922883539249, 103.52029991996119, 69.86721280873891, 32.62841618732795, 81.21788522872579, 22.628370846148375, 31.9613514067447, 0.0, 18.331896404064576, 13.225030876297275, 113.05488209119768, 36.50048331070545, 69.1358594739944, 32.526782279126195, 94.38041524456395, 28.56631866371481, 36.33379591862578, 33.692045742839, 85.27753926156433, 52.549560452557316, 97.28356747768568, 76.42857937584925, 69.5173814153605, 38.61016240269013, 39.02047079000276, 44.16681009241621, 76.88527536121441, 35.52738077263108, 32.48351550318317, 28.563294713599245, 91.91354099896641, 77.82797844136273, 48.50403824573273, 59.48828449553701, 44.37721393938005, 32.547805210914824, 54.41190520901413, 32.19145061927889, 88.62532862924718, 64.78333971209159, 32.32359051558148, 70.58264395189956, 88.89466590510423, 29.391581077019687, 22.373650787417763, 84.0291713178133, 111.88240780881057, 73.9247294332775, 40.59762768092243, 86.49023681220197, 77.24383428355961, 77.68096455030687, 8.684429940747728, 73.4179777204207, 88.08446766153241, 31.308979115718238, 34.915376082628306, 33.521506062572904, 27.423034203262286, 31.861337826779955, 58.00492454669275, 56.08853173486235, 102.66331001966165, 62.73427464669643, 36.37868485018643, 78.11329765791837, 82.6323880899374, 84.63648056768741, 91.10476007644307, 101.48144683778813], [23.317559858319367, 16.368245505984216, 76.86808869229591, 55.02323839039309, 72.15385161896508, 35.06439346097024, 91.11527337495573, 71.88683105002747, 18.85894575936502, 74.98358836280954, 7.516392056123973, 15.796939960129711, 18.331896404064576, 0.0, 30.754666771638064, 116.63818128153443, 54.02371805675534, 79.34685208647036, 36.677921265286365, 100.66898501592495, 22.374987024270755, 20.1597643423843, 44.75393626818095, 84.32729001788529, 37.845220618182445, 87.6310353536049, 75.15112086528121, 80.0078935765946, 55.99057580657164, 53.824153035628726, 47.236221987428635, 80.59718934140908, 30.05601643018185, 34.11854309688021, 45.69666394353818, 86.7870336828729, 78.25426614963587, 37.86036061758359, 67.8583050228024, 49.59792132973225, 18.90361197812786, 42.92807585991315, 15.396113095138482, 87.74664867610184, 71.91363758021947, 34.31779482199672, 75.91685714412594, 78.11677529742367, 46.37530232242743, 23.112140601870163, 80.4519409669967, 115.74379218991294, 83.2177694076314, 25.183813790718133, 93.54853901972093, 73.4780900169767, 63.79009485693617, 21.47126216283045, 73.58951296633096, 75.52477518533729, 41.01498139836893, 51.49125379262301, 41.634130508468, 29.838212941033824, 44.5391661044191, 57.829661252013636, 46.23807671215174, 103.49874103085469, 57.90064994608266, 25.17302460527819, 82.05513776274604, 89.69122952269244, 80.63654389455782, 89.52429451436433, 89.52356867530031], [50.272827267920384, 47.120785869320365, 64.31613653027466, 24.406690348340316, 73.7412011923212, 61.27583051507106, 108.79648855732476, 65.35632970508918, 45.84156010558156, 82.25345374447475, 33.46526358163377, 45.111419570040646, 13.225030876297275, 30.754666771638064, 0.0, 106.43285886416353, 23.36558954812589, 58.952496722694335, 29.737329567643446, 86.25295698152355, 33.923710955057295, 49.505772998652816, 24.704255226050797, 82.3655922730959, 60.866295564167224, 100.48115341175225, 74.03444220655948, 59.146560705965314, 25.4288115157828, 26.67679207904556, 40.56115615840726, 70.91987950488786, 39.182018824188205, 31.687229504665925, 15.338775784598665, 91.84264724629517, 74.16337002038644, 54.20240131352893, 50.85077005398551, 39.083242353562426, 41.45070076485855, 60.33643523148845, 42.92848658655128, 85.57058988904203, 56.82159550716098, 31.283846124154167, 63.68149154253351, 93.13412883771437, 16.17888633999008, 25.058483587438413, 83.04435104473606, 105.09101915347519, 64.23017650292384, 49.96572707491538, 77.99959007165738, 76.61535797499269, 84.63366227900735, 10.859240276088263, 70.09425634100973, 93.74542454682059, 23.901303664207603, 21.766354378344843, 27.18952905138068, 27.210006154198158, 21.62058720575371, 55.68809167625693, 60.77758351070731, 98.08641183281038, 63.50250398929041, 43.47490488806332, 71.94925819856351, 74.21957222605542, 83.94010728210485, 88.48785170219895, 106.42314405335183], [112.07813674460496, 125.12039099675887, 42.11939111640196, 100.77628836683341, 52.454993496691685, 112.01505998879882, 97.33117462809355, 44.87329209366252, 134.79343400214674, 62.841470876904815, 111.11333127544036, 130.15842920289907, 113.05488209119768, 116.63818128153443, 106.43285886416353, 0.0, 101.4118831688127, 54.47109429271931, 81.09975588442663, 23.77169216451019, 95.1151932116161, 133.53311698465635, 81.86971767044756, 38.84710896350755, 103.99466486369465, 78.86415554211678, 46.415345997272375, 55.29782880164963, 100.05516111890731, 86.74382491738335, 69.7192827309867, 36.273961539526084, 88.3156447216837, 82.71107039651758, 100.22729077845864, 54.551328789278706, 40.45042276620349, 91.26310008689323, 56.601806879060426, 68.6963627739608, 104.82455705020729, 91.81220579695096, 112.53613679441817, 36.3307554625803, 50.045338776904075, 82.6003214566918, 42.75757885166854, 84.58983770429256, 99.24553199556293, 93.97487466348113, 50.13363126434856, 2.052058097265293, 48.246745957922236, 107.55600664706685, 32.042397090733516, 54.44969716492147, 101.02420904562712, 104.37740555037212, 44.9619342779127, 94.74579130902715, 82.66220755031969, 95.69387912625295, 79.80429081368995, 87.40333559185133, 85.57771333323457, 59.696764947601146, 85.8429041720415, 20.231335531099017, 66.85887522625482, 98.11781761063294, 34.96802912499193, 34.89516725265311, 51.67752449872915, 37.84313386404894, 93.80441433771063], [72.05768694129837, 70.38548871498683, 60.87424990911977, 1.1651062825296967, 80.44484289372772, 82.36731745037447, 123.72383007450217, 66.9877903321209, 68.95129592167149, 92.01034812340663, 56.039679659485266, 68.45240163200796, 36.50048331070545, 54.02371805675534, 23.36558954812589, 101.4118831688127, 0.0, 48.20478576309673, 40.43215490836428, 78.79515140574084, 52.70355306910349, 72.83312194356112, 26.201756806013847, 85.65725017572849, 80.6419151672685, 112.7162935708648, 78.76972377766536, 47.83147443682473, 2.3473092261172708, 14.981148896492952, 47.29541661662907, 69.1893615610367, 55.71891501532123, 44.49387674428777, 8.565944380839822, 99.43636563271453, 76.63762183214989, 71.59122305162532, 45.319362701063106, 43.17191997221967, 62.4865062925777, 77.63505102994063, 65.20158919647083, 88.42457875790556, 52.1197023939597, 43.88385473640702, 60.62362365571136, 107.04980777249106, 8.20876639698864, 43.05758542799342, 89.58549744106814, 99.76190083663258, 54.35403378930201, 71.03787355111997, 70.15781251869406, 84.10444784470843, 102.25147430414796, 33.048135468708594, 73.49659457491859, 109.52966767034809, 29.31147694157962, 6.539630753931601, 33.10588230925307, 41.857520066682696, 21.756708793934287, 62.21492761796299, 76.63461624920232, 97.49903287262858, 74.02836614283837, 62.91530711051682, 69.72468566017797, 66.81338011683515, 90.90355279784309, 91.96549990311601, 120.94723864690927], [85.33189381945284, 92.74126628034122, 21.09821842582433, 47.41923050865496, 53.78437612893281, 90.88423493482453, 107.68613890025976, 34.64620538279357, 98.09509257521772, 68.92265909751706, 76.50400805625074, 94.97132907766405, 69.1358594739944, 79.34685208647036, 58.952496722694335, 54.47109429271931, 48.20478576309673, 0.0, 44.117458692579014, 31.036932012576468, 63.26452929751258, 99.16298522845139, 35.49451797804913, 51.207639503678806, 85.03420922389442, 91.63192709893495, 48.651661054684276, 1.4696620877261717, 46.56191539248071, 34.56147767311359, 37.76634901658185, 29.711474510257077, 59.87315526688987, 48.28748327550782, 48.84472974771975, 70.59753841287865, 42.763927948417326, 71.63857482444973, 13.308243947312485, 32.73734845517548, 75.48006471879225, 75.7218958004276, 82.05224301766945, 52.68400663839119, 14.818004029254753, 47.79461529291565, 21.706161300800726, 90.64432285811554, 47.76208819239556, 57.152562382285154, 60.45474965202568, 52.66238065622305, 6.266340874671275, 81.88903653052272, 22.480634234592834, 58.09078485712522, 96.19573533014612, 60.978794265163486, 42.32605032835818, 97.41955478255046, 38.54939360070422, 43.21531465457385, 37.733880124235, 50.879731841297904, 37.50212166471616, 42.097281317350756, 71.34870124966832, 55.280112909267615, 57.375106217574505, 71.12594763366569, 29.24021401194481, 19.66101156550045, 62.337626540124134, 56.719590875703574, 104.21722931005941], [41.68679904310481, 48.79037393500406, 40.31991779516349, 40.76898142226586, 44.00468236905952, 48.78450705317896, 83.29593723999632, 37.35447408441242, 55.48905646522605, 53.08819645611883, 32.746560471798915, 51.72175457515935, 32.526782279126195, 36.677921265286365, 29.737329567643446, 81.09975588442663, 40.43215490836428, 44.117458692579014, 0.0, 64.04895770445842, 19.309395326025506, 55.721561703797775, 15.969715252740533, 53.12005316218473, 44.50500127980038, 72.69271966671177, 44.526946044503504, 45.00012509340941, 41.04362488760916, 30.187215198088005, 11.64274163985994, 44.82581944083221, 17.792023065819187, 4.903739361532117, 33.317361776416256, 62.19850287559304, 45.381618012012574, 32.95986357172637, 31.718086964409984, 12.927108427996247, 31.59967865713474, 38.618570648151646, 37.94610875783414, 56.41267681041261, 35.290601103180535, 4.261301810789397, 39.40660928506887, 66.64192455773346, 33.038671805931614, 13.594959299381573, 53.307254100616724, 80.04236015397689, 47.24719113954925, 38.688037403236464, 56.871562264213566, 46.91137315134288, 62.851662660233806, 24.070715861128026, 41.05426096099362, 69.24259746105245, 11.658022047208831, 34.417954481943326, 8.79611620482341, 6.928850686934245, 19.44120473615966, 26.071801775252723, 36.702492638937805, 70.13669142407862, 34.48116604252235, 28.206868429585192, 46.16142689578204, 53.016223406380554, 54.21643474838386, 59.115567440815084, 80.51665816441042], [100.26927448488992, 111.32170759139711, 23.8428362783151, 78.08275800382826, 48.65934937072754, 102.53852108916328, 101.2768525493564, 33.3683971886133, 119.38875313792289, 62.732650105392345, 96.08908905920875, 115.30143465218993, 94.38041524456395, 100.66898501592495, 86.25295698152355, 23.77169216451019, 78.79515140574084, 31.036932012576468, 64.04895770445842, 0.0, 80.6651881977031, 119.07018337514774, 61.573026162270025, 38.49417395437366, 95.15610274218012, 83.15785182873752, 41.9684156459385, 31.754087741615102, 77.28987573274435, 64.48607491374813, 53.67017157779279, 22.808993979614772, 74.89603963855103, 66.68964572001813, 78.41496807329767, 58.735547865615935, 34.48730383416289, 81.58852794784471, 35.414823591206115, 51.13008722593481, 91.72888951230696, 83.65822461230051, 99.21229017699241, 37.85276263421978, 29.61180832318733, 66.43055581855229, 24.841041248621018, 85.98550292883375, 77.38327946562667, 77.55988288114783, 50.720108262392316, 21.86003028636599, 24.771143893418426, 96.05009813786741, 8.63845045054048, 52.13937726449627, 98.19624345356026, 85.74771280179476, 37.518584604892496, 95.04614506943096, 63.16773549570971, 73.38462963649829, 60.892100196427705, 70.83348905012618, 64.79842734321896, 48.10113926042997, 78.04555524654627, 30.92132810102908, 59.76292131260838, 85.72662239640023, 21.117198810961156, 12.137811729101404, 52.65898522376891, 41.27574923636885, 97.64693634806106], [22.430769813021907, 30.66207854834658, 56.882158164574854, 53.37378346724143, 49.82767285945171, 30.55107768198651, 75.33510701931918, 50.241903005503374, 39.72692979811147, 53.664161234567516, 16.056465423744992, 35.055250565030626, 28.56631866371481, 22.374987024270755, 33.923710955057295, 95.1151932116161, 52.70355306910349, 63.26452929751258, 19.309395326025506, 80.6651881977031, 0.0, 38.56729151842202, 33.25769432650629, 61.96731941197692, 27.94799343491369, 68.74127993650117, 52.78733687512586, 64.19688200129826, 53.987050013363394, 46.306686164612344, 27.17108431281986, 59.51564229722664, 7.772530258392848, 14.984610455335988, 44.34994020014666, 65.06176032700321, 56.087999441670846, 20.371275984406765, 50.54155359062444, 30.96621710302196, 12.290901718600795, 26.47133928623387, 18.92766929942783, 65.38620698211247, 53.29637187852829, 15.469929388865687, 55.84982231553165, 60.36799898549235, 44.52489488044321, 9.64725674442123, 58.2668482043396, 94.33341237924664, 66.0413713911424, 19.76794124496995, 74.19748727853425, 51.3015572801582, 50.71851523932945, 23.57316783680093, 51.405365992569, 60.071050694421146, 28.694798622081315, 47.86402640394485, 27.25799070951319, 13.173833501345449, 35.29819330345822, 35.73508681787954, 27.571096437944572, 81.29349029172606, 35.889964926966194, 10.248044215781308, 61.05824780666589, 70.42946820769029, 58.544106782881805, 67.15073440329782, 73.15495846063774], [25.46455658159289, 9.147201235935018, 95.23551168744773, 73.89401154654452, 85.78568100187992, 34.13688652680303, 93.36121558019019, 88.69084424339667, 6.489728289667485, 85.53032802743114, 23.03428064784488, 4.436247913073572, 36.33379591862578, 20.1597643423843, 49.505772998652816, 133.53311698465635, 72.83312194356112, 99.16298522845139, 55.721561703797775, 119.07018337514774, 38.56729151842202, 0.0, 64.87620441930986, 98.92174793021756, 40.61868727396009, 93.84944803733077, 89.80125406440263, 99.87598898555225, 74.9299490723091, 73.81560000372961, 65.40578726982386, 98.081307594125, 45.233237022476104, 52.487884224638414, 64.79845966934028, 97.9093487823049, 93.9415948353204, 46.933755529049385, 87.32790961812987, 68.46935336999684, 29.206666282811465, 50.14443403939025, 21.603107717550593, 102.29917506121063, 90.9617390942453, 52.80325433304508, 94.22919093265706, 83.30174018233554, 65.57368705008996, 42.20667963443072, 93.15712752964319, 132.80339321318883, 102.79827672668158, 29.801056101775966, 112.32814588109567, 86.30072357765377, 65.01275323088896, 41.272961553420046, 89.25620298300828, 78.24642882377908, 61.051173676953724, 70.93061155360498, 61.438464762255514, 48.79272316388064, 64.69333968256751, 73.89479960434711, 55.08779712535604, 118.89119489498066, 70.66152443069043, 36.34515581842906, 99.62553858793856, 108.50811681954467, 92.9799716785246, 103.51824027450158, 92.51491744387452], [55.40267882335633, 59.41873226590353, 39.76681011283664, 26.29315825225046, 54.43448572257673, 63.69544956070743, 98.43186566338748, 42.51188235504536, 63.18548135366292, 65.8136701969086, 43.14474461924546, 60.546162561929094, 33.692045742839, 44.75393626818095, 24.704255226050797, 81.86971767044756, 26.201756806013847, 35.49451797804913, 15.969715252740533, 61.573026162270025, 33.25769432650629, 64.87620441930986, 0.0, 60.66284435306188, 60.05383564186284, 86.71713406870246, 53.204804069599625, 35.94189556701868, 26.33585016759041, 14.273231405893759, 21.09537910881594, 46.81631845560067, 33.45707273604336, 20.750487218332914, 20.785525629187475, 73.37352717345561, 51.89449472215685, 48.899522137321235, 26.210821635253645, 17.184206688644032, 45.15857380609744, 54.587958334115825, 50.34229372514902, 63.636051841623576, 32.11916450258656, 20.094547581882157, 39.18887176540074, 81.50824439185241, 20.134039968757016, 24.699761905947867, 63.65551246664486, 80.48757334871279, 40.241883762126, 53.021594917749056, 53.38027704808579, 58.0003174356613, 78.77900686415008, 25.4874178221018, 48.32875024631867, 84.75836273026324, 4.581184181872819, 19.756422047850332, 7.394950762393224, 20.205711031897103, 4.550144580145129, 36.10426606281672, 52.55780246255542, 74.60691017934174, 47.959863039789916, 43.07942582960257, 47.72331093354506, 49.57615734004422, 64.90398946726886, 66.95132268707103, 95.51909171626549], [75.64167744092939, 90.05390564104108, 30.12248761776761, 85.43512107352713, 13.90926519686711, 74.15607844412659, 62.78907163791133, 18.828969248981057, 101.18278889732156, 24.858129129464714, 77.83441020640625, 96.04889510974691, 85.27753926156433, 84.32729001788529, 82.3655922730959, 38.84710896350755, 85.65725017572849, 51.207639503678806, 53.12005316218473, 38.49417395437366, 61.96731941197692, 98.92174793021756, 60.66284435306188, 0.0, 65.96558715098827, 44.688458479130254, 9.184404331761296, 52.63834063925216, 85.12430268552075, 71.01636431725551, 41.82423180030024, 21.71536415856208, 54.41042221850361, 52.821223380572214, 81.40046635997518, 20.622531100042735, 9.144685377605509, 53.9542198023992, 43.7216963575112, 43.78688624187395, 69.71715069833228, 53.699863134936926, 77.37515710420533, 3.419443470045235, 37.878552565773816, 52.958061920754, 29.597396027039117, 47.84175093183615, 80.68312563331978, 63.617271944261525, 12.33129200359864, 38.96170383318273, 47.35493233299815, 71.01064706718951, 39.08636950748112, 15.606634273098827, 62.42835103518336, 77.0701492375838, 12.359341041773508, 57.37390182794032, 59.3825924977405, 79.15845786371608, 55.6379904725481, 57.884103404645586, 65.15331341703491, 27.27940187105801, 47.70477730107705, 20.500883691014245, 29.06081469218461, 62.62279694268311, 22.570808044599122, 37.921061068850776, 14.22231106520849, 6.309773871432831, 59.15923240253294], [15.721229860503419, 31.852653881974152, 73.04100318892402, 81.31984652309693, 52.058594339458125, 8.306967541690952, 53.782379333328926, 61.8640496282643, 45.56745683080954, 47.50800742526535, 30.889778267015433, 39.84269685431218, 52.549560452557316, 37.845220618182445, 60.866295564167224, 103.99466486369465, 80.6419151672685, 85.03420922389442, 44.50500127980038, 95.15610274218012, 27.94799343491369, 40.61868727396009, 60.05383564186284, 65.96558715098827, 0.0, 53.25640303385962, 57.648031446496226, 86.20614743866979, 81.93486766815866, 73.7425102697937, 47.34344708531053, 72.38952821165608, 26.713004111775774, 39.601632986481256, 72.25389056246726, 59.97119472785574, 63.6816991332899, 13.706722424439032, 71.7311189807732, 52.71246454846005, 20.00711797918707, 12.267375373112003, 22.79762692467294, 69.05406176177118, 72.40406146155138, 40.24441109718625, 71.91420172824378, 42.68847750856364, 72.45394297603438, 37.59412668396114, 57.40129610836889, 103.74126086413436, 86.34985633808594, 12.688303947003702, 90.49427323604583, 51.18183074919125, 25.979040276020935, 50.06146388878293, 59.3857657098449, 38.295285028063084, 55.49496785240727, 75.78521369342589, 53.251479810598276, 40.028257098251636, 62.672874332733045, 47.12081375659537, 18.26097283685184, 86.45102522469509, 37.1474149421522, 17.728578055333827, 74.07971348848147, 87.12831560978164, 56.72495230031599, 69.20980459384147, 52.533100440050426], [68.57141672357918, 84.96598633071042, 71.39434925586131, 112.91402782549707, 37.868234473347, 60.44909700569398, 18.49901509157437, 57.10665515237343, 98.56652884223043, 22.743006293593997, 80.1161825238726, 92.8226109367112, 97.28356747768568, 87.6310353536049, 100.48115341175225, 78.86415554211678, 112.7162935708648, 91.63192709893495, 72.69271966671177, 83.15785182873752, 68.74127993650117, 93.84944803733077, 86.71713406870246, 44.688458479130254, 53.25640303385962, 0.0, 43.516547380762624, 93.10012578634195, 113.0249150027279, 100.322456387003, 65.83823251830945, 64.64711358924056, 61.909627413514336, 69.38522528415538, 105.98446297149911, 24.74185744316501, 50.50285731842676, 49.80973539876006, 80.8499785862422, 70.78561622501003, 68.82155108733976, 44.816482555241976, 74.43936763343028, 45.437176999416415, 76.91136917138748, 69.90180441499948, 70.53380520775738, 11.082366995430833, 105.65908420639539, 75.87416190376486, 32.69229494378447, 79.66856430586091, 89.18788067603772, 64.63249776844128, 83.46055009300753, 33.57778315947331, 32.816119721822545, 91.39948773967397, 49.65296668369964, 20.37906841043261, 83.40786108765688, 106.40351939357959, 79.61894734416508, 73.38974355037314, 