instance_id,num_cities,city_coordinates,distance_matrix,best_route,total_distance
1690,43,"[[1.3950442522946194, 12.545411651188987], [94.00197192656985, 4.6587970215152374], [32.829500922081465, 9.111074959391674], [38.183070589132974, 56.19200263148304], [75.28388591087675, 89.21814890026785], [35.30975085582821, 67.97000998961418], [4.567963029555411, 48.3692321659273], [82.74949946194026, 6.729319766093589], [73.07567647359754, 18.36193483262738], [37.79950149853, 46.963482112662604], [43.347730129840315, 70.80423105121186], [9.860078590959187, 66.06281816412427], [7.2957070187330775, 32.78454458064179], [43.33947108136551, 32.08718738315236], [15.311834210467412, 67.38274179837094], [46.916579017661064, 45.70824255489986], [80.2420414789753, 64.43968010838056], [74.88494290582828, 46.72155871635232], [5.62809422389734, 53.351661032554865], [90.47903089828358, 0.42496229971836774], [60.998044265630305, 64.38362346432753], [95.1461986422213, 85.1175101042177], [36.36062185354698, 53.051342178336725], [61.797864786813484, 66.74296387611771], [37.3224538927987, 2.063815132212421], [14.972169715383298, 58.61607294718036], [86.81489646068638, 53.14723235843122], [19.09850310918475, 49.06372216821621], [14.663317748056881, 12.46438646684106], [58.72594491839544, 62.375352717178444], [33.12246554206413, 9.338393759988406], [8.62934247419772, 11.909005014900508], [67.61620614406219, 62.46572239156222], [98.51092358209137, 44.068545862537846], [16.48724878548916, 47.85602169307393], [37.132350586408805, 4.774884105686638], [66.31557384421404, 25.2089235387176], [72.88266129298599, 50.7784195898283], [88.48977072647281, 7.221428908380878], [28.67115856596172, 57.33958770153544], [63.60971986849503, 26.634167401039587], [16.434055010734937, 85.44630059679464], [57.91341811865779, 52.964346292351614]]","[[0.0, 92.9421419141254, 31.621507469400193, 57.082254562701, 106.48131084332738, 64.97763788396382, 35.96405886213735, 81.56208866424467, 71.91623584119166, 50.09878323556315, 71.79218543981304, 54.1827426975189, 21.08175331463904, 46.27327458455512, 56.575699910924044, 56.320364708891816, 94.39207631136874, 81.04797488109324, 41.02522029966822, 89.90473830240708, 78.99188448551858, 118.5579538593677, 53.51001798597456, 81.15340655634347, 37.425160374582326, 48.02961761341026, 94.57832201961787, 40.58324110412601, 13.268520891148565, 75.95956291229105, 31.889092578074404, 7.262236857204699, 82.92936576817111, 102.10387851843021, 38.40070076446318, 36.57234149399965, 66.14408284813437, 81.06936712589166, 87.25729867385097, 52.44525355150519, 63.78995924601293, 74.4359553821405, 69.48393240184798], [92.9421419141254, 0.0, 61.334280688951374, 75.96986920455853, 86.60629731287204, 86.33126028101749, 99.54418158739922, 11.441381079356784, 25.013712784299354, 70.34489365174873, 83.31308813732983, 104.16483104475934, 91.15390309815416, 57.61081139613188, 100.63016954248468, 62.4667207718208, 61.34402716294471, 46.20321114356154, 100.90063065117343, 5.507855294057341, 68.23719026068248, 80.46684886151219, 75.26196692218308, 69.93960459352789, 56.73889050330821, 95.69272314474924, 49.01818453568621, 87.0765583734285, 79.7216988871076, 67.64317321690373, 61.05909369828382, 85.67993566500495, 63.54407334022217, 39.6668494935546, 88.73856277269488, 56.869739823428176, 34.47962207808692, 50.725189674179234, 6.0787699625772795, 83.92485258271662, 37.50474487953264, 111.99733241728417, 60.2976766244253], [31.621507469400193, 61.334280688951374, 0.0, 47.38432714141537, 90.66155800638907, 58.911169336771835, 48.37269303340213, 49.976784730715785, 41.29567840486087, 38.17729211228705, 62.58337362460289, 61.40924536487372, 34.8196466812477, 25.265811185440523, 60.84780853253622, 39.21477330400717, 72.86428171464962, 56.41993166320653, 51.934054169272954, 58.30023035643653, 62.03645260915454, 98.28707442063745, 44.08192257949886, 64.50271874199848, 8.357661004662212, 52.62726578112033, 69.66782679208968, 42.24635274116062, 18.473086076186792, 59.22591575242112, 0.3708127636238033, 24.361364524554013, 63.69327486330251, 74.4047985991977, 42.05044711167565, 6.108769626819881, 37.1545126280683, 57.79639490702662, 55.69233696744768, 48.40745038183506, 35.41864829588637, 78.07609954233827, 50.520414769941304], [57.082254562701, 75.96986920455853, 47.38432714141537, 0.0, 49.67088518342819, 12.123424582929935, 34.513348055480506, 66.57870214052751, 51.464628387608, 9.236488305279005, 15.49809432032693, 29.99374726518925, 38.754848996376694, 24.65016397901749, 25.4622484590445, 13.644903620565833, 42.860018852953466, 37.90404647924338, 32.67864786890138, 76.45148953435063, 24.240991640779836, 63.8864848003689, 3.631124822392673, 25.864672589936024, 54.135028798867424, 23.337138562096218, 48.72704704388264, 20.372361136100277, 49.65161819263866, 21.45328655451514, 47.12611152774457, 53.239146531492864, 30.09433548398845, 61.53395851697241, 23.242144090874802, 51.42785325113154, 41.849598916425784, 35.1193461836039, 70.20599097995849, 9.580888363275978, 38.98948726369362, 36.45317034323126, 19.99260811098345], [106.48131084332738, 86.60629731287204, 90.66155800638907, 49.67088518342819, 0.0, 45.27046366634314, 81.66624607098133, 82.82597610424413, 70.8906147590651, 56.48482929162603, 36.86448720140305, 69.4006045055365, 88.35804527927407, 65.45527024365592, 63.82344387810909, 51.9405049124147, 25.26966209326906, 42.49846271079629, 78.3475224082081, 90.08397425662521, 28.650286650248795, 20.281190930845337, 53.13246082516922, 26.210812799843943, 95.06286454455687, 67.6312809510827, 37.869185685303094, 69.05921536444191, 97.80589620298976, 31.53888261871958, 90.32364390782033, 102.07610831649374, 27.829582050582673, 50.77383118738058, 71.88789956841553, 92.66177538112403, 64.63444555893378, 38.51465525128623, 83.0533411922164, 56.47113434873357, 63.66349733623533, 58.97058111126004, 40.200389983857995], [64.97763788396382, 86.33126028101749, 58.911169336771835, 12.123424582929935, 45.27046366634314, 0.0, 36.45885365791292, 77.46581108375695, 62.34762432160617, 21.153559315348748, 8.523022928248636, 25.52103444315021, 44.97558924742044, 36.7702782843319, 20.00653778351579, 25.10587081333016, 45.070766242801795, 44.91873225400036, 33.086203569557554, 87.21228656464159, 25.93743600699266, 62.24497765984074, 14.955633691592363, 26.51651979022705, 65.93692056880454, 22.38556107936534, 53.59565990340206, 24.904864438269765, 59.22119082495303, 24.075263952277385, 58.672400996907605, 62.086073077506285, 32.77200383334424, 67.56972858753294, 27.547397506502794, 63.22140306307162, 52.81923488321434, 41.31917689393981, 80.73725668379706, 12.533027791158691, 50.09531044544308, 25.723775520383775, 27.131083957779076], [35.96405886213735, 99.54418158739922, 48.37269303340213, 34.513348055480506, 81.66624607098133, 36.45885365791292, 0.0, 88.57897574252111, 74.79134104012348, 33.26125797722016, 44.80178022506537, 18.468066292680554, 15.821601511902868, 42.051573322764796, 21.839054844362167, 42.43213572067795, 77.36165359039357, 70.33628143935815, 5.093964621021674, 98.38376184792432, 58.65845886970002, 97.74892683878149, 32.13557700224214, 60.10703512987035, 56.71902959656963, 14.602919665524993, 82.38560156158633, 14.547127254856672, 37.29710620902862, 55.93977489379184, 48.36078949321838, 36.68573247051003, 64.60489142864782, 94.04135122410507, 11.930329329949428, 54.41421247937304, 65.94821708754644, 68.35716628757403, 93.46663319088867, 25.71830697191113, 62.915356559129, 38.929592116191415, 53.54299816501036], [81.56208866424467, 11.441381079356784, 49.976784730715785, 66.57870214052751, 82.82597610424413, 77.46581108375695, 88.57897574252111, 0.0, 15.12946081312672, 60.32652929384102, 75.22030100109804, 93.98580588076116, 79.82574480829625, 46.86333094266759, 90.70102699967215, 52.94671481160812, 57.76480794024111, 40.75819458806873, 90.11855442169949, 9.974496442891773, 61.620974822581886, 79.36237480728732, 65.55652313940121, 63.565780691537235, 45.665998320737835, 85.35807860565123, 46.595601318014026, 76.44377648601187, 68.32729418349574, 60.61033044044468, 49.69557085686968, 74.30092066161973, 57.75433441979294, 40.52949908124531, 77.98776491283445, 45.658997911507775, 24.729934629960866, 45.140643446163665, 5.761326722061584, 74.0666333415991, 27.61402039283809, 102.92765053114667, 52.48341275464018], [71.91623584119166, 25.013712784299354, 41.29567840486087, 51.464628387608, 70.8906147590651, 62.34762432160617, 74.79134104012348, 15.12946081312672, 0.0, 45.41428219936622, 60.28221318511015, 79.19334622469559, 67.34252782177411, 32.75094607342972, 75.76081433414289, 37.84334717952948, 46.63169948744627, 28.417278403273226, 75.98326980905708, 24.99223337114096, 47.58009062900244, 70.30942169180936, 50.510892070422294, 49.67809384174898, 39.29276817279737, 70.68531058817918, 37.40030868605655, 62.09778570940832, 58.70932403467131, 46.293582164123805, 40.95953316664148, 64.76859014363912, 44.44040833883879, 36.163263764672266, 63.813410094930965, 38.425650590316785, 9.621862704337692, 32.41705938042169, 19.01854815396522, 59.084842673723415, 12.57116407161976, 87.79855016982225, 37.77857802048663], [50.09878323556315, 70.34489365174873, 38.17729211228705, 9.236488305279005, 56.48482929162603, 21.153559315348748, 33.26125797722016, 60.32652929384102, 45.41428219936622, 0.0, 24.477829783218713, 33.84369941384594, 33.63812936538888, 15.874363226850923, 30.375011871125157, 9.203082572552388, 45.89974614719818, 37.08623048118852, 32.79951639800262, 70.29200981732778, 29.01092399819365, 68.87941292774366, 6.255590684497841, 31.09902473305692, 44.902201164012695, 25.629474233673754, 49.40392403846307, 18.81856394758233, 41.53878427343775, 25.989262970218476, 37.91466654059632, 45.60388735735542, 33.605882365794805, 60.78040331637023, 21.33093393658884, 42.193872684712886, 35.86679802786263, 35.28996810877018, 64.41222079150265, 13.819920835012313, 32.85496018791519, 44.01601551828026, 20.989997920546053], [71.79218543981304, 83.31308813732983, 62.58337362460289, 15.49809432032693, 36.86448720140305, 8.523022928248636, 44.80178022506537, 75.22030100109804, 60.28221318511015, 24.477829783218713, 0.0, 33.821646940315716, 52.3950849767825, 38.717044548961994, 28.243902859010404, 25.34847768587146, 37.43925371359324, 39.68086310132565, 41.56155835785067, 84.70301636966896, 18.78184737657147, 53.73966223821415, 19.07838424493281, 18.891833154247887, 69.00397622202425, 30.8824161425781, 46.91656585546618, 32.568001743903544, 65.01025288227042, 17.536689540870405, 62.31055440133064, 68.36676159710713, 25.6610532659888, 61.30069146721231, 35.32854045662183, 66.32123039360357, 51.053441725772146, 35.68396395439602, 77.97805176818929, 19.917288304476468, 48.59570712552311, 30.63880071077252, 23.030865263749767], [54.1827426975189, 104.16483104475934, 61.40924536487372, 29.99374726518925, 69.4006045055365, 25.52103444315021, 18.468066292680554, 93.98580588076116, 79.19334622469559, 33.84369941384594, 33.821646940315716, 0.0, 33.37693056974456, 47.6991950507721, 5.609263564415784, 42.27875319951842, 70.40067668082516, 67.84038101450466, 13.397134294561038, 103.96029816043799, 51.16552773287565, 87.38880682518874, 29.522488047944282, 51.94223939257737, 69.64233228646027, 9.03257936530273, 78.03112423941555, 19.347293150646387, 53.81322315944855, 49.0047986767958, 61.309044770274, 54.16779661376436, 57.868034076917525, 91.3384931544093, 19.375417996149594, 67.08194750411757, 69.68689726450815, 64.84950863508334, 98.20864307621589, 20.735271387888293, 66.66065135041123, 20.46793973963693, 49.80655986052339], [21.08175331463904, 91.15390309815416, 34.8196466812477, 38.754848996376694, 88.35804527927407, 44.97558924742044, 15.821601511902868, 79.82574480829625, 67.34252782177411, 33.63812936538888, 52.3950849767825, 33.37693056974456, 0.0, 36.05050949520136, 35.514694787805, 41.67535803427822, 79.51864760208784, 69.01119598166946, 20.63461198036089, 89.25585659801854, 62.30925141643799, 102.25677561404113, 35.43320983513797, 64.21572581871266, 42.95775536131753, 26.948022882659668, 82.08495929852796, 20.107650744942, 21.614590295185078, 59.33536295152488, 34.88184978075673, 20.918095890613518, 67.2274864246188, 91.91052397647498, 17.653154460339014, 40.923909628807344, 59.50407308973356, 68.0104999894808, 85.12313941725769, 32.55549218667821, 56.648876270359736, 53.448760048552444, 54.4919909171923], [46.27327458455512, 57.61081139613188, 25.265811185440523, 24.65016397901749, 65.45527024365592, 36.7702782843319, 42.051573322764796, 46.86333094266759, 32.75094607342972, 15.874363226850923, 38.717044548961994, 47.6991950507721, 36.05050949520136, 0.0, 45.07021843795061, 14.08292743642805, 49.07630270799227, 34.77472669836471, 43.293484314295135, 56.78586617255066, 36.808762413988724, 74.13603812225922, 22.095251137316247, 39.264935279657486, 30.620375196362616, 38.83922702703736, 48.30774375060034, 29.59437888411879, 34.7473176777232, 33.97229071521239, 24.937818940304705, 40.14912292457405, 38.88721196693779, 56.45743637512592, 31.139973951834296, 28.008753188229864, 23.98357378879625, 34.959437199186546, 51.544694223252954, 29.20347777045442, 20.99091262469183, 59.758651063089104, 25.46086597831578], [56.575699910924044, 100.63016954248468, 60.84780853253622, 25.4622484590445, 63.82344387810909, 20.00653778351579, 21.839054844362167, 90.70102699967215, 75.76081433414289, 30.375011871125157, 28.243902859010404, 5.609263564415784, 35.514694787805, 45.07021843795061, 0.0, 38.32288887574973, 64.99687244816079, 63.05426049029497, 17.048344423560607, 100.66504702872304, 45.78454433524551, 81.78048514825622, 25.464494424837426, 46.490432935549066, 68.92771256627644, 8.773246532251099, 72.90636213783611, 18.70629149667319, 54.92218427850621, 43.701933069038, 60.715442250147014, 55.87478114970182, 52.53498266122062, 86.40393627840047, 19.56206526657613, 66.30142366329802, 66.18166213707002, 59.917473636413916, 94.73327800402456, 16.713362661298508, 63.191234158313115, 18.098384900003186, 44.97538304955928], [56.320364708891816, 62.4667207718208, 39.21477330400717, 13.644903620565833, 51.9405049124147, 25.10587081333016, 42.43213572067795, 52.94671481160812, 37.84334717952948, 9.203082572552388, 25.34847768587146, 42.27875319951842, 41.67535803427822, 14.08292743642805, 38.32288887574973, 0.0, 38.22895762482167, 27.986714494988455, 41.990008604302716, 62.83520258995639, 23.389260690367724, 62.28311631496518, 12.858823574897125, 25.76649311032596, 44.68649999681947, 34.45369894666363, 40.585887991781846, 28.019717890891265, 46.31875246732056, 20.426788395118745, 38.89785942622508, 51.07152768833547, 26.632455644348433, 51.62039322085896, 30.5050339059793, 42.08647003404658, 28.22309480563464, 26.45645713043337, 56.65302369264586, 21.637549708306896, 25.347214727478274, 50.08290653280644, 13.175033649363925], [94.39207631136874, 61.34402716294471, 72.86428171464962, 42.860018852953466, 25.26966209326906, 45.070766242801795, 77.36165359039357, 57.76480794024111, 46.63169948744627, 45.89974614719818, 37.43925371359324, 70.40067668082516, 79.51864760208784, 49.07630270799227, 64.99687244816079, 38.22895762482167, 0.0, 18.510276356258498, 75.43331685674063, 64.82808070962521, 19.24407885804286, 25.489341970389884, 45.33512136469693, 18.587435809341923, 75.71551710245822, 65.52915809320096, 13.066055211728603, 63.04722330884805, 83.67795501385282, 21.61489900004771, 72.50107719007936, 88.81357151092189, 12.779210733536207, 27.363025486223197, 65.87633351838097, 73.60932910233396, 41.62930172138618, 15.51742619372448, 57.809629890929855, 52.057346038897286, 41.302432291807804, 67.17691003220827, 25.104794509340522], [81.04797488109324, 46.20321114356154, 56.41993166320653, 37.90404647924338, 42.49846271079629, 44.91873225400036, 70.33628143935815, 40.75819458806873, 28.417278403273226, 37.08623048118852, 39.68086310132565, 67.84038101450466, 69.01119598166946, 34.77472669836471, 63.05426049029497, 27.986714494988455, 18.510276356258498, 0.0, 69.57348162967838, 48.85233280081027, 22.467631940300272, 43.41390983308046, 39.04086924256241, 23.91920312771051, 58.354559743697465, 61.082074785955605, 13.550390163223307, 55.83558538082842, 69.28346113738696, 22.49787729049473, 56.05002709824169, 74.84462895740984, 17.34108485486559, 23.774470343577825, 58.40871240507056, 56.4338704833308, 23.15658779699976, 4.524074690350135, 41.77740531526554, 47.41789116506432, 23.035493144191896, 70.11499076111794, 18.083280961169454], [41.02522029966822, 100.90063065117343, 51.934054169272954, 32.67864786890138, 78.3475224082081, 33.086203569557554, 5.093964621021674, 90.11855442169949, 75.98326980905708, 32.79951639800262, 41.56155835785067, 13.397134294561038, 20.63461198036089, 43.293484314295135, 17.048344423560607, 41.990008604302716, 75.43331685674063, 69.57348162967838, 0.0, 100.00458436130387, 56.45826390104506, 94.98715800514096, 30.733994955445958, 57.74400503029432, 60.2907585946549, 10.725007207337415, 81.18705961246718, 14.136418755863733, 41.87367294068665, 53.85915669590786, 51.89516499817302, 41.55118805590947, 62.65454599534365, 93.34557416847996, 12.170591174720766, 57.898371527682556, 66.89532013761044, 67.30377673781099, 94.83699567493501, 23.385601839372992, 63.84115740132166, 33.86494761970166, 52.286758433545934], [89.90473830240708, 5.507855294057341, 58.30023035643653, 76.45148953435063, 90.08397425662521, 87.21228656464159, 98.38376184792432, 9.974496442891773, 24.99223337114096, 70.29200981732778, 84.70301636966896, 103.96029816043799, 89.25585659801854, 56.78586617255066, 100.66504702872304, 62.83520258995639, 64.82808070962521, 48.85233280081027, 100.00458436130387, 0.0, 70.42612378090935, 84.82104755523511, 75.48733706166934, 72.25431905845522, 53.18183446955001, 95.32833494863391, 52.84944315052558, 86.37655184710552, 76.76568305404021, 69.61400248600779, 58.0450243333501, 82.6514049015748, 66.11932144627592, 44.37649925680271, 87.88907335615313, 53.52373417480703, 34.613832372334606, 53.33950585029043, 7.081603942174194, 84.02075735720169, 37.53508102107466, 112.74434096669131, 61.813477543638434], [78.99188448551858, 68.23719026068248, 62.03645260915454, 24.240991640779836, 28.650286650248795, 25.93743600699266, 58.65845886970002, 61.620974822581886, 47.58009062900244, 29.01092399819365, 18.78184737657147, 51.16552773287565, 62.30925141643799, 36.808762413988724, 45.78454433524551, 23.389260690367724, 19.24407885804286, 22.467631940300272, 56.45826390104506, 70.42612378090935, 0.0, 39.949849843563946, 27.118686956713873, 2.491224607459555, 66.66552399894326, 46.385835845470325, 28.156106661717942, 44.61245257597107, 69.58817465532121, 3.0324226020724474, 61.701095633523344, 74.1354605349757, 6.8904579799925765, 42.6605027229885, 47.48023309319467, 64.20882449256345, 39.533950410763346, 18.065040668473493, 63.429579142933655, 33.08543454251328, 37.839691892623875, 49.29082578225874, 11.82855906680931], [118.5579538593677, 80.46684886151219, 98.28707442063745, 63.8864848003689, 20.281190930845337, 62.24497765984074, 97.74892683878149, 79.36237480728732, 70.30942169180936, 68.87941292774366, 53.73966223821415, 87.38880682518874, 102.25677561404113, 74.13603812225922, 81.78048514825622, 62.28311631496518, 25.489341970389884, 43.41390983308046, 94.98715800514096, 84.82104755523511, 39.949849843563946, 0.0, 66.96255045790835, 38.075389952308065, 101.20030486786723, 84.44051803340535, 33.03799714242343, 84.16131902732747, 108.42495326857278, 42.937636217247864, 97.92557348104616, 113.33424733332399, 35.65114266791328, 41.18663423048423, 87.03820374512391, 99.0986585105103, 66.48491310454943, 40.92478750899292, 78.17996865096558, 72.0454295993143, 66.44434413238695, 78.71283032804594, 49.19457173945663], [53.51001798597456, 75.26196692218308, 44.08192257949886, 3.631124822392673, 53.13246082516922, 14.955633691592363, 32.13557700224214, 65.55652313940121, 50.510892070422294, 6.255590684497841, 19.07838424493281, 29.522488047944282, 35.43320983513797, 22.095251137316247, 25.464494424837426, 12.858823574897125, 45.33512136469693, 39.04086924256241, 30.733994955445958, 75.48733706166934, 27.118686956713873, 66.96255045790835, 0.0, 28.887953073230438, 50.99659827038455, 22.100500297419373, 50.454365728440884, 17.716711232324563, 46.02253773286549, 24.23107195985093, 43.83272197483037, 49.615680618987646, 32.64264241970421, 62.79610365779263, 20.54123443337321, 48.282625956729674, 40.896203056848435, 36.59269793154489, 69.41058357734315, 8.804367968136917, 37.95234466857759, 38.03289887813804, 21.552971839854305], [81.15340655634347, 69.93960459352789, 64.50271874199848, 25.864672589936024, 26.210812799843943, 26.51651979022705, 60.10703512987035, 63.565780691537235, 49.67809384174898, 31.09902473305692, 18.891833154247887, 51.94223939257737, 64.21572581871266, 39.264935279657486, 46.490432935549066, 25.76649311032596, 18.587435809341923, 23.91920312771051, 57.74400503029432, 72.25431905845522, 2.491224607459555, 38.075389952308065, 28.887953073230438, 0.0, 69.15517349169968, 47.525699101574574, 28.472720089105884, 46.21461971111904, 71.88761708474969, 5.339730228548287, 64.16824130411693, 76.3783661078239, 7.221349656862851, 43.15064215466655, 49.08939302380002, 66.69655539235046, 41.779016286601326, 19.43551871837101, 65.23243800140494, 34.43547804987351, 40.149699544532766, 49.06821824651127, 14.315698670949114], [37.425160374582326, 56.73889050330821, 8.357661004662212, 54.135028798867424, 95.06286454455687, 65.93692056880454, 56.71902959656963, 45.665998320737835, 39.29276817279737, 44.902201164012695, 69.00397622202425, 69.64233228646027, 42.95775536131753, 30.620375196362616, 68.92771256627644, 44.68649999681947, 75.71551710245822, 58.354559743697465, 60.2907585946549, 53.18183446955001, 66.66552399894326, 101.20030486786723, 50.99659827038455, 69.15517349169968, 0.0, 60.80865947200142, 71.12676983276837, 50.40936067395204, 24.93207442056605, 63.99680456042762, 8.399964068851798, 30.335167820640677, 67.57293708303662, 74.21877273739194, 50.30936248429576, 2.7177259328407115, 37.09847770011642, 60.31285963877276, 51.426601013694395, 55.94869027928782, 35.98225344654309, 85.95908381379752, 54.90766686114891], [48.02961761341026, 95.69272314474924, 52.62726578112033, 23.337138562096218, 67.6312809510827, 22.38556107936534, 14.602919665524993, 85.35807860565123, 70.68531058817918, 25.629474233673754, 30.8824161425781, 9.03257936530273, 26.948022882659668, 38.83922702703736, 8.773246532251099, 34.45369894666363, 65.52915809320096, 61.082074785955605, 10.725007207337415, 95.32833494863391, 46.385835845470325, 84.44051803340535, 22.100500297419373, 47.525699101574574, 60.80865947200142, 0.0, 72.05057670543268, 10.405480896199757, 46.152719903785254, 43.91497499606298, 52.51402578999099, 47.13577889716188, 52.78460355395974, 84.79595474950936, 10.866193794501841, 58.223253362397685, 61.255063293868105, 58.4384620340885, 89.70087566072395, 13.758332388433601, 58.21042490189132, 26.870024643585495, 43.311578459029], [94.57832201961787, 49.01818453568621, 69.66782679208968, 48.72704704388264, 37.869185685303094, 53.59565990340206, 82.38560156158633, 46.595601318014026, 37.40030868605655, 49.40392403846307, 46.91656585546618, 78.03112423941555, 82.08495929852796, 48.30774375060034, 72.90636213783611, 40.585887991781846, 13.066055211728603, 13.550390163223307, 81.18705961246718, 52.84944315052558, 28.156106661717942, 33.03799714242343, 50.454365728440884, 28.472720089105884, 71.12676983276837, 72.05057670543268, 0.0, 67.83940583472769, 82.83081709462756, 29.56598390212465, 69.29712459615793, 88.3944129830096, 21.340664618778895, 14.806066287686193, 70.52641305094046, 69.3414698433376, 34.6521475155567, 14.13217784705542, 45.956333908818806, 58.29468328838656, 35.23383081797456, 77.43831514353641, 28.90205697987453], [40.58324110412601, 87.0765583734285, 42.24635274116062, 20.372361136100277, 69.05921536444191, 24.904864438269765, 14.547127254856672, 76.44377648601187, 62.09778570940832, 18.81856394758233, 32.568001743903544, 19.347293150646387, 20.107650744942, 29.59437888411879, 18.70629149667319, 28.019717890891265, 63.04722330884805, 55.83558538082842, 14.136418755863733, 86.37655184710552, 44.61245257597107, 84.16131902732747, 17.716711232324563, 46.21461971111904, 50.40936067395204, 10.405480896199757, 67.83940583472769, 0.0, 36.86708888656001, 41.80351243872271, 42.128057627433556, 38.601506850692424, 50.334690997036255, 79.56936792315577, 2.877010528426653, 47.8196699252593, 52.900880771974755, 53.811484450699155, 81.03039878203829, 12.65407771509813, 49.84308722830157, 36.480012291404094, 39.01041522145595], [13.268520891148565, 79.7216988871076, 18.473086076186792, 49.65161819263866, 97.80589620298976, 59.22119082495303, 37.29710620902862, 68.32729418349574, 58.70932403467131, 41.53878427343775, 65.01025288227042, 53.81322315944855, 21.614590295185078, 34.7473176777232, 54.92218427850621, 46.31875246732056, 83.67795501385282, 69.28346113738696, 41.87367294068665, 76.76568305404021, 69.58817465532121, 108.42495326857278, 46.02253773286549, 71.88761708474969, 24.93207442056605, 46.152719903785254, 82.83081709462756, 36.86708888656001, 0.0, 66.57792175484734, 18.72196484571794, 6.059480684242119, 72.82954059814331, 89.60604831822583, 35.43860279999814, 23.748386961078776, 53.20130435430545, 69.69545965808564, 74.0123892556785, 47.010672088729784, 50.95618679079909, 73.00339239052768, 59.25215547079297], [75.95956291229105, 67.64317321690373, 59.22591575242112, 21.45328655451514, 31.53888261871958, 24.075263952277385, 55.93977489379184, 60.61033044044468, 46.293582164123805, 25.989262970218476, 17.536689540870405, 49.0047986767958, 59.33536295152488, 33.97229071521239, 43.701933069038, 20.426788395118745, 21.61489900004771, 22.49787729049473, 53.85915669590786, 69.61400248600779, 3.0324226020724474, 42.937636217247864, 24.23107195985093, 5.339730228548287, 63.99680456042762, 43.91497499606298, 29.56598390212465, 41.80351243872271, 66.57792175484734, 0.0, 58.893608919821546, 71.10922462563637, 8.890720518531772, 43.79479083731142, 44.664509673738905, 61.51501686936173, 37.93344072331388, 18.300313562090437, 62.67248709154775, 30.473744633425188, 36.073308492094256, 48.17543552502295, 9.446017241590436], [31.889092578074404, 61.05909369828382, 0.3708127636238033, 47.12611152774457, 90.32364390782033, 58.672400996907605, 48.36078949321838, 49.69557085686968, 40.95953316664148, 37.91466654059632, 62.31055440133064, 61.309044770274, 34.88184978075673, 24.937818940304705, 60.715442250147014, 38.89785942622508, 72.50107719007936, 56.05002709824169, 51.89516499817302, 58.0450243333501, 61.701095633523344, 97.92557348104616, 43.83272197483037, 64.16824130411693, 8.399964068851798, 52.51402578999099, 69.29712459615793, 42.128057627433556, 18.72196484571794, 58.893608919821546, 0.0, 24.627649498917474, 63.34296478887905, 74.03940781717952, 41.95638328228307, 6.074931969476248, 36.79206645753652, 57.42951250819932, 55.40776140186852, 48.207144217527656, 35.05162567138592, 77.91608645935804, 50.17783438940867], [7.262236857204699, 85.67993566500495, 24.361364524554013, 53.239146531492864, 102.07610831649374, 62.086073077506285, 36.68573247051003, 74.30092066161973, 64.76859014363912, 45.60388735735542, 68.36676159710713, 54.16779661376436, 20.918095890613518, 40.14912292457405, 55.87478114970182, 51.07152768833547, 88.81357151092189, 74.84462895740984, 41.55118805590947, 82.6514049015748, 74.1354605349757, 113.33424733332399, 49.615680618987646, 76.3783661078239, 30.335167820640677, 47.13577889716188, 88.3944129830096, 38.601506850692424, 6.059480684242119, 71.10922462563637, 24.627649498917474, 0.0, 77.68804127734735, 95.46169226441421, 36.7958516637122, 29.382259147180182, 59.1995702891096, 75.09540843904146, 79.99788353694859, 49.654931633255366, 56.918119309386206, 73.95030344276384, 64.1440656611104], [82.92936576817111, 63.54407334022217, 63.69327486330251, 30.09433548398845, 27.829582050582673, 32.77200383334424, 64.60489142864782, 57.75433441979294, 44.44040833883879, 33.605882365794805, 25.6610532659888, 57.868034076917525, 67.2274864246188, 38.88721196693779, 52.53498266122062, 26.632455644348433, 12.779210733536207, 17.34108485486559, 62.65454599534365, 66.11932144627592, 6.8904579799925765, 35.65114266791328, 32.64264241970421, 7.221349656862851, 67.57293708303662, 52.78460355395974, 21.340664618778895, 50.334690997036255, 72.82954059814331, 8.890720518531772, 63.34296478887905, 77.68804127734735, 0.0, 35.957470292218126, 53.17531039001267, 65.24950782792865, 37.27949443247228, 12.819071597235244, 59.056224573129796, 39.28096215370501, 36.0548507875869, 56.10454143188014, 13.580141503113344], [102.10387851843021, 39.6668494935546, 74.4047985991977, 61.53395851697241, 50.77383118738058, 67.56972858753294, 94.04135122410507, 40.52949908124531, 36.163263764672266, 60.78040331637023, 61.30069146721231, 91.3384931544093, 91.91052397647498, 56.45743637512592, 86.40393627840047, 51.62039322085896, 27.363025486223197, 23.774470343577825, 93.34557416847996, 44.37649925680271, 42.6605027229885, 41.18663423048423, 62.79610365779263, 43.15064215466655, 74.21877273739194, 84.79595474950936, 14.806066287686193, 79.56936792315577, 89.60604831822583, 43.79479083731142, 74.03940781717952, 95.46169226441421, 35.957470292218126, 0.0, 82.11107233683927, 72.87881089348373, 37.31254345312547, 26.49207869147613, 38.18551469325762, 71.08947410834203, 39.013479375681236, 91.91697852588513, 41.56071119628], [38.40070076446318, 88.73856277269488, 42.05044711167565, 23.242144090874802, 71.88789956841553, 27.547397506502794, 11.930329329949428, 77.98776491283445, 63.813410094930965, 21.33093393658884, 35.32854045662183, 19.375417996149594, 17.653154460339014, 31.139973951834296, 19.56206526657613, 30.5050339059793, 65.87633351838097, 58.40871240507056, 12.170591174720766, 87.88907335615313, 47.48023309319467, 87.03820374512391, 20.54123443337321, 49.08939302380002, 50.30936248429576, 10.866193794501841, 70.52641305094046, 2.877010528426653, 35.43860279999814, 44.664509673738905, 41.95638328228307, 36.7958516637122, 53.17531039001267, 82.11107233683927, 0.0, 47.77242556322349, 54.73347269241191, 56.471080752520436, 82.6772840424724, 15.439743578684897, 51.6806964016649, 37.59031654079523, 41.739938737759864], [36.57234149399965, 56.869739823428176, 6.108769626819881, 51.42785325113154, 92.66177538112403, 63.22140306307162, 54.41421247937304, 45.658997911507775, 38.425650590316785, 42.193872684712886, 66.32123039360357, 67.08194750411757, 40.923909628807344, 28.008753188229864, 66.30142366329802, 42.08647003404658, 73.60932910233396, 56.4338704833308, 57.898371527682556, 53.52373417480703, 64.20882449256345, 99.0986585105103, 48.282625956729674, 66.69655539235046, 2.7177259328407115, 58.223253362397685, 69.3414698433376, 47.8196699252593, 23.748386961078776, 61.51501686936173, 6.074931969476248, 29.382259147180182, 65.24950782792865, 72.87881089348373, 47.77242556322349, 0.0, 35.62598050953221, 58.26156531245525, 51.415660891547844, 53.241335769553324, 34.33481251276115, 83.28443359007596, 52.47930100163212], [66.14408284813437, 34.47962207808692, 37.1545126280683, 41.849598916425784, 64.63444555893378, 52.81923488321434, 65.94821708754644, 24.729934629960866, 9.621862704337692, 35.86679802786263, 51.053441725772146, 69.68689726450815, 59.50407308973356, 23.98357378879625, 66.18166213707002, 28.22309480563464, 41.62930172138618, 23.15658779699976, 66.89532013761044, 34.613832372334606, 39.533950410763346, 66.48491310454943, 40.896203056848435, 41.779016286601326, 37.09847770011642, 61.255063293868105, 34.6521475155567, 52.900880771974755, 53.20130435430545, 37.93344072331388, 36.79206645753652, 59.1995702891096, 37.27949443247228, 37.31254345312547, 54.73347269241191, 35.62598050953221, 0.0, 26.399351618317898, 28.552494995176286, 49.49223758515374, 3.0582618928078906, 78.20938253158425, 28.999305389430322], [81.06936712589166, 50.725189674179234, 57.79639490702662, 35.1193461836039, 38.51465525128623, 41.31917689393981, 68.35716628757403, 45.140643446163665, 32.41705938042169, 35.28996810877018, 35.68396395439602, 64.84950863508334, 68.0104999894808, 34.959437199186546, 59.917473636413916, 26.45645713043337, 15.51742619372448, 4.524074690350135, 67.30377673781099, 53.33950585029043, 18.065040668473493, 40.92478750899292, 36.59269793154489, 19.43551871837101, 60.31285963877276, 58.4384620340885, 14.13217784705542, 53.811484450699155, 69.69545965808564, 18.300313562090437, 57.42951250819932, 75.09540843904146, 12.819071597235244, 26.49207869147613, 56.471080752520436, 58.26156531245525, 26.399351618317898, 0.0, 46.268707590471244, 44.69570337707817, 25.863726653710774, 66.24429880919392, 15.12800438792162], [87.25729867385097, 6.0787699625772795, 55.69233696744768, 70.20599097995849, 83.0533411922164, 80.73725668379706, 93.46663319088867, 5.761326722061584, 19.01854815396522, 64.41222079150265, 77.97805176818929, 98.20864307621589, 85.12313941725769, 51.544694223252954, 94.73327800402456, 56.65302369264586, 57.809629890929855, 41.77740531526554, 94.83699567493501, 7.081603942174194, 63.429579142933655, 78.17996865096558, 69.41058357734315, 65.23243800140494, 51.426601013694395, 89.70087566072395, 45.956333908818806, 81.03039878203829, 74.0123892556785, 62.67248709154775, 55.40776140186852, 79.99788353694859, 59.056224573129796, 38.18551469325762, 82.6772840424724, 51.415660891547844, 28.552494995176286, 46.268707590471244, 0.0, 78.03906843130241, 31.557429338903926, 106.35392196800282, 55.02115801756819], [52.44525355150519, 83.92485258271662, 48.40745038183506, 9.580888363275978, 56.47113434873357, 12.533027791158691, 25.71830697191113, 74.0666333415991, 59.084842673723415, 13.819920835012313, 19.917288304476468, 20.735271387888293, 32.55549218667821, 29.20347777045442, 16.713362661298508, 21.637549708306896, 52.057346038897286, 47.41789116506432, 23.385601839372992, 84.02075735720169, 33.08543454251328, 72.0454295993143, 8.804367968136917, 34.43547804987351, 55.94869027928782, 13.758332388433601, 58.29468328838656, 12.65407771509813, 47.010672088729784, 30.473744633425188, 48.207144217527656, 49.654931633255366, 39.28096215370501, 71.08947410834203, 15.439743578684897, 53.241335769553324, 49.49223758515374, 44.69570337707817, 78.03906843130241, 0.0, 46.513717350056865, 30.655081360157467, 29.56776084075156], [63.78995924601293, 37.50474487953264, 35.41864829588637, 38.98948726369362, 63.66349733623533, 50.09531044544308, 62.915356559129, 27.61402039283809, 12.57116407161976, 32.85496018791519, 48.59570712552311, 66.66065135041123, 56.648876270359736, 20.99091262469183, 63.191234158313115, 25.347214727478274, 41.302432291807804, 23.035493144191896, 63.84115740132166, 37.53508102107466, 37.839691892623875, 66.44434413238695, 37.95234466857759, 40.149699544532766, 35.98225344654309, 58.21042490189132, 35.23383081797456, 49.84308722830157, 50.95618679079909, 36.073308492094256, 35.05162567138592, 56.918119309386206, 36.0548507875869, 39.013479375681236, 51.6806964016649, 34.33481251276115, 3.0582618928078906, 25.863726653710774, 31.557429338903926, 46.513717350056865, 0.0, 75.39502878709533, 26.939305374743654], [74.4359553821405, 111.99733241728417, 78.07609954233827, 36.45317034323126, 58.97058111126004, 25.723775520383775, 38.929592116191415, 102.92765053114667, 87.79855016982225, 44.01601551828026, 30.63880071077252, 20.46793973963693, 53.448760048552444, 59.758651063089104, 18.098384900003186, 50.08290653280644, 67.17691003220827, 70.11499076111794, 33.86494761970166, 112.74434096669131, 49.29082578225874, 78.71283032804594, 38.03289887813804, 49.06821824651127, 85.95908381379752, 26.870024643585495, 77.43831514353641, 36.480012291404094, 73.00339239052768, 48.17543552502295, 77.91608645935804, 73.95030344276384, 56.10454143188014, 91.91697852588513, 37.59031654079523, 83.28443359007596, 78.20938253158425, 66.24429880919392, 106.35392196800282, 30.655081360157467, 75.39502878709533, 0.0, 52.68410499642977], [69.48393240184798, 60.2976766244253, 50.520414769941304, 19.99260811098345, 40.200389983857995, 27.131083957779076, 53.54299816501036, 52.48341275464018, 37.77857802048663, 20.989997920546053, 23.030865263749767, 49.80655986052339, 54.4919909171923, 25.46086597831578, 44.97538304955928, 13.175033649363925, 25.104794509340522, 18.083280961169454, 52.286758433545934, 61.813477543638434, 11.82855906680931, 49.19457173945663, 21.552971839854305, 14.315698670949114, 54.90766686114891, 43.311578459029, 28.90205697987453, 39.01041522145595, 59.25215547079297, 9.446017241590436, 50.17783438940867, 64.1440656611104, 13.580141503113344, 41.56071119628, 41.739938737759864, 52.47930100163212, 28.999305389430322, 15.12800438792162, 55.02115801756819, 29.56776084075156, 26.939305374743654, 52.68410499642977, 0.0]]",Route_0,1963.5359375348562
