instance_id,num_cities,city_coordinates,distance_matrix,best_route,total_distance
532,69,"[[26.294073378897387, 47.64214049467981], [61.16693242118089, 72.05685263146368], [22.751143634895943, 99.38072942401406], [60.96830311661192, 82.07509029951358], [13.504699080176398, 86.07195786196417], [91.87340429303525, 57.88500781343008], [79.67640420968725, 36.007382416901514], [90.82118045671282, 80.21076108629478], [68.66428122225412, 15.282768276901493], [88.3608590911178, 91.03661476105773], [50.056438107902466, 73.65135010822613], [13.668633950331422, 9.219920836782103], [18.18299041605661, 78.76131312640989], [44.65057872290023, 71.2200948522868], [35.27348024525594, 81.55469080633029], [1.7847502509835134, 10.607727039649728], [61.67287828806649, 42.31951474909669], [81.30878253492129, 7.720992754952838], [55.68363133327956, 76.94973778724923], [93.85539952702382, 9.930737382764043], [90.15063735513353, 56.6925858697946], [96.85172066688094, 26.2692921812272], [40.97116244393095, 42.9139743457608], [79.03658724689362, 95.99102096652577], [93.11501938265138, 98.27536029684978], [79.41594501975982, 99.68266010301932], [41.60406901216789, 42.04824697136155], [36.260165729255455, 0.5416234914079276], [79.28308846142986, 93.57632242658607], [37.78881640638737, 86.45040974412218], [63.23062823826903, 41.984850241984674], [39.93385959447515, 91.70925819055397], [34.73830747978387, 12.525483469340138], [52.421279604667845, 68.22843056650922], [18.969274884805287, 80.81357107163505], [60.09418376503444, 24.219058380137803], [97.06192737289678, 32.96436575541753], [15.321497235222004, 44.17956447507788], [56.51413390723603, 49.80783222373859], [13.3801542774852, 31.50058989657015], [10.435141275826176, 27.876249854281234], [95.84940558771578, 17.330006121429243], [43.9821770405247, 99.15537306086833], [72.52574742413537, 1.5745615834791837], [93.48982030144268, 48.24267072562275], [96.07042843243337, 23.590891900544364], [26.560949760418694, 37.33428439394719], [67.81416200447792, 25.32092165953629], [75.60991205946786, 13.221559822849361], [89.13514875637335, 34.83313677524569], [91.5048624519735, 98.46793425723587], [60.72910045761254, 58.74080127483544], [93.45149062937989, 4.722008064514382], [57.7918485034324, 53.6425362915976], [79.72080018690421, 99.86021462970459], [24.209230769524947, 40.813240254696794], [71.38169825656455, 85.16334313608613], [30.606160567397843, 8.311736292203697], [13.482785701122335, 73.77031697607718], [28.25651632985381, 71.52518897676455], [75.2603682544793, 42.834954879192054], [63.10789807974536, 61.24541418121148], [82.07162737932376, 26.18923919395052], [31.08722393321036, 20.245679781620275], [41.91940864106039, 94.20553725557916], [40.52762808724112, 20.147283246489433], [57.921780804918576, 68.4361407714198], [17.56496981828529, 11.389497973045682], [77.86323793283088, 15.054470166231448]]","[[0.0, 42.56987745466266, 51.85975255985666, 48.86645311628427, 40.50208584549215, 66.37443012226561, 54.63552727352711, 72.28044407080262, 53.31382075051432, 75.73220111354235, 35.22966026284748, 40.443400996999856, 32.15886459614991, 29.88111812054234, 35.081203176513654, 44.41007430917682, 35.77695042382165, 67.97290828248418, 41.505196973600924, 77.37365647016381, 64.49473873378413, 73.72367486666238, 15.419873493473006, 71.54989176788895, 83.83771092039348, 74.36497110692798, 16.299926718883857, 48.143345321148686, 70.12691914785874, 40.47481784276792, 37.367285396220716, 46.12975861663153, 36.117650673679094, 33.26298609694326, 33.970523685996, 41.12284326088879, 72.27396647626682, 11.505948892650117, 30.297562261702918, 20.671694712073144, 25.341589536925632, 75.87337958033164, 54.46542151276073, 65.26553080887973, 67.19843034652692, 73.80516434162327, 10.311310314233806, 47.139734510945516, 60.140072485440506, 64.13323109653912, 82.67834252769649, 36.17943284553823, 79.70104428160488, 32.06422597717658, 74.70704386996141, 7.140059327029079, 58.657774972860224, 39.56608131533094, 29.10001199666003, 23.963538702231958, 49.20169780997595, 39.246741827767686, 59.7608777084918, 27.812593403681813, 49.11518115580891, 30.9606404122037, 37.85105447058323, 37.28875619772381, 61.002745759730395], [42.56987745466266, 0.0, 47.141988407861305, 10.020206563448046, 49.680093213221355, 33.81905676336064, 40.523633211252395, 30.754847579570537, 57.266979083446486, 33.162343376575166, 11.224326531636272, 78.76908248161436, 43.503667211261416, 16.53753618492556, 27.580424137109745, 85.45313683705842, 29.741641608194357, 67.41510952341784, 7.34893978532186, 70.20106892081121, 32.80420468205501, 58.050881165788624, 35.456684556642955, 29.86919780444742, 41.32905037255986, 33.10908786539658, 35.82208869431281, 75.72829739272292, 28.12974742044148, 27.453793813542553, 30.142729938383123, 28.93199657685505, 65.13413951692358, 9.546897857126824, 43.09666366898572, 47.849820778258426, 53.07233924312692, 53.6558209548985, 22.73031990788372, 62.67684271225303, 67.27287933908487, 64.79121602408989, 32.088091668964246, 71.39170840961954, 40.148279424708306, 59.72606954570618, 49.022757785807634, 47.20628035490428, 60.58210412908549, 46.55991996467113, 40.22356562012459, 13.323247372944893, 74.67445340646165, 18.721064011335027, 33.425633090087814, 48.39457640813145, 16.616905079450852, 70.69229543171426, 47.714922283079666, 32.91471029108426, 32.44293824288295, 10.98428646072736, 50.406787576140395, 59.90981968590489, 29.343336590184034, 55.862190049464054, 4.862156248619776, 74.7105016987209, 59.39729138985186], [51.85975255985666, 47.141988407861305, 0.0, 41.952788040347876, 16.205558842395124, 80.62122444167441, 85.18606929769557, 70.71787326406717, 95.81483847618247, 66.13818119479066, 37.51773002506011, 90.61712524282422, 21.119383331070463, 35.67361204946975, 21.784778332182213, 91.21532548789881, 69.0715835100718, 108.76812216723893, 39.845929927820755, 114.26773946373883, 79.78075804258816, 104.0969633187208, 59.33349403557008, 56.38742134577656, 70.37255751465094, 56.665605777411365, 60.352682951669124, 99.75801992573244, 56.829146803925056, 19.832417134748198, 70.23443329900822, 18.817470569483664, 87.67853697964566, 43.020723989398995, 18.948401001805664, 83.9272270498019, 99.66557049811735, 55.69890714676409, 59.9784265295382, 68.52392854909853, 72.55738771928709, 109.8893857249207, 21.232229392160736, 109.74314397731938, 87.28723517201333, 105.45054288649415, 62.16330077773526, 86.69216083757911, 101.08141226617674, 92.59172669693376, 68.75977782246143, 55.62309740025744, 118.14741890771815, 57.61799466054075, 56.97167431027682, 58.585636513485674, 50.666210788564555, 91.4071266425743, 27.235926357331497, 28.394370253955994, 77.16633520534522, 55.524498178640066, 94.21206946973628, 79.57289938568329, 19.854596377836007, 81.20309349188098, 46.8459313689422, 88.14393462464666, 100.7385772100998], [48.86645311628427, 10.020206563448046, 41.952788040347876, 0.0, 47.631593070558836, 39.24646951521227, 49.72149189300743, 29.91103490182797, 67.23423503078499, 28.821190875661127, 13.78507151880647, 86.86273320983462, 42.91344896459946, 19.59844523293742, 25.700092179267838, 92.79157796436037, 39.7618185388588, 77.08610072271604, 7.361860786005375, 79.28662414357314, 38.67661002121946, 66.34686698485385, 43.97133882230858, 22.806052217375978, 35.99805709584668, 25.501803978779723, 44.464837223002874, 85.19506008508326, 21.62659711252703, 23.588811423890075, 40.1540217515802, 23.13579489100634, 74.33142324306543, 16.2721110085732, 42.01797000306414, 57.86263486998004, 60.94762486922646, 59.32707446591114, 32.57323390568425, 69.4435886237326, 74.10205632257986, 73.54330176723693, 24.088680708593458, 81.32594692029465, 46.92847423715194, 68.20968160061756, 56.4411700627964, 57.16556167770553, 70.39307758250415, 55.00157603272142, 34.65843027409479, 23.33551504036898, 83.89670316671682, 28.60943885018803, 25.845053565656876, 55.26092352593576, 10.861680529429476, 79.76773843219146, 48.206261254845565, 34.37093849027204, 41.76184088028467, 20.939275866171464, 59.73758154403579, 68.67135427640035, 22.583359451034255, 65.21406659650147, 13.975057868414526, 82.94758769216406, 69.11730858109269], [40.50208584549215, 49.680093213221355, 16.205558842395124, 47.631593070558836, 0.0, 83.28360048520072, 82.97684179481226, 77.53832549192316, 89.74234710658378, 75.02061389851046, 38.60441843783184, 76.85221187162804, 8.679397229811489, 34.50570465266956, 22.232533257931653, 76.36888983193649, 65.07264991183408, 103.61596144580292, 43.154110176243904, 110.69652441861564, 82.08378251946493, 102.58208825080813, 51.156799654565496, 66.27832360257318, 80.54021436307724, 67.3018837537473, 52.227020891050934, 88.50564592135635, 66.20507531232444, 24.287066108122012, 66.45555724641318, 27.02368739615834, 76.55031039292251, 42.812284522819766, 7.583681188001193, 77.43617538017705, 99.00619545925964, 41.93177052328951, 56.25742877565682, 54.57151008559604, 58.27660435912287, 107.26652142635572, 33.16703809643594, 103.06936560134282, 88.47979759258284, 103.54218110096697, 50.45618393121276, 81.48746015673076, 95.73002649984286, 91.35306072913215, 78.97902073854279, 54.56313962600889, 114.05833512312634, 54.89097364254309, 67.63644040359857, 46.507402831620695, 57.8841309374488, 79.61854082798277, 12.301660403437735, 20.71773629447222, 75.3870088416976, 55.46922229600087, 91.03495840309306, 68.13401548505944, 29.555893374784507, 71.2481678029483, 47.79015791346124, 74.79275107606794, 95.84104069688614], [66.37443012226561, 33.81905676336064, 80.62122444167441, 39.24646951521227, 83.28360048520072, 0.0, 25.04790019191275, 22.350535434359376, 48.51406195364829, 33.33717170075331, 44.690448759049325, 92.11013405049283, 76.59045123826569, 49.069540462096064, 61.34985978141088, 101.74038954354042, 33.97582000942148, 51.264409093240765, 40.90432245928666, 47.99521181998267, 2.0951840048049957, 32.00526689241034, 53.05817626299248, 40.21009960569626, 40.40943184165859, 43.614585042927104, 52.70492447152477, 79.88176280638166, 37.8468755851108, 61.16473521834724, 32.760092046883535, 61.982225009014385, 72.9513929721818, 40.785494194326056, 76.42467597482798, 46.29595023986764, 25.455042178983707, 77.76910473503511, 36.27008088938823, 82.80898385329436, 86.79122212246409, 40.74943862844606, 63.22035032652515, 59.541566833035894, 9.776884228993431, 34.549984050258715, 68.46932853576985, 40.48786048357856, 47.53235493891099, 23.2139355074736, 40.58459981115946, 31.15605950439994, 53.186416487559754, 34.34459214568389, 43.699013419405375, 69.78456581651226, 34.11770206594217, 78.81106777004034, 79.98394920492262, 65.06276182493765, 22.416446188941844, 28.961123573912754, 33.17674756581411, 71.49600504520056, 61.76230679431866, 63.722245642050076, 35.553328172985616, 87.65600874672249, 45.06372950154815], [54.63552727352711, 40.523633211252395, 85.18606929769557, 49.72149189300743, 82.97684179481226, 25.04790019191275, 0.0, 45.586672650962775, 23.468627653577062, 55.71028781988774, 47.90000725904299, 71.23618344997345, 74.89551743000462, 49.666322272622494, 63.609566561271244, 81.92833606088679, 19.07799675515263, 28.33345194472941, 47.45450045644486, 29.68223920875005, 23.185926806421723, 19.743907841227475, 39.316621831197935, 59.987050764292846, 63.70162829178504, 63.675810378775935, 38.54860246439036, 56.06059061364726, 57.57028357682883, 65.56728618689267, 17.49839046603948, 68.4263751575044, 50.70337381170643, 42.20234307588232, 75.45164075506587, 22.856682636347728, 17.649826233154936, 64.87170886668592, 26.96188384432444, 66.44925833968588, 69.71705536973708, 24.70648414599662, 72.53789751277812, 35.16747137642003, 18.4529874037105, 20.56534140146411, 53.13202584326152, 15.966002431847377, 23.14584346476519, 9.531353588363608, 63.57069262316248, 29.59406447995358, 34.18373376679328, 28.105736614513063, 63.852847646750845, 55.67498180509936, 49.85088385449941, 56.34658485993746, 76.20783659032719, 62.494155345908084, 8.131243403411156, 30.1906217675993, 10.106088777501517, 51.08169642741911, 69.3730202672192, 42.23942965501208, 39.049814441288305, 66.81220335124766, 21.03121736209792], [72.28044407080262, 30.754847579570537, 70.71787326406717, 29.91103490182797, 77.53832549192316, 22.350535434359376, 45.586672650962775, 0.0, 68.60446365902574, 11.101904746906357, 41.28910378228256, 104.84376391446071, 72.65264999826849, 47.03782035547215, 55.563955455621425, 113.01357552205017, 47.805544325955964, 73.11123187961019, 35.28854816167143, 70.34549180392074, 23.52773243568277, 54.277522814354995, 62.258128762785255, 19.695005433067152, 18.20965243095363, 22.566219149202787, 62.27922239814202, 96.56125420272271, 17.65689091637319, 53.398172741577774, 47.14296163369267, 52.17024880324979, 87.90099798882018, 40.22596959841079, 71.85443419993469, 63.868764647713995, 47.656781194635876, 83.65673490987817, 45.840064641856905, 91.48657449606524, 95.92088594818543, 63.08147424497553, 50.52514783638776, 80.73645237497213, 32.079283656730425, 56.86267836570923, 77.25133981161989, 59.51653022780149, 68.6945104951438, 45.40893624617585, 18.269969711643604, 36.96609869837403, 75.53456403784823, 42.38876428986286, 22.568107290798146, 77.39067443048062, 20.060447082998852, 93.783358793615, 77.60609913987678, 63.164676522377036, 40.485673589852475, 33.581399663142214, 54.725492292158314, 84.64015913163152, 50.86489011821915, 78.33940758107366, 34.94298471807962, 100.51287804856015, 66.43230028316161], [53.31382075051432, 57.266979083446486, 95.81483847618247, 67.23423503078499, 89.74234710658378, 48.51406195364829, 23.468627653577062, 68.60446365902574, 0.0, 78.27260336087795, 61.26290207269294, 55.32882917557446, 81.10416991542994, 60.87398797621841, 74.20857973059526, 67.04273020624346, 27.926069805648034, 14.733087337363603, 63.018349709670225, 25.753381838832443, 46.65229354432217, 30.25285854171179, 39.12022976019035, 81.37202703927817, 86.51941358318312, 85.08196057141011, 38.06108162675484, 35.599551267824715, 79.01037709422961, 77.5765913120878, 27.249325973689523, 81.64830364086919, 34.03783650417267, 55.38120851727687, 82.24280983649172, 12.381593243013697, 33.452431844178, 60.666938558049154, 36.60063005345444, 57.61382151995054, 59.57540194694865, 27.262101341563604, 87.4289431486235, 14.241694140019279, 41.263331906203845, 28.637769170306353, 47.52851652687581, 10.074086857762088, 7.245023672694965, 28.306771734348413, 86.26392055829128, 44.176551764675494, 26.94318849832445, 39.87081132064668, 85.2970752322549, 51.264573636807775, 69.93339043681829, 38.691288873741044, 80.41014115636867, 69.25313963843, 28.330749208309488, 46.297280828914126, 17.283172128979285, 37.90337353201885, 83.33121667566131, 28.554067232697026, 54.22805844539771, 51.247411443102806, 9.201789205931682], [75.73220111354235, 33.162343376575166, 66.13818119479066, 28.821190875661127, 75.02061389851046, 33.33717170075331, 55.71028781988774, 11.101904746906357, 78.27260336087795, 0.0, 42.065141077956504, 110.78312101209517, 71.24335956421288, 47.9925314102403, 53.92751315059221, 118.17033723401839, 55.5482146690553, 83.61354348440572, 35.58428468878994, 81.29177891954768, 34.39063283393111, 65.3215186937551, 67.53940974610573, 10.558796630003442, 8.660339312610331, 12.44048181539741, 67.7204370717255, 104.42138523157409, 9.426347894681616, 50.7795704763595, 55.1144636656483, 48.43167072723253, 95.07563188333532, 42.5660268279212, 70.14059153541268, 72.55060836896976, 58.72047933913056, 86.77748291935721, 52.0963186266289, 95.74259423586761, 100.30777234185605, 74.08604784834367, 45.11520427614595, 90.85268141477002, 43.10020753088039, 67.88492462694298, 81.8728836681652, 68.85287997595664, 78.85283397088737, 56.20881125043814, 8.069031328935903, 42.503336973903004, 86.4645930924174, 48.29887693197601, 12.349353526005531, 81.47280996208478, 17.966280144379464, 100.89108344770834, 76.84302775006442, 63.191991224359185, 49.950203958821916, 39.054163309825604, 65.15164275339562, 91.05836457714378, 46.54944027248256, 85.51792391570667, 37.911989020225064, 106.56322607060277, 76.70388743220256], [35.22966026284748, 11.224326531636272, 37.51773002506011, 13.78507151880647, 38.60441843783184, 44.690448759049325, 47.90000725904299, 41.28910378228256, 61.26290207269294, 42.065141077956504, 0.0, 73.9964956560163, 32.28046452286645, 5.927420839618977, 16.763013970020197, 79.40185298951502, 33.41594813006093, 72.96246331446967, 6.522627145319689, 77.32183073040886, 43.53325737607246, 66.59472864403095, 32.05196565974299, 36.59111829632065, 49.60225094855676, 39.23786113121381, 32.71389110469478, 74.40006221456883, 35.37232834822657, 17.72880339376315, 34.29761652607536, 20.70156129547483, 63.01600350938625, 5.916124716464203, 31.901553667308747, 50.44113205874845, 62.168695633471245, 45.55329039525961, 24.702533881053725, 55.873396013038686, 60.54095279985445, 72.588495363152, 26.217395642656072, 75.4979026542436, 50.319575482490606, 67.99512321886826, 43.25467876174785, 51.489485062689596, 65.61051428641561, 55.08175117324877, 48.309778817865244, 18.336580601187542, 81.45173281103841, 21.452020984881052, 39.58382191071662, 41.79018528249829, 24.234122717391944, 68.17315036016457, 36.573845894130685, 21.903359347049438, 39.810655731167735, 18.006883506642957, 57.25053987975946, 56.67448023087154, 22.10624024642519, 54.34596021007492, 9.437267833871015, 70.22986361170206, 64.85994492319722], [40.443400996999856, 78.76908248161436, 90.61712524282422, 86.86273320983462, 76.85221187162804, 92.11013405049283, 71.23618344997345, 104.84376391446071, 55.32882917557446, 110.78312101209517, 73.9964956560163, 0.0, 69.68776546768835, 69.31019030303818, 75.49230642903132, 11.964643656889443, 58.30943827200793, 67.65675491730217, 79.70312483982622, 80.18991603570528, 90.0175025767143, 84.9123488011831, 43.36723768018587, 108.63789916924726, 119.34236236846712, 111.83119470170833, 43.105539422357246, 24.20103619543723, 106.8702911475836, 80.90940377100925, 59.41322981226882, 86.56993043316002, 21.32739756640442, 70.59583391202246, 71.78960612976421, 48.788377741445494, 86.70778541951232, 34.9986948378818, 59.01792454257049, 22.282536531405974, 18.93446823349574, 82.57997765947971, 94.90677774232934, 59.351590750209034, 88.84929262175271, 83.64556499412302, 30.929423615248293, 56.488763800925014, 62.07040396491872, 79.69461517367978, 118.42164652992008, 68.31548219285949, 79.90954535708808, 62.611714769245815, 112.15414180230326, 33.30528506329256, 95.38449130831398, 16.961857418067297, 64.55066367832057, 63.990255119931284, 70.16774364524719, 71.76972060269722, 70.47643063857379, 20.614912983113207, 89.55814462520559, 28.996772497635565, 73.92497351965059, 4.459652244973985, 64.4592052879006], [32.15886459614991, 43.503667211261416, 21.119383331070463, 42.91344896459946, 8.679397229811489, 76.59045123826569, 74.89551743000462, 72.65264999826849, 81.10416991542994, 71.24335956421288, 32.28046452286645, 69.68776546768835, 0.0, 27.52095935534466, 17.317268880070067, 70.09859896600533, 56.739536622118614, 95.03469234502406, 37.54437207374696, 102.29350740814083, 75.27530092051775, 94.57368229156809, 42.47743497466181, 63.24573566261844, 77.43130505177317, 64.70840354092243, 43.547630809381324, 80.2814057792971, 62.870553375316575, 21.05969182014883, 58.153227732007515, 25.313032046769322, 68.27344764577882, 35.82180985912957, 2.1977274488742236, 68.78521411424582, 91.209906720392, 34.69993491359697, 48.0372836213991, 47.50413871634219, 51.47153417674964, 99.02463090543036, 32.88640617480749, 94.39772165147424, 81.2558069394034, 95.44751635843839, 42.26569427296887, 72.93235655984259, 87.13960404161857, 83.44994578002049, 75.9239608769543, 47.02119069597471, 105.58013931801507, 46.90218106509522, 65.0543286495123, 38.42358400090519, 53.582539172238896, 71.53655032728304, 6.855798052373355, 12.403121262207513, 67.44279263062512, 48.21881421654169, 82.73802566283607, 59.92160368687647, 28.31857357114419, 62.72868029395107, 41.05825916585066, 67.37464973206424, 87.29429410686748], [29.88111812054234, 16.53753618492556, 35.67361204946975, 19.59844523293742, 34.50570465266956, 49.069540462096064, 49.666322272622494, 47.03782035547215, 60.87398797621841, 47.9925314102403, 5.927420839618977, 69.31019030303818, 27.52095935534466, 0.0, 13.9547070694003, 74.23838887286138, 33.54105264876414, 73.32093748644598, 12.432097894786825, 78.59707201539291, 47.76299668962427, 68.8878355083694, 28.544256204776403, 42.37919728792927, 55.50485921735415, 44.93048313124428, 29.330494885109417, 71.17475215351648, 41.22149490427547, 16.704678200814836, 34.63982920595534, 21.0250625121221, 59.5257131548396, 8.326694866073883, 27.41467039370983, 49.47324899532791, 64.8879825240741, 39.89217096112504, 24.479153018143894, 50.55174100783879, 55.22123739020858, 74.33344829720373, 27.94327341955219, 75.01683367364228, 53.97437852781478, 70.08952787663252, 38.41201408958881, 51.41289420194795, 65.74428025467759, 57.470755077372374, 54.201186850496136, 20.35317246440552, 82.48348046329096, 21.946834313840945, 45.278879120392574, 36.63912543538588, 30.14907833129767, 64.45701868726621, 31.2719515657251, 16.396901053915332, 41.74536365226382, 20.980154726085644, 58.5500883335656, 52.74803868342024, 23.147134865702213, 51.238957905731766, 13.560059182250798, 65.67595094598946, 65.25073277879585], [35.081203176513654, 27.580424137109745, 21.784778332182213, 25.700092179267838, 22.232533257931653, 61.34985978141088, 63.609566561271244, 55.563955455621425, 74.20857973059526, 53.92751315059221, 16.763013970020197, 75.49230642903132, 17.317268880070067, 13.9547070694003, 0.0, 78.45359586621868, 47.289821920418206, 87.00956283560357, 20.923189521291807, 92.53016789543156, 60.246382748987514, 82.75478834822793, 39.05852725107827, 46.08272087161259, 60.20983672120394, 47.71981210346512, 40.010441869858056, 81.01907567984514, 45.62198200598322, 5.504087564833033, 48.44971007334272, 11.172930432047282, 69.03128186164643, 21.717187544663403, 16.321040741843106, 62.477532513121865, 78.60554615927954, 42.36722429319343, 38.19723023795395, 54.63268929693572, 59.14658152254372, 88.28506586037206, 19.637347471008773, 88.23011096258793, 67.07333994513047, 84.00042197789679, 45.07052840521786, 64.97024520355362, 79.35013876174463, 71.30205428934748, 58.71989568202205, 34.182775720397366, 96.37396966795426, 35.863146524882076, 48.069288037616786, 42.2170985444572, 36.28809418513521, 73.3915135348341, 23.139378657277366, 12.240452995674545, 55.66119979778993, 34.45608122263093, 72.49413636580978, 61.451766245879014, 14.29028621563028, 61.63177567428864, 26.173304591878818, 72.36536206552235, 78.96940423397011], [44.41007430917682, 85.45313683705842, 91.21532548789881, 92.79157796436037, 76.36888983193649, 101.74038954354042, 81.92833606088679, 113.01357552205017, 67.04273020624346, 118.17033723401839, 79.40185298951502, 11.964643656889443, 70.09859896600533, 74.23838887286138, 78.45359586621868, 0.0, 67.76596018293459, 79.57640947873449, 85.47720030486549, 92.07313817344966, 99.66114697863841, 96.34839638904734, 50.786499343419884, 115.14405412806157, 126.59712469318492, 118.15644756623082, 50.735435744469356, 35.91490934199053, 113.53316804291987, 83.95478127857866, 68.99362131445837, 89.62596107558775, 33.009312682263456, 76.70856262449956, 72.2784091076573, 59.87702712718859, 97.86500791900954, 36.19822906864513, 67.31978670373897, 23.89487628961273, 19.31401421460923, 94.3045514260662, 98.08826863370419, 71.31540337970776, 99.12723570848722, 95.17537328501055, 36.44405205440098, 67.64880865495833, 73.87141962807691, 90.64746326239869, 125.57513506134647, 76.10012652165321, 91.85550054000356, 70.63136599281513, 118.49065119505092, 37.61954751337165, 101.9915440770006, 28.912718069034465, 64.23672470534275, 66.42056585271057, 80.23254112401905, 79.52800650509774, 81.78487733093343, 30.84680043301176, 92.73286729626516, 39.900046562111115, 80.59461293502322, 15.799572632971966, 76.20833164681409], [35.77695042382165, 29.741641608194357, 69.0715835100718, 39.7618185388588, 65.07264991183408, 33.97582000942148, 19.07799675515263, 47.805544325955964, 27.926069805648034, 55.5482146690553, 33.41594813006093, 58.30943827200793, 56.739536622118614, 33.54105264876414, 47.289821920418206, 67.76596018293459, 0.0, 39.78223799349285, 35.14432282400126, 45.65903604525397, 31.899340665953567, 38.667306546895894, 20.710249180137804, 56.41036224360185, 64.18461566119862, 60.04454065059185, 20.070642539780113, 48.89987891126132, 54.19759990661178, 50.17952077321827, 1.5932938334395599, 53.9623173239742, 40.164105922147726, 27.51116131740775, 57.492522259731984, 18.169171614623373, 36.60469379495563, 46.38868731155382, 9.093269059462452, 49.48975982288449, 53.23451507205931, 42.33805096737377, 59.52542062569199, 42.165578105286315, 32.363584100108554, 39.165709105511546, 35.46406697806318, 18.073946240650127, 32.26347611828433, 28.464401529661583, 63.58138322195879, 16.448384958823933, 49.22857616503536, 11.969678735920889, 60.30472309543205, 37.49391614977027, 43.93011286161815, 46.06158861251773, 57.54509522330198, 44.380453508441605, 13.597263037651421, 18.98022526518147, 26.005667727882226, 37.719178709061445, 55.518995799981795, 30.63869213691595, 26.384633541475676, 53.87182498621513, 31.709784003244877], [67.97290828248418, 67.41510952341784, 108.76812216723893, 77.08610072271604, 103.61596144580292, 51.264409093240765, 28.33345194472941, 73.11123187961019, 14.733087337363603, 83.61354348440572, 72.96246331446967, 67.65675491730217, 95.03469234502406, 73.32093748644598, 87.00956283560357, 79.57640947873449, 39.78223799349285, 0.0, 73.81915410551454, 12.739724065561875, 49.763393462135674, 24.199635067096672, 53.53194885165321, 88.29926812776432, 91.32075727575663, 91.98114532498082, 52.48642355849621, 45.61711541873348, 85.87922373603645, 89.95725958077674, 38.74056778965939, 93.62645448380948, 46.81764921357982, 67.04951794058451, 96.06632718616444, 26.874623166477974, 29.755494496425758, 75.38931803044389, 48.84748363059982, 71.97060356252794, 73.68383414333795, 17.42879389517762, 98.7599178799836, 10.720089640621536, 42.31293025338822, 21.673944922297416, 62.243652167920175, 22.17796836292846, 7.920439556263439, 28.219148846295617, 91.31794696385643, 55.01403617085906, 12.50756847035884, 51.59296799980944, 92.15290497657871, 65.99587605595887, 78.076018307953, 50.70606326967609, 94.67248320692613, 82.97902388558688, 35.63107704477035, 56.534377894926905, 18.483994665336333, 51.759759789831485, 95.03209570051155, 42.63232639049384, 65.06366919088288, 63.84928809461183, 8.102571724256933], [41.505196973600924, 7.34893978532186, 39.845929927820755, 7.361860786005375, 43.154110176243904, 40.90432245928666, 47.45450045644486, 35.28854816167143, 63.018349709670225, 35.58428468878994, 6.522627145319689, 79.70312483982622, 37.54437207374696, 12.432097894786825, 20.923189521291807, 85.47720030486549, 35.14432282400126, 73.81915410551454, 0.0, 77.12736415989679, 39.97907837753834, 65.29409733049643, 37.079508274315224, 30.131893651355558, 43.08005323493273, 32.86348231591314, 37.634400969399785, 78.83825813852724, 28.86828179009682, 20.260482938465103, 35.77010656032377, 21.584687914352866, 67.74356896227452, 9.311505702071377, 36.91711225265529, 52.91481383779806, 60.38937270680036, 51.990250315413256, 27.154608672265528, 62.090331091071974, 66.75052861503505, 71.88742466775889, 25.10008506898787, 77.2338919268429, 47.470028687343124, 66.91980136169967, 49.168228863272425, 53.034747374849225, 66.77078201010593, 53.7848686780199, 41.78747872485049, 18.895029176947933, 81.50617238412357, 23.402355035240213, 33.206557118231125, 47.921647976335755, 17.717014927870224, 73.07567850692544, 42.32044528078217, 27.95840423215303, 39.332773120461965, 17.370823718115172, 57.209741764548504, 61.80884606021951, 22.072979898786127, 58.78965279918747, 8.802877211760814, 75.83651759008048, 65.74921370471493], [77.37365647016381, 70.20106892081121, 114.26773946373883, 79.28662414357314, 110.69652441861564, 47.99521181998267, 29.68223920875005, 70.34549180392074, 25.753381838832443, 81.29177891954768, 77.32183073040886, 80.18991603570528, 102.29350740814083, 78.59707201539291, 92.53016789543156, 92.07313817344966, 45.65903604525397, 12.739724065561875, 77.12736415989679, 0.0, 46.90837597566421, 16.611029867998496, 62.32685177688643, 87.32679776512606, 88.3477252711703, 90.90602553433969, 61.33299244897779, 58.355517441664894, 84.90545416588793, 94.86159392036818, 44.33218658807834, 97.95539257339318, 59.17400847817936, 71.5220757828397, 103.11308246626146, 36.660275594321334, 23.255748898624322, 85.67704457074534, 54.631060863245416, 83.3158066362004, 85.3286640265854, 7.6632393957819405, 102.21728783859548, 22.90807134655398, 38.31367751388302, 13.838575595104937, 72.66014972585913, 30.24903012955391, 18.539884715415862, 25.3458135170386, 88.56839309217577, 58.989609484926845, 5.224366326014048, 56.6683428051102, 91.03349810049983, 76.18607357144052, 78.51759176916109, 63.26995648412526, 102.64136094118419, 89.98383156924152, 37.79500915569604, 59.82144180960127, 20.079745196920843, 63.61007706383889, 98.9928736976047, 54.297596780330046, 68.6593561004978, 76.30437502269272, 16.792911304808293], [64.49473873378413, 32.80420468205501, 79.78075804258816, 38.67661002121946, 82.08378251946493, 2.0951840048049957, 23.185926806421723, 23.52773243568277, 46.65229354432217, 34.39063283393111, 43.53325737607246, 90.0175025767143, 75.27530092051775, 47.76299668962427, 60.246382748987514, 99.66114697863841, 31.899340665953567, 49.763393462135674, 39.97907837753834, 46.90837597566421, 0.0, 31.152549115791544, 51.073191481165935, 40.83979812462911, 41.688303993523476, 44.31004516036181, 50.707257465281955, 77.82745985883494, 38.451445243941556, 60.22697381409806, 30.6757946620722, 61.22003029305677, 70.86084417128262, 39.453518843435795, 75.15722380609637, 44.248394208550394, 24.714254176607522, 75.86814822776415, 34.333863705783266, 80.79816664436419, 84.76403445170031, 39.772963729336425, 62.72650973755854, 57.86737721986936, 9.085769570742293, 33.62686530190967, 66.47098768954186, 38.51103019151328, 45.83844235680574, 21.883023826962006, 41.79729247816182, 29.492745205518517, 52.07529730834753, 32.50221559183984, 44.40974753485079, 67.8264160902835, 34.10069052382786, 76.72190900762749, 78.54685466000505, 63.64658932276629, 20.34094517375252, 27.42331112666486, 31.55510355894846, 69.40362936078496, 61.10215172104391, 61.627933541781935, 34.30175325346823, 85.56312818469426, 43.41327981052014], [73.72367486666238, 58.050881165788624, 104.0969633187208, 66.34686698485385, 102.58208825080813, 32.00526689241034, 19.743907841227475, 54.277522814354995, 30.25285854171179, 65.3215186937551, 66.59472864403095, 84.9123488011831, 94.57368229156809, 68.8878355083694, 82.75478834822793, 96.34839638904734, 38.667306546895894, 24.199635067096672, 65.29409733049643, 16.611029867998496, 31.152549115791544, 0.0, 58.306794043806306, 71.96178460532145, 72.1029595922334, 75.4554760241903, 57.45675267215874, 65.8274218390208, 69.5621532014361, 84.32196375087108, 37.11275550608314, 86.72964925767617, 63.615787157434326, 61.11164690153619, 95.0828781677992, 36.814670686150876, 6.698372714553567, 83.47427859200762, 46.703145214479854, 83.63533267277563, 86.43151917335167, 8.995302706236181, 90.04204256486396, 34.66385283695575, 22.229074176007344, 2.7900260965033934, 71.1563526840177, 29.053041488266054, 24.92905438659534, 11.527572002834523, 72.39635909622757, 48.57203509839101, 21.813917967991646, 47.69662573548437, 75.55853560855384, 74.08412626231916, 64.1656549834531, 68.63634639461537, 95.95168927062117, 82.17906213146286, 27.214108098911968, 48.6001509560399, 14.780310080294822, 66.03978298702734, 87.36642546942458, 56.655824045872336, 57.38974941297648, 80.67091877377568, 22.05299774110881], [15.419873493473006, 35.456684556642955, 59.33349403557008, 43.97133882230858, 51.156799654565496, 53.05817626299248, 39.316621831197935, 62.258128762785255, 39.12022976019035, 67.53940974610573, 32.05196565974299, 43.36723768018587, 42.47743497466181, 28.544256204776403, 39.05852725107827, 50.786499343419884, 20.710249180137804, 53.53194885165321, 37.079508274315224, 62.32685177688643, 51.073191481165935, 58.306794043806306, 0.0, 65.31576718842751, 76.05172496972817, 68.56154162436198, 1.072405991638278, 42.63343297190671, 63.51753449428756, 43.65258908127173, 22.278848467762526, 48.806308226451854, 31.02110344185704, 27.783572066003135, 43.82308168246851, 26.743033249971557, 56.96638150187824, 25.68086921609701, 17.003212589121873, 29.858484158207077, 34.037945688019825, 60.54883153828795, 56.32194189063974, 52.00614272182888, 52.78829821336479, 58.38930233918172, 15.45273987170001, 32.094580979159026, 45.62326659861458, 48.837173478265385, 75.09924965236749, 25.315302984467046, 64.90617177803887, 19.950877698436326, 68.87966831865786, 16.89305884613008, 52.05583398229622, 36.12129762640831, 41.32462627143846, 31.309165247057933, 34.28929686059835, 28.741550950682598, 44.373020900133135, 24.729412021525064, 51.3003274510234, 22.771011096023084, 30.638283925162753, 39.26375509044828, 46.229613961268434], [71.54989176788895, 29.86919780444742, 56.38742134577656, 22.806052217375978, 66.27832360257318, 40.21009960569626, 59.987050764292846, 19.695005433067152, 81.37202703927817, 10.558796630003442, 36.59111829632065, 108.63789916924726, 63.24573566261844, 42.37919728792927, 46.08272087161259, 115.14405412806157, 56.41036224360185, 88.29926812776432, 30.131893651355558, 87.32679776512606, 40.83979812462911, 71.96178460532145, 65.31576718842751, 0.0, 14.26255438472373, 3.711079604902708, 65.65832991849884, 104.59641349595927, 2.427247801019649, 42.33676725740843, 56.27161643769086, 39.33645640279396, 94.49250520554118, 38.45953752464287, 61.95512085144058, 74.22957135246992, 65.55358231064125, 82.12210249963535, 51.38236883298548, 92.03142338275072, 96.673576705296, 80.43771576208503, 35.19694303619779, 94.64068278297711, 49.88788326294324, 74.3769482723307, 78.70390889248645, 71.55561308787287, 82.84036335539987, 61.98602861383177, 12.711922987467553, 41.50593860664875, 92.40033633939832, 47.37861414753019, 3.929224726388283, 77.78577313737485, 13.260314198919092, 100.16567869963656, 69.2174875514382, 56.36659061262101, 53.29002900880858, 38.22277239373545, 69.86773366319879, 89.64651779854773, 37.16009822026012, 85.06005223902373, 34.71464350456034, 104.57618008947125, 80.94505546394686], [83.83771092039348, 41.32905037255986, 70.37255751465094, 35.99805709584668, 80.54021436307724, 40.40943184165859, 63.70162829178504, 18.20965243095363, 86.51941358318312, 8.660339312610331, 49.60225094855676, 119.34236236846712, 77.43130505177317, 55.50485921735415, 60.20983672120394, 126.59712469318492, 64.18461566119862, 91.32075727575663, 43.08005323493273, 88.3477252711703, 41.688303993523476, 72.1029595922334, 76.05172496972817, 14.26255438472373, 0.0, 13.771170289575165, 76.25527051284855, 113.06793397734145, 14.608328785854209, 56.575773890820244, 63.73145499913923, 53.58497413721346, 103.73467052303906, 50.58456724474633, 76.174178762135, 81.08459433495909, 65.43014665025943, 94.75329658483349, 60.7348836757122, 104.00249360159164, 108.59096184703606, 80.99152567091645, 49.140722614559834, 98.86841048376145, 50.03409339100187, 74.74292115170691, 90.24000728880917, 77.21711922207547, 86.8365001451996, 63.566933979602055, 1.6216319161970203, 51.10605738740101, 93.55395730169455, 56.9193761354279, 13.487656250071419, 89.72125135181555, 25.38232143035331, 109.54821346984455, 83.31740387975726, 70.15837144563478, 58.244545837211135, 47.661769146921024, 72.92712364135183, 99.67987986362384, 51.357122376470464, 94.17765205633253, 46.14047099321834, 115.13888596355801, 84.60693465387773], [74.36497110692798, 33.10908786539658, 56.665605777411365, 25.501803978779723, 67.3018837537473, 43.614585042927104, 63.675810378775935, 22.566219149202787, 85.08196057141011, 12.44048181539741, 39.23786113121381, 111.83119470170833, 64.70840354092243, 44.93048313124428, 47.71981210346512, 118.15644756623082, 60.04454065059185, 91.98114532498082, 32.86348231591314, 90.90602553433969, 44.31004516036181, 75.4554760241903, 68.56154162436198, 3.711079604902708, 13.771170289575165, 0.0, 68.93086060861356, 108.12662219174145, 6.1077827960495945, 43.67963239491359, 59.924967601804454, 40.27915351130385, 97.94112892400118, 41.44973481951636, 63.32331680572575, 77.89791809139892, 69.01240101503826, 84.78615371090527, 54.88161266054047, 94.9184932275826, 99.57164173583344, 83.97629572712806, 35.43769102002963, 98.34975250617839, 53.33053977404537, 77.8930613464524, 81.73720375339853, 75.26134142752616, 86.54483085980603, 65.57380267388234, 12.149793560521678, 45.00482156388126, 95.99230165038098, 50.86545537708755, 0.35279212417664313, 80.70557534387048, 16.593965356062053, 103.59073692337509, 70.84229685763455, 58.39632115213636, 56.99938953591781, 41.75373359414998, 73.54138675407508, 92.98332713150153, 37.89444702176139, 88.53348160754918, 37.92550679469668, 107.8017885393523, 84.64243280574372], [16.299926718883857, 35.82208869431281, 60.352682951669124, 44.464837223002874, 52.227020891050934, 52.70492447152477, 38.54860246439036, 62.27922239814202, 38.06108162675484, 67.7204370717255, 32.71389110469478, 43.105539422357246, 43.547630809381324, 29.330494885109417, 40.010441869858056, 50.735435744469356, 20.070642539780113, 52.48642355849621, 37.634400969399785, 61.33299244897779, 50.707257465281955, 57.45675267215874, 1.072405991638278, 65.65832991849884, 76.25527051284855, 68.93086060861356, 0.0, 41.849218571005125, 63.8345601283284, 44.565773990189435, 21.626652147416525, 49.68908969594537, 30.31059626955319, 28.326914023206484, 44.889689882949, 25.685877625566857, 56.196894504092015, 26.36884702659485, 16.80836691841449, 30.13042370624807, 34.23956130735066, 59.61164291402927, 57.15662033393298, 50.93397102809106, 52.254206266097235, 57.50876685087034, 15.764418162546004, 31.09296362126276, 44.579987139026834, 48.075579630329095, 75.321114565293, 25.385196413730412, 63.88586102796121, 19.911598371279577, 69.24672411007192, 17.43862491935418, 52.39865189783221, 35.48388568018554, 42.39217263179806, 32.35810984277422, 33.665492540883086, 28.82613212781984, 43.46413933213392, 24.206527352719885, 52.15824353708329, 21.927401513700193, 31.02561292471798, 38.95942992646403, 45.2038860831937], [48.143345321148686, 75.72829739272292, 99.75801992573244, 85.19506008508326, 88.50564592135635, 79.88176280638166, 56.06059061364726, 96.56125420272271, 35.599551267824715, 104.42138523157409, 74.40006221456883, 24.20103619543723, 80.2814057792971, 71.17475215351648, 81.01907567984514, 35.91490934199053, 48.89987891126132, 45.61711541873348, 78.83825813852724, 58.355517441664894, 77.82745985883494, 65.8274218390208, 42.63343297190671, 104.59641349595927, 113.06793397734145, 108.12662219174145, 41.849218571005125, 0.0, 102.50086383234965, 85.92238549008775, 49.44640423175205, 91.2416223181739, 12.080105649462265, 69.58940618884478, 82.11309563350673, 33.59585299765256, 68.90637441404509, 48.40142282616588, 53.26708692816066, 38.496136493278144, 37.60470298271359, 61.909024368351325, 98.91562597911222, 36.2802890943562, 74.50250512360415, 64.09786500983921, 38.04963451466229, 40.12067171224533, 41.34227039751776, 63.02120050755641, 112.43459812793658, 63.133771164152726, 57.3439034162365, 57.30026442610135, 108.41129688901201, 42.03603394865962, 91.62072627243982, 9.609496724980076, 76.68931210030273, 71.43336036280566, 57.530354395618, 66.37583096636172, 52.50228766197706, 20.371773636900812, 93.83472583194838, 20.0647235069125, 71.26633878888424, 21.61450279138808, 44.061755927139885], [70.12691914785874, 28.12974742044148, 56.829146803925056, 21.62659711252703, 66.20507531232444, 37.8468755851108, 57.57028357682883, 17.65689091637319, 79.01037709422961, 9.426347894681616, 35.37232834822657, 106.8702911475836, 62.870553375316575, 41.22149490427547, 45.62198200598322, 113.53316804291987, 54.19759990661178,