instance_id,num_cities,city_coordinates,distance_matrix,best_route,total_distance
490,46,"[[99.0684532016767, 53.23008260667884], [39.30299854592491, 17.78325189004081], [19.313604323459067, 78.65482226313155], [23.27009710868514, 55.6880968116226], [74.15290630689087, 97.1384320921085], [73.2025419036562, 22.488405440720005], [33.836847971999276, 61.466120861980045], [15.84089230602953, 8.337164027133948], [35.1068380296397, 71.38103520758648], [78.28856312536581, 82.8144021496627], [87.81194421330082, 72.03773572440245], [18.76828645619377, 19.410148620299218], [7.142179426336382, 64.52770575156428], [42.42957038174541, 33.85595146542506], [47.731576353252734, 93.03271853341427], [18.711290301039796, 69.78401462982283], [49.3215725438667, 20.73555802133852], [35.56636073136988, 47.68867176386515], [36.89637850347985, 81.9423569719458], [52.07890330477327, 17.08452449977309], [96.59475760139027, 60.646251373497094], [76.16878537025796, 1.328726233800781], [13.89657083842717, 19.02867912771209], [0.39354206367829825, 72.8560187793772], [80.01835684831295, 61.64947337279223], [42.426286322814946, 97.26367401590639], [40.4826186453806, 40.19146194261687], [59.31313007180942, 7.282797615527182], [69.64518790368282, 38.04287586828538], [0.6697562941896162, 86.52629445281801], [54.764108294826386, 64.9868114101486], [25.790335250799323, 75.66308088904081], [82.67367512072809, 91.24859210542901], [62.04569782131934, 34.66931825886657], [56.66735935158877, 40.69538455653956], [13.482069890521997, 3.20202936157572], [54.354207813235114, 98.25300402990428], [77.68412627526486, 8.242993615695182], [78.52334852062086, 44.38726635459776], [79.49090506425158, 83.52640097598207], [27.283104397491176, 78.31461165088382], [20.612361579827187, 15.195710931376272], [20.842506998121557, 25.295373777665542], [58.33048016990984, 84.24499417436444], [38.347418321955104, 30.05583112547724], [74.18010532177797, 68.82057265060087]]","[[0.0, 69.4865985500997, 83.70933822570653, 75.83820027025732, 50.48492479543673, 40.175814643303745, 65.74948400545259, 94.56321182800585, 66.487181439253, 36.15295000971484, 21.918868821223548, 87.13153685202298, 92.61790377104565, 59.86083865573893, 64.95940848919807, 82.04453848286532, 59.4192415233456, 63.74341520687648, 68.48183387953725, 59.28338022054139, 7.817846832779919, 56.72870155515464, 91.782272499815, 100.60773061125428, 20.827681386677646, 71.74463214155901, 60.019210586936275, 60.758857092758674, 33.111626195504726, 103.87945550682525, 45.83770990989285, 76.63499189247136, 41.40284788308782, 41.41480881434562, 44.21505868923087, 99.13543826391637, 63.454134570882786, 49.81091862210881, 22.367313777555232, 36.07141940383519, 76.04189569117898, 87.18928684942378, 83.06411148506469, 51.20065611189296, 64.99299968903067, 29.368235221076723], [69.4865985500997, 0.0, 64.06968051322941, 41.156180544669226, 86.67041418990954, 34.22451620984835, 44.02353738304589, 25.29227164819115, 53.76179070337044, 75.82166411829324, 72.7782029586705, 20.599058075044976, 56.739424153360844, 16.37397700881197, 75.72003139174174, 55.929399907039695, 10.444517051790067, 30.137959452937263, 64.2042256003421, 12.794997552679506, 71.55125701473226, 40.37124784731121, 25.436934914817122, 67.4311163825057, 59.849693306362404, 79.54176530504621, 22.439237539172552, 22.597896000609186, 36.48425439503869, 78.85514128875214, 49.671137957932224, 59.43624041172958, 85.31220193805173, 28.326129416907893, 28.748684309312566, 29.653539536656076, 81.86525459472672, 39.549051742325354, 47.39208201554336, 77.05341966494454, 61.713234964925924, 18.868897116981298, 19.93042205877862, 69.13181788741662, 12.309725206295534, 61.81602290240412], [83.70933822570653, 64.06968051322941, 0.0, 23.305027636210493, 57.870483619370944, 77.83754860086009, 22.50280120191287, 70.40335779315188, 17.38776032234902, 59.12146708699838, 68.81721007077601, 59.24718328006885, 18.647225127554353, 50.4111764548046, 31.848155919066098, 8.89123221205987, 65.23127568143704, 34.97219706564205, 17.887476969300728, 69.74572663614262, 79.35165579528939, 95.97831389955527, 59.87170614725696, 19.788756346905238, 63.04164393467161, 29.67297478784526, 43.903954884582575, 81.81642843824942, 64.67301211224748, 20.23741939505879, 37.9941147087439, 7.134322669645107, 64.59954806556857, 61.32500613305377, 53.25619143068872, 75.6778088377802, 40.14888070035288, 91.4600647627268, 68.41095815611577, 60.37416503441919, 7.976758407441193, 63.472400154926234, 53.381347735531094, 39.41530949789042, 52.193371369620735, 55.74087725574553], [75.83820027025732, 41.156180544669226, 23.305027636210493, 0.0, 65.6291898987463, 59.96222602877596, 12.04332951196882, 47.93019840936362, 19.656468429738783, 61.34222073027051, 66.5804830280907, 36.55620089838697, 18.391531066763164, 29.046996170320362, 44.64285764124117, 14.814777036691723, 43.593111155734015, 14.66931832680883, 29.579751878879286, 48.16827908156944, 73.49210252149486, 75.84993335140133, 37.83881472327889, 28.60199845147431, 57.06052044960969, 45.77650276153591, 23.160669029941456, 60.35042017620407, 49.61857382456156, 38.23309873249593, 32.83806988508354, 20.133345206052528, 69.23390719996743, 44.10596629114291, 36.60817594588666, 53.39094261384016, 52.70667191915693, 72.19365891415666, 56.39707936240136, 62.735559501163905, 22.979630137826817, 40.57951296425484, 30.48951962828752, 45.21865596616051, 29.73783211959583, 52.57652382878244], [50.48492479543673, 86.67041418990954, 57.870483619370944, 65.6291898987463, 0.0, 74.65607591852086, 53.832131187252195, 106.23538104974311, 46.77647851408382, 14.909107656472344, 28.576463648823232, 95.44182609045245, 74.52447242026027, 70.78871659018964, 26.738428531704354, 61.82262482328974, 80.33675561487804, 62.72320380825957, 40.23642085255553, 83.04149402160147, 42.84058756744845, 95.83091101024537, 98.65069423094332, 77.65358594329831, 35.97040034577323, 31.726867181514194, 66.15622178159771, 91.07279509214744, 59.26722779585409, 74.24547663706122, 37.54533527389611, 52.91624503354905, 10.358268013888695, 63.63155412547798, 59.08944040544444, 111.82574904472867, 19.830046208902502, 88.96554668172858, 52.931902023353366, 14.621272921328657, 50.50855914624605, 97.88360169556606, 89.46185613116286, 20.410534294793482, 76.04017571184102, 28.31787250369268], [40.175814643303745, 34.22451620984835, 77.83754860086009, 59.96222602877596, 74.65607591852086, 0.0, 55.39783532035907, 59.08143937063904, 61.98202884043595, 60.54001561607864, 51.65821103567661, 54.52122367640018, 78.30245373716099, 32.80543977623407, 75.00180128363529, 72.15380204665581, 23.945211872915994, 45.29387989552895, 69.66282978402221, 21.803899579665696, 44.75731182140936, 21.366577274867574, 59.4068002012455, 88.53274496552324, 39.74977452690999, 80.86110745017359, 37.202037411098836, 20.59432616931689, 15.956074635170527, 96.75668564701162, 46.32591438805703, 71.24228694200838, 69.40940595179553, 16.51816596843797, 24.59484398312143, 62.75746234303721, 78.07390151237706, 14.933732170639866, 22.53599548234996, 61.36106591481446, 72.28526849021402, 53.09341258291337, 52.435220287068695, 63.52207862018419, 35.66714975141662, 46.34247887846322], [65.74948400545259, 44.02353738304589, 22.50280120191287, 12.04332951196882, 53.832131187252195, 55.39783532035907, 0.0, 56.09403243385599, 9.995919228726178, 49.312311789390456, 55.00063686046875, 44.67400079854773, 26.86966004248908, 28.91636789981437, 34.4893253824862, 17.26180325431382, 43.574711064814224, 13.885579499465358, 20.703549751289685, 47.98435868511582, 62.763264789436754, 73.54249898225825, 46.88870986829395, 35.329654465424156, 46.18187285327718, 36.81362876694778, 22.288503314005055, 59.873812870558915, 42.788849186413564, 41.57004054324656, 21.221345069418604, 16.318702184377102, 57.201671997605814, 38.907683554430655, 30.86512168328045, 61.71726945607425, 42.121690707582765, 68.9585751627617, 47.83900712354186, 50.70452531767619, 18.078252036747955, 48.123153216335076, 38.434045350220984, 33.44869336204598, 31.732499841849112, 41.00812571554107], [94.56321182800585, 25.29227164819115, 70.40335779315188, 47.93019840936362, 106.23538104974311, 59.08143937063904, 56.09403243385599, 0.0, 65.92197173964524, 97.19346988928852, 96.11240891371926, 11.45341103387507, 56.859867965448935, 36.853308048732046, 90.5005673027861, 61.513857248907144, 35.70260666707444, 44.01857864303566, 76.55754650884523, 37.278811091333935, 96.21552566582338, 60.73362233451914, 10.866870806044847, 66.34231868159968, 83.43230359305207, 92.8154478188355, 40.27295584721598, 43.485022075358586, 61.459999517972484, 79.64736960260758, 68.73281088046981, 68.0571120178312, 106.49378275157174, 53.18144788541874, 52.094671966063686, 5.650986747579453, 97.81683778757802, 61.84330566714536, 72.30975172765268, 98.51266658187595, 70.90675139562273, 8.355033492960223, 17.680413667987967, 86.99059578197632, 31.276895847161594, 84.03396036133334], [66.487181439253, 53.76179070337044, 17.38776032234902, 19.656468429738783, 46.77647851408382, 61.98202884043595, 9.995919228726178, 65.92197173964524, 0.0, 44.66971302655776, 52.70919723729228, 54.4786317760168, 28.792190875862286, 38.232895769962326, 25.06350750756232, 16.47314359940439, 52.60250028974591, 23.69681933641703, 10.711861300345609, 56.8872751566384, 62.41794483341064, 81.19981226556158, 56.4857913234522, 34.74461819271417, 45.95375739093013, 26.897682335071437, 31.64946283398002, 68.51663036693276, 48.003442378171634, 37.62035986084318, 20.67109992841004, 10.253445237879905, 51.549236734787385, 45.5351768218671, 37.50286969756204, 71.52627094446466, 33.05395516385417, 76.15272661179273, 51.12393705596294, 46.01581593518729, 10.45396050508417, 58.02482668286968, 48.24271270575519, 26.548427346234245, 41.452066933494656, 39.15707069468563], [36.15295000971484, 75.82166411829324, 59.12146708699838, 61.34222073027051, 14.909107656472344, 60.54001561607864, 49.312311789390456, 97.19346988928852, 44.66971302655776, 0.0, 14.381631569031715, 86.96414606256182, 73.45890809565404, 60.68605485602067, 32.22023324418275, 60.985592036983405, 68.50452124974984, 55.308258990220374, 41.401369670148256, 70.76272382957457, 28.749672433418088, 81.51324332398957, 90.63634553596127, 78.52899913758179, 21.235498497891378, 38.66373436344968, 56.973717360877274, 77.87868991624757, 45.5982181755698, 77.70751133813043, 29.516486353387297, 52.98306640562183, 9.506038471509546, 50.81121703066355, 47.34435653419536, 102.65481706353184, 28.481639563478744, 74.57385811828192, 38.427853044298296, 1.397343360339093, 51.20356369017516, 88.8753713173428, 81.29260722496917, 20.009289562550748, 66.17221369064997, 14.584467407919801], [21.918868821223548, 72.7782029586705, 68.81721007077601, 66.5804830280907, 28.576463648823232, 51.65821103567661, 55.00063686046875, 96.11240891371926, 52.70919723729228, 14.381631569031715, 0.0, 86.81410945739466, 81.01858737954578, 59.307744045665224, 45.24627267463561, 69.13739675366891, 64.13596610582808, 57.64093952323948, 51.86999473306686, 65.54926114357991, 14.384148453312243, 71.66119710824209, 90.95846580950068, 87.42223184951976, 12.98676244110059, 51.92500269464593, 57.04603590521107, 70.74874145138935, 38.54453958020624, 88.33843585527444, 33.791640868412195, 62.12747464576532, 19.886146237019304, 45.39050646347611, 44.18515749590602, 101.30787080631691, 42.50482816511237, 64.59366700306208, 29.16892981088919, 14.185525079561316, 60.853427354951705, 88.0159058845846, 81.66856140080829, 31.90883703624943, 64.87849902247176, 14.006326063885108], [87.13153685202298, 20.599058075044976, 59.24718328006885, 36.55620089838697, 95.44182609045245, 54.52122367640018, 44.67400079854773, 11.45341103387507, 54.4786317760168, 86.96414606256182, 86.81410945739466, 0.0, 46.59141901855605, 27.72251029120224, 79.11482138179035, 50.373898254027765, 30.58202087559865, 32.89149085303869, 65.1068721611522, 33.39170139994129, 88.07596596794382, 60.18101952528265, 4.8866278796492875, 56.51630091001445, 74.40249779803177, 81.3687432262137, 30.056200788234904, 42.31969974146407, 54.18152476255499, 69.51355137983458, 58.076943625661144, 56.689518944029246, 96.14915840885651, 45.88874145719051, 43.46724048282662, 17.048378676114226, 86.50175517276756, 59.96483579968593, 64.76514380927864, 88.30702252231845, 59.51670260939318, 4.600228048196935, 6.240053365913843, 75.95211892673625, 22.286160741992422, 74.24189971199904], [92.61790377104565, 56.739424153360844, 18.647225127554353, 18.391531066763164, 74.52447242026027, 78.30245373716099, 26.86966004248908, 56.859867965448935, 28.792190875862286, 73.45890809565404, 81.01858737954578, 46.59141901855605, 0.0, 46.75421340830345, 49.59873886082385, 12.707206988746208, 60.801754963068966, 33.03766257622204, 34.47582399087541, 65.34649646474699, 89.5367490489416, 93.58837182163242, 45.997643712104825, 10.719370510524529, 72.932992926834, 48.13119381114642, 41.27756836403172, 77.45184051238364, 67.88278340393435, 22.93098702734962, 47.62414185222937, 21.71981342244407, 80.11874068760734, 62.49735703061626, 54.96110424810847, 61.65251654058796, 58.02043922936411, 90.24486182301295, 74.16811040042556, 74.80166122260015, 24.407696183179162, 51.13796554603321, 41.55568369891674, 54.854476533482774, 46.49814055173926, 67.1752351285469], [59.86083865573893, 16.37397700881197, 50.4111764548046, 29.046996170320362, 70.78871659018964, 32.80543977623407, 28.91636789981437, 36.853308048732046, 38.232895769962326, 60.68605485602067, 59.307744045665224, 27.72251029120224, 46.75421340830345, 0.0, 59.41381176074257, 43.05092952227342, 14.82040545768953, 15.441755002585824, 48.40370447495989, 19.349170223129143, 60.42836813702339, 46.86528575939643, 32.15556045096566, 57.34137186404017, 46.74822700428873, 63.40772263552651, 6.627919286649555, 31.483123945032787, 27.535798028305884, 67.21641989154762, 33.48538884987339, 44.99666894766621, 70.09638482742774, 19.632982994600656, 15.795330948024654, 42.161839678057724, 65.49181137260432, 43.57645374581698, 37.59879537476266, 61.973349780607535, 46.967945423429654, 28.70879963870059, 23.222506235907435, 52.83838147800006, 5.577174915433021, 47.229452713334226], [64.95940848919807, 75.72003139174174, 31.848155919066098, 44.64285764124117, 26.738428531704354, 75.00180128363529, 34.4893253824862, 90.5005673027861, 25.06350750756232, 32.22023324418275, 45.24627267463561, 79.11482138179035, 49.59873886082385, 59.41381176074257, 0.0, 37.18439505692048, 72.31464240383832, 46.94757766451812, 15.504761591453777, 76.07251427812169, 58.621614928187824, 96.01196311066873, 81.37201881819693, 51.45861155691519, 45.026039927445396, 6.78580036560852, 53.33615833508267, 86.52850006766386, 59.195347515820636, 47.509456549072404, 28.914173200631165, 27.984323701187176, 34.98761742941406, 60.09309914632162, 53.09467718708039, 96.13834515960895, 8.432711789194046, 89.92470571791215, 57.57180951549664, 33.15154647487835, 25.194496929511356, 82.42603692018017, 72.87914602507506, 13.768110310619477, 63.67221348082965, 35.85739383794585], [82.04453848286532, 55.929399907039695, 8.89123221205987, 14.814777036691723, 61.82262482328974, 72.15380204665581, 17.26180325431382, 61.513857248907144, 16.47314359940439, 60.985592036983405, 69.13739675366891, 50.373898254027765, 12.707206988746208, 43.05092952227342, 37.18439505692048, 0.0, 57.816437754845225, 27.79024245262381, 21.875162203713703, 62.37494575175303, 78.41768420486171, 89.37276010626383, 50.98318943961318, 18.573559432220833, 61.84437864587299, 36.29783349303345, 36.73839833773593, 74.53127880990189, 60.01467999477878, 24.613022630140385, 36.37057662484821, 9.201972477734932, 67.4678794540646, 55.775557158652475, 47.82061874662813, 66.78701601631002, 45.61689299199485, 85.23551284707656, 64.98059042066102, 62.31384078398261, 12.093265995580232, 54.62139665626343, 44.53965928789935, 42.175824061341416, 44.31598005470186, 55.477181437526156], [59.4192415233456, 10.444517051790067, 65.23127568143704, 43.593111155734015, 80.33675561487804, 23.945211872915994, 43.574711064814224, 35.70260666707444, 52.60250028974591, 68.50452124974984, 64.13596610582808, 30.58202087559865, 60.801754963068966, 14.82040545768953, 72.31464240383832, 57.816437754845225, 0.0, 30.26014197627351, 62.45524545401551, 4.575250670797839, 61.8677417507129, 33.12699739752055, 35.46609904384609, 71.48772339570267, 51.14920366945723, 76.83812536591624, 21.369588283670254, 16.757326289427976, 26.69442998734004, 81.82554750558498, 44.58469044280952, 59.75576873344199, 78.00288919034725, 18.869367727436625, 21.26864497658041, 39.898553579068825, 77.68064014569781, 30.991912164233987, 37.578544773289195, 69.66260534662956, 61.65258709180712, 29.238821794967897, 28.841794224536315, 64.14521725810782, 14.397900944999996, 54.1305392894516], [63.74341520687648, 30.137959452937263, 34.97219706564205, 14.66931832680883, 62.72320380825957, 45.29387989552895, 13.885579499465358, 44.01857864303566, 23.69681933641703, 55.308258990220374, 57.64093952323948, 32.89149085303869, 33.03766257622204, 15.441755002585824, 46.94757766451812, 27.79024245262381, 30.26014197627351, 0.0, 34.27949675255474, 34.77467314009857, 62.38881385204133, 61.626304741620864, 35.93014015988012, 43.24953790307495, 46.5927455763721, 50.04737183319477, 8.965363739463932, 46.8672990452764, 35.417620472013056, 52.21239256512284, 25.841423078702988, 29.633397376937328, 64.16046858573607, 29.506928989837146, 22.229669559726325, 49.66666139547064, 53.941958580329256, 57.70500583987078, 43.083663697533865, 56.689579553320975, 31.726338103475207, 35.76890541078935, 26.800217600922984, 43.06471690366123, 17.850808113386236, 44.017933917666916], [68.48183387953725, 64.2042256003421, 17.887476969300728, 29.579751878879286, 40.23642085255553, 69.66282978402221, 20.703549751289685, 76.55754650884523, 10.711861300345609, 41.401369670148256, 51.86999473306686, 65.1068721611522, 34.47582399087541, 48.40370447495989, 15.504761591453777, 21.875162203713703, 62.45524545401551, 34.27949675255474, 0.0, 66.61116642373342, 63.383125361393354, 89.67095071368297, 66.98598370194648, 37.61673311042089, 47.65822217772134, 16.28872728152512, 41.90463404094377, 77.95229665744814, 54.76905109915143, 36.51548492794783, 24.632220630603992, 12.75827201684277, 46.71366928366048, 53.54650736807156, 45.74062108381972, 82.14784866331705, 23.891693361037415, 84.23322697968663, 56.064154894952075, 42.623970818578265, 10.274997574275114, 68.70432275217392, 58.87790328572871, 21.557431487373886, 51.90681150842392, 39.52540334060332], [59.28338022054139, 12.794997552679506, 69.74572663614262, 48.16827908156944, 83.04149402160147, 21.803899579665696, 47.98435868511582, 37.278811091333935, 56.8872751566384, 70.76272382957457, 65.54926114357991, 33.39170139994129, 65.34649646474699, 19.349170223129143, 76.07251427812169, 62.37494575175303, 4.575250670797839, 34.77467314009857, 66.61116642373342, 0.0, 62.283909093589834, 28.784850128617606, 38.23179631913629, 76.03838596920897, 52.598932806345246, 80.7580895745488, 25.85351766953893, 12.182277571548402, 27.346422923225408, 86.40057760551959, 47.977488649183584, 64.20697842897638, 80.22685950656829, 20.21291578384736, 24.052580766183244, 41.01754771886707, 81.20036379130053, 27.088745111996115, 38.00984603448374, 71.87447940779437, 66.06023929704605, 31.523179801916125, 32.29753086677791, 67.45080355497936, 18.889374669676, 56.25905979361211], [7.817846832779919, 71.55125701473226, 79.35165579528939, 73.49210252149486, 42.84058756744845, 44.75731182140936, 62.763264789436754, 96.21552566582338, 62.41794483341064, 28.749672433418088, 14.384148453312243, 88.07596596794382, 89.5367490489416, 60.42836813702339, 58.621614928187824, 78.41768420486171, 61.8677417507129, 62.38881385204133, 63.383125361393354, 62.283909093589834, 0.0, 62.73586797267965, 92.57976244036847, 96.97294618108191, 16.606731054198843, 65.38393473652889, 59.72412032738689, 65.09668154547813, 35.173738657145854, 99.35483131470735, 42.055245604329905, 72.379357506818, 33.61993152441954, 43.225439103945526, 44.63445101876161, 101.03245766128441, 56.55556464014663, 55.710980971288436, 24.309060450978112, 28.566466660129304, 71.52814987645851, 88.53855731633821, 83.59478463550158, 44.956151849716754, 65.79153702478833, 23.858670649414652], [56.72870155515464, 40.37124784731121, 95.97831389955527, 75.84993335140133, 95.83091101024537, 21.366577274867574, 73.54249898225825, 60.73362233451914, 81.19981226556158, 81.51324332398957, 71.66119710824209, 60.18101952528265, 93.58837182163242, 46.86528575939643, 96.01196311066873, 89.37276010626383, 33.12699739752055, 61.626304741620864, 89.67095071368297, 28.784850128617606, 62.73586797267965, 0.0, 64.73883714699421, 104.20192453631468, 60.44345900071239, 101.69597065725871, 52.76186807050177, 17.876355376832546, 37.28922240124124, 113.83641342673754, 67.16034551000062, 89.79746387537784, 90.15484384678055, 36.208516656953314, 43.93221374186471, 62.714699730174104, 99.34883703540574, 7.078372092982677, 43.12286916432313, 82.26478111733263, 91.19559395948563, 57.26088969780976, 60.2942557214447, 84.81339883303882, 47.494235027630786, 67.52113877212197], [91.782272499815, 25.436934914817122, 59.87170614725696, 37.83881472327889, 98.65069423094332, 59.4068002012455, 46.88870986829395, 10.866870806044847, 56.4857913234522, 90.63634553596127, 90.95846580950068, 4.8866278796492875, 45.997643712104825, 32.15556045096566, 81.37201881819693, 50.98318943961318, 35.46609904384609, 35.93014015988012, 66.98598370194648, 38.23179631913629, 92.57976244036847, 64.73883714699421, 0.0, 55.49517348443389, 78.66779955749737, 83.27460051405774, 33.980602032107114, 46.91086851783503, 58.90202018927485, 68.78136882589375, 61.500451548262035, 57.86982888138347, 99.72966411237681, 50.625764405544295, 47.945661682546195, 15.832076738563348, 88.95681000234585, 64.69299220604789, 69.42390323027982, 91.99224318466185, 60.77845897906608, 7.732625070207144, 9.355078351906267, 78.91476444077264, 26.822416443053005, 78.1878327516503], [100.60773061125428, 67.4311163825057, 19.788756346905238, 28.60199845147431, 77.65358594329831, 88.53274496552324, 35.329654465424156, 66.34231868159968, 34.74461819271417, 78.52899913758179, 87.42223184951976, 56.51630091001445, 10.719370510524529, 57.34137186404017, 51.45861155691519, 18.573559432220833, 71.48772339570267, 43.24953790307495, 37.61673311042089, 76.03838596920897, 96.97294618108191, 104.20192453631468, 55.49517348443389, 0.0, 80.40956279844595, 48.605403239755724, 51.71177172091029, 88.15534688747526, 77.50964695376646, 13.673065906701563, 54.937081255883825, 25.551452050263332, 84.31077659137064, 72.52042750982373, 64.8154989625806, 70.87304002573377, 59.63858070033931, 100.74064437242278, 83.15489475444419, 79.81384522666528, 27.438017396322042, 61.10246937524572, 51.77040776224318, 59.04572429628524, 57.204482221567545, 73.89683175143438], [20.827681386677646, 59.849693306362404, 63.04164393467161, 57.06052044960969, 35.97040034577323, 39.74977452690999, 46.18187285327718, 83.43230359305207, 45.95375739093013, 21.235498497891378, 12.98676244110059, 74.40249779803177, 72.932992926834, 46.74822700428873, 45.026039927445396, 61.84437864587299, 51.14920366945723, 46.5927455763721, 47.65822217772134, 52.598932806345246, 16.606731054198843, 60.44345900071239, 78.66779955749737, 80.40956279844595, 0.0, 51.78354037570248, 44.983561995337155, 58.17595593337535, 25.78515231084796, 83.15681954563581, 25.47380802268997, 56.00945921895571, 29.717983526419676, 32.41828561895375, 31.37423978698805, 88.56173662239122, 44.70421682862622, 53.45746638602852, 17.32682432065585, 21.88328509935652, 55.30581962940082, 75.41236184341969, 69.4507146317789, 31.319667225433665, 52.2936453894622, 9.247153385733121], [71.74463214155901, 79.54176530504621, 29.67297478784526, 45.77650276153591, 31.726867181514194, 80.86110745017359, 36.81362876694778, 92.8154478188355, 26.897682335071437, 38.66373436344968, 51.92500269464593, 81.3687432262137, 48.13119381114642, 63.40772263552651, 6.78580036560852, 36.29783349303345, 76.83812536591624, 50.04737183319477, 16.28872728152512, 80.7580895745488, 65.38393473652889, 101.69597065725871, 83.27460051405774, 48.605403239755724, 51.78354037570248, 0.0, 57.105299534971685, 91.55175372205206, 65.17646459045046, 43.11495239372667, 34.55456135858208, 27.264271336364192, 40.69439169517265, 65.59706304543299, 58.33334838126114, 98.41422996679387, 11.96887985394725, 95.74861261151057, 64.02274897625973, 39.52845346103851, 24.256605767026993, 84.9175946287725, 75.13518329729847, 20.553087523351373, 67.33150310332486, 42.62997814092743], [60.019210586936275, 22.439237539172552, 43.903954884582575, 23.160669029941456, 66.15622178159771, 37.202037411098836, 22.288503314005055, 40.27295584721598, 31.64946283398002, 56.973717360877274, 57.04603590521107, 30.056200788234904, 41.27756836403172, 6.627919286649555, 53.33615833508267, 36.73839833773593, 21.369588283670254, 8.965363739463932, 41.90463404094377, 25.85351766953893, 59.72412032738689, 52.76186807050177, 33.980602032107114, 51.71177172091029, 44.983561995337155, 57.105299534971685, 0.0, 37.91527856120711, 29.24161192314961, 61.089939534617905, 28.614162609174034, 38.39399617162807, 66.23379641065657, 22.258940999332967, 16.19258378789545, 45.79571765712254, 59.695591592642636, 49.037300072217015, 38.271424119107394, 58.30577458847582, 40.343546200838254, 31.9314059268788, 24.650099961963708, 47.531672210142084, 10.358093091033062, 44.217039568880935], [60.758857092758674, 22.597896000609186, 81.81642843824942, 60.35042017620407, 91.07279509214744, 20.59432616931689, 59.873812870558915, 43.485022075358586, 68.51663036693276, 77.87868991624757, 70.74874145138935, 42.31969974146407, 77.45184051238364, 31.483123945032787, 86.52850006766386, 74.53127880990189, 16.757326289427976, 46.8672990452764, 77.95229665744814, 12.182277571548402, 65.09668154547813, 17.876355376832546, 46.91086851783503, 88.15534688747526, 58.17595593337535, 91.55175372205206, 37.91527856120711, 0.0, 32.44894194202616, 98.58284373572992, 57.88304421104098, 76.15537350166112, 87.15486050303211, 27.522507869990992, 33.51717572819476, 46.01237601866749, 91.10526529812071, 18.396072348904067, 41.78246155098717, 78.86843257623414, 77.91945296170253, 39.501438948652826, 42.478721022114115, 76.96846951830862, 30.95435550004696, 63.30817253207137], [33.111626195504726, 36.48425439503869, 64.67301211224748, 49.61857382456156, 59.26722779585409, 15.956074635170527, 42.788849186413564, 61.459999517972484, 48.003442378171634, 45.5982181755698, 38.54453958020624, 54.18152476255499, 67.88278340393435, 27.535798028305884, 59.195347515820636, 60.01467999477878, 26.69442998734004, 35.417620472013056, 54.76905109915143, 27.346422923225408, 35.173738657145854, 37.28922240124124, 58.90202018927485, 77.50964695376646, 25.78515231084796, 65.17646459045046, 29.24161192314961, 32.44894194202616, 0.0, 84.31045038047702, 30.78022405391493, 57.779995906972815, 54.777638863610775, 8.314634114379812, 13.24612533040555, 66.09221141907973, 62.12144239604423, 30.86515045176897, 10.912058769222268, 46.536965980050674, 58.44962636261223, 54.094463699714396, 50.44006813159942, 47.567408454420004, 32.30082451756518, 31.109999923064866], [103.87945550682525, 78.85514128875214, 20.23741939505879, 38.23309873249593, 74.24547663706122, 96.75668564701162, 41.57004054324656, 79.64736960260758, 37.62035986084318, 77.70751133813043, 88.33843585527444, 69.51355137983458, 22.93098702734962, 67.21641989154762, 47.509456549072404, 24.613022630140385, 81.82554750558498, 52.21239256512284, 36.51548492794783, 86.40057760551959, 99.35483131470735, 113.83641342673754, 68.78136882589375, 13.673065906701563, 83.15681954563581, 43.11495239372667, 61.089939534617905, 98.58284373572992, 84.31045038047702, 0.0, 58.22497958878335, 27.368830739501735, 82.13977597990737, 80.35018468131665, 72.36161862544834, 84.30354994118801, 54.95030529857021, 109.81570185332069, 88.52615156902525, 78.87821533417579, 27.851427821695005, 74.06591423244646, 64.46832957111421, 57.705835136773864, 67.88607695457928, 75.61259153537438], [45.83770990989285, 49.671137957932224, 37.9941147087439, 32.83806988508354, 37.54533527389611, 46.32591438805703, 21.221345069418604, 68.73281088046981, 20.67109992841004, 29.516486353387297, 33.791640868412195, 58.076943625661144, 47.62414185222937, 33.48538884987339, 28.914173200631165, 36.37057662484821, 44.58469044280952, 25.841423078702988, 24.632220630603992, 47.977488649183584, 42.055245604329905, 67.16034551000062, 61.500451548262035, 54.937081255883825, 25.47380802268997, 34.55456135858208, 28.614162609174034, 57.88304421104098, 30.78022405391493, 58.22497958878335, 0.0, 30.87818411747547, 38.322644033214566, 31.17967185539907, 24.36587333073259, 74.30724047900121, 33.26871788661979, 61.197941812725624, 31.445870199482144, 30.90519146916934, 30.54236131117394, 60.377938773799336, 52.21192637574196, 19.58562257706724, 38.596387050000835, 19.79087329552152], [76.63499189247136, 59.43624041172958, 7.134322669645107, 20.133345206052528, 52.91624503354905, 71.24228694200838, 16.318702184377102, 68.0571120178312, 10.253445237879905, 52.98306640562183, 62.12747464576532, 56.689518944029246, 21.71981342244407, 44.99666894766621, 27.984323701187176, 9.201972477734932, 59.75576873344199, 29.633397376937328, 12.75827201684277, 64.20697842897638, 72.379357506818, 89.79746387537784, 57.86982888138347, 25.551452050263332, 56.00945921895571, 27.264271336364192, 38.39399617162807, 76.15537350166112, 57.779995906972815, 27.368830739501735, 30.87818411747547, 0.0, 58.979848377509335, 54.726043979982094, 46.649012895481015, 73.49896179297333, 36.41702133993376, 85.0789851540111, 61.31025414486596, 54.27322545306436, 3.0428564057994705, 60.688666494942474, 50.61014645380192, 33.65278988425073, 47.30435039456706, 48.87115474914931], [41.40284788308782, 85.31220193805173, 64.59954806556857, 69.23390719996743, 10.358268013888695, 69.40940595179553, 57.201671997605814, 106.49378275157174, 51.549236734787385, 9.506038471509546, 19.886146237019304, 96.14915840885651, 80.11874068760734, 70.09638482742774, 34.98761742941406, 67.4678794540646, 78.00288919034725, 64.16046858573607, 46.71366928366048, 80.22685950656829, 33.61993152441954, 90.15484384678055, 99.72966411237681, 84.31077659137064, 29.717983526419676, 40.69439169517265, 66.23379641065657, 87.15486050303211, 54.777638863610775, 82.13977597990737, 38.322644033214566, 58.979848377509335, 0.0, 60.22231875699596, 56.85028806756636, 111.98069228817965, 29.172830081908316, 83.155426631821, 47.04475594594022, 8.352380563175538, 56.880604562930486, 98.16133339200621, 90.40420542870596, 25.33064397905342, 75.5603800820263, 23.982426578555128], [41.41480881434562, 28.326129416907893, 61.32500613305377, 44.10596629114291, 63.63155412547798, 16.51816596843797, 38.907683554430655, 53.18144788541874, 45.5351768218671, 50.81121703066355, 45.39050646347611, 45.88874145719051, 62.49735703061626, 19.632982994600656, 60.09309914632162, 55.775557158652475, 18.869367727436625, 29.506928989837146, 53.54650736807156, 20.21291578384736, 43.225439103945526, 36.208516656953314, 50.625764405544295, 72.52042750982373, 32.41828561895375, 65.59706304543299, 22.258940999332967, 27.522507869990992, 8.314634114379812, 80.35018468131665, 31.17967185539907, 54.726043979982094, 60.22231875699596, 0.0, 8.077128185124584, 57.86722931285447, 64.04720224002389, 30.706857192742145, 19.129858539976645, 51.878220742195104, 55.79739722268097, 45.78146715042923, 42.25605008930069, 49.71469083355362, 24.143171182757577, 36.242958239030905], [44.21505868923087, 28.748684309312566, 53.25619143068872, 36.60817594588666, 59.08944040544444, 24.59484398312143, 30.86512168328045, 52.094671966063686, 37.50286969756204, 47.34435653419536, 44.18515749590602, 43.46724048282662, 54.96110424810847, 15.795330948024654, 53.09467718708039, 47.82061874662813, 21.26864497658041, 22.229669559726325, 45.74062108381972, 24.052580766183244, 44.63445101876161, 43.93221374186471, 47.945661682546195, 64.8154989625806, 31.37423978698805, 58.33334838126114, 16.19258378789545, 33.51717572819476, 13.24612533040555, 72.36161862544834, 24.36587333073259, 46.649012895481015, 56.85028806756636, 8.077128185124584, 0.0, 57.190216904745576, 57.60408170850431, 38.663447462707246, 22.16560970890901, 48.53256851250058, 47.735109577576694, 44.16102602195267, 38.99461986142654, 43.58135459943023, 21.185380254828683, 33.131895157728394], [99.13543826391637, 29.653539536656076, 75.6778088377802, 53.39094261384016, 111.82574904472867, 62.75746234303721, 61.71726945607425, 5.650986747579453, 71.52627094446466, 102.65481706353184, 101.30787080631691, 17.048378676114226, 61.65251654058796, 42.161839678057724, 96.13834515960895, 66.78701601631002, 39.898553579068825, 49.66666139547064, 82.14784866331705, 41.01754771886707, 101.03245766128441, 62.714699730174104, 15.832076738563348, 70.87304002573377, 88.56173662239122, 98.41422996679387, 45.79571765712254, 46.01237601866749, 66.09221141907973, 84.30354994118801, 74.30724047900121, 73.49896179297333, 111.98069228817965, 57.86722931285447, 57.190216904745576, 0.0, 103.46603038568996, 64.39965345124934, 76.98435991816484, 103.96716306720043, 76.36994547353451, 13.953116396430875, 23.28716173995654, 92.62473778767317, 36.59798111633336, 89.38705011682437], [63.454134570882786, 81.86525459472672, 40.14888070035288, 52.70667191915693, 19.830046208902502, 78.07390151237706, 42.121690707582765, 97.81683778757802, 33.05395516385417, 28.481639563478744, 42.50482816511237, 86.50175517276756, 58.02043922936411, 65.49181137260432, 8.432711789194046, 45.61689299199485, 77.68064014569781, 53.941958580329256, 23.891693361037415, 81.20036379130053, 56.55556464014663, 99.34883703540574, 88.95681000234585, 59.63858070033931, 44.70421682862622, 11.96887985394725, 59.695591592642636, 91.10526529812071, 62.12144239604423, 54.95030529857021, 33.26871788661979, 36.41702133993376, 29.172830081908316, 64.04720224002389, 57.60408170850431, 103.46603038568996, 0.0, 92.98433776830906, 59.039521151838166, 29.13290898961258, 33.62118574360048, 89.64946248636258, 80.28605049162688, 14.561424448430753, 70.05049394525686, 35.48709947173268], [49.81091862210881, 39.549051742325354, 91.4600647627268, 72.19365891415666, 88.96554668172858, 14.933732170639866, 68.9585751627617, 61.84330566714536, 76.15272661179273, 74.57385811828192, 64.59366700306208, 59.96483579968593, 90.24486182301295, 43.57645374581698, 89.92470571791215, 85.23551284707656, 30.991912164233987, 57.70500583987078, 84.23322697968663, 27.088745111996115, 55.710980971288436, 7.078372092982677, 64.69299220604789, 100.74064437242278, 53.45746638602852, 95.74861261151057, 49.037300072217015, 18.396072348904067, 30.86515045176897, 109.81570185332069, 61.197941812725624, 85.0789851540111, 83.155426631821, 30.706857192742145, 38.663447462707246, 64.39965345124934, 92.98433776830906, 0.0, 36.15401424186914, 75.30508530881052, 86.31508941311012, 57.493709251736206, 59.344362421683066, 78.42746780619201, 44.979734023581535, 60.67883687557565], [22.367313777555232, 47.39208201554336, 68.41095815611577, 56.39707936240136, 52.931902023353366, 22.53599548234996, 47.83900712354186, 72.30975172765268, 51.12393705596294, 38.427853044298296, 29.16892981088919, 64.76514380927864, 74.16811040042556, 37.59879537476266, 57.57180951549664, 64.98059042066102, 37.578544773289195, 43.083663697533865, 56.064154894952075, 38.00984603448374, 24.309060450978112, 43.12286916432313, 69.42390323027982, 83.15489475444419, 17.32682432065585, 64.02274897625973, 38.271424119107394, 41.78246155098717, 10.912058769222268, 88.52615156902525, 31.445870199482144, 61.31025414486596, 47.04475594594022, 19.129858539976645, 22.16560970890901, 76.98435991816484, 59.039521151838166, 36.15401424186914, 0.0, 39.151092252655815, 61.45427061361439, 64.8523655426985, 60.75837259927885, 44.68098476067586, 42.65554363801427, 24.81632966493232], [36.07141940383519, 77.05341966494454, 60.37416503441919, 62.735559501163905, 14.621272921328657, 61.36106591481446, 50.70452531767619, 98.51266658187595, 46.01581593518729, 1.397343360339093, 14.185525079561316, 88.30702252231845, 74.80166122260015, 61.973349780607535, 33.15154647487835, 62.31384078398261, 69.66260534662956, 56.689579553320975, 42.623970818578265, 71.87447940779437, 28.566466660129304, 82.26478111733263, 91.99224318466185, 79.81384522666528, 21.88328509935652, 39.52845346103851, 58.30577458847582, 78.86843257623414, 46.536965980050674, 78.87821533417579, 30.90519146916934, 54.27322545306436, 8.352380563175538, 51.878220742195104, 48.53256851250058, 103.96716306720043, 29.13290898961258, 75.30508530881052, 39.151092252655815, 0.0, 52.46729646579283, 90.19848161038657, 82.64676112404116, 21.172622839266722, 67.46768368227296, 15.635407914098113], [76.04189569117898, 61.713234964925924, 7.976758407441193, 22.979630137826817, 50.50855914624605, 72.28526849021402, 18.078252036747955, 70.90675139562273, 10.45396050508417, 51.20356369017516, 60.853427354951705, 59.51670260939318, 24.407696183179162, 46.967945423429654, 25.194496929511356, 12.093265995580232, 61.65258709180712, 31.726338103475207, 10.274997574275114, 66.06023929704605, 71.52814987645851, 91.19559395948563, 60.77845897906608, 27.438017396322042, 55.30581962940082, 24.256605767026993, 40.343546200838254, 77.91945296170253, 58.44962636261223, 27.851427821695005, 30.54236131117394, 3.0428564057994705, 56.880604562930486, 55.79739722268097, 47.735109577576694, 76.36994547353451, 33.62118574360048, 86.31508941311012, 61.45427061361439, 52.46729646579283, 0.0, 63.47042175516456, 53.40899624143549, 31.608685186647257, 49.510897188583115, 47.84835913833881], [87.18928684942378, 18.868897116981298, 63.472400154926234, 40.57951296425484, 97.88360169556606, 53.09341258291337, 48.123153216335076, 8.355033492960223, 58.02482668286968, 88.8753713173428, 88.0159058845846, 4.600228048196935, 51.13796554603321, 28.70879963870059, 82.42603692018017, 54.62139665626343, 29.238821794967897, 35.76890541078935, 68.70432275217392, 31.523179801916125, 88.53855731633821, 57.26088969780976, 7.732625070207144, 61.10246937524572, 75.41236184341969, 84.9175946287725, 31.9314059268788, 39.501438948652826, 54.094463699714396, 74.06591423244646, 60.377938773799336, 60.688666494942474, 98.16133339200621, 45.78146715042923, 44.16102602195267, 13.953116396430875, 89.64946248636258, 57.493709251736206, 64.8523655426985, 90.19848161038657, 63.47042175516456, 0.0, 10.102284717937708, 78.67947627142637, 23.13774859033662, 75.7966289752339], [83.06411148506469, 19.93042205877862, 53.381347735531094, 30.48951962828752, 89.46185613116286, 52.435220287068695, 38.434045350220984, 17.680413667987967, 48.24271270575519, 81.29260722496917, 81.66856140080829, 6.240053365913843, 41.55568369891674, 23.222506235907435, 72.87914602507506, 44.53965928789935, 28.841794224536315, 26.800217600922984, 58.87790328572871, 32.29753086677791, 83.59478463550158, 60.2942557214447, 9.355078351906267, 51.77040776224318, 69.4507146317789, 75.13518329729847, 24.650099961963708, 42.478721022114115, 50.44006813159942, 64.46832957111421, 52.21192637574196, 50.61014645380192, 90.40420542870596, 42.25605008930069, 38.99461986142654, 23.28716173995654, 80.28605049162688, 59.344362421683066, 60.75837259927885, 82.64676112404116, 53.40899624143549, 10.102284717937708, 0.0, 69.8599017852417, 18.140669078499016, 68.84288149013146], [51.20065611189296, 69.13181788741662, 39.41530949789042, 45.21865596616051, 20.410534294793482, 63.52207862018419, 33.44869336204598, 86.99059578197632, 26.548427346234245, 20.009289562550748, 31.90883703624943, 75.95211892673625, 54.854476533482774, 52.83838147800006, 13.768110310619477, 42.175824061341416, 64.14521725810782, 43.06471690366123, 21.557431487373886, 67.45080355497936, 44.956151849716754, 84.81339883303882, 78.91476444077264, 59.04572429628524, 31.319667225433665, 20.553087523351373, 47.531672210142084, 76.96