instance_id,num_cities,city_coordinates,distance_matrix,best_route,total_distance
1061,24,"[[76.65529454426672, 43.82501834814768], [54.066050845985, 8.689597092107205], [7.792996291678422, 91.19218746270926], [8.18034077257449, 57.773536899669864], [25.52485630026059, 37.6796978605458], [87.61938573322018, 37.23818459343514], [51.08794307051585, 23.32808623815168], [0.08098088047302499, 31.74799471831944], [79.67103100203073, 1.4115347236205111], [31.45884162633823, 86.47964159232822], [8.920982621088246, 23.649783682928238], [75.77415477777647, 27.291113695743096], [70.19277892993703, 80.41690231816504], [34.516866453964546, 65.32916430307274], [91.30715660744909, 32.268422026161105], [35.05722750556236, 29.298265268490866], [32.154204857818, 28.392695738689213], [12.145183196988574, 27.534378396400292], [5.290234992937326, 91.0158332228982], [92.25874057298252, 31.631834176034147], [19.90792222376535, 96.40570133559953], [54.12661902984354, 74.2075298729663], [85.39114125493029, 70.52493106100626], [67.97087361699238, 7.6218151921843225]]","[[0.0, 41.77046513626322, 83.58028972524505, 69.88118819695002, 51.498414334030365, 12.790530657947988, 32.76909652865175, 77.52083599159965, 42.52056278497171, 62.14608789349104, 70.67515196660783, 16.55736725276384, 37.158176496441115, 47.30830175743247, 18.660974799508093, 44.06161295724274, 47.10099324222108, 66.53524942521591, 85.55667556250515, 19.80255711331561, 77.36273320345212, 37.823778592175415, 28.09271002638369, 37.23024423226412], [41.77046513626322, 0.0, 94.59319740681775, 67.1917519936303, 40.682007431555206, 44.05505794316847, 14.938356348714265, 58.70330042058737, 26.619263713166028, 81.00849913464171, 47.5592721544681, 28.587728071128737, 73.5178731580681, 59.91837100788621, 44.07789631558334, 28.036629055428282, 29.46762784626703, 45.961776802592276, 95.69059184472198, 44.55365070336901, 94.13231482666998, 65.5179607770424, 69.3171682642466, 13.945761165276284], [83.58028972524505, 94.59319740681775, 0.0, 33.42089527827484, 56.37380067713732, 96.34981513677299, 80.49837670164139, 59.94236592540235, 115.00877131801494, 24.13048536570462, 67.55182204434098, 93.29943803519522, 63.32329463355611, 37.18953083068703, 102.2087330244808, 67.63280201402337, 67.35907246687869, 63.80641179365441, 2.508966906193774, 103.35326623105922, 13.189092358565532, 49.34858852574635, 80.30322278035662, 102.98244530411316], [69.88118819695002, 67.1917519936303, 33.42089527827484, 0.0, 26.544200613700358, 82.05036598700012, 55.02318971336891, 27.256714337847693, 91.03622399230463, 36.95847735803711, 34.13178993174624, 74.14918621369443, 66.01715295054927, 27.398906737780077, 86.95158650396228, 39.1562017428566, 37.92070656652515, 30.497978333592773, 33.3676936011288, 88.04865662966242, 40.37301444899829, 48.79689140448141, 78.25666594088914, 78.03911204033841], [51.498414334030365, 40.682007431555206, 56.37380067713732, 26.544200613700358, 0.0, 62.09609906802294, 29.316209874123178, 26.12615353520621, 65.17045260055541, 49.15940083112522, 21.73768876824826, 51.31193504859926, 61.81983465606415, 29.074890217518252, 66.0044918157918, 12.693089186278767, 11.410375572651292, 16.791163133624494, 57.04544885301507, 67.00737246953858, 58.994011836556055, 46.39335451082377, 68.2845620786012, 52.010967079619654], [12.790530657947988, 44.05505794316847, 96.34981513677299, 82.05036598700012, 62.09609906802294, 0.0, 39.090115621114684, 87.71040137308854, 36.697754479356234, 74.69088165067319, 79.86290310090338, 15.467828413565817, 46.56273498225956, 60.074792507764755, 6.188553465543402, 53.158468717937694, 56.16608373939307, 76.09546046374726, 98.33679145533581, 7.2770033895772315, 89.92017197507207, 49.884846515189444, 33.36124343982681, 35.54143166633692], [32.76909652865175, 14.938356348714265, 80.49837670164139, 55.02318971336891, 29.316209874123178, 39.090115621114684, 0.0, 51.69724413032922, 36.018441748496144, 66.13184230881096, 42.168187568231666, 25.002292596586315, 60.20072819022223, 45.151867501214234, 41.20090704744006, 17.10634032102553, 19.599405911912477, 39.16926652731385, 81.72552329003565, 41.99984281881306, 79.45144132320404, 50.97010237555026, 58.34596444409697, 23.059060995767865], [77.52083599159965, 58.70330042058737, 59.94236592540235, 27.256714337847693, 26.12615353520621, 87.71040137308854, 51.69724413032922, 0.0, 85.17556506042115, 63.08821850811849, 11.988605121022713, 75.82427291505552, 85.34826766075065, 48.099118140674484, 91.22766018238035, 35.06193095590188, 32.24825154242698, 12.778870843785947, 59.496327696867596, 92.17783288405957, 67.62933260085168, 68.72949242153172, 93.70952062218868, 72.04935859744627], [42.52056278497171, 26.619263713166028, 115.00877131801494, 91.03622399230463, 65.17045260055541, 36.697754479356234, 36.018441748496144, 85.17556506042115, 0.0, 97.7803559546779, 74.16272016776254, 26.171324996673125, 79.5718880704188, 78.25830273581138, 32.97797618270053, 52.61236739497377, 54.64276545472787, 72.40264555485669, 116.45356638804164, 32.73708800788767, 112.22976815955386, 77.14774068492477, 69.34970233961998, 13.24617931076326], [62.14608789349104, 81.00849913464171, 24.13048536570462, 36.95847735803711, 49.15940083112522, 74.69088165067319, 66.13184230881096, 63.08821850811849, 97.7803559546779, 0.0, 66.7498774040516, 73.94003526016789, 39.20554433425971, 21.37040489578264, 80.75070979830109, 57.29448646444182, 58.091107827509056, 62.02871476310632, 26.558859306132238, 81.88351293329471, 15.22991796011147, 25.776595168240625, 56.242739365775094, 86.90043305209579], [70.67515196660783, 47.5592721544681, 67.55182204434098, 34.13178993174624, 21.73768876824826, 79.86290310090338, 42.168187568231666, 11.988605121022713, 74.16272016776254, 66.7498774040516, 0.0, 66.95226591889195, 83.52687460368733, 48.911348765547, 82.8357567177506, 26.739645489116704, 23.712398239527708, 5.048321051752854, 67.46381962919837, 83.71914375173107, 73.58081540262489, 67.8206109006465, 89.6937266658126, 61.186480537521035], [16.55736725276384, 28.587728071128737, 93.29943803519522, 74.14918621369443, 51.31193504859926, 15.467828413565817, 25.002292596586315, 75.82427291505552, 26.171324996673125, 73.94003526016789, 66.95226591889195, 0.0, 53.418172685979286, 56.11646045359525, 16.310970052595316, 40.766368785148835, 43.63385742765618, 63.62943660086344, 95.02011801218846, 17.046507651936423, 88.86991709462909, 51.669777538445494, 44.29051131873158, 21.16063563545168], [37.158176496441115, 73.5178731580681, 63.32329463355611, 66.01715295054927, 61.81983465606415, 46.56273498225956, 60.20072819022223, 85.34826766075065, 79.5718880704188, 39.20554433425971, 83.52687460368733, 53.418172685979286, 0.0, 38.73513352765562, 52.574643119455516, 62.02920302334376, 64.44727447816597, 78.52442108485639, 65.76228057038081, 53.543342600781926, 52.765599664744954, 17.224337435691556, 18.133982262984322, 72.82898854782219], [47.30830175743247, 59.91837100788621, 37.18953083068703, 27.398906737780077, 29.074890217518252, 60.074792507764755, 45.151867501214234, 48.099118140674484, 78.25830273581138, 21.37040489578264, 48.911348765547, 56.11646045359525, 38.73513352765562, 0.0, 65.71262995511088, 36.03495074655046, 37.0119559038103, 43.919677292549245, 38.91016508260319, 66.85532203547554, 34.33907985743181, 21.525978985399576, 51.13890719136483, 66.70313888168886], [18.660974799508093, 44.07789631558334, 102.2087330244808, 86.95158650396228, 66.0044918157918, 6.188553465543402, 41.20090704744006, 91.22766018238035, 32.97797618270053, 80.75070979830109, 82.8357567177506, 16.310970052595316, 52.574643119455516, 65.71262995511088, 0.0, 56.328290894828484, 59.27978538211473, 79.30339969589537, 104.16414510932047, 1.1448825854163347, 95.97625366617059, 56.04713321433752, 38.71123507696993, 33.94167544832327], [44.06161295724274, 28.036629055428282, 67.63280201402337, 39.1562017428566, 12.693089186278767, 53.158468717937694, 17.10634032102553, 35.06193095590188, 52.61236739497377, 57.29448646444182, 26.739645489116704, 40.766368785148835, 62.02920302334376, 36.03495074655046, 56.328290894828484, 0.0, 3.0409861339081847, 22.97984054112608, 68.52103354046524, 57.249092927735475, 68.79614397640438, 48.79020127465265, 65.06259175360731, 39.41036143273825], [47.10099324222108, 29.46762784626703, 67.35907246687869, 37.92070656652515, 11.410375572651292, 56.16608373939307, 19.599405911912477, 32.24825154242698, 54.64276545472787, 58.091107827509056, 23.712398239527708, 43.63385742765618, 64.44727447816597, 37.0119559038103, 59.27978538211473, 3.0409861339081847, 0.0, 20.02742261209902, 68.141985774318, 60.191753848444826, 69.10673171752846, 50.811278386775015, 67.89180105289061, 41.40366215302208], [66.53524942521591, 45.961776802592276, 63.80641179365441, 30.497978333592773, 16.791163133624494, 76.09546046374726, 39.16926652731385, 12.778870843785947, 72.40264555485669, 62.02871476310632, 5.048321051752854, 63.62943660086344, 78.52442108485639, 43.919677292549245, 79.30339969589537, 22.97984054112608, 20.02742261209902, 0.0, 63.85049272925715, 80.21827235301649, 69.3074255804767, 62.77598285445314, 84.9303125523156, 59.27071692017906], [85.55667556250515, 95.69059184472198, 2.508966906193774, 33.3676936011288, 57.04544885301507, 98.33679145533581, 81.72552329003565, 59.496327696867596, 116.45356638804164, 26.558859306132238, 67.46381962919837, 95.02011801218846, 65.76228057038081, 38.91016508260319, 104.16414510932047, 68.52103354046524, 68.141985774318, 63.85049272925715, 0.0, 105.30897542766382, 15.579713034925495, 51.64795704869186, 82.68030149558486, 104.32365360562488], [19.80255711331561, 44.55365070336901, 103.35326623105922, 88.04865662966242, 67.00737246953858, 7.2770033895772315, 41.99984281881306, 92.17783288405957, 32.73708800788767, 81.88351293329471, 83.71914375173107, 17.046507651936423, 53.543342600781926, 66.85532203547554, 1.1448825854163347, 57.249092927735475, 60.191753848444826, 80.21827235301649, 105.30897542766382, 0.0, 97.10970488373673, 57.15547705564613, 39.49477061203342, 34.15232778123194], [77.36273320345212, 94.13231482666998, 13.189092358565532, 40.37301444899829, 58.994011836556055, 89.92017197507207, 79.45144132320404, 67.62933260085168, 112.22976815955386, 15.22991796011147, 73.58081540262489, 88.86991709462909, 52.765599664744954, 34.33907985743181, 95.97625366617059, 68.79614397640438, 69.10673171752846, 69.3074255804767, 15.579713034925495, 97.10970488373673, 0.0, 40.78820941633463, 70.41211717232903, 100.95853473260503], [37.823778592175415, 65.5179607770424, 49.34858852574635, 48.79689140448141, 46.39335451082377, 49.884846515189444, 50.97010237555026, 68.72949242153172, 77.14774068492477, 25.776595168240625, 67.8206109006465, 51.669777538445494, 17.224337435691556, 21.525978985399576, 56.04713321433752, 48.79020127465265, 50.811278386775015, 62.77598285445314, 51.64795704869186, 57.15547705564613, 40.78820941633463, 0.0, 31.480658887208712, 68.00971095824696], [28.09271002638369, 69.3171682642466, 80.30322278035662, 78.25666594088914, 68.2845620786012, 33.36124343982681, 58.34596444409697, 93.70952062218868, 69.34970233961998, 56.242739365775094, 89.6937266658126, 44.29051131873158, 18.133982262984322, 51.13890719136483, 38.71123507696993, 65.06259175360731, 67.89180105289061, 84.9303125523156, 82.68030149558486, 39.49477061203342, 70.41211717232903, 31.480658887208712, 0.0, 65.27072629122358], [37.23024423226412, 13.945761165276284, 102.98244530411316, 78.03911204033841, 52.010967079619654, 35.54143166633692, 23.059060995767865, 72.04935859744627, 13.24617931076326, 86.90043305209579, 61.186480537521035, 21.16063563545168, 72.82898854782219, 66.70313888168886, 33.94167544832327, 39.41036143273825, 41.40366215302208, 59.27071692017906, 104.32365360562488, 34.15232778123194, 100.95853473260503, 68.00971095824696, 65.27072629122358, 0.0]]",Route_1,1298.2066311986493
