instance_id,num_cities,city_coordinates,distance_matrix,best_route,total_distance
1329,66,"[[58.80033455957353, 7.073265150934915], [78.66615932713898, 60.14025006127957], [92.53620564240221, 66.48127344953558], [33.00192202569253, 99.48204352575154], [71.06337612306288, 52.819898186998074], [78.46735503338516, 51.12640611016486], [95.90405335211328, 72.16743570513769], [76.7633310342788, 40.49784275880185], [4.150637004793034, 83.55094214285599], [33.373910270562114, 27.79082908566449], [61.81734677881349, 9.392136058897515], [96.85027993622106, 56.88115264840234], [91.04014965372016, 58.587637222502245], [37.003172767332615, 94.10368561218688], [17.90368689920676, 64.7241903214672], [36.51356654637251, 50.29190556104308], [19.565834691277594, 25.350021316662954], [13.107974272247136, 8.654206897117023], [35.70805083838241, 66.7154484885048], [46.67778802826169, 28.061368591021697], [93.1218221417459, 76.25743794686541], [76.43299811342949, 98.59402732005806], [94.70121664884398, 95.36195170864175], [24.86403288168182, 55.94295439826259], [48.292056307380726, 41.34044633760246], [93.63754186458374, 51.527990155641], [79.92561558539889, 28.95231956262263], [63.58433505911827, 76.89053833530689], [24.72681708897587, 39.692031406459364], [82.02719630604815, 75.34781209831706], [33.4389397668836, 10.72606647398684], [16.158063277241286, 81.06629922092539], [55.60109312765723, 74.70824893207877], [36.37547209534306, 85.04281644944285], [96.68884804151945, 61.35933854269925], [72.6504491684362, 70.76587431128866], [23.14190354124952, 50.02051517497019], [28.84944180172422, 84.35403955330776], [8.237732969070654, 91.04223421891004], [48.426763854190455, 88.3880137070136], [45.053262434579, 25.137011196191818], [8.481315361912845, 41.696154940124664], [50.30054852158566, 0.9522971287977966], [7.317939763249026, 14.142175430876037], [62.0244166210576, 41.81457666817049], [56.046283603315885, 45.806133167981564], [68.76366734035565, 84.74212732889839], [41.93784842238284, 84.08755858288683], [60.86562258346439, 75.08720992314841], [95.71786333788359, 63.8478662487842], [78.87289332968413, 40.07880549752443], [58.94622846084579, 93.669243785885], [81.50911560267636, 81.00924690121506], [56.193974403303635, 83.89181368552487], [70.2914604095297, 87.33008874146192], [5.906610917825084, 51.66743147100683], [10.37016025810573, 83.55263909795907], [13.571414445616037, 35.14422740273185], [31.005044768986835, 62.377836800420305], [23.20411420927121, 91.68416879718299], [7.483808018306027, 44.2475075545744], [89.49401832143052, 59.078901682797124], [46.583934591233515, 3.5945752501907346], [64.62873290216434, 3.0828192450031655], [97.92226591194735, 92.31427563470344], [3.3388361753735163, 98.92509979011226]]","[[0.0, 56.66353219814632, 68.31852199604323, 95.94238067712456, 47.36176329618749, 48.243869275702885, 74.9262102896944, 37.9456404691579, 93.996938891166, 32.79817841762614, 3.8051971064372623, 62.67873642732623, 60.7711790837782, 89.71850616154636, 70.68355510919422, 48.62664811985785, 43.28262695189366, 45.719702158168786, 63.95657589906051, 24.237504418062585, 77.22962045297375, 93.20386650789055, 95.30879030222083, 59.49721925185453, 35.8422044286538, 56.478788833121214, 30.413328005492733, 69.98098524371366, 47.16978381179698, 72.11727163072752, 25.62310097034256, 85.40100930901689, 67.71060608808108, 81.13029881758303, 66.20058321621964, 65.1810872595127, 55.8210532623272, 82.88168717649657, 98.01716403741993, 81.97377203665744, 22.699799849279202, 61.079850936040465, 10.474378846480525, 51.965435305696005, 34.89059230045813, 38.83065620737845, 78.30530091967015, 78.8387267245593, 68.04529445964161, 67.72192599828553, 38.629953522492, 86.59610153335518, 77.34480030255004, 76.86275113619953, 81.07529652206338, 69.18370957437808, 90.5238997292942, 53.23189022021064, 61.89647631227287, 91.79376841083469, 63.36647532051282, 60.38781709879108, 12.70203572707924, 7.063560417245883, 93.78995351866736, 107.29742461775771], [56.66353219814632, 0.0, 15.250795467711072, 60.27436670197359, 10.554139662306842, 9.016036042644368, 21.01899581160031, 19.73435887351143, 78.10648865946044, 55.65853808770541, 53.47198854622275, 18.473872313953738, 12.471016126581699, 53.75238974690558, 60.935134067828166, 43.28776926034032, 68.5799415876607, 83.3587923880466, 43.45839756927497, 45.302434092857425, 21.650171656337598, 38.51856687980702, 38.70001718663909, 53.96560108935823, 35.72140470787328, 17.27174906501294, 31.213350330516043, 22.539600274061552, 57.68519989772961, 15.574546949556469, 66.98703552740797, 65.91783980998733, 27.280466819431123, 49.07789766538972, 18.06387237612653, 12.210350503400834, 56.43892287017947, 55.38964656477979, 76.9096604085098, 41.38063785823791, 48.52889416168741, 72.56787834339205, 65.63399765906235, 84.8904665120956, 24.754351245918752, 26.779202468929743, 26.520024748089654, 43.84566577605445, 23.24372426000677, 17.450129726276817, 20.062509736631387, 38.8981888210237, 21.06175276395236, 32.69764318490898, 28.450358686929523, 73.25121527722912, 72.19753076970306, 69.72895352676095, 47.7136105879704, 63.80483726077263, 72.93494637167116, 10.879751411717427, 65.0129408952291, 58.758827013400676, 37.49620730693749, 84.72585308923502], [68.31852199604323, 15.250795467711072, 0.0, 68.0689485108893, 25.4502570051951, 20.82557342472262, 6.608694227518794, 30.39608928569179, 90.01878877597301, 70.69036482250361, 64.82914389291464, 10.524901729182066, 8.034156857194441, 62.02350678562884, 74.65319949655448, 58.314935684719295, 83.76428199872944, 98.24873314526113, 56.82863729123297, 59.82544237538216, 9.79368873117559, 35.92411799710496, 28.96171350876916, 68.48780281614536, 50.88817090691896, 14.993786137655686, 39.591026274041305, 30.766273835701547, 72.9093729587086, 13.749719445934614, 81.24733804161227, 77.75823819959462, 37.840265089811915, 59.148616814606754, 6.593834702569869, 20.342102032150375, 71.31988311179231, 66.14710618536866, 87.80360635515594, 49.249854046243115, 62.96012958174904, 87.63290865645536, 77.9608714039998, 100.00766981015452, 39.23538198344515, 41.94014587576604, 29.976530181555542, 53.57401449920989, 32.81901847832958, 4.130106436423288, 29.72837730707563, 43.21426035543935, 18.238934381068567, 40.29745255900321, 30.487731787593933, 87.88706728699792, 83.92073962493683, 84.95556899751502, 61.66783562574112, 73.77075868117736, 87.91046972618962, 8.00312510641234, 77.88676412058443, 69.2689759580096, 26.38851354521622, 94.91455413926317], [95.94238067712456, 60.27436670197359, 68.0689485108893, 0.0, 60.21652676484407, 66.3729859840935, 68.57671562418415, 73.44519629310417, 32.95749745701691, 71.69217951177706, 94.5860461753693, 76.75577314713705, 70.9985093723663, 6.703487252458894, 37.89544911074715, 49.31532540931545, 75.33979797999744, 92.98099302467541, 32.878152069205356, 72.71823787092599, 64.44986186377021, 43.44015357846207, 61.83670522898079, 44.29308661373277, 60.11849573917365, 77.30633627245535, 84.71289736280059, 38.02183706394177, 60.35994459025602, 54.64374296163344, 88.75705294183385, 24.957067452697927, 33.5330200409293, 14.828085467572842, 74.2250980502569, 48.9553273806084, 50.434737545750195, 15.687561830976879, 26.162863772300597, 19.000085343314268, 75.31546081472342, 62.77315565423072, 100.0367602618779, 89.12104146220611, 64.55882531697895, 58.413576788753495, 38.68032519823332, 17.800026607372104, 37.033683522867, 72.13240523426713, 75.05258620866991, 26.587509797213563, 51.90560705594789, 27.94506324839776, 39.21963383254726, 54.958102314198065, 27.675667401690202, 67.20788055205209, 37.157901925357194, 12.522135931620237, 60.84429395140711, 69.45337151405126, 96.84460561965852, 101.45474660234554, 65.31483711109998, 29.668313880098815], [47.36176329618749, 10.554139662306842, 25.4502570051951, 60.21652676484407, 0.0, 7.595183942393626, 31.486289924563724, 13.576543594208156, 73.63227362323202, 45.243233044579746, 44.40112140576639, 26.104754280960925, 20.79274619372939, 53.520543315645405, 54.47627675970292, 34.64217211005177, 58.36600816219844, 72.86588290004185, 37.98796314844045, 34.75113947029864, 32.18529649940349, 46.08799993717974, 48.66799587573598, 46.3047815677135, 25.50119253899063, 22.61110314175624, 25.459783928355108, 25.20578846982466, 48.160332113960784, 25.054186440605786, 56.45785046743717, 61.745060936620604, 26.798919638106415, 47.34519138396737, 27.010865455075372, 18.01601676023194, 48.00316739192863, 52.691729166888216, 73.53916242009537, 42.16049165577217, 37.9851055840787, 63.56297658963617, 55.86898110348248, 74.56169857441901, 14.24148484574769, 16.57425616697838, 32.004958582589204, 42.73128772311584, 24.491372954762905, 27.008513831707447, 14.94402897221068, 42.60861771197554, 30.06248250240959, 34.44652435661933, 34.51882248823394, 65.1669565926011, 68.03063880289926, 60.147776311304966, 41.18281317990431, 61.6517678659306, 64.15487013113096, 19.46442130156133, 54.9761355129953, 50.151586765151194, 47.761970339102014, 81.92864533232546], [48.243869275702885, 9.016036042644368, 20.82557342472262, 66.3729859840935, 7.595183942393626, 0.0, 27.326971560618617, 10.764295457830356, 81.08221207809117, 50.773693145606046, 44.93297309982297, 19.26263314561798, 14.620025112045335, 59.71871536116085, 62.07139142410165, 41.96208716900864, 64.29472071355772, 77.94700994568196, 45.5123756522823, 39.27559708181044, 29.091616789159094, 47.51119522179667, 47.12029029351152, 53.81928356185046, 31.72244728695777, 15.175501251657282, 22.221985466097593, 29.753903825700405, 54.94351957619055, 24.481604888761897, 60.49583146077957, 69.12919092999734, 32.847667259925736, 54.055984863584925, 20.89822273817324, 20.482800225179915, 55.33650312017556, 59.71610283413095, 80.78040077211392, 47.862976496422014, 42.33143314602094, 70.61852013478433, 57.53964025910528, 80.18773355209093, 18.896570884379802, 23.04364876167827, 34.98825900069142, 49.20205712745442, 29.731147044856524, 21.43398201039765, 11.055041411328059, 46.807770937781, 30.03725155709405, 39.61912944868867, 37.11538614871289, 72.56276107649751, 75.42339505777407, 66.83496944719572, 48.77771610286436, 68.54894529137918, 71.31607947847424, 13.595200958450853, 57.234844666445994, 49.99693691978592, 45.55144512815385, 89.044985615744], [74.9262102896944, 21.01899581160031, 6.608694227518794, 68.57671562418415, 31.486289924563724, 27.326971560618617, 0.0, 37.004464166300956, 92.45687443463719, 76.67660665978076, 71.43277826522976, 15.315540945037053, 14.424579231860811, 62.853104884700066, 78.35470036079033, 63.29114268290675, 89.55106877269374, 104.35095085632634, 60.44239309659588, 66.09516135095774, 4.946607811953573, 32.82509309186579, 23.225683817092186, 72.86918623201758, 56.72041551376146, 20.763520580906846, 46.07446946711194, 32.663004898411714, 78.23586675190029, 14.236641299099306, 87.61810468284655, 80.24096650024974, 40.38297085044989, 60.90506888391736, 10.836552356595249, 23.29580395418566, 76.05798139622256, 68.15302079530888, 89.6752014128643, 50.17170685540321, 69.26516993720901, 92.58095953900828, 84.56521516128988, 105.89820749509865, 45.48764488019026, 47.786609848404424, 29.91192775967284, 55.26699380225326, 35.15987360918069, 8.32165263998016, 36.32823420303469, 42.75755572334417, 16.89354486297187, 41.404726893770025, 29.764256488990856, 92.30270753511188, 86.28829424732548, 90.27392415482444, 65.63320471977552, 75.27405942261302, 92.7235793788359, 14.5738900760417, 84.46722030208471, 75.83422644618248, 20.24767495502179, 96.35503109989294], [37.9456404691579, 19.73435887351143, 30.39608928569179, 73.44519629310417, 13.576543594208156, 10.764295457830356, 37.004464166300956, 0.0, 84.4166612748512, 45.211835073353846, 34.510106268527935, 25.921002278614154, 23.044917305804177, 66.74171539175795, 63.650401600731335, 41.42423454339462, 59.169333969131, 71.17599025930804, 48.71240993999081, 32.55465846377088, 39.323642752512875, 58.09712368451765, 57.722077155808655, 54.148763811259464, 28.48374036824365, 20.159443016650478, 11.970762275467893, 38.70548057106986, 52.04275276650219, 35.245264087030044, 52.56768533846078, 72.93009076932117, 40.22675979689434, 60.12847770209446, 28.8483662335912, 30.546186853758257, 54.46043312659064, 64.95465170923434, 85.14982735312573, 55.645570470618814, 35.23469308639632, 68.29252972591613, 47.58286495671347, 74.27841926890149, 14.797614208660162, 21.38630405948996, 44.96166518641803, 55.79316772487427, 38.0678532993006, 30.074871434989124, 2.1507778370939827, 56.07715248918344, 40.788433860097825, 48.02223594337861, 47.277313514664414, 71.7316840570558, 79.13133774630876, 63.41829010253478, 50.72035982914225, 74.0852865298882, 69.3809216961072, 22.523901738824705, 47.672288831968274, 39.33360467038363, 55.97002091423794, 93.83443296300256], [93.996938891166, 78.10648865946044, 90.01878877597301, 32.95749745701691, 73.63227362323202, 81.08221207809117, 92.45687443463719, 84.4166612748512, 0.0, 62.95387127505815, 93.94135370516683, 96.45984382784746, 90.4043914913132, 34.50578938031193, 23.315080217370028, 46.40606342778502, 60.207769471474265, 75.43046361645433, 35.767362419531544, 69.9117396946846, 89.26963082779537, 73.83111904263592, 91.31761834846928, 34.51442823021023, 61.075288408424136, 95.04407185806335, 93.39623636180445, 59.80573085660201, 48.445673055907996, 78.30740597880587, 78.49373984509931, 12.261799873500642, 52.204814514283065, 32.25935035861384, 95.16190294558113, 69.68272544836469, 38.53514937440174, 24.711857960250285, 8.533686799383057, 44.539562976085804, 71.31067308398528, 42.078236498441186, 94.61686155842514, 69.48099526663229, 71.35333608254402, 64.17031042802067, 64.62400955753041, 37.79102147231986, 57.34304101001111, 93.66305642046379, 86.44791642829286, 55.72196040304007, 77.40022238779778, 52.04445370050313, 66.24870164516672, 31.931828903856545, 6.219523484814088, 49.314917413712365, 34.19736256215486, 20.71676541818787, 39.44451798971123, 88.78273198564992, 90.5185359511184, 100.66140713339739, 94.18022298651874, 15.395575466650625], [32.79817841762614, 55.65853808770541, 70.69036482250361, 71.69217951177706, 45.243233044579746, 50.773693145606046, 76.67660665978076, 45.211835073353846, 62.95387127505815, 0.0, 33.875374322538946, 69.82475514397575, 65.37460176561602, 66.41209593874905, 40.04248972446548, 22.719064331109045, 14.022142980602208, 27.87325726704732, 38.99454074413901, 13.306628236175097, 76.93390115853597, 82.86843745406692, 91.25182255793625, 29.410205249028827, 20.15299503423404, 64.77004020812377, 46.566192971376424, 57.64938173393039, 14.710908781293172, 68.03535018882864, 17.064886516713297, 55.98804431153592, 51.9162011592475, 57.33061512394769, 71.66328329142638, 58.219421329489855, 24.471471254049472, 56.74387714399164, 68.06296835035903, 62.43882754379699, 11.977062092249962, 28.513143783259505, 31.730393632616163, 29.41427112247284, 31.898542449422745, 28.95837864449794, 67.05136297681635, 56.94438329415496, 54.70595841606011, 72.01998620551782, 47.12909742094261, 70.6675949855331, 71.7579123662005, 60.56464150060006, 70.05589874253026, 36.39429454187295, 60.32041089451251, 21.12371434446262, 34.668034649012505, 64.69763219330174, 30.677673654652477, 64.25270433596229, 27.567434451239894, 39.84155729912088, 91.2675482883891, 77.21521964326156], [3.8051971064372623, 53.47198854622275, 64.82914389291464, 94.5860461753693, 44.40112140576639, 44.93297309982297, 71.43277826522976, 34.510106268527935, 93.94135370516683, 33.875374322538946, 0.0, 59.01282150727629, 57.22035951131283, 88.27111565847262, 70.64025589518867, 48.09441172714671, 45.16463633843628, 48.714961864208085, 62.9893441973115, 24.036357513149397, 73.83047320935661, 90.39134177841909, 92.04432682398252, 59.4350578029879, 34.69334247375185, 52.80108915314657, 26.655396786972688, 67.52152662263138, 47.89353871605152, 68.98252836574149, 28.40974049313108, 84.98209125959384, 65.61125216239716, 79.81424954832222, 62.582838976091146, 62.322482736626185, 56.09327142555837, 81.89120669573542, 97.66019427351588, 80.1227582928679, 22.99860032675024, 62.35608938334164, 14.278218490544003, 54.70601647975753, 32.42310184083874, 36.86847373618775, 75.66949552979001, 77.2955406277789, 65.7019673143308, 64.14570580705713, 35.10788158497283, 84.32599959218997, 74.27500471096084, 74.71160742043398, 78.39728994152756, 70.09430067201131, 90.25847999995985, 54.6885746320075, 61.293412682073566, 90.90082717813193, 64.55253950342474, 56.87506330407237, 16.299342263028986, 6.907341789187771, 90.44139769729111, 106.9387104695566], [62.67873642732623, 18.473872313953738, 10.524901729182066, 76.75577314713705, 26.104754280960925, 19.26263314561798, 15.315540945037053, 25.921002278614154, 96.45984382784746, 69.82475514397575, 59.01282150727629, 0.0, 6.055551461367894, 70.47831720979471, 79.3352241573254, 60.69544595657076, 83.46914232144753, 96.63649442325531, 61.92806757620686, 57.860685248001516, 19.731746742055517, 46.441676438351706, 38.54076243832852, 71.99236057356173, 50.98445483308616, 6.243239110498228, 32.6567601106009, 38.82007990890464, 74.14350802429145, 23.67997718635355, 78.43016028186574, 84.23867961972194, 44.936630651120986, 66.71043165378225, 4.481094638646537, 27.900130910898092, 74.02697547059896, 73.34080379900239, 94.96927384197647, 57.7712662446766, 60.75048591248768, 89.66414029775636, 72.76616229063818, 99.21018148581834, 37.945256191183475, 42.28028113940869, 39.56124008745766, 61.282653815202266, 40.32810541404888, 7.058148889187289, 24.607017271085667, 52.82121512979069, 28.59224117451163, 48.81097201703999, 40.40431417374373, 91.09299546640884, 90.49960933048295, 86.06894536671255, 66.07426526943318, 81.45555634414174, 90.2550568744616, 7.67754425343312, 73.2541111826302, 62.709558842741224, 35.44933509241736, 102.52845266311712], [60.7711790837782, 12.471016126581699, 8.034156857194441, 70.9985093723663, 20.79274619372939, 14.620025112045335, 14.424579231860811, 23.044917305804177, 90.4043914913132, 65.37460176561602, 57.22035951131283, 6.055551461367894, 0.0, 64.66362628432157, 73.39345657603778, 55.15403366174977, 78.82459521275415, 92.55685508782572, 55.92586588767365, 53.850461516585575, 17.791998706893732, 42.58967157373755, 36.95610392706833, 66.22894214969224, 46.09625883048993, 7.522304368057527, 31.65098608823818, 32.9972414634657, 68.95289692969867, 19.029892010077365, 74.8907827101743, 78.18322777510402, 38.93328716340838, 60.72975778389773, 6.292068156394053, 22.05653060953028, 68.43659405118686, 67.31709762166852, 88.93560071769666, 51.999645074925056, 56.865966778540624, 84.26911233256213, 70.58007883335347, 94.78822449447509, 33.51489704268873, 37.255033311612614, 34.3554801594042, 55.32885301177667, 34.39095787002023, 7.03924816439575, 22.14992050275441, 47.54722806434052, 24.36327545029003, 43.06457100743637, 35.449070857664694, 85.41433524496446, 84.4446475966956, 80.9382381740612, 60.15462934273123, 75.47918989426407, 84.77795436543056, 1.6223017187430266, 70.71486352085083, 61.468266231769285, 34.42164526543029, 96.5330579243223], [89.71850616154636, 53.75238974690558, 62.02350678562884, 6.703487252458894, 53.520543315645405, 59.71871536116085, 62.853104884700066, 66.74171539175795, 34.50578938031193, 66.41209593874905, 88.27111565847262, 70.47831720979471, 64.66362628432157, 0.0, 35.042047656553386, 43.81451569401863, 70.93043855243134, 88.72763900722656, 27.418841579357153, 66.74717835213026, 58.88795601258655, 39.68468590624286, 57.711762244124024, 40.04497626350618, 53.95737493918526, 70.85295764223406, 78.01946292813403, 31.667816911776672, 55.77936018049317, 48.7744347674383, 83.45376642211082, 24.586419698055792, 26.871278453788904, 9.082585431361588, 68.07769163200777, 42.60729692356709, 46.21104522032209, 12.709796494552478, 28.92789331114227, 12.773697140895624, 69.43490565740386, 59.66611786431425, 94.0957032936843, 85.29393981393174, 57.96734906951313, 51.91621752797777, 33.111444985298256, 11.165743346845318, 30.512994917890293, 66.05171832849165, 68.35028289168268, 21.947355942551745, 46.39227600385955, 21.73865671281774, 33.970453466457386, 52.6101874582772, 28.646848654992304, 63.44497624240873, 32.287877327436846, 14.009570967980933, 57.939894595161576, 63.10328324488828, 91.01477932537284, 95.12081626539965, 60.945368139258655, 34.007846048402065], [70.68355510919422, 60.935134067828166, 74.65319949655448, 37.89544911074715, 54.47627675970292, 62.07139142410165, 78.35470036079033, 63.650401600731335, 23.315080217370028, 40.04248972446548, 70.64025589518867, 79.3352241573254, 73.39345657603778, 35.042047656553386, 0.0, 23.55033893361122, 39.40923648209356, 56.27470036177255, 17.91537005943255, 46.6059158586494, 76.09719883250408, 67.62282254921375, 82.68332962855244, 11.205200602163972, 38.34387145282247, 76.8749405640961, 71.59850819355513, 47.273054061521, 25.945405865639202, 64.99758301896183, 56.18844597166297, 16.435076060405507, 38.997126338910455, 27.460033067362733, 78.85698348094006, 55.07912421595307, 15.60887492430789, 22.47533161603575, 28.036941701391786, 38.62168774176226, 48.00254371226093, 24.881147459696678, 71.52909201406656, 51.677831541372015, 49.714074354572176, 42.576408606115024, 54.657619894279435, 30.86391016299572, 44.194118307792024, 77.81911075507026, 65.76198845748502, 50.22256801376122, 65.65709122674978, 42.819900777241024, 57.05703687315013, 17.7315758967476, 20.27965746705691, 29.895531286229044, 13.309806643140142, 27.47607994384089, 22.97538711379214, 71.81256740263319, 67.52322893966517, 77.34913413972285, 84.64151342461844, 37.17306935255684], [48.62664811985785, 43.28776926034032, 58.314935684719295, 49.31532540931545, 34.64217211005177, 41.96208716900864, 63.29114268290675, 41.42423454339462, 46.40606342778502, 22.719064331109045, 48.09441172714671, 60.69544595657076, 55.15403366174977, 43.81451569401863, 23.55033893361122, 0.0, 30.15498639847573, 47.76525619873202, 16.44328488611679, 24.443980287759704, 62.279237901810504, 62.663035220611945, 73.60103045606306, 12.947817868868935, 14.793966448491615, 57.137347342002215, 48.37338041062267, 37.95146602347277, 15.851965015872693, 51.954681659167555, 39.68512255866142, 36.8972874134809, 30.99179721480459, 34.75118526972723, 61.1845779246995, 41.5338137187863, 13.374416782208769, 34.91371908302699, 49.59951663288105, 39.91538207213457, 26.564922668245742, 29.320539476715968, 51.22965774072809, 46.46705942647269, 26.882495730325942, 20.041187329820545, 47.189901261567435, 34.228190093010625, 34.75384513464809, 60.73642094118579, 43.573156627020104, 48.83459626168104, 54.480771781307254, 38.93934102406939, 50.12756853406091, 30.637849212646316, 42.30548531534788, 27.491716872578614, 13.282076121408375, 43.479431658238944, 29.652346070057444, 53.70418578782261, 47.77083807847426, 54.946887173061555, 74.4104021248321, 58.87062354103998], [43.28262695189366, 68.5799415876607, 83.76428199872944, 75.33979797999744, 58.36600816219844, 64.29472071355772, 89.55106877269374, 59.169333969131, 60.207769471474265, 14.022142980602208, 45.16463633843628, 83.46914232144753, 78.82459521275415, 70.93043855243134, 39.40923648209356, 30.15498639847573, 0.0, 17.901234044713178, 44.40348755727194, 27.24719100731258, 89.45416903517949, 92.72841361258753, 102.6985687296599, 31.048324569935108, 32.876883986895095, 78.5614654655991, 60.46717871903049, 67.77944577217133, 15.242342101041213, 80.00750450937205, 20.157457669047336, 55.82039528268611, 61.112801309642705, 62.01446363889789, 85.11539293986075, 69.86111935417303, 24.928327975067134, 59.72988807164674, 66.66177858880475, 69.33066938053159, 25.48831783938346, 19.75000387845851, 39.241197481448886, 16.60201010623649, 45.53913440559335, 41.82434297030252, 77.12229894093734, 62.853840634330375, 64.64874639478113, 85.33003885743375, 61.10862695058519, 78.85639842298974, 83.27616371291678, 69.0562239955432, 80.09130953162662, 29.650977577901415, 58.924571656283916, 11.483011231292346, 38.75454356202825, 66.43384829902928, 22.429675758656185, 77.63754398849423, 34.68828556955762, 50.26423264374848, 103.07250685808874, 75.34326548013019], [45.719702158168786, 83.3587923880466, 98.24873314526113, 92.98099302467541, 72.86588290004185, 77.94700994568196, 104.35095085632634, 71.17599025930804, 75.43046361645433, 27.87325726704732, 48.714961864208085, 96.63649442325531, 92.55685508782572, 88.72763900722656, 56.27470036177255, 47.76525619873202, 17.901234044713178, 0.0, 62.30466464020712, 38.7758987081778, 104.74928495817504, 109.99649968156803, 119.06170757983683, 48.72812898373551, 48.02405519545133, 91.23142302686944, 69.83273278652757, 84.87673371677823, 33.14127424636206, 95.90566271330333, 20.43626091168259, 72.47630066201043, 78.54171897289048, 79.8535918057883, 98.8108969790943, 86.0416500639776, 42.565845429331326, 77.3191985483351, 82.5318501932901, 87.20605968584694, 35.94696473050289, 33.364296832833034, 37.981666542845254, 7.977612314653931, 59.09677195429116, 56.77996155199738, 94.27050337472797, 80.75488957370752, 81.81770507215788, 99.35156669154563, 72.88710431775958, 96.58520613560424, 99.56891055595608, 86.70121615375689, 97.26173693081009, 43.61189198379601, 74.94845409826785, 26.49407411445409, 56.62626194931441, 83.64153642033591, 36.034903881433145, 91.52856149701456, 33.856163274667274, 51.82112436229375, 119.1321584104049, 90.79796342900211], [63.95657589906051, 43.45839756927497, 56.82863729123297, 32.878152069205356, 37.98796314844045, 45.5123756522823, 60.44239309659588, 48.71240993999081, 35.767362419531544, 38.99454074413901, 62.9893441973115, 61.92806757620686, 55.92586588767365, 27.418841579357153, 17.91537005943255, 16.44328488611679, 44.40348755727194, 62.30466464020712, 0.0, 40.1805055560035, 58.20129464280317, 51.718131432553896, 65.58060505272827, 15.28526592407042, 28.323981496288233, 59.8872676047857, 58.14849042261882, 29.675236736136437, 29.169377186516865, 47.11667367659554, 56.03534387707839, 24.251782004318553, 21.43870309635526, 18.339516556056253, 61.21556616810534, 37.16378268855627, 20.895665967769684, 18.925126490173746, 36.693471732912876, 25.12898215067618, 42.615718079700244, 36.976481368102924, 67.36269787793557, 59.74903720438017, 36.229884424605565, 29.169216293443355, 37.65149309576208, 18.45536743250991, 26.513954922408935, 60.078287460003786, 50.721931914388186, 35.5882000127322, 47.97968535334769, 26.73388459781325, 40.261341387546466, 33.38515594538232, 30.42202634074806, 38.558691259329635, 6.397901315695554, 27.924638315971567, 36.07514729806684, 54.3253821450275, 64.05099129422467, 69.89647598752957, 67.27487278680466, 45.664293434488755], [24.237504418062585, 45.302434092857425, 59.82544237538216, 72.71823787092599, 34.75113947029864, 39.27559708181044, 66.09516135095774, 32.55465846377088, 69.9117396946846, 13.306628236175097, 24.036357513149397, 57.860685248001516, 53.850461516585575, 66.74717835213026, 46.6059158586494, 24.443980287759704, 27.24719100731258, 38.7758987081778, 40.1805055560035, 0.0, 66.93212536658149, 76.5521291317177, 82.6777974092673, 35.40088615729099, 13.376836990735379, 52.4966742568043, 33.25976294117155, 51.67319566683274, 24.84184861687582, 59.03887198412817, 21.812377283933696, 61.16352074528533, 47.49270280211262, 57.905294348821315, 60.082118192957296, 49.98253630534013, 32.189159313056265, 59.04841008224944, 73.78500706913137, 60.351992737527006, 3.3452876673353966, 40.557094606700055, 27.35006671172762, 41.748551994940684, 20.607516628127993, 20.06602549663335, 60.831689735612024, 56.22633717815831, 49.11949106373315, 60.70916241377761, 34.36485988872141, 66.74509658568654, 63.37743445538975, 56.63564604182482, 63.79958237795181, 47.11194209183486, 66.31383669167619, 33.855558786413766, 37.72605030529714, 67.8149988471096, 42.40470685629418, 52.87075690414363, 24.466973348793516, 30.759784610711677, 82.18535500401246, 83.06583622142088], [77.22962045297375, 21.650171656337598, 9.79368873117559, 64.44986186377021, 32.18529649940349, 29.091616789159094, 4.946607811953573, 39.323642752512875, 89.26963082779537, 76.93390115853597, 73.83047320935661, 19.731746742055517, 17.791998706893732, 58.88795601258655, 76.09719883250408, 62.279237901810504, 89.45416903517949, 104.74928495817504, 58.20129464280317, 66.93212536658149, 0.0, 27.88261236460339, 19.169687871297054, 71.21659944505757, 56.8234476937589, 24.734824739452225, 49.11124202079397, 29.54427117493743, 77.5558229382785, 11.131852569023678, 88.63637569129308, 77.11384652127506, 37.55269753762319, 57.42239213949931, 15.319172289196027, 21.19514997767045, 74.73663843036087, 64.78035066396174, 86.16204962441729, 46.31197581188556, 70.17039591945063, 91.42481977569871, 86.62866562565549, 105.92739054962696, 46.40430285201532, 47.97788574594636, 25.793597252769413, 51.779435636931154, 32.27742002656303, 12.678205694098125, 38.88348516009994, 38.355471396108484, 12.547296182890793, 37.70874741373157, 25.373785930422763, 90.61545942782551, 83.07260381340663, 89.54643178746281, 63.64854561701557, 71.59937085798292, 91.42486044137996, 17.55742204125093, 86.28827610365113, 78.52630741718144, 16.759066111345273, 92.6002562765223], [93.20386650789055, 38.51856687980702, 35.92411799710496, 43.44015357846207, 46.08799993717974, 47.51119522179667, 32.82509309186579, 58.09712368451765, 73.83111904263592, 82.86843745406692, 90.39134177841909, 46.441676438351706, 42.58967157373755, 39.68468590624286, 67.62282254921375, 62.663035220611945, 92.72841361258753, 109.99649968156803, 51.718131432553896, 76.5521291317177, 27.88261236460339, 0.0, 18.551930390543557, 66.92138818384983, 63.79565142739766, 50.11195645799182, 69.72923229304585, 25.221609314126603, 78.3771285435947, 23.909863562007224, 97.82263335421356, 62.77172151394177, 31.693827073042183, 42.28759518759078, 42.38775182356422, 28.08404843324323, 72.10635785289692, 49.668622719644894, 68.61212551110738, 29.807916251442723, 79.87878960710701, 88.62730431490034, 101.078248878842, 109.12839492204212, 58.57911946207845, 56.58780696870757, 15.833311967870355, 37.421290563397754, 28.194212970441477, 39.739171303844095, 58.56606759555074, 18.167019726443424, 18.302772225637348, 25.015458550554104, 12.829450404082362, 84.71172698537379, 67.75353795298587, 89.31660433969846, 58.097430242821915, 53.67550862813049, 87.79256816720638, 41.617729431125, 99.57842380117849, 96.23789038177384, 22.388030546390873, 73.09491171351928], [95.30879030222083, 38.70001718663909, 28.96171350876916, 61.83670522898079, 48.66799587573598, 47.12029029351152, 23.225683817092186, 57.722077155808655, 91.31761834846928, 91.25182255793625, 92.04432682398252, 38.54076243832852, 36.95610392706833, 57.711762244124024, 82.68332962855244, 73.60103045606306, 102.6985687296599, 119.06170757983683, 65.58060505272827, 82.6777974092673, 19.169687871297054, 18.551930390543557, 0.0, 80.19407450356951, 71.21891045328393, 43.84686521835534, 68.03350372100246, 36.18637080279847, 89.41787640184378, 23.68958792362523, 104.48109703776878, 79.8335306848235, 44.21984958991456, 59.231554345786705, 34.06065737277945, 33.03336752151669, 84.71470450498961, 66.76548794501024, 86.57132301884685, 46.79701692090182, 86.00268383974354, 101.55731938530047, 104.32929697852077, 119.29999638673452, 62.730332645226945, 62.84889020491213, 28.027435380120938, 53.95447124154956, 39.445057741440564, 31.530479743599532, 57.50445264582244, 35.7950337398312, 19.494400870542957, 40.17924553331084, 25.697218183809255, 98.96308961286618, 85.15390147441693, 101.03573192745951, 71.72972987839185, 71.59163180427291, 101.09185313073209, 36.65480369063462, 103.61720038043256, 97.05561584440164, 4.434353144145698, 91.4318357577363], [59.49721925185453, 53.96560108935823, 68.48780281614536, 44.29308661373277, 46.3047815677135, 53.81928356185046, 72.86918623201758, 54.148763811259464, 34.51442823021023, 29.410205249028827, 59.4350578029879, 71.99236057356173, 66.22894214969224, 40.04497626350618, 11.205200602163972, 12.947817868868935, 31.048324569935108, 48.72812898373551, 15.28526592407042, 35.40088615729099, 71.21659944505757, 66.92138818384983, 80.19407450356951, 0.0, 27.606258770372, 68.9150741644012, 61.32105885150008, 44.02343777479794, 16.25150227699848, 60.367008829659405, 46.02277677027316, 26.58902709449633, 36.01254158630842, 31.294012273397268, 72.02875321664915, 50.03259473861983, 6.16773992794525, 28.68925310891138, 38.83803924906873, 40.09843094724765, 36.83220230326701, 21.710935680733442, 60.588684709496825, 45.33398841929773, 39.75556787346681, 32.78853312854243, 52.50305007419901, 32.918595380530014, 40.77520055937945, 71.29342832043288, 56.29056961193926, 50.841606647066286, 61.94339687417768, 41.984568250816025, 55.21597028103295, 19.43357774104417, 31.18280027266798, 23.66664901876039, 8.894927685463244, 35.77973919285344, 20.948882862220657, 64.70602122919867, 56.67545262018532, 66.14699733275741, 81.61114153097574, 48.07076986830322], [35.8422044286538, 35.72140470787328, 50.88817090691896, 60.11849573917365, 25.50119253899063, 31.72244728695777, 56.72041551376146, 28.48374036824365, 61.075288408424136, 20.15299503423404, 34.69334247375185, 50.98445483308616, 46.09625883048993, 53.95737493918526, 38.34387145282247, 14.793966448491615, 32.876883986895095, 48.02405519545133, 28.323981496288233, 13.376836990735379, 56.8234476937589, 63.79565142739766, 71.21891045328393, 27.606258770372, 0.0, 46.47579057383492, 33.97275022115315, 38.69964897083812, 23.622823099829997, 47.90157196494407, 34.02727325836354, 51.09537058646768, 34.158926640398086, 45.29792636175376, 52.37370996288962, 38.199307771321095, 26.605897451151307, 47.2036488011439, 63.8327230868963, 47.04776021770269, 16.52395522060016, 39.81233004029105, 40.43805926954445, 49.17950962431171, 13.740542906123181, 8.94820651438305, 47.98742305183348, 43.21679723390791, 36.01303404876904, 52.49562956621013, 30.606851040151703, 53.402382218952106, 51.73960539454141, 43.278853644389784, 50.980594242167456, 43.625366506386605, 56.744510021759126, 35.269194779322305, 27.22889210771571, 56.24851313417422, 40.91166255900621, 44.85815947896957, 37.78450031355023, 41.599675875166845, 71.14414226486399, 73.05329775911794], [56.478788833121214, 17.27174906501294, 14.993786137655686, 77.30633627245535, 22.61110314175624, 15.175501251657282, 20.763520580906846, 20.159443016650478, 95.04407185806335, 64.77004020812377, 52.80108915314657, 6.243239110498228, 7.522304368057527, 70.85295764223406, 76.8749405640961, 57.137347342002215, 78.5614654655991, 91.23142302686944, 59.8872676047857, 52.4966742568043, 24.734824739452225, 50.11195645799182, 43.84686521835534, 68.9150741644012, 46.47579057383492, 0.0, 26.41359167190775, 39.32498047625643, 69.9197962569393, 26.498755468312076, 72.72323336211583, 82.9191250834373, 44.54319060708897, 66.34898805378344, 10.293973017893473, 28.470234397047182, 70.51175436359316, 72.62952174435101, 94.09836790976637, 58.33245909879681, 55.289383955429194, 85.72192190962156, 66.6032710694943, 94.06791615405967, 33.07174155138256, 38.02423365503328, 41.495644855948456, 61.09814889328525, 40.36131228567666, 12.494282067516878, 18.683647280302768, 54.583628344082456, 31.878569963048545, 49.49179545844845, 42.7414293450144, 87.73104176211159, 89.21342376278105, 81.72522524786325, 63.565311803256215, 81.07642329535497, 86.46080778340954, 8.61307449425606, 67.16884859764025, 56.46632254697532, 41.01072961240309, 101.98206828089286], [30.413328005492733, 31.213350330516043, 39.591026274041305, 84.71289736280059, 25.459783928355108, 22.221985466097593, 46.07446946711194, 11.970762275467893, 93.39623636180445, 46.566192971376424, 26.655396786972688, 32.6567601106009, 31.65098608823818, 78.01946292813403, 71.59850819355513, 48.37338041062267, 60.46717871903049, 69.83273278652757, 58.14849042261882, 33.25976294117155, 49.11124202079397, 69.72923229304585, 68.03350372100246, 61.32105885150008, 33.97275022115315, 26.41359167190775, 0.0, 50.6469176587908, 56.23387560836758, 46.44306588883945, 49.932027099915935, 82.35391674474026, 51.81975940951325, 71.0123851100274, 36.48589921535414, 42.441741329900594, 60.56615242751528, 75.35334170630003, 94.83833621504286, 67.26648049965334, 35.08044458393387, 72.5719875334311, 40.76329052996244, 74.10273245635085, 22.04292589948417, 29.227958001795372, 56.89544568085416, 66.95494780711269, 49.917045603796765, 38.302666586047756, 11.176176153195005, 68.0324552330823, 52.08100571456171, 59.845958992033275, 59.16739710558988, 77.42602508839472, 88.42599311937592, 66.64247693175251, 59.249366676935004, 84.57312591331636, 74.03889693463064, 31.609575782704123, 41.888935151557156, 30.053713023650744, 65.86817820659954, 103.73873313842063], [69.98098524371366, 22.539600274061552, 30.766273835701547, 38.02183706394177, 25.20578846982466, 29.753903825700405, 32.663004898411714, 38.70548057106986, 59.80573085660201, 57.64938173393039, 67.52152662263138, 38.82007990890464, 32.9972414634657, 31.667816911776672, 47.273054061521, 37.95146602347277, 67.77944577217133, 84.87673371677823, 29.675236736136437, 51.67319566683274, 29.54427117493743, 25.221609314126603, 36.18637080279847, 44.02343777479794, 38.69964897083812, 39.32498047625643, 50.6469176587908, 0.0, 53.79252383496666, 18.50727249531397, 72.70819894628455, 47.60974935979312, 8.276142747420412, 28.40390575663351, 36.566746461776766, 10.94102072250468, 48.555003982231675, 35.5276886390553, 57.127198944951374, 19.02482338302932, 54.97115811000409, 65.38338781615471, 77.09134492478833, 84.28086548426737, 35.110631330237055, 31.985347651022423, 9.406005135218402, 22.811564702107592, 3.262421016265993, 34.67960401732938, 39.860302162838146, 17.407957646266215, 18.391887281777368, 10.180141804149036, 12.408454502829251, 62.95176710789789, 53.62958126187868, 65.14634836099188, 35.6655108143617, 43.00481063933396, 64.90636789105329, 31.441470814743585, 75.2416893792475, 73.81510796691788, 37.64286343431471, 64.14859339266049], [47.16978381179698, 57.68519989772961, 72.9093729587086, 60.35994459025602, 48.160332113960784, 54.94351957619055, 78.23586675190029, 52.04275276650219, 48.445673055907996, 14.710908781293172, 47.89353871605152, 74.14350802429145, 68.95289692969867, 55.77936018049317, 25.945405865639202, 15.851965015872693, 15.242342101041213, 33.14127424636206, 29.169377186516865, 24.84184861687582, 77.5558229382785, 78.3771285435947, 89.41787640184378, 16.25150227699848, 23.622823099829997, 69.9197962569393, 56.23387560836758, 53.79252383496666, 0.0, 67.48828161367085, 30.247780183414157, 42.25226123024986, 46.683577526943985, 46.822909643381394, 75.15321747836877, 57.11618181007453, 10.44937930741143, 44.85187851396322, 53.93267306552798, 54.15705096190058, 25.000259872831077, 16.368654113952037, 46.41963756096207, 30.91705273979487, 37.35794599872369, 31.91067569157874, 62.99805808660617, 47.61493917703168, 50.584898189052026, 74.98821910436484, 54.14745761771378, 63.9101523303683, 70.22351259185966, 54.25682208682558, 65.9205675611359, 22.307181960762897, 46.150476730224725, 12.046805775465941, 23.538519689537043, 52.014430444980775, 17.8346215195963, 67.60651665776624, 42.199051250724025, 54.15161401699208, 90.14806884239509, 62.976202788856035], [72.11727163072752, 15.574546949556469, 13.749719445934614, 54.64374296163344, 25.054186440605786, 24.481604888761897, 14.236641299099306, 35.245264087030044, 78.30740597880587, 68.03535018882864, 68.98252836574149, 23.67997718635355, 19.029892010077365, 48.7744347674383, 64.99758301896183, 51.954681659167555, 80.00750450937205, 95.90566271330333, 47.11667367659554, 59.03887198412817, 11.131852569023678, 23.909863562007224, 23.68958792362523, 60.367008829659405, 47.90157196494407, 26.498755468312076, 46.44306588883945, 18.50727249531397, 67.48828161367085, 0.0, 80.85040928190351, 66.1168948222623, 26.433841382564353, 46.669830005889516, 20.264289378817786, 10.436356680705812, 64.10108948714851, 53.93501373962162, 75.44004099454418, 36.04214087630345, 62.35540323953198, 80.87911122991798, 80.87813565617907, 96.57951632227496, 39.04598665086988, 39.341055131885106, 16.253441459435486, 41.03095151