instance_id,num_cities,city_coordinates,distance_matrix,best_route,total_distance
1340,82,"[[91.58799879656937, 71.53002302055054], [23.265183049358683, 39.29156922720662], [78.04710514548793, 38.51575004803339], [36.39545899441959, 96.94589675241649], [73.56759295245926, 14.211824819091534], [18.58236140373455, 83.59892785481794], [42.78211559838581, 81.38753488708375], [37.897082713978904, 60.63934847220649], [61.558810611361295, 85.2880220050096], [92.37173826355067, 83.46775562169277], [20.98820081861954, 31.691482158162753], [6.116258633859362, 69.33031924116193], [26.415077208864133, 46.60028618548806], [79.94988658562279, 7.846982311507922], [39.2403588944851, 31.04291774944081], [11.797859779384524, 24.991494972727622], [62.39836850255862, 29.61051620727644], [17.599912338367318, 13.30829531868628], [18.062304039887177, 36.76316182139635], [21.273013563820896, 82.4248101596964], [98.27860139652546, 68.15106653671214], [26.094594705572838, 57.59216162156313], [73.1036786937975, 98.70428090255817], [93.80962766228065, 49.3811707066291], [6.054914303694114, 76.27565364930672], [96.88361290301538, 0.5732105946582244], [96.40147426256725, 3.625870165423206], [73.98982395311297, 59.58952492404342], [2.1340017500849684, 72.25472892699257], [70.089304188294, 82.70791503399879], [38.00495950691196, 75.26901264375186], [99.35881759664692, 98.53587798068786], [26.695179892680322, 98.8847028125225], [10.40903055570972, 98.55039326073414], [83.46362632388697, 0.26484558720437645], [46.20139522965568, 15.944401400866715], [86.83690643890239, 61.126480423233176], [63.27503038676365, 26.993797425507317], [54.59558172483759, 68.60701352322901], [42.09715177403819, 8.832892265886693], [11.184575578998302, 19.068912778130485], [78.11697374562083, 68.07576145339269], [25.789309239785617, 21.509214530019715], [49.319933319077926, 50.701607706449344], [7.3111550522028, 11.910470697010012], [52.12319333141336, 29.044195791173532], [27.777283675398255, 40.95809605390988], [14.071126245852062, 86.22634218689592], [69.78014348234697, 62.82967733182665], [15.057417538674922, 86.51270252110062], [21.03760220316793, 79.70211014705278], [74.11115326484244, 25.72004529895966], [13.565663684561146, 87.04504036204406], [23.059716194180492, 84.09032074205115], [18.179964258894486, 70.55789290383967], [97.03334305655832, 56.72060994001081], [24.855095285265428, 71.43203366309459], [29.35195902060578, 97.1020423631658], [34.26014745228776, 26.866619052211448], [12.035068817458438, 38.59550279617719], [66.86221520254976, 31.37103462421057], [84.0960410327362, 55.39404693612444], [99.08779985452983, 93.0117118603515], [18.064324943064193, 45.020484421166586], [10.09045296149239, 45.77295242165024], [20.251845163686667, 5.220393592669204], [90.55378357606752, 80.74109600493799], [16.191567654809337, 48.471470606596654], [50.140575064839496, 50.841757777215044], [87.9482015814994, 42.94507550997735], [17.20280130951226, 11.172267399282564], [25.21608885502372, 39.88387254497344], [2.5037230606241856, 65.50910677956693], [18.75674332355026, 24.611245350300848], [97.72015036492844, 10.208406572715155], [32.92829680636061, 9.896874242465902], [86.20454959200548, 10.615574862112409], [19.63539578163371, 46.94079448597781], [34.39177803032282, 9.179559122992664], [93.95863641417696, 99.40920770125645], [14.52054251361069, 15.806990772653462], [26.264180601249564, 4.737364854637304]]","[[0.0, 75.54684013651975, 35.68330170785453, 60.76333670369033, 60.0841981876115, 73.99649691054762, 49.791412662763236, 54.78431583862045, 33.030814085017894, 11.963432083164017, 81.06442384037199, 85.50004130501266, 69.7782307524535, 64.73774269917173, 66.17764801314871, 92.37045456876179, 51.081107742189424, 94.14885296346637, 81.33118975580066, 71.15401278275831, 7.4954326139465, 66.9600624238355, 32.865032802350726, 22.259993118616748, 85.66463420181006, 71.15414786509398, 68.07454385476454, 21.266669993526296, 89.45693257787947, 24.230954164543306, 53.71333300884778, 28.10163388402197, 70.42269841332592, 85.55773075863512, 71.72677981536039, 71.76144587581025, 11.437070305164632, 52.77404258181516, 37.107720292822954, 79.8766182551252, 96.00457568767854, 13.906848632872473, 82.6531840247934, 47.12125044718348, 103.23312167503106, 57.98720881166018, 70.7562723914203, 78.89770165906762, 23.47932214756964, 77.98339921218738, 71.0221195648889, 49.0305434254251, 79.54998767716658, 69.6698399257929, 73.41447113238836, 15.778798747048397, 66.73297545414242, 67.28486323278372, 72.67256837205562, 86.1008204994063, 47.16045720045193, 17.790423135277905, 22.753240897046155, 78.15680554928552, 85.4709112094706, 97.39514243532471, 9.268951755513127, 78.84363429181344, 46.3237871160829, 28.81574826286931, 95.792568964535, 73.53032890727143, 89.28751097314144, 86.6358094083878, 61.627460816041776, 85.08587230487572, 61.151872577911845, 76.03819593171823, 84.61080320019353, 27.97979380150831, 95.10230880912368, 93.42622976703989], [75.54684013651975, 0.0, 54.78741537931085, 59.13058116387507, 56.207882202018, 44.554133894853, 46.40022608738914, 25.880884190629203, 59.85044344027891, 82.01982332297814, 7.933849729869456, 34.58919066716376, 7.958591382421717, 64.82220037373834, 17.979057107767318, 18.330074376873217, 40.312888649776, 26.593717589573867, 5.784703449352906, 43.17922200085731, 80.37340055692812, 18.518025064911747, 77.54834593154906, 71.26232331154506, 40.79235039611012, 83.17923123783007, 81.36927664658785, 54.63511874504871, 39.15477902499729, 63.855128248627366, 38.879781954241416, 96.43717819541419, 59.69176198490459, 60.63735550612786, 71.74216145858522, 32.72858192300555, 67.21701690535681, 41.8571747165181, 42.906749532417884, 35.81025060344243, 23.55624992884665, 61.94552982016201, 17.96060554663357, 28.44361070109128, 31.689991575485923, 30.62341293482309, 4.810027414020457, 47.826808311695736, 52.13141161744275, 47.929143996508785, 40.47189066328477, 52.62602919553062, 48.728581770187354, 44.799222693227186, 31.67715969588932, 75.79916154560283, 32.17976499405278, 58.130023618846124, 16.591221446077746, 11.251665393973218, 44.310676828092284, 62.92601267647616, 92.92428608124602, 7.737531540575097, 14.682705506865739, 34.20416954601767, 79.03049431036649, 11.589073478295516, 29.25224011125499, 64.78611729828779, 28.765389057850697, 2.038837090798363, 33.4424505108888, 15.357015917556943, 79.93355057765274, 30.94226657384202, 69.16412736105735, 8.466758687264063, 32.10193558629604, 92.79921769250156, 25.059811716920567, 34.684103363609324], [35.68330170785453, 54.78741537931085, 0.0, 71.75612636555528, 24.713292193099022, 74.62270880523266, 55.51224570347564, 45.841879417021644, 49.59343989542823, 47.179210665942726, 57.46554789798354, 78.25333446210183, 52.26113310488121, 30.727738147899316, 39.519701126812826, 67.61558982157966, 18.005170043027125, 65.49258654377073, 60.010398508680375, 71.77257857157672, 35.88266188481423, 55.34413084991205, 60.3911973015054, 19.144567954922245, 81.29382425608182, 42.360952830057094, 39.42317318416874, 21.46079025103109, 83.07296770259262, 44.902940240268265, 54.35232965357389, 63.69148172756773, 79.25547731892767, 90.43819723926764, 38.63250436805145, 39.033511497113466, 24.25913714206861, 18.7341822589905, 38.15046642287554, 46.620501858351524, 69.63316264418688, 29.560093976614084, 54.95543179020158, 31.204895898164114, 75.5739076993225, 27.59999173522621, 50.32911686734738, 79.80743372899259, 25.680921227662935, 79.19222304939903, 70.33064541106167, 13.38737379892803, 80.70283954893073, 71.41886611831912, 67.90267650635818, 26.303880962745684, 62.55295068977286, 76.18117158036996, 45.310042120747596, 66.01208450483837, 13.272103131118712, 17.929487756502805, 58.41678429774047, 60.33444696089704, 68.34305789433317, 66.69987134810502, 44.03858361194424, 62.651607242759106, 30.50745626370678, 10.846687728658189, 66.70603685309945, 52.84872790758476, 80.22121841791946, 60.89895118855127, 34.472226543056266, 53.429831726455966, 29.068258897001392, 59.016177143125034, 52.59657482690781, 62.93798544821195, 67.46341162177448, 61.825970114731916], [60.76333670369033, 59.13058116387507, 71.75612636555528, 0.0, 90.70112569126711, 22.25866178656597, 16.818204616118376, 36.33758827740722, 27.732657792286517, 57.576072540209445, 67.0486556802932, 40.981094369905, 51.32532049527078, 99.17461730375221, 65.96435474487753, 76.04260531186702, 72.18174821966625, 85.72351455515195, 62.91316360162099, 20.96545519741249, 68.25441788419673, 40.679531386762555, 36.750310315931564, 74.55729292049439, 36.71249926212552, 113.7827377088974, 110.9475066441707, 52.99844141884832, 42.23151928463643, 36.578618445244345, 21.736554385647008, 62.98343089082182, 9.892137463174652, 26.035915041445975, 107.52970766334809, 81.59288348034194, 61.86574340018783, 74.93869199871244, 33.67991642032089, 88.29728682239548, 81.85605216181125, 50.736274058297205, 76.17862848161941, 48.01641704600323, 89.87168864680217, 69.6993731736887, 56.647213284371595, 24.764585252976424, 47.733149758970335, 23.75212737915155, 23.091382412318143, 80.59525736400316, 24.884262318839458, 18.52317118077814, 32.06448183851483, 72.76693399253315, 28.00244996924778, 7.045230537950583, 70.11180156267856, 63.23129829777428, 72.30688609654584, 63.26058607023699, 62.815662165459976, 55.06613225367368, 57.53801850839181, 93.13530049033311, 56.53069687131594, 52.516351886144186, 48.10945693347623, 74.65771201361302, 87.89467333928052, 58.14682212610103, 46.226848566641145, 74.45418782031916, 106.2266914403435, 87.1180436739496, 99.6688014568352, 52.73907442848774, 87.78920638830208, 57.61585975657345, 84.03590919740911, 92.7634419188059], [60.0841981876115, 56.207882202018, 24.713292193099022, 90.70112569126711, 0.0, 88.53217356507963, 73.89398919436627, 58.548272845866954, 72.08353945060809, 71.76335995628502, 55.40876192314202, 87.10758249839871, 57.204651652051396, 9.013594852569254, 38.23146200841651, 62.7032792196233, 19.022914374007428, 55.974973326292044, 59.91160069518774, 85.95193076663361, 59.33022615324008, 64.30815798671856, 84.49372965762565, 40.5786010028792, 91.70540129892939, 27.012008150036625, 25.168404232561524, 45.37966445262529, 92.04203751192671, 68.58434856040869, 70.65890660517051, 88.18011799859805, 96.7807799810323, 105.36601981098907, 17.101160960095736, 27.420988301213647, 48.75509810119061, 16.410839950469388, 57.608799364157285, 31.926816054476646, 62.57181602014899, 54.05571695339169, 48.33235242693962, 43.811565286609216, 66.29639352201416, 26.074153941414366, 53.02938288020492, 93.41263438255137, 48.76515514625908, 93.00998625649123, 83.95461512304377, 11.5210501442557, 94.36582433379168, 86.22093601373486, 79.01056132509927, 48.55551709542916, 75.14692095573636, 93.94578462336472, 41.29429850271776, 66.1877275491059, 18.422827467711752, 42.506748140450846, 82.82936169040433, 63.480597557043126, 70.89042302721715, 54.0686119460773, 68.66348808807673, 66.82612968324503, 43.48076765218709, 32.13100682840353, 56.44668853228809, 54.744150216477784, 87.6440798944012, 55.788683300718006, 24.482103406734463, 40.86772797365949, 13.138709482397557, 63.08618982890602, 39.49769832344187, 87.60358841638777, 59.06859334661128, 48.2429084082482], [73.99649691054762, 44.554133894853, 74.62270880523266, 22.25866178656597, 88.53217356507963, 0.0, 24.300583571990312, 30.003345558768014, 43.00962945136744, 73.78949344937061, 51.963169476480374, 18.94721378036329, 37.8186583878831, 97.49015540323185, 56.470231613872095, 58.998819067160404, 69.53122370783213, 70.29749802443564, 46.838653264148185, 2.9356705211203185, 81.17959773423341, 27.07001180443797, 56.57513349291005, 82.64379282793486, 14.510936425104259, 114.12429939726951, 111.58630866879233, 60.385746126491284, 19.98097556702079, 51.51464897345942, 21.13349958007667, 82.14589675783091, 17.305280693827772, 17.03964949567869, 105.61319900951958, 73.07493400055701, 71.85884643885605, 72.12194847441297, 39.00909551914797, 78.37668941620754, 64.95267570243877, 61.52510675996439, 62.50658043652034, 45.02257211882907, 72.5691048744965, 64.04066049734988, 43.62094831907337, 5.220588924836333, 55.25011001849554, 4.57332614818714, 4.605800216113854, 80.20855173526748, 6.086291762479013, 4.504239435149137, 13.047241702935233, 82.92768232756258, 13.688699887903782, 17.27189434471137, 58.8587108035719, 45.4771954634298, 71.12451837547088, 71.32711634553262, 81.05384705792574, 38.58192140806393, 38.76747253126041, 78.39631247136289, 72.02813903184206, 35.20872260499541, 45.48574547012453, 80.40121574978401, 72.43979797593988, 44.215522168586354, 24.202566754440205, 58.987940261613396, 107.93033982956435, 75.0852753158323, 99.49537752794241, 36.673254879935435, 76.08009001385591, 77.01654227029765, 67.91351195489977, 79.2348185144307], [49.791412662763236, 46.40022608738914, 55.51224570347564, 16.818204616118376, 73.89398919436627, 24.300583571990312, 0.0, 21.315505759616258, 19.177540910330606, 49.63323477648953, 54.26483555916676, 38.597428879076574, 38.445189788460496, 82.39936937429027, 50.46904511961244, 64.34700790774163, 55.368375823836324, 72.58736957102208, 51.01376044748445, 21.53409878133975, 57.05316845130957, 29.06360511694175, 34.91800224974908, 60.2346605824489, 37.081243840113295, 97.25187412818407, 94.45587395097286, 38.06670854043613, 41.66146065765221, 27.339092018887154, 7.762572689801539, 59.11843096578259, 23.76847462102911, 36.64123828058107, 90.75172744446151, 65.53239804624609, 48.49056530902463, 58.126054670540114, 17.404014141937797, 72.55787580497577, 69.87141902691911, 37.7591778543329, 62.24282060385817, 31.374658364421965, 78.0080219627475, 53.170300741334025, 43.124059472670865, 29.11588854364609, 32.76106815511908, 28.194436078398706, 21.809734508909507, 63.87783651745073, 29.759173890281883, 19.906734780892876, 26.880234299880595, 59.59574537719031, 20.50585433304061, 20.671595267891803, 55.182915875806515, 52.692873296279, 55.51127358917691, 48.81087840483646, 57.49305670999267, 43.97194030823373, 48.34400986835512, 79.42950647476029, 47.7760415333691, 42.314590009319446, 31.419602558995248, 59.31102769295509, 74.72941260221735, 45.06794074901156, 43.295188931237966, 61.65034928132232, 89.91471498927856, 72.16655945928127, 83.03118751232212, 41.50118748344929, 72.69380667191405, 54.256953230256094, 71.41095349854126, 78.40976178112372], [54.78431583862045, 25.880884190629203, 45.841879417021644, 36.33758827740722, 58.548272845866954, 30.003345558768014, 21.315505759616258, 0.0, 34.167740253292614, 59.06457711883838, 33.52445750622909, 32.94774274693707, 18.13647485896434, 67.49423855642954, 29.626898292338733, 44.18075256160724, 39.53607766355715, 51.49955065704904, 31.040147132939435, 27.40375915903375, 60.846969576892974, 12.189506589329316, 51.85020232760348, 57.03471968193763, 35.47418397455183, 84.18641020536955, 81.69027199800833, 36.108006032421216, 37.60206142140959, 39.030254336137894, 14.630061899207803, 72.20589867576311, 39.85209850728248, 46.82777304563475, 75.6398737119833, 45.45987131600671, 48.94224804567415, 42.14336642128439, 18.501987881871887, 51.97643201265934, 49.413147655575415, 40.90158765407408, 40.96053662778182, 15.140680548568568, 57.5326211827815, 34.65019330735783, 22.130567758961003, 34.96241480471038, 31.958208718148395, 34.512037828262464, 25.448594573500586, 50.30722254277261, 35.90652470187203, 27.75059541061881, 22.07130000281162, 59.265958179962354, 16.92854068490062, 37.45059658698173, 33.96799303129244, 33.98197897375039, 41.177822861162205, 46.495773334171986, 69.22625062437676, 25.244547828088436, 31.531228801362353, 58.16025247663934, 56.363183014705264, 24.8834610883662, 15.681067832649818, 53.08673841509327, 53.62131472392749, 24.322775051724868, 35.72680301291768, 40.79677446249227, 78.24371747328955, 50.98516965110182, 69.54127754338124, 22.828482011045082, 51.57903722240967, 68.16157119609656, 50.56088338468883, 57.099528754126474], [33.030814085017894, 59.85044344027891, 49.59343989542823, 27.732657792286517, 72.08353945060809, 43.00962945136744, 19.177540910330606, 34.167740253292614, 0.0, 30.866646727581045, 67.2202608036413, 57.6933691794587, 52.26684322117497, 79.59488868200997, 58.65700830025395, 78.17815167843968, 55.68383526041719, 84.34136465112026, 65.16600447903419, 40.38741667681602, 40.52182471247608, 44.9974587303743, 17.6997169990626, 48.26403599592433, 56.23082151908458, 91.78475325039474, 88.78467352748858, 28.547203802180615, 60.83727999061687, 8.912141866462212, 25.596180387541015, 40.054290856785315, 37.42115011420608, 52.84118177204405, 87.79955284380975, 71.02385462432716, 34.96801710526723, 58.319482419196156, 18.07602280634083, 78.89323816479123, 83.2017666993742, 23.88377440182977, 73.12450691322971, 36.68801127626329, 91.25279814681416, 57.029806773527156, 55.734494677490176, 47.496953704021536, 23.91584327668657, 46.51751713136651, 40.90440981294197, 60.8761460257046, 48.02529818173316, 38.51772006827889, 45.811581660187805, 45.54711279869203, 39.23201666586067, 34.3052819025275, 64.48470619647554, 68.06461893918413, 54.1771873437435, 37.43763481425173, 38.31553756109095, 59.27263168289317, 64.88784603723991, 90.09489726988983, 29.34932696458595, 58.42640833005906, 36.28940922978621, 49.893136538565805, 86.37476854939796, 58.15780440188465, 62.27928109026687, 74.25421327652533, 83.33421353942295, 80.64447582873878, 78.63451412840813, 56.81621748569515, 80.8117923419754, 35.34340953446182, 83.90597336749934, 87.94384159739386], [11.963432083164017, 82.01982332297814, 47.179210665942726, 57.576072540209445, 71.76335995628502, 73.78949344937061, 49.63323477648953, 59.06457711883838, 30.866646727581045, 0.0, 88.18385289792076, 87.40637776250455, 75.56117680470767, 76.63422052281086, 74.64118902852144, 99.55713411638004, 61.63607005780717, 102.53377893257941, 87.7679388882504, 71.10637375907073, 16.416211395984817, 71.14918216722064, 24.564401523709197, 34.11689899587632, 86.61593634717612, 83.01724283545741, 79.94351409235048, 30.134111484602265, 90.9317384565462, 22.295385756628363, 54.981506152447636, 16.609262145942193, 67.4617860727625, 83.33889495878618, 83.67842431915618, 81.79916833989626, 23.016666587941124, 63.52894114977505, 40.594084033937854, 89.98831521276145, 103.62705411405751, 20.97884162528083, 90.95097948297891, 54.102480148146064, 111.15641161015799, 67.68950608314691, 77.32732195097462, 78.34919043732287, 30.59919002615516, 77.37425857977034, 71.4334589203258, 60.56605494840608, 78.88722556068764, 69.3148179733161, 75.30659921515371, 27.15032893655821, 68.58101546435365, 64.47779734744523, 81.12117878564594, 92.01901722648248, 58.00693152968221, 29.26807619264145, 11.670157838660897, 83.66471381142962, 90.50474075565683, 106.41394948613124, 3.277137762039205, 83.83411214317701, 53.36597118449211, 40.76340614097244, 104.29288901989844, 80.0589539747187, 91.64482104706308, 94.251028012127, 73.45432414151057, 94.58433971430289, 73.11275167532, 81.39284002574641, 94.2359375592781, 16.020241575753037, 103.1444995123466, 102.80410308157802], [81.06442384037199, 7.933849729869456, 57.46554789798354, 67.0486556802932, 55.40876192314202, 51.963169476480374, 54.26483555916676, 33.52445750622909, 67.2202608036413, 88.18385289792076, 0.0, 40.47044256376996, 15.865794177417829, 63.60063334137449, 18.26367734654347, 11.373310718627286, 41.46242162369078, 18.692834381134148, 5.85515213860867, 50.734127452938694, 85.4582197014993, 26.3992510347268, 84.89250985637665, 74.93921062093213, 47.01862815617431, 82.02719305547565, 80.46639291069678, 59.89551606804783, 44.73094913977248, 70.80674244374005, 46.78216796470663, 103.00546988896674, 67.4351430046474, 67.69071455726537, 69.93434262383052, 29.726683716578734, 72.12815784928497, 42.546964601163864, 49.92206433372743, 31.114352673670314, 15.982500605120174, 67.73117802000917, 11.257407166968843, 34.1184984991888, 24.048908401898704, 31.247334028370716, 11.487461822746587, 54.971782570685704, 57.8812652554663, 55.141095313708306, 48.010653405097344, 53.457517102528335, 55.84899697699996, 52.439769840185, 38.96773122504114, 80.05823440164303, 39.928239464473215, 65.94311061508715, 14.12175171280487, 11.305930903748896, 45.87513359456354, 67.41224720734319, 99.29611241281881, 13.645928017647456, 17.8058617634475, 26.48132831813304, 85.11894573419661, 17.452097353548627, 34.879707287724436, 67.89908000476059, 20.865460065970176, 9.219018250241064, 38.53968932178913, 7.423554122366415, 79.68258666601724, 24.850972343057855, 68.53733300678999, 15.309200107756988, 26.200048870403144, 99.55086550972402, 17.150733818897336, 27.465622189910988], [85.50004130501266, 34.58919066716376, 78.25333446210183, 40.981094369905, 87.10758249839871, 18.94721378036329, 38.597428879076574, 32.94774274693707, 57.6933691794587, 87.40637776250455, 40.47044256376996, 0.0, 30.47452113246385, 96.08124341683333, 50.627375312811104, 44.70136383919323, 68.8864184315239, 57.186899433134975, 34.68901473444684, 20.029800608655474, 92.16988695037065, 23.171496639122672, 73.144679027061, 89.93383956446945, 6.945605313275679, 113.86945415891651, 111.66241439924458, 68.56897215997478, 4.9407025713908945, 65.35679480135401, 32.436974623120925, 97.70946455291224, 36.01324184879586, 29.533719990585432, 103.69500923198682, 66.75982623969598, 81.13646500443775, 71.13020643684376, 48.48471860824861, 70.38865918451444, 50.51630248047101, 72.01164414070747, 51.709641034698386, 47.04876618732663, 57.432279985073855, 61.1523489564604, 35.69570078367167, 18.674996923884617, 63.99491057291116, 19.369528072203494, 18.17197128846692, 80.77847293179303, 19.217309385032255, 22.470834394936364, 12.126002247435226, 91.78736845875748, 18.856330569849455, 36.2100314502472, 50.94354043017753, 31.299540825647593, 71.63084899731359, 79.21531511479542, 95.94016798677724, 27.0873468155265, 23.89024386696002, 65.64980863031894, 85.20505527677777, 23.16470198874446, 47.749003573071654, 85.98050926425029, 59.205324275286266, 35.09838653711554, 5.258524312441513, 46.471253725788415, 109.02602229675664, 65.20137863095144, 99.30536519289276, 26.15450033901116, 66.46517087868897, 92.84946346153457, 54.17913507873023, 67.66231237538143], [69.7782307524535, 7.958591382421717, 52.26113310488121, 51.32532049527078, 57.204651652051396, 37.8186583878831, 38.445189788460496, 18.13647485896434, 52.26684322117497, 75.56117680470767, 15.865794177417829, 30.47452113246385, 0.0, 66.08929093397, 20.16233029613501, 26.08836719799373, 39.79258142216222, 34.43927681542188, 12.904953907976116, 36.19167496135408, 75.02534400065947, 10.996546486834236, 69.96178795667956, 67.45189952505434, 35.988382398181336, 84.16832070513128, 82.12731704386908, 49.31609119533505, 35.32309524676541, 56.66744182784823, 30.92282730316485, 89.54381584943697, 52.285166917040605, 54.359977507284604, 73.49496589268036, 36.48673255784736, 62.143445081010796, 41.75009640434614, 35.75523574097191, 40.89380767483045, 31.4633866834564, 55.98465989429495, 25.098873727141058, 23.269148494259483, 39.602312311182374, 31.1307491799317, 5.804301503053197, 41.50418580822853, 46.30250651837773, 41.49695664661585, 33.535771752254455, 52.06630513698009, 42.43684211060697, 37.639887600671095, 25.333456238144137, 71.33975346349305, 24.880699877486826, 50.58707989008409, 21.235883444095574, 16.45786129625248, 43.21922112899445, 58.347440524758845, 86.22844687170948, 8.498872691087689, 16.3455754861878, 41.83635907002338, 72.65926334326673, 10.393338190381819, 24.101645789806938, 61.64159277744669, 36.60615443284789, 6.822593734287258, 30.484362441448784, 23.28450117031665, 80.05487092952083, 37.27683567290005, 69.78309578172282, 6.788227026067672, 38.26145018005505, 85.73747478075258, 33.01071035283379, 41.863193286456166], [64.73774269917173, 64.82220037373834, 30.727738147899316, 99.17461730375221, 9.013594852569254, 97.49015540323185, 82.39936937429027, 67.49423855642954, 79.59488868200997, 76.63422052281086, 63.60063334137449, 96.08124341683333, 66.08929093397, 0.0, 46.854210757158825, 70.27540873014502, 27.95902706913089, 62.58869888722561, 68.30972339867385, 94.89377131387866, 63.02796491129891, 73.31422323175032, 91.11486854384059, 43.78562810276239, 100.71221370620097, 18.429835647156402, 16.984478939373282, 52.084672050359416, 101.01321575329716, 75.50755149848136, 79.4047044057239, 92.74255981309821, 105.47004474718014, 114.29365430852803, 8.356743639378278, 34.70632312291953, 53.722769488335224, 25.389985393109363, 65.83784753333723, 37.865572109163914, 69.67495763353934, 60.256662755258674, 55.85718152240545, 52.67554418182579, 72.75230069656473, 34.980662040138434, 61.79260754888282, 102.38815907311026, 55.91529689167364, 101.97709583579545, 92.91833321482757, 18.802584592140732, 103.34020248264433, 95.12906045053575, 88.02375595013811, 51.77331322760704, 84.13379097493377, 102.59929833434418, 49.49039142925146, 74.55128425774501, 26.919661577406195, 47.72749680338136, 87.28854955500108, 72.19204941620454, 79.49037473228876, 59.75579568471273, 73.66134971974563, 75.600742602974, 52.31773858539449, 35.997905341029366, 62.83513532700048, 63.42043006670051, 96.55479709942306, 63.44794163348699, 17.926477605138174, 47.06625077800249, 6.840022955712557, 71.87603182756553, 45.57759335567208, 92.62767507652411, 65.91176526535497, 53.77568918915537], [66.17764801314871, 17.979057107767318, 39.519701126812826, 65.96435474487753, 38.23146200841651, 56.470231613872095, 50.46904511961244, 29.626898292338733, 58.65700830025395, 74.64118902852144, 18.26367734654347, 50.627375312811104, 20.16233029613501, 46.854210757158825, 0.0, 28.101787759941875, 23.20226676826254, 27.979023569624648, 21.936982464940364, 54.43275085727729, 69.73183479694185, 29.625554278222584, 75.66230561890464, 57.56819100313759, 56.10057156282346, 65.20082658057451, 63.39627440431719, 44.97148099675919, 55.45534348520397, 60.17415865763141, 44.2433461804984, 90.38544549594383, 68.9919511010719, 73.40643530158744, 53.87937553606417, 16.62592020875008, 56.306767633171496, 24.37336269658823, 40.58132771943411, 22.393001083749105, 30.504159921206018, 53.69192392795098, 16.4870322947822, 22.09212328878087, 37.22263542813811, 13.036959484318595, 15.156281017711995, 60.65229265877204, 44.08034173439906, 60.512078754847096, 51.95245283863997, 35.27471149625234, 61.60704270811528, 55.46025750440873, 44.776930261682445, 63.24059530547848, 42.874427032828095, 66.79512255245425, 6.499536661753125, 28.2341875934717, 27.623805070751573, 51.03929577055677, 86.15014586770286, 25.37315084837258, 32.66023480238339, 32.052556957780666, 71.435120735305, 28.896387876425475, 22.601079155780386, 50.14095430463638, 29.67316446975681, 16.57837844411767, 50.37359028945724, 21.46962777291919, 62.08029370419928, 22.06801494931554, 51.21436854350101, 25.24078175069837, 22.394534753484056, 87.56734263695425, 29.037954348509867, 29.331950432917722], [92.37045456876179, 18.330074376873217, 67.61558982157966, 76.04260531186702, 62.7032792196233, 58.998819067160404, 64.34700790774163, 44.18075256160724, 78.17815167843968, 99.55713411638004, 11.373310718627286, 44.70136383919323, 26.08836719799373, 70.27540873014502, 28.101787759941875, 0.0, 50.81089292867456, 13.044576192938983, 13.334744177860745, 58.20965755443351, 96.6523009981521, 35.59775407941052, 95.87480504441102, 85.5615939173815, 51.604712516409734, 88.52026884608816, 87.2597358867508, 71.16785850577821, 48.24109695919072, 82.03095535202603, 56.69780294939764, 114.34901663721448, 75.37994634790563, 73.57200801906811, 75.81153793615933, 35.57320836776002, 83.28622753539476, 51.516097570115164, 61.10612458787946, 34.33871775146549, 5.954250361061617, 79.08526345308333, 14.418284748354223, 45.485337192317694, 13.829089464271618, 40.52847036351378, 22.58925271305151, 61.277028760948426, 69.23635798950764, 61.607497068101516, 55.48535169583916, 62.31755234749408, 62.078721201641336, 60.162285671509686, 46.01117123051568, 90.94957034588151, 48.241217158230036, 74.21642301485079, 22.540418314967464, 13.60607573800106, 55.43267776621936, 78.4304926570625, 110.66292759439293, 20.986400452990747, 20.85147984540104, 21.502704914929705, 96.49100242157074, 23.88752654967972, 46.242836229220714, 78.238133992871, 14.838613266433079, 20.04574222324181, 41.56991512953489, 6.969264663981157, 87.18474477859777, 25.968113985067323, 75.78273264998025, 23.306623944898522, 27.57720901843071, 110.85300710841405, 9.579567770647754, 24.88984180266438], [51.081107742189424, 40.312888649776, 18.005170043027125, 72.18174821966625, 19.022914374007428, 69.53122370783213, 55.368375823836324, 39.53607766355715, 55.68383526041719, 61.63607005780717, 41.46242162369078, 68.8864184315239, 39.79258142216222, 27.95902706913089, 23.20226676826254, 50.81089292867456, 0.0, 47.67246669300168, 44.90931920347209, 66.93761621487415, 52.657052065426775, 45.83597355782445, 69.91818065465951, 37.115306563896176, 73.15886742933571, 45.08211617260023, 42.79501175659064, 32.14191660592406, 73.82630140106608, 53.65150747077041, 51.76617331103908, 78.20984779957277, 77.93350118357955, 86.34580423099624, 36.12358607919203, 21.192089021734105, 39.88104984735957, 2.7596654221266035, 39.769464220827444, 29.049080145646098, 52.287455364309885, 41.55297393245267, 37.49472374843091, 24.816921796931002, 57.86097732315421, 10.290769825985562, 36.433323798209166, 74.4370478692765, 34.029447066784044, 74.02043262139178, 64.96060938984678, 12.342005135959365, 75.38804696187758, 67.19805553426917, 60.26570278513596, 43.98339055318326, 56.20086019070906, 75.14766318722091, 28.271690000272, 51.15849821069749, 4.798473971731647, 33.6983597534401, 73.25179849785609, 46.93585557639547, 54.7479896675213, 48.695046059220985, 58.37005729315851, 49.90795573289694, 24.515691272384693, 28.820208919419446, 48.81196895236511, 38.575429618201106, 69.82891491131721, 43.92703219392885, 40.29975350054109, 35.45578662638568, 30.455575101609217, 46.1412004736309, 34.666887908483716, 76.60227049458081, 49.827939309711184, 43.86745027350466], [94.14885296346637, 26.593717589573867, 65.49258654377073, 85.72351455515195, 55.974973326292044, 70.29749802443564, 72.58736957102208, 51.49955065704904, 84.34136465112026, 102.53377893257941, 18.692834381134148, 57.186899433134975, 34.43927681542188, 62.58869888722561, 27.979023569624648, 13.044576192938983, 47.67246669300168, 0.0, 23.459423879234233, 69.21404695854737, 97.553987222541, 45.0912457495996, 101.84862509370973, 84.31591219043983, 64.016991453499, 80.29998479547146, 79.39417811491002, 72.95049242947312, 60.94158207220425, 87.01404181742818, 65.23416621209483, 118.10274948298473, 86.05838373706334, 85.54486566927227, 67.14283581190202, 28.722706677072924, 84.14475728629942, 47.68133153185577, 66.53290756023247, 24.902690064601373, 8.622137742472265, 81.61978968476643, 11.589706532944543, 49.034880874185426, 10.383276947407685, 37.94042032193158, 29.463373330788013, 73.00338273231691, 71.9384723130157, 73.24854615392279, 66.48275234276912, 57.858205024204935, 73.84702249779531, 70.9922853638184, 57.25253604769407, 90.52236727153415, 58.57479525121878, 84.61384428671074, 21.480027386253013, 25.892283511152, 52.46939140777002, 78.69527063644146, 113.98644840620726, 31.71558949064122, 33.32185380416226, 8.511574592266479, 99.3451052491198, 35.19136728057063, 49.67550236085996, 76.33623346447136, 2.172628003527178, 27.64538749309225, 54.33985321919683, 11.361995306523195, 80.18018365949413, 15.703412500405722, 68.6574613291267, 33.69403794569118, 17.291998611794497, 115.08267400263455, 3.9656017814825937, 12.187304605643995], [81.33118975580066, 5.784703449352906, 60.010398508680375, 62.91316360162099, 59.91160069518774, 46.838653264148185, 51.01376044748445, 31.040147132939435, 65.16600447903419, 87.7679388882504, 5.85515213860867, 34.68901473444684, 12.904953907976116, 68.30972339867385, 21.936982464940364, 13.334744177860745, 44.90931920347209, 23.459423879234233, 0.0, 45.77439005183639, 86.13857976555195, 22.324088469933294, 82.86286959078107, 76.79108792160338, 41.29666353021171, 86.73241205391636, 85.05942446002719, 60.40637661818622, 38.901955599254364, 69.40986307585734, 43.36369512195599, 102.10284804147635, 62.7185172066584, 62.259413456616386, 74.8963286445116, 35.003274681571135, 72.96243710593305, 46.25614666633185, 48.463504512302926, 36.84798316118881, 18.98392999320309, 67.72770665819462, 17.09940108095468, 34.22454764998178, 27.078468580766128, 34.92458469195213, 10.581980085669638, 49.62394293134657, 57.915439629269436, 49.840206086218174, 43.0419061203592, 57.12638551466286, 50.482542369234885, 47.59027316312435, 33.794935905573155, 81.45381966967408, 35.32807223270729, 61.385965941879476, 18.981877936467587, 6.2996061681938835, 49.0969078985061, 68.61169216248024, 98.63584720320253, 8.257322847068892, 12.030242569313696, 31.618670400002717, 84.78840310087443, 11.856818680913218, 35.03173327195629, 70.15878228739284, 25.60532410002452, 7.804836487814926, 32.68637015066764, 12.171742678810487, 83.96741932119416, 30.70496945457906, 72.98672435914973, 10.29848650448728, 32.05474783285149, 98.4112815293562, 21.25335690504401, 33.05937764816359], [71.15401278275831, 43.17922200085731, 71.77257857157672, 20.96545519741249, 85.95193076663361, 2.9356705211203185, 21.53409878133975, 27.40375915903375, 40.38741667681602, 71.10637375907073, 50.734127452938694, 20.029800608655474, 36.19167496135408, 94.89377131387866, 54.43275085727729, 58.20965755443351, 66.93761621487415, 69.21404695854737, 45.77439005183639, 0.0, 78.31730533205966, 25.2964044505331, 54.327148052179815, 79.70848444910476, 16.413490514827707, 111.43000979892066, 108.87404902539514, 57.450085721556626, 21.67330905713565, 48.817111535842365, 18.197896942551345, 79.73054181294327, 17.329972701662733, 19.4437793946805, 103.04335055706234, 71.00048564072368, 68.93651353599394, 69.54686614026976, 36.07388324996871, 76.48146907249796, 64.15408259804768, 58.62705013836132, 61.082785771042104, 42.34372777221589, 71.88327735264589, 61.65406379188416, 41.97372878855766, 8.143637190748613, 52.31549372293667, 7.439388275002009, 2.732858186509884, 77.50676980094134, 8.986087540415504, 2.442587109863132, 12.263387752169303, 80.00208393399403, 11.561680006095498, 16.75382060451478, 57.055922092038664, 44.79227396664167, 68.44606126348287, 68.39148295518162, 78.53167165601428, 37.54170036930957, 38.31981650888642, 77.21116967354205, 69.30122644545871, 34.331477674785546, 42.78814444223602, 77.48696758297493, 71.36870096631806, 42.72328657643096, 25.267118688879307, 57.86829781402121, 105.16355676813622, 73.45847204970794, 96.81255417043398, 35.52178430672146, 74.41081091183796, 74.64361680005835, 66.95916460924973, 77.84761336368678], [7.4954326139465, 80.37340055692812, 35.88266188481423, 68.25441788419673, 59.33022615324008, 81.17959773423341, 57.05316845130957, 60.846969576892974, 40.52182471247608, 16.416211395984817, 85.4582197014993, 92.16988695037065, 75.02534400065947, 63.02796491129891, 69.73183479694185, 96.6523009981521, 52.657052065426775, 97.553987222541, 86.13857976555195, 78.31730533205966, 0.0, 72.95218499103814, 39.5888322784806, 19.294577365403438, 92.58086938858699, 67.59225256360389, 64.55249470803153, 25.7535377080719, 96.23213645237087, 31.725988010887274, 60.69247946344006, 30.404006866282653, 77.9021349703008, 92.9794630282568, 69.48397283696642, 73.73988938663359, 13.425989481933117, 54.029351135540864, 43.68539910875925, 81.70067980444283, 99.97213187026242, 20.161768285279347, 86.19837490347125, 51.97532869916954, 106.94896406609998, 60.49519843066289, 75.5638368804409, 86.12557379246542, 28.99102079189476, 85.22273827286561, 78.09992679174707, 48.83090325271682, 86.794378059316, 76.8891443293913, 80.13478947665224, 11.49808707317572, 73.49677540514713, 74.7598891821131, 76.1759020262378, 91.1673091614391, 48.37106644445273, 19.07581105909536, 24.873811289230048, 83.48265673753026, 90.98312764324031, 100.24192877937328, 14.770973304764311, 84.41307721251643, 51.155466460992166, 27.2407625439914, 99.0952517070968, 78.34005996323776, 95.81131077078044, 90.66113798272708, 57.9453510754579, 87.54549234473663, 58.788736414522184, 81.45323461872034, 86.94345798546746, 31.55524499209754, 98.76899663066003, 95.95506429314841], [66.9600624238355, 18.518025064911747, 55.34413084991205, 40.679531386762555, 64.30815798671856, 27.07001180443797, 29.06360511694175, 12.189506589329316, 44.9974587303743, 71.14918216722064, 26.3992510347268, 23.171496639122672, 10.996546486834236, 73.31422323175032, 29.625554278222584, 35.59775407941052, 45.83597355782445, 45.0912457495996, 22.324088469933294, 25.2964044505331, 72.95218499103814, 0.0, 62.45046300218058, 68.21104060291965, 27.398205506204242, 90.89689694135015, 88.63079558805032, 47.93685893794585, 28.090939727335986, 50.65901234670202, 21.314967787018418, 83.92874516594085, 41.29690860795817, 43.8590203003608, 81.10257056669889, 46.24737137087773, 60.845047819036374, 48.15230720243462, 30.555412343608296, 51.318107728450954, 41.30798193821447, 53.06819938927984, 36.08423852635306, 24.22593830936297, 49.39265624501473, 38.63255491781768, 16.71895868402574, 31.056079766287027, 43.99839477461842, 30.955079805022528, 22.680894977253026, 57.63177677945851, 32.006970781858485, 26.671387747052336, 15.19050897079135, 70.94410208000424, 13.89526599021791, 39.64392889833846, 31.79206218288499, 23.633520997233408, 48.47211963589817, 58.04308300058804, 81.13293127353268, 14.917516552349822, 19.895382858239344, 52.69667739698099, 68.48985467153437, 13.463170108063103, 24.975530494866916, 63.56418657641958, 47.26383997736475, 17.730066964044852, 24.883875212741327, 33.787348238603506, 85.88038464073547, 48.18236111459236, 76.28896630586345, 12.456840393777362, 49.1184622296861, 79.71319526815091, 43.358496134146925, 52.85506882645264], [32.865032802350726, 77.54834593154906, 60.3911973015054, 36.750310315931564, 84.49372965762565, 56.57513349291005, 34.91800224974908, 51.85020232760348, 17.6997169990626, 24.564401523709197, 84.89250985637665, 73.144679027061, 69.96178795667956, 91.11486854384059, 75.66230561890464, 95.87480504441102, 69.91818065465951, 101.84862509370973, 82.86286959078107, 54.327148052179815, 39.5888322784806, 62.45046300218058, 0.0, 53.49304180998862, 70.7006373854217, 100.97124457373363, 97.89122262319297, 39.124792506534305, 75.73819277750869, 16.27790449229387, 42.20345823415496, 26.255678973357572, 46.40884951212312, 62.694837000864275, 98.983084110892, 87.02258621024504, 40.008656977745154, 72.38090748295258, 35.3326358642439, 95.06982279940044, 100.87500774153254, 31.036097224434396, 90.54130454710352, 53.57166394673512, 108.91199041945066, 72.75100153102063, 73.41051661675067, 60.336897526399646, 36.028225985453325, 59.312755942713665, 55.425254302975226, 72.99118886312839, 60.668880995297926, 52.13411564643597, 61.71574810938598, 48.324501694335424, 55.42293090788781, 43.781047756976605, 81.66682055421838, 85.6880406922147, 67.62190415015826, 44.68342417516531, 26.600373959700406, 76.88485199279395, 82.29454509227337, 107.38972713468716, 25.04360541272589, 75.90997044620804, 53.086017445258314, 57.70137646343906, 103.85933506560937, 75.84894000524763, 78.01457120603656, 91.8877973481022, 91.85581337584988, 97.4721333894585, 89.05758221606725, 74.41986162023338, 97.53608082493034, 20.866868076219244, 101.50834722124043, 104.99390407599296], [22.259993118616748, 71.26232331154506, 19.144567954922245, 74.55729292049439, 40.5786010028792, 82.64379282793486, 60.2346605824489, 57.03471968193763, 48.26403599592433, 34.11689899587632, 74.93921062093213, 89.93383956446945, 67.45189952505434, 43.78562810276239, 57.56819100313759, 85.5615939173815, 37.115306563896176, 84.31591219043983, 76.79108792160338, 79.70848444910476, 19.294577365403438, 68.21104060291965, 53.49304180998862, 0.0, 91.78345673051142, 48.90466598957603, 45.82865038832688, 22.29428435492239, 94.48608390685479, 40.90630309832985, 61.51700048029222, 49.4669460966217, 83.39633559322394, 96.81566011915469, 50.19415440996168, 58.176982879534215, 13.65910471436191, 37.86233105