instance_id,num_cities,city_coordinates,distance_matrix,best_route,total_distance
1654,82,"[[62.17704429616576, 11.863023818459562], [0.1477869321119707, 72.46527044265511], [2.978246651201566, 69.02159851285222], [83.84018258422543, 95.95643888777718], [81.72954656323373, 25.969302851160435], [26.20194246697225, 43.132149855607224], [22.98262034026074, 6.146044006489914], [18.870003203296015, 19.651057773592274], [67.71416644928607, 28.887648407624955], [76.64205280064465, 67.48871651345026], [75.23719012805272, 66.11641378028168], [61.35107814289438, 76.73152506145597], [8.389182713725308, 92.9749122888308], [57.4163541135356, 32.92883748871773], [92.05803428457632, 56.876946129371944], [96.5625002393071, 28.115583540328103], [49.15262296841377, 44.054006322375706], [29.1319423077418, 19.02342516120309], [48.64993913580166, 66.20189584399186], [53.46824084733779, 5.601184433538975], [81.11920103524936, 85.3557979419116], [39.1378677982298, 82.92840223835668], [4.06073674595091, 48.761348695507245], [41.65048673293305, 13.533533187805736], [53.326824733063205, 61.304685065363905], [28.36536126957112, 70.1233996138579], [21.15986808190975, 36.482742452502606], [38.93667947136996, 4.583700155479564], [43.33649524147726, 66.61390898886697], [62.27757438920561, 20.088867896999616], [95.80986832209196, 64.5942429981773], [74.45325642407559, 55.99811492652975], [83.2905813016683, 81.96807295070951], [51.641965038422356, 23.17942905225111], [72.19797420775176, 31.369497737432404], [37.10230312872513, 3.140810340617106], [24.454037787502937, 98.94262530552538], [41.75132819822998, 15.536387958469888], [98.21449781543762, 84.00475452106633], [52.963270893874395, 94.73144761496692], [47.76129148220569, 53.04174019924718], [56.153196814636864, 56.929189240974345], [29.421747395093657, 36.21976690534253], [2.0967382798171785, 10.590918764949164], [91.35121334338676, 40.1589206805069], [31.513684541920306, 92.00110726457518], [19.611304995129696, 48.183130631884964], [24.12212604595261, 20.26313534542932], [29.48054226758654, 41.51908683770158], [7.51851371563661, 57.36711476302312], [64.15635438673407, 40.06140654739345], [65.59101719447837, 28.595763236914596], [8.750202124315077, 79.78581428209486], [83.80463931971491, 24.2196117971597], [93.64315011886363, 51.57204484357507], [85.45556746738652, 98.15749476027824], [24.800362548800358, 83.65607974436855], [81.28880646812367, 88.75566181532345], [89.69939060053504, 32.462638679795795], [37.91284410703979, 63.24670222680005], [31.787207141261486, 40.644198149173064], [47.1994172894735, 53.05214987335063], [18.539207480630036, 77.57981497379072], [83.5485385626705, 74.63402061878412], [31.125819493842577, 4.488949269614906], [76.10756686204493, 98.19011107707716], [62.69184053418082, 6.585525679987548], [29.19281816094251, 92.02840041660939], [49.01348928634869, 18.81347131858595], [87.14295127650094, 65.24390345065459], [27.772975800188316, 41.48817700166189], [71.91025126830812, 66.71167037879098], [99.06096972557836, 24.824892072659544], [99.92547642030597, 88.77977987759685], [79.40817822541469, 91.35204318986766], [96.23430206499697, 81.42144082862544], [38.440983921939676, 95.29911369220059], [92.8339835840973, 81.13591546379598], [4.079235535877501, 31.883913859501988], [63.24520929975957, 20.39663441293672], [43.17736640535276, 32.014175801774435], [19.561242068038297, 9.819999108454835]]","[[0.0, 86.71943879566935, 82.2897338901025, 86.8388969212998, 24.10990363008766, 47.66514654071535, 39.60917478824433, 44.00174179627221, 17.90244575862724, 57.47568319587152, 55.803205387322464, 64.87375951491462, 97.32560045970287, 21.597052498084718, 54.02894376628464, 38.03294989782699, 34.72599754492643, 33.811981793655704, 55.99728196106242, 10.726317634345005, 75.89461871759256, 74.70670427522703, 68.8403339765527, 20.59442077237861, 50.22752485608629, 67.36097755312005, 47.83867985438954, 24.353708345548245, 57.90186279926805, 8.226458357279826, 62.54397115740533, 45.81060631913856, 73.21543115162201, 15.46120701569965, 21.929923872291184, 26.548439738847147, 94.89932673733156, 20.753396883849806, 80.64197024453901, 83.37906981267132, 43.62912572998162, 45.46697707534766, 40.818628209162114, 60.09377190928573, 40.64221842891267, 85.80416102867547, 55.95527071851584, 38.97099789197007, 44.1423075824785, 71.1208637314941, 28.267763564917242, 17.07746407978456, 86.41720273662384, 24.908595564142203, 50.66480204657161, 89.37911028960542, 80.93984937979891, 79.23217295666096, 34.37766249373296, 56.824588142719854, 41.85568298518759, 43.827769917226036, 78.88572394098146, 66.30941717802685, 31.914816890847565, 87.44384171292708, 5.302546724758776, 86.68590876758881, 14.885828863334865, 58.93059325730263, 45.40142762297361, 55.70555939457674, 39.09519131199778, 85.68040318819499, 81.33520871747858, 77.44850020299131, 86.74665212852825, 75.75342529160275, 61.4507235171608, 8.600202686743806, 27.695788239537496, 42.664745979702765], [86.71943879566935, 0.0, 4.457620282336878, 86.92670524589667, 93.90132324296314, 39.23328923260173, 70.14035508798955, 56.03447547678113, 80.40040288012709, 76.65597693445729, 75.35732514654379, 61.35180342503613, 22.103529426034992, 69.59036081049169, 93.22279454772462, 106.1258294216967, 56.64515763820505, 60.79565847924757, 48.90489371988309, 85.52120674756759, 81.99107025201491, 40.36958673210105, 24.02471815527774, 72.07928791706863, 54.33754436297988, 28.3145874147727, 41.66833179775494, 78.182387844545, 43.58328758015297, 81.26129480317292, 95.98534726141735, 76.10827817795771, 83.68409353685688, 71.27934161034652, 82.94632011544631, 78.55900353087992, 35.94223353075813, 70.5106538530154, 98.74330091844048, 57.31717013237799, 51.42294568243226, 58.120355773298876, 46.590785439414454, 61.905038622814494, 96.7562154288347, 36.952245577253734, 31.119942949485075, 57.444162842315336, 42.638911985207905, 16.80124752046024, 71.743341871811, 78.78673777767187, 11.295658867202308, 96.57179986693245, 95.8014082013237, 89.09269223814954, 27.0736716638851, 82.76014682453227, 98.08007069502574, 38.873918549278514, 44.87352842242461, 50.89916668791482, 19.089340364544338, 83.42894491642916, 74.70220038001528, 80.19760340976691, 90.83996593445357, 35.01899332450277, 72.56977618693834, 87.29436843542886, 41.50579933032147, 71.99274408785043, 109.78808396893552, 101.1026732470772, 81.47956684207585, 96.50301227611845, 44.58422740439228, 93.09087568012845, 40.771347662949225, 81.80725864760781, 59.057901819226785, 65.58439037492228], [82.2897338901025, 4.457620282336878, 0.0, 85.22991440133647, 89.75114149456017, 34.77935593307572, 65.98113610096496, 51.865192751959995, 76.16740289095395, 73.6797534173861, 72.31732165063313, 58.87979639691724, 24.556861972230994, 65.31611548787872, 89.90384389069646, 102.13380723626828, 52.492415529040684, 56.4254653059812, 45.75865183272618, 81.0641007839933, 79.8299118315818, 38.7416751232612, 20.289147529318665, 67.63481016795792, 50.936529799558826, 25.411012461380015, 37.27396560021134, 73.79194831143607, 40.43000368684621, 76.88187299814446, 92.9371371352736, 72.65182824097165, 81.34913827065812, 66.85553072203675, 78.79753407185662, 74.19386417134595, 36.83038757952332, 66.06072661346624, 96.40766826235316, 56.20942082421859, 47.54868006641843, 54.53257454845155, 42.13334651317936, 58.4373287617669, 92.96685115476286, 36.63780886032322, 26.66271504364515, 53.14556770144349, 38.19371442240275, 12.507638325896071, 67.68643575175638, 74.52923716812265, 12.214082491551174, 92.4127900535299, 92.32882347380728, 87.47233219228048, 26.274945921235265, 80.75875824494626, 94.11224336905401, 35.40869281004479, 40.43801498489227, 47.016329317257885, 17.75912641227844, 80.76553237981204, 70.40418080826223, 78.73182075698118, 86.39430817601446, 34.87859935946462, 68.11827655506625, 84.24944204353429, 37.05223196629984, 68.97069688293229, 105.76028807424811, 98.94013892625007, 79.6252673459383, 94.07681946577976, 44.13743919547533, 90.66868331977521, 37.154001102651996, 77.43703197179471, 54.63989901825391, 61.48028227841486], [86.8388969212998, 86.92670524589667, 85.22991440133647, 0.0, 70.01895454104557, 78.1829408219489, 108.48755648004423, 100.21793949074761, 68.9802221861809, 29.363655929788894, 31.055411406338298, 29.586434901869684, 75.50988599063326, 68.3424995823767, 39.93419387972177, 69.02346717450749, 62.42667136974817, 94.40169572207219, 46.08346846433985, 95.32327550162674, 10.944282939189305, 46.562073473642556, 92.69377819745333, 92.5932277223931, 46.17151773899377, 61.1947850557601, 86.4056849621852, 101.81012707607698, 50.0153251436751, 78.87226635651223, 33.568745995060965, 41.04609648344293, 13.99915865897317, 79.58152030293917, 65.62784457103048, 103.91905637851642, 59.46117643587986, 90.76814559633742, 18.693948153553315, 30.901201904654094, 56.06565567866586, 47.850761707618325, 80.8074010717504, 118.19163554409784, 56.30078703851063, 52.475775798180095, 80.0477213796092, 96.41432714001773, 76.93111070027666, 85.5227050279155, 59.25966362409509, 69.78891503357144, 76.81142015096204, 71.73683589588268, 45.454071403518675, 2.730222568695956, 60.3075383751668, 7.639418206446736, 63.76357097457328, 56.38481437433707, 75.95364525808557, 56.42095087127246, 67.83743550545292, 21.32441270171814, 105.57038284042235, 8.048766200863657, 91.83905759022113, 54.78835573953705, 84.64003787478867, 30.889611749116995, 78.16855652663939, 31.584485849016055, 72.74179894334239, 17.61366266116883, 6.39086241280824, 19.10184196048081, 45.40395704771147, 17.33598485769042, 102.30883215807086, 78.31626253125198, 75.77649786151626, 107.47682751058643], [24.10990363008766, 93.90132324296314, 89.75114149456017, 70.01895454104557, 0.0, 58.119515947478455, 62.001313952772314, 63.17628045619735, 14.31599177582104, 41.82994505906888, 40.66867600545415, 54.699955931300245, 99.34062948105323, 25.28965103490789, 32.58772885033717, 14.987429250983393, 37.26006509044935, 53.05424761789757, 52.08571749030484, 34.83621174355189, 59.38963142525254, 71.12236007769839, 80.94393968793497, 41.96402511676918, 45.335459009321745, 69.26269221583873, 61.47534760846847, 47.83903716212764, 55.91073598052808, 20.3213861906436, 41.1113300951649, 30.897798511335008, 56.020523757965265, 30.21665034092977, 10.955043421981769, 50.12714760353738, 92.76631767806425, 41.3171109444749, 60.331312502858104, 74.53677728748576, 43.436841703971396, 40.1579908826716, 53.30270037381365, 81.10412352159668, 17.144145524674236, 82.95680799449221, 65.97067591123358, 57.88933620502417, 54.51379854600713, 80.57977406992306, 22.525640276306756, 16.350853933177774, 90.67635644053097, 2.714300781499883, 28.23888006297115, 72.2842879392597, 81.04749361254785, 62.78790587213568, 10.28016654351217, 57.528322749282104, 52.053720510133715, 43.88405667768135, 81.58838100449474, 48.69870108428441, 54.97401916634481, 72.43929732241486, 27.16919336804684, 84.40327127770354, 33.48949579595085, 39.64592290311086, 56.14398439197764, 41.908937851554676, 17.369165347310304, 65.39302629219716, 65.42393663758428, 57.31777680997185, 81.73446229592294, 56.2731167495006, 77.87524270283306, 19.306096384101938, 39.023212116825746, 64.23159732702824], [47.66514654071535, 39.23328923260173, 34.77935593307572, 78.1829408219489, 58.119515947478455, 0.0, 37.12594861869046, 24.59916703326156, 43.88815969551879, 56.012918776216225, 54.15470340923851, 48.62488820540141, 52.930098970261305, 32.83971799052832, 67.27513845467726, 71.9451551804237, 22.969187073655245, 24.286117545986663, 32.18890700866318, 46.38991693115657, 69.27295104419244, 41.8459062261455, 22.845587546826625, 33.387656829804726, 32.64965962914685, 27.0778127703791, 8.344886632960684, 40.5974937755331, 29.068641364445032, 42.80705621754846, 72.841504541794, 49.93718409955806, 69.04593837907531, 32.33118952176939, 47.476256389399516, 41.450272601751365, 55.83783968523879, 31.67506071506317, 82.80324836595905, 58.126209479301025, 23.727737160113044, 32.97629349699371, 7.625495513490578, 40.49682197160722, 65.2170804885967, 49.15678592127742, 8.303547981891985, 22.963393934953746, 3.653927880011172, 23.488395769434685, 38.078430228147504, 41.985780257334355, 40.59623574762928, 60.62800327011599, 67.96725915434178, 80.8627272454233, 40.548160499537666, 71.52669032619727, 64.38761051790368, 23.275318135673157, 6.114334401667275, 23.222841111147517, 35.28964635081271, 65.42935079414325, 38.955635234263326, 74.30982734556017, 51.64463572907898, 48.987637790988515, 33.34313713614216, 64.82851380196173, 2.273937659344504, 51.43192862008504, 75.12385467081417, 86.71139247637993, 71.80572147642842, 79.81604596873676, 53.58345128549347, 76.70798591956638, 24.818077584357436, 43.4638617714647, 20.292224248451454, 33.967606468360515], [39.60917478824433, 70.14035508798955, 65.98113610096496, 108.48755648004423, 62.001313952772314, 37.12594861869046, 0.0, 14.117330362532437, 50.18059174662635, 81.5000500752404, 79.54234918904858, 80.33958358065749, 88.04669663849792, 43.623388775752325, 85.70319271637425, 76.78970890221531, 46.06389740892702, 14.270287525607435, 65.31092247151248, 30.49048916721004, 98.2550107293006, 78.4635109848835, 46.6272653336478, 20.07645964951795, 62.954320135268496, 64.20339500699082, 30.391408299051104, 16.030374950939837, 63.80159025464297, 41.695272534790526, 93.38094031427947, 71.65511394094064, 96.88152676615255, 33.339079841009486, 55.302564808690015, 14.43595758629655, 92.80824623972025, 20.986732813715502, 108.26732744199721, 93.52119086118753, 53.03950287251987, 60.65653290082753, 30.755343701952892, 21.353617516972307, 76.3619033868917, 86.27787053157176, 42.17205732599826, 14.163006076580716, 35.96491552210788, 53.50454824726142, 53.343492495436024, 48.16082823219928, 75.00251658789492, 63.450546454865304, 84.00257151208936, 111.21589900983342, 77.53134738171349, 101.11360094121137, 71.71952725137899, 59.02030795343892, 35.6039799459089, 52.78859746263908, 71.57183491045845, 91.42665579889591, 8.310093586830101, 106.27497459814892, 39.71165210049275, 86.10659498276999, 28.94943613951129, 87.23018432131222, 35.66530344860227, 77.85954126566884, 78.33782362482064, 112.90942124451094, 102.19542983660584, 105.03425270944724, 90.4833180150273, 102.48265105960954, 31.933930256596586, 42.71013224814307, 32.81749550486386, 5.0203361812621585], [44.00174179627221, 56.03447547678113, 51.865192751959995, 100.21793949074761, 63.17628045619735, 24.59916703326156, 14.117330362532437, 0.0, 49.709826893096555, 75.0070083951468, 73.04990808097467, 71.15350640569058, 74.06912473565805, 40.76911334158158, 82.11123344239462, 78.1522379215485, 38.891399534000726, 10.281114573794419, 55.261425146305314, 37.3421610106476, 90.51008513590085, 66.44402650164288, 32.66073193550891, 23.587592859420113, 54.05827611472687, 51.357756139140314, 16.986732772742776, 25.09375942420309, 52.953929286903865, 43.40977901307454, 89.10461684239415, 66.41239795613622, 89.62935491853962, 32.961354438236334, 54.60031434559876, 24.59685001923754, 79.48794955154352, 23.248344913375426, 102.1613777820269, 82.45857044937311, 44.15477563374095, 52.722818698929096, 19.643355817723194, 19.06380169455038, 75.32661059931476, 73.44652707337735, 28.541701244626225, 5.2876680406679375, 24.30625916062701, 39.38727292436526, 49.67329202476808, 47.5695375654404, 60.98031907275526, 65.09515076745721, 81.30173992713236, 102.94123574502018, 64.27917236124284, 93.1211753618784, 71.97873800216534, 47.57320679726986, 24.648855965416143, 43.797130681388836, 57.929701678583484, 84.89074825603555, 19.49601413710016, 97.18292847716093, 45.728126529998406, 73.10978208635636, 30.15512069796439, 82.09691233864375, 23.582253862638805, 70.90817423664642, 80.35769828169552, 106.53060573453111, 93.8397673946052, 98.99906545583201, 78.13866936769791, 96.18242104956684, 19.19399844248538, 44.38146911300653, 27.27076444134753, 9.85532980906799], [17.90244575862724, 80.40040288012709, 76.16740289095395, 68.9802221861809, 14.31599177582104, 43.88815969551879, 50.18059174662635, 49.709826893096555, 0.0, 39.6200657951667, 37.981269810837134, 48.265157474745024, 87.33058506046928, 11.062375336765522, 37.09480675429744, 28.858663285394616, 23.96975821301991, 39.823245974727016, 41.902241286148644, 27.298457844219875, 58.03746086862717, 61.13107163454692, 66.68375421442619, 30.250029000649175, 35.466320183077315, 56.99750561746982, 47.16978005067686, 37.66730223160523, 44.91705234050656, 10.342875407829785, 45.434891448969594, 27.93551017183983, 55.318678304236514, 17.055773990072513, 5.124852008667448, 39.999823079676595, 82.33552404642478, 29.194607817740483, 62.99337742783289, 67.47588320091432, 31.329496799821968, 30.331238537219054, 38.988066362496745, 68.12060771303042, 26.186858622663248, 72.75839181299615, 51.82857237416922, 44.437013987056325, 40.26615520359816, 66.59276696397572, 11.726504067218128, 2.14311915466012, 77.89333975572947, 16.753921421286734, 34.45132850559708, 71.50572651057571, 69.57855730249759, 61.38770138248699, 22.273990132591358, 45.482561413089286, 37.80162518921573, 31.69823440157336, 69.20335016801019, 48.409275048352484, 43.97730838238106, 69.80888555577805, 22.860630694627364, 73.96383466405688, 21.24157174913679, 41.22202033641768, 41.881643130573515, 38.056060829829434, 31.60898708721731, 68.00467558973813, 63.54959108390946, 59.77622839951772, 72.57686915625207, 57.973154332495334, 63.70543178577783, 9.595253861274095, 24.73519213473655, 51.790726740047866], [57.47568319587152, 76.65597693445729, 73.6797534173861, 29.363655929788894, 41.82994505906888, 56.012918776216225, 81.5000500752404, 75.0070083951468, 39.6200657951667, 0.0, 1.9638874510277071, 17.867384135318982, 72.85602549002323, 39.54760078957577, 18.71529203077862, 44.125591511906926, 36.12276836346847, 67.8682183713853, 28.02167616080157, 66.08397829572063, 18.419485744338587, 40.557955914706035, 74.95840010045487, 64.30840927573108, 24.121403458220637, 48.34853152088489, 63.558187896068745, 73.33986815434385, 33.317044474744144, 49.52861686838363, 19.385126483849753, 11.697211394491504, 15.932818145768337, 50.8755082867778, 36.391589681266325, 75.52512716272511, 60.93387636866775, 62.58120409169332, 27.168914137029567, 36.09502888844853, 32.29262298042363, 23.049877132720894, 56.634834264681025, 93.77826670203724, 31.036706399721755, 51.355884979531545, 60.20973211605198, 70.63000936553492, 53.838924035081504, 69.86065042376062, 30.135527154129694, 40.43250180905878, 68.99653615790169, 43.85793050968644, 23.289004853581872, 31.91006110827717, 54.304184755952434, 21.768676627647718, 37.38074636533715, 38.96083021755238, 52.27413648581007, 32.79151174004812, 58.97262841707015, 9.93755082194636, 77.72192848364396, 30.7060466906774, 62.48045355130334, 53.41934063577046, 55.969786641040955, 10.738158803404755, 55.355349712386406, 4.795179499957356, 48.195536639835126, 31.550391354604592, 24.023109913809527, 24.04115301060221, 47.251876732204046, 21.176039801776888, 80.82737420841154, 48.96059244278723, 48.768107142266444, 81.14123440661258], [55.803205387322464, 75.35732514654379, 72.31732165063313, 31.055411406338298, 40.66867600545415, 54.15470340923851, 79.54234918904858, 73.04990808097467, 37.981269810837134, 1.9638874510277071, 0.0, 17.478692559115277, 72.04189779149151, 37.669582110300716, 19.19136682496225, 43.575588926220355, 34.16364246892271, 65.90480599811329, 26.587388410826872, 64.31158632528984, 20.118448131780863, 39.822154996771566, 73.26176219660069, 62.3941181230597, 22.432495290714275, 47.042791966562405, 61.66450547961198, 71.44229783516097, 31.904573899817983, 47.817220957895586, 20.62891397930075, 10.148621765839378, 17.780107082092567, 48.993053635851815, 34.87957866573257, 73.6219820097325, 60.468907090698515, 60.66005243418686, 29.11957079043532, 36.262206764217765, 30.42814643791928, 21.180271375082796, 54.707077121537566, 91.82922352531234, 30.55246622139004, 50.81104503468099, 58.44520289383651, 68.66784487182699, 51.94900688316265, 68.2815448590827, 28.313394756403593, 38.74077786340764, 67.87762579737246, 42.763807151195586, 23.458858261867054, 33.631028914020874, 53.39956421536583, 23.43411214276224, 36.629657669985825, 37.43450347335315, 50.36600828644395, 30.932049676310037, 57.84523146475246, 11.900762120844494, 75.78758078499503, 32.08550473259757, 60.83841249114084, 52.83479195839452, 54.085588203972456, 11.937689173336901, 53.47337364132927, 3.379771086116274, 47.67139854506588, 33.51327562189638, 25.578000965796683, 25.983120725638422, 46.96371754143728, 23.135093921481765, 78.96403328457995, 47.26632870855163, 46.80592838811486, 79.1776325566994], [64.87375951491462, 61.35180342503613, 58.87979639691724, 29.586434901869684, 54.699955931300245, 48.62488820540141, 80.33958358065749, 71.15350640569058, 48.265157474745024, 17.867384135318982, 17.478692559115277, 0.0, 55.39684102968945, 43.97905742262026, 36.56667143803949, 60.02794362659332, 34.88011667966084, 66.09309727998514, 16.498243043874883, 71.5658052541276, 21.567493257303028, 23.061396327237137, 63.75354094731218, 66.19742803738075, 17.388963024004997, 33.641118286677624, 56.87967886397548, 75.54941367389601, 20.661349232427717, 56.65023394430571, 36.533845082300736, 24.52634036163809, 22.555780470874787, 54.42512162829336, 46.64084773229662, 77.48287799773372, 43.066513221289284, 64.25725642249782, 37.57408118272744, 19.858311166338, 27.310953998364262, 20.473164734592885, 51.5818253932708, 88.80121955175264, 47.30289106654303, 33.517610260238776, 50.5689577402305, 67.63633573278086, 47.49365076134918, 57.2094867921476, 36.77726426257997, 48.32213415806593, 52.68947561482523, 57.11097481393744, 40.93625968912058, 32.250559423510865, 37.20086380713484, 23.282888039209336, 52.567681332434304, 27.04054847079752, 46.65101962739044, 27.585907891699044, 42.82027399933143, 22.29633992328238, 78.31063795833859, 26.042750874441644, 70.15881179876733, 35.61106682897758, 59.21754003802539, 28.234485474557648, 48.678358018744156, 14.556566386142823, 64.15866637806143, 40.41218438267148, 23.23399263435731, 35.19708256521689, 29.489451754374464, 31.7894949603788, 72.74181868859579, 56.36672455642628, 48.269297934935814, 78.88943341489077], [97.32560045970287, 22.103529426034992, 24.556861972230994, 75.50988599063326, 99.34062948105323, 52.930098970261305, 88.04669663849792, 74.06912473565805, 87.33058506046928, 72.85602549002323, 72.04189779149151, 55.39684102968945, 0.0, 77.51899531319499, 91.12376135802634, 109.45897153350847, 63.67819958177443, 76.8054980060858, 48.350004314719335, 98.31729146769763, 73.12801425227308, 32.34832296457277, 44.4249327530927, 86.12344081915764, 54.976312741436075, 30.351924835658792, 57.91766274280851, 93.52088505013951, 43.774617621323344, 90.64399717829063, 91.91212467146174, 75.70829134499913, 75.7058123438691, 82.11097770125077, 88.69492079018838, 94.31123558096527, 17.137478437363672, 84.3193797521848, 90.27209404628039, 44.608684731156, 56.07870524551499, 59.83891036002283, 60.52697997237953, 82.62395080058077, 98.34748342366176, 23.14499688976992, 46.176181441326456, 74.39440847376936, 55.61067721838433, 35.618440577082374, 76.8753310643665, 86.12040815400442, 13.194038094764934, 102.05284141458232, 94.77571625161059, 77.24044808306526, 18.87239951810322, 73.02162157944066, 101.35622903369546, 41.89764976176246, 57.32339129428887, 55.678193816856854, 18.43995726969923, 77.3648310208247, 91.36038694920803, 67.91890642568028, 102.03874149075763, 20.82515624299055, 84.55917224813403, 83.49350222635432, 55.01468299417724, 68.73633701282954, 113.42750202392449, 91.63237529107921, 71.03753534295602, 88.60162355522016, 30.141543889148423, 85.27066459140542, 61.24284230641237, 90.97686558811637, 70.18852554090832, 83.9020529918795], [21.597052498084718, 69.59036081049169, 65.31611548787872, 68.3424995823767, 25.28965103490789, 32.83971799052832, 43.623388775752325, 40.76911334158158, 11.062375336765522, 39.54760078957577, 37.669582110300716, 43.97905742262026, 77.51899531319499, 0.0, 42.11363095883865, 39.440945349622936, 13.858522071860735, 31.51774806673097, 34.40852283774059, 27.61137844923625, 57.53617240097702, 53.23588580208053, 55.65510143544094, 24.994807524518425, 28.6690246825176, 47.195292529032876, 36.43024869326443, 33.837038660622056, 36.50926550654294, 13.729394804026546, 49.76705576343784, 28.678347264820296, 55.44657110480122, 11.331131190301951, 14.863641312601482, 36.05533564938009, 73.78573357702655, 23.407057431241014, 65.3700071150096, 61.96283215427122, 22.31029111997703, 24.03356924374339, 28.187376992998853, 59.65938743315992, 34.696523945634766, 64.50179336582795, 40.766594144504666, 35.62198244621896, 29.226733778682576, 55.56099236433805, 9.81331468258782, 9.252061876066765, 67.55716559812879, 27.788346627123328, 40.74248310164536, 70.9998254572043, 60.3080095229014, 60.71678759466589, 32.28640249625804, 36.049408106793344, 26.76527535160677, 22.568418185517473, 59.204242421374964, 49.21598687414468, 38.73008459201117, 67.88516232863215, 26.866351334455434, 65.49294862758234, 16.427163462414185, 43.90824600247144, 30.8543703667094, 36.76075152675388, 42.42579334298, 70.18798504742715, 62.42524563160888, 62.11574407381748, 65.19291393707483, 59.81915114918696, 53.34735310732908, 13.82142057512849, 14.268334764622814, 44.35118847632232], [54.02894376628464, 93.22279454772462, 89.90384389069646, 39.93419387972177, 32.58772885033717, 67.27513845467726, 85.70319271637425, 82.11123344239462, 37.09480675429744, 18.71529203077862, 19.19136682496225, 36.56667143803949, 91.12376135802634, 42.11363095883865, 0.0, 29.11195959594234, 44.78059965546395, 73.43420252964307, 44.39839424602273, 64.17457358655832, 30.507426528915452, 58.984933553755845, 88.3707377801607, 66.47986383555781, 38.983476825554185, 65.0555541496114, 73.7731218975757, 74.54167902372856, 49.68497572159427, 47.33115772523349, 8.58096320970634, 17.62669985563565, 26.578805032806653, 52.62111088216176, 32.32726263887093, 76.86159428727517, 79.62299734955586, 65.11379598164872, 27.81762087856022, 54.418414229908244, 44.46245863001548, 35.90487547792748, 65.95470785922147, 101.17030744262858, 16.732960609282607, 69.99517827116932, 72.96650610137988, 77.17421051315688, 64.43451209685044, 84.54094158048865, 32.5770795584064, 38.734071557792106, 86.40029594440692, 33.6841210978094, 5.536656920936827, 41.80521813530833, 72.39279248991048, 33.64860742361247, 24.527976032903677, 54.51857859576239, 62.41854461238252, 45.02137920047988, 76.37818191746813, 19.69073924116782, 80.35693507272428, 44.28538143669459, 58.23744762781528, 72.02541313160884, 57.46008152427025, 9.70381449701284, 66.101308304807, 22.419967919975633, 32.808158650635306, 32.85859776262421, 36.722624846926564, 24.89725753201469, 65.9624972982042, 24.271375949540907, 91.4599403635647, 46.486471435611904, 54.84046900494033, 86.42997827500183], [38.03294989782699, 106.1258294216967, 102.13380723626828, 69.02346717450749, 14.987429250983393, 71.9451551804237, 76.78970890221531, 78.1522379215485, 28.858663285394616, 44.125591511906926, 43.575588926220355, 60.02794362659332, 109.45897153350847, 39.440945349622936, 29.11195959594234, 0.0, 50.01729484508795, 68.04077811837014, 61.20605114193655, 48.62112051035149, 59.28690947456527, 79.38534817342416, 94.77776040941048, 56.815186524447, 54.50541346068619, 80.09685621124582, 75.86544855548772, 62.24535930345752, 65.68963898797604, 35.21199092022221, 36.48642282609438, 35.58446597300391, 55.46381205779582, 45.19092944235699, 24.580847958206302, 64.49228121881147, 101.07472583377236, 56.23611599322268, 55.913580898612935, 79.6151125473449, 54.79846039752547, 49.62998767619612, 67.62808943406232, 96.07754190275905, 13.122479970783003, 91.17405642590404, 79.52479422028932, 72.86472916251586, 68.40791610597698, 93.72557609798892, 34.537819507524915, 30.975205157304888, 101.88627211329134, 13.339475666877778, 23.63743179781712, 70.91708738338977, 90.74442751211933, 62.53402925298713, 8.123986847563112, 68.3664951902332, 65.9757893469618, 55.30412551332301, 92.38151548989322, 48.30453588166682, 69.57138085409751, 72.99892950562246, 40.13433667484835, 92.86292168783505, 48.450363614636, 38.30456946666087, 70.07727826080452, 45.79728483840814, 4.1317066823789945, 60.75733968863891, 65.52190925762281, 53.30686761836548, 88.83545115941928, 53.15126935194383, 92.56000520526688, 34.199766829347126, 53.52729711175622, 79.14494405622001], [34.72599754492643, 56.64515763820505, 52.492415529040684, 62.42667136974817, 37.26006509044935, 22.969187073655245, 46.06389740892702, 38.891399534000726, 23.96975821301991, 36.12276836346847, 34.16364246892271, 34.88011667966084, 63.67819958177443, 13.858522071860735, 44.78059965546395, 50.01729484508795, 0.0, 32.05242030459875, 22.153593417260424, 38.69423818724811, 52.22738844980342, 40.14366673525433, 45.336930589944174, 31.428988664188992, 17.74851761319202, 33.342518134090405, 28.9985924265841, 40.7709525329408, 23.29756532467715, 27.323839582781613, 50.97842550227762, 27.978273420738113, 51.018395187037754, 21.022483206032465, 26.30560723089199, 42.65090636411589, 60.18953898989497, 29.46241200961877, 63.27029196345006, 50.82050859225876, 9.09478771307924, 14.655318807989028, 21.229290099606175, 57.74109899112152, 42.37797448902266, 51.088713406926715, 29.828495355315145, 34.533046752741754, 19.83473155587541, 43.71084430235388, 15.525875480509297, 22.564974717927782, 53.93623744880533, 39.92700143252383, 45.12125784296304, 65.15436470756006, 46.49039478070263, 55.05426680773446, 42.17108214450615, 22.241677205918997, 17.697018354173412, 9.207692424717289, 45.40001160307088, 46.024083738144924, 43.47826334042138, 60.47550610222963, 39.83964675975668, 51.96091123778716, 25.240918474948984, 43.500307875500035, 21.533062790528557, 32.113538987933495, 53.4845950799108, 67.66296969362371, 56.14715411691018, 60.108316131235135, 52.35265265874146, 57.29859728483706, 46.68748660185526, 27.53674336532821, 13.441027116973078, 45.25060301823493], [33.811981793655704, 60.79565847924757, 56.4254653059812, 94.40169572207219, 53.05424761789757, 24.286117545986663, 14.270287525607435, 10.281114573794419, 39.823245974727016, 67.8682183713853, 65.90480599811329, 66.09309727998514, 76.8054980060858, 31.51774806673097, 73.43420252964307, 68.04077811837014, 32.05242030459875, 0.0, 51.05644225900307, 27.792300602139925, 84.27727302612307, 64.68357318634094, 38.89613662632441, 13.669413608676107, 48.71444626246227, 51.105724097698264, 19.19327298144967, 17.45389724642461, 49.66511325868924, 33.16275160934365, 80.76289529174792, 58.490590666136626, 83.03726189500392, 22.890467266488066, 44.80076574870341, 17.770315280145248, 80.05598879789517, 13.092300359612038, 94.84182959458818, 79.37025189603362, 38.785285981821964, 46.55099510856534, 17.198783572389292, 28.319770849256088, 65.7110862720558, 73.01653772434642, 30.674597926871286, 5.160924366599616, 22.49836252253676, 44.01566570877637, 40.857142610377835, 37.694744963089775, 64.089650214238, 54.91906913011825, 72.25723892093747, 97.13162061056859, 64.77763982791323, 87.07998224523689, 62.040537172871964, 45.08661077115321, 21.78321041383612, 38.52775308463526, 59.5067796053628, 77.80555426907935, 14.670601067318655, 92.05473079190173, 35.790614865824345, 73.00500063633989, 19.882655528841774, 74.17283717695523, 22.505818474831106, 64.06365935113652, 70.16926602102421, 99.38648547698091, 88.08591762583825, 91.63099390612318, 76.84164832076816, 88.97140840946712, 28.160793421991663, 34.14089466486981, 19.1320030390771, 13.277852017049518], [55.99728196106242, 48.90489371988309, 45.75865183272618, 46.08346846433985, 52.08571749030484, 32.18890700866318, 65.31092247151248, 55.261425146305314, 41.902241286148644, 28.02167616080157, 26.587388410826872, 16.498243043874883, 48.350004314719335, 34.40852283774059, 44.39839424602273, 61.20605114193655, 22.153593417260424, 51.05644225900307, 0.0, 60.79195880078538, 37.69781073048699, 19.242024771104088, 47.878697294324816, 53.13142910578977, 6.771700842490189, 20.660161931317077, 40.48372617305493, 62.37907864994859, 5.329394041510079, 48.084548339772375, 47.18732317613038, 27.747582382811302, 38.05977443737686, 43.12638250361824, 42.04528408280338, 64.10965919591112, 40.71114107624512, 51.133008147046006, 52.66485786730049, 28.8537719390021, 13.190124762341977, 11.92820034794202, 35.61813320924084, 72.52434957738984, 50.0163510695979, 30.971769911167115, 34.17481781260631, 52.076706223750946, 31.25230930238821, 42.06955566491335, 30.393652208971613, 41.2458644648316, 42.14868744953782, 54.75732936155423, 47.31196016717892, 48.74232841156981, 29.554201714940795, 39.67326581246509, 53.1356277797417, 11.136353935276757, 30.619399761906422, 13.229506140407155, 32.18871237769534, 35.90282677136601, 64.15280620610139, 42.156461357082065, 61.24774760277627, 32.33555156588082, 47.38981903016781, 38.504931282755386, 32.35143732717728, 23.265897588057005, 65.21754707297914, 56.02625787297869, 39.73158923845184, 49.959044675780795, 30.836193880969752, 46.63962613286752, 56.251857808254336, 48.074357883660056, 34.622958480971675, 63.443443921313616], [10.726317634345005, 85.52120674756759, 81.0641007839933, 95.32327550162674, 34.83621174355189, 46.38991693115657, 30.49048916721004, 37.3421610106476, 27.298457844219875, 66.08397829572063, 64.31158632528984, 71.5658052541276, 98.31729146769763, 27.61137844923625, 64.17457358655832, 48.62112051035149, 38.69423818724811, 27.792300602139925, 60.79195880078538, 0.0, 84.41193028940498, 78.64386946965617, 65.6041251801184, 14.233111714163128, 55.703680140158575, 69.23345155971376, 44.69341759620167, 14.567139399333627, 61.848240287709054, 16.95574621151509, 72.61538663411291, 54.591404835113664, 81.9833742411713, 17.672859621620713, 31.856065078408772, 16.549844654456113, 97.74685960815245, 15.362106336978085, 90.27373546677372, 89.13169363051793, 47.78258681167703, 51.398181544276866, 38.93239576408644, 51.61326113260844, 51.277253628206374, 89.1456628657657, 54.40141769604324, 32.80498831700387, 43.19149680513457, 69.21769258184501, 36.07967127299265, 25.994467886599303, 86.62021873096955, 35.594141509092, 61.0519724645679, 97.92782875974193, 83.1529550173914, 87.6849529856643, 45.10248259976776, 59.707420723066356, 41.207766656761876, 47.86326639469808, 80.00600368961472, 75.3017714427884, 22.370088488805493, 95.31656949031837, 9.275975359636893, 89.77170940328281, 13.943074847497561, 68.49262773644031, 44.13754503172748, 63.832587608775675, 49.47977225047761, 95.27304696045206, 89.58844863388573, 87.0496827787972, 90.94799043405956, 85.17721111324322, 55.946900823314905, 17.733991434883222, 28.34692593208621, 34.16844982554378], [75.89461871759256, 81.99107025201491, 79.8299118315818, 10.944282939189305, 59.38963142525254, 69.27295104419244, 98.2550107293006, 90.51008513590085, 58.03746086862717, 18.419485744338587, 20.118448131780863, 21.567493257303028, 73.12801425227308, 57.53617240097702, 30.507426528915452, 59.28690947456527, 52.22738844980342, 84.27727302612307, 37.69781073048699, 84.41193028940498, 0.0, 42.05145170216268, 85.30627546829571, 81.95252969302868, 36.754213515225125, 54.90895709123738, 77.35436097002088, 91.12352553708669, 42.17571882762636, 67.9321650777917, 25.433400657686455, 30.104955897507587, 4.023875355600467, 68.80994325179883, 54.71845116481107, 93.25658951299036, 58.27128455510824, 80.15347417390994, 17.148600243976897, 29.675902832396687, 46.44295918161646, 37.83349638851586, 71.32304157074856, 108.78573793599719, 46.34060627631404, 50.04865035706578, 71.86813250825494, 86.52006288274993, 67.73631463075837, 78.74279370207536, 48.3665179460011, 58.84578177835049, 72.58303328837555, 61.19513734852981, 36.03042150819674, 13.516194555537604, 56.34448163231062, 3.4040917086047315, 53.58456820488325, 48.53453813881211, 66.57907161850842, 46.84098000573476, 63.06125200483021, 10.993552191574269, 95.072527115528, 13.778101129601046, 80.89699257236936, 52.35334623684002, 73.88273113081874, 20.994615190482364, 69.06654699481724, 20.794428301830305, 63.13396573231816, 19.115429530996288, 6.235587873601823, 15.618752992295596, 43.821224812649234, 12.451648015258838, 93.77845526274709, 67.37338129368644, 65.45923515917058, 97.44249184835788], [74.70670427522703, 40.36958673210105, 38.7416751232612, 46.562073473642556, 71.12236007769839, 41.8459062261455, 78.4635109848835, 66.44402650164288, 61.13107163454692, 40.557955914706035, 39.822154996771566, 23.061396327237137, 32.34832296457277, 53.23588580208053, 58.984933553755845, 79.38534817342416, 40.14366673525433, 64.68357318634094, 19.242024771104088, 78.64386946965617, 42.05145170216268, 0.0, 48.96726121255596, 69.44034205311883, 25.8633262222039, 16.7336484104159, 49.80369250109179, 78.3449604071483, 16.8461022908813, 66.964565983474, 59.563890390243046, 44.41190210396381, 44.16315593407511, 61.04336364082629, 61.24778583054529, 79.8135536382385, 21.727176628107042, 67.44267020190433, 59.08643455503602, 18.178384166899423, 31.105883750077016, 31.07218206080543, 47.70848572697248, 81.26965479971798, 67.49416275312417, 11.850828950692033, 39.85624861813894, 64.43918198683856, 42.520528434577884, 40.65910685193475, 49.63369813693342, 60.43016443665591, 30.54973132733669, 73.76884541065378, 62.8812130124831, 48.75709755187902, 14.355959436072967, 42.551834095964715, 71.4371113612288, 19.71978697625522, 42.91836585367195, 30.944773962291297, 21.281733778208398, 45.1785839109489, 78.84757891062533, 39.99597986731832, 79.8938322578928, 13.48013275647946, 64.87104336006604, 51.158865674758836, 42.97037395456483, 36.565167995168785, 83.46733515675864, 61.06858424974095, 41.14189627109826, 57.11631762175922, 12.390324814600223, 53.72602590296684, 61.92453059947957, 67.01780287090592, 51.07422052887855, 75.68409927576755], [68.8403339765527, 24.02471815527774, 20.289147529318665, 92.69377819745333, 80.94393968793497, 22.845587546826625, 46.6272653336478, 32.66073193550891, 66.68375421442619, 74.95840010045487, 73.26176219660069, 63.75354094731218, 44.4249327530927, 55.65510143544094, 88.3707377801607, 94.77776040941048, 45.336930589944174, 38.89613662632441, 47.878697294324816, 65.6041251801184, 85.30627546829571, 48.96726121255596, 0.0, 51.516873833031426, 50.837807907513664, 32.35818277765868, 21.050996739231184, 56.28495368669073, 43.142775923982384, 64.89461719065662, 93.10522910650919, 70.7635330669522, 85.90724535267196, 54.022290755338204, 70.32182882059969, 56.329198723373274, 54.16684640610454, 50.24419070897934, 100.53371761610651, 67.11712032524734, 43.90968270987265, 52.728910620112536, 28.292616261938786, 38.22092373371711, 87.71333463254466, 51.21856171154658, 15.561314501078193, 34.85121955961918, 26.431361477888423, 9.27445045169235, 60.72209032146155, 64.75049226810745, 31.376879234051234, 83.43492582654868, 89.6264960742758, 95.21080670923521, 40.59278671654096, 86.96964892960463, 87.17583944076209, 36.821062446828236, 28.890228340632532, 43.351548228222214, 32.25104825346801, 83.59249840807254, 51.88992248092085, 87.37246866348126, 72.22469368894983, 50.03657942831718, 54.01504716596434, 84.70141074714618, 24.802606868098664, 70.18383481581017, 97.96937389736124, 103.88225617066423, 86.55174287680845, 97.78879159580724, 57.85987354609012, 94.49233793075952, 16.87744497395363, 65.63047164088027, 42.5508932437778, 41.91293801323269], [20.59442077237861, 72.07928791706863, 67.63481016795792, 92.5932277223931, 41.96402511676918, 33.387656829804726, 20.07645964951795, 23.587592859420113, 30.250029000649175, 64.30840927573108, 62.3941181230597, 66.19742803738075, 86.12344081915764, 24.994807524518425, 66.47986383555781, 56.815186524447, 31.428988664188992, 13.669413608676107, 53.13142910578977, 14.233111714163128, 81.95252969302868, 69.44034205311883, 51.516873833031426, 0.0, 49.17743202732339, 58.1283712200479, 30.765754640127266, 9.352232950447139, 53.10714565736677, 21.643686338725065, 74.43409635683838, 53.65875885309791, 80.10732618340019, 13.887870454349288, 35.37330381007328, 11.344366984369918, 87.12307887526649, 2.0053917