instance_id,num_cities,city_coordinates,distance_matrix,best_route,total_distance
2373,88,"[[7.332806889152144, 71.78136801140272], [21.54136410208033, 94.18239847319867], [30.015544242048755, 88.25242445653659], [12.807554309137393, 52.336254177745154], [86.16075056591231, 37.02079282024784], [88.59991360694394, 51.146567784769104], [55.099953082993316, 14.67732551519375], [55.449448388136894, 3.4711623153738658], [73.45901910940752, 41.87585652230229], [14.663089279901808, 80.76189432443942], [31.40984352589673, 62.67323442145173], [44.43787408639817, 63.27345345268197], [89.18335905524731, 41.986148311707716], [6.86872530780157, 38.461021102853934], [79.82132606883026, 98.39286313575097], [9.050401131759312, 82.51806435523467], [50.24988681499211, 19.167602344762624], [58.39945177480851, 30.36044446971221], [29.66745713379415, 5.314694239739593], [15.149136570941934, 19.06701742052428], [83.54388911325691, 78.10869068366274], [13.176573001703417, 32.690684766081546], [15.492171647268593, 0.32001384603579375], [64.48018821730832, 11.746251945026176], [28.56884716797712, 5.375874511612311], [6.678229622979382, 3.921226016482915], [91.14676261520907, 89.73540536394279], [8.66904172173275, 17.56231941217059], [20.053498136525082, 37.70017477371027], [44.045787538979454, 16.004851516593675], [16.868588421033692, 34.993033364368486], [55.77113172029083, 20.777189488219705], [18.37556389245395, 16.548279667039424], [54.605676936220874, 68.30892583856057], [98.22090390027894, 5.093186992937515], [97.50366244490671, 57.826295516755835], [19.508978473007343, 29.735907382024994], [26.198062666965182, 17.37928079411243], [7.994977386627477, 39.241358839988564], [93.0507573262768, 65.50139981594252], [99.57326158937137, 94.25098667775967], [17.68532550413614, 81.99800123616332], [70.72492360472236, 85.20498128293039], [20.682303512633915, 91.53660754439551], [84.26514964338185, 63.78926042559968], [21.820376513361484, 5.938026513483885], [42.81266576355181, 37.32322491286575], [35.71889559394727, 58.79308596640782], [10.397857335301586, 85.96133959746165], [90.85544911573973, 60.250163853494854], [32.57673280598979, 27.894251220839372], [21.442612850245514, 84.55146249057408], [84.08245182936929, 45.85493781557262], [76.3547647484665, 60.11169549575436], [18.577280808777164, 64.41335127144234], [75.28297583553383, 91.20331755708035], [0.8899970728138196, 3.2626362027506683], [38.25406673362931, 56.41297633567623], [44.953942393098515, 67.21098373759482], [8.977125207371383, 30.310643087296096], [75.48265477351728, 39.17657192904771], [4.275919089565217, 58.63455298002872], [36.81674353951103, 5.263739375742782], [76.68833744954306, 28.3522245055999], [59.816178673440156, 8.466656312246956], [7.180302989008814, 29.80388062716791], [66.69046242385613, 76.08723847861096], [66.00326646733933, 74.57508580937576], [91.41861353727917, 31.657367809232916], [57.78603877077344, 12.971836540244318], [34.69128007567313, 26.155525701162684], [80.37359373544017, 86.20929463405692], [97.48265268906863, 71.91377507904669], [6.996036731765409, 9.334577055604342], [20.593045255474163, 79.49829952332982], [59.18803571633904, 97.147176968158], [74.10469978984997, 7.55621234516105], [82.34967250092666, 29.192918081219787], [23.979166530142358, 36.24008981701974], [50.590712981699916, 65.75152581660448], [76.4198718312645, 3.502764874475306], [91.7053772341235, 2.8549372926910066], [28.906569953775907, 11.494051007524696], [56.91483660012295, 56.81500424634213], [5.821079742376711, 90.40183897601815], [78.84436952660486, 72.31151991517162], [95.04775281974962, 34.570940952939246], [29.308343117386592, 23.320733484274758]]","[[0.0, 26.52714202139695, 28.032164993793774, 20.201121536106257, 86.15185599815251, 83.84591590932763, 74.44845146081035, 83.55534328440997, 72.57420726417182, 11.592363554826912, 25.74221806098951, 38.067973702978136, 87.10492527318854, 33.3235785866432, 77.21889073028552, 10.873213800983207, 67.89760000902132, 65.7532898562825, 70.11886567692876, 53.29069119379551, 76.47328988586901, 39.52506949980273, 71.92565865116563, 82.8856945061631, 69.71842635684331, 67.86329893961882, 85.71538153508877, 54.2355119320699, 36.37779155358285, 66.77471632654309, 38.004114192097056, 70.33987161824814, 56.32616204118839, 47.400233091523724, 112.72958647070244, 91.24432716606334, 43.77305008765137, 57.58024808178554, 32.54674586872617, 85.9476877389808, 94.93779672140434, 14.54490412903682, 64.79779205300139, 23.84278819908176, 77.34635831968646, 67.41836020868405, 49.45891235709261, 31.216430007879413, 14.507450789814156, 84.31488856567329, 50.62938688038138, 19.03055273150701, 81.01041773221918, 70.00151372188637, 13.443432017511887, 70.67133495269961, 68.82097359813716, 34.529867840294656, 37.89773408815578, 41.50331081326584, 75.54782918280354, 13.497529718004872, 72.7591742649265, 81.8308018105709, 82.23902377457439, 41.977764406089456, 59.51362693582833, 58.736936302895536, 93.16844032122641, 77.48606067647147, 53.19965734491602, 74.45214308368548, 90.14994303592367, 62.44769903540152, 15.342260377514519, 57.726848352829045, 92.64640468952499, 86.26300593922483, 39.24644882008704, 43.67614264568073, 97.1338776567974, 108.94761804756682, 64.03114745414614, 51.79159888058787, 18.6817359447773, 71.51352775448429, 95.2813078283504, 53.2104998218426], [26.52714202139695, 0.0, 10.34293579613268, 42.74785638947552, 86.2734853114532, 79.68018439197678, 86.29736682221271, 96.84155381462537, 73.69814944977065, 15.08047068682802, 33.018393440296116, 38.4657386740888, 85.43938209142907, 57.62081416672053, 58.43185757376211, 17.09037291405398, 80.32060081043092, 73.7004778798188, 89.23845720139735, 75.3868758040703, 64.05214430341083, 62.058042063788974, 94.05711018978211, 92.9487002104538, 89.08414121706107, 91.47672938952738, 69.74730998314726, 77.69384273404032, 56.50181713158, 81.35218449666507, 59.37352755691534, 80.99383740337983, 77.69864023119143, 41.98434671838157, 117.54420200859855, 84.2142327145717, 64.47852980108954, 76.94415979625595, 56.586415587334756, 77.04669365566757, 78.0319276309954, 12.780006639227938, 49.99616530053134, 2.7817610852258934, 69.69946996219981, 88.24481305147711, 60.707774562549915, 38.12356015518727, 13.84787175343483, 77.17408196776576, 67.20043027080774, 9.631442244604495, 79.03752974205892, 64.53930346539603, 29.916249114319726, 53.82411870912563, 93.23562694320371, 41.301860464789655, 35.715627322966135, 65.09578507921916, 77.04092284692385, 39.51891838963291, 90.22120123699892, 85.87665849338855, 93.8730519620766, 65.96084926943465, 48.640270296320374, 48.59328628354676, 93.76678222141813, 88.9316131153912, 69.28618700184995, 59.370039821968454, 79.13893416089714, 86.08553506612834, 14.714688940115861, 37.763233377929986, 101.3262077732833, 89.00158949113558, 57.99356872176581, 40.647007151146205, 105.99267220039717, 115.168111491292, 83.01571576419663, 51.45488031154178, 16.16848695647382, 61.33489838243034, 94.6399231297384, 71.28605423241417], [28.032164993793774, 10.34293579613268, 0.0, 39.82569779710482, 76.00634363831476, 69.34675863534085, 77.73366549396759, 88.51409995227287, 63.54621595271808, 17.082327564609162, 25.617162866795447, 28.843588378539547, 75.10924455803374, 54.90864298727427, 50.82759486719656, 21.73522742936729, 71.98709096480202, 64.47579044589628, 82.93846066903541, 70.76461420641142, 54.48099704948449, 58.0573670593411, 89.12371843286458, 83.91070323088937, 82.88917579031448, 87.50075019087059, 61.14920352840865, 73.842833917946, 51.52448263304924, 73.59727931576981, 54.85804578061669, 72.22366385319256, 72.64278025056672, 31.66098171317819, 107.55198678609239, 74.02969283215411, 59.452255590438284, 70.97588081997093, 53.730716703796666, 67.01527595086775, 69.81589211126582, 13.825776793522875, 40.82328352779128, 9.894202396746621, 59.51021828732335, 82.72134478372892, 52.51237649730927, 30.006346677314532, 19.751017933327937, 66.97477602740027, 60.412488470601, 9.337680232373911, 68.70791344180506, 54.21461042548045, 26.441166401904393, 45.36351103212457, 89.84187000130115, 32.88804812519644, 25.804998873242134, 61.643045866663165, 66.90065351983202, 39.239605168621424, 83.26690917359049, 75.93670772394417, 85.16951691120346, 62.750940382261746, 38.63989354954001, 38.49916549009591, 83.50651085865329, 80.23943720760096, 62.272685349364814, 50.399479444239944, 69.41730465584567, 82.2065956259765, 12.861500320654338, 30.498375056067083, 91.9550557938079, 78.91062206010525, 52.3614439309487, 30.48980170925381, 96.62228737865048, 105.34878408642999, 76.76638403956528, 41.37491170791174, 24.289752884754694, 51.365033011442875, 84.32609218765317, 64.93554208557924], [20.201121536106257, 42.74785638947552, 39.82569779710482, 0.0, 74.9350035542665, 75.80169577022295, 56.62898464618614, 64.8546708677378, 61.54689351647572, 28.48613746679403, 21.28140795771607, 33.46788695438438, 77.0739141477458, 15.092772534881147, 81.314554872857, 30.414763941025285, 50.0208729221772, 50.6118299100511, 49.95281195548773, 33.351538523684546, 75.28510838786144, 19.649034894975273, 52.08547233632755, 65.70851829298837, 49.53479192415625, 48.801471012298, 86.80857139401706, 35.01933502390561, 16.331519288506865, 47.91448668877434, 17.812335788422782, 53.308944353099186, 36.21852910181235, 44.7460534028748, 97.60813329537048, 84.87385514544498, 23.572966743940366, 37.43388441272242, 13.95124297479885, 81.31600512890927, 96.35939373193992, 30.060137897027985, 66.59410550218621, 39.983488830868986, 72.36960192695571, 47.265489466095396, 33.55141965848773, 23.803786173970696, 33.7113187073562, 78.44809653585223, 31.43615636469895, 33.3524194421833, 71.56897706622699, 64.02113277902994, 13.384544000123215, 73.57871234694298, 50.499981699370444, 25.771004212540642, 35.421008544694246, 22.356201175767062, 64.04174775181261, 10.604591803680659, 52.84186614120116, 68.23480148682108, 64.29892986282621, 23.22442281828855, 58.885287145085705, 57.65717149113618, 81.2853921342098, 59.771409891395585, 34.12225076089612, 75.58142995148765, 86.90886957205193, 43.39260273213572, 28.255806069391994, 64.49161074815949, 75.91173947823633, 73.29202008593788, 19.593147443532256, 40.0940967278279, 80.1949912280592, 93.13037733726632, 43.90061348687375, 44.334090193367516, 38.70141564473458, 68.99182709094424, 84.13712976469051, 33.37928208346684], [86.15185599815251, 86.2734853114532, 76.00634363831476, 74.9350035542665, 0.0, 14.334818962548162, 38.26230091731191, 45.48364308702858, 13.598000792181546, 83.81646335994543, 60.46246423862993, 49.29503638305332, 5.812995547595984, 79.30510404153625, 61.69861682214006, 89.53216018272708, 40.10394675703515, 28.54907968252959, 64.78247363295347, 73.24607411509774, 41.17114662839509, 73.11251610008185, 79.63036621600168, 33.29938738482971, 65.7132269163318, 86.0990851173267, 52.94988849646062, 79.89741627214202, 66.1107433296693, 47.06739741730531, 69.32182587845662, 34.45843268041116, 70.80928842435777, 44.43725846119312, 34.129449340892315, 23.696636730747965, 67.04870080003472, 63.09764603168142, 78.19730820279833, 29.30217002204924, 58.780868834364775, 81.92577808162471, 50.59625254683501, 85.20211900854683, 26.83550187338163, 71.45503547338743, 43.34913979773165, 54.94008993308146, 90.1953053630042, 23.699026838121586, 54.355687106883536, 80.29696076872203, 9.075320569364926, 25.086792226621217, 72.92377968067555, 55.263658673149095, 91.70994787640127, 51.68275473794308, 51.082762918786344, 77.4747580372229, 10.893535391116252, 84.68931605671577, 58.679992100363215, 12.840198085422301, 38.850677985270515, 79.30948821579061, 43.64950511417663, 42.622166616650134, 7.510755679320904, 37.19511483534785, 52.60380615615827, 49.52776892681094, 36.68386128257469, 83.86643225873367, 78.12466035373743, 65.8992368473145, 31.835669662940326, 8.706316037643493, 62.18648478871249, 45.72398268141368, 34.904769242851366, 34.61283820809447, 62.686966309916166, 35.314788540713, 96.45723817691722, 36.04115495375702, 9.218491375027957, 58.479807271419475], [83.84591590932763, 79.68018439197678, 69.34675863534085, 75.80169577022295, 14.334818962548162, 0.0, 49.520228057059995, 58.06804311232278, 17.753669296727303, 79.64748305890897, 58.34010764155568, 45.79680218767329, 9.17898107164342, 82.7097952809032, 48.05492715171396, 85.51196250882263, 49.93374395693309, 36.66238968402115, 74.65651383909692, 80.15057204265358, 27.43208805205699, 77.64856679973947, 89.0397693153427, 46.19681851754437, 75.48963704049086, 94.55895098773036, 38.67279179969747, 86.69974636111937, 69.85282069359211, 56.745135227198276, 73.52767973489895, 44.72167325000675, 78.28474202231509, 38.08089627085573, 47.04760712918234, 11.130835815112713, 72.33238345695149, 70.95224218757782, 81.47938231908834, 15.029012358006996, 44.47926813748003, 77.33491935598495, 38.46414951082704, 79.01997894651026, 13.365173243557606, 80.64315704578198, 47.82841073281046, 53.43099574584971, 85.60157674647687, 9.37885397124604, 60.656961782186215, 75.00659994448199, 6.957643900254333, 15.176204579556357, 71.26834253768757, 42.21236825776501, 99.9294769433699, 50.62054283012296, 46.508453673555145, 82.30385282914689, 17.757907536900206, 84.65580885947132, 69.18620270722215, 25.719014990511738, 51.47891063362291, 84.17044189193383, 33.19730570095666, 32.550021793865525, 19.691977680865666, 49.059198811343, 59.419634411812424, 36.01481851593961, 22.587163443084243, 91.69206775831296, 73.68008438885947, 54.599584305145925, 45.93724317974076, 22.826043222369908, 66.31775055116812, 40.71859687270331, 49.176065046038566, 48.39137815689013, 71.66322183145876, 32.188123226542224, 91.61501870477422, 23.305060372924775, 17.785556932024154, 65.49631581727873], [74.44845146081035, 86.29736682221271, 77.73366549396759, 56.62898464618614, 38.26230091731191, 49.520228057059995, 0.0, 11.21161186579855, 32.81486544703301, 77.47457769445212, 53.52409329045241, 49.75202085389456, 43.67436737035672, 53.77653306516621, 87.28938951214977, 81.99345755163662, 6.609518046738828, 16.026444139573393, 27.101120172534277, 40.19125694729292, 69.51687265714266, 45.629496040848835, 42.12966589738731, 9.827512576881933, 28.1143481490472, 49.60198563832129, 83.26516575395155, 46.520454851848015, 41.93215463454272, 11.133593362381086, 43.29393986840139, 6.136678356618059, 36.77201695388102, 53.633877933211465, 44.17320579944998, 60.49717497408723, 38.645547758166465, 29.02791470204802, 53.12504558620959, 63.42988310914702, 91.15833873167243, 77.01900892891652, 72.2377320511743, 84.21356087942391, 57.11909348939326, 34.40792879112713, 25.76459177243041, 48.185326704118246, 84.14088202483242, 57.9252888707227, 26.114796127003917, 77.55779502794775, 42.56793091443864, 50.160233197875, 61.70557388174929, 79.1427941471898, 55.39868647111769, 45.00720427114895, 53.5044556943392, 48.700265600450805, 31.86954036461186, 67.19613290778256, 20.564322386496112, 25.555062159104608, 7.7984098230612, 50.25042820400141, 62.49413826076094, 60.882049333252134, 40.09198091265966, 3.1817839282030564, 23.415016835972956, 75.86553577119857, 71.2201122196132, 48.39970794775911, 73.43354382828295, 82.5711137038314, 20.29508931175697, 30.87474106610392, 37.861011080057146, 51.27286985063092, 24.070931451565787, 38.46720604057067, 26.386105365232414, 42.17674443375429, 90.34715987013156, 62.33376032602309, 44.62715136542879, 27.20139051478724], [83.55534328440997, 96.84155381462537, 88.51409995227287, 64.8546708677378, 45.48364308702858, 58.06804311232278, 11.21161186579855, 0.0, 42.41774598787788, 87.39212975893827, 63.89669743880261, 60.807637627801924, 51.1994226060644, 59.86966571625418, 98.00060055079183, 91.65852010805604, 16.53522513149191, 27.050619489338732, 25.847817760792907, 43.21279705161412, 79.74997329519559, 51.38848592519869, 40.08133856574836, 12.248729331688347, 26.94799900749135, 48.77329532822145, 93.35854471749708, 48.85659787787883, 49.239197679161336, 16.94511273952995, 49.82078993985012, 17.309016629302317, 39.31264312951335, 64.84325353459487, 42.80220053550719, 68.72435831110097, 44.514651645682996, 32.389494071803554, 59.42586791492957, 72.53694781446482, 100.93506527804423, 87.13548879813278, 83.14900664538224, 94.67986589650423, 66.84771947094644, 33.71942903031911, 36.1337849831086, 58.73508278716507, 93.99082510767836, 66.91367500884223, 33.46114746666748, 87.92314791795029, 51.14912816184528, 60.37534472848373, 71.22855562734331, 89.94609426963206, 54.55984980705825, 55.66432270318628, 64.5981461113901, 53.66595335893977, 40.94149037052117, 75.24446671013825, 18.718734532370682, 32.713264347610036, 6.635005173877395, 54.984747441908475, 73.48098334872968, 71.88289791243656, 45.69729775017689, 9.783785838996446, 30.74868930388889, 86.41071438703308, 80.31924741755202, 48.80689227514643, 83.63668113563607, 93.75058803249836, 19.097278303647936, 37.218688544817695, 45.43326149232237, 62.46960050772842, 20.97044725574106, 36.261165311719154, 27.728886356071122, 53.363965693789616, 100.09953805646138, 72.70706409657296, 50.350987529186035, 32.82320612563176], [72.57420726417182, 73.69814944977065, 63.54621595271808, 61.54689351647572, 13.598000792181546, 17.753669296727303, 32.81486544703301, 42.41774598787788, 0.0, 70.4917392356395, 46.91123633771497, 36.05667778430972, 15.724726738838518, 66.6777948760014, 56.87399217911928, 76.15943229387872, 32.470427001371945, 18.957723572366447, 57.04751955796038, 62.61218366117294, 37.610143237685094, 60.97819847223699, 71.32351270957912, 31.4390279139151, 57.856514099208205, 76.8129404544827, 51.023452310211205, 69.20180096428965, 53.568516765451996, 39.1720192410479, 57.00745653087, 27.532074220900185, 60.627330371684494, 32.46776346743602, 44.340903420012204, 28.85413968995003, 55.29905288336998, 53.232323134176404, 65.51703089060128, 30.692059270730024, 58.524421561459704, 68.70583232022369, 43.41530065254431, 72.46773006836256, 24.432963957455947, 62.913250074248346, 30.982663345333663, 41.35830720697725, 76.94309548146683, 25.30318056818811, 43.20702049667985, 67.28234437709037, 11.344179595458112, 18.464321430039135, 59.32911484647646, 49.361171281446815, 82.2024558197251, 38.08827279162447, 38.1367023956938, 65.51082966190164, 3.3736091380654205, 71.18395349597911, 51.79868223124629, 13.903852698626872, 36.087418220715485, 67.36913842837168, 34.87451813238377, 33.538453205660964, 20.663120374056884, 32.879852247515, 41.833794842373614, 44.86942251765396, 38.46311897898336, 74.00177630206252, 64.88651176392771, 57.08397175069114, 34.32571747227844, 15.4887263914248, 49.79977587923649, 33.060656518003896, 38.48715125146388, 43.07623152434805, 53.925641693937315, 22.290987183639984, 83.24459030421421, 30.908439062496402, 22.791121400483654, 47.89128085057606], [11.592363554826912, 15.08047068682802, 17.082327564609162, 28.48613746679403, 83.81646335994543, 79.64748305890897, 77.47457769445212, 87.39212975893827, 70.4917392356395, 0.0, 24.650626662657153, 34.530904627566926, 84.00493489214875, 43.01297461276333, 67.5014583743752, 5.881020440821696, 71.1356237287703, 66.73211784249368, 76.92471030374861, 61.69679147377415, 68.93187996306327, 48.094187996564685, 80.44615287553317, 85.1169914857334, 76.65782468647106, 77.25442569687603, 77.00828648423544, 63.483185767737524, 43.39779024682261, 71.11130395514606, 45.82196918557559, 72.71888315677866, 64.32084246274998, 41.8388184918387, 112.7282646604382, 85.95697909404184, 51.25557516523744, 64.42368593130209, 42.052569281041194, 79.85930875228348, 85.97495550531104, 3.265252224910931, 56.23762343471086, 12.342017053618958, 71.64158784048244, 75.16540397505752, 51.76211603534817, 30.429845878783482, 6.725060199610953, 78.90504916839278, 55.82012461209115, 7.766773250625195, 77.70163131805101, 65.05607991404747, 16.810584620423494, 61.512551281350945, 78.713614313898, 33.902861596711794, 33.1837755545977, 50.77065036837191, 73.67739535000439, 24.44406961892975, 78.68135609985194, 81.20286264058284, 85.23733290654057, 51.50447796693495, 52.23695974630604, 51.71160791582045, 91.1189608605556, 80.34351689574449, 58.16342425247159, 65.93591256617707, 83.2908716334851, 71.83763183039035, 6.0630891213652385, 47.44416025689727, 94.29940049686225, 85.09308349631287, 45.486045903434444, 38.93719696638432, 98.90840851243442, 109.56736780249814, 70.71711857452674, 48.56607556746056, 13.08088932554611, 64.73519569571597, 92.71083165295542, 59.27875183090506], [25.74221806098951, 33.018393440296116, 25.617162866795447, 21.28140795771607, 60.46246423862993, 58.34010764155568, 53.52409329045241, 63.89669743880261, 46.91123633771497, 24.650626662657153, 0.0, 13.041849683645736, 61.3655817892414, 34.474595823298735, 60.16280842424287, 29.895851539595206, 47.40978014637094, 42.10172618664186, 57.384998406521454, 46.53936776329143, 54.37105865557133, 35.091386946730324, 64.35290509496943, 60.722361961331266, 57.36774976363799, 63.74520544998268, 65.5809469160339, 50.518696733693105, 27.433925872400316, 48.348785342097365, 31.26726132211227, 48.46391382810227, 47.931241342775216, 23.870645264600284, 88.19965788039822, 66.27130386558527, 35.02139491095743, 45.592816264375344, 33.12565093073746, 61.70575964725238, 75.12260644877001, 23.702510571089498, 45.313961846590125, 30.792441000518746, 52.86708710355616, 57.53991392020706, 27.79653462338356, 5.798575838803034, 31.366214409180156, 59.49496865215135, 34.79855317481566, 24.041683609642977, 55.29248381303169, 45.017856738974864, 12.950006661790885, 52.33371171993062, 66.79131835967668, 9.27546347185858, 14.284039449003693, 39.37720367191998, 49.945028176489544, 27.432841688418698, 57.66354731683183, 56.81613972840532, 61.19863549805567, 40.83460607722934, 37.74463636953645, 36.583588906308194, 67.55025136878427, 56.26662089500262, 36.664845233685135, 54.32674263117514, 66.71584296370388, 58.660432420605616, 20.002148397246046, 44.27279837646086, 69.71898503247118, 60.957343759774346, 27.457714658981462, 19.426312851234407, 74.3441128433158, 84.93397468942928, 51.24036683605283, 26.169133201176006, 37.73142380711742, 48.403830470018654, 69.56667591227172, 39.408573102530404], [38.067973702978136, 38.4657386740888, 28.843588378539547, 33.46788695438438, 49.29503638305332, 45.79680218767329, 49.75202085389456, 60.807637627801924, 36.05667778430972, 34.530904627566926, 13.041849683645736, 0.0, 49.55106240296421, 45.02330217857325, 49.853401194706045, 40.28186056906938, 44.48713964632125, 35.751808511774136, 59.8112279296923, 53.02866330499519, 41.825407050982534, 43.73299310641846, 69.2891712174585, 55.28785446128875, 60.0329548046318, 70.34541670672009, 53.683844558216606, 58.04237369371737, 35.33539829769996, 47.270228060091235, 39.49490691810725, 43.98153225540739, 53.50220442134947, 11.346373735330978, 79.2310400113974, 53.34462881761334, 41.78775936736469, 49.385886694794394, 43.65347971632508, 48.66391026101004, 63.241746653723965, 32.654364874273185, 34.23449846788747, 36.920631258106056, 39.83061555041825, 61.63523650288398, 26.001070427221673, 9.802768933514846, 40.90798110556693, 46.515927934473225, 37.31453635026735, 31.32947027856557, 43.30239290638225, 32.07311370778677, 25.88570361623866, 41.61126783462255, 74.14658305947025, 9.236104138061547, 3.9712052631142605, 48.41499332072441, 39.29933977912848, 40.42897508919584, 58.508192230669145, 47.535088285518874, 56.9234333536254, 50.0833196703195, 25.678215950628115, 24.347341589377336, 56.62832110141949, 52.042541871500056, 38.37625118972549, 42.631311936085176, 53.74387123024682, 65.66044145046537, 28.841315711879055, 36.9458578586598, 63.123145548622716, 50.978302739786564, 33.902233913568935, 6.633119108863835, 67.78925720839254, 76.71123743491114, 54.05856015135409, 14.04941848333109, 47.19328454887627, 35.5737764913615, 58.182420448125285, 42.72145292726179], [87.10492527318854, 85.43938209142907, 75.10924455803374, 77.0739141477458, 5.812995547595984, 9.17898107164342, 43.67436737035672, 51.1994226060644, 15.724726738838518, 84.00493489214875, 61.3655817892414, 49.55106240296421, 0.0, 82.39008102201826, 57.178362506106296, 89.80048532010846, 45.127611289855665, 32.906016733607274, 69.90663863522904, 77.50066231757523, 36.56011062128094, 76.57308383967083, 84.65493407303141, 39.047381240181, 70.81264858095601, 90.86272443624385, 47.78960663763295, 84.13726114983626, 69.26259625375224, 52.080976810559136, 72.65211427443542, 39.57520524089828, 75.23848095887836, 43.45692945265036, 37.983783535796334, 17.89239257264303, 70.74311070594854, 67.62133901475356, 81.23476587775424, 23.83115235766368, 53.28755393239714, 81.93239393624529, 46.99554620041819, 84.54373200079624, 22.350939167513843, 76.40182263609942, 46.60454968107686, 56.04392925673273, 90.22733914885343, 18.340396639141687, 58.334309792289076, 80.00384157998957, 6.402092372984774, 22.206041804181815, 74.08237116847566, 51.14245205484917, 96.41176359871017, 52.93322381278115, 50.91692862434903, 81.05157228768249, 13.98581485882808, 86.52423209440278, 63.95934441997658, 18.493497324134488, 44.56442109440571, 82.90300869172624, 40.85112910852909, 39.99194343378302, 10.567879128176434, 42.750696001556676, 56.74500227996867, 45.09211278747076, 31.05706230063512, 88.43574535331457, 78.17795492128809, 62.78899986974937, 37.58705170537397, 14.503999850143858, 65.45688589503268, 45.323123225439204, 40.5447580692477, 39.21239920623828, 67.55042044570135, 35.5127091302115, 96.4020161342036, 32.03939555237509, 9.45391000584772, 62.71694543135235], [33.3235785866432, 57.62081416672053, 54.90864298727427, 15.092772534881147, 79.30510404153625, 82.7097952809032, 53.77653306516621, 59.86966571625418, 66.6777948760014, 43.01297461276333, 34.474595823298735, 45.02330217857325, 82.39008102201826, 0.0, 94.4134929300583, 44.11102775432679, 47.47800734116819, 52.16354198103204, 40.23010262713659, 21.0877355236867, 86.31928201614284, 8.54901888926084, 39.10371160560493, 63.50401207584839, 39.566680600101094, 34.54032039825971, 98.65013965394357, 20.976102391684705, 13.206707450444156, 43.4328620819277, 10.584148583502872, 52.00156972156714, 24.750264068209596, 56.300212858264246, 97.2555031182235, 92.68066509781166, 15.359153932488988, 28.601801642371665, 1.3701717881550735, 90.32455216485019, 108.19727956852732, 44.86053364523789, 79.13666580196718, 54.84371266548765, 81.43541126023425, 35.79520988670013, 35.96194426969252, 35.294832300995104, 47.63124006318435, 86.76713961978172, 27.794932546533584, 48.33970402696596, 77.56693604688837, 72.78091356129734, 28.471278740141788, 86.3843707538396, 35.70254179864029, 36.15677465008507, 47.718383375101794, 8.418670437366847, 68.61766047972692, 20.33946981818141, 44.709543836590306, 70.54761518483718, 60.853058568148214, 8.662745630987194, 70.67087423818995, 69.29011204909335, 84.82318844370891, 56.94094607532713, 30.42235643227291, 87.65194411862774, 96.59177285902366, 29.12672228446299, 43.27141294417989, 78.62172175596042, 73.99853693756543, 76.04782128891637, 17.253977355948283, 51.540118875374745, 77.8424155666895, 92.00571022694325, 34.826485219764585, 53.30555273810475, 51.95138229695116, 79.5383532049443, 88.2647926215524, 27.069627936370814], [77.21889073028552, 58.43185757376211, 50.82759486719656, 81.314554872857, 61.69861682214006, 48.05492715171396, 87.28938951214977, 98.00060055079183, 56.87399217911928, 67.5014583743752, 60.16280842424287, 49.853401194706045, 57.178362506106296, 94.4134929300583, 0.0, 72.52953228010237, 84.56424756919176, 71.32535795788235, 105.73058258700365, 102.34784752444345, 20.62292723368305, 93.58578606764047, 117.28820859914399, 87.99423697842964, 106.20252711769874, 119.47720610091997, 14.255423109704415, 107.68576677750805, 85.18095841417511, 89.82022943446113, 89.345316566637, 81.25641294053409, 102.34313622614215, 39.253945591241504, 95.09665626471528, 44.25281265753874, 91.38575844128259, 97.15274006270359, 93.04797056072191, 35.45230896167143, 20.1815286190337, 64.26254012161532, 16.020760454890482, 59.53513441352336, 34.88777563106783, 109.14214110134607, 71.40827438235415, 59.27197251360476, 70.5277306346821, 39.70664150933644, 84.86522181966266, 59.99715433983569, 52.71044289033974, 38.43780487058758, 70.03884855101578, 8.502128466910152, 123.61195238892363, 59.077474086041796, 46.77653308221805, 98.25522623466377, 59.37502179271899, 85.36879841078586, 102.57888579443603, 70.11067448975224, 92.12452765672616, 99.90578940004362, 25.88359463846001, 27.535890904765523, 67.7356878838737, 88.217377375085, 85.17601758114222, 12.196078919515658, 31.828675157810764, 115.04304014828733, 62.16907416239681, 20.670858830690605, 91.01635535916118, 69.2461185282672, 83.55425789960594, 43.81649967114923, 94.95104338007458, 96.2742226480865, 100.71601630104433, 47.4702602647973, 74.43045696149686, 26.099634255580245, 65.61312233623688, 90.48417594839935], [10.873213800983207, 17.09037291405398, 21.73522742936729, 30.414763941025285, 89.53216018272708, 85.51196250882263, 81.99345755163662, 91.65852010805604, 76.15943229387872, 5.881020440821696, 29.895851539595206, 40.28186056906938, 89.80048532010846, 44.11102775432679, 72.52953228010237, 0.0, 75.56903239755796, 71.80352436679472, 79.90884403732267, 63.74346971312405, 74.62387237221799, 49.99793046738906, 82.45008135161115, 89.8949983490463, 79.57315621199287, 78.63262805295868, 82.41300006708427, 64.95686442638691, 46.148795978205094, 75.1577311519514, 48.16381030579871, 77.4258503089927, 66.6256043298692, 47.719836242453646, 118.09314204710331, 91.8349763723213, 53.80834447134956, 67.35802416897862, 43.28957333510139, 85.70663167368447, 91.28006207083072, 8.65057134324003, 61.733023940548726, 14.718535057978956, 77.51146038039366, 77.6374553105053, 56.41333198179924, 35.69430201628897, 3.6975373715755446, 84.78163284825743, 59.474778212173575, 12.557930532240913, 83.51043934474292, 70.9360467415335, 20.458300814750405, 66.79960759668609, 79.6744318212487, 39.170520868310376, 39.03038549821936, 52.20747269126422, 79.32042164318145, 24.356062784876087, 82.09263364481282, 86.65349754017348, 89.78182000026783, 52.747345271396334, 57.99769122311793, 57.50408488196892, 96.80564481488312, 84.92255400878985, 61.92084008270722, 71.41864591374615, 89.0657850498625, 73.21231608427038, 11.931119520260381, 52.22828101305305, 99.25392199140664, 90.64410851454119, 48.626319660032145, 44.79636506634983, 103.83671380761999, 114.79572678399389, 73.74739257969809, 54.329103449868285, 8.51953161313659, 70.5363138653253, 98.46050548266972, 62.567628976483874], [67.89760000902132, 80.32060081043092, 71.98709096480202, 50.0208729221772, 40.10394675703515, 49.93374395693309, 6.609518046738828, 16.53522513149191, 32.470427001371945, 71.1356237287703, 47.40978014637094, 44.48713964632125, 45.127611289855665, 47.47800734116819, 84.56424756919176, 75.56903239755796, 0.0, 13.845400820067047, 24.810068007719597, 35.10089436214086, 67.69447897436606, 39.46269574259173, 39.53897262066805, 16.049234242057505, 25.69589922145417, 46.162119769371536, 81.56205780368825, 41.61182057977399, 35.42990446014838, 6.963751907391886, 36.94259532602974, 5.751079557497829, 31.981765321199465, 49.33399013157452, 49.99307599750761, 61.05255006180025, 32.506807241729135, 24.118215912793616, 46.78069121580958, 63.07721700126025, 89.83490358446664, 70.7679989700219, 69.1387196046034, 78.17617857075378, 56.108203278732454, 31.356956686931152, 19.619859525577706, 42.2057893909752, 77.7790948123769, 57.763211041965654, 19.71027075491979, 71.44864030089724, 43.091255841337606, 48.558041722032875, 55.229808683002524, 76.26139135932749, 51.859103958114666, 39.12949760918802, 48.33439275481714, 42.75053458974814, 32.20328310395728, 60.59080706563599, 19.333047967686934, 27.98837180317802, 14.35354262584057, 44.363492498271235, 59.24641342697857, 57.603456444490945, 43.02160272806939, 9.756080165981883, 17.055829399466433, 73.49847769608206, 70.80319844632909, 44.35745634455922, 67.2258973412652, 78.49015584280833, 26.530670549164313, 33.62890418521817, 31.33082464243787, 46.585170263790296, 30.500086044508777, 44.549531164668544, 22.680841359250802, 38.23281869778067, 83.95376922052628, 60.34832571227761, 47.37205546372622, 21.349396963397037], [65.7532898562825, 73.7004778798188, 64.47579044589628, 50.6118299100511, 28.54907968252959, 36.66238968402115, 16.026444139573393, 27.050619489338732, 18.957723572366447, 66.73211784249368, 42.10172618664186, 35.751808511774136, 32.906016733607274, 52.16354198103204, 71.32535795788235, 71.80352436679472, 13.845400820067047, 0.0, 38.11583818615893, 44.70046151606426, 53.964226535504054, 45.28287517777314, 52.37806945658744, 19.582224567939736, 38.911357046501195, 58.0871508450573, 67.8068753775694, 51.35081001343146, 39.042077318769934, 20.300510486944525, 41.78843728565126, 9.937144577255618, 42.34014050231153, 38.13764499451601, 47.16123778887446, 47.7861095494267, 38.89548765875042, 34.71944802048907, 51.18087219265591, 49.351795499930596, 76.00844688772483, 65.75771701323514, 56.2124583529883, 71.868673297697, 42.26724573994521, 43.9827607797795, 17.071268542796368, 36.37063006263186, 73.45483379425683, 44.12241027228461, 25.940218273626304, 65.59324948067042, 29.99492983568192, 34.74953527166349, 52.39661975829308, 63.14197170056284, 63.57380429857717, 32.932824887707966, 39.22682713230079, 49.42235165910351, 19.223941533263716, 61.0637535890462, 33.10072357734267, 18.398812098822294, 21.93957782158244, 51.22217259793569, 46.472363270172515, 44.86371035339624, 33.04462215920766, 17.399424163985223, 24.078179897280112, 60.01630594751246, 57.04538437448797, 55.537358404978114, 61.99881590139847, 66.79138793625864, 27.689128155367673, 23.97866115315043, 34.91885258330087, 36.24231008698736, 32.343013036072044, 43.19534229250431, 35.01101084486803, 26.496184917685643, 79.80886078527041, 46.667841099716036, 36.88937855421122, 29.93075564826951], [70.11886567692876, 89.23845720139735, 82.93846066903541, 49.95281195548773, 64.78247363295347, 74.65651383909692, 27.101120172534277, 25.847817760792907, 57.04751955796038, 76.92471030374861, 57.384998406521454, 59.8112279296923, 69.90663863522904, 40.23010262713659, 105.73058258700365, 79.90884403732267, 24.810068007719597, 38.11583818615893, 0.0, 19.997700488668325, 90.56288335248372, 31.95925713711766, 15.029489374551328, 35.401852776507404, 1.10031217509347, 23.031420608230594, 104.4344840998092, 24.309211673393754, 33.78235570556566, 17.916915131923588, 32.320502061740264, 30.33958777285846, 15.927972078273731, 67.75092635263405, 68.55380462837675, 85.7858905630043, 26.449770132131473, 12.553523278124644, 40.25810414424823, 87.40642008117543, 113.12155236382866, 77.61379420114841, 89.82301217869959, 86.688818884049, 80.00114322930655, 7.8717988660192, 34.602637844134264, 53.819683101148016, 82.91681906494156, 82.23062801940931, 22.76620913546129, 79.66249748987961, 67.85648824473118, 71.98899943018188, 60.13021930669134, 97.25035301620665, 28.850531186591503, 51.81471120807198, 63.75599803301045, 32.448224820708, 56.970686281741024, 59.0570701976987, 7.149467987838892, 52.36115913936983, 30.31303804275711, 33.24744127672896, 79.87149640986428, 78.2131247317423, 67.13524981674345, 29.1425198204556, 21.437794964846365, 95.47276398021097, 95.04913632874673, 23.025046382120706, 74.73655226065027, 96.46071451069328, 44.493740439415966, 57.84103551815757, 31.444184543454956, 63.95618223696014, 46.78751295024078, 62.08666470840097, 6.226025968809291, 58.264067988411874, 88.36555841540482, 83.10802225461997, 71.62758571756117, 18.009619989120285], [53.29069119379551, 75.3868758040703, 70.76461420641142, 33.351538523684546, 73.24607411509774, 80.15057204265358, 40.19125694729292, 43.21279705161412, 62.61218366117294, 61.69679147377415, 46.53936776329143, 53.02866330499519, 77.50066231757523, 21.0877355236867, 102.34784752444345, 63.74346971312405, 35.10089436214086, 44.70046151606426, 19.997700488668325, 0.0, 90.3535353875857, 13.76572987447779, 18.750141761743418, 49.87129699219495, 19.171229137966844, 17.353710317271446, 103.77697345213807, 6.652499180841059, 19.26777920037902, 29.058446228106877, 16.01856730511077, 40.65797804139861, 4.093149536949407, 63.099794946157786, 84.23886551965461, 91.01950104492195, 11.525338798561021, 11.177084718096914, 21.40528078170485, 90.69076240032358, 113.04893683003091, 62.98206870458512, 86.38806843707673, 72.68051615891653, 82.32315763158445, 14.726705151067682, 33.144531364824026, 44.73561789420984, 67.06284361617035, 86.1829293378341, 19.535638384687598, 65.7861717218028, 73.95535566549039, 73.69392457254982, 45.475731622859236, 93.913387874632, 21.28618154822026, 43.915355459279596, 56.62303367743273, 12.826255977740892, 63.59660054776329, 41.03433597184149, 25.690770259490684, 62.23574788969407, 45.90764975265263, 13.370958835278897, 76.86230467654059, 75.28139334378099, 77.30168199741259, 43.07036869079863, 20.78803315381681, 93.60723904603923, 97.83449121548303, 12.696197558493772, 60.675991943720135, 89.64338209216783, 60.06876948915859, 67.95914871058525, 19.310200532766387, 58.61355357477723, 63.21668258187649, 78.25400645685984, 15.704037492808478, 56.296396050987575, 71.94212542419841, 83.01843016570884, 81.38894595320181, 14.784357624729257], [76.47328988586901, 64.05214430341083, 54.48099704948449, 75.28510838786144, 41.17114662839509, 27.43208805205699, 69.51687265714266, 79.74997329519559, 37.610143237685094, 68.93187996306327, 54.37105865557133, 41.825407050982534, 36.56011062128094, 86.31928201614284, 20.62292723368305, 74.62387237221799, 67.69447897436606, 53.964226535504054, 90.56288335248372, 90.3535353875857, 0.0, 83.75174289692565, 103.35431531493718, 69.0463465158692, 91.1719133571439, 106.82747550428844, 13.891874594284452, 96.29177455031869, 75.25873972119884, 73.60018252192803, 79.40123190778084, 63.704215578968075, 89.64705693228272, 30.552504234881585, 74.47602662782684, 24.62216126130299, 80.25207751237316, 83.52607399094741, 84.96062351303887, 15.790007164122176, 22.748945073102917, 65.97330624753013, 14.652072105277558, 64.27976272080664, 14.337583466813651, 94.96523982191687, 57.64101641803703, 51.578315120942534, 73.56633781713643, 19.29730266679084, 71.54817225209146, 62.4345883469315, 32.25824892760018, 19.37976637955217, 66.39444642591438, 15.48263353361088, 111.50604351690038, 50.21824401796269, 40.09917710560955, 88.57118963534703, 39.757934677289825, 81.62507648374354, 86.5437060942231, 50.22653198402774, 73.5732097580719, 90.35901703952683, 16.97422340468969, 17.893009981947177, 47.11408156314649, 70.04481866609936, 71.31415540744968, 8.698882522700712, 15.25339665027731, 102.90506503347491, 62.966179454801164, 30.913937871081227, 71.18111051949013, 48.93034807367585, 72.80752649921337, 35.19391056289535, 74.94528529587507, 75.69502815757609, 86.1553646856462, 34.0958578105637, 78.68898646850157, 7.462752392004857, 45.031927915565355, 77.0922480120546], [39.52506949980273, 62.058042063788974, 58.0573670593411, 19.649034894975273, 73.11251610008185, 77.64856679973947, 45.629496040848835, 51.38848592519869, 60.97819847223699, 48.094187996564685, 35.091386946730324, 43.73299310641846, 76.57308383967083, 8.54901888926084, 93.58578606764047, 49.99793046738906, 39.46269574259173, 45.28287517777314, 31.95925713711766, 13.76572987447779, 83.75174289692565, 0.0, 32.45338707902827, 55.414169671542936, 31.353165123275744, 29.494240512558783, 96.60978530384011, 15.785603457623257, 8.508060263448659, 35.09024704071046, 4.351067331656262, 44.22926409253073, 16.958972512027024, 54.63542577773401, 89.41006711397267, 87.99350511129455, 6.987851489716418, 20.099708572398523, 8.35226100769916, 86.35061287332648, 106.08514773695437, 49.513031684688734, 77.90740655282727, 59.322665298636096, 77.59321579230082, 28.114410232626863, 29.995973436453937, 34.489007760090495, 53.34307759136838, 82.42288930818533, 19.98429321206465, 52.5154042254928, 72.11755133582025, 68.87231477036033, 32.17911147045125, 85.32838606871859, 31.889966922248913, 34.51996247372881, 46.91963604419619, 4.827003228720284, 62.64275343602551, 27.42819603922795, 36.20904578280477, 63.6597711330291